Time[s]	Rotor azimuth angle[deg]	Hub wind speed magnitude[m/s]	ACTTORQUE1[Nm]	PITRAT1[deg/s]	PITFRIC1[kNm]	PITCH1[deg]	Blade root 1 Fx[KN]	Blade root 1 Fy[KN]	Blade root 1 Fz[KN]	Blade root 1 Mx[kNm]	Blade root 1 My[kNm]	Blade root 1 Mz[kNm]	
END_OF_HEADER
50.00	132.0	9.3	0.0	0.0	-54.3	-0.1	302.8	-254.5	832.0	7229.4	13851.6	-54.3	
50.05	134.6	9.2	0.0	0.0	-45.6	-0.1	296.6	-236.7	837.5	6783.4	13746.3	-45.6	
50.10	137.3	9.0	0.0	0.0	-51.3	-0.1	300.3	-223.7	846.7	6421.9	13777.8	-51.3	
50.15	139.9	8.8	0.0	0.0	-54.7	-0.1	308.4	-207.9	858.0	5982.9	13887.1	-54.7	
50.20	142.6	8.6	0.0	0.0	-48.3	-0.1	310.5	-189.7	864.8	5408.4	13956.6	-48.3	
50.25	145.2	8.4	0.0	0.0	-40.7	-0.1	305.5	-175.9	868.4	4967.3	13925.6	-40.7	
50.30	147.9	8.3	0.0	0.0	-34.4	-0.1	300.3	-169.0	873.8	4739.0	13811.0	-34.4	
50.35	150.5	8.4	0.0	0.0	-26.4	-0.1	296.4	-160.1	884.2	4523.5	13616.0	-26.4	
50.40	153.1	8.6	0.0	0.0	-16.7	-0.1	291.9	-143.6	893.9	4142.3	13401.4	-16.7	
50.45	155.8	8.6	0.0	0.0	-19.0	-0.1	290.2	-124.7	898.1	3679.0	13283.0	-19.0	
50.50	158.4	8.6	0.0	0.0	-26.6	-0.1	287.8	-110.9	901.1	3223.1	13142.6	-26.6	
50.55	161.1	8.8	0.0	0.0	-24.8	-0.1	283.7	-96.3	907.7	2736.6	12910.0	-24.8	
50.60	163.7	9.1	0.0	0.0	-14.0	-0.1	276.1	-74.8	915.7	2292.4	12591.8	-14.0	
50.65	166.4	9.2	0.0	0.0	-6.0	-0.1	265.5	-60.6	918.1	2034.3	12248.0	-6.0	
50.70	169.0	9.0	0.0	0.0	-4.6	-0.1	256.0	-60.9	917.6	1944.1	11935.3	-4.6	
50.75	171.7	8.8	0.0	0.0	-4.3	-0.1	251.6	-60.4	922.6	1865.7	11654.4	-4.3	
50.80	174.3	8.8	0.0	0.0	-1.2	-0.1	248.6	-51.7	929.5	1748.7	11397.9	-1.2	
50.85	177.0	8.9	0.0	0.0	-0.5	-0.1	247.9	-41.3	927.3	1621.7	11295.0	-0.5	
50.90	179.6	9.1	0.0	0.0	-8.2	-0.1	250.9	-24.1	921.2	1438.4	11326.1	-8.2	
50.95	182.2	8.7	0.0	0.0	-12.0	-0.1	253.4	-2.9	921.0	1053.1	11322.9	-12.0	
51.00	184.9	8.7	0.0	0.0	-7.3	-0.1	252.5	14.2	923.6	596.6	11248.2	-7.3	
51.05	187.5	9.1	0.0	0.0	-0.0	-0.1	247.5	27.2	921.1	259.5	11161.0	-0.0	
51.10	190.2	9.1	0.0	0.0	12.1	-0.1	240.0	40.4	914.6	-6.8	11086.2	12.1	
51.15	192.8	9.2	0.0	0.0	25.7	-0.1	236.2	54.1	912.8	-250.3	11064.2	25.7	
51.20	195.4	9.2	0.0	0.0	25.0	-0.1	243.3	58.9	914.3	-413.7	11232.2	25.0	
51.25	198.1	9.3	0.0	0.0	9.3	-0.1	257.2	56.1	911.0	-524.3	11605.2	9.3	
51.30	200.7	9.4	0.0	0.0	4.3	-0.1	266.9	63.6	900.9	-789.2	11972.9	4.3	
51.35	203.3	9.5	0.0	0.0	14.9	-0.1	267.7	85.8	890.8	-1307.8	12156.7	14.9	
51.40	206.0	9.2	0.0	0.0	24.7	-0.1	265.7	110.9	884.4	-1889.8	12214.5	24.7	
51.45	208.6	9.0	0.0	0.0	23.5	-0.1	265.9	129.6	880.1	-2374.3	12275.5	23.5	
51.50	211.2	8.9	0.0	0.0	25.5	-0.1	265.7	145.6	874.7	-2872.9	12313.2	25.5	
51.55	213.9	8.6	0.0	0.0	41.0	-0.1	263.9	161.5	869.2	-3363.6	12323.8	41.0	
51.60	216.5	8.6	0.0	0.0	48.5	-0.1	269.0	173.9	863.9	-3616.5	12502.0	48.5	
51.65	219.1	8.8	0.0	0.0	36.0	-0.1	283.1	178.5	858.0	-3657.7	12906.3	36.0	
51.70	221.8	9.0	0.0	0.0	22.4	-0.1	297.9	181.3	850.9	-3777.1	13343.1	22.4	
51.75	224.4	9.2	0.0	0.0	22.6	-0.1	306.7	191.7	842.1	-4122.8	13636.7	22.6	
51.80	227.1	9.5	0.0	0.0	31.6	-0.1	310.1	204.2	832.0	-4510.9	13767.9	31.6	
51.85	229.7	9.8	0.0	0.0	36.7	-0.1	310.9	214.0	822.4	-4779.7	13785.1	36.7	
51.90	232.3	9.8	0.0	0.0	41.3	-0.1	310.3	227.6	815.3	-5036.9	13717.3	41.3	
51.95	235.0	9.7	0.0	0.0	50.1	-0.1	307.6	241.6	809.1	-5368.4	13593.2	50.1	
52.00	237.6	9.5	0.0	0.0	55.6	-0.1	302.1	246.5	800.3	-5572.7	13450.7	55.6	
52.05	240.3	9.3	0.0	0.0	52.1	-0.1	295.9	243.4	788.7	-5452.1	13295.7	52.1	
52.10	242.9	9.1	0.0	0.0	52.1	-0.1	286.1	237.9	777.0	-5193.8	12997.0	52.1	
52.15	245.6	8.8	0.0	0.0	60.3	-0.1	275.6	237.4	766.1	-5066.6	12623.1	60.3	
52.20	248.2	8.8	0.0	0.0	67.7	-0.1	269.3	241.4	753.5	-5038.5	12393.7	67.7	
52.25	250.8	8.9	0.0	0.0	61.8	-0.1	269.3	244.0	737.8	-5026.8	12399.7	61.8	
52.30	253.5	9.0	0.0	0.0	54.5	-0.1	273.4	248.6	722.9	-5068.5	12490.7	54.5	
52.35	256.1	8.8	0.0	0.0	52.8	-0.1	277.7	258.4	712.5	-5164.0	12508.4	52.8	
52.40	258.7	8.9	0.0	0.0	54.2	-0.1	280.6	264.9	702.9	-5238.1	12498.3	54.2	
52.45	261.4	9.0	0.0	0.0	52.2	-0.1	281.2	263.6	688.9	-5221.7	12568.1	52.2	
52.50	264.0	9.2	0.0	0.0	44.4	-0.1	282.5	257.5	672.1	-5085.9	12688.7	44.4	
52.55	266.7	9.1	0.0	0.0	38.6	-0.1	286.2	247.6	658.8	-4941.8	12724.9	38.6	
52.60	269.3	9.0	0.0	0.0	40.9	-0.1	288.0	241.5	648.0	-4886.4	12636.3	40.9	
52.65	271.9	9.1	0.0	0.0	43.5	-0.1	284.4	243.9	633.0	-4900.9	12560.0	43.5	
52.70	274.6	9.0	0.0	0.0	50.5	-0.1	273.2	244.2	612.6	-5019.7	12524.9	50.5	
52.75	277.2	9.1	0.0	0.0	61.1	-0.1	262.5	246.7	593.6	-5269.5	12497.9	61.1	
52.80	279.8	9.2	0.0	0.0	69.8	-0.1	262.3	258.6	582.2	-5568.7	12521.8	69.8	
52.85	282.5	9.2	0.0	0.0	66.2	-0.1	272.7	269.7	572.7	-5794.0	12694.6	66.2	
52.90	285.1	9.1	0.0	0.0	54.6	-0.1	285.0	268.7	559.9	-5841.3	12960.4	54.6	
52.95	287.7	9.0	0.0	0.0	45.4	-0.1	294.5	266.4	547.9	-5823.6	13185.3	45.4	
53.00	290.4	8.9	0.0	0.0	49.4	-0.1	295.3	264.8	538.8	-5895.2	13207.7	49.4	
53.05	293.0	8.9	0.0	0.0	56.2	-0.1	287.8	260.5	528.9	-5897.7	13061.4	56.2	
53.10	295.6	8.9	0.0	0.0	57.9	-0.1	278.7	254.9	516.8	-5742.8	12901.6	57.9	
53.15	298.3	8.7	0.0	0.0	64.6	-0.1	268.9	246.5	506.7	-5648.4	12737.3	64.6	
53.20	300.9	8.6	0.0	0.0	73.9	-0.1	267.1	243.5	500.1	-5639.7	12731.3	73.9	
53.25	303.6	8.6	0.0	0.0	72.4	-0.1	273.3	242.0	491.2	-5547.7	12955.1	72.4	
53.30	306.2	8.7	0.0	0.0	66.7	-0.1	279.0	229.6	478.9	-5381.0	13214.8	66.7	
53.35	308.9	8.5	0.0	0.0	63.3	-0.1	284.4	216.4	471.3	-5112.1	13352.2	63.3	
53.40	311.5	8.4	0.0	0.0	63.3	-0.1	288.9	207.5	469.4	-4709.9	13371.8	63.3	
53.45	314.2	8.4	0.0	0.0	64.1	-0.1	288.4	192.1	463.4	-4267.6	13376.8	64.1	
53.50	316.8	8.6	0.0	0.0	62.4	-0.1	287.8	173.4	450.2	-3786.4	13476.6	62.4	
53.55	319.4	8.7	0.0	0.0	55.0	-0.1	290.7	163.4	438.1	-3336.9	13605.1	55.0	
53.60	322.1	8.7	0.0	0.0	50.7	-0.1	294.2	151.9	431.8	-2953.5	13636.8	50.7	
53.65	324.7	8.7	0.0	0.0	46.9	-0.1	295.4	139.6	425.7	-2527.6	13599.5	46.9	
53.70	327.3	8.9	0.0	0.0	43.3	-0.1	291.5	129.7	416.2	-2116.0	13513.1	43.3	
53.75	329.9	9.2	0.0	0.0	46.6	-0.1	285.0	117.3	407.1	-1806.5	13378.1	46.6	
53.80	332.6	9.3	0.0	0.0	42.7	-0.1	285.8	104.4	403.1	-1457.4	13351.9	42.7	
53.85	335.2	9.4	0.0	0.0	34.2	-0.1	294.1	83.8	399.1	-993.3	13539.2	34.2	
53.90	337.9	9.4	0.0	0.0	29.5	-0.1	300.0	61.8	390.9	-582.9	13816.3	29.5	
53.95	340.5	9.6	0.0	0.0	29.9	-0.1	303.8	51.3	380.5	-306.6	14124.0	29.9	
54.00	343.1	9.6	0.0	0.0	30.8	-0.1	307.1	45.2	371.9	-91.1	14392.5	30.8	
54.05	345.8	9.5	0.0	0.0	30.4	-0.1	306.3	27.8	366.3	120.2	14487.8	30.4	
54.10	348.4	9.4	0.0	0.0	29.3	-0.1	302.1	13.3	364.1	308.7	14401.7	29.3	
54.15	351.1	9.4	0.0	0.0	32.5	-0.1	295.4	14.3	363.4	373.0	14232.4	32.5	
54.20	353.7	9.4	0.0	0.0	38.2	-0.1	288.6	17.1	360.5	364.9	14093.5	38.2	
54.25	356.3	9.4	0.0	0.0	33.2	-0.1	289.9	9.0	358.1	495.3	14097.1	33.2	
54.30	359.0	9.3	0.0	0.0	21.1	-0.1	297.3	-8.8	361.4	806.3	14138.8	21.1	
54.35	1.6	9.1	0.0	0.0	18.5	-0.1	297.2	-27.9	365.3	1078.4	13997.6	18.5	
54.40	4.3	9.0	0.0	0.0	26.9	-0.1	280.8	-37.4	365.1	1251.9	13567.8	26.9	
54.45	6.9	8.8	0.0	0.0	35.5	-0.1	262.6	-40.6	363.1	1460.6	13127.1	35.5	
54.50	9.6	8.7	0.0	0.0	32.3	-0.1	254.5	-54.2	365.3	1698.7	12869.6	32.3	
54.55	12.2	8.9	0.0	0.0	22.0	-0.1	262.1	-68.5	373.7	1880.3	12912.6	22.0	
54.60	14.9	9.1	0.0	0.0	7.1	-0.1	278.3	-76.0	381.4	2043.8	13207.2	7.1	
54.65	17.5	9.1	0.0	0.0	-1.2	-0.1	287.3	-86.6	383.5	2284.6	13485.7	-1.2	
54.70	20.2	9.0	0.0	0.0	-7.4	-0.1	293.1	-99.9	387.0	2727.0	13699.8	-7.4	
54.75	22.8	8.8	0.0	0.0	-10.5	-0.1	300.3	-116.7	396.7	3299.8	13872.1	-10.5	
54.80	25.4	8.8	0.0	0.0	-10.9	-0.1	305.9	-140.3	406.2	3813.5	14057.4	-10.9	
54.85	28.1	9.1	0.0	0.0	-18.0	-0.1	311.6	-158.0	409.5	4287.0	14378.7	-18.0	
54.90	30.7	9.2	0.0	0.0	-29.7	-0.1	316.6	-168.1	411.8	4725.3	14749.8	-29.7	
54.95	33.4	9.2	0.0	0.0	-33.2	-0.1	320.4	-177.9	419.2	5067.1	15009.0	-33.2	
55.00	36.0	9.2	0.0	0.0	-32.5	-0.1	327.2	-190.0	431.6	5424.7	15176.4	-32.5	
55.05	38.6	9.1	0.0	0.0	-38.3	-0.1	335.3	-205.3	441.4	5770.4	15343.5	-38.3	
55.10	41.3	9.1	0.0	0.0	-45.4	-0.1	338.8	-222.8	447.4	6060.2	15481.4	-45.4	
55.15	43.9	9.0	0.0	0.0	-52.0	-0.1	340.4	-235.8	455.6	6377.5	15553.9	-52.0	
55.20	46.6	9.2	0.0	0.0	-54.4	-0.1	340.1	-245.0	466.5	6729.1	15522.4	-54.4	
55.25	49.3	9.3	0.0	0.0	-51.5	-0.1	336.0	-259.4	475.8	7096.9	15410.8	-51.5	
55.30	51.9	9.3	0.0	0.0	-52.5	-0.1	328.2	-275.7	481.9	7434.6	15294.4	-52.5	
55.35	54.6	9.4	0.0	0.0	-52.0	-0.1	317.3	-284.2	487.3	7611.3	15160.0	-52.0	
55.40	57.2	9.4	0.0	0.0	-46.7	-0.1	307.4	-281.9	495.0	7610.6	14995.4	-46.7	
55.45	59.9	9.3	0.0	0.0	-38.5	-0.1	304.4	-275.4	506.1	7589.1	14870.3	-38.5	
55.50	62.5	9.5	0.0	0.0	-43.6	-0.1	312.4	-274.2	519.3	7652.0	14913.3	-43.6	
55.55	65.2	9.5	0.0	0.0	-52.3	-0.1	325.7	-280.5	533.1	7751.5	15092.6	-52.3	
55.60	67.9	9.5	0.0	0.0	-58.2	-0.1	335.1	-286.9	545.2	7770.5	15293.9	-58.2	
55.65	70.5	9.4	0.0	0.0	-58.6	-0.1	336.8	-290.5	555.7	7785.4	15416.0	-58.6	
55.70	73.2	9.6	0.0	0.0	-57.5	-0.1	335.1	-296.9	567.2	7960.1	15417.0	-57.5	
55.75	75.8	9.7	0.0	0.0	-57.2	-0.1	332.7	-304.9	581.0	8133.7	15335.7	-57.2	
55.80	78.5	9.6	0.0	0.0	-54.5	-0.1	331.9	-307.6	594.4	8116.3	15285.1	-54.5	
55.85	81.2	9.4	0.0	0.0	-59.8	-0.1	335.0	-306.9	605.2	7974.2	15363.5	-59.8	
55.90	83.8	9.2	0.0	0.0	-69.1	-0.1	339.9	-304.9	617.8	7864.3	15446.5	-69.1	
55.95	86.5	9.2	0.0	0.0	-69.2	-0.1	342.7	-302.0	635.4	7784.3	15362.6	-69.2	
56.00	89.1	9.4	0.0	0.0	-64.1	-0.1	342.7	-297.7	654.2	7695.2	15190.8	-64.1	
56.05	91.8	9.6	0.0	0.0	-60.2	-0.1	338.0	-296.6	670.4	7708.1	15021.6	-60.2	
56.10	94.5	9.9	0.0	0.0	-60.7	-0.1	328.7	-300.1	681.9	7770.0	14860.2	-60.7	
56.15	97.1	10.1	0.0	0.0	-53.4	-0.1	316.6	-301.6	693.0	7815.8	14610.3	-53.4	
56.20	99.8	10.1	0.0	0.0	-48.2	-0.1	307.1	-301.5	708.1	7899.3	14266.3	-48.2	
56.25	102.4	10.1	0.0	0.0	-52.0	-0.1	299.7	-303.3	723.7	8006.8	13894.3	-52.0	
56.30	105.1	10.1	0.0	0.0	-58.9	-0.1	294.7	-299.6	737.0	8018.6	13595.2	-58.9	
56.35	107.8	10.2	0.0	0.0	-58.6	-0.1	290.4	-290.2	749.7	7794.0	13337.7	-58.6	
56.40	110.5	10.2	0.0	0.0	-53.6	-0.1	287.4	-282.0	763.9	7494.0	13118.7	-53.6	
56.45	113.1	9.9	0.0	0.0	-55.0	-0.1	286.6	-274.2	778.9	7338.2	12967.8	-55.0	
56.50	115.8	9.6	0.0	0.0	-57.2	-0.1	285.1	-272.2	789.8	7290.8	12881.5	-57.2	
56.55	118.5	9.3	0.0	0.0	-49.4	-0.1	280.8	-273.0	797.4	7229.0	12806.3	-49.4	
56.60	121.2	9.4	0.0	0.0	-44.7	-0.1	276.5	-269.4	808.0	7149.5	12711.5	-44.7	
56.65	123.9	9.5	0.0	0.0	-44.2	-0.1	274.2	-268.5	818.1	7089.2	12670.1	-44.2	
56.70	126.6	9.6	0.0	0.0	-45.6	-0.1	275.2	-265.1	823.8	7014.0	12743.0	-45.6	
56.75	129.2	9.6	0.0	0.0	-48.6	-0.1	281.3	-250.6	831.0	6793.6	12912.7	-48.6	
56.80	131.9	9.6	0.0	0.0	-48.7	-0.1	290.2	-231.9	842.7	6388.1	13061.0	-48.7	
56.85	134.6	9.6	0.0	0.0	-50.2	-0.1	297.2	-215.1	855.7	5942.7	13166.5	-50.2	
56.90	137.3	9.7	0.0	0.0	-48.4	-0.1	298.8	-198.5	864.6	5488.3	13258.5	-48.4	
56.95	139.9	9.8	0.0	0.0	-37.5	-0.1	291.9	-181.3	872.2	5026.0	13236.4	-37.5	
57.00	142.6	9.8	0.0	0.0	-25.4	-0.1	283.7	-170.5	883.2	4704.5	13125.8	-25.4	
57.05	145.3	9.9	0.0	0.0	-18.2	-0.1	278.9	-167.9	894.9	4558.2	13069.3	-18.2	
57.10	148.0	10.0	0.0	0.0	-15.6	-0.1	278.3	-167.2	900.9	4422.6	13158.9	-15.6	
57.15	150.7	9.9	0.0	0.0	-15.5	-0.1	283.5	-160.5	905.0	4200.7	13377.0	-15.5	
57.20	153.4	9.5	0.0	0.0	-18.9	-0.1	296.3	-145.8	913.7	3900.0	13681.5	-18.9	
57.25	156.1	9.3	0.0	0.0	-21.1	-0.1	309.9	-128.4	923.1	3521.5	13977.7	-21.1	
57.30	158.7	9.2	0.0	0.0	-21.7	-0.1	319.7	-108.0	929.7	3067.9	14226.5	-21.7	
57.35	161.4	9.3	0.0	0.0	-17.4	-0.1	324.9	-85.6	934.4	2559.0	14384.8	-17.4	
57.40	164.1	9.1	0.0	0.0	-13.6	-0.1	326.5	-69.8	942.9	2181.6	14377.9	-13.6	
57.45	166.8	9.0	0.0	0.0	-11.4	-0.1	322.3	-59.5	950.6	1993.5	14212.1	-11.4	
57.50	169.5	9.1	0.0	0.0	-3.1	-0.1	311.9	-49.6	953.0	1878.3	13958.0	-3.1	
57.55	172.2	9.1	0.0	0.0	4.8	-0.1	301.5	-39.3	952.9	1758.0	13702.8	4.8	
57.60	174.9	8.9	0.0	0.0	4.0	-0.1	296.2	-36.1	954.2	1684.2	13488.2	4.0	
57.65	177.6	8.7	0.0	0.0	1.3	-0.1	294.6	-32.9	956.4	1570.8	13325.2	1.3	
57.70	180.3	8.8	0.0	0.0	8.4	-0.1	290.9	-21.5	957.4	1235.2	13171.9	8.4	
57.75	183.0	8.9	0.0	0.0	18.0	-0.1	289.1	0.8	956.3	721.8	13127.3	18.0	
57.80	185.8	8.9	0.0	0.0	19.5	-0.1	293.9	26.2	954.9	179.0	13270.7	19.5	
57.85	188.5	8.7	0.0	0.0	16.0	-0.1	302.5	39.5	954.5	-279.0	13505.5	16.0	
57.90	191.2	8.6	0.0	0.0	20.0	-0.1	311.7	45.9	953.7	-581.8	13738.1	20.0	
57.95	193.9	8.5	0.0	0.0	27.2	-0.1	319.3	54.1	951.6	-736.3	13939.5	27.2	
58.00	196.6	8.5	0.0	0.0	34.1	-0.1	318.9	59.0	948.3	-789.0	14007.2	34.1	
58.05	199.3	8.3	0.0	0.0	37.8	-0.1	313.5	67.5	944.0	-806.0	14001.5	37.8	
58.10	202.0	8.1	0.0	0.0	48.5	-0.1	308.1	77.9	939.1	-966.5	14000.1	48.5	
58.15	204.8	8.0	0.0	0.0	61.6	-0.1	306.4	92.1	933.9	-1359.7	14096.0	61.6	
58.20	207.5	8.1	0.0	0.0	59.5	-0.1	312.1	117.4	928.2	-1867.0	14376.1	59.5	
58.25	210.2	8.2	0.0	0.0	55.8	-0.1	320.0	139.5	921.3	-2423.3	14712.1	55.8	
58.30	212.9	8.1	0.0	0.0	58.5	-0.1	327.8	155.1	914.5	-2911.9	14978.8	58.5	
58.35	215.6	8.3	0.0	0.0	58.9	-0.1	338.3	170.0	910.6	-3190.7	15184.2	58.9	
58.40	218.3	8.5	0.0	0.0	59.9	-0.1	344.2	172.2	905.9	-3286.4	15265.8	59.9	
58.45	221.0	9.0	0.0	0.0	59.8	-0.1	344.4	167.6	897.4	-3289.8	15265.1	59.8	
58.50	223.8	8.7	0.0	0.0	61.1	-0.1	340.0	168.5	886.4	-3294.0	15174.9	61.1	
58.55	226.5	8.6	0.0	0.0	72.2	-0.1	328.7	176.6	875.4	-3464.9	14941.1	72.2	
58.60	229.2	8.5	0.0	0.0	86.4	-0.1	315.2	195.1	863.7	-3863.5	14708.6	86.4	
58.65	231.9	8.4	0.0	0.0	96.5	-0.1	306.7	217.2	851.6	-4366.1	14614.2	96.5	
58.70	234.7	8.3	0.0	0.0	100.5	-0.1	307.2	235.4	841.1	-4863.1	14659.7	100.5	
58.75	237.4	8.3	0.0	0.0	100.3	-0.1	314.3	251.1	834.7	-5207.9	14755.5	100.3	
58.80	240.1	8.6	0.0	0.0	95.9	-0.1	323.7	258.0	830.9	-5286.6	14858.9	95.9	
58.85	242.9	8.5	0.0	0.0	92.0	-0.1	330.8	257.0	824.1	-5163.6	14966.4	92.0	
58.90	245.6	8.4	0.0	0.0	91.8	-0.1	332.1	250.1	814.0	-5022.3	15047.9	91.8	
58.95	248.4	8.3	0.0	0.0	93.8	-0.1	330.5	241.6	802.4	-4958.2	15119.7	93.8	
59.00	251.2	8.5	0.0	0.0	92.6	-0.1	330.1	240.1	790.4	-4986.4	15193.5	92.6	
59.05	253.9	8.7	0.0	0.0	95.3	-0.1	330.1	249.7	778.0	-5204.0	15251.9	95.3	
59.10	256.7	8.8	0.0	0.0	103.7	-0.1	328.0	260.7	766.5	-5506.3	15250.6	103.7	
59.15	259.4	9.0	0.0	0.0	107.0	-0.1	329.1	269.6	754.9	-5759.6	15319.8	107.0	
59.20	262.2	9.0	0.0	0.0	101.7	-0.1	335.1	276.6	742.4	-5901.3	15494.2	101.7	
59.25	264.9	8.6	0.0	0.0	94.2	-0.1	343.2	276.4	730.8	-5900.0	15666.8	94.2	
59.30	267.7	8.9	0.0	0.0	88.3	-0.1	347.9	270.4	720.2	-5755.4	15702.9	88.3	
59.35	270.4	9.0	0.0	0.0	88.9	-0.1	345.2	261.4	707.9	-5550.2	15590.7	88.9	
59.40	273.2	8.9	0.0	0.0	96.7	-0.1	334.2	256.9	693.3	-5400.0	15357.2	96.7	
59.45	275.9	8.6	0.0	0.0	102.8	-0.1	323.9	259.7	676.5	-5442.5	15183.2	102.8	
59.50	278.7	8.3	0.0	0.0	103.7	-0.1	320.5	265.5	660.9	-5590.1	15103.5	103.7	
59.55	281.4	8.2	0.0	0.0	95.9	-0.1	323.1	268.9	647.4	-5685.6	15065.9	95.9	
59.60	284.2	8.2	0.0	0.0	87.5	-0.1	324.1	271.0	634.1	-5751.6	14990.9	87.5	
59.65	287.0	8.2	0.0	0.0	89.4	-0.1	318.6	271.2	620.7	-5809.1	14834.1	89.4	
59.70	289.7	8.3	0.0	0.0	94.3	-0.1	309.2	266.1	608.8	-5739.3	14614.5	94.3	
59.75	292.5	8.2	0.0	0.0	93.2	-0.1	301.9	251.8	598.8	-5521.3	14377.5	93.2	
59.80	295.3	8.2	0.0	0.0	85.7	-0.1	300.7	238.8	589.8	-5263.3	14208.5	85.7	
59.85	298.1	8.3	0.0	0.0	74.4	-0.1	304.4	232.4	579.8	-5089.0	14156.8	74.4	
59.90	300.8	8.8	0.0	0.0	64.7	-0.1	307.2	228.0	566.8	-5031.3	14164.6	64.7	
59.95	303.6	8.9	0.0	0.0	56.7	-0.1	307.1	228.1	553.9	-4985.0	14133.2	56.7	
60.00	306.4	9.0	0.0	0.0	55.6	-0.1	299.7	228.3	543.2	-4950.3	13918.7	55.6	
60.05	309.2	9.1	0.0	0.0	68.5	-0.1	281.9	223.2	534.3	-4920.7	13442.7	68.5	
60.10	312.0	9.1	0.0	0.0	78.0	-0.1	265.7	220.4	527.0	-4804.9	12941.9	78.0	
60.15	314.8	9.2	0.0	0.0	75.8	-0.1	259.5	215.9	523.5	-4565.2	12608.6	75.8	
60.20	317.6	9.4	0.0	0.0	67.2	-0.1	260.3	198.3	521.2	-4244.4	12465.1	67.2	
60.25	320.4	9.4	0.0	0.0	56.6	-0.1	266.4	178.9	513.5	-3904.4	12551.5	56.6	
60.30	323.2	9.4	0.0	0.0	49.2	-0.1	272.3	165.5	502.7	-3623.1	12718.6	49.2	
60.35	326.0	9.4	0.0	0.0	48.6	-0.1	272.8	156.4	494.1	-3432.2	12770.6	48.6	
60.40	328.8	9.4	0.0	0.0	45.8	-0.1	272.8	147.1	487.1	-3245.3	12783.2	45.8	
60.45	331.6	9.3	0.0	0.0	39.7	-0.1	275.8	133.5	481.2	-2936.5	12843.3	39.7	
60.50	334.4	9.2	0.0	0.0	31.9	-0.1	283.1	118.5	477.1	-2579.3	12981.5	31.9	
60.55	337.2	9.5	0.0	0.0	27.1	-0.1	289.8	109.7	474.0	-2322.5	13156.7	27.1	
60.60	340.0	9.7	0.0	0.0	26.7	-0.1	292.6	102.1	468.9	-2094.9	13333.4	26.7	
60.65	342.8	10.0	0.0	0.0	27.0	-0.1	293.8	86.0	461.8	-1770.4	13516.2	27.0	
60.70	345.6	9.6	0.0	0.0	24.0	-0.1	295.5	65.7	459.4	-1332.2	13615.4	24.0	
60.75	348.3	9.3	0.0	0.0	20.5	-0.1	294.4	48.2	462.6	-895.5	13555.5	20.5	
60.80	351.1	9.1	0.0	0.0	24.4	-0.1	288.7	36.5	462.3	-563.8	13481.8	24.4	
60.85	354.0	9.0	0.0	0.0	28.1	-0.1	285.0	25.1	456.9	-251.4	13576.5	28.1	
60.90	356.8	8.9	0.0	0.0	29.0	-0.1	288.9	7.5	454.4	96.9	13824.3	29.0	
60.95	359.6	8.7	0.0	0.0	22.8	-0.1	299.4	-9.8	458.6	451.9	14130.2	22.8	
61.00	2.4	8.5	0.0	0.0	14.2	-0.1	309.2	-20.0	461.1	757.3	14430.5	14.2	
61.05	5.2	8.5	0.0	0.0	11.1	-0.1	310.6	-30.4	460.0	1074.5	14599.0	11.1	
61.10	8.1	8.5	0.0	0.0	12.7	-0.1	307.8	-46.9	462.9	1468.6	14614.7	12.7	
61.15	10.9	8.2	0.0	0.0	17.8	-0.1	307.5	-63.8	472.3	1899.9	14592.3	17.8	
61.20	13.7	8.2	0.0	0.0	24.3	-0.1	308.8	-81.1	479.5	2307.6	14648.8	24.3	
61.25	16.6	8.2	0.0	0.0	21.1	-0.1	312.9	-98.4	479.1	2715.7	14903.6	21.1	
61.30	19.4	8.2	0.0	0.0	3.0	-0.1	325.1	-110.5	479.0	3129.7	15359.1	3.0	
61.35	22.2	8.2	0.0	0.0	-16.5	-0.1	340.4	-120.5	486.8	3532.5	15764.3	-16.5	
61.40	25.1	8.3	0.0	0.0	-22.9	-0.1	349.2	-134.5	496.0	3888.6	15960.5	-22.9	
61.45	27.9	8.2	0.0	0.0	-19.3	-0.1	348.4	-147.3	501.0	4183.1	15980.7	-19.3	
61.50	30.8	8.2	0.0	0.0	-16.7	-0.1	341.3	-158.2	507.9	4477.2	15878.9	-16.7	
61.55	33.6	8.3	0.0	0.0	-20.2	-0.1	336.4	-166.3	520.2	4762.9	15789.0	-20.2	
61.60	36.4	8.4	0.0	0.0	-23.5	-0.1	339.2	-178.1	532.2	5028.5	15846.2	-23.5	
61.65	39.3	8.4	0.0	0.0	-28.1	-0.1	347.7	-195.8	540.1	5365.0	16068.9	-28.1	
61.70	42.1	8.3	0.0	0.0	-36.6	-0.1	355.2	-213.9	547.2	5715.7	16327.6	-36.6	
61.75	45.0	7.9	0.0	0.0	-42.0	-0.1	358.0	-225.0	557.5	5974.8	16476.3	-42.0	
61.80	47.8	7.9	0.0	0.0	-42.1	-0.1	356.6	-229.7	570.4	6155.9	16507.1	-42.1	
61.85	50.7	7.9	0.0	0.0	-40.4	-0.1	354.6	-238.6	581.6	6313.8	16538.8	-40.4	
61.90	53.5	7.8	0.0	0.0	-42.6	-0.1	354.6	-249.1	595.9	6484.3	16553.8	-42.6	
61.95	56.4	7.9	0.0	0.0	-46.5	-0.1	356.4	-255.3	613.8	6615.0	16556.9	-46.5	
62.00	59.3	8.0	0.0	0.0	-49.8	-0.1	358.5	-261.5	628.8	6721.5	16609.0	-49.8	
62.05	62.1	8.2	0.0	0.0	-52.8	-0.1	358.3	-266.7	640.8	6888.9	16649.3	-52.8	
62.10	65.0	8.7	0.0	0.0	-54.1	-0.1	356.1	-274.0	652.7	7101.8	16628.3	-54.1	
62.15	67.9	8.9	0.0	0.0	-51.3	-0.1	351.5	-285.1	666.5	7355.3	16505.2	-51.3	
62.20	70.8	9.0	0.0	0.0	-52.0	-0.1	350.1	-293.9	679.9	7582.9	16423.4	-52.0	
62.25	73.6	9.3	0.0	0.0	-56.1	-0.1	350.1	-297.4	693.0	7744.0	16414.4	-56.1	
62.30	76.5	9.3	0.0	0.0	-64.1	-0.1	352.7	-298.6	708.3	7852.5	16481.2	-64.1	
62.35	79.4	9.2	0.0	0.0	-70.9	-0.1	358.9	-299.0	723.8	7911.6	16574.0	-70.9	
62.40	82.3	9.0	0.0	0.0	-77.8	-0.1	365.8	-301.8	738.9	7985.5	16619.2	-77.8	
62.45	85.2	8.8	0.0	0.0	-83.0	-0.1	369.2	-305.9	753.1	8078.5	16601.4	-83.0	
62.50	88.1	8.8	0.0	0.0	-82.1	-0.1	368.6	-307.6	764.9	8123.9	16569.0	-82.1	
62.55	91.0	8.7	0.0	0.0	-82.1	-0.1	367.9	-306.8	776.2	8165.5	16568.1	-82.1	
62.60	93.9	8.9	0.0	0.0	-78.1	-0.1	366.0	-310.5	788.5	8244.5	16521.0	-78.1	
62.65	96.8	9.0	0.0	0.0	-75.1	-0.1	363.0	-315.8	803.2	8325.7	16355.3	-75.1	
62.70	99.7	8.7	0.0	0.0	-73.3	-0.1	359.8	-313.0	820.7	8334.4	16139.5	-73.3	
62.75	102.6	8.9	0.0	0.0	-74.2	-0.1	356.9	-304.7	837.9	8220.6	15992.6	-74.2	
62.80	105.5	9.0	0.0	0.0	-68.3	-0.1	349.8	-297.5	852.3	8016.5	15824.9	-68.3	
62.85	108.4	8.9	0.0	0.0	-62.3	-0.1	342.1	-291.7	867.3	7870.0	15615.6	-62.3	
62.90	111.2	8.9	0.0	0.0	-58.2	-0.1	334.4	-284.2	882.7	7707.5	15385.0	-58.2	
62.95	114.1	8.9	0.0	0.0	-54.0	-0.1	329.6	-273.7	895.6	7466.5	15262.9	-54.0	
63.00	117.0	8.8	0.0	0.0	-54.9	-0.1	332.3	-263.9	909.4	7270.4	15314.2	-54.9	
63.05	120.0	8.8	0.0	0.0	-52.1	-0.1	336.6	-261.9	926.0	7081.5	15367.8	-52.1	
63.10	122.9	8.8	0.0	0.0	-48.1	-0.1	341.5	-258.2	941.7	6874.8	15448.8	-48.1	
63.15	125.8	8.8	0.0	0.0	-45.4	-0.1	342.0	-245.6	954.5	6632.3	15508.8	-45.4	
63.20	128.7	8.6	0.0	0.0	-33.8	-0.1	336.0	-234.2	963.2	6262.0	15504.3	-33.8	
63.25	131.6	8.5	0.0	0.0	-26.4	-0.1	338.0	-226.1	973.7	5963.6	15562.1	-26.4	
63.30	134.6	8.4	0.0	0.0	-32.5	-0.1	352.3	-213.2	987.7	5704.9	15766.5	-32.5	
63.35	137.5	8.4	0.0	0.0	-29.0	-0.1	360.2	-198.1	999.3	5274.6	15943.7	-29.0	
63.40	140.4	8.5	0.0	0.0	-18.8	-0.1	361.4	-184.2	1006.1	4836.1	16131.2	-18.8	
63.45	143.4	8.7	0.0	0.0	-17.0	-0.1	363.1	-174.2	1014.6	4620.0	16283.3	-17.0	
63.50	146.3	8.8	0.0	0.0	-13.6	-0.1	362.6	-167.9	1028.0	4518.2	16272.4	-13.6	
63.55	149.3	8.8	0.0	0.0	-8.3	-0.1	360.1	-157.8	1040.2	4344.3	16204.4	-8.3	
63.60	152.2	8.8	0.0	0.0	-5.4	-0.1	359.1	-145.7	1045.8	4099.8	16249.6	-5.4	
63.65	155.1	8.9	0.0	0.0	-7.1	-0.1	363.3	-136.1	1050.6	3871.7	16408.7	-7.1	
63.70	158.1	9.1	0.0	0.0	-8.9	-0.1	367.7	-123.5	1060.1	3635.7	16533.8	-8.9	
63.75	161.0	9.1	0.0	0.0	-1.1	-0.1	367.6	-105.1	1068.2	3193.0	16632.6	-1.1	
63.80	164.0	8.9	0.0	0.0	8.6	-0.1	369.7	-81.4	1070.9	2645.8	16864.2	8.6	
63.85	166.9	8.6	0.0	0.0	5.4	-0.1	382.0	-62.9	1073.8	2313.2	17239.4	5.4	
63.90	169.9	8.4	0.0	0.0	-3.8	-0.1	398.0	-60.8	1082.3	2221.5	17535.0	-3.8	
63.95	172.8	8.4	0.0	0.0	-7.2	-0.1	407.8	-58.3	1091.7	2131.3	17650.7	-7.2	
64.00	175.8	8.3	0.0	0.0	3.8	-0.1	405.1	-43.1	1093.5	1896.9	17566.9	3.8	
64.05	178.8	8.2	0.0	0.0	21.8	-0.1	393.2	-25.6	1088.1	1531.1	17338.0	21.8	
64.10	181.7	8.4	0.0	0.0	32.1	-0.1	388.0	-12.3	1085.3	1221.8	17147.6	32.1	
64.15	184.7	8.6	0.0	0.0	32.3	-0.1	388.3	4.3	1090.0	873.6	16932.8	32.3	
64.20	187.6	8.8	0.0	0.0	46.6	-0.1	377.7	24.1	1092.8	328.7	16534.6	46.6	
64.25	190.6	9.1	0.0	0.0	63.5	-0.1	360.3	48.3	1088.2	-246.2	16121.0	63.5	
64.30	193.6	8.8	0.0	0.0	70.6	-0.1	347.2	68.0	1083.4	-592.9	15828.5	70.6	
64.35	196.6	8.6	0.0	0.0	70.7	-0.1	346.3	75.1	1084.0	-783.1	15728.6	70.7	
64.40	199.6	8.4	0.0	0.0	65.3	-0.1	357.8	82.4	1086.2	-992.9	15884.3	65.3	
64.45	202.6	8.7	0.0	0.0	57.2	-0.1	370.6	92.6	1082.3	-1258.9	16191.0	57.2	
64.50	205.6	8.9	0.0	0.0	49.6	-0.1	377.9	101.7	1071.5	-1586.9	16492.3	49.6	
64.55	208.6	9.2	0.0	0.0	49.2	-0.1	381.2	118.7	1064.0	-1987.8	16633.3	49.2	
64.60	211.6	9.9	0.0	0.0	62.2	-0.1	377.5	140.9	1062.4	-2526.8	16489.9	62.2	
64.65	214.6	10.1	0.0	0.0	78.4	-0.1	365.5	158.4	1059.5	-3061.8	16169.4	78.4	
64.70	217.6	10.3	0.0	0.0	84.9	-0.1	347.3	170.2	1049.2	-3428.7	15824.3	84.9	
64.75	220.5	10.3	0.0	0.0	96.8	-0.1	328.6	181.8	1036.4	-3753.7	15470.3	96.8	
64.80	223.5	10.0	0.0	0.0	108.3	-0.1	322.4	197.7	1029.9	-4071.0	15263.8	108.3	
64.85	226.5	9.6	0.0	0.0	106.3	-0.1	327.7	210.7	1027.5	-4185.4	15287.0	106.3	
64.90	229.5	9.5	0.0	0.0	96.8	-0.1	336.9	209.4	1019.9	-4175.3	15507.3	96.8	
64.95	232.5	9.6	0.0	0.0	97.7	-0.1	341.1	209.1	1005.8	-4339.2	15745.5	97.7	
65.00	235.5	9.6	0.0	0.0	115.5	-0.1	342.5	222.7	993.8	-4669.1	15924.1	115.5	
65.05	238.5	9.5	0.0	0.0	119.3	-0.1	353.0	240.6	984.1	-4943.4	16295.0	119.3	
65.10	241.5	9.3	0.0	0.0	107.5	-0.1	373.6	254.8	972.2	-5167.2	16936.9	107.5	
65.15	244.5	9.1	0.0	0.0	99.2	-0.1	393.3	261.7	959.1	-5427.3	17512.6	99.2	
65.20	247.6	8.9	0.0	0.0	103.9	-0.1	404.1	260.9	949.6	-5565.0	17750.7	103.9	
65.25	250.6	8.8	0.0	0.0	105.5	-0.1	402.8	258.7	939.9	-5488.2	17755.6	105.5	
65.30	253.6	8.6	0.0	0.0	107.2	-0.1	390.4	260.4	924.2	-5356.8	17656.5	107.2	
65.35	256.6	8.5	0.0	0.0	118.5	-0.1	373.2	266.1	907.0	-5390.8	17435.6	118.5	
65.40	259.7	8.4	0.0	0.0	131.2	-0.1	363.6	268.0	895.1	-5570.0	17186.8	131.2	
65.45	262.7	8.4	0.0	0.0	118.7	-0.1	370.3	263.0	884.3	-5633.1	17128.5	118.7	
65.50	265.7	8.5	0.0	0.0	92.3	-0.1	381.9	264.7	871.1	-5643.9	17132.6	92.3	
65.55	268.8	8.3	0.0	0.0	86.2	-0.1	378.8	280.3	857.1	-5916.5	16892.1	86.2	
65.60	271.8	8.3	0.0	0.0	99.7	-0.1	360.3	295.5	844.0	-6293.4	16384.8	99.7	
65.65	274.8	8.5	0.0	0.0	106.3	-0.1	340.2	296.2	830.9	-6361.1	15858.2	106.3	
65.70	277.9	8.7	0.0	0.0	107.5	-0.1	318.7	284.4	817.9	-6189.1	15285.0	107.5	
65.75	281.0	8.7	0.0	0.0	120.7	-0.1	297.1	277.5	806.0	-6129.0	14666.2	120.7	
65.80	284.0	8.7	0.0	0.0	133.6	-0.1	285.9	280.4	794.6	-6136.2	14293.0	133.6	
65.85	287.1	8.7	0.0	0.0	123.4	-0.1	288.5	277.4	779.4	-6010.2	14329.0	123.4	
65.90	290.1	8.8	0.0	0.0	102.9	-0.1	301.4	265.5	762.3	-5913.1	14560.1	102.9	
65.95	293.2	9.0	0.0	0.0	85.2	-0.1	321.3	264.7	752.5	-5997.5	14748.4	85.2	
66.00	296.2	9.1	0.0	0.0	71.8	-0.1	340.1	267.7	748.8	-6040.2	14895.6	71.8	
66.05	299.3	9.1	0.0	0.0	62.0	-0.1	347.7	257.8	737.9	-5873.2	15081.3	62.0	
66.10	302.3	9.0	0.0	0.0	57.9	-0.1	345.6	246.2	720.0	-5590.6	15235.7	57.9	
66.15	305.4	8.8	0.0	0.0	63.7	-0.1	341.0	237.3	708.9	-5317.8	15201.5	63.7	
66.20	308.5	8.7	0.0	0.0	66.3	-0.1	338.1	224.5	703.1	-4987.6	15050.7	66.3	
66.25	311.5	8.6	0.0	0.0	56.9	-0.1	337.6	205.4	692.3	-4470.4	14982.9	56.9	
66.30	314.6	8.4	0.0	0.0	57.9	-0.1	329.6	188.4	677.7	-4020.7	14873.4	57.9	
66.35	317.7	8.4	0.0	0.0	69.8	-0.1	315.8	180.1	667.4	-3870.6	14641.1	69.8	
66.40	320.7	8.2	0.0	0.0	79.6	-0.1	306.9	180.2	661.0	-3839.4	14427.9	79.6	
66.45	323.8	8.0	0.0	0.0	73.1	-0.1	303.2	172.1	653.2	-3635.8	14327.9	73.1	
66.50	326.9	8.2	0.0	0.0	64.3	-0.1	303.9	155.1	646.0	-3290.7	14359.7	64.3	
66.55	330.0	8.1	0.0	0.0	64.7	-0.1	307.3	143.1	644.2	-2997.8	14471.3	64.7	
66.60	333.1	7.9	0.0	0.0	67.4	-0.1	310.7	130.4	641.2	-2688.0	14659.7	67.4	
66.65	336.2	7.9	0.0	0.0	61.6	-0.1	315.3	109.2	631.2	-2218.9	14965.6	61.6	
66.70	339.3	8.1	0.0	0.0	53.9	-0.1	323.5	85.9	623.7	-1689.3	15308.4	53.9	
66.75	342.4	8.4	0.0	0.0	53.9	-0.1	331.3	70.1	625.1	-1270.3	15567.9	53.9	
66.80	345.4	8.7	0.0	0.0	52.8	-0.1	338.1	61.3	624.0	-967.5	15847.3	52.8	
66.85	348.5	8.7	0.0	0.0	46.1	-0.1	344.1	50.5	614.0	-695.5	16192.1	46.1	
66.90	351.6	8.5	0.0	0.0	40.9	-0.1	351.3	38.4	608.3	-447.3	16499.4	40.9	
66.95	354.7	8.4	0.0	0.0	39.2	-0.1	359.5	32.7	616.5	-190.5	16675.7	39.2	
67.00	357.8	8.4	0.0	0.0	42.1	-0.1	360.4	18.4	624.3	187.0	16715.8	42.1	
67.05	0.9	8.5	0.0	0.0	43.6	-0.1	354.3	-4.6	621.8	663.7	16750.2	43.6	
67.10	4.0	8.7	0.0	0.0	40.3	-0.1	349.9	-24.0	619.3	1120.6	16831.0	40.3	
67.15	7.1	8.9	0.0	0.0	33.2	-0.1	352.2	-45.4	625.8	1572.8	16957.7	33.2	
67.20	10.2	9.0	0.0	0.0	21.0	-0.1	361.8	-65.6	634.2	2063.3	17202.4	21.0	
67.25	13.3	9.0	0.0	0.0	12.1	-0.1	368.7	-82.6	635.8	2472.4	17480.6	12.1	
67.30	16.5	8.8	0.0	0.0	10.6	-0.1	369.9	-94.3	634.6	2700.2	17692.0	10.6	
67.35	19.6	8.6	0.0	0.0	13.0	-0.1	368.7	-102.8	642.0	2935.7	17768.1	13.0	
67.40	22.7	8.3	0.0	0.0	11.1	-0.1	370.8	-116.7	653.1	3279.8	17842.9	11.1	
67.45	25.8	8.4	0.0	0.0	-2.0	-0.1	378.4	-131.4	660.7	3734.8	18038.6	-2.0	
67.50	28.9	8.2	0.0	0.0	-18.7	-0.1	386.7	-145.4	667.7	4224.0	18243.4	-18.7	
67.55	32.0	8.1	0.0	0.0	-29.2	-0.1	389.9	-163.0	677.1	4675.0	18253.5	-29.2	
67.60	35.2	8.4	0.0	0.0	-36.0	-0.1	386.5	-183.5	689.6	5172.5	18015.0	-36.0	
67.65	38.4	8.4	0.0	0.0	-11.8	-0.1	370.2	-181.6	706.0	4785.6	17526.5	-11.8	
67.70	41.5	8.4	0.0	0.0	-16.8	-0.1	369.7	-208.1	711.8	5098.6	17371.8	-16.8	
67.75	44.7	8.6	0.0	0.0	-53.8	-0.1	372.3	-191.8	732.1	5555.8	17400.7	-53.8	
67.80	47.9	8.6	93.7	0.5	-274.0	-0.1	355.0	-216.5	739.2	5521.6	16947.2	-17.2	
67.85	51.0	8.7	85.9	0.9	-272.0	-0.1	351.5	-220.3	753.4	5720.6	16716.5	-25.4	
67.90	54.2	8.9	75.1	1.2	-273.0	0.0	348.4	-227.9	777.1	6070.9	16643.8	-51.3	
67.95	57.4	9.2	75.9	1.4	-271.2	0.1	342.7	-269.3	784.3	6065.6	16430.9	-37.3	
68.00	60.6	9.5	71.0	1.5	-272.4	0.1	347.8	-262.9	795.9	6329.4	16422.0	-48.6	
68.05	63.7	9.8	65.1	1.7	-272.7	0.2	340.0	-246.7	818.0	6714.5	16324.8	-64.1	
68.10	66.9	9.9	67.5	1.7	-270.4	0.3	335.9	-263.7	827.2	6771.5	16086.1	-49.8	
68.15	70.1	9.8	64.1	1.8	-271.6	0.4	348.4	-261.9	843.0	6919.5	16078.7	-59.8	
68.20	73.3	9.9	58.6	1.9	-270.9	0.5	341.5	-259.2	868.2	6989.8	15991.0	-76.1	
68.25	76.5	9.6	60.6	1.9	-266.0	0.6	329.4	-262.4	882.1	6714.1	15717.0	-62.6	
68.30	79.7	9.4	59.8	1.9	-263.3	0.7	329.2	-243.6	901.9	6613.7	15558.1	-61.5	
68.35	82.9	9.1	59.1	1.9	-262.2	0.8	320.2	-245.1	932.0	6675.1	15438.0	-62.0	
68.40	86.1	8.9	61.7	2.0	-263.1	0.9	325.6	-269.1	953.1	6653.8	15443.3	-53.2	
68.45	89.4	9.1	59.6	2.0	-269.2	1.0	350.1	-277.7	968.9	6716.6	15826.6	-66.0	
68.50	92.6	9.5	57.8	2.0	-274.2	1.1	353.4	-288.9	985.7	6855.9	16132.6	-76.8	
68.55	95.9	9.2	57.8	2.0	-275.1	1.2	355.3	-295.3	999.1	6876.4	16169.4	-77.5	
68.60	99.1	9.0	55.1	2.0	-275.0	1.3	366.7	-283.0	1019.0	6973.4	16097.9	-86.6	
68.65	102.4	8.9	55.2	2.0	-271.7	1.4	355.1	-279.8	1044.2	6957.4	15849.9	-82.7	
68.70	105.6	9.1	56.3	2.0	-267.5	1.5	342.4	-276.7	1059.0	6736.3	15625.5	-74.7	
68.75	108.9	9.1	53.3	2.0	-265.8	1.6	345.5	-255.0	1070.4	6537.5	15595.5	-83.0	
68.80	112.1	9.1	50.4	2.0	-263.3	1.7	340.7	-240.9	1092.6	6502.9	15418.0	-90.5	
68.85	115.4	9.3	50.7	2.0	-259.1	1.8	339.2	-229.8	1116.5	6466.4	15091.7	-85.3	
68.90	118.6	9.1	49.1	2.0	-256.0	1.9	344.5	-220.7	1133.8	6375.9	14866.9	-87.6	
68.95	121.9	8.9	49.5	2.0	-253.6	2.0	333.6	-228.9	1147.2	6267.8	14715.3	-83.7	
69.00	125.2	8.9	50.6	2.0	-249.1	2.1	319.9	-229.2	1161.6	6108.9	14438.5	-75.4	
69.05	128.6	8.7	51.7	2.0	-241.1	2.2	306.8	-217.1	1179.5	5824.5	13942.6	-63.8	
69.10	131.9	8.7	54.2	2.0	-231.7	2.3	280.9	-212.1	1197.3	5541.7	13351.2	-45.6	
69.15	135.2	8.7	52.7	2.0	-225.4	2.4	267.4	-201.4	1207.8	5251.2	13001.1	-44.4	
69.20	138.5	8.9	48.6	2.0	-221.3	2.5	271.3	-183.2	1215.5	4767.8	12870.2	-54.5	
69.25	141.9	9.1	46.6	2.0	-217.6	2.6	272.7	-173.7	1225.9	4236.8	12763.2	-57.5	
69.30	145.2	9.3	43.0	2.0	-215.5	2.7	278.5	-160.6	1238.3	3963.2	12679.7	-67.9	
69.35	148.5	9.1	39.2	2.0	-211.9	2.8	283.1	-138.9	1249.7	3742.9	12472.7	-77.4	
69.40	151.8	9.1	40.6	2.0	-204.8	2.9	271.5	-118.2	1260.0	3376.5	12068.3	-65.4	
69.45	155.2	9.2	40.0	2.0	-198.2	3.0	261.6	-99.6	1272.8	3069.7	11670.9	-60.7	
69.50	158.5	9.6	35.7	2.0	-193.6	3.1	262.1	-86.2	1286.0	2753.8	11398.5	-71.0	
69.55	161.8	9.7	34.8	2.0	-189.5	3.2	259.8	-70.0	1294.7	2270.7	11199.3	-70.0	
69.60	165.2	9.7	35.9	2.0	-185.9	3.3	255.5	-42.6	1300.3	1746.5	11042.7	-62.6	
69.65	168.6	9.5	36.9	2.0	-182.3	3.4	249.2	-16.0	1302.6	1067.8	10876.6	-55.7	
69.70	172.0	9.7	38.2	2.0	-177.5	3.5	236.5	-7.6	1309.1	414.2	10593.1	-46.2	
69.75	175.3	9.8	37.8	2.0	-174.5	3.6	230.5	-1.6	1320.7	-30.8	10385.7	-44.7	
69.80	178.7	9.6	37.0	2.0	-174.7	3.7	232.6	9.4	1328.6	-347.2	10381.3	-47.5	
69.85	182.1	9.7	38.2	2.0	-178.5	3.8	241.6	25.0	1327.4	-697.7	10624.8	-47.3	
69.90	185.5	9.8	36.7	2.0	-184.4	3.9	258.7	46.5	1325.2	-986.1	10990.3	-58.5	
69.95	188.8	10.0	31.9	2.0	-188.2	4.0	271.6	60.1	1328.1	-1269.3	11203.0	-78.6	
70.00	192.2	10.4	32.5	2.0	-188.1	4.1	270.2	70.7	1327.4	-1728.5	11132.3	-76.5	
70.05	195.6	10.6	37.4	2.0	-185.7	4.2	260.2	102.2	1322.5	-2188.5	10864.4	-57.3	
70.10	199.0	10.7	40.3	2.0	-182.1	4.3	246.0	134.5	1320.5	-2574.9	10498.1	-43.6	
70.15	202.4	10.7	37.8	2.0	-177.9	4.4	233.1	148.1	1323.6	-2855.9	10107.8	-48.1	
70.20	205.8	10.5	36.9	2.0	-176.7	4.5	236.4	159.1	1326.3	-3001.4	9939.3	-50.1	
70.25	209.2	10.4	32.8	2.0	-175.8	4.6	237.0	164.2	1322.1	-3173.3	9806.4	-63.3	
70.30	212.6	10.4	31.1	2.0	-171.1	4.7	219.9	165.9	1310.7	-3406.2	9403.3	-64.3	
70.35	216.1	10.4	31.8	2.0	-165.3	4.8	198.2	180.9	1300.8	-3668.6	8859.4	-56.0	
70.40	219.5	10.3	34.9	2.0	-162.2	4.9	177.1	201.3	1292.1	-4135.8	8402.6	-42.5	
70.45	223.0	10.1	38.2	2.0	-164.0	5.0	165.3	213.8	1281.4	-4731.2	8239.6	-32.9	
70.50	226.4	9.8	36.9	2.0	-169.8	5.1	178.0	223.0	1273.5	-5116.9	8479.6	-43.1	
70.55	229.8	9.9	34.6	2.0	-176.4	5.2	196.1	229.9	1269.3	-5368.1	8857.2	-57.5	
70.60	233.2	9.8	38.1	2.0	-184.1	5.3	205.8	246.4	1259.7	-5754.0	9250.0	-53.4	
70.65	236.7	9.9	43.0	2.0	-192.5	5.4	216.8	272.8	1241.8	-6057.1	9726.1	-45.0	
70.70	240.1	10.2	42.4	2.0	-197.3	5.5	224.2	277.7	1225.9	-6091.6	10123.2	-51.9	
70.75	243.5	10.2	40.5	2.0	-200.6	5.6	231.8	275.1	1213.0	-6128.5	10392.5	-61.6	
70.80	246.9	10.2	40.5	2.0	-204.4	5.7	247.2	290.9	1203.0	-6309.6	10548.1	-65.2	
70.85	250.3	10.2	42.4	2.0	-206.9	5.8	251.5	300.9	1192.4	-6624.3	10549.8	-61.4	
70.90	253.8	9.7	41.5	2.0	-208.2	5.9	244.8	303.4	1177.3	-6902.2	10514.2	-65.7	
70.95	257.3	9.7	40.3	2.0	-209.5	6.0	243.1	317.7	1160.8	-7155.1	10442.8	-71.3	
71.00	260.7	9.8	42.1	2.0	-208.7	6.1	238.5	320.9	1149.4	-7424.7	10192.2	-64.1	
71.05	264.2	10.0	40.5	2.0	-206.4	6.2	234.6	311.3	1139.0	-7471.3	9986.6	-67.5	
71.10	267.6	9.8	35.6	2.0	-203.0	6.3	231.8	304.9	1121.8	-7303.6	9832.4	-80.9	
71.15	271.1	9.8	33.9	2.0	-198.1	6.4	216.0	296.9	1099.8	-7186.1	9531.5	-81.8	
71.20	274.6	9.8	35.8	2.0	-192.1	6.5	190.4	300.8	1080.6	-7148.7	9048.7	-69.1	
71.25	278.0	10.0	37.9	2.0	-187.1	6.6	176.2	307.1	1066.4	-7116.5	8608.0	-56.9	
71.30	281.5	10.0	36.1	2.0	-182.9	6.7	172.1	304.9	1052.9	-7007.1	8317.8	-59.0	
71.35	285.0	9.9	31.3	2.0	-180.0	6.8	177.1	303.4	1038.6	-6804.9	8211.2	-72.6	
71.40	288.5	9.6	27.5	2.0	-178.2	6.9	190.6	304.0	1027.7	-6646.6	8148.2	-83.9	
71.45	291.9	9.6	25.7	2.0	-174.7	7.0	198.5	296.6	1020.1	-6489.2	7948.6	-86.6	
71.50	295.4	9.5	22.1	2.0	-168.8	7.1	193.8	285.9	1008.8	-6177.9	7679.0	-92.8	
71.55	298.9	9.5	18.7	2.0	-161.2	7.2	180.0	275.8	992.6	-5815.2	7305.8	-97.0	
71.60	302.4	9.7	16.7	2.0	-152.7	7.3	160.9	257.3	975.2	-5539.2	6821.7	-95.4	
71.65	305.9	9.6	12.8	2.0	-144.1	7.4	143.1	242.3	961.9	-5211.7	6338.4	-100.2	
71.70	309.4	9.5	8.8	2.0	-135.9	7.5	131.1	222.8	949.8	-4882.1	5905.3	-105.5	
71.75	312.9	9.1	6.8	2.0	-129.0	7.6	122.1	200.9	934.3	-4640.1	5532.6	-105.6	
71.80	316.4	9.3	4.7	2.0	-125.0	7.7	119.6	202.3	919.9	-4448.2	5315.0	-108.8	
71.85	319.9	9.5	3.3	2.0	-123.8	7.8	124.4	197.6	909.5	-4421.8	5230.8	-112.4	
71.90	323.3	9.5	1.1	2.0	-124.0	7.9	134.7	189.4	900.9	-4366.1	5310.3	-120.3	
71.95	326.8	9.2	-1.4	2.0	-122.4	8.0	139.5	181.9	892.7	-4066.4	5412.2	-127.3	
72.00	330.3	9.1	0.4	2.0	-118.1	8.1	130.9	160.8	881.9	-3754.9	5327.6	-116.8	
72.05	333.8	8.9	1.3	2.0	-111.8	8.2	120.6	147.9	872.5	-3321.5	5110.1	-107.3	
72.10	337.2	8.7	-0.7	2.0	-105.1	8.3	111.5	138.6	865.5	-2798.0	4887.8	-107.4	
72.15	340.7	8.6	-2.2	2.0	-97.4	8.4	99.5	106.0	859.5	-2313.3	4604.2	-104.9	
72.20	344.2	8.6	-6.2	2.0	-91.8	8.5	97.8	79.5	856.8	-1809.9	4430.8	-113.0	
72.25	347.7	8.3	-9.9	2.0	-88.6	8.6	100.5	64.3	855.0	-1429.1	4333.4	-122.5	
72.30	351.2	8.1	-11.9	2.0	-86.5	8.7	101.0	57.1	852.7	-1201.8	4249.3	-127.4	
72.35	354.7	8.1	-14.5	2.0	-85.4	8.8	102.7	50.2	851.7	-937.1	4237.4	-135.2	
72.40	358.2	8.1	-12.8	2.0	-82.5	8.9	96.1	26.4	851.8	-650.7	4111.9	-126.5	
72.45	1.6	8.2	-11.7	2.0	-78.4	9.0	86.3	-0.4	852.0	-189.0	3888.4	-118.8	
72.50	5.1	8.1	-14.3	2.0	-75.1	9.1	77.5	-14.6	852.5	545.6	3619.4	-124.0	
72.55	8.6	8.1	-13.6	2.0	-71.9	9.2	61.0	-32.1	849.7	1188.6	3242.1	-118.5	
72.60	12.1	8.4	-13.5	2.0	-71.3	9.3	46.6	-56.0	849.7	1795.8	2884.4	-117.7	
72.65	15.6	8.5	-16.2	2.0	-75.2	9.4	45.4	-76.8	858.4	2425.4	2707.3	-130.7	
72.70	19.1	8.5	-14.6	2.0	-78.0	9.5	50.3	-90.5	864.0	2705.6	2668.4	-128.0	
72.75	22.6	8.6	-11.5	2.0	-79.7	9.6	53.9	-90.8	866.0	2892.9	2645.3	-119.2	
72.80	26.0	8.6	-11.1	2.0	-82.0	9.7	53.3	-97.7	871.1	3208.1	2507.4	-119.9	
72.85	29.5	8.4	-11.0	2.0	-83.9	9.8	47.7	-119.4	882.5	3558.4	2156.6	-121.8	
72.90	33.0	7.9	-8.7	2.0	-87.1	9.9	38.8	-140.4	895.7	3995.9	1690.7	-117.0	
72.95	36.5	8.0	-5.8	2.0	-92.1	10.0	26.3	-164.9	901.4	4470.5	1292.2	-112.0	
73.00	40.0	8.1	-5.8	2.0	-98.5	10.1	17.0	-190.6	902.9	4945.0	1075.1	-118.3	
73.05	43.4	8.0	-10.3	2.0	-103.7	10.2	16.4	-201.6	910.3	5321.8	1043.4	-139.1	
73.10	46.9	7.9	-14.1	2.0	-106.2	10.3	14.6	-207.6	922.8	5503.6	953.9	-154.6	
73.15	50.4	7.9	-13.5	2.0	-107.2	10.4	8.5	-215.9	933.6	5585.6	652.1	-153.4	
73.20	53.9	7.8	-9.7	2.0	-108.0	10.5	1.5	-221.8	944.4	5661.9	188.2	-141.4	
73.25	57.3	8.0	-5.7	2.0	-109.5	10.6	-7.9	-224.8	958.9	5748.7	-326.2	-129.1	
73.30	60.8	8.2	-3.3	2.0	-111.7	10.7	-19.2	-221.3	975.2	5854.0	-850.1	-123.0	
73.35	64.2	8.3	0.3	2.0	-115.8	10.8	-33.4	-228.7	988.8	6020.9	-1439.5	-114.9	
73.40	67.7	8.1	6.0	2.0	-123.4	10.9	-49.3	-252.8	1001.2	6345.1	-2082.4	-102.8	
73.45	71.1	8.0	9.5	2.0	-132.4	11.0	-58.7	-272.0	1016.7	6817.7	-2583.9	-99.8	
73.50	74.6	8.0	12.1	2.0	-139.4	11.1	-65.6	-280.0	1032.7	7193.7	-2960.7	-97.8	
73.55	78.1	7.9	14.4	2.0	-141.0	11.2	-72.8	-274.4	1042.3	7252.4	-3133.0	-91.4	
73.60	81.5	7.9	15.4	2.0	-138.4	11.3	-72.0	-265.1	1050.1	7099.9	-3051.0	-85.6	
73.65	85.0	8.0	15.5	2.0	-136.9	11.4	-63.0	-272.1	1064.1	7007.1	-2918.3	-83.8	
73.70	88.4	8.1	12.5	2.0	-137.0	11.5	-55.2	-278.3	1081.2	6996.9	-2885.7	-94.2	
73.75	91.9	8.1	11.7	2.0	-137.2	11.6	-56.9	-269.2	1098.2	6967.7	-3036.1	-97.2	
73.80	95.3	8.1	15.0	2.0	-137.4	11.7	-68.4	-263.8	1111.4	6869.3	-3276.6	-85.9	
73.85	98.7	8.1	15.1	2.0	-139.6	11.8	-76.1	-271.6	1122.0	6981.7	-3351.8	-88.0	
73.90	102.2	8.1	11.0	2.0	-143.1	11.9	-71.0	-285.0	1133.6	7272.8	-3242.5	-105.2	
73.95	105.6	8.0	6.6	2.0	-144.6	12.0	-59.0	-291.1	1148.1	7407.8	-3162.1	-121.8	
74.00	109.0	8.0	5.9	2.0	-141.3	12.1	-53.3	-275.1	1161.0	7185.2	-3154.9	-121.2	
74.05	112.4	8.1	8.6	2.0	-135.9	12.2	-61.2	-254.3	1168.3	6769.1	-3201.3	-106.6	
74.10	115.8	8.3	11.0	2.0	-131.2	12.3	-70.3	-238.6	1170.9	6404.3	-3204.8	-93.3	
74.15	119.2	8.4	11.8	2.0	-128.8	12.4	-74.4	-227.3	1183.7	6137.2	-3371.6	-88.3	
74.20	122.6	8.4	13.4	2.0	-127.9	12.5	-70.6	-220.9	1208.6	5886.6	-3667.5	-82.0	
74.25	126.0	8.4	11.3	2.0	-127.8	12.6	-62.5	-213.0	1232.2	5791.5	-3827.3	-89.2	
74.30	129.4	8.4	8.9	2.0	-126.5	12.7	-64.2	-208.7	1238.8	5696.3	-3792.4	-95.8	
74.35	132.8	8.5	8.5	2.0	-122.9	12.8	-74.2	-210.1	1232.3	5422.5	-3698.1	-93.8	
74.40	136.1	8.6	6.7	2.0	-119.5	12.9	-77.8	-193.6	1236.0	5121.0	-3754.3	-96.5	
74.45	139.5	8.5	3.9	2.0	-118.9	13.0	-81.1	-175.2	1252.8	4845.5	-4078.4	-105.5	
74.50	142.9	8.3	4.1	2.0	-118.6	13.1	-91.3	-167.8	1261.9	4485.5	-4434.6	-104.3	
74.55	146.3	8.3	5.6	2.0	-114.1	13.2	-96.4	-142.6	1260.2	3967.7	-4531.3	-94.9	
74.60	149.6	8.3	6.5	2.0	-107.9	13.3	-92.6	-110.8	1264.0	3357.2	-4525.8	-85.7	
74.65	153.0	8.3	4.9	2.0	-104.0	13.4	-83.3	-93.1	1278.2	2851.7	-4565.4	-87.0	
74.70	156.3	8.2	-0.2	2.0	-102.3	13.5	-75.2	-79.7	1291.1	2580.5	-4625.3	-103.0	
74.75	159.7	7.9	-0.7	2.0	-102.5	13.6	-80.5	-72.8	1292.0	2317.0	-4782.2	-104.9	
74.80	163.0	7.8	1.8	2.0	-104.6	13.7	-96.4	-65.5	1287.1	1957.4	-5089.0	-98.5	
74.85	166.4	7.7	2.8	2.0	-108.7	13.8	-111.1	-53.1	1287.7	1651.6	-5498.6	-99.3	
74.90	169.7	7.8	0.9	2.0	-113.0	13.9	-122.0	-41.3	1290.9	1362.9	-5890.3	-109.7	
74.95	173.1	7.7	1.3	2.0	-115.2	14.0	-130.9	-27.0	1287.5	875.7	-6139.3	-110.7	
75.00	176.4	7.6	2.4	2.0	-114.8	14.1	-133.0	-2.2	1281.5	218.5	-6175.9	-106.4	
75.05	179.7	7.8	4.1	2.0	-113.4	14.2	-128.7	28.1	1278.6	-524.3	-6056.2	-99.4	
75.10	183.0	7.9	4.5	2.0	-111.3	14.3	-118.2	59.7	1277.5	-1229.6	-5791.5	-95.8	
75.15	186.3	8.1	2.0	2.0	-109.0	14.4	-105.8	83.7	1276.9	-1665.4	-5489.4	-102.0	
75.20	189.6	8.3	-3.0	2.0	-106.7	14.5	-96.5	88.0	1278.0	-1791.7	-5279.0	-116.9	
75.25	192.9	8.0	-6.5	2.0	-105.7	14.6	-93.5	87.5	1275.9	-1810.8	-5202.5	-128.2	
75.30	196.2	7.9	-8.9	2.0	-105.1	14.7	-94.0	92.1	1266.7	-1791.4	-5160.6	-135.8	
75.35	199.4	7.8	-10.4	2.0	-103.9	14.8	-91.5	101.9	1249.3	-1858.2	-5033.9	-139.6	
75.40	202.7	7.7	-11.1	2.0	-103.6	14.9	-85.7	112.7	1234.5	-2013.8	-4944.3	-141.7	
75.45	206.0	7.8	-9.5	2.0	-106.5	15.0	-82.2	126.5	1225.3	-2328.8	-5027.8	-139.2	
75.50	209.2	7.9	-3.8	2.0	-114.0	15.1	-89.0	148.3	1213.7	-2871.8	-5323.5	-126.9	
75.55	212.5	7.9	5.1	2.0	-124.4	15.2	-107.9	172.6	1196.2	-3439.1	-5825.7	-106.9	
75.60	215.7	7.9	13.5	2.0	-134.5	15.3	-129.2	191.0	1181.3	-3817.9	-6409.1	-88.1	
75.65	218.9	8.0	19.8	2.0	-142.7	15.4	-144.6	205.9	1173.9	-4088.1	-6909.6	-74.9	
75.70	222.2	8.3	22.8	2.0	-147.6	15.5	-151.7	215.3	1164.9	-4368.7	-7142.7	-69.5	
75.75	225.4	8.2	19.6	2.0	-147.6	15.6	-149.9	222.9	1144.4	-4592.7	-6992.9	-80.2	
75.80	228.6	8.1	13.7	2.0	-144.6	15.7	-142.0	228.2	1118.7	-4790.2	-6609.2	-97.7	
75.85	231.8	8.0	9.0	2.0	-142.2	15.8	-128.3	235.2	1099.7	-5076.6	-6179.9	-111.2	
75.90	235.0	7.9	4.5	2.0	-140.6	15.9	-109.1	249.5	1088.9	-5356.0	-5765.7	-125.2	
75.95	238.2	8.1	0.8	2.0	-140.4	16.0	-92.3	262.3	1077.2	-5719.5	-5370.7	-137.8	
76.00	241.3	8.3	-2.0	2.0	-141.6	16.1	-81.6	270.0	1058.7	-6173.5	-4996.7	-148.5	
76.05	244.5	8.4	-4.8	2.0	-143.8	16.2	-74.9	284.0	1039.2	-6582.6	-4699.8	-160.3	
76.10	247.7	8.2	-6.4	2.0	-147.7	16.3	-72.7	299.0	1023.3	-6988.6	-4575.0	-169.6	
76.15	250.9	8.1	-6.4	2.0	-151.9	16.4	-75.8	309.6	1007.6	-7276.2	-4678.7	-173.8	
76.20	254.0	8.1	-7.1	2.0	-154.4	16.5	-83.4	309.8	987.8	-7350.0	-4935.2	-178.9	
76.25	257.2	8.1	-7.4	2.0	-157.2	16.6	-94.6	302.0	967.0	-7412.0	-5261.2	-182.4	
76.30	260.3	8.0	-5.9	2.0	-160.9	16.7	-105.1	306.9	947.8	-7496.2	-5613.8	-181.3	
76.35	263.4	7.7	-1.4	2.0	-165.0	16.8	-116.0	316.8	929.8	-7578.3	-5977.1	-169.7	
76.40	266.5	7.5	4.8	2.0	-167.4	16.9	-125.6	317.8	910.5	-7569.1	-6283.8	-151.0	
76.45	269.6	7.2	10.1	2.0	-168.7	17.0	-130.3	322.1	889.5	-7541.4	-6464.8	-134.1	
76.50	272.7	7.0	14.8	2.0	-170.1	17.1	-131.0	325.7	869.6	-7577.8	-6593.7	-119.4	
76.55	275.8	7.1	18.4	2.0	-171.1	17.2	-132.5	322.1	851.6	-7536.9	-6786.4	-107.8	
76.60	278.9	7.0	21.2	2.0	-170.4	17.3	-133.8	317.7	831.5	-7317.7	-6983.1	-97.6	
76.65	282.0	7.2	23.7	2.0	-168.6	17.4	-134.5	310.4	811.9	-7041.9	-7116.8	-87.4	
76.70	285.0	7.5	23.0	2.0	-165.2	17.5	-133.8	293.7	794.2	-6719.4	-7158.1	-86.4	
76.75	288.1	7.3	19.4	2.0	-160.7	17.6	-132.4	275.0	775.0	-6332.3	-7139.2	-94.3	
76.80	291.2	7.3	17.9	2.0	-156.3	17.7	-129.7	258.1	754.0	-5985.9	-7083.2	-95.0	
76.85	294.2	7.4	20.7	2.0	-153.3	17.8	-127.8	247.7	733.2	-5687.8	-7088.6	-82.4	
76.90	297.2	7.3	24.1	2.0	-151.8	17.9	-125.5	246.6	713.9	-5436.2	-7167.8	-69.1	
76.95	300.2	7.3	28.8	2.0	-152.0	18.0	-124.9	247.5	695.9	-5293.0	-7308.1	-53.2	
77.00	303.3	7.2	33.5	2.0	-153.8	18.1	-130.2	243.9	678.0	-5258.9	-7521.1	-38.9	
77.05	306.3	6.9	39.7	2.0	-155.6	18.2	-137.6	237.7	658.0	-5278.4	-7697.8	-19.2	
77.10	309.2	6.6	45.0	2.0	-156.2	18.3	-143.6	230.6	639.2	-5152.8	-7867.8	-1.6	
77.15	312.2	6.3	45.0	2.0	-156.3	18.4	-147.7	225.1	624.1	-4828.4	-8100.8	-1.8	
77.20	315.2	6.3	44.2	2.0	-156.5	18.5	-152.6	210.5	612.1	-4486.6	-8349.4	-4.6	
77.25	318.2	6.1	40.7	2.0	-156.0	18.6	-157.2	191.3	600.3	-4222.7	-8492.8	-16.1	
77.30	321.1	6.0	37.0	2.0	-154.2	18.7	-160.3	175.8	584.7	-4094.3	-8451.5	-27.1	
77.35	324.1	6.1	35.1	2.0	-151.8	18.8	-161.0	171.8	564.5	-4129.6	-8254.8	-31.4	
77.40	327.0	6.4	34.3	2.0	-149.1	18.9	-159.8	173.9	546.6	-4178.0	-8016.6	-31.5	
77.45	329.9	6.6	31.9	2.0	-145.3	19.0	-153.6	173.6	534.6	-4169.5	-7717.7	-35.6	
77.50	332.8	6.6	28.5	2.0	-139.9	19.1	-142.9	162.5	526.1	-4083.4	-7358.7	-41.9	
77.55	335.7	6.2	23.1	2.0	-133.7	19.2	-132.8	144.5	517.0	-3801.5	-7053.7	-54.4	
77.60	338.6	6.2	18.5	2.0	-129.2	19.3	-129.8	125.4	507.4	-3340.0	-6966.9	-65.7	
77.65	341.5	6.5	20.7	2.0	-128.8	19.4	-136.3	108.1	499.0	-2879.0	-7163.4	-57.6	
77.70	344.4	6.6	26.6	2.0	-131.7	19.5	-147.4	95.9	490.2	-2477.7	-7546.9	-40.4	
77.75	347.2	6.5	33.6	2.0	-136.3	19.6	-160.5	84.2	479.2	-2121.9	-8009.5	-20.9	
77.80	350.1	6.2	40.1	2.0	-141.6	19.7	-174.0	65.5	469.1	-1762.3	-8503.1	-3.9	
77.85	352.9	6.2	48.0	2.0	-146.6	19.8	-183.2	50.8	462.2	-1405.5	-8943.2	18.0	
77.90	355.7	6.3	55.8	2.0	-150.2	19.9	-184.2	42.7	458.9	-1056.3	-9266.9	41.5	
77.95	358.5	6.4	63.5	2.0	-153.7	20.0	-185.2	29.8	457.9	-592.3	-9585.6	64.3	
78.00	1.3	6.4	68.4	2.0	-157.4	20.1	-187.9	9.5	455.1	1.7	-9884.5	77.3	
78.05	4.1	6.5	73.2	2.0	-161.8	20.2	-193.5	-15.7	451.0	604.4	-10185.5	89.6	
78.10	6.9	6.6	78.6	2.0	-166.1	20.3	-199.1	-40.2	446.8	1175.4	-10440.6	103.7	
78.15	9.7	6.6	81.7	2.0	-169.6	20.4	-202.6	-60.5	440.8	1801.7	-10597.1	110.8	
78.20	12.4	6.5	83.8	2.0	-171.4	20.5	-204.1	-76.7	431.6	2348.6	-10614.2	116.2	
78.25	15.2	6.3	85.1	2.0	-171.0	20.6	-202.2	-89.2	422.3	2729.3	-10491.1	121.1	
78.30	17.9	6.1	86.5	2.0	-169.6	20.7	-196.9	-100.3	417.9	2982.4	-10318.4	127.2	
78.35	20.6	5.7	87.2	2.0	-169.3	20.8	-192.4	-114.2	418.8	3186.3	-10220.9	130.0	
78.40	23.3	5.4	89.2	2.0	-170.6	20.9	-193.2	-125.7	417.4	3374.4	-10246.5	135.5	
78.45	26.0	5.5	92.6	2.0	-172.7	21.0	-199.0	-128.3	413.8	3470.7	-10364.5	145.1	
78.50	28.7	6.0	94.8	2.0	-174.5	21.1	-205.4	-126.3	413.4	3482.5	-10488.1	150.9	
78.55	31.4	6.5	95.4	2.0	-176.0	21.2	-211.5	-132.9	414.9	3522.9	-10564.8	151.5	
78.60	34.1	6.8	92.8	2.0	-176.7	21.3	-216.7	-151.4	412.8	3616.6	-10551.5	141.8	
78.65	36.7	6.7	90.0	2.0	-176.4	21.4	-217.0	-165.5	411.5	3726.2	-10459.3	132.5	
78.70	39.4	6.6	87.9	2.0	-176.1	21.5	-213.0	-169.2	417.0	3895.0	-10373.3	125.8	
78.75	42.0	6.7	84.8	2.0	-176.2	21.6	-208.1	-174.2	424.7	4105.3	-10294.8	114.9	
78.80	44.6	6.9	82.8	2.0	-175.6	21.7	-202.4	-185.8	428.3	4285.3	-10162.3	108.5	
78.85	47.3	7.0	80.8	2.0	-174.1	21.8	-195.2	-197.1	431.6	4379.6	-9981.9	103.3	
78.90	49.9	6.8	80.2	2.0	-171.9	21.9	-187.1	-203.1	439.4	4399.3	-9789.0	103.5	
78.95	52.5	7.0	81.3	2.0	-169.9	22.0	-181.5	-202.6	446.8	4415.4	-9621.3	109.3	
79.00	55.0	7.2	82.2	2.0	-169.5	22.1	-179.3	-203.3	450.5	4581.8	-9507.4	112.8	
79.05	57.6	7.3	81.9	2.0	-171.2	22.2	-177.3	-215.9	456.4	4917.2	-9457.1	109.8	
79.10	60.1	7.3	78.6	2.0	-174.1	22.3	-171.1	-236.6	467.7	5362.2	-9413.1	95.6	
79.15	62.7	7.2	77.4	2.0	-177.1	22.4	-165.8	-254.1	477.2	5830.0	-9350.4	88.4	
79.20	65.2	7.0	77.1	2.0	-178.6	22.5	-163.7	-266.2	478.1	6174.0	-9225.0	86.2	
79.25	67.7	6.8	79.5	2.0	-179.9	22.6	-165.6	-267.8	476.8	6434.8	-9158.5	93.2	
79.30	70.2	6.6	83.7	2.0	-181.6	22.7	-169.3	-263.8	483.0	6592.0	-9203.2	105.9	
79.35	72.7	6.4	87.1	2.0	-182.2	22.8	-170.6	-263.1	494.3	6628.3	-9230.9	116.7	
79.40	75.2	6.2	89.4	2.0	-181.1	22.9	-169.3	-264.9	503.0	6604.6	-9133.1	125.7	
79.45	77.6	6.1	89.4	2.0	-179.2	23.0	-167.1	-269.4	508.0	6617.9	-8928.8	127.7	
79.50	80.1	6.0	87.6	2.0	-178.4	23.1	-163.8	-275.5	513.9	6768.9	-8715.5	122.4	
79.55	82.6	6.2	84.9	2.0	-179.7	23.2	-160.0	-280.5	523.3	7080.4	-8575.9	111.9	
79.60	85.0	6.4	82.0	2.0	-181.9	23.3	-159.3	-290.2	531.1	7403.2	-8484.7	99.5	
79.65	87.4	6.7	80.7	2.0	-183.5	23.4	-164.2	-303.1	533.8	7576.1	-8434.3	93.5	
79.70	89.9	6.5	79.5	2.0	-184.0	23.5	-170.3	-309.0	535.6	7631.7	-8398.7	89.1	
79.75	92.3	6.3	78.8	2.0	-183.2	23.6	-171.4	-306.5	540.8	7590.2	-8362.2	87.2	
79.80	94.7	6.2	80.4	2.0	-181.7	23.7	-167.9	-298.1	549.9	7478.7	-8327.2	94.3	
79.85	97.0	6.4	81.6	2.0	-179.5	23.8	-162.0	-291.0	558.6	7350.4	-8250.7	100.6	
79.90	99.4	6.6	81.3	2.0	-176.9	23.9	-156.2	-288.8	564.2	7202.6	-8126.2	102.1	
79.95	101.8	6.6	80.1	2.0	-174.8	24.0	-152.2	-285.2	568.9	7102.2	-8018.7	100.3	
80.00	104.1	6.5	79.1	2.0	-173.1	24.1	-149.0	-278.6	574.8	7026.2	-7943.5	98.3	
80.05	106.5	6.3	78.9	2.0	-171.5	24.2	-145.3	-274.0	581.2	6980.7	-7838.8	99.2	
80.10	108.8	6.1	76.2	2.0	-169.4	24.3	-139.9	-271.2	586.5	6959.5	-7650.0	92.1	
80.15	111.1	6.2	71.3	2.0	-166.0	24.4	-131.9	-270.1	591.6	6899.0	-7370.4	78.8	
80.20	113.5	6.2	66.7	2.0	-160.3	24.5	-121.6	-266.6	597.6	6645.0	-7039.2	68.6	
80.25	115.8	6.0	62.7	2.0	-153.6	24.6	-112.6	-256.5	605.1	6264.8	-6741.6	61.7	
80.30	118.1	6.0	59.2	2.0	-147.5	24.7	-107.0	-246.6	610.7	5888.6	-6506.0	55.7	
80.35	120.3	6.0	55.9	2.0	-142.8	24.8	-103.4	-238.3	614.7	5584.5	-6334.2	49.0	
80.40	122.6	5.9	52.6	2.0	-139.3	24.9	-100.9	-226.9	620.2	5327.6	-6237.0	41.3	
80.45	124.9	6.0	50.5	2.0	-137.0	25.0	-100.9	-221.8	628.0	5089.6	-6221.6	36.2	
80.50	127.1	6.2	48.8	2.0	-136.5	25.1	-105.6	-221.2	634.7	4951.2	-6273.9	30.9	
80.55	129.4	6.3	48.3	2.0	-137.1	25.2	-113.2	-218.3	637.9	4898.0	-6361.8	28.8	
80.60	131.6	6.3	49.4	2.0	-137.6	25.3	-119.4	-211.2	641.0	4826.6	-6472.5	32.2	
80.65	133.8	6.1	52.4	2.0	-137.4	25.4	-121.8	-198.8	647.5	4695.2	-6585.0	42.6	
80.70	136.0	6.0	54.9	2.0	-136.3	25.5	-121.1	-186.7	654.9	4510.9	-6639.7	52.2	
80.75	138.2	6.3	57.0	2.0	-134.1	25.6	-119.5	-178.9	658.1	4293.8	-6604.9	61.8	
80.80	140.4	6.5	59.0	2.0	-131.3	25.7	-116.7	-169.6	658.4	4077.1	-6522.2	71.3	
80.85	142.5	6.4	59.9	2.0	-129.3	25.8	-112.4	-158.7	661.8	3930.6	-6475.6	76.5	
80.90	144.7	6.5	59.4	2.0	-128.7	25.9	-107.1	-153.0	669.3	3926.3	-6445.6	75.3	
80.95	146.9	6.5	56.7	2.0	-128.3	26.0	-102.2	-153.0	674.6	4018.3	-6359.3	66.2	
81.00	149.0	6.5	52.6	2.0	-127.1	26.1	-98.8	-158.7	673.8	4090.6	-6187.7	53.6	
81.05	151.2	6.6	49.6	2.0	-124.4	26.2	-96.3	-159.7	670.4	4025.7	-5997.1	45.9	
81.10	153.3	6.7	47.9	2.0	-120.9	26.3	-92.9	-151.4	668.0	3839.6	-5831.4	43.7	
81.15	155.4	6.7	47.6	2.0	-117.0	26.4	-89.7	-138.8	665.2	3588.6	-5692.6	46.5	
81.20	157.5	6.8	47.0	2.0	-112.7	26.5	-86.4	-121.3	662.3	3269.8	-5564.2	48.5	
81.25	159.6	6.7	46.2	2.0	-107.8	26.6	-82.7	-103.9	659.8	2850.6	-5425.1	50.9	
81.30	161.7	6.6	46.4	2.0	-103.8	26.7	-81.1	-90.6	659.4	2406.5	-5338.7	55.7	
81.35	163.7	6.6	45.2	2.0	-101.8	26.8	-82.7	-78.8	660.0	2066.3	-5346.1	53.4	
81.40	165.8	6.6	44.4	2.0	-101.3	26.9	-86.3	-67.5	659.8	1809.2	-5413.2	51.1	
81.45	167.8	6.7	43.7	2.0	-101.4	27.0	-90.7	-55.1	658.2	1620.2	-5488.8	48.5	
81.50	169.9	6.7	42.4	2.0	-100.8	27.1	-93.6	-43.8	654.6	1438.9	-5503.3	44.9	
81.55	171.9	6.7	39.9	2.0	-98.8	27.2	-93.5	-39.8	649.6	1200.4	-5417.1	38.2	
81.60	173.9	6.7	36.9	2.0	-96.0	27.3	-89.9	-35.5	646.8	954.3	-5263.8	30.6	
81.65	176.0	6.9	35.2	2.0	-92.5	27.4	-83.3	-24.7	646.7	681.0	-5069.6	28.3	
81.70	178.0	6.9	34.6	2.0	-88.6	27.5	-75.7	-9.8	646.2	372.5	-4840.6	30.2	
81.75	179.9	6.9	33.6	2.0	-85.1	27.6	-69.0	6.7	644.2	119.3	-4608.2	30.3	
81.80	181.9	6.8	31.2	2.0	-82.0	27.7	-63.1	16.3	642.8	-113.8	-4384.3	25.0	
81.85	183.9	6.4	28.2	2.0	-79.2	27.8	-57.5	19.8	641.9	-358.9	-4176.5	17.4	
81.90	185.9	6.1	25.3	2.0	-77.3	27.9	-54.0	27.9	638.1	-575.3	-4006.3	9.7	
81.95	187.8	6.0	23.9	2.0	-76.5	28.0	-54.0	39.2	629.9	-810.2	-3893.5	5.6	
82.00	189.8	5.9	23.7	2.0	-76.9	28.1	-55.9	52.5	621.8	-1084.0	-3836.5	4.3	
82.05	191.7	5.9	22.8	2.0	-78.2	28.2	-56.3	65.4	619.4	-1394.7	-3808.2	0.1	
82.10	193.6	6.1	21.8	2.0	-79.7	28.3	-54.7	74.0	619.1	-1779.1	-3754.9	-5.0	
82.15	195.6	6.2	21.4	2.0	-81.6	28.4	-53.8	83.3	614.0	-2184.5	-3680.5	-8.3	
82.20	197.5	6.2	21.4	2.0	-83.6	28.5	-53.0	96.9	605.8	-2531.9	-3605.0	-10.3	
82.25	199.4	6.1	21.6	2.0	-85.3	28.6	-50.6	110.0	600.2	-2797.1	-3532.1	-11.1	
82.30	201.3	5.8	21.0	2.0	-86.4	28.7	-47.4	121.1	596.6	-2986.9	-3456.9	-14.4	
82.35	203.1	5.7	20.1	2.0	-87.1	28.8	-45.7	127.8	588.4	-3156.5	-3357.8	-18.2	
82.40	205.0	5.8	19.0	2.0	-87.3	28.9	-46.2	127.2	576.6	-3285.4	-3261.9	-21.9	
82.45	206.9	5.8	17.9	2.0	-87.2	29.0	-46.6	129.4	567.4	-3321.3	-3224.7	-25.7	
82.50	208.7	5.9	18.8	2.0	-87.9	29.1	-45.1	137.1	563.0	-3338.6	-3251.6	-23.3	
82.55	210.6	5.9	22.4	2.0	-89.9	29.2	-45.6	147.9	556.2	-3421.1	-3346.4	-13.0	
82.60	212.4	6.4	26.1	2.0	-92.1	29.3	-48.7	154.7	545.0	-3509.7	-3477.1	-2.5	
82.65	214.2	6.5	29.0	2.0	-94.3	29.4	-51.2	157.0	535.7	-3584.9	-3634.2	5.5	
82.70	216.0	6.6	32.2	2.0	-96.8	29.5	-52.5	158.7	531.3	-3689.0	-3796.3	13.9	
82.75	217.9	6.7	35.9	2.0	-99.4	29.6	-55.1	167.5	525.2	-3792.2	-3941.2	23.8	
82.80	219.7	6.5	39.5	2.0	-101.5	29.7	-60.6	177.7	513.1	-3865.1	-4052.6	34.2	
82.85	221.4	6.3	41.0	2.0	-102.0	29.8	-65.9	178.2	500.9	-3851.7	-4122.5	38.6	
82.90	223.2	6.2	39.5	2.0	-101.5	29.9	-67.9	177.5	493.8	-3751.3	-4169.7	34.0	
82.95	225.0	6.4	38.5	2.0	-101.1	30.0	-66.0	179.5	487.7	-3755.2	-4131.7	31.2	
83.00	226.8	6.5	39.2	2.0	-101.2	30.1	-62.7	186.2	476.3	-3922.2	-3974.7	33.2	
83.05	228.5	6.6	38.9	2.0	-101.3	30.2	-58.4	197.7	463.0	-4119.4	-3751.4	32.2	
83.10	230.3	6.5	37.6	2.0	-101.7	30.3	-50.8	206.3	454.9	-4356.5	-3507.7	27.2	
83.15	232.0	6.5	36.4	2.0	-103.5	30.4	-41.7	214.1	450.8	-4685.1	-3275.7	21.3	
83.20	233.7	6.6	34.7	2.0	-106.4	30.5	-36.0	223.9	443.3	-5056.0	-3060.7	12.7	
83.25	235.5	7.2	31.6	2.0	-108.9	30.6	-34.6	229.0	431.6	-5393.8	-2850.7	-0.5	
83.30	237.2	7.4	27.1	2.0	-110.7	30.7	-35.0	233.1	420.0	-5626.7	-2678.9	-17.8	
83.35	238.9	7.4	23.1	2.0	-112.5	30.8	-34.7	240.5	411.0	-5823.5	-2545.3	-33.4	
83.40	240.5	7.2	21.1	2.0	-115.1	30.9	-32.1	248.4	402.2	-6090.1	-2377.8	-42.8	
83.45	242.2	7.3	19.1	2.0	-117.8	31.0	-28.9	254.6	391.8	-6374.3	-2148.7	-52.3	
83.50	243.9	7.6	17.1	2.0	-120.3	31.1	-25.9	261.7	380.9	-6642.7	-1896.7	-61.7	
83.55	245.6	7.6	17.3	2.0	-123.3	31.2	-20.9	269.2	372.2	-6925.7	-1668.8	-63.9	
83.60	247.2	7.7	20.0	2.0	-126.4	31.3	-14.9	281.5	365.0	-7167.6	-1523.0	-57.6	
83.65	248.8	7.7	22.4	2.0	-128.0	31.4	-9.1	290.5	357.2	-7291.9	-1421.7	-51.0	
83.70	250.5	7.5	22.6	2.0	-127.5	31.5	-5.0	288.7	347.5	-7280.2	-1332.1	-49.9	
83.75	252.1	7.4	20.6	2.0	-125.1	31.6	-3.9	283.5	336.0	-7125.3	-1304.8	-54.3	
83.80	253.7	7.4	19.6	2.0	-122.3	31.7	-5.8	277.5	324.5	-6922.8	-1387.4	-55.1	
83.85	255.3	7.2	20.7	2.0	-119.8	31.8	-11.6	271.4	314.2	-6706.2	-1611.7	-48.8	
83.90	256.9	7.0	22.4	2.0	-117.7	31.9	-22.0	268.3	303.8	-6466.6	-1954.9	-41.0	
83.95	258.5	6.9	25.6	2.0	-117.0	32.0	-34.7	266.0	292.0	-6300.9	-2315.6	-29.0	
84.00	260.1	7.0	30.9	2.0	-117.8	32.1	-45.3	266.7	280.1	-6233.0	-2647.3	-11.5	
84.05	261.7	7.2	37.1	2.0	-118.9	32.2	-51.3	269.6	270.1	-6183.6	-2949.6	8.4	
84.10	263.3	7.3	42.3	2.0	-119.5	32.3	-52.8	270.5	262.2	-6119.3	-3198.6	25.5	
84.15	264.9	7.2	46.4	2.0	-119.6	32.4	-53.3	272.2	252.5	-6030.2	-3383.7	39.7	
84.20	266.4	7.3	50.0	2.0	-120.2	32.5	-56.6	274.4	240.7	-5984.5	-3555.9	51.3	
84.25	268.0	7.3	53.9	2.0	-121.7	32.6	-63.6	274.4	229.4	-5982.2	-3780.7	63.4	
84.30	269.5	6.9	55.9	2.0	-123.6	32.7	-71.9	273.0	220.5	-5974.4	-4062.9	68.2	
84.35	271.1	6.8	56.7	2.0	-125.5	32.8	-80.5	270.7	212.4	-5957.9	-4349.9	69.2	
84.40	272.6	6.8	56.8	2.0	-127.4	32.9	-87.1	268.5	201.8	-6017.5	-4517.9	67.5	
84.45	274.1	7.0	57.1	2.0	-128.9	33.0	-89.4	271.0	189.5	-6143.8	-4549.8	66.9	
84.50	275.6	6.7	54.8	2.0	-129.6	33.1	-84.7	271.7	178.9	-6288.9	-4452.0	58.7	
84.55	277.1	6.4	51.7	2.0	-129.6	33.2	-75.0	269.4	171.2	-6431.1	-4278.4	47.8	
84.60	278.6	6.1	49.7	2.0	-130.1	33.3	-64.9	271.3	162.5	-6634.3	-4049.0	40.5	
84.65	280.1	5.9	49.1	2.0	-132.0	33.4	-57.6	278.6	151.4	-6933.3	-3808.3	36.7	
84.70	281.6	6.0	48.9	2.0	-134.4	33.5	-53.7	286.5	140.0	-7231.2	-3596.0	33.3	
84.75	283.1	6.2	46.5	2.0	-135.8	33.6	-50.1	291.3	131.6	-7424.8	-3425.2	24.0	
84.80	284.5	6.3	43.0	2.0	-136.2	33.7	-45.8	291.0	125.8	-7537.1	-3273.2	11.4	
84.85	286.0	6.5	39.7	2.0	-136.1	33.8	-42.4	288.5	117.6	-7624.4	-3073.2	0.3	
84.90	287.4	7.1	35.6	2.0	-135.1	33.9	-40.1	285.2	105.9	-7659.8	-2828.0	-13.0	
84.95	288.9	7.2	31.2	2.0	-133.5	34.0	-37.4	280.2	94.9	-7635.8	-2607.7	-26.4	
85.00	290.3	7.1	28.5	2.0	-132.4	34.1	-33.7	277.6	88.3	-7610.4	-2468.1	-34.5	
85.05	291.7	6.9	29.1	2.0	-132.5	34.2	-31.1	280.6	83.2	-7643.8	-2381.6	-32.8	
85.10	293.1	6.7	30.9	2.0	-132.7	34.3	-30.2	283.0	75.5	-7693.3	-2266.6	-26.5	
85.15	294.5	6.6	31.3	2.0	-131.2	34.4	-30.4	280.8	66.1	-7627.8	-2127.1	-23.7	
85.20	295.9	6.5	30.9	2.0	-127.9	34.5	-28.2	275.6	59.7	-7425.1	-1993.6	-21.7	
85.25	297.3	6.3	31.4	2.0	-123.8	34.6	-23.7	269.3	55.7	-7161.6	-1885.2	-16.0	
85.30	298.7	6.2	31.8	2.0	-118.8	34.7	-21.6	262.6	49.3	-6813.0	-1821.2	-9.6	
85.35	300.1	6.2	30.7	2.0	-112.8	34.8	-24.4	252.0	39.8	-6378.8	-1811.3	-7.4	
85.40	301.5	6.1	30.1	2.0	-106.8	34.9	-28.6	238.1	31.2	-5944.5	-1846.4	-3.6	
85.45	302.8	6.2	31.6	2.0	-102.4	35.0	-31.8	229.9	25.3	-5595.7	-1924.1	6.2	
85.50	304.2	6.4	35.3	2.0	-99.4	35.1	-33.1	226.8	19.4	-5343.2	-1987.3	21.7	
85.55	305.5	6.6	37.1	2.0	-96.0	35.2	-32.8	222.0	11.5	-5090.2	-1991.0	31.4	
85.60	306.9	6.7	36.6	2.0	-91.7	35.3	-31.5	213.9	3.6	-4785.3	-1951.6	34.0	
85.65	308.2	6.7	36.2	2.0	-87.5	35.4	-29.1	203.3	-2.6	-4494.1	-1910.4	36.7	
85.70	309.6	6.7	36.0	2.0	-84.0	35.5	-26.8	194.4	-9.5	-4238.0	-1900.0	39.7	
85.75	310.9	6.7	35.7	2.0	-81.0	35.6	-26.9	188.9	-18.2	-3977.0	-1937.4	41.4	
85.80	312.2	6.8	34.6	2.0	-78.2	35.7	-28.5	182.2	-26.9	-3737.6	-1966.0	40.6	
85.85	313.5	6.8	33.9	2.0	-76.0	35.8	-29.9	175.4	-35.0	-3579.1	-1940.8	40.2	
85.90	314.8	6.8	33.4	2.0	-74.9	35.9	-30.1	172.8	-43.5	-3530.8	-1855.8	39.9	
85.95	316.1	6.6	32.4	2.0	-74.8	36.0	-28.3	172.2	-52.7	-3579.9	-1726.5	36.5	
86.00	317.4	6.6	30.9	2.0	-74.8	36.1	-24.5	170.7	-60.3	-3648.4	-1586.2	31.4	
86.05	318.7	6.3	28.9	2.0	-75.0	36.2	-20.2	169.2	-65.5	-3715.3	-1465.9	24.1	
86.10	319.9	6.0	27.8	2.0	-76.1	36.3	-17.6	167.7	-71.4	-3839.5	-1368.0	19.4	
86.15	321.2	5.5	26.6	2.0	-78.0	36.4	-17.7	167.7	-79.2	-4007.1	-1317.0	13.2	
86.20	322.5	5.4	24.4	2.0	-79.8	36.5	-18.7	167.4	-85.9	-4147.5	-1308.0	3.8	
86.25	323.8	5.3	21.8	2.0	-81.2	36.6	-19.4	164.2	-89.4	-4261.3	-1307.4	-6.5	
86.30	325.0	5.0	20.2	2.0	-82.4	36.7	-19.9	162.7	-93.3	-4368.9	-1283.5	-13.1	
86.35	326.3	5.1	19.8	2.0	-83.7	36.8	-21.4	163.6	-100.4	-4471.8	-1248.4	-15.6	
86.40	327.5	5.3	19.6	2.0	-84.5	36.9	-22.2	162.4	-106.9	-4531.9	-1236.9	-17.4	
86.45	328.8	5.8	18.6	2.0	-84.2	37.0	-21.5	159.0	-108.5	-4506.4	-1291.2	-20.4	
86.50	330.0	5.9	18.5	2.0	-83.5	37.1	-20.3	153.7	-108.4	-4438.6	-1376.6	-19.8	
86.55	331.2	5.9	19.7	2.0	-82.8	37.2	-20.2	149.6	-111.7	-4366.8	-1457.7	-15.2	
86.60	332.5	5.8	21.5	2.0	-81.8	37.3	-20.6	146.9	-116.8	-4261.1	-1540.0	-7.8	
86.65	333.7	5.3	22.3	2.0	-80.1	37.4	-21.0	141.1	-119.4	-4098.9	-1651.1	-3.5	
86.70	334.9	5.1	22.6	2.0	-77.9	37.5	-22.1	132.3	-120.4	-3878.0	-1800.9	-0.2	
86.75	336.1	5.1	23.6	2.0	-75.8	37.6	-25.8	123.8	-123.8	-3631.6	-1983.5	5.3	
86.80	337.3	5.4	25.5	2.0	-74.0	37.7	-30.8	115.2	-129.2	-3376.6	-2177.8	13.4	
86.85	338.5	5.6	26.6	2.0	-71.9	37.8	-34.6	105.8	-132.7	-3071.2	-2371.1	19.5	
86.90	339.7	5.7	27.4	2.0	-69.6	37.9	-36.7	95.8	-134.0	-2731.9	-2538.2	24.4	
86.95	340.8	5.8	28.1	2.0	-67.4	38.0	-37.4	85.8	-136.4	-2443.0	-2632.4	29.0	
87.00	342.0	5.9	29.7	2.0	-65.5	38.1	-37.8	78.1	-141.4	-2210.9	-2657.9	36.5	
87.05	343.2	6.0	31.0	2.0	-63.6	38.2	-38.4	71.9	-145.8	-1993.9	-2664.7	42.7	
87.10	344.3	5.7	31.6	2.0	-61.8	38.3	-39.3	65.1	-148.7	-1762.2	-2682.7	46.5	
87.15	345.4	5.8	32.1	2.0	-60.6	38.4	-41.7	60.0	-152.1	-1535.6	-2720.8	49.5	
87.20	346.6	6.0	32.6	2.0	-60.0	38.5	-45.6	55.9	-156.9	-1352.1	-2758.7	51.9	
87.25	347.7	6.2	31.6	2.0	-59.2	38.6	-48.9	49.0	-160.8	-1187.5	-2773.8	49.3	
87.30	348.9	6.4	30.0	2.0	-57.8	38.7	-50.0	40.9	-162.8	-1015.8	-2748.2	45.0	
87.35	350.0	6.4	28.0	2.0	-56.2	38.8	-49.6	35.1	-164.7	-884.5	-2673.0	39.9	
87.40	351.1	5.9	26.9	2.0	-54.2	38.9	-47.6	33.3	-167.8	-844.9	-2532.1	38.0	
87.45	352.2	5.7	26.0	2.0	-51.8	39.0	-44.3	33.5	-170.6	-841.5	-2348.0	37.6	
87.50	353.3	5.6	24.1	2.0	-49.2	39.1	-40.7	30.8	-171.7	-810.8	-2160.9	33.5	
87.55	354.4	5.6	21.5	2.0	-46.5	39.2	-37.2	25.7	-172.9	-761.3	-1974.7	27.3	
87.60	355.6	5.9	19.4	2.0	-43.9	39.3	-33.9	23.0	-175.1	-722.9	-1793.8	22.6	
87.65	356.7	6.0	17.2	2.0	-41.3	39.4	-29.8	20.7	-176.7	-670.5	-1619.3	17.7	
87.70	357.7	5.9	14.1	2.0	-38.6	39.5	-25.2	15.3	-176.7	-563.7	-1462.3	9.9	
87.75	358.8	5.9	10.7	2.0	-36.2	39.6	-21.5	8.0	-176.9	-441.0	-1327.0	0.6	
87.80	359.9	6.2	8.3	2.0	-34.2	39.7	-18.2	2.8	-178.1	-386.3	-1198.5	-5.7	
87.85	1.0	6.6	7.3	2.0	-32.5	39.8	-14.7	0.2	-179.0	-390.9	-1078.7	-7.3	
87.90	2.1	6.5	6.3	2.0	-31.0	39.9	-10.7	-2.9	-178.5	-365.9	-973.8	-9.2	
87.95	3.1	6.3	5.0	2.0	-29.8	40.0	-8.2	-7.5	-178.1	-288.1	-904.4	-12.6	
88.00	4.2	6.1	4.5	2.0	-29.1	40.1	-7.2	-11.9	-179.1	-204.2	-861.2	-13.6	
88.05	5.2	6.1	4.8	2.0	-28.7	40.2	-6.6	-15.5	-179.7	-120.0	-844.2	-12.3	
88.10	6.3	6.3	4.7	2.0	-28.9	40.3	-6.2	-21.9	-178.7	23.4	-850.4	-12.9	
88.15	7.3	6.4	4.0	2.0	-30.0	40.4	-6.8	-31.2	-178.2	248.8	-871.2	-16.1	
88.20	8.3	6.6	4.1	2.0	-31.9	40.5	-8.8	-39.0	-179.8	479.9	-904.6	-17.8	
88.25	9.4	6.5	5.8	2.0	-33.8	40.6	-10.7	-43.3	-181.5	648.8	-948.6	-13.9	
88.30	10.4	6.4	7.7	2.0	-35.9	40.7	-12.8	-46.9	-181.3	794.1	-1027.0	-9.4	
88.35	11.4	6.3	9.4	2.0	-38.8	40.8	-16.1	-54.1	-180.4	970.3	-1142.8	-6.6	
88.40	12.4	6.4	10.6	2.0	-42.3	40.9	-20.8	-62.9	-181.3	1165.8	-1284.7	-5.9	
88.45	13.5	6.5	12.7	2.0	-45.8	41.0	-25.2	-69.5	-182.7	1355.1	-1437.7	-2.3	
88.50	14.5	6.7	15.5	2.0	-49.4	41.1	-28.2	-75.2	-181.9	1559.3	-1597.0	3.6	
88.55	15.5	6.8	17.5	2.0	-53.8	41.2	-31.1	-83.1	-180.2	1825.4	-1762.8	6.4	
88.60	16.5	6.9	18.9	2.0	-58.4	41.3	-35.1	-91.9	-181.2	2110.5	-1921.9	6.5	
88.65	17.5	7.0	21.4	2.0	-62.1	41.4	-39.3	-98.6	-183.7	2333.9	-2063.5	11.2	
88.70	18.5	7.1	24.1	2.0	-64.9	41.5	-41.2	-102.4	-184.5	2501.6	-2176.8	17.8	
88.75	19.4	7.1	26.0	2.0	-67.6	41.6	-41.8	-105.0	-183.1	2670.4	-2272.7	21.8	
88.80	20.4	7.2	27.1	2.0	-69.9	41.7	-43.1	-108.7	-182.9	2818.8	-2349.3	23.1	
88.85	21.4	7.0	28.1	2.0	-71.4	41.8	-44.5	-112.3	-184.2	2912.7	-2397.8	25.2	
88.90	22.4	7.2	28.7	2.0	-72.2	41.9	-44.0	-115.2	-183.6	2964.7	-2422.6	26.2	
88.95	23.3	7.3	28.6	2.0	-72.8	42.0	-41.5	-119.8	-180.3	3021.4	-2409.8	25.3	
89.00	24.3	7.2	26.9	2.0	-73.2	42.1	-38.9	-124.6	-178.2	3089.6	-2354.2	19.3	
89.05	25.2	7.0	25.7	2.0	-72.6	42.2	-36.6	-127.8	-178.9	3106.4	-2243.0	15.8	
89.10	26.2	6.8	23.8	2.0	-70.8	42.3	-33.3	-129.8	-179.3	3049.3	-2089.1	10.8	
89.15	27.1	6.6	21.4	2.0	-68.7	42.4	-30.2	-130.2	-176.7	2962.1	-1934.4	4.8	
89.20	28.0	6.7	18.5	2.0	-66.4	42.5	-27.7	-130.7	-173.9	2870.4	-1761.4	-3.0	
89.25	29.0	6.8	15.5	2.0	-64.0	42.6	-25.2	-131.2	-173.3	2779.4	-1550.5	-10.9	
89.30	29.9	6.7	13.1	2.0	-61.6	42.7	-21.4	-131.2	-172.0	2701.1	-1322.4	-16.7	
89.35	30.8	6.7	10.7	2.0	-59.9	42.8	-15.5	-133.0	-167.9	2659.1	-1091.2	-23.1	
89.40	31.7	6.7	8.2	2.0	-58.6	42.9	-9.8	-135.6	-163.5	2637.2	-871.3	-30.5	
89.45	32.6	6.5	6.3	2.0	-57.6	43.0	-6.0	-138.2	-161.9	2612.4	-672.1	-36.2	
89.50	33.5	6.5	5.3	2.0	-57.1	43.1	-4.2	-141.3	-161.5	2598.0	-525.7	-38.9	
89.55	34.4	6.4	4.6	2.0	-57.6	43.2	-3.6	-143.9	-158.9	2639.0	-457.9	-41.8	
89.60	35.3	6.0	4.4	2.0	-58.9	43.3	-3.9	-147.1	-155.6	2737.3	-452.8	-43.8	
89.65	36.2	5.8	5.0	2.0	-61.0	43.4	-5.4	-152.1	-153.5	2872.8	-494.3	-43.9	
89.70	37.1	5.9	5.8	2.0	-63.8	43.5	-7.5	-158.4	-151.9	3061.9	-575.9	-43.8	
89.75	38.0	6.2	6.9	2.0	-67.5	43.6	-9.2	-165.6	-149.6	3303.2	-674.8	-43.7	
89.80	38.9	6.3	8.9	2.0	-71.4	43.7	-10.4	-172.2	-147.4	3562.6	-779.8	-40.9	
89.85	39.8	6.5	11.7	2.0	-75.0	43.8	-12.2	-175.8	-146.5	3807.1	-903.2	-34.9	
89.90	40.7	6.6	14.9	2.0	-78.7	43.9	-14.7	-180.0	-146.0	4044.9	-1066.1	-27.6	
89.95	41.5	6.3	18.4	2.0	-83.0	44.0	-17.9	-186.9	-144.1	4302.0	-1280.7	-19.8	
90.00	42.4	6.4	21.3	2.0	-87.4	44.1	-22.1	-193.2	-141.7	4557.3	-1521.2	-14.2	
90.05	43.3	6.6	23.9	2.0	-91.4	44.2	-26.0	-198.1	-140.2	4789.2	-1727.7	-9.3	
90.10	44.1	6.6	26.3	2.0	-95.2	44.3	-28.2	-204.2	-138.5	5018.6	-1882.7	-5.0	
90.15	45.0	6.4	27.6	2.0	-99.2	44.4	-28.7	-212.4	-135.6	5276.2	-1992.7	-4.3	
90.20	45.8	6.2	28.1	2.0	-102.4	44.5	-29.1	-220.2	-132.8	5494.0	-2055.2	-6.0	
90.25	46.7	6.5	28.4	2.0	-104.2	44.6	-30.3	-224.9	-131.8	5618.6	-2065.5	-6.7	
90.30	47.5	6.6	28.4	2.0	-105.1	44.7	-32.0	-226.4	-130.8	5689.1	-2059.5	-7.5	
90.35	48.3	6.6	28.3	2.0	-105.6	44.8	-32.8	-228.4	-127.9	5735.1	-2039.3	-8.5	
90.40	49.1	6.8	27.4	2.0	-105.9	44.9	-32.4	-230.6	-124.6	5772.4	-1979.2	-11.7	
90.45	50.0	6.7	26.5	2.0	-105.4	45.0	-31.3	-231.2	-122.1	5771.5	-1868.9	-14.6	
90.50	50.8	6.7	25.0	2.0	-104.0	45.1	-27.2	-232.0	-119.9	5718.9	-1678.5	-18.1	
90.55	51.6	6.5	23.0	2.0	-102.6	45.2	-21.1	-233.9	-115.8	5667.8	-1465.1	-23.5	
90.60	52.4	6.3	21.1	2.0	-101.0	45.3	-15.1	-234.9	-111.4	5601.1	-1249.4	-28.6	
90.65	53.2	6.2	19.1	2.0	-98.8	45.4	-10.5	-233.5	-109.1	5478.1	-1030.0	-33.1	
90.70	54.0	6.3	17.4	2.0	-96.4	45.5	-7.8	-230.8	-107.4	5338.6	-840.5	-36.6	
90.75	54.8	6.4	15.5	2.0	-94.5	45.6	-6.5	-229.1	-104.1	5215.9	-709.8	-41.1	
90.80	55.6	6.5	13.7	2.0	-93.1	45.7	-5.0	-229.4	-100.4	5127.0	-605.5	-46.2	
90.85	56.4	6.5	12.2	2.0	-92.3	45.8	-3.8	-229.8	-98.0	5076.2	-504.4	-50.4	
90.90	57.2	6.5	10.6	2.0	-91.9	45.9	-2.2	-230.0	-96.2	5056.7	-397.3	-55.4	
90.95	58.0	6.5	9.4	2.0	-92.1	46.0	1.9	-232.0	-93.6	5078.5	-263.1	-59.8	
91.00	58.8	6.4	8.9	2.0	-92.6	46.1	6.9	-234.3	-90.4	5119.1	-143.2	-62.0	
91.05	59.5	6.4	9.2	2.0	-92.6	46.2	10.6	-234.8	-87.9	5121.3	-52.1	-61.0	
91.10	60.3	6.6	9.9	2.0	-92.3	46.3	12.7	-233.7	-86.1	5096.7	5.0	-58.2	
91.15	61.1	6.7	10.9	2.0	-92.4	46.4	13.1	-232.7	-83.2	5109.1	3.2	-55.0	
91.20	61.9	6.7	11.4	2.0	-93.3	46.5	12.5	-234.2	-79.6	5182.5	-42.6	-54.3	
91.25	62.6	6.8	12.1	2.0	-95.1	46.6	10.1	-237.4	-76.6	5306.6	-126.8	-53.6	
91.30	63.4	6.8	12.7	2.0	-97.5	46.7	6.6	-242.9	-74.0	5472.2	-241.8	-53.8	
91.35	64.2	7.1	12.8	2.0	-100.4	46.8	3.0	-250.4	-70.5	5665.5	-386.3	-56.4	
91.40	64.9	7.1	13.5	2.0	-103.5	46.9	-1.2	-257.3	-66.7	5871.6	-548.2	-57.1	
91.45	65.7	6.9	14.9	2.0	-106.0	47.0	-5.6	-261.4	-64.4	6036.9	-695.0	-55.0	
91.50	66.4	6.7	17.0	2.0	-107.9	47.1	-9.5	-263.2	-62.6	6156.7	-835.8	-49.6	
91.55	67.1	6.8	19.0	2.0	-109.7	47.2	-12.3	-264.8	-58.6	6268.5	-992.9	-44.5	
91.60	67.9	6.8	21.0	2.0	-111.3	47.3	-13.6	-267.2	-53.5	6367.8	-1129.2	-39.1	
91.65	68.6	6.7	22.9	2.0	-112.8	47.4	-14.2	-269.4	-50.0	6463.1	-1213.1	-34.1	
91.70	69.3	6.4	23.1	2.0	-114.6	47.5	-15.8	-271.1	-47.2	6585.0	-1284.9	-35.3	
91.75	70.1	6.2	24.1	2.0	-116.7	47.6	-16.5	-274.9	-44.0	6726.5	-1348.0	-33.8	
91.80	70.8	6.3	24.9	2.0	-118.8	47.7	-16.9	-279.8	-40.0	6859.3	-1420.7	-33.3	
91.85	71.5	6.2	24.9	2.0	-120.3	47.8	-18.4	-283.1	-37.2	6954.9	-1478.7	-34.9	
91.90	72.3	6.1	24.5	2.0	-121.1	47.9	-20.7	-285.9	-36.6	7006.3	-1495.1	-37.1	
91.95	73.0	6.3	23.6	2.0	-121.5	48.0	-21.4	-288.4	-35.8	7035.3	-1475.3	-40.4	
92.00	73.7	6.4	23.0	2.0	-121.2	48.1	-19.7	-287.7	-33.0	7025.0	-1434.0	-42.3	
92.05	74.4	6.5	22.9	2.0	-119.8	48.2	-15.2	-285.1	-30.0	6948.0	-1325.3	-41.1	
92.10	75.2	6.6	21.8	2.0	-117.8	48.3	-10.0	-282.3	-28.0	6837.5	-1156.1	-42.8	
92.15	75.9	6.6	20.2	2.0	-116.2	48.4	-5.2	-280.8	-25.8	6751.3	-965.4	-46.7	
92.20	76.6	6.7	18.7	2.0	-114.7	48.5	-0.6	-280.2	-23.0	6661.4	-774.7	-50.5	
92.25	77.3	6.8	17.9	2.0	-112.6	48.6	3.9	-277.4	-20.3	6536.6	-591.9	-51.1	
92.30	78.0	6.7	16.5	2.0	-110.7	48.7	6.4	-272.6	-17.9	6415.7	-438.9	-53.9	
92.35	78.7	6.7	15.3	2.0	-109.6	48.8	7.3	-271.3	-15.8	6349.1	-301.3	-57.1	
92.40	79.4	6.7	12.6	2.0	-109.3	48.9	7.3	-273.8	-13.5	6323.9	-186.0	-66.2	
92.45	80.0	6.6	11.3	2.0	-109.1	49.0	8.2	-275.2	-10.6	6307.2	-71.4	-70.2	
92.50	80.7	6.5	10.6	2.0	-108.5	49.1	10.8	-274.8	-7.1	6266.3	57.6	-72.0	
92.55	81.4	6.4	10.1	2.0	-108.0	49.2	14.6	-274.1	-2.9	6228.8	188.2	-73.2	
92.60	82.0	6.5	9.9	2.0	-107.9	49.3	17.8	-274.0	1.8	6223.8	291.3	-74.0	
92.65	82.7	6.6	10.1	2.0	-108.1	49.4	20.2	-274.8	6.1	6226.0	372.9	-73.4	
92.70	83.4	6.7	10.6	2.0	-108.2	49.5	21.5	-274.4	9.7	6228.8	415.1	-71.8	
92.75	84.0	6.8	10.7	2.0	-108.6	49.6	21.1	-272.7	13.3	6263.1	395.4	-71.8	
92.80	84.7	6.9	11.7	2.0	-109.7	49.7	19.1	-273.7	17.0	6341.8	322.9	-69.5	
92.85	85.3	6.9	12.3	2.0	-111.3	49.8	15.7	-278.1	20.0	6455.1	216.8	-68.9	
92.90	86.0	6.9	12.6	2.0	-113.1	49.9	10.9	-281.7	22.3	6581.6	80.0	-69.8	
92.95	86.7	6.7	13.2	2.0	-114.8	50.0	6.4	-284.5	24.7	6700.1	-80.0	-69.6	
93.00	87.3	6.7	14.3	2.0	-116.2	50.1	3.0	-287.0	27.6	6793.9	-247.1	-67.2	
93.05	88.0	6.9	15.4	2.0	-117.4	50.2	0.1	-288.0	30.1	6870.3	-409.3	-64.3	
93.10	88.6	7.0	16.7	2.0	-118.2	50.3	-2.2	-288.7	31.6	6925.5	-543.1	-60.9	
93.15	89.3	7.1	18.0	2.0	-118.8	50.4	-3.2	-288.5	32.9	6959.0	-649.6	-57.0	
93.20	89.9	7.2	19.3	2.0	-119.3	50.5	-3.5	-287.0	35.0	6987.8	-747.6	-53.0	
93.25	90.5	7.5	20.5	2.0	-119.7	50.6	-2.8	-286.5	37.4	7009.1	-819.9	-49.2	
93.30	91.2	7.3	21.1	2.0	-120.4	50.7	-3.1	-287.9	39.5	7047.2	-881.3	-48.1	
93.35	91.8	6.7	21.0	2.0	-121.3	50.8	-5.3	-289.8	41.0	7105.1	-948.9	-49.3	
93.40	92.5	6.3	20.8	2.0	-122.1	50.9	-7.8	-292.2	42.3	7146.0	-1008.6	-50.8	
93.45	93.1	6.1	20.5	2.0	-122.5	51.0	-9.9	-293.6	44.5	7164.0	-1069.6	-52.2	
93.50	93.7	6.1	20.3	2.0	-122.4	51.1	-11.5	-293.1	47.3	7149.1	-1117.0	-52.8	
93.55	94.3	6.0	19.8	2.0	-121.5	51.2	-12.0	-291.6	49.5	7081.0	-1109.6	-53.4	
93.60	95.0	5.8	18.9	2.0	-119.8	51.3	-11.6	-289.0	51.7	6969.4	-1051.0	-54.8	
93.65	95.6	5.6	18.5	2.0	-117.8	51.4	-9.3	-285.6	55.3	6837.2	-953.9	-54.4	
93.70	96.2	5.6	18.3	2.0	-115.7	51.5	-4.8	-282.9	59.8	6697.1	-824.0	-52.9	
93.75	96.8	5.4	17.1	2.0	-113.9	51.6	-0.3	-279.9	64.6	6583.7	-689.3	-55.2	
93.80	97.4	5.4	16.2	2.0	-112.6	51.7	2.9	-277.4	68.9	6499.2	-554.2	-57.0	
93.85	98.0	5.5	15.1	2.0	-111.4	51.8	5.2	-276.0	72.1	6420.7	-412.7	-59.7	
93.90	98.6	5.4	13.9	2.0	-110.5	51.9	6.6	-274.5	75.2	6360.2	-287.9	-62.8	
93.95	99.2	5.3	12.7	2.0	-109.7	52.0	8.0	-273.2	78.6	6308.5	-172.3	-66.2	
94.00	99.8	5.2	11.6	2.0	-109.1	52.1	10.3	-272.9	81.7	6257.3	-35.2	-69.4	
94.05	100.3	5.0	10.4	2.0	-108.7	52.2	12.5	-272.6	84.2	6228.2	111.5	-72.8	
94.10	100.9	4.8	9.5	2.0	-108.6	52.3	15.3	-272.2	86.5	6211.8	254.2	-76.0	
94.15	101.5	4.5	8.9	2.0	-108.3	52.4	19.6	-271.7	89.3	6184.5	385.2	-77.7	
94.20	102.1	4.5	8.6	2.0	-108.1	52.5	23.5	-270.6	92.6	6163.3	482.0	-78.7	
94.25	102.7	4.4	8.7	2.0	-108.1	52.6	26.3	-269.5	95.1	6158.2	561.6	-78.3	
94.30	103.3	4.3	9.0	2.0	-108.2	52.7	28.1	-268.7	96.1	6160.0	633.6	-77.5	
94.35	103.8	4.4	9.0	2.0	-108.5	52.8	28.1	-267.2	97.3	6182.0	653.4	-77.5	
94.40	104.4	4.3	9.7	2.0	-109.0	52.9	27.2	-266.5	99.2	6219.5	630.6	-75.7	
94.45	105.0	4.2	10.1	2.0	-109.7	53.0	25.5	-267.8	101.2	6279.1	581.6	-75.0	
94.50	105.6	4.3	10.4	2.0	-111.0	53.1	21.7	-269.6	102.4	6376.4	497.2	-75.2	
94.55	106.1	4.5	11.0	2.0	-112.5	53.2	17.5	-272.2	103.8	6493.8	382.1	-74.8	
94.60	106.7	4.8	11.5	2.0	-113.9	53.3	14.3	-274.8	106.3	6595.1	244.2	-74.3	
94.65	107.3	5.0	12.5	2.0	-115.0	53.4	11.7	-275.6	109.7	6677.4	86.7	-72.0	
94.70	107.8	5.3	13.9	2.0	-115.7	53.5	9.6	-275.0	112.7	6731.5	-58.2	-68.0	
94.75	108.4	5.5	15.5	2.0	-116.1	53.6	8.3	-274.5	115.1	6759.0	-164.3	-62.9	
94.80	108.9	5.5	16.9	2.0	-116.5	53.7	7.2	-274.1	117.9	6786.3	-258.2	-58.4	
94.85	109.5	5.5	17.8	2.0	-117.0	53.8	6.5	-273.9	121.6	6819.8	-354.2	-56.0	
94.90	110.0	5.6	18.5	2.0	-117.7	53.9	5.8	-274.6	125.4	6860.2	-448.9	-54.2	
94.95	110.6	5.7	18.8	2.0	-118.3	54.0	3.6	-274.5	128.5	6892.5	-547.1	-53.8	
95.00	111.1	5.6	19.0	2.0	-118.6	54.1	0.2	-274.0	130.9	6913.1	-639.7	-53.3	
95.05	111.7	5.6	19.0	2.0	-118.5	54.2	-2.1	-274.3	133.0	6897.2	-704.9	-53.4	
95.10	112.2	5.7	18.5	2.0	-117.7	54.3	-3.3	-272.6	135.7	6834.4	-745.0	-54.3	
95.15	112.8	5.7	17.9	2.0	-116.2	54.4	-2.8	-268.8	138.2	6726.6	-737.3	-54.9	
95.20	113.3	5.8	17.4	2.0	-114.0	54.5	0.4	-265.5	140.0	6579.9	-641.7	-54.4	
95.25	113.9	5.9	16.8	2.0	-111.7	54.6	5.3	-262.0	141.9	6428.0	-483.5	-54.2	
95.30	114.4	6.1	15.6	2.0	-109.5	54.7	11.2	-258.2	144.5	6278.9	-299.2	-55.8	
95.35	114.9	6.1	14.4	2.0	-107.1	54.8	17.9	-254.8	147.1	6110.4	-85.3	-57.7	
95.40	115.5	6.0	13.0	2.0	-104.9	54.9	23.5	-251.7	148.8	5948.0	130.5	-60.3	
95.45	116.0	6.1	11.3	2.0	-103.3	55.0	26.3	-248.5	150.2	5828.8	308.8	-64.6	
95.50	116.5	6.1	9.5	2.0	-102.2	55.1	27.7	-247.3	151.3	5734.3	458.5	-69.7	
95.55	117.1	6.0	7.7	2.0	-101.0	55.2	28.8	-246.2	152.4	5637.5	589.4	-74.4	
95.60	117.6	5.9	6.3	2.0	-100.1	55.3	29.5	-243.6	154.0	5557.8	695.0	-78.4	
95.65	118.1	5.8	5.1	2.0	-99.3	55.4	31.1	-242.4	155.9	5487.6	804.7	-81.7	
95.70	118.6	5.7	4.5	2.0	-98.7	55.5	33.6	-242.2	157.8	5418.3	914.6	-83.3	
95.75	119.2	5.7	4.2	2.0	-98.0	55.6	35.5	-240.3	160.3	5358.8	984.5	-83.4	
95.80	119.7	5.8	4.7	2.0	-97.4	55.7	37.4	-237.8	163.5	5307.0	1013.2	-81.2	
95.85	120.2	6.0	5.6	2.0	-96.8	55.8	38.6	-235.3	166.6	5272.6	995.4	-77.4	
95.90	120.7	6.2	6.5	2.0	-96.7	55.9	37.6	-232.7	169.5	5281.5	920.8	-74.5	
95.95	121.2	6.1	7.5	2.0	-97.0	56.0	35.3	-231.8	172.3	5327.0	820.3	-71.2	
96.00	121.7	5.9	8.6	2.0	-97.8	56.1	32.7	-233.3	174.9	5397.6	712.6	-68.2	
96.05	122.2	5.8	9.4	2.0	-99.0	56.2	29.0	-234.3	177.5	5502.2	571.9	-66.6	
96.10	122.7	5.8	10.2	2.0	-100.3	56.3	24.8	-234.8	180.0	5613.9	406.2	-65.5	
96.15	123.2	5.7	11.4	2.0	-101.4	56.4	21.5	-236.3	182.5	5697.5	251.7	-62.2	
96.20	123.7	5.7	12.6	2.0	-102.3	56.5	18.2	-237.4	185.0	5765.7	101.3	-58.9	
96.25	124.2	5.6	13.3	2.0	-103.0	56.6	15.5	-237.0	187.1	5822.4	-34.8	-57.3	
96.30	124.7	5.5	14.1	2.0	-103.3	56.7	15.1	-236.0	188.5	5842.8	-122.6	-54.7	
96.35	125.2	5.3	15.4	2.0	-103.1	56.8	16.6	-234.4	190.2	5831.2	-161.8	-50.3	
96.40	125.7	5.1	15.9	2.0	-103.0	56.9	17.7	-233.3	192.3	5824.7	-185.1	-48.6	
96.45	126.2	5.1	15.8	2.0	-103.2	57.0	17.9	-233.6	193.5	5835.4	-201.1	-49.0	
96.50	126.7	5.0	15.4	2.0	-103.1	57.1	17.2	-233.4	193.6	5831.6	-213.4	-50.3	
96.55	127.2	5.2	15.1	2.0	-102.6	57.2	15.8	-231.0	194.3	5797.6	-234.7	-50.7	
96.60	127.7	5.3	15.0	2.0	-101.8	57.3	14.8	-229.7	195.9	5743.5	-240.5	-50.4	
96.65	128.2	5.4	14.3	2.0	-101.2	57.4	14.1	-229.9	196.9	5693.6	-216.6	-52.2	
96.70	128.7	5.4	12.8	2.0	-100.4	57.5	13.4	-228.2	196.6	5639.5	-163.9	-56.3	
96.75	129.2	5.6	12.1	2.0	-99.0	57.6	15.6	-225.6	196.9	5542.1	-52.8	-57.4	
96.80	129.6	5.8	12.0	2.0	-97.4	57.7	20.8	-223.9	199.5	5424.5	94.4	-56.1	
96.85	130.1	5.8	11.2	2.0	-96.3	57.8	25.2	-221.8	203.0	5339.7	224.1	-57.7	
96.90	130.6	5.9	10.5	2.0	-95.3	57.9	27.5	-219.2	204.4	5262.8	345.0	-59.3	
96.95	131.1	6.1	10.1	2.0	-93.9	58.0	29.9	-215.7	205.0	5154.2	470.9	-59.2	
97.00	131.5	6.1	9.9	2.0	-92.6	58.1	32.0	-211.8	207.9	5054.8	557.4	-58.8	
97.05	132.0	6.1	9.0	2.0	-91.8	58.2	33.3	-209.6	212.0	4993.2	610.7	-60.8	
97.10	132.5	6.2	7.9	2.0	-91.1	58.3	33.9	-208.0	213.5	4930.9	680.8	-64.1	
97.15	132.9	6.3	7.2	2.0	-90.0	58.4	33.7	-204.7	213.3	4849.7	759.6	-65.2	
97.20	133.4	6.1	6.8	2.0	-88.9	58.5	34.1	-201.8	215.2	4758.7	820.3	-65.4	
97.25	133.9	5.9	6.4	2.0	-88.0	58.6	36.0	-201.2	219.1	4679.3	860.0	-65.9	
97.30	134.3	5.9	5.8	2.0	-87.2	58.7	37.1	-199.7	221.6	4612.3	884.5	-67.1	
97.35	134.8	5.9	5.6	2.0	-86.1	58.8	37.3	-195.6	222.1	4536.1	912.6	-67.0	
97.40	135.3	5.8	5.8	2.0	-85.1	58.9	38.1	-192.6	223.1	4460.5	935.1	-65.2	
97.45	135.7	5.6	5.7	2.0	-84.5	59.0	39.2	-191.3	225.8	4418.4	924.1	-64.9	
97.50	136.2	5.4	5.6	2.0	-84.2	59.1	38.8	-189.7	227.7	4404.2	888.8	-65.0	
97.55	136.6	5.5	6.0	2.0	-83.8	59.2	37.6	-188.1	227.1	4388.7	862.5	-63.1	
97.60	137.1	5.8	6.5	2.0	-83.6	59.3	35.8	-187.0	226.6	4384.8	816.1	-61.2	
97.65	137.5	5.7	6.6	2.0	-83.8	59.4	33.4	-187.4	228.4	4417.3	712.9	-61.2	
97.70	138.0	5.6	6.7	2.0	-84.2	59.5	30.9	-188.8	230.4	4460.2	578.5	-61.2	
97.75	138.5	5.5	7.6	2.0	-84.2	59.6	27.8	-189.1	230.5	4475.9	446.2	-58.2	
97.80	138.9	5.7	8.6	2.0	-84.0	59.7	23.8	-188.2	230.2	4478.2	305.9	-54.5	
97.85	139.4	5.9	9.4	2.0	-84.0	59.8	20.6	-187.9	231.2	4491.0	149.4	-51.7	
97.90	139.8	6.0	10.0	2.0	-84.1	59.9	18.2	-187.3	233.1	4496.9	-7.4	-49.9	
97.95	140.3	6.1	11.1	2.0	-83.9	60.0	15.9	-185.9	234.3	4487.7	-138.0	-45.8	
98.00	140.7	6.4	12.5	2.0	-83.9	60.1	13.3	-184.5	234.6	4483.3	-246.9	-40.9	
98.05	141.1	6.4	13.2	2.0	-84.3	60.2	10.9	-184.5	235.7	4509.2	-355.1	-39.1	
98.10	141.6	5.9	13.1	2.0	-84.8	60.3	9.6	-184.1	238.1	4539.1	-449.4	-39.8	
98.15	142.0	5.8	13.7	2.0	-84.7	60.4	9.5	-182.0	240.4	4532.1	-489.9	-37.8	
98.20	142.4	5.8	14.5	2.0	-84.0	60.5	9.6	-179.0	241.6	4483.6	-474.5	-34.2	
98.25	142.8	6.0	14.4	2.0	-83.0	60.6	9.7	-176.8	242.5	4423.8	-428.0	-33.6	
98.30	143.3	6.1	13.2	2.0	-82.1	60.7	10.8	-175.3	244.1	4364.2	-355.6	-36.8	
98.35	143.7	6.2	12.3	2.0	-80.8	60.8	13.7	-172.6	246.1	4278.1	-234.1	-38.7	
98.40	144.1	6.4	11.6	2.0	-79.2	60.9	17.7	-169.7	247.5	4170.8	-63.9	-39.2	
98.45	144.5	6.0	10.2	2.0	-78.1	61.0	21.4	-168.1	248.5	4090.9	115.2	-43.3	
98.50	145.0	6.0	7.8	2.0	-77.4	61.1	24.3	-166.6	249.8	4028.4	285.0	-50.6	
98.55	145.4	6.2	6.2	2.0	-76.2	61.2	28.2	-163.6	251.0	3925.0	484.5	-54.8	
98.60	145.8	6.6	5.7	2.0	-74.6	61.3	33.3	-158.6	251.9	3776.4	714.5	-55.2	
98.65	146.2	6.9	5.0	2.0	-73.4	61.4	37.7	-153.7	252.7	3647.6	927.8	-56.3	
98.70	146.6	7.1	3.6	2.0	-72.9	61.5	41.1	-151.0	253.7	3561.4	1111.1	-60.4	
98.75	147.1	7.1	2.8	2.0	-72.6	61.6	44.2	-148.9	254.1	3480.7	1278.2	-63.0	
98.80	147.5	7.2	2.5	2.0	-72.3	61.7	47.1	-147.2	254.7	3404.9	1412.3	-63.6	
98.85	147.9	7.2	1.9	2.0	-72.3	61.8	48.4	-147.9	255.8	3381.4	1473.1	-65.7	
98.90	148.3	7.0	0.9	2.0	-72.8	61.9	47.4	-150.4	256.9	3418.8	1455.4	-69.9	
98.95	148.7	7.2	0.4	2.0	-73.0	62.0	44.6	-151.4	257.2	3466.3	1382.1	-71.5	
99.00	149.1	7.6	1.4	2.0	-72.6	62.1	41.9	-149.5	257.4	3481.5	1279.9	-67.8	
99.05	149.5	7.7	2.7	2.0	-72.1	62.2	39.9	-147.8	258.6	3493.4	1148.8	-62.8	
99.10	149.9	7.5	3.6	2.0	-72.0	62.3	37.4	-146.9	260.2	3531.9	986.5	-59.7	
99.15	150.3	7.2	5.0	2.0	-71.8	62.4	34.7	-145.8	261.1	3563.8	834.7	-54.5	
99.20	150.7	7.1	7.2	2.0	-71.6	62.5	33.0	-145.0	261.4	3583.5	700.9	-46.8	
99.25	151.1	7.0	8.9	2.0	-71.6	62.6	31.0	-144.0	262.7	3614.4	534.0	-41.2	
99.30	151.5	7.0	9.8	2.0	-71.7	62.7	27.2	-142.7	264.7	3648.5	316.2	-37.9	
99.35	151.8	6.9	10.9	2.0	-71.6	62.8	22.1	-142.5	265.9	3658.6	90.9	-34.2	
99.40	152.2	7.1	11.8	2.0	-71.5	62.9	16.1	-142.7	265.8	3652.1	-121.2	-30.9	
99.45	152.6	7.1	12.2	2.0	-71.5	63.0	10.3	-141.0	265.8	3648.4	-312.7	-29.6	
99.50	153.0	7.0	12.4	2.0	-71.2	63.1	7.6	-138.1	266.8	3621.2	-430.5	-28.7	
99.55	153.4	7.1	12.9	2.0	-70.3	63.2	8.8	-135.3	267.9	3551.9	-439.8	-26.1	
99.60	153.7	7.1	12.9	2.0	-69.1	63.3	11.2	-132.9	268.1	3474.8	-372.6	-24.6	
99.65	154.1	7.1	12.3	2.0	-67.9	63.4	13.9	-130.5	268.4	3406.0	-264.8	-25.7	
99.70	154.5	7.2	11.6	2.0	-66.6	63.5	18.5	-128.0	269.2	3314.9	-112.5	-26.7	
99.75	154.9	7.4	11.1	2.0	-64.9	63.6	23.1	-124.4	270.5	3201.1	46.4	-26.7	
99.80	155.3	7.6	10.1	2.0	-63.6	63.7	25.7	-121.0	271.2	3099.8	178.3	-29.0	
99.85	155.6	7.8	7.8	2.0	-62.6	63.8	26.5	-119.8	271.3	3017.6	288.7	-35.7	
99.90	156.0	8.0	5.8	2.0	-61.6	63.9	26.8	-119.5	271.1	2931.7	403.5	-41.7	
99.95	156.4	8.1	4.4	2.0	-60.4	64.0	28.3	-117.1	271.2	2820.9	540.5	-45.1	
100.00	156.7	8.2	3.4	2.0	-59.2	64.1	31.9	-114.1	271.8	2700.8	704.1	-47.4	
100.05	157.1	8.0	2.3	2.0	-58.6	64.2	36.0	-112.3	272.9	2603.3	868.8	-50.7	
100.10	157.5	7.8	1.4	2.0	-58.3	64.3	39.1	-110.3	273.8	2529.0	1013.8	-53.4	
100.15	157.8	7.8	1.4	2.0	-57.9	64.4	42.4	-107.0	274.3	2443.1	1143.8	-52.9	
100.20	158.2	7.7	1.8	2.0	-57.3	64.5	45.9	-103.6	275.5	2354.4	1239.0	-51.3	
100.25	158.5	7.6	1.8	2.0	-57.0	64.6	47.6	-101.3	277.7	2308.8	1268.5	-50.7	
100.30	158.9	7.9	1.7	2.0	-56.7	64.7	47.0	-99.5	279.3	2295.9	1254.3	-50.8	
100.35	159.2	8.1	2.1	2.0	-56.2	64.8	45.9	-97.8	278.9	2267.4	1239.4	-48.9	
100.40	159.6	8.2	2.5	2.0	-55.5	64.9	44.8	-96.5	278.6	2236.6	1202.7	-47.1	
100.45	159.9	8.0	2.0	2.0	-54.9	65.0	42.6	-96.0	280.1	2233.9	1113.6	-47.9	
100.50	160.3	7.9	1.7	2.0	-54.4	65.1	39.8	-96.4	281.6	2250.4	1001.7	-48.6	
100.55	160.6	7.9	2.3	2.0	-53.9	65.2	37.5	-95.4	281.0	2247.2	909.5	-45.9	
100.60	161.0	8.0	3.2	2.0	-53.0	65.3	35.3	-91.7	280.0	2226.5	812.9	-42.1	
100.65	161.3	7.6	3.8	2.0	-52.1	65.4	34.1	-88.5	281.4	2203.1	703.0	-38.9	
100.70	161.7	7.5	4.7	2.0	-51.3	65.5	33.9	-87.0	283.6	2174.0	612.2	-35.2	
100.75	162.0	7.5	5.8	2.0	-50.5	65.6	33.1	-84.3	283.4	2135.7	547.9	-30.6	
100.80	162.3	7.4	6.7	2.0	-49.9	65.7	32.2	-81.6	281.8	2111.8	502.3	-27.0	
100.85	162.7	7.3	6.9	2.0	-49.8	65.8	31.8	-81.5	282.0	2117.4	447.4	-26.0	
100.90	163.0	7.3	6.8	2.0	-50.0	65.9	30.3	-82.7	283.7	2144.2	356.7	-26.8	
100.95	163.4	7.4	6.8	2.0	-50.0	66.0	26.8	-83.4	283.1	2161.6	251.5	-26.8	
101.00	163.7	7.4	6.9	2.0	-49.9	66.1	23.0	-83.8	281.0	2165.2	154.1	-26.3	
101.05	164.0	7.5	6.5	2.0	-49.9	66.2	20.0	-83.5	281.2	2171.7	58.5	-27.4	
101.10	164.4	7.4	6.8	2.0	-49.6	66.3	19.2	-81.5	283.3	2157.0	5.3	-26.3	
101.15	164.7	7.3	7.8	2.0	-48.6	66.4	21.4	-78.2	283.7	2086.8	43.7	-21.8	
101.20	165.0	7.3	8.2	2.0	-47.8	66.5	24.6	-76.7	282.9	2021.1	133.5	-19.4	
101.25	165.4	7.4	7.7	2.0	-47.6	66.6	27.1	-76.8	283.8	2002.0	212.7	-21.1	
101.30	165.7	7.5	7.5	2.0	-47.4	66.7	29.7	-75.7	285.6	1975.0	290.8	-21.8	
101.35	166.0	7.6	7.5	2.0	-46.6	66.8	32.3	-73.0	285.8	1904.0	371.2	-20.8	
101.40	166.4	8.1	6.8	2.0	-45.6	66.9	31.9	-69.8	285.5	1830.0	400.6	-22.4	
101.45	166.7	8.1	5.4	2.0	-44.7	67.0	28.9	-67.8	286.3	1770.7	388.6	-26.1	
101.50	167.0	8.1	4.6	2.0	-43.8	67.1	28.1	-67.1	287.1	1690.3	429.0	-27.9	
101.55	167.3	8.2	4.2	2.0	-42.9	67.2	30.8	-64.4	286.7	1584.7	557.7	-28.3	
101.60	167.6	8.3	3.6	2.0	-42.6	67.3	35.3	-60.1	286.9	1496.4	729.1	-30.2	
101.65	167.9	8.3	2.9	2.0	-43.1	67.4	41.1	-57.7	288.6	1425.8	923.3	-33.2	
101.70	168.3	8.5	2.7	2.0	-43.9	67.5	46.9	-56.7	289.6	1338.2	1127.1	-34.7	
101.75	168.6	8.4	2.6	2.0	-44.3	67.6	50.4	-53.2	288.7	1230.9	1286.1	-35.3	
101.80	168.9	8.3	2.1	2.0	-44.2	67.7	51.9	-49.0	288.6	1131.9	1372.2	-36.8	
101.85	169.2	8.5	1.4	2.0	-43.9	67.8	52.5	-47.5	290.1	1066.9	1399.6	-39.1	
101.90	169.5	8.5	0.6	2.0	-43.5	67.9	51.0	-46.5	290.4	1036.1	1384.4	-41.5	
101.95	169.8	8.7	-0.3	2.0	-42.8	68.0	48.5	-45.1	288.5	1013.3	1351.8	-43.9	
102.00	170.1	9.2	-0.8	2.0	-42.1	68.1	46.8	-44.6	287.5	982.3	1311.6	-44.9	
102.05	170.5	9.2	-0.7	2.0	-41.3	68.2	46.5	-44.6	288.9	945.6	1262.0	-43.8	
102.10	170.8	9.0	-0.1	2.0	-40.4	68.3	46.1	-43.9	289.9	913.3	1203.1	-40.7	
102.15	171.1	8.5	0.7	2.0	-39.3	68.4	45.1	-42.1	288.9	888.8	1131.5	-37.0	
102.20	171.4	8.7	1.6	2.0	-38.1	68.5	43.3	-41.0	288.4	888.0	1015.8	-32.6	
102.25	171.7	8.6	2.6	2.0	-36.6	68.6	40.4	-41.3	289.9	916.2	840.4	-27.6	
102.30	172.0	8.4	3.4	2.0	-35.3	68.7	36.3	-42.0	290.8	965.6	628.7	-23.7	
102.35	172.3	8.6	4.0	2.0	-34.6	68.8	30.7	-42.3	289.8	1028.7	407.3	-20.9	
102.40	172.6	8.8	4.8	2.0	-34.5	68.9	25.2	-42.0	288.8	1093.5	200.2	-17.9	
102.45	172.9	9.0	6.3	2.0	-34.7	69.0	21.6	-41.4	289.6	1130.1	30.7	-13.2	
102.50	173.2	8.8	7.8	2.0	-34.6	69.1	19.6	-40.5	290.4	1128.1	-84.4	-7.8	
102.55	173.5	8.5	8.8	2.0	-34.5	69.2	18.3	-39.4	290.0	1111.7	-151.6	-4.3	
102.60	173.8	8.3	9.2	2.0	-34.4	69.3	17.8	-38.5	289.7	1105.2	-180.6	-2.8	
102.65	174.0	8.4	9.5	2.0	-34.3	69.4	18.9	-37.9	290.5	1101.3	-168.6	-1.6	
102.70	174.3	8.5	9.7	2.0	-33.9	69.5	20.5	-35.9	291.2	1076.6	-131.0	-0.7	
102.75	174.6	8.5	9.2	2.0	-33.0	69.6	21.3	-32.3	291.0	1019.5	-78.4	-1.3	
102.80	174.9	8.5	8.2	2.0	-32.0	69.7	21.8	-29.6	291.0	951.7	-3.7	-3.8	
102.85	175.2	8.2	7.1	2.0	-31.2	69.8	23.2	-28.5	291.0	886.4	119.5	-6.9	
102.90	175.5	7.8	5.9	2.0	-31.0	69.9	26.4	-26.7	290.5	824.7	299.8	-10.7	
102.95	175.7	7.5	4.8	2.0	-31.7	70.0	30.9	-24.2	290.1	770.9	518.1	-15.4	
103.00	176.0	7.5	3.8	2.0	-33.3	70.1	36.0	-22.8	290.4	723.1	746.1	-20.4	
103.05	176.3	7.6	3.5	2.0	-35.1	70.2	40.1	-22.0	290.7	671.8	949.7	-23.1	
103.10	176.6	7.6	2.2	2.0	-36.6	70.3	43.0	-21.2	290.3	606.0	1119.8	-29.2	
103.15	176.9	7.5	1.6	2.0	-37.9	70.4	45.6	-18.9	290.4	530.9	1258.6	-32.3	
103.20	177.1	7.7	1.5	2.0	-39.1	70.5	48.5	-16.6	291.7	462.7	1372.1	-34.0	
103.25	177.4	7.8	1.5	2.0	-40.0	70.6	50.6	-14.7	292.7	405.0	1458.0	-34.7	
103.30	177.7	7.6	1.4	2.0	-40.6	70.7	51.5	-13.5	292.0	352.2	1519.5	-35.7	
103.35	178.0	7.7	1.1	2.0	-40.8	70.8	51.7	-13.4	291.3	310.0	1544.6	-36.9	
103.40	178.2	7.6	0.8	2.0	-40.4	70.9	51.1	-13.9	291.9	289.5	1514.7	-37.5	
103.45	178.5	7.1	0.8	2.0	-39.1	71.0	49.1	-13.1	292.7	274.4	1423.7	-36.4	
103.50	178.8	7.1	1.1	2.0	-37.2	71.1	45.8	-11.1	292.1	250.4	1291.6	-33.3	
103.55	179.0	7.2	1.6	2.0	-34.7	71.2	41.5	-8.9	291.3	231.2	1122.3	-29.3	
103.60	179.3	7.4	2.0	2.0	-32.2	71.3	37.7	-8.1	292.3	227.2	935.8	-25.2	
103.65	179.6	7.5	2.9	2.0	-30.1	71.4	35.5	-7.9	293.4	224.6	779.8	-20.3	
103.70	179.8	7.6	4.1	2.0	-28.7	71.5	34.7	-6.9	292.8	220.5	672.5	-14.7	
103.75	180.1	7.7	5.1	2.0	-27.5	71.6	33.6	-5.9	291.8	229.7	576.2	-9.9	
103.80	180.3	7.8	5.8	2.0	-26.1	71.7	32.0	-5.8	291.9	233.2	464.5	-6.2	
103.85	180.6	7.9	6.1	2.0	-24.2	71.8	28.9	-4.8	292.1	205.2	324.1	-3.4	
103.90	180.8	8.0	6.2	2.0	-22.0	71.9	24.5	-2.8	290.8	160.6	171.7	-0.9	
103.95	181.1	7.9	6.1	2.0	-20.6	72.0	20.1	-0.9	289.5	135.0	31.7	0.3	
104.00	181.3	7.9	6.2	2.0	-20.6	72.1	17.1	0.7	289.6	134.5	-72.2	0.6	
104.05	181.6	7.8	6.3	2.0	-20.6	72.2	16.8	2.7	289.7	114.2	-101.2	1.1	
104.10	181.8	7.5	6.4	2.0	-19.7	72.3	18.6	5.1	288.8	53.3	-52.2	2.2	
104.15	182.0	7.4	6.5	2.0	-19.3	72.4	21.0	7.1	288.6	-22.2	32.6	2.9	
104.20	182.3	7.5	6.9	2.0	-21.0	72.5	23.6	8.4	289.4	-94.6	129.4	2.7	
104.25	182.5	7.7	7.1	2.0	-23.0	72.6	26.6	10.3	289.5	-164.9	247.3	1.4	
104.30	182.8	7.3	7.4	2.0	-24.7	72.7	29.0	12.3	288.8	-213.0	361.1	0.7	
104.35	183.0	7.0	6.5	2.0	-25.6	72.8	29.5	12.5	288.7	-221.3	430.6	-3.4	
104.40	183.3	6.9	5.0	2.0	-26.0	72.9	29.1	10.9	289.3	-218.0	473.9	-9.0	
104.45	183.5	6.9	3.9	2.0	-26.8	73.0	29.0	10.7	289.1	-233.7	533.9	-13.4	
104.50	183.7	7.0	3.4	2.0	-28.3	73.1	30.2	13.4	288.4	-266.4	632.4	-16.6	
104.55	184.0	7.0	4.0	2.0	-30.4	73.2	33.9	16.3	289.0	-317.0	772.1	-16.6	
104.60	184.2	6.5	4.8	2.0	-32.9	73.3	38.7	18.1	290.4	-379.0	930.7	-16.3	
104.65	184.4	6.2	5.3	2.0	-35.1	73.4	42.7	19.5	290.7	-435.5	1078.0	-17.1	
104.70	184.7	6.2	5.7	2.0	-36.9	73.5	45.7	20.4	290.4	-474.1	1197.6	-17.5	
104.75	184.9	6.5	5.6	2.0	-38.0	73.6	48.1	20.0	290.6	-490.7	1273.8	-18.7	
104.80	185.1	6.5	5.3	2.0	-38.2	73.7	48.2	20.5	291.1	-502.2	1279.9	-19.9	
104.85	185.4	6.1	4.8	2.0	-37.6	73.8	45.6	22.8	290.6	-527.3	1227.2	-21.0	
104.90	185.6	6.0	4.3	2.0	-37.0	73.9	42.8	24.1	289.5	-568.0	1167.2	-22.2	
104.95	185.8	6.0	4.3	2.0	-36.6	74.0	41.0	25.2	289.2	-605.4	1118.0	-21.8	
105.00	186.0	6.0	5.6	2.0	-36.7	74.1	41.2	27.5	289.2	-635.8	1106.4	-17.5	
105.05	186.2	6.1	6.8	2.0	-37.4	74.2	43.5	30.2	288.4	-662.2	1140.4	-13.9	
105.10	186.4	6.2	7.4	2.0	-37.7	74.3	45.6	30.8	287.9	-662.5	1161.2	-12.5	
105.15	186.7	6.4	7.4	2.0	-37.1	74.4	45.5	29.7	288.0	-639.6	1118.0	-11.6	
105.20	186.9	6.6	7.7	2.0	-36.0	74.5	43.9	30.0	287.4	-634.4	1028.6	-9.4	
105.25	187.1	6.6	8.2	2.0	-34.7	74.6	41.5	31.9	286.6	-655.9	907.6	-6.5	
105.30	187.3	6.6	8.6	2.0	-33.1	74.7	37.5	32.8	286.4	-664.1	747.7	-3.7	
105.35	187.5	6.5	8.5	2.0	-31.2	74.8	32.3	32.7	286.0	-654.7	572.2	-2.2	
105.40	187.7	6.5	8.7	2.0	-30.0	74.9	28.7	32.5	284.6	-653.7	445.1	-0.2	
105.45	187.9	6.5	9.2	2.0	-29.5	75.0	27.8	32.0	283.5	-652.6	379.4	1.9	
105.50	188.2	6.5	9.8	2.0	-29.2	75.1	27.9	32.3	284.1	-648.1	329.9	4.3	
105.55	188.4	6.3	10.4	2.0	-29.0	75.2	27.9	32.7	284.6	-649.6	292.0	6.6	
105.60	188.6	6.0	11.3	2.0	-29.3	75.3	27.8	34.1	283.8	-680.9	266.8	9.4	
105.65	188.8	6.1	12.2	2.0	-29.8	75.4	27.0	36.5	283.6	-731.5	227.2	12.2	
105.70	189.0	6.1	12.9	2.0	-30.4	75.5	26.0	38.6	284.9	-787.2	176.9	13.9	
105.75	189.2	6.0	13.4	2.0	-31.1	75.6	25.2	40.6	285.5	-847.9	152.7	14.9	
105.80	189.4	6.1	13.4	2.0	-31.9	75.7	24.6	43.2	284.0	-900.8	171.6	14.1	
105.85	189.6	5.8	13.0	2.0	-32.6	75.8	25.0	44.6	282.9	-933.0	229.6	12.0	
105.90	189.8	5.7	12.4	2.0	-33.1	75.9	27.4	43.7	283.4	-943.2	324.4	9.3	
105.95	190.0	5.8	11.9	2.0	-34.0	76.0	30.5	44.0	283.8	-962.5	446.7	6.9	
106.00	190.2	6.0	11.7	2.0	-35.5	76.1	33.6	46.2	283.2	-1007.0	587.4	4.7	
106.05	190.4	6.3	11.9	2.0	-37.4	76.2	37.0	47.9	282.9	-1070.4	733.7	3.4	
106.10	190.6	6.6	12.0	2.0	-39.2	76.3	40.3	49.7	283.4	-1132.2	867.9	1.9	
106.15	190.8	6.9	11.8	2.0	-41.0	76.4	43.0	52.8	283.5	-1190.6	991.3	-0.6	
106.20	191.0	6.8	11.5	2.0	-42.8	76.5	45.9	54.9	282.6	-1243.1	1120.1	-3.3	
106.25	191.2	6.5	10.9	2.0	-44.0	76.6	48.2	54.8	282.0	-1269.1	1230.1	-6.7	
106.30	191.4	6.3	9.9	2.0	-44.8	76.7	49.0	55.0	281.9	-1279.4	1301.7	-10.7	
106.35	191.6	6.3	9.4	2.0	-45.7	76.8	49.5	56.5	281.2	-1313.3	1355.9	-13.3	
106.40	191.7	6.6	9.8	2.0	-46.7	76.9	50.2	58.4	280.6	-1379.5	1393.4	-13.0	
106.45	191.9	6.6	10.2	2.0	-47.3	77.0	50.1	59.5	280.9	-1438.6	1391.8	-12.1	
106.50	192.1	6.6	10.6	2.0	-47.4	77.1	49.2	60.8	281.2	-1474.0	1359.8	-11.0	
106.55	192.3	6.6	11.2	2.0	-47.5	77.2	49.1	61.9	280.5	-1501.7	1335.8	-9.2	
106.60	192.5	6.5	11.7	2.0	-47.3	77.3	49.5	62.4	279.9	-1510.4	1303.8	-7.0	
106.65	192.7	6.5	12.0	2.0	-46.5	77.4	48.5	62.7	280.6	-1498.0	1225.1	-5.4	
106.70	192.9	6.7	12.2	2.0	-45.4	77.5	46.3	62.2	281.0	-1484.8	1119.9	-3.7	
106.75	193.1	6.7	12.6	2.0	-44.4	77.6	43.5	61.4	280.1	-1473.6	1008.5	-1.1	
106.80	193.3	6.6	13.4	2.0	-43.2	77.7	39.8	62.1	279.6	-1463.9	875.6	2.8	
106.85	193.4	6.5	14.0	2.0	-42.2	77.8	36.6	62.9	279.9	-1453.0	739.9	5.8	
106.90	193.6	6.7	14.5	2.0	-41.4	77.9	34.1	62.7	279.4	-1443.7	625.0	8.5	
106.95	193.8	6.6	15.2	2.0	-40.6	78.0	31.2	62.8	278.1	-1427.7	510.3	11.6	
107.00	194.0	6.4	15.8	2.0	-39.8	78.1	28.7	63.1	277.5	-1405.6	406.7	14.4	
107.05	194.2	6.4	16.6	2.0	-39.5	78.2	28.6	63.1	277.8	-1396.9	344.9	17.5	
107.10	194.3	6.5	17.5	2.0	-39.6	78.3	29.3	64.5	278.5	-1407.5	310.3	20.5	
107.15	194.5	6.5	18.0	2.0	-39.8	78.4	29.1	66.1	278.5	-1419.3	288.2	22.0	
107.20	194.7	6.4	18.2	2.0	-39.8	78.5	28.7	66.1	277.9	-1425.8	285.1	22.5	
107.25	194.9	6.4	18.3	2.0	-40.0	78.6	29.0	66.3	277.3	-1433.3	302.6	22.7	
107.30	195.0	6.5	18.3	2.0	-40.2	78.7	29.3	67.7	276.6	-1443.6	328.9	22.5	
107.35	195.2	6.7	17.9	2.0	-40.5	78.8	29.1	69.1	275.8	-1452.3	356.0	21.1	
107.40	195.4	6.9	17.0	2.0	-40.5	78.9	28.4	69.2	275.1	-1452.6	379.1	17.7	
107.45	195.6	6.8	16.2	2.0	-40.8	79.0	27.9	69.6	274.6	-1461.9	410.2	14.9	
107.50	195.7	6.4	16.1	2.0	-41.4	79.1	29.4	70.6	274.9	-1487.6	480.7	13.7	
107.55	195.9	6.1	16.3	2.0	-42.4	79.2	33.4	71.2	276.0	-1518.6	603.3	13.5	
107.60	196.1	6.1	16.2	2.0	-43.5	79.3	38.0	71.0	276.6	-1534.5	755.9	12.2	
107.65	196.2	6.3	15.7	2.0	-44.6	79.4	41.5	70.6	276.1	-1539.4	908.3	9.4	
107.70	196.4	6.4	15.3	2.0	-45.9	79.5	44.5	71.1	275.5	-1561.4	1047.1	6.7	
107.75	196.6	6.5	15.4	2.0	-47.2	79.6	46.7	72.3	275.5	-1605.3	1148.6	5.6	
107.80	196.8	6.4	15.0	2.0	-48.1	79.7	46.4	74.3	275.7	-1652.5	1183.9	3.4	
107.85	196.9	6.3	14.1	2.0	-48.5	79.8	44.1	76.1	275.6	-1693.5	1176.6	-0.1	
107.90	197.1	6.2	13.3	2.0	-48.7	79.9	42.5	75.8	275.0	-1719.2	1177.2	-3.2	
107.95	197.3	6.1	12.9	2.0	-49.0	80.0	42.6	75.2	274.9	-1730.7	1200.3	-4.7	
108.00	197.4	5.9	12.9	2.0	-49.4	80.1	44.3	75.8	275.5	-1732.0	1245.6	-5.0	
108.05	197.6	5.9	13.6	2.0	-50.1	80.2	47.5	76.4	275.7	-1742.4	1317.1	-3.4	
108.10	197.7	5.9	14.6	2.0	-51.0	80.3	50.1	76.9	275.1	-1772.5	1379.1	-1.0	
108.15	197.9	5.9	15.4	2.0	-51.4	80.4	50.5	78.1	274.6	-1803.0	1382.7	1.5	
108.20	198.1	5.8	16.3	2.0	-51.3	80.5	49.2	80.0	274.6	-1833.1	1322.1	4.6	
108.25	198.2	5.5	17.1	2.0	-50.8	80.6	47.0	80.9	274.8	-1860.8	1218.6	7.9	
108.30	198.4	5.2	17.1	2.0	-49.7	80.7	43.1	80.4	274.1	-1858.0	1078.3	9.0	
108.35	198.5	5.1	16.4	2.0	-48.1	80.8	37.6	79.8	272.6	-1825.8	908.4	8.3	
108.40	198.7	5.2	16.0	2.0	-47.0	80.9	33.3	79.7	271.7	-1803.4	758.6	8.1	
108.45	198.8	5.3	17.7	2.0	-46.8	81.0	32.1	80.7	271.3	-1826.6	661.7	13.8	
108.50	199.0	5.5	19.6	2.0	-47.1	81.1	31.3	83.0	271.1	-1870.8	576.4	20.1	
108.55	199.1	5.4	21.2	2.0	-47.4	81.2	29.4	85.5	271.0	-1917.6	478.9	25.4	
108.60	199.3	5.3	22.9	2.0	-47.9	81.3	28.5	87.2	270.8	-1968.5	403.8	30.8	
108.65	199.4	5.1	24.4	2.0	-48.3	81.4	28.6	88.4	270.8	-2009.3	343.2	35.6	
108.70	199.6	5.1	24.9	2.0	-48.3	81.5	27.2	89.7	271.0	-2021.0	262.6	37.2	
108.75	199.7	5.2	24.4	2.0	-48.0	81.6	24.7	89.4	270.7	-2010.6	175.7	35.9	
108.80	199.9	5.3	24.0	2.0	-47.6	81.7	22.5	87.3	269.7	-1994.6	114.6	34.9	
108.85	200.0	5.0	23.7	2.0	-47.4	81.8	20.7	86.5	268.7	-1981.5	83.1	33.9	
108.90	200.2	4.8	23.2	2.0	-47.4	81.9	20.0	87.8	268.7	-1977.1	91.2	32.2	
108.95	200.3	4.7	22.9	2.0	-47.6	82.0	21.7	89.1	269.4	-1986.4	162.7	31.1	
109.00	200.5	4.9	22.9	2.0	-47.9	82.1	25.0	89.0	269.3	-1988.6	288.2	30.8	
109.05	200.6	4.8	22.2	2.0	-47.9	82.2	28.0	88.6	268.7	-1967.5	429.1	28.4	
109.10	200.8	4.6	21.2	2.0	-48.1	82.3	31.7	88.1	269.0	-1938.3	579.4	24.8	
109.15	200.9	4.8	20.4	2.0	-48.7	82.4	36.6	87.0	269.8	-1925.2	746.5	21.4	
109.20	201.1	5.0	19.8	2.0	-49.5	82.5	39.8	87.0	269.5	-1928.9	892.7	18.4	
109.25	201.2	5.2	19.0	2.0	-50.3	82.6	40.5	88.0	268.5	-1939.0	993.0	14.9	
109.30	201.3	5.1	18.2	2.0	-51.2	82.7	41.0	89.4	268.5	-1969.1	1076.3	11.2	
109.35	201.5	5.1	18.0	2.0	-52.5	82.8	42.8	91.1	269.0	-2016.8	1173.4	9.3	
109.40	201.6	5.1	18.1	2.0	-53.7	82.9	44.7	93.4	268.7	-2055.5	1274.0	8.6	
109.45	201.7	5.2	18.0	2.0	-54.6	83.0	46.0	95.2	267.5	-2072.5	1363.8	7.0	
109.50	201.9	5.2	17.9	2.0	-55.3	83.1	48.0	95.9	267.2	-2083.7	1440.2	6.1	
109.55	202.0	5.2	18.3	2.0	-55.8	83.2	50.1	96.4	267.5	-2093.4	1484.8	7.1	
109.60	202.1	5.2	18.8	2.0	-56.0	83.3	50.5	98.2	267.2	-2105.4	1478.0	8.6	
109.65	202.3	5.1	19.2	2.0	-55.7	83.4	49.1	99.3	266.7	-2120.4	1418.2	10.1	
109.70	202.4	5.1	19.4	2.0	-55.1	83.5	47.0	98.7	266.7	-2132.4	1323.3	11.5	
109.75	202.5	5.0	19.8	2.0	-54.2	83.6	44.0	98.8	266.3	-2133.1	1201.3	13.9	
109.80	202.6	4.7	20.5	2.0	-53.3	83.7	40.7	99.8	264.8	-2127.9	1070.4	16.9	
109.85	202.8	4.8	21.5	2.0	-52.8	83.8	38.6	100.4	263.7	-2145.0	947.1	21.0	
109.90	202.9	5.3	22.5	2.0	-52.5	83.9	36.4	100.5	263.5	-2175.6	813.3	24.9	
109.95	203.0	5.5	23.4	2.0	-52.3	84.0	32.7	101.6	263.1	-2209.1	660.9	28.0	
