Time[s]	Rotor azimuth angle[deg]	Hub wind speed magnitude[m/s]	ACTTORQUE1[Nm]	PITRAT1[deg/s]	PITFRIC1[kNm]	PITCH1[deg]	Blade root 1 Fx[KN]	Blade root 1 Fy[KN]	Blade root 1 Fz[KN]	Blade root 1 Mx[kNm]	Blade root 1 My[kNm]	Blade root 1 Mz[kNm]	
END_OF_HEADER
50.00	29.9	5.6	0.0	0.0	-12.6	-0.1	156.2	-143.7	194.1	3943.2	8130.3	-12.6	
50.05	32.1	5.5	0.0	0.0	-21.0	-0.1	168.8	-155.0	201.5	4146.6	8492.4	-21.0	
50.10	34.3	5.4	0.0	0.0	-32.6	-0.1	176.8	-168.5	208.7	4405.0	8764.3	-32.6	
50.15	36.5	5.5	0.0	0.0	-31.0	-0.1	176.1	-180.7	215.4	4599.0	8849.3	-31.0	
50.20	38.7	5.8	0.0	0.0	-22.7	-0.1	173.3	-185.1	221.8	4690.0	8903.3	-22.7	
50.25	40.8	5.9	0.0	0.0	-22.1	-0.1	174.8	-190.3	227.7	4811.3	9065.7	-22.1	
50.30	43.0	5.9	0.0	0.0	-29.8	-0.1	181.4	-202.0	233.4	5019.4	9314.0	-29.8	
50.35	45.2	5.8	0.0	0.0	-38.0	-0.1	190.6	-212.4	242.1	5285.4	9537.3	-38.0	
50.40	47.4	5.6	0.0	0.0	-40.2	-0.1	197.0	-218.2	254.0	5542.5	9642.4	-40.2	
50.45	49.5	5.5	0.0	0.0	-37.8	-0.1	196.1	-228.1	265.1	5824.6	9613.8	-37.8	
50.50	51.7	5.6	0.0	0.0	-36.5	-0.1	192.9	-238.8	272.8	6115.0	9607.4	-36.5	
50.55	53.9	5.5	0.0	0.0	-36.3	-0.1	193.0	-244.9	280.3	6352.6	9695.0	-36.3	
50.60	56.1	5.4	0.0	0.0	-35.7	-0.1	199.4	-248.1	289.6	6540.5	9891.4	-35.7	
50.65	58.3	5.4	0.0	0.0	-36.8	-0.1	207.7	-252.6	298.6	6715.4	10142.0	-36.8	
50.70	60.5	5.4	0.0	0.0	-37.7	-0.1	213.6	-258.7	304.6	6881.5	10398.4	-37.7	
50.75	62.7	5.4	0.0	0.0	-40.9	-0.1	218.0	-266.0	310.9	7040.3	10625.3	-40.9	
50.80	64.8	5.5	0.0	0.0	-41.8	-0.1	222.4	-273.5	321.7	7204.1	10781.0	-41.8	
50.85	67.0	5.4	0.0	0.0	-44.5	-0.1	228.2	-279.3	334.6	7399.5	10920.7	-44.5	
50.90	69.2	5.4	0.0	0.0	-46.3	-0.1	231.8	-288.3	344.7	7612.4	11037.1	-46.3	
50.95	71.4	5.3	0.0	0.0	-50.7	-0.1	232.9	-296.9	351.3	7733.6	11157.2	-50.7	
51.00	73.6	5.2	0.0	0.0	-45.9	-0.1	231.3	-298.5	359.5	7784.4	11215.8	-45.9	
51.05	75.8	5.1	0.0	0.0	-46.9	-0.1	231.2	-298.5	368.4	7800.4	11258.0	-46.9	
51.10	78.0	4.9	0.0	0.0	-45.9	-0.1	230.6	-301.2	377.9	7821.0	11231.1	-45.9	
51.15	80.2	4.8	0.0	0.0	-44.2	-0.1	230.7	-301.8	389.6	7876.2	11202.5	-44.2	
51.20	82.3	4.9	0.0	0.0	-45.1	-0.1	229.8	-302.8	402.2	7960.7	11184.3	-45.1	
51.25	84.5	5.1	0.0	0.0	-45.8	-0.1	226.3	-306.4	414.5	8046.0	11134.0	-45.8	
51.30	86.7	5.2	0.0	0.0	-42.0	-0.1	223.9	-307.7	426.3	8116.3	11107.1	-42.0	
51.35	88.9	5.3	0.0	0.0	-38.5	-0.1	227.1	-306.1	438.1	8155.8	11186.1	-38.5	
51.40	91.1	5.3	0.0	0.0	-39.7	-0.1	236.0	-304.5	449.1	8146.7	11393.8	-39.7	
51.45	93.3	5.4	0.0	0.0	-43.0	-0.1	247.3	-303.7	458.7	8083.5	11707.4	-43.0	
51.50	95.5	5.2	0.0	0.0	-47.7	-0.1	258.5	-304.7	468.6	8003.3	12022.1	-47.7	
51.55	97.7	5.0	0.0	0.0	-47.3	-0.1	264.0	-306.7	480.7	7946.4	12176.0	-47.3	
51.60	99.8	4.8	0.0	0.0	-42.1	-0.1	263.6	-305.8	495.1	7948.4	12167.0	-42.1	
51.65	102.0	5.0	0.0	0.0	-37.4	-0.1	259.9	-301.9	508.0	8018.2	12135.2	-37.4	
51.70	104.2	5.0	0.0	0.0	-34.5	-0.1	254.6	-302.3	516.8	8111.2	12146.3	-34.5	
51.75	106.4	4.9	0.0	0.0	-32.4	-0.1	253.7	-306.5	523.4	8140.3	12274.0	-32.4	
51.80	108.6	5.2	0.0	0.0	-38.4	-0.1	260.0	-302.9	532.5	8107.9	12455.6	-38.4	
51.85	110.8	5.4	0.0	0.0	-43.4	-0.1	266.4	-291.5	542.2	7940.7	12609.9	-43.4	
51.90	113.0	5.6	0.0	0.0	-41.6	-0.1	268.6	-282.1	550.9	7752.8	12722.8	-41.6	
51.95	115.2	5.6	0.0	0.0	-41.0	-0.1	272.4	-275.8	561.6	7641.9	12872.8	-41.0	
52.00	117.4	5.6	0.0	0.0	-41.6	-0.1	278.0	-275.7	574.7	7555.1	13007.5	-41.6	
52.05	119.6	5.6	0.0	0.0	-38.7	-0.1	280.8	-277.7	587.5	7487.8	13088.2	-38.7	
52.10	121.8	5.6	0.0	0.0	-41.3	-0.1	283.2	-275.7	596.3	7486.1	13205.9	-41.3	
52.15	124.0	5.5	0.0	0.0	-48.1	-0.1	287.5	-270.5	601.1	7408.2	13370.2	-48.1	
52.20	126.2	5.6	0.0	0.0	-52.4	-0.1	295.7	-261.5	607.6	7224.5	13533.1	-52.4	
52.25	128.4	5.8	0.0	0.0	-56.8	-0.1	303.1	-252.9	617.5	6960.8	13605.2	-56.8	
52.30	130.6	5.7	0.0	0.0	-51.0	-0.1	300.3	-247.7	626.0	6635.7	13475.3	-51.0	
52.35	132.8	5.6	0.0	0.0	-37.8	-0.1	286.9	-237.8	634.9	6331.9	13120.8	-37.8	
52.40	135.0	5.5	0.0	0.0	-26.5	-0.1	269.2	-222.0	646.6	6096.4	12634.2	-26.5	
52.45	137.2	5.6	0.0	0.0	-12.6	-0.1	253.1	-212.7	656.6	5933.3	12178.9	-12.6	
52.50	139.4	5.7	0.0	0.0	-9.1	-0.1	246.9	-210.5	662.7	5867.8	11964.2	-9.1	
52.55	141.5	6.0	0.0	0.0	-14.2	-0.1	251.0	-207.3	667.6	5812.0	11969.9	-14.2	
52.60	143.7	6.1	0.0	0.0	-18.7	-0.1	257.1	-198.3	672.5	5622.8	12029.5	-18.7	
52.65	145.9	6.2	0.0	0.0	-17.9	-0.1	262.0	-183.2	677.3	5326.2	12122.1	-17.9	
52.70	148.1	6.4	0.0	0.0	-15.1	-0.1	265.1	-168.6	683.0	5020.9	12236.8	-15.1	
52.75	150.3	6.4	0.0	0.0	-10.3	-0.1	270.3	-159.8	690.3	4682.1	12390.3	-10.3	
52.80	152.5	6.5	0.0	0.0	-11.1	-0.1	279.9	-148.0	699.4	4365.0	12577.2	-11.1	
52.85	154.8	6.4	0.0	0.0	-16.8	-0.1	288.9	-136.7	705.6	4134.7	12748.0	-16.8	
52.90	157.0	6.3	0.0	0.0	-20.9	-0.1	293.1	-132.3	707.4	4014.6	12850.2	-20.9	
52.95	159.2	6.2	0.0	0.0	-21.5	-0.1	293.6	-130.1	709.1	3976.9	12855.2	-21.5	
53.00	161.4	6.3	0.0	0.0	-14.6	-0.1	287.2	-124.6	712.6	3874.9	12680.5	-14.6	
53.05	163.6	6.5	0.0	0.0	-3.6	-0.1	274.1	-117.1	713.6	3626.2	12376.1	-3.6	
53.10	165.8	6.6	0.0	0.0	2.5	-0.1	262.7	-104.9	713.5	3310.5	12088.3	2.5	
53.15	168.0	6.5	0.0	0.0	3.8	-0.1	257.7	-88.4	718.6	2966.9	11856.6	3.8	
53.20	170.2	6.3	0.0	0.0	8.0	-0.1	256.3	-70.1	726.4	2542.4	11678.6	8.0	
53.25	172.4	5.9	0.0	0.0	10.0	-0.1	255.8	-53.2	729.7	2168.2	11583.3	10.0	
53.30	174.6	5.8	0.0	0.0	7.9	-0.1	256.7	-41.8	725.9	1868.5	11598.7	7.9	
53.35	176.8	6.2	0.0	0.0	1.0	-0.1	258.0	-35.1	724.5	1621.1	11593.0	1.0	
53.40	179.0	6.2	0.0	0.0	-3.3	-0.1	256.9	-26.9	729.5	1444.1	11453.1	-3.3	
53.45	181.2	6.3	0.0	0.0	0.8	-0.1	248.5	-18.5	732.0	1254.3	11183.3	0.8	
53.50	183.4	6.5	0.0	0.0	10.3	-0.1	236.8	-10.6	727.5	965.2	10920.7	10.3	
53.55	185.6	6.6	0.0	0.0	12.5	-0.1	233.0	5.2	723.2	535.5	10812.9	12.5	
53.60	187.8	6.7	0.0	0.0	6.1	-0.1	238.0	23.9	724.1	22.7	10827.8	6.1	
53.65	190.0	6.8	0.0	0.0	-1.0	-0.1	245.1	39.7	725.0	-446.4	10884.5	-1.0	
53.70	192.2	6.8	0.0	0.0	-2.4	-0.1	249.5	55.9	720.6	-841.4	10934.5	-2.4	
53.75	194.4	6.9	0.0	0.0	4.0	-0.1	246.4	72.3	715.4	-1195.5	10847.9	4.0	
53.80	196.6	7.2	0.0	0.0	13.1	-0.1	237.3	83.5	714.4	-1477.4	10610.7	13.1	
53.85	198.8	7.5	0.0	0.0	12.0	-0.1	229.8	87.2	714.8	-1612.9	10374.1	12.0	
53.90	201.0	7.4	0.0	0.0	11.2	-0.1	222.7	89.4	711.4	-1743.7	10180.0	11.2	
53.95	203.2	7.3	0.0	0.0	11.9	-0.1	220.1	100.2	704.7	-2014.5	10123.5	11.9	
54.00	205.4	7.1	0.0	0.0	10.3	-0.1	225.2	119.3	699.7	-2369.1	10223.2	10.3	
54.05	207.6	7.1	0.0	0.0	6.6	-0.1	234.4	134.7	696.5	-2717.4	10390.7	6.6	
54.10	209.9	7.1	0.0	0.0	2.7	-0.1	239.2	144.3	692.8	-3028.9	10480.6	2.7	
54.15	212.1	7.2	0.0	0.0	3.5	-0.1	235.7	152.1	688.6	-3295.6	10416.9	3.5	
54.20	214.3	7.2	0.0	0.0	10.0	-0.1	226.3	159.6	683.6	-3482.0	10228.2	10.0	
54.25	216.5	7.2	0.0	0.0	16.6	-0.1	220.3	165.8	678.7	-3561.4	10068.0	16.6	
54.30	218.7	7.1	0.0	0.0	15.4	-0.1	222.8	168.3	674.6	-3590.2	10058.5	15.4	
54.35	220.9	7.4	0.0	0.0	6.0	-0.1	231.8	171.4	668.4	-3672.9	10228.3	6.0	
54.40	223.2	7.7	0.0	0.0	-4.2	-0.1	239.3	178.8	658.4	-3857.1	10417.9	-4.2	
54.45	225.4	7.8	0.0	0.0	-2.4	-0.1	239.2	188.1	648.0	-4078.1	10409.2	-2.4	
54.50	227.6	7.7	0.0	0.0	7.2	-0.1	235.5	199.4	641.7	-4275.6	10238.7	7.2	
54.55	229.8	7.6	0.0	0.0	12.4	-0.1	232.0	211.8	637.1	-4463.9	10108.1	12.4	
54.60	232.0	7.4	0.0	0.0	11.3	-0.1	229.0	222.7	628.3	-4704.7	10111.3	11.3	
54.65	234.2	7.1	0.0	0.0	12.6	-0.1	226.2	230.3	617.0	-4965.1	10153.5	12.6	
54.70	236.5	6.9	0.0	0.0	15.0	-0.1	225.7	234.6	608.0	-5116.7	10135.0	15.0	
54.75	238.7	6.7	0.0	0.0	14.9	-0.1	226.7	234.8	601.5	-5119.7	10036.4	14.9	
54.80	240.9	6.9	0.0	0.0	15.4	-0.1	225.1	236.6	592.8	-5133.1	9908.7	15.4	
54.85	243.1	6.9	0.0	0.0	19.0	-0.1	219.5	245.0	580.3	-5322.4	9812.7	19.0	
54.90	245.3	6.9	0.0	0.0	24.1	-0.1	212.0	251.6	566.6	-5618.6	9748.9	24.1	
54.95	247.6	6.7	0.0	0.0	21.2	-0.1	208.9	253.9	556.5	-5808.5	9700.4	21.2	
55.00	249.8	6.5	0.0	0.0	18.7	-0.1	209.6	259.8	550.3	-5894.5	9631.3	18.7	
55.05	252.0	6.2	0.0	0.0	23.3	-0.1	209.7	269.1	544.0	-6027.2	9552.0	23.3	
55.10	254.2	5.8	0.0	0.0	25.9	-0.1	208.4	275.3	533.7	-6167.2	9558.4	25.9	
55.15	256.5	5.9	0.0	0.0	19.6	-0.1	207.8	275.5	519.4	-6203.9	9674.3	19.6	
55.20	258.7	6.2	0.0	0.0	13.0	-0.1	209.3	271.5	506.7	-6154.9	9756.8	13.0	
55.25	260.9	6.2	0.0	0.0	16.3	-0.1	212.7	271.5	497.7	-6114.6	9759.1	16.3	
55.30	263.1	6.0	0.0	0.0	16.3	-0.1	218.6	275.4	489.9	-6111.8	9804.2	16.3	
55.35	265.4	5.8	0.0	0.0	10.6	-0.1	224.5	279.2	479.8	-6152.6	9951.3	10.6	
55.40	267.6	5.7	0.0	0.0	3.5	-0.1	229.3	280.4	469.7	-6251.3	10127.7	3.5	
55.45	269.8	5.7	0.0	0.0	4.2	-0.1	230.9	281.2	461.7	-6378.4	10196.6	4.2	
55.50	272.1	5.9	0.0	0.0	12.0	-0.1	227.7	282.2	454.3	-6422.1	10143.2	12.0	
55.55	274.3	6.2	0.0	0.0	19.0	-0.1	220.5	280.4	443.2	-6353.5	10076.4	19.0	
55.60	276.6	6.1	0.0	0.0	22.7	-0.1	212.7	278.0	428.8	-6269.1	10055.5	22.7	
55.65	278.8	6.0	0.0	0.0	26.4	-0.1	207.3	275.5	415.4	-6236.3	10040.9	26.4	
55.70	281.0	5.9	0.0	0.0	28.3	-0.1	206.0	269.8	404.7	-6201.7	10020.0	28.3	
55.75	283.3	6.0	0.0	0.0	25.5	-0.1	208.1	263.7	395.6	-6080.0	10013.7	25.5	
55.80	285.5	6.0	0.0	0.0	24.8	-0.1	209.4	263.1	386.5	-5976.9	9981.1	24.8	
55.85	287.7	5.7	0.0	0.0	29.9	-0.1	208.6	266.9	378.0	-5987.0	9923.0	29.9	
55.90	290.0	5.9	0.0	0.0	33.4	-0.1	208.2	268.5	368.9	-5994.8	9901.8	33.4	
55.95	292.2	6.0	0.0	0.0	29.5	-0.1	209.7	264.2	358.4	-5901.9	9947.8	29.5	
56.00	294.4	5.9	0.0	0.0	25.4	-0.1	211.2	256.3	347.1	-5736.3	10022.3	25.4	
56.05	296.7	5.8	0.0	0.0	28.6	-0.1	209.6	250.0	336.0	-5534.8	10065.2	28.6	
56.10	298.9	5.9	0.0	0.0	33.4	-0.1	206.3	245.5	324.8	-5333.1	10100.2	33.4	
56.15	301.1	6.0	0.0	0.0	34.9	-0.1	204.4	236.6	314.4	-5134.0	10146.9	34.9	
56.20	303.4	5.8	0.0	0.0	29.5	-0.1	207.8	224.5	307.3	-4940.3	10235.3	29.5	
56.25	305.6	6.0	0.0	0.0	22.5	-0.1	215.4	215.6	302.7	-4803.2	10342.2	22.5	
56.30	307.9	6.3	0.0	0.0	16.2	-0.1	222.1	211.3	296.1	-4724.2	10452.9	16.2	
56.35	310.1	6.4	0.0	0.0	11.4	-0.1	225.3	211.7	286.1	-4636.2	10550.6	11.4	
56.40	312.3	6.2	0.0	0.0	12.2	-0.1	220.6	208.8	274.7	-4527.6	10509.3	12.2	
56.45	314.6	6.1	0.0	0.0	18.7	-0.1	209.6	199.5	264.6	-4399.2	10287.7	18.7	
56.50	316.8	6.3	0.0	0.0	24.6	-0.1	198.6	190.5	257.2	-4207.8	9967.4	24.6	
56.55	319.1	6.1	0.0	0.0	25.7	-0.1	188.9	179.4	250.7	-3921.9	9608.6	25.7	
56.60	321.3	5.9	0.0	0.0	27.6	-0.1	179.7	169.5	245.7	-3618.9	9257.2	27.6	
56.65	323.6	6.0	0.0	0.0	28.9	-0.1	174.5	163.9	242.3	-3419.0	9010.3	28.9	
56.70	325.8	5.8	0.0	0.0	24.8	-0.1	174.9	158.0	237.1	-3335.2	8940.8	24.8	
56.75	328.1	5.7	0.0	0.0	17.2	-0.1	179.4	153.2	229.1	-3255.6	9039.3	17.2	
56.80	330.3	5.8	0.0	0.0	12.3	-0.1	182.5	148.1	221.0	-3184.1	9156.1	12.3	
56.85	332.6	5.7	0.0	0.0	16.8	-0.1	178.9	142.1	216.0	-3090.7	9135.0	16.8	
56.90	334.8	5.7	0.0	0.0	22.2	-0.1	173.1	136.2	212.0	-2890.7	9039.3	22.2	
56.95	337.1	5.7	0.0	0.0	24.5	-0.1	166.1	118.8	206.5	-2577.0	8914.7	24.5	
57.00	339.3	5.7	0.0	0.0	21.6	-0.1	163.9	97.5	202.2	-2201.4	8849.3	21.6	
57.05	341.6	5.8	0.0	0.0	15.8	-0.1	168.3	84.4	202.2	-1875.9	8867.3	15.8	
57.10	343.8	6.0	0.0	0.0	11.0	-0.1	173.3	75.9	202.2	-1669.1	8909.5	11.0	
57.15	346.1	6.4	0.0	0.0	4.7	-0.1	178.3	69.0	197.7	-1480.3	9015.2	4.7	
57.20	348.3	6.6	0.0	0.0	-1.7	-0.1	183.7	62.5	193.2	-1280.4	9161.0	-1.7	
57.25	350.6	6.8	0.0	0.0	-0.4	-0.1	185.5	52.4	193.6	-1115.3	9219.9	-0.4	
57.30	352.8	7.3	0.0	0.0	4.6	-0.1	185.0	41.7	195.0	-895.2	9230.2	4.6	
57.35	355.1	7.5	0.0	0.0	4.4	-0.1	185.2	31.1	192.8	-523.5	9276.5	4.4	
57.40	357.3	7.5	0.0	0.0	1.5	-0.1	186.6	14.2	190.7	-61.5	9332.8	1.5	
57.45	359.6	7.4	0.0	0.0	-2.6	-0.1	190.6	-2.7	194.7	403.5	9356.7	-2.6	
57.50	1.8	7.6	0.0	0.0	-5.1	-0.1	195.4	-17.9	200.1	820.9	9370.9	-5.1	
57.55	4.1	7.9	0.0	0.0	-10.0	-0.1	197.0	-35.2	198.5	1141.2	9386.9	-10.0	
57.60	6.4	7.9	0.0	0.0	-13.4	-0.1	196.8	-47.0	194.3	1367.7	9395.7	-13.4	
57.65	8.7	7.8	0.0	0.0	-15.2	-0.1	197.6	-51.6	196.6	1554.1	9358.0	-15.2	
57.70	10.9	7.7	0.0	0.0	-12.9	-0.1	195.6	-57.6	203.1	1728.0	9238.1	-12.9	
57.75	13.2	7.7	0.0	0.0	-11.4	-0.1	190.0	-67.6	205.3	1965.4	9096.0	-11.4	
57.80	15.5	7.4	0.0	0.0	-7.8	-0.1	181.2	-80.5	203.7	2246.8	8935.6	-7.8	
57.85	17.7	7.3	0.0	0.0	-1.0	-0.1	172.1	-94.4	205.5	2551.9	8747.5	-1.0	
57.90	20.0	7.5	0.0	0.0	1.0	-0.1	170.4	-105.4	211.1	2887.3	8688.0	1.0	
57.95	22.3	7.3	0.0	0.0	-2.6	-0.1	174.9	-116.6	215.9	3230.2	8816.1	-2.6	
58.00	24.5	7.1	0.0	0.0	-8.1	-0.1	182.3	-131.3	217.5	3491.0	9098.2	-8.1	
58.05	26.8	6.9	0.0	0.0	-14.7	-0.1	192.2	-137.0	221.8	3657.5	9440.6	-14.7	
58.10	29.1	6.7	0.0	0.0	-17.2	-0.1	199.5	-138.1	231.1	3793.3	9678.6	-17.2	
58.15	31.3	6.9	0.0	0.0	-12.3	-0.1	199.0	-147.7	239.4	3924.0	9755.8	-12.3	
58.20	33.6	7.2	0.0	0.0	-8.3	-0.1	195.3	-158.1	244.9	4092.6	9774.8	-8.3	
58.25	35.9	7.4	0.0	0.0	-8.1	-0.1	194.6	-166.7	251.4	4291.8	9841.6	-8.1	
58.30	38.2	7.1	0.0	0.0	-11.6	-0.1	198.3	-179.2	260.5	4534.9	9981.7	-11.6	
58.35	40.5	6.8	0.0	0.0	-20.8	-0.1	205.9	-194.9	270.1	4907.4	10184.7	-20.8	
58.40	42.7	6.9	0.0	0.0	-29.1	-0.1	212.1	-212.1	277.5	5318.9	10373.3	-29.1	
58.45	45.0	7.0	0.0	0.0	-32.3	-0.1	216.0	-224.9	283.9	5595.7	10522.8	-32.3	
58.50	47.3	7.0	0.0	0.0	-34.2	-0.1	219.2	-228.3	292.7	5757.0	10632.8	-34.2	
58.55	49.6	6.6	0.0	0.0	-37.4	-0.1	223.0	-230.2	303.0	5928.9	10729.9	-37.4	
58.60	51.8	6.5	0.0	0.0	-39.6	-0.1	225.0	-233.8	311.9	6065.9	10788.6	-39.6	
58.65	54.1	6.5	0.0	0.0	-38.6	-0.1	226.8	-231.7	321.1	6129.4	10851.7	-38.6	
58.70	56.4	6.8	0.0	0.0	-40.8	-0.1	229.0	-234.4	330.3	6246.3	10917.7	-40.8	
58.75	58.7	6.5	0.0	0.0	-43.1	-0.1	230.4	-249.8	339.6	6531.3	10949.9	-43.1	
58.80	61.0	6.3	0.0	0.0	-48.8	-0.1	233.4	-265.6	350.1	6969.1	10999.2	-48.8	
58.85	63.2	6.3	0.0	0.0	-48.1	-0.1	232.0	-275.6	361.7	7311.6	10978.9	-48.1	
58.90	65.5	6.3	0.0	0.0	-41.3	-0.1	227.2	-282.6	370.2	7436.2	10971.3	-41.3	
58.95	67.8	6.5	0.0	0.0	-44.8	-0.1	226.2	-287.7	377.1	7505.9	11079.1	-44.8	
59.00	70.1	6.7	0.0	0.0	-50.7	-0.1	231.2	-291.2	386.0	7534.5	11246.0	-50.7	
59.05	72.4	6.8	0.0	0.0	-51.1	-0.1	236.7	-290.4	397.8	7474.5	11346.7	-51.1	
59.10	74.7	6.8	0.0	0.0	-48.2	-0.1	239.9	-286.2	410.5	7387.9	11401.5	-48.2	
59.15	77.0	6.6	0.0	0.0	-46.2	-0.1	236.8	-288.7	420.8	7408.3	11395.7	-46.2	
59.20	79.3	6.5	0.0	0.0	-46.0	-0.1	231.6	-298.4	430.6	7573.5	11345.7	-46.0	
59.25	81.6	6.6	0.0	0.0	-47.6	-0.1	232.0	-306.6	443.2	7814.9	11310.0	-47.6	
59.30	83.8	6.8	0.0	0.0	-49.0	-0.1	238.6	-311.3	457.4	8037.1	11326.1	-49.0	
59.35	86.1	6.8	0.0	0.0	-49.7	-0.1	247.7	-314.4	468.8	8172.4	11448.2	-49.7	
59.40	88.4	6.9	0.0	0.0	-47.1	-0.1	254.2	-314.1	477.5	8157.5	11641.7	-47.1	
59.45	90.7	7.1	0.0	0.0	-45.8	-0.1	260.7	-306.6	487.5	7979.5	11842.9	-45.8	
59.50	93.0	7.4	0.0	0.0	-43.6	-0.1	265.0	-295.6	500.8	7744.1	11947.3	-43.6	
59.55	95.3	7.6	0.0	0.0	-40.6	-0.1	264.8	-290.8	516.1	7619.3	11931.6	-40.6	
59.60	97.6	7.7	0.0	0.0	-38.7	-0.1	261.4	-293.0	530.1	7629.3	11921.7	-38.7	
59.65	99.9	7.6	0.0	0.0	-35.5	-0.1	256.7	-295.6	542.5	7685.2	11950.0	-35.5	
59.70	102.2	7.8	0.0	0.0	-34.6	-0.1	254.1	-296.5	553.1	7739.1	12032.9	-34.6	
59.75	104.5	7.9	0.0	0.0	-37.2	-0.1	254.2	-299.0	562.8	7805.1	12133.2	-37.2	
59.80	106.8	7.9	0.0	0.0	-44.2	-0.1	260.0	-303.3	573.0	7883.0	12287.8	-44.2	
59.85	109.1	7.8	0.0	0.0	-47.6	-0.1	265.9	-301.4	583.8	7817.4	12420.0	-47.6	
59.90	111.4	7.7	0.0	0.0	-50.7	-0.1	269.3	-287.7	593.9	7544.2	12520.1	-50.7	
59.95	113.7	7.6	0.0	0.0	-50.1	-0.1	270.6	-269.0	603.4	7194.0	12606.0	-50.1	
60.00	116.0	7.7	0.0	0.0	-48.8	-0.1	271.3	-259.5	614.0	6892.9	12651.9	-48.8	
60.05	118.3	7.9	0.0	0.0	-46.4	-0.1	273.3	-255.8	628.1	6722.0	12655.7	-46.4	
60.10	120.7	7.9	0.0	0.0	-48.6	-0.1	276.3	-250.1	641.5	6691.4	12686.7	-48.6	
60.15	123.0	7.6	0.0	0.0	-50.3	-0.1	276.0	-247.8	649.0	6691.6	12713.5	-50.3	
60.20	125.3	7.3	0.0	0.0	-51.8	-0.1	276.6	-248.4	655.2	6660.2	12745.9	-51.8	
60.25	127.6	7.0	0.0	0.0	-50.4	-0.1	278.0	-247.2	665.8	6529.7	12728.5	-50.4	
60.30	129.9	7.3	0.0	0.0	-49.4	-0.1	278.2	-244.3	677.0	6294.7	12649.3	-49.4	
60.35	132.2	7.3	0.0	0.0	-48.8	-0.1	273.9	-232.9	685.4	5996.3	12469.2	-48.8	
60.40	134.5	7.1	0.0	0.0	-43.4	-0.1	267.3	-210.8	693.5	5604.7	12230.6	-43.4	
60.45	136.9	7.2	0.0	0.0	-36.7	-0.1	261.1	-194.4	702.8	5234.1	11967.2	-36.7	
60.50	139.2	7.3	0.0	0.0	-33.0	-0.1	255.8	-191.8	713.0	5045.7	11713.6	-33.0	
60.55	141.5	7.2	0.0	0.0	-29.0	-0.1	247.8	-191.5	719.5	4972.1	11428.1	-29.0	
60.60	143.8	7.0	0.0	0.0	-24.2	-0.1	237.9	-184.3	723.6	4932.1	11107.6	-24.2	
60.65	146.1	6.9	0.0	0.0	-21.7	-0.1	231.5	-173.4	728.9	4860.4	10815.8	-21.7	
60.70	148.5	6.8	0.0	0.0	-18.8	-0.1	229.8	-165.4	736.8	4679.1	10621.8	-18.8	
60.75	150.8	6.9	0.0	0.0	-20.3	-0.1	234.1	-158.3	744.0	4430.1	10607.1	-20.3	
60.80	153.1	6.8	0.0	0.0	-20.7	-0.1	238.8	-144.0	747.8	4069.1	10662.9	-20.7	
60.85	155.4	6.7	0.0	0.0	-16.3	-0.1	239.2	-124.2	750.8	3614.7	10646.4	-16.3	
60.90	157.7	6.7	0.0	0.0	-14.4	-0.1	239.2	-104.3	754.9	3203.2	10571.9	-14.4	
60.95	160.1	6.6	0.0	0.0	-18.9	-0.1	238.2	-93.7	760.2	2961.1	10416.3	-18.9	
61.00	162.4	6.5	0.0	0.0	-21.1	-0.1	230.5	-93.9	764.7	2811.2	10114.8	-21.1	
61.05	164.8	6.5	0.0	0.0	-18.1	-0.1	215.7	-88.7	767.8	2650.7	9685.4	-18.1	
61.10	167.1	6.8	0.0	0.0	-5.6	-0.1	197.2	-76.9	769.5	2446.4	9231.2	-5.6	
61.15	169.4	7.1	0.0	0.0	2.4	-0.1	182.7	-68.5	770.9	2182.1	8897.7	2.4	
61.20	171.7	7.3	0.0	0.0	-1.2	-0.1	182.8	-56.9	773.0	1885.7	8853.4	-1.2	
61.25	174.1	7.3	0.0	0.0	-10.2	-0.1	190.6	-38.2	774.7	1401.3	8996.2	-10.2	
61.30	176.4	7.3	0.0	0.0	-14.2	-0.1	198.7	-14.8	774.8	772.3	9206.1	-14.2	
61.35	178.7	7.3	0.0	0.0	-19.9	-0.1	205.8	10.7	775.1	240.0	9400.8	-19.9	
61.40	181.1	7.4	0.0	0.0	-21.5	-0.1	208.5	23.8	777.6	-143.2	9472.4	-21.5	
61.45	183.4	7.4	0.0	0.0	-19.6	-0.1	208.3	28.1	783.0	-384.3	9437.8	-19.6	
61.50	185.7	7.4	0.0	0.0	-18.3	-0.1	205.2	35.8	786.5	-570.7	9357.8	-18.3	
61.55	188.1	7.1	0.0	0.0	-13.9	-0.1	198.4	41.8	783.5	-829.7	9267.1	-13.9	
61.60	190.4	7.0	0.0	0.0	-17.0	-0.1	199.6	51.5	777.8	-1119.0	9338.1	-17.0	
61.65	192.8	7.0	0.0	0.0	-29.3	-0.1	210.4	67.3	775.6	-1406.9	9511.9	-29.3	
61.70	195.1	6.9	0.0	0.0	-37.6	-0.1	217.7	79.9	775.1	-1797.7	9554.2	-37.6	
61.75	197.4	6.8	0.0	0.0	-33.3	-0.1	214.7	93.5	773.7	-2250.2	9371.1	-33.3	
61.80	199.8	6.7	0.0	0.0	-25.0	-0.1	203.7	111.9	771.4	-2621.3	9024.8	-25.0	
61.85	202.1	6.8	0.0	0.0	-13.0	-0.1	187.5	124.1	770.4	-2850.8	8576.5	-13.0	
61.90	204.5	6.9	0.0	0.0	-6.7	-0.1	174.7	132.2	769.4	-2955.5	8215.0	-6.7	
61.95	206.8	6.8	0.0	0.0	-3.5	-0.1	168.8	141.5	764.7	-3060.1	8068.6	-3.5	
62.00	209.2	6.7	0.0	0.0	-1.3	-0.1	170.0	146.0	755.6	-3222.9	8159.0	-1.3	
62.05	211.5	6.6	0.0	0.0	-7.5	-0.1	178.6	152.5	746.1	-3350.2	8438.2	-7.5	
62.10	213.9	6.7	0.0	0.0	-15.6	-0.1	189.1	162.4	740.5	-3478.6	8729.2	-15.6	
62.15	216.2	6.8	0.0	0.0	-16.2	-0.1	194.7	174.1	737.2	-3736.9	8893.1	-16.2	
62.20	218.6	6.7	0.0	0.0	-14.0	-0.1	199.2	185.5	733.3	-4059.7	9013.3	-14.0	
62.25	220.9	6.5	0.0	0.0	-16.8	-0.1	205.0	192.4	727.7	-4299.7	9154.8	-16.8	
62.30	223.3	6.6	0.0	0.0	-21.3	-0.1	209.9	197.2	721.7	-4468.9	9261.7	-21.3	
62.35	225.7	6.4	0.0	0.0	-18.7	-0.1	211.4	205.4	714.6	-4634.9	9293.6	-18.7	
62.40	228.0	6.4	0.0	0.0	-13.1	-0.1	207.9	212.8	702.9	-4792.0	9283.3	-13.1	
62.45	230.4	6.6	0.0	0.0	-10.4	-0.1	201.7	217.0	688.1	-4904.6	9268.0	-10.4	
62.50	232.7	6.2	0.0	0.0	-9.3	-0.1	196.4	222.8	676.9	-5025.5	9204.3	-9.3	
62.55	235.1	6.0	0.0	0.0	-3.4	-0.1	192.6	232.9	671.3	-5240.9	9042.3	-3.4	
62.60	237.5	5.9	0.0	0.0	2.0	-0.1	189.8	244.9	665.9	-5510.9	8878.9	2.0	
62.65	239.8	6.2	0.0	0.0	1.0	-0.1	188.0	255.5	656.9	-5739.3	8814.4	1.0	
62.70	242.2	6.4	0.0	0.0	-1.3	-0.1	188.9	266.5	646.9	-5979.2	8829.1	-1.3	
62.75	244.6	6.4	0.0	0.0	1.1	-0.1	193.1	274.8	639.7	-6219.0	8857.0	1.1	
62.80	246.9	6.0	0.0	0.0	-0.1	-0.1	199.4	276.9	631.4	-6339.0	8944.1	-0.1	
62.85	249.3	6.1	0.0	0.0	-4.7	-0.1	203.5	273.7	618.7	-6347.5	9096.7	-4.7	
62.90	251.7	6.3	0.0	0.0	-5.0	-0.1	202.9	271.3	604.4	-6367.0	9242.0	-5.0	
62.95	254.0	6.9	0.0	0.0	-0.2	-0.1	202.8	277.7	593.4	-6457.2	9357.5	-0.2	
63.00	256.4	7.0	0.0	0.0	1.4	-0.1	205.7	283.0	584.6	-6576.5	9477.3	1.4	
63.05	258.8	7.1	0.0	0.0	-2.8	-0.1	211.1	282.5	575.7	-6659.6	9628.4	-2.8	
63.10	261.2	7.1	0.0	0.0	-6.1	-0.1	216.5	288.0	566.4	-6765.9	9758.0	-6.1	
63.15	263.6	6.8	0.0	0.0	0.4	-0.1	218.1	297.6	556.7	-6955.9	9821.3	0.4	
63.20	265.9	6.7	0.0	0.0	6.3	-0.1	217.2	303.0	545.0	-7073.1	9889.8	6.3	
63.25	268.3	6.7	0.0	0.0	3.3	-0.1	217.5	300.7	531.7	-6986.3	9991.5	3.3	
63.30	270.7	6.5	0.0	0.0	2.7	-0.1	216.9	292.3	520.4	-6851.6	10002.8	2.7	
63.35	273.1	6.4	0.0	0.0	6.5	-0.1	215.6	287.3	511.4	-6742.0	9932.8	6.5	
63.40	275.5	6.3	0.0	0.0	8.9	-0.1	215.6	283.1	502.2	-6581.6	9902.5	8.9	
63.45	277.9	6.3	0.0	0.0	7.7	-0.1	215.8	276.8	490.7	-6414.1	9934.5	7.7	
63.50	280.2	6.3	0.0	0.0	8.4	-0.1	216.6	273.9	479.0	-6343.6	9991.2	8.4	
63.55	282.6	6.3	0.0	0.0	12.4	-0.1	218.4	273.3	469.0	-6338.9	10039.4	12.4	
63.60	285.0	6.3	0.0	0.0	15.7	-0.1	220.5	272.1	458.2	-6288.0	10103.7	15.7	
63.65	287.4	6.5	0.0	0.0	16.1	-0.1	222.4	267.9	446.1	-6132.5	10195.1	16.1	
63.70	289.8	6.7	0.0	0.0	20.0	-0.1	222.1	262.7	434.1	-5947.9	10255.8	20.0	
63.75	292.2	6.8	0.0	0.0	25.0	-0.1	222.0	257.0	424.2	-5766.6	10305.2	25.0	
63.80	294.6	6.8	0.0	0.0	26.0	-0.1	222.5	247.4	414.2	-5487.3	10384.4	26.0	
63.85	296.9	6.8	0.0	0.0	23.9	-0.1	224.6	237.9	403.0	-5174.3	10525.1	23.9	
63.90	299.3	6.5	0.0	0.0	27.1	-0.1	225.5	232.0	392.5	-4996.0	10648.9	27.1	
63.95	301.7	6.7	0.0	0.0	36.2	-0.1	223.1	229.5	382.3	-4919.7	10704.7	36.2	
64.00	304.1	7.0	0.0	0.0	40.9	-0.1	220.4	226.8	370.6	-4861.7	10761.3	40.9	
64.05	306.5	7.1	0.0	0.0	41.1	-0.1	220.2	220.9	359.7	-4805.2	10822.5	41.1	
64.10	308.9	7.1	0.0	0.0	36.5	-0.1	225.8	214.5	352.0	-4722.3	10939.1	36.5	
64.15	311.3	7.0	0.0	0.0	31.0	-0.1	233.5	208.3	345.9	-4572.8	11120.5	31.0	
64.20	313.7	6.8	0.0	0.0	28.6	-0.1	237.3	198.0	337.5	-4372.7	11296.0	28.6	
64.25	316.1	6.6	0.0	0.0	29.6	-0.1	236.3	188.8	327.8	-4158.6	11386.6	29.6	
64.30	318.5	6.5	0.0	0.0	33.1	-0.1	232.4	179.8	321.2	-3925.9	11349.8	33.1	
64.35	320.9	6.4	0.0	0.0	40.3	-0.1	227.1	170.4	316.3	-3704.2	11243.9	40.3	
64.40	323.3	6.3	0.0	0.0	49.3	-0.1	220.3	161.5	309.8	-3537.0	11145.3	49.3	
64.45	325.8	6.3	0.0	0.0	54.0	-0.1	216.4	158.1	302.0	-3435.1	11126.8	54.0	
64.50	328.2	6.2	0.0	0.0	52.8	-0.1	219.0	157.2	296.2	-3362.1	11220.3	52.8	
64.55	330.6	6.1	0.0	0.0	45.9	-0.1	226.6	149.6	293.3	-3199.9	11407.5	45.9	
64.60	333.0	6.1	0.0	0.0	38.2	-0.1	234.9	133.4	291.5	-2871.2	11624.9	38.2	
64.65	335.4	6.1	0.0	0.0	33.0	-0.1	239.9	117.1	289.3	-2503.4	11773.8	33.0	
64.70	337.8	6.3	0.0	0.0	32.6	-0.1	238.8	103.2	286.1	-2187.4	11786.6	32.6	
64.75	340.3	6.5	0.0	0.0	31.0	-0.1	237.5	89.8	282.3	-1806.1	11786.9	31.0	
64.80	342.7	6.6	0.0	0.0	25.2	-0.1	239.9	74.1	279.2	-1420.0	11863.2	25.2	
64.85	345.1	6.6	0.0	0.0	20.6	-0.1	243.0	59.4	276.5	-1143.7	11943.7	20.6	
64.90	347.5	6.5	0.0	0.0	13.7	-0.1	245.7	51.8	273.0	-911.2	11994.4	13.7	
64.95	349.9	6.4	0.0	0.0	9.1	-0.1	244.2	43.9	268.5	-639.2	11951.8	9.1	
65.00	352.4	6.3	0.0	0.0	13.9	-0.1	235.6	28.5	266.2	-303.4	11734.3	13.9	
65.05	354.8	6.3	0.0	0.0	18.4	-0.1	229.7	15.5	268.0	83.7	11487.3	18.4	
65.10	357.2	6.2	0.0	0.0	16.3	-0.1	227.8	2.6	269.4	503.3	11324.4	16.3	
65.15	359.6	6.1	0.0	0.0	9.7	-0.1	227.6	-13.7	268.0	953.0	11238.7	9.7	
65.20	2.0	6.3	0.0	0.0	7.6	-0.1	225.7	-29.6	267.6	1353.6	11135.7	7.6	
65.25	4.5	6.5	0.0	0.0	10.6	-0.1	222.8	-42.3	268.1	1631.8	11034.9	10.6	
65.30	6.9	6.5	0.0	0.0	7.1	-0.1	220.9	-51.3	268.4	1876.3	10979.2	7.1	
65.35	9.3	6.5	0.0	0.0	2.5	-0.1	218.8	-59.0	268.3	2107.6	10945.6	2.5	
65.40	11.8	6.5	0.0	0.0	4.6	-0.1	216.9	-70.2	270.0	2301.6	10903.2	4.6	
65.45	14.2	6.6	0.0	0.0	6.7	-0.1	217.9	-83.3	274.8	2517.9	10881.3	6.7	
65.50	16.6	6.6	0.0	0.0	3.8	-0.1	219.7	-97.6	279.5	2815.4	10901.6	3.8	
65.55	19.1	6.7	0.0	0.0	0.6	-0.1	216.6	-109.2	282.3	3141.7	10894.3	0.6	
65.60	21.5	6.8	0.0	0.0	5.3	-0.1	209.1	-119.3	284.1	3385.0	10836.2	5.3	
65.65	24.0	6.9	0.0	0.0	8.9	-0.1	207.3	-128.6	288.1	3568.9	10848.5	8.9	
65.70	26.4	7.0	0.0	0.0	2.8	-0.1	215.9	-138.5	295.7	3785.7	11017.6	2.8	
65.75	28.9	7.1	0.0	0.0	-8.0	-0.1	226.6	-149.8	303.5	4004.0	11238.4	-8.0	
65.80	31.3	7.2	0.0	0.0	-11.1	-0.1	233.7	-154.8	309.9	4148.5	11415.3	-11.1	
65.85	33.7	7.1	0.0	0.0	-11.1	-0.1	237.3	-158.6	318.3	4339.9	11512.0	-11.1	
65.90	36.2	7.0	0.0	0.0	-16.2	-0.1	239.4	-171.6	328.3	4635.2	11585.4	-16.2	
65.95	38.6	6.9	0.0	0.0	-26.7	-0.1	241.6	-184.7	338.2	4936.1	11684.2	-26.7	
66.00	41.1	6.7	0.0	0.0	-29.0	-0.1	241.2	-191.8	346.8	5164.0	11780.4	-29.0	
66.05	43.5	6.6	0.0	0.0	-25.8	-0.1	241.5	-200.7	353.1	5342.3	11939.3	-25.8	
66.10	46.0	6.5	0.0	0.0	-31.1	-0.1	248.6	-212.3	361.2	5565.8	12214.1	-31.1	
66.15	48.4	6.6	0.0	0.0	-38.6	-0.1	259.6	-223.3	373.0	5828.9	12516.1	-38.6	
66.20	50.9	6.8	0.0	0.0	-40.7	-0.1	267.4	-237.9	383.5	6048.6	12786.1	-40.7	
66.25	53.3	7.1	0.0	0.0	-41.0	-0.1	273.0	-243.7	391.3	6197.8	13083.6	-41.0	
66.30	55.8	7.2	0.0	0.0	-44.6	-0.1	277.9	-242.8	401.5	6361.1	13349.6	-44.6	
66.35	58.2	7.2	0.0	0.0	-45.1	-0.1	280.7	-253.5	414.8	6576.9	13460.7	-45.1	
66.40	60.7	7.1	0.0	0.0	-51.1	-0.1	286.0	-266.9	428.2	6844.0	13534.7	-51.1	
66.45	63.1	6.9	0.0	0.0	-51.7	-0.1	287.1	-271.0	440.1	7070.0	13568.7	-51.7	
66.50	65.6	6.9	0.0	0.0	-48.2	-0.1	279.5	-275.8	447.8	7188.0	13553.0	-48.2	
66.55	68.1	7.0	0.0	0.0	-47.5	-0.1	273.1	-281.3	456.0	7351.3	13537.5	-47.5	
66.60	70.5	7.1	0.0	0.0	-53.4	-0.1	274.5	-287.0	468.5	7593.7	13504.0	-53.4	
66.65	73.0	7.2	0.0	0.0	-54.9	-0.1	276.4	-295.7	482.5	7749.3	13365.0	-54.9	
66.70	75.5	7.5	0.0	0.0	-58.8	-0.1	276.7	-296.8	495.5	7821.0	13226.6	-58.8	
66.75	77.9	7.3	0.0	0.0	-65.1	-0.1	274.9	-295.6	506.8	7901.8	13107.8	-65.1	
66.80	80.4	7.1	0.0	0.0	-61.3	-0.1	269.4	-302.5	515.7	7931.4	12925.8	-61.3	
66.85	82.9	6.9	0.0	0.0	-50.1	-0.1	262.6	-303.9	529.1	7896.2	12648.0	-50.1	
66.90	85.4	7.1	0.0	0.0	-45.1	-0.1	259.7	-299.0	544.2	7905.6	12482.6	-45.1	
66.95	87.9	6.9	0.0	0.0	-46.2	-0.1	256.2	-301.2	553.1	7907.1	12454.7	-46.2	
67.00	90.3	6.8	0.0	0.0	-47.4	-0.1	255.6	-302.2	560.5	7845.0	12531.5	-47.4	
67.05	92.8	7.0	0.0	0.0	-49.9	-0.1	262.2	-295.8	575.8	7794.8	12585.4	-49.9	
67.10	95.3	7.1	0.0	0.0	-54.5	-0.1	269.3	-295.9	594.2	7779.6	12544.7	-54.5	
67.15	97.8	7.0	0.0	0.0	-59.2	-0.1	272.7	-297.3	609.1	7779.1	12531.4	-59.2	
67.20	100.3	6.8	0.0	0.0	-58.3	-0.1	269.4	-288.9	620.7	7642.3	12544.7	-58.3	
67.25	102.8	6.7	0.0	0.0	-47.9	-0.1	262.0	-283.4	631.3	7365.4	12514.3	-47.9	
67.30	105.3	6.8	0.0	0.0	-46.0	-0.1	262.4	-279.3	643.9	7183.7	12560.0	-46.0	
67.35	107.8	7.1	0.0	0.0	-53.8	-0.1	271.0	-275.6	658.6	7152.3	12683.4	-53.8	
67.40	110.3	7.2	0.0	0.0	-57.0	-0.1	274.7	-278.5	672.0	7063.1	12703.5	-57.0	
67.45	112.8	7.1	0.0	0.0	-62.7	-0.1	276.5	-274.8	683.9	6925.1	12709.5	-62.7	
67.50	115.2	6.7	0.0	0.0	-64.8	-0.1	274.1	-261.4	695.0	6738.8	12636.2	-64.8	
67.55	117.7	6.5	0.0	0.0	-64.0	-0.1	271.2	-254.2	704.3	6526.7	12525.1	-64.0	
67.60	120.2	6.5	0.0	0.0	-63.8	-0.1	273.2	-249.4	719.2	6443.4	12383.9	-63.8	
67.65	122.7	6.6	0.0	0.0	-64.8	-0.1	273.8	-242.4	735.9	6277.6	12185.3	-64.8	
67.70	125.2	6.7	0.0	0.0	-59.0	-0.1	267.4	-232.2	744.6	5915.9	11974.1	-59.0	
67.75	127.8	6.9	0.0	0.0	-54.1	-0.1	258.5	-217.5	751.3	5629.1	11757.0	-54.1	
67.80	130.3	6.9	0.0	0.0	-45.2	-0.1	248.6	-211.8	762.4	5499.3	11465.1	-45.2	
67.85	132.8	7.0	0.0	0.0	-34.7	-0.1	240.0	-214.7	776.5	5408.9	11143.8	-34.7	
67.90	135.3	7.0	0.0	0.0	-35.0	-0.1	238.1	-207.8	787.6	5319.0	10993.0	-35.0	
67.95	137.8	7.0	0.0	0.0	-41.6	-0.1	239.3	-196.8	792.7	5136.0	11008.0	-41.6	
68.00	140.3	6.9	0.0	0.0	-43.8	-0.1	242.7	-188.2	798.4	4840.2	11094.5	-43.8	
68.05	142.9	7.0	0.0	0.0	-45.4	-0.1	253.0	-175.4	811.0	4601.3	11250.2	-45.4	
68.10	145.4	7.1	0.0	0.0	-47.7	-0.1	260.4	-167.1	821.7	4415.9	11349.9	-47.7	
68.15	147.9	6.9	0.0	0.0	-44.0	-0.1	258.8	-161.1	825.3	4146.4	11326.3	-44.0	
68.20	150.4	6.8	0.0	0.0	-37.4	-0.1	256.3	-144.9	830.8	3877.1	11283.1	-37.4	
68.25	153.0	6.8	0.0	0.0	-26.9	-0.1	255.2	-135.6	839.2	3665.0	11256.4	-26.9	
68.30	155.5	6.9	0.0	0.0	-24.3	-0.1	257.2	-134.0	845.2	3538.9	11287.8	-24.3	
68.35	158.0	7.1	0.0	0.0	-32.8	-0.1	263.4	-120.5	848.1	3446.0	11398.1	-32.8	
68.40	160.5	7.4	0.0	0.0	-35.7	-0.1	263.6	-102.9	850.3	3151.6	11400.8	-35.7	
68.45	163.1	7.5	0.0	0.0	-25.7	-0.1	257.6	-87.6	854.7	2675.7	11281.8	-25.7	
68.50	165.6	7.6	0.0	0.0	-22.9	-0.1	255.1	-68.4	862.3	2260.3	11201.0	-22.9	
68.55	168.2	7.5	0.0	0.0	-18.0	-0.1	248.4	-52.8	867.6	1820.7	11065.9	-18.0	
68.60	170.7	7.3	0.0	0.0	-6.5	-0.1	236.4	-39.3	871.7	1323.5	10858.2	-6.5	
68.65	173.2	7.2	0.0	0.0	-0.3	-0.1	229.3	-17.9	876.9	895.7	10750.8	-0.3	
68.70	175.8	7.3	0.0	0.0	-1.2	-0.1	229.7	-8.9	878.8	578.3	10817.5	-1.2	
68.75	178.3	7.4	0.0	0.0	-9.6	-0.1	236.0	-8.5	877.0	374.1	11011.4	-9.6	
68.80	180.9	7.7	0.0	0.0	-28.6	-0.1	247.4	7.3	876.8	113.7	11250.7	-28.6	
68.85	183.4	7.9	0.0	0.0	-32.8	-0.1	250.7	28.9	878.0	-362.6	11289.9	-32.8	
68.90	186.0	7.7	0.0	0.0	-25.3	-0.1	243.3	45.7	878.6	-881.7	11074.7	-25.3	
68.95	188.5	7.4	0.0	0.0	-22.8	-0.1	235.0	64.8	878.5	-1331.1	10761.8	-22.8	
69.00	191.1	7.0	0.0	0.0	-10.7	-0.1	223.9	82.2	879.7	-1862.9	10350.3	-10.7	
69.05	193.7	6.6	0.0	0.0	1.3	-0.1	214.2	100.9	881.1	-2417.8	9973.6	1.3	
69.10	196.3	6.7	0.0	0.0	-1.6	-0.1	213.0	118.8	879.2	-2737.1	9810.1	-1.6	
69.15	198.8	6.6	0.0	0.0	-7.4	-0.1	213.6	122.9	873.6	-2856.6	9731.1	-7.4	
69.20	201.4	6.5	0.0	0.0	-9.7	-0.1	210.3	121.5	870.6	-2926.8	9556.1	-9.7	
69.25	204.0	6.5	0.0	0.0	-10.1	-0.1	204.5	132.3	870.5	-3049.4	9303.2	-10.1	
69.30	206.6	6.8	0.0	0.0	-8.3	-0.1	193.8	143.8	867.0	-3296.1	9019.3	-8.3	
69.35	209.2	7.0	0.0	0.0	-10.5	-0.1	185.8	152.8	859.9	-3587.9	8842.0	-10.5	
69.40	211.8	6.9	0.0	0.0	-16.8	-0.1	188.9	171.0	856.0	-3909.2	8845.8	-16.8	
69.45	214.4	6.6	0.0	0.0	-15.0	-0.1	194.4	188.4	855.1	-4327.5	8891.2	-15.0	
69.50	217.0	6.4	0.0	0.0	-11.7	-0.1	197.3	199.1	850.0	-4678.0	8965.3	-11.7	
69.55	219.5	6.7	0.0	0.0	-17.0	-0.1	199.7	206.3	840.0	-4799.9	9103.5	-17.0	
69.60	222.1	6.8	0.0	0.0	-20.1	-0.1	195.9	208.6	830.0	-4836.0	9118.7	-20.1	
69.65	224.7	6.8	0.0	0.0	-12.7	-0.1	190.3	212.7	823.8	-4844.6	9023.2	-12.7	
69.70	227.3	6.6	0.0	0.0	-9.6	-0.1	189.6	220.6	816.6	-4869.8	9003.0	-9.6	
69.75	230.0	6.3	0.0	0.0	-8.6	-0.1	190.8	221.5	805.0	-5049.0	9103.6	-8.6	
69.80	232.6	6.0	0.0	0.0	-12.4	-0.1	195.9	229.5	792.8	-5356.9	9326.9	-12.4	
69.85	235.2	5.8	0.0	0.0	-14.6	-0.1	204.9	253.5	784.5	-5754.3	9547.2	-14.6	
69.90	237.8	5.8	0.0	0.0	-4.6	-0.1	206.9	269.7	777.0	-6179.9	9579.0	-4.6	
69.95	240.4	5.9	0.0	0.0	2.1	-0.1	206.8	278.0	767.6	-6413.9	9569.7	2.1	
70.00	243.0	6.0	0.0	0.0	-0.1	-0.1	208.1	283.2	756.8	-6469.7	9604.1	-0.1	
70.05	245.6	6.1	0.0	0.0	0.5	-0.1	206.4	278.5	747.5	-6494.4	9585.5	0.5	
70.10	248.2	6.3	0.0	0.0	-0.6	-0.1	207.0	277.6	737.7	-6474.9	9643.5	-0.6	
70.15	250.9	6.5	0.0	0.0	-4.3	-0.1	210.7	284.7	725.5	-6495.4	9835.8	-4.3	
70.20	253.5	6.5	0.0	0.0	-1.9	-0.1	212.3	287.3	713.7	-6691.4	10029.7	-1.9	
70.25	256.2	6.4	0.0	0.0	-1.3	-0.1	218.2	295.2	704.3	-6982.6	10246.9	-1.3	
70.30	258.8	6.1	0.0	0.0	-3.4	-0.1	229.7	307.2	696.2	-7299.7	10478.7	-3.4	
70.35	261.5	6.1	0.0	0.0	-1.4	-0.1	236.5	309.9	686.8	-7572.8	10624.3	-1.4	
70.40	264.1	6.0	0.0	0.0	-3.3	-0.1	240.7	315.9	674.7	-7650.5	10755.3	-3.3	
70.45	266.7	5.8	0.0	0.0	-2.2	-0.1	240.6	317.6	662.8	-7579.4	10784.2	-2.2	
70.50	269.4	5.7	0.0	0.0	8.9	-0.1	233.7	305.8	652.5	-7471.6	10664.5	8.9	
70.55	272.1	5.7	0.0	0.0	10.7	-0.1	232.0	298.5	643.1	-7261.8	10646.0	10.7	
70.60	274.7	5.8	0.0	0.0	8.1	-0.1	234.0	296.9	632.4	-7071.0	10743.1	8.1	
70.65	277.4	6.2	0.0	0.0	16.6	-0.1	230.6	292.9	620.6	-7033.0	10773.9	16.6	
70.70	280.0	6.2	0.0	0.0	25.1	-0.1	229.9	298.6	609.8	-7041.5	10809.8	25.1	
70.75	282.7	6.1	0.0	0.0	29.9	-0.1	230.8	303.8	599.6	-7073.6	10829.4	29.9	
70.80	285.4	5.9	0.0	0.0	33.7	-0.1	228.8	294.9	587.2	-7060.3	10807.4	33.7	
70.85	288.0	6.1	0.0	0.0	29.1	-0.1	232.4	292.2	574.7	-6858.9	10879.5	29.1	
70.90	290.7	6.5	0.0	0.0	28.5	-0.1	239.3	290.3	566.7	-6606.9	11011.2	28.5	
70.95	293.4	7.0	0.0	0.0	34.3	-0.1	241.6	273.0	559.4	-6331.1	11140.2	34.3	
71.00	296.1	7.4	0.0	0.0	30.0	-0.1	245.7	254.8	548.4	-5871.3	11371.1	30.0	
71.05	298.7	7.5	0.0	0.0	27.1	-0.1	247.0	240.7	535.9	-5489.4	11559.2	27.1	
71.10	301.4	7.5	0.0	0.0	40.1	-0.1	243.7	233.5	524.3	-5402.1	11641.6	40.1	
71.15	304.1	6.9	0.0	0.0	49.7	-0.1	245.2	237.0	513.8	-5331.3	11824.6	49.7	
71.20	306.8	6.6	0.0	0.0	51.5	-0.1	250.6	233.2	502.5	-5197.0	12131.3	51.5	
71.25	309.5	6.5	0.0	0.0	52.4	-0.1	255.6	223.1	491.0	-5118.3	12426.4	52.4	
71.30	312.2	6.6	0.0	0.0	51.5	-0.1	264.0	227.5	484.3	-5027.0	12712.3	51.5	
71.35	314.9	6.6	0.0	0.0	55.5	-0.1	267.6	221.6	478.8	-4859.1	12969.0	55.5	
71.40	317.6	6.7	0.0	0.0	61.5	-0.1	267.3	200.5	471.2	-4531.2	13211.2	61.5	
71.45	320.3	6.8	0.0	0.0	58.3	-0.1	272.4	186.5	465.9	-4114.9	13429.6	58.3	
71.50	323.0	6.7	0.0	0.0	60.1	-0.1	275.6	178.3	463.5	-3897.1	13506.0	60.1	
71.55	325.8	6.5	0.0	0.0	61.3	-0.1	275.7	168.6	457.9	-3815.9	13568.8	61.3	
71.60	328.5	6.2	0.0	0.0	55.2	-0.1	280.2	161.6	448.2	-3686.4	13800.5	55.2	
71.65	331.2	6.1	0.0	0.0	53.2	-0.1	283.9	151.4	441.0	-3587.4	14005.3	53.2	
71.70	334.0	6.1	0.0	0.0	57.5	-0.1	283.0	142.8	440.0	-3514.6	13994.3	57.5	
71.75	336.7	6.1	0.0	0.0	56.7	-0.1	282.2	141.2	440.7	-3314.3	13889.0	56.7	
71.80	339.4	6.0	0.0	0.0	55.6	-0.1	277.9	124.7	438.7	-2911.1	13743.6	55.6	
71.85	342.2	6.0	0.0	0.0	49.7	-0.1	277.7	97.5	437.1	-2345.6	13673.0	49.7	
71.90	344.9	6.3	0.0	0.0	40.3	-0.1	285.0	79.8	438.0	-1784.6	13732.9	40.3	
71.95	347.7	6.4	0.0	0.0	34.4	-0.1	290.5	67.6	436.7	-1377.4	13826.4	34.4	
72.00	350.4	6.5	0.0	0.0	27.3	-0.1	292.9	54.9	430.8	-1026.5	13920.4	27.3	
72.05	353.2	6.6	0.0	0.0	19.4	-0.1	294.8	40.7	427.4	-663.5	13978.1	19.4	
72.10	355.9	6.4	0.0	0.0	19.2	-0.1	295.2	24.7	430.7	-327.5	13927.5	19.2	
72.15	358.7	6.3	0.0	0.0	19.1	-0.1	294.3	11.4	435.3	58.6	13833.3	19.1	
72.20	1.4	6.4	0.0	0.0	11.1	-0.1	293.2	-3.3	435.8	590.4	13769.1	11.1	
72.25	4.2	6.1	0.0	0.0	6.9	-0.1	288.7	-24.3	435.9	1134.1	13656.0	6.9	
72.30	6.9	6.0	0.0	0.0	11.4	-0.1	282.3	-46.0	439.7	1624.5	13485.8	11.4	
72.35	9.7	6.2	0.0	0.0	10.3	-0.1	279.6	-66.8	442.5	2097.2	13409.8	10.3	
72.40	12.5	6.4	0.0	0.0	0.9	-0.1	279.5	-86.7	441.4	2512.5	13436.4	0.9	
72.45	15.2	6.6	0.0	0.0	-7.4	-0.1	282.1	-97.6	442.4	2772.3	13510.9	-7.4	
72.50	18.0	6.7	0.0	0.0	-7.3	-0.1	281.4	-100.2	450.8	2955.1	13473.2	-7.3	
72.55	20.8	6.5	0.0	0.0	-1.1	-0.1	273.4	-108.4	459.2	3150.9	13301.2	-1.1	
72.60	23.6	6.4	0.0	0.0	0.6	-0.1	262.4	-119.7	463.3	3392.7	13123.4	0.6	
72.65	26.4	6.4	0.0	0.0	-1.1	-0.1	255.9	-128.7	469.0	3645.2	13040.2	-1.1	
72.70	29.2	6.3	0.0	0.0	-3.2	-0.1	257.0	-138.3	478.6	3867.1	13101.7	-3.2	
72.75	32.0	6.2	0.0	0.0	-13.7	-0.1	267.5	-151.0	488.6	4174.1	13371.0	-13.7	
72.80	34.8	6.3	0.0	0.0	-31.2	-0.1	284.3	-166.5	496.1	4503.0	13801.0	-31.2	
72.85	37.6	6.5	0.0	0.0	-37.8	-0.1	295.3	-182.2	503.5	4690.8	14101.8	-37.8	
72.90	40.4	6.7	0.0	0.0	-33.3	-0.1	301.2	-189.0	514.4	4747.0	14236.4	-33.3	
72.95	43.3	6.8	0.0	0.0	-28.5	-0.1	303.7	-192.3	527.6	4799.3	14286.2	-28.5	
73.00	46.1	7.0	0.0	0.0	-26.2	-0.1	303.5	-199.6	539.0	4875.1	14369.4	-26.2	
73.05	48.9	7.1	0.0	0.0	-27.8	-0.1	305.0	-203.3	549.8	4977.8	14559.1	-27.8	
73.10	51.7	7.1	0.0	0.0	-33.2	-0.1	311.8	-204.6	562.8	5090.1	14840.6	-33.2	
73.15	54.5	7.0	0.0	0.0	-39.2	-0.1	320.4	-219.3	576.9	5346.7	15086.2	-39.2	
73.20	57.3	7.0	0.0	0.0	-52.3	-0.1	328.3	-237.8	592.7	5753.0	15221.8	-52.3	
73.25	60.2	7.0	0.0	0.0	-59.5	-0.1	329.2	-246.8	610.4	6099.4	15166.4	-59.5	
73.30	63.0	6.9	0.0	0.0	-55.9	-0.1	322.5	-251.9	627.1	6308.0	14962.1	-55.9	
73.35	65.8	7.1	0.0	0.0	-56.4	-0.1	316.6	-257.6	641.6	6478.1	14807.9	-56.4	
73.40	68.7	7.3	0.0	0.0	-60.9	-0.1	317.3	-267.1	656.0	6705.1	14821.4	-60.9	
73.45	71.5	7.6	0.0	0.0	-62.5	-0.1	321.2	-272.8	671.1	6851.5	14909.9	-62.5	
73.50	74.4	7.4	0.0	0.0	-63.4	-0.1	324.3	-273.3	687.6	6967.4	14966.0	-63.4	
73.55	77.2	7.3	0.0	0.0	-63.5	-0.1	323.9	-279.8	704.4	7203.6	14972.7	-63.5	
73.60	80.1	7.3	0.0	0.0	-65.8	-0.1	321.2	-293.0	719.3	7515.6	14941.5	-65.8	
73.65	82.9	7.4	0.0	0.0	-64.4	-0.1	317.0	-300.1	735.3	7718.3	14809.0	-64.4	
73.70	85.8	7.5	0.0	0.0	-60.3	-0.1	311.0	-300.6	752.7	7832.5	14604.0	-60.3	
73.75	88.7	7.4	0.0	0.0	-56.7	-0.1	308.1	-303.3	766.9	7981.6	14526.7	-56.7	
73.80	91.6	7.2	0.0	0.0	-58.9	-0.1	310.0	-308.0	777.6	8084.8	14598.9	-58.9	
73.85	94.5	7.1	0.0	0.0	-60.8	-0.1	313.2	-305.7	789.8	7976.5	14639.6	-60.8	
73.90	97.3	7.0	0.0	0.0	-63.9	-0.1	320.0	-293.7	805.5	7789.0	14663.6	-63.9	
73.95	100.2	6.8	0.0	0.0	-68.7	-0.1	323.5	-286.8	821.2	7672.4	14620.0	-68.7	
74.00	103.1	6.7	0.0	0.0	-69.8	-0.1	321.0	-292.6	835.2	7649.7	14517.3	-69.8	
74.05	106.0	6.6	0.0	0.0	-61.1	-0.1	314.3	-287.3	849.2	7492.9	14402.2	-61.1	
74.10	108.9	6.7	0.0	0.0	-58.8	-0.1	311.5	-273.1	862.5	7281.2	14404.9	-58.8	
74.15	111.9	6.8	0.0	0.0	-66.8	-0.1	313.5	-269.5	873.7	7077.3	14515.9	-66.8	
74.20	114.8	6.9	0.0	0.0	-72.8	-0.1	319.9	-268.1	887.9	6828.3	14609.2	-72.8	
74.25	117.7	6.9	0.0	0.0	-71.7	-0.1	325.8	-254.8	906.5	6441.4	14654.0	-71.7	
74.30	120.6	6.5	0.0	0.0	-62.9	-0.1	322.2	-236.5	919.6	5955.3	14609.4	-62.9	
74.35	123.5	6.2	0.0	0.0	-56.8	-0.1	311.2	-220.0	928.9	5540.4	14443.3	-56.8	
74.40	126.4	6.4	0.0	0.0	-53.2	-0.1	305.3	-212.1	944.9	5264.7	14205.0	-53.2	
74.45	129.3	6.3	0.0	0.0	-49.9	-0.1	304.4	-206.9	966.7	5024.5	13942.6	-49.9	
74.50	132.2	6.4	0.0	0.0	-45.0	-0.1	302.7	-196.8	982.7	4768.1	13767.0	-45.0	
74.55	135.1	6.7	0.0	0.0	-42.5	-0.1	297.7	-185.6	991.7	4556.5	13651.9	-42.5	
74.60	138.1	6.8	0.0	0.0	-37.9	-0.1	296.1	-173.4	1001.1	4309.3	13595.6	-37.9	
74.65	141.0	6.9	0.0	0.0	-33.4	-0.1	299.4	-161.6	1018.1	4017.0	13557.4	-33.4	
74.70	143.9	7.0	0.0	0.0	-35.3	-0.1	306.7	-149.8	1033.3	3794.9	13631.7	-35.3	
74.75	146.9	7.2	0.0	0.0	-43.6	-0.1	311.3	-138.5	1041.8	3607.5	13738.8	-43.6	
74.80	149.8	7.4	0.0	0.0	-38.0	-0.1	308.4	-127.5	1048.8	3345.8	13731.1	-38.0	
74.85	152.8	7.5	0.0	0.0	-27.9	-0.1	308.6	-114.3	1059.4	3095.9	13741.7	-27.9	
74.90	155.7	7.3	0.0	0.0	-27.0	-0.1	311.4	-109.4	1070.0	3037.4	13761.9	-27.0	
74.95	158.7	7.2	0.0	0.0	-29.3	-0.1	310.3	-108.2	1075.0	3002.6	13714.8	-29.3	
75.00	161.7	7.3	0.0	0.0	-20.3	-0.1	302.6	-93.2	1078.8	2764.5	13567.6	-20.3	
75.05	164.7	7.2	0.0	0.0	-11.8	-0.1	295.4	-73.4	1084.7	2441.1	13454.3	-11.8	
75.10	167.6	7.2	0.0	0.0	-14.4	-0.1	297.1	-64.2	1086.0	2154.4	13573.4	-14.4	
75.15	170.6	7.4	0.0	0.0	-22.4	-0.1	305.2	-56.3	1086.6	1869.1	13798.6	-22.4	
75.20	173.6	7.8	0.0	0.0	-33.6	-0.1	315.8	-31.3	1091.6	1437.2	13968.2	-33.6	
75.25	176.6	8.0	0.0	0.0	-34.2	-0.1	314.6	-5.8	1097.0	963.9	13849.0	-34.2	
75.30	179.6	8.0	0.0	0.0	-21.6	-0.1	298.0	3.7	1096.6	557.0	13430.9	-21.6	
75.35	182.6	7.9	0.0	0.0	-9.0	-0.1	274.4	7.6	1096.7	252.4	12818.6	-9.0	
75.40	185.5	8.0	0.0	0.0	10.9	-0.1	254.5	26.5	1097.2	-222.0	12292.7	10.9	
75.45	188.5	7.9	0.0	0.0	26.5	-0.1	246.2	54.3	1095.5	-831.0	12105.4	26.5	
75.50	191.5	7.6	0.0	0.0	18.3	-0.1	256.3	73.6	1092.0	-1266.4	12370.6	18.3	
75.55	194.5	7.7	0.0	0.0	1.2	-0.1	277.6	83.3	1087.8	-1653.1	12872.4	1.2	
75.60	197.5	7.8	0.0	0.0	1.1	-0.1	292.5	97.6	1087.5	-2209.3	13211.0	1.1	
75.65	200.5	8.0	0.0	0.0	13.7	-0.1	295.1	123.3	1088.3	-2814.6	13302.1	13.7	
75.70	203.5	8.0	0.0	0.0	20.6	-0.1	290.8	151.1	1083.4	-3285.6	13310.3	20.6	
75.75	206.5	8.2	0.0	0.0	19.0	-0.1	289.3	165.5	1078.4	-3625.6	13332.3	19.0	
75.80	209.5	8.4	0.0	0.0	14.9	-0.1	296.6	172.4	1079.5	-3961.6	13392.1	14.9	
75.85	212.5	8.4	0.0	0.0	13.0	-0.1	304.8	181.0	1080.3	-4289.1	13437.5	13.0	
75.90	215.5	8.3	0.0	0.0	15.2	-0.1	304.0	190.4	1070.9	-4545.8	13423.7	15.2	
75.95	218.6	8.2	0.0	0.0	20.9	-0.1	294.1	202.8	1057.2	-4743.0	13288.0	20.9	
76.00	221.6	7.9	0.0	0.0	23.6	-0.1	283.3	218.5	1051.2	-4970.9	13015.1	23.6	
76.05	224.6	7.9	0.0	0.0	29.6	-0.1	271.8	230.5	1048.5	-5300.3	12649.8	29.6	
76.10	227.7	7.8	0.0	0.0	33.5	-0.1	261.3	236.6	1039.5	-5653.2	12350.6	33.5	
76.15	230.7	7.6	0.0	0.0	28.5	-0.1	257.5	247.0	1028.7	-5867.9	12197.1	28.5	
76.20	233.8	7.8	0.0	0.0	20.8	-0.1	260.8	262.4	1024.2	-5998.9	12093.6	20.8	
76.25	236.8	8.0	0.0	0.0	15.1	-0.1	264.6	273.0	1021.3	-6151.0	11992.7	15.1	
76.30	239.9	8.2	0.0	0.0	10.3	-0.1	267.3	273.3	1011.6	-6246.0	11981.7	10.3	
76.35	243.0	8.3	0.0	0.0	10.9	-0.1	266.0	269.1	995.1	-6297.2	11996.9	10.9	
76.40	246.0	8.3	0.0	0.0	18.2	-0.1	260.5	270.2	979.9	-6353.5	11917.5	18.2	
76.45	249.1	8.2	0.0	0.0	25.9	-0.1	253.3	283.5	969.8	-6392.4	11721.3	25.9	
76.50	252.1	8.0	0.0	0.0	33.6	-0.1	243.0	290.2	958.7	-6457.1	11475.9	33.6	
76.55	255.2	8.0	0.0	0.0	39.0	-0.1	235.4	289.2	943.1	-6599.7	11365.0	39.0	
76.60	258.3	8.1	0.0	0.0	34.5	-0.1	240.8	295.1	928.5	-6753.6	11507.0	34.5	
76.65	261.3	8.4	0.0	0.0	20.6	-0.1	256.0	300.8	918.2	-6844.5	11751.5	20.6	
76.70	264.4	8.6	0.0	0.0	9.6	-0.1	272.8	301.8	906.2	-6838.5	12028.3	9.6	
76.75	267.5	8.7	0.0	0.0	-0.3	-0.1	288.1	304.6	890.4	-6831.4	12379.6	-0.3	
76.80	270.5	8.4	0.0	0.0	-1.5	-0.1	293.8	302.3	873.1	-6908.1	12633.7	-1.5	
76.85	273.6	8.3	0.0	0.0	0.9	-0.1	291.7	296.9	858.2	-6917.5	12717.5	0.9	
76.90	276.7	8.4	0.0	0.0	9.5	-0.1	285.8	290.5	843.8	-6797.8	12684.3	9.5	
76.95	279.8	8.6	0.0	0.0	25.5	-0.1	277.5	290.7	828.2	-6719.8	12639.7	25.5	
77.00	282.9	8.9	0.0	0.0	38.7	-0.1	271.2	296.5	812.6	-6793.0	12684.6	38.7	
77.05	286.0	9.2	0.0	0.0	40.4	-0.1	270.8	301.3	798.2	-6981.4	12813.6	40.4	
77.10	289.1	9.0	0.0	0.0	38.3	-0.1	274.7	299.1	788.0	-7133.8	12915.2	38.3	
77.15	292.2	8.9	0.0	0.0	39.5	-0.1	276.5	291.9	781.8	-7130.3	12858.7	39.5	
77.20	295.3	8.9	0.0	0.0	45.0	-0.1	270.9	291.2	774.5	-7000.3	12650.6	45.0	
77.25	298.4	8.8	0.0	0.0	51.9	-0.1	257.0	291.1	763.8	-6840.9	12364.1	51.9	
77.30	301.5	8.8	0.0	0.0	59.6	-0.1	242.1	277.1	752.5	-6650.7	12139.5	59.6	
77.35	304.6	8.9	0.0	0.0	61.3	-0.1	236.9	258.3	744.4	-6329.7	12087.1	61.3	
77.40	307.8	8.9	0.0	0.0	54.5	-0.1	239.1	243.5	736.3	-5968.0	12163.1	54.5	
77.45	310.9	8.5	0.0	0.0	50.0	-0.1	242.7	238.3	724.9	-5708.9	12277.5	50.0	
77.50	314.0	8.3	0.0	0.0	46.6	-0.1	250.3	242.6	714.5	-5521.7	12495.3	46.6	
77.55	317.1	8.4	0.0	0.0	42.7	-0.1	259.1	234.4	710.3	-5326.5	12765.8	42.7	
77.60	320.2	8.7	0.0	0.0	40.9	-0.1	264.8	212.2	705.8	-5087.1	13021.2	40.9	
77.65	323.4	8.8	0.0	0.0	34.8	-0.1	270.1	199.7	696.1	-4734.3	13289.1	34.8	
77.70	326.5	8.7	0.0	0.0	26.0	-0.1	272.2	192.2	685.9	-4246.7	13461.3	26.0	
77.75	329.6	8.7	0.0	0.0	22.4	-0.1	270.1	176.7	679.3	-3774.2	13517.5	22.4	
77.80	332.7	8.6	92.0	0.5	-218.2	-0.1	268.0	150.2	675.2	-3294.7	13571.3	32.8	
77.85	335.9	8.6	85.6	0.9	-218.3	-0.1	270.3	126.2	669.3	-2852.7	13711.7	27.0	
77.90	339.0	8.8	80.9	1.2	-219.0	0.0	270.6	112.2	658.8	-2588.1	13844.6	22.7	
77.95	342.2	8.6	77.3	1.4	-218.8	0.1	271.1	106.7	653.2	-2338.9	13877.1	19.6	
78.00	345.3	8.4	72.8	1.5	-217.4	0.1	275.2	92.3	657.0	-1962.5	13835.0	12.6	
78.05	348.5	8.4	68.3	1.7	-215.8	0.2	279.0	69.8	661.4	-1515.3	13773.6	3.7	
78.10	351.6	8.0	65.3	1.7	-213.6	0.3	275.2	50.6	656.6	-1085.7	13671.4	-0.6	
78.15	354.8	7.5	63.8	1.8	-209.3	0.4	263.2	34.2	649.7	-649.8	13421.2	1.6	
78.20	357.9	7.3	61.1	1.9	-205.1	0.5	255.0	16.3	650.3	-139.3	13142.3	-1.5	
78.25	1.1	7.5	57.3	1.9	-202.1	0.6	253.1	3.4	656.1	423.3	12917.8	-9.9	
78.30	4.3	7.7	55.2	1.9	-199.5	0.7	249.6	-15.4	657.4	879.9	12702.4	-13.4	
78.35	7.4	7.8	53.9	1.9	-196.9	0.8	244.9	-30.3	655.4	1165.9	12495.2	-14.4	
78.40	10.6	7.6	50.6	2.0	-195.4	0.9	246.2	-36.2	660.7	1420.6	12340.5	-23.5	
78.45	13.8	7.3	47.1	2.0	-193.1	1.0	245.1	-50.9	671.5	1700.5	12113.8	-32.8	
78.50	17.0	6.9	43.9	2.0	-191.6	1.1	243.6	-69.1	679.7	2107.6	11924.8	-42.0	
78.55	20.2	7.0	43.0	2.0	-190.5	1.2	238.9	-83.8	685.2	2560.0	11741.3	-43.7	
78.60	23.4	7.0	43.9	2.0	-189.6	1.3	231.0	-100.1	689.1	2850.1	11608.2	-39.4	
78.65	26.6	6.9	43.5	2.0	-191.2	1.4	227.9	-114.1	695.5	3173.2	11637.5	-42.2	
78.70	29.8	7.3	41.6	2.0	-194.7	1.5	230.2	-130.9	703.9	3571.7	11761.7	-52.3	
78.75	33.0	7.5	42.3	2.0	-197.1	1.6	231.0	-150.7	711.8	3831.7	11831.4	-52.3	
78.80	36.2	7.5	43.1	2.0	-199.4	1.7	235.2	-156.6	722.0	4005.6	11923.6	-51.8	
78.85	39.4	7.2	40.5	2.0	-203.0	1.8	244.0	-159.2	736.6	4201.6	12107.4	-64.2	
78.90	42.6	7.1	38.7	2.0	-207.0	1.9	252.2	-171.5	751.5	4413.1	12301.9	-74.3	
78.95	45.8	7.2	36.2	2.0	-212.1	2.0	265.2	-186.7	767.0	4701.9	12531.3	-87.9	
79.00	49.0	7.3	37.2	2.0	-215.9	2.1	274.9	-204.3	782.0	5009.5	12649.2	-88.3	
79.05	52.2	7.4	38.3	2.0	-217.2	2.2	272.8	-218.7	796.6	5372.5	12571.0	-85.7	
79.10	55.4	7.4	36.9	2.0	-217.8	2.3	264.1	-225.5	811.4	5791.7	12434.1	-91.3	
79.15	58.6	7.1	37.8	2.0	-216.7	2.4	250.4	-240.4	824.4	6070.4	12192.7	-87.0	
79.20	61.9	6.9	39.9	2.0	-214.4	2.5	239.2	-254.2	837.8	6188.6	11919.1	-77.3	
79.25	65.1	6.8	39.5	2.0	-214.1	2.6	239.3	-256.7	856.5	6418.6	11750.4	-78.5	
79.30	68.3	6.6	37.1	2.0	-216.1	2.7	245.6	-262.7	876.4	6762.6	11682.2	-88.6	
79.35	71.5	6.7	35.3	2.0	-219.0	2.8	254.1	-270.0	891.9	7015.9	11736.4	-97.7	
79.40	74.8	7.0	35.0	2.0	-221.9	2.9	262.8	-273.2	906.3	7146.8	11868.5	-101.8	
79.45	78.0	7.2	34.7	2.0	-224.3	3.0	268.0	-283.7	922.0	7337.4	11915.1	-105.1	
79.50	81.3	7.0	33.2	2.0	-225.9	3.1	265.9	-296.1	938.4	7717.4	11779.9	-111.9	
79.55	84.5	7.0	32.9	2.0	-226.0	3.2	258.5	-296.7	953.3	8006.6	11595.8	-113.1	
79.60	87.8	7.1	34.3	2.0	-223.6	3.3	245.8	-294.5	966.6	8031.9	11378.9	-105.8	
79.65	91.0	7.0	34.7	2.0	-221.6	3.4	237.1	-292.5	978.2	7932.5	11271.9	-102.4	
79.70	94.3	7.1	32.5	2.0	-219.9	3.5	232.5	-295.0	990.8	7876.4	11147.8	-108.3	
79.75	97.5	7.0	28.7	2.0	-216.4	3.6	230.3	-296.6	1007.3	7795.3	10865.6	-117.9	
79.80	100.8	6.6	28.2	2.0	-210.1	3.7	225.5	-284.2	1027.8	7605.1	10438.2	-113.2	
79.85	104.1	6.6	28.0	2.0	-202.2	3.8	210.6	-272.3	1045.4	7337.6	9943.5	-106.2	
79.90	107.3	6.5	25.2	2.0	-194.7	3.9	190.4	-272.1	1055.6	7071.2	9472.4	-108.0	
79.95	110.6	6.6	21.9	2.0	-188.1	4.0	177.4	-267.7	1070.3	6861.9	9025.5	-112.9	
80.00	113.9	6.7	19.5	2.0	-182.7	4.1	176.0	-257.7	1091.0	6625.5	8704.9	-115.8	
80.05	117.1	6.4	18.4	2.0	-178.9	4.2	177.3	-248.5	1110.0	6383.2	8534.8	-115.8	
80.10	120.4	6.2	14.6	2.0	-176.4	4.3	174.7	-240.5	1124.5	6285.7	8386.2	-126.2	
80.15	123.6	6.1	13.4	2.0	-170.2	4.4	162.8	-232.1	1134.2	5996.2	8063.0	-124.2	
80.20	126.9	5.9	15.4	2.0	-161.1	4.5	152.2	-210.6	1146.5	5444.6	7680.9	-108.2	
80.25	130.2	6.0	14.1	2.0	-155.0	4.6	153.7	-188.2	1164.3	5067.4	7430.8	-106.6	
80.30	133.4	6.2	10.9	2.0	-151.8	4.7	157.8	-186.3	1180.0	4886.0	7234.0	-114.3	
80.35	136.7	6.3	8.4	2.0	-147.4	4.8	159.2	-176.5	1194.8	4645.6	7002.1	-118.5	
80.40	140.0	6.3	8.1	2.0	-139.4	4.9	151.1	-155.3	1210.3	4219.5	6619.8	-111.7	
80.45	143.3	6.5	9.2	2.0	-131.2	5.0	133.7	-146.9	1219.0	3825.3	6190.9	-99.7	
80.50	146.6	7.0	7.3	2.0	-127.3	5.1	122.0	-146.6	1224.4	3783.9	5886.8	-102.4	
80.55	149.9	6.9	4.7	2.0	-123.9	5.2	116.9	-142.0	1233.9	3767.9	5607.5	-107.7	
80.60	153.2	6.9	5.5	2.0	-117.2	5.3	108.9	-128.3	1243.6	3430.0	5269.5	-98.5	
80.65	156.5	7.0	4.8	2.0	-111.8	5.4	104.5	-104.2	1247.1	3000.9	5120.4	-95.3	
80.70	159.7	7.1	1.8	2.0	-110.2	5.5	108.3	-85.0	1244.9	2652.7	5211.2	-104.0	
80.75	163.0	6.9	-0.7	2.0	-109.8	5.6	117.9	-75.4	1251.2	2341.9	5311.1	-112.4	
80.80	166.3	6.7	-1.9	2.0	-107.5	5.7	125.5	-56.8	1267.8	2013.8	5246.0	-113.9	
80.85	169.6	6.6	-1.5	2.0	-103.0	5.8	122.1	-33.2	1275.1	1588.0	5063.3	-108.2	
80.90	172.9	6.5	-0.7	2.0	-98.2	5.9	109.6	-19.9	1269.9	1229.2	4841.2	-100.6	
80.95	176.2	6.5	-1.4	2.0	-94.4	6.0	100.6	-13.3	1268.3	1006.3	4627.4	-99.2	
81.00	179.5	6.6	-2.6	2.0	-91.6	6.1	99.8	-6.3	1273.2	687.9	4475.3	-100.5	
81.05	182.8	6.7	-5.6	2.0	-90.6	6.2	102.4	10.1	1274.2	327.6	4426.9	-109.8	
81.10	186.1	7.0	-7.1	2.0	-91.1	6.3	101.8	34.2	1264.3	-157.1	4466.2	-115.5	
81.15	189.4	7.0	-5.5	2.0	-92.9	6.4	102.8	54.9	1255.2	-748.0	4529.9	-111.8	
81.20	192.7	6.9	-5.7	2.0	-95.1	6.5	109.3	73.9	1260.2	-1261.5	4533.8	-114.6	
81.25	195.9	7.1	-7.3	2.0	-96.7	6.6	111.3	93.1	1266.1	-1801.2	4430.5	-121.6	
81.30	199.2	7.2	-7.6	2.0	-98.7	6.7	103.8	116.2	1259.5	-2411.9	4273.9	-124.8	
81.35	202.5	7.4	-6.2	2.0	-101.4	6.8	91.3	147.9	1246.3	-3009.5	4082.3	-122.7	
81.40	205.8	7.5	-3.9	2.0	-103.1	6.9	83.0	162.2	1240.5	-3465.0	3845.4	-116.3	
81.45	209.1	7.5	-4.4	2.0	-104.1	7.0	84.3	166.7	1238.8	-3714.5	3696.8	-119.1	
81.50	212.4	7.5	-6.6	2.0	-106.8	7.1	85.7	176.2	1229.7	-4016.5	3650.6	-129.3	
81.55	215.7	7.5	-6.5	2.0	-111.7	7.2	77.8	191.6	1214.1	-4557.5	3551.1	-134.0	
81.60	219.0	7.5	-7.4	2.0	-115.8	7.3	71.7	215.5	1204.8	-4977.5	3416.9	-141.3	
81.65	222.3	7.5	-8.8	2.0	-118.3	7.4	71.5	233.0	1202.6	-5247.2	3264.0	-148.7	
81.70	225.6	7.5	-7.5	2.0	-122.1	7.5	72.8	243.3	1197.9	-5639.0	3103.8	-147.8	
81.75	228.9	7.6	-6.2	2.0	-128.2	7.6	76.1	257.7	1186.2	-6124.6	3109.9	-149.5	
81.80	232.2	7.6	-7.9	2.0	-131.0	7.7	75.1	265.8	1171.5	-6331.9	3136.4	-158.1	
81.85	235.5	7.6	-9.6	2.0	-131.2	7.8	76.1	275.6	1157.1	-6340.7	3112.4	-164.3	
81.90	238.7	7.5	-7.9	2.0	-130.3	7.9	75.5	281.4	1145.8	-6350.3	2927.7	-157.5	
81.95	242.1	7.4	-8.0	2.0	-128.4	8.0	69.5	277.1	1135.2	-6346.3	2626.4	-155.8	
82.00	245.4	7.3	-10.9	2.0	-126.1	8.1	59.5	274.4	1119.5	-6309.2	2321.2	-163.4	
82.05	248.7	7.1	-9.9	2.0	-126.1	8.2	46.8	282.5	1099.4	-6423.4	1989.1	-160.1	
82.10	252.0	7.6	-4.1	2.0	-128.3	8.3	38.1	296.2	1083.7	-6667.9	1623.6	-142.4	
82.15	255.2	7.8	-1.9	2.0	-129.5	8.4	37.8	308.9	1072.8	-6793.0	1358.7	-136.0	
82.20	258.5	7.8	-5.7	2.0	-130.0	8.5	40.2	311.4	1058.9	-6845.9	1282.9	-149.6	
82.25	261.8	7.8	-6.8	2.0	-130.9	8.6	38.1	303.1	1040.3	-6961.9	1246.7	-154.2	
82.30	265.1	7.9	-7.1	2.0	-130.6	8.7	39.4	304.9	1023.3	-6955.0	1221.5	-155.1	
82.35	268.4	8.0	-9.7	2.0	-127.8	8.8	39.8	301.3	1008.4	-6775.4	1150.7	-161.2	
82.40	271.7	7.6	-12.8	2.0	-125.4	8.9	35.9	297.4	990.5	-6630.0	1087.6	-169.3	
82.45	275.0	7.5	-13.1	2.0	-126.0	9.0	29.7	302.0	968.2	-6680.7	1090.7	-171.0	
82.50	278.2	7.5	-10.1	2.0	-128.9	9.1	25.0	301.4	945.2	-6911.7	1171.2	-163.5	
82.55	281.5	7.6	-10.2	2.0	-130.0	9.2	28.7	304.7	926.5	-6979.6	1289.5	-164.9	
82.60	284.8	8.0	-12.7	2.0	-129.9	9.3	33.8	308.7	912.9	-6967.4	1277.5	-173.7	
82.65	288.0	8.0	-12.7	2.0	-130.4	9.4	30.6	304.5	899.2	-7065.8	1073.0	-173.9	
82.70	291.3	7.7	-10.9	2.0	-129.9	9.5	20.1	306.2	883.6	-7077.3	772.5	-167.4	
82.75	294.6	7.4	-9.2	2.0	-127.6	9.6	5.0	293.6	866.8	-6982.3	444.4	-159.2	
82.80	297.9	7.3	-10.5	2.0	-122.9	9.7	-5.2	273.7	851.5	-6707.8	145.1	-159.0	
82.85	301.1	7.5	-14.0	2.0	-117.8	9.8	-5.1	273.0	840.0	-6332.1	-59.9	-165.8	
82.90	304.4	7.8	-14.1	2.0	-115.3	9.9	-6.1	264.8	827.7	-6176.2	-176.2	-163.7	
82.95	307.7	7.9	-13.8	2.0	-112.6	10.0	-6.4	249.6	811.5	-6028.6	-116.4	-159.9	
83.00	310.9	7.9	-16.5	2.0	-107.8	10.1	-1.5	242.6	795.0	-5702.5	20.8	-164.4	
83.05	314.2	8.0	-15.5	2.0	-104.8	10.2	-1.3	235.1	784.3	-5504.3	-71.0	-158.2	
83.10	317.4	8.2	-12.0	2.0	-103.2	10.3	-6.7	234.9	778.4	-5374.4	-333.4	-144.2	
83.15	320.7	8.2	-12.4	2.0	-98.4	10.4	-10.0	225.9	771.0	-5032.9	-463.2	-141.0	
83.20	324.0	8.2	-14.6	2.0	-91.2	10.5	-11.2	197.0	756.2	-4590.5	-405.8	-141.5	
83.25	327.2	8.2	-16.0	2.0	-84.1	10.6	-11.4	176.8	741.1	-4125.2	-377.5	-139.0	
83.30	330.5	8.2	-16.8	2.0	-77.5	10.7	-16.0	162.3	733.4	-3638.9	-598.4	-135.1	
83.35	333.7	8.2	-17.0	2.0	-71.8	10.8	-26.6	141.8	728.0	-3165.5	-977.8	-130.0	
83.40	336.9	8.1	-18.2	2.0	-67.3	10.9	-35.5	128.8	716.4	-2742.8	-1249.1	-129.9	
83.45	340.2	8.0	-17.0	2.0	-64.1	11.0	-39.9	113.9	703.1	-2467.0	-1362.4	-122.5	
83.50	343.4	8.0	-16.5	2.0	-60.1	11.1	-36.0	93.3	697.9	-2177.7	-1389.5	-116.8	
83.55	346.6	7.6	-20.4	2.0	-54.6	11.2	-26.5	84.0	698.0	-1690.1	-1408.1	-124.6	
83.60	349.8	7.4	-21.8	2.0	-50.9	11.3	-26.5	70.0	693.7	-1195.0	-1554.9	-125.7	
83.65	353.1	7.3	-17.9	2.0	-50.9	11.4	-37.4	51.6	684.0	-778.6	-1848.8	-112.5	
83.70	356.3	7.4	-13.8	2.0	-53.9	11.5	-49.6	36.2	679.3	-285.4	-2219.2	-101.2	
83.75	359.5	7.4	-10.2	2.0	-58.5	11.6	-59.5	13.8	678.7	155.8	-2589.0	-93.6	
83.80	2.7	7.3	-8.7	2.0	-63.4	11.7	-68.1	-8.5	674.8	513.2	-2896.7	-93.2	
83.85	5.9	7.3	-9.7	2.0	-67.5	11.8	-73.3	-18.4	671.7	851.4	-3124.8	-100.9	
83.90	9.1	7.1	-7.8	2.0	-70.6	11.9	-73.7	-29.6	675.1	1098.9	-3278.3	-97.4	
83.95	12.3	6.9	-5.6	2.0	-73.6	12.0	-71.4	-47.2	680.7	1410.9	-3377.0	-93.0	
84.00	15.5	6.8	-5.0	2.0	-76.3	12.1	-69.5	-64.8	680.9	1764.8	-3409.9	-93.4	
84.05	18.7	6.7	-3.6	2.0	-78.0	12.2	-71.1	-80.1	678.6	1952.2	-3416.7	-90.4	
84.10	21.9	6.6	-2.6	2.0	-80.7	12.3	-73.2	-92.4	681.5	2252.0	-3429.2	-89.5	
84.15	25.1	6.9	-3.3	2.0	-86.3	12.4	-72.0	-108.3	687.8	2882.7	-3438.5	-97.7	
84.20	28.3	7.0	-2.0	2.0	-92.4	12.5	-73.0	-130.2	692.2	3419.0	-3494.8	-99.2	
84.25	31.4	7.1	1.4	2.0	-96.3	12.6	-75.5	-144.5	695.0	3711.6	-3560.9	-91.6	
84.30	34.6	7.2	3.6	2.0	-98.5	12.7	-78.1	-151.9	698.3	3873.4	-3587.7	-86.2	
84.35	37.8	7.2	4.4	2.0	-100.6	12.8	-80.0	-159.1	702.7	4042.0	-3602.9	-85.6	
84.40	40.9	7.4	7.7	2.0	-104.6	12.9	-84.5	-159.6	711.0	4269.8	-3781.8	-78.2	
84.45	44.1	7.6	15.9	2.0	-109.3	13.0	-91.2	-163.4	720.8	4446.0	-4086.5	-54.6	
84.50	47.3	7.6	21.3	2.0	-114.7	13.1	-94.7	-179.4	730.7	4707.4	-4325.3	-41.7	
84.55	50.4	7.7	19.0	2.0	-121.7	13.2	-92.3	-201.5	741.0	5243.2	-4420.9	-56.4	
84.60	53.6	7.7	17.9	2.0	-128.4	13.3	-89.5	-224.7	750.3	5756.2	-4484.7	-67.0	
84.65	56.7	7.7	21.9	2.0	-133.0	13.4	-90.6	-236.9	760.2	6049.2	-4611.5	-57.9	
84.70	59.8	7.8	25.7	2.0	-136.8	13.5	-91.9	-248.3	767.7	6313.8	-4669.2	-48.4	
84.75	63.0	7.8	25.2	2.0	-141.3	13.6	-91.5	-265.9	774.2	6683.4	-4653.2	-55.0	
84.80	66.1	7.7	24.6	2.0	-144.6	13.7	-90.8	-271.1	784.6	6923.9	-4699.3	-60.2	
84.85	69.2	7.5	28.5	2.0	-145.0	13.8	-91.7	-263.8	798.9	6879.4	-4839.6	-47.1	
84.90	72.3	7.3	32.1	2.0	-146.4	13.9	-96.0	-263.2	810.4	6880.0	-4995.4	-36.2	
84.95	75.4	7.2	33.5	2.0	-149.4	14.0	-101.4	-273.0	816.9	7055.2	-5083.7	-34.4	
85.00	78.5	7.4	33.9	2.0	-151.7	14.1	-104.0	-276.5	826.4	7194.7	-5147.7	-35.5	
85.05	81.6	7.4	37.3	2.0	-153.5	14.2	-105.2	-272.7	844.9	7234.4	-5322.7	-25.4	
85.10	84.6	7.5	39.8	2.0	-155.9	14.3	-109.2	-276.6	862.5	7265.3	-5532.7	-19.3	
85.15	87.7	7.6	38.7	2.0	-157.9	14.4	-114.1	-284.1	869.5	7369.1	-5591.2	-25.2	
85.20	90.8	7.5	36.4	2.0	-158.4	14.5	-117.1	-288.8	873.5	7411.4	-5569.6	-33.5	
85.25	93.9	7.5	35.8	2.0	-157.7	14.6	-116.3	-285.9	885.8	7303.3	-5619.5	-34.7	
85.30	97.0	7.7	35.9	2.0	-156.0	14.7	-113.1	-277.9	901.0	7131.0	-5655.1	-32.9	
85.35	100.0	7.7	34.3	2.0	-153.9	14.8	-111.2	-278.6	907.6	7006.1	-5554.0	-36.3	
85.40	103.1	7.8	31.2	2.0	-152.9	14.9	-109.9	-279.7	913.5	6967.3	-5462.6	-45.9	
85.45	106.2	7.9	29.8	2.0	-151.6	15.0	-108.0	-272.3	928.6	6827.4	-5502.1	-49.2	
85.50	109.2	8.1	31.0	2.0	-150.0	15.1	-107.2	-264.6	945.5	6597.3	-5604.8	-43.7	
85.55	112.2	8.2	30.8	2.0	-149.1	15.2	-108.9	-257.8	954.0	6498.6	-5624.0	-43.3	
85.60	115.3	8.4	28.0	2.0	-148.5	15.3	-111.3	-252.7	955.6	6501.9	-5569.2	-52.5	
85.65	118.3	8.4	28.0	2.0	-147.0	15.4	-113.6	-245.8	961.6	6318.0	-5626.8	-50.9	
85.70	121.3	8.2	31.1	2.0	-146.0	15.5	-118.0	-230.8	976.4	6001.7	-5884.8	-39.3	
85.75	124.3	7.9	33.4	2.0	-146.4	15.6	-130.8	-217.9	987.0	5674.1	-6255.2	-31.7	
85.80	127.3	7.6	35.8	2.0	-148.2	15.7	-148.3	-213.4	989.0	5417.3	-6627.6	-25.3	
85.85	130.3	7.6	36.9	2.0	-150.5	15.8	-157.3	-202.5	997.0	5262.3	-6978.8	-23.8	
85.90	133.3	7.4	37.5	2.0	-151.9	15.9	-154.3	-190.4	1014.8	5095.7	-7257.8	-23.3	
85.95	136.3	7.0	36.5	2.0	-153.0	16.0	-148.4	-188.9	1028.6	5026.4	-7406.2	-27.8	
86.00	139.2	7.1	34.1	2.0	-153.8	16.1	-147.0	-192.0	1029.5	5102.2	-7419.5	-36.9	
86.05	142.2	7.0	36.6	2.0	-152.8	16.2	-152.0	-187.7	1024.2	4953.0	-7438.5	-27.2	
86.10	145.2	6.8	42.3	2.0	-151.1	16.3	-157.6	-164.7	1025.8	4551.9	-7588.5	-6.0	
86.15	148.1	6.9	45.3	2.0	-150.5	16.4	-158.2	-141.4	1033.4	4254.0	-7753.5	5.1	
86.20	151.0	7.1	44.2	2.0	-149.6	16.5	-154.4	-136.6	1038.9	4081.0	-7785.7	2.0	
86.25	154.0	7.3	42.7	2.0	-146.1	16.6	-146.6	-126.2	1042.0	3809.1	-7664.5	0.5	
86.30	156.9	7.4	42.8	2.0	-140.6	16.7	-138.6	-104.7	1043.8	3291.1	-7503.6	6.5	
86.35	159.8	7.5	41.6	2.0	-136.2	16.8	-133.6	-86.3	1044.3	2772.0	-7406.6	6.5	
86.40	162.7	7.7	36.7	2.0	-134.6	16.9	-133.0	-73.1	1043.5	2444.2	-7411.6	-8.6	
86.45	165.7	7.9	34.6	2.0	-133.6	17.0	-137.9	-59.6	1041.3	1974.4	-7480.7	-14.7	
86.50	168.6	8.1	36.8	2.0	-131.9	17.1	-142.6	-39.8	1037.3	1349.0	-7495.2	-5.5	
86.55	171.5	8.2	34.3	2.0	-128.8	17.2	-139.3	-22.5	1032.7	881.9	-7355.4	-11.0	
86.60	174.4	8.0	26.2	2.0	-125.1	17.3	-129.8	-15.8	1029.8	563.8	-7135.0	-35.0	
86.65	177.3	7.9	18.0	2.0	-122.8	17.4	-121.9	-7.8	1032.1	221.1	-7005.1	-61.0	
86.70	180.1	7.8	15.4	2.0	-122.4	17.5	-119.0	9.9	1035.1	-306.1	-6980.7	-69.6	
86.75	183.0	7.8	18.5	2.0	-123.1	17.6	-119.3	35.4	1029.4	-922.1	-6966.8	-59.5	
86.80	185.9	7.8	20.4	2.0	-124.1	17.7	-120.6	55.2	1018.7	-1335.1	-6960.1	-54.1	
86.85	188.7	7.7	19.7	2.0	-124.7	17.8	-118.8	64.7	1013.6	-1564.4	-6957.1	-57.0	
86.90	191.5	7.6	20.3	2.0	-125.9	17.9	-115.5	77.1	1012.9	-1810.6	-6978.3	-56.2	
86.95	194.3	7.8	24.2	2.0	-128.3	18.0	-116.7	91.6	1007.0	-2099.3	-7065.8	-45.2	
87.00	197.2	7.7	27.8	2.0	-131.8	18.1	-124.8	98.0	996.0	-2210.5	-7285.4	-36.3	
87.05	200.0	7.6	30.7	2.0	-136.0	18.2	-134.0	104.9	987.5	-2200.6	-7588.1	-30.5	
87.10	202.8	7.8	36.7	2.0	-141.2	18.3	-142.2	120.3	983.1	-2409.5	-7891.6	-15.2	
87.15	205.5	7.8	41.4	2.0	-144.6	18.4	-144.4	140.0	973.8	-2800.7	-7994.5	-2.3	
87.20	208.3	7.8	40.2	2.0	-144.8	18.5	-141.3	151.8	956.8	-3090.5	-7898.2	-6.6	
87.25	211.1	7.8	36.5	2.0	-143.9	18.6	-136.7	152.2	941.2	-3233.0	-7794.6	-18.7	
87.30	213.9	8.0	36.7	2.0	-145.8	18.7	-135.7	161.7	931.5	-3397.8	-7867.9	-19.9	
87.35	216.6	8.2	40.8	2.0	-150.7	18.8	-143.0	178.9	922.3	-3655.2	-8110.7	-10.6	
87.40	219.4	8.2	43.2	2.0	-155.1	18.9	-155.1	188.9	905.9	-3900.6	-8328.6	-6.7	
87.45	222.1	8.4	41.2	2.0	-156.3	19.0	-161.4	189.5	886.3	-4023.4	-8372.5	-14.8	
87.50	224.8	8.3	39.6	2.0	-155.9	19.1	-157.4	193.5	872.0	-4166.3	-8276.0	-19.9	
87.55	227.5	8.1	42.8	2.0	-155.9	19.2	-145.8	211.0	861.1	-4521.4	-8070.8	-8.9	
87.60	230.2	8.1	45.0	2.0	-155.8	19.3	-134.6	232.1	846.6	-4940.5	-7790.2	-1.3	
87.65	232.9	8.3	44.4	2.0	-154.5	19.4	-126.1	243.4	828.3	-5277.5	-7435.7	-2.2	
87.70	235.6	8.6	41.7	2.0	-153.7	19.5	-120.7	249.6	812.1	-5588.1	-7140.0	-10.5	
87.75	238.3	8.7	40.3	2.0	-154.8	19.6	-115.0	261.5	802.6	-5893.1	-6974.7	-16.4	
87.80	241.0	8.7	36.8	2.0	-156.0	19.7	-111.3	268.8	794.7	-6083.7	-6916.6	-29.8	
87.85	243.7	8.6	30.2	2.0	-156.2	19.8	-114.0	264.5	779.3	-6145.6	-6910.2	-52.5	
87.90	246.3	8.4	24.5	2.0	-157.4	19.9	-121.3	263.9	755.9	-6284.5	-6917.0	-73.2	
87.95	249.0	8.2	23.2	2.0	-160.9	20.0	-127.3	272.9	735.2	-6601.2	-6968.4	-81.2	
88.00	251.6	8.1	24.4	2.0	-164.9	20.1	-127.9	283.6	722.6	-6915.9	-7054.4	-81.1	
88.05	254.2	8.0	24.3	2.0	-167.5	20.2	-125.1	290.2	710.0	-7157.5	-7090.2	-84.2	
88.10	256.8	8.0	25.3	2.0	-169.5	20.3	-123.7	295.4	691.4	-7412.9	-7042.4	-82.7	
88.15	259.4	7.9	27.1	2.0	-171.9	20.4	-125.5	306.6	672.1	-7645.8	-7037.5	-78.8	
88.20	262.0	7.9	30.4	2.0	-174.2	20.5	-128.9	315.7	657.4	-7743.5	-7161.9	-70.0	
88.25	264.6	7.7	33.8	2.0	-175.7	20.6	-135.6	315.4	644.4	-7665.1	-7413.3	-59.6	
88.30	267.1	7.7	35.9	2.0	-176.2	20.7	-144.8	312.8	625.2	-7510.6	-7641.0	-53.1	
88.35	269.7	7.8	38.8	2.0	-177.1	20.8	-154.9	313.3	601.2	-7456.2	-7791.5	-44.0	
88.40	272.2	7.9	40.5	2.0	-177.6	20.9	-159.9	313.8	580.1	-7438.2	-7870.1	-38.5	
88.45	274.8	8.0	41.3	2.0	-176.7	21.0	-157.9	308.4	566.4	-7331.7	-7914.7	-34.8	
88.50	277.3	8.0	42.6	2.0	-175.1	21.1	-153.1	297.3	555.1	-7198.4	-7936.3	-28.7	
88.55	279.9	8.0	44.2	2.0	-173.3	21.2	-149.4	290.2	540.2	-7046.1	-7941.7	-21.5	
88.60	282.4	8.0	46.0	2.0	-172.0	21.3	-148.2	290.3	521.9	-6899.1	-7953.6	-14.1	
88.65	284.9	7.9	47.1	2.0	-170.0	21.4	-145.6	285.1	506.0	-6717.6	-7949.0	-8.4	
88.70	287.4	8.1	46.0	2.0	-166.2	21.5	-139.7	272.7	493.9	-6404.9	-7904.4	-8.2	
88.75	289.9	8.3	45.2	2.0	-162.4	21.6	-135.6	262.3	478.8	-6093.9	-7833.7	-7.3	
88.80	292.4	8.3	47.8	2.0	-160.6	21.7	-137.1	259.7	457.5	-5970.0	-7789.4	3.4	
88.85	294.8	8.0	51.5	2.0	-161.2	21.8	-142.2	263.8	437.0	-5951.2	-7852.7	15.7	
88.90	297.3	7.8	54.6	2.0	-162.1	21.9	-146.4	258.4	424.3	-5910.3	-7995.7	25.4	
88.95	299.8	7.9	56.1	2.0	-162.6	22.0	-150.1	242.4	416.2	-5783.6	-8186.8	30.0	
89.00	302.2	8.0	56.2	2.0	-162.3	22.1	-151.1	234.2	403.5	-5603.5	-8310.1	30.7	
89.05	304.6	7.9	56.7	2.0	-161.6	22.2	-150.8	235.7	385.3	-5505.7	-8328.3	32.9	
89.10	307.0	7.8	56.8	2.0	-160.1	22.3	-148.5	237.6	367.7	-5475.0	-8226.1	34.8	
89.15	309.4	7.9	56.3	2.0	-157.5	22.4	-145.0	232.5	353.0	-5447.3	-8040.9	35.9	
89.20	311.8	7.9	54.3	2.0	-154.4	22.5	-141.9	221.8	337.8	-5429.2	-7824.2	31.9	
89.25	314.2	8.0	53.2	2.0	-152.2	22.6	-140.6	219.1	321.9	-5390.5	-7676.2	30.4	
89.30	316.6	8.0	52.7	2.0	-150.5	22.7	-139.0	218.5	309.3	-5339.1	-7571.5	30.4	
89.35	318.9	7.8	50.5	2.0	-147.1	22.8	-134.6	206.6	302.6	-5191.3	-7413.3	26.3	
89.40	321.3	7.4	42.9	2.0	-140.4	22.9	-124.2	186.6	295.1	-4879.0	-7093.1	6.8	
89.45	323.6	7.4	35.3	2.0	-132.9	23.0	-113.7	165.9	282.6	-4543.0	-6730.1	-11.8	
89.50	325.9	7.2	32.2	2.0	-128.7	23.1	-109.3	157.7	267.2	-4377.5	-6506.4	-18.3	
89.55	328.3	7.1	34.0	2.0	-127.8	23.2	-113.7	157.5	254.2	-4258.6	-6511.1	-11.0	
89.60	330.6	7.0	36.5	2.0	-127.5	23.3	-122.1	150.6	244.5	-4039.6	-6628.3	-2.2	
89.65	332.8	7.0	39.5	2.0	-126.7	23.4	-130.6	137.7	234.7	-3758.6	-6743.9	8.8	
89.70	335.1	7.0	42.4	2.0	-125.2	23.5	-133.0	129.2	225.9	-3514.4	-6773.9	20.3	
89.75	337.4	7.2	44.7	2.0	-122.5	23.6	-127.4	122.3	222.5	-3276.6	-6695.9	30.9	
89.80	339.7	7.3	44.0	2.0	-117.2	23.7	-116.9	108.2	221.3	-2862.8	-6499.5	33.9	
89.85	341.9	7.4	42.0	2.0	-110.6	23.8	-108.1	91.1	215.4	-2310.0	-6241.9	33.6	
89.90	344.2	7.2	42.8	2.0	-105.5	23.9	-105.1	78.5	204.4	-1887.7	-6022.1	41.4	
89.95	346.4	7.3	44.9	2.0	-102.6	24.0	-106.0	72.4	194.1	-1609.7	-5889.4	51.7	
90.00	348.7	7.4	44.3	2.0	-100.4	24.1	-107.6	61.8	187.8	-1285.0	-5820.2	51.7	
90.05	350.9	7.5	40.6	2.0	-97.8	24.2	-107.0	41.7	183.1	-851.6	-5731.8	41.5	
90.10	353.1	7.7	37.5	2.0	-95.1	24.3	-103.8	26.2	177.7	-444.5	-5599.9	33.6	
90.15	355.3	8.0	36.1	2.0	-92.5	24.4	-99.2	16.4	171.5	-165.5	-5442.5	31.3	
90.20	357.5	7.7	34.1	2.0	-90.0	24.5	-93.5	4.8	166.0	70.1	-5280.4	27.2	
90.25	359.7	7.7	30.8	2.0	-88.8	24.6	-90.0	-10.6	162.5	358.2	-5188.8	17.1	
90.30	1.9	7.7	30.5	2.0	-89.6	24.7	-91.8	-25.7	158.7	573.8	-5215.7	15.0	
90.35	4.0	8.0	35.4	2.0	-91.9	24.8	-100.0	-27.8	152.8	592.2	-5365.7	29.5	
90.40	6.2	8.1	41.0	2.0	-94.3	24.9	-109.7	-24.1	146.6	592.1	-5533.0	46.3	
90.45	8.3	8.1	42.4	2.0	-95.3	25.0	-113.3	-30.7	142.7	777.0	-5570.0	50.3	
90.50	10.5	8.0	39.7	2.0	-94.0	25.1	-106.9	-44.6	142.1	1098.9	-5426.9	42.3	
90.55	12.6	8.2	36.9	2.0	-92.3	25.2	-96.2	-58.2	143.5	1394.8	-5230.7	34.5	
90.60	14.7	8.5	36.4	2.0	-91.8	25.3	-88.4	-71.4	144.0	1644.8	-5115.4	33.3	
90.65	16.8	8.3	36.0	2.0	-93.4	25.4	-85.8	-82.0	143.9	1911.5	-5137.1	30.1	
90.70	18.9	8.3	37.1	2.0	-97.0	25.5	-89.3	-92.1	145.0	2135.2	-5309.1	30.3	
90.75	21.1	8.4	40.1	2.0	-100.6	25.6	-95.2	-100.6	146.7	2212.9	-5540.2	37.0	
90.80	23.2	8.4	43.4	2.0	-103.4	25.7	-100.4	-106.7	147.4	2233.8	-5728.5	45.7	
90.85	25.2	8.5	44.5	2.0	-105.8	25.8	-102.8	-119.4	146.2	2403.9	-5822.6	47.1	
90.90	27.3	8.7	44.3	2.0	-108.7	25.9	-103.1	-135.9	145.3	2735.1	-5875.9	43.5	
90.95	29.4	8.8	45.6	2.0	-112.0	26.0	-101.4	-147.8	146.6	3127.3	-5930.2	44.6	
91.00	31.4	8.8	48.7	2.0	-115.3	26.1	-99.9	-156.3	149.6	3459.8	-6013.6	51.9	
91.05	33.5	8.8	51.7	2.0	-119.0	26.2	-100.5	-166.9	151.8	3782.7	-6114.3	58.6	
91.10	35.5	8.7	53.0	2.0	-122.8	26.3	-102.9	-178.2	153.3	4099.8	-6208.6	59.3	
91.15	37.5	8.6	56.7	2.0	-125.0	26.4	-105.7	-183.5	153.8	4286.2	-6268.5	69.6	
91.20	39.5	8.4	61.8	2.0	-126.1	26.5	-107.6	-182.0	155.2	4370.9	-6306.5	86.0	
91.25	41.5	8.4	65.5	2.0	-127.2	26.6	-108.8	-182.0	157.8	4481.1	-6325.6	97.5	
91.30	43.5	8.4	66.0	2.0	-129.1	26.7	-109.6	-190.7	159.4	4692.1	-6319.2	97.5	
91.35	45.5	8.2	65.1	2.0	-131.9	26.8	-110.9	-205.3	161.3	4961.1	-6330.7	91.7	
91.40	47.5	8.0	63.5	2.0	-134.2	26.9	-111.0	-216.0	165.3	5176.0	-6342.1	83.9	
91.45	49.4	7.9	62.1	2.0	-135.9	27.0	-110.2	-224.4	171.6	5356.5	-6326.0	77.4	
91.50	51.4	7.8	59.5	2.0	-137.0	27.1	-108.7	-233.2	177.1	5554.2	-6234.8	67.2	
91.55	53.3	7.6	56.7	2.0	-137.0	27.2	-107.7	-240.2	180.1	5695.8	-6078.9	57.7	
91.60	55.3	7.9	54.7	2.0	-135.4	27.3	-106.4	-243.3	182.8	5704.8	-5890.4	52.4	
91.65	57.2	8.3	53.2	2.0	-133.6	27.4	-102.9	-244.9	187.6	5706.0	-5692.5	48.8	
91.70	59.1	8.6	51.5	2.0	-133.4	27.5	-98.2	-251.2	193.5	5830.1	-5511.7	43.4	
91.75	61.0	8.4	50.3	2.0	-134.1	27.6	-92.7	-259.1	197.8	6054.0	-5324.5	38.4	
91.80	62.9	8.2	49.7	2.0	-134.5	27.7	-85.5	-262.7	202.5	6247.0	-5131.4	36.0	
91.85	64.8	8.1	50.0	2.0	-133.9	27.8	-77.4	-262.8	210.8	6332.9	-4953.4	37.8	
91.90	66.6	8.1	49.3	2.0	-132.8	27.9	-70.9	-262.1	221.0	6344.1	-4796.0	36.6	
91.95	68.5	8.0	47.6	2.0	-131.7	28.0	-69.4	-264.9	226.7	6332.0	-4653.6	31.5	
92.00	70.4	7.8	46.1	2.0	-130.7	28.1	-72.5	-265.5	228.5	6306.2	-4554.0	27.5	
92.05	72.2	7.5	45.6	2.0	-130.0	28.2	-76.0	-262.5	232.7	6274.0	-4513.0	26.4	
92.10	74.1	7.5	44.5	2.0	-129.8	28.3	-76.0	-261.4	240.4	6275.3	-4479.6	23.0	
92.15	75.9	7.6	41.9	2.0	-130.7	28.4	-73.7	-268.7	247.0	6379.6	-4403.1	13.1	
92.20	77.8	7.5	38.2	2.0	-132.5	28.5	-70.3	-284.2	250.4	6584.0	-4260.3	-1.5	
92.25	79.6	7.6	35.9	2.0	-133.6	28.6	-65.0	-296.0	254.3	6749.8	-4097.5	-10.4	
92.30	81.4	7.7	35.9	2.0	-133.2	28.7	-58.1	-295.2	261.7	6793.8	-3964.6	-10.0	
92.35	83.2	7.8	37.4	2.0	-131.5	28.8	-54.3	-286.1	269.4	6719.3	-3879.6	-3.2	
92.40	85.0	7.8	38.8	2.0	-129.7	28.9	-55.6	-280.6	273.3	6617.8	-3806.9	3.6	
92.45	86.8	7.6	40.0	2.0	-128.9	29.0	-60.2	-278.9	276.0	6565.6	-3775.7	8.5	
92.50	88.6	7.3	40.8	2.0	-129.2	29.1	-63.1	-278.4	280.9	6580.4	-3788.4	10.7	
92.55	90.3	7.2	41.1	2.0	-131.1	29.2	-63.3	-279.9	288.1	6698.0	-3853.3	9.9	
92.60	92.1	7.3	40.5	2.0	-135.1	29.3	-64.1	-285.8	296.2	6939.5	-3986.3	4.0	
92.65	93.9	7.6	40.0	2.0	-139.1	29.4	-67.7	-296.0	302.9	7160.1	-4141.4	-1.8	
92.70	95.6	7.5	39.9	2.0	-141.0	29.5	-73.3	-301.4	308.5	7204.1	-4303.1	-4.1	
92.75	97.3	7.5	41.5	2.0	-140.2	29.6	-78.6	-295.9	314.1	7047.9	-4459.7	2.4	
92.80	99.1	7.7	43.7	2.0	-138.3	29.7	-82.8	-285.5	320.2	6803.9	-4601.7	11.8	
92.85	100.8	8.3	45.4	2.0	-136.7	29.8	-84.8	-276.7	325.9	6632.6	-4670.2	19.2	
92.90	102.5	8.6	46.2	2.0	-135.2	29.9	-83.3	-271.3	330.8	6550.9	-4622.5	23.4	
92.95	104.2	8.5	45.6	2.0	-133.8	30.0	-78.9	-268.7	335.9	6516.9	-4496.9	22.5	
93.00	105.9	8.6	43.6	2.0	-133.5	30.1	-72.8	-270.4	342.9	6578.4	-4357.8	16.3	
93.05	107.6	8.6	41.6	2.0	-134.5	30.2	-65.9	-277.7	350.4	6724.6	-4230.2	8.4	
93.10	109.3	8.4	40.2	2.0	-135.2	30.3	-60.8	-282.7	356.7	6819.3	-4137.2	2.7	
93.15	110.9	8.3	38.8	2.0	-133.9	30.4	-59.8	-277.4	361.5	6733.4	-4110.1	-0.7	
93.20	112.6	8.2	39.3	2.0	-130.3	30.5	-61.2	-266.1	363.9	6449.3	-4116.1	4.7	
93.25	114.3	8.3	39.9	2.0	-126.1	30.6	-64.9	-255.1	366.1	6064.7	-4166.0	11.0	
93.30	115.9	8.3	40.0	2.0	-122.4	30.7	-68.7	-245.1	369.5	5705.8	-4228.3	14.9	
93.35	117.6	8.3	39.6	2.0	-120.0	30.8	-70.9	-239.4	373.8	5455.0	-4272.9	16.0	
93.40	119.2	8.2	38.3	2.0	-119.1	30.9	-72.2	-235.2	378.7	5330.3	-4326.6	12.5	
93.45	120.8	8.0	37.7	2.0	-119.5	31.0	-74.6	-233.0	384.8	5303.8	-4410.4	10.0	
93.50	122.4	7.9	36.8	2.0	-119.8	31.1	-76.8	-232.5	391.0	5253.9	-4491.4	6.5	
93.55	124.1	7.9	37.0	2.0	-119.8	31.2	-79.4	-231.0	397.1	5207.7	-4543.5	7.1	
93.60	125.7	7.8	37.2	2.0	-117.7	31.3	-79.8	-224.8	400.1	5066.2	-4493.5	10.1	
93.65	127.2	7.7	38.5	2.0	-114.3	31.4	-78.1	-215.6	402.1	4867.8	-4365.8	17.8	
93.70	128.8	7.5	39.4	2.0	-110.4	31.5	-71.3	-204.7	406.1	4704.5	-4152.7	25.0	
93.75	130.4	7.3	38.6	2.0	-107.1	31.6	-61.1	-201.4	412.7	4626.8	-3883.9	25.3	
93.80	132.0	7.4	36.2	2.0	-105.3	31.7	-51.5	-204.2	418.8	4654.1	-3622.8	19.1	
93.85	133.6	7.5	33.7	2.0	-104.9	31.8	-45.5	-206.1	423.5	4742.5	-3446.6	10.8	
93.90	135.1	7.5	31.9	2.0	-105.0	31.9	-43.1	-207.2	428.5	4801.2	-3371.4	4.6	
93.95	136.7	7.7	31.0	2.0	-105.2	32.0	-43.3	-205.7	433.9	4821.9	-3363.9	1.1	
94.00	138.2	8.0	30.4	2.0	-104.1	32.1	-44.7	-199.9	436.6	4752.8	-3336.9	0.4	
94.05	139.8	8.5	29.9	2.0	-100.7	32.2	-44.4	-192.2	435.9	4559.2	-3205.0	2.0	
94.10	141.3	8.3	29.3	2.0	-96.1	32.3	-39.7	-183.0	435.4	4328.0	-2976.6	4.5	
94.15	142.8	8.1	27.7	2.0	-92.0	32.4	-31.2	-176.0	438.4	4153.4	-2720.1	3.1	
94.20	144.3	8.0	26.0	2.0	-89.3	32.5	-23.7	-172.1	443.1	4058.5	-2519.2	-0.0	
94.25	145.8	8.3	24.7	2.0	-87.7	32.6	-21.6	-164.9	445.9	3992.8	-2427.0	-2.8	
94.30	147.3	8.4	24.5	2.0	-86.2	32.7	-24.0	-156.5	446.9	3890.9	-2423.2	-2.2	
94.35	148.8	8.2	24.3	2.0	-84.5	32.8	-26.7	-149.6	448.7	3748.3	-2437.5	-1.0	
94.40	150.3	8.1	22.9	2.0	-82.4	32.9	-27.5	-142.9	451.3	3599.2	-2406.3	-4.0	
94.45	151.8	8.2	20.9	2.0	-78.8	33.0	-24.3	-136.1	451.3	3398.4	-2247.7	-7.0	
94.50	153.3	8.4	19.0	2.0	-74.2	33.1	-18.6	-128.2	449.2	3183.1	-1998.5	-9.1	
94.55	154.8	8.8	17.1	2.0	-70.7	33.2	-12.7	-121.9	449.1	3030.8	-1767.9	-12.0	
94.60	156.2	9.1	15.4	2.0	-68.9	33.3	-7.9	-120.9	452.2	2964.1	-1623.5	-16.1	
94.65	157.7	9.3	13.9	2.0	-68.5	33.4	-6.2	-120.4	456.4	2951.0	-1574.6	-20.8	
94.70	159.1	9.2	13.5	2.0	-67.8	33.5	-6.2	-116.6	457.9	2913.3	-1555.3	-21.5	
94.75	160.6	9.2	13.3	2.0	-66.5	33.6	-5.3	-112.0	457.8	2842.0	-1502.4	-20.8	
94.80	162.0	9.2	13.1	2.0	-64.8	33.7	-2.5	-105.9	458.5	2758.7	-1422.0	-19.8	
94.85	163.4	8.8	12.2	2.0	-62.0	33.8	1.5	-98.5	458.3	2595.1	-1321.9	-20.0	
94.90	164.8	8.6	12.5	2.0	-58.1	33.9	3.6	-88.6	455.9	2336.5	-1259.5	-15.4	
94.95	166.2	8.6	13.1	2.0	-55.1	34.0	1.7	-77.6	453.6	2083.1	-1309.5	-10.3	
95.00	167.6	8.7	13.7	2.0	-54.1	34.1	-3.3	-71.0	454.6	1895.6	-1480.1	-7.0	
95.05	169.0	8.8	14.4	2.0	-54.5	34.2	-9.6	-66.0	457.4	1743.5	-1712.0	-5.1	
95.10	170.4	8.8	15.2	2.0	-54.5	34.3	-15.0	-58.3	458.7	1552.1	-1904.6	-2.1	
95.15	171.8	8.9	15.5	2.0	-53.0	34.4	-17.0	-49.9	457.3	1314.8	-1975.9	0.2	
95.20	173.2	8.7	14.2	2.0	-50.7	34.5	-14.5	-43.4	454.9	1104.5	-1919.4	-1.9	
95.25	174.5	8.6	12.0	2.0	-47.7	34.6	-9.5	-36.0	452.5	909.0	-1797.7	-6.4	
95.30	175.9	8.6	11.4	2.0	-44.5	34.7	-5.9	-25.6	449.2	646.3	-1692.7	-5.5	
95.35	177.2	8.7	12.0	2.0	-42.7	34.8	-6.3	-14.1	445.7	353.6	-1674.8	-1.5	
95.40	178.6	8.7	13.0	2.0	-43.1	34.9	-9.7	-4.1	443.9	119.5	-1754.0	1.5	
95.45	179.9	8.5	13.2	2.0	-44.5	35.0	-12.6	1.0	444.0	-50.3	-1857.4	0.7	
95.50	181.3	8.6	13.1	2.0	-45.9	35.1	-13.9	6.0	444.8	-218.1	-1943.6	-1.0	
95.55	182.6	8.8	13.1	2.0	-46.9	35.2	-13.3	14.2	443.8	-430.9	-1972.3	-1.9	
95.60	183.9	9.1	13.9	2.0	-47.4	35.3	-10.9	20.5	440.9	-666.3	-1934.2	0.2	
95.65	185.2	9.1	13.2	2.0	-48.1	35.4	-9.7	24.7	437.6	-858.4	-1903.6	-2.7	
95.70	186.6	9.0	13.7	2.0	-49.7	35.5	-11.2	29.6	435.1	-1033.6	-1939.8	-2.6	
95.75	187.9	9.0	16.3	2.0	-52.4	35.6	-14.9	37.0	432.8	-1217.2	-2042.4	3.8	
95.80	189.2	8.9	18.6	2.0	-54.6	35.7	-18.7	44.4	431.0	-1307.0	-2160.2	9.3	
95.85	190.5	8.8	19.4	2.0	-55.3	35.8	-20.0	48.2	430.1	-1278.2	-2227.4	11.3	
95.90	191.7	8.6	18.8	2.0	-54.7	35.9	-17.6	48.4	429.7	-1235.2	-2196.6	10.0	
95.95	193.0	8.8	19.1	2.0	-54.0	36.0	-12.5	53.9	428.2	-1310.6	-2080.9	11.4	
96.00	194.3	9.0	20.2	2.0	-54.3	36.1	-7.4	63.4	425.3	-1502.7	-1944.0	15.1	
96.05	195.5	9.1	21.9	2.0	-55.6	36.2	-5.9	71.4	422.1	-1713.1	-1872.2	19.5	
96.10	196.8	9.1	22.9	2.0	-57.8	36.3	-8.6	79.1	418.1	-1892.4	-1901.4	20.8	
96.15	198.1	8.9	23.8	2.0	-60.8	36.4	-13.5	86.7	414.1	-2093.9	-1990.0	21.1	
96.20	199.3	8.6	24.9	2.0	-63.5	36.5	-17.7	92.6	411.1	-2280.3	-2066.7	22.1	
96.25	200.5	8.6	23.1	2.0	-64.4	36.6	-17.9	96.5	408.7	-2378.1	-2042.6	14.9	
96.30	201.8	8.6	19.6	2.0	-63.5	36.7	-13.7	96.9	405.4	-2437.0	-1874.6	3.7	
96.35	203.0	8.8	16.8	2.0	-62.9	36.8	-7.1	101.6	400.8	-2554.7	-1609.0	-5.3	
96.40	204.2	8.6	16.8	2.0	-64.2	36.9	-0.6	113.2	395.9	-2793.5	-1320.1	-6.7	
96.45	205.4	8.5	18.7	2.0	-67.3	37.0	3.7	126.2	392.1	-3107.5	-1078.9	-3.1	
96.50	206.6	8.5	19.6	2.0	-69.9	37.1	5.5	135.4	388.1	-3336.1	-905.6	-2.7	
96.55	207.8	8.4	19.1	2.0	-70.9	37.2	6.5	139.7	383.2	-3441.5	-774.5	-5.2	
96.60	209.0	8.3	18.2	2.0	-71.2	37.3	9.6	141.4	378.7	-3490.4	-643.4	-8.9	
96.65	210.2	8.1	16.6	2.0	-71.2	37.4	14.5	143.1	375.7	-3508.7	-516.3	-14.1	
96.70	211.4	7.6	14.2	2.0	-70.8	37.5	18.3	142.6	372.7	-3494.3	-415.6	-22.1	
96.75	212.6	7.6	12.3	2.0	-70.8	37.6	18.7	142.1	367.8	-3500.7	-365.5	-28.7	
96.80	213.8	7.7	12.9	2.0	-72.2	37.7	16.1	146.1	362.1	-3601.0	-383.7	-27.9	
96.85	215.0	7.9	16.1	2.0	-75.0	37.8	12.2	155.9	357.9	-3775.4	-467.8	-19.7	
96.90	216.1	7.8	19.9	2.0	-77.4	37.9	8.3	164.9	354.7	-3921.6	-581.9	-8.9	
96.95	217.3	7.7	21.9	2.0	-78.2	38.0	4.4	169.1	350.2	-3957.0	-687.9	-3.0	
97.00	218.4	7.7	22.6	2.0	-77.9	38.1	3.2	171.2	344.8	-3922.6	-738.5	-0.2	
97.05	219.6	7.6	23.4	2.0	-77.5	38.2	5.3	173.1	340.2	-3891.3	-739.5	2.9	
97.10	220.7	7.7	24.0	2.0	-77.3	38.3	8.2	175.6	336.9	-3870.5	-733.7	5.1	
97.15	221.9	7.9	24.2	2.0	-77.5	38.4	9.1	177.9	332.8	-3883.5	-740.1	5.6	
97.20	223.0	8.1	25.1	2.0	-78.8	38.5	7.7	181.3	326.7	-3979.6	-751.6	7.4	
97.25	224.1	8.4	26.8	2.0	-81.4	38.6	6.0	187.7	320.4	-4158.3	-753.0	10.5	
97.30	225.2	8.7	27.8	2.0	-84.1	38.7	5.8	195.1	315.5	-4352.5	-733.1	11.4	
97.35	226.4	8.4	27.1	2.0	-85.8	38.8	7.8	198.3	311.2	-4488.1	-677.3	7.2	
97.40	227.5	8.4	24.6	2.0	-86.5	38.9	10.4	197.6	305.2	-4558.8	-593.7	-2.2	
97.45	228.6	8.3	22.1	2.0	-87.1	39.0	12.7	197.0	298.2	-4621.0	-500.9	-11.1	
97.50	229.7	8.3	20.6	2.0	-88.5	39.1	14.5	199.2	292.0	-4737.4	-427.8	-17.9	
97.55	230.8	8.4	20.3	2.0	-90.8	39.2	14.6	205.0	286.8	-4900.0	-410.1	-21.2	
97.60	231.9	8.6	21.1	2.0	-93.7	39.3	13.3	212.0	281.0	-5104.0	-427.4	-21.2	
97.65	233.0	8.7	23.6	2.0	-97.2	39.4	12.1	218.9	274.5	-5353.2	-438.2	-16.1	
97.70	234.0	8.6	25.7	2.0	-100.6	39.5	11.8	227.2	268.6	-5589.1	-434.8	-12.5	
97.75	235.1	8.6	26.9	2.0	-103.0	39.6	12.6	234.5	264.0	-5757.3	-425.0	-10.6	
97.80	236.2	8.6	27.1	2.0	-104.2	39.7	14.5	236.6	259.4	-5844.1	-412.5	-11.0	
97.85	237.3	8.7	26.7	2.0	-104.3	39.8	15.4	236.5	254.6	-5852.6	-440.4	-12.7	
97.90	238.3	8.8	26.3	2.0	-104.2	39.9	14.1	237.0	249.9	-5845.2	-510.6	-14.1	
97.95	239.4	8.8	27.0	2.0	-105.0	40.0	10.7	239.5	245.4	-5887.7	-605.9	-12.2	
98.00	240.4	8.8	28.3	2.0	-106.2	40.1	5.9	243.5	240.0	-5959.2	-716.7	-8.9	
98.05	241.5	8.9	30.0	2.0	-107.1	40.2	2.0	246.0	234.4	-6016.7	-814.2	-4.0	
98.10	242.5	9.0	31.7	2.0	-107.7	40.3	1.6	247.2	229.6	-6054.3	-854.0	1.0	
98.15	243.5	8.9	32.6	2.0	-108.1	40.4	4.1	250.1	225.3	-6086.9	-827.9	3.7	
98.20	244.6	8.7	33.2	2.0	-108.5	40.5	7.6	253.2	220.9	-6120.4	-751.9	5.6	
98.25	245.6	8.6	33.2	2.0	-108.6	40.6	10.7	253.8	215.7	-6136.9	-666.4	5.4	
98.30	246.6	8.5	32.8	2.0	-108.6	40.7	11.4	254.6	210.6	-6146.3	-631.2	4.0	
98.35	247.6	8.5	32.7	2.0	-109.5	40.8	10.0	256.9	205.6	-6207.8	-635.9	2.7	
98.40	248.7	8.6	33.0	2.0	-110.9	40.9	6.1	261.1	199.8	-6305.0	-677.9	2.3	
98.45	249.7	8.7	33.1	2.0	-111.9	41.0	0.9	264.0	192.9	-6374.6	-742.3	1.7	
98.50	250.7	8.6	32.7	2.0	-112.3	41.1	-2.2	262.3	186.0	-6403.2	-786.0	-0.1	
98.55	251.7	8.4	31.9	2.0	-112.2	41.2	-1.8	260.4	179.9	-6412.9	-785.4	-2.8	
98.60	252.7	8.4	31.3	2.0	-112.4	41.3	1.1	262.2	174.0	-6426.7	-739.0	-5.1	
98.65	253.6	8.4	31.5	2.0	-112.8	41.4	5.0	264.3	167.9	-6467.7	-648.2	-4.5	
98.70	254.6	8.3	32.2	2.0	-113.2	41.5	8.3	265.4	161.6	-6508.5	-552.0	-2.7	
98.75	255.6	8.2	33.0	2.0	-113.7	41.6	10.1	269.4	156.4	-6540.2	-501.6	-0.2	
98.80	256.6	8.2	34.8	2.0	-114.8	41.7	11.1	274.5	152.0	-6615.4	-465.6	4.8	
98.85	257.5	8.2	36.2	2.0	-115.8	41.8	11.0	278.9	146.9	-6687.5	-438.8	8.5	
98.90	258.5	8.1	36.1	2.0	-115.7	41.9	9.8	280.1	141.2	-6677.7	-428.4	8.2	
98.95	259.5	8.1	34.4	2.0	-114.7	42.0	9.6	275.2	135.4	-6622.5	-393.2	3.5	
99.00	260.4	8.1	32.6	2.0	-113.8	42.1	10.6	271.4	130.0	-6576.6	-351.1	-1.9	
99.05	261.4	8.2	31.3	2.0	-113.8	42.2	11.4	271.9	124.9	-6576.7	-323.3	-6.3	
99.10	262.3	8.0	31.1	2.0	-114.6	42.3	11.2	273.0	119.7	-6642.0	-301.9	-7.8	
99.15	263.3	8.0	31.1	2.0	-115.7	42.4	9.7	274.7	114.5	-6724.0	-296.2	-8.8	
99.20	264.2	8.4	31.6	2.0	-116.8	42.5	7.9	278.0	109.7	-6804.5	-300.0	-8.3	
99.25	265.2	8.5	32.7	2.0	-118.1	42.6	8.3	281.6	105.8	-6893.3	-280.2	-5.7	
99.30	266.1	8.6	33.5	2.0	-118.7	42.7	10.2	284.1	102.0	-6932.0	-246.0	-3.5	
99.35	267.0	8.6	33.1	2.0	-117.9	42.8	12.5	282.8	97.5	-6880.5	-198.4	-4.1	
99.40	268.0	8.5	32.2	2.0	-116.4	42.9	13.9	277.8	91.7	-6790.7	-147.7	-5.7	
99.45	268.9	8.4	31.6	2.0	-115.4	43.0	13.6	276.0	85.2	-6722.1	-136.7	-6.7	
99.50	269.8	8.3	31.9	2.0	-115.0	43.1	12.3	277.5	79.1	-6696.9	-169.7	-5.4	
99.55	270.7	8.6	32.5	2.0	-114.7	43.2	10.6	276.4	74.0	-6676.8	-229.0	-3.0	
99.60	271.6	8.8	32.7	2.0	-113.9	43.3	8.1	274.0	68.9	-6625.9	-303.9	-1.8	
99.65	272.5	8.9	32.9	2.0	-113.5	43.4	7.0	273.5	63.1	-6596.3	-346.7	-0.6	
99.70	273.4	9.0	34.2	2.0	-113.7	43.5	9.1	274.7	57.9	-6613.9	-341.3	3.7	
99.75	274.3	9.1	35.1	2.0	-113.8	43.6	12.3	275.7	53.7	-6622.4	-327.7	6.8	
99.80	275.2	9.3	34.8	2.0	-113.4	43.7	14.7	273.2	48.7	-6604.7	-307.3	5.9	
99.85	276.1	9.3	34.3	2.0	-113.2	43.8	14.8	271.1	42.0	-6597.1	-291.5	4.5	
99.90	277.0	9.5	34.7	2.0	-113.3	43.9	13.1	271.7	35.2	-6614.9	-299.8	5.8	
99.95	277.8	9.8	35.1	2.0	-113.3	44.0	11.2	271.9	29.8	-6614.3	-334.9	7.1	
100.00	278.7	9.9	34.4	2.0	-112.5	44.1	9.4	270.2	25.7	-6559.3	-387.3	5.6	
100.05	279.6	10.0	33.7	2.0	-111.7	44.2	7.3	267.5	21.0	-6504.9	-420.4	4.2	
100.10	280.4	10.2	33.3	2.0	-111.3	44.3	6.7	265.0	14.8	-6488.9	-386.7	3.0	
100.15	281.3	10.3	33.0	2.0	-111.1	44.4	8.0	264.3	9.2	-6484.4	-326.4	2.1	
100.20	282.2	10.3	32.8	2.0	-110.8	44.5	10.7	264.1	5.9	-6471.6	-285.2	1.9	
100.25	283.0	10.2	33.3	2.0	-110.8	44.6	13.0	263.6	2.6	-6476.1	-253.6	3.3	
100.30	283.9	10.0	34.1	2.0	-111.2	44.7	13.3	265.3	-2.4	-6498.8	-229.2	5.7	
100.35	284.7	9.8	34.7	2.0	-111.4	44.8	12.4	266.4	-7.5	-6509.0	-215.4	7.8	
100.40	285.6	9.6	33.9	2.0	-110.8	44.9	11.8	263.9	-11.1	-6465.2	-219.7	5.7	
100.45	286.4	9.5	32.8	2.0	-109.6	45.0	11.2	261.3	-14.2	-6381.1	-245.8	2.9	
100.50	287.2	9.5	32.6	2.0	-109.0	45.1	10.7	259.1	-18.8	-6335.9	-247.7	2.9	
100.55	288.1	9.5	33.1	2.0	-108.6	45.2	10.5	256.5	-24.1	-6315.3	-225.7	4.8	
100.60	288.9	9.6	32.5	2.0	-108.1	45.3	10.4	254.7	-28.6	-6276.5	-222.0	3.5	
100.65	289.7	10.0	32.3	2.0	-108.2	45.4	10.3	254.5	-32.5	-6277.7	-232.2	2.7	
100.70	290.5	10.1	34.0	2.0	-109.3	45.5	9.9	256.8	-37.2	-6353.6	-234.3	7.3	
100.75	291.3	9.9	35.8	2.0	-110.6	45.6	9.1	260.7	-42.3	-6436.8	-241.5	12.3	
100.80	292.1	9.9	35.6	2.0	-110.8	45.7	9.5	260.1	-46.5	-6450.7	-241.5	11.3	
100.85	292.9	9.9	34.5	2.0	-110.0	45.8	10.5	256.1	-50.0	-6398.7	-236.0	8.4	
100.90	293.7	9.9	33.6	2.0	-108.9	45.9	12.6	252.7	-54.2	-6326.3	-196.9	6.3	
100.95	294.5	9.5	32.8	2.0	-107.9	46.0	15.8	248.8	-58.9	-6256.3	-115.7	4.8	
101.00	295.3	9.4	31.8	2.0	-106.5	46.1	17.6	242.8	-63.3	-6164.5	-53.5	2.8	
101.05	296.1	9.5	30.2	2.0	-105.5	46.2	16.3	240.3	-67.3	-6092.2	-40.9	-1.8	
101.10	296.9	9.2	30.3	2.0	-104.9	46.3	15.5	240.2	-73.5	-6044.3	8.7	-1.0	
101.15	297.7	9.3	31.0	2.0	-104.6	46.4	14.5	240.0	-78.3	-6021.1	38.5	1.9	
101.20	298.5	9.5	31.3	2.0	-103.7	46.5	13.5	238.6	-81.6	-5954.8	31.7	3.7	
101.25	299.3	9.4	30.6	2.0	-102.4	46.6	14.2	235.9	-85.0	-5860.5	39.2	2.6	
101.30	300.0	9.5	30.3	2.0	-101.2	46.7	16.3	232.0	-88.4	-5778.4	68.1	2.9	
101.35	300.8	9.6	30.2	2.0	-100.0	46.8	17.6	228.4	-91.5	-5694.2	81.6	3.6	
101.40	301.6	9.5	30.3	2.0	-99.1	46.9	17.3	226.6	-94.3	-5628.2	60.4	5.0	
101.45	302.3	9.4	31.3	2.0	-98.9	47.0	15.4	226.0	-97.9	-5611.4	19.6	8.6	
101.50	303.1	9.2	32.5	2.0	-99.0	47.1	11.4	226.9	-102.6	-5611.1	-49.3	12.5	
101.55	303.9	9.1	33.1	2.0	-98.5	47.2	6.7	226.9	-106.8	-5571.5	-136.5	15.1	
101.60	304.6	9.1	32.7	2.0	-96.9	47.3	3.7	222.4	-110.4	-5459.7	-204.8	15.3	
101.65	305.4	9.1	32.1	2.0	-94.8	47.4	2.4	217.5	-113.4	-5313.4	-258.5	15.2	
101.70	306.1	9.3	31.7	2.0	-93.1	47.5	3.2	214.7	-116.1	-5184.2	-284.2	15.8	
101.75	306.9	9.5	32.0	2.0	-92.0	47.6	5.6	212.1	-118.9	-5108.2	-270.3	17.8	
101.80	307.6	9.6	32.5	2.0	-91.4	47.7	7.9	209.9	-121.9	-5072.5	-237.5	20.1	
101.85	308.4	9.7	32.7	2.0	-91.3	47.8	9.7	208.3	-125.2	-5063.9	-190.5	21.1	
101.90	309.1	9.9	32.9	2.0	-91.2	47.9	11.6	207.1	-128.8	-5062.8	-133.1	21.7	
101.95	309.8	9.7	33.1	2.0	-90.9	48.0	12.1	206.1	-132.5	-5040.0	-105.5	22.7	
102.00	310.6	9.5	32.0	2.0	-90.0	48.1	11.8	203.2	-136.6	-4976.0	-96.3	19.7	
102.05	311.3	9.5	29.6	2.0	-88.3	48.2	10.5	197.4	-140.2	-4862.6	-112.6	13.4	
102.10	312.0	9.5	27.5	2.0	-86.6	48.3	8.3	190.5	-143.2	-4748.4	-152.2	7.8	
102.15	312.7	9.5	26.8	2.0	-86.2	48.4	6.8	188.2	-146.5	-4724.4	-173.3	5.6	
102.20	313.4	9.7	27.5	2.0	-87.0	48.5	6.3	190.2	-150.6	-4777.0	-161.7	7.2	
102.25	314.2	9.9	28.2	2.0	-87.9	48.6	7.0	191.2	-154.6	-4838.3	-116.5	9.0	
102.30	314.9	10.0	28.6	2.0	-88.5	48.7	8.8	191.7	-157.7	-4878.5	-53.2	9.6	
102.35	315.6	9.9	28.8	2.0	-88.6	48.8	11.3	191.2	-160.5	-4890.6	18.1	10.3	
102.40	316.3	9.8	28.7	2.0	-88.2	48.9	13.6	189.3	-163.2	-4856.6	67.9	10.5	
102.45	317.0	9.7	27.4	2.0	-86.7	49.0	14.4	185.5	-165.3	-4755.6	71.1	7.4	
102.50	317.7	9.9	25.5	2.0	-84.5	49.1	13.2	179.0	-167.4	-4604.6	36.7	3.0	
102.55	318.4	10.3	24.7	2.0	-82.4	49.2	10.4	173.7	-169.2	-4464.1	-31.6	2.2	
102.60	319.1	10.6	24.9	2.0	-81.5	49.3	7.7	171.1	-172.3	-4399.6	-83.4	3.9	
102.65	319.8	10.6	25.7	2.0	-81.0	49.4	5.0	169.1	-176.6	-4363.9	-127.4	7.1	
102.70	320.4	10.4	25.5	2.0	-79.9	49.5	3.0	167.8	-179.0	-4279.9	-198.0	7.5	
102.75	321.1	10.5	25.8	2.0	-78.8	49.6	4.3	164.8	-180.3	-4198.9	-217.9	9.7	
102.80	321.8	10.7	27.9	2.0	-78.5	49.7	5.7	163.9	-182.7	-4177.2	-230.1	17.4	
102.85	322.5	11.1	29.4	2.0	-78.5	49.8	5.2	165.7	-185.5	-4165.1	-297.3	22.5	
102.90	323.2	11.4	30.1	2.0	-78.0	49.9	3.1	162.8	-186.7	-4130.1	-423.2	25.3	
102.95	323.8	11.5	30.1	2.0	-77.2	50.0	0.3	158.1	-187.3	-4065.9	-567.5	25.9	
103.00	324.5	11.3	30.5	2.0	-76.6	50.1	-2.9	156.4	-189.8	-3999.6	-683.8	28.1	
103.05	325.1	11.2	31.4	2.0	-76.0	50.2	-4.8	154.2	-194.5	-3950.6	-730.4	31.9	
103.10	325.8	11.3	30.4	2.0	-74.6	50.3	-5.9	149.0	-198.3	-3848.5	-759.9	29.6	
103.15	326.5	11.6	28.4	2.0	-72.7	50.4	-7.8	143.1	-199.9	-3705.5	-822.2	24.7	
103.20	327.1	11.5	28.0	2.0	-71.6	50.5	-7.8	138.5	-202.1	-3626.4	-826.4	24.4	
103.25	327.8	11.3	29.1	2.0	-71.3	50.6	-6.1	138.7	-205.1	-3614.9	-777.0	28.6	
103.30	328.4	11.3	28.9	2.0	-70.6	50.7	-3.7	139.2	-206.7	-3569.5	-716.1	28.5	
103.35	329.0	11.3	27.2	2.0	-69.2	50.8	-0.3	133.9	-207.5	-3494.6	-622.6	24.2	
103.40	329.7	11.2	26.5	2.0	-68.3	50.9	2.3	129.1	-209.1	-3458.1	-522.2	22.5	
103.45	330.3	11.2	25.8	2.0	-68.3	51.0	3.6	129.0	-212.6	-3466.5	-430.0	20.3	
103.50	331.0	11.1	24.8	2.0	-68.1	51.1	3.7	128.1	-215.9	-3455.4	-368.7	17.1	
103.55	331.6	11.0	23.0	2.0	-67.1	51.2	1.5	124.2	-217.4	-3389.9	-378.2	11.8	
103.60	332.2	11.1	21.5	2.0	-66.6	51.3	-2.0	123.0	-219.1	-3347.0	-423.4	7.2	
103.65	332.9	11.1	22.1	2.0	-67.2	51.4	-4.1	123.6	-221.4	-3391.5	-436.9	8.7	
103.70	333.5	11.3	23.0	2.0	-67.6	51.5	-4.1	122.3	-222.3	-3427.8	-421.5	11.2	
103.75	334.1	11.5	22.0	2.0	-66.7	51.6	-2.6	120.2	-221.9	-3370.9	-393.2	8.8	
103.80	334.7	10.9	21.2	2.0	-65.7	51.7	1.0	118.7	-222.6	-3302.4	-308.5	7.2	
103.85	335.3	10.6	22.4	2.0	-65.1	51.8	5.0	117.5	-225.0	-3267.3	-195.8	11.8	
103.90	336.0	10.5	22.7	2.0	-64.3	51.9	7.2	116.6	-226.9	-3212.3	-134.9	13.7	
103.95	336.6	10.2	21.4	2.0	-62.3	52.0	7.0	111.6	-226.8	-3077.0	-153.1	11.2	
104.00	337.2	10.0	19.7	2.0	-59.7	52.1	5.3	103.6	-227.5	-2896.0	-202.2	7.8	
104.05	337.8	9.9	19.1	2.0	-57.6	52.2	3.0	100.3	-229.9	-2742.0	-250.3	7.8	
104.10	338.4	10.0	19.3	2.0	-56.1	52.3	2.7	98.9	-231.8	-2626.0	-269.3	10.1	
104.15	339.0	9.9	18.8	2.0	-54.2	52.4	4.1	93.4	-231.6	-2501.3	-259.8	10.2	
104.20	339.6	9.9	17.2	2.0	-52.1	52.5	5.2	86.6	-232.0	-2367.5	-234.6	6.7	
104.25	340.2	10.0	16.5	2.0	-51.1	52.6	6.6	82.9	-235.2	-2301.9	-171.5	5.5	
104.30	340.8	10.1	18.0	2.0	-51.2	52.7	8.5	82.3	-238.0	-2315.8	-108.5	10.5	
104.35	341.4	10.1	18.7	2.0	-51.0	52.8	8.8	82.8	-238.1	-2293.3	-118.0	13.1	
104.40	341.9	10.2	18.0	2.0	-50.0	52.9	6.3	81.3	-238.0	-2220.9	-191.3	11.8	
104.45	342.5	10.2	17.4	2.0	-49.1	53.0	2.7	77.4	-240.7	-2152.1	-251.4	10.5	
104.50	343.1	10.3	16.9	2.0	-48.1	53.1	-0.8	74.3	-243.8	-2078.0	-301.6	10.1	
104.55	343.7	10.6	16.0	2.0	-46.6	53.2	-2.2	70.4	-244.2	-1973.3	-329.8	8.4	
104.60	344.3	10.8	14.9	2.0	-45.0	53.3	-1.0	65.7	-244.0	-1864.9	-307.2	6.1	
104.65	344.8	10.9	14.2	2.0	-43.6	53.4	-0.3	63.8	-246.3	-1772.4	-257.0	5.2	
104.70	345.4	10.9	14.4	2.0	-42.7	53.5	0.4	62.6	-249.5	-1711.4	-199.2	6.8	
104.75	346.0	10.8	15.1	2.0	-41.9	53.6	1.4	59.6	-249.6	-1661.9	-173.8	9.8	
104.80	346.6	10.7	14.7	2.0	-40.9	53.7	2.7	57.8	-247.6	-1590.9	-182.7	9.5	
104.85	347.1	10.5	14.0	2.0	-39.8	53.8	3.1	57.6	-247.6	-1505.8	-188.0	8.1	
104.90	347.7	10.6	13.9	2.0	-38.3	53.9	3.3	53.5	-250.2	-1404.4	-164.8	9.4	
104.95	348.3	10.7	13.0	2.0	-36.9	54.0	3.5	49.6	-252.1	-1309.7	-148.6	7.6	
105.00	348.8	10.8	11.9	2.0	-36.0	54.1	3.5	47.3	-251.5	-1243.9	-168.9	4.7	
105.05	349.4	10.5	11.8	2.0	-35.8	54.2	3.5	45.0	-251.2	-1235.9	-187.1	4.8	
105.10	349.9	10.0	12.1	2.0	-36.0	54.3	2.2	43.3	-253.6	-1248.6	-200.4	5.4	
105.15	350.5	9.4	11.9	2.0	-35.9	54.4	0.4	43.9	-256.0	-1237.3	-215.5	4.8	
105.20	351.1	9.5	11.8	2.0	-35.5	54.5	2.6	42.1	-254.9	-1221.4	-185.2	5.1	
105.25	351.6	9.4	11.6	2.0	-35.3	54.6	7.0	39.2	-252.5	-1221.7	-115.4	4.5	
105.30	352.2	9.4	10.6	2.0	-34.9	54.7	9.7	37.7	-253.1	-1197.6	-32.3	1.6	
105.35	352.7	9.3	9.4	2.0	-34.1	54.8	10.9	32.7	-255.8	-1147.3	53.7	-1.9	
105.40	353.3	9.3	8.0	2.0	-33.2	54.9	11.9	27.2	-257.2	-1087.4	117.2	-5.7	
105.45	353.8	9.4	7.0	2.0	-32.4	55.0	11.1	27.1	-256.5	-1025.1	109.3	-8.5	
105.50	354.3	9.6	6.5	2.0	-31.7	55.1	10.4	26.1	-256.8	-981.6	100.3	-9.4	
105.55	354.9	9.9	5.6	2.0	-30.6	55.2	9.0	21.4	-259.2	-911.1	100.5	-11.5	
105.60	355.4	10.0	3.8	2.0	-29.0	55.3	6.9	17.4	-260.7	-799.3	81.6	-15.8	
105.65	355.9	9.8	3.5	2.0	-28.2	55.4	8.3	14.6	-259.9	-741.9	96.9	-16.1	
105.70	356.5	9.9	4.9	2.0	-28.4	55.5	11.8	13.2	-258.5	-748.1	139.1	-11.6	
105.75	357.0	9.9	5.9	2.0	-28.4	55.6	12.5	13.9	-258.8	-744.9	133.8	-8.0	
105.80	357.5	9.8	6.2	2.0	-28.0	55.7	10.1	13.0	-260.4	-733.1	75.0	-6.8	
105.85	358.1	9.9	6.2	2.0	-27.5	55.8	7.3	10.0	-261.2	-707.9	-17.8	-6.2	
105.90	358.6	9.9	6.3	2.0	-26.7	55.9	3.9	8.3	-260.1	-640.9	-150.4	-5.0	
105.95	359.1	10.0	6.7	2.0	-25.6	56.0	1.2	5.1	-259.7	-522.2	-261.7	-2.4	
106.00	359.6	9.9	6.2	2.0	-24.2	56.1	-0.4	-1.2	-261.4	-364.5	-324.2	-3.0	
106.05	0.1	9.8	5.3	2.0	-23.6	56.2	-2.2	-5.5	-262.6	-196.5	-383.5	-5.5	
106.10	0.7	10.0	5.4	2.0	-23.6	56.3	-1.8	-8.7	-261.9	-89.4	-412.6	-5.2	
106.15	1.2	10.1	7.0	2.0	-23.5	56.4	0.6	-11.1	-260.2	-62.4	-404.1	0.4	
106.20	1.7	10.3	8.1	2.0	-23.4	56.5	1.6	-11.9	-260.0	-37.4	-397.1	4.4	
106.25	2.2	10.5	8.0	2.0	-23.1	56.6	2.1	-13.1	-261.7	42.0	-367.9	4.4	
106.30	2.7	10.6	7.6	2.0	-23.2	56.7	3.0	-16.3	-261.8	132.0	-341.5	2.8	
106.35	3.3	10.6	6.8	2.0	-23.8	56.8	4.1	-21.1	-260.4	224.3	-336.1	-0.4	
106.40	3.8	10.4	6.2	2.0	-25.0	56.9	3.6	-25.9	-260.3	329.5	-346.5	-3.8	
106.45	4.3	10.4	5.7	2.0	-26.1	57.0	1.5	-31.0	-261.5	414.3	-359.5	-6.5	
106.50	4.8	10.5	5.2	2.0	-26.7	57.1	-0.3	-33.3	-262.3	460.3	-358.0	-8.8	
106.55	5.3	10.7	4.9	2.0	-26.3	57.2	-0.4	-31.3	-261.6	450.6	-331.5	-9.6	
106.60	5.8	10.8	5.3	2.0	-25.0	57.3	1.6	-29.2	-260.6	391.3	-254.1	-6.6	
106.65	6.3	10.8	4.7	2.0	-24.1	57.4	4.3	-30.8	-260.8	373.5	-139.7	-7.9	
106.70	6.8	10.8	3.5	2.0	-25.0	57.5	6.2	-34.4	-261.2	452.6	-32.6	-12.8	
106.75	7.3	10.8	3.0	2.0	-26.5	57.6	8.7	-38.7	-260.6	547.0	62.1	-16.2	
106.80	7.8	10.7	3.3	2.0	-27.3	57.7	11.5	-40.8	-259.8	592.4	133.0	-15.9	
106.85	8.3	10.5	3.3	2.0	-27.8	57.8	10.5	-41.5	-259.0	634.0	112.1	-16.4	
106.90	8.8	10.5	2.5	2.0	-28.5	57.9	6.1	-44.8	-258.7	691.5	25.7	-20.1	
106.95	9.3	10.3	1.9	2.0	-29.5	58.0	2.5	-49.1	-259.4	750.7	-33.7	-22.8	
107.00	9.8	10.2	2.3	2.0	-30.2	58.1	2.0	-49.9	-260.2	801.4	-33.5	-22.4	
107.05	10.3	10.2	2.9	2.0	-30.8	58.2	4.4	-49.6	-259.6	852.4	11.5	-20.8	
107.10	10.8	10.2	3.2	2.0	-32.2	58.3	7.3	-52.6	-258.4	946.7	56.1	-21.1	
107.15	11.3	10.3	3.5	2.0	-34.1	58.4	7.8	-57.5	-258.3	1074.4	53.5	-21.9	
107.20	11.8	10.3	4.2	2.0	-35.5	58.5	7.4	-61.2	-258.7	1174.3	17.9	-21.3	
107.25	12.3	10.3	5.0	2.0	-36.2	58.6	8.0	-62.7	-257.8	1223.9	-32.0	-19.0	
107.30	12.7	10.5	6.1	2.0	-37.1	58.7	6.7	-62.9	-255.2	1286.9	-132.9	-16.2	
107.35	13.2	10.8	6.8	2.0	-38.6	58.8	3.6	-66.2	-254.7	1376.3	-237.2	-15.2	
107.40	13.7	10.9	7.2	2.0	-39.9	58.9	1.1	-71.1	-257.4	1452.1	-287.1	-15.2	
107.45	14.2	10.9	7.7	2.0	-41.2	59.0	-1.6	-74.2	-258.4	1529.3	-344.7	-14.7	
107.50	14.7	10.7	7.5	2.0	-42.5	59.1	-2.0	-76.5	-256.5	1610.5	-388.9	-16.8	
107.55	15.2	10.3	7.5	2.0	-43.6	59.2	-0.7	-79.6	-255.2	1688.0	-399.3	-17.7	
107.60	15.6	10.2	7.9	2.0	-44.6	59.3	-1.4	-82.3	-255.8	1749.7	-420.9	-17.4	
107.65	16.1	10.2	8.0	2.0	-45.1	59.4	-2.9	-83.0	-255.7	1782.3	-457.6	-17.5	
107.70	16.6	10.1	8.4	2.0	-44.9	59.5	-2.5	-82.5	-253.5	1765.2	-471.5	-16.1	
107.75	17.0	10.1	8.5	2.0	-44.5	59.6	-1.0	-82.5	-251.7	1736.4	-451.8	-15.2	
107.80	17.5	10.1	8.3	2.0	-44.8	59.7	-1.9	-84.3	-252.5	1763.5	-432.9	-16.2	
107.85	18.0	10.3	7.5	2.0	-45.9	59.8	-3.8	-88.6	-253.7	1831.2	-424.8	-20.0	
107.90	18.4	10.0	6.9	2.0	-46.9	59.9	-4.2	-92.7	-253.3	1904.2	-418.5	-23.3	
107.95	18.9	9.9	6.7	2.0	-47.6	60.0	-4.4	-93.2	-251.6	1951.5	-429.0	-24.6	
108.00	19.3	9.9	6.4	2.0	-48.0	60.1	-4.0	-94.6	-250.5	1985.1	-423.3	-26.0	
108.05	19.8	10.2	6.3	2.0	-48.5	60.2	-3.7	-98.5	-250.3	2016.1	-399.4	-26.9	
108.10	20.3	10.6	6.1	2.0	-48.6	60.3	-3.0	-99.5	-249.5	2028.8	-358.5	-27.7	
108.15	20.7	10.9	6.3	2.0	-48.1	60.4	0.2	-97.5	-248.2	2013.2	-269.1	-26.6	
108.20	21.2	10.9	6.7	2.0	-47.6	60.5	4.6	-97.3	-247.2	1984.4	-156.7	-24.4	
108.25	21.6	10.7	6.2	2.0	-48.3	60.6	5.7	-100.3	-247.2	2031.3	-103.6	-27.1	
108.30	22.1	10.4	5.0	2.0	-49.9	60.7	3.4	-104.8	-247.8	2141.4	-129.1	-32.8	
108.35	22.5	10.5	4.8	2.0	-51.0	60.8	2.1	-109.0	-247.4	2207.3	-179.5	-34.3	
108.40	23.0	10.5	4.9	2.0	-51.4	60.9	2.0	-110.1	-245.3	2232.5	-240.2	-34.5	
108.45	23.4	10.4	5.2	2.0	-52.0	61.0	-0.3	-109.8	-243.5	2272.5	-319.9	-34.2	
108.50	23.9	10.5	5.1	2.0	-52.6	61.1	-1.8	-112.3	-244.0	2308.4	-334.9	-35.0	
108.55	24.3	10.4	4.9	2.0	-53.0	61.2	0.0	-114.1	-245.0	2336.7	-264.1	-36.0	
108.60	24.8	10.3	5.9	2.0	-53.5	61.3	3.2	-113.9	-243.5	2381.8	-188.4	-33.1	
108.65	25.2	10.3	6.6	2.0	-54.4	61.4	7.4	-116.3	-240.8	2456.2	-111.4	-31.7	
108.70	25.6	10.3	7.0	2.0	-55.8	61.5	8.0	-120.2	-240.2	2545.4	-94.8	-31.8	
108.75	26.1	10.3	6.5	2.0	-57.0	61.6	4.1	-121.5	-241.0	2629.9	-168.8	-34.7	
108.80	26.5	10.3	6.5	2.0	-57.9	61.7	-0.1	-122.6	-239.8	2684.5	-286.5	-35.6	
108.85	26.9	10.1	6.5	2.0	-58.8	61.8	-1.9	-125.9	-237.3	2738.4	-370.1	-36.4	
108.90	27.3	9.9	6.5	2.0	-59.9	61.9	-4.8	-128.5	-236.4	2809.2	-429.1	-37.6	
108.95	27.7	9.7	6.6	2.0	-60.8	62.0	-6.7	-130.3	-237.9	2872.0	-424.1	-38.2	
109.00	28.2	9.6	7.3	2.0	-61.3	62.1	-5.5	-131.9	-238.4	2910.5	-373.0	-36.2	
109.05	28.6	9.5	7.9	2.0	-61.5	62.2	-3.3	-131.6	-235.7	2933.3	-346.2	-34.5	
109.10	29.0	9.5	8.2	2.0	-61.8	62.3	-2.5	-130.9	-232.8	2955.5	-355.9	-33.6	
109.15	29.4	9.7	8.4	2.0	-62.2	62.4	-2.9	-131.8	-232.7	2982.7	-364.7	-33.4	
109.20	29.8	9.9	8.2	2.0	-63.1	62.5	-4.0	-133.9	-232.7	3047.0	-389.9	-35.1	
109.25	30.2	10.1	8.1	2.0	-64.6	62.6	-4.4	-136.6	-230.9	3147.5	-422.4	-36.9	
109.30	30.7	10.3	7.8	2.0	-65.9	62.7	-4.2	-139.3	-229.7	3240.6	-423.6	-39.0	
109.35	31.1	10.3	7.4	2.0	-67.0	62.8	-4.3	-142.7	-231.0	3319.0	-394.8	-41.8	
109.40	31.5	10.4	7.3	2.0	-68.0	62.9	-5.7	-145.8	-231.9	3384.4	-391.4	-43.1	
109.45	31.9	10.4	6.9	2.0	-68.6	63.0	-5.8	-147.9	-230.6	3424.7	-394.4	-45.0	
109.50	32.3	10.4	6.8	2.0	-68.8	63.1	-3.1	-148.7	-228.3	3439.8	-362.0	-45.3	
109.55	32.7	10.3	7.5	2.0	-68.7	63.2	-0.6	-148.1	-226.9	3443.3	-317.9	-43.0	
109.60	33.1	9.9	7.2	2.0	-68.9	63.3	1.6	-148.5	-226.6	3458.2	-250.1	-44.0	
109.65	33.5	9.9	6.7	2.0	-69.1	63.4	4.2	-150.0	-225.6	3475.8	-171.4	-46.2	
109.70	33.9	10.0	6.3	2.0	-68.9	63.5	6.0	-150.7	-224.1	3466.5	-105.4	-47.2	
109.75	34.3	10.3	5.8	2.0	-68.6	63.6	6.3	-150.3	-224.1	3440.2	-53.8	-48.8	
109.80	34.7	10.4	5.3	2.0	-68.4	63.7	4.9	-151.3	-224.1	3429.5	-46.2	-50.4	
109.85	35.1	10.4	5.0	2.0	-68.5	63.8	2.1	-154.0	-222.2	3423.7	-106.9	-51.2	
109.90	35.5	10.3	4.2	2.0	-68.3	63.9	-0.2	-154.5	-220.4	3407.0	-164.0	-53.9	
109.95	35.8	10.6	3.9	2.0	-67.9	64.0	-1.4	-153.0	-219.5	3381.8	-179.3	-54.4	
