Time[s]	Rotor azimuth angle[deg]	Hub wind speed magnitude[m/s]	ACTTORQUE1[Nm]	PITRAT1[deg/s]	PITFRIC1[kNm]	PITCH1[deg]	Blade root 1 Fx[KN]	Blade root 1 Fy[KN]	Blade root 1 Fz[KN]	Blade root 1 Mx[kNm]	Blade root 1 My[kNm]	Blade root 1 Mz[kNm]	
END_OF_HEADER
50.00	240.0	6.7	81.5	-0.0	-215.4	-0.1	270.4	237.3	689.7	-4914.8	12669.5	64.4	
50.05	242.4	6.6	82.3	-0.0	-213.1	-0.1	260.7	238.7	681.4	-5049.6	12452.6	69.6	
50.10	244.9	6.7	81.4	-0.0	-212.2	-0.1	252.8	242.7	668.6	-5170.2	12349.2	67.2	
50.15	247.3	6.8	81.0	-0.0	-212.3	-0.1	247.2	251.3	656.2	-5421.8	12253.9	65.7	
50.20	249.8	6.6	81.5	-0.0	-212.1	-0.1	243.6	260.1	647.3	-5759.5	12079.1	67.7	
50.25	252.2	6.6	80.4	-0.0	-211.8	-0.1	243.6	269.6	638.3	-6000.2	11923.0	64.2	
50.30	254.7	6.6	77.9	-0.0	-211.5	-0.1	243.5	277.7	625.3	-6143.6	11810.5	55.8	
50.35	257.1	6.2	77.2	-0.0	-209.7	-0.1	236.5	282.6	611.4	-6261.1	11612.5	55.3	
50.40	259.5	6.1	75.4	-0.0	-207.6	-0.1	231.6	287.1	600.4	-6287.7	11421.3	51.3	
50.45	262.0	5.9	71.8	-0.0	-204.7	-0.1	230.2	286.1	591.3	-6200.2	11236.7	41.7	
50.50	264.4	5.8	69.0	-0.0	-200.7	-0.1	225.4	277.6	580.1	-6079.8	10999.9	36.1	
50.55	266.9	5.9	68.2	-0.0	-197.8	-0.1	219.6	277.5	566.6	-6032.5	10796.3	36.2	
50.60	269.3	6.0	68.4	-0.0	-196.1	-0.1	215.4	285.6	554.6	-6084.0	10614.5	38.8	
50.65	271.7	6.0	67.6	-0.0	-195.0	-0.1	213.1	286.3	543.4	-6182.4	10477.0	37.2	
50.70	274.2	5.5	65.5	-0.0	-194.4	-0.1	213.8	281.7	530.8	-6212.8	10428.5	30.4	
50.75	276.6	5.1	63.6	-0.0	-194.1	-0.1	215.2	280.8	517.4	-6248.5	10391.4	24.4	
50.80	279.1	4.7	63.4	-0.0	-193.2	-0.1	213.8	282.2	505.5	-6293.5	10294.8	24.6	
50.85	281.5	5.1	62.5	-0.0	-191.3	-0.1	212.4	280.1	494.8	-6179.7	10210.5	23.3	
50.90	284.0	5.4	60.2	-0.0	-188.5	-0.1	212.1	269.1	483.8	-5937.1	10148.4	18.1	
50.95	286.4	5.5	59.4	-0.0	-185.4	-0.1	208.9	256.7	472.7	-5787.3	10018.2	18.4	
51.00	288.9	5.4	60.1	-0.0	-182.8	-0.1	203.3	254.8	462.1	-5779.7	9822.7	23.5	
51.05	291.3	5.3	60.2	-0.0	-180.7	-0.1	197.9	258.3	450.2	-5761.8	9655.6	26.0	
51.10	293.7	5.3	59.7	-0.0	-178.7	-0.1	194.3	256.2	437.6	-5647.7	9573.9	26.2	
51.15	296.2	5.3	58.7	-0.0	-177.6	-0.1	194.4	251.2	426.2	-5534.5	9565.5	24.0	
51.20	298.6	5.4	57.3	-0.0	-177.0	-0.1	196.8	249.5	416.7	-5481.6	9554.2	19.7	
51.25	301.1	5.6	55.8	-0.0	-175.6	-0.1	195.2	245.7	406.4	-5416.8	9493.2	15.8	
51.30	303.5	5.5	54.1	-0.0	-173.4	-0.1	190.4	237.6	394.4	-5243.1	9435.9	12.2	
51.35	305.9	5.5	53.2	-0.0	-172.2	-0.1	189.4	231.3	383.9	-5040.6	9470.6	10.4	
51.40	308.4	5.4	52.7	-0.0	-172.4	-0.1	193.4	224.1	375.8	-4904.9	9575.4	8.6	
51.45	310.8	5.7	50.5	-0.0	-173.9	-0.1	201.5	215.1	366.6	-4822.1	9756.1	-0.6	
51.50	313.3	5.8	47.7	-0.0	-175.4	-0.1	210.5	204.5	355.4	-4694.6	9961.4	-11.8	
51.55	315.7	5.7	47.2	-0.0	-175.0	-0.1	215.0	193.4	346.6	-4495.4	10043.0	-12.8	
51.60	318.2	5.9	49.3	-0.0	-172.2	-0.1	210.5	188.0	340.5	-4318.8	9912.9	-2.9	
51.65	320.6	5.9	52.5	-0.0	-167.3	-0.1	197.0	184.4	333.8	-4182.7	9617.2	12.9	
51.70	323.1	5.9	53.8	-0.0	-162.0	-0.1	182.2	173.8	325.0	-3985.0	9324.7	22.6	
51.75	325.5	6.0	53.0	-0.0	-158.7	-0.1	177.2	159.8	317.2	-3666.5	9235.6	23.3	
51.80	327.9	6.1	51.2	-0.0	-158.7	-0.1	184.3	148.2	313.1	-3321.9	9377.8	17.2	
51.85	330.4	6.1	50.4	-0.0	-161.1	-0.1	196.2	138.3	308.5	-3041.6	9655.5	11.7	
51.90	332.8	6.0	49.2	-0.0	-164.3	-0.1	208.6	129.9	300.3	-2760.8	9975.8	4.6	
51.95	335.2	5.9	46.9	-0.0	-166.9	-0.1	220.9	119.3	294.4	-2461.9	10248.8	-5.9	
52.00	337.7	6.0	45.6	-0.0	-168.0	-0.1	231.1	103.9	295.3	-2169.9	10392.0	-11.3	
52.05	340.1	6.4	46.4	-0.0	-167.8	-0.1	234.6	91.2	295.4	-1887.8	10437.1	-8.5	
52.10	342.6	6.3	48.2	-0.0	-165.7	-0.1	228.5	78.7	288.5	-1589.3	10359.1	-0.2	
52.15	345.0	6.1	48.9	-0.0	-162.4	-0.1	219.3	64.0	282.0	-1296.2	10191.6	5.6	
52.20	347.5	5.7	47.4	-0.0	-160.8	-0.1	218.8	51.3	282.1	-948.2	10122.8	1.9	
52.25	349.9	6.1	44.9	-0.0	-162.5	-0.1	227.4	36.8	283.2	-563.0	10259.0	-8.5	
52.30	352.4	6.4	42.6	-0.0	-165.9	-0.1	237.3	19.9	279.4	-179.2	10511.7	-19.5	
52.35	354.8	6.4	42.2	-0.0	-168.0	-0.1	241.7	6.5	274.7	172.6	10662.6	-23.0	
52.40	357.3	6.6	44.3	-0.0	-166.6	-0.1	236.6	-6.0	275.7	466.3	10561.8	-14.6	
52.45	359.7	6.7	47.6	-0.0	-164.0	-0.1	227.5	-16.5	278.9	714.0	10376.2	-0.6	
52.50	2.1	6.8	50.8	-0.0	-163.3	-0.1	221.3	-24.3	277.6	924.7	10323.2	11.2	
52.55	4.6	6.7	50.8	-0.0	-164.5	-0.1	218.8	-33.9	274.9	1121.0	10403.9	10.0	
52.60	7.0	6.7	50.7	-0.0	-168.4	-0.1	224.5	-44.5	276.1	1320.6	10649.7	5.6	
52.65	9.5	6.9	50.2	-0.0	-173.6	-0.1	234.9	-53.8	280.1	1513.5	10985.6	-1.4	
52.70	12.0	6.9	50.6	-0.0	-178.7	-0.1	243.6	-66.1	282.9	1773.2	11300.6	-5.1	
52.75	14.4	7.0	49.5	-0.0	-182.6	-0.1	249.1	-81.2	285.4	2167.6	11499.7	-12.8	
52.80	16.9	7.1	49.6	-0.0	-183.6	-0.1	247.3	-98.7	291.5	2596.2	11472.3	-13.4	
52.85	19.3	7.2	51.9	-0.0	-182.4	-0.1	239.8	-113.3	299.1	2893.6	11301.5	-4.2	
52.90	21.8	7.4	53.0	-0.0	-181.9	-0.1	233.3	-121.9	302.8	3100.5	11210.0	0.2	
52.95	24.3	7.6	54.1	-0.0	-183.5	-0.1	230.3	-132.2	304.0	3315.9	11268.5	2.4	
53.00	26.7	7.4	54.6	-0.0	-187.5	-0.1	234.9	-141.1	308.9	3510.8	11500.1	-0.2	
53.05	29.2	7.5	54.3	-0.0	-194.3	-0.1	249.2	-144.6	319.0	3719.0	11917.4	-8.0	
53.10	31.7	7.5	54.2	-0.0	-202.6	-0.1	267.3	-153.7	327.8	4042.4	12411.2	-16.6	
53.15	34.1	7.7	54.0	-0.0	-210.8	-0.1	283.6	-175.5	335.3	4527.1	12817.4	-25.5	
53.20	36.6	7.5	53.4	-0.0	-217.4	-0.1	297.0	-197.1	346.4	5078.0	13065.3	-34.2	
53.25	39.1	7.3	54.7	-0.0	-221.3	-0.1	303.9	-209.7	358.7	5509.1	13158.8	-33.7	
53.30	41.6	7.2	56.7	-0.0	-223.9	-0.1	304.8	-217.9	365.9	5781.4	13234.5	-29.4	
53.35	44.0	6.9	57.0	-0.0	-227.9	-0.1	306.3	-226.2	368.9	6022.8	13435.3	-32.1	
53.40	46.5	6.7	57.3	-0.0	-232.0	-0.1	310.6	-234.4	375.0	6207.5	13658.3	-35.3	
53.45	49.0	6.7	58.8	-0.0	-233.9	-0.1	313.9	-241.8	388.1	6340.4	13720.9	-32.0	
53.50	51.5	6.9	59.2	-0.0	-234.9	-0.1	314.2	-249.8	401.8	6564.6	13675.1	-31.6	
53.55	53.9	7.1	57.1	-0.0	-238.2	-0.1	315.8	-261.7	410.8	6952.4	13725.6	-42.2	
53.60	56.4	7.2	55.0	-0.0	-242.5	-0.1	318.0	-277.0	418.5	7350.8	13836.6	-53.7	
53.65	58.9	7.3	56.6	-0.0	-245.0	-0.1	317.7	-284.8	429.1	7592.2	13900.9	-50.6	
53.70	61.4	7.1	58.9	-0.0	-247.0	-0.1	316.8	-286.8	438.9	7695.4	14000.2	-44.9	
53.75	63.9	6.9	60.3	-0.0	-249.0	-0.1	314.0	-296.4	446.7	7844.9	14073.7	-42.1	
53.80	66.4	7.3	62.0	-0.0	-249.8	-0.1	308.9	-305.6	456.7	7988.2	14041.4	-37.0	
53.85	68.8	7.2	63.9	-0.0	-248.9	-0.1	304.3	-305.0	470.3	7988.6	13960.6	-29.5	
53.90	71.3	6.9	64.0	-0.0	-249.0	-0.1	303.2	-302.6	482.3	7955.7	13989.2	-29.4	
53.95	73.8	6.9	62.2	-0.0	-251.3	-0.1	305.9	-306.1	493.4	8037.2	14115.3	-37.8	
54.00	76.3	7.1	61.8	-0.0	-254.8	-0.1	312.4	-312.7	506.7	8234.0	14264.9	-42.6	
54.05	78.8	7.2	62.7	-0.0	-257.9	-0.1	318.3	-317.6	522.7	8444.4	14377.4	-42.8	
54.10	81.3	7.1	63.6	-0.0	-260.7	-0.1	318.3	-322.8	534.9	8589.3	14514.1	-42.4	
54.15	83.8	7.1	63.9	-0.0	-263.8	-0.1	315.6	-326.7	542.0	8640.8	14745.1	-44.4	
54.20	86.3	7.2	63.9	-0.0	-266.2	-0.1	316.8	-322.6	551.9	8589.4	14980.4	-46.8	
54.25	88.8	7.5	64.8	-0.0	-268.8	-0.1	326.5	-318.7	567.1	8567.7	15191.2	-46.3	
54.30	91.2	7.6	64.6	-0.0	-273.1	-0.1	341.9	-320.1	583.9	8626.7	15480.7	-51.4	
54.35	93.7	7.7	63.5	-0.0	-278.3	-0.1	355.4	-321.2	597.2	8673.9	15852.8	-60.3	
54.40	96.2	7.9	62.7	-0.0	-282.8	-0.1	362.4	-318.0	607.3	8649.2	16234.5	-67.5	
54.45	98.7	8.2	63.9	-0.0	-285.4	-0.1	362.8	-314.4	617.8	8568.3	16496.9	-66.0	
54.50	101.2	8.3	65.7	-0.0	-287.0	-0.1	362.5	-314.4	631.2	8537.4	16642.4	-61.3	
54.55	103.7	8.4	65.9	-0.0	-289.3	-0.1	365.6	-314.8	646.3	8607.8	16784.3	-63.3	
54.60	106.2	8.4	66.6	-0.0	-290.7	-0.1	366.6	-313.5	658.9	8581.3	16899.0	-62.1	
54.65	108.7	8.3	68.3	-0.0	-290.2	-0.1	365.1	-308.0	669.1	8398.3	16961.9	-55.8	
54.70	111.2	8.0	69.6	-0.0	-289.7	-0.1	365.6	-299.7	680.0	8193.0	17018.8	-50.9	
54.75	113.7	7.8	69.4	-0.0	-289.5	-0.1	369.3	-295.9	692.0	8051.8	17058.4	-51.2	
54.80	116.2	7.6	67.7	-0.0	-289.4	-0.1	377.0	-291.1	704.8	7922.0	17090.8	-57.0	
54.85	118.7	7.6	66.2	-0.0	-288.7	-0.1	383.9	-281.4	719.7	7788.8	17088.3	-61.4	
54.90	121.2	7.5	66.7	-0.0	-287.4	-0.1	384.9	-277.2	732.8	7640.3	17037.5	-58.5	
54.95	123.7	7.6	68.4	-0.0	-284.7	-0.1	377.5	-275.3	743.0	7482.1	16897.1	-49.7	
55.00	126.3	7.7	70.3	-0.0	-281.2	-0.1	367.0	-267.4	753.0	7346.8	16700.2	-39.7	
55.05	128.8	7.5	72.9	-0.0	-277.4	-0.1	356.8	-259.5	763.1	7213.1	16478.2	-27.2	
55.10	131.3	7.8	75.5	-0.0	-275.4	-0.1	351.8	-256.9	773.0	7131.5	16357.1	-16.2	
55.15	133.8	8.1	75.4	-0.0	-275.8	-0.1	356.2	-251.1	781.2	7024.2	16428.2	-17.0	
55.20	136.3	8.4	73.7	-0.0	-276.3	-0.1	365.6	-240.8	790.2	6811.6	16545.7	-23.1	
55.25	138.9	8.2	71.7	-0.0	-275.9	-0.1	375.2	-229.3	800.6	6532.5	16613.5	-29.7	
55.30	141.4	8.1	69.1	-0.0	-274.7	-0.1	381.8	-215.8	811.1	6291.1	16601.5	-37.5	
55.35	143.9	8.1	68.6	-0.0	-270.6	-0.1	378.2	-204.5	817.9	5993.8	16402.7	-35.3	
55.40	146.4	8.2	70.0	-0.0	-263.7	-0.1	365.9	-193.7	823.4	5656.6	16016.9	-23.5	
55.45	149.0	8.2	70.4	-0.0	-256.2	-0.1	351.1	-180.4	830.4	5426.2	15547.4	-14.5	
55.50	151.5	8.1	71.3	-0.0	-248.8	-0.1	334.4	-173.8	834.5	5254.9	15068.7	-3.9	
55.55	154.0	8.2	71.8	-0.0	-241.4	-0.1	318.9	-171.9	836.6	5061.3	14584.5	5.1	
55.60	156.6	8.3	70.0	-0.0	-235.0	-0.1	311.9	-158.5	842.1	4813.8	14194.7	5.2	
55.65	159.1	8.4	67.2	-0.0	-230.2	-0.1	310.3	-141.2	847.6	4467.7	13948.7	0.4	
55.70	161.6	8.2	66.1	-0.0	-226.6	-0.1	309.8	-127.3	849.3	4032.6	13812.3	0.4	
55.75	164.2	7.9	66.3	-0.0	-223.5	-0.1	310.6	-108.5	852.9	3542.3	13713.8	4.0	
55.80	166.7	7.7	65.5	-0.0	-219.1	-0.1	308.8	-86.3	859.2	3003.0	13525.1	5.6	
55.85	169.2	7.8	64.3	-0.0	-214.4	-0.1	302.9	-63.8	862.4	2480.9	13294.5	6.5	
55.90	171.8	7.7	63.1	-0.0	-210.7	-0.1	296.7	-47.9	863.2	2077.5	13108.5	5.8	
55.95	174.3	7.4	63.6	-0.0	-207.9	-0.1	292.7	-40.3	866.7	1717.8	12961.5	10.5	
56.00	176.8	7.3	63.6	-0.0	-206.5	-0.1	293.6	-31.3	872.2	1383.8	12886.9	11.9	
56.05	179.4	7.2	62.4	-0.0	-205.9	-0.1	295.6	-20.0	873.4	1080.3	12870.5	8.3	
56.10	181.9	7.0	62.2	-0.0	-204.6	-0.1	293.1	-10.8	870.9	735.5	12806.8	8.9	
56.15	184.5	6.8	62.7	-0.0	-203.0	-0.1	290.8	3.2	871.3	297.8	12707.9	12.3	
56.20	187.0	7.0	63.5	-0.0	-202.4	-0.1	293.3	24.0	875.5	-197.8	12654.8	15.4	
56.25	189.6	7.5	63.7	-0.0	-202.6	-0.1	294.7	43.0	875.9	-671.9	12639.6	16.0	
56.30	192.1	7.8	64.2	-0.0	-202.1	-0.1	290.7	58.6	871.4	-1076.2	12580.4	18.2	
56.35	194.7	7.8	65.5	-0.0	-200.0	-0.1	282.6	73.7	869.5	-1437.7	12400.7	24.7	
56.40	197.2	7.7	66.9	-0.0	-197.6	-0.1	276.0	85.6	871.9	-1707.0	12192.8	31.9	
56.45	199.8	7.6	65.5	-0.0	-196.9	-0.1	274.9	92.3	870.3	-1775.9	12120.5	28.0	
56.50	202.3	7.7	63.4	-0.0	-197.7	-0.1	276.4	98.6	862.9	-1808.5	12174.5	19.9	
56.55	204.9	7.7	64.0	-0.0	-198.7	-0.1	276.8	107.8	856.8	-2047.3	12209.2	21.0	
56.60	207.4	7.4	65.1	-0.0	-200.3	-0.1	279.1	120.2	854.8	-2391.2	12248.9	23.1	
56.65	210.0	7.3	65.0	-0.0	-202.4	-0.1	281.5	132.7	849.5	-2689.4	12336.5	20.6	
56.70	212.6	7.4	67.0	-0.0	-204.2	-0.1	279.7	145.6	838.4	-3000.4	12401.0	25.9	
56.75	215.1	7.5	71.1	-0.0	-205.6	-0.1	277.4	162.5	831.2	-3345.5	12410.3	38.4	
56.80	217.7	7.5	73.2	-0.0	-207.3	-0.1	279.2	176.2	829.5	-3597.7	12446.6	43.8	
56.85	220.2	7.5	72.7	-0.0	-208.9	-0.1	281.8	177.0	823.7	-3671.6	12543.2	40.8	
56.90	222.8	7.6	72.0	-0.0	-209.8	-0.1	280.9	175.6	811.7	-3685.2	12627.4	37.4	
56.95	225.4	7.3	72.5	-0.0	-210.1	-0.1	277.8	186.3	801.0	-3802.6	12618.6	38.6	
57.00	227.9	7.0	73.8	-0.0	-210.2	-0.1	275.0	203.7	793.9	-4046.7	12531.8	43.0	
57.05	230.5	6.7	73.3	-0.0	-210.3	-0.1	272.9	212.4	785.8	-4311.3	12443.2	41.3	
57.10	233.1	7.0	72.1	-0.0	-211.9	-0.1	275.0	218.2	774.6	-4593.3	12462.2	35.5	
57.15	235.6	7.0	73.2	-0.0	-214.3	-0.1	275.6	233.8	763.4	-5007.2	12477.0	36.9	
57.20	238.2	7.0	76.0	-0.0	-215.8	-0.1	270.2	253.1	754.8	-5474.7	12381.8	45.2	
57.25	240.8	6.8	77.0	-0.0	-215.7	-0.1	263.5	262.5	745.2	-5750.0	12251.3	48.7	
57.30	243.4	6.7	75.3	-0.0	-214.0	-0.1	260.8	260.6	734.6	-5777.8	12112.9	44.6	
57.35	246.0	6.7	74.0	-0.0	-211.2	-0.1	259.8	255.2	726.8	-5759.1	11907.2	42.8	
57.40	248.5	6.8	73.4	-0.0	-209.8	-0.1	258.4	257.9	718.7	-5858.9	11746.7	42.3	
57.45	251.1	6.8	72.8	-0.0	-211.6	-0.1	256.6	270.5	704.7	-6075.0	11774.4	38.3	
57.50	253.7	6.6	73.0	-0.0	-214.6	-0.1	255.6	277.1	687.5	-6338.9	11894.4	36.0	
57.55	256.3	6.4	73.7	-0.0	-217.8	-0.1	262.2	282.6	676.3	-6609.7	12005.2	35.1	
57.60	258.9	6.1	73.7	-0.0	-220.8	-0.1	274.2	297.9	673.7	-6857.5	12068.2	32.1	
57.65	261.5	6.1	73.8	-0.0	-222.1	-0.1	274.5	307.4	667.0	-7061.9	12041.4	31.3	
57.70	264.1	6.2	74.0	-0.0	-220.8	-0.1	261.0	306.0	650.8	-7131.8	11932.7	33.4	
57.75	266.7	6.1	74.9	-0.0	-216.7	-0.1	244.9	304.5	636.6	-7049.8	11671.4	40.5	
57.80	269.3	6.1	76.3	-0.0	-210.3	-0.1	230.8	298.1	629.9	-6893.8	11250.1	51.6	
57.85	271.9	6.3	75.0	-0.0	-205.3	-0.1	225.0	292.0	621.9	-6688.5	10975.1	52.3	
57.90	274.5	6.4	72.6	-0.0	-204.2	-0.1	226.0	284.6	606.7	-6553.9	10989.9	44.9	
57.95	277.1	6.3	70.3	-0.0	-205.8	-0.1	231.4	274.9	589.9	-6585.7	11142.4	35.6	
58.00	279.7	5.9	66.7	-0.0	-208.2	-0.1	245.9	278.9	580.5	-6628.0	11293.6	20.9	
58.05	282.3	6.1	63.8	-0.0	-209.2	-0.1	259.8	285.3	574.8	-6588.5	11356.2	10.0	
58.10	284.9	6.2	63.4	-0.0	-207.7	-0.1	261.0	280.1	563.7	-6429.6	11334.5	9.9	
58.15	287.5	6.1	64.0	-0.0	-204.7	-0.1	252.4	273.2	548.9	-6182.2	11264.5	15.1	
58.20	290.1	6.3	66.0	-0.0	-200.8	-0.1	238.0	269.1	534.4	-5981.0	11097.7	25.8	
58.25	292.8	6.4	68.5	-0.0	-196.6	-0.1	223.0	263.3	521.6	-5805.6	10889.3	38.7	
58.30	295.4	6.4	69.8	-0.0	-192.9	-0.1	214.7	253.9	510.8	-5519.0	10767.7	46.8	
58.35	298.0	6.4	69.8	-0.0	-190.3	-0.1	212.5	242.7	502.0	-5232.4	10735.1	49.2	
58.40	300.6	6.8	69.5	-0.0	-190.1	-0.1	214.2	236.7	492.2	-5109.3	10794.7	48.5	
58.45	303.2	7.2	68.9	-0.0	-192.1	-0.1	219.7	238.4	480.7	-5120.0	10955.3	44.2	
58.50	305.8	7.0	68.1	-0.0	-194.5	-0.1	226.2	231.4	469.5	-5123.8	11162.8	39.1	
58.55	308.5	7.1	65.6	-0.0	-196.7	-0.1	235.4	220.5	460.1	-5034.0	11398.7	28.5	
58.60	311.1	7.1	62.5	-0.0	-198.4	-0.1	244.5	221.0	452.9	-4931.1	11562.7	16.1	
58.65	313.7	6.9	61.9	-0.0	-197.9	-0.1	243.3	221.4	444.7	-4899.5	11544.5	14.7	
58.70	316.4	6.9	63.4	-0.0	-195.0	-0.1	233.4	208.0	434.9	-4759.1	11423.6	22.6	
58.75	319.0	6.8	64.2	-0.0	-191.3	-0.1	225.9	189.7	427.4	-4433.1	11318.9	29.0	
58.80	321.6	6.5	65.1	-0.0	-188.2	-0.1	222.7	174.3	422.8	-4165.4	11210.0	35.3	
58.85	324.3	6.6	65.4	-0.0	-186.4	-0.1	222.7	169.2	416.6	-4021.5	11133.9	38.1	
58.90	326.9	6.6	62.8	-0.0	-185.8	-0.1	226.9	165.8	408.3	-3810.1	11161.8	29.8	
58.95	329.6	6.6	60.3	-0.0	-185.4	-0.1	231.0	151.1	401.7	-3601.6	11218.3	21.5	
59.00	332.2	6.5	59.1	-0.0	-185.6	-0.1	235.8	141.8	398.5	-3485.3	11277.4	17.1	
59.05	334.8	6.6	58.3	-0.0	-186.0	-0.1	239.7	145.0	394.4	-3372.0	11336.1	14.0	
59.10	337.5	7.0	57.4	-0.0	-184.8	-0.1	238.1	137.7	387.4	-3113.4	11337.0	12.3	
59.15	340.1	7.4	55.7	-0.0	-183.0	-0.1	238.5	116.2	384.6	-2665.6	11337.7	8.1	
59.20	342.8	7.5	54.8	-0.0	-181.7	-0.1	243.3	94.2	389.7	-2160.4	11352.6	6.6	
59.25	345.4	7.5	56.1	-0.0	-180.7	-0.1	244.0	73.1	390.2	-1732.4	11366.6	11.8	
59.30	348.1	7.6	57.3	-0.0	-180.5	-0.1	242.0	51.4	380.5	-1234.6	11444.9	16.3	
59.35	350.7	8.0	56.0	-0.0	-181.7	-0.1	245.9	32.7	374.4	-683.1	11584.9	10.4	
59.40	353.4	8.5	53.5	-0.0	-183.8	-0.1	256.1	19.3	379.9	-293.0	11735.5	-0.1	
59.45	356.0	8.2	52.0	-0.0	-186.4	-0.1	265.7	12.0	384.4	-53.6	11905.5	-7.7	
59.50	358.7	8.2	52.9	-0.0	-188.3	-0.1	266.9	1.4	377.8	223.7	12050.5	-6.8	
59.55	1.3	8.3	53.8	-0.0	-188.8	-0.1	264.2	-15.4	371.8	615.5	12087.2	-4.0	
59.60	4.0	8.5	54.8	-0.0	-188.8	-0.1	265.6	-26.5	379.1	1044.2	12038.5	-0.6	
59.65	6.7	8.5	55.4	-0.0	-188.7	-0.1	267.0	-37.9	390.1	1469.0	11972.5	1.6	
59.70	9.3	8.5	55.8	-0.0	-189.8	-0.1	264.9	-60.4	389.3	1921.6	11988.4	1.7	
59.75	12.0	8.8	56.5	-0.0	-191.8	-0.1	262.2	-83.9	385.4	2393.0	12052.1	2.3	
59.80	14.7	8.9	57.0	-0.0	-194.0	-0.1	263.5	-97.0	390.8	2717.9	12129.5	1.8	
59.85	17.4	8.9	56.8	-0.0	-196.9	-0.1	268.7	-102.0	400.1	2889.4	12289.7	-1.8	
59.90	20.0	8.7	56.6	-0.0	-200.8	-0.1	272.1	-108.0	403.3	3077.7	12529.9	-6.4	
59.95	22.7	8.4	57.3	-0.0	-205.6	-0.1	276.3	-120.9	402.9	3227.4	12838.4	-9.0	
60.00	25.4	8.1	59.4	-0.0	-209.9	-0.1	282.7	-132.4	410.5	3353.3	13104.9	-6.0	
60.05	28.1	7.8	61.2	-0.0	-213.9	-0.1	290.0	-138.3	424.8	3534.2	13329.4	-3.6	
60.10	30.8	7.7	60.9	-0.0	-219.0	-0.1	296.3	-151.4	433.6	3859.1	13601.0	-10.0	
60.15	33.5	7.8	60.0	-0.0	-225.2	-0.1	302.4	-170.6	437.5	4315.4	13910.5	-19.1	
60.20	36.2	8.3	60.6	-0.0	-230.2	-0.1	308.8	-187.6	448.0	4724.8	14124.9	-22.1	
60.25	38.9	8.7	64.2	-0.0	-233.4	-0.1	311.3	-200.3	462.8	4983.7	14246.8	-12.9	
60.30	41.6	8.8	64.1	-0.0	-238.3	-0.1	313.9	-205.5	470.3	5219.1	14539.1	-18.2	
60.35	44.3	8.8	63.8	-0.0	-244.7	-0.1	318.1	-207.0	473.0	5387.9	14977.6	-25.7	
60.40	47.0	8.7	66.2	-0.0	-251.0	-0.1	328.6	-209.4	484.4	5527.1	15398.0	-23.7	
60.45	49.7	8.6	67.8	-0.0	-257.3	-0.1	343.8	-220.8	505.2	5829.6	15713.7	-24.6	
60.50	52.4	8.5	68.7	-0.0	-264.3	-0.1	357.1	-246.0	519.5	6218.8	16047.5	-28.5	
60.55	55.1	8.2	68.2	-0.0	-272.3	-0.1	367.1	-262.1	525.8	6598.1	16485.0	-38.1	
60.60	57.8	8.0	66.9	-0.0	-279.6	-0.1	376.5	-264.6	536.8	6994.7	16884.9	-50.1	
60.65	60.5	8.0	66.8	-0.0	-284.3	-0.1	383.1	-274.4	552.9	7372.3	17057.0	-54.8	
60.70	63.2	8.2	67.2	-0.0	-287.8	-0.1	387.3	-293.5	567.1	7780.8	17106.6	-57.0	
60.75	65.9	8.3	66.8	-0.0	-290.1	-0.1	385.2	-305.5	576.0	8054.7	17151.7	-60.8	
60.80	68.6	8.4	68.1	-0.0	-289.4	-0.1	372.7	-305.6	584.7	8140.9	17071.5	-55.5	
60.85	71.3	8.2	69.9	-0.0	-287.5	-0.1	359.6	-297.0	597.8	8181.5	16938.8	-47.5	
60.90	74.1	8.1	70.3	-0.0	-287.6	-0.1	353.4	-299.9	614.4	8418.2	16823.8	-46.2	
60.95	76.8	8.1	70.7	-0.0	-289.3	-0.1	353.2	-318.4	630.0	8726.4	16754.8	-46.5	
61.00	79.5	8.4	71.1	-0.0	-291.2	-0.1	355.9	-329.4	645.4	8940.1	16764.4	-47.0	
61.05	82.2	8.3	69.6	-0.0	-293.9	-0.1	360.4	-327.4	658.0	9020.1	16930.8	-54.9	
61.10	85.0	8.1	68.7	-0.0	-298.1	-0.1	369.0	-325.8	667.1	9041.2	17256.6	-62.2	
61.15	87.7	8.2	66.2	-0.0	-304.4	-0.1	387.3	-329.7	679.6	9126.8	17681.9	-77.2	
61.20	90.5	8.2	64.0	-0.0	-310.7	-0.1	410.1	-336.9	696.1	9192.4	18097.4	-91.0	
61.25	93.2	8.1	65.0	-0.0	-314.7	-0.1	424.6	-336.7	710.8	9081.0	18443.5	-91.5	
61.30	95.9	8.1	68.8	-0.0	-317.3	-0.1	427.9	-326.4	721.4	8879.8	18763.9	-81.3	
61.35	98.7	8.1	71.4	-0.0	-319.6	-0.1	427.2	-317.4	730.6	8701.8	19050.4	-74.6	
61.40	101.4	8.1	73.8	-0.0	-320.6	-0.1	431.4	-317.8	745.4	8601.4	19157.2	-67.4	
61.45	104.2	8.1	73.4	-0.0	-320.3	-0.1	441.1	-316.7	764.4	8475.7	19149.2	-68.4	
61.50	106.9	8.3	73.6	-0.0	-317.5	-0.1	441.1	-312.7	779.3	8290.3	18993.2	-64.7	
61.55	109.6	8.5	76.3	-0.0	-311.8	-0.1	425.5	-304.8	789.7	8051.2	18666.0	-49.8	
61.60	112.4	8.9	79.6	-0.0	-304.7	-0.1	405.5	-291.7	801.8	7813.5	18256.2	-31.5	
61.65	115.1	8.6	80.9	-0.0	-298.7	-0.1	392.6	-283.8	818.4	7622.0	17877.2	-21.0	
61.70	117.9	8.5	79.6	-0.0	-295.7	-0.1	391.9	-285.3	834.9	7492.2	17670.4	-22.6	
61.75	120.7	8.4	76.8	-0.0	-295.3	-0.1	399.0	-284.4	849.8	7395.9	17643.2	-31.6	
61.80	123.4	8.7	74.0	-0.0	-294.6	-0.1	405.0	-270.0	863.3	7232.1	17653.6	-40.7	
61.85	126.2	9.0	72.3	-0.0	-291.3	-0.1	401.3	-253.1	875.2	7004.7	17505.4	-43.2	
61.90	128.9	9.2	72.9	-0.0	-286.1	-0.1	389.7	-245.4	885.6	6802.8	17201.9	-35.7	
61.95	131.7	8.8	73.4	-0.0	-281.2	-0.1	379.9	-238.0	897.5	6650.3	16888.7	-29.2	
62.00	134.5	8.6	73.6	-0.0	-276.9	-0.1	373.3	-230.7	910.5	6483.7	16628.1	-24.4	
62.05	137.2	8.5	75.8	-0.0	-273.7	-0.1	366.7	-222.5	922.4	6318.2	16448.5	-13.6	
62.10	140.0	8.6	76.9	-0.0	-273.3	-0.1	365.3	-213.2	931.1	6222.0	16468.9	-9.4	
62.15	142.8	8.5	76.4	-0.0	-275.1	-0.1	371.2	-207.7	937.5	6082.2	16648.7	-12.8	
62.20	145.6	8.5	75.0	-0.0	-276.8	-0.1	383.0	-198.3	946.4	5842.1	16847.2	-19.4	
62.25	148.4	8.6	72.6	-0.0	-278.0	-0.1	394.6	-185.2	956.3	5573.3	17010.7	-28.8	
62.30	151.2	8.8	70.8	-0.0	-277.7	-0.1	398.2	-177.6	960.1	5263.5	17079.4	-34.6	
62.35	153.9	8.8	71.3	-0.0	-273.4	-0.1	391.4	-163.2	962.1	4876.9	16895.6	-28.6	
62.40	156.7	8.5	72.7	-0.0	-265.3	-0.1	377.9	-139.4	970.2	4414.1	16440.1	-15.6	
62.45	159.5	8.2	74.4	-0.0	-255.8	-0.1	360.1	-123.2	978.4	3934.9	15881.7	-0.2	
62.50	162.3	8.3	75.1	-0.0	-248.9	-0.1	346.2	-116.0	981.7	3599.0	15469.1	8.9	
62.55	165.1	8.6	75.1	-0.0	-244.6	-0.1	339.1	-104.9	984.6	3311.6	15228.4	13.1	
62.60	167.9	9.0	76.5	-0.0	-241.8	-0.1	337.1	-84.8	988.5	2874.7	15120.8	20.9	
62.65	170.7	9.1	77.1	-0.0	-241.4	-0.1	341.4	-64.9	990.6	2390.6	15174.8	23.3	
62.70	173.5	9.1	74.9	-0.0	-243.2	-0.1	351.2	-51.2	992.2	1978.1	15348.1	14.0	
62.75	176.3	9.0	73.3	-0.0	-243.8	-0.1	357.1	-36.6	997.5	1559.8	15426.6	7.8	
62.80	179.1	8.9	75.2	-0.0	-241.9	-0.1	353.7	-13.0	1001.8	980.2	15341.4	16.4	
62.85	181.9	8.7	79.7	-0.0	-238.9	-0.1	343.0	12.7	1001.1	330.4	15175.6	34.7	
62.90	184.7	8.4	80.8	-0.0	-238.1	-0.1	339.4	29.3	999.7	-141.8	15123.2	39.4	
62.95	187.5	8.3	79.5	-0.0	-239.0	-0.1	345.0	38.3	1002.5	-468.6	15164.5	34.0	
63.00	190.3	8.1	79.7	-0.0	-239.5	-0.1	350.4	46.8	1005.9	-775.8	15165.5	34.0	
63.05	193.1	8.0	80.0	-0.0	-238.5	-0.1	349.4	59.3	1003.1	-1043.5	15073.8	36.3	
63.10	196.0	7.8	79.8	-0.0	-234.9	-0.1	338.9	69.1	995.3	-1306.5	14815.6	39.1	
63.15	198.8	7.6	78.5	-0.0	-230.0	-0.1	325.7	84.0	991.0	-1607.6	14438.1	39.6	
63.20	201.6	7.7	77.8	-0.0	-224.7	-0.1	313.6	106.9	992.3	-1998.1	14002.5	42.2	
63.25	204.4	7.7	79.5	-0.0	-219.3	-0.1	299.0	121.4	990.0	-2461.0	13541.7	53.6	
63.30	207.3	7.7	80.5	-0.0	-217.4	-0.1	294.5	134.5	983.1	-2788.9	13333.7	59.0	
63.35	210.1	8.0	78.3	-0.0	-218.9	-0.1	300.2	150.9	978.8	-2995.5	13369.9	50.0	
63.40	212.9	8.2	77.2	-0.0	-220.9	-0.1	304.6	160.2	977.7	-3228.6	13448.1	44.1	
63.45	215.8	8.4	76.8	-0.0	-223.1	-0.1	306.4	170.1	972.6	-3373.1	13569.7	40.6	
63.50	218.6	8.6	78.2	-0.0	-224.9	-0.1	305.5	177.3	962.0	-3433.5	13695.8	43.5	
63.55	221.5	8.4	80.6	-0.0	-225.9	-0.1	302.7	177.9	952.0	-3565.4	13749.3	50.9	
63.60	224.3	8.3	81.2	-0.0	-228.1	-0.1	307.2	185.9	947.4	-3771.8	13847.9	50.6	
63.65	227.2	8.4	81.5	-0.0	-231.9	-0.1	315.0	206.0	941.4	-4120.9	13998.6	48.0	
63.70	230.0	8.7	84.0	-0.0	-234.9	-0.1	314.6	222.7	930.0	-4630.8	14062.4	53.6	
63.75	232.9	8.9	85.5	-0.0	-236.4	-0.1	310.9	233.0	918.1	-5052.5	14040.2	57.0	
63.80	235.7	8.9	85.1	-0.0	-236.3	-0.1	310.7	241.4	910.5	-5259.4	13943.5	55.8	
63.85	238.6	8.8	85.8	-0.0	-234.0	-0.1	307.0	242.3	903.1	-5391.0	13722.6	60.6	
63.90	241.4	8.8	87.0	-0.0	-232.9	-0.1	303.1	245.3	891.7	-5498.2	13602.4	65.8	
63.95	244.3	8.8	86.5	-0.0	-234.6	-0.1	304.0	250.5	875.6	-5542.2	13725.1	62.2	
64.00	247.1	8.8	86.5	-0.0	-237.9	-0.1	307.6	252.1	858.5	-5660.0	13947.5	59.0	
64.05	250.0	8.8	87.7	-0.0	-241.3	-0.1	313.7	263.4	845.1	-5897.9	14099.3	59.7	
64.10	252.8	8.8	89.0	-0.0	-243.8	-0.1	320.2	280.4	836.9	-6209.2	14126.5	61.8	
64.15	255.7	8.8	90.4	-0.0	-244.4	-0.1	319.0	286.9	826.8	-6503.7	14038.5	65.9	
64.20	258.6	8.9	90.5	-0.0	-244.5	-0.1	314.9	291.3	813.0	-6671.6	13980.6	66.3	
64.25	261.4	8.9	91.8	-0.0	-245.3	-0.1	312.9	298.9	800.5	-6800.6	13983.9	69.8	
64.30	264.3	9.0	93.2	-0.0	-246.0	-0.1	313.7	297.6	791.2	-6855.2	14026.3	74.0	
64.35	267.2	9.0	90.7	-0.0	-245.6	-0.1	319.3	287.2	782.5	-6596.2	14137.8	65.8	
64.40	270.1	9.0	88.4	-0.0	-244.7	-0.1	321.6	273.6	768.9	-6280.4	14241.3	58.9	
64.45	273.0	9.0	91.1	-0.0	-242.9	-0.1	312.2	266.9	751.6	-6208.2	14174.1	69.9	
64.50	275.9	8.7	91.4	-0.0	-242.0	-0.1	305.1	277.9	736.6	-6229.3	14092.6	71.8	
64.55	278.8	8.5	90.0	-0.0	-241.2	-0.1	304.1	285.8	727.1	-6269.4	14004.4	67.7	
64.60	281.7	8.4	89.7	-0.0	-239.5	-0.1	303.1	279.9	720.6	-6320.2	13860.2	68.5	
64.65	284.6	8.5	89.0	-0.0	-238.3	-0.1	302.2	278.4	710.5	-6325.6	13772.8	67.1	
64.70	287.4	8.6	88.4	-0.0	-236.5	-0.1	296.5	285.7	697.1	-6241.2	13671.4	67.1	
64.75	290.3	8.7	91.1	-0.0	-232.8	-0.1	282.8	283.8	684.5	-6102.0	13474.7	79.9	
64.80	293.2	9.0	93.9	-0.0	-229.7	-0.1	273.9	270.7	674.6	-5840.6	13389.8	92.6	
64.85	296.1	9.1	93.9	-0.0	-228.9	-0.1	274.5	255.8	664.4	-5516.4	13502.1	93.4	
64.90	299.0	9.1	93.1	-0.0	-229.0	-0.1	272.9	244.0	648.8	-5344.0	13622.5	90.6	
64.95	301.9	8.9	92.2	-0.0	-230.1	-0.1	272.2	243.7	632.4	-5287.2	13751.7	86.2	
65.00	304.8	9.0	92.2	-0.0	-231.7	-0.1	276.4	244.9	623.5	-5251.9	13890.7	84.9	
65.05	307.8	9.1	92.3	-0.0	-233.0	-0.1	282.0	235.1	618.0	-5241.0	14003.9	83.8	
65.10	310.7	8.8	88.6	-0.0	-234.6	-0.1	291.0	225.0	607.8	-5175.4	14164.8	69.4	
65.15	313.6	8.4	83.7	-0.0	-236.0	-0.1	301.1	222.5	595.5	-5058.8	14311.4	51.5	
65.20	316.5	8.1	83.3	-0.0	-234.6	-0.1	302.5	213.8	587.8	-4915.8	14267.9	51.4	
65.25	319.4	7.9	83.9	-0.0	-230.7	-0.1	297.4	195.4	582.2	-4533.4	14135.6	57.3	
65.30	322.3	7.7	81.9	-0.0	-226.6	-0.1	291.5	172.6	572.5	-3975.3	14035.7	54.7	
65.35	325.2	7.5	79.5	-0.0	-222.3	-0.1	284.0	157.3	562.4	-3596.6	13856.7	50.4	
65.40	328.2	7.6	78.3	-0.0	-217.4	-0.1	274.2	156.7	557.7	-3419.5	13549.0	51.3	
65.45	331.1	7.5	77.3	-0.0	-213.2	-0.1	266.0	151.7	555.4	-3227.6	13299.1	52.1	
65.50	334.0	7.6	75.7	-0.0	-210.6	-0.1	261.5	134.5	549.1	-2950.4	13204.4	49.3	
65.55	337.0	7.7	74.3	-0.0	-209.8	-0.1	262.3	125.4	543.2	-2696.3	13206.1	45.4	
65.60	339.9	7.6	73.2	-0.0	-209.2	-0.1	265.5	121.8	541.3	-2495.8	13197.9	42.3	
65.65	342.9	7.6	70.2	-0.0	-207.2	-0.1	265.5	102.7	539.8	-2159.5	13129.2	33.7	
65.70	345.8	7.6	65.6	-0.0	-205.1	-0.1	264.8	75.9	536.2	-1575.5	13078.8	20.1	
65.75	348.8	7.7	63.5	-0.0	-202.4	-0.1	259.6	55.5	533.6	-1003.3	12959.7	15.7	
65.80	351.7	7.9	65.2	-0.0	-199.2	-0.1	251.0	40.1	531.4	-628.3	12777.4	24.6	
65.85	354.7	8.1	63.3	-0.0	-198.5	-0.1	250.7	26.8	527.0	-251.0	12750.1	18.8	
65.90	357.7	7.8	57.9	-0.0	-200.6	-0.1	260.5	13.8	524.2	87.2	12887.6	-1.8	
65.95	0.6	7.6	55.9	-0.0	-200.6	-0.1	264.9	0.6	528.4	306.7	12870.5	-8.8	
66.00	3.5	7.5	57.7	-0.0	-197.9	-0.1	260.0	-8.2	534.6	596.7	12661.0	0.3	
66.05	6.5	7.4	60.0	-0.0	-195.1	-0.1	250.8	-18.0	534.2	959.8	12449.6	11.0	
66.10	9.4	7.5	60.2	-0.0	-193.9	-0.1	244.5	-33.0	533.4	1330.9	12342.5	12.8	
66.15	12.4	7.7	55.5	-0.0	-195.5	-0.1	248.1	-53.2	541.3	1795.4	12382.1	-4.9	
66.20	15.4	7.7	53.8	-0.0	-197.8	-0.1	253.4	-74.1	550.8	2182.0	12454.6	-13.1	
66.25	18.3	7.7	55.7	-0.0	-200.1	-0.1	256.4	-87.9	554.6	2418.8	12562.5	-8.9	
66.30	21.3	7.6	57.6	-0.0	-203.7	-0.1	261.1	-98.2	557.5	2662.0	12768.7	-5.8	
66.35	24.3	7.3	56.2	-0.0	-209.4	-0.1	271.5	-108.1	566.7	2915.9	13105.3	-16.4	
66.40	27.2	7.2	54.6	-0.0	-217.1	-0.1	288.4	-124.5	580.3	3208.4	13559.0	-29.8	
66.45	30.2	7.3	55.7	-0.0	-224.3	-0.1	303.6	-147.1	591.7	3472.7	13977.3	-33.1	
66.50	33.2	7.3	59.0	-0.0	-229.3	-0.1	310.2	-161.2	600.4	3786.2	14247.2	-26.6	
66.55	36.2	7.7	59.8	-0.0	-233.9	-0.1	312.6	-167.5	609.6	4222.5	14462.7	-28.5	
66.60	39.2	8.1	58.8	-0.0	-238.7	-0.1	314.5	-181.7	619.6	4694.9	14666.8	-36.9	
66.65	42.2	8.2	59.4	-0.0	-244.0	-0.1	318.8	-199.4	630.0	5057.5	14919.5	-40.2	
66.70	45.2	8.5	59.9	-0.0	-250.3	-0.1	326.9	-208.6	639.8	5283.0	15304.5	-44.9	
66.75	48.2	8.8	61.6	-0.0	-257.1	-0.1	335.1	-215.6	649.2	5528.1	15721.5	-45.7	
66.80	51.1	8.7	63.4	-0.0	-265.2	-0.1	347.0	-225.5	660.7	5911.9	16180.8	-47.7	
66.85	54.1	8.7	64.4	-0.0	-274.1	-0.1	365.7	-235.7	677.5	6343.4	16656.8	-53.1	
66.90	57.2	8.6	65.6	-0.0	-281.5	-0.1	382.9	-251.1	696.4	6675.7	17043.1	-56.3	
66.95	60.2	8.5	65.9	-0.0	-287.5	-0.1	392.5	-265.7	708.9	6889.1	17385.6	-61.2	
67.00	63.2	8.7	65.6	-0.0	-290.9	-0.1	388.9	-277.8	717.6	7135.1	17542.8	-65.6	
67.05	66.2	8.9	65.8	-0.0	-291.9	-0.1	378.6	-290.6	729.4	7451.6	17488.3	-66.0	
67.10	69.2	9.0	67.6	-0.0	-292.2	-0.1	371.0	-292.1	744.7	7658.2	17424.8	-60.1	
67.15	72.2	9.0	69.6	-0.0	-294.1	-0.1	368.3	-291.2	760.7	7788.5	17518.3	-55.0	
67.20	75.2	9.2	69.2	-0.0	-298.9	-0.1	370.5	-307.3	771.8	7970.7	17785.6	-61.4	
67.25	78.2	9.3	68.0	-0.0	-303.3	-0.1	375.6	-322.1	784.0	8246.0	17980.1	-69.8	
67.30	81.3	9.1	66.8	-0.0	-305.6	-0.1	387.1	-314.7	802.5	8408.0	18065.6	-76.4	
67.35	84.3	9.0	65.6	-0.0	-307.4	-0.1	404.1	-300.9	824.7	8453.8	18156.6	-82.2	
67.40	87.3	8.9	63.5	-0.0	-310.4	-0.1	419.6	-300.5	843.8	8456.6	18350.1	-92.5	
67.45	90.3	8.7	62.2	-0.0	-314.2	-0.1	428.6	-309.1	856.6	8381.2	18650.6	-100.5	
67.50	93.3	8.6	64.0	-0.0	-315.0	-0.1	426.6	-312.8	871.9	8310.8	18731.1	-95.4	
67.55	96.4	8.5	66.5	-0.0	-314.3	-0.1	422.5	-306.0	890.8	8270.3	18703.1	-86.1	
67.60	99.4	8.4	70.2	-0.0	-314.8	-0.1	419.4	-301.6	909.8	8316.8	18725.8	-73.9	
67.65	102.5	8.3	72.7	-0.0	-317.5	-0.1	420.4	-312.2	925.2	8382.8	18883.0	-68.0	
67.70	105.5	8.3	73.8	-0.0	-320.6	-0.1	426.5	-320.3	937.1	8256.4	19149.1	-67.1	
67.75	108.6	8.0	72.9	-0.0	-321.8	-0.1	434.1	-307.9	948.9	7983.9	19356.9	-71.4	
67.80	111.6	8.1	72.2	-0.0	-320.6	-0.1	436.9	-288.4	961.8	7664.6	19404.5	-72.7	
67.85	114.7	8.1	73.8	-0.0	-318.7	-0.1	436.8	-274.0	977.0	7360.0	19379.3	-65.3	
67.90	117.7	8.1	74.1	-0.0	-316.3	-0.1	435.1	-265.1	995.8	7106.2	19287.8	-61.9	
67.95	120.8	8.2	74.3	-0.0	-312.3	-0.1	427.7	-264.4	1011.4	6837.6	19068.0	-57.1	
68.00	123.9	8.2	75.8	-0.0	-307.0	-0.1	416.6	-252.8	1023.9	6554.0	18784.2	-46.8	
68.05	126.9	8.2	75.9	-0.0	-303.5	-0.1	409.9	-233.1	1039.1	6436.4	18580.5	-42.8	
68.10	130.0	8.2	76.4	-0.0	-302.2	-0.1	406.0	-230.3	1054.1	6492.9	18459.8	-39.8	
68.15	133.0	8.3	78.1	-0.0	-301.3	-0.1	402.6	-232.9	1064.2	6423.9	18410.6	-33.1	
68.20	136.1	8.7	78.3	-0.0	-299.3	-0.1	400.3	-223.7	1071.9	6127.6	18361.9	-30.5	
68.25	139.2	8.7	78.5	-0.0	-293.8	-0.1	392.7	-214.5	1082.5	5790.7	18061.5	-24.2	
68.30	142.3	8.7	79.5	-0.0	-287.2	-0.1	384.7	-204.6	1099.0	5556.3	17635.3	-14.4	
68.35	145.4	8.5	79.7	-0.0	-283.4	-0.1	383.8	-184.0	1116.2	5353.7	17413.7	-9.9	
68.40	148.5	8.6	80.1	-0.0	-284.3	-0.1	391.5	-165.0	1123.9	5005.0	17584.5	-9.3	
68.45	151.5	8.7	80.1	-0.0	-289.9	-0.1	409.2	-157.0	1124.8	4626.1	18079.5	-15.0	
68.50	154.6	8.7	78.3	-0.0	-296.7	-0.1	432.3	-150.8	1130.1	4447.6	18592.3	-27.8	
68.55	157.7	8.5	78.2	-0.0	-298.3	-0.1	440.9	-142.5	1139.8	4429.0	18695.2	-29.9	
68.60	160.8	8.4	81.0	-0.0	-293.0	-0.1	427.6	-126.4	1145.8	4285.9	18370.4	-15.1	
68.65	163.9	8.2	84.7	-0.0	-284.6	-0.1	404.7	-104.3	1147.0	3884.1	17887.7	6.0	
68.70	167.0	7.9	87.6	-0.0	-278.4	-0.1	391.8	-87.3	1152.3	3342.5	17565.8	22.5	
68.75	170.1	7.4	88.2	-0.0	-277.2	-0.1	396.1	-75.0	1162.3	2844.1	17549.4	25.7	
68.80	173.2	7.1	85.8	-0.0	-278.9	-0.1	407.6	-54.6	1166.9	2385.2	17718.8	15.5	
68.85	176.3	7.4	85.0	-0.0	-278.2	-0.1	407.4	-25.7	1163.0	1775.5	17750.2	13.7	
68.90	179.4	7.3	86.7	-0.0	-274.1	-0.1	395.3	1.4	1160.1	1124.9	17534.4	23.6	
68.95	182.6	7.3	88.8	-0.0	-270.1	-0.1	386.1	6.5	1161.0	699.2	17279.8	34.6	
69.00	185.7	7.5	89.8	-0.0	-267.5	-0.1	384.6	5.0	1163.1	441.2	17094.3	40.8	
69.05	188.8	7.6	92.1	-0.0	-265.1	-0.1	383.7	17.3	1166.3	57.8	16915.5	50.9	
69.10	191.9	7.6	95.1	-0.0	-263.4	-0.1	381.0	50.0	1167.9	-540.7	16776.9	62.9	
69.15	195.0	7.8	97.4	-0.0	-262.8	-0.1	377.5	72.8	1167.2	-1141.8	16695.7	71.6	
69.20	198.2	7.6	96.3	-0.0	-264.1	-0.1	380.1	85.7	1164.0	-1647.0	16739.6	66.5	
69.25	201.4	7.6	100.7	-0.0	-267.4	-0.1	380.4	125.2	1163.7	-2949.4	16782.7	78.3	
69.30	204.5	7.6	102.0	-0.0	-268.4	-0.1	377.8	139.4	1164.3	-3472.4	16751.9	81.9	
69.35	207.6	7.7	101.6	-0.0	-271.1	-0.1	386.5	178.9	1160.8	-3561.2	16875.0	77.6	
69.40	210.8	7.8	129.0	0.5	-265.9	-0.1	358.2	163.3	1154.7	-3831.4	16520.2	112.1	
69.45	214.0	7.7	123.5	0.9	-265.8	-0.0	357.9	176.5	1157.2	-3917.8	16466.7	109.8	
69.50	217.1	7.5	118.5	1.2	-271.6	0.0	385.2	195.5	1158.2	-4118.3	16776.0	99.1	
69.55	220.3	7.5	117.3	1.4	-273.6	0.1	380.7	174.0	1148.0	-4607.8	16852.3	102.3	
69.60	223.5	7.7	112.1	1.5	-277.8	0.1	385.0	195.6	1133.1	-4821.0	17092.2	87.1	
69.65	226.7	7.6	111.6	1.7	-281.4	0.2	395.4	240.3	1121.5	-5105.6	17211.5	86.9	
69.70	229.8	7.5	117.5	1.7	-279.1	0.3	377.7	246.4	1117.4	-5605.6	16913.2	113.1	
69.75	233.0	7.5	115.2	1.8	-279.0	0.4	377.4	251.3	1112.7	-5608.7	16899.5	108.2	
69.80	236.2	7.5	110.8	1.9	-280.0	0.5	391.8	249.8	1100.3	-5359.7	17030.3	94.3	
69.85	239.4	7.5	113.1	1.9	-274.3	0.6	369.6	243.5	1090.7	-5356.9	16660.4	109.2	
69.90	242.6	7.4	115.3	1.9	-270.3	0.7	350.9	272.7	1084.7	-5432.9	16310.2	122.2	
69.95	245.8	7.7	115.0	1.9	-271.9	0.8	360.5	286.4	1070.1	-5560.9	16359.4	120.4	
70.00	249.1	7.9	111.4	2.0	-275.1	0.9	367.1	269.2	1055.1	-5795.9	16561.5	105.3	
70.05	252.3	8.1	106.7	2.0	-280.5	1.0	380.4	279.4	1048.3	-6141.1	16825.4	84.5	
70.10	255.5	8.3	107.7	2.0	-285.2	1.1	397.2	301.3	1038.5	-6632.7	16942.1	83.6	
70.15	258.8	8.2	110.3	2.0	-283.9	1.2	387.4	298.1	1026.6	-6865.7	16787.7	94.0	
70.20	262.1	8.1	107.8	2.0	-280.1	1.3	372.2	295.5	1016.8	-6715.0	16591.2	89.5	
70.25	265.3	8.2	106.0	2.0	-277.4	1.4	369.8	296.9	1004.0	-6758.6	16361.1	85.9	
70.30	268.6	8.6	104.8	2.0	-274.1	1.5	360.6	294.7	990.9	-6922.8	16066.5	85.2	
70.35	271.9	8.8	98.9	2.0	-268.6	1.6	345.3	294.0	977.4	-6797.1	15712.1	70.7	
70.40	275.1	8.8	96.3	2.0	-261.6	1.7	332.2	297.2	959.1	-6845.4	15156.5	68.7	
70.45	278.4	8.5	99.1	2.0	-254.7	1.8	307.3	318.7	944.5	-7314.9	14371.9	85.3	
70.50	281.7	8.7	100.0	2.0	-248.8	1.9	284.2	340.2	940.1	-7733.0	13636.2	94.3	
70.55	285.0	8.9	94.4	2.0	-243.2	2.0	279.5	334.2	932.9	-7839.9	13119.5	80.9	
70.60	288.3	8.9	86.6	2.0	-236.6	2.1	275.3	314.8	924.8	-7654.1	12711.0	60.7	
70.65	291.7	8.5	84.2	2.0	-230.3	2.2	261.7	311.6	918.8	-7444.5	12325.0	58.8	
70.70	295.0	8.3	84.5	2.0	-227.3	2.3	256.3	314.3	907.4	-7359.5	12132.0	62.8	
70.75	298.3	8.5	80.3	2.0	-224.1	2.4	255.9	292.5	894.2	-6975.5	12142.0	51.6	
70.80	301.6	8.1	73.5	2.0	-220.7	2.5	256.0	258.8	885.1	-6438.4	12238.4	31.5	
70.85	305.0	7.9	69.6	2.0	-218.7	2.6	259.1	246.0	875.3	-6241.5	12200.4	20.2	
70.90	308.3	7.9	68.8	2.0	-217.1	2.7	255.6	256.3	863.4	-6246.5	12058.1	19.0	
70.95	311.6	7.7	66.9	2.0	-213.6	2.8	243.5	258.2	852.2	-5992.4	11920.4	16.2	
71.00	315.0	7.6	63.3	2.0	-209.8	2.9	240.8	239.8	845.7	-5626.4	11834.5	7.6	
71.05	318.3	7.4	61.2	2.0	-206.8	3.0	243.8	221.0	843.5	-5283.1	11782.1	3.1	
71.10	321.7	7.6	60.0	2.0	-205.0	3.1	243.1	216.9	836.2	-4842.1	11832.0	0.9	
71.15	325.0	7.5	57.1	2.0	-201.9	3.2	242.9	194.4	819.1	-4189.6	11889.8	-5.8	
71.20	328.4	7.5	51.2	2.0	-198.2	3.3	250.0	162.4	812.7	-3343.1	11908.1	-22.4	
71.25	331.7	7.7	48.8	2.0	-194.4	3.4	252.7	144.1	820.7	-2734.1	11785.5	-27.0	
71.30	335.1	8.0	50.2	2.0	-190.2	3.5	240.4	136.3	817.2	-2695.3	11511.7	-17.8	
71.35	338.5	8.3	51.1	2.0	-187.1	3.6	223.4	132.2	798.4	-2713.5	11339.4	-11.6	
71.40	341.9	8.5	48.3	2.0	-186.7	3.7	220.2	121.7	788.8	-2479.7	11393.5	-21.1	
71.45	345.3	8.9	45.4	2.0	-186.7	3.8	229.7	105.4	799.3	-2242.8	11430.8	-30.9	
71.50	348.7	9.0	40.6	2.0	-185.4	3.9	237.5	91.8	809.4	-1890.1	11378.8	-46.1	
71.55	352.1	9.0	36.6	2.0	-181.5	4.0	228.4	69.9	799.0	-1362.6	11210.2	-55.8	
71.60	355.5	9.3	33.8	2.0	-174.1	4.1	210.7	32.4	786.4	-721.9	10792.3	-58.1	
71.65	358.9	9.2	31.9	2.0	-167.4	4.2	204.2	11.6	794.3	-162.6	10326.7	-57.9	
71.70	2.3	9.2	33.0	2.0	-161.7	4.3	199.7	4.8	808.7	146.6	9897.5	-48.6	
71.75	5.7	9.3	33.1	2.0	-158.2	4.4	191.4	-0.1	804.9	302.2	9656.3	-44.4	
71.80	9.1	9.3	31.0	2.0	-157.5	4.5	185.6	-4.3	795.8	376.4	9624.8	-51.1	
71.85	12.5	9.4	30.0	2.0	-157.7	4.6	188.0	-8.6	806.5	394.7	9621.8	-54.8	
71.90	16.0	9.4	30.6	2.0	-158.2	4.7	194.8	-19.9	831.9	656.0	9607.9	-53.1	
71.95	19.4	9.2	29.8	2.0	-161.6	4.8	202.0	-41.1	846.2	1215.3	9768.5	-59.3	
72.00	22.8	9.2	29.8	2.0	-167.3	4.9	207.8	-73.2	848.1	1908.7	10053.6	-65.1	
72.05	26.3	9.4	29.2	2.0	-173.5	5.0	216.6	-107.0	857.5	2612.8	10309.0	-73.4	
72.10	29.8	9.6	26.1	2.0	-178.5	5.1	224.6	-134.3	877.7	3228.0	10449.1	-88.7	
72.15	33.2	9.3	23.4	2.0	-181.5	5.2	226.1	-152.4	885.5	3601.0	10530.7	-101.1	
72.20	36.7	9.1	24.7	2.0	-181.8	5.3	218.6	-161.4	883.8	3791.0	10486.5	-97.0	
72.25	40.1	9.1	25.2	2.0	-179.3	5.4	208.5	-164.0	894.6	3945.4	10243.3	-92.8	
72.30	43.6	9.0	23.4	2.0	-175.5	5.5	201.9	-173.8	920.9	4258.5	9772.3	-95.1	
72.35	47.1	8.8	22.7	2.0	-172.9	5.6	197.6	-184.8	944.1	4662.5	9340.0	-94.9	
72.40	50.5	8.6	22.9	2.0	-174.1	5.7	189.1	-205.0	956.8	5262.0	9078.6	-95.5	
72.45	54.0	8.6	21.8	2.0	-179.4	5.8	187.6	-226.4	966.6	5981.6	9042.9	-104.7	
72.50	57.5	8.2	18.8	2.0	-185.4	5.9	193.2	-241.7	983.2	6669.0	9042.7	-120.7	
72.55	61.0	8.2	17.8	2.0	-189.2	6.0	195.5	-258.8	1001.6	7164.6	8951.2	-127.9	
72.60	64.4	8.4	16.0	2.0	-191.0	6.1	195.1	-269.3	1016.0	7387.1	8899.4	-136.1	
72.65	67.9	8.4	14.3	2.0	-190.6	6.2	188.2	-271.3	1025.1	7411.7	8840.6	-141.5	
72.70	71.4	8.3	15.0	2.0	-187.1	6.3	171.3	-270.5	1038.0	7323.5	8591.1	-135.7	
72.75	74.9	8.2	14.8	2.0	-183.8	6.4	162.1	-266.3	1060.9	7361.5	8239.2	-133.1	
72.80	78.4	8.3	16.4	2.0	-183.0	6.5	163.3	-273.4	1083.4	7467.7	8011.6	-126.5	
72.85	81.9	8.8	17.1	2.0	-185.1	6.6	163.0	-291.6	1099.6	7603.3	8024.0	-126.4	
72.90	85.4	9.2	16.8	2.0	-191.0	6.7	172.0	-300.0	1110.1	7764.5	8427.4	-133.5	
72.95	88.9	9.3	15.5	2.0	-195.6	6.8	184.8	-300.0	1121.4	7827.3	8801.4	-142.3	
73.00	92.4	9.3	14.8	2.0	-197.4	6.9	193.4	-299.4	1140.6	7867.7	8911.2	-146.7	
73.05	95.9	9.2	12.5	2.0	-198.1	7.0	201.1	-300.9	1165.5	7946.6	8861.3	-155.3	
73.10	99.4	9.0	10.8	2.0	-195.9	7.1	203.1	-296.7	1184.2	7787.0	8774.1	-158.9	
73.15	102.9	9.0	13.2	2.0	-188.7	7.2	188.6	-277.0	1196.0	7277.9	8573.2	-143.3	
73.20	106.4	9.0	17.1	2.0	-180.2	7.3	168.3	-253.4	1209.1	6744.9	8285.4	-121.5	
73.25	109.9	9.2	15.3	2.0	-175.9	7.4	164.2	-240.3	1227.2	6527.4	8075.6	-123.3	
73.30	113.5	9.5	11.6	2.0	-174.9	7.5	169.9	-247.2	1254.6	6565.1	7888.5	-135.1	
73.35	117.0	9.6	9.1	2.0	-173.3	7.6	175.0	-246.4	1277.5	6410.5	7822.4	-142.2	
73.40	120.5	9.7	7.3	2.0	-171.8	7.7	179.4	-237.3	1288.1	6096.2	7932.8	-146.8	
73.45	124.0	9.7	4.4	2.0	-171.6	7.8	182.8	-235.7	1296.0	5951.6	8010.4	-156.6	
73.50	127.6	9.6	0.9	2.0	-170.0	7.9	186.7	-233.5	1315.9	5909.7	7877.8	-166.9	
73.55	131.1	9.5	0.8	2.0	-164.2	8.0	186.0	-224.1	1338.8	5669.2	7510.2	-161.6	
73.60	134.6	9.4	2.6	2.0	-155.1	8.1	173.1	-201.1	1349.2	5211.1	7075.5	-146.0	
73.65	138.1	9.4	3.2	2.0	-145.4	8.2	148.2	-178.6	1351.6	4819.8	6570.6	-134.4	
73.70	141.6	9.6	5.4	2.0	-136.1	8.3	125.0	-169.3	1358.4	4504.7	5997.6	-117.4	
73.75	145.2	9.7	5.4	2.0	-128.8	8.4	115.6	-156.6	1374.9	4292.9	5506.0	-110.3	
73.80	148.7	9.6	2.4	2.0	-125.6	8.5	122.7	-134.1	1389.8	4216.0	5291.4	-117.3	
73.85	152.2	9.7	-1.5	2.0	-123.4	8.6	129.9	-123.8	1392.1	4025.9	5242.9	-128.7	
73.90	155.8	9.6	-4.1	2.0	-120.7	8.7	135.2	-117.1	1396.0	3733.6	5204.8	-134.7	
73.95	159.3	9.5	-4.5	2.0	-116.2	8.8	137.3	-103.4	1408.2	3392.4	5037.4	-131.6	
74.00	162.8	9.6	-3.9	2.0	-108.5	8.9	129.7	-91.4	1416.0	2962.5	4658.9	-121.9	
74.05	166.4	9.4	-6.4	2.0	-100.0	9.0	118.4	-69.8	1413.4	2471.6	4281.9	-122.1	
74.10	169.9	9.3	-11.2	2.0	-94.1	9.1	115.1	-41.3	1412.3	2027.6	4065.7	-132.4	
74.15	173.5	9.6	-15.3	2.0	-88.4	9.2	110.9	-36.6	1416.6	1581.8	3802.8	-141.0	
74.20	177.0	9.7	-16.0	2.0	-82.8	9.3	106.0	-31.7	1416.6	1090.9	3551.5	-137.8	
74.25	180.5	9.7	-16.5	2.0	-77.5	9.4	99.5	-0.8	1409.3	618.9	3296.8	-134.2	
74.30	184.0	9.6	-17.1	2.0	-69.9	9.5	81.3	20.1	1399.0	60.3	2830.7	-128.7	
74.35	187.6	9.2	-18.3	2.0	-64.8	9.6	67.1	44.4	1397.2	-532.8	2398.1	-127.5	
74.40	191.1	8.9	-17.4	2.0	-66.5	9.7	67.1	86.9	1405.2	-1172.1	2197.0	-126.1	
74.45	194.6	8.6	-11.6	2.0	-73.3	9.8	64.6	105.5	1404.3	-2069.9	2122.8	-113.2	
74.50	198.1	8.7	-11.8	2.0	-82.2	9.9	70.1	119.2	1393.6	-2749.6	2331.8	-122.9	
74.55	201.7	8.7	-17.8	2.0	-90.0	10.0	84.3	148.1	1387.9	-3121.7	2670.4	-151.1	
74.60	205.2	8.6	-18.4	2.0	-96.6	10.1	90.0	159.2	1389.4	-3607.3	2801.1	-159.7	
74.65	208.7	8.6	-20.1	2.0	-101.0	10.2	94.4	172.5	1386.9	-3916.6	2883.2	-169.8	
74.70	212.2	8.7	-24.9	2.0	-103.2	10.3	94.3	177.1	1371.2	-4052.6	2978.1	-188.7	
74.75	215.8	8.9	-26.4	2.0	-106.0	10.4	87.9	172.8	1348.6	-4355.2	2982.7	-196.7	
74.80	219.3	9.0	-27.0	2.0	-108.9	10.5	89.1	196.9	1340.3	-4616.7	2884.3	-201.6	
74.85	222.8	8.6	-25.3	2.0	-111.4	10.6	92.0	222.3	1341.0	-4883.9	2647.9	-198.3	
74.90	226.3	8.5	-18.1	2.0	-115.7	10.7	86.0	231.9	1328.0	-5362.1	2406.8	-177.9	
74.95	229.8	8.7	-13.0	2.0	-120.2	10.8	80.5	248.0	1304.0	-5730.0	2348.9	-164.9	
75.00	233.3	8.5	-11.8	2.0	-121.8	10.9	78.1	260.0	1291.1	-5876.0	2254.1	-162.4	
75.05	236.8	8.3	-10.0	2.0	-122.1	11.0	74.6	271.2	1286.5	-5973.4	1973.2	-156.4	
75.10	240.3	8.1	-7.9	2.0	-120.0	11.1	63.0	279.9	1275.4	-5926.3	1550.7	-147.2	
75.15	243.8	8.3	-6.3	2.0	-117.3	11.2	45.4	272.6	1252.0	-5854.6	1169.4	-139.1	
75.20	247.3	8.2	-7.0	2.0	-116.7	11.3	34.1	264.9	1228.0	-5883.1	989.3	-140.8	
75.25	250.8	8.1	-10.7	2.0	-117.9	11.4	36.3	276.0	1213.6	-5957.1	966.4	-154.6	
75.30	254.3	8.2	-11.8	2.0	-121.4	11.5	45.9	287.1	1202.7	-6190.2	1026.2	-161.9	
75.35	257.8	8.2	-12.1	2.0	-125.2	11.6	55.4	291.0	1185.9	-6458.1	1161.6	-166.6	
75.40	261.3	8.3	-15.1	2.0	-127.2	11.7	59.7	291.0	1166.5	-6599.2	1274.7	-179.1	
75.45	264.8	8.7	-16.4	2.0	-130.7	11.8	57.9	302.1	1147.3	-6849.9	1298.8	-187.1	
75.50	268.3	8.5	-14.4	2.0	-134.3	11.9	53.4	317.5	1125.8	-7115.7	1235.4	-183.6	
75.55	271.8	8.4	-14.8	2.0	-132.9	12.0	47.4	313.4	1105.7	-7063.1	1062.6	-183.9	
75.60	275.2	8.4	-19.5	2.0	-128.0	12.1	39.6	295.7	1085.9	-6796.8	805.7	-195.0	
75.65	278.7	8.6	-21.8	2.0	-126.4	12.2	27.9	295.5	1063.4	-6725.7	430.0	-201.3	
75.70	282.2	8.6	-17.8	2.0	-129.2	12.3	7.8	308.5	1041.4	-6938.6	-137.6	-190.5	
75.75	285.6	8.5	-13.1	2.0	-131.4	12.4	-11.3	307.7	1024.1	-7084.4	-698.7	-176.5	
75.80	289.1	8.6	-12.5	2.0	-130.6	12.5	-20.6	299.2	1007.3	-7013.5	-1087.9	-173.4	
75.85	292.6	8.8	-10.8	2.0	-131.4	12.6	-22.3	298.7	990.0	-7047.4	-1322.1	-168.5	
75.90	296.0	9.1	-9.5	2.0	-132.9	12.7	-21.5	303.6	974.7	-7129.2	-1500.7	-165.4	
75.95	299.5	9.4	-13.5	2.0	-130.5	12.8	-22.3	297.5	961.9	-6917.0	-1705.6	-176.9	
76.00	302.9	9.6	-19.5	2.0	-125.0	12.9	-33.4	269.2	946.8	-6489.8	-2045.1	-192.1	
76.05	306.4	9.7	-21.5	2.0	-121.1	13.0	-50.6	249.8	928.4	-6075.5	-2506.8	-194.8	
76.10	309.8	9.7	-19.2	2.0	-120.1	13.1	-66.9	250.8	910.1	-5761.0	-2999.3	-185.9	
76.15	313.3	10.1	-14.7	2.0	-121.0	13.2	-78.7	245.2	895.3	-5624.8	-3408.0	-171.3	
76.20	316.7	10.1	-16.0	2.0	-117.9	13.3	-80.0	229.7	882.2	-5253.2	-3644.1	-172.7	
76.25	320.1	9.9	-18.0	2.0	-113.6	13.4	-77.7	211.2	869.6	-4784.0	-3841.4	-175.5	
76.30	323.6	9.9	-10.9	2.0	-114.4	13.5	-82.8	194.6	856.7	-4622.1	-4199.0	-151.9	
76.35	327.0	9.8	-2.0	2.0	-117.0	13.6	-91.8	198.6	844.0	-4435.2	-4658.4	-123.8	
76.40	330.4	9.6	2.8	2.0	-117.8	13.7	-108.2	183.3	835.4	-3937.6	-5192.1	-108.1	
76.45	333.8	9.1	5.4	2.0	-117.4	13.8	-122.5	147.5	826.1	-3495.4	-5544.2	-98.9	
76.50	337.2	9.1	3.7	2.0	-113.5	13.9	-120.5	136.2	815.5	-3073.5	-5493.0	-100.8	
76.55	340.6	9.3	-0.2	2.0	-106.3	14.0	-112.2	123.6	802.6	-2593.9	-5189.3	-107.0	
76.60	344.0	9.5	-5.3	2.0	-96.8	14.1	-99.9	95.8	788.0	-2119.0	-4729.8	-114.9	
76.65	347.3	9.7	-10.4	2.0	-87.0	14.2	-79.3	85.1	781.6	-1605.7	-4210.6	-122.6	
76.70	350.7	10.0	-9.9	2.0	-80.7	14.3	-63.7	75.3	781.0	-1301.2	-3867.8	-114.7	
76.75	354.1	10.2	-7.4	2.0	-76.6	14.4	-55.9	52.7	773.8	-1017.7	-3702.2	-102.0	
76.80	357.4	10.3	-8.6	2.0	-75.4	14.5	-54.0	33.1	766.3	-442.1	-3768.1	-104.9	
76.85	0.7	10.3	-4.6	2.0	-81.3	14.6	-66.5	6.5	766.2	-18.9	-4236.8	-97.3	
76.90	4.1	10.3	3.7	2.0	-91.7	14.7	-90.3	-10.2	767.4	211.6	-4943.2	-78.9	
76.95	7.4	10.4	8.0	2.0	-100.5	14.8	-112.5	-17.2	757.2	539.2	-5532.3	-73.1	
77.00	10.8	10.1	9.6	2.0	-107.6	14.9	-130.0	-40.3	745.1	917.9	-5968.3	-74.8	
77.05	14.1	9.9	9.6	2.0	-112.2	15.0	-132.7	-60.4	747.2	1348.9	-6210.7	-79.3	
77.10	17.4	10.0	10.4	2.0	-116.6	15.1	-130.2	-70.5	760.5	1823.5	-6421.2	-80.8	
77.15	20.8	10.2	18.2	2.0	-119.4	15.2	-130.5	-83.1	763.5	2065.4	-6545.2	-56.8	
77.20	24.1	10.2	25.7	2.0	-120.6	15.3	-130.0	-93.9	759.5	2389.0	-6520.2	-32.6	
77.25	27.4	10.1	27.0	2.0	-121.4	15.4	-123.0	-106.6	765.3	2918.7	-6352.6	-28.8	
77.30	30.7	10.4	27.2	2.0	-121.4	15.5	-113.7	-126.4	775.5	3352.9	-6099.1	-28.0	
77.35	34.0	10.0	25.4	2.0	-120.5	15.6	-106.5	-139.6	776.0	3724.0	-5782.7	-33.3	
77.40	37.2	9.6	23.9	2.0	-123.8	15.7	-112.4	-160.1	771.9	4159.6	-5719.8	-41.8	
77.45	40.5	9.2	25.1	2.0	-130.5	15.8	-124.6	-185.8	773.9	4566.1	-5937.0	-44.4	
77.50	43.8	9.4	27.8	2.0	-136.4	15.9	-129.5	-194.3	786.0	4905.8	-6198.2	-41.1	
77.55	47.1	9.4	29.4	2.0	-140.2	16.0	-127.3	-198.5	799.4	5154.2	-6337.0	-39.2	
77.60	50.4	9.2	28.5	2.0	-141.3	16.1	-121.8	-211.8	807.8	5283.6	-6303.4	-43.5	
77.65	53.6	9.3	27.6	2.0	-141.8	16.2	-115.5	-223.4	815.4	5428.4	-6191.3	-47.2	
77.70	56.9	9.7	29.9	2.0	-141.9	16.3	-111.3	-229.2	822.7	5541.2	-6082.0	-39.4	
77.75	60.1	10.0	34.3	2.0	-144.6	16.4	-116.1	-233.0	831.5	5730.7	-6150.9	-26.7	
77.80	63.3	9.7	38.7	2.0	-150.1	16.5	-124.5	-236.1	839.6	6124.7	-6313.5	-17.1	
77.85	66.5	9.4	43.0	2.0	-156.9	16.6	-131.5	-256.0	847.0	6616.0	-6465.7	-9.2	
77.90	69.7	9.3	44.5	2.0	-162.3	16.7	-130.7	-274.4	854.5	7097.5	-6472.1	-9.7	
77.95	72.9	9.6	45.0	2.0	-165.6	16.8	-123.7	-284.5	865.3	7443.5	-6413.3	-11.1	
78.00	76.1	9.8	46.6	2.0	-166.2	16.9	-118.3	-288.0	878.2	7485.8	-6411.5	-6.2	
78.05	79.3	9.9	49.0	2.0	-164.3	17.0	-116.4	-274.5	888.9	7323.3	-6425.6	4.0	
78.10	82.5	9.8	48.4	2.0	-163.4	17.1	-115.1	-270.0	901.2	7207.2	-6464.3	2.6	
78.15	85.7	9.6	46.1	2.0	-164.9	17.2	-113.2	-284.3	914.9	7253.6	-6507.9	-6.5	
78.20	88.8	9.4	43.5	2.0	-164.6	17.3	-108.7	-289.2	925.9	7261.2	-6440.8	-15.3	
78.25	92.0	9.3	40.2	2.0	-164.8	17.4	-108.3	-289.5	935.5	7310.4	-6392.2	-26.7	
78.30	95.1	9.1	37.2	2.0	-166.5	17.5	-118.6	-298.0	941.2	7377.0	-6456.9	-38.8	
78.35	98.3	9.0	35.6	2.0	-168.0	17.6	-134.6	-297.6	944.7	7371.8	-6604.5	-45.7	
78.40	101.4	9.1	36.9	2.0	-167.0	17.7	-146.7	-280.9	949.7	7167.5	-6754.7	-40.3	
78.45	104.5	8.7	39.3	2.0	-164.3	17.8	-150.4	-265.6	957.0	6848.3	-6825.6	-29.4	
78.50	107.6	8.6	38.6	2.0	-161.7	17.9	-142.4	-254.6	968.3	6671.0	-6773.0	-29.1	
78.55	110.7	8.6	37.8	2.0	-158.6	18.0	-127.6	-245.4	982.6	6507.1	-6654.1	-28.9	
78.60	113.8	8.7	38.9	2.0	-154.6	18.1	-115.2	-238.7	996.2	6210.6	-6552.7	-21.2	
78.65	116.9	8.6	38.3	2.0	-152.2	18.2	-108.7	-228.8	1006.2	6004.3	-6524.7	-20.5	
78.70	120.0	8.6	36.5	2.0	-153.3	18.3	-110.6	-231.8	1013.8	5959.9	-6657.5	-28.1	
78.75	123.0	8.8	35.4	2.0	-157.7	18.4	-121.6	-242.0	1021.0	6011.8	-6990.8	-36.2	
78.80	126.1	9.0	35.9	2.0	-163.1	18.5	-139.9	-239.0	1026.8	6046.5	-7466.6	-39.9	
78.85	129.1	9.2	39.1	2.0	-166.0	18.6	-159.2	-230.0	1025.6	5847.0	-7894.3	-31.7	
78.90	132.2	9.2	40.8	2.0	-167.2	18.7	-169.5	-223.1	1024.3	5615.4	-8164.8	-27.0	
78.95	135.2	9.3	41.5	2.0	-165.7	18.8	-165.1	-209.1	1031.1	5349.1	-8250.0	-23.4	
79.00	138.2	9.4	46.4	2.0	-161.8	18.9	-155.7	-190.4	1040.6	4851.2	-8274.1	-2.4	
79.05	141.2	9.3	52.8	2.0	-158.7	19.0	-151.3	-163.8	1044.9	4332.3	-8363.8	22.5	
79.10	144.2	9.1	58.0	2.0	-158.1	19.1	-154.4	-137.3	1045.5	3988.9	-8542.5	41.0	
79.15	147.2	9.0	61.9	2.0	-158.9	19.2	-158.6	-127.2	1048.6	3738.3	-8722.9	53.6	
79.20	150.1	8.8	61.9	2.0	-159.9	19.3	-159.6	-122.7	1055.6	3665.3	-8841.6	52.5	
79.25	153.1	8.6	57.9	2.0	-160.9	19.4	-161.1	-125.2	1058.3	3648.7	-8919.6	37.8	
79.30	156.1	8.4	55.1	2.0	-161.2	19.5	-165.0	-123.1	1054.0	3498.1	-8997.7	27.9	
79.35	159.0	8.2	52.9	2.0	-159.8	19.6	-164.9	-104.5	1050.1	3213.6	-9026.9	22.0	
79.40	162.0	8.4	53.1	2.0	-156.4	19.7	-160.1	-87.8	1049.4	2728.7	-8955.4	25.9	
79.45	164.9	8.3	53.9	2.0	-151.8	19.8	-152.9	-71.5	1047.2	2107.9	-8809.3	33.2	
79.50	167.8	8.0	53.3	2.0	-147.7	19.9	-145.7	-50.2	1042.5	1464.0	-8673.0	35.3	
79.55	170.7	8.3	51.2	2.0	-146.3	20.0	-143.4	-31.1	1040.7	853.8	-8670.5	29.3	
79.60	173.6	8.7	52.4	2.0	-148.3	20.1	-148.9	-11.8	1043.5	356.4	-8845.8	31.5	
79.65	176.5	8.9	56.1	2.0	-151.8	20.2	-160.1	5.1	1040.8	8.7	-9087.8	40.6	
79.70	179.4	8.9	57.9	2.0	-153.7	20.3	-168.0	12.0	1028.7	-182.2	-9214.9	45.2	
79.75	182.3	8.8	54.2	2.0	-153.3	20.4	-166.5	15.7	1020.5	-265.2	-9192.4	32.6	
79.80	185.1	8.7	49.3	2.0	-151.4	20.5	-158.2	30.2	1018.9	-572.5	-9055.1	17.6	
79.85	188.0	8.8	47.4	2.0	-150.1	20.6	-152.8	53.4	1012.1	-1181.1	-8895.8	12.6	
79.90	190.8	8.7	49.0	2.0	-150.5	20.7	-153.5	78.0	999.6	-1785.2	-8806.3	17.6	
79.95	193.6	8.7	50.4	2.0	-151.8	20.8	-154.3	95.4	991.6	-2315.4	-8762.3	21.3	
80.00	196.4	9.0	48.8	2.0	-152.3	20.9	-149.2	109.9	991.5	-2779.1	-8651.8	15.2	
80.05	199.2	9.2	44.0	2.0	-151.1	21.0	-140.5	127.5	988.1	-3106.4	-8436.3	-0.1	
80.10	202.0	9.3	37.7	2.0	-149.4	21.1	-137.6	133.8	976.6	-3291.5	-8231.4	-19.9	
80.15	204.8	9.2	32.6	2.0	-147.6	21.2	-137.6	131.7	961.8	-3376.4	-8065.3	-35.6	
80.20	207.6	8.9	30.3	2.0	-146.6	21.3	-137.3	138.0	948.8	-3437.9	-7952.1	-42.7	
80.25	210.3	8.7	29.3	2.0	-146.4	21.4	-136.0	149.3	935.0	-3623.6	-7838.9	-45.8	
80.30	213.0	8.5	32.3	2.0	-147.2	21.5	-136.1	162.8	918.7	-3876.0	-7767.6	-36.4	
80.35	215.8	8.8	36.4	2.0	-148.1	21.6	-133.0	176.6	904.0	-4110.2	-7702.5	-23.0	
80.40	218.5	9.1	40.3	2.0	-148.8	21.7	-127.1	186.6	894.4	-4345.5	-7630.2	-10.4	
80.45	221.2	9.2	43.8	2.0	-149.2	21.8	-119.6	197.2	887.1	-4535.8	-7539.6	1.1	
80.50	223.9	9.3	46.5	2.0	-149.2	21.9	-115.1	208.6	875.4	-4655.2	-7452.7	10.3	
80.55	226.5	9.3	47.5	2.0	-149.0	22.0	-115.6	219.2	858.0	-4727.3	-7375.1	14.1	
80.60	229.2	9.3	47.9	2.0	-148.7	22.1	-116.9	226.2	840.8	-4789.8	-7293.8	15.7	
80.65	231.9	9.4	44.0	2.0	-147.9	22.2	-117.9	223.2	824.9	-4802.8	-7240.2	3.2	
80.70	234.5	9.4	40.2	2.0	-147.0	22.3	-119.6	216.1	806.2	-4800.7	-7190.2	-8.9	
80.75	237.2	9.5	39.2	2.0	-147.3	22.4	-121.4	218.5	785.2	-4935.2	-7141.2	-12.7	
80.80	239.8	9.8	39.8	2.0	-149.3	22.5	-120.6	235.4	768.0	-5247.6	-7061.3	-12.8	
80.85	242.4	10.0	39.8	2.0	-150.9	22.6	-116.7	250.3	757.1	-5571.7	-6936.7	-14.4	
80.90	245.1	10.3	38.5	2.0	-150.9	22.7	-109.7	254.3	744.5	-5855.0	-6710.8	-18.8	
80.95	247.7	10.1	37.6	2.0	-150.0	22.8	-100.0	259.0	726.2	-6123.7	-6384.0	-20.9	
81.00	250.2	10.1	36.2	2.0	-148.9	22.9	-90.3	266.9	708.5	-6320.9	-6074.8	-24.7	
81.05	252.8	10.2	33.0	2.0	-146.8	23.0	-80.9	271.4	693.7	-6347.3	-5824.6	-33.5	
81.10	255.3	10.2	30.0	2.0	-144.2	23.1	-76.2	269.4	676.3	-6263.4	-5653.1	-41.1	
81.15	257.9	10.2	27.9	2.0	-143.0	23.2	-77.4	268.0	653.9	-6313.8	-5490.7	-47.1	
81.20	260.4	10.3	26.0	2.0	-143.5	23.3	-79.2	273.3	632.2	-6541.5	-5282.8	-54.2	
81.25	262.9	10.5	23.1	2.0	-144.1	23.4	-75.8	284.0	616.1	-6765.6	-5038.9	-64.8	
81.30	265.4	10.8	21.8	2.0	-144.5	23.5	-69.0	289.9	601.5	-6984.4	-4781.7	-69.5	
81.35	267.9	11.0	21.9	2.0	-145.7	23.6	-62.6	296.4	585.7	-7227.7	-4577.5	-70.5	
81.40	270.4	10.9	22.2	2.0	-147.1	23.7	-57.2	303.6	569.3	-7441.0	-4425.5	-70.9	
81.45	272.9	10.9	20.8	2.0	-147.4	23.8	-52.4	300.7	555.9	-7545.2	-4338.7	-76.0	
81.50	275.4	10.9	17.6	2.0	-146.5	23.9	-50.5	293.4	542.6	-7514.7	-4318.0	-86.1	
81.55	277.8	10.7	16.0	2.0	-143.9	24.0	-53.6	281.6	525.4	-7328.5	-4336.9	-89.1	
81.60	280.3	10.6	15.8	2.0	-140.5	24.1	-60.6	270.4	504.8	-7057.6	-4375.2	-86.4	
81.65	282.7	10.6	17.2	2.0	-137.8	24.2	-67.4	270.9	485.1	-6773.6	-4450.6	-78.9	
81.70	285.1	10.7	20.4	2.0	-135.8	24.3	-72.6	271.1	468.1	-6532.4	-4547.7	-65.7	
81.75	287.5	11.1	24.5	2.0	-133.2	24.4	-75.1	260.7	452.8	-6270.1	-4652.0	-49.2	
81.80	289.9	11.3	28.6	2.0	-130.3	24.5	-73.4	252.3	438.1	-5951.9	-4756.8	-32.0	
81.85	292.3	11.3	33.5	2.0	-129.0	24.6	-69.6	250.5	425.4	-5719.8	-4919.7	-14.1	
81.90	294.7	11.1	40.4	2.0	-130.3	24.7	-69.4	252.8	413.7	-5618.9	-5178.4	8.5	
81.95	297.1	10.8	46.6	2.0	-132.3	24.8	-76.1	253.5	400.3	-5535.1	-5486.9	27.6	
82.00	299.4	10.5	50.5	2.0	-133.4	24.9	-89.1	241.9	382.8	-5397.0	-5785.4	39.8	
82.05	301.8	10.4	49.4	2.0	-133.2	25.0	-102.9	223.3	363.8	-5094.4	-6103.5	36.3	
82.10	304.1	10.4	47.2	2.0	-133.6	25.1	-115.7	209.2	347.5	-4690.9	-6494.3	28.3	
82.15	306.4	10.6	48.5	2.0	-135.5	25.2	-127.4	198.9	332.3	-4400.6	-6890.1	31.0	
82.20	308.7	10.6	51.0	2.0	-136.9	25.3	-134.6	191.5	314.8	-4219.4	-7153.1	38.3	
82.25	311.0	10.6	53.1	2.0	-137.1	25.4	-135.9	185.6	297.0	-4157.9	-7236.4	45.1	
82.30	313.3	10.6	55.7	2.0	-136.9	25.5	-128.5	186.5	282.8	-4325.3	-7137.1	54.3	
82.35	315.6	10.6	60.3	2.0	-136.6	25.6	-116.1	199.4	270.9	-4621.6	-6922.1	70.3	
82.40	317.8	10.7	61.9	2.0	-135.2	25.7	-105.9	205.7	258.2	-4818.6	-6668.7	77.1	
82.45	320.1	10.9	58.9	2.0	-132.4	25.8	-101.4	196.2	245.2	-4789.4	-6472.1	69.8	
82.50	322.3	11.1	52.1	2.0	-129.3	25.9	-100.9	182.2	233.9	-4593.4	-6387.7	49.4	
82.55	324.5	11.2	45.2	2.0	-127.5	26.0	-104.7	167.9	223.1	-4382.4	-6414.0	27.7	
82.60	326.8	10.8	39.9	2.0	-126.2	26.1	-111.1	150.1	210.1	-4177.7	-6478.1	10.7	
82.65	329.0	10.8	35.4	2.0	-125.1	26.2	-115.7	135.4	198.4	-3996.9	-6534.9	-3.7	
82.70	331.2	10.9	33.3	2.0	-124.2	26.3	-113.8	129.1	191.8	-3952.3	-6509.3	-9.8	
82.75	333.4	11.1	34.0	2.0	-123.0	26.4	-106.4	131.2	186.1	-4071.6	-6344.8	-6.4	
82.80	335.5	10.9	36.2	2.0	-121.2	26.5	-99.0	134.8	177.3	-4239.7	-6087.9	3.1	
82.85	337.7	10.7	38.2	2.0	-118.8	26.6	-94.0	133.3	168.9	-4280.9	-5855.3	12.2	
82.90	339.9	10.6	39.5	2.0	-115.8	26.7	-91.3	126.8	164.6	-4106.5	-5724.7	19.8	
82.95	342.0	10.8	40.8	2.0	-112.8	26.8	-91.8	119.8	162.6	-3730.5	-5727.7	27.4	
83.00	344.1	10.9	40.5	2.0	-109.7	26.9	-95.9	109.2	156.2	-3245.4	-5776.5	29.2	
83.05	346.2	11.1	40.2	2.0	-106.0	27.0	-100.7	89.0	147.4	-2669.4	-5802.8	32.0	
83.10	348.4	10.9	37.1	2.0	-102.5	27.1	-101.6	63.9	143.9	-2062.9	-5804.8	25.0	
83.15	350.5	10.8	35.4	2.0	-99.4	27.2	-97.9	43.8	143.4	-1599.6	-5747.8	22.0	
83.20	352.6	10.8	37.2	2.0	-96.9	27.3	-94.3	35.6	137.5	-1324.8	-5646.1	30.8	
83.25	354.7	10.9	40.2	2.0	-94.1	27.4	-90.8	31.4	127.5	-1059.6	-5508.8	44.1	
83.30	356.8	10.9	41.6	2.0	-92.4	27.5	-88.5	18.6	123.8	-694.2	-5459.3	50.4	
83.35	358.8	10.9	42.7	2.0	-92.8	27.6	-89.0	1.3	125.8	-244.9	-5528.1	53.7	
83.40	0.8	10.9	43.6	2.0	-94.4	27.7	-94.0	-14.1	121.7	247.0	-5638.2	55.2	
83.45	2.9	10.9	44.0	2.0	-96.2	27.8	-100.5	-32.0	110.8	777.4	-5703.9	54.9	
83.50	4.9	10.7	45.0	2.0	-98.3	27.9	-103.1	-51.1	104.8	1377.7	-5727.0	56.1	
83.55	6.9	10.8	45.8	2.0	-99.5	28.0	-99.2	-64.8	105.3	1893.6	-5660.0	57.8	
83.60	8.9	11.0	47.4	2.0	-98.4	28.1	-93.9	-72.1	101.8	2145.1	-5486.3	64.2	
83.65	10.9	11.1	48.8	2.0	-95.9	28.2	-90.5	-75.6	92.8	2210.8	-5262.8	71.7	
83.70	12.9	11.4	48.1	2.0	-93.7	28.3	-87.4	-79.4	89.2	2216.5	-5086.9	71.5	
83.75	14.9	11.6	46.3	2.0	-92.7	28.4	-83.0	-85.4	94.5	2260.0	-4972.8	66.3	
83.80	16.9	11.8	43.9	2.0	-92.4	28.5	-79.4	-92.9	98.2	2388.7	-4873.1	58.3	
83.85	18.8	11.4	40.0	2.0	-92.2	28.6	-77.7	-105.8	94.5	2583.0	-4726.3	45.2	
83.90	20.8	11.2	34.1	2.0	-92.2	28.7	-76.2	-123.9	90.5	2836.3	-4536.6	24.7	
83.95	22.8	11.1	27.1	2.0	-92.1	28.8	-70.4	-140.8	91.2	3123.7	-4287.1	0.8	
84.00	24.7	11.2	22.4	2.0	-91.5	28.9	-63.2	-155.5	91.3	3341.1	-4020.0	-14.4	
84.05	26.6	11.4	21.5	2.0	-90.0	29.0	-59.2	-160.5	87.8	3401.3	-3810.7	-16.3	
84.10	28.6	11.5	23.1	2.0	-87.6	29.1	-57.2	-154.8	85.4	3324.8	-3664.7	-8.3	
84.15	30.5	11.1	24.4	2.0	-84.7	29.2	-53.1	-146.6	88.5	3187.4	-3523.1	-1.0	
84.20	32.4	10.8	24.7	2.0	-82.5	29.3	-46.4	-143.8	94.5	3109.8	-3379.0	2.4	
84.25	34.3	10.6	24.9	2.0	-82.2	29.4	-40.7	-147.5	99.1	3153.0	-3297.1	3.3	
84.30	36.2	10.3	25.3	2.0	-84.2	29.5	-38.6	-157.1	101.8	3319.4	-3313.0	2.7	
84.35	38.0	10.3	25.1	2.0	-88.4	29.6	-39.7	-168.9	104.4	3614.3	-3408.3	-2.1	
84.40	39.9	10.3	24.7	2.0	-93.5	29.7	-44.7	-181.0	107.2	3930.5	-3573.2	-8.6	
84.45	41.8	10.1	25.5	2.0	-98.3	29.8	-53.8	-193.6	109.4	4149.1	-3815.4	-10.6	
84.50	43.6	10.0	27.1	2.0	-102.4	29.9	-63.5	-202.5	111.4	4271.1	-4083.8	-9.5	
84.55	45.5	10.0	30.0	2.0	-105.1	30.0	-70.3	-207.5	114.9	4324.2	-4294.0	-2.0	
84.60	47.3	10.3	32.3	2.0	-106.7	30.1	-71.0	-208.7	120.0	4399.5	-4373.0	4.3	
84.65	49.1	10.6	33.4	2.0	-107.5	30.2	-66.9	-208.0	125.3	4526.9	-4339.1	7.2	
84.70	51.0	10.7	35.2	2.0	-109.4	30.3	-61.5	-216.2	130.7	4711.7	-4317.3	11.3	
84.75	52.8	10.9	37.5	2.0	-113.6	30.4	-60.0	-229.7	137.1	4984.8	-4422.6	15.2	
84.80	54.6	10.6	39.7	2.0	-119.4	30.5	-65.4	-240.8	142.6	5313.6	-4648.7	16.9	
84.85	56.3	10.4	43.9	2.0	-124.6	30.6	-75.5	-246.8	144.5	5573.4	-4912.4	26.0	
84.90	58.1	10.3	48.2	2.0	-129.2	30.7	-86.2	-249.2	145.7	5768.3	-5195.7	36.4	
84.95	59.9	10.4	51.4	2.0	-133.2	30.8	-92.3	-251.9	149.9	5929.4	-5445.5	43.2	
85.00	61.7	10.5	54.0	2.0	-136.1	30.9	-93.6	-259.7	156.2	6034.2	-5610.2	49.2	
85.05	63.4	10.6	54.6	2.0	-137.3	31.0	-94.1	-262.3	161.1	6066.7	-5694.0	50.0	
85.10	65.2	10.3	55.2	2.0	-137.6	31.1	-93.9	-260.9	164.0	6090.1	-5705.9	51.7	
85.15	66.9	10.2	56.9	2.0	-138.6	31.2	-93.8	-264.1	169.3	6116.9	-5766.6	56.8	
85.20	68.7	10.5	57.4	2.0	-140.1	31.3	-93.0	-265.8	177.3	6181.7	-5843.8	57.1	
85.25	70.4	10.4	56.3	2.0	-140.6	31.4	-92.1	-269.0	183.5	6249.4	-5818.2	52.6	
85.30	72.2	10.6	54.2	2.0	-139.5	31.5	-89.8	-275.7	185.1	6291.6	-5619.2	46.4	
85.35	73.9	10.9	51.0	2.0	-137.9	31.6	-86.9	-280.6	185.8	6352.1	-5348.9	37.0	
85.40	75.6	10.6	47.5	2.0	-135.7	31.7	-81.4	-282.4	188.9	6362.7	-5066.1	27.5	
85.45	77.3	10.6	44.9	2.0	-133.9	31.8	-75.3	-281.4	195.4	6371.5	-4834.1	20.2	
85.50	79.0	10.9	42.7	2.0	-132.1	31.9	-70.3	-279.0	201.0	6386.8	-4598.9	14.4	
85.55	80.6	10.9	39.9	2.0	-130.1	32.0	-66.1	-280.2	205.1	6373.6	-4346.6	6.8	
85.60	82.3	10.9	37.2	2.0	-128.1	32.1	-59.3	-281.7	211.4	6349.0	-4097.6	-0.3	
85.65	84.0	10.9	36.1	2.0	-126.3	32.2	-50.6	-281.4	221.5	6318.3	-3892.4	-2.4	
85.70	85.6	10.8	34.1	2.0	-124.5	32.3	-41.9	-281.1	231.3	6281.7	-3682.4	-7.4	
85.75	87.2	10.6	32.6	2.0	-122.8	32.4	-38.9	-279.2	236.5	6258.1	-3470.8	-11.1	
85.80	88.9	10.4	31.0	2.0	-121.7	32.5	-40.0	-278.1	238.9	6263.6	-3282.5	-15.2	
85.85	90.5	10.3	30.0	2.0	-122.2	32.6	-41.4	-280.3	244.1	6346.2	-3174.6	-19.3	
85.90	92.1	10.3	28.8	2.0	-123.8	32.7	-40.7	-283.5	252.6	6491.5	-3127.3	-24.9	
85.95	93.7	10.4	28.9	2.0	-124.9	32.8	-39.9	-285.2	260.7	6597.6	-3074.2	-25.6	
86.00	95.3	10.6	28.2	2.0	-125.0	32.9	-39.0	-284.8	266.7	6657.7	-2950.1	-28.2	
86.05	96.8	10.5	27.9	2.0	-124.1	33.0	-36.9	-282.3	271.5	6658.3	-2780.3	-28.5	
86.10	98.4	10.3	27.1	2.0	-122.6	33.1	-31.7	-279.8	277.9	6607.8	-2624.5	-29.5	
86.15	100.0	10.1	27.3	2.0	-121.8	33.2	-27.0	-278.6	285.4	6570.8	-2549.1	-28.1	
86.20	101.6	10.2	26.5	2.0	-121.9	33.3	-25.8	-279.9	290.3	6580.9	-2519.1	-31.0	
86.25	103.2	10.1	25.6	2.0	-123.2	33.4	-28.4	-283.5	291.6	6675.7	-2516.6	-35.5	
86.30	104.7	9.9	25.4	2.0	-125.4	33.5	-32.9	-287.9	293.0	6808.8	-2578.9	-38.1	
86.35	106.3	9.9	25.5	2.0	-127.7	33.6	-36.1	-291.6	297.1	6939.8	-2686.9	-40.3	
86.40	107.8	9.9	25.8	2.0	-129.7	33.7	-37.3	-293.4	303.1	7054.3	-2789.1	-41.3	
86.45	109.3	10.0	26.9	2.0	-130.4	33.8	-37.9	-292.8	307.3	7096.2	-2812.0	-38.1	
86.50	110.9	10.3	27.8	2.0	-129.3	33.9	-37.1	-288.4	308.3	7045.3	-2743.9	-33.9	
86.55	112.4	10.5	29.6	2.0	-127.0	34.0	-35.2	-279.3	310.9	6902.8	-2711.1	-25.5	
86.60	113.9	10.6	31.6	2.0	-124.0	34.1	-33.1	-268.7	316.3	6666.7	-2764.2	-15.6	
86.65	115.4	10.7	32.7	2.0	-121.2	34.2	-33.8	-258.6	321.5	6419.7	-2864.7	-9.0	
86.70	116.9	10.7	32.6	2.0	-119.4	34.3	-37.9	-252.2	324.0	6241.8	-2961.4	-7.4	
86.75	118.4	10.9	32.0	2.0	-118.8	34.4	-43.2	-252.0	326.5	6138.3	-3061.2	-8.9	
86.80	119.9	11.1	30.9	2.0	-118.8	34.5	-46.5	-252.1	332.6	6063.1	-3185.9	-12.9	
86.85	121.3	11.2	29.3	2.0	-118.7	34.6	-47.8	-252.0	341.1	5979.3	-3313.9	-18.2	
86.90	122.8	11.2	27.5	2.0	-117.8	34.7	-49.6	-252.1	346.7	5855.6	-3384.2	-23.2	
86.95	124.3	11.2	26.6	2.0	-115.8	34.8	-52.4	-248.9	348.6	5690.2	-3376.1	-24.5	
87.00	125.7	11.5	26.6	2.0	-112.3	34.9	-51.3	-240.3	350.6	5460.7	-3293.1	-21.0	
87.05	127.1	11.7	27.2	2.0	-107.7	35.0	-43.7	-227.8	355.9	5178.3	-3158.0	-14.4	
87.10	128.6	11.9	26.9	2.0	-103.1	35.1	-33.8	-214.8	363.2	4910.7	-2995.4	-10.9	
87.15	130.0	11.9	25.9	2.0	-99.0	35.2	-26.6	-206.6	368.6	4688.0	-2813.5	-10.1	
87.20	131.4	11.8	25.1	2.0	-95.9	35.3	-23.7	-203.0	371.8	4514.5	-2658.3	-9.7	
87.25	132.8	11.5	24.3	2.0	-93.9	35.4	-23.2	-199.5	376.2	4381.3	-2606.3	-10.6	
87.30	134.2	11.3	23.7	2.0	-92.8	35.5	-24.8	-194.3	383.0	4242.9	-2683.4	-11.3	
87.35	135.6	11.2	22.2	2.0	-91.6	35.6	-28.1	-189.4	387.4	4081.5	-2781.6	-15.3	
87.40	137.0	11.1	20.1	2.0	-90.4	35.7	-35.1	-186.4	387.1	3921.7	-2862.8	-21.4	
87.45	138.4	10.7	19.4	2.0	-89.0	35.8	-40.4	-185.4	384.8	3768.7	-2886.9	-22.2	
87.50	139.8	10.6	18.9	2.0	-87.5	35.9	-41.2	-180.9	387.3	3621.4	-2910.5	-22.4	
87.55	141.2	10.4	19.0	2.0	-85.6	36.0	-38.5	-168.6	393.5	3457.0	-2930.0	-20.4	
87.60	142.6	10.3	19.9	2.0	-82.9	36.1	-34.3	-157.6	397.3	3294.3	-2853.0	-14.6	
87.65	143.9	10.4	21.2	2.0	-80.6	36.2	-31.5	-153.1	398.9	3210.2	-2712.4	-7.9	
87.70	145.3	10.6	21.7	2.0	-79.4	36.3	-28.1	-152.5	402.1	3220.0	-2560.4	-4.9	
87.75	146.6	10.6	22.2	2.0	-78.5	36.4	-23.3	-149.7	407.0	3237.8	-2426.6	-2.4	
87.80	147.9	10.9	22.5	2.0	-77.7	36.5	-20.0	-143.9	409.4	3256.9	-2329.4	-0.6	
87.85	149.3	11.2	22.1	2.0	-78.0	36.6	-21.3	-140.5	408.9	3329.0	-2283.4	-2.1	
87.90	150.6	10.9	21.5	2.0	-79.0	36.7	-24.5	-143.4	409.6	3419.9	-2264.9	-5.1	
87.95	151.9	10.7	20.5	2.0	-79.0	36.8	-24.8	-146.2	413.0	3436.3	-2222.1	-8.6	
88.00	153.3	10.6	19.8	2.0	-77.3	36.9	-22.8	-140.7	416.1	3348.1	-2150.1	-9.3	
88.05	154.6	10.6	19.1	2.0	-74.5	37.0	-18.9	-131.6	417.4	3219.8	-2010.1	-8.9	
88.10	155.9	10.4	18.2	2.0	-71.6	37.1	-12.4	-125.0	419.0	3112.2	-1794.3	-9.2	
88.15	157.2	10.4	17.4	2.0	-68.8	37.2	-5.1	-119.6	422.2	3013.0	-1566.9	-8.9	
88.20	158.5	10.4	16.5	2.0	-65.6	37.3	0.7	-112.7	424.2	2864.7	-1371.2	-8.9	
88.25	159.7	10.7	15.1	2.0	-62.2	37.4	3.3	-104.3	422.9	2678.3	-1222.8	-10.2	
88.30	161.0	10.9	13.8	2.0	-59.6	37.5	2.6	-95.7	421.2	2522.4	-1140.0	-12.3	
88.35	162.3	11.0	12.7	2.0	-57.4	37.6	2.0	-89.1	422.1	2389.6	-1076.5	-13.9	
88.40	163.6	11.2	11.6	2.0	-54.6	37.7	3.1	-84.1	423.0	2213.8	-990.1	-14.7	
88.45	164.9	11.4	9.4	2.0	-50.9	37.8	5.2	-76.1	422.1	1985.4	-881.6	-18.5	
88.50	166.1	11.6	6.4	2.0	-46.4	37.9	9.0	-66.4	421.4	1696.8	-747.4	-24.4	
88.55	167.4	11.7	4.1	2.0	-41.6	38.0	14.7	-59.6	422.9	1387.4	-586.1	-27.4	
88.60	168.7	11.7	2.3	2.0	-37.3	38.1	20.1	-53.5	424.4	1115.4	-430.0	-29.3	
88.65	169.9	11.4	0.7	2.0	-33.9	38.2	23.4	-45.9	423.4	899.9	-302.1	-31.4	
88.70	171.2	11.7	-1.2	2.0	-31.1	38.3	25.3	-38.5	420.8	728.6	-214.6	-35.3	
88.75	172.4	11.9	-2.6	2.0	-29.5	38.4	25.3	-34.2	420.3	618.7	-204.5	-38.3	
88.80	173.7	11.8	-2.9	2.0	-29.2	38.5	23.0	-33.4	421.4	570.1	-275.2	-39.3	
88.85	174.9	11.8	-2.7	2.0	-29.5	38.6	19.4	-32.9	420.0	544.5	-377.5	-38.9	
88.90	176.1	11.9	-2.1	2.0	-29.5	38.7	16.3	-26.7	417.0	481.3	-487.4	-36.6	
88.95	177.3	12.3	-0.4	2.0	-29.1	38.8	15.9	-16.9	416.4	342.9	-585.5	-30.3	
89.00	178.5	12.3	1.9	2.0	-29.3	38.9	16.7	-8.3	418.3	163.0	-686.1	-22.9	
89.05	179.7	12.3	4.4	2.0	-30.6	39.0	15.6	-2.8	418.4	1.0	-814.0	-15.4	
89.10	180.9	12.3	7.2	2.0	-32.9	39.1	11.1	-0.0	415.3	-138.9	-990.0	-8.2	
89.15	182.1	12.0	9.9	2.0	-36.1	39.2	4.4	6.0	412.8	-226.8	-1236.3	-2.1	
89.20	183.3	11.9	12.7	2.0	-40.1	39.3	-2.5	15.2	412.2	-266.4	-1512.2	3.5	
89.25	184.5	11.9	14.8	2.0	-43.1	39.4	-8.2	18.1	410.6	-275.9	-1728.7	7.8	
89.30	185.6	11.9	15.4	2.0	-44.6	39.5	-12.4	16.5	407.0	-244.1	-1849.8	8.2	
89.35	186.8	11.9	14.7	2.0	-44.5	39.6	-12.8	16.0	402.7	-240.5	-1844.9	6.1	
89.40	187.9	11.8	14.6	2.0	-43.1	39.7	-8.3	21.4	399.7	-352.8	-1719.2	6.9	
89.45	189.1	11.7	15.4	2.0	-42.0	39.8	-1.6	33.9	398.0	-526.1	-1552.6	11.0	
89.50	190.2	11.7	16.5	2.0	-41.4	39.9	4.2	45.4	396.3	-716.6	-1386.1	15.4	
89.55	191.4	11.8	17.0	2.0	-41.5	40.0	8.1	51.6	393.3	-944.2	-1224.5	17.0	
89.60	192.5	11.6	16.1	2.0	-42.6	40.1	9.3	57.7	389.8	-1187.5	-1096.6	12.5	
89.65	193.6	11.5	14.0	2.0	-44.3	40.2	9.9	64.9	387.8	-1412.8	-992.8	3.9	
89.70	194.8	11.3	11.8	2.0	-45.6	40.3	11.0	67.8	386.3	-1584.3	-891.8	-5.1	
89.75	195.9	11.3	9.6	2.0	-46.6	40.4	10.7	70.8	383.1	-1703.6	-807.8	-13.7	
89.80	197.0	11.4	7.7	2.0	-48.5	40.5	9.5	75.8	378.3	-1888.6	-717.3	-22.1	
89.85	198.1	11.6	7.2	2.0	-52.0	40.6	10.5	82.7	376.0	-2185.8	-594.2	-27.1	
89.90	199.2	11.9	8.1	2.0	-56.0	40.7	12.9	92.4	376.2	-2495.8	-462.3	-28.2	
89.95	200.3	12.0	9.3	2.0	-59.6	40.8	17.4	102.2	375.3	-2768.0	-282.5	-27.6	
90.00	201.4	12.0	10.7	2.0	-62.9	40.9	24.0	111.9	372.2	-3000.8	-44.9	-26.0	
90.05	202.5	12.0	11.5	2.0	-65.4	41.0	30.5	121.2	370.6	-3156.9	169.5	-26.0	
90.10	203.6	12.1	10.7	2.0	-66.7	41.1	35.2	125.1	370.4	-3228.6	313.2	-29.7	
90.15	204.7	12.1	9.4	2.0	-66.7	41.2	36.7	123.1	368.1	-3231.5	377.8	-34.4	
90.20	205.7	12.1	8.1	2.0	-65.8	41.3	34.5	120.5	364.0	-3181.4	351.6	-38.1	
90.25	206.8	11.9	7.7	2.0	-65.1	41.4	31.9	121.1	360.1	-3134.8	275.2	-38.7	
90.30	207.9	11.9	8.4	2.0	-65.4	41.5	29.9	124.9	356.8	-3156.9	191.1	-36.7	
90.35	208.9	12.1	9.7	2.0	-66.4	41.6	27.8	129.5	352.6	-3230.3	109.0	-33.0	
90.40	210.0	12.2	11.5	2.0	-67.6	41.7	26.1	133.3	347.7	-3316.5	26.4	-28.1	
90.45	211.0	12.1	14.1	2.0	-69.1	41.8	26.2	136.7	344.2	-3420.4	-51.0	-20.7	
90.50	212.1	11.9	16.8	2.0	-70.5	41.9	26.2	144.1	342.2	-3508.8	-150.5	-13.0	
90.55	213.1	11.8	19.5	2.0	-71.9	42.0	24.0	152.2	339.3	-3583.4	-279.4	-5.0	
90.60	214.2	11.8	21.9	2.0	-72.8	42.1	19.8	154.8	334.9	-3635.7	-431.7	2.2	
90.65	215.2	11.7	22.6	2.0	-72.9	42.2	13.4	154.4	330.2	-3625.4	-619.6	4.6	
90.70	216.2	11.4	23.1	2.0	-72.9	42.3	8.0	154.0	325.7	-3600.2	-779.1	6.3	
90.75	217.3	11.2	23.6	2.0	-73.2	42.4	5.1	155.4	320.7	-3601.0	-863.9	7.7	
90.80	218.3	11.0	23.6	2.0	-73.0	42.5	4.0	157.2	314.9	-3577.3	-894.2	8.0	
90.85	219.3	10.9	23.4	2.0	-72.4	42.6	5.3	156.7	310.4	-3538.5	-882.7	7.9	
90.90	220.3	10.8	24.1	2.0	-72.6	42.7	9.3	155.8	307.9	-3570.3	-820.0	10.3	
90.95	221.3	10.8	25.1	2.0	-73.7	42.8	13.8	160.7	306.2	-3667.3	-717.0	12.3	
91.00	222.3	10.8	25.7	2.0	-75.2	42.9	18.4	166.7	303.3	-3787.3	-572.0	13.2	
91.05	223.3	11.0	25.4	2.0	-76.0	43.0	21.9	168.5	298.6	-3866.7	-425.2	11.2	
91.10	224.3	11.1	24.1	2.0	-76.3	43.1	23.0	170.5	293.5	-3894.3	-338.1	6.5	
91.15	225.3	11.1	23.4	2.0	-77.2	43.2	23.4	172.6	289.0	-3962.2	-279.6	3.1	
91.20	226.2	10.9	23.0	2.0	-78.8	43.3	22.6	175.7	284.3	-4084.0	-228.0	0.2	
91.25	227.2	10.6	22.1	2.0	-80.4	43.4	19.4	180.7	278.8	-4196.2	-198.0	-4.6	
91.30	228.2	10.5	21.6	2.0	-82.2	43.5	17.6	185.3	273.5	-4329.8	-144.9	-7.9	
91.35	229.1	10.6	22.5	2.0	-85.1	43.6	19.7	191.8	270.1	-4533.2	-43.7	-7.8	
91.40	230.1	10.5	23.8	2.0	-88.6	43.7	23.5	202.6	268.4	-4764.4	79.3	-6.8	
91.45	231.0	10.5	24.4	2.0	-91.9	43.8	28.4	210.3	265.5	-4985.1	249.6	-8.2	
91.50	231.9	10.4	24.4	2.0	-94.2	43.9	32.6	212.2	260.1	-5145.9	435.1	-10.3	
91.55	232.9	10.9	23.4	2.0	-95.2	44.0	34.4	214.5	254.1	-5211.3	550.0	-14.9	
91.60	233.8	11.0	23.0	2.0	-96.1	44.1	35.6	217.9	249.6	-5264.1	600.7	-17.3	
91.65	234.7	10.7	22.9	2.0	-96.8	44.2	35.6	219.6	245.8	-5318.2	611.4	-18.2	
91.70	235.6	10.4	21.6	2.0	-96.8	44.3	31.8	221.0	240.6	-5324.0	581.7	-22.7	
91.75	236.6	10.4	20.5	2.0	-97.2	44.4	28.4	220.9	234.5	-5358.8	572.2	-26.8	
91.80	237.5	10.6	21.2	2.0	-98.7	44.5	28.4	222.5	229.9	-5468.8	590.5	-25.9	
91.85	238.4	10.7	22.7	2.0	-100.6	44.6	29.9	229.9	227.5	-5592.0	581.4	-22.6	
91.90	239.3	10.7	24.2	2.0	-102.1	44.7	31.8	234.8	224.4	-5696.8	564.9	-19.0	
91.95	240.2	10.6	25.5	2.0	-103.0	44.8	31.5	235.4	219.0	-5774.9	510.9	-15.6	
92.00	241.1	10.3	26.5	2.0	-103.3	44.9	28.2	236.6	213.3	-5809.1	369.6	-12.4	
92.05	242.0	10.1	28.1	2.0	-103.6	45.0	24.8	238.5	210.1	-5842.2	175.2	-7.0	
92.10	242.9	10.0	30.0	2.0	-103.8	45.1	21.4	239.2	207.6	-5856.9	-23.5	-0.9	
92.15	243.8	10.0	30.8	2.0	-103.2	45.2	16.2	238.9	202.7	-5812.1	-209.7	2.5	
92.20	244.7	10.0	31.0	2.0	-102.2	45.3	11.3	236.3	196.9	-5742.0	-356.7	4.2	
92.25	245.6	10.0	32.1	2.0	-101.7	45.4	9.4	234.5	192.6	-5706.4	-460.3	8.4	
92.30	246.5	10.2	33.6	2.0	-101.8	45.5	9.4	237.1	189.5	-5701.9	-544.2	13.4	
92.35	247.3	10.3	34.7	2.0	-101.9	45.6	9.8	239.7	184.9	-5705.0	-597.9	17.2	
92.40	248.2	10.3	35.8	2.0	-102.0	45.7	10.3	238.8	179.0	-5716.9	-610.6	20.8	
92.45	249.1	10.4	36.4	2.0	-102.2	45.8	10.7	239.1	173.1	-5732.2	-615.2	22.6	
92.50	249.9	10.5	37.2	2.0	-103.1	45.9	11.9	242.9	168.8	-5792.1	-606.3	24.7	
92.55	250.8	10.4	37.8	2.0	-104.2	46.0	14.1	245.1	164.7	-5884.4	-554.9	25.5	
92.60	251.6	10.3	36.9	2.0	-104.7	46.1	14.0	245.3	159.0	-5926.7	-511.4	21.8	
92.65	252.5	10.5	34.9	2.0	-104.7	46.2	12.8	244.1	153.0	-5940.0	-468.7	14.9	
92.70	253.3	10.6	33.9	2.0	-105.7	46.3	13.1	245.4	147.4	-6020.3	-385.6	10.8	
92.75	254.2	10.5	33.9	2.0	-107.4	46.4	14.4	251.6	141.9	-6143.7	-271.5	8.9	
92.80	255.0	10.4	33.1	2.0	-108.7	46.5	16.4	256.4	136.1	-6235.1	-124.3	4.9	
92.85	255.8	10.4	31.6	2.0	-109.3	46.6	20.3	255.5	130.7	-6287.1	62.3	-0.7	
92.90	256.7	10.5	30.7	2.0	-110.0	46.7	25.0	255.5	126.6	-6337.5	250.0	-4.5	
92.95	257.5	10.3	31.0	2.0	-111.3	46.8	29.9	259.7	123.4	-6412.3	421.5	-4.7	
93.00	258.3	10.1	31.8	2.0	-112.5	46.9	34.3	263.6	120.2	-6480.8	581.8	-3.3	
93.05	259.1	10.0	30.8	2.0	-112.3	47.0	37.1	263.5	116.3	-6454.6	716.1	-6.6	
93.10	259.9	10.0	28.9	2.0	-111.2	47.1	39.3	259.9	111.9	-6372.6	837.0	-12.1	
93.15	260.8	10.0	28.0	2.0	-110.7	47.2	42.4	257.3	107.4	-6323.9	967.9	-14.6	
93.20	261.6	9.9	27.9	2.0	-110.6	47.3	44.5	258.9	103.0	-6301.2	1064.8	-14.9	
93.25	262.4	9.8	27.4	2.0	-110.0	47.4	45.6	259.2	98.9	-6245.3	1132.0	-15.9	
93.30	263.2	9.9	26.8	2.0	-108.8	47.5	45.9	255.6	94.9	-6149.7	1192.4	-16.9	
93.35	264.0	10.3	26.7	2.0	-107.8	47.6	45.7	254.3	90.5	-6070.9	1235.6	-16.2	
93.40	264.8	10.4	27.5	2.0	-107.5	47.7	45.5	256.1	86.6	-6047.6	1240.3	-12.9	
93.45	265.6	10.7	29.0	2.0	-107.2	47.8	45.3	256.8	83.5	-6032.9	1196.6	-7.6	
93.50	266.4	11.1	29.9	2.0	-106.2	47.9	44.2	255.1	79.5	-5977.2	1129.6	-3.5	
93.55	267.2	10.9	30.3	2.0	-104.9	48.0	42.6	252.8	73.7	-5901.6	1081.7	-1.0	
93.60	268.0	10.7	31.6	2.0	-104.5	48.1	41.3	253.7	67.0	-5879.4	1056.9	4.0	
93.65	268.7	10.5	32.7	2.0	-104.4	48.2	40.8	255.6	61.7	-5873.1	1022.9	8.0	
93.70	269.5	10.6	32.9	2.0	-103.5	48.3	40.0	253.6	58.0	-5828.0	953.6	9.5	
93.75	270.3	10.7	32.2	2.0	-102.0	48.4	37.6	248.2	54.0	-5744.2	866.3	8.6	
93.80	271.1	10.8	32.3	2.0	-101.0	48.5	33.6	246.6	48.2	-5693.6	774.7	10.0	
93.85	271.9	10.8	33.6	2.0	-101.2	48.6	31.0	250.5	41.9	-5712.7	692.0	14.1	
93.90	272.7	10.9	34.9	2.0	-101.5	48.7	30.3	252.2	37.4	-5745.3	609.7	18.4	
93.95	273.4	11.0	35.3	2.0	-101.4	48.8	30.4	249.8	33.2	-5750.2	543.9	19.6	
94.00	274.2	11.0	35.0	2.0	-101.5	48.9	30.8	247.8	27.5	-5769.4	524.1	18.6	
94.05	275.0	11.0	35.2	2.0	-102.5	49.0	32.4	249.5	21.8	-5844.3	547.1	18.3	
94.10	275.8	11.1	36.1	2.0	-103.7	49.1	34.9	252.3	18.2	-5930.8	568.8	20.2	
94.15	276.5	11.4	36.0	2.0	-104.3	49.2	36.1	252.7	16.3	-5974.9	548.9	19.4	
94.20	277.3	11.6	35.4	2.0	-104.7	49.3	34.7	250.8	13.6	-6015.8	510.9	16.8	
94.25	278.1	11.6	35.4	2.0	-105.6	49.4	31.6	251.0	8.9	-6089.2	483.9	16.1	
94.30	278.9	11.3	34.4	2.0	-106.5	49.5	29.6	253.5	4.3	-6156.2	472.5	11.6	
94.35	279.6	11.3	33.2	2.0	-106.7	49.6	31.0	254.3	1.2	-6170.5	502.2	7.2	
94.40	280.4	11.4	31.9	2.0	-106.5	49.7	34.3	252.5	-1.7	-6155.0	588.1	2.9	
94.45	281.1	11.5	31.1	2.0	-107.0	49.8	38.3	250.9	-5.3	-6173.8	725.7	-0.1	
94.50	281.9	11.6	30.8	2.0	-107.9	49.9	42.0	250.2	-9.2	-6224.8	874.0	-2.1	
94.55	282.7	11.6	30.6	2.0	-108.6	50.0	44.1	250.5	-12.0	-6262.6	954.5	-3.7	
94.60	283.4	11.8	30.2	2.0	-108.9	50.1	45.1	251.4	-14.2	-6274.1	968.0	-5.1	
94.65	284.2	12.1	30.4	2.0	-109.1	50.2	44.6	252.1	-18.0	-6291.2	955.8	-4.9	
94.70	284.9	12.3	30.8	2.0	-109.4	50.3	42.3	252.7	-23.1	-6313.7	922.9	-3.8	
94.75	285.6	12.5	29.6	2.0	-109.1	50.4	39.1	252.1	-28.0	-6294.4	871.3	-7.3	
94.80	286.4	12.5	28.9	2.0	-108.3	50.5	37.2	248.2	-32.7	-6245.0	843.2	-9.0	
94.85	287.1	12.4	28.9	2.0	-107.7	50.6	36.6	245.6	-37.0	-6204.1	831.8	-8.6	
94.90	287.8	12.3	30.0	2.0	-107.2	50.7	36.4	246.2	-41.0	-6166.4	810.5	-4.0	
94.95	288.6	12.0	32.1	2.0	-107.0	50.8	36.0	248.4	-44.5	-6150.0	776.7	3.2	
95.00	289.3	11.9	33.2	2.0	-106.5	50.9	34.8	248.8	-48.6	-6111.4	737.8	7.4	
95.05	290.0	12.1	33.6	2.0	-105.4	51.0	33.2	245.9	-52.6	-6036.2	683.0	10.1	
95.10	290.7	12.3	34.1	2.0	-103.8	51.1	32.9	240.8	-55.8	-5935.8	632.5	13.2	
95.15	291.4	12.4	34.0	2.0	-102.2	51.2	33.1	237.8	-59.0	-5825.0	579.3	14.6	
95.20	292.1	12.4	34.3	2.0	-101.3	51.3	32.2	238.2	-63.2	-5752.5	530.5	16.6	
95.25	292.9	12.3	35.0	2.0	-100.6	51.4	29.7	237.4	-68.1	-5708.3	491.1	19.4	
95.30	293.6	12.2	34.5	2.0	-99.3	51.5	26.6	232.9	-71.7	-5623.9	431.1	19.0	
95.35	294.3	12.1	33.3	2.0	-97.7	51.6	24.7	226.8	-73.5	-5523.6	361.9	16.6	
95.40	295.0	12.1	33.1	2.0	-96.5	51.7	24.4	223.2	-75.9	-5446.9	323.6	17.1	
95.45	295.7	11.9	33.3	2.0	-95.6	51.8	24.2	223.0	-79.3	-5378.5	305.9	18.5	
95.50	296.4	11.8	33.4	2.0	-94.8	51.9	24.0	222.0	-83.1	-5317.7	303.0	20.0	
95.55	297.1	12.0	34.1	2.0	-94.7	52.0	23.8	221.1	-86.3	-5309.1	297.3	22.4	
95.60	297.8	12.1	35.3	2.0	-95.4	52.1	23.3	222.9	-89.4	-5356.8	288.3	25.6	
95.65	298.5	12.2	36.5	2.0	-96.6	52.2	22.0	226.2	-92.6	-5432.9	271.3	28.6	
95.70	299.2	12.2	37.1	2.0	-97.3	52.3	20.0	228.3	-95.8	-5481.3	244.9	30.0	
95.75	299.9	12.4	36.4	2.0	-97.2	52.4	18.2	228.4	-98.8	-5474.7	221.1	27.7	
95.80	300.6	12.7	35.0	2.0	-96.6	52.5	16.8	225.3	-101.4	-5437.1	196.6	23.4	
95.85	301.3	12.8	34.0	2.0	-96.3	52.6	15.9	222.0	-104.3	-5419.2	178.9	20.3	
95.90	302.0	12.7	33.3	2.0	-96.4	52.7	15.1	221.0	-107.9	-5429.0	167.8	17.7	
95.95	302.7	12.8	33.0	2.0	-96.9	52.8	15.1	220.7	-111.9	-5463.9	185.5	16.3	
96.00	303.3	12.9	33.7	2.0	-97.6	52.9	15.4	220.4	-115.5	-5511.4	222.1	18.0	
96.05	304.0	12.7	33.9	2.0	-98.2	53.0	16.6	221.6	-119.1	-5548.8	283.0	18.1	
96.10	304.7	12.6	33.5	2.0	-98.4	53.1	18.7	221.9	-122.5	-5554.1	352.8	16.7	
96.15	305.4	12.6	32.1	2.0	-97.6	53.2	21.7	218.8	-125.1	-5500.0	422.3	12.7	
96.20	306.0	12.5	30.4	2.0	-96.4	53.3	24.0	214.6	-126.8	-5414.3	467.7	7.8	
96.25	306.7	12.2	29.4	2.0	-95.4	53.4	25.0	210.4	-129.3	-5344.6	502.1	5.5	
96.30	307.4	12.0	29.5	2.0	-94.9	53.5	24.3	207.8	-133.0	-5310.1	515.1	6.3	
96.35	308.0	12.1	29.1	2.0	-94.6	53.6	22.8	207.0	-136.9	-5289.2	493.3	5.3	
96.40	308.7	12.1	28.8	2.0	-94.4	53.7	21.3	205.8	-139.8	-5275.7	453.5	4.4	
96.45	309.3	12.1	28.9	2.0	-93.8	53.8	20.1	202.1	-141.7	-5247.3	416.2	5.3	
96.50	310.0	12.1	28.8	2.0	-92.8	53.9	18.8	198.0	-144.0	-5181.1	378.0	6.0	
96.55	310.6	12.2	28.8	2.0	-91.6	54.0	17.3	196.0	-146.8	-5101.5	319.2	7.3	
96.60	311.3	12.2	29.2	2.0	-90.4	54.1	16.3	194.2	-149.0	-5013.9	237.5	9.8	
96.65	311.9	12.3	30.0	2.0	-89.0	54.2	14.3	192.3	-150.7	-4918.7	111.7	13.9	
96.70	312.6	12.6	31.3	2.0	-88.2	54.3	10.0	191.2	-152.9	-4861.1	-49.7	19.4	
96.75	313.2	12.7	33.1	2.0	-87.9	54.4	5.1	190.8	-156.3	-4836.4	-211.0	25.7	
96.80	313.8	12.8	34.9	2.0	-87.6	54.5	0.7	190.8	-160.1	-4797.7	-354.5	32.3	
96.85	314.4	12.9	36.5	2.0	-87.0	54.6	-2.6	190.9	-162.6	-4745.0	-475.4	38.3	
96.90	315.1	12.7	37.8	2.0	-86.1	54.7	-4.0	189.3	-164.8	-4671.7	-550.8	43.5	
96.95	315.7	12.7	37.9	2.0	-84.9	54.8	-4.5	186.2	-167.2	-4577.0	-594.9	45.3	
97.00	316.3	13.0	37.1	2.0	-83.5	54.9	-6.0	181.6	-169.3	-4474.5	-643.6	44.0	
97.05	316.9	13.3	35.9	2.0	-82.1	55.0	-7.5	176.7	-172.0	-4380.3	-681.5	41.2	
97.10	317.5	13.6	35.2	2.0	-81.1	55.1	-8.2	173.2	-175.2	-4308.1	-701.5	39.8	
97.15	318.1	13.9	34.9	2.0	-80.8	55.2	-7.1	171.9	-178.0	-4282.9	-683.5	39.0	
97.20	318.7	14.1	35.2	2.0	-80.8	55.3	-6.7	170.6	-180.3	-4289.6	-662.8	40.1	
97.25	319.4	14.2	34.5	2.0	-80.9	55.4	-6.2	169.2	-183.6	-4306.3	-613.4	37.4	
97.30	320.0	14.3	33.5	2.0	-80.9	55.5	-5.5	168.1	-187.1	-4320.9	-549.2	34.0	
97.35	320.6	14.6	32.4	2.0	-80.6	55.6	-3.0	165.6	-189.2	-4313.9	-464.7	30.4	
97.40	321.2	14.6	31.1	2.0	-79.9	55.7	0.6	161.9	-189.6	-4277.2	-377.3	26.7	
97.45	321.8	14.4	29.2	2.0	-78.9	55.8	3.9	158.2	-191.2	-4217.6	-288.5	21.4	
97.50	322.4	14.2	28.0	2.0	-78.0	55.9	4.9	154.0	-194.2	-4161.3	-228.0	18.0	
97.55	322.9	14.4	27.3	2.0	-77.7	56.0	5.5	152.2	-196.9	-4147.0	-180.4	16.1	
97.60	323.5	14.5	27.5	2.0	-77.8	56.1	6.3	152.7	-198.4	-4154.5	-142.5	16.6	
97.65	324.1	14.4	27.2	2.0	-77.6	56.2	7.5	153.1	-200.5	-4137.4	-96.3	15.7	
97.70	324.7	14.5	26.5	2.0	-77.2	56.3	8.1	152.7	-203.0	-4104.2	-54.9	13.9	
97.75	325.3	14.5	26.8	2.0	-76.8	56.4	8.7	151.6	-204.8	-4078.2	-19.5	15.3	
97.80	325.8	14.2	27.0	2.0	-76.4	56.5	10.8	150.1	-205.3	-4052.9	28.4	16.1	
97.85	326.4	14.2	26.8	2.0	-75.8	56.6	13.0	148.2	-205.5	-4010.2	63.7	16.3	
97.90	327.0	14.4	26.4	2.0	-75.2	56.7	13.7	146.5	-207.1	-3964.6	83.8	15.3	
97.95	327.6	14.9	26.1	2.0	-75.0	56.8	12.2	146.1	-209.9	-3950.4	80.8	14.5	
98.00	328.1	15.1	26.7	2.0	-75.0	56.9	10.0	146.1	-212.6	-3949.0	69.0	16.7	
98.05	328.7	15.2	26.7	2.0	-74.4	57.0	8.5	144.1	-214.7	-3908.3	51.8	17.1	
98.10	329.2	15.4	25.9	2.0	-73.0	57.1	6.1	140.0	-216.4	-3816.4	-2.4	16.0	
98.15	329.8	15.4	24.8	2.0	-71.4	57.2	3.7	136.7	-218.8	-3696.7	-70.6	13.8	
98.20	330.4	15.4	24.7	2.0	-70.0	57.3	3.7	134.0	-220.8	-3601.6	-106.9	14.7	
98.25	330.9	15.6	24.5	2.0	-68.9	57.4	5.1	130.1	-221.1	-3524.4	-136.7	15.4	
98.30	331.5	15.6	24.7	2.0	-67.5	57.5	5.5	125.4	-221.9	-3433.0	-174.3	17.3	
98.35	332.0	15.6	24.0	2.0	-66.2	57.6	6.1	121.0	-224.7	-3342.5	-186.7	16.2	
98.40	332.6	15.6	24.7	2.0	-65.0	57.7	6.6	117.6	-227.3	-3259.0	-200.5	19.8	
98.45	333.1	16.0	25.2	2.0	-63.6	57.8	6.7	114.4	-228.2	-3155.9	-248.5	22.9	
98.50	333.6	16.2	25.0	2.0	-62.2	57.9	5.1	110.7	-229.2	-3050.2	-336.1	23.5	
98.55	334.2	16.0	24.8	2.0	-60.8	58.0	1.8	106.4	-231.6	-2945.7	-435.5	24.4	
98.60	334.7	16.2	24.7	2.0	-59.6	58.1	-1.6	102.6	-233.7	-2844.0	-530.5	25.3	
98.65	335.3	16.4	24.4	2.0	-58.3	58.2	-1.7	99.1	-234.4	-2746.1	-568.5	25.4	
98.70	335.8	16.7	23.6	2.0	-56.8	58.3	0.7	95.6	-235.0	-2646.6	-543.0	24.2	
98.75	336.3	16.7	23.0	2.0	-55.5	58.4	3.6	93.0	-236.2	-2565.7	-475.2	23.4	
98.80	336.8	16.7	23.4	2.0	-55.0	58.5	6.4	92.2	-237.5	-2546.0	-383.0	25.3	
98.85	337.4	16.7	24.3	2.0	-55.5	58.6	8.7	93.2	-238.7	-2589.0	-299.5	27.9	
98.90	337.9	16.3	24.3	2.0	-56.2	58.7	10.2	96.5	-240.1	-2640.3	-234.2	27.1	
98.95	338.4	16.2	23.6	2.0	-56.4	58.8	10.1	97.1	-240.2	-2653.6	-197.6	24.6	
99.00	339.0	16.3	22.3	2.0	-56.0	58.9	10.4	93.4	-240.7	-2637.5	-128.8	20.7	
99.05	339.5	16.1	20.3	2.0	-55.4	59.0	10.7	89.6	-242.9	-2608.4	-37.3	14.4	
99.10	340.0	16.0	18.0	2.0	-54.7	59.1	11.0	87.3	-244.7	-2560.6	43.7	6.9	
99.15	340.6	15.9	15.9	2.0	-54.3	59.2	12.7	84.6	-245.2	-2529.8	133.1	0.2	
99.20	341.1	15.7	15.0	2.0	-54.2	59.3	14.5	83.3	-246.3	-2523.9	224.1	-2.6	
99.25	341.6	15.7	15.2	2.0	-54.9	59.4	15.5	85.4	-248.1	-2554.3	299.7	-2.6	
99.30	342.1	15.9	16.0	2.0	-55.7	59.5	17.9	85.8	-249.0	-2604.8	384.2	-0.7	
99.35	342.6	15.6	15.7	2.0	-55.7	59.6	21.5	83.3	-248.3	-2596.4	461.1	-1.9	
99.40	343.2	15.4	14.4	2.0	-54.5	59.7	24.4	79.7	-248.0	-2504.7	518.8	-5.1	
99.45	343.7	15.3	13.4	2.0	-53.1	59.8	26.5	75.2	-249.4	-2390.2	561.6	-7.1	
99.50	344.2	14.9	13.0	2.0	-51.4	59.9	26.8	70.1	-251.1	-2275.4	551.1	-6.9	
99.55	344.7	14.5	12.1	2.0	-49.2	60.0	23.4	64.6	-251.6	-2146.4	438.0	-7.6	
99.60	345.2	14.3	11.7	2.0	-47.0	60.1	18.5	59.0	-252.3	-2026.2	279.0	-6.9	
99.65	345.7	14.0	11.8	2.0	-45.5	60.2	14.9	55.0	-253.9	-1939.3	145.0	-5.0	
99.70	346.2	13.7	12.6	2.0	-44.2	60.3	13.1	53.6	-255.0	-1853.5	48.5	-0.9	
99.75	346.7	13.5	13.6	2.0	-42.7	60.4	14.0	51.4	-254.7	-1744.7	5.0	4.0	
99.80	347.2	13.6	14.1	2.0	-41.2	60.5	16.8	47.8	-254.4	-1635.1	9.5	7.3	
99.85	347.7	13.7	14.6	2.0	-39.8	60.6	18.1	45.0	-255.0	-1541.7	3.5	10.2	
99.90	348.2	13.7	14.7	2.0	-38.9	60.7	17.2	43.5	-256.0	-1474.4	-34.5	11.7	
99.95	348.7	13.8	15.2	2.0	-38.0	60.8	15.1	41.8	-256.5	-1411.3	-99.9	14.1	
100.00	349.2	14.0	15.8	2.0	-37.3	60.9	11.3	41.0	-257.1	-1352.9	-190.2	16.8	
100.05	349.7	14.1	15.5	2.0	-36.7	61.0	6.4	40.2	-258.6	-1293.0	-285.7	16.6	
100.10	350.2	14.0	14.8	2.0	-36.3	61.1	1.8	39.0	-260.5	-1243.8	-355.2	14.5	
100.15	350.7	14.1	13.3	2.0	-35.4	61.2	0.3	36.5	-261.5	-1185.1	-354.3	10.2	
100.20	351.2	14.2	12.4	2.0	-34.2	61.3	1.7	33.1	-261.1	-1118.8	-285.9	8.4	
100.25	351.7	14.2	12.0	2.0	-33.2	61.4	4.8	30.4	-261.2	-1076.3	-166.6	8.1	
100.30	352.2	14.1	12.0	2.0	-33.0	61.5	8.4	30.3	-262.2	-1067.3	-34.2	8.2	
100.35	352.7	14.1	11.8	2.0	-33.0	61.6	11.2	31.0	-262.6	-1064.3	68.5	7.6	
100.40	353.2	14.0	11.3	2.0	-32.7	61.7	12.9	29.3	-261.6	-1033.5	125.4	6.0	
100.45	353.6	14.3	10.5	2.0	-31.8	61.8	12.2	26.3	-261.6	-976.2	140.3	4.3	
100.50	354.1	14.4	9.5	2.0	-31.0	61.9	10.2	24.7	-263.7	-917.6	136.7	1.7	
100.55	354.6	14.4	8.4	2.0	-30.2	62.0	9.1	22.5	-265.1	-865.3	132.0	-1.5	
100.60	355.1	14.3	7.2	2.0	-29.3	62.1	8.9	18.7	-264.1	-807.5	118.2	-4.6	
100.65	355.6	14.1	6.4	2.0	-28.8	62.2	9.6	16.0	-263.4	-776.6	124.4	-6.7	
100.70	356.1	13.9	6.6	2.0	-28.8	62.3	11.4	13.5	-264.5	-770.7	169.0	-6.2	
100.75	356.6	13.9	6.5	2.0	-28.4	62.4	13.7	10.2	-264.6	-733.0	211.1	-6.2	
100.80	357.1	13.9	5.4	2.0	-27.5	62.5	16.1	7.1	-263.0	-654.9	233.1	-8.9	
100.85	357.5	14.0	5.6	2.0	-27.1	62.6	17.9	6.1	-262.1	-610.1	250.9	-8.1	
100.90	358.0	14.1	6.0	2.0	-26.7	62.7	18.0	4.9	-263.4	-575.6	255.6	-6.0	
100.95	358.5	14.3	5.9	2.0	-25.6	62.8	15.2	2.2	-264.5	-513.6	210.8	-5.5	
101.00	359.0	14.5	5.0	2.0	-24.2	62.9	12.0	-1.1	-264.4	-436.6	138.7	-7.1	
101.05	359.5	14.7	4.7	2.0	-23.4	63.0	9.9	-2.8	-264.5	-392.4	85.5	-7.3	
101.10	359.9	14.6	5.0	2.0	-22.9	63.1	7.3	-3.1	-265.7	-367.2	34.1	-5.9	
101.15	0.4	14.7	4.4	2.0	-22.2	63.2	4.5	-4.5	-266.5	-320.0	-18.7	-7.1	
101.20	0.9	14.8	4.0	2.0	-21.7	63.3	2.9	-7.0	-266.2	-275.2	-61.6	-7.9	
101.25	1.3	15.1	4.1	2.0	-21.5	63.4	3.4	-7.5	-266.0	-249.5	-71.0	-7.2	
101.30	1.8	15.3	5.1	2.0	-21.2	63.5	3.5	-6.6	-266.2	-231.6	-81.5	-3.8	
101.35	2.3	15.4	5.4	2.0	-21.0	63.6	2.8	-7.8	-266.6	-192.8	-108.6	-2.5	
101.40	2.8	15.3	5.5	2.0	-21.1	63.7	0.4	-9.7	-266.5	-144.4	-179.0	-2.2	
101.45	3.2	15.3	6.1	2.0	-22.0	63.8	-2.7	-11.6	-266.7	-85.3	-275.4	-1.2	
101.50	3.7	15.2	6.7	2.0	-23.2	63.9	-5.2	-14.6	-267.3	-5.8	-367.9	-0.3	
101.55	4.2	14.9	6.8	2.0	-24.8	64.0	-7.9	-18.8	-267.5	109.9	-466.2	-1.6	
101.60	4.6	14.5	7.0	2.0	-26.9	64.1	-11.3	-23.0	-267.3	241.1	-572.2	-2.8	
101.65	5.1	14.4	7.5	2.0	-28.2	64.2	-12.9	-25.9	-267.7	316.5	-636.7	-2.4	
101.70	5.6	14.5	8.6	2.0	-28.6	64.3	-11.3	-27.7	-267.9	361.1	-640.7	1.0	
101.75	6.0	14.4	8.8	2.0	-29.1	64.4	-9.3	-29.7	-266.0	426.0	-638.7	1.2	
101.80	6.5	14.3	9.0	2.0	-29.4	64.5	-7.3	-32.4	-264.3	489.1	-618.7	1.4	
101.85	6.9	14.3	9.4	2.0	-29.1	64.6	-4.9	-34.6	-264.9	511.6	-561.9	3.3	
101.90	7.4	14.3	9.4	2.0	-28.9	64.7	-3.8	-35.6	-265.4	524.1	-520.8	3.3	
101.95	7.9	14.1	8.2	2.0	-29.5	64.8	-4.1	-38.6	-263.9	590.9	-514.5	-1.5	
102.00	8.3	13.9	6.7	2.0	-30.6	64.9	-4.9	-43.2	-263.0	685.1	-501.5	-7.5	
102.05	8.8	13.8	5.7	2.0	-31.0	65.0	-5.5	-45.7	-264.9	743.9	-452.7	-11.3	
102.10	9.2	13.6	4.8	2.0	-30.9	65.1	-5.9	-46.1	-266.1	769.8	-393.8	-14.4	
102.15	9.7	13.4	4.0	2.0	-30.8	65.2	-4.7	-47.4	-264.0	785.2	-327.3	-17.1	
102.20	10.2	13.4	3.6	2.0	-30.1	65.3	-2.0	-48.8	-261.9	767.0	-221.7	-17.7	
102.25	10.6	13.5	3.0	2.0	-29.5	65.4	1.6	-48.7	-263.1	748.6	-56.2	-19.2	
102.30	11.1	13.3	2.4	2.0	-30.1	65.5	4.8	-48.8	-264.0	786.2	104.8	-21.8	
102.35	11.5	13.0	1.9	2.0	-31.8	65.6	8.5	-52.9	-262.2	884.7	230.5	-25.4	
102.40	12.0	13.2	1.7	2.0	-33.2	65.7	10.8	-56.7	-260.8	963.0	305.0	-27.4	
102.45	12.4	13.3	1.7	2.0	-33.8	65.8	9.0	-57.3	-262.1	1008.7	299.9	-27.9	
102.50	12.9	13.3	1.6	2.0	-34.3	65.9	4.8	-58.4	-263.3	1063.6	224.2	-28.9	
102.55	13.3	13.7	0.7	2.0	-34.7	66.0	0.9	-60.2	-262.1	1105.6	111.7	-32.2	
102.60	13.8	13.8	1.0	2.0	-35.0	66.1	-1.2	-60.6	-261.0	1134.1	19.5	-31.7	
102.65	14.2	13.9	2.1	2.0	-35.5	66.2	-1.3	-61.0	-261.4	1173.3	-27.2	-28.2	
102.70	14.6	13.9	3.2	2.0	-36.8	66.3	0.1	-64.9	-260.9	1254.7	-46.0	-25.9	
102.75	15.1	13.8	3.5	2.0	-38.8	66.4	2.1	-71.0	-259.1	1389.6	-69.8	-26.9	
102.80	15.5	13.6	4.4	2.0	-40.4	66.5	3.1	-74.6	-257.8	1502.6	-122.8	-25.3	
102.85	16.0	13.9	6.2	2.0	-41.2	66.6	3.0	-75.5	-257.6	1548.1	-203.2	-19.9	
102.90	16.4	14.0	8.0	2.0	-41.8	66.7	0.2	-75.6	-256.4	1568.9	-343.7	-14.3	
102.95	16.8	14.0	8.4	2.0	-43.3	66.8	-4.5	-76.7	-254.7	1646.6	-508.9	-14.6	
103.00	17.3	13.9	8.2	2.0	-45.2	66.9	-7.3	-80.2	-255.1	1755.3	-594.3	-17.1	
103.05	17.7	13.8	8.1	2.0	-47.0	67.0	-7.7	-85.7	-256.5	1875.9	-599.5	-19.2	
103.10	18.1	13.7	7.4	2.0	-48.8	67.1	-6.9	-91.2	-256.1	2012.7	-584.4	-23.4	
103.15	18.6	13.9	6.8	2.0	-50.1	67.2	-5.2	-96.2	-254.1	2110.5	-556.6	-26.8	
103.20	19.0	13.6	6.7	2.0	-50.2	67.3	-2.9	-98.9	-253.3	2121.1	-497.1	-27.1	
103.25	19.4	13.2	6.7	2.0	-49.3	67.4	-2.3	-97.0	-253.4	2071.0	-441.1	-26.3	
103.30	19.8	13.1	6.6	2.0	-48.2	67.5	-2.4	-94.2	-252.4	2000.1	-397.9	-25.4	
103.35	20.3	12.9	6.2	2.0	-47.2	67.6	-0.3	-93.5	-250.7	1945.3	-323.5	-25.8	
103.40	20.7	12.8	5.5	2.0	-47.1	67.7	1.7	-94.7	-250.3	1941.7	-232.5	-28.1	
103.45	21.1	12.7	3.9	2.0	-48.0	67.8	2.5	-97.4	-251.2	2010.2	-138.2	-34.7	
103.50	21.5	12.6	2.6	2.0	-49.0	67.9	2.9	-101.4	-251.6	2082.6	-54.8	-40.0	
103.55	22.0	12.5	1.7	2.0	-49.2	68.0	4.2	-103.0	-250.6	2095.0	16.9	-43.3	
103.60	22.4	12.6	1.8	2.0	-48.5	68.1	4.8	-100.4	-249.1	2048.4	54.9	-42.4	
103.65	22.8	12.7	1.7	2.0	-47.8	68.2	5.7	-98.7	-247.9	1996.7	100.3	-42.0	
103.70	23.2	12.7	1.3	2.0	-48.1	68.3	7.2	-100.3	-247.0	2010.3	163.2	-43.7	
103.75	23.6	12.9	0.5	2.0	-49.2	68.4	9.9	-101.1	-246.3	2085.5	247.3	-47.3	
103.80	24.1	13.1	1.0	2.0	-50.9	68.5	14.2	-104.1	-245.3	2193.0	344.6	-47.6	
103.85	24.5	13.0	1.3	2.0	-52.5	68.6	18.8	-109.3	-244.2	2288.3	421.9	-47.9	
103.90	24.9	12.6	1.2	2.0	-53.7	68.7	18.8	-112.6	-243.0	2371.5	400.5	-49.6	
103.95	25.3	12.5	1.1	2.0	-54.1	68.8	15.8	-113.3	-241.9	2413.6	315.9	-50.4	
104.00	25.7	12.5	1.7	2.0	-53.8	68.9	14.6	-113.9	-240.9	2398.1	260.0	-48.0	
104.05	26.1	12.4	1.7	2.0	-53.9	69.0	14.2	-113.8	-239.4	2411.0	228.8	-47.9	
104.10	26.5	12.5	1.5	2.0	-54.8	69.1	13.4	-115.4	-237.8	2483.5	209.0	-49.8	
104.15	26.9	12.7	1.1	2.0	-56.5	69.2	15.1	-121.5	-237.7	2588.7	255.1	-52.7	
104.20	27.3	12.6	1.0	2.0	-58.4	69.3	17.1	-127.5	-237.9	2705.0	312.5	-55.0	
104.25	27.7	12.5	0.7	2.0	-59.9	69.4	17.0	-129.7	-236.7	2812.7	313.4	-57.6	
104.30	28.1	12.4	1.0	2.0	-60.5	69.5	16.2	-130.3	-234.8	2868.0	281.1	-57.2	
104.35	28.5	12.3	1.9	2.0	-60.6	69.6	14.8	-130.5	-234.1	2878.7	236.7	-54.0	
104.40	28.9	12.6	2.4	2.0	-61.1	69.7	12.0	-130.7	-233.9	2919.0	176.0	-52.9	
104.45	29.3	12.8	2.7	2.0	-62.3	69.8	10.1	-133.7	-233.1	3002.9	134.9	-52.8	
104.50	29.7	12.8	2.9	2.0	-63.6	69.9	11.0	-138.2	-233.0	3092.8	150.3	-53.8	
104.55	30.1	12.6	2.8	2.0	-65.1	70.0	11.0	-141.4	-233.6	3191.3	147.5	-55.5	
104.60	30.4	12.6	3.1	2.0	-66.1	70.1	9.1	-143.5	-233.6	3268.6	88.1	-55.4	
104.65	30.8	12.8	3.4	2.0	-66.4	70.2	8.2	-144.7	-232.6	3287.3	18.9	-54.6	
104.70	31.2	12.6	4.0	2.0	-65.6	70.3	6.5	-141.7	-230.8	3238.2	-74.7	-51.8	
104.75	31.6	12.5	4.7	2.0	-64.8	70.4	3.5	-137.7	-229.3	3187.8	-178.2	-48.8	
104.80	32.0	12.5	5.0	2.0	-64.8	70.5	2.4	-138.5	-228.7	3179.8	-230.1	-47.7	
104.85	32.4	12.7	5.1	2.0	-65.7	70.6	2.9	-142.1	-228.4	3234.1	-238.5	-48.2	
104.90	32.8	12.9	5.2	2.0	-67.2	70.7	3.6	-145.1	-227.8	3339.4	-236.8	-49.2	
104.95	33.1	13.0	5.2	2.0	-68.3	70.8	5.6	-147.7	-227.3	3420.4	-206.4	-50.4	
105.00	33.5	13.5	5.3	2.0	-68.9	70.9	7.1	-150.6	-226.7	3455.4	-187.7	-50.7	
105.05	33.9	13.6	5.0	2.0	-69.1	71.0	5.7	-151.4	-225.3	3469.5	-216.3	-51.9	
105.10	34.3	13.6	4.6	2.0	-68.8	71.1	4.5	-150.3	-223.8	3450.2	-222.0	-52.9	
105.15	34.6	13.7	4.7	2.0	-68.2	71.2	7.2	-150.2	-222.2	3411.6	-136.0	-52.0	
105.20	35.0	13.9	4.2	2.0	-68.4	71.3	11.3	-151.4	-220.2	3428.4	-3.2	-53.9	
105.25	35.4	13.9	3.1	2.0	-69.8	71.4	14.1	-155.1	-218.8	3521.9	137.0	-59.2	
105.30	35.8	13.7	1.9	2.0	-71.1	71.5	17.2	-160.4	-219.1	3593.5	301.8	-64.5	
105.35	36.1	13.8	0.9	2.0	-71.6	71.6	18.9	-163.6	-219.2	3610.7	421.3	-68.5	
105.40	36.5	13.8	-0.1	2.0	-71.3	71.7	17.2	-162.0	-217.7	3588.9	446.3	-71.7	
105.45	36.8	13.9	-0.6	2.0	-70.7	71.8	15.0	-160.1	-216.0	3550.0	440.3	-72.9	
105.50	37.2	13.5	-0.5	2.0	-70.0	71.9	14.0	-159.3	-215.6	3502.9	455.9	-71.8	
105.55	37.6	13.2	-0.8	2.0	-70.1	72.0	13.0	-159.3	-215.4	3505.6	470.4	-72.7	
105.60	37.9	13.0	-0.7	2.0	-70.8	72.1	13.5	-161.3	-213.5	3551.9	488.1	-73.4	
105.65	38.3	13.5	-0.6	2.0	-71.9	72.2	17.1	-165.6	-211.9	3616.4	550.2	-73.9	
105.70	38.6	13.4	-0.0	2.0	-72.8	72.3	19.0	-167.3	-212.0	3669.4	590.5	-72.8	
105.75	39.0	13.2	0.2	2.0	-73.6	72.4	17.1	-167.3	-212.4	3743.8	543.5	-72.8	
105.80	39.3	13.2	1.2	2.0	-74.2	72.5	13.5	-168.5	-211.4	3800.4	403.1	-70.1	
105.85	39.7	13.1	2.2	2.0	-74.2	72.6	9.3	-169.1	-210.3	3813.7	208.4	-66.7	
105.90	40.0	13.1	2.7	2.0	-74.5	72.7	2.7	-167.2	-209.7	3854.0	-28.6	-65.2	
105.95	40.4	13.2	3.1	2.0	-75.8	72.8	-3.5	-168.5	-209.6	3943.4	-243.7	-65.2	
106.00	40.7	13.3	3.8	2.0	-77.6	72.9	-5.5	-174.4	-209.6	4047.6	-378.9	-64.4	
106.05	41.0	13.2	5.1	2.0	-79.1	73.0	-6.1	-178.6	-208.8	4139.7	-489.1	-61.7	
106.10	41.4	13.1	6.0	2.0	-79.9	73.1	-6.1	-179.4	-207.2	4190.8	-581.8	-59.2	
106.15	41.7	13.0	7.5	2.0	-79.7	73.2	-4.7	-180.0	-205.5	4165.7	-634.2	-54.1	
106.20	42.0	13.1	8.6	2.0	-79.3	73.3	-5.1	-179.5	-204.4	4127.0	-689.3	-49.8	
106.25	42.4	13.3	8.7	2.0	-79.5	73.4	-8.6	-177.4	-203.4	4130.0	-776.5	-49.4	
106.30	42.7	13.1	8.6	2.0	-80.1	73.5	-10.5	-178.1	-202.4	4167.3	-824.9	-50.7	
106.35	43.0	13.3	8.3	2.0	-81.4	73.6	-10.6	-183.6	-200.8	4253.3	-839.0	-52.9	
106.40	43.4	13.6	7.2	2.0	-82.9	73.7	-12.1	-188.0	-199.5	4356.9	-845.0	-58.4	
106.45	43.7	13.8	6.0	2.0	-83.9	73.8	-13.4	-190.5	-199.8	4429.5	-793.0	-63.4	
106.50	44.0	13.8	5.0	2.0	-83.8	73.9	-12.0	-193.2	-200.0	4438.1	-671.4	-66.7	
106.55	44.3	13.7	4.4	2.0	-83.4	74.0	-9.9	-194.0	-198.8	4424.7	-545.2	-68.5	
106.60	44.6	13.5	4.0	2.0	-82.9	74.1	-7.8	-192.1	-196.7	4400.9	-438.9	-69.0	
106.65	44.9	13.3	4.0	2.0	-82.3	74.2	-3.4	-191.2	-195.2	4377.3	-298.4	-68.8	
106.70	45.3	13.3	3.7	2.0	-82.7	74.3	1.4	-193.1	-193.6	4408.3	-145.6	-70.0	
106.75	45.6	13.2	2.7	2.0	-83.6	74.4	3.7	-194.8	-192.6	4477.1	-16.4	-74.3	
106.80	45.9	13.1	2.1	2.0	-84.3	74.5	5.1	-196.2	-192.2	4522.7	88.1	-77.1	
106.85	46.2	13.4	1.9	2.0	-84.4	74.6	7.6	-197.9	-191.8	4524.7	176.5	-78.0	
106.90	46.5	13.8	1.9	2.0	-84.2	74.7	7.6	-197.1	-190.9	4505.6	202.9	-77.5	
106.95	46.8	13.7	1.8	2.0	-83.6	74.8	4.3	-193.2	-190.5	4474.5	176.5	-77.5	
107.00	47.1	13.9	1.3	2.0	-83.2	74.9	2.8	-191.5	-190.9	4450.7	169.8	-78.9	
107.05	47.4	14.0	1.4	2.0	-83.3	75.0	3.1	-192.7	-190.2	4453.6	151.5	-78.4	
107.10	47.7	13.9	1.7	2.0	-83.8	75.1	3.2	-194.6	-187.8	4492.9	97.2	-77.8	
107.15	47.9	13.8	1.7	2.0	-84.6	75.2	4.8	-196.7	-186.1	4549.1	74.2	-78.8	
107.20	48.2	13.6	2.3	2.0	-85.3	75.3	6.9	-198.7	-185.5	4597.3	90.7	-77.4	
107.25	48.5	12.9	3.0	2.0	-85.8	75.4	7.8	-199.5	-185.0	4628.9	98.4	-75.4	
107.30	48.8	12.8	3.7	2.0	-85.8	75.5	7.1	-199.1	-183.7	4636.6	55.9	-73.1	
107.35	49.1	12.7	4.3	2.0	-85.8	75.6	5.1	-199.1	-182.6	4635.9	-30.3	-70.9	
107.40	49.3	12.7	4.9	2.0	-86.5	75.7	2.2	-201.8	-181.6	4680.2	-150.9	-69.8	
107.45	49.6	12.6	4.6	2.0	-87.9	75.8	-1.2	-205.3	-180.5	4772.9	-279.8	-72.1	
107.50	49.9	12.2	3.8	2.0	-89.3	75.9	-4.9	-207.7	-180.1	4860.9	-373.9	-76.3	
107.55	50.2	11.7	3.4	2.0	-90.0	76.0	-7.7	-210.1	-179.6	4906.2	-442.8	-78.2	
107.60	50.4	11.9	3.6	2.0	-90.3	76.1	-8.3	-213.5	-177.8	4913.0	-502.7	-77.9	
107.65	50.7	12.1	4.6	2.0	-89.9	76.2	-8.0	-214.4	-175.6	4873.6	-541.5	-74.0	
107.70	51.0	12.2	5.3	2.0	-88.9	76.3	-6.9	-211.6	-174.7	4813.2	-524.7	-70.7	
107.75	51.2	12.0	5.6	2.0	-88.5	76.4	-6.0	-208.9	-174.0	4790.7	-498.0	-69.2	
107.80	51.5	12.0	5.8	2.0	-89.1	76.5	-6.0	-210.7	-172.6	4833.0	-519.0	-69.2	
107.85	51.7	12.2	5.9	2.0	-90.0	76.6	-5.8	-214.4	-171.4	4886.6	-552.8	-69.7	
107.90	52.0	12.6	6.0	2.0	-90.6	76.7	-5.7	-215.6	-170.5	4927.5	-570.1	-69.9	
107.95	52.2	12.8	6.2	2.0	-91.1	76.8	-5.9	-215.0	-169.5	4967.0	-554.9	-69.6	
108.00	52.5	12.8	6.1	2.0	-91.9	76.9	-5.2	-216.6	-169.1	5029.2	-493.3	-70.9	
108.05	52.7	12.5	5.1	2.0	-92.6	77.0	-4.6	-218.6	-169.6	5084.2	-422.1	-75.0	
108.10	53.0	12.2	4.6	2.0	-93.1	77.1	-3.6	-219.9	-169.3	5121.4	-358.5	-77.3	
108.15	53.2	11.9	4.3	2.0	-93.5	77.2	-0.3	-221.6	-167.0	5160.0	-285.7	-78.7	
108.20	53.5	11.8	4.5	2.0	-93.9	77.3	4.6	-221.8	-165.1	5195.5	-167.8	-78.5	
108.25	53.7	11.6	4.4	2.0	-94.1	77.4	8.0	-219.8	-165.2	5215.8	-24.4	-79.0	
108.30	53.9	11.4	3.9	2.0	-94.2	77.5	9.8	-219.3	-165.0	5225.0	96.9	-80.9	
108.35	54.2	11.2	3.2	2.0	-94.2	77.6	12.2	-220.6	-163.0	5218.0	190.7	-83.3	
108.40	54.4	11.3	3.6	2.0	-94.0	77.7	15.6	-220.7	-161.1	5200.4	300.9	-81.7	
108.45	54.6	11.5	3.4	2.0	-94.0	77.8	18.2	-219.5	-160.5	5195.3	435.4	-82.5	
108.50	54.8	11.5	2.6	2.0	-94.7	77.9	18.8	-219.6	-160.4	5233.0	547.2	-85.7	
108.55	55.1	11.4	1.5	2.0	-95.7	78.0	18.5	-222.6	-159.3	5299.8	599.7	-90.7	
108.60	55.3	11.2	1.0	2.0	-96.5	78.1	19.2	-225.6	-157.7	5350.1	633.0	-93.1	
108.65	55.5	11.4	1.0	2.0	-97.0	78.2	21.5	-226.7	-155.9	5378.8	685.3	-93.6	
108.70	55.7	11.8	0.9	2.0	-97.6	78.3	23.0	-227.0	-154.2	5413.9	738.5	-94.5	
108.75	55.9	12.2	0.7	2.0	-98.2	78.4	22.4	-227.8	-153.8	5459.1	765.6	-95.8	
108.80	56.1	12.3	1.1	2.0	-98.5	78.5	21.7	-229.0	-154.1	5479.7	763.4	-94.9	
108.85	56.3	12.4	1.8	2.0	-98.3	78.6	22.0	-229.7	-153.2	5462.3	721.5	-92.1	
108.90	56.6	12.4	2.1	2.0	-98.1	78.7	21.9	-230.3	-150.7	5458.5	631.5	-90.9	
108.95	56.8	12.2	1.9	2.0	-98.3	78.8	19.5	-230.7	-149.3	5489.6	503.2	-91.8	
109.00	57.0	12.3	2.4	2.0	-98.6	78.9	16.5	-231.8	-150.3	5515.5	395.1	-90.3	
109.05	57.2	12.6	3.0	2.0	-98.3	79.0	14.7	-232.5	-150.9	5502.0	300.1	-88.0	
109.10	57.4	13.1	3.2	2.0	-97.7	79.1	13.1	-230.6	-148.6	5463.7	166.7	-86.7	
109.15	57.6	13.1	3.5	2.0	-97.0	79.2	11.2	-228.2	-146.8	5423.6	43.8	-85.0	
109.20	57.8	12.8	4.4	2.0	-96.5	79.3	9.5	-227.4	-148.2	5392.3	-19.9	-81.4	
109.25	58.0	12.6	4.8	2.0	-96.8	79.4	7.5	-228.5	-149.8	5405.4	-83.2	-80.2	
109.30	58.2	12.4	4.7	2.0	-97.5	79.5	5.5	-230.2	-148.2	5456.6	-193.0	-81.4	
109.35	58.4	12.3	4.5	2.0	-97.8	79.6	5.1	-230.8	-145.9	5473.1	-281.1	-82.4	
109.40	58.5	12.4	5.3	2.0	-97.6	79.7	6.5	-230.5	-145.9	5455.2	-291.0	-79.2	
109.45	58.7	12.5	5.3	2.0	-97.4	79.8	6.2	-229.9	-146.1	5443.1	-283.5	-79.2	
109.50	58.9	12.6	4.9	2.0	-97.3	79.9	5.3	-229.5	-145.4	5441.7	-257.8	-80.5	
109.55	59.1	12.6	5.2	2.0	-96.8	80.0	7.3	-228.9	-145.1	5409.4	-164.7	-79.0	
109.60	59.3	12.8	5.3	2.0	-96.4	80.1	10.8	-228.2	-144.6	5381.9	-50.4	-78.3	
109.65	59.5	12.7	4.4	2.0	-96.8	80.2	11.8	-228.7	-142.6	5408.5	13.4	-81.6	
109.70	59.6	12.2	3.2	2.0	-97.7	80.3	11.6	-231.9	-141.0	5468.0	69.2	-86.7	
109.75	59.8	12.2	2.2	2.0	-98.2	80.4	12.4	-234.9	-141.2	5495.0	165.1	-90.5	
109.80	60.0	12.2	1.8	2.0	-97.8	80.5	13.2	-233.1	-141.0	5466.8	259.8	-91.6	
109.85	60.2	12.1	1.2	2.0	-97.1	80.6	14.1	-230.7	-138.7	5423.3	320.1	-93.0	
109.90	60.3	12.1	1.2	2.0	-96.9	80.7	16.3	-231.4	-136.8	5397.2	396.2	-92.9	
109.95	60.5	12.3	1.6	2.0	-96.9	80.8	18.8	-232.2	-137.5	5384.4	523.7	-91.4	
