Time[s]	Rotor azimuth angle[deg]	Hub wind speed magnitude[m/s]	ACTTORQUE1[Nm]	PITRAT1[deg/s]	PITFRIC1[kNm]	PITCH1[deg]	Blade root 1 Fx[KN]	Blade root 1 Fy[KN]	Blade root 1 Fz[KN]	Blade root 1 Mx[kNm]	Blade root 1 My[kNm]	Blade root 1 Mz[kNm]	
END_OF_HEADER
50.00	97.2	8.4	0.0	0.0	-101.1	-0.1	357.4	-331.2	706.6	9587.5	16461.5	-101.1	
50.05	99.9	8.7	0.0	0.0	-98.7	-0.1	354.5	-334.6	721.2	9658.3	16169.7	-98.7	
50.10	102.6	8.8	0.0	0.0	-95.3	-0.1	349.0	-342.7	731.4	9625.8	15897.5	-95.3	
50.15	105.3	8.8	0.0	0.0	-97.5	-0.1	348.1	-332.3	739.8	9450.6	15745.5	-97.5	
50.20	108.0	8.8	0.0	0.0	-90.5	-0.1	345.0	-316.4	747.3	9070.4	15561.9	-90.5	
50.25	110.7	8.8	0.0	0.0	-81.5	-0.1	342.0	-309.2	755.7	8669.0	15358.8	-81.5	
50.30	113.4	8.6	0.0	0.0	-74.8	-0.1	341.0	-300.1	767.8	8313.8	15159.9	-74.8	
50.35	116.1	8.3	0.0	0.0	-61.1	-0.1	334.0	-290.3	780.5	7843.1	14854.4	-61.1	
50.40	118.8	8.1	0.0	0.0	-42.5	-0.1	322.0	-276.6	791.6	7272.0	14492.1	-42.5	
50.45	121.4	8.2	0.0	0.0	-33.1	-0.1	316.5	-257.3	804.2	6827.9	14272.3	-33.1	
50.50	124.1	8.4	0.0	0.0	-34.3	-0.1	317.0	-252.2	818.7	6593.4	14137.8	-34.3	
50.55	126.8	8.5	0.0	0.0	-40.6	-0.1	321.1	-252.5	833.2	6418.2	14031.9	-40.6	
50.60	129.5	8.2	0.0	0.0	-46.5	-0.1	321.9	-234.9	847.5	6124.8	13861.7	-46.5	
50.65	132.2	7.9	0.0	0.0	-37.6	-0.1	307.2	-218.1	856.4	5666.4	13511.6	-37.6	
50.70	134.9	7.8	0.0	0.0	-20.8	-0.1	286.0	-210.2	861.0	5212.7	13130.7	-20.8	
50.75	137.6	7.9	0.0	0.0	-18.3	-0.1	279.4	-196.7	873.3	4958.0	12921.3	-18.3	
50.80	140.3	7.9	0.0	0.0	-22.1	-0.1	280.6	-183.8	891.3	4741.3	12744.2	-22.1	
50.85	143.0	7.9	0.0	0.0	-27.0	-0.1	282.9	-177.1	902.5	4558.0	12675.7	-27.0	
50.90	145.7	8.0	0.0	0.0	-39.6	-0.1	288.9	-170.0	907.0	4536.3	12764.5	-39.6	
50.95	148.4	7.9	0.0	0.0	-44.5	-0.1	290.6	-174.3	912.8	4590.1	12725.8	-44.5	
51.00	151.1	7.7	0.0	0.0	-38.6	-0.1	286.3	-173.0	922.3	4628.9	12507.3	-38.6	
51.05	153.8	7.5	0.0	0.0	-28.5	-0.1	276.9	-149.3	927.8	4534.5	12271.4	-28.5	
51.10	156.4	7.6	0.0	0.0	-12.3	-0.1	261.5	-130.9	924.3	4223.6	12088.5	-12.3	
51.15	159.1	7.5	0.0	0.0	-6.9	-0.1	258.4	-122.1	923.2	3886.9	12159.1	-6.9	
51.20	161.8	7.2	0.0	0.0	-13.4	-0.1	273.5	-108.1	932.9	3585.8	12484.1	-13.4	
51.25	164.5	7.2	0.0	0.0	-12.3	-0.1	285.6	-95.0	942.2	3251.0	12756.7	-12.3	
51.30	167.2	7.4	0.0	0.0	-10.5	-0.1	289.3	-82.3	942.8	3061.1	12948.6	-10.5	
51.35	169.9	7.8	0.0	0.0	-11.3	-0.1	290.9	-70.9	941.8	2960.9	13123.8	-11.3	
51.40	172.6	8.2	0.0	0.0	-9.5	-0.1	296.0	-66.4	942.9	2682.6	13342.8	-9.5	
51.45	175.3	8.3	0.0	0.0	-14.1	-0.1	307.6	-60.0	944.4	2322.2	13637.7	-14.1	
51.50	178.0	8.3	0.0	0.0	-19.2	-0.1	315.3	-45.9	942.4	1906.6	13834.0	-19.2	
51.55	180.7	8.2	0.0	0.0	-10.0	-0.1	308.8	-22.4	937.8	1329.6	13722.9	-10.0	
51.60	183.4	8.1	0.0	0.0	7.7	-0.1	295.7	7.5	938.0	660.6	13399.3	7.7	
51.65	186.1	8.2	0.0	0.0	19.2	-0.1	288.1	27.9	940.9	63.1	13124.4	19.2	
51.70	188.8	8.5	0.0	0.0	17.8	-0.1	291.0	36.1	942.0	-371.3	13075.4	17.8	
51.75	191.5	8.7	0.0	0.0	11.9	-0.1	299.8	47.0	942.1	-672.2	13187.2	11.9	
51.80	194.1	8.7	0.0	0.0	13.7	-0.1	302.0	65.8	941.2	-991.7	13219.8	13.7	
51.85	196.8	9.0	0.0	0.0	21.2	-0.1	296.0	85.4	937.6	-1389.6	13130.7	21.2	
51.90	199.5	8.9	0.0	0.0	21.6	-0.1	289.7	100.4	933.0	-1755.0	13019.3	21.6	
51.95	202.2	8.7	0.0	0.0	22.9	-0.1	286.0	109.0	928.7	-2173.9	12907.8	22.9	
52.00	204.9	8.9	0.0	0.0	32.2	-0.1	284.7	120.3	925.9	-2671.4	12797.4	32.2	
52.05	207.6	8.9	0.0	0.0	34.2	-0.1	286.5	141.7	924.1	-3095.1	12751.3	34.2	
52.10	210.3	9.0	0.0	0.0	30.9	-0.1	287.8	156.8	919.0	-3338.2	12748.4	30.9	
52.15	213.0	9.0	0.0	0.0	24.2	-0.1	287.2	159.9	910.9	-3438.2	12732.4	24.2	
52.20	215.7	8.7	0.0	0.0	21.8	-0.1	285.2	163.2	902.4	-3532.4	12635.9	21.8	
52.25	218.4	8.4	0.0	0.0	33.5	-0.1	279.8	166.3	893.8	-3680.2	12414.4	33.5	
52.30	221.1	8.0	0.0	0.0	39.9	-0.1	274.4	172.1	882.1	-3788.6	12239.0	39.9	
52.35	223.8	8.5	0.0	0.0	37.4	-0.1	272.4	186.1	869.4	-3844.1	12185.9	37.4	
52.40	226.5	8.7	0.0	0.0	37.8	-0.1	272.6	198.3	860.9	-3973.6	12117.0	37.8	
52.45	229.2	8.4	0.0	0.0	42.7	-0.1	274.4	206.8	856.2	-4177.7	12053.8	42.7	
52.50	231.9	8.0	0.0	0.0	38.9	-0.1	279.9	212.6	848.4	-4302.7	12162.4	38.9	
52.55	234.6	7.8	0.0	0.0	28.3	-0.1	286.9	215.6	835.2	-4319.1	12414.8	28.3	
52.60	237.4	7.6	0.0	0.0	27.2	-0.1	289.7	218.6	823.1	-4316.8	12548.2	27.2	
52.65	240.1	7.9	0.0	0.0	34.6	-0.1	292.8	225.5	816.4	-4370.1	12572.2	34.6	
52.70	242.8	8.1	0.0	0.0	34.0	-0.1	296.9	225.0	807.2	-4444.6	12670.1	34.0	
52.75	245.5	8.3	0.0	0.0	25.1	-0.1	297.1	218.8	789.6	-4530.4	12861.3	25.1	
52.80	248.2	8.4	0.0	0.0	21.7	-0.1	292.8	227.8	771.8	-4759.0	12945.6	21.7	
52.85	250.9	8.4	0.0	0.0	31.6	-0.1	285.2	248.2	761.1	-5138.4	12760.5	31.6	
52.90	253.6	8.3	0.0	0.0	39.1	-0.1	279.6	261.5	752.1	-5467.5	12504.1	39.1	
52.95	256.3	8.2	0.0	0.0	32.0	-0.1	280.4	261.8	739.8	-5604.4	12420.4	32.0	
53.00	259.0	7.9	0.0	0.0	25.2	-0.1	283.6	265.0	724.6	-5773.9	12456.1	25.2	
53.05	261.7	7.8	0.0	0.0	31.6	-0.1	279.5	274.2	710.3	-6125.2	12390.2	31.6	
53.10	264.4	7.8	0.0	0.0	40.7	-0.1	270.6	285.6	696.5	-6392.6	12264.1	40.7	
53.15	267.1	8.0	0.0	0.0	44.9	-0.1	262.3	290.3	681.3	-6459.2	12171.9	44.9	
53.20	269.8	8.1	0.0	0.0	51.0	-0.1	251.3	288.8	666.1	-6592.4	12010.0	51.0	
53.25	272.5	8.3	0.0	0.0	59.3	-0.1	243.5	291.9	655.6	-6832.5	11834.1	59.3	
53.30	275.2	8.1	0.0	0.0	55.1	-0.1	247.3	297.4	644.4	-7020.9	11888.5	55.1	
53.35	277.9	8.1	0.0	0.0	42.8	-0.1	258.6	297.1	630.8	-7104.6	12110.1	42.8	
53.40	280.6	8.3	0.0	0.0	27.0	-0.1	272.9	294.5	620.9	-7006.3	12294.6	27.0	
53.45	283.3	7.9	0.0	0.0	21.5	-0.1	282.3	287.1	614.8	-6851.9	12320.2	21.5	
53.50	286.0	7.9	0.0	0.0	26.7	-0.1	279.5	277.1	605.8	-6714.4	12218.7	26.7	
53.55	288.7	8.2	0.0	0.0	31.9	-0.1	270.3	271.2	590.8	-6483.3	12150.8	31.9	
53.60	291.4	8.3	0.0	0.0	43.2	-0.1	258.0	262.1	575.3	-6182.4	12044.6	43.2	
53.65	294.1	8.4	0.0	0.0	57.5	-0.1	248.7	252.0	565.1	-5853.5	11862.0	57.5	
53.70	296.8	8.5	0.0	0.0	58.0	-0.1	250.4	249.2	557.7	-5478.9	11829.6	58.0	
53.75	299.5	8.6	0.0	0.0	50.1	-0.1	258.4	239.4	548.2	-5099.0	12022.4	50.1	
53.80	302.3	8.5	0.0	0.0	46.5	-0.1	266.6	224.3	537.6	-4773.1	12301.9	46.5	
53.85	305.0	8.3	0.0	0.0	44.5	-0.1	277.4	217.3	527.8	-4484.2	12618.7	44.5	
53.90	307.7	8.1	0.0	0.0	40.8	-0.1	287.2	210.1	519.2	-4142.1	12889.7	40.8	
53.95	310.4	8.0	0.0	0.0	37.5	-0.1	291.2	196.4	508.6	-3761.7	13070.3	37.5	
54.00	313.1	8.0	0.0	0.0	41.1	-0.1	287.2	181.4	495.0	-3470.1	13159.6	41.1	
54.05	315.8	8.1	0.0	0.0	50.2	-0.1	279.7	169.2	480.8	-3272.5	13211.0	50.2	
54.10	318.5	8.0	0.0	0.0	55.7	-0.1	276.2	159.0	469.0	-3066.8	13266.2	55.7	
54.15	321.2	8.0	0.0	0.0	57.7	-0.1	278.4	149.5	460.8	-2835.1	13340.1	57.7	
54.20	323.9	8.0	0.0	0.0	59.8	-0.1	282.0	137.7	453.5	-2642.2	13440.0	59.8	
54.25	326.7	7.5	0.0	0.0	56.0	-0.1	288.3	131.3	446.3	-2539.9	13638.6	56.0	
54.30	329.4	7.4	0.0	0.0	55.9	-0.1	298.1	125.6	438.4	-2482.4	13951.6	55.9	
54.35	332.1	7.4	0.0	0.0	51.3	-0.1	308.3	117.6	431.3	-2379.3	14289.5	51.3	
54.40	334.8	7.6	0.0	0.0	46.7	-0.1	316.1	111.2	427.8	-2206.5	14522.1	46.7	
54.45	337.5	7.9	0.0	0.0	54.2	-0.1	313.3	98.8	425.8	-2040.9	14520.2	54.2	
54.50	340.2	8.2	0.0	0.0	62.1	-0.1	306.2	87.5	422.9	-1854.9	14447.6	62.1	
54.55	343.0	8.5	0.0	0.0	59.8	-0.1	306.5	75.6	419.2	-1549.1	14526.2	59.8	
54.60	345.7	8.7	0.0	0.0	50.8	-0.1	314.3	56.7	417.7	-1135.1	14722.8	50.8	
54.65	348.4	8.8	0.0	0.0	39.3	-0.1	325.5	37.4	419.9	-622.7	14930.0	39.3	
54.70	351.2	8.8	0.0	0.0	34.5	-0.1	331.6	23.3	420.4	-220.9	15068.1	34.5	
54.75	353.9	8.9	0.0	0.0	35.9	-0.1	329.7	10.7	416.1	60.3	15127.5	35.9	
54.80	356.6	9.2	0.0	0.0	35.8	-0.1	327.3	0.1	413.3	432.2	15170.5	35.8	
54.85	359.4	9.1	0.0	0.0	35.6	-0.1	326.7	-16.2	414.4	876.3	15190.9	35.6	
54.90	2.0	9.4	0.0	0.0	31.4	-0.1	325.6	-35.5	417.6	1365.6	15197.0	31.4	
54.95	4.8	9.6	0.0	0.0	26.0	-0.1	326.3	-47.8	417.9	1870.1	15296.3	26.0	
55.00	7.5	9.5	0.0	0.0	21.4	-0.1	327.2	-62.7	415.8	2386.0	15452.1	21.4	
55.05	10.2	9.1	0.0	0.0	13.7	-0.1	332.1	-84.1	416.4	3032.5	15650.4	13.7	
55.10	12.9	8.9	0.0	0.0	5.7	-0.1	337.2	-107.1	421.3	3706.8	15782.0	5.7	
55.15	15.6	9.0	0.0	0.0	6.8	-0.1	336.2	-123.1	425.2	4149.9	15797.2	6.8	
55.20	18.4	9.1	0.0	0.0	7.4	-0.1	330.4	-127.8	427.1	4390.2	15781.3	7.4	
55.25	21.1	9.1	0.0	0.0	3.1	-0.1	327.5	-137.5	428.5	4620.0	15848.8	3.1	
55.30	23.8	8.9	0.0	0.0	-1.9	-0.1	331.4	-153.9	434.2	4902.0	15976.0	-1.9	
55.35	26.5	8.8	0.0	0.0	-0.6	-0.1	339.7	-171.0	444.9	5222.4	16118.0	-0.6	
55.40	29.3	9.1	0.0	0.0	-4.5	-0.1	348.4	-186.4	451.8	5531.9	16348.5	-4.5	
55.45	32.0	9.7	0.0	0.0	-13.5	-0.1	354.1	-200.9	453.1	5901.4	16629.9	-13.5	
55.50	34.7	9.8	0.0	0.0	-16.2	-0.1	355.1	-218.8	456.9	6332.4	16769.6	-16.2	
55.55	37.5	9.7	0.0	0.0	-10.1	-0.1	360.5	-233.5	468.8	6691.1	16840.4	-10.1	
55.60	40.2	9.4	0.0	0.0	-7.6	-0.1	368.6	-241.0	482.5	6856.3	16986.3	-7.6	
55.65	42.9	9.1	0.0	0.0	-13.5	-0.1	375.6	-244.7	489.3	6847.3	17311.3	-13.5	
55.70	45.7	8.8	0.0	0.0	-23.8	-0.1	383.4	-241.0	496.0	6774.0	17742.1	-23.8	
55.75	48.4	8.5	0.0	0.0	-29.0	-0.1	393.3	-239.4	509.1	6812.7	18105.0	-29.0	
55.80	51.1	8.5	0.0	0.0	-27.3	-0.1	403.1	-248.8	524.5	7006.0	18383.9	-27.3	
55.85	53.9	8.5	0.0	0.0	-29.8	-0.1	411.0	-264.3	537.7	7325.6	18635.8	-29.8	
55.90	56.6	8.6	0.0	0.0	-31.2	-0.1	415.0	-282.8	546.2	7628.4	18903.0	-31.2	
55.95	59.4	8.8	0.0	0.0	-29.4	-0.1	415.3	-295.9	554.3	7827.0	19123.7	-29.4	
56.00	62.1	9.2	0.0	0.0	-36.5	-0.1	420.0	-299.3	567.1	8049.2	19331.0	-36.5	
56.05	64.9	9.5	0.0	0.0	-44.2	-0.1	427.0	-305.0	580.9	8223.0	19484.2	-44.2	
56.10	67.6	9.4	0.0	0.0	-46.6	-0.1	429.5	-311.1	592.9	8181.4	19523.3	-46.6	
56.15	70.4	9.1	0.0	0.0	-49.8	-0.1	429.7	-307.7	605.6	8041.3	19493.6	-49.8	
56.20	73.1	8.7	0.0	0.0	-54.4	-0.1	424.4	-302.6	619.5	7999.6	19326.3	-54.4	
56.25	75.9	8.5	0.0	0.0	-54.1	-0.1	412.7	-304.2	633.9	8136.2	18988.0	-54.1	
56.30	78.6	8.3	0.0	0.0	-51.5	-0.1	399.4	-308.3	650.0	8408.8	18563.4	-51.5	
56.35	81.4	8.3	0.0	0.0	-54.9	-0.1	389.7	-317.9	665.4	8707.0	18194.8	-54.9	
56.40	84.1	8.4	0.0	0.0	-57.3	-0.1	381.0	-333.0	679.5	8968.5	17868.5	-57.3	
56.45	86.9	8.3	0.0	0.0	-65.1	-0.1	378.6	-336.8	693.8	9130.2	17649.0	-65.1	
56.50	89.6	8.2	0.0	0.0	-68.5	-0.1	377.0	-328.2	709.6	9111.9	17390.3	-68.5	
56.55	92.4	8.4	0.0	0.0	-69.9	-0.1	376.3	-319.4	725.2	8982.5	17165.3	-69.9	
56.60	95.2	8.3	0.0	0.0	-81.6	-0.1	376.6	-318.1	740.3	8922.2	16978.1	-81.6	
56.65	97.9	8.2	0.0	0.0	-82.4	-0.1	373.0	-322.0	751.8	8822.6	16734.9	-82.4	
56.70	100.7	8.0	0.0	0.0	-78.9	-0.1	365.4	-317.9	764.1	8661.3	16346.8	-78.9	
56.75	103.5	8.3	0.0	0.0	-76.7	-0.1	358.7	-308.2	778.7	8615.2	15938.7	-76.7	
56.80	106.3	8.5	0.0	0.0	-72.8	-0.1	351.6	-311.4	791.5	8666.0	15600.9	-72.8	
56.85	109.0	8.5	0.0	0.0	-69.3	-0.1	348.2	-319.8	801.8	8646.6	15440.8	-69.3	
56.90	111.8	8.8	0.0	0.0	-68.3	-0.1	348.9	-309.7	812.4	8378.4	15384.1	-68.3	
56.95	114.6	8.7	0.0	0.0	-68.6	-0.1	346.6	-290.7	822.5	7905.0	15229.5	-68.6	
57.00	117.4	8.3	0.0	0.0	-68.4	-0.1	339.7	-274.5	831.6	7450.6	14928.1	-68.4	
57.05	120.2	8.0	0.0	0.0	-61.4	-0.1	330.0	-259.4	843.5	7032.1	14514.4	-61.4	
57.10	122.9	7.8	0.0	0.0	-46.9	-0.1	316.2	-246.3	857.1	6568.0	14000.8	-46.9	
57.15	125.7	7.6	0.0	0.0	-38.6	-0.1	301.1	-233.5	868.6	6191.3	13524.9	-38.6	
57.20	128.5	7.3	0.0	0.0	-34.5	-0.1	289.1	-226.9	877.3	5951.4	13208.5	-34.5	
57.25	131.3	7.3	0.0	0.0	-36.1	-0.1	283.4	-228.4	889.7	5861.0	12990.5	-36.1	
57.30	134.1	7.4	0.0	0.0	-38.8	-0.1	281.6	-226.9	905.2	5697.4	12808.0	-38.8	
57.35	136.9	7.7	0.0	0.0	-32.8	-0.1	279.3	-210.7	916.3	5334.9	12657.3	-32.8	
57.40	139.6	8.0	0.0	0.0	-26.2	-0.1	278.5	-188.6	921.3	4921.1	12660.9	-26.2	
57.45	142.4	8.5	0.0	0.0	-22.5	-0.1	282.6	-178.9	927.5	4571.0	12801.3	-22.5	
57.50	145.2	8.7	0.0	0.0	-23.3	-0.1	294.1	-172.4	941.0	4296.0	13006.4	-23.3	
57.55	148.0	8.9	0.0	0.0	-26.3	-0.1	305.2	-156.0	956.6	4097.1	13181.3	-26.3	
57.60	150.7	9.2	0.0	0.0	-22.4	-0.1	307.8	-142.3	964.4	3979.9	13333.4	-22.4	
57.65	153.5	9.6	0.0	0.0	-17.9	-0.1	307.9	-133.9	968.4	3957.6	13527.5	-17.9	
57.70	156.3	9.6	0.0	0.0	-18.0	-0.1	314.0	-126.8	977.0	3963.5	13795.8	-18.0	
57.75	159.1	9.4	0.0	0.0	-20.5	-0.1	324.0	-122.4	984.6	3841.8	14108.3	-20.5	
57.80	161.9	9.1	0.0	0.0	-26.5	-0.1	334.0	-109.2	986.5	3543.2	14453.6	-26.5	
57.85	164.7	9.3	0.0	0.0	-30.3	-0.1	340.6	-85.5	987.0	3092.8	14758.7	-30.3	
57.90	167.5	9.4	0.0	0.0	-21.3	-0.1	341.0	-67.3	990.5	2527.3	14904.8	-21.3	
57.95	170.3	9.3	0.0	0.0	-11.1	-0.1	343.1	-55.2	997.8	2018.7	14996.1	-11.1	
58.00	173.1	9.3	0.0	0.0	-8.4	-0.1	347.1	-41.2	1003.9	1648.9	15070.5	-8.4	
58.05	175.9	9.2	0.0	0.0	-3.2	-0.1	343.4	-32.2	1004.4	1320.7	15001.5	-3.2	
58.10	178.7	9.1	0.0	0.0	7.1	-0.1	332.7	-23.3	1002.2	980.8	14790.7	7.1	
58.15	181.5	9.0	0.0	0.0	16.7	-0.1	325.6	-6.1	1002.0	654.4	14612.5	16.7	
58.20	184.3	9.0	0.0	0.0	26.8	-0.1	321.3	9.4	1002.0	315.8	14478.3	26.8	
58.25	187.1	9.1	0.0	0.0	33.0	-0.1	317.5	25.6	1000.6	-124.0	14384.6	33.0	
58.30	189.9	9.2	0.0	0.0	37.1	-0.1	316.1	51.7	999.5	-773.3	14363.4	37.1	
58.35	192.8	9.6	0.0	0.0	40.0	-0.1	316.8	77.8	1001.9	-1451.1	14341.9	40.0	
58.40	195.6	9.8	0.0	0.0	36.5	-0.1	323.3	94.4	1006.4	-1877.1	14355.8	36.5	
58.45	198.4	9.6	0.0	0.0	30.1	-0.1	331.3	103.4	1008.0	-2072.0	14374.0	30.1	
58.50	201.2	9.8	0.0	0.0	30.4	-0.1	332.2	110.9	1004.7	-2258.7	14307.4	30.4	
58.55	204.1	10.0	0.0	0.0	28.6	-0.1	329.0	119.6	999.9	-2463.0	14203.7	28.6	
58.60	206.9	10.0	0.0	0.0	24.4	-0.1	322.4	125.1	993.2	-2598.4	14045.1	24.4	
58.65	209.7	9.8	0.0	0.0	27.2	-0.1	312.6	124.4	983.7	-2712.4	13777.6	27.2	
58.70	212.6	9.5	0.0	0.0	37.2	-0.1	304.3	136.5	975.2	-2970.3	13473.6	37.2	
58.75	215.4	9.3	0.0	0.0	42.5	-0.1	298.0	163.0	969.2	-3407.7	13193.7	42.5	
58.80	218.2	9.3	0.0	0.0	42.1	-0.1	291.8	182.5	961.4	-3874.0	12950.7	42.1	
58.85	221.1	9.4	0.0	0.0	39.6	-0.1	288.9	193.0	952.2	-4121.4	12722.3	39.6	
58.90	223.9	9.5	0.0	0.0	42.8	-0.1	284.0	196.2	945.0	-4157.7	12421.3	42.8	
58.95	226.7	9.8	0.0	0.0	48.8	-0.1	276.8	203.4	937.3	-4173.5	12187.6	48.8	
59.00	229.6	10.2	0.0	0.0	48.0	-0.1	276.0	218.2	925.9	-4165.8	12246.7	48.0	
59.05	232.4	10.5	0.0	0.0	48.3	-0.1	279.3	218.6	912.1	-4206.7	12471.3	48.3	
59.10	235.3	10.1	0.0	0.0	53.3	-0.1	285.2	213.8	900.9	-4409.2	12711.7	53.3	
59.15	238.2	10.1	0.0	0.0	50.8	-0.1	297.6	227.8	894.2	-4692.3	13018.6	50.8	
59.20	241.0	10.3	0.0	0.0	53.9	-0.1	306.7	243.7	885.2	-5045.3	13326.5	53.9	
59.25	243.9	10.5	0.0	0.0	59.0	-0.1	314.7	250.6	873.4	-5375.8	13656.6	59.0	
59.30	246.7	10.8	0.0	0.0	50.8	-0.1	330.8	255.9	864.8	-5588.7	14072.0	50.8	
59.35	249.6	11.0	0.0	0.0	44.4	-0.1	343.7	255.4	857.3	-5738.2	14429.0	44.4	
59.40	252.5	11.1	0.0	0.0	44.7	-0.1	350.6	249.9	847.1	-5718.5	14690.3	44.7	
59.45	255.3	11.1	0.0	0.0	47.3	-0.1	353.5	248.6	832.2	-5556.2	14894.8	47.3	
59.50	258.2	11.0	0.0	0.0	58.1	-0.1	348.6	254.1	816.7	-5624.5	14992.1	58.1	
59.55	261.1	10.7	0.0	0.0	68.0	-0.1	340.6	267.2	804.6	-5925.7	14978.6	68.0	
59.60	263.9	10.4	0.0	0.0	76.2	-0.1	332.3	281.5	791.6	-6218.4	14908.2	76.2	
59.65	266.8	10.3	0.0	0.0	87.8	-0.1	320.9	288.2	776.7	-6479.3	14736.3	87.8	
59.70	269.6	10.1	0.0	0.0	91.0	-0.1	318.1	297.8	764.5	-6637.4	14635.7	91.0	
59.75	272.5	9.7	0.0	0.0	78.5	-0.1	325.3	306.9	755.4	-6667.3	14689.8	78.5	
59.80	275.4	9.5	0.0	0.0	73.8	-0.1	328.8	298.4	744.6	-6640.7	14760.7	73.8	
59.85	278.3	9.5	0.0	0.0	81.8	-0.1	326.1	285.5	729.3	-6513.8	14814.8	81.8	
59.90	281.1	9.8	0.0	0.0	92.4	-0.1	318.6	273.5	714.7	-6266.6	14783.5	92.4	
59.95	284.0	10.0	0.0	0.0	103.6	-0.1	307.5	261.5	700.9	-6077.4	14639.0	103.6	
60.00	286.9	10.1	0.0	0.0	111.8	-0.1	302.7	267.6	687.3	-6064.6	14586.9	111.8	
60.05	289.8	10.0	0.0	0.0	119.4	-0.1	304.0	272.2	674.7	-6084.5	14695.1	119.4	
60.10	292.7	10.1	0.0	0.0	120.8	-0.1	306.9	259.1	662.2	-5975.0	14872.9	120.8	
60.15	295.5	10.3	0.0	0.0	106.9	-0.1	316.0	254.6	650.5	-5699.1	15124.6	106.9	
60.20	298.4	10.4	0.0	0.0	102.7	-0.1	321.5	254.3	642.4	-5422.2	15241.2	102.7	
60.25	301.3	10.4	0.0	0.0	109.3	-0.1	320.8	240.7	636.9	-5056.3	15235.9	109.3	
60.30	304.2	10.4	0.0	0.0	100.2	-0.1	327.8	224.4	629.5	-4463.5	15410.2	100.2	
60.35	307.1	10.8	0.0	0.0	82.3	-0.1	340.9	207.2	618.6	-3937.5	15752.8	82.3	
60.40	310.0	10.9	0.0	0.0	77.7	-0.1	346.5	196.1	607.7	-3709.3	16003.9	77.7	
60.45	312.9	10.7	0.0	0.0	84.1	-0.1	344.1	194.4	596.9	-3618.2	16137.9	84.1	
60.50	315.8	10.3	0.0	0.0	90.8	-0.1	335.6	187.7	582.8	-3521.5	16141.4	90.8	
60.55	318.8	10.5	0.0	0.0	90.1	-0.1	328.0	179.3	570.8	-3397.0	15997.0	90.1	
60.60	321.7	10.8	0.0	0.0	86.4	-0.1	324.4	172.2	568.0	-3271.2	15740.5	86.4	
60.65	324.6	10.9	0.0	0.0	85.4	-0.1	324.3	158.9	565.6	-3126.4	15615.7	85.4	
60.70	327.5	10.6	0.0	0.0	78.0	-0.1	330.8	140.6	554.4	-2860.6	15790.1	78.0	
60.75	330.4	10.5	0.0	0.0	60.0	-0.1	343.4	122.7	542.6	-2433.7	16065.8	60.0	
60.80	333.4	10.7	0.0	0.0	48.5	-0.1	352.9	110.1	540.2	-2101.3	16136.8	48.5	
60.85	336.3	10.7	0.0	0.0	55.5	-0.1	349.2	103.9	538.4	-2050.4	15965.0	55.5	
60.90	339.2	10.6	0.0	0.0	65.0	-0.1	336.5	102.7	527.9	-2071.3	15732.3	65.0	
60.95	342.1	10.7	0.0	0.0	67.0	-0.1	325.2	98.2	519.8	-1914.2	15489.7	67.0	
61.00	345.0	10.7	0.0	0.0	65.8	-0.1	321.3	84.7	524.8	-1612.3	15247.0	65.8	
61.05	348.0	10.7	0.0	0.0	59.6	-0.1	323.1	67.2	533.3	-1211.3	15108.7	59.6	
61.10	350.9	10.6	0.0	0.0	53.0	-0.1	326.9	47.6	532.0	-750.7	15183.0	53.0	
61.15	353.9	10.6	0.0	0.0	45.5	-0.1	329.4	19.5	525.2	-250.6	15338.8	45.5	
61.20	356.8	10.6	0.0	0.0	32.3	-0.1	339.8	-3.1	526.8	248.3	15568.5	32.3	
61.25	359.7	10.6	0.0	0.0	17.0	-0.1	353.8	-16.9	535.0	758.7	15810.8	17.0	
61.30	2.7	10.8	0.0	0.0	12.5	-0.1	357.0	-37.4	534.8	1183.2	15945.1	12.5	
61.35	5.6	11.0	0.0	0.0	12.0	-0.1	353.2	-53.2	529.0	1516.9	16003.1	12.0	
61.40	8.6	11.0	0.0	0.0	9.2	-0.1	351.1	-59.5	529.5	1834.3	15997.6	9.2	
61.45	11.5	10.9	0.0	0.0	12.4	-0.1	347.2	-72.3	536.9	2250.7	15855.0	12.4	
61.50	14.4	10.8	0.0	0.0	12.2	-0.1	343.8	-92.7	543.9	2903.1	15707.8	12.2	
61.55	17.4	10.6	0.0	0.0	-0.8	-0.1	344.6	-112.6	548.5	3628.5	15695.3	-0.8	
61.60	20.3	10.8	0.0	0.0	-4.0	-0.1	346.1	-131.3	553.9	4203.1	15775.3	-4.0	
61.65	23.3	10.8	0.0	0.0	-1.5	-0.1	350.0	-147.7	559.0	4658.9	16000.4	-1.5	
61.70	26.2	10.7	0.0	0.0	-3.9	-0.1	361.6	-166.8	562.3	5123.8	16457.8	-3.9	
61.75	29.2	10.5	0.0	0.0	-14.4	-0.1	378.9	-179.7	567.5	5440.9	17082.9	-14.4	
61.80	32.2	10.7	0.0	0.0	-18.7	-0.1	391.6	-180.5	576.2	5485.7	17642.1	-18.7	
61.85	35.1	11.1	0.0	0.0	-16.2	-0.1	400.0	-184.8	583.0	5474.3	18129.0	-16.2	
61.90	38.1	11.6	0.0	0.0	-15.9	-0.1	410.2	-203.2	589.8	5678.4	18594.6	-15.9	
61.95	41.1	11.8	0.0	0.0	-22.9	-0.1	423.6	-225.5	604.3	6088.9	18950.7	-22.9	
62.00	44.1	11.9	0.0	0.0	-29.0	-0.1	432.0	-240.9	622.7	6482.0	19120.3	-29.0	
62.05	47.0	11.9	0.0	0.0	-25.8	-0.1	432.8	-254.9	634.2	6837.3	19214.4	-25.8	
62.10	50.0	12.0	0.0	0.0	-23.6	-0.1	436.6	-269.2	640.0	7123.7	19480.9	-23.6	
62.15	52.9	12.1	0.0	0.0	-28.5	-0.1	447.6	-278.0	650.6	7280.3	19896.0	-28.5	
62.20	55.9	12.2	0.0	0.0	-38.8	-0.1	462.0	-274.6	667.4	7280.4	20266.8	-38.8	
62.25	58.9	12.4	0.0	0.0	-41.4	-0.1	468.1	-269.7	681.8	7189.4	20435.3	-41.4	
62.30	61.9	12.4	0.0	0.0	-37.3	-0.1	462.6	-270.3	695.4	7199.0	20369.2	-37.3	
62.35	64.8	12.2	0.0	0.0	-41.9	-0.1	457.2	-271.9	713.0	7329.2	20252.1	-41.9	
62.40	67.8	11.9	0.0	0.0	-53.0	-0.1	456.8	-276.8	732.3	7458.7	20164.3	-53.0	
62.45	70.8	11.8	0.0	0.0	-56.4	-0.1	456.0	-285.9	749.7	7662.0	20065.9	-56.4	
62.50	73.8	12.1	0.0	0.0	-63.9	-0.1	453.9	-304.2	764.5	8024.2	19932.4	-63.9	
62.55	76.8	12.5	0.0	0.0	-68.6	-0.1	445.7	-326.3	778.2	8414.3	19631.7	-68.6	
62.60	79.8	12.8	0.0	0.0	-62.6	-0.1	430.8	-330.7	791.7	8591.1	19180.0	-62.6	
62.65	82.9	12.8	0.0	0.0	-47.7	-0.1	409.5	-322.9	804.8	8481.5	18612.0	-47.7	
62.70	85.9	12.8	0.0	0.0	-35.6	-0.1	391.7	-321.7	818.5	8367.8	18166.1	-35.6	
62.75	88.9	12.8	0.0	0.0	-41.0	-0.1	383.3	-321.7	833.5	8397.8	17968.5	-41.0	
62.80	91.9	12.8	0.0	0.0	-47.8	-0.1	381.6	-311.4	848.7	8416.8	17927.0	-47.8	
62.85	94.9	12.5	0.0	0.0	-48.2	-0.1	385.2	-301.3	864.7	8399.2	17967.3	-48.2	
62.90	97.9	12.4	0.0	0.0	-61.7	-0.1	394.6	-303.0	882.3	8527.4	18092.7	-61.7	
62.95	100.9	12.2	0.0	0.0	-83.9	-0.1	411.9	-314.7	899.5	8812.4	18347.6	-83.9	
63.00	104.0	12.2	0.0	0.0	-99.2	-0.1	427.3	-321.9	915.0	8954.0	18550.5	-99.2	
63.05	107.0	11.7	0.0	0.0	-97.0	-0.1	431.7	-314.3	931.8	8813.3	18581.8	-97.0	
63.10	110.0	11.3	0.0	0.0	-90.3	-0.1	428.7	-301.0	944.5	8458.4	18627.1	-90.3	
63.15	113.1	11.6	0.0	0.0	-88.9	-0.1	427.7	-295.8	954.9	8169.2	18714.4	-88.9	
63.20	116.1	11.9	0.0	0.0	-82.9	-0.1	427.5	-295.9	970.3	7932.5	18662.0	-82.9	
63.25	119.1	12.2	0.0	0.0	-69.8	-0.1	421.4	-286.7	987.5	7563.7	18451.2	-69.8	
63.30	122.2	12.4	0.0	0.0	-48.9	-0.1	405.3	-266.7	999.0	7148.6	18129.4	-48.9	
63.35	125.2	12.5	0.0	0.0	-34.7	-0.1	389.8	-253.4	1003.3	6849.4	17875.0	-34.7	
63.40	128.2	12.6	0.0	0.0	-34.5	-0.1	384.9	-253.0	1012.8	6682.7	17612.0	-34.5	
63.45	131.3	12.7	0.0	0.0	-43.8	-0.1	393.7	-246.8	1033.3	6482.6	17353.3	-43.8	
63.50	134.3	12.8	0.0	0.0	-50.9	-0.1	404.1	-231.7	1051.8	6170.2	17181.3	-50.9	
63.55	137.3	12.8	0.0	0.0	-51.2	-0.1	403.8	-209.2	1057.3	5725.2	17056.6	-51.2	
63.60	140.4	12.5	0.0	0.0	-50.7	-0.1	399.1	-185.1	1063.8	5297.4	16852.8	-50.7	
63.65	143.4	12.1	0.0	0.0	-42.1	-0.1	393.2	-170.2	1078.9	4833.8	16504.3	-42.1	
63.70	146.5	11.9	0.0	0.0	-29.0	-0.1	383.5	-162.4	1096.3	4505.7	16072.0	-29.0	
63.75	149.5	11.8	0.0	0.0	-16.4	-0.1	369.1	-152.7	1103.9	4295.4	15750.3	-16.4	
63.80	152.6	11.7	0.0	0.0	8.3	-0.1	349.7	-145.3	1103.6	3981.7	15538.9	8.3	
63.85	155.7	11.6	0.0	0.0	23.7	-0.1	345.8	-135.4	1112.7	3702.1	15544.5	23.7	
63.90	158.7	11.4	0.0	0.0	8.8	-0.1	364.3	-130.0	1131.0	3548.0	15805.6	8.8	
63.95	161.8	11.5	0.0	0.0	-12.1	-0.1	387.6	-129.9	1141.6	3299.1	16189.5	-12.1	
64.00	164.9	11.6	0.0	0.0	-25.1	-0.1	400.5	-109.5	1143.0	2845.1	16497.2	-25.1	
64.05	168.0	11.5	0.0	0.0	-17.6	-0.1	402.5	-74.3	1143.7	2275.1	16625.2	-17.6	
64.10	171.1	11.2	0.0	0.0	-4.8	-0.1	398.6	-52.9	1146.7	1755.0	16567.4	-4.8	
64.15	174.1	11.2	0.0	0.0	-0.6	-0.1	392.8	-38.7	1151.8	1397.0	16381.8	-0.6	
64.20	177.2	11.2	0.0	0.0	6.6	-0.1	382.5	-24.5	1155.3	1159.1	16085.7	6.6	
64.25	180.3	11.2	0.0	0.0	28.5	-0.1	362.1	-10.7	1154.3	823.8	15647.4	28.5	
64.30	183.4	11.2	0.0	0.0	41.5	-0.1	352.2	9.3	1154.7	535.9	15411.8	41.5	
64.35	186.5	11.2	0.0	0.0	34.3	-0.1	359.0	24.2	1160.3	353.6	15464.7	34.3	
64.40	189.5	11.4	0.0	0.0	26.7	-0.1	369.1	31.0	1161.6	-36.3	15659.5	26.7	
64.45	192.7	11.3	0.0	0.0	22.8	-0.1	377.2	48.8	1155.7	-643.1	15896.2	22.8	
64.50	195.8	11.4	0.0	0.0	26.3	-0.1	376.6	76.7	1150.8	-1272.8	15929.6	26.3	
64.55	198.9	11.8	0.0	0.0	40.0	-0.1	368.5	94.2	1149.6	-1819.8	15707.6	40.0	
64.60	202.0	11.7	0.0	0.0	49.6	-0.1	364.0	106.8	1148.8	-2225.1	15493.5	49.6	
64.65	205.1	11.6	0.0	0.0	47.8	-0.1	365.7	119.8	1144.5	-2550.6	15465.8	47.8	
64.70	208.2	11.4	0.0	0.0	40.4	-0.1	368.9	126.9	1138.2	-2834.6	15536.8	40.4	
64.75	211.3	11.8	0.0	0.0	33.6	-0.1	371.8	133.9	1133.5	-2993.6	15549.4	33.6	
64.80	214.4	12.0	0.0	0.0	35.4	-0.1	369.9	148.8	1127.3	-3137.6	15407.2	35.4	
64.85	217.6	12.1	0.0	0.0	46.9	-0.1	357.3	165.5	1117.0	-3471.5	15093.2	46.9	
64.90	220.7	11.8	0.0	0.0	54.0	-0.1	340.3	190.7	1106.9	-3979.3	14739.1	54.0	
64.95	223.8	11.7	0.0	0.0	64.5	-0.1	325.4	218.6	1099.4	-4574.6	14420.7	64.5	
65.00	227.0	11.8	0.0	0.0	92.7	-0.1	311.5	256.9	1094.8	-6079.4	14228.2	92.7	
65.05	230.2	11.6	0.0	0.0	80.6	-0.1	317.2	255.0	1093.4	-6334.1	14320.0	80.6	
65.10	233.3	11.7	0.0	0.0	51.8	-0.1	353.7	287.4	1091.0	-6168.4	14790.7	51.8	
65.15	236.5	12.1	117.9	0.5	-251.2	-0.1	323.7	245.4	1084.0	-6363.4	14527.1	88.7	
65.20	239.7	12.2	108.7	0.9	-253.9	-0.1	330.7	257.1	1070.1	-6194.5	14790.8	70.9	
65.25	242.9	12.2	97.8	1.2	-261.8	0.0	371.6	277.4	1054.0	-6138.9	15336.4	38.0	
65.30	246.1	12.3	99.7	1.4	-259.8	0.1	353.5	229.8	1043.1	-6672.6	15083.7	55.5	
65.35	249.2	12.4	95.6	1.5	-260.7	0.1	352.2	254.5	1030.1	-6890.4	15031.9	47.4	
65.40	252.4	12.3	94.1	1.7	-262.5	0.2	363.6	310.3	1012.0	-7005.1	15001.7	45.7	
65.45	255.6	12.2	101.0	1.7	-256.2	0.3	326.5	308.8	1001.8	-7363.5	14398.4	79.6	
65.50	258.8	12.4	97.2	1.8	-254.1	0.4	322.4	329.1	1000.1	-7336.6	14202.3	71.2	
65.55	261.9	12.4	91.2	1.9	-254.6	0.5	350.1	327.9	993.2	-7160.3	14271.5	52.5	
65.60	265.1	12.2	93.5	1.9	-249.3	0.6	334.9	289.3	982.0	-7077.3	13999.3	67.2	
65.65	268.4	12.1	92.4	1.9	-247.8	0.7	326.6	305.6	968.9	-6809.7	14003.8	66.1	
65.70	271.5	11.8	92.6	1.9	-252.0	0.8	340.9	332.1	951.4	-6871.0	14247.6	63.3	
65.75	274.8	11.7	96.0	2.0	-255.1	0.9	336.3	304.9	940.6	-7165.3	14441.8	72.6	
65.80	278.1	11.7	92.7	2.0	-261.7	1.0	348.8	290.5	935.6	-7177.3	14997.9	55.0	
65.85	281.4	11.4	92.0	2.0	-269.3	1.1	374.0	290.1	923.1	-7280.2	15535.9	45.5	
65.90	284.6	11.0	98.7	2.0	-268.0	1.2	358.5	278.1	910.8	-7399.1	15445.2	69.9	
65.95	287.9	10.6	100.5	2.0	-264.3	1.3	338.7	297.0	900.7	-7210.3	15241.2	80.3	
66.00	291.1	10.7	99.7	2.0	-263.5	1.4	344.3	300.5	888.0	-7075.1	15227.8	78.3	
66.05	294.4	10.6	102.0	2.0	-262.6	1.5	342.3	265.9	875.6	-6969.2	15289.3	87.3	
66.10	297.7	10.4	100.2	2.0	-264.4	1.6	345.9	263.6	864.1	-6615.4	15598.2	79.2	
66.15	300.9	10.7	99.8	2.0	-265.6	1.7	355.1	275.8	851.4	-6441.4	15732.6	77.0	
66.20	304.2	10.8	103.5	2.0	-261.7	1.8	345.0	278.1	847.6	-6362.8	15467.4	93.6	
66.25	307.5	10.9	100.9	2.0	-257.5	1.9	339.4	277.2	854.4	-5904.3	15321.4	88.7	
66.30	310.9	10.8	96.6	2.0	-256.4	2.0	346.8	254.8	852.4	-5609.4	15366.1	75.3	
66.35	314.2	10.8	96.0	2.0	-255.9	2.1	345.3	228.4	839.0	-5542.5	15416.5	73.6	
66.40	317.6	10.6	92.0	2.0	-256.2	2.2	347.1	228.1	828.8	-5250.6	15542.0	59.7	
66.45	320.9	10.3	85.6	2.0	-254.9	2.3	359.1	212.8	824.7	-4853.1	15570.4	38.8	
66.50	324.3	10.1	79.3	2.0	-251.4	2.4	364.7	178.8	825.2	-4375.6	15466.0	20.9	
66.55	327.6	10.2	75.6	2.0	-247.2	2.5	357.1	157.8	819.8	-3906.5	15316.9	12.3	
66.60	331.0	10.3	77.7	2.0	-240.3	2.6	337.5	137.4	804.6	-3751.4	14909.8	26.5	
66.65	334.4	10.0	78.0	2.0	-230.8	2.7	316.6	126.7	797.2	-3447.6	14317.5	37.0	
66.70	337.7	10.3	74.5	2.0	-222.7	2.8	304.7	128.1	801.7	-2828.7	13852.0	33.2	
66.75	341.1	10.8	72.7	2.0	-217.3	2.9	297.7	115.1	802.2	-2374.7	13559.6	32.2	
66.80	344.4	10.8	71.5	2.0	-216.0	3.0	293.8	106.7	794.7	-2177.1	13520.4	29.4	
66.85	347.8	10.7	70.2	2.0	-217.8	3.1	296.6	105.4	789.2	-1920.4	13693.8	23.2	
66.90	351.2	10.6	64.9	2.0	-218.1	3.2	302.9	74.7	795.0	-1401.1	13779.1	4.7	
66.95	354.6	10.7	58.4	2.0	-217.2	3.3	310.0	43.1	807.7	-691.6	13754.7	-16.7	
67.00	358.0	10.8	58.4	2.0	-217.4	3.4	313.8	36.4	814.7	-240.2	13770.2	-17.0	
67.05	1.4	10.8	58.3	2.0	-218.4	3.5	314.6	16.6	811.6	80.4	13853.2	-18.2	
67.10	4.8	10.7	52.1	2.0	-220.6	3.6	320.8	-21.9	810.5	641.1	13989.1	-41.9	
67.15	8.3	10.7	48.0	2.0	-220.2	3.7	323.8	-58.3	818.2	1230.3	13890.0	-55.6	
67.20	11.7	10.9	50.2	2.0	-214.0	3.8	308.6	-76.5	823.9	1467.3	13420.2	-41.5	
67.25	15.1	11.1	50.2	2.0	-206.5	3.9	285.7	-72.3	826.1	1722.4	12888.9	-34.3	
67.30	18.6	11.3	49.5	2.0	-201.9	4.0	270.2	-79.8	828.1	2147.0	12506.0	-31.8	
67.35	22.0	11.2	49.3	2.0	-201.1	4.1	269.4	-107.8	840.8	2673.4	12306.8	-31.8	
67.40	25.4	11.2	48.2	2.0	-203.9	4.2	279.9	-122.4	861.3	3228.1	12330.4	-38.3	
67.45	28.9	11.4	48.9	2.0	-208.7	4.3	290.5	-129.1	870.9	3688.1	12530.4	-40.8	
67.50	32.3	11.4	46.9	2.0	-214.0	4.4	294.5	-134.4	872.7	4128.1	12796.2	-52.9	
67.55	35.8	11.4	43.4	2.0	-218.2	4.5	295.6	-145.1	886.9	4613.6	12940.8	-69.1	
67.60	39.3	11.5	44.1	2.0	-222.0	4.6	305.8	-166.6	908.4	4900.2	13064.0	-70.7	
67.65	42.8	11.6	44.8	2.0	-225.9	4.7	316.2	-188.1	926.6	5103.0	13226.6	-72.1	
67.70	46.3	11.5	41.9	2.0	-230.3	4.8	314.4	-206.0	937.7	5395.2	13432.2	-86.4	
67.75	49.8	11.5	41.7	2.0	-234.4	4.9	311.1	-222.7	946.0	5726.0	13610.8	-91.4	
67.80	53.3	11.6	41.2	2.0	-237.6	5.0	315.4	-239.0	962.0	6035.2	13680.7	-96.3	
67.85	56.8	11.3	40.4	2.0	-240.8	5.1	323.0	-257.2	982.9	6361.6	13726.0	-102.0	
67.90	60.2	11.3	38.9	2.0	-244.0	5.2	327.0	-278.0	994.0	6636.8	13804.2	-110.3	
67.95	63.7	11.4	37.8	2.0	-246.0	5.3	323.9	-285.8	997.7	6881.1	13838.5	-116.2	
68.00	67.2	11.4	35.5	2.0	-243.4	5.4	312.2	-276.9	1016.1	7119.1	13528.7	-121.5	
68.05	70.7	11.5	36.8	2.0	-235.7	5.5	300.3	-272.6	1045.7	7245.7	12808.9	-109.4	
68.10	74.2	11.5	38.1	2.0	-227.0	5.6	286.6	-278.1	1074.3	7362.4	11971.4	-96.2	
68.15	77.7	11.5	36.5	2.0	-219.5	5.7	257.4	-282.9	1093.8	7497.8	11250.3	-94.3	
68.20	81.2	11.7	37.5	2.0	-213.2	5.8	225.4	-275.4	1103.3	7498.3	10757.5	-84.3	
68.25	84.7	11.7	37.0	2.0	-209.5	5.9	213.0	-262.3	1118.6	7467.0	10491.5	-82.6	
68.30	88.2	11.7	32.5	2.0	-210.7	6.0	219.7	-273.5	1147.6	7700.9	10356.8	-99.0	
68.35	91.8	11.8	27.0	2.0	-215.5	6.1	237.9	-300.0	1172.8	7947.3	10478.1	-122.7	
68.40	95.3	12.0	23.3	2.0	-218.7	6.2	251.3	-313.7	1187.2	7973.0	10682.7	-138.7	
68.45	98.9	12.3	21.5	2.0	-217.2	6.3	248.1	-303.4	1200.9	7783.3	10700.7	-143.2	
68.50	102.4	12.6	20.9	2.0	-212.9	6.4	241.2	-289.3	1217.6	7590.9	10477.2	-141.1	
68.55	106.0	12.3	18.4	2.0	-208.8	6.5	243.7	-292.4	1235.8	7499.9	10127.8	-145.5	
68.60	109.5	12.1	15.7	2.0	-204.9	6.6	244.2	-295.2	1253.1	7449.7	9775.1	-151.1	
68.65	113.1	12.0	13.6	2.0	-198.1	6.7	233.8	-277.4	1265.9	7220.0	9363.6	-151.6	
68.70	116.6	12.0	15.3	2.0	-187.8	6.8	211.5	-261.3	1274.1	6859.2	8745.8	-135.1	
68.75	120.1	11.6	18.4	2.0	-176.4	6.9	182.5	-246.2	1285.3	6556.8	7982.9	-113.3	
68.80	123.7	11.2	18.7	2.0	-167.4	7.0	162.6	-228.8	1306.3	6476.2	7231.5	-103.1	
68.85	127.2	10.9	17.3	2.0	-159.2	7.1	152.7	-226.2	1329.1	6314.5	6543.6	-99.9	
68.90	130.8	10.7	14.3	2.0	-149.4	7.2	141.4	-216.7	1346.8	5846.8	6001.6	-100.2	
68.95	134.3	10.5	9.7	2.0	-140.4	7.3	133.4	-185.1	1356.9	5217.3	5767.9	-107.0	
69.00	137.9	10.4	5.4	2.0	-134.7	7.4	133.8	-169.7	1365.4	4656.8	5717.4	-116.1	
69.05	141.5	10.5	-1.3	2.0	-132.8	7.5	145.1	-165.5	1384.4	4338.0	5754.6	-137.2	
69.10	145.1	10.6	-8.2	2.0	-129.6	7.6	150.8	-152.4	1403.8	4042.7	5671.1	-157.7	
69.15	148.7	10.6	-9.6	2.0	-121.2	7.7	136.1	-144.3	1408.1	3517.1	5316.1	-154.2	
69.20	152.2	10.7	-8.0	2.0	-113.3	7.8	115.0	-139.2	1409.1	3221.2	4850.1	-140.6	
69.25	155.8	10.8	-9.0	2.0	-108.7	7.9	108.9	-122.9	1417.9	3140.4	4534.9	-139.5	
69.30	159.3	10.9	-10.1	2.0	-103.3	8.0	110.6	-102.4	1430.1	2816.2	4300.4	-137.8	
69.35	162.9	10.9	-11.0	2.0	-97.8	8.1	113.9	-67.3	1434.1	2168.2	4254.5	-135.5	
69.40	166.4	11.0	-11.1	2.0	-94.3	8.2	115.3	-29.6	1431.1	1423.3	4318.9	-132.3	
69.45	170.0	11.2	-9.8	2.0	-90.8	8.3	112.8	-12.8	1434.0	786.4	4224.5	-124.4	
69.50	173.6	11.3	-9.4	2.0	-86.6	8.4	109.2	0.4	1447.6	487.9	3953.5	-118.7	
69.55	177.1	11.5	-10.3	2.0	-81.1	8.5	99.1	23.8	1459.2	338.4	3560.9	-116.3	
69.60	180.7	11.2	-10.1	2.0	-77.0	8.6	84.9	38.8	1456.2	-76.0	3292.8	-111.8	
69.65	184.3	11.0	-14.4	2.0	-78.2	8.7	84.5	46.6	1451.3	-426.0	3355.3	-127.5	
69.70	187.9	11.0	-19.1	2.0	-81.1	8.8	91.4	47.5	1449.6	-760.1	3504.0	-146.5	
69.75	191.5	11.3	-20.2	2.0	-83.1	8.9	91.2	55.0	1444.9	-1285.6	3499.3	-152.5	
69.80	195.1	11.2	-18.9	2.0	-87.0	9.0	86.2	98.0	1435.9	-1996.8	3423.0	-151.9	
69.85	198.6	11.1	-16.8	2.0	-92.8	9.1	79.6	132.9	1429.0	-2784.4	3322.3	-150.4	
69.90	202.2	11.2	-17.2	2.0	-97.1	9.2	82.7	139.8	1428.0	-3262.9	3298.3	-156.3	
69.95	205.8	11.3	-22.5	2.0	-99.4	9.3	97.5	145.8	1430.2	-3372.3	3381.2	-176.6	
70.00	209.4	11.3	-21.2	2.0	-102.0	9.4	102.7	153.1	1423.4	-3645.8	3346.6	-174.9	
70.05	212.9	10.9	-18.6	2.0	-104.7	9.5	98.3	180.9	1406.6	-3938.9	3245.4	-168.5	
70.10	216.5	11.0	-19.7	2.0	-104.5	9.6	85.8	211.0	1389.1	-4060.1	2981.1	-172.1	
70.15	220.1	11.1	-15.3	2.0	-104.7	9.7	69.5	214.1	1375.2	-4420.6	2484.8	-157.4	
70.20	223.6	11.1	-9.8	2.0	-107.6	9.8	61.8	222.2	1368.6	-4885.6	2000.4	-141.3	
70.25	227.2	10.7	-10.0	2.0	-112.1	9.9	57.7	242.9	1360.7	-5306.8	1699.0	-146.4	
70.30	230.8	10.5	-12.4	2.0	-117.5	10.0	49.3	258.6	1344.0	-5762.1	1481.8	-160.2	
70.35	234.4	10.6	-14.3	2.0	-120.7	10.1	43.6	277.0	1329.6	-6037.3	1206.5	-170.0	
70.40	237.9	11.0	-15.4	2.0	-121.7	10.2	40.3	283.3	1322.6	-6164.4	837.3	-174.5	
70.45	241.5	11.3	-17.1	2.0	-122.3	10.3	38.6	266.6	1310.3	-6295.7	588.1	-181.0	
70.50	245.1	11.4	-22.4	2.0	-122.5	10.4	39.1	267.8	1283.7	-6321.0	635.4	-199.4	
70.55	248.6	11.3	-23.9	2.0	-123.8	10.5	29.4	279.5	1252.5	-6413.0	631.3	-205.8	
70.60	252.2	11.3	-17.9	2.0	-126.6	10.6	23.7	287.0	1231.2	-6634.6	466.6	-188.1	
70.65	255.7	11.4	-17.7	2.0	-126.9	10.7	35.7	302.3	1222.4	-6630.0	344.9	-187.7	
70.70	259.3	11.5	-20.1	2.0	-126.2	10.8	42.6	295.4	1212.5	-6601.8	241.9	-195.2	
70.75	262.8	11.6	-17.9	2.0	-128.6	10.9	44.0	297.4	1189.1	-6798.2	251.5	-190.2	
70.80	266.4	11.6	-13.5	2.0	-132.5	11.0	45.1	327.3	1166.0	-7026.2	224.6	-178.7	
70.85	269.9	11.5	-8.5	2.0	-133.9	11.1	30.8	327.2	1151.5	-7146.8	-182.0	-163.0	
70.90	273.5	11.3	-8.2	2.0	-133.3	11.2	12.9	317.2	1137.9	-7112.9	-706.7	-161.5	
70.95	277.1	11.1	-9.3	2.0	-134.0	11.3	-2.3	314.6	1119.2	-7139.1	-1084.8	-165.9	
71.00	280.6	10.9	-8.8	2.0	-135.5	11.4	-17.5	307.6	1099.6	-7247.3	-1327.2	-165.7	
71.05	284.2	10.8	-14.5	2.0	-132.9	11.5	-23.8	300.0	1081.5	-7065.3	-1424.0	-182.7	
71.10	287.7	10.8	-20.5	2.0	-129.3	11.6	-19.4	285.1	1063.6	-6863.4	-1338.1	-199.5	
71.15	291.2	10.9	-20.9	2.0	-128.7	11.7	-9.7	280.8	1045.9	-6888.5	-1132.8	-200.5	
71.20	294.8	11.0	-20.7	2.0	-129.2	11.8	3.3	294.0	1031.1	-6933.8	-886.3	-200.2	
71.25	298.3	11.2	-20.1	2.0	-127.8	11.9	8.2	285.5	1013.5	-6881.1	-716.9	-196.9	
71.30	301.8	11.2	-18.1	2.0	-125.2	12.0	8.2	277.7	991.3	-6738.9	-574.0	-187.3	
71.35	305.3	11.0	-13.2	2.0	-123.4	12.1	10.4	281.2	976.2	-6610.4	-460.0	-168.9	
71.40	308.8	11.1	-13.0	2.0	-118.9	12.2	18.5	266.6	970.1	-6325.2	-338.4	-163.6	
71.45	312.3	10.9	-21.5	2.0	-109.2	12.3	29.4	244.6	960.5	-5662.9	-161.4	-183.0	
71.50	315.8	10.8	-28.9	2.0	-99.5	12.4	30.3	221.2	941.5	-5018.5	-108.7	-198.7	
71.55	319.3	11.1	-28.9	2.0	-93.4	12.5	15.5	194.6	923.1	-4628.0	-425.1	-192.5	
71.60	322.8	10.8	-25.2	2.0	-90.5	12.6	1.5	192.9	907.8	-4359.1	-876.4	-177.1	
71.65	326.3	10.6	-23.2	2.0	-88.1	12.7	-10.8	186.5	894.6	-4074.3	-1362.5	-167.6	
71.70	329.8	10.7	-21.8	2.0	-86.2	12.8	-27.7	160.7	884.1	-3749.2	-1962.3	-161.1	
71.75	333.3	11.1	-17.5	2.0	-87.0	12.9	-43.3	147.1	876.3	-3490.8	-2553.4	-147.2	
71.80	336.8	11.1	-9.7	2.0	-89.4	13.0	-56.6	139.3	870.4	-3316.3	-3074.5	-122.8	
71.85	340.2	10.9	-7.4	2.0	-88.1	13.1	-64.1	123.1	860.6	-2885.0	-3409.0	-113.4	
71.90	343.7	10.7	-12.1	2.0	-82.2	13.2	-62.7	99.5	848.3	-2096.8	-3511.1	-123.7	
71.95	347.2	10.7	-13.2	2.0	-78.0	13.3	-60.1	70.3	840.9	-1386.7	-3593.3	-123.4	
72.00	350.7	10.9	-9.0	2.0	-78.0	13.4	-62.4	48.9	837.7	-808.3	-3806.3	-109.1	
72.05	354.1	10.9	-7.1	2.0	-79.6	13.5	-67.4	30.4	828.5	-183.0	-4031.5	-104.0	
72.10	357.6	10.9	-3.7	2.0	-82.5	13.6	-73.5	13.6	816.3	299.7	-4248.8	-95.1	
72.15	1.0	10.9	1.8	2.0	-84.8	13.7	-73.3	2.0	815.4	561.0	-4409.0	-78.5	
72.20	4.4	11.0	6.0	2.0	-85.9	13.8	-68.2	-2.9	821.2	704.4	-4481.9	-65.3	
72.25	7.9	10.8	7.1	2.0	-86.8	13.9	-67.1	-18.1	819.5	864.4	-4518.1	-62.3	
72.30	11.3	10.7	4.9	2.0	-90.4	14.0	-76.1	-40.6	810.4	1185.8	-4683.6	-73.5	
72.35	14.8	10.8	7.4	2.0	-96.6	14.1	-92.9	-51.5	805.0	1495.8	-5032.8	-71.3	
72.40	18.2	10.7	12.5	2.0	-103.2	14.2	-108.5	-63.8	808.6	1747.5	-5413.6	-60.3	
72.45	21.6	10.9	12.6	2.0	-108.1	14.3	-115.1	-84.9	815.9	2149.9	-5603.7	-64.8	
72.50	25.0	11.2	9.8	2.0	-109.2	14.4	-111.1	-105.7	816.9	2579.9	-5479.1	-75.4	
72.55	28.4	11.1	10.0	2.0	-106.9	14.5	-101.4	-125.0	815.8	2779.1	-5156.1	-72.4	
72.60	31.8	11.0	10.6	2.0	-102.8	14.6	-84.4	-132.1	823.5	2923.1	-4721.3	-66.4	
72.65	35.2	10.9	6.9	2.0	-100.3	14.7	-61.6	-135.5	838.1	3293.9	-4250.2	-76.6	
72.70	38.6	11.1	5.9	2.0	-103.7	14.8	-51.5	-158.3	849.4	3793.1	-4080.0	-83.4	
72.75	41.9	11.1	10.2	2.0	-109.9	14.9	-56.0	-179.6	852.3	4226.1	-4223.8	-74.9	
72.80	45.3	11.2	17.0	2.0	-115.6	15.0	-63.9	-186.9	856.7	4559.5	-4462.9	-57.2	
72.85	48.7	11.3	19.5	2.0	-123.2	15.1	-70.2	-207.5	869.3	5028.4	-4699.0	-56.2	
72.90	52.0	11.3	18.3	2.0	-132.2	15.2	-75.6	-227.6	880.1	5664.3	-4902.1	-69.5	
72.95	55.4	11.1	23.3	2.0	-138.8	15.3	-83.7	-237.5	884.3	6084.1	-5119.9	-58.6	
73.00	58.7	10.8	33.0	2.0	-142.4	15.4	-92.6	-245.9	891.0	6166.3	-5390.6	-29.1	
73.05	62.0	10.6	35.7	2.0	-146.5	15.5	-98.2	-245.8	905.1	6341.1	-5637.8	-24.1	
73.10	65.4	10.4	34.4	2.0	-151.5	15.6	-105.7	-247.4	916.2	6602.9	-5882.2	-33.3	
73.15	68.7	10.2	39.1	2.0	-157.9	15.7	-121.3	-259.0	921.3	6802.4	-6298.1	-23.6	
73.20	72.0	10.0	45.4	2.0	-165.2	15.8	-134.9	-266.1	930.0	7068.6	-6764.2	-9.5	
73.25	75.3	9.7	45.9	2.0	-171.5	15.9	-141.1	-277.4	940.8	7408.3	-7025.9	-13.9	
73.30	78.6	9.6	43.7	2.0	-176.2	16.0	-146.6	-293.1	946.2	7701.1	-7163.7	-26.1	
73.35	81.9	9.8	45.0	2.0	-180.2	16.1	-157.6	-298.6	952.6	7811.6	-7436.9	-25.8	
73.40	85.2	9.8	53.4	2.0	-182.7	16.2	-172.1	-293.6	963.2	7664.0	-7833.0	0.8	
73.45	88.5	9.8	61.3	2.0	-182.8	16.3	-177.9	-282.1	973.5	7444.1	-8068.2	27.6	
73.50	91.8	9.5	59.0	2.0	-182.5	16.4	-168.7	-273.2	983.7	7486.6	-8033.8	20.2	
73.55	95.0	9.4	54.5	2.0	-181.7	16.5	-152.4	-276.5	997.2	7550.4	-7901.9	5.2	
73.60	98.3	9.5	54.6	2.0	-179.7	16.6	-135.4	-282.4	1013.3	7468.7	-7759.6	7.7	
73.65	101.5	9.7	53.7	2.0	-177.8	16.7	-129.3	-284.1	1024.1	7359.1	-7664.4	6.4	
73.70	104.8	9.8	50.4	2.0	-179.0	16.8	-142.5	-284.5	1026.4	7310.7	-7800.4	-6.1	
73.75	108.0	9.9	50.8	2.0	-181.5	16.9	-162.9	-275.1	1031.6	7143.2	-8198.0	-7.1	
73.80	111.2	10.0	56.4	2.0	-181.2	17.0	-174.7	-256.5	1046.3	6665.8	-8581.2	12.4	
73.85	114.4	9.8	58.3	2.0	-178.7	17.1	-176.5	-246.4	1061.2	6186.3	-8718.1	21.3	
73.90	117.6	9.7	49.9	2.0	-175.5	17.2	-169.0	-246.7	1066.0	5966.6	-8587.7	-4.3	
73.95	120.8	9.5	44.4	2.0	-170.9	17.3	-159.4	-232.2	1069.1	5657.7	-8436.9	-18.6	
74.00	124.0	9.3	48.5	2.0	-166.1	17.4	-156.3	-198.9	1082.6	5063.1	-8469.3	0.5	
74.05	127.1	9.4	52.1	2.0	-164.9	17.5	-159.0	-181.1	1098.0	4656.2	-8619.2	13.9	
74.10	130.3	9.6	49.0	2.0	-168.9	17.6	-168.1	-189.6	1104.7	4738.4	-8874.0	-0.6	
74.15	133.5	9.7	47.7	2.0	-173.8	17.7	-182.8	-193.6	1109.2	4699.2	-9266.7	-9.9	
74.20	136.6	9.4	56.2	2.0	-177.3	17.8	-200.6	-175.6	1119.8	4214.2	-9770.7	15.8	
74.25	139.8	9.0	63.2	2.0	-179.0	17.9	-213.8	-153.0	1125.4	3784.0	-10090.9	38.0	
74.30	142.9	8.8	60.6	2.0	-177.3	18.0	-214.3	-145.9	1116.8	3692.5	-10005.7	30.8	
74.35	146.0	9.0	53.6	2.0	-172.9	18.1	-200.5	-143.5	1112.2	3618.0	-9728.7	11.0	
74.40	149.2	9.1	51.9	2.0	-168.0	18.2	-180.8	-130.5	1127.1	3262.2	-9519.5	10.0	
74.45	152.3	9.2	53.5	2.0	-165.0	18.3	-170.7	-111.3	1142.0	2908.5	-9440.0	18.7	
74.50	155.4	9.0	54.3	2.0	-163.4	18.4	-172.1	-101.6	1137.3	2788.2	-9367.8	22.9	
74.55	158.4	9.1	55.3	2.0	-162.2	18.5	-175.1	-93.7	1129.4	2705.8	-9304.7	27.8	
74.60	161.5	9.3	57.2	2.0	-160.2	18.6	-171.1	-74.1	1136.7	2429.8	-9256.5	36.3	
74.65	164.6	9.5	56.1	2.0	-158.3	18.7	-167.2	-61.4	1144.3	2106.0	-9208.9	34.4	
74.70	167.7	9.4	50.7	2.0	-156.4	18.8	-169.6	-58.7	1131.3	1915.2	-9107.5	17.6	
74.75	170.7	9.6	48.0	2.0	-154.0	18.9	-173.1	-48.0	1110.6	1679.6	-8988.5	10.9	
74.80	173.7	10.0	49.3	2.0	-152.4	19.0	-170.6	-27.3	1108.9	1272.9	-8956.6	16.7	
74.85	176.7	9.6	48.8	2.0	-152.1	19.1	-165.1	-8.9	1119.7	891.5	-8988.7	15.6	
74.90	179.8	9.3	43.8	2.0	-151.7	19.2	-164.0	3.1	1116.7	585.9	-8991.6	-1.5	
74.95	182.8	9.2	42.5	2.0	-151.4	19.3	-168.7	19.3	1102.0	81.4	-8981.4	-5.4	
75.00	185.7	9.8	45.5	2.0	-150.9	19.4	-169.3	47.9	1095.5	-680.4	-8906.5	5.1	
75.05	188.7	10.0	45.6	2.0	-149.0	19.5	-161.5	76.5	1094.9	-1406.1	-8666.0	7.5	
75.10	191.7	9.9	38.4	2.0	-144.8	19.6	-151.2	93.3	1082.5	-1829.2	-8274.4	-12.9	
75.15	194.7	9.9	29.9	2.0	-141.8	19.7	-147.6	100.8	1062.9	-2123.6	-7982.7	-39.1	
75.20	197.6	9.8	29.6	2.0	-142.2	19.8	-147.1	113.0	1053.1	-2516.6	-7880.5	-40.5	
75.25	200.5	9.6	28.6	2.0	-143.1	19.9	-142.4	125.1	1052.3	-2804.4	-7846.1	-45.0	
75.30	203.5	9.6	23.1	2.0	-141.6	20.0	-136.0	124.1	1043.7	-2876.3	-7727.2	-62.4	
75.35	206.4	9.9	16.5	2.0	-138.5	20.1	-126.0	127.1	1026.3	-2990.1	-7455.2	-81.8	
75.40	209.3	10.2	15.3	2.0	-137.4	20.2	-113.8	149.5	1012.8	-3380.8	-7180.0	-84.9	
75.45	212.2	10.2	20.2	2.0	-141.1	20.3	-110.1	177.2	1003.5	-3986.0	-7123.7	-71.6	
75.50	215.1	10.2	27.7	2.0	-147.5	20.4	-120.6	192.4	987.7	-4491.8	-7342.9	-52.6	
75.55	218.0	10.2	33.9	2.0	-153.8	20.5	-135.9	201.7	967.4	-4798.6	-7673.7	-37.3	
75.60	220.8	10.2	39.4	2.0	-159.1	20.6	-146.8	214.0	953.8	-5008.5	-7976.3	-23.7	
75.65	223.7	10.2	42.1	2.0	-162.4	20.7	-150.4	223.3	945.7	-5058.5	-8209.5	-18.0	
75.70	226.5	10.1	40.4	2.0	-162.4	20.8	-148.9	217.6	934.9	-4877.8	-8346.6	-23.8	
75.75	229.4	10.2	37.3	2.0	-160.8	20.9	-146.2	205.3	917.4	-4688.1	-8370.2	-32.9	
75.80	232.2	10.2	38.7	2.0	-160.1	21.0	-141.7	207.5	899.7	-4809.4	-8260.2	-27.4	
75.85	235.0	10.4	43.7	2.0	-161.3	21.1	-137.3	231.0	884.1	-5173.3	-8097.0	-11.3	
75.90	237.8	10.5	47.8	2.0	-161.9	21.2	-135.3	251.5	865.1	-5493.5	-7898.7	2.1	
75.95	240.5	10.2	48.2	2.0	-160.3	21.3	-133.4	253.0	841.8	-5605.2	-7689.8	5.3	
76.00	243.3	9.9	45.2	2.0	-157.0	21.4	-124.9	248.9	823.0	-5526.6	-7478.7	-1.7	
76.05	246.0	9.6	41.4	2.0	-153.9	21.5	-113.1	249.9	809.0	-5475.1	-7256.6	-11.7	
76.10	248.8	9.8	37.9	2.0	-151.3	21.6	-104.2	251.3	791.5	-5486.3	-7019.1	-21.3	
76.15	251.5	10.0	35.7	2.0	-148.5	21.7	-98.5	250.2	767.1	-5503.9	-6774.5	-26.1	
76.20	254.2	10.1	35.4	2.0	-147.6	21.8	-93.9	251.2	745.0	-5650.3	-6592.5	-26.0	
76.25	256.9	10.2	37.9	2.0	-150.7	21.9	-91.0	264.3	730.5	-6018.5	-6547.2	-20.6	
76.30	259.6	10.1	41.6	2.0	-156.7	22.0	-94.8	286.4	714.2	-6535.5	-6604.8	-13.8	
76.35	262.3	9.9	43.6	2.0	-162.1	22.1	-108.3	297.8	690.7	-6961.8	-6717.0	-12.6	
76.40	264.9	9.7	43.6	2.0	-165.7	22.2	-125.4	299.1	665.7	-7155.2	-6911.0	-16.2	
76.45	267.6	9.6	42.2	2.0	-166.7	22.3	-132.1	296.3	647.4	-7136.1	-7059.7	-21.8	
76.50	270.2	9.5	39.9	2.0	-166.6	22.4	-130.2	295.4	636.1	-7043.5	-7160.3	-29.6	
76.55	272.9	9.3	35.4	2.0	-165.5	22.5	-125.0	291.7	621.6	-6980.2	-7136.4	-44.1	
76.60	275.5	9.2	34.0	2.0	-164.4	22.6	-122.8	283.0	603.6	-6990.7	-7067.1	-47.8	
76.65	278.1	9.2	34.1	2.0	-165.0	22.7	-122.1	280.6	588.1	-7097.1	-7058.5	-48.1	
76.70	280.7	9.5	40.5	2.0	-167.6	22.8	-123.4	290.9	575.4	-7249.5	-7149.5	-28.7	
76.75	283.3	9.8	46.6	2.0	-170.6	22.9	-127.1	305.8	558.5	-7430.0	-7248.5	-10.7	
76.80	285.9	10.1	49.1	2.0	-171.3	23.0	-133.3	309.1	537.3	-7433.1	-7318.9	-2.9	
76.85	288.5	10.3	46.8	2.0	-168.6	23.1	-137.8	294.8	518.3	-7165.1	-7368.7	-8.0	
76.90	291.0	10.2	44.0	2.0	-165.1	23.2	-139.0	275.9	503.8	-6767.3	-7463.1	-14.1	
76.95	293.6	10.1	44.7	2.0	-163.6	23.3	-142.3	263.7	488.6	-6417.1	-7667.1	-10.0	
77.00	296.1	10.0	47.2	2.0	-163.3	23.4	-147.7	255.3	471.4	-6120.3	-7914.3	-1.4	
77.05	298.6	10.2	48.8	2.0	-162.8	23.5	-149.8	246.1	455.2	-5845.0	-8109.7	4.6	
77.10	301.1	10.3	51.6	2.0	-163.0	23.6	-150.3	236.7	441.5	-5686.3	-8276.4	14.3	
77.15	303.6	10.5	56.1	2.0	-165.1	23.7	-154.3	237.5	423.8	-5730.8	-8444.8	27.6	
77.20	306.1	10.6	64.2	2.0	-168.0	23.8	-162.7	244.7	400.4	-5876.2	-8599.7	52.4	
77.25	308.5	10.7	69.2	2.0	-169.6	23.9	-171.5	245.4	377.9	-5871.3	-8750.2	67.8	
77.30	311.0	10.8	70.1	2.0	-169.0	24.0	-176.0	235.7	364.0	-5599.2	-8902.8	71.7	
77.35	313.4	10.7	68.6	2.0	-166.8	24.1	-174.6	217.9	355.7	-5199.4	-9005.7	68.7	
77.40	315.9	10.6	65.9	2.0	-163.9	24.2	-170.9	198.6	346.3	-4790.7	-9051.0	62.3	
77.45	318.3	10.5	62.5	2.0	-160.4	24.3	-166.9	180.3	333.7	-4404.8	-9012.0	54.2	
77.50	320.7	10.3	61.9	2.0	-156.6	24.4	-161.5	167.5	320.4	-4133.0	-8879.5	55.8	
77.55	323.1	10.1	62.1	2.0	-154.5	24.5	-158.2	162.6	306.0	-4079.4	-8762.3	58.7	
77.60	325.5	10.1	66.5	2.0	-154.5	24.6	-160.4	163.7	289.2	-4151.5	-8731.5	73.8	
77.65	327.9	9.8	69.5	2.0	-155.2	24.7	-165.8	161.6	274.1	-4164.1	-8793.5	83.2	
77.70	330.2	9.5	70.8	2.0	-154.9	24.8	-168.5	154.8	264.7	-4012.1	-8855.0	88.1	
77.75	332.6	9.2	70.2	2.0	-152.7	24.9	-166.4	144.9	258.5	-3711.2	-8836.5	88.2	
77.80	334.9	9.2	67.8	2.0	-148.7	25.0	-161.6	128.5	250.8	-3309.1	-8718.8	83.9	
77.85	337.3	9.1	64.0	2.0	-144.0	25.1	-154.4	113.5	242.8	-2928.3	-8533.2	75.7	
77.90	339.6	8.9	61.6	2.0	-139.5	25.2	-146.5	101.6	236.1	-2670.2	-8304.1	72.1	
77.95	341.9	9.0	59.4	2.0	-135.1	25.3	-139.1	93.0	228.0	-2561.3	-8027.1	68.9	
78.00	344.2	9.2	59.2	2.0	-131.2	25.4	-136.5	88.4	216.1	-2508.2	-7764.2	72.1	
78.05	346.4	9.5	59.5	2.0	-127.4	25.5	-134.6	84.0	204.8	-2449.0	-7502.7	76.7	
78.10	348.7	9.5	57.3	2.0	-123.1	25.6	-130.2	76.6	199.2	-2255.4	-7249.2	73.6	
78.15	351.0	9.5	51.8	2.0	-117.8	25.7	-123.5	61.8	196.4	-1863.8	-6982.7	59.9	
78.20	353.2	9.4	44.9	2.0	-112.1	25.8	-116.9	38.9	190.7	-1401.7	-6700.5	42.1	
78.25	355.4	9.4	40.6	2.0	-108.2	25.9	-114.1	20.2	183.6	-976.4	-6503.7	31.1	
78.30	357.6	9.4	38.9	2.0	-105.8	26.0	-112.1	11.2	178.9	-645.3	-6374.3	27.9	
78.35	359.8	9.1	39.7	2.0	-104.2	26.1	-111.6	3.6	175.7	-401.5	-6281.1	32.1	
78.40	2.0	8.9	41.1	2.0	-102.7	26.2	-112.7	-1.8	170.1	-239.9	-6174.5	38.5	
78.45	4.2	8.8	43.1	2.0	-100.5	26.3	-112.2	-9.2	163.9	-117.2	-6017.3	47.6	
78.50	6.4	8.9	43.8	2.0	-98.0	26.4	-107.8	-21.5	162.0	84.6	-5839.2	52.4	
78.55	8.5	8.8	41.7	2.0	-96.1	26.5	-101.1	-35.5	163.3	503.4	-5680.5	47.1	
78.60	10.7	8.7	39.0	2.0	-95.8	26.6	-96.6	-52.6	162.4	1055.9	-5574.4	38.0	
78.65	12.8	8.3	38.6	2.0	-97.4	26.7	-96.4	-69.6	159.3	1591.0	-5543.0	35.0	
78.70	15.0	8.2	39.7	2.0	-99.1	26.8	-96.1	-83.8	157.6	2028.5	-5508.9	37.1	
78.75	17.1	8.2	40.5	2.0	-99.9	26.9	-94.7	-96.4	157.3	2334.9	-5429.5	39.1	
78.80	19.2	8.4	39.7	2.0	-99.1	27.0	-91.5	-105.0	154.6	2546.9	-5260.5	37.1	
78.85	21.3	8.5	39.9	2.0	-97.9	27.1	-87.1	-111.0	150.5	2732.1	-5054.5	39.2	
78.90	23.4	8.7	40.5	2.0	-97.5	27.2	-82.2	-118.7	149.6	2911.3	-4909.0	41.5	
78.95	25.5	8.9	41.1	2.0	-99.4	27.3	-79.2	-129.4	152.7	3163.1	-4893.9	41.6	
79.00	27.6	9.0	41.2	2.0	-103.1	27.4	-80.0	-142.6	153.9	3487.7	-4972.0	38.5	
79.05	29.7	9.1	40.3	2.0	-107.4	27.5	-84.6	-155.7	151.0	3808.9	-5090.9	31.0	
79.10	31.7	9.1	41.0	2.0	-110.9	27.6	-89.3	-163.2	148.9	4044.5	-5216.1	29.9	
79.15	33.8	9.0	41.8	2.0	-113.5	27.7	-92.6	-168.9	151.8	4166.4	-5348.8	30.1	
79.20	35.8	9.1	43.5	2.0	-114.7	27.8	-94.7	-174.6	154.2	4196.1	-5414.8	34.6	
79.25	37.9	9.4	44.7	2.0	-114.8	27.9	-97.3	-179.6	153.1	4173.4	-5419.4	38.6	
79.30	39.9	9.8	45.6	2.0	-115.0	28.0	-99.7	-181.5	153.2	4172.6	-5433.3	41.5	
79.35	41.9	9.9	47.2	2.0	-117.1	28.1	-99.8	-184.7	158.8	4287.9	-5522.0	45.1	
79.40	43.9	9.9	47.9	2.0	-120.5	28.2	-98.5	-191.8	166.7	4507.1	-5650.9	43.9	
79.45	45.8	9.7	47.7	2.0	-123.1	28.3	-96.7	-202.3	170.5	4730.4	-5683.1	40.5	
79.50	47.8	9.5	45.5	2.0	-124.0	28.4	-94.4	-212.8	171.6	4896.4	-5602.8	32.2	
79.55	49.8	9.2	44.0	2.0	-124.7	28.5	-93.2	-221.2	176.2	5000.0	-5542.9	26.3	
79.60	51.8	9.1	44.2	2.0	-125.5	28.6	-93.7	-227.7	182.7	5048.9	-5551.4	26.2	
79.65	53.7	9.1	45.8	2.0	-126.7	28.7	-97.6	-229.8	187.8	5073.9	-5633.3	30.6	
79.70	55.6	9.0	46.6	2.0	-128.7	28.8	-103.6	-231.4	191.6	5137.1	-5759.4	31.1	
79.75	57.6	8.9	47.6	2.0	-131.9	28.9	-110.2	-238.6	196.0	5274.6	-5925.7	31.5	
79.80	59.5	8.8	49.0	2.0	-135.5	29.0	-112.3	-247.0	200.8	5480.3	-6066.5	32.6	
79.85	61.4	8.8	51.2	2.0	-138.6	29.1	-110.1	-253.5	205.5	5713.4	-6147.3	37.2	
79.90	63.3	9.2	54.0	2.0	-141.0	29.2	-105.2	-260.4	210.2	5974.0	-6122.7	44.3	
79.95	65.2	9.2	55.4	2.0	-142.2	29.3	-98.8	-264.9	214.4	6225.8	-5982.2	48.2	
80.00	67.0	9.0	57.1	2.0	-142.2	29.4	-93.7	-268.5	219.3	6372.9	-5818.3	53.8	
80.05	68.9	8.8	58.9	2.0	-142.1	29.5	-91.5	-271.5	224.3	6450.3	-5702.8	60.1	
80.10	70.8	8.7	59.4	2.0	-143.0	29.6	-91.4	-274.5	229.4	6576.7	-5641.2	60.9	
80.15	72.6	8.7	59.0	2.0	-144.3	29.7	-91.4	-278.0	234.0	6747.4	-5570.1	58.4	
80.20	74.4	8.6	56.9	2.0	-144.7	29.8	-91.7	-279.1	237.1	6874.2	-5457.9	50.7	
80.25	76.3	8.5	54.4	2.0	-143.7	29.9	-90.5	-279.8	240.1	6913.8	-5280.8	43.2	
80.30	78.1	8.5	50.9	2.0	-141.8	30.0	-86.6	-285.2	244.4	6884.4	-5048.2	33.0	
80.35	79.9	8.6	47.0	2.0	-140.1	30.1	-81.8	-291.5	251.1	6864.5	-4822.5	21.1	
80.40	81.7	8.7	44.1	2.0	-138.4	30.2	-78.0	-293.6	258.7	6817.3	-4655.2	12.9	
80.45	83.5	8.6	43.3	2.0	-136.7	30.3	-77.3	-290.1	266.1	6715.8	-4586.9	11.8	
80.50	85.3	8.4	41.3	2.0	-135.4	30.4	-76.4	-284.2	272.8	6641.8	-4540.8	6.5	
80.55	87.1	8.7	41.0	2.0	-135.0	30.5	-75.1	-283.5	279.7	6635.0	-4488.6	5.8	
80.60	88.8	8.9	39.5	2.0	-134.4	30.6	-72.4	-285.3	285.7	6639.3	-4386.1	1.1	
80.65	90.6	9.0	38.1	2.0	-133.3	30.7	-70.6	-285.2	289.7	6631.6	-4240.9	-2.6	
80.70	92.3	8.8	38.8	2.0	-132.5	30.8	-71.3	-282.9	294.2	6618.7	-4150.2	0.9	
80.75	94.0	8.9	39.7	2.0	-132.3	30.9	-73.0	-278.1	300.6	6623.2	-4135.1	4.1	
80.80	95.8	9.0	40.2	2.0	-133.0	31.0	-73.5	-276.9	308.9	6665.3	-4157.4	5.1	
80.85	97.5	9.0	40.0	2.0	-133.5	31.1	-71.4	-280.2	316.9	6699.2	-4149.7	4.0	
80.90	99.2	8.9	39.4	2.0	-132.9	31.2	-65.4	-282.0	323.2	6699.1	-4055.0	2.2	
80.95	100.9	8.7	39.4	2.0	-131.0	31.3	-57.3	-280.2	328.1	6640.7	-3885.5	4.2	
81.00	102.6	8.6	36.9	2.0	-128.0	31.4	-47.5	-275.3	332.3	6523.8	-3662.2	-1.5	
81.05	104.4	8.6	36.8	2.0	-125.8	31.5	-43.1	-271.6	336.8	6427.5	-3505.1	0.5	
81.10	106.0	8.7	35.7	2.0	-124.6	31.6	-44.9	-270.4	340.6	6353.4	-3450.9	-2.2	
81.15	107.7	8.9	34.4	2.0	-124.8	31.7	-50.3	-271.8	344.4	6338.7	-3495.4	-6.7	
81.20	109.4	8.8	33.3	2.0	-126.1	31.8	-55.6	-272.9	349.6	6373.6	-3608.1	-11.7	
81.25	111.1	8.6	32.5	2.0	-127.3	31.9	-58.7	-273.9	355.6	6406.6	-3721.2	-15.7	
81.30	112.7	8.6	32.7	2.0	-127.7	32.0	-59.6	-274.1	360.0	6396.6	-3780.8	-15.3	
81.35	114.4	8.7	33.2	2.0	-126.3	32.1	-59.1	-270.5	362.4	6282.6	-3787.4	-12.2	
81.40	116.0	8.7	34.5	2.0	-123.4	32.2	-58.4	-261.8	365.0	6047.4	-3796.5	-4.9	
81.45	117.6	8.6	36.3	2.0	-120.9	32.3	-58.9	-251.0	369.7	5822.0	-3850.6	3.7	
81.50	119.3	8.3	38.7	2.0	-119.7	32.4	-61.4	-243.2	374.6	5673.0	-3939.1	13.1	
81.55	120.9	8.3	40.9	2.0	-120.2	32.5	-65.3	-239.6	379.1	5638.7	-4048.2	20.3	
81.60	122.4	8.4	41.9	2.0	-122.0	32.6	-69.0	-237.9	384.7	5718.4	-4178.4	21.8	
81.65	124.0	8.2	41.4	2.0	-124.2	32.7	-69.6	-239.7	390.7	5853.9	-4258.0	17.8	
81.70	125.6	8.2	40.5	2.0	-126.0	32.8	-68.5	-243.5	395.5	5996.4	-4263.9	12.9	
81.75	127.2	8.4	39.7	2.0	-125.8	32.9	-66.4	-246.4	397.8	6029.7	-4181.0	10.4	
81.80	128.7	8.8	39.2	2.0	-123.5	33.0	-62.1	-243.4	399.1	5922.1	-4037.4	11.2	
81.85	130.3	8.9	39.4	2.0	-119.9	33.1	-56.3	-234.0	402.6	5730.4	-3888.1	15.4	
81.90	131.8	8.8	39.1	2.0	-115.8	33.2	-50.4	-224.6	406.8	5501.7	-3726.7	18.5	
81.95	133.4	8.3	38.1	2.0	-112.0	33.3	-47.4	-216.6	409.8	5275.9	-3584.2	18.8	
82.00	134.9	8.1	36.4	2.0	-108.8	33.4	-46.9	-209.5	411.8	5084.5	-3474.1	16.0	
82.05	136.4	8.1	34.0	2.0	-106.4	33.5	-47.6	-203.7	414.4	4911.6	-3422.7	10.4	
82.10	137.9	8.3	31.7	2.0	-104.0	33.6	-48.6	-196.9	417.9	4722.7	-3408.9	4.8	
82.15	139.4	8.1	29.1	2.0	-100.9	33.7	-50.0	-188.1	419.8	4474.9	-3383.0	-0.9	
82.20	140.9	8.0	27.4	2.0	-96.8	33.8	-50.4	-181.0	419.8	4176.9	-3287.2	-2.8	
82.25	142.4	8.0	25.5	2.0	-92.2	33.9	-48.4	-174.0	420.9	3877.2	-3138.4	-4.6	
82.30	143.9	8.3	23.4	2.0	-87.4	34.0	-43.6	-164.3	423.9	3593.7	-2962.9	-7.2	
82.35	145.4	8.3	21.7	2.0	-82.5	34.1	-37.6	-154.8	426.8	3316.6	-2763.3	-7.9	
82.40	146.8	8.0	20.2	2.0	-78.7	34.2	-31.8	-147.5	429.2	3135.0	-2563.7	-9.4	
82.45	148.3	8.2	18.4	2.0	-76.7	34.3	-25.8	-144.6	432.5	3104.5	-2375.9	-13.4	
82.50	149.7	8.4	15.9	2.0	-75.7	34.4	-20.0	-145.0	436.1	3129.5	-2212.5	-21.2	
82.55	151.2	8.6	14.5	2.0	-74.5	34.5	-15.9	-141.2	437.9	3113.0	-2085.6	-24.7	
82.60	152.6	8.6	14.1	2.0	-72.5	34.6	-14.5	-134.5	438.6	3012.4	-1999.3	-24.0	
82.65	154.1	8.6	13.9	2.0	-70.3	34.7	-13.6	-128.9	440.2	2878.4	-1927.7	-22.5	
82.70	155.5	8.8	13.6	2.0	-68.0	34.8	-12.8	-121.1	442.5	2735.4	-1876.9	-21.3	
82.75	156.9	8.9	14.1	2.0	-65.3	34.9	-12.2	-112.7	443.6	2533.5	-1843.5	-17.0	
82.80	158.3	9.0	14.7	2.0	-63.1	35.0	-12.9	-104.9	444.8	2338.5	-1866.1	-12.6	
82.85	159.7	9.3	14.6	2.0	-62.6	35.1	-14.9	-98.7	447.9	2230.5	-1956.6	-12.7	
82.90	161.1	9.1	14.3	2.0	-63.0	35.2	-17.2	-97.0	451.2	2177.9	-2059.7	-13.8	
82.95	162.5	9.0	14.4	2.0	-63.2	35.3	-19.4	-93.6	451.6	2135.1	-2132.3	-13.7	
83.00	163.9	9.1	14.6	2.0	-62.7	35.4	-21.4	-87.9	449.8	2081.4	-2163.1	-12.5	
83.05	165.2	9.2	15.0	2.0	-61.8	35.5	-21.2	-84.2	449.0	2019.6	-2139.0	-10.1	
83.10	166.6	9.2	15.1	2.0	-60.4	35.6	-18.6	-79.2	449.4	1972.1	-2063.5	-8.6	
83.15	167.9	9.1	15.2	2.0	-58.2	35.7	-14.5	-70.9	447.9	1897.9	-1935.1	-5.9	
83.20	169.3	9.5	15.7	2.0	-55.4	35.8	-9.8	-62.6	445.4	1792.6	-1787.0	-1.6	
83.25	170.6	9.9	15.6	2.0	-53.1	35.9	-4.9	-55.8	445.2	1700.9	-1659.9	0.6	
83.30	172.0	10.2	14.8	2.0	-51.3	36.0	0.3	-52.7	446.8	1621.3	-1553.8	-0.5	
83.35	173.3	10.3	13.5	2.0	-49.5	36.1	3.6	-51.4	446.2	1515.5	-1476.3	-3.0	
83.40	174.6	10.4	12.3	2.0	-47.7	36.2	4.0	-46.4	442.8	1375.0	-1447.4	-5.3	
83.45	176.0	10.6	11.0	2.0	-46.1	36.3	2.1	-40.4	439.4	1192.9	-1477.1	-8.3	
83.50	177.3	10.7	9.7	2.0	-45.1	36.4	-1.1	-34.8	437.4	990.3	-1549.1	-11.6	
83.55	178.6	10.5	9.0	2.0	-44.1	36.5	-5.1	-26.2	435.0	752.2	-1628.0	-13.1	
83.60	179.9	10.0	9.0	2.0	-42.7	36.6	-6.9	-17.6	431.4	464.0	-1642.7	-11.6	
83.65	181.1	10.0	9.3	2.0	-41.3	36.7	-6.1	-9.3	430.0	196.5	-1614.3	-9.2	
83.70	182.4	9.9	9.0	2.0	-40.1	36.8	-3.2	0.1	431.2	-19.5	-1560.2	-9.1	
83.75	183.7	9.8	9.3	2.0	-39.4	36.9	0.6	8.8	431.3	-238.2	-1469.8	-7.3	
83.80	185.0	10.1	9.8	2.0	-39.2	37.0	3.3	17.2	429.2	-460.8	-1374.9	-5.5	
83.85	186.2	10.4	9.7	2.0	-39.4	37.1	5.3	25.4	426.8	-643.4	-1288.2	-5.9	
83.90	187.4	10.7	8.9	2.0	-39.5	37.2	7.2	30.8	424.2	-791.9	-1199.3	-9.0	
83.95	188.7	10.7	8.1	2.0	-39.9	37.3	8.4	36.2	421.0	-928.8	-1120.5	-12.0	
84.00	189.9	10.6	7.6	2.0	-40.9	37.4	9.1	43.7	417.3	-1079.7	-1055.3	-14.7	
84.05	191.1	10.4	7.8	2.0	-42.5	37.5	9.7	50.0	414.4	-1257.3	-1009.6	-15.8	
84.10	192.4	10.5	7.7	2.0	-44.5	37.6	9.7	55.2	412.8	-1439.5	-993.7	-18.2	
84.15	193.6	10.6	7.6	2.0	-46.8	37.7	9.5	61.7	410.9	-1636.0	-986.3	-20.6	
84.20	194.8	10.6	8.6	2.0	-49.5	37.8	10.1	69.5	408.2	-1859.2	-964.9	-20.0	
84.25	196.0	11.0	10.6	2.0	-52.4	37.9	11.5	79.1	405.8	-2082.8	-931.9	-16.1	
84.30	197.2	11.0	11.8	2.0	-54.8	38.0	13.2	87.7	403.5	-2278.2	-888.0	-14.4	
84.35	198.4	10.9	12.2	2.0	-56.8	38.1	13.7	93.5	399.8	-2440.2	-832.9	-15.0	
84.40	199.6	10.8	12.5	2.0	-58.2	38.2	12.6	98.5	394.5	-2560.4	-785.6	-15.3	
84.45	200.8	10.8	12.5	2.0	-59.3	38.3	12.0	102.9	391.0	-2644.1	-749.9	-16.3	
84.50	202.0	10.6	12.7	2.0	-60.0	38.4	12.8	107.0	389.8	-2692.8	-727.5	-16.3	
84.55	203.2	10.1	12.9	2.0	-60.5	38.5	13.2	110.5	387.7	-2730.0	-714.7	-16.3	
84.60	204.3	9.7	13.1	2.0	-61.1	38.6	13.7	112.9	383.9	-2780.4	-682.7	-16.2	
84.65	205.5	9.6	13.2	2.0	-61.8	38.7	15.8	114.8	380.7	-2838.3	-638.3	-16.4	
84.70	206.7	10.0	13.3	2.0	-62.3	38.8	19.2	116.0	378.5	-2882.1	-602.8	-16.7	
84.75	207.8	9.8	14.1	2.0	-62.8	38.9	21.2	117.9	374.9	-2914.9	-605.1	-14.5	
84.80	209.0	9.7	15.0	2.0	-63.1	39.0	20.2	120.3	368.9	-2930.9	-648.7	-11.5	
84.85	210.1	9.8	16.0	2.0	-63.5	39.1	17.3	122.9	363.1	-2935.1	-734.9	-8.5	
84.90	211.3	9.9	17.4	2.0	-64.3	39.2	13.5	126.8	359.7	-2956.5	-860.4	-4.5	
84.95	212.4	10.0	19.4	2.0	-65.6	39.3	10.2	131.7	356.1	-3017.5	-971.2	1.0	
85.00	213.5	10.0	21.8	2.0	-67.3	39.4	8.2	137.2	350.9	-3117.2	-1027.8	7.5	
85.05	214.6	10.1	22.9	2.0	-68.8	39.5	8.1	143.2	345.5	-3227.2	-1027.2	9.8	
85.10	215.8	10.3	24.0	2.0	-70.6	39.6	9.7	150.3	341.5	-3360.4	-999.6	11.9	
85.15	216.9	10.5	25.2	2.0	-73.0	39.7	11.4	157.1	337.5	-3540.2	-973.2	13.6	
85.20	218.0	10.9	26.5	2.0	-75.6	39.8	11.0	162.5	331.5	-3730.2	-965.7	15.4	
85.25	219.1	10.9	26.1	2.0	-77.7	39.9	9.2	166.7	325.1	-3885.5	-977.0	11.9	
85.30	220.1	10.8	26.2	2.0	-79.4	40.0	6.9	169.4	320.8	-4005.6	-997.3	10.7	
85.35	221.2	10.8	25.6	2.0	-80.9	40.1	7.6	173.2	316.8	-4125.7	-952.3	7.0	
85.40	222.3	10.8	24.9	2.0	-82.0	40.2	9.7	176.6	311.9	-4229.6	-856.7	3.3	
85.45	223.4	10.8	23.7	2.0	-82.9	40.3	13.6	177.6	306.9	-4327.6	-704.8	-1.4	
85.50	224.5	10.6	22.3	2.0	-84.0	40.4	18.1	180.0	302.7	-4427.0	-533.7	-7.4	
85.55	225.5	10.9	22.6	2.0	-86.0	40.5	21.0	186.9	298.4	-4573.4	-392.8	-8.2	
85.60	226.6	11.0	24.1	2.0	-88.6	40.6	22.2	195.0	292.7	-4763.4	-294.5	-5.9	
85.65	227.6	10.8	25.1	2.0	-90.7	40.7	20.9	200.9	287.5	-4910.6	-291.7	-4.7	
85.70	228.7	10.6	25.2	2.0	-91.9	40.8	17.9	203.4	284.7	-4991.2	-373.3	-5.5	
85.75	229.7	10.5	25.3	2.0	-92.9	40.9	15.7	204.9	281.6	-5060.3	-449.1	-6.1	
85.80	230.8	10.4	26.3	2.0	-94.2	41.0	14.5	208.4	277.1	-5143.6	-495.9	-4.0	
85.85	231.8	10.2	26.8	2.0	-94.9	41.1	13.5	211.4	272.7	-5192.3	-539.1	-2.8	
85.90	232.8	10.1	27.1	2.0	-95.4	41.2	13.0	212.1	269.2	-5225.5	-571.0	-2.4	
85.95	233.8	10.2	28.2	2.0	-96.7	41.3	12.2	216.6	265.2	-5309.8	-585.0	0.3	
86.00	234.9	10.5	30.5	2.0	-98.8	41.4	10.3	224.9	259.3	-5452.1	-574.3	5.9	
86.05	235.9	10.7	31.8	2.0	-100.1	41.5	8.1	230.5	253.1	-5542.0	-552.2	9.2	
86.10	236.9	10.9	31.2	2.0	-99.7	41.6	6.8	231.3	248.6	-5514.1	-550.9	7.5	
86.15	237.9	11.0	30.2	2.0	-98.5	41.7	7.8	229.0	244.9	-5432.9	-535.4	5.2	
86.20	238.9	10.6	29.8	2.0	-97.7	41.8	10.3	227.8	240.5	-5387.1	-491.0	4.6	
86.25	239.8	10.1	29.7	2.0	-97.5	41.9	12.2	228.5	235.3	-5377.4	-436.3	4.5	
86.30	240.8	9.7	29.2	2.0	-97.5	42.0	13.8	228.5	229.5	-5389.0	-370.0	2.8	
86.35	241.8	9.8	29.4	2.0	-98.2	42.1	15.4	229.1	223.3	-5445.4	-307.5	2.6	
86.40	242.8	9.8	30.6	2.0	-100.0	42.2	16.4	234.5	217.3	-5573.7	-267.3	5.2	
86.45	243.7	9.7	32.5	2.0	-102.4	42.3	16.3	241.5	211.6	-5736.1	-244.6	9.1	
86.50	244.7	9.5	32.8	2.0	-103.7	42.4	14.2	245.5	206.0	-5832.9	-250.6	9.0	
86.55	245.7	9.4	31.8	2.0	-103.9	42.5	11.2	246.8	200.6	-5847.7	-289.3	5.3	
86.60	246.6	9.3	31.1	2.0	-103.9	42.6	9.1	246.1	195.9	-5847.0	-342.5	3.0	
86.65	247.6	9.0	31.8	2.0	-104.5	42.7	8.4	247.1	191.8	-5890.9	-398.8	4.8	
86.70	248.5	8.6	32.2	2.0	-105.6	42.8	7.7	250.4	187.6	-5965.8	-447.8	5.1	
86.75	249.5	8.3	32.9	2.0	-106.8	42.9	7.2	253.7	181.7	-6052.0	-446.9	6.0	
86.80	250.4	8.4	34.2	2.0	-108.2	43.0	8.3	256.6	175.0	-6155.9	-395.1	9.2	
86.85	251.3	8.4	36.2	2.0	-109.8	43.1	10.7	261.0	170.5	-6268.6	-359.7	14.6	
86.90	252.3	8.4	37.8	2.0	-111.2	43.2	13.3	265.2	168.4	-6363.3	-352.8	18.4	
86.95	253.2	8.4	37.0	2.0	-111.6	43.3	14.4	266.3	165.6	-6391.1	-356.1	15.5	
87.00	254.1	8.4	34.8	2.0	-110.8	43.4	13.5	263.2	160.7	-6344.0	-364.6	8.7	
87.05	255.0	8.4	32.7	2.0	-109.8	43.5	12.4	258.2	155.5	-6287.7	-387.6	2.6	
87.10	256.0	8.3	31.9	2.0	-109.6	43.6	11.6	256.5	151.2	-6278.9	-442.3	-0.1	
87.15	256.9	8.1	32.2	2.0	-110.4	43.7	10.3	258.0	146.3	-6331.4	-503.2	0.1	
87.20	257.8	8.0	33.1	2.0	-111.7	43.8	7.8	260.1	139.5	-6428.1	-540.9	2.0	
87.25	258.7	8.1	34.2	2.0	-113.1	43.9	4.9	263.1	131.9	-6531.7	-569.6	4.2	
87.30	259.5	8.0	35.6	2.0	-114.7	44.0	3.7	267.7	126.1	-6636.4	-603.9	7.4	
87.35	260.4	8.0	37.3	2.0	-116.0	44.1	4.5	272.1	122.2	-6724.0	-640.8	11.9	
87.40	261.3	8.0	38.8	2.0	-117.0	44.2	6.1	275.8	118.8	-6789.9	-670.1	16.3	
87.45	262.2	7.6	39.7	2.0	-117.7	44.3	6.9	277.3	113.9	-6839.9	-674.9	18.6	
87.50	263.0	7.4	39.8	2.0	-118.1	44.4	5.7	277.6	107.6	-6872.0	-687.2	18.6	
87.55	263.9	7.5	39.7	2.0	-118.5	44.5	3.1	279.1	101.3	-6899.4	-731.3	17.8	
87.60	264.7	7.9	40.0	2.0	-119.0	44.6	0.9	280.3	96.1	-6935.1	-789.0	18.3	
87.65	265.6	8.3	40.1	2.0	-119.1	44.7	-1.1	280.2	90.5	-6944.4	-821.6	18.6	
87.70	266.4	8.5	39.0	2.0	-118.2	44.8	-2.3	277.2	84.3	-6891.3	-809.0	15.7	
87.75	267.3	8.2	37.3	2.0	-116.8	44.9	-1.6	273.0	78.9	-6804.5	-760.6	11.2	
87.80	268.1	8.1	36.2	2.0	-115.8	45.0	1.7	271.7	75.0	-6744.9	-684.2	8.5	
87.85	269.0	8.3	36.5	2.0	-115.4	45.1	6.9	272.7	71.8	-6725.7	-577.4	9.7	
87.90	269.8	8.2	36.8	2.0	-115.2	45.2	11.6	272.9	68.4	-6718.8	-458.6	11.1	
87.95	270.6	8.1	36.7	2.0	-115.0	45.3	13.2	273.6	63.4	-6709.3	-353.9	11.0	
88.00	271.4	8.0	37.2	2.0	-115.2	45.4	13.6	275.5	57.6	-6731.4	-264.4	12.4	
88.05	272.3	7.9	37.7	2.0	-115.7	45.5	14.1	277.2	52.9	-6764.8	-209.8	13.8	
88.10	273.1	7.9	37.0	2.0	-115.1	45.6	13.3	276.2	49.1	-6725.0	-212.0	11.8	
88.15	273.9	7.8	35.6	2.0	-114.0	45.7	10.2	272.7	44.7	-6656.9	-255.0	8.2	
88.20	274.7	7.4	34.7	2.0	-113.4	45.8	7.2	270.5	38.9	-6625.1	-272.9	5.7	
88.25	275.5	7.2	35.1	2.0	-113.5	45.9	5.9	271.7	33.5	-6631.4	-265.8	7.0	
88.30	276.3	7.1	35.7	2.0	-113.6	46.0	7.4	272.2	30.4	-6641.3	-244.8	8.9	
88.35	277.1	7.2	36.1	2.0	-113.7	46.1	10.0	272.9	27.1	-6651.0	-201.4	10.1	
88.40	277.9	7.1	37.0	2.0	-114.5	46.2	12.1	276.4	21.3	-6703.8	-121.5	12.6	
88.45	278.6	6.9	38.5	2.0	-115.4	46.3	13.6	279.4	14.7	-6771.7	-33.4	16.8	
88.50	279.4	7.0	38.8	2.0	-115.4	46.4	14.5	280.0	9.9	-6768.7	-5.6	18.0	
88.55	280.2	7.4	37.8	2.0	-114.4	46.5	14.9	277.7	6.4	-6703.6	-28.7	15.3	
88.60	281.0	7.9	37.2	2.0	-113.5	46.6	14.4	274.4	1.9	-6651.1	-46.8	14.3	
88.65	281.7	8.2	36.0	2.0	-112.7	46.7	14.0	271.5	-3.9	-6596.8	-25.9	10.8	
88.70	282.5	8.3	33.6	2.0	-111.4	46.8	14.5	265.9	-9.2	-6512.9	11.3	4.0	
88.75	283.3	8.4	31.7	2.0	-110.5	46.9	15.3	260.9	-13.2	-6451.5	32.7	-1.5	
88.80	284.0	8.2	31.6	2.0	-110.6	47.0	16.3	260.9	-18.5	-6454.5	63.9	-2.0	
88.85	284.8	7.9	33.1	2.0	-111.4	47.1	17.4	262.6	-24.4	-6508.4	101.5	2.3	
88.90	285.6	7.8	33.5	2.0	-111.5	47.2	18.8	262.2	-28.7	-6515.0	115.2	3.4	
88.95	286.3	7.8	32.7	2.0	-110.8	47.3	19.4	261.0	-31.3	-6457.9	86.4	1.5	
89.00	287.1	7.8	33.6	2.0	-110.5	47.4	20.0	260.9	-34.1	-6437.4	74.3	4.9	
89.05	287.8	7.7	34.9	2.0	-110.5	47.5	21.1	261.3	-38.2	-6434.1	108.1	9.3	
89.10	288.5	8.0	35.0	2.0	-109.5	47.6	20.7	259.0	-42.1	-6362.7	112.4	10.6	
89.15	289.3	7.9	33.4	2.0	-107.9	47.7	19.3	254.1	-45.3	-6253.8	81.5	6.9	
89.20	290.0	7.9	33.2	2.0	-107.3	47.8	16.8	252.1	-50.0	-6205.8	32.5	6.7	
89.25	290.7	8.2	34.5	2.0	-107.4	47.9	12.9	253.3	-55.7	-6206.1	-36.6	11.2	
89.30	291.5	8.3	35.0	2.0	-106.8	48.0	9.8	252.0	-59.8	-6163.3	-115.4	13.3	
89.35	292.2	8.2	34.1	2.0	-105.5	48.1	8.1	248.8	-62.2	-6069.1	-187.3	11.6	
89.40	292.9	8.1	34.2	2.0	-104.9	48.2	8.3	248.8	-64.9	-6021.8	-205.1	12.6	
89.45	293.6	8.0	35.9	2.0	-105.3	48.3	10.3	250.2	-68.9	-6049.1	-155.4	17.9	
89.50	294.3	7.8	36.6	2.0	-105.3	48.4	12.8	250.6	-72.5	-6041.7	-96.8	20.4	
89.55	295.0	7.5	35.8	2.0	-104.4	48.5	14.8	247.7	-75.6	-5980.1	-55.1	18.7	
89.60	295.7	7.2	35.9	2.0	-104.1	48.6	15.9	244.8	-79.7	-5964.6	-21.1	19.2	
89.65	296.4	7.0	36.8	2.0	-104.7	48.7	14.3	246.8	-85.6	-5998.0	-18.2	21.5	
89.70	297.1	7.1	36.3	2.0	-104.6	48.8	11.5	246.8	-91.0	-5989.7	-43.6	20.0	
89.75	297.8	7.2	34.3	2.0	-103.4	48.9	9.0	240.6	-94.0	-5911.7	-82.6	14.3	
89.80	298.5	7.0	32.3	2.0	-102.2	49.0	7.1	236.0	-97.0	-5831.6	-104.9	8.7	
89.85	299.2	6.8	31.8	2.0	-102.2	49.1	7.7	235.8	-101.2	-5833.9	-76.8	6.9	
89.90	299.9	6.7	32.4	2.0	-102.6	49.2	10.4	234.2	-104.5	-5864.8	-40.2	8.6	
89.95	300.6	6.8	31.7	2.0	-102.2	49.3	12.3	231.6	-106.5	-5840.7	-42.4	6.7	
90.00	301.3	6.9	31.8	2.0	-102.1	49.4	13.8	230.3	-109.2	-5832.6	-32.6	7.0	
90.05	301.9	6.9	33.6	2.0	-102.8	49.5	16.4	231.0	-113.7	-5877.5	35.9	12.7	
90.10	302.6	6.9	34.6	2.0	-102.7	49.6	17.4	232.2	-117.3	-5863.4	63.8	16.1	
90.15	303.3	7.1	33.4	2.0	-101.3	49.7	16.9	230.0	-119.0	-5765.4	34.5	13.3	
90.20	304.0	7.5	32.7	2.0	-100.0	49.8	14.9	225.1	-120.9	-5681.9	-11.4	12.4	
90.25	304.6	7.9	32.8	2.0	-99.4	49.9	11.5	222.6	-124.7	-5636.9	-69.5	13.4	
90.30	305.3	8.0	33.3	2.0	-98.8	50.0	7.1	221.5	-128.1	-5592.1	-169.3	15.5	
90.35	306.0	7.8	32.8	2.0	-98.0	50.1	5.1	218.5	-130.4	-5539.5	-264.1	14.4	
90.40	306.6	8.2	32.9	2.0	-97.9	50.2	4.4	217.7	-132.1	-5528.6	-336.3	15.1	
90.45	307.3	8.7	34.7	2.0	-98.7	50.3	3.7	220.2	-135.3	-5574.2	-362.8	20.6	
90.50	307.9	9.2	36.0	2.0	-99.3	50.4	4.2	220.8	-139.2	-5617.0	-341.9	24.5	
90.55	308.6	9.6	36.1	2.0	-99.0	50.5	4.7	219.5	-141.2	-5595.8	-345.5	25.0	
90.60	309.3	9.6	35.7	2.0	-98.2	50.6	4.5	217.9	-142.0	-5538.8	-375.7	24.5	
90.65	309.9	9.6	36.4	2.0	-97.5	50.7	4.1	215.5	-144.2	-5486.7	-392.4	27.5	
90.70	310.5	9.5	36.0	2.0	-95.9	50.8	1.9	211.9	-148.2	-5377.0	-421.7	27.5	
90.75	311.2	9.6	34.1	2.0	-93.5	50.9	-1.8	206.2	-151.8	-5199.2	-476.0	23.7	
90.80	311.8	9.8	32.5	2.0	-91.2	51.0	-2.7	199.8	-154.7	-5044.2	-481.2	20.2	
90.85	312.4	10.0	32.1	2.0	-89.8	51.1	-1.2	196.8	-158.0	-4948.0	-436.2	20.4	
90.90	313.0	9.8	32.3	2.0	-89.0	51.2	-0.6	196.3	-161.6	-4885.9	-398.9	22.0	
90.95	313.7	9.6	32.3	2.0	-88.2	51.3	0.5	193.8	-164.1	-4834.0	-368.6	22.7	
91.00	314.3	9.3	32.7	2.0	-87.7	51.4	2.5	191.4	-165.6	-4803.3	-343.4	24.5	
91.05	314.9	9.2	34.0	2.0	-87.8	51.5	3.7	192.3	-166.7	-4807.7	-341.6	29.0	
91.10	315.5	9.1	34.7	2.0	-87.6	51.6	4.8	191.8	-168.6	-4796.6	-325.0	31.5	
91.15	316.1	9.2	33.9	2.0	-86.7	51.7	4.1	189.5	-171.4	-4730.5	-313.0	29.5	
91.20	316.7	9.2	31.8	2.0	-85.4	51.8	2.3	187.2	-175.1	-4640.6	-291.1	23.8	
91.25	317.3	9.1	31.1	2.0	-84.6	51.9	0.9	184.7	-178.4	-4586.2	-249.6	22.2	
91.30	317.9	9.0	30.3	2.0	-83.8	52.0	0.2	182.2	-180.8	-4530.9	-208.6	20.2	
91.35	318.5	9.2	30.0	2.0	-82.9	52.1	-1.5	180.6	-182.3	-4469.7	-207.8	20.0	
91.40	319.2	9.4	29.9	2.0	-82.8	52.2	-1.7	180.5	-183.9	-4456.3	-184.9	19.8	
91.45	319.8	9.8	30.7	2.0	-83.2	52.3	-0.4	181.9	-185.3	-4486.1	-138.2	22.2	
91.50	320.4	10.4	30.3	2.0	-83.2	52.4	2.8	182.1	-186.4	-4488.4	-54.1	20.8	
91.55	320.9	10.4	29.3	2.0	-82.5	52.5	6.6	179.1	-187.6	-4442.0	52.7	18.0	
91.60	321.5	10.2	28.1	2.0	-81.9	52.6	10.2	175.4	-189.8	-4403.4	162.7	14.5	
91.65	322.1	9.9	27.7	2.0	-81.5	52.7	11.4	172.8	-192.6	-4376.5	218.5	13.7	
91.70	322.7	10.0	27.2	2.0	-80.7	52.8	9.1	170.3	-195.0	-4323.5	175.8	12.6	
91.75	323.3	10.2	26.3	2.0	-79.4	52.9	4.4	166.7	-196.8	-4234.6	48.5	11.0	
91.80	323.9	10.3	26.0	2.0	-78.3	53.0	-0.7	164.4	-198.5	-4155.7	-99.0	10.9	
91.85	324.5	10.5	26.4	2.0	-77.6	53.1	-3.0	162.9	-200.6	-4106.0	-191.8	13.0	
91.90	325.0	10.4	26.8	2.0	-77.0	53.2	-1.7	160.3	-202.5	-4059.9	-209.2	15.0	
91.95	325.6	9.9	26.7	2.0	-76.1	53.3	1.0	157.0	-204.0	-4005.6	-190.9	15.7	
92.00	326.2	9.5	27.6	2.0	-75.8	53.4	3.7	155.8	-206.1	-3982.1	-163.7	19.0	
92.05	326.8	9.5	29.4	2.0	-76.0	53.5	5.2	156.4	-209.2	-3996.3	-166.0	25.0	
92.10	327.3	9.6	30.3	2.0	-75.7	53.6	4.5	154.8	-211.1	-3970.8	-249.6	28.5	
92.15	327.9	9.5	30.0	2.0	-74.7	53.7	0.6	150.8	-211.2	-3893.2	-415.8	28.4	
92.20	328.4	9.7	29.2	2.0	-73.4	53.8	-4.3	146.6	-212.2	-3782.9	-570.9	27.0	
92.25	329.0	10.0	28.7	2.0	-71.9	53.9	-7.1	142.4	-215.3	-3673.2	-632.3	26.4	
92.30	329.5	9.8	27.6	2.0	-70.2	54.0	-7.2	138.1	-218.3	-3554.9	-617.0	24.6	
92.35	330.1	9.7	26.1	2.0	-68.4	54.1	-6.0	134.0	-219.7	-3431.7	-567.9	21.2	
92.40	330.6	9.6	26.0	2.0	-67.3	54.2	-3.8	131.0	-221.1	-3373.6	-486.3	21.8	
92.45	331.2	9.9	26.9	2.0	-67.2	54.3	-1.7	130.5	-223.9	-3373.2	-393.3	25.2	
92.50	331.7	9.8	27.6	2.0	-67.1	54.4	-0.9	131.8	-225.8	-3363.8	-350.8	27.8	
92.55	332.2	9.6	27.7	2.0	-66.7	54.5	-0.6	131.8	-225.3	-3335.8	-350.2	28.2	
92.60	332.8	9.7	27.1	2.0	-66.0	54.6	-0.4	130.1	-225.4	-3291.4	-345.4	27.0	
92.65	333.3	9.5	25.6	2.0	-65.0	54.7	-0.8	127.4	-227.9	-3221.1	-317.6	22.7	
92.70	333.8	9.2	23.7	2.0	-63.7	54.8	-1.7	123.3	-230.7	-3132.8	-291.8	17.8	
92.75	334.4	9.1	22.1	2.0	-62.5	54.9	-1.9	119.0	-231.9	-3056.2	-271.1	13.4	
92.80	334.9	9.2	22.2	2.0	-62.1	55.0	-2.1	117.8	-232.8	-3031.7	-265.0	14.0	
92.85	335.4	9.3	23.1	2.0	-62.5	55.1	-2.8	119.2	-234.9	-3052.3	-268.6	16.9	
92.90	335.9	9.1	23.7	2.0	-62.6	55.2	-3.4	119.6	-236.9	-3060.2	-268.5	18.6	
92.95	336.4	9.1	23.1	2.0	-61.9	55.3	-1.8	117.2	-237.0	-3016.6	-238.3	17.5	
93.00	336.9	9.1	22.8	2.0	-60.9	55.4	2.0	114.5	-236.5	-2949.1	-164.8	17.5	
93.05	337.4	9.4	22.5	2.0	-59.8	55.5	6.7	111.9	-237.7	-2880.1	-53.5	17.3	
93.10	337.9	9.1	21.6	2.0	-58.7	55.6	9.4	108.6	-240.0	-2802.2	26.2	15.3	
93.15	338.4	8.7	19.9	2.0	-57.5	55.7	9.7	104.6	-241.6	-2720.9	41.5	10.8	
93.20	338.9	8.6	19.1	2.0	-56.8	55.8	8.6	101.3	-242.5	-2677.1	13.1	8.7	
93.25	339.5	8.6	19.4	2.0	-56.8	55.9	6.6	99.6	-244.0	-2684.7	-32.5	10.0	
93.30	340.0	8.7	18.8	2.0	-56.5	56.0	5.3	97.7	-246.0	-2664.2	-58.8	8.1	
93.35	340.5	9.1	17.4	2.0	-55.4	56.1	5.5	94.2	-246.9	-2590.0	-50.4	4.4	
93.40	341.0	9.0	16.4	2.0	-54.2	56.2	8.1	89.3	-247.2	-2514.0	14.2	2.0	
93.45	341.4	9.0	16.4	2.0	-53.8	56.3	11.1	87.0	-248.2	-2484.6	94.5	2.5	
93.50	341.9	9.3	16.6	2.0	-53.6	56.4	12.8	86.1	-249.8	-2471.8	144.5	3.4	
93.55	342.4	9.3	16.6	2.0	-53.3	56.5	12.3	83.8	-250.4	-2452.6	126.8	3.8	
93.60	342.9	9.3	16.8	2.0	-52.9	56.6	10.0	81.9	-250.9	-2430.4	59.1	4.8	
93.65	343.4	9.2	17.0	2.0	-52.4	56.7	6.9	82.0	-252.8	-2393.4	-28.7	5.9	
93.70	343.9	9.3	17.1	2.0	-51.4	56.8	4.0	80.7	-254.6	-2320.0	-118.4	7.2	
93.75	344.4	9.3	16.1	2.0	-49.5	56.9	2.0	75.1	-254.7	-2186.4	-207.0	5.8	
93.80	344.9	9.4	15.2	2.0	-47.4	57.0	-0.1	69.6	-254.6	-2033.6	-294.6	4.7	
93.85	345.3	9.4	16.1	2.0	-46.2	57.1	-1.2	67.6	-256.3	-1935.7	-344.8	9.0	
93.90	345.8	9.3	17.6	2.0	-45.7	57.2	-0.2	67.7	-257.8	-1889.1	-363.0	14.9	
93.95	346.3	9.2	18.4	2.0	-44.8	57.3	0.4	66.8	-256.8	-1817.9	-402.2	18.4	
94.00	346.7	9.4	18.8	2.0	-43.7	57.4	0.1	64.1	-256.2	-1726.5	-447.8	20.8	
94.05	347.2	9.5	19.5	2.0	-42.8	57.5	-0.5	61.2	-258.4	-1660.8	-463.7	24.3	
94.10	347.6	9.5	19.5	2.0	-41.7	57.6	-1.0	59.2	-260.7	-1572.5	-476.6	25.3	
94.15	348.1	9.6	18.7	2.0	-40.1	57.7	-2.0	56.0	-260.1	-1444.6	-521.8	23.9	
94.20	348.6	9.8	17.5	2.0	-38.8	57.8	-2.9	51.2	-259.7	-1340.0	-555.0	21.2	
94.25	349.0	10.0	16.6	2.0	-38.4	57.9	-4.9	49.4	-262.4	-1304.1	-573.0	18.5	
94.30	349.5	10.0	16.2	2.0	-38.7	58.0	-6.1	49.9	-264.6	-1328.9	-566.2	16.9	
94.35	349.9	10.1	15.7	2.0	-38.5	58.1	-3.9	47.0	-263.1	-1342.6	-506.0	15.5	
94.40	350.4	10.2	14.7	2.0	-37.6	58.2	-0.4	43.5	-261.5	-1321.5	-393.4	12.9	
94.45	350.8	10.2	13.5	2.0	-36.6	58.3	2.5	42.1	-264.0	-1285.2	-236.7	9.8	
94.50	351.2	10.4	12.4	2.0	-35.9	58.4	5.8	40.4	-267.0	-1257.7	-74.0	6.5	
94.55	351.7	10.6	10.9	2.0	-35.1	58.5	8.2	37.3	-266.0	-1207.9	17.3	2.3	
94.60	352.1	10.8	9.3	2.0	-34.2	58.6	7.6	33.9	-264.1	-1147.1	29.4	-2.4	
94.65	352.6	10.9	8.5	2.0	-33.6	58.7	5.2	31.6	-266.2	-1111.8	33.0	-4.6	
94.70	353.0	10.8	8.0	2.0	-33.4	58.8	3.4	31.0	-269.5	-1091.2	48.2	-5.9	
94.75	353.5	10.7	7.5	2.0	-32.7	58.9	3.9	30.2	-268.8	-1045.4	64.1	-7.1	
94.80	353.9	10.6	6.9	2.0	-32.0	59.0	6.6	27.7	-266.5	-991.6	101.5	-8.3	
94.85	354.3	10.5	7.0	2.0	-31.8	59.1	8.9	26.2	-267.8	-970.8	158.5	-7.7	
94.90	354.8	10.6	7.6	2.0	-31.7	59.2	8.5	25.9	-270.2	-959.2	160.7	-5.7	
94.95	355.2	10.6	8.1	2.0	-31.2	59.3	7.9	24.8	-269.1	-938.8	100.1	-3.4	
95.00	355.6	10.3	9.0	2.0	-31.0	59.4	6.6	24.6	-266.8	-930.8	-10.2	-0.0	
95.05	356.0	10.0	9.9	2.0	-31.1	59.5	2.8	26.4	-267.5	-919.9	-143.2	3.0	
95.10	356.5	10.0	10.5	2.0	-30.8	59.6	-1.6	25.2	-269.9	-877.8	-256.3	5.3	
95.15	356.9	9.9	9.8	2.0	-29.5	59.7	-2.6	18.5	-270.2	-769.1	-317.9	4.1	
95.20	357.3	9.8	8.6	2.0	-27.8	59.8	-2.2	12.7	-268.9	-632.4	-354.6	1.7	
95.25	357.7	10.0	8.1	2.0	-26.5	59.9	-1.9	9.4	-269.5	-517.9	-367.8	1.5	
95.30	358.2	9.8	8.5	2.0	-25.6	60.0	-1.3	7.1	-271.5	-447.8	-360.7	3.6	
95.35	358.6	9.7	8.8	2.0	-25.1	60.1	-1.4	4.6	-271.2	-378.0	-392.4	5.0	
95.40	359.0	9.9	8.7	2.0	-25.0	60.2	-2.6	1.5	-269.0	-297.5	-455.3	4.9	
95.45	359.4	9.7	8.6	2.0	-24.8	60.3	-3.2	-1.4	-269.0	-235.2	-471.9	4.8	
95.50	359.8	9.7	8.7	2.0	-24.2	60.4	-3.2	-3.2	-271.3	-170.2	-440.7	5.6	
95.55	0.2	9.8	8.1	2.0	-23.4	60.5	-2.6	-6.4	-272.3	-77.4	-399.1	4.4	
95.60	0.6	9.6	7.0	2.0	-23.3	60.6	-2.4	-12.2	-271.3	35.6	-381.0	0.6	
95.65	1.0	9.5	6.3	2.0	-23.7	60.7	-4.1	-15.2	-271.8	96.8	-390.4	-1.9	
95.70	1.4	9.4	6.6	2.0	-24.0	60.8	-6.6	-13.7	-273.9	91.6	-411.8	-1.2	
95.75	1.8	9.4	7.2	2.0	-24.1	60.9	-7.7	-12.3	-274.0	79.3	-429.3	0.5	
95.80	2.2	9.2	7.3	2.0	-24.4	61.0	-7.9	-13.1	-271.7	116.1	-440.1	0.5	
95.85	2.6	9.0	6.7	2.0	-24.2	61.1	-7.5	-13.3	-271.3	182.0	-404.8	-1.1	
95.90	3.0	9.0	6.9	2.0	-23.2	61.2	-4.9	-13.6	-273.5	219.1	-294.7	0.3	
95.95	3.3	9.1	6.6	2.0	-22.6	61.3	-0.8	-16.2	-274.0	262.4	-177.7	0.1	
96.00	3.7	9.2	5.9	2.0	-23.5	61.4	0.0	-19.9	-271.8	342.4	-152.0	-3.1	
96.05	4.1	9.3	5.8	2.0	-24.3	61.5	-1.6	-21.8	-271.6	399.8	-168.3	-4.5	
96.10	4.5	9.0	6.4	2.0	-24.5	61.6	-2.8	-21.9	-274.0	410.6	-169.4	-2.7	
96.15	4.9	8.9	6.5	2.0	-25.0	61.7	-3.8	-21.5	-274.1	441.4	-191.0	-2.8	
96.20	5.3	8.8	5.7	2.0	-26.1	61.8	-4.1	-23.3	-271.7	516.3	-212.0	-6.6	
96.25	5.7	8.8	5.1	2.0	-26.6	61.9	-2.5	-26.8	-271.5	566.5	-159.2	-9.2	
96.30	6.0	8.8	5.1	2.0	-26.6	62.0	0.1	-28.6	-273.9	576.7	-56.7	-9.0	
96.35	6.4	8.8	5.0	2.0	-26.7	62.1	2.6	-29.2	-273.9	584.3	15.5	-9.4	
96.40	6.8	9.0	5.0	2.0	-26.7	62.2	4.0	-30.8	-271.4	586.9	33.5	-9.7	
96.45	7.2	8.8	4.0	2.0	-26.8	62.3	4.3	-32.1	-271.0	587.3	32.1	-13.0	
96.50	7.5	8.3	4.0	2.0	-26.9	62.4	2.3	-33.0	-272.4	591.4	-5.1	-13.1	
96.55	7.9	7.9	3.9	2.0	-27.7	62.5	0.3	-37.5	-272.3	639.8	-53.7	-14.2	
96.60	8.3	8.0	2.9	2.0	-29.4	62.6	-0.4	-43.7	-271.0	748.8	-87.2	-19.6	
96.65	8.6	8.3	2.5	2.0	-30.9	62.7	-0.5	-47.0	-271.3	852.1	-88.2	-22.2	
96.70	9.0	8.5	3.5	2.0	-31.6	62.8	0.2	-48.3	-273.0	898.9	-64.6	-19.7	
96.75	9.4	8.5	4.3	2.0	-32.0	62.9	0.9	-49.9	-273.2	925.3	-61.7	-17.2	
96.80	9.7	8.4	4.6	2.0	-32.3	63.0	0.1	-50.5	-271.2	947.5	-106.7	-16.5	
96.85	10.1	8.7	5.3	2.0	-32.4	63.1	-1.0	-49.7	-270.2	950.2	-158.9	-14.4	
96.90	10.4	8.8	6.0	2.0	-32.7	63.2	-0.5	-49.5	-271.3	970.6	-178.3	-12.0	
96.95	10.8	9.0	6.9	2.0	-33.9	63.3	-1.3	-51.3	-271.3	1043.9	-232.4	-10.3	
97.00	11.1	9.2	6.6	2.0	-35.7	63.4	-3.7	-55.1	-270.3	1151.5	-326.3	-13.0	
97.05	11.5	9.0	6.2	2.0	-37.0	63.5	-6.1	-57.6	-270.7	1218.1	-412.0	-15.7	
97.10	11.8	8.7	7.5	2.0	-37.4	63.6	-8.8	-57.4	-271.7	1218.3	-494.4	-11.6	
97.15	12.2	8.4	8.9	2.0	-37.7	63.7	-11.2	-56.6	-271.5	1214.8	-572.0	-7.3	
97.20	12.5	8.1	9.5	2.0	-38.1	63.8	-12.1	-55.9	-270.6	1229.2	-606.9	-5.6	
97.25	12.8	8.0	9.9	2.0	-38.2	63.9	-11.1	-55.7	-270.1	1253.2	-584.6	-4.3	
97.30	13.2	8.0	10.6	2.0	-38.2	64.0	-8.2	-56.3	-269.9	1282.6	-511.7	-1.7	
97.35	13.5	8.1	10.5	2.0	-38.5	64.1	-4.6	-58.4	-269.6	1336.1	-417.7	-2.5	
97.40	13.8	8.2	9.2	2.0	-39.4	64.2	-2.5	-61.8	-268.9	1414.8	-346.4	-8.0	
97.45	14.2	8.4	7.9	2.0	-40.2	64.3	-2.1	-64.4	-268.6	1481.1	-300.6	-12.9	
97.50	14.5	8.1	7.9	2.0	-40.4	64.4	-2.1	-65.5	-269.0	1498.0	-263.5	-13.2	
97.55	14.8	7.9	7.3	2.0	-40.3	64.5	-1.7	-66.6	-269.1	1493.2	-221.7	-15.2	
97.60	15.2	7.9	5.8	2.0	-40.7	64.6	-2.1	-69.5	-267.8	1520.0	-193.3	-20.9	
97.65	15.5	8.0	4.3	2.0	-41.4	64.7	-2.1	-73.0	-267.0	1569.9	-146.8	-26.7	
97.70	15.8	8.1	3.9	2.0	-41.7	64.8	0.7	-75.7	-267.7	1593.6	-37.7	-28.2	
97.75	16.1	8.1	4.1	2.0	-42.0	64.9	5.3	-77.5	-267.5	1604.8	91.1	-27.9	
97.80	16.4	8.1	4.0	2.0	-42.4	65.0	8.2	-78.3	-264.9	1629.7	167.0	-28.8	
97.85	16.8	8.0	3.6	2.0	-42.7	65.1	10.1	-78.9	-263.5	1644.4	225.3	-30.4	
97.90	17.1	7.9	4.0	2.0	-42.7	65.2	11.2	-78.8	-264.6	1634.1	277.0	-29.0	
97.95	17.4	8.0	4.2	2.0	-42.7	65.3	10.5	-78.1	-264.8	1640.8	277.6	-28.3	
98.00	17.7	8.2	3.5	2.0	-43.4	65.4	9.4	-80.1	-263.0	1693.7	241.2	-31.4	
98.05	18.0	8.5	3.0	2.0	-44.7	65.5	8.6	-85.0	-261.8	1787.7	201.0	-34.6	
98.10	18.3	8.7	3.2	2.0	-46.3	65.6	7.1	-89.1	-263.0	1895.9	164.4	-35.3	
98.15	18.6	8.9	3.5	2.0	-47.5	65.7	6.6	-90.8	-264.0	1982.0	142.2	-35.4	
98.20	18.9	9.1	4.0	2.0	-48.0	65.8	7.6	-91.3	-262.3	2023.2	119.1	-34.1	
98.25	19.2	9.4	4.9	2.0	-48.1	65.9	8.0	-90.9	-260.1	2037.1	88.6	-31.5	
98.30	19.5	9.3	6.0	2.0	-48.2	66.0	7.7	-90.7	-260.6	2042.7	76.0	-27.4	
98.35	19.8	9.2	6.8	2.0	-48.4	66.1	7.9	-90.8	-261.9	2060.0	86.8	-25.0	
98.40	20.1	8.9	6.8	2.0	-49.4	66.2	8.7	-91.9	-260.7	2132.8	83.3	-25.9	
98.45	20.4	8.7	6.9	2.0	-50.8	66.3	9.2	-94.7	-258.4	2234.0	59.2	-27.0	
98.50	20.7	8.7	6.8	2.0	-52.0	66.4	8.5	-98.3	-258.9	2310.8	37.0	-28.6	
98.55	21.0	8.9	6.4	2.0	-52.9	66.5	5.5	-101.7	-260.7	2369.8	-6.0	-30.8	
98.60	21.3	9.1	5.7	2.0	-53.6	66.6	2.7	-104.2	-260.1	2418.3	-62.6	-33.9	
98.65	21.6	9.2	5.8	2.0	-54.0	66.7	2.5	-105.4	-257.9	2445.9	-83.2	-34.0	
98.70	21.9	9.3	6.5	2.0	-54.0	66.8	4.0	-105.0	-257.7	2449.2	-39.8	-31.7	
98.75	22.2	9.1	6.6	2.0	-54.4	66.9	5.6	-105.6	-258.7	2476.2	36.1	-31.8	
98.80	22.5	8.8	6.0	2.0	-55.5	67.0	7.3	-109.3	-257.5	2545.6	99.5	-34.8	
98.85	22.8	8.4	5.6	2.0	-56.8	67.1	10.2	-114.1	-255.0	2628.8	156.6	-37.5	
98.90	23.0	8.1	6.0	2.0	-57.7	67.2	12.5	-116.2	-254.2	2687.1	211.1	-37.2	
98.95	23.3	8.2	6.0	2.0	-58.3	67.3	13.1	-116.4	-254.7	2725.0	248.1	-37.6	
99.00	23.6	8.7	5.5	2.0	-58.7	67.4	11.6	-117.3	-253.9	2754.8	233.5	-39.7	
99.05	23.9	8.4	4.8	2.0	-58.9	67.5	9.3	-118.6	-252.7	2770.5	198.6	-42.3	
99.10	24.1	8.3	4.7	2.0	-58.6	67.6	7.8	-118.5	-253.0	2753.7	194.7	-42.6	
99.15	24.4	8.5	4.9	2.0	-58.5	67.7	8.2	-117.8	-253.7	2741.2	226.5	-41.8	
99.20	24.7	8.5	4.8	2.0	-58.9	67.8	9.6	-119.3	-252.0	2764.6	248.1	-42.5	
99.25	25.0	8.4	4.6	2.0	-59.4	67.9	11.1	-120.7	-249.8	2798.3	258.8	-43.5	
99.30	25.2	8.3	5.0	2.0	-59.2	68.0	12.4	-119.5	-249.7	2785.9	286.8	-42.2	
99.35	25.5	8.1	5.7	2.0	-58.6	68.1	14.2	-118.2	-249.8	2739.5	327.5	-39.0	
99.40	25.8	8.0	6.0	2.0	-58.5	68.2	15.2	-118.5	-248.0	2731.9	341.8	-38.0	
99.45	26.1	8.0	5.6	2.0	-59.0	68.3	14.6	-119.2	-247.3	2770.7	343.0	-39.7	
99.50	26.3	7.6	4.9	2.0	-59.8	68.4	14.0	-120.9	-249.3	2820.8	371.9	-43.0	
99.55	26.6	7.5	4.7	2.0	-60.6	68.5	13.2	-123.5	-250.5	2870.9	377.6	-44.6	
99.60	26.9	7.4	3.9	2.0	-61.2	68.6	11.4	-125.7	-248.5	2919.3	316.9	-47.7	
99.65	27.1	7.2	3.4	2.0	-61.7	68.7	9.9	-128.1	-246.7	2955.9	256.8	-50.0	
99.70	27.4	7.4	3.7	2.0	-61.9	68.8	9.5	-130.1	-247.4	2963.3	249.4	-49.2	
99.75	27.7	7.7	4.0	2.0	-61.9	68.9	10.0	-130.4	-247.8	2966.8	272.0	-48.3	
99.80	27.9	7.9	4.0	2.0	-62.3	69.0	11.4	-130.8	-246.0	2992.1	291.4	-48.4	
99.85	28.2	7.9	4.4	2.0	-62.9	69.1	13.3	-132.9	-244.5	3028.6	315.3	-47.7	
99.90	28.5	7.8	4.9	2.0	-63.5	69.2	13.6	-135.2	-245.2	3069.6	323.1	-46.7	
99.95	28.7	7.5	5.2	2.0	-64.3	69.3	11.4	-137.0	-245.4	3127.6	266.0	-46.5	
100.00	29.0	7.7	5.1	2.0	-64.9	69.4	8.2	-138.6	-243.7	3178.3	159.5	-47.3	
100.05	29.2	7.7	5.3	2.0	-65.3	69.5	5.5	-138.9	-242.4	3211.1	57.5	-47.2	
100.10	29.5	7.7	5.7	2.0	-65.6	69.6	2.6	-138.9	-242.5	3239.8	-32.2	-46.2	
100.15	29.7	7.7	5.8	2.0	-66.5	69.7	0.7	-141.7	-242.4	3298.6	-95.0	-46.6	
100.20	29.9	7.7	6.0	2.0	-67.6	69.8	0.4	-145.3	-241.5	3370.6	-119.7	-47.0	
100.25	30.2	7.6	6.3	2.0	-68.1	69.9	1.3	-145.3	-241.3	3406.6	-106.1	-46.6	
100.30	30.4	7.6	7.0	2.0	-68.1	70.0	2.3	-143.6	-241.2	3410.8	-95.6	-44.0	
100.35	30.7	7.3	7.8	2.0	-68.1	70.1	2.1	-143.7	-239.7	3414.9	-129.3	-41.3	
100.40	30.9	7.0	8.2	2.0	-68.3	70.2	0.8	-144.2	-238.5	3422.9	-183.9	-40.3	
100.45	31.2	6.8	8.2	2.0	-68.3	70.3	-0.6	-143.3	-238.6	3422.9	-213.0	-40.0	
100.50	31.4	7.0	8.2	2.0	-68.4	70.4	-0.3	-143.2	-239.0	3432.2	-196.5	-40.3	
100.55	31.7	7.3	7.8	2.0	-69.0	70.5	-0.1	-145.3	-238.4	3475.7	-178.2	-42.1	
100.60	31.9	7.3	7.3	2.0	-69.5	70.6	-1.0	-146.6	-238.5	3508.6	-161.5	-44.4	
100.65	32.1	7.3	7.0	2.0	-69.2	70.7	-1.2	-145.8	-239.7	3485.7	-119.4	-45.1	
100.70	32.4	7.3	6.8	2.0	-68.6	70.8	-0.1	-145.3	-239.4	3445.0	-71.7	-45.2	
100.75	32.6	7.4	6.3	2.0	-68.4	70.9	1.1	-145.9	-237.1	3433.7	-38.8	-46.9	
100.80	32.9	7.6	5.4	2.0	-68.8	71.0	1.9	-147.3	-236.1	3459.3	5.4	-50.1	
100.85	33.1	7.7	5.2	2.0	-69.5	71.1	3.4	-149.9	-237.1	3499.6	78.0	-51.6	
100.90	33.3	7.8	5.1	2.0	-70.3	71.2	5.5	-153.3	-237.0	3551.7	140.9	-52.8	
100.95	33.6	7.7	4.7	2.0	-71.1	71.3	6.7	-155.8	-235.2	3601.6	166.7	-55.0	
101.00	33.8	7.6	4.4	2.0	-71.1	71.4	6.5	-155.8	-234.7	3608.2	180.5	-56.0	
101.05	34.0	7.6	4.6	2.0	-71.0	71.5	5.2	-155.8	-235.7	3598.6	181.5	-55.2	
101.10	34.3	7.7	4.9	2.0	-71.1	71.6	3.8	-156.4	-235.2	3604.5	149.6	-54.3	
101.15	34.5	7.8	4.9	2.0	-71.4	71.7	3.4	-157.1	-232.7	3626.1	106.3	-54.6	
101.20	34.7	7.8	5.0	2.0	-71.7	71.8	4.2	-158.0	-231.2	3648.5	95.3	-54.5	
101.25	34.9	7.7	5.1	2.0	-72.2	71.9	4.7	-159.8	-231.4	3679.4	105.2	-54.6	
101.30	35.1	7.6	5.3	2.0	-73.0	72.0	4.1	-162.6	-231.3	3732.8	88.7	-54.9	
101.35	35.3	7.5	5.4	2.0	-73.5	72.1	3.3	-163.9	-230.2	3769.3	46.6	-55.0	
101.40	35.6	7.5	6.1	2.0	-73.2	72.2	2.7	-162.2	-229.4	3755.4	-1.1	-52.3	
101.45	35.8	8.0	7.0	2.0	-73.0	72.3	1.4	-160.2	-229.1	3740.9	-60.1	-49.1	
101.50	36.0	8.0	7.0	2.0	-73.6	72.4	-1.0	-161.1	-228.7	3783.5	-130.7	-49.7	
101.55	36.2	7.8	6.9	2.0	-74.8	72.5	-2.8	-164.3	-228.6	3867.4	-179.1	-51.2	
101.60	36.4	7.8	7.1	2.0	-75.9	72.6	-2.2	-166.7	-228.8	3944.3	-174.4	-51.6	
101.65	36.6	7.7	7.6	2.0	-76.6	72.7	-0.5	-167.0	-228.5	3993.7	-148.1	-50.4	
101.70	36.8	7.5	8.0	2.0	-76.8	72.8	0.4	-166.6	-227.8	4010.5	-127.8	-49.4	
101.75	37.1	7.6	7.9	2.0	-76.6	72.9	-0.1	-166.1	-227.8	3997.7	-120.0	-49.4	
101.80	37.3	7.4	7.9	2.0	-76.1	73.0	-1.4	-165.1	-228.1	3965.2	-122.8	-48.9	
101.85	37.5	7.3	7.7	2.0	-75.9	73.1	-1.6	-165.2	-227.5	3952.5	-128.1	-49.6	
101.90	37.7	7.4	7.4	2.0	-76.6	73.2	-1.0	-167.1	-226.1	3995.6	-129.9	-51.3	
101.95	37.9	7.4	6.7	2.0	-77.7	73.3	-0.6	-169.7	-225.7	4073.2	-113.1	-54.7	
102.00	38.1	7.4	6.3	2.0	-78.5	73.4	-0.5	-172.2	-226.4	4130.1	-81.1	-56.9	
102.05	38.3	7.3	6.2	2.0	-78.6	73.5	-0.1	-173.6	-226.2	4133.0	-52.2	-57.5	
102.10	38.5	7.2	6.1	2.0	-78.3	73.6	0.6	-173.4	-224.4	4108.0	-36.7	-57.2	
102.15	38.7	7.1	6.5	2.0	-78.0	73.7	1.6	-172.3	-222.9	4091.3	-7.4	-55.8	
102.20	38.9	7.2	6.8	2.0	-78.1	73.8	3.8	-172.3	-222.5	4103.0	54.9	-54.8	
102.25	39.1	7.1	6.4	2.0	-79.0	73.9	5.6	-174.6	-221.6	4161.8	102.8	-57.0	
102.30	39.3	7.0	5.6	2.0	-80.1	74.0	5.9	-178.0	-220.0	4233.9	113.8	-60.7	
102.35	39.5	6.7	5.1	2.0	-80.9	74.1	6.6	-181.1	-219.0	4283.9	129.7	-63.2	
102.40	39.7	6.6	5.1	2.0	-81.2	74.2	6.9	-182.4	-218.5	4306.1	139.6	-63.6	
102.45	39.9	6.5	5.1	2.0	-81.0	74.3	5.8	-181.0	-217.9	4297.7	129.3	-63.6	
102.50	40.0	6.5	5.1	2.0	-80.5	74.4	4.8	-178.7	-217.3	4269.3	121.4	-63.1	
102.55	40.2	6.3	5.4	2.0	-80.1	74.5	5.1	-178.1	-216.6	4240.7	134.1	-61.5	
102.60	40.4	6.2	5.4	2.0	-80.3	74.6	6.4	-179.5	-215.9	4249.3	157.7	-61.8	
102.65	40.6	6.1	5.4	2.0	-81.0	74.7	8.3	-181.2	-215.0	4293.1	192.4	-62.3	
102.70	40.8	6.2	5.4	2.0	-81.6	74.8	10.6	-182.4	-214.3	4331.9	242.7	-63.2	
102.75	41.0	6.2	5.5	2.0	-81.5	74.9	11.9	-181.8	-213.8	4329.4	280.9	-62.6	
102.80	41.2	6.3	5.3	2.0	-81.0	75.0	11.8	-180.4	-213.1	4294.7	288.1	-62.9	
102.85	41.3	6.4	5.4	2.0	-80.5	75.1	10.8	-179.5	-212.7	4258.6	277.4	-62.0	
102.90	41.5	6.3	5.0	2.0	-80.6	75.2	9.7	-180.1	-212.6	4261.9	269.1	-63.5	
102.95	41.7	5.9	4.5	2.0	-81.3	75.3	8.8	-181.9	-212.8	4314.9	258.7	-65.8	
103.00	41.9	5.8	4.3	2.0	-82.3	75.4	9.0	-184.6	-213.0	4378.5	263.5	-67.5	
103.05	42.1	5.9	4.0	2.0	-82.9	75.5	9.4	-187.2	-212.6	4416.6	263.2	-69.0	
103.10	42.3	6.1	3.9	2.0	-82.9	75.6	9.2	-187.9	-211.7	4418.7	248.8	-69.4	
103.15	42.4	6.3	4.1	2.0	-82.5	75.7	8.9	-187.1	-210.8	4393.0	233.7	-68.3	
103.20	42.6	6.6	4.8	2.0	-82.0	75.8	10.1	-185.9	-209.9	4358.0	241.9	-65.4	
103.25	42.8	7.1	5.3	2.0	-81.8	75.9	11.8	-185.2	-208.4	4347.1	253.0	-63.5	
103.30	43.0	7.5	5.3	2.0	-82.2	76.0	12.6	-186.6	-206.9	4376.1	252.6	-64.1	
103.35	43.1	7.7	4.9	2.0	-83.2	76.1	12.7	-190.7	-206.2	4435.8	241.8	-66.4	
103.40	43.3	7.9	4.6	2.0	-84.3	76.2	12.1	-195.1	-205.8	4508.1	216.8	-68.6	
103.45	43.5	8.0	4.5	2.0	-84.9	76.3	11.0	-196.4	-205.0	4553.6	182.0	-69.4	
103.50	43.6	8.1	4.7	2.0	-84.7	76.4	9.6	-194.5	-203.9	4549.4	147.5	-68.7	
103.55	43.8	8.1	4.8	2.0	-84.4	76.5	8.7	-193.4	-202.6	4530.0	118.7	-67.8	
103.60	44.0	7.6	5.1	2.0	-84.6	76.6	8.6	-194.6	-201.5	4541.8	111.9	-67.1	
103.65	44.1	7.6	5.2	2.0	-85.0	76.7	9.7	-195.6	-201.0	4570.5	147.5	-67.3	
103.70	44.3	7.9	5.1	2.0	-85.4	76.8	12.6	-195.9	-200.1	4596.9	219.3	-67.8	
103.75	44.5	7.7	5.1	2.0	-85.8	76.9	15.4	-196.5	-198.6	4621.0	282.3	-68.3	
103.80	44.6	7.8	5.1	2.0	-85.9	77.0	17.5	-197.2	-197.8	4623.6	340.1	-68.3	
103.85	44.8	7.9	4.9	2.0	-85.6	77.1	17.7	-196.5	-198.0	4600.8	385.6	-69.0	
103.90	45.0	8.2	4.4	2.0	-85.5	77.2	16.3	-195.5	-197.8	4589.8	399.9	-70.5	
103.95	45.1	8.2	4.0	2.0	-85.6	77.3	15.1	-195.4	-197.3	4604.4	406.0	-71.9	
104.00	45.3	8.1	3.9	2.0	-86.1	77.4	15.1	-196.2	-197.2	4636.2	426.9	-72.8	
104.05	45.5	7.9	3.3	2.0	-86.8	77.5	14.8	-197.3	-197.7	4681.4	458.8	-75.4	
104.10	45.7	7.8	2.6	2.0	-87.9	77.6	14.6	-200.0	-197.5	4754.0	486.3	-78.9	
104.15	45.8	7.8	2.5	2.0	-89.0	77.7	16.1	-203.2	-196.6	4823.9	522.2	-80.4	
104.20	46.0	7.9	3.3	2.0	-89.5	77.8	19.3	-204.2	-196.0	4849.9	587.1	-78.2	
104.25	46.1	7.4	3.9	2.0	-89.1	77.9	21.8	-202.1	-195.2	4824.7	641.0	-75.7	
104.30	46.3	7.0	4.0	2.0	-89.0	78.0	21.9	-201.0	-193.6	4815.0	640.0	-75.2	
104.35	46.5	6.8	4.1	2.0	-89.2	78.1	20.9	-202.4	-193.0	4832.1	616.7	-75.1	
104.40	46.6	6.8	4.3	2.0	-89.8	78.2	19.6	-204.5	-193.8	4877.2	587.1	-74.9	
104.45	46.8	6.9	3.9	2.0	-90.5	78.3	17.8	-206.2	-193.3	4936.5	519.2	-77.1	
104.50	46.9	7.1	3.5	2.0	-91.1	78.4	15.1	-207.5	-191.2	4986.3	410.2	-79.0	
104.55	47.1	7.0	3.7	2.0	-91.1	78.5	12.6	-207.7	-190.2	4993.3	321.5	-78.5	
104.60	47.2	7.0	4.1	2.0	-90.6	78.6	10.5	-206.5	-190.9	4960.7	274.4	-76.4	
104.65	47.4	7.1	4.5	2.0	-90.2	78.7	9.5	-206.0	-190.0	4939.4	232.4	-74.8	
104.70	47.6	7.3	4.7	2.0	-90.2	78.8	10.2	-206.7	-187.5	4940.9	197.5	-74.2	
104.75	47.7	7.1	5.4	2.0	-90.7	78.9	11.5	-207.4	-186.9	4973.9	192.9	-72.2	
104.80	47.9	6.8	6.0	2.0	-91.3	79.0	12.3	-208.6	-187.8	5016.8	202.5	-70.9	
104.85	48.0	7.0	5.7	2.0	-91.9	79.1	11.5	-210.8	-187.2	5059.7	163.2	-72.3	
104.90	48.2	7.2	5.5	2.0	-92.5	79.2	10.0	-213.6	-185.3	5095.6	89.2	-73.7	
104.95	48.3	7.4	5.7	2.0	-92.1	79.3	8.5	-212.5	-185.3	5072.3	48.0	-72.5	
105.00	48.5	7.7	6.1	2.0	-91.2	79.4	7.1	-208.7	-186.6	5013.7	44.2	-70.4	
105.05	48.6	7.7	5.8	2.0	-91.0	79.5	5.9	-207.8	-186.4	4999.3	32.4	-71.0	
105.10	48.8	7.5	5.1	2.0	-91.3	79.6	5.0	-210.2	-185.5	5020.7	18.2	-73.8	
105.15	48.9	7.2	4.9	2.0	-91.7	79.7	5.2	-212.1	-186.5	5040.3	52.2	-74.8	
105.20	49.1	7.3	4.7	2.0	-91.9	79.8	6.6	-212.6	-187.6	5055.5	113.2	-75.8	
105.25	49.2	7.3	4.4	2.0	-92.3	79.9	8.0	-213.1	-186.1	5078.3	141.2	-77.1	
105.30	49.4	7.3	4.3	2.0	-92.1	80.0	9.0	-212.8	-184.4	5067.0	155.6	-77.4	
105.35	49.5	7.2	4.8	2.0	-91.1	80.1	10.0	-210.6	-184.9	4999.7	199.0	-74.8	
105.40	49.7	7.2	4.8	2.0	-90.5	80.2	10.4	-209.1	-185.2	4951.6	233.6	-74.0	
105.45	49.8	7.1	4.4	2.0	-90.7	80.3	10.1	-209.9	-183.8	4969.9	236.5	-75.6	
105.50	50.0	7.1	4.1	2.0	-91.5	80.4	10.3	-212.0	-183.3	5025.3	249.2	-77.4	
105.55	50.1	7.2	3.9	2.0	-92.3	80.5	10.4	-213.7	-184.1	5077.0	271.8	-78.9	
105.60	50.3	7.4	3.3	2.0	-92.7	80.6	9.8	-215.3	-183.5	5104.0	268.7	-81.3	
105.65	50.4	7.6	2.7	2.0	-92.7	80.7	8.7	-216.6	-181.2	5103.6	235.3	-83.6	
105.70	50.5	7.8	2.8	2.0	-92.1	80.8	7.7	-215.6	-180.2	5061.7	216.4	-82.5	
105.75	50.7	7.9	3.5	2.0	-91.2	80.9	7.8	-212.6	-180.8	5001.8	237.1	-79.1	
105.80	50.8	8.0	4.1	2.0	-90.9	81.0	8.8	-210.9	-179.8	4980.4	250.4	-76.9	
105.85	50.9	8.2	4.1	2.0	-91.4	81.1	9.6	-212.5	-178.0	5018.9	243.4	-77.4	
105.90	51.1	8.2	4.0	2.0	-92.3	81.2	9.2	-215.5	-178.0	5079.3	232.7	-78.7	
105.95	51.2	7.9	4.2	2.0	-93.2	81.3	8.7	-218.2	-179.1	5136.0	224.9	-78.6	
106.00	51.3	8.0	4.6	2.0	-93.5	81.4	8.1	-218.3	-178.5	5164.6	187.4	-77.8	
106.05	51.5	7.9	4.6	2.0	-93.5	81.5	7.4	-216.9	-176.7	5165.8	132.7	-77.6	
106.10	51.6	7.8	4.9	2.0	-93.2	81.6	5.9	-215.9	-176.5	5150.5	93.1	-76.3	
106.15	51.7	7.8	5.1	2.0	-93.2	81.7	4.1	-216.1	-178.1	5151.7	77.7	-75.6	
106.20	51.9	8.0	4.9	2.0	-94.0	81.8	3.0	-218.2	-178.6	5205.3	60.1	-77.2	
106.25	52.0	8.2	4.8	2.0	-95.2	81.9	3.3	-220.8	-177.8	5285.4	38.6	-78.7	
106.30	52.2	8.2	5.4	2.0	-96.1	82.0	4.6	-222.8	-177.7	5347.7	40.8	-77.7	
106.35	52.3	8.4	5.6	2.0	-96.3	82.1	4.6	-223.2	-178.3	5366.9	33.3	-77.1	
106.40	52.4	8.3	5.4	2.0	-96.2	82.2	3.0	-222.3	-177.8	5357.8	-3.4	-77.7	
106.45	52.5	8.0	5.5	2.0	-95.6	82.3	1.9	-220.1	-176.9	5324.2	-35.9	-76.9	
106.50	52.7	8.0	6.1	2.0	-95.1	82.4	2.8	-217.8	-176.8	5292.2	-25.8	-74.2	
106.55	52.8	8.0	6.4	2.0	-95.3	82.5	4.0	-217.9	-176.5	5307.0	-7.1	-73.4	
106.60	52.9	7.7	5.8	2.0	-96.1	82.6	4.1	-220.4	-175.6	5362.1	-0.7	-76.2	
106.65	53.0	7.5	5.2	2.0	-97.0	82.7	3.8	-223.7	-175.5	5416.3	12.1	-79.2	
106.70	53.1	7.5	5.0	2.0	-97.3	82.8	4.1	-224.7	-175.7	5436.2	41.1	-80.1	
106.75	53.3	7.6	5.2	2.0	-96.9	82.9	4.6	-222.8	-174.4	5415.2	57.7	-79.0	
106.80	53.4	7.6	5.1	2.0	-96.5	83.0	4.6	-221.0	-172.3	5387.4	60.1	-78.9	
106.85	53.5	7.6	5.0	2.0	-96.5	83.1	4.5	-221.5	-171.3	5390.3	74.2	-79.2	
106.90	53.6	7.7	5.1	2.0	-97.1	83.2	4.4	-222.9	-171.8	5425.8	104.2	-79.7	
106.95	53.7	7.7	5.0	2.0	-97.8	83.3	5.4	-224.5	-171.4	5478.7	140.8	-80.5	
107.00	53.8	7.6	4.6	2.0	-98.6	83.4	7.7	-226.6	-170.0	5531.0	181.7	-82.9	
107.05	53.9	7.4	4.5	2.0	-99.2	83.5	9.0	-228.8	-169.3	5570.7	215.2	-83.9	
107.10	54.0	7.0	4.4	2.0	-99.2	83.6	9.1	-229.2	-169.5	5567.2	238.9	-84.0	
107.15	54.2	6.7	4.5	2.0	-98.5	83.7	9.2	-228.2	-169.0	5518.6	249.3	-83.0	
107.20	54.3	6.6	4.4	2.0	-97.5	83.8	10.0	-226.1	-167.6	5449.5	254.4	-82.3	
107.25	54.4	6.5	4.4	2.0	-96.9	83.9	10.2	-224.5	-166.8	5404.7	249.7	-81.9	
107.30	54.5	6.4	4.3	2.0	-97.0	84.0	9.6	-225.1	-167.4	5409.9	245.8	-82.3	
107.35	54.6	6.5	3.8	2.0	-97.4	84.1	8.7	-226.7	-168.3	5436.4	237.8	-84.3	
107.40	54.7	6.9	3.6	2.0	-97.6	84.2	8.1	-227.2	-168.6	5453.0	223.7	-85.4	
107.45	54.8	7.2	3.7	2.0	-97.4	84.3	8.1	-226.4	-168.2	5438.8	200.0	-84.6	
107.50	54.9	7.5	4.0	2.0	-97.0	84.4	8.7	-226.1	-167.5	5409.6	178.6	-83.4	
107.55	55.0	7.7	4.2	2.0	-96.6	84.5	9.1	-225.6	-166.6	5381.9	165.7	-82.0	
107.60	55.1	7.8	4.3	2.0	-96.1	84.6	9.0	-224.2	-166.3	5355.0	159.2	-81.5	
107.65	55.2	7.8	4.4	2.0	-96.0	84.7	10.0	-224.1	-166.0	5342.0	170.8	-80.8	
107.70	55.3	7.6	4.6	2.0	-96.4	84.8	11.6	-226.2	-165.0	5365.4	182.0	-80.6	
107.75	55.4	7.6	4.3	2.0	-96.8	84.9	11.8	-227.6	-164.3	5399.1	184.2	-82.1	
107.80	55.5	7.6	3.9	2.0	-97.3	85.0	11.4	-228.6	-164.2	5430.0	192.4	-83.7	
107.85	55.6	7.6	3.7	2.0	-97.6	85.1	10.2	-229.5	-163.9	5448.2	183.9	-84.8	
107.90	55.7	7.7	3.6	2.0	-97.5	85.2	9.3	-229.7	-162.8	5447.2	171.4	-85.1	
107.95	55.8	7.8	3.5	2.0	-97.4	85.3	9.8	-229.2	-161.1	5436.5	177.8	-85.3	
108.00	55.8	7.9	3.6	2.0	-97.3	85.4	10.9	-228.4	-160.1	5433.6	214.8	-85.1	
108.05	55.9	8.3	3.7	2.0	-97.6	85.5	12.1	-228.5	-159.8	5452.8	265.8	-84.9	
108.10	56.0	8.6	3.6	2.0	-98.2	85.6	13.7	-230.5	-159.2	5488.0	319.1	-85.7	
108.15	56.1	8.5	3.5	2.0	-98.7	85.7	15.9	-232.7	-158.2	5520.6	377.4	-86.6	
108.20	56.2	8.5	3.8	2.0	-98.8	85.8	18.0	-232.4	-157.2	5525.4	434.7	-85.7	
108.25	56.3	8.5	3.7	2.0	-98.7	85.9	19.2	-230.6	-156.4	5519.8	471.0	-86.1	
108.30	56.4	8.4	3.6	2.0	-98.8	86.0	18.7	-230.1	-155.6	5526.6	478.6	-86.3	
108.35	56.5	8.2	3.5	2.0	-99.0	86.1	17.9	-230.7	-155.6	5536.1	494.3	-86.8	
108.40	56.5	8.1	3.0	2.0	-99.2	86.2	16.9	-230.5	-156.4	5554.6	504.8	-88.8	
108.45	56.6	8.2	2.5	2.0	-99.8	86.3	16.3	-231.2	-156.1	5600.5	490.2	-91.1	
108.50	56.7	8.7	2.5	2.0	-100.7	86.4	16.9	-233.9	-155.5	5661.9	483.7	-92.1	
108.55	56.8	8.8	2.6	2.0	-101.3	86.5	17.8	-235.7	-155.9	5701.2	505.8	-92.6	
108.60	56.9	8.8	2.7	2.0	-101.5	86.6	18.0	-235.2	-156.4	5711.9	519.9	-92.1	
108.65	57.0	8.8	3.2	2.0	-101.4	86.7	18.4	-234.5	-155.5	5706.6	511.0	-90.4	
108.70	57.0	8.9	4.1	2.0	-101.3	86.8	20.4	-235.1	-154.1	5704.4	507.3	-87.4	
108.75	57.1	9.0	4.7	2.0	-101.5	86.9	22.0	-235.2	-154.2	5715.6	518.4	-85.5	
108.80	57.2	9.0	4.9	2.0	-101.9	87.0	21.4	-234.6	-154.9	5746.2	507.3	-85.2	
108.85	57.3	8.9	4.1	2.0	-102.6	87.1	19.2	-237.1	-154.3	5799.7	449.5	-88.5	
108.90	57.3	8.7	4.0	2.0	-103.0	87.2	18.0	-240.2	-153.6	5822.4	390.6	-89.1	
108.95	57.4	8.9	4.3	2.0	-102.6	87.3	16.3	-239.3	-153.7	5802.1	347.6	-88.0	
109.00	57.5	8.8	4.4	2.0	-102.0	87.4	14.1	-236.1	-153.1	5768.3	298.8	-87.0	
109.05	57.6	8.7	4.0	2.0	-101.4	87.5	13.0	-235.0	-151.4	5726.2	255.9	-87.7	
109.10	57.6	8.9	4.2	2.0	-100.8	87.6	13.2	-235.6	-150.9	5684.6	249.1	-86.4	
109.15	57.7	8.8	4.4	2.0	-100.6	87.7	13.6	-235.3	-151.0	5669.7	262.7	-85.6	
109.20	57.8	8.5	4.0	2.0	-101.0	87.8	14.6	-235.5	-149.8	5700.5	278.7	-87.3	
109.25	57.8	8.2	4.2	2.0	-101.7	87.9	16.6	-237.5	-148.4	5742.4	307.1	-87.4	
109.30	57.9	8.1	4.5	2.0	-101.8	88.0	18.3	-238.6	-148.1	5744.6	341.7	-86.3	
109.35	58.0	8.2	4.4	2.0	-101.6	88.1	17.6	-238.0	-148.0	5732.5	347.2	-86.6	
109.40	58.0	8.2	4.0	2.0	-101.4	88.2	15.8	-237.4	-147.1	5725.1	326.8	-87.7	
109.45	58.1	8.5	4.0	2.0	-101.3	88.3	15.7	-237.1	-147.4	5714.6	343.8	-87.6	
109.50	58.2	8.7	3.8	2.0	-101.2	88.4	15.6	-236.5	-148.7	5707.8	374.8	-88.2	
109.55	58.2	8.8	2.9	2.0	-101.5	88.5	14.5	-236.8	-149.2	5728.2	381.6	-91.5	
109.60	58.3	8.6	2.1	2.0	-101.9	88.6	13.5	-238.2	-148.5	5753.0	370.6	-94.8	
109.65	58.4	8.6	2.3	2.0	-101.7	88.7	15.1	-238.6	-148.6	5733.4	410.7	-93.9	
109.70	58.4	8.7	2.8	2.0	-101.0	88.8	18.0	-236.4	-148.9	5677.3	482.8	-91.5	
109.75	58.5	8.5	2.9	2.0	-100.3	88.9	19.2	-233.9	-147.9	5634.2	515.4	-90.2	
109.80	58.6	8.3	3.1	2.0	-99.8	89.0	19.5	-232.6	-147.8	5596.5	534.6	-89.3	
109.85	58.6	8.3	3.1	2.0	-99.4	89.1	19.8	-232.7	-149.0	5565.0	548.6	-88.7	
109.90	58.7	8.3	2.8	2.0	-99.5	89.2	19.5	-233.5	-149.8	5569.8	541.0	-89.9	
109.95	58.7	8.1	2.9	2.0	-100.0	89.3	18.0	-234.2	-149.0	5607.3	494.9	-90.1	
