Time[s]	Rotor azimuth angle[deg]	Hub wind speed magnitude[m/s]	ACTTORQUE1[Nm]	PITRAT1[deg/s]	PITFRIC1[kNm]	PITCH1[deg]	Blade root 1 Fx[KN]	Blade root 1 Fy[KN]	Blade root 1 Fz[KN]	Blade root 1 Mx[kNm]	Blade root 1 My[kNm]	Blade root 1 Mz[kNm]	
END_OF_HEADER
50.00	285.7	10.3	0.0	0.0	97.0	-0.1	320.9	253.5	605.8	-5172.7	14827.1	97.0	
50.05	288.4	10.5	0.0	0.0	87.5	-0.1	321.7	244.2	591.1	-4888.6	14799.8	87.5	
50.10	291.1	10.8	0.0	0.0	92.5	-0.1	313.3	231.7	574.5	-4707.6	14663.0	92.5	
50.15	293.7	11.3	0.0	0.0	98.8	-0.1	303.3	228.8	560.2	-4560.3	14427.0	98.8	
50.20	296.4	11.7	0.0	0.0	96.9	-0.1	296.3	226.1	548.2	-4305.6	14152.6	96.9	
50.25	299.1	11.9	0.0	0.0	92.2	-0.1	293.0	212.8	537.2	-3949.7	13933.1	92.2	
50.30	301.8	11.8	0.0	0.0	86.6	-0.1	296.4	200.2	527.7	-3623.4	13874.0	86.6	
50.35	304.5	11.8	0.0	0.0	80.5	-0.1	302.5	189.2	515.9	-3413.5	13962.8	80.5	
50.40	307.1	11.9	0.0	0.0	70.1	-0.1	308.2	183.1	499.5	-3210.3	14159.6	70.1	
50.45	309.8	12.0	0.0	0.0	64.5	-0.1	311.6	181.9	483.7	-2977.7	14385.4	64.5	
50.50	312.5	11.8	0.0	0.0	74.6	-0.1	308.1	171.5	473.3	-2830.3	14492.3	74.6	
50.55	315.2	11.4	0.0	0.0	86.5	-0.1	302.8	157.4	465.0	-2689.9	14554.8	86.5	
50.60	317.9	11.4	0.0	0.0	85.7	-0.1	303.3	153.6	452.9	-2526.2	14760.5	85.7	
50.65	320.6	11.4	0.0	0.0	84.3	-0.1	305.5	147.2	440.6	-2402.5	15028.9	84.3	
50.70	323.2	11.5	0.0	0.0	82.8	-0.1	312.1	132.9	434.7	-2194.9	15311.4	82.8	
50.75	325.9	11.3	0.0	0.0	70.4	-0.1	326.1	122.1	430.7	-1924.2	15664.4	70.4	
50.80	328.6	10.9	0.0	0.0	62.0	-0.1	332.4	111.7	420.6	-1787.2	15869.6	62.0	
50.85	331.3	10.5	0.0	0.0	64.5	-0.1	327.2	105.9	410.7	-1707.4	15789.2	64.5	
50.90	334.0	10.5	0.0	0.0	70.5	-0.1	319.6	101.2	407.4	-1561.1	15563.4	70.5	
50.95	336.7	10.6	0.0	0.0	76.8	-0.1	314.4	87.5	405.0	-1360.9	15377.8	76.8	
51.00	339.3	10.7	0.0	0.0	72.6	-0.1	317.4	73.7	399.8	-1067.6	15390.1	72.6	
51.05	342.0	10.6	0.0	0.0	62.3	-0.1	324.5	63.0	394.8	-779.6	15492.6	62.3	
51.10	344.7	10.4	0.0	0.0	58.8	-0.1	328.7	49.4	392.1	-515.9	15528.9	58.8	
51.15	347.3	10.3	0.0	0.0	55.1	-0.1	333.3	36.4	392.5	-114.2	15553.6	55.1	
51.20	350.0	10.1	0.0	0.0	44.1	-0.1	337.1	20.3	392.0	359.6	15605.4	44.1	
51.25	352.7	10.3	0.0	0.0	39.6	-0.1	336.4	4.0	388.4	711.7	15660.1	39.6	
51.30	355.3	10.3	0.0	0.0	40.5	-0.1	337.0	-5.1	385.6	1004.3	15794.3	40.5	
51.35	358.0	10.0	0.0	0.0	37.9	-0.1	342.9	-19.4	385.9	1397.8	16038.6	37.9	
51.40	0.6	10.0	0.0	0.0	29.6	-0.1	352.4	-40.1	385.2	1923.6	16369.9	29.6	
51.45	3.3	9.8	0.0	0.0	19.5	-0.1	359.4	-57.6	384.1	2448.3	16668.2	19.5	
51.50	5.9	9.5	0.0	0.0	22.4	-0.1	357.8	-74.2	385.7	2868.3	16756.6	22.4	
51.55	8.6	9.4	0.0	0.0	29.1	-0.1	352.9	-94.7	388.7	3330.9	16719.1	29.1	
51.60	11.2	9.4	0.0	0.0	26.3	-0.1	349.8	-115.5	389.9	3905.0	16712.6	26.3	
51.65	13.9	9.5	0.0	0.0	23.6	-0.1	346.9	-132.6	389.9	4380.3	16756.3	23.6	
51.70	16.5	9.8	0.0	0.0	23.1	-0.1	345.9	-138.4	392.0	4668.8	16880.0	23.1	
51.75	19.2	9.6	0.0	0.0	15.4	-0.1	349.5	-142.4	395.1	4931.3	17101.8	15.4	
51.80	21.9	9.3	0.0	0.0	4.0	-0.1	353.0	-159.5	396.2	5241.4	17309.1	4.0	
51.85	24.5	9.5	0.0	0.0	-4.1	-0.1	355.2	-175.1	400.3	5574.9	17385.5	-4.1	
51.90	27.2	9.9	0.0	0.0	-5.0	-0.1	353.1	-181.4	410.3	5869.9	17280.2	-5.0	
51.95	29.9	10.1	0.0	0.0	-0.8	-0.1	345.9	-190.5	419.1	6141.4	17110.6	-0.8	
52.00	32.5	9.9	0.0	0.0	-4.0	-0.1	345.1	-205.2	423.3	6474.5	17134.9	-4.0	
52.05	35.2	9.6	0.0	0.0	-11.3	-0.1	355.4	-224.0	427.6	6759.1	17406.5	-11.3	
52.10	37.9	9.5	0.0	0.0	-20.5	-0.1	371.9	-237.7	435.5	6929.6	17787.8	-20.5	
52.15	40.6	9.7	0.0	0.0	-33.6	-0.1	388.6	-241.4	444.1	7092.3	18168.2	-33.6	
52.20	43.3	9.9	0.0	0.0	-42.2	-0.1	394.4	-244.0	450.0	7166.7	18351.0	-42.2	
52.25	45.9	10.2	0.0	0.0	-39.6	-0.1	391.6	-250.5	455.7	7117.5	18295.3	-39.6	
52.30	48.6	10.8	0.0	0.0	-40.2	-0.1	390.3	-252.4	468.9	7083.2	18124.7	-40.2	
52.35	51.3	10.8	0.0	0.0	-47.7	-0.1	392.5	-254.8	484.9	7104.8	18001.6	-47.7	
52.40	53.9	10.6	0.0	0.0	-52.0	-0.1	391.8	-264.2	495.2	7164.4	17953.4	-52.0	
52.45	56.6	10.1	0.0	0.0	-53.9	-0.1	389.0	-266.4	504.2	7304.2	17902.4	-53.9	
52.50	59.2	9.9	0.0	0.0	-51.2	-0.1	381.3	-269.6	516.0	7409.5	17668.7	-51.2	
52.55	61.9	9.7	0.0	0.0	-47.7	-0.1	367.9	-283.0	529.6	7490.7	17221.7	-47.7	
52.60	64.6	9.5	0.0	0.0	-50.4	-0.1	356.8	-291.1	542.4	7639.3	16799.8	-50.4	
52.65	67.2	9.6	0.0	0.0	-48.7	-0.1	344.3	-290.8	554.3	7706.3	16380.2	-48.7	
52.70	69.9	9.4	0.0	0.0	-39.3	-0.1	331.9	-288.4	567.2	7633.9	15993.6	-39.3	
52.75	72.6	9.1	0.0	0.0	-46.9	-0.1	333.0	-289.3	584.7	7753.3	15843.6	-46.9	
52.80	75.3	8.5	0.0	0.0	-60.1	-0.1	342.2	-302.0	600.8	7988.6	15896.3	-60.1	
52.85	77.9	8.5	0.0	0.0	-65.1	-0.1	347.9	-319.4	614.1	8235.7	15928.5	-65.1	
52.90	80.6	8.6	0.0	0.0	-69.5	-0.1	349.3	-322.8	627.1	8472.4	15919.2	-69.5	
52.95	83.3	8.4	0.0	0.0	-71.3	-0.1	343.8	-323.4	637.7	8682.0	15806.3	-71.3	
53.00	86.0	8.1	0.0	0.0	-73.9	-0.1	336.7	-328.0	647.0	8904.6	15628.1	-73.9	
53.05	88.6	7.9	0.0	0.0	-80.6	-0.1	333.8	-330.3	658.9	9092.1	15444.6	-80.6	
53.10	91.3	7.9	0.0	0.0	-79.1	-0.1	327.4	-337.2	670.2	9143.0	15152.0	-79.1	
53.15	94.0	7.8	0.0	0.0	-74.4	-0.1	319.9	-335.1	680.6	9099.8	14858.9	-74.4	
53.20	96.7	7.8	0.0	0.0	-76.1	-0.1	317.7	-316.4	692.5	9036.8	14724.7	-76.1	
53.25	99.3	7.9	0.0	0.0	-76.6	-0.1	315.9	-313.5	704.9	9026.6	14546.3	-76.6	
53.30	102.0	8.0	0.0	0.0	-74.2	-0.1	312.5	-324.3	716.7	8999.7	14297.7	-74.2	
53.35	104.7	8.0	0.0	0.0	-76.1	-0.1	309.6	-320.7	727.7	8890.8	14122.4	-76.1	
53.40	107.4	8.0	0.0	0.0	-73.5	-0.1	302.1	-308.0	734.9	8634.2	13960.7	-73.5	
53.45	110.1	7.7	0.0	0.0	-66.2	-0.1	295.8	-297.4	741.3	8333.3	13850.2	-66.2	
53.50	112.7	7.6	0.0	0.0	-63.0	-0.1	297.9	-287.7	754.7	8065.2	13807.1	-63.0	
53.55	115.4	7.9	0.0	0.0	-65.3	-0.1	305.2	-283.7	771.5	7691.1	13751.4	-65.3	
53.60	118.1	8.3	0.0	0.0	-63.7	-0.1	307.0	-273.9	783.9	7155.7	13678.3	-63.7	
53.65	120.8	8.7	0.0	0.0	-61.4	-0.1	305.4	-252.8	793.4	6698.7	13637.3	-61.4	
53.70	123.4	9.0	0.0	0.0	-52.7	-0.1	300.7	-236.9	804.4	6302.4	13514.8	-52.7	
53.75	126.1	9.3	0.0	0.0	-49.1	-0.1	299.4	-228.0	820.6	5956.1	13333.9	-49.1	
53.80	128.8	9.2	0.0	0.0	-51.5	-0.1	299.2	-220.0	836.0	5611.5	13184.8	-51.5	
53.85	131.4	8.8	0.0	0.0	-48.2	-0.1	289.2	-215.3	845.4	5249.6	12925.5	-48.2	
53.90	134.1	8.8	0.0	0.0	-33.2	-0.1	273.6	-204.6	853.1	4888.8	12550.8	-33.2	
53.95	136.8	8.8	0.0	0.0	-20.8	-0.1	260.7	-185.9	867.9	4612.7	12109.5	-20.8	
54.00	139.5	8.9	0.0	0.0	-13.9	-0.1	251.8	-173.0	884.2	4338.8	11698.8	-13.9	
54.05	142.2	9.0	0.0	0.0	-12.9	-0.1	245.4	-168.0	894.1	4076.1	11445.6	-12.9	
54.10	144.9	9.1	0.0	0.0	-13.9	-0.1	242.5	-159.0	899.5	3775.3	11381.5	-13.9	
54.15	147.6	9.2	0.0	0.0	-11.2	-0.1	245.8	-148.8	905.7	3538.6	11461.3	-11.2	
54.20	150.2	9.2	0.0	0.0	-19.9	-0.1	260.5	-139.5	915.9	3592.4	11723.8	-19.9	
54.25	152.9	9.2	0.0	0.0	-31.8	-0.1	276.8	-133.0	925.7	3708.6	12037.6	-31.8	
54.30	155.6	9.3	0.0	0.0	-36.8	-0.1	287.0	-128.9	931.4	3627.5	12276.3	-36.8	
54.35	158.3	9.3	0.0	0.0	-37.6	-0.1	293.3	-119.4	936.5	3426.5	12484.6	-37.6	
54.40	161.0	9.0	0.0	0.0	-37.8	-0.1	297.5	-108.0	940.1	3272.5	12670.9	-37.8	
54.45	163.7	8.9	0.0	0.0	-31.2	-0.1	298.0	-98.1	941.7	3122.3	12765.5	-31.2	
54.50	166.4	9.0	0.0	0.0	-22.6	-0.1	296.7	-83.1	944.3	2890.8	12766.7	-22.6	
54.55	169.2	9.3	0.0	0.0	-17.8	-0.1	294.9	-67.1	947.5	2564.3	12751.1	-17.8	
54.60	171.9	9.5	0.0	0.0	-16.8	-0.1	293.5	-62.3	948.0	2233.8	12776.0	-16.8	
54.65	174.6	9.4	0.0	0.0	-12.6	-0.1	294.8	-56.9	947.0	1988.0	12837.6	-12.6	
54.70	177.3	9.4	0.0	0.0	-10.4	-0.1	298.3	-41.3	949.0	1759.3	12857.1	-10.4	
54.75	180.0	9.5	0.0	0.0	-10.7	-0.1	299.0	-26.2	951.4	1436.9	12774.3	-10.7	
54.80	182.7	9.6	0.0	0.0	-15.8	-0.1	297.2	-10.3	949.8	1008.9	12677.4	-15.8	
54.85	185.4	9.2	0.0	0.0	-18.4	-0.1	292.3	9.5	944.9	479.8	12540.9	-18.4	
54.90	188.1	9.0	0.0	0.0	-13.0	-0.1	284.7	28.2	941.9	-84.1	12289.4	-13.0	
54.95	190.8	8.9	0.0	0.0	-6.6	-0.1	275.7	52.8	943.7	-632.1	11929.3	-6.6	
55.00	193.5	8.5	0.0	0.0	6.3	-0.1	264.0	75.6	944.3	-1164.6	11544.7	6.3	
55.05	196.2	8.1	0.0	0.0	11.3	-0.1	254.1	90.0	940.6	-1648.9	11271.1	11.3	
55.10	198.9	8.0	0.0	0.0	11.8	-0.1	248.2	98.9	939.2	-2030.6	11088.1	11.8	
55.15	201.6	8.4	0.0	0.0	14.9	-0.1	245.6	107.1	939.8	-2354.6	10986.8	14.9	
55.20	204.3	8.3	0.0	0.0	12.8	-0.1	249.8	123.0	934.9	-2675.8	11126.9	12.8	
55.25	207.0	8.2	0.0	0.0	-1.7	-0.1	261.7	141.1	925.8	-3008.5	11482.0	-1.7	
55.30	209.8	8.3	0.0	0.0	-10.9	-0.1	268.9	153.2	920.5	-3431.4	11697.9	-10.9	
55.35	212.5	8.5	0.0	0.0	-5.7	-0.1	269.2	163.1	916.6	-3906.1	11712.7	-5.7	
55.40	215.2	8.5	0.0	0.0	2.5	-0.1	266.0	177.4	911.0	-4252.2	11624.6	2.5	
55.45	217.9	8.5	0.0	0.0	11.7	-0.1	261.1	189.5	903.1	-4430.8	11478.7	11.7	
55.50	220.6	8.7	0.0	0.0	20.4	-0.1	257.2	196.9	897.0	-4531.5	11351.1	20.4	
55.55	223.4	8.8	0.0	0.0	14.9	-0.1	261.2	202.7	892.7	-4533.4	11388.1	14.9	
55.60	226.1	8.8	0.0	0.0	7.7	-0.1	266.1	196.5	882.3	-4455.2	11516.2	7.7	
55.65	228.8	9.0	0.0	0.0	10.9	-0.1	266.0	191.9	866.8	-4399.9	11596.8	10.9	
55.70	231.5	9.0	0.0	0.0	22.6	-0.1	259.7	206.3	854.4	-4454.7	11559.5	22.6	
55.75	234.2	8.7	0.0	0.0	40.6	-0.1	246.9	225.0	843.9	-4668.5	11422.1	40.6	
55.80	236.9	8.4	0.0	0.0	54.5	-0.1	241.6	236.0	834.4	-4875.9	11428.9	54.5	
55.85	239.6	8.3	0.0	0.0	58.3	-0.1	249.4	239.1	826.1	-4976.5	11657.7	58.3	
55.90	242.4	8.3	0.0	0.0	62.2	-0.1	263.4	237.3	817.9	-5052.0	12042.3	62.2	
55.95	245.1	7.9	0.0	0.0	58.6	-0.1	282.2	244.6	809.2	-5005.8	12644.5	58.6	
56.00	247.8	7.8	0.0	0.0	50.9	-0.1	300.1	249.9	795.2	-4855.9	13379.6	50.9	
56.05	250.5	7.8	0.0	0.0	53.7	-0.1	313.1	242.2	777.7	-4788.3	14050.3	53.7	
56.10	253.2	7.6	0.0	0.0	55.4	-0.1	328.6	238.3	763.9	-4771.5	14644.3	55.4	
56.15	255.9	7.8	0.0	0.0	50.7	-0.1	342.9	239.7	753.0	-4794.2	15129.4	50.7	
56.20	258.6	7.9	0.0	0.0	52.2	-0.1	348.1	248.5	739.4	-4992.0	15424.6	52.2	
56.25	261.3	7.9	0.0	0.0	64.0	-0.1	346.9	264.6	724.4	-5359.9	15552.0	64.0	
56.30	264.1	8.2	0.0	0.0	72.7	-0.1	346.8	279.0	712.4	-5685.7	15616.7	72.7	
56.35	266.8	8.3	0.0	0.0	73.5	-0.1	347.8	282.9	701.5	-5919.8	15657.1	73.5	
56.40	269.5	8.3	0.0	0.0	82.3	-0.1	340.2	279.4	688.2	-6119.7	15518.3	82.3	
56.45	272.3	8.7	0.0	0.0	102.8	-0.1	323.3	276.6	674.5	-6158.7	15180.8	102.8	
56.50	275.0	8.7	0.0	0.0	123.8	-0.1	304.3	275.0	660.8	-6070.2	14831.7	123.8	
56.55	277.7	8.5	0.0	0.0	134.6	-0.1	293.5	273.9	647.8	-6029.5	14670.6	134.6	
56.60	280.5	8.1	0.0	0.0	132.3	-0.1	297.3	272.6	636.9	-6055.7	14772.8	132.3	
56.65	283.2	7.9	0.0	0.0	120.9	-0.1	310.8	267.2	627.2	-6114.1	15025.7	120.9	
56.70	285.9	8.0	0.0	0.0	107.5	-0.1	324.3	267.0	616.8	-6201.9	15235.2	107.5	
56.75	288.7	8.2	0.0	0.0	99.6	-0.1	331.4	277.7	604.7	-6244.3	15323.5	99.6	
56.80	291.4	8.1	0.0	0.0	98.0	-0.1	331.8	282.6	594.9	-6155.1	15269.3	98.0	
56.85	294.2	7.8	0.0	0.0	98.9	-0.1	328.1	262.0	588.7	-5845.3	15061.2	98.9	
56.90	296.9	7.6	0.0	0.0	89.6	-0.1	327.3	235.3	582.2	-5301.0	14899.0	89.6	
56.95	299.6	7.9	0.0	0.0	81.6	-0.1	324.4	221.9	569.6	-4730.1	14841.3	81.6	
57.00	302.4	8.2	0.0	0.0	89.1	-0.1	314.3	211.9	553.2	-4239.1	14783.9	89.1	
57.05	305.1	8.1	0.0	0.0	92.0	-0.1	308.7	197.8	540.2	-3699.2	14773.0	92.0	
57.10	307.9	8.1	0.0	0.0	84.5	-0.1	312.8	183.1	530.9	-3223.5	14837.5	84.5	
57.15	310.6	8.1	0.0	0.0	75.4	-0.1	317.9	171.8	519.9	-3036.6	14877.8	75.4	
57.20	313.3	7.8	0.0	0.0	76.3	-0.1	318.4	171.8	508.5	-3030.7	14876.6	76.3	
57.25	316.1	7.8	0.0	0.0	79.5	-0.1	315.7	174.0	498.4	-2895.4	14877.0	79.5	
57.30	318.8	8.0	0.0	0.0	83.6	-0.1	312.9	162.9	491.0	-2539.2	14908.6	83.6	
57.35	321.5	8.4	0.0	0.0	84.3	-0.1	314.2	144.7	483.6	-2081.4	15071.3	84.3	
57.40	324.3	8.8	0.0	0.0	86.9	-0.1	316.1	123.7	471.2	-1707.0	15391.1	86.9	
57.45	327.0	8.8	0.0	0.0	86.1	-0.1	319.1	102.6	456.3	-1380.4	15757.9	86.1	
57.50	329.8	8.6	0.0	0.0	77.8	-0.1	325.8	91.9	447.6	-1030.2	16034.4	77.8	
57.55	332.5	8.5	0.0	0.0	76.3	-0.1	329.6	86.5	444.4	-904.1	16126.8	76.3	
57.60	335.3	8.2	0.0	0.0	85.5	-0.1	329.9	83.5	439.3	-1040.1	16160.1	85.5	
57.65	338.0	7.7	0.0	0.0	82.2	-0.1	338.1	86.3	432.5	-1200.2	16353.9	82.2	
57.70	340.8	7.4	0.0	0.0	73.7	-0.1	348.5	79.2	430.2	-1218.0	16529.6	73.7	
57.75	343.6	7.6	0.0	0.0	65.1	-0.1	353.0	64.4	433.5	-1049.4	16534.8	65.1	
57.80	346.3	7.9	0.0	0.0	71.4	-0.1	346.9	53.9	433.8	-712.1	16401.2	71.4	
57.85	349.1	8.0	0.0	0.0	83.1	-0.1	335.6	36.7	428.0	-262.1	16256.0	83.1	
57.90	351.8	8.4	0.0	0.0	82.3	-0.1	331.6	14.3	424.3	239.2	16210.1	82.3	
57.95	354.6	8.8	0.0	0.0	70.6	-0.1	338.6	-4.7	425.7	645.2	16333.0	70.6	
58.00	357.3	8.6	0.0	0.0	57.3	-0.1	349.9	-16.8	427.4	892.9	16587.8	57.3	
58.05	0.1	8.3	0.0	0.0	44.8	-0.1	361.3	-18.4	428.0	1077.4	16883.9	44.8	
58.10	2.8	8.2	0.0	0.0	31.6	-0.1	373.7	-18.6	429.7	1261.8	17204.9	31.6	
58.15	5.6	8.2	0.0	0.0	19.5	-0.1	382.5	-33.3	435.9	1613.1	17398.9	19.5	
58.20	8.3	8.3	0.0	0.0	15.6	-0.1	381.0	-57.4	441.2	2128.1	17368.4	15.6	
58.25	11.1	8.4	0.0	0.0	25.2	-0.1	364.0	-82.1	440.9	2685.6	17075.6	25.2	
58.30	13.8	8.3	0.0	0.0	30.1	-0.1	342.5	-101.0	438.6	3288.5	16725.8	30.1	
58.35	16.6	8.0	0.0	0.0	21.0	-0.1	332.3	-115.6	439.9	3970.2	16547.5	21.0	
58.40	19.3	7.9	0.0	0.0	9.6	-0.1	333.0	-138.8	446.8	4576.3	16489.1	9.6	
58.45	22.1	8.0	0.0	0.0	1.4	-0.1	340.2	-164.8	452.5	4893.5	16518.0	1.4	
58.50	24.9	7.8	0.0	0.0	-6.7	-0.1	346.9	-171.8	456.4	5059.8	16563.5	-6.7	
58.55	27.6	7.6	0.0	0.0	-15.8	-0.1	343.9	-170.6	461.3	5272.4	16441.5	-15.8	
58.60	30.4	7.4	0.0	0.0	-18.5	-0.1	335.4	-179.2	468.2	5600.0	16186.6	-18.5	
58.65	33.2	7.3	0.0	0.0	-24.3	-0.1	332.9	-192.9	477.9	5973.0	15991.9	-24.3	
58.70	35.9	7.2	0.0	0.0	-17.4	-0.1	326.1	-207.9	486.6	6213.0	15792.1	-17.4	
58.75	38.7	7.1	0.0	0.0	-8.1	-0.1	318.4	-222.8	489.5	6427.3	15724.6	-8.1	
58.80	41.5	7.2	0.0	0.0	-15.7	-0.1	318.2	-233.8	494.0	6764.3	15811.0	-15.7	
58.85	44.2	7.2	0.0	0.0	-30.6	-0.1	326.8	-242.3	506.1	7049.6	15959.3	-30.6	
58.90	47.0	7.2	0.0	0.0	-39.0	-0.1	336.6	-248.5	522.4	7108.0	16054.1	-39.0	
58.95	49.8	6.9	0.0	0.0	-43.8	-0.1	344.6	-249.6	534.5	7024.7	16197.9	-43.8	
59.00	52.6	7.3	0.0	0.0	-53.3	-0.1	349.7	-251.2	540.6	6947.7	16445.6	-53.3	
59.05	55.4	7.7	0.0	0.0	-60.0	-0.1	351.9	-255.2	548.2	6913.6	16567.8	-60.0	
59.10	58.1	7.7	0.0	0.0	-62.9	-0.1	355.5	-255.5	563.7	6915.5	16508.9	-62.9	
59.15	60.9	7.4	0.0	0.0	-63.0	-0.1	359.1	-257.9	579.8	6936.5	16405.7	-63.0	
59.20	63.7	7.1	0.0	0.0	-61.4	-0.1	356.3	-273.2	588.2	6997.7	16308.4	-61.4	
59.25	66.5	7.0	0.0	0.0	-68.1	-0.1	351.0	-287.7	596.0	7151.8	16198.8	-68.1	
59.30	69.3	7.0	0.0	0.0	-78.2	-0.1	347.6	-286.1	610.4	7288.6	16007.2	-78.2	
59.35	72.0	7.1	0.0	0.0	-67.4	-0.1	335.9	-283.5	627.2	7344.8	15562.4	-67.4	
59.40	74.8	7.3	0.0	0.0	-56.5	-0.1	323.1	-287.4	640.1	7346.6	15149.2	-56.5	
59.45	77.6	7.2	0.0	0.0	-59.9	-0.1	315.2	-288.3	652.1	7365.2	14911.8	-59.9	
59.50	80.4	7.2	0.0	0.0	-63.6	-0.1	307.5	-286.1	666.3	7331.4	14668.6	-63.6	
59.55	83.1	7.2	0.0	0.0	-60.0	-0.1	301.3	-281.7	683.4	7300.5	14399.3	-60.0	
59.60	85.9	7.4	0.0	0.0	-57.2	-0.1	300.3	-282.7	702.0	7473.0	14249.9	-57.2	
59.65	88.7	7.5	0.0	0.0	-59.3	-0.1	300.5	-297.5	718.1	7768.1	14202.0	-59.3	
59.70	91.5	7.5	0.0	0.0	-72.2	-0.1	302.9	-311.3	731.2	8045.4	14218.4	-72.2	
59.75	94.3	7.2	0.0	0.0	-81.4	-0.1	305.7	-314.9	746.7	8315.4	14136.0	-81.4	
59.80	97.1	7.2	0.0	0.0	-82.9	-0.1	304.3	-320.2	761.5	8486.0	13923.1	-82.9	
59.85	99.9	7.5	0.0	0.0	-81.3	-0.1	301.3	-322.9	773.5	8584.7	13740.2	-81.3	
59.90	102.7	7.8	0.0	0.0	-82.6	-0.1	298.5	-315.8	782.8	8534.4	13600.2	-82.6	
59.95	105.5	7.6	0.0	0.0	-78.2	-0.1	294.6	-305.6	791.9	8235.3	13410.9	-78.2	
60.00	108.2	7.4	0.0	0.0	-80.1	-0.1	294.4	-294.6	805.7	7999.7	13183.1	-80.1	
60.05	111.0	7.3	0.0	0.0	-80.9	-0.1	295.1	-286.9	820.9	7941.0	12977.1	-80.9	
60.10	113.8	7.5	0.0	0.0	-78.8	-0.1	291.6	-288.0	831.7	7923.4	12800.1	-78.8	
60.15	116.6	7.8	0.0	0.0	-82.1	-0.1	289.9	-282.1	840.1	7850.7	12722.4	-82.1	
60.20	119.4	8.1	0.0	0.0	-82.5	-0.1	286.0	-272.4	851.5	7684.8	12566.4	-82.5	
60.25	122.2	8.2	0.0	0.0	-73.0	-0.1	276.1	-271.1	861.7	7315.2	12307.0	-73.0	
60.30	125.0	8.1	0.0	0.0	-63.6	-0.1	267.2	-255.8	869.5	6788.7	12108.7	-63.6	
60.35	127.8	7.7	0.0	0.0	-53.6	-0.1	258.9	-228.1	877.8	6147.5	11916.7	-53.6	
60.40	130.6	7.6	0.0	0.0	-41.7	-0.1	249.2	-211.5	887.7	5478.2	11652.2	-41.7	
60.45	133.4	7.3	0.0	0.0	-36.1	-0.1	246.4	-200.9	901.8	4951.8	11482.6	-36.1	
60.50	136.2	6.8	0.0	0.0	-36.1	-0.1	250.2	-191.7	914.9	4519.4	11488.0	-36.1	
60.55	139.0	7.1	0.0	0.0	-38.1	-0.1	255.2	-183.7	925.2	4195.1	11556.2	-38.1	
60.60	141.8	7.4	0.0	0.0	-41.9	-0.1	259.4	-170.1	936.8	4038.0	11584.9	-41.9	
60.65	144.6	7.5	0.0	0.0	-45.6	-0.1	260.0	-162.5	949.3	3916.5	11518.6	-45.6	
60.70	147.4	7.0	0.0	0.0	-49.1	-0.1	260.8	-155.2	960.0	3695.8	11458.6	-49.1	
60.75	150.2	7.2	0.0	0.0	-45.6	-0.1	260.2	-134.0	968.3	3305.4	11458.8	-45.6	
60.80	153.0	8.0	0.0	0.0	-35.3	-0.1	260.9	-109.0	972.5	2805.9	11571.8	-35.3	
60.85	155.8	8.4	0.0	0.0	-34.1	-0.1	269.0	-95.0	980.5	2528.9	11764.3	-34.1	
60.90	158.6	8.6	0.0	0.0	-41.5	-0.1	278.1	-85.1	996.8	2447.0	11860.7	-41.5	
60.95	161.4	8.5	0.0	0.0	-35.0	-0.1	276.7	-78.5	1009.3	2346.6	11827.8	-35.0	
61.00	164.2	8.3	0.0	0.0	-23.7	-0.1	264.9	-75.4	1009.9	2184.6	11755.2	-23.7	
61.05	167.0	8.3	0.0	0.0	-22.5	-0.1	260.4	-71.7	1007.8	2143.8	11804.6	-22.5	
61.10	169.8	8.4	0.0	0.0	-29.5	-0.1	266.7	-66.3	1011.4	2118.3	11948.3	-29.5	
61.15	172.7	8.4	0.0	0.0	-32.8	-0.1	274.7	-54.4	1014.2	1847.9	12100.7	-32.8	
61.20	175.5	8.4	0.0	0.0	-36.1	-0.1	278.0	-30.0	1009.6	1339.2	12212.8	-36.1	
61.25	178.3	8.5	0.0	0.0	-42.7	-0.1	276.9	-6.9	1003.8	844.1	12168.1	-42.7	
61.30	181.1	8.5	0.0	0.0	-38.2	-0.1	264.1	5.6	1006.0	462.0	11734.9	-38.2	
61.35	183.9	8.2	0.0	0.0	-22.9	-0.1	248.7	23.6	1014.4	161.8	11137.2	-22.9	
61.40	186.7	8.0	0.0	0.0	-8.0	-0.1	233.7	38.6	1015.2	-125.0	10626.6	-8.0	
61.45	189.6	8.0	0.0	0.0	-1.7	-0.1	222.9	43.2	1006.3	-401.0	10345.3	-1.7	
61.50	192.4	7.5	0.0	0.0	-11.1	-0.1	224.5	53.9	1000.0	-622.0	10310.4	-11.1	
61.55	195.2	7.2	0.0	0.0	-14.0	-0.1	230.0	66.9	1000.6	-933.3	10312.3	-14.0	
61.60	198.0	7.2	0.0	0.0	-8.2	-0.1	231.7	78.5	998.3	-1392.7	10323.3	-8.2	
61.65	200.9	7.5	0.0	0.0	-5.7	-0.1	232.2	99.2	989.5	-1924.0	10461.8	-5.7	
61.70	203.7	7.5	0.0	0.0	-4.6	-0.1	236.1	122.8	981.2	-2539.1	10738.6	-4.6	
61.75	206.5	7.1	0.0	0.0	-9.0	-0.1	250.5	143.3	981.5	-3145.6	11147.2	-9.0	
61.80	209.3	6.8	0.0	0.0	-18.4	-0.1	271.7	158.6	985.8	-3562.2	11580.5	-18.4	
61.85	212.2	6.9	0.0	0.0	-13.4	-0.1	281.8	166.0	981.6	-3884.5	11829.4	-13.4	
61.90	215.0	7.2	0.0	0.0	-0.1	-0.1	279.3	171.1	967.5	-4203.9	11942.8	-0.1	
61.95	217.8	7.3	0.0	0.0	-1.9	-0.1	281.0	184.5	955.5	-4377.4	12099.0	-1.9	
62.00	220.7	7.4	0.0	0.0	-9.6	-0.1	286.6	191.7	949.1	-4454.4	12192.5	-9.6	
62.05	223.5	7.5	0.0	0.0	-8.6	-0.1	286.4	192.9	942.6	-4583.1	12109.1	-8.6	
62.10	226.3	7.5	0.0	0.0	-3.1	-0.1	280.8	204.4	931.8	-4783.1	11937.7	-3.1	
62.15	229.1	7.9	0.0	0.0	9.4	-0.1	269.3	225.5	919.5	-5099.2	11712.5	9.4	
62.20	232.0	8.3	0.0	0.0	22.5	-0.1	258.4	245.6	910.3	-5460.5	11522.2	22.5	
62.25	234.8	8.0	0.0	0.0	28.7	-0.1	258.6	260.4	903.5	-5732.9	11511.5	28.7	
62.30	237.7	7.9	0.0	0.0	31.3	-0.1	264.9	266.3	895.5	-5908.1	11635.0	31.3	
62.35	240.5	7.8	0.0	0.0	32.5	-0.1	269.2	257.2	885.9	-5877.9	11777.2	32.5	
62.40	243.4	7.9	0.0	0.0	29.3	-0.1	274.3	249.4	875.5	-5657.6	11960.5	29.3	
62.45	246.2	7.5	0.0	0.0	29.7	-0.1	278.8	250.6	863.9	-5550.6	12164.7	29.7	
62.50	249.1	7.1	0.0	0.0	34.7	-0.1	281.9	251.8	850.5	-5637.1	12408.7	34.7	
62.55	251.9	6.9	0.0	0.0	29.2	-0.1	290.5	254.2	837.1	-5680.2	12759.3	29.2	
62.60	254.8	6.8	0.0	0.0	20.7	-0.1	301.7	256.9	826.4	-5697.4	13074.2	20.7	
62.65	257.6	6.6	0.0	0.0	25.8	-0.1	305.2	263.1	816.4	-5842.1	13198.2	25.8	
62.70	260.5	6.4	0.0	0.0	38.5	-0.1	300.6	280.8	802.8	-6067.2	13235.3	38.5	
62.75	263.3	6.5	0.0	0.0	47.5	-0.1	292.1	291.9	785.9	-6168.4	13248.4	47.5	
62.80	266.2	6.2	0.0	0.0	54.1	-0.1	284.4	283.0	770.6	-6033.9	13179.3	54.1	
62.85	269.0	5.8	0.0	0.0	59.2	-0.1	283.0	270.4	759.3	-5793.2	13058.6	59.2	
62.90	271.9	6.3	0.0	0.0	65.4	-0.1	284.9	267.0	748.7	-5644.1	12976.3	65.4	
62.95	274.7	6.4	0.0	0.0	69.9	-0.1	284.7	267.7	732.2	-5645.1	13080.8	69.9	
63.00	277.6	6.3	0.0	0.0	69.5	-0.1	285.2	268.1	711.8	-5725.7	13362.8	69.5	
63.05	280.4	5.9	0.0	0.0	68.9	-0.1	293.4	269.4	696.1	-5860.8	13691.1	68.9	
63.10	283.3	6.0	0.0	0.0	69.1	-0.1	308.0	271.1	687.0	-5991.9	13994.6	69.1	
63.15	286.1	6.2	0.0	0.0	63.8	-0.1	322.4	272.7	676.6	-6008.1	14353.1	63.8	
63.20	289.0	6.1	0.0	0.0	62.5	-0.1	329.5	272.5	660.1	-5975.8	14742.8	62.5	
63.25	291.8	6.2	0.0	0.0	76.0	-0.1	327.1	262.9	644.2	-5935.4	14993.5	76.0	
63.30	294.7	6.3	0.0	0.0	93.1	-0.1	323.1	249.5	633.8	-5733.4	15104.2	93.1	
63.35	297.5	6.3	0.0	0.0	102.6	-0.1	322.3	237.5	625.8	-5358.6	15160.9	102.6	
63.40	300.4	6.1	0.0	0.0	108.0	-0.1	319.4	224.4	615.9	-4938.8	15165.5	108.0	
63.45	303.2	6.1	0.0	0.0	111.1	-0.1	317.5	216.7	605.4	-4631.7	15215.0	111.1	
63.50	306.1	6.4	0.0	0.0	111.1	-0.1	320.5	216.6	595.5	-4514.2	15391.9	111.1	
63.55	309.0	6.8	0.0	0.0	106.8	-0.1	327.6	212.6	585.4	-4421.3	15665.6	106.8	
63.60	311.9	7.1	0.0	0.0	97.1	-0.1	334.3	204.7	575.6	-4203.4	15902.9	97.1	
63.65	314.7	7.1	0.0	0.0	93.2	-0.1	338.0	198.7	569.7	-3953.0	16002.3	93.2	
63.70	317.6	7.3	0.0	0.0	96.5	-0.1	338.6	186.2	567.3	-3660.7	16019.4	96.5	
63.75	320.5	7.7	0.0	0.0	87.5	-0.1	345.1	170.2	562.5	-3207.2	16230.7	87.5	
63.80	323.4	8.2	0.0	0.0	73.1	-0.1	356.9	149.1	553.0	-2650.6	16647.8	73.1	
63.85	326.2	7.9	0.0	0.0	66.6	-0.1	366.3	125.1	543.4	-2173.0	17056.3	66.6	
63.90	329.1	7.9	0.0	0.0	65.5	-0.1	369.4	110.3	534.0	-1807.1	17290.3	65.5	
63.95	332.0	7.9	0.0	0.0	68.3	-0.1	363.2	104.0	522.2	-1548.7	17236.5	68.3	
64.00	334.9	8.1	0.0	0.0	78.8	-0.1	349.4	100.7	511.4	-1436.4	16946.7	78.8	
64.05	337.7	8.0	0.0	0.0	87.9	-0.1	339.4	96.1	505.9	-1396.4	16660.6	87.9	
64.10	340.6	7.8	0.0	0.0	88.8	-0.1	337.8	87.6	504.4	-1253.6	16499.5	88.8	
64.15	343.5	7.6	0.0	0.0	81.7	-0.1	338.4	67.9	504.2	-912.1	16364.7	81.7	
64.20	346.4	7.5	0.0	0.0	70.6	-0.1	337.5	53.7	503.9	-510.9	16208.4	70.6	
64.25	349.2	7.5	0.0	0.0	65.8	-0.1	332.7	42.1	503.1	-105.8	16044.5	65.8	
64.30	352.1	7.7	0.0	0.0	66.9	-0.1	325.7	15.2	500.7	378.6	15926.5	66.9	
64.35	355.0	7.5	0.0	0.0	64.6	-0.1	323.6	-9.0	497.0	869.6	15966.4	64.6	
64.40	357.9	7.3	0.0	0.0	59.2	-0.1	325.7	-20.6	493.8	1210.0	16119.0	59.2	
64.45	0.8	7.2	0.0	0.0	52.6	-0.1	329.7	-28.6	490.9	1381.6	16342.2	52.6	
64.50	3.7	6.9	0.0	0.0	38.6	-0.1	339.9	-35.0	491.5	1561.4	16613.4	38.6	
64.55	6.6	6.8	0.0	0.0	24.1	-0.1	350.8	-48.9	500.2	1838.0	16742.2	24.1	
64.60	9.5	6.9	0.0	0.0	14.3	-0.1	354.8	-67.6	509.9	2180.5	16677.4	14.3	
64.65	12.4	6.8	0.0	0.0	8.6	-0.1	349.6	-78.9	513.7	2639.0	16492.6	8.6	
64.70	15.3	6.8	0.0	0.0	6.3	-0.1	341.0	-94.6	513.6	3172.6	16295.8	6.3	
64.75	18.2	6.9	0.0	0.0	3.5	-0.1	336.9	-121.2	516.4	3718.8	16152.1	3.5	
64.80	21.1	7.1	0.0	0.0	-3.1	-0.1	340.1	-142.5	522.1	4240.5	16112.6	-3.1	
64.85	24.0	7.1	0.0	0.0	-7.9	-0.1	342.8	-153.5	524.0	4584.2	16142.5	-7.9	
64.90	26.9	7.1	0.0	0.0	-17.2	-0.1	343.5	-161.5	523.6	4726.5	16187.1	-17.2	
64.95	29.8	6.7	0.0	0.0	-30.6	-0.1	349.0	-164.2	531.7	4852.1	16205.3	-30.6	
65.00	32.7	6.7	0.0	0.0	-38.0	-0.1	356.8	-170.1	548.2	5058.4	16114.7	-38.0	
65.05	35.6	6.8	0.0	0.0	-30.7	-0.1	354.7	-186.7	560.8	5285.7	15883.2	-30.7	
65.10	38.5	6.9	0.0	0.0	-22.5	-0.1	346.4	-202.7	566.4	5571.3	15707.6	-22.5	
65.15	41.4	7.1	0.0	0.0	-28.5	-0.1	342.5	-211.7	572.8	5934.8	15758.4	-28.5	
65.20	44.3	7.4	0.0	0.0	-36.1	-0.1	344.9	-226.3	581.2	6243.2	16009.7	-36.1	
65.25	47.2	7.9	0.0	0.0	-43.3	-0.1	356.1	-244.0	589.7	6523.6	16383.7	-43.3	
65.30	50.1	8.3	0.0	0.0	-48.1	-0.1	369.0	-258.0	601.0	6795.9	16658.7	-48.1	
65.35	53.0	8.7	0.0	0.0	-48.9	-0.1	373.0	-267.3	615.1	6912.3	16712.5	-48.9	
65.40	55.9	8.8	0.0	0.0	-53.6	-0.1	371.0	-265.4	631.3	6970.7	16637.1	-53.6	
65.45	58.9	8.8	0.0	0.0	-56.8	-0.1	363.3	-259.1	646.8	7004.4	16404.3	-56.8	
65.50	61.8	8.7	0.0	0.0	-54.1	-0.1	350.2	-263.9	659.4	6988.0	16048.3	-54.1	
65.55	64.7	8.4	0.0	0.0	-57.4	-0.1	341.5	-273.7	675.1	7131.3	15693.2	-57.4	
65.60	67.6	8.6	0.0	0.0	-64.0	-0.1	337.8	-281.3	689.9	7345.8	15462.3	-64.0	
65.65	70.5	8.9	0.0	0.0	-60.3	-0.1	324.4	-292.1	701.1	7563.5	15118.1	-60.3	
65.70	73.4	9.1	0.0	0.0	-62.1	-0.1	310.7	-299.7	712.1	7835.5	14759.4	-62.1	
65.75	76.4	8.8	0.0	0.0	-60.9	-0.1	296.2	-305.0	726.4	7985.7	14315.4	-60.9	
65.80	79.3	8.7	0.0	0.0	-57.4	-0.1	287.3	-311.0	740.0	8011.0	13981.1	-57.4	
65.85	82.2	8.8	0.0	0.0	-61.0	-0.1	289.6	-307.7	753.2	8028.8	13921.9	-61.0	
65.90	85.1	8.4	0.0	0.0	-68.2	-0.1	297.6	-297.7	766.1	7925.6	14072.6	-68.2	
65.95	88.1	8.2	0.0	0.0	-73.5	-0.1	308.3	-286.1	779.1	7757.6	14397.4	-73.5	
66.00	91.0	8.1	0.0	0.0	-77.6	-0.1	318.1	-282.1	791.7	7687.2	14814.0	-77.6	
66.05	93.9	8.1	0.0	0.0	-79.7	-0.1	323.4	-294.5	803.8	7779.6	15059.8	-79.7	
66.10	96.9	8.0	0.0	0.0	-75.0	-0.1	327.0	-310.8	819.5	8049.0	15053.2	-75.0	
66.15	99.8	7.9	0.0	0.0	-77.0	-0.1	334.3	-312.0	837.7	8287.8	15046.4	-77.0	
66.20	102.7	7.6	0.0	0.0	-85.0	-0.1	344.3	-310.4	853.2	8364.8	15174.6	-85.0	
66.25	105.6	7.6	0.0	0.0	-87.9	-0.1	350.8	-311.0	864.7	8169.2	15340.3	-87.9	
66.30	108.6	7.9	0.0	0.0	-91.0	-0.1	354.8	-300.2	877.2	7793.1	15412.5	-91.0	
66.35	111.5	8.4	0.0	0.0	-91.8	-0.1	354.8	-280.5	891.1	7347.3	15283.3	-91.8	
66.40	114.4	8.4	0.0	0.0	-85.5	-0.1	350.1	-261.4	906.0	6953.0	15013.0	-85.5	
66.45	117.3	8.3	0.0	0.0	-75.9	-0.1	340.3	-252.4	924.4	6764.0	14652.9	-75.9	
66.50	120.3	8.2	0.0	0.0	-58.8	-0.1	319.9	-255.8	941.2	6652.8	14141.2	-58.8	
66.55	123.2	8.2	0.0	0.0	-44.4	-0.1	294.8	-260.7	951.6	6585.5	13564.0	-44.4	
66.60	126.1	8.4	0.0	0.0	-34.4	-0.1	275.4	-251.9	960.4	6513.0	13058.2	-34.4	
66.65	129.1	8.6	0.0	0.0	-27.6	-0.1	267.2	-235.9	974.0	6372.3	12697.1	-27.6	
66.70	132.0	8.5	0.0	0.0	-28.5	-0.1	270.8	-222.1	988.7	6074.5	12604.5	-28.5	
66.75	134.9	8.4	0.0	0.0	-41.3	-0.1	283.8	-205.8	996.8	5538.0	12865.6	-41.3	
66.80	137.9	8.2	0.0	0.0	-55.2	-0.1	298.0	-180.8	1003.1	4863.3	13220.7	-55.2	
66.85	140.8	8.5	0.0	0.0	-59.2	-0.1	305.3	-158.6	1015.0	4231.2	13398.7	-59.2	
66.90	143.8	8.8	0.0	0.0	-61.7	-0.1	306.3	-146.6	1031.8	3944.3	13375.0	-61.7	
66.95	146.7	9.2	0.0	0.0	-69.5	-0.1	306.7	-142.0	1045.9	3985.9	13327.7	-69.5	
67.00	149.7	9.3	0.0	0.0	-68.8	-0.1	297.7	-148.7	1050.7	3974.9	13184.8	-68.8	
67.05	152.7	9.1	0.0	0.0	-56.5	-0.1	282.7	-149.9	1050.6	3780.7	12939.6	-56.5	
67.10	155.6	8.7	0.0	0.0	-42.6	-0.1	272.6	-138.8	1051.0	3578.9	12689.3	-42.6	
67.15	158.6	8.5	0.0	0.0	-42.9	-0.1	268.7	-124.5	1053.1	3305.8	12425.9	-42.9	
67.20	161.5	8.3	0.0	0.0	-41.3	-0.1	262.2	-95.3	1059.3	2812.1	12041.8	-41.3	
67.25	164.5	8.0	0.0	0.0	-34.2	-0.1	250.8	-61.6	1066.5	2105.4	11603.5	-34.2	
67.30	167.4	7.4	0.0	0.0	-25.9	-0.1	241.4	-44.7	1069.2	1465.4	11272.8	-25.9	
67.35	170.4	7.3	0.0	0.0	-31.6	-0.1	244.8	-33.7	1076.3	1227.0	11137.7	-31.6	
67.40	173.3	7.2	0.0	0.0	-41.8	-0.1	252.8	-21.2	1087.5	1234.4	11059.5	-41.8	
67.45	176.2	6.8	0.0	0.0	-36.0	-0.1	245.5	-15.9	1091.9	1195.0	10805.2	-36.0	
67.50	179.2	7.0	0.0	0.0	-23.8	-0.1	233.4	-10.9	1085.0	1076.2	10605.7	-23.8	
67.55	182.2	7.0	0.0	0.0	-22.3	-0.1	229.8	-6.3	1076.0	860.6	10581.3	-22.3	
67.60	185.1	6.9	0.0	0.0	-26.8	-0.1	232.7	0.2	1074.3	483.4	10596.3	-26.8	
67.65	188.1	7.2	0.0	0.0	-32.6	-0.1	239.0	27.4	1077.6	-63.0	10626.5	-32.6	
67.70	191.0	7.4	0.0	0.0	-27.8	-0.1	238.6	65.9	1075.9	-841.2	10598.9	-27.8	
67.75	194.0	7.6	0.0	0.0	-22.0	-0.1	235.2	93.1	1070.6	-1614.6	10570.5	-22.0	
67.80	196.9	7.3	0.0	0.0	-32.9	-0.1	239.8	111.8	1068.5	-2099.5	10662.9	-32.9	
67.85	199.9	7.6	0.0	0.0	-32.8	-0.1	244.0	115.0	1067.4	-2401.6	10705.9	-32.8	
67.90	202.8	8.1	0.0	0.0	-23.3	-0.1	241.4	116.9	1063.7	-2540.3	10631.7	-23.3	
67.95	205.8	8.3	0.0	0.0	-11.0	-0.1	234.2	131.8	1055.8	-2666.8	10576.0	-11.0	
68.00	208.8	8.3	0.0	0.0	5.6	-0.1	223.4	144.2	1044.3	-3062.9	10593.7	5.6	
68.05	211.7	8.2	0.0	0.0	6.8	-0.1	229.7	160.7	1035.3	-3636.2	10932.6	6.8	
68.10	214.7	8.0	0.0	0.0	-7.8	-0.1	257.0	180.0	1032.5	-4229.9	11564.3	-7.8	
68.15	217.7	7.8	0.0	0.0	-19.1	-0.1	282.4	194.6	1031.8	-4794.9	12095.8	-19.1	
68.20	220.6	7.7	0.0	0.0	-20.2	-0.1	290.3	222.6	1026.7	-5239.6	12302.6	-20.2	
68.25	223.6	7.8	0.0	0.0	-5.9	-0.1	277.2	240.0	1016.6	-5597.2	12132.6	-5.9	
68.30	226.6	7.6	0.0	0.0	7.2	-0.1	261.0	232.9	1006.5	-5686.2	11842.2	7.2	
68.35	229.6	7.5	0.0	0.0	2.2	-0.1	258.6	227.6	1000.8	-5435.8	11702.2	2.2	
68.40	232.5	7.6	0.0	0.0	3.3	-0.1	260.0	226.1	992.7	-5274.5	11635.7	3.3	
68.45	235.5	7.4	0.0	0.0	13.4	-0.1	262.4	228.2	977.5	-5344.2	11680.0	13.4	
68.50	238.5	7.2	0.0	0.0	3.4	-0.1	272.4	241.1	962.5	-5470.0	11909.6	3.4	
68.55	241.4	7.2	0.0	0.0	-8.4	-0.1	279.7	254.3	952.1	-5712.1	12051.6	-8.4	
68.60	244.4	7.5	0.0	0.0	-4.1	-0.1	276.3	267.5	941.7	-6014.1	11900.0	-4.1	
68.65	247.4	7.7	0.0	0.0	9.4	-0.1	263.8	281.9	929.9	-6136.1	11517.9	9.4	
68.70	250.4	7.7	0.0	0.0	25.3	-0.1	245.1	281.0	917.4	-6075.8	11085.4	25.3	
68.75	253.3	6.9	0.0	0.0	28.7	-0.1	230.7	275.3	903.7	-5912.6	10845.3	28.7	
68.80	256.3	6.8	0.0	0.0	28.7	-0.1	225.2	277.4	887.1	-5745.4	10840.5	28.7	
68.85	259.3	6.8	0.0	0.0	37.2	-0.1	223.5	273.1	868.6	-5751.6	10962.7	37.2	
68.90	262.3	6.3	0.0	0.0	43.3	-0.1	228.0	269.5	851.0	-5849.5	11215.7	43.3	
68.95	265.2	6.1	0.0	0.0	40.8	-0.1	239.6	278.3	835.7	-6001.1	11565.8	40.8	
69.00	268.2	6.1	0.0	0.0	47.5	-0.1	248.6	287.3	822.8	-6326.9	11814.5	47.5	
69.05	271.2	6.2	0.0	0.0	51.0	-0.1	262.7	292.0	812.4	-6655.6	12161.4	51.0	
69.10	274.2	6.2	0.0	0.0	35.0	-0.1	284.5	296.7	800.6	-6745.6	12737.6	35.0	
69.15	277.2	6.1	0.0	0.0	21.8	-0.1	299.4	294.8	786.0	-6732.6	13253.4	21.8	
69.20	280.2	6.0	0.0	0.0	20.8	-0.1	307.0	290.0	772.7	-6638.2	13567.8	20.8	
69.25	283.1	5.6	0.0	0.0	22.0	-0.1	311.8	283.5	761.3	-6418.1	13748.9	22.0	
69.30	286.1	5.4	0.0	0.0	30.0	-0.1	308.2	266.0	748.4	-6178.0	13749.0	30.0	
69.35	289.1	5.6	0.0	0.0	42.3	-0.1	301.2	262.0	733.6	-6094.1	13711.9	42.3	
69.40	292.1	5.5	0.0	0.0	54.0	-0.1	298.2	270.5	719.9	-6171.3	13764.4	54.0	
69.45	295.1	5.4	0.0	0.0	62.3	-0.1	295.2	269.0	707.8	-6280.4	13794.3	62.3	
69.50	298.1	5.2	0.0	0.0	61.1	-0.1	296.0	266.9	697.9	-6294.6	13828.1	61.1	
69.55	301.1	4.7	0.0	0.0	61.3	-0.1	299.6	268.3	690.6	-6175.5	13857.1	61.3	
69.60	304.1	4.5	0.0	0.0	69.9	-0.1	297.7	256.8	681.8	-5942.0	13860.2	69.9	
69.65	307.1	4.5	0.0	0.0	71.7	-0.1	297.7	237.0	669.4	-5453.1	13987.5	71.7	
69.70	310.1	4.6	0.0	0.0	61.9	-0.1	304.2	214.8	659.0	-4834.2	14193.5	61.9	
69.75	313.1	4.7	0.0	0.0	57.9	-0.1	308.7	198.8	651.4	-4358.8	14338.8	57.9	
69.80	316.1	4.9	0.0	0.0	63.2	-0.1	306.4	189.7	640.9	-3976.7	14469.4	63.2	
69.85	319.0	5.1	0.0	0.0	68.6	-0.1	300.2	174.1	626.6	-3583.4	14612.5	68.6	
69.90	322.0	5.1	0.0	0.0	75.1	-0.1	294.4	163.7	614.2	-3274.6	14710.6	75.1	
69.95	325.0	5.1	0.0	0.0	79.1	-0.1	293.9	160.7	606.7	-3046.4	14793.6	79.1	
70.00	328.0	5.4	0.0	0.0	74.7	-0.1	298.3	149.4	600.8	-2676.4	14912.2	74.7	
70.05	331.0	5.5	0.0	0.0	62.3	-0.1	306.0	127.1	592.3	-2168.6	15136.5	62.3	
70.10	334.0	5.4	0.0	0.0	49.0	-0.1	315.5	108.9	585.1	-1651.7	15375.4	49.0	
70.15	337.0	5.1	0.0	0.0	39.5	-0.1	319.3	93.6	581.0	-1161.5	15466.6	39.5	
70.20	340.0	5.0	0.0	0.0	38.2	-0.1	313.0	72.8	575.7	-732.8	15369.6	38.2	
70.25	343.0	5.1	0.0	0.0	42.0	-0.1	301.9	54.1	568.0	-416.7	15184.4	42.0	
70.30	346.0	5.2	0.0	0.0	48.0	-0.1	292.5	41.7	560.8	-222.6	14998.0	48.0	
70.35	349.0	5.5	0.0	0.0	45.6	-0.1	293.7	34.5	557.5	-49.7	14985.0	45.6	
70.40	352.0	5.8	0.0	0.0	29.0	-0.1	307.6	25.8	556.5	185.2	15277.1	29.0	
70.45	355.0	6.3	0.0	0.0	14.2	-0.1	326.3	13.3	555.0	403.7	15745.7	14.2	
70.50	358.0	6.6	0.0	0.0	12.0	-0.1	341.6	1.1	553.0	592.8	16196.7	12.0	
70.55	0.9	6.8	0.0	0.0	17.2	-0.1	348.7	-16.0	553.3	941.4	16427.7	17.2	
70.60	3.9	6.9	0.0	0.0	19.5	-0.1	346.6	-31.8	557.3	1354.2	16375.2	19.5	
70.65	6.9	7.3	0.0	0.0	21.8	-0.1	338.2	-39.2	562.0	1611.5	16172.2	21.8	
70.70	10.0	7.7	0.0	0.0	30.0	-0.1	330.3	-50.7	564.8	1853.2	15990.7	30.0	
70.75	13.0	8.2	0.0	0.0	29.0	-0.1	325.3	-75.9	566.7	2165.3	15868.0	29.0	
70.80	16.0	8.0	0.0	0.0	16.7	-0.1	327.1	-90.2	568.8	2393.8	15888.6	16.7	
70.85	19.0	8.0	0.0	0.0	4.0	-0.1	327.1	-88.9	574.7	2611.9	15875.4	4.0	
70.90	22.0	7.9	0.0	0.0	-0.2	-0.1	319.3	-101.0	581.5	2938.6	15724.8	-0.2	
70.95	25.0	7.8	0.0	0.0	-6.3	-0.1	314.5	-125.7	586.3	3397.1	15597.6	-6.3	
71.00	28.0	7.5	0.0	0.0	-15.7	-0.1	315.7	-143.4	596.0	3918.0	15480.8	-15.7	
71.05	31.0	7.1	0.0	0.0	-22.4	-0.1	314.7	-161.8	610.5	4420.2	15274.2	-22.4	
71.10	34.0	7.2	0.0	0.0	-29.8	-0.1	311.0	-177.6	619.8	4834.7	15141.4	-29.8	
71.15	37.0	7.2	0.0	0.0	-40.4	-0.1	308.7	-191.1	623.3	5263.6	15143.3	-40.4	
71.20	40.0	7.1	0.0	0.0	-54.2	-0.1	309.4	-203.5	629.1	5636.7	15171.7	-54.2	
71.25	43.0	6.9	0.0	0.0	-63.7	-0.1	310.8	-213.2	641.6	5910.2	15096.0	-63.7	
71.30	46.0	7.2	0.0	0.0	-69.7	-0.1	308.4	-218.6	655.0	6171.3	14899.5	-69.7	
71.35	49.0	7.5	0.0	0.0	-65.6	-0.1	297.2	-231.9	664.0	6491.1	14549.8	-65.6	
71.40	52.1	7.6	0.0	0.0	-61.2	-0.1	288.8	-247.6	673.1	6850.4	14211.8	-61.2	
71.45	55.1	7.3	0.0	0.0	-65.6	-0.1	291.2	-255.3	687.9	7159.3	14035.9	-65.6	
71.50	58.1	7.0	0.0	0.0	-74.4	-0.1	295.9	-266.8	704.8	7404.4	13962.4	-74.4	
71.55	61.1	6.8	0.0	0.0	-88.2	-0.1	303.6	-280.8	716.4	7647.5	14078.3	-88.2	
71.60	64.2	7.0	0.0	0.0	-92.1	-0.1	308.0	-288.2	726.3	7760.8	14192.3	-92.1	
71.65	67.2	7.2	0.0	0.0	-82.4	-0.1	302.6	-291.1	737.8	7699.2	14136.8	-82.4	
71.70	70.2	7.1	0.0	0.0	-72.9	-0.1	292.7	-287.5	749.0	7628.3	14047.6	-72.9	
71.75	73.2	7.2	0.0	0.0	-64.8	-0.1	285.8	-287.9	757.9	7634.9	14049.0	-64.8	
71.80	76.3	7.3	0.0	0.0	-54.6	-0.1	284.1	-289.8	769.2	7562.0	14086.7	-54.6	
71.85	79.3	7.3	0.0	0.0	-55.8	-0.1	293.9	-285.7	786.1	7512.8	14273.0	-55.8	
71.90	82.3	7.2	0.0	0.0	-70.7	-0.1	312.1	-286.0	803.7	7539.1	14638.8	-70.7	
71.95	85.3	7.2	0.0	0.0	-81.1	-0.1	325.3	-290.4	819.9	7460.7	14989.8	-81.1	
72.00	88.4	7.3	0.0	0.0	-82.6	-0.1	332.3	-287.8	838.1	7352.0	15264.6	-82.6	
72.05	91.4	7.6	0.0	0.0	-83.7	-0.1	334.3	-286.5	855.4	7299.8	15444.6	-83.7	
72.10	94.4	7.7	0.0	0.0	-83.3	-0.1	335.5	-289.2	868.7	7281.3	15588.0	-83.3	
72.15	97.4	7.7	0.0	0.0	-81.7	-0.1	340.1	-286.2	883.0	7229.8	15725.9	-81.7	
72.20	100.5	7.6	0.0	0.0	-83.5	-0.1	349.4	-284.6	899.8	7189.6	15882.4	-83.5	
72.25	103.5	7.7	0.0	0.0	-89.8	-0.1	360.9	-291.3	917.1	7268.2	16027.3	-89.8	
72.30	106.5	7.7	0.0	0.0	-92.1	-0.1	362.5	-293.8	935.4	7357.8	15969.8	-92.1	
72.35	109.5	7.6	0.0	0.0	-82.7	-0.1	352.5	-286.6	952.8	7356.0	15724.7	-82.7	
72.40	112.6	7.5	0.0	0.0	-68.9	-0.1	336.3	-274.8	966.5	7165.2	15424.1	-68.9	
72.45	115.6	7.1	0.0	0.0	-69.2	-0.1	332.1	-269.9	980.7	7069.1	15317.4	-69.2	
72.50	118.6	6.3	0.0	0.0	-79.0	-0.1	340.7	-269.8	997.7	7172.7	15309.5	-79.0	
72.55	121.7	6.0	0.0	0.0	-82.5	-0.1	347.1	-262.0	1012.1	7077.1	15218.5	-82.5	
72.60	124.7	5.8	0.0	0.0	-76.8	-0.1	344.3	-243.3	1020.5	6823.0	15064.4	-76.8	
72.65	127.8	5.8	0.0	0.0	-74.7	-0.1	337.9	-230.5	1027.3	6650.1	14906.9	-74.7	
72.70	130.8	6.1	0.0	0.0	-68.7	-0.1	330.1	-233.6	1038.2	6499.0	14654.1	-68.7	
72.75	133.9	6.2	0.0	0.0	-57.5	-0.1	321.3	-228.1	1054.3	6212.5	14290.8	-57.5	
72.80	136.9	6.2	0.0	0.0	-54.1	-0.1	312.6	-207.3	1067.5	5846.2	13969.6	-54.1	
72.85	140.0	5.8	0.0	0.0	-48.5	-0.1	301.0	-192.3	1071.7	5463.1	13716.9	-48.5	
72.90	143.0	5.8	0.0	0.0	-51.4	-0.1	296.9	-184.3	1075.8	5105.1	13609.2	-51.4	
72.95	146.1	6.1	0.0	0.0	-54.7	-0.1	299.9	-171.6	1086.7	4755.5	13511.5	-54.7	
73.00	149.2	6.5	0.0	0.0	-44.6	-0.1	292.4	-160.5	1094.7	4344.9	13223.3	-44.6	
73.05	152.2	6.7	0.0	0.0	-31.3	-0.1	274.1	-143.3	1094.4	3904.8	12833.1	-31.3	
73.10	155.3	6.8	0.0	0.0	-24.4	-0.1	260.6	-117.4	1096.6	3443.3	12538.7	-24.4	
73.15	158.3	6.8	0.0	0.0	-19.4	-0.1	257.1	-100.1	1108.6	2898.6	12346.2	-19.4	
73.20	161.4	6.9	0.0	0.0	-26.7	-0.1	261.8	-84.3	1125.1	2459.9	12246.6	-26.7	
73.25	164.4	7.0	0.0	0.0	-48.5	-0.1	269.1	-62.6	1130.7	2089.9	12276.5	-48.5	
73.30	167.5	6.7	0.0	0.0	-58.4	-0.1	264.1	-47.2	1128.7	1622.5	12112.4	-58.4	
73.35	170.5	6.7	0.0	0.0	-53.5	-0.1	252.5	-30.3	1134.2	1187.4	11692.2	-53.5	
73.40	173.6	6.7	0.0	0.0	-44.3	-0.1	238.8	-16.7	1143.0	898.3	11144.3	-44.3	
73.45	176.6	6.4	0.0	0.0	-32.9	-0.1	221.2	-15.9	1141.1	620.3	10589.7	-32.9	
73.50	179.7	6.5	0.0	0.0	-30.8	-0.1	208.6	-1.8	1136.1	317.7	10170.8	-30.8	
73.55	182.7	6.5	0.0	0.0	-30.8	-0.1	204.1	29.0	1138.6	-117.4	9896.5	-30.8	
73.60	185.8	6.3	0.0	0.0	-32.2	-0.1	202.5	48.1	1142.8	-615.8	9730.6	-32.2	
73.65	188.9	6.2	0.0	0.0	-40.4	-0.1	208.3	60.9	1139.0	-993.0	9793.6	-40.4	
73.70	191.9	6.2	0.0	0.0	-44.1	-0.1	214.4	76.2	1133.6	-1346.3	9898.9	-44.1	
73.75	195.0	6.5	0.0	0.0	-32.1	-0.1	214.8	93.5	1130.9	-1834.8	9895.6	-32.1	
73.80	198.1	6.3	0.0	0.0	-27.8	-0.1	215.0	114.2	1130.2	-2188.6	9902.3	-27.8	
73.85	201.1	6.1	0.0	0.0	-23.1	-0.1	211.7	126.7	1125.3	-2388.2	9926.1	-23.1	
73.90	204.2	6.1	0.0	0.0	-17.4	-0.1	206.8	128.6	1116.8	-2608.6	9967.8	-17.4	
73.95	207.3	5.8	0.0	0.0	-20.7	-0.1	217.0	140.7	1111.6	-2867.1	10230.5	-20.7	
74.00	210.4	5.7	0.0	0.0	-27.4	-0.1	237.1	158.0	1107.9	-3268.0	10670.1	-27.4	
74.05	213.5	5.9	0.0	0.0	-38.7	-0.1	254.7	166.6	1100.7	-3700.6	11118.9	-38.7	
74.10	216.5	6.0	0.0	0.0	-46.1	-0.1	263.5	181.5	1093.6	-4081.7	11373.6	-46.1	
74.15	219.6	6.2	0.0	0.0	-27.5	-0.1	254.3	199.6	1087.2	-4622.4	11249.3	-27.5	
74.20	222.7	6.4	0.0	0.0	-3.0	-0.1	237.6	218.7	1080.2	-5158.4	10958.7	-3.0	
74.25	225.8	6.0	0.0	0.0	5.7	-0.1	227.9	232.4	1071.6	-5377.4	10799.2	5.7	
74.30	228.9	5.8	0.0	0.0	7.5	-0.1	226.6	228.8	1061.3	-5470.5	10796.8	7.5	
74.35	232.0	5.9	0.0	0.0	5.3	-0.1	238.9	237.4	1051.4	-5615.6	11008.1	5.3	
74.40	235.0	6.2	0.0	0.0	-1.6	-0.1	256.6	253.8	1043.2	-5736.6	11323.7	-1.6	
74.45	238.1	6.3	0.0	0.0	-2.2	-0.1	263.0	254.7	1030.9	-5909.5	11538.2	-2.2	
74.50	241.2	6.4	0.0	0.0	0.9	-0.1	263.6	266.5	1016.6	-6155.5	11710.6	0.9	
74.55	244.3	6.4	0.0	0.0	11.7	-0.1	261.2	290.9	1005.9	-6566.8	11803.4	11.7	
74.60	247.4	6.5	0.0	0.0	29.7	-0.1	253.9	299.5	995.8	-6957.1	11791.9	29.7	
74.65	250.4	6.5	0.0	0.0	29.8	-0.1	258.0	303.7	984.0	-7054.6	12007.9	29.8	
74.70	253.5	6.2	0.0	0.0	20.8	-0.1	269.7	304.2	969.0	-7026.9	12397.4	20.8	
74.75	256.6	6.3	0.0	0.0	20.5	-0.1	275.6	296.9	951.8	-7028.1	12655.9	20.5	
74.80	259.7	6.5	0.0	0.0	15.3	-0.1	284.1	293.4	935.7	-6891.1	12847.9	15.3	
74.85	262.9	6.8	0.0	0.0	6.0	-0.1	294.0	289.1	922.3	-6694.6	12978.1	6.0	
74.90	266.0	6.7	0.0	0.0	8.1	-0.1	293.3	286.2	910.0	-6695.7	12890.8	8.1	
74.95	269.1	6.7	0.0	0.0	19.5	-0.1	284.5	292.1	898.5	-6850.8	12650.7	19.5	
75.00	272.2	7.0	0.0	0.0	35.5	-0.1	270.3	298.8	885.2	-7030.7	12389.9	35.5	
75.05	275.3	7.0	0.0	0.0	45.3	-0.1	261.2	302.6	870.6	-7087.7	12278.0	45.3	
75.10	278.4	7.2	0.0	0.0	45.9	-0.1	264.7	310.2	857.4	-6990.1	12398.6	45.9	
75.15	281.5	7.6	0.0	0.0	42.7	-0.1	272.7	304.1	845.6	-6789.5	12611.8	42.7	
75.20	284.6	7.4	0.0	0.0	33.9	-0.1	281.3	283.2	831.8	-6426.1	12850.9	33.9	
75.25	287.8	7.5	0.0	0.0	25.2	-0.1	288.3	271.9	817.9	-5987.3	13015.4	25.2	
75.30	290.9	7.7	0.0	0.0	28.0	-0.1	288.0	264.7	806.9	-5718.3	12987.6	28.0	
75.35	294.0	7.7	0.0	0.0	36.5	-0.1	285.5	258.0	796.7	-5610.1	12924.0	36.5	
75.40	297.1	7.5	0.0	0.0	32.9	-0.1	293.4	257.1	785.9	-5610.7	13142.0	32.9	
75.45	300.3	7.3	0.0	0.0	34.8	-0.1	301.4	253.2	772.9	-5685.2	13524.0	34.8	
75.50	303.4	7.2	0.0	0.0	47.2	-0.1	302.0	245.1	756.1	-5666.1	13892.7	47.2	
75.55	306.5	7.2	0.0	0.0	56.5	-0.1	300.8	242.1	737.3	-5430.0	14198.6	56.5	
75.60	309.6	7.2	0.0	0.0	60.5	-0.1	302.0	228.3	723.6	-5012.9	14414.3	60.5	
75.65	312.7	7.2	0.0	0.0	56.7	-0.1	311.4	202.7	716.1	-4491.0	14677.9	56.7	
75.70	315.9	7.2	0.0	0.0	59.6	-0.1	320.8	192.6	708.6	-4443.8	15038.1	59.6	
75.75	319.0	7.3	0.0	0.0	58.0	-0.1	328.0	172.7	696.3	-4135.6	15370.9	58.0	
75.80	322.1	7.5	0.0	0.0	49.3	-0.1	344.3	189.1	686.1	-4018.8	15737.1	49.3	
75.85	325.3	7.6	117.2	0.5	-251.1	-0.1	334.5	177.9	683.1	-4133.6	15707.2	86.4	
75.90	328.4	7.7	111.2	0.9	-253.0	-0.1	342.4	170.8	681.0	-3915.7	15903.1	80.3	
75.95	331.5	7.9	101.5	1.2	-256.5	0.0	360.4	154.5	677.2	-3540.8	16238.2	55.8	
76.00	334.7	7.9	101.5	1.4	-255.3	0.1	353.7	116.9	672.4	-3278.9	16261.2	66.2	
76.05	337.9	8.0	100.2	1.5	-254.9	0.1	351.6	107.1	666.4	-2707.9	16351.3	69.2	
76.10	341.0	8.3	95.4	1.7	-255.4	0.2	358.2	92.5	662.9	-1875.4	16502.1	57.2	
76.15	344.2	8.5	93.9	1.7	-253.8	0.3	357.1	52.3	663.4	-1176.2	16471.4	57.4	
76.20	347.4	8.4	90.3	1.8	-253.4	0.4	362.8	40.5	666.2	-719.3	16455.9	48.2	
76.25	350.5	8.2	86.4	1.9	-251.8	0.5	361.3	43.8	664.6	-618.4	16343.5	38.5	
76.30	353.7	8.4	87.3	1.9	-247.9	0.6	346.7	39.2	659.8	-616.3	16095.0	47.1	
76.35	356.8	8.7	84.5	1.9	-247.0	0.7	346.7	40.3	663.3	-250.6	16034.8	39.5	
76.40	360.0	8.9	78.8	1.9	-248.5	0.8	353.7	30.2	673.4	195.0	16118.5	19.5	
76.45	3.2	8.9	77.4	2.0	-250.6	0.9	355.4	-0.9	675.1	604.1	16269.7	13.0	
76.50	6.4	8.8	76.2	2.0	-252.9	1.0	356.8	-29.1	669.8	1246.0	16402.0	7.2	
76.55	9.6	8.7	73.3	2.0	-252.1	1.1	353.1	-64.0	670.6	1990.9	16267.7	-1.4	
76.60	12.8	8.6	70.8	2.0	-247.7	1.2	343.4	-90.3	681.5	2602.5	15843.6	-5.4	
76.65	16.0	8.2	67.5	2.0	-244.0	1.3	336.9	-91.3	689.9	2899.7	15516.0	-12.7	
76.70	19.2	7.9	66.0	2.0	-241.5	1.4	328.6	-101.3	689.9	2841.3	15351.4	-15.4	
76.75	22.4	8.0	64.3	2.0	-241.1	1.5	327.7	-116.0	692.3	2719.9	15329.3	-20.8	
76.80	25.6	7.8	58.7	2.0	-241.2	1.6	336.2	-116.0	707.1	2904.7	15266.6	-39.8	
76.85	28.8	7.6	57.5	2.0	-234.9	1.7	322.9	-122.6	723.6	3238.8	14728.6	-37.7	
76.90	32.0	7.6	58.6	2.0	-225.1	1.8	295.4	-138.3	731.6	3673.8	13910.5	-23.9	
76.95	35.3	7.8	55.8	2.0	-219.0	1.9	279.7	-157.4	738.6	4287.6	13262.2	-27.6	
77.00	38.5	7.9	49.6	2.0	-216.7	2.0	273.3	-186.7	753.1	4918.9	12810.5	-46.6	
77.05	41.7	8.1	44.9	2.0	-215.7	2.1	273.4	-208.5	768.9	5350.2	12496.8	-61.5	
77.10	45.0	8.4	42.7	2.0	-214.1	2.2	275.5	-208.9	781.8	5542.5	12264.2	-67.6	
77.15	48.2	8.7	42.1	2.0	-211.9	2.3	269.3	-206.3	793.0	5500.6	12114.5	-67.4	
77.20	51.5	8.8	41.2	2.0	-209.9	2.4	259.3	-205.5	809.5	5379.2	12012.4	-68.3	
77.25	54.7	8.9	43.0	2.0	-208.2	2.5	253.5	-209.2	826.7	5381.1	11862.0	-60.6	
77.30	58.0	8.9	45.9	2.0	-208.0	2.6	244.7	-227.3	841.4	5592.9	11721.1	-50.3	
77.35	61.3	9.0	42.7	2.0	-212.2	2.7	241.4	-239.3	853.9	6089.3	11795.3	-65.6	
77.40	64.6	9.2	39.2	2.0	-219.7	2.8	249.6	-249.0	866.7	6672.3	12074.7	-85.1	
77.45	67.8	9.1	38.5	2.0	-226.4	2.9	257.0	-270.4	879.8	6997.1	12397.0	-94.4	
77.50	71.1	8.9	36.7	2.0	-232.2	3.0	268.4	-283.7	896.4	7196.5	12713.8	-106.3	
77.55	74.4	8.7	32.5	2.0	-236.1	3.1	282.7	-286.9	913.6	7319.2	12926.8	-124.6	
77.60	77.6	8.7	31.4	2.0	-233.5	3.2	277.3	-280.4	929.6	7204.3	12780.5	-125.7	
77.65	80.9	8.7	33.0	2.0	-227.5	3.3	263.6	-258.5	946.7	6967.4	12462.2	-114.3	
77.70	84.2	8.7	33.8	2.0	-223.1	3.4	259.6	-248.9	963.6	6795.1	12193.6	-107.1	
77.75	87.5	8.7	31.4	2.0	-221.4	3.5	255.8	-266.3	981.8	6886.2	11944.6	-113.6	
77.80	90.8	8.6	27.7	2.0	-219.7	3.6	245.3	-277.6	1001.5	7147.1	11623.7	-124.8	
77.85	94.0	8.4	28.3	2.0	-215.7	3.7	229.2	-279.4	1018.0	7303.6	11175.3	-118.4	
77.90	97.3	8.4	32.7	2.0	-208.8	3.8	204.0	-284.4	1036.9	7422.2	10492.0	-96.5	
77.95	100.6	8.7	31.7	2.0	-203.7	3.9	190.3	-287.0	1059.4	7473.6	9971.2	-95.0	
78.00	103.9	8.8	27.1	2.0	-199.7	4.0	194.2	-287.7	1078.1	7314.2	9685.4	-106.7	
78.05	107.2	8.7	23.1	2.0	-195.0	4.1	202.3	-275.4	1093.5	6905.4	9546.2	-115.6	
78.10	110.5	8.5	22.2	2.0	-190.2	4.2	204.9	-251.8	1108.4	6515.9	9429.4	-113.9	
78.15	113.8	8.7	21.2	2.0	-186.5	4.3	206.8	-232.4	1121.9	6248.9	9309.4	-113.7	
78.20	117.2	9.1	22.1	2.0	-183.0	4.4	204.0	-225.8	1136.9	6064.0	9115.7	-107.0	
78.25	120.5	8.7	23.9	2.0	-179.5	4.5	195.6	-231.4	1157.0	6011.2	8824.3	-97.5	
78.30	123.8	8.6	22.3	2.0	-176.9	4.6	190.8	-234.7	1176.1	6079.9	8521.7	-100.3	
78.35	127.1	8.6	18.6	2.0	-174.3	4.7	186.8	-229.6	1189.1	6155.5	8226.7	-110.3	
78.40	130.4	8.6	16.5	2.0	-170.2	4.8	183.7	-217.7	1201.1	5973.0	8007.4	-113.6	
78.45	133.8	8.9	15.9	2.0	-163.5	4.9	181.6	-200.5	1214.5	5436.5	7807.5	-109.0	
78.50	137.1	9.0	14.9	2.0	-157.2	5.0	179.8	-184.3	1219.9	4712.6	7754.6	-106.1	
78.55	140.5	9.0	13.6	2.0	-152.6	5.1	176.1	-166.3	1224.6	4158.3	7716.4	-106.0	
78.60	143.8	9.4	13.2	2.0	-146.9	5.2	172.0	-145.5	1238.2	3722.8	7497.5	-101.7	
78.65	147.2	9.1	13.0	2.0	-138.9	5.3	161.7	-129.4	1258.1	3352.8	7047.1	-94.4	
78.70	150.5	8.8	11.1	2.0	-132.4	5.4	147.7	-122.4	1271.6	3189.5	6613.4	-94.4	
78.75	153.9	8.8	6.8	2.0	-129.8	5.5	141.9	-126.0	1276.3	3251.0	6366.9	-106.4	
78.80	157.2	9.0	1.5	2.0	-128.9	5.6	150.8	-122.5	1282.4	3197.6	6299.5	-123.9	
78.85	160.6	9.2	-2.3	2.0	-126.0	5.7	162.8	-93.4	1294.1	2853.1	6235.5	-133.9	
78.90	163.9	9.2	-3.7	2.0	-119.1	5.8	160.0	-64.7	1299.3	2239.5	5964.7	-131.8	
78.95	167.2	9.0	-2.4	2.0	-108.7	5.9	140.6	-45.7	1297.3	1577.7	5437.1	-116.8	
79.00	170.6	8.6	-0.2	2.0	-96.3	6.0	113.7	-23.1	1301.4	1000.0	4708.4	-97.2	
79.05	173.9	8.3	1.3	2.0	-84.6	6.1	90.4	4.3	1311.3	439.4	3969.4	-80.1	
79.10	177.3	8.6	-1.1	2.0	-77.3	6.2	77.0	21.4	1318.3	104.8	3466.0	-81.1	
79.15	180.6	8.9	-5.9	2.0	-75.5	6.3	76.2	26.3	1316.2	-24.6	3328.9	-95.7	
79.20	184.0	9.2	-10.1	2.0	-76.7	6.4	83.4	29.2	1310.5	-198.9	3397.9	-111.6	
79.25	187.4	9.2	-13.8	2.0	-77.5	6.5	87.4	41.9	1309.7	-538.7	3395.0	-124.8	
79.30	190.7	9.3	-13.5	2.0	-78.7	6.6	84.5	64.4	1306.5	-1119.0	3318.5	-124.9	
79.35	194.1	9.1	-10.9	2.0	-83.2	6.7	79.8	94.6	1296.4	-1888.3	3298.8	-120.7	
79.40	197.5	8.9	-9.7	2.0	-90.4	6.8	81.6	124.8	1291.1	-2619.6	3374.3	-123.8	
79.45	200.8	9.0	-10.7	2.0	-97.0	6.9	89.3	144.7	1295.6	-3233.0	3428.8	-133.9	
79.50	204.2	8.9	-12.5	2.0	-101.5	7.0	97.1	157.8	1298.3	-3651.0	3417.3	-144.5	
79.55	207.5	8.7	-14.6	2.0	-102.0	7.1	92.0	165.7	1288.4	-3863.2	3234.5	-152.2	
79.60	210.9	8.3	-14.9	2.0	-101.5	7.2	79.3	178.2	1273.0	-4026.3	2957.9	-152.6	
79.65	214.3	8.4	-14.7	2.0	-101.9	7.3	71.0	189.7	1264.2	-4220.7	2697.5	-152.3	
79.70	217.7	8.3	-14.0	2.0	-103.8	7.4	63.3	197.2	1260.1	-4534.3	2430.2	-152.0	
79.75	221.1	8.1	-12.3	2.0	-108.8	7.5	60.1	211.0	1253.1	-5007.5	2245.7	-150.8	
79.80	224.4	8.2	-8.2	2.0	-116.3	7.6	56.5	234.9	1241.4	-5612.0	2126.9	-144.6	
79.85	227.8	8.5	-5.5	2.0	-123.7	7.7	52.4	261.0	1232.3	-6160.9	2057.2	-142.7	
79.90	231.2	8.6	-5.3	2.0	-129.6	7.8	55.3	280.9	1224.6	-6566.0	2094.7	-147.9	
79.95	234.6	8.3	-6.8	2.0	-133.1	7.9	66.4	285.5	1217.8	-6784.7	2225.1	-156.4	
80.00	237.9	8.2	-12.5	2.0	-131.7	8.0	74.7	276.0	1209.2	-6664.6	2336.5	-174.5	
80.05	241.3	8.1	-16.9	2.0	-129.3	8.1	73.0	269.0	1194.0	-6493.7	2385.9	-187.2	
80.10	244.7	8.0	-14.0	2.0	-130.7	8.2	62.4	277.0	1171.7	-6608.1	2385.6	-178.9	
80.15	248.0	7.6	-10.4	2.0	-133.3	8.3	53.9	296.1	1149.1	-6776.1	2391.9	-169.1	
80.20	251.4	7.5	-10.2	2.0	-134.7	8.4	57.1	302.3	1132.7	-6867.0	2447.4	-169.9	
80.25	254.8	7.6	-10.3	2.0	-137.2	8.5	73.4	299.8	1120.6	-7010.5	2610.7	-172.6	
80.30	258.1	7.5	-10.6	2.0	-140.4	8.6	94.3	310.4	1108.2	-7136.7	2866.5	-176.8	
80.35	261.5	7.6	-9.9	2.0	-143.0	8.7	101.9	322.8	1090.8	-7256.5	3003.2	-177.0	
80.40	264.9	7.8	-8.7	2.0	-143.2	8.8	93.7	327.1	1069.9	-7326.8	2909.2	-173.0	
80.45	268.2	7.7	-10.0	2.0	-138.7	8.9	78.6	319.3	1057.2	-7149.5	2542.1	-172.9	
80.50	271.6	7.7	-9.7	2.0	-133.6	9.0	59.5	303.8	1044.9	-6963.3	2063.3	-167.0	
80.55	275.0	7.7	-6.0	2.0	-129.9	9.1	40.2	289.5	1022.5	-6843.7	1712.0	-150.4	
80.60	278.4	7.7	-3.8	2.0	-127.3	9.2	28.0	289.7	994.5	-6693.1	1601.8	-140.4	
80.65	281.7	7.6	-3.4	2.0	-127.4	9.3	30.4	295.7	973.7	-6671.9	1700.3	-139.1	
80.70	285.1	7.3	-2.4	2.0	-129.4	9.4	49.1	291.1	964.3	-6777.2	1957.8	-137.8	
80.75	288.5	7.0	-4.1	2.0	-130.2	9.5	73.3	285.4	954.7	-6717.2	2357.3	-144.4	
80.80	291.9	7.0	-6.9	2.0	-129.2	9.6	88.6	282.6	940.4	-6510.3	2716.0	-153.1	
80.85	295.2	7.1	-7.5	2.0	-129.1	9.7	101.1	281.6	925.9	-6369.7	3022.6	-155.0	
80.90	298.6	7.3	-8.2	2.0	-127.6	9.8	115.4	276.7	918.7	-6108.5	3295.1	-155.7	
80.95	301.9	7.6	-11.7	2.0	-123.4	9.9	124.2	252.2	912.8	-5671.9	3519.7	-163.5	
81.00	305.3	7.7	-15.8	2.0	-119.1	10.0	123.3	224.8	893.2	-5272.1	3700.5	-173.3	
81.05	308.6	7.6	-16.6	2.0	-117.4	10.1	117.0	223.3	866.0	-5080.3	3795.8	-174.5	
81.10	312.0	7.3	-12.8	2.0	-116.0	10.2	107.5	221.4	847.1	-5034.7	3735.1	-160.1	
81.15	315.4	7.1	-11.0	2.0	-113.4	10.3	105.6	208.7	836.8	-4867.3	3713.3	-151.3	
81.20	318.7	7.1	-13.4	2.0	-111.0	10.4	110.5	196.6	828.8	-4639.2	3751.0	-156.9	
81.25	322.1	7.2	-13.1	2.0	-109.1	10.5	106.3	188.2	818.7	-4624.4	3603.3	-154.3	
81.30	325.4	7.3	-13.6	2.0	-105.1	10.6	99.8	186.8	809.2	-4460.2	3341.2	-151.9	
81.35	328.7	7.4	-17.4	2.0	-96.3	10.7	95.6	166.8	804.4	-3906.3	3074.3	-155.9	
81.40	332.1	7.5	-20.9	2.0	-86.6	10.8	93.5	134.6	799.1	-3232.5	2874.3	-158.5	
81.45	335.4	7.7	-22.8	2.0	-80.2	10.9	97.1	119.8	786.4	-2629.0	2849.3	-158.5	
81.50	338.7	8.1	-21.5	2.0	-74.3	11.0	95.3	102.4	769.9	-2130.2	2757.5	-148.2	
81.55	342.1	8.3	-20.8	2.0	-65.4	11.1	87.1	76.9	758.0	-1537.6	2445.5	-136.9	
81.60	345.4	8.1	-21.6	2.0	-53.3	11.2	75.4	55.5	758.6	-830.2	1859.3	-127.5	
81.65	348.8	8.4	-18.9	2.0	-40.2	11.3	55.0	38.5	761.0	-439.3	1030.2	-104.9	
81.70	352.1	8.5	-15.6	2.0	-27.7	11.4	29.6	30.7	754.7	-172.6	186.1	-81.3	
81.75	355.4	8.5	-13.3	2.0	-29.4	11.5	13.2	17.5	744.0	230.1	-392.3	-75.2	
81.80	358.8	8.4	-13.5	2.0	-35.6	11.6	12.5	-4.2	741.0	673.6	-667.4	-82.0	
81.85	2.0	8.4	-15.1	2.0	-42.3	11.7	17.1	-19.8	746.0	1146.5	-833.1	-94.1	
81.90	5.4	8.3	-13.4	2.0	-49.2	11.8	9.3	-36.1	741.2	1576.4	-1081.1	-95.3	
81.95	8.7	8.3	-7.1	2.0	-56.4	11.9	-9.7	-56.1	725.4	1921.5	-1454.6	-80.6	
82.00	12.0	8.2	-2.5	2.0	-64.7	12.0	-24.8	-74.5	723.2	2295.6	-1894.0	-73.3	
82.05	15.3	8.0	-2.5	2.0	-73.1	12.1	-35.1	-86.9	738.9	2666.0	-2354.3	-81.6	
82.10	18.6	7.7	-2.1	2.0	-76.7	12.2	-42.9	-89.3	744.0	2782.7	-2594.1	-84.0	
82.15	21.9	7.6	-0.8	2.0	-75.6	12.3	-48.3	-88.4	732.7	2714.8	-2555.1	-78.3	
82.20	25.2	7.6	-0.9	2.0	-74.6	12.4	-45.5	-98.0	730.0	2732.5	-2391.0	-77.7	
82.25	28.5	7.7	-4.5	2.0	-75.1	12.5	-35.5	-112.0	745.0	2849.9	-2254.6	-90.5	
82.30	31.8	8.2	-6.3	2.0	-79.2	12.6	-36.5	-122.8	759.9	3066.8	-2404.7	-100.9	
82.35	35.1	8.4	-0.8	2.0	-85.9	12.7	-55.8	-136.5	760.9	3285.5	-2852.2	-88.8	
82.40	38.3	8.2	4.8	2.0	-93.5	12.8	-74.1	-153.6	761.7	3574.7	-3290.4	-77.0	
82.45	41.6	8.2	2.4	2.0	-101.4	12.9	-80.3	-166.0	776.9	4015.9	-3617.7	-93.3	
82.50	44.9	8.4	1.3	2.0	-105.4	13.0	-81.9	-176.0	791.0	4197.2	-3802.3	-100.8	
82.55	48.1	8.8	3.2	2.0	-107.2	13.1	-87.0	-181.8	794.9	4228.6	-3930.9	-96.1	
82.60	51.4	9.2	6.0	2.0	-112.3	13.2	-96.0	-183.9	800.8	4446.4	-4231.2	-91.7	
82.65	54.6	9.0	12.1	2.0	-121.3	13.3	-107.0	-198.1	817.5	4741.1	-4814.3	-79.8	
82.70	57.9	8.7	19.5	2.0	-132.7	13.4	-115.7	-210.6	838.4	5182.8	-5500.9	-65.8	
82.75	61.1	8.7	26.2	2.0	-144.7	13.5	-125.4	-223.1	852.3	5751.8	-6134.6	-54.6	
82.80	64.4	8.6	32.8	2.0	-156.2	13.6	-140.6	-250.3	855.6	6253.7	-6729.4	-43.5	
82.85	67.6	8.7	39.1	2.0	-167.1	13.7	-155.0	-265.0	861.8	6747.5	-7314.2	-32.9	
82.90	70.8	9.0	46.8	2.0	-177.2	13.8	-168.7	-268.1	874.4	7142.9	-7939.0	-16.5	
82.95	74.1	8.7	56.3	2.0	-184.3	13.9	-185.9	-269.8	884.5	7242.2	-8515.4	9.0	
83.00	77.3	8.6	63.5	2.0	-187.7	14.0	-201.0	-265.5	889.7	7182.7	-8869.2	30.3	
83.05	80.5	9.0	66.9	2.0	-190.4	14.1	-210.6	-266.4	901.1	7140.4	-9125.8	39.4	
83.10	83.8	9.1	67.7	2.0	-192.2	14.2	-209.4	-271.9	918.6	7163.6	-9254.6	40.1	
83.15	87.0	9.2	67.1	2.0	-192.1	14.3	-200.5	-268.2	932.4	7275.6	-9174.0	38.1	
83.20	90.2	9.2	64.3	2.0	-189.6	14.4	-191.6	-270.7	939.2	7303.2	-8912.9	31.1	
83.25	93.4	8.9	58.1	2.0	-186.6	14.5	-179.9	-282.7	948.0	7355.1	-8549.3	12.9	
83.30	96.6	9.1	51.3	2.0	-184.0	14.6	-167.2	-288.8	961.1	7424.7	-8216.4	-7.9	
83.35	99.8	9.3	48.4	2.0	-179.7	14.7	-159.8	-287.4	971.7	7245.4	-7951.9	-13.6	
83.40	103.0	9.0	47.8	2.0	-174.5	14.8	-158.4	-270.9	980.2	6910.5	-7771.1	-10.3	
83.45	106.1	9.0	45.7	2.0	-169.4	14.9	-154.7	-259.1	990.1	6585.7	-7577.5	-12.6	
83.50	109.3	9.0	42.8	2.0	-165.7	15.0	-145.6	-257.0	1003.7	6358.8	-7417.8	-18.7	
83.55	112.5	9.2	40.3	2.0	-162.5	15.1	-133.8	-244.1	1019.9	6141.1	-7337.5	-24.2	
83.60	115.6	9.5	40.0	2.0	-159.6	15.2	-131.6	-230.1	1033.0	5767.3	-7392.5	-22.2	
83.65	118.7	9.8	40.5	2.0	-159.1	15.3	-142.0	-218.8	1040.7	5470.8	-7577.6	-20.1	
83.70	121.9	10.0	42.8	2.0	-161.4	15.4	-158.7	-212.5	1046.2	5296.2	-7890.9	-14.6	
83.75	125.0	9.5	46.6	2.0	-166.2	15.5	-175.4	-214.2	1059.2	5128.3	-8375.1	-6.3	
83.80	128.1	9.2	49.9	2.0	-168.9	15.6	-179.3	-202.5	1078.3	4986.9	-8702.6	2.5	
83.85	131.2	9.1	49.7	2.0	-166.3	15.7	-171.8	-185.8	1089.2	4801.5	-8624.8	4.5	
83.90	134.4	9.2	46.2	2.0	-160.9	15.8	-163.2	-181.7	1088.4	4632.4	-8281.8	-2.2	
83.95	137.5	9.1	43.6	2.0	-155.3	15.9	-153.7	-172.6	1088.9	4447.3	-7947.8	-5.6	
84.00	140.6	9.1	44.7	2.0	-152.1	16.0	-145.1	-162.6	1101.8	4176.1	-7848.9	1.4	
84.05	143.7	9.3	46.9	2.0	-151.4	16.1	-142.0	-147.3	1115.9	3960.2	-7938.7	9.5	
84.10	146.8	9.3	47.8	2.0	-152.4	16.2	-147.3	-137.2	1118.1	3931.4	-8042.5	11.6	
84.15	149.8	9.3	49.9	2.0	-151.5	16.3	-151.5	-138.2	1112.7	3820.4	-8016.6	19.6	
84.20	152.9	9.3	49.3	2.0	-148.9	16.4	-143.8	-127.7	1117.9	3683.9	-7898.6	20.2	
84.25	156.0	9.5	45.6	2.0	-146.5	16.5	-133.1	-118.5	1127.9	3571.9	-7786.7	9.9	
84.30	159.0	9.0	43.1	2.0	-145.1	16.6	-132.9	-115.4	1122.8	3398.3	-7759.7	2.8	
84.35	162.1	8.5	45.3	2.0	-145.8	16.7	-145.2	-96.2	1107.4	3088.8	-7959.8	9.9	
84.40	165.1	8.4	52.0	2.0	-149.7	16.8	-162.9	-74.2	1105.7	2580.7	-8434.9	28.7	
84.45	168.2	8.4	56.4	2.0	-154.2	16.9	-174.0	-53.3	1117.2	2086.3	-8908.0	39.4	
84.50	171.2	8.2	55.2	2.0	-155.0	17.0	-176.4	-28.6	1117.4	1636.7	-9072.8	34.3	
84.55	174.2	7.8	52.9	2.0	-153.1	17.1	-177.3	-13.2	1103.4	1076.3	-9022.5	28.3	
84.60	177.2	7.5	52.1	2.0	-151.7	17.2	-174.2	2.4	1099.9	522.4	-8977.2	27.1	
84.65	180.2	7.2	48.9	2.0	-152.2	17.3	-168.2	22.8	1109.2	78.2	-9033.4	15.6	
84.70	183.2	6.8	46.3	2.0	-155.5	17.4	-175.4	29.6	1105.2	-312.5	-9263.7	3.5	
84.75	186.2	6.5	45.0	2.0	-160.2	17.5	-191.6	34.2	1083.4	-611.4	-9569.7	-5.7	
84.80	189.2	6.3	47.1	2.0	-164.9	17.6	-202.6	52.5	1070.3	-933.0	-9866.8	-3.2	
84.85	192.1	6.3	50.3	2.0	-167.0	17.7	-198.8	73.5	1073.7	-1449.2	-9957.7	5.6	
84.90	195.1	6.6	49.1	2.0	-165.0	17.8	-184.9	91.7	1071.0	-1922.1	-9740.0	3.5	
84.95	198.0	6.6	46.2	2.0	-161.2	17.9	-172.0	110.3	1052.2	-2359.5	-9365.9	-2.7	
85.00	201.0	6.6	45.8	2.0	-160.4	18.0	-165.1	130.4	1037.4	-2987.8	-9112.8	-3.0	
85.05	203.9	6.6	49.6	2.0	-162.9	18.1	-160.4	158.9	1037.4	-3559.5	-9065.3	7.4	
85.10	206.8	6.6	48.8	2.0	-165.9	18.2	-160.7	180.1	1035.4	-3866.0	-9134.5	1.5	
85.15	209.7	6.8	46.5	2.0	-167.9	18.3	-168.8	177.9	1018.9	-4038.0	-9231.1	-8.2	
85.20	212.7	7.2	43.2	2.0	-169.2	18.4	-174.8	177.7	1000.0	-4163.7	-9280.9	-20.9	
85.25	215.6	7.0	39.2	2.0	-170.1	18.5	-172.7	187.1	993.5	-4424.4	-9228.2	-35.4	
85.30	218.5	6.8	35.5	2.0	-169.9	18.6	-165.9	196.2	989.2	-4780.6	-9028.4	-48.2	
85.35	221.4	6.7	30.5	2.0	-168.4	18.7	-158.8	210.6	972.1	-5080.3	-8720.7	-63.7	
85.40	224.3	6.5	29.8	2.0	-168.2	18.8	-156.0	222.7	950.0	-5439.3	-8478.9	-66.1	
85.45	227.1	6.4	33.6	2.0	-171.0	18.9	-155.8	236.1	939.6	-5809.5	-8455.6	-55.6	
85.50	230.0	6.2	37.9	2.0	-174.1	19.0	-155.2	255.4	935.9	-5988.3	-8566.2	-44.2	
85.55	232.8	6.1	41.0	2.0	-174.9	19.1	-156.5	255.8	923.5	-5998.3	-8641.8	-34.1	
85.60	235.7	5.9	42.6	2.0	-173.6	19.2	-158.1	248.1	902.0	-5883.9	-8638.6	-27.3	
85.65	238.5	5.7	42.5	2.0	-172.4	19.3	-154.7	255.6	884.6	-5827.2	-8562.6	-26.5	
85.70	241.3	5.7	46.2	2.0	-172.6	19.4	-152.7	266.2	872.9	-5947.3	-8484.4	-14.1	
85.75	244.1	5.9	45.9	2.0	-171.2	19.5	-151.1	273.4	852.4	-6004.3	-8315.9	-13.8	
85.80	246.9	6.1	43.6	2.0	-168.8	19.6	-152.1	270.6	824.5	-5952.7	-8159.9	-19.3	
85.85	249.6	6.2	44.8	2.0	-168.2	19.7	-151.9	268.7	803.7	-6016.6	-8085.3	-14.5	
85.90	252.4	6.3	47.1	2.0	-169.3	19.8	-146.9	285.1	792.0	-6181.3	-8027.6	-7.7	
85.95	255.2	6.3	46.3	2.0	-168.9	19.9	-140.5	297.4	776.5	-6327.6	-7857.5	-10.1	
86.00	257.9	6.3	41.5	2.0	-166.7	20.0	-138.0	290.1	750.5	-6421.4	-7616.6	-24.3	
86.05	260.7	6.3	37.6	2.0	-164.2	20.1	-135.0	279.6	726.3	-6443.9	-7418.9	-35.1	
86.10	263.4	6.1	34.1	2.0	-163.6	20.2	-129.3	277.7	711.2	-6488.8	-7351.6	-46.6	
86.15	266.1	5.7	33.2	2.0	-164.3	20.3	-127.7	284.7	694.9	-6537.7	-7368.7	-50.1	
86.20	268.8	5.9	32.9	2.0	-164.3	20.4	-131.9	289.6	669.8	-6604.9	-7314.7	-51.4	
86.25	271.5	6.2	32.4	2.0	-163.0	20.5	-134.1	283.4	644.6	-6712.7	-7122.5	-51.7	
86.30	274.2	6.5	31.2	2.0	-161.4	20.6	-127.1	285.3	627.5	-6815.7	-6882.1	-54.1	
86.35	276.9	6.7	31.1	2.0	-161.5	20.7	-117.9	296.9	616.9	-6962.4	-6729.2	-54.8	
86.40	279.6	6.9	33.6	2.0	-162.1	20.8	-114.4	303.0	601.8	-7102.7	-6641.1	-46.7	
86.45	282.2	7.1	34.1	2.0	-161.0	20.9	-114.8	301.8	583.9	-7067.4	-6585.6	-43.9	
86.50	284.9	6.8	32.3	2.0	-159.1	21.0	-111.6	293.6	570.5	-6983.9	-6509.1	-48.1	
86.55	287.5	6.7	30.7	2.0	-157.7	21.1	-104.1	288.6	560.6	-6994.5	-6390.9	-52.2	
86.60	290.2	6.6	25.8	2.0	-155.7	21.2	-98.0	286.6	545.7	-6986.8	-6205.3	-67.2	
86.65	292.8	6.4	21.1	2.0	-152.8	21.3	-98.6	277.7	524.9	-6938.7	-5992.5	-80.5	
86.70	295.4	6.4	20.1	2.0	-150.6	21.4	-100.7	271.4	503.7	-6918.3	-5804.8	-81.7	
86.75	298.0	6.5	19.2	2.0	-148.8	21.5	-98.2	276.2	487.7	-6819.7	-5710.8	-82.8	
86.80	300.6	6.3	17.6	2.0	-147.5	21.6	-96.7	270.0	478.9	-6673.2	-5775.9	-87.0	
86.85	303.2	6.1	17.4	2.0	-146.1	21.7	-99.5	252.3	467.8	-6504.7	-5888.9	-86.4	
86.90	305.7	5.8	18.8	2.0	-144.6	21.8	-104.1	245.5	449.6	-6293.6	-5985.8	-80.2	
86.95	308.3	5.9	21.6	2.0	-143.5	21.9	-107.5	238.1	431.9	-6123.0	-6083.6	-69.3	
87.00	310.8	6.2	24.6	2.0	-141.9	22.0	-108.0	233.3	417.6	-5861.7	-6206.8	-57.4	
87.05	313.3	6.6	26.3	2.0	-139.5	22.1	-109.5	226.2	405.1	-5453.0	-6357.7	-49.1	
87.10	315.8	7.0	30.3	2.0	-137.7	22.2	-116.9	206.7	390.7	-5127.4	-6519.0	-33.5	
87.15	318.3	7.1	35.8	2.0	-137.1	22.3	-128.6	193.0	371.9	-4825.0	-6723.6	-14.1	
87.20	320.8	7.2	40.4	2.0	-136.9	22.4	-139.0	188.0	355.2	-4417.5	-6992.5	1.7	
87.25	323.3	7.5	44.3	2.0	-136.2	22.5	-143.9	175.8	345.1	-3937.3	-7248.0	15.9	
87.30	325.8	7.6	45.9	2.0	-134.5	22.6	-142.5	160.9	338.4	-3412.5	-7407.0	23.2	
87.35	328.3	7.8	45.6	2.0	-132.2	22.7	-139.2	142.0	329.2	-3040.0	-7442.7	24.3	
87.40	330.7	8.1	47.6	2.0	-130.8	22.8	-139.0	127.8	313.7	-2898.4	-7426.5	32.7	
87.45	333.2	8.0	50.9	2.0	-129.6	22.9	-139.2	124.3	297.0	-2780.4	-7397.5	45.3	
87.50	335.6	7.9	52.8	2.0	-127.8	23.0	-137.4	115.1	287.7	-2527.0	-7377.2	53.3	
87.55	338.1	8.1	52.2	2.0	-125.8	23.1	-134.4	99.9	283.6	-2152.1	-7372.9	53.3	
87.60	340.5	8.4	51.7	2.0	-123.9	23.2	-132.7	87.3	273.8	-1821.8	-7344.5	53.5	
87.65	342.9	8.4	51.7	2.0	-122.4	23.3	-133.5	73.7	257.7	-1572.3	-7322.4	55.2	
87.70	345.3	8.1	50.8	2.0	-121.6	23.4	-132.5	57.3	247.3	-1272.1	-7350.3	52.7	
87.75	347.7	8.1	50.2	2.0	-122.2	23.5	-130.3	47.6	244.8	-983.3	-7460.5	50.2	
87.80	350.0	8.1	53.1	2.0	-124.0	23.6	-131.5	47.4	240.0	-942.6	-7603.0	58.3	
87.85	352.4	8.2	58.7	2.0	-126.6	23.7	-139.0	55.6	226.6	-1219.8	-7739.5	74.8	
87.90	354.7	8.2	61.7	2.0	-128.9	23.8	-146.8	60.1	215.4	-1546.4	-7847.3	83.0	
87.95	357.1	8.3	60.0	2.0	-129.9	23.9	-147.8	49.8	216.2	-1647.4	-7910.4	76.0	
88.00	359.4	8.5	55.1	2.0	-129.7	24.0	-145.1	36.8	220.3	-1533.5	-7933.5	59.5	
88.05	1.7	8.4	51.1	2.0	-129.4	24.1	-145.9	27.4	216.0	-1310.8	-7956.5	46.0	
88.10	4.0	8.1	48.3	2.0	-130.3	24.2	-153.2	14.1	207.5	-1100.3	-8042.9	35.5	
88.15	6.3	7.8	45.0	2.0	-130.9	24.3	-158.2	-1.4	204.9	-881.5	-8108.0	23.7	
88.20	8.6	7.8	41.6	2.0	-130.3	24.4	-157.5	-16.9	208.2	-660.5	-8082.6	12.6	
88.25	10.9	7.9	40.9	2.0	-128.3	24.5	-153.7	-28.1	207.6	-502.9	-7949.0	12.0	
88.30	13.2	8.1	45.9	2.0	-127.0	24.6	-152.4	-32.0	202.6	-335.4	-7861.0	30.7	
88.35	15.5	8.0	49.8	2.0	-126.7	24.7	-150.2	-35.7	200.6	-117.8	-7849.5	44.3	
88.40	17.7	7.8	54.2	2.0	-128.7	24.8	-149.2	-49.7	206.7	289.9	-7981.9	57.5	
88.45	20.0	7.6	57.8	2.0	-132.5	24.9	-150.2	-70.2	213.0	858.2	-8199.8	66.1	
88.50	22.2	7.4	63.2	2.0	-137.6	25.0	-155.8	-90.9	212.0	1463.7	-8465.6	79.2	
88.55	24.4	7.1	70.7	2.0	-143.8	25.1	-165.7	-105.8	208.6	2028.0	-8787.2	98.7	
88.60	26.6	6.8	76.9	2.0	-149.6	25.2	-173.5	-118.1	208.2	2584.4	-9056.0	114.4	
88.65	28.8	6.8	82.2	2.0	-154.7	25.3	-179.0	-131.8	210.3	3120.2	-9257.2	127.3	
88.70	31.0	6.7	86.8	2.0	-158.2	25.4	-181.5	-146.0	209.1	3551.1	-9347.6	139.8	
88.75	33.2	6.4	91.6	2.0	-160.7	25.5	-182.4	-157.7	207.1	3915.4	-9385.8	153.8	
88.80	35.4	6.6	94.8	2.0	-162.5	25.6	-179.4	-167.3	208.5	4293.4	-9352.9	162.8	
88.85	37.6	6.8	95.7	2.0	-163.5	25.7	-172.1	-178.3	212.6	4707.1	-9221.1	165.1	
88.90	39.7	7.1	94.7	2.0	-163.1	25.8	-163.4	-189.3	214.8	5077.2	-8985.0	162.1	
88.95	41.8	7.0	90.9	2.0	-161.7	25.9	-155.4	-203.4	214.3	5353.2	-8672.6	150.4	
89.00	44.0	7.0	86.1	2.0	-159.8	26.0	-149.0	-218.9	215.1	5567.0	-8338.3	135.7	
89.05	46.1	7.2	80.8	2.0	-157.5	26.1	-144.5	-227.2	216.6	5725.6	-7999.0	120.0	
89.10	48.2	7.3	76.0	2.0	-154.7	26.2	-141.9	-230.8	216.7	5791.5	-7678.5	106.4	
89.15	50.3	7.3	73.2	2.0	-152.0	26.3	-141.5	-232.1	217.8	5765.9	-7439.1	99.2	
89.20	52.4	7.1	70.3	2.0	-149.4	26.4	-140.2	-232.3	222.3	5695.8	-7233.8	91.9	
89.25	54.4	6.8	66.7	2.0	-145.4	26.5	-133.8	-233.7	228.8	5575.3	-6946.0	83.6	
89.30	56.5	6.5	58.5	2.0	-140.9	26.6	-124.2	-233.0	235.8	5461.8	-6609.9	60.1	
89.35	58.5	6.3	58.2	2.0	-136.8	26.7	-113.6	-235.1	242.7	5442.8	-6222.1	62.9	
89.40	60.6	6.4	55.4	2.0	-133.5	26.8	-104.2	-239.7	250.4	5427.5	-5899.4	56.8	
89.45	62.6	6.5	52.2	2.0	-131.5	26.9	-97.7	-242.3	258.3	5450.2	-5654.9	47.8	
89.50	64.6	6.6	49.6	2.0	-130.8	27.0	-96.5	-246.0	264.4	5525.4	-5488.1	39.4	
89.55	66.6	6.6	47.0	2.0	-130.8	27.1	-98.4	-251.8	268.5	5618.2	-5367.4	30.7	
89.60	68.6	6.7	45.7	2.0	-130.6	27.2	-97.8	-253.2	273.4	5712.1	-5234.5	26.4	
89.65	70.6	6.7	44.4	2.0	-129.7	27.3	-91.9	-255.3	279.3	5797.6	-5027.5	22.9	
89.70	72.6	6.5	42.6	2.0	-129.7	27.4	-83.4	-262.2	287.1	5961.8	-4802.6	16.4	
89.75	74.6	6.4	41.1	2.0	-129.8	27.5	-75.3	-267.5	295.1	6099.9	-4618.5	11.3	
89.80	76.6	6.3	42.0	2.0	-129.7	27.6	-71.2	-270.8	302.3	6142.2	-4522.1	14.6	
89.85	78.6	6.2	44.3	2.0	-130.6	27.7	-72.2	-271.9	308.1	6211.0	-4537.0	21.4	
89.90	80.5	6.2	45.8	2.0	-133.7	27.8	-76.3	-275.3	313.2	6393.1	-4653.6	23.6	
89.95	82.5	6.2	47.6	2.0	-137.5	27.9	-81.4	-280.6	317.9	6614.0	-4799.4	26.0	
90.00	84.4	6.4	50.1	2.0	-140.3	28.0	-84.6	-282.6	322.4	6797.3	-4888.7	31.9	
90.05	86.4	7.0	51.9	2.0	-142.5	28.1	-85.0	-287.0	327.1	6984.9	-4890.2	35.5	
90.10	88.3	7.4	52.6	2.0	-145.6	28.2	-85.9	-296.2	331.6	7226.8	-4891.0	35.1	
90.15	90.2	7.2	53.5	2.0	-149.2	28.3	-87.9	-303.4	337.3	7472.6	-4968.3	34.5	
90.20	92.1	6.8	56.6	2.0	-152.0	28.4	-90.9	-304.1	345.6	7594.4	-5155.0	42.2	
90.25	94.0	6.4	61.1	2.0	-153.7	28.5	-94.4	-299.9	354.6	7601.2	-5365.5	56.0	
90.30	95.8	5.9	64.3	2.0	-154.6	28.6	-96.9	-295.7	360.5	7597.4	-5497.5	66.1	
90.35	97.7	6.2	64.9	2.0	-154.8	28.7	-96.2	-296.2	364.3	7595.6	-5517.1	68.1	
90.40	99.6	6.5	64.6	2.0	-153.5	28.8	-92.4	-295.6	369.9	7513.2	-5466.1	68.2	
90.45	101.5	6.5	64.0	2.0	-151.1	28.9	-88.3	-291.1	377.5	7365.4	-5388.3	68.7	
90.50	103.3	6.2	62.5	2.0	-148.9	29.0	-87.6	-287.3	383.1	7226.1	-5306.6	65.7	
90.55	105.1	6.1	60.6	2.0	-147.4	29.1	-91.1	-285.5	386.4	7119.9	-5259.3	60.7	
90.60	107.0	6.4	58.8	2.0	-146.2	29.2	-95.5	-282.4	392.0	6986.0	-5277.9	55.7	
90.65	108.8	6.5	56.8	2.0	-143.6	29.3	-94.3	-276.8	399.8	6770.2	-5253.9	51.6	
90.70	110.6	6.6	54.3	2.0	-139.6	29.4	-86.7	-271.9	406.1	6546.1	-5080.8	46.7	
90.75	112.4	6.8	50.0	2.0	-134.9	29.5	-75.9	-267.8	409.7	6357.0	-4765.2	36.9	
90.80	114.2	7.3	46.7	2.0	-129.0	29.6	-64.1	-261.9	411.8	6109.9	-4392.6	31.2	
90.85	116.0	7.4	43.8	2.0	-122.8	29.7	-53.8	-253.3	416.1	5786.8	-4088.0	27.4	
90.90	117.8	7.5	42.4	2.0	-118.6	29.8	-51.1	-243.5	422.1	5502.9	-3974.2	26.8	
90.95	119.6	7.6	40.6	2.0	-116.7	29.9	-55.6	-237.4	427.2	5309.1	-4020.0	22.7	
91.00	121.4	7.7	39.4	2.0	-116.4	30.0	-63.9	-233.5	430.8	5204.6	-4120.2	18.9	
91.05	123.1	7.9	39.0	2.0	-115.7	30.1	-69.1	-228.2	434.4	5116.2	-4158.6	18.1	
91.10	124.9	8.3	37.4	2.0	-113.9	30.2	-66.9	-224.0	439.1	5020.8	-4069.7	14.5	
91.15	126.6	8.6	35.0	2.0	-111.4	30.3	-58.7	-220.8	443.6	4966.7	-3856.3	8.8	
91.20	128.3	8.7	33.0	2.0	-108.6	30.4	-49.5	-218.7	447.5	4914.7	-3584.0	4.8	
91.25	130.0	8.7	32.8	2.0	-106.2	30.5	-43.7	-216.9	452.5	4849.6	-3370.3	6.6	
91.30	131.7	8.9	33.7	2.0	-105.0	30.6	-42.1	-211.8	458.5	4816.2	-3275.6	10.6	
91.35	133.4	9.2	34.8	2.0	-105.2	30.7	-43.8	-206.8	463.9	4845.9	-3276.7	14.3	
91.40	135.1	9.4	35.3	2.0	-106.2	30.8	-45.5	-204.2	468.3	4935.2	-3283.8	15.0	
91.45	136.8	9.4	35.3	2.0	-106.8	30.9	-44.8	-202.8	472.2	5036.1	-3225.6	14.4	
91.50	138.5	9.3	35.2	2.0	-106.7	31.0	-41.7	-204.2	475.0	5098.2	-3100.3	14.1	
91.55	140.1	8.9	34.9	2.0	-106.2	31.1	-38.7	-202.8	476.0	5124.7	-2988.3	13.4	
91.60	141.8	8.9	34.7	2.0	-105.4	31.2	-37.9	-197.3	476.9	5093.3	-2960.8	13.6	
91.65	143.4	8.9	36.8	2.0	-104.2	31.3	-40.2	-190.1	479.5	4960.3	-3029.7	22.0	
91.70	145.1	8.8	39.0	2.0	-102.5	31.4	-44.2	-180.7	483.2	4762.2	-3148.7	31.4	
91.75	146.7	8.6	39.6	2.0	-100.9	31.5	-47.3	-171.7	485.3	4583.1	-3235.1	35.0	
91.80	148.3	8.3	38.6	2.0	-99.1	31.6	-46.9	-165.6	485.5	4442.7	-3221.5	33.3	
91.85	149.9	7.9	37.0	2.0	-96.7	31.7	-42.7	-159.6	486.1	4325.3	-3108.2	30.5	
91.90	151.5	7.7	35.0	2.0	-93.4	31.8	-36.1	-153.7	486.8	4181.8	-2919.6	26.8	
91.95	153.1	7.6	32.4	2.0	-90.0	31.9	-31.3	-149.7	486.5	4013.7	-2736.1	21.3	
92.00	154.7	7.5	29.5	2.0	-86.4	32.0	-30.0	-142.9	484.4	3797.5	-2602.6	15.0	
92.05	156.3	7.7	28.4	2.0	-81.6	32.1	-30.5	-131.8	483.1	3448.5	-2529.6	15.9	
92.10	157.9	8.1	28.5	2.0	-76.2	32.2	-29.9	-116.6	484.3	3021.7	-2474.1	21.5	
92.15	159.5	8.6	27.4	2.0	-71.2	32.3	-28.0	-102.4	486.8	2636.8	-2409.8	22.8	
92.20	161.1	8.5	24.3	2.0	-67.0	32.4	-24.5	-96.1	487.2	2328.2	-2298.6	16.3	
92.25	162.6	8.5	20.9	2.0	-63.0	32.5	-20.8	-90.3	485.9	2036.1	-2182.4	8.9	
92.30	164.2	8.5	18.2	2.0	-59.8	32.6	-18.9	-81.8	486.7	1746.3	-2150.0	2.6	
92.35	165.7	8.3	17.0	2.0	-58.3	32.7	-20.1	-74.9	488.6	1498.2	-2216.4	0.2	
92.40	167.3	8.1	16.9	2.0	-58.5	32.8	-25.3	-68.6	488.4	1318.4	-2358.6	-0.5	
92.45	168.8	8.0	17.6	2.0	-59.1	32.9	-31.6	-60.3	486.5	1138.9	-2515.1	1.4	
92.50	170.3	8.1	19.9	2.0	-58.9	33.0	-34.3	-50.8	485.7	911.6	-2614.4	9.3	
92.55	171.8	8.1	21.4	2.0	-58.0	33.1	-31.6	-40.6	487.8	728.0	-2627.0	15.6	
92.60	173.3	8.2	21.7	2.0	-56.3	33.2	-25.7	-33.4	489.3	636.0	-2549.4	18.1	
92.65	174.8	8.6	21.8	2.0	-54.4	33.3	-19.8	-29.1	488.5	571.2	-2436.4	20.3	
92.70	176.3	8.8	22.6	2.0	-53.2	33.4	-17.0	-23.1	486.7	492.7	-2379.9	24.6	
92.75	177.7	8.9	24.1	2.0	-53.4	33.5	-17.8	-17.1	486.1	408.3	-2423.0	29.4	
92.80	179.2	8.9	24.5	2.0	-54.9	33.6	-21.7	-13.7	485.9	364.9	-2546.9	29.3	
92.85	180.7	8.9	25.8	2.0	-56.4	33.7	-26.7	-11.2	483.0	348.6	-2657.8	32.1	
92.90	182.1	8.9	25.1	2.0	-56.9	33.8	-29.7	-6.9	477.3	277.2	-2697.7	29.2	
92.95	183.6	8.9	24.9	2.0	-56.2	33.9	-29.3	-1.1	473.0	170.8	-2664.4	29.3	
93.00	185.0	9.2	24.2	2.0	-55.0	34.0	-26.5	5.2	471.1	41.8	-2586.1	28.1	
93.05	186.4	9.4	23.0	2.0	-53.7	34.1	-23.6	12.1	469.5	-120.7	-2484.7	25.3	
93.10	187.9	9.1	23.0	2.0	-52.5	34.2	-21.8	21.5	465.6	-322.7	-2371.0	26.3	
93.15	189.3	9.1	23.8	2.0	-51.7	34.3	-20.1	31.3	461.3	-545.3	-2251.7	29.9	
93.20	190.7	9.2	23.7	2.0	-51.1	34.4	-18.0	40.7	459.3	-716.5	-2134.8	30.1	
93.25	192.1	9.6	21.9	2.0	-50.0	34.5	-14.7	47.3	457.9	-832.4	-1985.8	25.3	
93.30	193.4	10.0	19.7	2.0	-48.2	34.6	-10.8	49.9	453.3	-949.4	-1778.7	19.4	
93.35	194.8	10.0	17.5	2.0	-46.6	34.7	-7.3	53.5	446.7	-1072.1	-1554.9	13.4	
93.40	196.2	9.6	15.5	2.0	-45.7	34.8	-3.6	58.8	442.5	-1209.1	-1351.8	7.6	
93.45	197.5	9.7	14.4	2.0	-46.2	34.9	-0.0	66.5	441.3	-1390.5	-1188.2	3.0	
93.50	198.9	9.5	13.9	2.0	-47.8	35.0	2.2	76.5	439.0	-1607.2	-1049.4	0.1	
93.55	200.2	9.2	14.1	2.0	-49.8	35.1	4.2	84.9	433.8	-1841.0	-900.9	-1.2	
93.60	201.6	9.2	14.4	2.0	-51.8	35.2	6.5	90.9	429.4	-2050.1	-773.7	-2.3	
93.65	202.9	9.2	14.3	2.0	-54.1	35.3	10.0	98.9	427.5	-2236.5	-673.2	-5.1	
93.70	204.2	9.3	15.0	2.0	-56.6	35.4	13.0	107.5	424.6	-2429.5	-593.0	-5.0	
93.75	205.6	9.7	15.6	2.0	-59.1	35.5	13.1	114.8	418.1	-2624.8	-537.9	-5.7	
93.80	206.9	9.8	15.9	2.0	-61.6	35.6	11.0	122.2	411.1	-2803.5	-530.5	-7.0	
93.85	208.2	9.8	16.7	2.0	-64.7	35.7	9.1	130.0	407.1	-3017.4	-554.2	-7.4	
93.90	209.5	10.1	18.0	2.0	-68.3	35.8	8.2	139.6	404.5	-3261.6	-575.5	-6.5	
93.95	210.8	10.3	18.9	2.0	-71.4	35.9	7.2	149.3	399.9	-3474.4	-579.0	-6.6	
94.00	212.1	10.4	19.3	2.0	-73.8	36.0	7.3	154.8	393.4	-3649.1	-548.6	-7.6	
94.05	213.4	10.5	19.4	2.0	-75.8	36.1	9.7	158.7	388.4	-3800.3	-512.6	-9.1	
94.10	214.7	10.7	19.7	2.0	-77.7	36.2	13.3	163.6	385.5	-3935.3	-500.1	-10.1	
94.15	216.0	10.8	19.9	2.0	-79.2	36.3	16.0	166.2	381.3	-4043.7	-499.8	-10.8	
94.20	217.2	11.0	19.6	2.0	-79.8	36.4	15.7	166.9	374.2	-4091.1	-535.4	-12.7	
94.25	218.5	10.9	19.1	2.0	-80.1	36.5	13.3	168.0	366.7	-4104.2	-628.4	-14.4	
94.30	219.8	10.7	20.5	2.0	-80.9	36.6	11.2	170.0	361.9	-4138.4	-767.0	-10.5	
94.35	221.0	10.4	22.3	2.0	-82.2	36.7	9.0	173.9	358.5	-4197.7	-933.4	-5.7	
94.40	222.3	10.5	24.1	2.0	-83.6	36.8	6.1	177.0	353.1	-4262.3	-1087.3	-0.9	
94.45	223.5	10.7	25.7	2.0	-85.0	36.9	2.9	179.2	345.9	-4336.9	-1218.5	3.3	
94.50	224.8	10.9	28.4	2.0	-86.8	37.0	0.9	184.1	339.6	-4436.1	-1346.0	10.7	
94.55	226.0	10.9	30.8	2.0	-89.3	37.1	-0.7	192.6	335.4	-4558.9	-1503.3	16.5	
94.60	227.2	11.0	34.6	2.0	-91.5	37.2	-3.6	198.5	330.3	-4667.3	-1671.4	27.3	
94.65	228.5	11.0	36.0	2.0	-92.9	37.3	-8.8	200.0	322.8	-4719.9	-1833.3	30.8	
94.70	229.7	10.9	36.2	2.0	-93.9	37.4	-14.1	200.3	314.8	-4747.5	-1971.2	30.5	
94.75	230.9	10.7	36.7	2.0	-95.0	37.5	-16.3	203.1	308.8	-4796.0	-2057.1	31.0	
94.80	232.1	10.4	36.7	2.0	-95.9	37.6	-15.0	207.5	303.6	-4861.6	-2057.7	30.3	
94.85	233.3	10.0	35.4	2.0	-96.0	37.7	-11.2	209.3	297.2	-4918.3	-1944.5	25.6	
94.90	234.4	9.8	34.0	2.0	-95.6	37.8	-6.4	209.3	289.1	-4973.2	-1740.5	21.0	
94.95	235.6	10.0	32.7	2.0	-96.3	37.9	-0.9	214.1	281.7	-5095.7	-1505.3	15.8	
95.00	236.8	10.4	32.6	2.0	-98.6	38.0	4.8	223.3	276.2	-5310.0	-1278.9	13.2	
95.05	238.0	10.5	32.9	2.0	-101.1	38.1	8.7	231.4	270.6	-5524.8	-1085.3	11.7	
95.10	239.1	10.2	30.9	2.0	-102.8	38.2	9.7	235.3	263.8	-5679.3	-921.4	3.3	
95.15	240.3	10.0	28.8	2.0	-104.4	38.3	9.7	237.3	256.4	-5826.9	-760.8	-5.5	
95.20	241.4	9.7	26.6	2.0	-106.3	38.4	11.6	240.6	250.2	-5985.8	-600.9	-14.9	
95.25	242.6	9.6	25.0	2.0	-108.2	38.5	15.4	244.9	245.8	-6128.8	-448.3	-22.4	
95.30	243.7	9.9	23.4	2.0	-109.5	38.6	19.3	246.6	240.7	-6235.3	-276.6	-29.2	
95.35	244.8	9.9	21.9	2.0	-110.6	38.7	22.4	248.9	234.1	-6324.5	-85.4	-35.3	
95.40	245.9	9.9	22.2	2.0	-112.4	38.8	24.7	254.7	227.7	-6447.0	85.5	-36.2	
95.45	247.1	9.7	24.0	2.0	-114.4	38.9	26.8	262.1	223.2	-6579.4	205.0	-31.9	
95.50	248.2	9.4	25.3	2.0	-115.3	39.0	28.6	266.5	219.4	-6630.1	274.0	-28.5	
95.55	249.3	9.1	25.5	2.0	-114.6	39.1	29.4	266.1	214.7	-6582.4	309.1	-27.0	
95.60	250.4	9.1	25.0	2.0	-113.3	39.2	29.1	263.9	208.4	-6493.3	323.9	-27.6	
95.65	251.5	9.3	25.2	2.0	-112.1	39.3	27.9	262.7	202.1	-6413.4	294.2	-25.5	
95.70	252.6	9.5	25.9	2.0	-111.0	39.4	26.7	261.3	196.8	-6343.5	217.8	-22.2	
95.75	253.7	9.7	26.1	2.0	-109.9	39.5	24.9	260.0	191.3	-6274.4	121.0	-20.4	
95.80	254.8	9.7	26.2	2.0	-108.9	39.6	22.1	258.7	184.1	-6208.2	30.5	-19.0	
95.85	255.9	9.7	27.2	2.0	-108.1	39.7	18.8	257.5	176.6	-6158.4	-59.7	-14.8	
95.90	256.9	9.8	28.9	2.0	-107.7	39.8	15.8	258.9	170.3	-6127.4	-179.6	-8.7	
95.95	258.0	9.5	30.4	2.0	-107.4	39.9	13.7	259.9	164.7	-6094.7	-320.3	-2.8	
96.00	259.1	9.6	31.8	2.0	-106.8	40.0	11.2	258.2	158.5	-6049.6	-471.1	2.5	
96.05	260.2	10.0	32.9	2.0	-106.3	40.1	7.3	257.3	150.8	-6008.1	-611.2	6.8	
96.10	261.2	10.4	34.2	2.0	-106.7	40.2	3.5	259.7	142.4	-6030.9	-718.4	10.7	
96.15	262.3	10.4	36.1	2.0	-107.7	40.3	1.6	262.9	134.8	-6090.5	-799.7	16.3	
96.20	263.3	10.0	37.3	2.0	-108.3	40.4	0.5	263.3	128.6	-6133.2	-882.6	19.7	
96.25	264.4	9.7	36.9	2.0	-108.6	40.5	-0.6	262.0	122.6	-6148.3	-953.6	18.3	
96.30	265.4	9.5	36.0	2.0	-108.8	40.6	-1.3	260.9	115.8	-6167.6	-993.6	14.7	
96.35	266.4	9.5	35.7	2.0	-109.4	40.7	-1.9	261.2	109.6	-6209.8	-1022.1	13.3	
96.40	267.5	9.6	35.9	2.0	-110.1	40.8	-1.6	262.2	105.1	-6265.2	-1051.5	12.9	
96.45	268.5	9.8	35.9	2.0	-111.1	40.9	0.1	263.5	100.9	-6337.7	-1041.0	12.2	
96.50	269.5	10.0	35.7	2.0	-112.1	41.0	2.6	263.9	95.4	-6435.4	-957.0	10.4	
96.55	270.5	10.1	35.1	2.0	-113.2	41.1	5.1	265.5	89.2	-6538.3	-831.7	7.4	
96.60	271.6	10.3	34.8	2.0	-114.4	41.2	7.7	268.2	83.7	-6633.6	-707.5	5.3	
96.65	272.6	10.6	34.5	2.0	-115.3	41.3	11.0	269.9	78.8	-6717.8	-584.5	3.1	
96.70	273.6	10.8	32.9	2.0	-115.7	41.4	13.3	270.7	74.0	-6753.9	-485.4	-2.6	
96.75	274.6	10.6	31.2	2.0	-115.8	41.5	14.2	270.7	69.4	-6770.4	-410.9	-8.8	
96.80	275.6	10.6	30.2	2.0	-116.5	41.6	14.1	271.3	64.6	-6828.5	-344.5	-12.9	
96.85	276.5	10.7	30.1	2.0	-117.8	41.7	13.8	274.3	59.6	-6930.0	-286.7	-14.6	
96.90	277.5	10.6	30.1	2.0	-119.1	41.8	13.6	276.6	54.7	-7021.1	-243.4	-15.8	
96.95	278.5	10.5	29.6	2.0	-119.5	41.9	13.3	276.4	49.6	-7059.3	-211.2	-17.8	
97.00	279.5	10.3	29.4	2.0	-119.5	42.0	12.4	275.8	43.7	-7065.2	-184.0	-18.5	
97.05	280.4	10.4	29.7	2.0	-119.2	42.1	12.1	275.5	37.3	-7053.7	-149.5	-17.2	
97.10	281.4	10.5	30.1	2.0	-118.3	42.2	12.0	274.4	31.8	-6990.3	-129.8	-15.0	
97.15	282.3	10.5	29.5	2.0	-116.2	42.3	12.2	271.4	26.7	-6842.8	-113.2	-14.8	
97.20	283.3	10.6	29.1	2.0	-113.8	42.4	13.4	267.7	21.5	-6674.4	-73.7	-13.8	
97.25	284.2	10.8	29.2	2.0	-111.4	42.5	15.4	264.3	15.7	-6510.9	-10.6	-11.2	
97.30	285.1	10.9	29.8	2.0	-109.1	42.6	16.8	261.0	10.3	-6349.8	26.0	-6.7	
97.35	286.0	10.6	30.4	2.0	-107.1	42.7	17.6	257.0	5.4	-6212.4	19.1	-2.7	
97.40	287.0	10.3	31.1	2.0	-105.5	42.8	17.4	254.7	0.3	-6103.8	-23.3	1.3	
97.45	287.9	10.2	32.3	2.0	-104.4	42.9	15.6	253.6	-5.4	-6017.4	-86.6	6.6	
97.50	288.8	10.3	32.8	2.0	-103.3	43.0	13.4	250.2	-11.1	-5940.8	-145.4	9.3	
97.55	289.7	10.4	32.1	2.0	-101.8	43.1	11.2	245.6	-16.1	-5832.8	-215.7	8.3	
97.60	290.7	10.5	31.5	2.0	-100.3	43.2	9.5	241.0	-20.4	-5726.3	-288.5	7.7	
97.65	291.6	10.6	32.1	2.0	-99.4	43.3	8.3	237.8	-24.8	-5662.0	-340.6	10.9	
97.70	292.5	10.8	32.6	2.0	-98.6	43.4	6.9	236.9	-30.0	-5599.4	-386.4	13.4	
97.75	293.4	11.0	32.9	2.0	-98.1	43.5	4.9	236.7	-35.9	-5550.2	-426.8	14.8	
97.80	294.3	11.3	33.4	2.0	-98.0	43.6	3.6	236.4	-41.5	-5540.5	-458.7	16.7	
97.85	295.2	11.4	34.3	2.0	-98.3	43.7	3.2	237.8	-45.9	-5555.2	-494.2	19.5	
97.90	296.0	11.4	34.8	2.0	-98.6	43.8	4.0	238.0	-50.1	-5573.8	-496.2	21.0	
97.95	296.9	11.2	34.5	2.0	-98.4	43.9	5.2	236.1	-55.1	-5560.8	-467.9	19.9	
98.00	297.8	11.1	33.5	2.0	-98.1	44.0	6.2	234.5	-60.2	-5540.4	-444.3	16.8	
98.05	298.7	11.0	32.8	2.0	-98.3	44.1	7.5	232.3	-64.1	-5560.9	-435.0	14.3	
98.10	299.6	10.7	32.1	2.0	-98.9	44.2	7.9	230.6	-67.7	-5605.5	-451.3	11.3	
98.15	300.4	10.6	31.5	2.0	-99.8	44.3	6.3	229.9	-72.6	-5666.9	-479.9	8.4	
98.20	301.3	10.6	31.6	2.0	-101.5	44.4	4.2	230.7	-78.8	-5794.1	-488.3	6.9	
98.25	302.1	10.9	32.4	2.0	-103.6	44.5	1.8	234.3	-84.6	-5934.9	-504.9	7.5	
98.30	303.0	11.2	32.5	2.0	-105.3	44.6	0.6	237.2	-89.4	-6049.9	-516.7	6.3	
98.35	303.8	11.4	31.5	2.0	-106.0	44.7	1.5	236.1	-93.9	-6107.8	-499.5	1.9	
98.40	304.7	11.4	30.2	2.0	-106.2	44.8	2.4	234.3	-97.9	-6124.2	-498.7	-2.7	
98.45	305.5	11.3	29.6	2.0	-106.3	44.9	4.0	232.0	-101.4	-6138.4	-494.8	-4.8	
98.50	306.4	11.3	29.5	2.0	-106.4	45.0	5.8	229.5	-104.8	-6146.4	-490.3	-5.1	
98.55	307.2	11.4	29.6	2.0	-106.0	45.1	6.4	227.2	-108.2	-6118.7	-510.4	-4.2	
98.60	308.0	11.2	29.7	2.0	-105.3	45.2	6.4	224.2	-112.2	-6068.7	-532.3	-3.3	
98.65	308.8	11.3	29.5	2.0	-104.3	45.3	6.1	220.6	-116.8	-5998.3	-546.6	-3.1	
98.70	309.7	11.5	29.5	2.0	-102.5	45.4	4.7	216.1	-120.5	-5865.4	-587.6	-1.3	
98.75	310.5	11.2	28.8	2.0	-99.7	45.5	3.7	209.8	-123.6	-5666.2	-633.6	-0.9	
98.80	311.3	11.4	28.6	2.0	-96.9	45.6	3.2	204.7	-126.5	-5463.0	-682.1	1.3	
98.85	312.1	11.7	29.2	2.0	-94.9	45.7	3.2	203.4	-129.8	-5305.4	-714.5	5.2	
98.90	312.9	11.5	29.9	2.0	-93.2	45.8	3.5	201.0	-133.1	-5175.9	-718.2	9.6	
98.95	313.7	11.0	30.6	2.0	-91.3	45.9	3.2	195.7	-135.8	-5046.7	-715.9	13.8	
99.00	314.5	10.6	31.0	2.0	-89.8	46.0	2.3	192.3	-139.5	-4939.0	-714.2	16.6	
99.05	315.3	11.0	32.3	2.0	-89.2	46.1	1.4	192.4	-143.9	-4891.0	-723.7	21.6	
99.10	316.0	11.4	33.4	2.0	-88.7	46.2	-1.3	192.3	-147.7	-4838.6	-781.6	25.8	
99.15	316.8	11.6	32.9	2.0	-87.4	46.3	-6.1	189.5	-150.7	-4731.3	-877.6	25.6	
99.20	317.6	11.4	31.9	2.0	-86.0	46.4	-10.8	184.1	-154.2	-4621.4	-952.2	23.6	
99.25	318.4	11.0	31.2	2.0	-85.0	46.5	-13.5	180.8	-158.7	-4540.4	-969.0	22.0	
99.30	319.1	10.7	30.3	2.0	-83.7	46.6	-12.9	178.7	-162.1	-4456.2	-925.7	20.3	
99.35	319.9	10.8	29.0	2.0	-81.9	46.7	-9.0	174.2	-164.1	-4349.0	-816.3	17.7	
99.40	320.7	11.1	27.6	2.0	-80.0	46.8	-4.2	169.7	-167.0	-4243.6	-660.1	14.7	
99.45	321.4	11.5	27.3	2.0	-78.9	46.9	-0.4	167.9	-171.5	-4185.1	-498.0	14.7	
99.50	322.2	11.8	27.3	2.0	-78.3	47.0	2.3	166.7	-175.3	-4154.8	-380.9	15.3	
99.55	323.0	11.5	26.5	2.0	-77.6	47.1	4.0	164.4	-177.0	-4110.9	-330.3	13.2	
99.60	323.7	11.1	25.1	2.0	-76.5	47.2	4.3	160.9	-178.9	-4034.0	-312.3	9.6	
99.65	324.5	10.8	22.7	2.0	-75.0	47.3	5.2	155.8	-182.6	-3933.2	-258.2	3.0	
99.70	325.2	10.8	20.9	2.0	-73.2	47.4	7.1	149.0	-185.8	-3820.2	-185.8	-1.4	
99.75	326.0	10.9	19.6	2.0	-71.9	47.5	8.9	142.7	-186.7	-3740.5	-154.9	-4.4	
99.80	326.7	11.1	18.6	2.0	-71.6	47.6	10.5	140.2	-188.5	-3722.3	-142.1	-7.6	
99.85	327.5	11.5	19.5	2.0	-71.9	47.7	9.8	141.1	-192.2	-3745.0	-150.4	-5.1	
99.90	328.2	11.4	21.0	2.0	-72.3	47.8	8.4	142.1	-195.1	-3763.2	-168.4	-0.2	
99.95	328.9	11.1	21.7	2.0	-72.2	47.9	8.5	141.9	-196.5	-3760.6	-172.0	2.1	
100.00	329.7	11.1	22.0	2.0	-71.9	48.0	9.9	141.6	-197.8	-3736.4	-148.1	3.8	
100.05	330.4	11.3	21.6	2.0	-70.9	48.1	11.7	139.3	-200.1	-3670.6	-97.4	3.1	
100.10	331.1	11.5	20.2	2.0	-69.1	48.2	13.0	133.5	-202.5	-3546.9	-51.3	0.1	
100.15	331.8	11.5	18.3	2.0	-66.9	48.3	12.1	126.5	-204.3	-3397.7	-67.4	-4.2	
100.20	332.6	11.4	17.8	2.0	-65.5	48.4	8.7	122.4	-206.2	-3299.4	-151.7	-4.3	
100.25	333.3	11.2	18.4	2.0	-65.1	48.5	4.5	121.6	-209.0	-3268.9	-256.9	-1.9	
100.30	334.0	11.4	18.9	2.0	-64.7	48.6	0.0	120.7	-211.7	-3229.1	-362.8	0.1	
100.35	334.7	11.1	18.9	2.0	-63.6	48.7	-3.4	117.3	-213.5	-3140.1	-441.9	1.2	
100.40	335.4	10.8	18.7	2.0	-62.1	48.8	-3.9	113.2	-215.6	-3029.2	-464.3	2.0	
100.45	336.1	10.5	19.1	2.0	-60.8	48.9	-3.2	111.0	-218.0	-2935.0	-473.2	4.6	
100.50	336.8	10.0	19.5	2.0	-59.3	49.0	-2.6	108.1	-219.7	-2825.4	-507.5	7.5	
100.55	337.5	9.8	19.9	2.0	-57.8	49.1	-4.4	103.1	-220.6	-2700.6	-602.8	10.7	
100.60	338.2	9.7	20.7	2.0	-56.5	49.2	-8.4	99.0	-222.4	-2579.1	-739.1	14.4	
100.65	338.8	10.1	22.0	2.0	-56.0	49.3	-12.8	98.0	-225.4	-2489.2	-878.9	19.5	
100.70	339.5	10.5	23.2	2.0	-55.5	49.4	-15.1	96.8	-227.6	-2407.3	-982.3	24.2	
100.75	340.2	10.8	23.0	2.0	-54.4	49.5	-16.0	93.2	-228.1	-2300.9	-1054.6	24.6	
100.80	340.9	11.0	22.0	2.0	-53.0	49.6	-16.2	88.2	-229.2	-2187.4	-1079.5	22.4	
100.85	341.6	11.1	21.7	2.0	-51.8	49.7	-15.2	83.4	-231.4	-2116.3	-1044.4	22.8	
100.90	342.2	11.1	21.5	2.0	-50.7	49.8	-12.4	80.4	-232.8	-2064.1	-975.6	23.1	
100.95	342.9	11.4	20.6	2.0	-49.5	49.9	-9.7	78.2	-232.2	-1997.8	-927.6	21.1	
101.00	343.6	11.5	18.9	2.0	-48.2	50.0	-7.5	74.6	-232.5	-1930.8	-868.9	16.6	
101.05	344.2	11.5	18.1	2.0	-47.6	50.1	-8.2	72.3	-235.0	-1904.4	-820.5	14.5	
101.10	344.9	11.8	17.7	2.0	-47.6	50.2	-9.3	72.3	-237.9	-1923.2	-763.2	13.1	
101.15	345.6	11.6	17.3	2.0	-47.8	50.3	-8.8	72.8	-239.2	-1966.0	-689.2	11.5	
101.20	346.2	11.5	15.9	2.0	-48.0	50.4	-7.6	72.8	-239.8	-2004.1	-618.1	6.7	
101.25	346.9	11.6	14.8	2.0	-48.2	50.5	-7.4	72.0	-241.2	-2037.2	-562.2	2.8	
101.30	347.5	11.6	14.4	2.0	-48.8	50.6	-7.6	70.9	-242.8	-2100.8	-522.0	0.5	
101.35	348.2	11.5	14.2	2.0	-49.6	50.7	-7.8	70.1	-243.0	-2167.7	-511.5	-1.0	
101.40	348.8	11.5	13.8	2.0	-50.0	50.8	-7.7	69.4	-242.4	-2199.1	-523.6	-2.7	
101.45	349.5	11.4	13.2	2.0	-49.9	50.9	-8.4	67.7	-242.9	-2192.0	-539.5	-4.6	
101.50	350.1	11.5	12.7	2.0	-49.3	51.0	-9.5	65.7	-245.2	-2145.2	-547.6	-5.8	
101.55	350.8	11.9	12.4	2.0	-48.4	51.1	-10.3	63.5	-247.1	-2073.4	-555.8	-5.7	
101.60	351.4	11.9	12.6	2.0	-46.9	51.2	-10.8	59.3	-247.1	-1959.8	-584.0	-3.7	
101.65	352.0	11.9	11.9	2.0	-44.9	51.3	-10.9	54.1	-247.2	-1807.9	-628.4	-4.0	
101.70	352.6	11.9	11.9	2.0	-43.2	51.4	-12.0	49.7	-248.1	-1645.5	-705.7	-2.2	
101.75	353.3	12.1	12.4	2.0	-41.9	51.5	-13.4	45.9	-248.6	-1508.2	-801.1	0.6	
101.80	353.9	12.2	13.2	2.0	-41.0	51.6	-14.5	42.0	-248.4	-1380.7	-900.6	4.3	
101.85	354.5	12.1	14.0	2.0	-40.3	51.7	-15.3	38.7	-248.1	-1262.5	-985.9	7.9	
101.90	355.1	12.0	15.2	2.0	-39.9	51.8	-16.3	35.2	-249.1	-1176.9	-1051.6	12.3	
101.95	355.7	12.2	15.8	2.0	-39.5	51.9	-17.8	31.9	-250.7	-1087.5	-1114.6	14.7	
102.00	356.3	12.3	16.3	2.0	-39.3	52.0	-20.7	29.1	-251.0	-964.6	-1206.7	16.7	
102.05	356.9	12.1	16.7	2.0	-39.2	52.1	-22.9	24.9	-250.9	-853.3	-1279.4	18.2	
102.10	357.5	12.0	16.6	2.0	-38.8	52.2	-24.2	21.3	-251.8	-748.6	-1311.8	18.1	
102.15	358.1	12.0	16.0	2.0	-38.0	52.3	-25.3	18.5	-252.6	-621.6	-1315.1	16.8	
102.20	358.7	12.1	14.6	2.0	-36.3	52.4	-24.3	13.3	-252.7	-475.3	-1252.7	13.7	
102.25	359.3	12.0	12.8	2.0	-34.0	52.5	-21.3	8.5	-253.3	-340.8	-1124.0	10.0	
102.30	359.9	11.9	11.9	2.0	-31.6	52.6	-18.3	6.7	-254.9	-246.3	-974.9	9.2	
102.35	0.5	12.1	11.0	2.0	-29.6	52.7	-15.4	5.3	-256.0	-191.6	-838.3	8.1	
102.40	1.1	12.1	9.9	2.0	-28.3	52.8	-14.0	2.3	-255.5	-133.7	-757.1	5.6	
102.45	1.6	12.1	9.0	2.0	-27.9	52.9	-14.9	-0.3	-255.1	-72.2	-731.1	3.0	
102.50	2.2	12.0	8.5	2.0	-27.5	53.0	-15.6	-1.8	-256.3	-44.3	-702.7	1.7	
102.55	2.8	12.1	7.6	2.0	-26.9	53.1	-15.1	-4.6	-257.5	-10.1	-658.9	-0.8	
102.60	3.4	12.2	6.5	2.0	-26.7	53.2	-14.5	-8.3	-256.9	60.0	-632.2	-4.3	
102.65	3.9	12.3	5.6	2.0	-26.5	53.3	-14.0	-11.0	-256.6	94.4	-610.9	-7.3	
102.70	4.5	12.2	5.5	2.0	-26.0	53.4	-13.2	-10.5	-258.0	60.4	-583.6	-7.0	
102.75	5.1	12.1	6.8	2.0	-26.0	53.5	-13.6	-7.9	-258.8	4.0	-589.4	-2.7	
102.80	5.6	12.1	7.3	2.0	-26.4	53.6	-13.7	-7.0	-257.0	-37.4	-620.9	-1.5	
102.85	6.2	12.0	7.7	2.0	-26.5	53.7	-12.4	-8.7	-255.4	-51.6	-624.7	-0.2	
102.90	6.7	11.5	7.4	2.0	-26.0	53.8	-10.4	-12.1	-255.9	-22.5	-588.5	-0.7	
102.95	7.3	11.1	6.1	2.0	-25.8	53.9	-8.7	-17.1	-256.2	74.0	-561.6	-4.9	
103.00	7.8	11.5	4.9	2.0	-26.6	54.0	-7.9	-24.0	-254.7	212.7	-569.4	-9.7	
103.05	8.4	11.4	5.0	2.0	-27.7	54.1	-7.9	-29.9	-254.1	324.5	-591.4	-10.6	
103.10	8.9	11.2	5.1	2.0	-28.5	54.2	-9.1	-32.3	-255.3	385.0	-619.3	-11.1	
103.15	9.5	11.1	4.7	2.0	-29.4	54.3	-10.7	-34.9	-255.8	450.6	-648.1	-13.1	
103.20	10.0	10.9	4.7	2.0	-30.2	54.4	-10.5	-38.4	-254.7	527.9	-649.9	-14.1	
103.25	10.6	10.7	4.9	2.0	-30.5	54.5	-8.6	-41.1	-254.2	589.1	-618.8	-13.7	
103.30	11.1	10.7	5.5	2.0	-30.9	54.6	-6.8	-43.6	-255.0	651.6	-582.5	-12.1	
103.35	11.6	10.7	5.6	2.0	-32.0	54.7	-6.8	-47.5	-254.9	737.2	-598.2	-12.7	
103.40	12.2	10.7	5.9	2.0	-33.6	54.8	-9.1	-50.3	-253.8	818.6	-679.6	-13.2	
103.45	12.7	10.6	7.2	2.0	-34.7	54.9	-12.7	-49.6	-253.7	833.0	-787.6	-10.1	
103.50	13.2	10.1	9.0	2.0	-35.5	55.0	-16.2	-48.4	-254.3	818.8	-887.5	-4.6	
103.55	13.7	9.9	9.8	2.0	-37.0	55.1	-19.3	-51.0	-253.8	879.1	-973.8	-3.4	
103.60	14.2	10.1	9.6	2.0	-38.7	55.2	-20.5	-55.8	-253.2	1007.1	-1002.3	-5.6	
103.65	14.7	10.1	9.4	2.0	-39.6	55.3	-19.1	-59.3	-254.0	1137.6	-950.7	-7.3	
103.70	15.2	10.0	10.0	2.0	-40.4	55.4	-16.5	-62.2	-254.5	1266.5	-877.7	-6.1	
103.75	15.8	9.7	10.3	2.0	-42.2	55.5	-15.3	-67.0	-252.5	1425.7	-861.2	-6.7	
103.80	16.3	9.5	10.4	2.0	-44.1	55.6	-15.1	-72.1	-250.7	1573.6	-861.5	-8.4	
103.85	16.8	9.5	11.3	2.0	-45.0	55.7	-14.9	-73.8	-250.9	1661.0	-838.5	-6.4	
103.90	17.2	9.5	11.6	2.0	-45.4	55.8	-13.6	-73.3	-250.7	1719.2	-785.7	-5.7	
103.95	17.7	9.2	11.2	2.0	-46.2	55.9	-11.2	-76.8	-249.0	1811.5	-710.5	-7.8	
104.00	18.2	9.1	10.4	2.0	-47.5	56.0	-9.1	-83.2	-248.0	1923.6	-622.7	-11.9	
104.05	18.7	9.2	9.4	2.0	-48.4	56.1	-7.5	-87.7	-248.7	2006.9	-531.5	-16.0	
104.10	19.2	9.2	9.1	2.0	-48.5	56.2	-5.1	-90.4	-248.6	2033.3	-437.4	-17.1	
104.15	19.7	9.1	8.6	2.0	-48.6	56.3	-3.0	-91.8	-246.1	2047.7	-373.9	-19.2	
104.20	20.2	8.9	7.6	2.0	-48.8	56.4	-2.9	-92.5	-243.8	2070.6	-341.7	-22.9	
104.25	20.7	8.9	7.0	2.0	-48.7	56.5	-2.6	-93.6	-243.4	2073.6	-277.3	-24.8	
104.30	21.2	8.9	6.8	2.0	-48.4	56.6	0.4	-94.5	-243.5	2061.6	-144.0	-24.9	
104.35	21.7	8.9	6.2	2.0	-48.9	56.7	4.8	-95.7	-241.7	2102.5	14.1	-27.8	
104.40	22.2	9.5	4.9	2.0	-50.4	56.8	8.6	-100.1	-240.2	2197.4	163.3	-33.7	
104.45	22.6	9.9	3.8	2.0	-51.9	56.9	10.4	-105.0	-241.2	2284.7	274.3	-38.9	
104.50	23.1	10.3	3.6	2.0	-52.9	57.0	10.0	-107.5	-242.1	2344.0	300.0	-40.5	
104.55	23.6	10.4	3.6	2.0	-53.6	57.1	8.8	-110.1	-239.9	2401.0	245.3	-41.3	
104.60	24.1	10.5	3.3	2.0	-54.5	57.2	6.9	-112.9	-237.2	2468.3	163.5	-43.2	
104.65	24.6	10.6	3.6	2.0	-55.2	57.3	4.7	-114.0	-237.8	2525.7	106.1	-42.9	
104.70	25.0	10.7	4.6	2.0	-55.8	57.4	4.1	-115.2	-239.1	2565.8	81.4	-40.1	
104.75	25.5	10.5	5.6	2.0	-56.5	57.5	5.9	-117.7	-237.4	2610.9	54.5	-37.3	
104.80	26.0	10.1	6.4	2.0	-57.1	57.6	6.7	-119.3	-234.4	2655.7	-10.0	-35.2	
104.85	26.5	9.8	7.4	2.0	-57.3	57.7	5.1	-119.3	-234.4	2668.8	-97.9	-32.0	
104.90	26.9	9.5	8.8	2.0	-57.5	57.8	1.5	-119.5	-235.4	2676.1	-229.7	-27.3	
104.95	27.4	9.3	9.6	2.0	-58.6	57.9	-2.9	-121.8	-233.6	2731.8	-417.0	-25.6	
105.00	27.8	9.2	10.1	2.0	-60.4	58.0	-6.9	-125.3	-230.5	2828.7	-608.5	-25.7	
105.05	28.3	9.6	10.6	2.0	-62.1	58.1	-9.9	-128.9	-230.2	2919.9	-729.8	-25.7	
105.10	28.8	9.8	11.0	2.0	-63.6	58.2	-11.5	-132.7	-231.6	3012.4	-781.3	-25.7	
105.15	29.2	9.8	11.1	2.0	-65.2	58.3	-11.3	-137.6	-230.4	3114.6	-803.9	-27.0	
105.20	29.7	9.8	11.2	2.0	-66.2	58.4	-9.1	-141.9	-227.7	3187.0	-796.1	-27.7	
105.25	30.1	9.8	11.6	2.0	-66.6	58.5	-7.2	-143.4	-226.5	3218.6	-764.9	-26.6	
105.30	30.6	9.7	12.0	2.0	-66.9	58.6	-6.3	-143.9	-226.4	3250.1	-729.7	-25.5	
105.35	31.0	9.4	11.5	2.0	-67.7	58.7	-5.9	-146.4	-224.9	3309.0	-705.3	-28.1	
105.40	31.5	9.3	11.3	2.0	-68.3	58.8	-5.7	-148.9	-222.8	3362.5	-678.8	-29.6	
105.45	31.9	9.5	11.0	2.0	-68.5	58.9	-5.9	-149.6	-222.4	3377.6	-635.5	-30.8	
105.50	32.4	9.5	10.7	2.0	-68.2	59.0	-5.7	-150.1	-222.6	3365.2	-571.6	-31.3	
105.55	32.8	9.5	9.8	2.0	-67.8	59.1	-5.5	-150.4	-221.5	3349.0	-511.6	-34.1	
105.60	33.2	9.7	8.4	2.0	-67.3	59.2	-4.7	-149.6	-219.9	3319.6	-440.5	-38.3	
105.65	33.7	10.0	7.5	2.0	-66.5	59.3	-3.0	-149.2	-219.0	3273.4	-343.9	-40.6	
105.70	34.1	10.1	7.2	2.0	-65.9	59.4	-0.7	-149.0	-218.2	3239.2	-236.9	-41.3	
105.75	34.6	10.3	6.5	2.0	-65.9	59.5	1.6	-149.1	-216.5	3244.5	-136.4	-43.4	
105.80	35.0	10.6	5.8	2.0	-66.3	59.6	4.3	-150.2	-215.0	3274.5	-21.9	-46.3	
105.85	35.4	10.3	5.4	2.0	-66.8	59.7	6.7	-151.2	-214.4	3308.6	91.1	-48.2	
105.90	35.9	10.0	5.4	2.0	-67.3	59.8	8.2	-151.9	-213.9	3341.5	176.4	-48.9	
105.95	36.3	9.7	5.1	2.0	-67.8	59.9	8.7	-153.8	-212.7	3376.3	221.0	-50.2	
106.00	36.8	9.7	4.8	2.0	-68.7	60.0	8.5	-156.4	-211.4	3432.1	231.4	-52.1	
106.05	37.2	9.8	4.6	2.0	-69.9	60.1	8.2	-159.3	-210.5	3517.0	227.4	-54.2	
106.10	37.6	10.1	4.7	2.0	-71.2	60.2	8.4	-163.1	-209.8	3607.6	220.5	-55.0	
106.15	38.1	10.4	4.8	2.0	-72.5	60.3	8.3	-166.4	-208.8	3695.8	197.0	-56.0	
106.20	38.5	10.3	4.9	2.0	-73.6	60.4	7.1	-168.9	-207.0	3778.9	126.8	-56.9	
106.25	38.9	10.0	5.8	2.0	-74.5	60.5	6.1	-172.2	-205.2	3839.9	43.5	-54.7	
106.30	39.3	10.0	6.7	2.0	-75.1	60.6	4.9	-173.7	-203.8	3881.4	-43.9	-52.1	
106.35	39.8	10.0	7.6	2.0	-75.9	60.7	2.8	-173.4	-202.5	3943.4	-146.0	-49.7	
106.40	40.2	10.0	8.7	2.0	-77.1	60.8	1.2	-175.1	-201.3	4024.8	-240.1	-47.1	
106.45	40.6	9.7	9.6	2.0	-78.6	60.9	-0.3	-179.0	-200.1	4121.1	-338.3	-45.6	
106.50	41.0	9.3	10.1	2.0	-80.3	61.0	-2.8	-182.1	-199.4	4230.1	-439.9	-45.5	
106.55	41.4	8.7	10.7	2.0	-81.9	61.1	-5.5	-185.0	-199.4	4334.0	-520.9	-45.1	
106.60	41.8	8.1	10.7	2.0	-83.3	61.2	-8.2	-188.0	-198.7	4427.2	-599.8	-46.4	
106.65	42.2	8.3	11.2	2.0	-84.7	61.3	-11.4	-189.1	-197.3	4514.2	-696.7	-46.3	
106.70	42.6	8.5	12.3	2.0	-85.4	61.4	-12.7	-189.5	-196.2	4559.2	-756.8	-43.1	
106.75	43.0	8.9	12.9	2.0	-85.6	61.5	-11.7	-190.7	-195.4	4575.7	-754.7	-41.3	
106.80	43.5	9.2	12.7	2.0	-86.1	61.6	-11.1	-191.4	-194.2	4615.2	-734.4	-42.5	
106.85	43.9	9.3	12.2	2.0	-86.7	61.7	-10.1	-193.1	-194.0	4660.8	-678.6	-44.6	
106.90	44.3	9.2	12.1	2.0	-86.8	61.8	-7.8	-195.4	-194.4	4676.5	-597.3	-45.4	
106.95	44.7	8.9	11.9	2.0	-86.8	61.9	-7.2	-195.5	-193.5	4683.2	-561.4	-45.8	
107.00	45.1	8.7	11.4	2.0	-86.6	62.0	-8.0	-194.4	-191.6	4672.4	-556.3	-47.4	
107.05	45.5	8.7	10.9	2.0	-86.0	62.1	-8.4	-194.8	-190.6	4627.6	-528.4	-48.6	
107.10	45.9	8.9	9.8	2.0	-85.4	62.2	-8.6	-194.9	-190.1	4584.0	-483.5	-51.6	
107.15	46.2	8.8	9.1	2.0	-84.9	62.3	-8.2	-193.6	-188.9	4557.4	-425.5	-53.8	
107.20	46.6	8.8	8.6	2.0	-84.4	62.4	-4.1	-194.0	-187.2	4527.5	-306.7	-54.9	
107.25	47.0	8.7	8.4	2.0	-83.9	62.5	0.9	-194.9	-185.8	4496.6	-158.9	-55.1	
107.30	47.4	8.8	7.4	2.0	-83.6	62.6	3.2	-194.8	-185.0	4476.8	-45.6	-58.2	
107.35	47.8	8.7	6.4	2.0	-83.4	62.7	4.7	-196.5	-183.9	4462.4	32.7	-61.4	
107.40	48.2	8.4	5.9	2.0	-83.4	62.8	6.1	-198.9	-181.6	4453.4	70.3	-63.0	
107.45	48.6	8.5	5.9	2.0	-83.3	62.9	6.5	-198.0	-178.8	4453.9	67.0	-63.2	
107.50	49.0	8.7	5.8	2.0	-83.4	63.0	7.0	-197.6	-176.8	4461.3	75.6	-63.4	
107.55	49.3	8.8	5.6	2.0	-83.7	63.1	8.2	-200.5	-175.8	4478.6	113.7	-64.5	
107.60	49.7	8.7	5.2	2.0	-84.2	63.2	8.2	-202.5	-174.7	4510.5	137.5	-66.5	
107.65	50.1	8.5	5.1	2.0	-84.6	63.3	8.8	-204.0	-173.3	4537.0	152.5	-67.3	
107.70	50.5	8.2	5.6	2.0	-84.7	63.4	10.7	-205.4	-171.8	4536.2	170.1	-65.4	
107.75	50.8	7.8	5.4	2.0	-84.6	63.5	9.5	-204.5	-170.0	4538.6	127.8	-66.1	
107.80	51.2	7.5	5.5	2.0	-84.8	63.6	5.9	-203.7	-168.3	4556.2	30.9	-66.0	
107.85	51.6	7.2	6.0	2.0	-85.0	63.7	3.0	-205.8	-167.3	4569.5	-63.6	-64.6	
107.90	51.9	7.3	6.2	2.0	-85.7	63.8	0.8	-208.0	-166.2	4608.9	-158.7	-64.4	
107.95	52.3	7.5	6.6	2.0	-86.7	63.9	-1.4	-208.5	-164.9	4684.8	-250.0	-64.1	
108.00	52.7	7.6	7.4	2.0	-87.9	64.0	-1.2	-210.5	-164.6	4765.5	-282.5	-62.5	
108.05	53.0	7.6	8.3	2.0	-89.2	64.1	-0.3	-214.3	-164.6	4854.3	-291.7	-60.8	
108.10	53.4	7.4	8.7	2.0	-90.7	64.2	-1.3	-217.1	-163.3	4956.3	-345.6	-60.7	
108.15	53.8	7.2	9.1	2.0	-91.8	64.3	-2.4	-218.8	-161.7	5034.4	-406.2	-60.5	
108.20	54.1	7.1	9.8	2.0	-92.7	64.4	-3.2	-220.0	-160.3	5090.8	-455.8	-59.2	
108.25	54.5	7.0	10.3	2.0	-94.0	64.5	-4.3	-221.5	-158.6	5182.7	-516.3	-58.5	
108.30	54.8	6.9	10.5	2.0	-95.8	64.6	-6.1	-224.5	-156.9	5307.7	-578.8	-59.8	
108.35	55.2	6.8	10.5	2.0	-97.0	64.7	-6.9	-227.6	-156.5	5390.3	-596.4	-61.2	
108.40	55.5	7.0	10.5	2.0	-97.7	64.8	-6.8	-229.0	-155.8	5437.9	-594.4	-61.7	
108.45	55.9	7.5	10.6	2.0	-98.3	64.9	-5.7	-230.2	-153.5	5483.8	-580.5	-62.0	
108.50	56.2	8.0	10.7	2.0	-98.7	65.0	-3.4	-231.7	-151.0	5513.3	-524.8	-61.9	
108.55	56.6	7.9	10.8	2.0	-98.6	65.1	-2.3	-230.9	-149.6	5518.4	-448.6	-61.6	
108.60	56.9	7.8	10.5	2.0	-98.4	65.2	-1.0	-229.8	-148.0	5510.8	-365.9	-62.2	
108.65	57.2	7.6	10.3	2.0	-98.4	65.3	1.8	-231.6	-145.0	5516.4	-273.6	-62.9	
108.70	57.6	7.8	9.8	2.0	-98.8	65.4	3.9	-233.0	-142.4	5546.2	-183.1	-65.2	
108.75	57.9	8.1	9.0	2.0	-99.2	65.5	5.0	-232.6	-141.5	5580.2	-80.2	-68.4	
108.80	58.3	8.4	8.7	2.0	-99.4	65.6	6.9	-233.4	-141.2	5595.9	42.3	-69.7	
108.85	58.6	8.2	8.3	2.0	-99.6	65.7	9.5	-235.3	-139.2	5603.8	150.7	-71.1	
108.90	58.9	8.0	7.1	2.0	-99.6	65.8	11.4	-235.9	-136.6	5604.8	243.6	-75.2	
108.95	59.3	7.8	6.2	2.0	-99.5	65.9	13.3	-235.8	-135.2	5588.0	350.1	-78.3	
109.00	59.6	8.1	5.9	2.0	-99.7	66.0	15.9	-237.7	-134.2	5591.0	458.7	-79.4	
109.05	60.0	8.4	5.4	2.0	-100.1	66.1	18.1	-239.4	-132.2	5613.0	530.9	-81.4	
109.10	60.3	8.8	5.0	2.0	-100.1	66.2	19.6	-239.1	-130.1	5607.5	570.8	-83.0	
109.15	60.6	8.8	4.7	2.0	-99.4	66.3	20.0	-237.7	-129.1	5562.7	589.4	-83.3	
109.20	61.0	8.8	4.7	2.0	-98.9	66.4	19.7	-237.5	-128.2	5525.5	575.7	-82.7	
109.25	61.3	8.7	4.5	2.0	-98.7	66.5	18.6	-238.1	-126.7	5517.4	528.9	-83.4	
109.30	61.6	8.9	4.5	2.0	-98.5	66.6	17.4	-237.6	-125.4	5503.9	484.0	-82.9	
109.35	62.0	9.2	5.0	2.0	-98.3	66.7	16.5	-237.4	-124.6	5493.6	438.8	-81.2	
109.40	62.3	9.6	5.0	2.0	-98.7	66.8	15.2	-239.6	-122.9	5525.1	359.3	-81.3	
109.45	62.6	9.2	4.9	2.0	-99.5	66.9	13.0	-242.9	-121.3	5587.6	250.3	-82.8	
109.50	62.9	9.2	5.4	2.0	-100.2	67.0	11.5	-245.2	-120.3	5639.3	160.9	-81.8	
109.55	63.3	9.5	6.1	2.0	-100.5	67.1	10.4	-245.2	-118.8	5663.9	69.2	-79.7	
109.60	63.6	9.5	6.9	2.0	-100.7	67.2	8.8	-244.1	-116.7	5679.5	-38.0	-76.9	
109.65	63.9	9.3	7.7	2.0	-101.0	67.3	7.5	-245.0	-114.7	5701.4	-142.0	-74.4	
109.70	64.2	9.1	8.6	2.0	-101.3	67.4	5.8	-246.4	-113.2	5720.8	-225.8	-71.8	
109.75	64.5	9.1	8.5	2.0	-101.6	67.5	3.6	-246.6	-111.9	5741.4	-297.0	-72.3	
109.80	64.8	9.0	8.7	2.0	-102.2	67.6	1.7	-248.0	-110.0	5782.1	-367.3	-72.5	
109.85	65.2	8.9	8.9	2.0	-103.0	67.7	0.6	-250.6	-107.7	5826.5	-437.0	-72.3	
109.90	65.5	8.8	9.3	2.0	-103.4	67.8	-1.6	-251.4	-106.0	5850.4	-505.3	-71.4	
109.95	65.8	9.0	9.5	2.0	-103.3	67.9	-3.2	-250.3	-104.7	5842.5	-542.3	-70.8	
