Time[s]	Rotor azimuth angle[deg]	Hub wind speed magnitude[m/s]	ACTTORQUE1[Nm]	PITRAT1[deg/s]	PITFRIC1[kNm]	PITCH1[deg]	Blade root 1 Fx[KN]	Blade root 1 Fy[KN]	Blade root 1 Fz[KN]	Blade root 1 Mx[kNm]	Blade root 1 My[kNm]	Blade root 1 Mz[kNm]	
END_OF_HEADER
50.00	118.7	11.6	-101.3	-2.5	246.7	2.7	311.7	-297.2	789.7	8260.4	13323.3	-76.5	
50.05	121.3	11.8	-95.5	-2.6	246.3	2.6	313.9	-289.2	798.9	7970.0	13469.5	-72.6	
50.10	124.0	11.8	-92.0	-2.6	244.8	2.4	311.5	-278.6	806.2	7634.8	13549.0	-69.1	
50.15	126.6	11.8	-91.2	-2.7	241.2	2.3	305.4	-262.4	815.4	7206.7	13516.9	-60.7	
50.20	129.3	11.8	-86.7	-2.7	237.6	2.2	301.2	-244.7	828.7	6813.3	13449.2	-51.7	
50.25	131.9	11.7	-79.6	-2.6	235.8	2.0	299.2	-239.5	841.9	6635.2	13393.5	-48.1	
50.30	134.6	11.6	-76.7	-2.5	234.4	1.9	296.8	-241.7	851.3	6524.8	13326.1	-45.4	
50.35	137.3	11.6	-80.2	-2.5	232.8	1.8	296.2	-232.6	859.4	6352.2	13286.8	-42.6	
50.40	139.9	11.6	-84.4	-2.7	231.1	1.6	295.0	-218.9	867.7	6118.3	13277.3	-38.3	
50.45	142.6	11.6	-85.5	-2.9	230.8	1.5	295.2	-213.0	872.8	5900.8	13359.4	-35.8	
50.50	145.2	11.8	-81.2	-3.0	232.3	1.4	301.5	-204.1	877.7	5694.7	13562.9	-36.3	
50.55	147.9	12.1	-71.1	-2.8	232.4	1.2	306.8	-187.9	885.6	5390.2	13705.8	-30.4	
50.60	150.5	12.2	-65.2	-2.6	231.4	1.1	307.7	-174.3	892.6	5059.1	13762.2	-19.5	
50.65	153.1	12.1	-71.1	-2.5	233.0	1.0	314.1	-163.5	897.3	4951.3	13922.6	-21.3	
50.70	155.8	12.0	-78.9	-2.6	236.1	0.8	325.2	-157.0	902.7	4982.6	14136.6	-29.2	
50.75	158.4	12.1	-82.3	-2.7	236.6	0.7	330.2	-150.5	909.3	4861.7	14207.3	-28.0	
50.80	161.1	12.2	-81.3	-2.9	235.1	0.6	327.8	-138.6	913.7	4651.3	14172.2	-21.6	
50.85	163.7	12.3	-72.9	-2.9	233.6	0.4	320.5	-129.3	911.0	4433.0	14158.8	-8.4	
50.90	166.4	11.9	-68.8	-3.0	232.7	0.3	315.3	-119.5	906.9	4091.5	14219.1	5.9	
50.95	169.0	11.8	-52.2	-2.7	233.5	0.1	320.4	-97.9	911.6	3675.9	14398.1	19.6	
51.00	171.6	12.1	-38.1	-2.1	236.4	-0.0	332.1	-79.4	918.1	3296.6	14690.1	22.9	
51.05	174.3	12.4	-46.5	-1.6	239.7	-0.1	340.8	-73.7	916.4	3007.0	14992.1	17.0	
51.10	176.9	12.7	-51.8	-1.2	241.6	-0.2	344.7	-64.0	913.3	2788.9	15174.7	15.2	
51.15	179.5	12.8	-51.9	-0.9	240.5	-0.2	342.1	-48.7	915.1	2521.6	15147.4	22.8	
51.20	182.1	12.6	-52.0	-0.7	238.6	-0.3	336.6	-34.3	916.5	2211.0	15071.7	30.6	
51.25	184.8	12.4	-54.2	-0.5	240.1	-0.3	338.8	-22.6	909.7	1913.9	15229.4	32.0	
51.30	187.4	12.2	-56.7	-0.4	243.2	-0.3	346.3	-12.2	902.1	1501.1	15496.9	32.1	
51.35	190.0	12.0	-57.6	-0.3	245.8	-0.3	355.6	7.5	902.7	945.7	15710.0	36.0	
51.40	192.6	11.8	-58.8	-0.2	247.8	-0.3	363.1	32.6	904.8	409.4	15854.4	36.8	
51.45	195.2	11.6	-58.5	-0.2	248.2	-0.3	362.6	47.8	898.9	-18.3	15891.4	40.6	
51.50	197.9	11.4	-55.0	-0.1	246.8	-0.4	356.4	55.3	892.3	-401.9	15804.8	53.1	
51.55	200.5	11.2	-51.8	-0.1	246.5	-0.4	355.4	70.9	893.2	-817.0	15756.6	64.9	
51.60	203.1	11.3	-52.1	-0.1	248.6	-0.4	360.6	87.3	893.5	-1204.9	15867.0	67.0	
51.65	205.7	11.2	-53.3	-0.0	252.2	-0.4	366.4	94.6	885.2	-1476.0	16100.1	67.2	
51.70	208.4	11.3	-54.9	-0.0	255.8	-0.4	372.6	105.0	876.4	-1698.9	16335.3	65.7	
51.75	211.0	11.6	-53.2	-0.0	256.6	-0.4	372.5	121.9	873.9	-2037.5	16349.2	72.9	
51.80	213.6	11.7	-48.9	-0.0	254.4	-0.4	363.8	133.5	871.9	-2359.6	16145.4	85.7	
51.85	216.2	11.7	-45.5	-0.0	251.7	-0.4	353.8	141.6	863.5	-2543.7	15937.5	94.8	
51.90	218.9	11.4	-42.6	-0.0	250.5	-0.4	347.0	150.8	853.1	-2752.8	15825.9	103.9	
51.95	221.5	11.6	-41.6	-0.0	252.0	-0.4	348.5	167.6	848.3	-3019.7	15873.3	108.7	
52.00	224.1	11.8	-44.4	-0.0	256.0	-0.4	358.8	184.8	844.5	-3192.2	16098.8	103.3	
52.05	226.7	11.6	-45.4	-0.0	259.6	-0.4	367.4	184.0	833.7	-3256.7	16354.9	103.4	
52.10	229.4	11.4	-45.3	-0.0	261.3	-0.4	370.9	177.3	820.8	-3236.8	16495.4	105.7	
52.15	232.0	11.5	-44.8	-0.0	261.2	-0.4	369.9	185.8	813.1	-3227.9	16494.1	107.2	
52.20	234.6	11.8	-41.9	-0.0	260.2	-0.4	362.2	195.8	804.7	-3348.1	16400.3	116.4	
52.25	237.3	12.0	-40.1	-0.0	260.5	-0.4	357.8	200.3	791.7	-3475.7	16413.5	122.6	
52.30	239.9	11.9	-41.8	-0.0	263.6	-0.4	365.1	203.3	779.4	-3577.9	16618.7	120.0	
52.35	242.6	11.4	-43.6	-0.0	268.0	-0.4	376.8	206.9	771.7	-3801.5	16879.0	118.2	
52.40	245.2	11.5	-45.2	-0.0	273.0	-0.4	386.7	221.8	764.3	-4054.5	17166.3	117.8	
52.45	247.9	11.5	-44.5	-0.0	276.7	-0.4	389.0	233.3	750.9	-4186.2	17408.7	124.0	
52.50	250.5	11.4	-41.2	-0.0	277.6	-0.4	383.4	229.0	735.9	-4214.5	17509.2	136.2	
52.55	253.2	11.4	-38.1	-0.0	277.6	-0.4	381.1	225.9	727.0	-4168.3	17537.4	146.9	
52.60	255.8	11.5	-36.7	-0.0	278.6	-0.4	383.7	230.6	719.5	-4214.2	17600.4	152.6	
52.65	258.5	11.7	-36.0	-0.0	282.0	-0.4	387.4	234.5	705.6	-4377.2	17817.1	158.4	
52.70	261.1	11.9	-40.8	-0.0	288.2	-0.4	399.7	241.1	690.5	-4508.8	18241.9	148.3	
52.75	263.8	11.8	-46.2	-0.0	295.1	-0.4	419.1	250.5	681.1	-4704.8	18670.3	136.5	
52.80	266.5	11.7	-47.9	-0.0	299.1	-0.4	432.1	258.1	675.2	-5054.9	18852.3	134.6	
52.85	269.2	11.7	-46.9	-0.0	299.7	-0.4	433.1	261.3	666.6	-5249.5	18848.7	138.6	
52.90	271.8	11.5	-42.8	-0.0	297.2	-0.4	421.1	256.3	652.7	-5232.8	18704.8	150.3	
52.95	274.5	11.4	-36.2	-0.0	292.4	-0.4	400.4	255.3	640.4	-5205.0	18394.9	168.1	
53.00	277.2	11.3	-30.3	-0.0	287.7	-0.4	384.3	259.2	631.5	-5158.1	18083.0	183.8	
53.05	279.9	11.3	-28.4	-0.0	285.0	-0.4	377.0	253.5	620.0	-5060.1	17934.6	187.4	
53.10	282.6	11.4	-31.5	-0.0	284.9	-0.4	379.6	239.6	606.1	-4920.5	17993.0	176.7	
53.15	285.3	11.5	-36.7	-0.0	286.5	-0.4	390.1	238.6	596.1	-4866.5	18121.6	160.6	
53.20	288.0	11.7	-37.1	-0.0	286.9	-0.4	395.3	248.2	590.0	-4970.1	18098.6	159.5	
53.25	290.7	11.8	-34.3	-0.0	284.5	-0.4	388.6	248.8	581.5	-5001.3	17922.6	166.7	
53.30	293.4	11.8	-33.7	-0.0	281.4	-0.4	380.6	240.6	569.6	-4817.7	17776.3	165.9	
53.35	296.1	12.2	-34.2	-0.0	279.1	-0.4	377.3	230.0	559.3	-4582.7	17691.0	161.8	
53.40	298.8	12.4	-32.1	-0.0	277.8	-0.4	375.3	220.3	550.9	-4362.9	17668.1	167.5	
53.45	301.5	12.7	-30.7	-0.0	277.9	-0.4	374.2	208.8	539.3	-3994.2	17796.2	172.7	
53.50	304.2	13.2	-32.5	-0.0	279.7	-0.4	376.8	193.9	524.7	-3513.8	18060.4	168.3	
53.55	306.9	13.0	-37.3	-0.0	282.7	-0.4	387.9	182.8	515.0	-3120.7	18358.5	154.7	
53.60	309.6	12.6	-42.3	-0.0	286.0	-0.4	403.4	176.3	512.8	-2842.9	18624.5	140.9	
53.65	312.4	12.1	-45.1	-0.0	288.8	-0.4	412.3	163.8	508.3	-2597.2	18862.9	134.0	
53.70	315.1	12.3	-46.3	-0.0	290.8	-0.4	411.7	148.9	494.9	-2337.3	19080.0	132.0	
53.75	317.8	12.2	-48.2	-0.0	292.7	-0.4	410.8	149.3	481.8	-2109.6	19258.5	127.2	
53.80	320.5	12.1	-48.3	-0.0	293.5	-0.4	411.6	148.3	476.5	-1904.2	19346.8	127.8	
53.85	323.3	12.3	-48.3	-0.0	293.9	-0.4	411.2	128.9	471.9	-1605.7	19424.8	128.2	
53.90	326.0	12.1	-49.0	-0.0	294.7	-0.4	410.3	107.9	462.3	-1235.1	19544.8	126.5	
53.95	328.8	11.7	-47.9	-0.0	294.2	-0.4	405.5	98.8	453.4	-988.6	19548.8	129.6	
54.00	331.5	11.4	-43.8	-0.0	292.2	-0.4	397.5	93.4	450.6	-825.3	19431.3	141.9	
54.05	334.3	11.4	-41.9	-0.0	291.8	-0.4	394.9	82.4	449.7	-576.3	19427.1	147.9	
54.10	337.0	11.3	-44.7	-0.0	294.7	-0.4	401.8	68.5	445.7	-362.3	19638.6	141.3	
54.15	339.8	11.2	-48.3	-0.0	298.4	-0.4	410.7	60.2	439.6	-338.6	19906.3	132.6	
54.20	342.6	10.9	-50.7	-0.0	300.8	-0.4	416.6	55.2	434.8	-297.5	20076.1	126.7	
54.25	345.3	11.0	-52.4	-0.0	300.9	-0.4	418.7	47.2	434.9	-88.0	20080.1	120.8	
54.30	348.1	11.2	-52.0	-0.0	299.0	-0.4	417.3	35.6	437.9	150.9	19942.9	120.6	
54.35	350.9	11.2	-50.4	-0.0	297.0	-0.4	414.9	23.7	440.0	342.9	19796.0	123.9	
54.40	353.7	11.3	-50.4	-0.0	295.5	-0.4	412.6	9.6	440.6	636.4	19684.6	122.6	
54.45	356.4	11.4	-51.0	-0.0	293.1	-0.4	407.3	-12.3	442.6	1086.4	19493.1	118.1	
54.50	359.2	11.4	-54.1	-0.0	291.5	-0.4	406.0	-32.9	447.1	1555.6	19337.8	105.7	
54.55	2.0	11.5	-58.9	-0.0	291.6	-0.4	409.0	-42.3	451.7	1925.5	19298.3	89.6	
54.60	4.8	11.4	-62.1	-0.0	292.5	-0.4	410.2	-52.1	451.7	2204.5	19331.3	79.3	
54.65	7.6	11.2	-65.1	-0.0	293.7	-0.4	411.0	-66.7	453.2	2531.6	19370.1	70.2	
54.70	10.4	11.2	-69.1	-0.0	294.5	-0.4	413.4	-82.8	463.2	2977.1	19343.7	57.4	
54.75	13.2	11.3	-70.5	-0.0	294.5	-0.4	411.5	-99.4	473.2	3389.8	19262.9	52.3	
54.80	16.0	11.6	-70.6	-0.0	294.8	-0.4	404.4	-113.6	475.1	3770.9	19224.8	52.3	
54.85	18.8	12.0	-74.2	-0.0	297.5	-0.4	402.2	-125.6	474.9	4215.0	19341.3	42.8	
54.90	21.7	12.2	-79.2	-0.0	301.3	-0.4	405.1	-146.4	480.4	4658.9	19499.8	29.3	
54.95	24.5	12.1	-83.5	-0.0	304.2	-0.4	409.5	-160.0	490.8	4982.3	19612.7	17.5	
55.00	27.3	11.7	-84.0	-0.0	304.4	-0.4	405.4	-167.5	497.9	5191.6	19573.5	16.0	
55.05	30.2	11.4	-82.4	-0.0	303.4	-0.4	398.2	-182.2	501.9	5368.6	19443.5	20.6	
55.10	33.0	11.2	-84.8	-0.0	304.1	-0.4	400.6	-195.1	513.9	5661.1	19379.1	13.1	
55.15	35.9	11.0	-88.6	-0.0	305.9	-0.4	407.6	-203.9	530.2	5956.8	19388.1	1.7	
55.20	38.7	10.9	-90.5	-0.0	307.8	-0.4	409.3	-218.1	537.2	6119.8	19456.8	-2.8	
55.25	41.6	10.9	-93.7	-0.0	311.0	-0.4	413.4	-226.2	540.7	6290.5	19632.7	-10.8	
55.30	44.5	11.0	-98.8	-0.0	313.0	-0.4	417.1	-229.7	552.1	6502.9	19699.9	-26.2	
55.35	47.3	11.0	-99.8	-0.0	311.8	-0.4	415.0	-237.1	567.8	6651.2	19537.2	-30.8	
55.40	50.2	11.1	-99.3	-0.0	310.8	-0.4	413.5	-244.3	580.6	6766.5	19401.0	-30.2	
55.45	53.1	11.4	-101.0	-0.0	312.0	-0.4	416.1	-253.8	591.0	6932.1	19409.0	-34.5	
55.50	55.9	11.4	-104.5	-0.0	313.8	-0.4	422.8	-264.5	603.9	7047.1	19463.6	-45.0	
55.55	58.8	11.2	-107.5	-0.0	314.4	-0.4	431.8	-264.8	622.8	7147.5	19439.0	-54.6	
55.60	61.7	11.0	-108.0	-0.0	313.3	-0.4	435.0	-265.9	640.5	7258.2	19280.4	-57.4	
55.65	64.6	11.0	-106.5	-0.0	310.7	-0.4	427.3	-279.3	651.1	7329.6	19034.7	-55.0	
55.70	67.4	11.1	-106.8	-0.0	308.6	-0.4	418.2	-284.4	663.0	7392.9	18838.8	-58.1	
55.75	70.3	11.4	-106.3	-0.0	305.7	-0.4	409.3	-279.6	679.6	7438.3	18607.6	-59.2	
55.80	73.2	11.5	-102.5	-0.0	301.3	-0.4	396.6	-286.6	695.8	7527.3	18218.5	-50.6	
55.85	76.1	11.4	-103.3	-0.0	299.5	-0.4	392.7	-297.6	713.7	7800.0	17925.1	-55.1	
55.90	79.0	11.5	-105.1	-0.0	298.4	-0.4	391.3	-303.2	732.6	7993.5	17722.6	-62.4	
55.95	81.9	11.5	-104.2	-0.0	296.9	-0.4	387.8	-306.1	747.6	8027.5	17579.2	-60.8	
56.00	84.8	11.5	-106.3	-0.0	298.2	-0.4	390.6	-304.9	760.7	8094.6	17633.8	-66.6	
56.05	87.7	11.5	-108.7	-0.0	300.2	-0.4	396.6	-309.3	775.3	8187.1	17727.1	-73.0	
56.10	90.6	11.6	-109.7	-0.0	300.7	-0.4	400.9	-317.0	792.2	8213.1	17710.3	-76.0	
56.15	93.6	11.7	-106.7	-0.0	298.4	-0.4	396.1	-311.0	810.9	8172.7	17546.1	-67.9	
56.20	96.5	11.6	-102.9	-0.0	295.5	-0.4	382.5	-304.2	826.3	8120.2	17362.7	-57.7	
56.25	99.4	11.5	-98.4	-0.0	293.8	-0.4	368.6	-304.7	837.6	8081.5	17263.6	-44.0	
56.30	102.3	11.3	-98.2	-0.0	294.3	-0.4	367.2	-300.7	854.2	8125.6	17281.6	-42.8	
56.35	105.3	11.6	-99.4	-0.0	295.9	-0.4	374.7	-297.0	873.9	8099.7	17404.0	-45.5	
56.40	108.2	11.7	-101.8	-0.0	299.6	-0.4	385.5	-302.0	890.0	8070.0	17675.7	-49.7	
56.45	111.2	11.7	-105.3	-0.0	305.2	-0.4	397.8	-300.2	901.6	8014.0	18129.0	-56.1	
56.50	114.1	11.5	-107.4	-0.0	309.8	-0.4	410.0	-284.9	912.8	7786.5	18589.4	-58.8	
56.55	117.1	11.4	-108.4	-0.0	313.1	-0.4	425.1	-269.4	927.9	7437.0	18975.1	-58.9	
56.60	120.0	11.1	-109.4	-0.0	317.0	-0.4	441.6	-263.5	946.4	7188.0	19341.8	-58.6	
56.65	123.0	10.7	-110.9	-0.0	321.6	-0.4	454.6	-260.9	961.0	6993.9	19734.9	-59.0	
56.70	125.9	10.4	-109.8	-0.0	324.0	-0.4	460.8	-249.5	971.3	6675.3	20028.2	-52.8	
56.75	128.9	10.2	-106.0	-0.0	323.6	-0.4	461.5	-226.6	984.8	6266.0	20153.6	-40.2	
56.80	131.9	10.0	-101.5	-0.0	321.6	-0.4	457.6	-213.0	1000.1	5881.6	20127.9	-26.8	
56.85	134.9	10.0	-98.8	-0.0	319.4	-0.4	453.3	-213.7	1012.4	5578.1	20038.4	-19.6	
56.90	137.8	10.3	-95.9	-0.0	315.5	-0.4	447.8	-205.1	1025.2	5305.7	19825.0	-13.8	
56.95	140.8	10.5	-89.4	-0.0	307.2	-0.4	431.7	-184.7	1039.0	4894.0	19342.5	0.3	
57.00	143.8	10.6	-81.5	-0.0	297.1	-0.4	409.8	-166.6	1051.2	4473.4	18728.9	17.3	
57.05	146.8	10.6	-78.9	-0.0	290.1	-0.4	397.4	-154.5	1062.9	4245.3	18275.4	19.2	
57.10	149.8	10.6	-77.7	-0.0	284.4	-0.4	390.8	-151.1	1075.0	4041.8	17896.4	17.8	
57.15	152.8	10.6	-75.5	-0.0	279.3	-0.4	387.6	-136.1	1087.5	3722.3	17585.1	20.0	
57.20	155.8	10.5	-75.8	-0.0	276.4	-0.4	388.5	-111.6	1099.4	3458.7	17425.4	16.2	
57.25	158.8	10.5	-74.7	-0.0	274.3	-0.4	385.9	-100.4	1106.7	3205.4	17316.2	17.8	
57.30	161.9	10.6	-73.7	-0.0	273.7	-0.4	387.2	-89.1	1114.8	2920.2	17322.5	20.6	
57.35	164.9	10.6	-72.7	-0.0	274.8	-0.4	392.9	-77.2	1124.2	2633.9	17437.0	25.1	
57.40	168.0	10.6	-72.1	-0.0	276.3	-0.4	397.5	-71.0	1128.9	2425.4	17570.3	28.7	
57.45	171.0	10.6	-74.2	-0.0	278.1	-0.4	403.7	-62.2	1132.8	2364.8	17696.1	23.4	
57.50	174.0	10.5	-74.7	-0.0	278.9	-0.4	408.0	-48.7	1137.8	2207.2	17766.4	22.6	
57.55	177.1	10.1	-73.6	-0.0	279.0	-0.4	409.0	-35.9	1140.2	1869.7	17807.2	26.4	
57.60	180.2	10.1	-73.3	-0.0	278.8	-0.4	409.0	-23.1	1137.8	1524.3	17835.2	27.1	
57.65	183.2	10.2	-71.7	-0.0	277.1	-0.4	405.0	-5.9	1134.1	1100.4	17749.5	30.9	
57.70	186.3	10.2	-66.3	-0.0	273.1	-0.4	395.3	16.1	1134.2	559.4	17504.0	45.6	
57.75	189.3	10.3	-62.0	-0.0	269.6	-0.4	387.0	42.3	1136.0	16.5	17265.6	56.7	
57.80	192.4	10.4	-59.0	-0.0	268.4	-0.4	384.1	57.0	1134.1	-480.4	17167.3	65.7	
57.85	195.5	10.5	-59.0	-0.0	269.5	-0.4	389.1	61.3	1132.0	-839.6	17223.0	67.1	
57.90	198.6	10.5	-60.4	-0.0	272.0	-0.4	397.9	74.0	1132.1	-1162.6	17360.2	64.5	
57.95	201.6	10.7	-58.8	-0.0	274.5	-0.4	402.6	96.5	1130.0	-1613.8	17495.0	72.8	
58.00	204.7	11.1	-54.0	-0.0	275.5	-0.4	399.2	112.3	1125.1	-2085.7	17522.3	90.1	
58.05	207.8	11.0	-50.4	-0.0	277.3	-0.4	398.3	124.3	1119.5	-2530.9	17592.1	104.3	
58.10	210.9	11.0	-50.1	-0.0	281.5	-0.4	404.8	143.2	1114.8	-3018.1	17811.6	109.5	
58.15	214.0	10.9	-51.3	-0.0	286.2	-0.4	412.8	161.7	1111.4	-3423.0	18058.3	110.1	
58.20	217.0	10.5	-52.5	-0.0	289.4	-0.4	420.1	174.2	1108.0	-3633.8	18234.4	109.2	
58.25	220.1	10.6	-51.7	-0.0	290.1	-0.4	422.3	180.3	1103.2	-3715.9	18264.0	112.5	
58.30	223.2	10.8	-49.9	-0.0	289.7	-0.4	420.6	184.6	1097.8	-3778.6	18224.3	118.3	
58.35	226.3	10.9	-48.2	-0.0	290.6	-0.4	417.7	195.0	1089.6	-3892.6	18268.6	125.2	
58.40	229.5	11.0	-46.9	-0.0	293.8	-0.4	417.7	211.3	1078.7	-4054.2	18469.5	132.9	
58.45	232.6	11.1	-46.4	-0.0	298.5	-0.4	424.3	215.3	1068.6	-4185.4	18791.1	139.4	
58.50	235.7	11.4	-47.2	-0.0	304.9	-0.4	437.6	219.1	1059.4	-4344.9	19218.8	143.0	
58.55	238.8	11.4	-48.2	-0.0	311.6	-0.4	450.3	234.5	1052.3	-4612.1	19624.7	146.1	
58.60	242.0	11.4	-46.6	-0.0	315.8	-0.4	453.1	247.3	1044.8	-4908.8	19862.8	155.9	
58.65	245.1	11.5	-42.9	-0.0	317.2	-0.4	448.4	250.5	1035.0	-5033.3	19954.7	169.9	
58.70	248.4	11.5	-32.1	-0.0	322.5	-0.4	435.5	281.0	1026.5	-6296.7	20009.4	212.2	
58.75	251.6	11.5	-27.0	-0.0	323.0	-0.4	429.1	257.7	1019.6	-6386.7	20078.2	230.2	
58.80	254.7	11.4	-37.0	-0.0	333.4	-0.4	471.5	304.9	1005.7	-6281.9	20759.0	206.4	
58.85	258.0	11.5	189.9	0.5	-329.3	-0.4	432.9	271.8	1000.1	-6624.2	20484.1	257.8	
58.90	261.2	11.4	184.1	0.9	-331.7	-0.3	440.2	285.9	992.9	-6613.5	20648.5	252.0	
58.95	264.3	11.4	171.7	1.2	-342.8	-0.3	499.1	312.0	980.8	-6625.9	21337.0	210.6	
59.00	267.6	11.9	173.0	1.4	-342.8	-0.2	485.0	257.9	973.0	-7050.6	21328.7	224.2	
59.05	270.8	12.2	166.2	1.5	-344.3	-0.1	483.2	273.5	960.7	-7015.1	21450.0	206.3	
59.10	274.0	12.3	160.2	1.7	-344.6	-0.1	496.7	327.3	944.6	-6889.7	21404.9	190.3	
59.15	277.2	12.3	169.5	1.7	-332.2	0.0	447.0	307.8	942.3	-6940.7	20561.1	238.7	
59.20	280.5	12.1	165.4	1.8	-326.3	0.1	431.0	309.6	940.3	-6562.1	20257.8	233.0	
59.25	283.7	11.8	156.0	1.9	-328.2	0.2	456.2	310.2	923.8	-6324.8	20428.6	201.1	
59.30	287.0	11.5	159.3	1.9	-324.1	0.3	436.0	274.1	911.4	-6459.1	20187.7	218.3	
59.35	290.3	11.4	157.9	1.9	-323.3	0.4	431.2	291.8	905.9	-6282.0	20166.0	215.3	
59.40	293.5	11.3	154.0	1.9	-326.1	0.5	455.3	305.2	893.5	-6157.5	20349.8	200.2	
59.45	296.9	11.3	156.8	2.0	-324.3	0.6	447.6	264.3	886.4	-6185.2	20296.3	211.9	
59.50	300.2	11.3	152.5	2.0	-325.1	0.7	449.5	252.3	883.9	-5915.8	20455.2	196.8	
59.55	303.6	11.1	149.4	2.0	-325.9	0.8	462.3	245.8	872.9	-5749.5	20543.1	185.8	
59.60	306.9	10.8	153.8	2.0	-319.5	0.9	440.0	218.5	864.8	-5509.0	20217.2	207.6	
59.65	310.3	10.4	150.7	2.0	-314.7	1.0	425.8	219.7	860.1	-4830.0	20052.1	202.0	
59.70	313.6	10.3	144.2	2.0	-312.8	1.1	435.2	215.2	849.7	-4450.9	19986.5	181.8	
59.75	317.0	10.4	140.8	2.0	-309.3	1.2	433.9	184.2	845.0	-4234.2	19807.7	173.8	
59.80	320.3	10.7	133.1	2.0	-308.6	1.3	438.4	179.8	846.2	-3712.2	19847.5	148.2	
59.85	323.7	10.8	127.5	2.0	-308.1	1.4	445.5	180.7	839.0	-3425.4	19847.7	129.3	
59.90	327.1	10.9	128.4	2.0	-304.0	1.5	433.5	175.2	834.5	-3292.3	19596.2	136.5	
59.95	330.5	10.9	124.2	2.0	-301.2	1.6	429.5	175.3	842.0	-2837.9	19454.5	125.1	
60.00	333.9	11.1	117.3	2.0	-299.3	1.7	434.6	146.3	843.5	-2485.0	19375.0	103.4	
60.05	337.4	11.2	116.3	2.0	-295.6	1.8	425.9	110.7	839.2	-2236.1	19183.3	103.7	
60.10	340.8	11.2	117.2	2.0	-293.2	1.9	417.1	102.7	837.6	-1818.9	19079.0	109.0	
60.15	344.3	11.1	115.7	2.0	-292.4	2.0	416.6	83.7	834.1	-1465.5	19058.4	104.8	
60.20	347.7	11.1	112.9	2.0	-293.5	2.1	422.2	53.5	833.3	-1066.7	19168.2	94.1	
60.25	351.2	11.2	110.8	2.0	-296.9	2.2	432.8	39.6	835.3	-755.3	19413.5	83.4	
60.30	354.6	11.1	109.1	2.0	-297.6	2.3	434.7	24.5	832.4	-776.4	19467.6	76.9	
60.35	358.1	11.0	105.7	2.0	-294.9	2.4	429.2	18.3	832.9	-543.8	19289.0	68.0	
60.40	1.5	11.1	102.3	2.0	-290.3	2.5	422.1	21.2	840.4	50.2	18964.2	61.0	
60.45	5.0	11.0	100.9	2.0	-283.2	2.6	406.4	3.5	850.6	481.3	18457.4	63.2	
60.50	8.4	11.0	97.5	2.0	-278.9	2.7	397.1	-14.5	862.7	859.5	18133.8	55.9	
60.55	11.9	11.2	93.7	2.0	-279.2	2.8	400.1	-29.6	872.6	1328.1	18108.8	42.5	
60.60	15.4	11.5	90.2	2.0	-278.5	2.9	397.1	-63.9	881.1	1835.8	18000.1	31.0	
60.65	18.9	11.4	88.2	2.0	-275.9	3.0	388.8	-83.9	897.6	2380.3	17739.7	26.9	
60.70	22.5	11.2	88.0	2.0	-274.7	3.1	386.6	-91.4	914.1	2860.2	17565.0	27.4	
60.75	26.1	11.0	87.2	2.0	-274.6	3.2	378.4	-117.9	922.2	3149.7	17501.4	24.8	
60.80	29.6	10.8	82.6	2.0	-276.8	3.3	374.8	-142.0	930.3	3476.3	17589.3	6.7	
60.85	33.2	10.8	78.6	2.0	-279.8	3.4	384.2	-153.8	942.6	3869.4	17695.6	-9.9	
60.90	36.8	10.9	72.6	2.0	-280.2	3.5	388.1	-174.9	958.4	4335.1	17569.4	-30.8	
60.95	40.3	10.9	65.5	2.0	-278.7	3.6	383.2	-187.9	978.3	5028.9	17245.7	-53.9	
61.00	43.9	11.1	61.3	2.0	-276.5	3.7	379.2	-200.0	992.4	5616.1	16868.7	-65.9	
61.05	47.5	11.3	59.0	2.0	-271.9	3.8	366.7	-224.6	1000.9	5959.3	16367.2	-69.4	
61.10	51.0	11.5	54.6	2.0	-267.6	3.9	354.1	-228.1	1019.6	6313.5	15897.4	-80.3	
61.15	54.6	11.4	51.7	2.0	-264.4	4.0	348.8	-219.6	1034.3	6501.6	15581.5	-86.9	
61.20	58.2	11.2	49.8	2.0	-261.8	4.1	342.2	-223.9	1045.3	6571.1	15338.3	-90.9	
61.25	61.8	11.1	46.6	2.0	-259.5	4.2	335.0	-229.9	1069.6	6727.2	15068.8	-99.5	
61.30	65.5	11.2	44.5	2.0	-256.3	4.3	333.8	-240.7	1095.3	6755.0	14751.3	-103.5	
61.35	69.1	11.3	44.8	2.0	-251.8	4.4	327.6	-257.6	1115.8	6730.2	14349.5	-98.1	
61.40	72.8	11.4	40.5	2.0	-247.9	4.5	314.4	-263.1	1138.9	6829.1	13974.0	-108.9	
61.45	76.4	11.2	37.7	2.0	-245.4	4.6	309.5	-271.6	1159.0	6940.2	13687.5	-116.0	
61.50	80.1	10.9	34.9	2.0	-243.6	4.7	312.5	-286.3	1176.2	6926.8	13485.7	-123.8	
61.55	83.7	10.9	32.0	2.0	-240.3	4.8	308.0	-288.6	1197.1	6846.8	13231.3	-130.5	
61.60	87.4	11.3	31.0	2.0	-235.2	4.9	300.0	-286.7	1216.0	6724.5	12868.1	-128.7	
61.65	91.0	11.4	31.1	2.0	-227.3	5.0	282.5	-282.9	1233.3	6660.3	12262.4	-120.6	
61.70	94.7	11.7	30.4	2.0	-217.6	5.1	256.2	-270.0	1256.6	6711.7	11459.3	-113.2	
61.75	98.3	12.0	30.7	2.0	-206.6	5.2	236.0	-254.8	1284.2	6625.9	10600.1	-101.2	
61.80	102.0	12.0	30.5	2.0	-198.4	5.3	226.4	-245.4	1311.4	6469.7	9981.4	-93.6	
61.85	105.6	12.1	28.3	2.0	-195.3	5.4	217.0	-243.2	1334.2	6443.2	9723.7	-98.2	
61.90	109.3	12.1	25.5	2.0	-194.5	5.5	214.8	-246.5	1350.6	6416.8	9657.4	-106.9	
61.95	113.0	12.2	22.5	2.0	-194.5	5.6	228.0	-237.9	1372.8	6330.2	9678.4	-117.1	
62.00	116.8	12.1	20.2	2.0	-195.6	5.7	237.4	-237.1	1399.8	6329.0	9733.1	-126.3	
62.05	120.5	12.0	17.3	2.0	-198.5	5.8	244.2	-254.5	1416.8	6399.0	9871.4	-139.2	
62.10	124.2	12.0	14.3	2.0	-200.6	5.9	254.2	-251.9	1430.1	6336.1	10072.7	-151.4	
62.15	127.9	12.1	13.9	2.0	-199.7	6.0	257.4	-231.2	1446.2	6040.5	10201.2	-151.9	
62.20	131.6	12.1	13.4	2.0	-198.5	6.1	259.5	-216.2	1460.5	5602.8	10355.8	-152.4	
62.25	135.4	12.1	12.3	2.0	-198.2	6.2	263.6	-202.1	1473.5	5269.3	10514.1	-156.1	
62.30	139.1	12.1	14.3	2.0	-194.9	6.3	255.6	-191.0	1488.3	4994.9	10402.4	-145.8	
62.35	142.8	11.9	18.4	2.0	-186.1	6.4	237.6	-175.5	1499.8	4499.9	9964.7	-123.1	
62.40	146.5	11.6	18.1	2.0	-178.3	6.5	230.8	-145.3	1513.2	4119.5	9549.9	-116.1	
62.45	150.3	11.4	15.4	2.0	-173.7	6.6	227.9	-130.5	1526.8	3984.8	9250.3	-121.0	
62.50	154.0	11.7	14.7	2.0	-169.5	6.7	224.4	-128.4	1535.3	3715.9	9021.9	-119.1	
62.55	157.8	11.8	13.9	2.0	-164.8	6.8	227.4	-99.2	1543.6	3129.3	8887.4	-117.0	
62.60	161.5	11.9	11.3	2.0	-159.2	6.9	225.1	-63.6	1551.0	2462.7	8695.9	-120.4	
62.65	165.3	12.1	9.3	2.0	-152.3	7.0	213.7	-44.8	1554.2	1832.7	8358.9	-120.5	
62.70	169.0	12.1	7.9	2.0	-143.7	7.1	200.1	-29.6	1565.5	1205.7	7853.5	-116.5	
62.75	172.8	12.1	9.1	2.0	-134.7	7.2	184.5	-10.3	1580.7	546.7	7279.1	-103.5	
62.80	176.6	11.9	8.3	2.0	-128.7	7.3	171.5	9.1	1584.6	7.2	6881.0	-100.1	
62.85	180.3	11.8	2.8	2.0	-126.6	7.4	164.8	28.8	1579.5	-417.1	6730.0	-117.0	
62.90	184.1	11.8	0.1	2.0	-127.2	7.5	165.3	39.2	1578.0	-896.6	6722.1	-126.8	
62.95	187.9	11.7	-1.8	2.0	-130.6	7.6	177.3	64.3	1581.9	-1399.8	6839.7	-136.6	
63.00	191.7	11.2	-3.7	2.0	-132.4	7.7	180.6	88.4	1579.9	-1880.4	6827.3	-144.9	
63.05	195.4	11.2	-1.7	2.0	-131.5	7.8	167.1	112.4	1570.9	-2483.7	6566.9	-137.4	
63.10	199.2	11.0	2.5	2.0	-132.5	7.9	155.9	151.0	1570.2	-3201.8	6280.1	-123.9	
63.15	203.0	10.7	4.7	2.0	-135.6	8.0	152.7	180.5	1579.1	-3856.1	6104.8	-119.4	
63.20	206.8	10.3	1.9	2.0	-139.1	8.1	158.3	185.2	1580.9	-4259.8	6130.8	-132.5	
63.25	210.6	10.0	-4.5	2.0	-142.3	8.2	170.3	191.1	1571.6	-4400.4	6290.9	-157.8	
63.30	214.4	9.8	-6.6	2.0	-145.3	8.3	174.1	203.6	1557.6	-4697.8	6327.7	-167.9	
63.35	218.2	9.7	-7.8	2.0	-144.4	8.4	167.6	215.2	1549.7	-4897.2	6076.2	-171.0	
63.40	222.0	9.8	-12.2	2.0	-139.6	8.5	158.7	218.0	1539.2	-4839.0	5669.0	-181.6	
63.45	225.8	10.1	-9.3	2.0	-137.0	8.6	143.2	210.1	1519.8	-5103.5	5248.5	-168.8	
63.50	229.7	10.4	-6.3	2.0	-139.5	8.7	136.8	232.9	1507.5	-5518.2	5041.1	-161.2	
63.55	233.5	10.5	-7.7	2.0	-143.8	8.8	140.4	262.4	1499.1	-5838.9	5054.2	-170.3	
63.60	237.3	10.3	-6.6	2.0	-147.0	8.9	134.0	274.4	1484.0	-6195.5	4985.6	-169.5	
63.65	241.1	10.2	-1.5	2.0	-148.0	9.0	122.9	291.9	1467.5	-6496.0	4686.0	-153.1	
63.70	244.9	10.2	4.2	2.0	-146.6	9.1	110.4	299.8	1454.3	-6667.1	4245.4	-132.3	
63.75	248.7	10.4	2.5	2.0	-144.0	9.2	99.0	296.7	1435.4	-6636.8	3989.8	-135.3	
63.80	252.5	10.4	-4.4	2.0	-141.4	9.3	98.4	300.1	1413.1	-6406.8	4002.0	-156.4	
63.85	256.3	10.2	-6.7	2.0	-141.4	9.4	107.2	298.5	1394.5	-6368.4	4075.0	-164.3	
63.90	260.1	9.8	-7.1	2.0	-143.1	9.5	118.4	293.9	1381.3	-6482.9	4162.5	-167.4	
63.95	263.9	9.7	-10.6	2.0	-145.4	9.6	127.9	299.6	1365.5	-6555.4	4347.2	-182.0	
64.00	267.7	9.9	-11.7	2.0	-149.0	9.7	129.4	307.4	1343.8	-6791.7	4469.8	-189.1	
64.05	271.5	10.1	-7.2	2.0	-153.1	9.8	122.0	316.0	1323.0	-7197.5	4414.8	-177.9	
64.10	275.3	10.2	-2.4	2.0	-155.2	9.9	115.4	323.4	1307.4	-7447.0	4305.7	-163.5	
64.15	279.1	10.1	-1.3	2.0	-154.6	10.0	109.7	319.3	1287.2	-7450.3	4264.7	-159.2	
64.20	282.9	10.0	-4.2	2.0	-152.9	10.1	103.8	306.9	1259.4	-7331.2	4336.5	-167.3	
64.25	286.8	10.0	-10.3	2.0	-149.9	10.2	106.6	302.1	1239.2	-7068.8	4390.5	-185.3	
64.30	290.6	9.9	-15.9	2.0	-147.0	10.3	119.8	295.7	1227.9	-6808.0	4406.1	-201.6	
64.35	294.4	9.8	-21.6	2.0	-141.8	10.4	129.2	274.2	1220.0	-6479.2	4294.3	-216.0	
64.40	298.2	9.7	-25.5	2.0	-136.1	10.5	126.6	265.1	1208.8	-6201.2	3995.3	-223.7	
64.45	302.0	9.7	-17.9	2.0	-135.6	10.6	107.2	280.2	1188.8	-6433.5	3525.6	-197.0	
64.50	305.8	9.7	-5.4	2.0	-137.2	10.7	81.5	290.7	1167.7	-6814.6	3051.4	-155.8	
64.55	309.6	9.7	-3.1	2.0	-132.9	10.8	68.4	281.2	1156.8	-6638.1	2759.3	-143.7	
64.60	313.5	10.0	-9.2	2.0	-124.6	10.9	68.7	256.1	1150.3	-6070.6	2673.7	-156.1	
64.65	317.3	10.0	-14.9	2.0	-117.1	11.0	68.7	231.6	1141.7	-5543.6	2648.4	-168.1	
64.70	321.1	9.7	-20.1	2.0	-108.6	11.1	63.9	213.8	1128.9	-4915.2	2606.2	-177.5	
64.75	324.9	9.5	-25.6	2.0	-99.3	11.2	60.1	181.6	1113.6	-4226.9	2597.2	-187.3	
64.80	328.7	9.5	-30.6	2.0	-92.0	11.3	66.7	156.3	1103.2	-3611.8	2653.4	-197.2	
64.85	332.5	9.6	-34.9	2.0	-87.4	11.4	78.7	151.9	1100.2	-3152.9	2671.0	-207.1	
64.90	336.3	10.2	-33.0	2.0	-86.1	11.5	83.0	146.7	1089.4	-3047.0	2666.5	-199.4	
64.95	340.1	10.0	-31.7	2.0	-82.5	11.6	79.4	137.1	1070.8	-2793.4	2603.5	-191.4	
65.00	343.8	9.8	-30.7	2.0	-74.1	11.7	73.1	112.4	1059.3	-2256.6	2358.2	-179.6	
65.05	347.6	10.1	-31.5	2.0	-58.9	11.8	55.9	75.3	1064.0	-1499.3	1645.3	-167.0	
65.10	351.4	10.1	-32.9	2.0	-41.5	11.9	31.4	52.1	1062.0	-656.0	764.0	-154.3	
65.15	355.2	10.0	-32.5	2.0	-29.8	12.0	-1.5	29.5	1048.7	174.2	-141.0	-141.3	
65.20	358.9	9.9	-24.7	2.0	-41.5	12.1	-25.9	-0.8	1035.2	802.1	-792.4	-126.1	
65.25	2.7	10.0	-20.0	2.0	-48.3	12.2	-33.9	-24.0	1033.3	1153.9	-1112.8	-117.1	
65.30	6.4	10.2	-20.3	2.0	-49.6	12.3	-28.8	-30.9	1031.9	1302.7	-1096.4	-119.3	
65.35	10.2	10.3	-21.5	2.0	-48.5	12.4	-19.3	-30.1	1025.6	1395.1	-858.7	-122.2	
65.40	13.9	10.1	-23.7	2.0	-50.5	12.5	-12.8	-32.4	1029.5	1655.8	-693.1	-132.0	
65.45	17.7	10.0	-24.6	2.0	-56.9	12.6	-7.6	-56.5	1041.8	2089.5	-683.1	-141.2	
65.50	21.4	10.0	-23.9	2.0	-67.9	12.7	-8.1	-98.4	1052.6	2766.9	-866.7	-149.9	
65.55	25.2	9.6	-22.6	2.0	-78.4	12.8	-14.4	-133.2	1049.2	3445.5	-1036.9	-155.9	
65.60	28.9	9.7	-22.8	2.0	-86.0	12.9	-20.9	-145.1	1040.7	4006.1	-1040.7	-164.2	
65.65	32.6	10.0	-24.8	2.0	-92.2	13.0	-25.2	-153.1	1040.2	4461.4	-1056.7	-177.3	
65.70	36.4	10.4	-21.5	2.0	-95.1	13.1	-26.3	-167.3	1045.3	4616.3	-1171.4	-169.0	
65.75	40.1	9.9	-16.1	2.0	-96.3	13.2	-25.1	-176.0	1053.3	4609.9	-1403.8	-151.6	
65.80	43.8	9.8	-9.7	2.0	-97.9	13.3	-28.2	-178.9	1063.5	4590.5	-1784.9	-131.1	
65.85	47.5	9.8	-4.4	2.0	-102.1	13.4	-40.8	-179.2	1076.1	4681.4	-2318.3	-117.1	
65.90	51.3	10.0	-1.1	2.0	-108.6	13.5	-56.7	-181.4	1088.1	4889.4	-2916.8	-112.5	
65.95	55.0	9.9	2.3	2.0	-118.2	13.6	-73.1	-198.7	1100.1	5242.3	-3574.1	-110.2	
66.00	58.7	9.9	4.5	2.0	-128.8	13.7	-84.6	-222.7	1111.4	5732.4	-4120.1	-113.2	
66.05	62.4	10.2	7.6	2.0	-137.6	13.8	-91.4	-245.4	1120.2	6213.5	-4467.6	-111.5	
66.10	66.1	10.2	9.5	2.0	-142.9	13.9	-94.0	-261.5	1127.7	6530.0	-4619.1	-110.2	
66.15	69.7	10.1	11.9	2.0	-145.3	14.0	-94.8	-263.8	1138.0	6643.1	-4742.9	-104.5	
66.20	73.4	9.7	15.8	2.0	-147.1	14.1	-95.3	-259.7	1156.2	6655.2	-4961.7	-92.9	
66.25	77.1	9.7	19.9	2.0	-149.1	14.2	-91.2	-261.5	1175.3	6688.3	-5143.0	-81.0	
66.30	80.7	9.5	23.0	2.0	-151.5	14.3	-88.0	-264.2	1189.9	6792.4	-5271.5	-72.4	
66.35	84.4	9.2	23.9	2.0	-154.0	14.4	-91.5	-264.2	1201.6	6883.9	-5443.4	-71.8	
66.40	88.0	8.8	25.4	2.0	-157.8	14.5	-100.5	-269.9	1214.2	6962.6	-5749.9	-70.7	
66.45	91.7	8.6	26.9	2.0	-164.6	14.6	-114.5	-280.3	1229.3	7176.0	-6207.8	-72.3	
66.50	95.3	8.5	30.5	2.0	-172.6	14.7	-134.5	-290.8	1243.6	7395.4	-6776.2	-67.9	
66.55	98.9	8.4	35.9	2.0	-177.8	14.8	-155.0	-294.6	1254.2	7356.9	-7327.0	-54.4	
66.60	102.5	8.6	38.7	2.0	-178.8	14.9	-167.5	-277.6	1264.9	7098.9	-7702.2	-45.8	
66.65	106.2	8.6	39.0	2.0	-176.3	15.0	-168.0	-260.1	1274.7	6765.2	-7791.8	-42.3	
66.70	109.8	8.3	39.1	2.0	-171.8	15.1	-157.8	-255.9	1283.5	6466.2	-7631.1	-37.5	
66.75	113.4	8.3	36.8	2.0	-166.3	15.2	-139.7	-243.5	1296.2	6283.8	-7303.7	-39.9	
66.80	117.0	8.4	33.6	2.0	-160.8	15.3	-122.7	-230.8	1310.3	6124.1	-6948.2	-45.3	
66.85	120.6	8.6	29.8	2.0	-156.5	15.4	-110.6	-229.5	1321.9	6036.5	-6602.7	-54.1	
66.90	124.1	8.7	23.9	2.0	-153.9	15.5	-101.6	-230.1	1333.0	6103.8	-6275.7	-71.7	
66.95	127.7	8.5	19.6	2.0	-152.4	15.6	-97.9	-235.5	1345.5	6120.4	-6071.9	-85.1	
67.00	131.3	8.3	17.6	2.0	-149.5	15.7	-97.3	-231.3	1352.1	5945.0	-5942.9	-89.1	
67.05	134.8	8.6	15.9	2.0	-143.9	15.8	-97.8	-206.8	1347.1	5593.9	-5791.7	-89.4	
67.10	138.4	8.8	16.0	2.0	-138.2	15.9	-102.4	-185.5	1341.6	5062.4	-5766.4	-83.4	
67.15	141.9	8.7	16.9	2.0	-135.0	16.0	-105.1	-172.8	1350.9	4562.8	-5886.2	-77.0	
67.20	145.4	8.2	16.6	2.0	-132.3	16.1	-104.3	-152.2	1367.2	4095.3	-6027.7	-75.2	
67.25	148.9	8.4	18.9	2.0	-128.7	16.2	-109.0	-128.2	1373.4	3519.1	-6118.2	-64.0	
67.30	152.4	8.5	21.0	2.0	-125.7	16.3	-114.0	-106.4	1375.8	3097.2	-6121.0	-53.7	
67.35	155.9	8.5	18.7	2.0	-123.4	16.4	-108.0	-98.9	1385.9	2971.0	-6014.0	-59.3	
67.40	159.4	8.4	13.7	2.0	-120.2	16.5	-93.3	-99.2	1395.6	2904.0	-5807.8	-73.1	
67.45	162.9	8.5	8.7	2.0	-116.0	16.6	-81.8	-85.9	1392.0	2736.4	-5595.1	-86.3	
67.50	166.3	8.7	7.2	2.0	-111.8	16.7	-82.8	-61.1	1374.9	2329.6	-5493.0	-87.0	
67.55	169.8	8.8	9.7	2.0	-111.0	16.8	-92.9	-43.6	1363.1	1772.8	-5641.3	-77.7	
67.60	173.3	8.9	13.7	2.0	-113.9	16.9	-102.2	-26.7	1363.9	1229.1	-6006.4	-67.0	
67.65	176.7	9.1	16.4	2.0	-119.2	17.0	-111.8	3.4	1366.3	631.4	-6477.4	-62.8	
67.70	180.2	9.1	18.8	2.0	-124.7	17.1	-122.9	29.3	1361.8	-40.7	-6883.9	-60.3	
67.75	183.6	9.1	17.9	2.0	-128.7	17.2	-128.0	51.2	1354.5	-601.7	-7137.4	-67.3	
67.80	187.0	9.1	17.0	2.0	-131.9	17.3	-127.4	64.3	1352.5	-987.0	-7322.2	-73.5	
67.85	190.4	9.2	17.4	2.0	-136.4	17.4	-132.1	74.8	1345.2	-1384.6	-7581.8	-76.5	
67.90	193.9	9.5	19.9	2.0	-143.2	17.5	-147.7	94.3	1325.8	-1837.7	-7961.1	-74.8	
67.95	197.3	9.5	23.1	2.0	-150.5	17.6	-165.7	115.6	1304.5	-2240.7	-8367.6	-71.3	
68.00	200.7	9.3	25.6	2.0	-156.1	17.7	-173.0	128.9	1293.3	-2575.0	-8680.6	-68.3	
68.05	204.0	9.4	27.3	2.0	-160.0	17.8	-169.5	138.2	1291.8	-2821.0	-8906.6	-66.2	
68.10	207.4	9.6	29.3	2.0	-163.2	17.9	-165.5	146.7	1283.7	-3097.3	-9069.9	-62.7	
68.15	210.8	9.8	33.3	2.0	-166.5	18.0	-166.2	157.6	1266.8	-3456.9	-9198.5	-52.2	
68.20	214.1	9.7	39.0	2.0	-170.3	18.1	-167.3	184.5	1249.1	-3935.4	-9267.9	-36.4	
68.25	217.5	9.5	44.2	2.0	-174.1	18.2	-167.2	209.1	1236.2	-4448.0	-9303.6	-22.5	
68.30	220.8	9.3	44.2	2.0	-176.2	18.3	-165.5	219.8	1221.3	-4868.7	-9251.1	-24.6	
68.35	224.1	9.3	38.7	2.0	-176.0	18.4	-162.1	224.6	1200.6	-5154.9	-9097.0	-43.1	
68.40	227.4	9.5	32.4	2.0	-175.5	18.5	-159.2	228.7	1181.1	-5337.4	-8955.4	-64.3	
68.45	230.7	9.6	28.0	2.0	-175.4	18.6	-157.3	236.3	1163.9	-5477.9	-8861.8	-79.5	
68.50	234.0	9.4	24.9	2.0	-175.4	18.7	-154.0	248.1	1145.7	-5613.6	-8757.9	-90.0	
68.55	237.2	9.1	22.6	2.0	-176.2	18.8	-152.6	258.9	1123.9	-5893.9	-8634.4	-98.5	
68.60	240.5	8.9	23.1	2.0	-178.9	18.9	-155.0	271.5	1100.7	-6366.7	-8534.2	-99.8	
68.65	243.7	8.9	26.0	2.0	-182.9	19.0	-155.6	293.2	1079.5	-6910.0	-8442.2	-93.5	
68.70	247.0	8.7	29.4	2.0	-185.1	19.1	-151.8	310.3	1060.2	-7285.4	-8304.7	-84.3	
68.75	250.2	8.7	28.7	2.0	-183.3	19.2	-144.5	313.2	1039.9	-7317.2	-8117.8	-84.9	
68.80	253.4	8.8	25.2	2.0	-179.4	19.3	-134.1	307.6	1021.8	-7153.7	-7926.9	-92.8	
68.85	256.6	8.8	22.3	2.0	-176.4	19.4	-129.0	297.1	1004.2	-7012.1	-7816.2	-100.1	
68.90	259.8	8.5	21.0	2.0	-176.1	19.5	-135.8	292.4	980.7	-6957.2	-7858.7	-103.9	
68.95	263.0	8.3	22.9	2.0	-177.9	19.6	-150.3	297.3	952.0	-6968.8	-8019.7	-99.2	
69.00	266.1	8.2	28.2	2.0	-180.5	19.7	-162.1	306.4	926.8	-7033.9	-8196.9	-83.6	
69.05	269.3	7.9	32.2	2.0	-181.9	19.8	-161.6	311.3	910.2	-7125.3	-8254.0	-71.5	
69.10	272.4	8.0	30.9	2.0	-180.8	19.9	-151.1	310.2	895.5	-7137.0	-8178.2	-74.7	
69.15	275.6	8.6	28.9	2.0	-179.2	20.0	-141.7	305.4	875.6	-7129.8	-8069.3	-80.1	
69.20	278.7	8.6	29.4	2.0	-178.5	20.1	-138.7	300.7	853.7	-7130.4	-8042.4	-77.7	
69.25	281.8	8.8	32.5	2.0	-179.0	20.2	-143.9	300.6	831.1	-7033.4	-8198.8	-67.5	
69.30	284.9	9.1	36.2	2.0	-180.0	20.3	-154.7	296.4	807.2	-6833.1	-8484.9	-55.8	
69.35	288.0	8.7	37.7	2.0	-181.0	20.4	-166.3	283.4	785.4	-6542.9	-8841.0	-51.5	
69.40	291.1	8.7	38.3	2.0	-181.4	20.5	-170.5	270.7	769.3	-6310.8	-9097.3	-50.0	
69.45	294.2	8.9	39.7	2.0	-180.9	20.6	-168.2	263.1	752.8	-6230.6	-9144.5	-44.7	
69.50	297.2	9.1	42.4	2.0	-179.7	20.7	-165.9	265.4	727.8	-6236.1	-9051.4	-34.0	
69.55	300.3	9.4	45.5	2.0	-178.5	20.8	-164.5	265.7	702.7	-6202.9	-8989.2	-22.3	
69.60	303.3	9.6	48.4	2.0	-178.3	20.9	-162.3	260.0	686.4	-6134.2	-9053.7	-12.1	
69.65	306.3	10.0	50.9	2.0	-178.3	21.0	-160.7	250.8	675.9	-5997.5	-9184.1	-3.6	
69.70	309.3	9.8	50.8	2.0	-177.2	21.1	-165.1	233.6	659.5	-5718.0	-9318.7	-2.9	
69.75	312.3	9.5	48.6	2.0	-175.5	21.2	-175.0	217.2	633.7	-5336.2	-9444.9	-8.7	
69.80	315.3	9.6	47.5	2.0	-174.8	21.3	-184.6	207.4	609.5	-5026.7	-9576.1	-11.8	
69.85	318.3	9.8	48.9	2.0	-175.3	21.4	-189.6	200.3	596.2	-4872.7	-9720.1	-7.6	
69.90	321.2	10.0	49.9	2.0	-174.7	21.5	-191.2	190.1	581.9	-4684.7	-9791.4	-3.4	
69.95	324.1	10.0	50.3	2.0	-172.7	21.6	-193.3	173.5	561.6	-4371.0	-9817.2	-0.1	
70.00	327.1	9.8	53.5	2.0	-170.5	21.7	-192.1	158.7	545.4	-4099.8	-9805.6	13.1	
70.05	330.0	9.6	56.7	2.0	-167.8	21.8	-181.7	160.8	538.2	-3935.0	-9671.3	26.8	
70.10	332.9	9.3	59.9	2.0	-163.0	21.9	-168.7	161.2	529.9	-3789.6	-9378.2	42.7	
70.15	335.8	9.1	58.6	2.0	-157.3	22.0	-163.5	140.1	513.8	-3439.5	-9120.8	44.0	
70.20	338.6	9.2	55.0	2.0	-153.2	22.1	-165.2	114.4	496.6	-2820.5	-9068.9	35.6	
70.25	341.5	9.4	55.8	2.0	-153.7	22.2	-171.7	92.1	487.4	-2231.4	-9289.6	38.0	
70.30	344.3	9.4	59.4	2.0	-157.8	22.3	-183.9	74.9	479.4	-1726.8	-9706.5	46.3	
70.35	347.2	9.3	62.9	2.0	-161.8	22.4	-197.8	59.2	463.0	-1240.3	-10082.2	54.0	
70.40	350.0	9.3	67.3	2.0	-163.4	22.5	-203.5	41.0	445.4	-930.1	-10243.7	67.5	
70.45	352.8	9.3	73.3	2.0	-163.3	22.6	-198.7	35.1	438.7	-828.5	-10268.8	88.4	
70.50	355.6	9.5	78.1	2.0	-162.7	22.7	-191.5	37.0	436.9	-780.3	-10248.9	105.5	
70.55	358.3	9.7	80.6	2.0	-162.4	22.8	-191.1	27.6	427.9	-604.3	-10252.2	114.2	
70.60	1.1	9.7	81.8	2.0	-163.6	22.9	-197.8	12.3	415.4	-288.0	-10349.1	117.1	
70.65	3.8	9.5	83.8	2.0	-166.1	23.0	-205.6	-2.6	412.0	97.0	-10521.8	121.7	
70.70	6.5	9.3	83.0	2.0	-167.9	23.1	-210.4	-18.1	412.2	536.9	-10628.5	117.0	
70.75	9.2	9.6	78.4	2.0	-166.8	23.2	-211.1	-36.3	403.5	1011.2	-10509.7	102.4	
70.80	11.9	9.4	72.7	2.0	-163.5	23.3	-207.6	-57.2	389.8	1394.3	-10220.5	86.1	
70.85	14.6	9.0	70.5	2.0	-159.3	23.4	-197.5	-73.0	385.7	1571.5	-9891.7	82.7	
70.90	17.3	9.2	71.0	2.0	-155.4	23.5	-185.4	-76.8	390.2	1582.5	-9612.5	88.4	
70.95	19.9	9.4	71.8	2.0	-151.9	23.6	-177.4	-76.1	390.2	1578.5	-9370.7	94.6	
71.00	22.6	9.6	69.1	2.0	-149.8	23.7	-173.9	-84.3	384.6	1732.1	-9182.5	87.4	
71.05	25.2	9.7	68.2	2.0	-150.7	23.8	-173.7	-99.9	386.0	2043.2	-9166.0	83.4	
71.10	27.8	9.5	70.4	2.0	-153.4	23.9	-174.1	-115.5	392.6	2350.9	-9273.8	88.2	
71.15	30.4	9.2	72.4	2.0	-157.2	24.0	-179.2	-129.9	393.7	2695.4	-9441.3	91.4	
71.20	33.0	9.2	73.2	2.0	-161.9	24.1	-188.7	-145.5	387.5	3171.3	-9620.0	89.5	
71.25	35.6	9.3	74.5	2.0	-167.2	24.2	-197.5	-161.2	384.9	3582.9	-9851.4	88.6	
71.30	38.2	9.3	81.8	2.0	-170.9	24.3	-200.1	-168.0	390.1	3766.4	-10060.4	110.0	
71.35	40.8	9.1	89.0	2.0	-172.2	24.4	-197.4	-168.5	396.9	3821.9	-10137.9	133.5	
71.40	43.3	9.0	91.6	2.0	-171.2	24.5	-192.4	-175.0	398.5	3940.3	-10014.8	143.2	
71.45	45.9	9.1	90.6	2.0	-170.0	24.6	-185.5	-183.8	399.1	4204.0	-9799.5	141.0	
71.50	48.4	9.1	91.3	2.0	-170.5	24.7	-178.9	-192.9	405.7	4539.5	-9683.9	142.7	
71.55	51.0	9.2	92.8	2.0	-172.8	24.8	-173.3	-206.2	414.9	4918.2	-9658.9	145.7	
71.60	53.5	9.1	92.1	2.0	-175.7	24.9	-170.1	-225.8	418.2	5413.7	-9596.6	140.4	
71.65	56.0	9.2	88.3	2.0	-178.2	25.0	-170.2	-247.2	416.4	5902.8	-9466.2	124.9	
71.70	58.5	9.2	86.5	2.0	-178.6	25.1	-171.0	-258.2	415.4	6131.7	-9324.2	118.3	
71.75	60.9	9.2	88.6	2.0	-177.7	25.2	-168.8	-258.1	420.0	6159.1	-9222.9	126.4	
71.80	63.4	9.5	89.9	2.0	-176.8	25.3	-164.4	-259.9	427.5	6181.1	-9125.3	131.8	
71.85	65.8	9.8	88.0	2.0	-176.5	25.4	-161.3	-265.1	434.6	6270.3	-9020.3	125.5	
71.90	68.3	10.0	86.1	2.0	-175.4	25.5	-159.2	-265.1	440.3	6287.4	-8903.7	120.3	
71.95	70.7	9.5	86.7	2.0	-173.8	25.6	-156.7	-261.2	447.6	6224.2	-8809.5	123.9	
72.00	73.1	9.2	85.4	2.0	-173.8	25.7	-152.4	-265.1	456.4	6341.3	-8709.2	119.5	
72.05	75.5	9.0	81.6	2.0	-175.4	25.8	-148.0	-279.1	464.2	6663.8	-8576.1	104.8	
72.10	77.8	8.9	77.5	2.0	-175.9	25.9	-145.6	-291.4	468.2	6921.3	-8376.9	90.0	
72.15	80.2	8.9	75.2	2.0	-173.8	26.0	-142.8	-291.3	471.4	6993.8	-8109.2	84.5	
72.20	82.5	9.0	74.3	2.0	-170.7	26.1	-136.8	-289.6	478.2	6994.5	-7806.8	84.5	
72.25	84.9	9.2	71.0	2.0	-168.3	26.2	-125.9	-295.1	486.9	7094.1	-7456.3	75.6	
72.30	87.2	9.4	65.1	2.0	-165.2	26.3	-111.1	-297.2	494.7	7201.6	-7030.2	58.2	
72.35	89.5	9.7	60.8	2.0	-160.0	26.4	-95.8	-293.5	500.9	7147.5	-6536.1	48.6	
72.40	91.8	9.8	57.4	2.0	-154.3	26.5	-84.3	-287.9	506.6	7013.5	-6075.3	42.7	
72.45	94.1	9.9	52.5	2.0	-150.9	26.6	-79.1	-288.2	511.3	6977.0	-5721.8	29.4	
72.50	96.4	9.9	48.6	2.0	-149.9	26.7	-79.6	-294.6	515.9	7005.3	-5528.4	16.9	
72.55	98.7	9.7	46.4	2.0	-148.8	26.8	-82.4	-294.2	523.0	6946.6	-5451.1	10.6	
72.60	100.9	9.9	45.2	2.0	-146.7	26.9	-85.9	-287.6	530.1	6815.4	-5376.2	8.3	
72.65	103.2	10.3	42.8	2.0	-144.6	27.0	-88.7	-286.1	532.9	6722.6	-5240.7	2.4	
72.70	105.4	10.3	39.4	2.0	-143.5	27.1	-87.0	-287.5	535.2	6744.6	-5069.5	-8.2	
72.75	107.6	10.2	37.8	2.0	-142.3	27.2	-80.7	-284.4	541.0	6747.5	-4931.4	-12.5	
72.80	109.8	9.9	38.6	2.0	-140.2	27.3	-73.1	-274.3	548.8	6638.7	-4851.2	-7.6	
72.85	112.0	9.5	39.6	2.0	-138.8	27.4	-70.5	-264.0	555.4	6548.1	-4847.4	-2.9	
72.90	114.2	9.4	40.9	2.0	-138.4	27.5	-73.5	-259.8	559.8	6485.6	-4884.4	2.2	
72.95	116.4	9.4	43.4	2.0	-137.5	27.6	-76.2	-258.5	565.3	6364.5	-4929.7	11.6	
73.00	118.5	9.7	45.2	2.0	-136.6	27.7	-75.5	-252.6	573.2	6256.6	-4974.2	18.6	
73.05	120.7	9.7	44.7	2.0	-136.6	27.8	-72.6	-250.4	580.1	6237.7	-4996.9	16.7	
73.10	122.8	9.5	42.8	2.0	-137.0	27.9	-71.3	-250.4	583.3	6265.1	-5008.6	10.0	
73.15	125.0	9.2	41.4	2.0	-136.5	28.0	-72.0	-247.4	583.9	6218.1	-5023.4	5.5	
73.20	127.1	9.1	41.8	2.0	-135.0	28.1	-75.9	-241.2	585.7	6000.1	-5123.7	8.6	
73.25	129.2	9.2	42.8	2.0	-133.4	28.2	-81.7	-230.8	589.4	5691.3	-5322.7	13.5	
73.30	131.3	9.5	43.3	2.0	-131.8	28.3	-87.1	-217.6	593.6	5353.8	-5535.9	16.8	
73.35	133.4	9.7	44.4	2.0	-129.2	28.4	-89.7	-204.7	598.2	4967.2	-5656.2	23.1	
73.40	135.5	10.0	45.4	2.0	-125.6	28.5	-88.6	-192.9	601.5	4596.9	-5657.0	30.2	
73.45	137.6	10.3	44.5	2.0	-122.6	28.6	-85.8	-183.9	602.8	4314.0	-5626.9	30.3	
73.50	139.7	10.3	42.8	2.0	-121.2	28.7	-85.6	-178.3	604.0	4087.5	-5679.9	25.7	
73.55	141.7	10.1	42.4	2.0	-121.0	28.8	-90.4	-170.1	605.9	3860.0	-5833.0	24.7	
73.60	143.8	9.8	44.1	2.0	-120.3	28.9	-96.4	-158.1	606.9	3592.5	-5961.9	31.3	
73.65	145.8	9.5	45.3	2.0	-118.7	29.0	-100.4	-146.6	606.5	3303.4	-6016.5	36.9	
73.70	147.8	9.5	44.3	2.0	-116.2	29.1	-98.4	-136.3	607.4	3054.3	-5962.2	36.1	
73.75	149.8	9.8	42.4	2.0	-112.1	29.2	-89.4	-127.7	611.1	2782.7	-5789.5	33.3	
73.80	151.8	9.8	41.4	2.0	-106.7	29.3	-76.9	-118.1	616.5	2466.2	-5533.1	35.4	
73.85	153.8	9.6	40.6	2.0	-102.0	29.4	-68.4	-107.0	619.1	2187.3	-5306.8	37.2	
73.90	155.8	9.3	39.8	2.0	-99.2	29.5	-66.2	-101.0	617.4	1990.5	-5179.9	37.5	
73.95	157.8	9.5	37.1	2.0	-98.8	29.6	-69.0	-96.1	617.3	1849.9	-5203.7	28.5	
74.00	159.8	9.6	36.4	2.0	-99.9	29.7	-75.1	-90.6	621.1	1729.8	-5331.3	24.9	
74.05	161.7	9.3	36.7	2.0	-100.7	29.8	-81.8	-84.2	622.1	1576.2	-5439.0	25.4	
74.10	163.7	9.2	36.1	2.0	-100.3	29.9	-86.2	-78.0	617.5	1497.2	-5437.8	23.5	
74.15	165.6	9.3	32.8	2.0	-98.0	30.0	-83.0	-73.7	613.4	1448.7	-5288.4	14.8	
74.20	167.5	9.5	32.3	2.0	-94.8	30.1	-75.6	-67.8	615.4	1319.8	-5103.4	16.2	
74.25	169.4	9.6	33.8	2.0	-91.5	30.2	-69.1	-53.7	618.7	1071.2	-4947.0	24.4	
74.30	171.3	9.6	36.3	2.0	-88.8	30.3	-67.8	-37.6	616.1	802.2	-4817.6	35.9	
74.35	173.2	9.4	37.5	2.0	-86.1	30.4	-67.8	-25.7	610.2	628.3	-4662.1	42.5	
74.40	175.1	9.3	36.2	2.0	-83.2	30.5	-64.1	-17.3	608.5	578.7	-4464.6	41.2	
74.45	177.0	9.5	33.8	2.0	-79.2	30.6	-55.7	-12.7	609.5	593.2	-4184.1	36.8	
74.50	178.8	9.9	30.0	2.0	-74.5	30.7	-47.1	-12.0	605.0	644.6	-3839.5	28.6	
74.55	180.7	10.0	25.6	2.0	-70.1	30.8	-41.4	-14.2	595.3	711.6	-3511.9	17.8	
74.60	182.5	10.0	21.8	2.0	-66.4	30.9	-36.8	-12.6	588.4	669.5	-3256.5	8.3	
74.65	184.3	9.9	19.5	2.0	-63.7	31.0	-33.4	-2.3	587.3	450.7	-3107.7	3.3	
74.70	186.2	9.7	19.0	2.0	-61.7	31.1	-31.6	12.8	585.0	93.5	-2985.8	3.6	
74.75	188.0	9.6	18.0	2.0	-60.0	31.2	-30.6	25.8	577.6	-276.3	-2834.6	1.7	
74.80	189.8	9.5	16.0	2.0	-58.4	31.3	-27.3	35.3	570.8	-581.2	-2655.0	-3.6	
74.85	191.6	9.3	14.4	2.0	-57.6	31.4	-22.0	44.2	568.5	-842.1	-2502.9	-8.3	
74.90	193.4	9.4	14.0	2.0	-58.2	31.5	-19.8	53.5	566.5	-1080.6	-2437.1	-10.2	
74.95	195.1	9.5	14.3	2.0	-60.0	31.6	-24.1	61.8	559.5	-1268.6	-2471.1	-10.7	
75.00	196.9	9.7	14.8	2.0	-62.2	31.7	-31.4	67.6	551.1	-1429.3	-2560.3	-11.5	
75.05	198.6	9.9	15.8	2.0	-64.5	31.8	-35.0	74.1	546.6	-1623.1	-2623.7	-10.4	
75.10	200.4	10.2	17.0	2.0	-66.3	31.9	-32.2	85.3	544.6	-1871.4	-2590.2	-8.0	
75.15	202.1	10.6	18.1	2.0	-67.9	32.0	-26.3	98.8	539.9	-2189.9	-2453.3	-5.8	
75.20	203.8	10.2	18.5	2.0	-69.6	32.1	-19.8	111.0	532.0	-2523.6	-2264.1	-6.2	
75.25	205.6	10.0	18.1	2.0	-71.9	32.2	-14.6	122.0	525.7	-2833.6	-2129.1	-9.7	
75.30	207.3	10.0	17.9	2.0	-75.3	32.3	-12.4	131.1	522.5	-3131.0	-2111.6	-14.0	
75.35	209.0	10.1	18.0	2.0	-79.0	32.4	-14.9	137.0	517.8	-3381.8	-2215.4	-17.3	
75.40	210.7	10.2	17.3	2.0	-81.9	32.5	-21.5	139.5	508.8	-3528.9	-2390.2	-22.7	
75.45	212.4	10.2	15.7	2.0	-83.9	32.6	-27.3	139.2	499.1	-3599.3	-2555.6	-30.1	
75.50	214.1	10.3	15.5	2.0	-85.6	32.7	-28.6	141.6	491.3	-3687.1	-2657.4	-32.4	
75.55	215.7	10.2	17.0	2.0	-88.1	32.8	-26.3	149.3	484.2	-3870.3	-2692.0	-29.8	
75.60	217.4	10.1	19.9	2.0	-91.1	32.9	-23.7	158.9	476.7	-4125.2	-2691.7	-22.8	
75.65	219.0	10.1	23.4	2.0	-94.6	33.0	-23.0	169.4	468.3	-4398.7	-2699.8	-14.2	
75.70	220.7	10.0	27.4	2.0	-98.1	33.1	-24.4	181.1	460.6	-4642.2	-2756.2	-3.9	
75.75	222.3	9.9	30.7	2.0	-101.6	33.2	-27.4	193.8	454.1	-4842.8	-2877.0	3.9	
75.80	223.9	9.8	33.7	2.0	-104.1	33.3	-31.0	201.5	447.6	-4955.0	-3023.3	11.6	
75.85	225.5	9.7	34.6	2.0	-104.6	33.4	-34.4	199.7	439.8	-4926.5	-3153.4	14.3	
75.90	227.1	9.6	32.7	2.0	-103.7	33.5	-36.8	193.5	431.1	-4808.3	-3247.8	8.5	
75.95	228.7	9.5	31.3	2.0	-103.1	33.6	-38.6	190.4	422.3	-4725.0	-3317.9	4.3	
76.00	230.3	9.9	31.8	2.0	-103.8	33.7	-39.9	192.7	413.6	-4755.5	-3364.4	5.5	
76.05	231.9	10.2	32.7	2.0	-105.0	33.8	-41.0	198.8	405.1	-4843.2	-3382.7	7.2	
76.10	233.4	10.3	33.6	2.0	-106.1	33.9	-41.3	205.4	396.6	-4955.3	-3348.1	9.3	
76.15	235.0	10.4	36.0	2.0	-107.2	34.0	-39.4	212.0	388.2	-5113.5	-3238.2	16.3	
76.20	236.5	10.5	37.3	2.0	-108.3	34.1	-35.5	221.8	380.3	-5287.1	-3073.4	19.8	
76.25	238.1	10.6	38.0	2.0	-108.6	34.2	-29.9	229.6	373.2	-5403.8	-2872.9	21.8	
76.30	239.6	10.6	36.1	2.0	-107.6	34.3	-24.2	230.5	366.3	-5429.0	-2664.2	16.5	
76.35	241.1	10.6	33.0	2.0	-106.4	34.4	-21.5	230.2	357.4	-5421.5	-2485.5	7.0	
76.40	242.6	10.5	31.3	2.0	-106.7	34.5	-21.6	233.0	346.8	-5513.7	-2333.0	0.7	
76.45	244.1	10.5	30.7	2.0	-108.5	34.6	-22.4	238.3	336.7	-5702.2	-2207.5	-3.0	
76.50	245.6	10.4	29.3	2.0	-110.3	34.7	-22.0	245.2	327.2	-5884.8	-2079.2	-9.6	
76.55	247.1	10.1	28.0	2.0	-112.0	34.8	-19.2	250.1	318.4	-6073.3	-1910.9	-16.0	
76.60	248.5	10.2	26.7	2.0	-113.9	34.9	-14.1	254.2	309.1	-6284.6	-1679.1	-22.1	
76.65	250.0	10.0	25.5	2.0	-115.5	35.0	-7.6	260.2	300.1	-6458.8	-1419.0	-28.1	
76.70	251.5	9.7	24.0	2.0	-116.4	35.1	0.7	263.3	292.7	-6581.7	-1153.0	-34.2	
76.75	252.9	9.9	22.2	2.0	-116.9	35.2	8.4	264.0	285.5	-6655.3	-908.0	-40.8	
76.80	254.4	10.1	21.0	2.0	-117.0	35.3	12.4	266.3	275.5	-6688.9	-706.2	-44.8	
76.85	255.8	10.2	21.0	2.0	-117.1	35.4	14.0	268.5	263.3	-6718.2	-529.9	-45.1	
76.90	257.3	10.2	21.1	2.0	-116.8	35.5	15.8	269.5	252.3	-6710.6	-395.8	-44.5	
76.95	258.7	10.1	20.8	2.0	-115.9	35.6	17.8	269.8	244.3	-6652.2	-331.2	-44.4	
77.00	260.1	10.0	20.8	2.0	-115.2	35.7	20.6	267.3	237.3	-6612.8	-279.4	-43.8	
77.05	261.5	10.2	21.1	2.0	-114.7	35.8	21.5	265.0	228.7	-6591.5	-241.2	-42.3	
77.10	262.9	10.3	20.7	2.0	-113.9	35.9	21.3	265.1	219.7	-6531.4	-238.8	-43.0	
77.15	264.4	10.4	21.2	2.0	-112.9	36.0	22.3	262.2	212.9	-6468.3	-275.9	-40.0	
77.20	265.8	10.4	22.2	2.0	-111.7	36.1	23.1	260.0	206.9	-6383.8	-361.9	-35.3	
77.25	267.1	10.6	23.5	2.0	-110.1	36.2	21.6	259.3	197.7	-6269.9	-450.1	-29.4	
77.30	268.5	10.8	24.7	2.0	-108.3	36.3	18.4	255.2	186.0	-6153.3	-506.3	-23.6	
77.35	269.9	10.9	25.4	2.0	-106.2	36.4	14.8	252.0	174.9	-6000.6	-591.6	-19.1	
77.40	271.3	10.6	27.4	2.0	-104.2	36.5	11.7	249.3	166.9	-5845.9	-737.6	-10.1	
77.45	272.6	10.3	29.4	2.0	-102.9	36.6	9.1	246.1	159.6	-5737.6	-900.5	-2.0	
77.50	274.0	10.3	31.3	2.0	-102.2	36.7	3.7	247.4	150.3	-5661.2	-1086.3	5.2	
77.55	275.3	10.3	32.8	2.0	-102.4	36.8	-2.0	249.5	139.3	-5642.1	-1239.2	10.3	
77.60	276.7	10.2	34.8	2.0	-103.4	36.9	-4.9	250.1	129.5	-5700.3	-1354.2	16.0	
77.65	278.0	10.1	36.9	2.0	-104.9	37.0	-5.6	253.0	121.1	-5784.1	-1469.8	21.8	
77.70	279.4	9.9	38.4	2.0	-106.4	37.1	-5.8	255.2	112.7	-5881.0	-1561.4	25.5	
77.75	280.7	9.8	38.4	2.0	-107.3	37.2	-6.8	254.1	103.0	-5953.6	-1608.2	24.5	
77.80	282.0	9.8	37.1	2.0	-107.5	37.3	-9.3	253.5	93.0	-5967.8	-1644.1	19.9	
77.85	283.3	9.7	35.7	2.0	-107.6	37.4	-10.9	250.9	84.7	-5984.6	-1662.0	14.9	
77.90	284.6	9.7	33.7	2.0	-107.9	37.5	-10.5	248.0	77.5	-6023.8	-1654.0	7.8	
77.95	285.9	9.7	31.6	2.0	-108.5	37.6	-9.5	248.7	70.2	-6084.3	-1606.6	0.1	
78.00	287.2	9.8	30.3	2.0	-109.6	37.7	-7.1	249.8	61.5	-6216.7	-1461.1	-5.6	
78.05	288.5	10.0	30.0	2.0	-111.5	37.8	-3.5	252.8	51.9	-6401.4	-1263.7	-8.7	
78.10	289.8	10.0	29.6	2.0	-113.5	37.9	0.7	257.7	44.1	-6575.6	-1102.2	-12.0	
78.15	291.1	10.0	28.1	2.0	-114.8	38.0	6.1	258.9	38.5	-6697.5	-970.4	-18.4	
78.20	292.3	10.0	26.2	2.0	-115.1	38.1	10.3	256.9	34.0	-6742.5	-871.1	-25.2	
78.25	293.6	10.1	24.2	2.0	-114.7	38.2	12.3	253.7	28.2	-6740.2	-784.5	-31.6	
78.30	294.9	9.9	22.8	2.0	-114.2	38.3	12.3	249.1	21.2	-6720.2	-732.6	-35.8	
78.35	296.1	9.8	21.3	2.0	-113.1	38.4	11.0	245.2	15.0	-6657.1	-749.4	-40.1	
78.40	297.3	9.7	20.4	2.0	-111.9	38.5	9.2	242.9	9.7	-6570.5	-798.8	-41.9	
78.45	298.6	9.9	21.6	2.0	-111.1	38.6	6.3	240.9	3.0	-6519.0	-829.7	-36.9	
78.50	299.8	10.0	24.5	2.0	-110.7	38.7	2.8	241.7	-5.8	-6480.3	-845.1	-26.6	
78.55	301.0	10.1	26.1	2.0	-109.4	38.8	1.3	241.6	-13.8	-6370.9	-856.4	-19.8	
78.60	302.3	10.1	26.8	2.0	-106.7	38.9	3.4	235.9	-17.6	-6178.5	-882.1	-14.8	
78.65	303.5	10.2	26.8	2.0	-103.3	39.0	6.3	229.9	-20.1	-5927.0	-915.4	-11.3	
78.70	304.7	10.2	28.1	2.0	-100.3	39.1	6.6	224.0	-24.9	-5706.5	-956.8	-3.9	
78.75	305.9	10.5	29.9	2.0	-98.0	39.2	4.3	218.4	-32.5	-5526.1	-1001.6	4.5	
78.80	307.1	10.4	29.9	2.0	-95.4	39.3	1.5	213.8	-39.8	-5324.8	-1083.0	7.1	
78.85	308.3	9.9	29.5	2.0	-92.9	39.4	-2.3	205.3	-44.7	-5117.1	-1211.6	8.4	
78.90	309.5	10.2	28.9	2.0	-90.3	39.5	-6.9	195.3	-50.6	-4905.5	-1342.7	8.9	
78.95	310.7	10.3	28.7	2.0	-87.9	39.6	-12.9	188.2	-59.0	-4696.6	-1471.2	10.6	
79.00	311.9	10.3	28.5	2.0	-85.5	39.7	-16.6	181.1	-66.7	-4487.8	-1567.6	12.3	
79.05	313.0	10.3	28.6	2.0	-83.1	39.8	-17.3	174.1	-70.5	-4278.7	-1655.8	15.1	
79.10	314.2	10.2	28.4	2.0	-81.1	39.9	-16.0	170.4	-74.0	-4109.3	-1688.8	16.5	
79.15	315.4	10.1	29.4	2.0	-79.8	40.0	-13.7	168.0	-79.6	-4033.5	-1638.0	21.2	
79.20	316.5	10.0	31.0	2.0	-79.2	40.1	-11.3	167.5	-86.2	-4021.4	-1537.4	27.2	
79.25	317.7	9.9	31.8	2.0	-78.4	40.2	-8.6	168.2	-91.4	-3992.6	-1425.2	30.6	
79.30	318.8	9.8	31.4	2.0	-77.0	40.3	-5.3	165.6	-95.5	-3920.7	-1308.2	30.9	
79.35	319.9	9.8	29.8	2.0	-75.0	40.4	-3.2	161.4	-100.5	-3809.5	-1196.5	27.3	
79.40	321.1	9.8	27.1	2.0	-72.9	40.5	-2.9	156.3	-105.8	-3684.9	-1101.1	20.2	
79.45	322.2	9.8	24.1	2.0	-71.1	40.6	-2.0	148.4	-110.0	-3589.4	-996.7	11.6	
79.50	323.3	9.9	20.9	2.0	-69.8	40.7	-0.7	141.9	-113.2	-3531.8	-896.4	1.9	
79.55	324.4	10.0	18.3	2.0	-69.4	40.8	1.3	140.3	-117.2	-3532.2	-763.3	-6.5	
79.60	325.6	9.9	17.2	2.0	-69.9	40.9	5.6	140.0	-122.2	-3608.3	-549.9	-10.7	
79.65	326.7	9.5	17.3	2.0	-71.0	41.0	10.6	141.2	-126.4	-3715.4	-309.0	-11.7	
79.70	327.8	9.4	16.8	2.0	-71.9	41.1	16.0	141.5	-130.1	-3788.3	-67.1	-14.4	
79.75	328.8	9.0	15.6	2.0	-72.0	41.2	20.1	138.8	-134.0	-3802.4	128.9	-18.6	
79.80	329.9	8.7	13.6	2.0	-70.8	41.3	22.5	134.5	-137.9	-3712.7	248.5	-24.3	
79.85	331.0	8.9	12.1	2.0	-68.8	41.4	21.6	128.8	-140.2	-3569.3	260.8	-27.1	
79.90	332.1	9.0	11.1	2.0	-66.3	41.5	18.2	122.4	-142.7	-3408.1	195.4	-28.4	
79.95	333.2	9.0	10.4	2.0	-64.1	41.6	14.0	117.2	-147.4	-3258.1	95.6	-28.5	
80.00	334.2	9.3	10.7	2.0	-62.3	41.7	10.2	112.0	-151.9	-3132.6	-12.6	-25.7	
80.05	335.3	9.2	11.7	2.0	-60.4	41.8	8.4	106.0	-154.7	-3002.8	-114.0	-20.2	
80.10	336.3	9.1	12.7	2.0	-58.1	41.9	7.5	100.5	-157.1	-2834.8	-227.6	-14.5	
80.15	337.4	9.3	14.7	2.0	-55.7	42.0	5.8	95.4	-160.5	-2654.1	-367.9	-5.3	
80.20	338.4	9.1	16.6	2.0	-53.1	42.1	2.9	90.4	-163.8	-2432.6	-554.7	3.8	
80.25	339.4	9.0	17.4	2.0	-50.4	42.2	-0.6	84.6	-165.0	-2168.7	-784.6	9.2	
80.30	340.5	9.2	19.0	2.0	-48.4	42.3	-4.9	76.8	-166.0	-1925.7	-1013.0	16.7	
80.35	341.5	9.1	20.8	2.0	-47.1	42.4	-10.6	70.3	-170.1	-1707.1	-1210.4	24.2	
80.40	342.5	9.1	21.9	2.0	-46.5	42.5	-16.3	66.4	-176.0	-1518.5	-1376.9	28.7	
80.45	343.6	9.1	23.5	2.0	-46.8	42.6	-20.1	62.7	-179.6	-1422.6	-1515.2	33.7	
80.50	344.6	9.3	24.7	2.0	-47.6	42.7	-22.5	60.0	-181.0	-1382.7	-1638.9	37.2	
80.55	345.6	9.3	25.4	2.0	-48.7	42.8	-26.0	57.3	-183.3	-1359.3	-1758.7	38.4	
80.60	346.6	9.2	25.3	2.0	-49.4	42.9	-28.8	52.6	-186.9	-1354.8	-1838.0	37.4	
80.65	347.6	9.1	24.6	2.0	-49.9	43.0	-29.9	49.3	-188.7	-1348.2	-1894.9	34.4	
80.70	348.6	9.0	22.6	2.0	-50.2	43.1	-29.7	48.3	-188.1	-1347.8	-1927.4	27.3	
80.75	349.6	8.9	21.5	2.0	-49.8	43.2	-29.4	45.0	-189.3	-1359.8	-1898.2	23.9	
80.80	350.6	9.0	20.1	2.0	-49.0	43.3	-29.9	41.6	-194.0	-1366.6	-1817.8	20.0	
80.85	351.6	8.9	18.7	2.0	-47.9	43.4	-29.7	39.9	-198.0	-1359.5	-1716.7	16.5	
80.90	352.6	8.7	17.2	2.0	-46.5	43.5	-26.7	37.1	-198.8	-1351.7	-1602.4	12.7	
80.95	353.6	8.7	15.6	2.0	-45.1	43.6	-23.4	34.7	-198.5	-1320.0	-1506.6	8.5	
81.00	354.5	8.9	14.2	2.0	-44.1	43.7	-22.1	33.2	-199.4	-1290.1	-1437.8	4.7	
81.05	355.5	9.2	13.3	2.0	-43.0	43.8	-19.9	29.7	-200.6	-1281.0	-1350.2	2.6	
81.10	356.5	9.4	12.4	2.0	-42.0	43.9	-16.3	27.5	-200.0	-1277.6	-1259.0	0.5	
81.15	357.4	9.7	11.0	2.0	-40.9	44.0	-12.4	25.8	-198.7	-1267.7	-1167.8	-3.2	
81.20	358.4	10.0	9.4	2.0	-39.6	44.1	-9.4	20.5	-199.4	-1241.0	-1071.4	-7.3	
81.25	359.3	10.3	7.4	2.0	-38.0	44.2	-9.4	13.9	-201.6	-1142.2	-1024.0	-12.4	
81.30	0.2	10.3	6.9	2.0	-36.8	44.3	-12.2	7.7	-202.1	-996.8	-1061.8	-13.1	
81.35	1.2	10.4	6.4	2.0	-36.0	44.4	-13.7	1.6	-201.7	-847.5	-1106.4	-14.0	
81.40	2.1	10.5	5.7	2.0	-35.0	44.5	-14.9	-2.9	-201.6	-647.1	-1142.9	-15.5	
81.45	3.0	10.4	5.5	2.0	-33.8	44.6	-16.0	-9.7	-202.0	-387.5	-1152.1	-15.0	
81.50	3.9	10.5	5.2	2.0	-32.2	44.7	-13.7	-18.9	-202.9	-143.1	-1067.0	-14.4	
81.55	4.9	10.7	5.6	2.0	-30.6	44.8	-9.8	-23.4	-203.3	76.5	-948.6	-11.6	
81.60	5.8	10.5	6.8	2.0	-29.9	44.9	-6.5	-26.6	-203.4	272.2	-851.0	-6.6	
81.65	6.7	10.4	7.7	2.0	-30.8	45.0	-5.0	-33.4	-204.3	478.8	-805.0	-4.2	
81.70	7.6	10.4	9.1	2.0	-34.1	45.1	-8.7	-40.5	-205.0	748.1	-893.8	-2.9	
81.75	8.5	10.3	10.9	2.0	-38.6	45.2	-15.3	-48.9	-205.3	1013.6	-1073.3	-1.2	
81.80	9.4	10.6	12.6	2.0	-42.8	45.3	-20.9	-56.7	-205.9	1246.9	-1249.9	0.5	
81.85	10.3	10.9	13.7	2.0	-46.8	45.4	-26.0	-61.3	-206.2	1490.2	-1413.0	0.4	
81.90	11.2	10.7	14.2	2.0	-50.0	45.5	-28.5	-67.8	-207.2	1716.0	-1492.5	-1.3	
81.95	12.0	10.8	15.6	2.0	-51.9	45.6	-29.0	-74.5	-208.6	1870.5	-1503.5	1.6	
82.00	12.9	11.0	17.1	2.0	-52.6	45.7	-28.7	-75.1	-209.3	1944.9	-1495.9	5.9	
82.05	13.8	11.4	19.1	2.0	-52.5	45.8	-27.4	-73.4	-208.6	1946.8	-1482.0	13.2	
82.10	14.7	11.2	20.4	2.0	-52.6	45.9	-26.1	-73.5	-206.8	1964.1	-1476.9	17.4	
82.15	15.5	11.1	20.2	2.0	-53.7	46.0	-26.0	-75.6	-205.3	2063.3	-1479.8	15.6	
82.20	16.4	11.5	19.4	2.0	-54.7	46.1	-24.3	-81.2	-205.4	2170.6	-1424.5	12.1	
82.25	17.2	11.4	17.9	2.0	-55.0	46.2	-20.9	-88.1	-204.9	2247.7	-1323.2	6.5	
82.30	18.1	11.1	15.6	2.0	-55.6	46.3	-17.5	-94.3	-203.2	2336.9	-1217.2	-2.2	
82.35	19.0	11.0	12.7	2.0	-55.8	46.4	-15.0	-101.4	-202.8	2387.7	-1106.4	-12.1	
82.40	19.8	11.0	10.6	2.0	-55.1	46.5	-14.4	-105.9	-204.0	2357.4	-1011.6	-18.6	
82.45	20.7	11.0	9.3	2.0	-53.8	46.6	-14.3	-105.0	-203.4	2277.6	-954.1	-22.0	
82.50	21.5	11.2	8.4	2.0	-52.0	46.7	-11.5	-103.9	-199.9	2169.5	-887.2	-23.4	
82.55	22.4	11.3	7.1	2.0	-50.6	46.8	-6.6	-105.1	-196.5	2091.9	-779.9	-26.3	
82.60	23.2	11.3	6.1	2.0	-49.9	46.9	-2.8	-107.3	-195.7	2074.0	-655.3	-29.1	
82.65	24.0	11.1	5.2	2.0	-49.5	47.0	0.9	-110.6	-195.6	2067.9	-525.0	-31.7	
82.70	24.9	11.2	4.6	2.0	-48.9	47.1	4.2	-111.5	-193.8	2040.6	-435.4	-33.2	
82.75	25.7	11.4	4.4	2.0	-48.9	47.2	4.6	-111.4	-191.3	2045.4	-430.0	-33.7	
82.80	26.5	11.5	4.5	2.0	-49.8	47.3	1.4	-115.6	-190.9	2094.2	-485.3	-34.5	
82.85	27.3	11.3	4.3	2.0	-51.6	47.4	-4.1	-121.2	-191.4	2184.7	-593.1	-36.7	
82.90	28.1	11.2	4.9	2.0	-53.6	47.5	-8.4	-124.8	-189.8	2296.5	-717.1	-36.9	
82.95	28.9	11.4	6.0	2.0	-55.3	47.6	-8.6	-128.4	-186.2	2402.7	-789.7	-34.7	
83.00	29.7	11.3	6.9	2.0	-57.3	47.7	-6.7	-133.1	-184.0	2547.9	-800.3	-33.5	
83.05	30.5	11.3	7.6	2.0	-59.8	47.8	-6.2	-138.3	-183.8	2729.9	-796.5	-33.6	
83.10	31.3	11.4	9.1	2.0	-62.2	47.9	-5.8	-144.1	-183.7	2901.1	-795.8	-31.0	
83.15	32.1	11.5	11.1	2.0	-64.4	48.0	-6.0	-147.6	-181.6	3053.8	-847.6	-26.2	
83.20	32.9	11.7	13.1	2.0	-67.2	48.1	-8.0	-149.8	-179.0	3235.0	-956.0	-22.3	
83.25	33.7	12.1	15.0	2.0	-70.8	48.2	-11.5	-156.4	-177.8	3460.3	-1079.4	-19.1	
83.30	34.5	12.1	16.0	2.0	-74.9	48.3	-15.9	-164.7	-177.5	3726.2	-1194.7	-20.0	
83.35	35.3	12.2	16.7	2.0	-78.4	48.4	-18.6	-169.8	-175.6	3963.2	-1279.4	-21.2	
83.40	36.0	12.3	17.8	2.0	-80.6	48.5	-17.6	-174.6	-172.6	4123.7	-1293.1	-19.7	
83.45	36.8	12.0	18.4	2.0	-82.5	48.6	-15.8	-179.7	-170.2	4265.3	-1261.1	-19.4	
83.50	37.6	11.8	18.1	2.0	-84.4	48.7	-14.8	-184.1	-169.2	4425.0	-1204.6	-22.4	
83.55	38.4	11.8	17.9	2.0	-86.1	48.8	-12.6	-190.0	-168.5	4560.5	-1114.4	-24.6	
83.60	39.1	11.8	18.3	2.0	-87.2	48.9	-10.2	-192.6	-165.5	4655.3	-1048.8	-24.5	
83.65	39.9	11.9	18.6	2.0	-88.2	49.0	-8.3	-193.4	-161.5	4740.7	-1006.0	-24.3	
83.70	40.6	12.0	18.6	2.0	-89.3	49.1	-6.6	-197.5	-159.5	4834.2	-924.2	-25.5	
83.75	41.4	11.8	17.5	2.0	-90.3	49.2	-5.4	-201.7	-159.2	4926.2	-796.3	-30.2	
83.80	42.1	11.7	16.3	2.0	-90.5	49.3	-3.4	-202.6	-158.0	4958.0	-644.3	-34.5	
83.85	42.9	11.7	15.1	2.0	-89.7	49.4	0.4	-202.3	-155.6	4915.4	-481.3	-37.8	
83.90	43.6	11.6	14.5	2.0	-88.6	49.5	3.2	-202.4	-153.3	4851.9	-351.6	-38.9	
83.95	44.4	11.6	12.7	2.0	-87.9	49.6	3.8	-202.1	-152.0	4804.1	-256.6	-44.3	
84.00	45.1	11.7	11.2	2.0	-87.2	49.7	4.3	-202.0	-150.9	4753.2	-170.6	-48.6	
84.05	45.9	11.7	10.4	2.0	-86.2	49.8	5.5	-201.6	-148.2	4686.2	-108.1	-50.6	
84.10	46.6	11.5	9.7	2.0	-85.5	49.9	7.5	-201.4	-144.9	4634.9	-61.4	-52.1	
84.15	47.4	11.4	9.3	2.0	-85.5	50.0	10.0	-205.3	-142.6	4623.6	-0.4	-53.4	
84.20	48.1	11.4	8.6	2.0	-85.9	50.1	11.8	-209.9	-141.1	4642.8	69.5	-56.4	
84.25	48.8	11.1	7.5	2.0	-86.2	50.2	13.1	-211.0	-140.1	4661.8	135.6	-60.6	
84.30	49.6	10.9	7.5	2.0	-86.3	50.3	14.6	-211.7	-138.5	4666.8	171.6	-60.4	
84.35	50.3	10.7	7.9	2.0	-87.0	50.4	14.8	-214.7	-135.9	4714.4	135.2	-59.8	
84.40	51.0	10.4	8.3	2.0	-88.4	50.5	12.4	-218.1	-132.9	4810.8	27.4	-60.0	
84.45	51.7	10.4	8.7	2.0	-89.6	50.6	9.8	-221.5	-131.1	4894.2	-77.0	-59.9	
84.50	52.4	10.6	9.5	2.0	-90.6	50.7	7.8	-224.0	-129.4	4965.3	-175.9	-58.1	
84.55	53.1	10.7	10.2	2.0	-91.9	50.8	5.6	-226.6	-126.4	5052.9	-313.0	-56.8	
84.60	53.8	10.7	11.4	2.0	-93.3	50.9	3.2	-230.5	-123.1	5133.4	-478.1	-54.2	
84.65	54.5	10.7	12.8	2.0	-94.4	51.0	0.4	-233.9	-121.3	5196.2	-635.4	-50.5	
84.70	55.2	10.9	14.2	2.0	-95.6	51.1	-3.1	-234.9	-119.8	5262.0	-794.2	-46.8	
84.75	55.9	10.6	15.3	2.0	-97.2	51.2	-6.7	-236.2	-117.4	5353.3	-960.3	-44.5	
84.80	56.6	10.2	16.4	2.0	-99.0	51.3	-9.7	-238.9	-114.4	5459.0	-1119.5	-42.7	
84.85	57.3	10.0	17.8	2.0	-100.8	51.4	-13.1	-241.6	-111.6	5559.0	-1258.7	-39.7	
84.90	58.0	10.1	18.9	2.0	-102.0	51.5	-16.0	-243.0	-109.3	5632.4	-1342.5	-37.0	
84.95	58.7	10.0	19.3	2.0	-102.9	51.6	-16.9	-244.2	-107.1	5696.2	-1357.0	-36.7	
85.00	59.3	9.9	19.2	2.0	-103.9	51.7	-17.5	-245.5	-104.2	5770.5	-1360.9	-37.9	
85.05	60.0	9.9	19.1	2.0	-104.7	51.8	-18.0	-247.1	-102.4	5831.2	-1350.3	-39.2	
85.10	60.7	9.9	19.1	2.0	-105.4	51.9	-17.3	-250.2	-101.4	5885.8	-1314.6	-39.9	
85.15	61.4	9.9	18.6	2.0	-105.9	52.0	-16.5	-252.5	-99.3	5927.8	-1275.9	-42.1	
85.20	62.0	9.8	17.6	2.0	-106.1	52.1	-14.9	-253.8	-96.8	5955.1	-1206.9	-45.8	
85.25	62.7	9.8	16.9	2.0	-106.0	52.2	-13.3	-255.1	-94.7	5965.8	-1114.9	-47.9	
85.30	63.4	10.0	16.3	2.0	-105.7	52.3	-11.2	-256.0	-92.6	5960.9	-999.4	-49.6	
85.35	64.0	10.3	15.6	2.0	-104.7	52.4	-8.5	-255.0	-89.8	5910.3	-871.5	-51.2	
85.40	64.7	10.3	14.8	2.0	-103.3	52.5	-5.5	-253.5	-86.3	5831.9	-740.1	-52.5	
85.45	65.4	10.3	13.9	2.0	-102.3	52.6	-4.0	-252.2	-83.7	5769.2	-625.8	-54.6	
85.50	66.0	10.3	12.5	2.0	-101.3	52.7	-3.7	-251.0	-82.5	5713.0	-535.5	-58.6	
85.55	66.7	10.6	11.8	2.0	-100.7	52.8	-2.8	-250.9	-80.4	5674.5	-472.7	-60.3	
85.60	67.3	10.6	11.1	2.0	-100.5	52.9	-1.4	-250.4	-76.4	5661.4	-427.3	-62.3	
85.65	67.9	10.4	10.4	2.0	-100.5	53.0	-0.1	-250.9	-72.9	5673.0	-369.0	-65.0	
85.70	68.6	10.4	9.9	2.0	-100.7	53.1	1.9	-253.7	-70.3	5680.6	-290.6	-66.7	
85.75	69.2	10.3	9.4	2.0	-100.9	53.2	4.5	-256.2	-66.5	5693.5	-225.9	-68.6	
85.80	69.9	10.3	9.2	2.0	-101.0	53.3	7.5	-256.5	-61.8	5706.3	-164.5	-69.3	
85.85	70.5	10.2	9.5	2.0	-101.1	53.4	10.3	-256.2	-58.5	5718.5	-88.9	-68.5	
85.90	71.1	10.1	9.5	2.0	-101.5	53.5	10.7	-256.7	-56.6	5753.8	-52.1	-68.9	
85.95	71.8	10.0	9.4	2.0	-102.7	53.6	9.6	-259.3	-54.0	5833.7	-74.6	-70.5	
86.00	72.4	9.9	8.9	2.0	-104.2	53.7	8.9	-263.7	-50.5	5942.1	-121.7	-73.8	
86.05	73.0	10.0	9.3	2.0	-105.3	53.8	7.1	-265.1	-47.5	6021.0	-174.4	-73.4	
86.10	73.6	10.1	9.5	2.0	-106.4	53.9	4.6	-266.3	-45.8	6099.7	-216.8	-73.8	
86.15	74.2	10.0	9.9	2.0	-108.0	54.0	2.5	-271.3	-43.6	6203.2	-280.6	-73.9	
86.20	74.9	9.9	10.3	2.0	-109.6	54.1	1.1	-276.4	-40.4	6309.7	-374.1	-74.2	
86.25	75.5	9.9	11.3	2.0	-110.4	54.2	-0.7	-276.7	-37.5	6365.7	-483.6	-71.7	
86.30	76.1	9.9	12.4	2.0	-110.8	54.3	-1.9	-274.3	-35.7	6393.2	-562.7	-68.2	
86.35	76.7	10.0	13.4	2.0	-111.7	54.4	-2.7	-274.3	-34.0	6458.4	-621.1	-65.7	
86.40	77.3	10.0	13.9	2.0	-113.3	54.5	-4.1	-276.8	-31.6	6567.6	-687.6	-65.7	
86.45	77.9	9.9	14.5	2.0	-114.8	54.6	-5.0	-279.5	-29.0	6673.1	-747.3	-65.0	
86.50	78.5	9.7	15.4	2.0	-115.9	54.7	-5.4	-280.5	-26.4	6747.5	-797.2	-63.0	
86.55	79.1	9.5	16.2	2.0	-117.2	54.8	-6.4	-282.7	-23.3	6836.5	-857.4	-61.6	
86.60	79.7	9.4	15.9	2.0	-118.7	54.9	-8.6	-285.8	-20.5	6937.5	-926.6	-64.0	
86.65	80.3	9.8	16.2	2.0	-119.6	55.0	-11.2	-286.8	-19.4	6993.6	-970.6	-64.0	
86.70	80.8	10.0	16.5	2.0	-119.4	55.1	-11.5	-285.7	-18.4	6984.4	-976.0	-62.8	
86.75	81.4	9.7	16.2	2.0	-118.8	55.2	-9.6	-284.1	-14.7	6948.4	-967.0	-63.3	
86.80	82.0	9.5	15.8	2.0	-118.1	55.3	-6.8	-283.4	-10.4	6908.7	-915.7	-63.9	
86.85	82.6	9.3	15.3	2.0	-117.1	55.4	-4.0	-282.9	-8.2	6847.3	-791.6	-64.6	
86.90	83.2	8.9	14.6	2.0	-115.9	55.5	-1.4	-281.7	-6.2	6775.5	-651.3	-65.6	
86.95	83.7	9.1	13.6	2.0	-114.8	55.6	1.1	-280.1	-1.9	6707.3	-556.3	-68.0	
87.00	84.3	9.1	12.7	2.0	-113.7	55.7	3.8	-279.9	3.1	6634.9	-484.4	-70.1	
87.05	84.9	8.9	11.8	2.0	-112.7	55.8	4.8	-278.9	5.8	6562.3	-392.6	-72.0	
87.10	85.4	8.7	11.1	2.0	-111.6	55.9	4.2	-276.5	6.5	6491.7	-280.5	-73.6	
87.15	86.0	8.6	9.7	2.0	-110.6	56.0	6.1	-275.6	8.1	6425.7	-141.8	-77.4	
87.20	86.5	8.9	8.5	2.0	-110.1	56.1	10.4	-277.0	12.2	6376.8	-6.6	-80.7	
87.25	87.1	9.2	7.8	2.0	-109.2	56.2	14.5	-276.2	16.4	6309.3	125.0	-82.4	
87.30	87.7	9.4	7.3	2.0	-108.1	56.3	18.5	-274.4	19.0	6222.3	277.5	-83.1	
87.35	88.2	9.5	6.7	2.0	-107.3	56.4	21.7	-273.9	21.6	6152.7	398.3	-84.4	
87.40	88.8	9.1	6.1	2.0	-106.6	56.5	23.0	-271.6	25.1	6098.3	443.4	-85.7	
87.45	89.3	8.9	6.0	2.0	-105.7	56.6	24.0	-268.7	27.7	6034.9	462.5	-85.0	
87.50	89.9	8.9	6.4	2.0	-104.8	56.7	24.7	-267.3	28.9	5973.8	479.9	-82.8	
87.55	90.5	8.9	6.2	2.0	-104.8	56.8	23.7	-267.6	30.4	5971.3	460.2	-83.6	
87.60	91.0	8.8	5.4	2.0	-105.6	56.9	22.3	-270.3	33.0	6023.7	416.7	-87.0	
87.65	91.6	8.9	5.6	2.0	-106.4	57.0	21.7	-272.3	35.4	6080.4	383.5	-87.2	
87.70	92.1	8.8	6.5	2.0	-106.7	57.1	21.3	-272.4	37.8	6105.6	334.0	-84.3	
87.75	92.7	8.9	7.2	2.0	-107.0	57.2	19.8	-272.1	41.0	6130.8	234.8	-82.3	
87.80	93.2	9.1	7.7	2.0	-107.7	57.3	16.9	-273.1	44.4	6180.0	99.3	-81.4	
87.85	93.7	9.1	8.5	2.0	-108.5	57.4	14.5	-274.4	46.6	6234.9	-12.1	-79.3	
87.90	94.3	9.3	9.6	2.0	-109.4	57.5	13.4	-274.2	48.2	6304.0	-90.3	-76.6	
87.95	94.8	9.5	10.4	2.0	-110.9	57.6	13.3	-274.9	51.2	6413.7	-176.9	-75.1	
88.00	95.4	9.4	11.1	2.0	-112.7	57.7	13.8	-278.2	55.3	6530.5	-258.6	-74.4	
88.05	95.9	9.4	11.6	2.0	-114.1	57.8	12.4	-282.0	58.7	6622.9	-340.4	-74.2	
88.10	96.4	9.3	12.1	2.0	-115.1	57.9	8.7	-283.5	60.6	6687.6	-422.0	-73.4	
88.15	96.9	9.0	12.6	2.0	-116.1	58.0	5.3	-283.4	62.6	6753.2	-505.7	-72.9	
88.20	97.5	9.4	13.3	2.0	-117.1	58.1	3.8	-283.7	65.9	6823.7	-582.9	-71.5	
88.25	98.0	9.9	13.8	2.0	-117.8	58.2	2.9	-282.6	69.1	6869.5	-638.4	-70.4	
88.30	98.5	9.7	14.1	2.0	-117.8	58.3	2.3	-281.3	70.5	6878.0	-635.2	-69.6	
88.35	99.0	9.8	13.9	2.0	-117.7	58.4	3.3	-281.5	71.6	6870.6	-571.0	-69.8	
88.40	99.5	9.8	13.7	2.0	-117.4	58.5	5.9	-281.0	74.0	6855.6	-476.1	-70.2	
88.45	100.1	9.6	13.7	2.0	-116.5	58.6	9.2	-278.2	77.3	6801.4	-366.3	-69.6	
88.50	100.6	9.4	13.8	2.0	-115.2	58.7	12.6	-274.7	79.7	6713.4	-235.5	-67.8	
88.55	101.1	9.3	12.9	2.0	-114.4	58.8	14.0	-273.1	81.5	6657.3	-126.8	-70.1	
88.60	101.6	9.5	11.6	2.0	-114.1	58.9	14.8	-274.0	83.4	6634.0	-31.7	-74.3	
88.65	102.1	9.6	10.4	2.0	-113.6	59.0	16.9	-274.9	85.0	6593.2	91.9	-77.8	
88.70	102.6	9.8	9.4	2.0	-112.7	59.1	19.9	-272.9	86.2	6525.3	234.3	-80.3	
88.75	103.2	10.0	8.5	2.0	-111.5	59.2	23.0	-269.1	87.7	6435.2	379.5	-82.3	
88.80	103.7	9.7	7.6	2.0	-110.2	59.3	26.2	-268.0	89.4	6328.7	531.0	-84.1	
88.85	104.2	9.6	6.6	2.0	-109.1	59.4	28.6	-268.3	91.4	6227.7	658.7	-86.4	
88.90	104.7	9.5	5.7	2.0	-108.0	59.5	30.1	-266.7	94.0	6136.0	736.7	-88.3	
88.95	105.2	9.5	5.2	2.0	-107.2	59.6	32.6	-265.0	96.9	6069.8	793.2	-89.3	
89.00	105.7	9.8	4.7	2.0	-106.6	59.7	34.6	-262.4	99.4	6025.2	816.9	-90.3	
89.05	106.2	10.3	4.6	2.0	-106.0	59.8	34.4	-260.8	101.5	5989.5	797.5	-90.2	
89.10	106.7	10.9	4.5	2.0	-105.2	59.9	33.1	-261.4	103.1	5929.9	754.3	-89.7	
89.15	107.2	11.0	4.7	2.0	-104.1	60.0	31.1	-261.4	104.6	5853.1	686.7	-88.0	
89.20	107.7	10.9	4.9	2.0	-103.3	60.1	28.4	-259.0	106.7	5807.1	586.1	-86.6	
89.25	108.2	10.8	5.5	2.0	-103.1	60.2	26.2	-257.7	109.8	5807.0	469.1	-84.3	
89.30	108.7	10.5	6.3	2.0	-103.4	60.3	23.9	-258.4	113.0	5836.0	332.8	-81.9	
89.35	109.2	10.3	7.0	2.0	-103.9	60.4	20.1	-258.4	116.0	5878.9	154.6	-79.9	
89.40	109.7	10.5	7.6	2.0	-104.3	60.5	16.0	-258.9	118.1	5906.1	-24.5	-78.1	
89.45	110.2	10.6	8.6	2.0	-104.5	60.6	13.4	-259.7	119.8	5921.9	-167.9	-74.9	
89.50	110.6	10.8	9.8	2.0	-105.0	60.7	11.6	-258.4	121.8	5956.3	-284.2	-71.5	
89.55	111.1	11.1	11.0	2.0	-105.6	60.8	10.9	-257.0	123.6	5996.0	-360.6	-67.8	
89.60	111.6	11.1	12.2	2.0	-105.8	60.9	11.2	-257.5	125.2	6010.1	-409.0	-64.1	
89.65	112.1	11.0	12.4	2.0	-106.3	61.0	9.5	-258.6	127.0	6038.1	-482.7	-63.7	
89.70	112.6	11.0	12.2	2.0	-107.2	61.1	6.0	-259.7	128.8	6094.7	-567.9	-65.5	
89.75	113.0	11.0	12.4	2.0	-108.2	61.2	4.1	-261.9	129.8	6157.8	-615.7	-65.7	
89.80	113.5	10.9	12.5	2.0	-109.0	61.3	2.9	-262.5	131.2	6215.2	-653.6	-66.1	
89.85	114.0	10.7	12.3	2.0	-109.4	61.4	1.2	-260.2	132.9	6246.2	-678.3	-67.2	
89.90	114.4	10.6	12.1	2.0	-109.1	61.5	2.2	-259.4	133.9	6230.3	-620.5	-67.7	
89.95	114.9	10.5	11.9	2.0	-108.6	61.6	5.5	-260.2	134.8	6203.3	-485.6	-67.9	
90.00	115.4	10.5	11.4	2.0	-108.2	61.7	9.1	-258.7	136.8	6186.6	-326.0	-69.1	
90.05	115.8	10.7	11.4	2.0	-107.7	61.8	13.6	-255.8	139.0	6156.7	-147.4	-68.6	
90.10	116.3	10.8	11.1	2.0	-107.3	61.9	17.5	-253.9	141.3	6130.1	0.2	-69.2	
90.15	116.7	10.8	10.1	2.0	-107.3	62.0	17.9	-253.3	143.6	6129.6	70.2	-72.7	
90.20	117.2	10.6	9.2	2.0	-107.3	62.1	16.6	-254.6	145.5	6129.1	105.4	-75.7	
90.25	117.6	10.6	8.5	2.0	-107.2	62.2	16.7	-255.3	147.7	6114.2	158.9	-78.1	
90.30	118.1	10.5	8.2	2.0	-106.9	62.3	18.4	-253.6	149.8	6091.9	250.6	-78.7	
90.35	118.5	10.5	7.9	2.0	-106.5	62.4	20.9	-250.5	151.5	6059.1	370.1	-79.4	
90.40	118.9	10.6	7.7	2.0	-105.8	62.5	24.1	-248.5	153.3	6002.7	500.9	-79.5	
90.45	119.4	10.8	7.7	2.0	-105.0	62.6	26.7	-247.2	155.8	5932.5	602.5	-78.5	
90.50	119.8	11.0	7.6	2.0	-104.4	62.7	27.9	-245.5	158.6	5883.7	650.4	-78.4	
90.55	120.2	11.0	7.2	2.0	-103.9	62.8	28.3	-243.5	160.4	5851.0	655.6	-79.1	
90.60	120.7	10.9	7.2	2.0	-103.4	62.9	28.3	-242.3	161.9	5820.3	639.9	-78.7	
90.65	121.1	10.9	7.2	2.0	-103.1	63.0	27.1	-241.2	164.2	5799.6	594.3	-78.4	
90.70	121.5	11.0	6.8	2.0	-102.6	63.1	26.1	-240.7	165.9	5765.9	553.9	-79.1	
90.75	122.0	11.0	6.6	2.0	-101.8	63.2	26.0	-240.1	166.5	5707.6	549.4	-79.0	
90.80	122.4	10.9	6.9	2.0	-101.1	63.3	25.2	-238.6	167.1	5658.5	538.6	-77.5	
90.85	122.8	10.8	6.7	2.0	-100.8	63.4	24.4	-236.9	169.1	5647.7	498.7	-77.7	
90.90	123.3	10.4	6.8	2.0	-100.7	63.5	24.8	-236.9	170.8	5639.2	458.0	-77.3	
90.95	123.7	10.3	7.2	2.0	-100.6	63.6	23.7	-237.3	172.0	5633.2	387.9	-75.8	
91.00	124.1	10.2	7.4	2.0	-100.7	63.7	21.4	-237.8	173.1	5643.5	298.0	-75.3	
91.05	124.5	10.2	7.4	2.0	-100.8	63.8	19.9	-238.6	173.9	5658.0	219.9	-75.3	
91.10	124.9	10.2	7.9	2.0	-100.8	63.9	19.3	-237.8	175.3	5660.0	155.3	-73.8	
91.15	125.3	10.3	8.8	2.0	-100.3	64.0	18.9	-235.0	176.8	5628.1	98.7	-70.2	
91.20	125.7	10.5	9.6	2.0	-99.2	64.1	17.3	-231.8	177.8	5559.9	36.3	-66.4	
91.25	126.1	10.6	9.6	2.0	-98.6	64.2	14.9	-230.7	179.1	5512.7	-46.0	-65.8	
91.30	126.5	10.7	9.2	2.0	-98.5	64.3	12.5	-230.9	181.2	5505.4	-136.6	-66.9	
91.35	126.9	10.5	9.6	2.0	-98.4	64.4	11.4	-229.9	183.1	5495.9	-190.0	-65.3	
91.40	127.3	10.6	10.3	2.0	-98.2	64.5	11.6	-228.3	184.9	5485.3	-212.2	-63.0	
91.45	127.7	10.9	10.2	2.0	-98.3	64.6	11.2	-227.5	186.8	5490.2	-240.0	-63.4	
91.50	128.1	10.9	10.0	2.0	-98.2	64.7	10.7	-227.2	188.8	5479.5	-249.7	-63.8	
91.55	128.5	10.7	10.2	2.0	-97.1	64.8	10.9	-224.0	190.5	5405.1	-216.2	-62.0	
91.60	128.9	10.4	11.0	2.0	-95.5	64.9	12.7	-218.8	192.2	5301.8	-145.8	-57.6	
91.65	129.2	10.4	10.8	2.0	-94.4	65.0	14.8	-215.4	194.4	5229.6	-73.2	-57.2	
91.70	129.6	10.1	10.1	2.0	-93.8	65.1	16.2	-214.1	196.5	5188.7	-1.7	-59.2	
91.75	130.0	9.8	9.4	2.0	-93.3	65.2	17.7	-213.9	197.5	5142.4	88.5	-61.1	
91.80	130.4	9.9	8.6	2.0	-92.6	65.3	19.9	-214.0	198.4	5090.6	183.4	-62.9	
91.85	130.8	9.9	7.6	2.0	-92.1	65.4	21.5	-213.0	200.0	5047.8	256.1	-66.1	
91.90	131.1	9.7	6.4	2.0	-91.1	65.5	22.8	-209.8	201.5	4978.8	328.1	-69.2	
91.95	131.5	9.4	6.2	2.0	-89.7	65.6	24.7	-206.4	202.0	4870.0	433.1	-68.5	
92.00	131.9	9.1	6.0	2.0	-88.4	65.7	26.9	-204.0	202.6	4765.2	541.2	-67.9	
92.05	132.3	8.9	5.2	2.0	-87.9	65.8	29.2	-203.2	204.4	4715.1	630.8	-70.2	
92.10	132.6	8.6	4.7	2.0	-87.9	65.9	32.5	-203.6	206.2	4700.0	726.6	-71.8	
92.15	133.0	8.3	4.4	2.0	-88.0	66.0	36.1	-203.4	206.8	4687.9	828.9	-72.8	
92.20	133.4	8.2	4.0	2.0	-87.9	66.1	37.1	-201.8	207.4	4679.8	862.3	-74.1	
92.25	133.7	8.2	3.5	2.0	-87.7	66.2	35.7	-201.6	208.6	4667.8	823.4	-75.7	
92.30	134.1	8.4	3.4	2.0	-86.9	66.3	33.3	-201.4	209.8	4625.2	751.2	-75.2	
92.35	134.5	8.5	3.9	2.0	-86.1	66.4	30.8	-199.0	210.7	4579.5	669.9	-72.7	
92.40	134.8	8.3	4.4	2.0	-85.7	66.5	29.4	-196.7	211.8	4566.0	598.7	-70.7	
92.45	135.2	8.2	4.7	2.0	-85.7	66.6	30.0	-196.2	213.7	4576.1	554.3	-69.5	
92.50	135.5	8.0	5.3	2.0	-85.9	66.7	31.2	-196.6	215.8	4590.8	526.0	-67.9	
92.55	135.9	7.8	5.7	2.0	-85.9	66.8	31.3	-196.5	217.5	4594.7	483.5	-66.5	
92.60	136.2	7.7	6.4	2.0	-85.7	66.9	29.6	-195.2	218.3	4584.2	411.0	-63.9	
92.65	136.6	7.8	6.9	2.0	-85.3	67.0	26.7	-192.6	218.9	4571.2	305.5	-61.5	
92.70	136.9	8.0	7.5	2.0	-84.9	67.1	23.7	-189.5	220.2	4561.3	182.4	-59.1	
92.75	137.3	7.9	8.3	2.0	-84.8	67.2	21.0	-187.4	221.9	4558.7	74.9	-56.4	
92.80	137.6	8.0	8.6	2.0	-84.9	67.3	19.2	-187.9	223.1	4569.4	13.8	-55.4	
92.85	137.9	8.3	8.3	2.0	-85.2	67.4	19.0	-188.4	223.9	4586.0	3.1	-56.7	
92.90	138.3	8.3	8.3	2.0	-85.1	67.5	20.7	-187.2	224.7	4581.0	49.7	-56.5	
92.95	138.6	8.6	8.6	2.0	-84.6	67.6	24.1	-185.5	226.1	4548.2	132.8	-55.2	
93.00	138.9	9.0	8.6	2.0	-84.1	67.7	26.4	-183.9	227.1	4506.1	207.9	-54.4	
93.05	139.3	8.8	8.2	2.0	-83.6	67.8	26.3	-181.8	227.4	4470.9	247.0	-55.3	
93.10	139.6	8.6	7.7	2.0	-83.0	67.9	25.5	-180.0	227.4	4432.2	276.0	-56.4	
93.15	139.9	8.6	7.4	2.0	-82.3	68.0	26.1	-178.5	228.0	4381.9	318.7	-57.0	
93.20	140.3	8.9	6.9	2.0	-81.8	68.1	27.2	-177.0	229.1	4339.9	368.8	-58.0	
93.25	140.6	9.2	6.1	2.0	-81.6	68.2	28.8	-176.7	230.2	4316.8	441.6	-60.8	
93.30	140.9	9.3	5.3	2.0	-81.2	68.3	30.9	-176.3	230.5	4274.2	543.7	-63.0	
93.35	141.3	9.1	5.0	2.0	-80.0	68.4	33.3	-173.6	230.3	4175.9	658.0	-62.9	
93.40	141.6	9.3	4.8	2.0	-78.7	68.5	36.3	-171.1	231.2	4063.2	747.1	-62.3	
93.45	141.9	9.5	4.2	2.0	-77.8	68.6	38.1	-170.1	233.4	3983.8	787.4	-63.4	
93.50	142.2	9.4	3.8	2.0	-77.3	68.7	37.9	-169.6	234.4	3943.7	804.8	-64.2	
93.55	142.6	9.3	3.8	2.0	-76.9	68.8	37.2	-167.8	234.1	3916.5	813.5	-63.8	
93.60	142.9	9.3	3.4	2.0	-76.5	68.9	37.1	-166.8	234.9	3896.8	799.5	-64.9	
93.65	143.2	9.6	2.9	2.0	-76.2	69.0	37.0	-166.3	237.9	3875.6	759.5	-66.1	
93.70	143.5	9.7	3.0	2.0	-75.5	69.1	36.4	-165.0	239.5	3826.8	736.6	-65.1	
93.75	143.8	9.7	3.6	2.0	-74.3	69.2	35.9	-162.1	238.5	3747.5	743.5	-62.0	
93.80	144.1	9.5	3.7	2.0	-73.3	69.3	36.0	-159.4	238.3	3679.5	731.8	-60.5	
93.85	144.4	9.6	3.6	2.0	-72.7	69.4	35.8	-158.4	240.9	3647.8	672.0	-60.4	
93.90	144.7	9.8	3.8	2.0	-72.2	69.5	34.9	-157.7	242.8	3621.7	597.9	-59.2	
93.95	145.0	10.0	4.2	2.0	-71.7	69.6	33.4	-157.0	242.1	3595.7	530.0	-57.3	
94.00	145.3	9.9	4.0	2.0	-71.5	69.7	30.7	-156.4	241.9	3598.8	433.0	-57.8	
94.05	145.7	9.8	4.0	2.0	-71.4	69.8	28.5	-155.4	244.0	3600.8	336.5	-57.6	
94.10	145.9	9.6	5.0	2.0	-70.7	69.9	28.7	-153.1	245.4	3555.3	304.6	-53.6	
94.15	146.2	9.9	5.8	2.0	-69.9	70.0	29.4	-150.0	244.6	3502.6	318.5	-50.0	
94.20	146.5	10.0	5.6	2.0	-69.8	70.1	28.8	-148.8	244.1	3504.0	323.5	-50.7	
94.25	146.8	10.1	5.4	2.0	-70.3	70.2	28.4	-150.1	245.2	3538.4	328.2	-52.0	
94.30	147.1	10.0	5.8	2.0	-70.6	70.3	28.9	-150.4	245.7	3550.9	344.1	-50.7	
94.35	147.4	9.9	5.8	2.0	-70.5	70.4	28.6	-149.6	245.4	3553.7	331.4	-50.6	
94.40	147.7	10.0	5.0	2.0	-70.6	70.5	26.5	-149.2	246.2	3564.1	271.1	-53.3	
94.45	148.0	10.3	4.8	2.0	-70.7	70.6	24.5	-150.5	247.9	3570.4	226.5	-54.3	
94.50	148.3	10.2	5.3	2.0	-70.4	70.7	24.8	-149.8	248.4	3546.4	254.1	-52.3	
94.55	148.6	10.0	5.6	2.0	-69.8	70.8	26.6	-146.0	247.8	3506.5	325.7	-50.7	
94.60	148.9	9.9	5.6	2.0	-69.5	70.9	29.2	-144.0	249.0	3483.4	403.4	-50.4	
94.65	149.1	10.4	5.5	2.0	-69.6	71.0	31.1	-145.0	250.9	3475.4	468.2	-50.8	
94.70	149.4	10.5	5.2	2.0	-69.5	71.1	30.4	-144.6	250.7	3464.8	492.7	-51.6	
94.75	149.7	10.3	4.9	2.0	-69.2	71.2	28.8	-143.0	249.9	3448.5	480.3	-52.4	
94.80	150.0	10.2	4.7	2.0	-68.8	71.3	28.1	-142.3	251.7	3425.1	442.9	-52.8	
94.85	150.3	10.3	4.7	2.0	-68.5	71.4	27.3	-142.0	254.7	3403.1	402.1	-52.4	
94.90	150.5	10.5	4.3	2.0	-67.8	71.5	26.7	-139.6	254.9	3361.2	405.8	-53.0	
94.95	150.8	10.3	4.5	2.0	-67.0	71.6	27.9	-137.0	253.9	3299.7	469.0	-51.5	
95.00	151.1	10.3	4.7	2.0	-66.5	71.7	31.1	-136.1	255.2	3243.6	556.3	-50.5	
95.05	151.3	10.3	4.8	2.0	-66.1	71.8	33.8	-134.8	257.7	3205.4	620.5	-49.6	
95.10	151.6	10.4	4.9	2.0	-65.7	71.9	35.0	-132.6	257.7	3165.1	664.4	-48.8	
95.15	151.9	10.0	4.5	2.0	-65.0	72.0	34.6	-131.2	256.4	3120.6	673.9	-49.7	
95.20	152.1	9.6	3.8	2.0	-64.7	72.1	32.2	-131.7	257.3	3106.0	618.5	-51.8	
95.25	152.4	9.4	3.2	2.0	-64.4	72.2	29.2	-131.8	259.5	3095.5	540.1	-53.5	
95.30	152.7	9.1	3.0	2.0	-63.6	72.3	28.1	-129.9	259.4	3048.4	511.7	-53.2	
95.35	152.9	8.9	3.0	2.0	-62.8	72.4	28.3	-127.3	258.0	2992.1	521.0	-52.6	
95.40	153.2	8.9	2.8	2.0	-62.4	72.5	28.4	-126.6	258.5	2965.8	524.9	-52.8	
95.45	153.4	8.7	2.9	2.0	-62.3	72.6	29.6	-127.1	260.4	2948.5	538.3	-52.2	
95.50	153.7	8.7	3.5	2.0	-62.0	72.7	31.7	-126.9	260.3	2920.0	576.9	-50.1	
95.55	153.9	8.8	3.8	2.0	-61.6	72.8	32.0	-124.7	259.4	2896.8	579.8	-48.6	
95.60	154.2	9.3	3.6	2.0	-61.2	72.9	30.1	-122.1	260.5	2881.5	514.5	-48.8	
95.65	154.4	9.4	3.7	2.0	-60.4	73.0	27.8	-120.1	262.3	2838.9	429.8	-47.6	
95.70	154.7	9.4	4.2	2.0	-59.3	73.1	25.5	-118.3	262.0	2773.6	366.7	-44.8	
95.75	154.9	9.6	4.0	2.0	-58.6	73.2	22.9	-116.4	261.1	2731.3	313.5	-44.8	
95.80	155.2	9.6	3.5	2.0	-58.6	73.3	21.2	-116.5	262.0	2736.3	269.9	-46.5	
95.85	155.4	9.5	3.5	2.0	-58.8	73.4	22.5	-117.4	263.5	2748.7	276.0	-46.8	
95.90	155.6	9.2	4.0	2.0	-58.7	73.5	24.5	-116.3	263.7	2738.3	313.2	-45.1	
95.95	155.9	9.1	4.3	2.0	-58.4	73.6	25.2	-114.4	264.0	2718.1	334.8	-43.6	
96.00	156.1	9.1	4.5	2.0	-58.2	73.7	25.2	-114.2	265.6	2700.8	337.9	-42.9	
96.05	156.3	9.1	4.7	2.0	-57.8	73.8	25.2	-112.9	266.6	2675.1	344.9	-41.8	
96.10	156.6	9.2	4.8	2.0	-57.3	73.9	25.3	-109.1	266.1	2641.5	356.3	-40.8	
96.15	156.8	9.2	4.8	2.0	-56.9	74.0	26.0	-107.0	266.3	2617.5	371.7	-40.5	
96.20	157.0	9.0	4.4	2.0	-56.8	74.1	26.3	-107.5	267.8	2604.6	375.7	-41.8	
96.25	157.3	8.5	3.9	2.0	-56.4	74.2	25.5	-107.7	268.2	2578.8	376.1	-43.2	
96.30	157.5	8.3	3.4	2.0	-55.7	74.3	25.6	-106.4	267.2	2524.3	405.3	-44.0	
96.35	157.7	8.5	3.1	2.0	-55.0	74.4	27.7	-104.6	267.7	2462.6	457.7	-44.4	
96.40	158.0	8.8	3.1	2.0	-54.6	74.5	29.9	-103.6	270.0	2421.5	509.4	-43.8	
96.45	158.2	8.9	3.4	2.0	-54.4	74.6	30.8	-102.3	270.6	2394.2	560.4	-42.6	
96.50	158.4	8.9	3.5	2.0	-54.0	74.7	31.3	-100.4	269.1	2360.2	609.1	-41.9	
96.55	158.6	9.0	3.3	2.0	-53.6	74.8	31.8	-98.8	268.9	2326.8	631.0	-42.1	
96.60	158.9	9.2	3.0	2.0	-53.3	74.9	32.1	-97.6	270.9	2308.7	621.6	-43.1	
96.65	159.1	9.4	2.7	2.0	-53.3	75.0	32.0	-97.7	271.7	2303.1	621.7	-44.0	
96.70	159.3	9.1	2.5	2.0	-53.3	75.1	31.8	-98.0	270.5	2301.1	642.6	-44.6	
96.75	159.5	9.1	2.2	2.0	-53.5	75.2	31.8	-99.1	270.4	2310.3	655.2	-46.0	
96.80	159.7	9.0	1.9	2.0	-53.6	75.3	32.6	-99.5	272.2	2309.8	657.7	-46.9	
96.85	159.9	8.9	2.2	2.0	-53.2	75.4	34.0	-98.3	273.1	2280.0	676.9	-45.7	
96.90	160.1	8.7	2.8	2.0	-52.7	75.5	34.9	-95.9	272.2	2238.9	698.1	-43.1	
96.95	160.3	8.5	3.1	2.0	-52.3	75.6	34.0	-94.3	271.8	2215.9	683.4	-41.8	
97.00	160.6	8.8	3.1	2.0	-52.0	75.7	32.8	-93.5	272.9	2207.4	638.5	-41.2	
97.05	160.8	8.8	3.1	2.0	-51.6	75.8	32.1	-92.3	273.8	2193.8	592.3	-40.9	
97.10	161.0	8.7	3.2	2.0	-51.2	75.9	31.6	-90.3	273.8	2178.0	559.7	-40.3	
97.15	161.2	8.7	3.1	2.0	-51.1	76.0	30.9	-89.4	274.1	2176.4	535.0	-40.4	
97.20	161.3	8.5	3.1	2.0	-51.0	76.1	30.3	-89.4	274.7	2171.9	520.4	-40.4	
97.25	161.5	8.5	3.3	2.0	-50.4	76.2	30.0	-87.7	274.5	2136.8	514.1	-39.2	
97.30	161.7	8.6	3.7	2.0	-49.4	76.3	30.2	-83.9	273.7	2069.8	512.6	-36.8	
97.35	161.9	8.7	4.1	2.0	-48.5	76.4	30.9	-80.8	274.2	2005.1	506.6	-34.5	
97.40	162.1	8.8	4.1	2.0	-48.0	76.5	30.6	-79.8	275.2	1977.4	483.7	-34.0	
97.45	162.3	8.6	3.9	2.0	-47.8	76.6	29.7	-79.2	275.0	1967.1	462.1	-34.4	
97.50	162.5	8.7	3.9	2.0	-47.5	76.7	29.7	-78.9	274.6	1949.5	462.0	-34.1	
97.55	162.7	8.8	3.9	2.0	-47.3	76.8	30.7	-78.9	275.6	1929.6	470.3	-34.0	
97.60	162.9	8.9	3.4	2.0	-47.1	76.9	31.1	-78.5	276.8	1913.5	474.0	-35.3	
97.65	163.1	9.1	3.3	2.0	-46.6	77.0	31.0	-76.4	276.0	1870.5	492.2	-35.2	
97.70	163.3	9.2	3.5	2.0	-45.6	77.1	31.5	-73.8	274.6	1797.3	523.9	-33.7	
97.75	163.5	9.3	3.2	2.0	-44.9	77.2	32.0	-72.8	275.0	1737.8	537.8	-33.8	
97.80	163.7	9.4	2.6	2.0	-44.6	77.3	32.2	-72.5	276.4	1712.4	534.0	-35.7	
97.85	163.9	9.4	2.2	2.0	-44.5	77.4	32.6	-72.4	276.6	1698.9	548.2	-37.0	
97.90	164.1	9.4	2.1	2.0	-44.4	77.5	33.7	-72.0	276.5	1680.6	585.1	-37.3	
97.95	164.2	9.2	2.1	2.0	-44.3	77.6	35.0	-72.0	277.3	1654.9	626.0	-37.2	
98.00	164.4	9.1	1.9	2.0	-44.0	77.7	36.0	-71.2	278.3	1615.2	664.9	-37.5	
98.05	164.6	9.1	2.0	2.0	-43.6	77.8	37.4	-69.5	278.0	1561.3	723.3	-36.9	
98.10	164.8	8.9	2.2	2.0	-43.5	77.9	39.1	-67.8	277.2	1517.3	794.9	-35.9	
98.15	165.0	8.9	2.1	2.0	-43.5	78.0	39.9	-66.4	277.4	1501.5	837.4	-36.4	
98.20	165.1	9.1	1.3	2.0	-43.6	78.1	39.5	-66.0	278.1	1505.1	840.4	-39.3	
98.25	165.3	9.3	0.7	2.0	-43.5	78.2	39.2	-66.5	278.4	1501.9	838.0	-41.3	
98.30	165.5	9.2	0.5	2.0	-43.4	78.3	38.9	-66.3	278.6	1489.7	837.5	-41.5	
98.35	165.7	9.1	0.6	2.0	-43.2	78.4	38.5	-65.2	279.0	1479.8	836.1	-41.2	
98.40	165.8	9.2	0.8	2.0	-43.1	78.5	39.2	-63.3	279.5	1457.4	855.1	-40.4	
98.45	166.0	9.3	1.2	2.0	-42.9	78.6	40.9	-60.9	279.2	1424.2	892.7	-38.6	
98.50	166.2	9.3	2.1	2.0	-42.8	78.7	42.1	-58.9	278.7	1398.4	922.0	-35.6	
98.55	166.3	8.8	2.2	2.0	-42.7	78.8	41.9	-58.3	278.9	1398.7	913.6	-35.1	
98.60	166.5	9.0	2.1	2.0	-42.6	78.9	40.4	-58.8	279.1	1419.1	868.8	-35.3	
98.65	166.7	9.4	2.1	2.0	-42.2	79.0	38.5	-58.6	279.0	1430.6	799.3	-34.8	
98.70	166.8	10.0	2.2	2.0	-41.5	79.1	36.1	-57.3	279.3	1425.5	708.2	-33.8	
98.75	167.0	10.0	2.3	2.0	-40.8	79.2	33.8	-57.3	279.5	1418.1	612.5	-32.8	
98.80	167.2	9.9	2.3	2.0	-40.3	79.3	31.7	-57.2	279.4	1411.7	530.2	-32.3	
98.85	167.3	9.7	2.7	2.0	-40.0	79.4	30.6	-56.4	279.1	1409.4	475.5	-30.8	
98.90	167.5	9.8	3.7	2.0	-39.7	79.5	31.1	-55.0	278.9	1399.4	458.4	-27.1	
98.95	167.7	9.9	4.5	2.0	-39.6	79.6	32.0	-54.5	279.1	1388.8	445.6	-24.1	
99.00	167.8	10.1	4.3	2.0	-39.4	79.7	31.6	-54.8	279.6	1390.4	404.8	-24.8	
99.05	168.0	10.2	4.2	2.0	-39.4	79.8	30.0	-55.6	280.1	1402.6	350.4	-25.0	
99.10	168.1	10.2	4.6	2.0	-39.4	79.9	28.9	-56.2	280.2	1409.3	317.0	-23.7	
99.15	168.3	10.0	4.7	2.0	-39.3	80.0	28.2	-56.1	280.0	1407.8	295.4	-23.3	
99.20	168.5	9.9	4.2	2.0	-39.1	80.1	27.5	-55.1	280.0	1398.3	277.8	-24.7	
99.25	168.6	9.9	3.6	2.0	-38.8	80.2	27.5	-54.5	280.1	1377.0	286.7	-26.5	
99.30	168.8	10.1	3.4	2.0	-38.6	80.3	28.6	-54.3	280.1	1348.8	339.1	-27.0	
99.35	168.9	10.4	3.5	2.0	-38.4	80.4	30.2	-52.7	280.0	1316.3	418.0	-26.5	
99.40	169.0	10.5	3.4	2.0	-38.4	80.5	32.5	-50.3	280.5	1281.4	511.8	-26.6	
99.45	169.2	10.5	3.2	2.0	-38.5	80.6	35.2	-49.4	281.5	1247.1	606.6	-27.5	
99.50	169.3	10.4	2.8	2.0	-38.7	80.7	37.0	-48.9	282.2	1217.0	689.0	-29.2	
99.55	169.5	10.5	2.1	2.0	-39.0	80.8	38.0	-48.5	281.9	1192.6	764.6	-31.7	
99.60	169.6	10.6	1.6	2.0	-39.2	80.9	38.9	-48.0	281.2	1166.9	837.2	-33.6	
99.65	169.8	10.8	1.4	2.0	-39.4	81.0	39.5	-46.8	281.5	1142.0	892.5	-34.4	
99.70	169.9	10.6	1.4	2.0	-39.4	81.1	39.9	-44.9	281.9	1110.8	934.8	-34.7	
99.75	170.0	10.5	0.8	2.0	-39.3	81.2	39.9	-43.2	281.7	1074.6	967.9	-36.6	
99.80	170.2	10.5	0.6	2.0	-39.3	81.3	40.1	-42.9	281.7	1055.6	995.3	-37.4	
99.85	170.3	10.3	0.9	2.0	-39.5	81.4	40.6	-43.1	282.5	1053.5	1019.9	-36.6	
99.90	170.4	10.3	1.4	2.0	-39.8	81.5	41.8	-43.0	283.1	1054.8	1045.9	-35.1	
99.95	170.6	10.5	1.5	2.0	-39.8	81.6	42.8	-42.3	282.7	1042.4	1056.4	-34.6	
100.00	170.7	10.1	1.5	2.0	-39.1	81.7	41.9	-40.8	282.7	1014.0	1015.8	-34.1	
100.05	170.8	10.2	1.6	2.0	-38.0	81.8	39.6	-40.6	282.6	979.5	935.6	-32.6	
100.10	170.9	10.5	1.8	2.0	-36.7	81.9	37.0	-40.8	282.3	948.8	838.0	-30.7	
100.15	171.1	10.4	1.9	2.0	-35.6	82.0	34.2	-40.1	282.1	934.9	729.4	-29.0	
100.20	171.2	10.5	2.0	2.0	-34.6	82.1	31.4	-39.2	282.6	935.1	616.1	-27.6	
100.25	171.3	10.7	2.3	2.0	-33.8	82.2	29.5	-39.1	283.0	926.7	520.7	-25.9	
100.30	171.4	10.5	2.5	2.0	-32.9	82.3	28.2	-38.6	282.6	893.5	444.5	-24.2	
100.35	171.6	10.3	3.0	2.0	-32.1	82.4	27.1	-37.5	282.2	860.0	377.5	-21.7	
100.40	171.7	10.2	3.8	2.0	-31.6	82.5	26.6	-37.3	282.5	844.6	326.6	-18.7	
100.45	171.8	10.3	4.6	2.0	-31.5	82.6	26.7	-37.3	282.8	847.2	291.3	-15.9	
100.50	171.9	10.5	4.6	2.0	-31.4	82.7	25.9	-36.7	282.2	861.0	246.0	-15.8	
100.55	172.0	10.6	4.2	2.0	-31.4	82.8	24.1	-36.6	282.2	880.2	182.9	-16.9	
100.60	172.1	10.7	4.2	2.0	-31.5	82.9	22.7	-37.2	283.3	890.2	128.1	-17.0	
100.65	172.2	10.6	4.6	2.0	-31.3	83.0	22.5	-36.7	283.7	877.6	119.7	-15.5	
100.70	172.3	10.5	4.6	2.0	-30.9	83.1	22.9	-34.4	282.9	853.0	154.0	-15.1	
100.75	172.4	10.3	4.4	2.0	-30.8	83.2	23.8	-32.3	282.7	833.2	209.1	-15.8	
100.80	172.5	10.5	4.1	2.0	-31.0	83.3	25.9	-32.6	283.3	824.9	289.2	-17.0	
100.85	172.7	10.4	3.6	2.0	-31.6	83.4	28.5	-33.4	283.7	824.6	389.9	-19.3	
100.90	172.8	10.3	3.5	2.0	-32.3	83.5	30.2	-32.7	283.5	832.5	479.6	-20.3	
100.95	172.9	10.2	3.0	2.0	-33.0	83.6	31.4	-32.4	284.0	843.4	552.9	-22.6	
101.00	172.9	10.3	2.6	2.0	-33.4	83.7	32.5	-31.9	284.8	832.1	617.3	-24.5	
101.05	173.0	10.4	2.2	2.0	-33.5	83.8	33.2	-30.1	285.0	798.8	679.0	-25.8	
101.10	173.1	10.3	2.0	2.0	-33.8	83.9	34.1	-28.2	285.0	766.0	751.3	-26.9	
101.15	173.2	10.1	2.0	2.0	-34.7	84.0	36.0	-28.2	285.0	757.3	847.3	-27.9	
101.20	173.3	10.1	2.1	2.0	-36.0	84.1	38.5	-29.4	284.8	776.0	955.3	-28.8	
101.25	173.4	10.3	1.8	2.0	-37.1	84.2	39.9	-29.9	284.3	800.6	1033.8	-31.1	
101.30	173.5	10.3	1.3	2.0	-37.6	84.3	40.8	-30.0	284.4	804.2	1075.7	-33.0	
101.35	173.6	10.2	1.3	2.0	-37.5	84.4	41.4	-29.7	285.2	775.2	1085.3	-33.1	
101.40	173.7	9.9	1.3	2.0	-36.8	84.5	40.6	-28.4	285.7	731.1	1060.6	-32.2	
101.45	173.8	10.0	1.4	2.0	-35.9	84.6	38.9	-26.4	284.9	686.2	1018.1	-31.2	
101.50	173.9	9.8	1.6	2.0	-35.2	84.7	38.3	-25.2	284.3	652.1	981.9	-29.7	
101.55	173.9	9.4	1.8	2.0	-34.8	84.8	38.7	-25.4	284.8	639.9	946.3	-28.5	
101.60	174.0	9.4	2.0	2.0	-34.2	84.9	38.0	-25.5	284.9	645.2	890.5	-27.3	
101.65	174.1	9.3	2.5	2.0	-33.3	85.0	36.4	-24.9	283.7	633.3	822.3	-24.8	
101.70	174.2	9.0	3.1	2.0	-31.9	85.1	34.9	-23.7	283.2	585.3	735.6	-21.4	
101.75	174.3	8.7	3.2	2.0	-30.0	85.2	32.4	-22.2	284.2	523.6	606.4	-18.9	
101.80	174.3	8.7	3.3	2.0	-28.0	85.3	29.1	-20.2	284.6	467.5	463.2	-16.7	
101.85	174.4	9.0	3.3	2.0	-26.5	85.4	26.8	-18.8	283.7	429.6	353.3	-15.2	
101.90	174.5	9.4	3.7	2.0	-25.8	85.5	25.6	-19.6	283.3	429.2	268.6	-13.1	
101.95	174.5	9.5	4.0	2.0	-25.6	85.6	24.3	-20.4	283.8	449.3	192.6	-11.8	
102.00	174.6	9.4	4.5	2.0	-25.3	85.7	24.0	-19.5	283.8	445.7	150.2	-9.9	
102.05	174.7	9.3	5.0	2.0	-24.7	85.8	24.6	-17.7	283.6	405.3	138.3	-7.6	
102.10	174.7	9.1	5.3	2.0	-24.1	85.9	24.7	-16.3	284.0	361.5	130.1	-6.0	
102.15	174.8	9.1	5.3	2.0	-23.7	86.0	24.4	-15.1	284.4	333.9	128.4	-5.5	
102.20	174.9	9.7	5.2	2.0	-23.6	86.1	24.6	-14.0	284.4	314.7	153.9	-5.6	
102.25	174.9	9.7	5.0	2.0	-24.0	86.2	26.2	-14.1	283.9	304.8	215.7	-6.8	
102.30	175.0	9.6	4.3	2.0	-24.8	86.3	27.8	-15.3	284.0	319.9	289.8	-10.0	
102.35	175.1	9.7	3.5	2.0	-26.0	86.4	29.0	-16.1	284.4	349.6	376.6	-14.0	
102.40	175.1	9.7	3.2	2.0	-27.4	86.5	31.2	-15.7	283.8	356.6	500.4	-16.4	
102.45	175.2	9.7	3.8	2.0	-29.0	86.6	35.1	-14.2	283.5	328.6	654.0	-16.1	
102.50	175.3	9.6	4.0	2.0	-30.7	86.7	38.8	-12.8	284.6	297.1	795.0	-17.1	
102.55	175.3	9.4	3.4	2.0	-32.3	86.8	41.2	-12.1	285.5	290.0	917.3	-20.6	
102.60	175.4	9.2	2.9	2.0	-34.0	86.9	43.2	-12.7	284.5	309.4	1045.3	-24.0	
102.65	175.5	9.2	2.5	2.0	-35.8	87.0	45.8	-14.0	283.3	338.7	1167.4	-27.3	
102.70	175.5	9.0	2.1	2.0	-36.9	87.1	47.6	-15.4	283.9	365.4	1240.1	-29.9	
102.75	175.6	8.9	1.4	2.0	-37.3	87.2	48.1	-15.4	284.7	365.9	1270.4	-32.6	
102.80	175.6	8.9	1.0	2.0	-37.3	87.3	47.7	-13.8	283.9	333.9	1283.8	-33.9	
102.85	175.7	8.7	1.3	2.0	-37.1	87.4	47.0	-12.2	283.0	293.4	1279.3	-32.7	
102.90	175.7	8.5	1.8	2.0	-36.7	87.5	46.8	-11.3	283.9	268.0	1253.3	-30.5	
102.95	175.8	8.3	2.2	2.0	-36.4	87.6	47.6	-10.5	285.1	258.5	1228.2	-28.7	
103.00	175.8	8.3	2.8	2.0	-36.1	87.7	48.2	-10.8	284.6	268.1	1201.7	-26.6	
103.05	175.9	8.4	3.2	2.0	-35.2	87.8	46.8	-11.6	283.6	288.2	1133.3	-24.3	
103.10	175.9	8.5	3.1	2.0	-33.6	87.9	44.0	-12.6	283.7	299.5	1013.9	-23.1	
103.15	176.0	8.6	3.4	2.0	-31.7	88.0	41.2	-12.2	284.2	281.6	871.7	-20.2	
103.20	176.0	8.6	4.0	2.0	-29.5	88.1	38.3	-9.8	283.8	239.5	725.4	-15.9	
103.25	176.1	8.7	4.3	2.0	-27.2	88.2	34.4	-8.5	283.5	211.4	565.2	-12.4	
103.30	176.1	8.8	4.2	2.0	-25.3	88.3	30.9	-9.1	283.7	212.8	418.0	-10.9	
103.35	176.2	8.6	4.2	2.0	-24.4	88.4	29.5	-10.2	283.7	231.7	327.5	-10.0	
103.40	176.2	8.2	5.2	2.0	-24.2	88.5	29.9	-10.4	283.3	253.9	293.1	-6.5	
103.45	176.3	8.1	6.2	2.0	-24.2	88.6	31.0	-10.4	283.4	262.2	282.2	-2.8	
103.50	176.3	8.0	6.5	2.0	-24.0	88.7	31.2	-10.7	283.7	249.6	264.7	-1.5	
103.55	176.4	7.9	6.2	2.0	-23.4	88.8	30.1	-10.1	283.2	221.9	238.7	-2.2	
103.60	176.4	8.0	5.8	2.0	-23.0	88.9	28.7	-9.0	282.6	205.4	219.2	-3.0	
103.65	176.4	8.0	5.7	2.0	-23.2	89.0	29.0	-9.0	283.0	214.7	231.7	-3.7	
103.70	176.5	8.2	5.4	2.0	-24.0	89.1	29.9	-10.0	283.6	248.4	275.1	-5.6	
103.75	176.5	8.7	4.5	2.0	-25.0	89.2	30.2	-11.3	282.9	292.2	338.3	-9.7	
103.80	176.6	8.8	3.8	2.0	-26.3	89.3	31.3	-12.3	282.1	322.6	435.1	-13.3	
103.85	176.6	8.7	3.9	2.0	-28.0	89.4	34.8	-11.5	282.9	317.4	574.4	-14.6	
103.90	176.6	8.9	4.7	2.0	-29.9	89.5	39.4	-9.7	283.5	292.7	734.8	-13.9	
103.95	176.7	9.0	5.1	2.0	-31.6	89.6	42.4	-7.6	283.3	263.5	871.5	-14.1	
104.00	176.7	9.0	4.6	2.0	-32.8	89.7	43.8	-8.0	283.2	251.0	965.0	-17.1	
104.05	176.8	8.9	3.6	2.0	-33.8	89.8	44.6	-10.6	283.8	268.4	1031.9	-21.3	
104.10	176.8	9.0	2.9	2.0	-34.7	89.9	45.5	-11.4	284.3	298.2	1091.9	-24.8	
104.15	176.8	9.2	2.7	2.0	-35.4	90.0	46.4	-9.3	284.3	312.3	1146.2	-26.1	
104.20	176.8	9.6	2.8	2.0	-36.0	90.1	47.2	-8.7	284.2	294.3	1191.9	-26.2	
104.25	176.9	9.7	2.7	2.0	-36.1	90.2	47.0	-9.4	284.5	257.7	1209.6	-26.9	
104.30	176.9	9.6	2.6	2.0	-36.0	90.3	46.3	-8.8	284.4	231.5	1213.7	-27.2	
104.35	176.9	9.4	3.0	2.0	-36.3	90.4	47.2	-7.2	284.1	223.2	1234.2	-25.9	
104.40	177.0	9.3	-17.9	1.5	-36.5	90.5	48.7	-7.8	284.4	236.1	1244.3	-33.2	
104.45	177.0	9.4	-12.8	1.1	-35.9	90.5	47.8	-10.5	285.0	263.2	1190.0	-31.5	
104.50	177.0	9.6	-9.6	0.8	-34.5	90.6	44.3	-12.7	284.8	277.6	1084.4	-31.5	
104.55	177.1	9.5	-6.8	0.6	-33.1	90.6	41.7	-12.1	284.3	254.0	990.4	-29.7	
104.60	177.1	9.5	-3.8	0.5	-32.1	90.7	41.1	-9.9	284.3	203.2	927.5	-25.1	
104.65	177.1	9.5	-1.1	0.3	-31.1	90.7	40.4	-7.2	284.8	150.1	862.3	-20.0	
104.70	177.1	9.8	0.5	0.3	-29.9	90.7	38.4	-6.9	284.3	121.1	786.5	-17.1	
104.75	177.1	9.7	1.4	0.2	-29.0	90.7	36.5	-8.1	283.2	116.6	719.4	-16.0	
104.80	177.2	9.5	2.3	0.1	-28.3	90.7	35.8	-9.4	283.0	138.1	665.2	-14.2	
104.85	177.2	9.4	3.0	0.1	-27.6	90.7	35.4	-10.0	283.6	166.2	605.5	-12.6	
104.90	177.2	9.2	3.3	0.1	-26.6	90.7	33.7	-9.8	283.8	175.5	523.8	-11.7	
104.95	177.2	9.0	3.4	0.1	-25.1	90.7	30.8	-9.0	283.9	154.2	427.8	-10.8	
105.00	177.2	8.8	3.7	0.0	-24.0	90.7	28.5	-8.6	283.7	124.7	352.7	-9.4	
105.05	177.2	9.0	4.2	0.0	-23.6	90.7	27.9	-7.9	283.6	117.3	325.1	-7.8	
105.10	177.3	9.2	4.7	0.0	-23.8	90.7	28.4	-6.5	283.7	141.1	331.8	-6.7	
105.15	177.3	9.3	5.0	0.0	-24.5	90.7	29.6	-6.9	283.8	183.2	365.4	-6.6	
105.20	177.3	9.5	4.8	0.0	-25.1	90.7	30.4	-9.1	284.0	218.6	399.8	-8.2	
105.25	177.3	9.5	4.4	0.0	-25.5	90.7	29.9	-10.1	284.0	234.7	420.8	-9.8	
105.30	177.3	9.3	4.3	0.0	-25.8	90.7	29.8	-9.0	283.9	229.9	449.1	-10.7	
105.35	177.3	9.3	4.3	0.0	-26.3	90.7	31.1	-7.9	284.8	219.7	494.3	-11.2	
105.40	177.3	9.1	4.2	0.0	-27.1	90.7	32.6	-8.5	286.0	233.6	551.6	-12.4	
105.45	177.3	8.9	3.8	0.0	-28.2	90.7	33.1	-9.2	285.3	269.3	618.6	-15.1	
105.50	177.3	8.7	3.3	0.0	-29.4	90.7	33.7	-9.8	284.2	309.0	700.1	-18.1	
105.55	177.3	8.8	3.4	0.0	-30.9	90.7	36.7	-10.9	285.0	335.3	806.3	-19.3	
105.60	177.4	8.8	3.6	0.0	-32.6	90.7	40.4	-11.4	286.4	350.7	920.4	-20.3	
105.65	177.4	8.3	3.5	0.0	-33.8	90.7	41.7	-10.9	285.8	368.2	1009.1	-21.6	
105.70	177.4	8.8	3.2	0.0	-34.4	90.7	41.2	-10.8	284.7	383.8	1057.6	-23.5	
105.75	177.4	9.1	2.7	0.0	-34.9	90.7	41.9	-12.4	285.4	392.0	1091.3	-25.7	
105.80	177.4	9.2	2.3	0.0	-35.4	90.7	43.4	-13.8	286.3	403.4	1122.3	-27.7	
105.85	177.4	9.3	2.0	0.0	-35.6	90.7	43.2	-12.7	285.6	419.9	1134.0	-28.6	
105.90	177.4	9.3	1.9	0.0	-35.7	90.7	42.6	-12.5	284.5	432.1	1135.5	-29.1	
105.95	177.4	9.3	2.0	0.0	-35.5	90.7	42.7	-13.9	284.5	421.8	1125.9	-28.6	
106.00	177.4	9.1	2.4	0.0	-35.0	90.7	42.4	-13.4	285.3	392.2	1093.9	-26.6	
106.05	177.4	9.1	2.9	0.0	-34.3	90.7	41.9	-10.5	285.5	354.5	1052.6	-24.2	
106.10	177.4	9.3	3.4	0.0	-33.5	90.7	41.4	-9.1	285.4	326.8	1005.5	-21.9	
106.15	177.4	9.5	3.5	0.0	-32.5	90.7	40.0	-9.5	285.4	310.1	934.4	-20.4	
106.20	177.4	9.4	3.6	0.0	-30.9	90.7	37.1	-9.0	284.8	284.2	827.6	-18.5	
106.25	177.3	9.3	3.6	0.0	-29.1	90.7	34.2	-8.2	284.3	245.7	706.6	-16.8	
106.30	177.3	9.5	3.6	0.0	-27.6	90.7	32.6	-7.9	285.0	202.3	601.1	-15.3	
106.35	177.3	9.5	3.8	0.0	-26.4	90.7	31.2	-7.8	285.2	179.8	514.7	-13.2	
106.40	177.3	9.6	4.3	0.0	-25.1	90.7	28.7	-5.5	284.6	162.3	433.1	-10.3	
106.45	177.3	9.6	5.0	0.0	-24.4	90.7	28.0	-4.3	284.5	134.6	383.5	-7.3	
106.50	177.3	9.7	5.4	0.0	-24.2	90.7	29.6	-5.9	285.5	108.1	370.2	-5.5	
106.55	177.3	9.7	5.4	0.0	-24.1	90.7	29.9	-7.1	285.9	111.8	360.0	-5.5	
106.60	177.3	9.6	5.2	0.0	-24.0	90.7	28.5	-6.2	284.7	136.5	350.9	-6.3	
106.65	177.3	9.3	5.0	0.0	-24.2	90.7	28.5	-5.7	283.5	135.0	366.1	-6.9	
106.70	177.3	9.2	4.9	0.0	-24.4	90.7	29.8	-7.5	284.0	117.9	388.3	-7.6	
106.75	177.3	9.1	4.0	0.0	-24.5	90.7	29.2	-9.0	285.1	129.1	386.8	-10.6	
106.80	177.3	9.1	3.3	0.0	-25.0	90.7	28.3	-8.9	284.9	169.2	418.5	-13.9	
106.85	177.3	9.3	3.3	0.0	-26.6	90.7	30.9	-8.2	284.0	198.2	532.6	-15.4	
106.90	177.3	9.8	4.0	0.0	-28.7	90.7	35.3	-8.5	283.9	207.9	676.6	-15.1	
106.95	177.2	9.7	4.1	0.0	-30.1	90.7	38.1	-8.9	284.8	213.1	783.8	-16.2	
107.00	177.2	9.8	3.6	0.0	-31.4	90.7	39.8	-9.4	285.2	226.2	876.6	-18.9	
107.05	177.2	10.0	3.6	0.0	-33.1	90.7	42.4	-10.1	284.2	246.5	992.4	-20.9	
107.10	177.2	10.1	3.6	0.0	-34.4	90.7	44.3	-10.1	283.3	267.3	1081.0	-22.1	
107.15	177.2	9.9	2.9	0.0	-34.7	90.7	44.3	-10.0	284.3	283.7	1103.0	-24.6	
107.20	177.2	9.5	1.9	0.0	-34.7	90.7	43.8	-11.3	285.9	294.8	1102.5	-28.3	
107.25	177.2	9.1	1.6	0.0	-35.2	90.7	44.4	-12.4	285.3	308.6	1135.1	-29.7	
107.30	177.2	8.8	2.1	0.0	-35.9	90.7	45.2	-10.9	284.0	334.0	1182.1	-28.7	
107.35	177.1	8.7	2.5	0.0	-36.4	90.7	46.2	-9.0	284.3	359.1	1209.5	-27.9	
107.40	177.1	8.6	2.8	0.0	-36.5	90.7	47.6	-8.9	285.5	356.5	1216.5	-26.8	
107.45	177.1	8.7	3.4	0.0	-36.2	90.7	47.7	-9.9	285.2	334.8	1196.0	-24.5	
107.50	177.1	8.9	3.6	0.0	-35.3	90.7	45.7	-9.8	284.2	322.3	1136.1	-22.8	
107.55	177.1	9.0	3.5	0.0	-34.1	90.7	43.5	-8.5	284.5	312.9	1049.6	-22.1	
107.60	177.1	9.2	3.4	0.0	-32.9	90.7	42.8	-7.6	285.4	285.3	969.7	-21.1	
107.65	177.1	9.4	3.7	0.0	-31.6	90.7	41.5	-7.1	285.4	235.7	884.2	-18.8	
107.70	177.0	9.6	3.8	0.0	-30.2	90.7	38.9	-7.7	284.5	199.8	791.1	-17.3	
107.75	177.0	9.3	3.6	0.0	-29.1	90.7	36.8	-7.4	283.8	177.7	715.0	-16.7	
107.80	177.0	9.0	4.1	0.0	-28.5	90.7	36.8	-5.7	283.6	152.1	676.5	-14.5	
107.85	177.0	8.8	5.1	0.0	-28.2	90.7	37.9	-4.2	283.7	127.3	653.5	-10.7	
107.90	177.0	8.9	5.4	0.0	-27.4	90.7	36.9	-4.0	283.9	112.8	596.6	-8.9	
107.95	177.0	9.1	4.7	0.0	-26.2	90.7	34.2	-5.2	283.7	112.3	518.1	-10.2	
108.00	177.0	9.1	4.4	0.0	-25.6	90.7	32.8	-6.5	283.0	112.7	470.7	-10.4	
108.05	177.0	9.4	4.8	0.0	-25.5	90.7	33.2	-6.5	282.9	110.7	460.3	-8.9	
108.10	176.9	9.6	4.9	0.0	-25.6	90.7	34.1	-6.2	283.5	109.7	466.0	-8.6	
108.15	176.9	9.7	4.5	0.0	-25.7	90.7	34.0	-7.4	283.3	110.1	478.3	-10.3	
108.20	176.9	9.7	4.3	0.0	-26.1	90.7	33.8	-9.2	282.1	111.9	510.0	-11.5	
108.25	176.9	9.8	4.4	0.0	-26.9	90.7	34.8	-9.1	281.7	118.4	564.0	-11.9	
108.30	176.9	10.0	4.4	0.0	-27.9	90.7	37.2	-7.8	283.0	130.5	630.0	-12.8	
108.35	176.9	9.9	4.3	0.0	-28.8	90.7	39.0	-7.7	284.0	148.6	690.1	-13.9	
108.40	176.9	9.8	4.1	0.0	-29.3	90.7	38.9	-8.0	283.4	152.1	733.2	-15.2	
108.45	176.9	9.7	3.9	0.0	-29.8	90.7	38.8	-7.3	282.6	128.2	777.6	-16.5	
108.50	176.8	9.7	3.8	0.0	-30.7	90.7	40.4	-6.4	283.3	101.0	840.1	-17.8	
108.55	176.8	9.6	4.0	0.0	-31.8	90.7	43.2	-5.4	284.6	95.8	921.9	-18.3	
108.60	176.8	9.4	4.0	0.0	-33.0	90.7	45.0	-5.0	284.4	119.2	1004.6	-19.1	
108.65	176.8	9.7	3.6	0.0	-34.1	90.7	46.2	-6.7	283.2	154.9	1079.7	-21.8	
108.70	176.8	10.0	3.0	0.0	-34.8	90.7	47.1	-8.9	283.6	184.3	1125.6	-24.5	
108.75	176.8	10.1	2.9	0.0	-35.3	90.7	47.9	-9.9	285.1	213.6	1150.4	-25.3	
108.80	176.8	9.7	3.0	0.0	-35.7	90.7	48.5	-9.5	285.2	243.7	1176.9	-25.3	
108.85	176.8	9.5	2.9	0.0	-35.9	90.7	48.3	-8.2	283.6	263.6	1194.6	-26.0	
108.90	176.7	9.6	2.6	0.0	-35.7	90.7	47.3	-7.7	282.9	269.2	1175.9	-26.7	
108.95	176.7	9.7	2.7	0.0	-35.1	90.7	46.6	-8.2	284.0	263.3	1135.2	-25.8	
109.00	176.7	9.9	3.0	0.0	-34.8	90.7	46.9	-8.4	284.8	254.7	1111.3	-24.3	
109.05	176.7	10.0	3.0	0.0	-34.5	90.7	46.6	-8.2	283.9	256.9	1091.3	-24.2	
109.10	176.7	9.9	2.9	0.0	-33.9	90.7	45.2	-9.0	283.0	259.1	1049.2	-23.9	
109.15	176.7	9.7	3.2	0.0	-33.1	90.7	44.3	-10.9	283.6	239.4	989.0	-22.2	
109.20	176.7	9.5	3.6	0.0	-32.0	90.7	43.6	-10.4	284.6	179.4	920.7	-19.5	
109.25	176.7	9.1	4.3	0.0	-30.9	90.7	42.2	-6.8	283.9	109.3	855.7	-16.3	
109.30	176.7	9.2	4.7	0.0	-29.8	90.7	40.0	-4.3	282.5	79.5	782.8	-13.6	
109.35	176.6	9.5	4.4	0.0	-28.6	90.7	37.5	-5.9	282.7	106.6	691.2	-13.3	
109.40	176.6	9.9	3.7	0.0	-27.4	90.7	35.2	-8.2	283.5	150.5	596.0	-14.7	
109.45	176.6	9.9	3.5	0.0	-26.8	90.7	34.1	-9.9	283.4	193.6	536.1	-14.8	
109.50	176.6	9.9	3.9	0.0	-26.6	90.7	33.8	-10.7	283.2	224.1	509.3	-13.4	
109.55	176.6	9.9	3.8	0.0	-26.5	90.7	33.2	-11.5	283.9	249.5	484.1	-13.3	
109.60	176.6	10.2	3.6	0.0	-26.3	90.7	32.6	-11.7	283.9	247.5	474.6	-13.9	
109.65	176.6	10.3	4.2	0.0	-26.4	90.7	33.2	-11.4	283.0	221.7	493.5	-11.9	
109.70	176.6	10.2	4.8	0.0	-26.5	90.7	34.0	-10.6	283.1	192.9	515.3	-10.1	
109.75	176.6	10.0	4.7	0.0	-26.8	90.7	34.4	-11.2	284.2	201.4	531.2	-10.8	
109.80	176.5	9.6	3.9	0.0	-27.2	90.7	33.8	-12.0	283.9	240.6	551.5	-13.8	
109.85	176.5	9.1	3.2	0.0	-27.7	90.7	33.2	-11.3	283.0	273.3	579.2	-16.6	
109.90	176.5	8.8	3.3	0.0	-28.2	90.7	34.3	-10.6	283.5	262.7	625.0	-16.9	
109.95	176.5	8.7	3.8	0.0	-28.9	90.7	36.6	-9.9	285.1	218.1	688.0	-16.0	
