Time[s]	Rotor azimuth angle[deg]	Hub wind speed magnitude[m/s]	ACTTORQUE1[Nm]	PITRAT1[deg/s]	PITFRIC1[kNm]	PITCH1[deg]	Blade root 1 Fx[KN]	Blade root 1 Fy[KN]	Blade root 1 Fz[KN]	Blade root 1 Mx[kNm]	Blade root 1 My[kNm]	Blade root 1 Mz[kNm]	
END_OF_HEADER
50.00	307.9	12.8	89.0	1.1	-215.7	4.9	296.5	191.3	504.9	-3470.2	13332.3	91.9	
50.05	310.6	13.2	88.2	1.0	-213.8	4.9	291.2	167.3	495.5	-2904.3	13377.9	95.2	
50.10	313.3	13.4	89.4	1.0	-215.9	5.0	296.4	142.8	485.7	-2401.9	13663.5	92.9	
50.15	316.0	13.1	86.5	1.0	-221.6	5.0	313.8	124.0	476.6	-2001.0	14146.2	80.8	
50.20	318.7	12.8	80.5	0.8	-229.2	5.1	337.1	115.0	468.6	-1745.9	14709.4	65.0	
50.25	321.4	12.3	80.0	0.7	-236.8	5.1	356.6	116.2	462.5	-1716.9	15240.7	59.7	
50.30	324.1	12.4	88.4	0.6	-244.3	5.1	371.0	120.6	456.9	-1852.5	15758.8	68.2	
50.35	326.8	12.6	96.9	0.7	-252.0	5.2	385.5	118.4	451.2	-1799.8	16315.4	73.3	
50.40	329.5	12.6	97.1	0.7	-257.9	5.2	398.6	104.0	448.2	-1376.8	16786.3	64.8	
50.45	332.2	12.8	94.4	0.8	-259.9	5.2	399.9	78.0	446.3	-730.5	16990.9	62.3	
50.50	334.9	12.8	95.2	0.7	-258.8	5.3	388.9	55.5	442.7	3.3	16966.9	72.5	
50.55	337.6	12.7	99.5	0.7	-258.1	5.3	377.6	37.0	433.5	666.2	16951.9	80.6	
50.60	340.3	12.2	103.0	0.8	-258.5	5.3	371.2	15.6	422.4	1151.1	16985.7	81.8	
50.65	343.2	11.8	119.7	0.9	-258.8	5.4	357.2	46.5	422.9	-955.0	17055.7	139.2	
50.70	346.0	11.6	113.7	1.0	-264.1	5.4	371.9	14.0	427.4	-966.8	17413.8	121.8	
50.75	348.7	11.8	91.0	0.9	-273.6	5.5	411.7	79.3	442.3	-501.3	18003.9	47.9	
50.80	351.6	11.9	134.1	1.2	-261.0	5.5	350.4	2.8	433.1	-964.8	17240.9	164.1	
50.85	354.4	12.0	125.7	1.4	-263.0	5.6	361.0	36.6	440.3	-123.9	17380.5	142.1	
50.90	357.1	12.2	102.7	1.5	-272.9	5.7	400.0	27.8	459.1	800.4	17981.6	60.0	
50.95	360.0	12.5	115.5	1.7	-271.1	5.8	379.0	-121.0	446.9	792.4	17867.9	110.6	
51.00	2.8	12.7	100.5	1.7	-277.6	5.8	405.0	-98.0	441.2	1974.6	18220.5	56.6	
51.05	5.5	12.6	85.5	1.8	-273.0	5.9	398.4	-55.5	453.0	2940.4	17766.0	12.4	
51.10	8.3	12.3	101.5	1.9	-253.7	6.0	346.4	-90.2	452.0	2908.4	16423.0	88.5	
51.15	11.1	12.1	92.5	1.9	-249.7	6.1	358.0	-39.6	470.2	3367.5	16007.4	63.4	
51.20	13.9	12.0	78.8	1.9	-247.6	6.2	360.1	-57.2	481.6	3177.9	15856.2	19.5	
51.25	16.8	11.9	84.7	1.9	-241.5	6.3	344.6	-109.5	478.1	2786.0	15475.5	46.6	
51.30	19.7	11.8	78.5	2.0	-242.3	6.4	363.5	-56.1	502.9	3492.8	15356.7	25.3	
51.35	22.5	11.7	76.6	2.0	-235.8	6.5	340.2	-80.7	532.0	3987.3	14756.9	25.8	
51.40	25.5	11.7	80.3	2.0	-233.8	6.6	327.3	-152.3	541.0	4328.1	14459.1	40.9	
51.45	28.5	11.9	68.6	2.0	-245.3	6.7	360.4	-174.6	547.2	5020.7	15030.6	-10.5	
51.50	31.4	12.4	63.4	2.0	-249.8	6.8	351.9	-240.1	549.4	5060.0	15292.9	-32.8	
51.55	34.4	12.8	68.0	2.0	-251.5	6.9	354.0	-250.3	554.5	4999.6	15421.9	-18.6	
51.60	37.3	12.9	67.1	2.0	-258.2	7.0	391.2	-190.9	570.5	5247.3	15855.3	-28.3	
51.65	40.2	12.7	68.0	2.0	-257.2	7.1	378.2	-204.5	588.0	4980.9	15860.9	-23.9	
51.70	43.1	12.1	68.5	2.0	-256.6	7.2	377.3	-214.0	603.0	4691.0	15881.0	-21.7	
51.75	46.1	11.9	66.9	2.0	-258.1	7.3	400.6	-200.7	622.5	4815.5	15899.6	-28.5	
51.80	49.0	11.9	65.8	2.0	-250.5	7.4	367.7	-229.7	647.9	5186.4	15200.7	-24.7	
51.85	51.9	12.1	62.4	2.0	-245.0	7.5	344.6	-216.3	671.7	6051.0	14495.3	-30.9	
51.90	55.0	12.4	62.8	2.0	-242.8	7.6	346.4	-202.3	683.6	6574.6	14090.4	-27.3	
51.95	58.0	12.6	62.8	2.0	-238.8	7.7	317.4	-250.2	694.6	6538.4	13751.3	-23.1	
52.00	61.0	12.4	52.4	2.0	-241.0	7.8	315.1	-269.7	712.1	6695.2	13808.8	-61.0	
52.05	64.1	12.1	47.0	2.0	-241.1	7.9	332.2	-270.5	721.6	6693.4	13765.1	-79.7	
52.10	67.2	12.0	50.9	2.0	-231.6	8.0	303.4	-276.1	742.6	6542.7	13079.8	-56.7	
52.15	70.2	11.8	49.1	2.0	-226.2	8.1	292.2	-258.3	775.6	6741.2	12554.9	-57.8	
52.20	73.3	11.4	43.2	2.0	-229.0	8.2	317.0	-280.4	789.9	7005.1	12525.1	-80.8	
52.25	76.4	10.9	36.6	2.0	-231.7	8.3	309.1	-332.0	795.0	7293.8	12495.2	-106.1	
52.30	79.4	10.5	31.7	2.0	-232.2	8.4	295.9	-332.9	807.4	7777.2	12261.5	-123.3	
52.35	82.5	9.9	36.1	2.0	-226.8	8.5	292.4	-320.5	817.8	8117.4	11571.5	-103.0	
52.40	85.5	9.9	40.1	2.0	-217.3	8.6	253.5	-318.5	834.1	8478.4	10476.9	-79.7	
52.45	88.6	10.3	38.2	2.0	-208.5	8.7	215.6	-300.9	855.3	8664.2	9564.8	-77.2	
52.50	91.7	10.9	40.4	2.0	-198.0	8.8	213.3	-292.9	868.0	8181.9	8944.2	-59.4	
52.55	94.8	10.9	39.8	2.0	-189.1	8.9	207.4	-288.3	894.5	7758.1	8418.3	-52.6	
52.60	97.8	10.6	35.5	2.0	-185.4	9.0	202.1	-271.5	929.0	7720.0	8109.8	-63.5	
52.65	101.0	10.4	34.4	2.0	-183.6	9.1	216.9	-264.9	944.9	7513.9	8075.9	-65.6	
52.70	104.1	10.9	31.7	2.0	-183.1	9.2	221.5	-262.9	960.8	7303.7	8193.1	-74.2	
52.75	107.2	11.5	25.1	2.0	-183.8	9.3	218.8	-271.7	982.6	7140.4	8370.0	-97.6	
52.80	110.4	12.0	18.8	2.0	-186.5	9.4	238.4	-300.9	995.8	6935.7	8659.7	-122.0	
52.85	113.6	12.4	12.5	2.0	-188.4	9.5	245.1	-308.2	1010.8	6894.2	8819.3	-145.4	
52.90	116.7	12.4	14.1	2.0	-183.0	9.6	223.0	-284.9	1028.7	6606.2	8631.9	-134.6	
52.95	119.9	12.4	19.6	2.0	-172.3	9.7	213.2	-247.2	1038.0	5698.1	8403.5	-104.9	
53.00	123.0	12.4	19.0	2.0	-164.9	9.8	211.9	-215.5	1052.7	4936.6	8296.0	-99.6	
53.05	126.2	12.4	16.2	2.0	-159.8	9.9	203.3	-214.2	1074.3	4529.0	8086.2	-104.1	
53.10	129.3	12.5	13.8	2.0	-153.4	10.0	208.8	-200.3	1093.4	4064.8	7793.2	-106.2	
53.15	132.5	12.7	14.0	2.0	-144.7	10.1	204.7	-153.0	1113.3	3630.5	7369.6	-96.8	
53.20	135.7	12.7	16.3	2.0	-135.9	10.2	175.5	-132.4	1129.1	3416.7	6832.4	-79.9	
53.25	138.9	13.0	12.4	2.0	-132.9	10.3	166.5	-140.0	1140.6	3385.4	6586.9	-90.4	
53.30	142.1	13.3	6.3	2.0	-131.2	10.4	168.4	-147.6	1163.0	3306.2	6444.3	-109.6	
53.35	145.3	13.4	5.3	2.0	-127.1	10.5	159.1	-146.5	1186.3	3074.0	6216.7	-108.8	
53.40	148.5	13.4	2.4	2.0	-125.6	10.6	161.1	-130.7	1192.8	2927.9	6192.0	-117.4	
53.45	151.7	12.8	-1.3	2.0	-125.0	10.7	164.7	-115.0	1196.6	2805.3	6210.4	-129.4	
53.50	155.0	12.2	1.1	2.0	-121.6	10.8	159.3	-114.3	1210.1	2448.8	6090.0	-118.0	
53.55	158.2	12.3	-0.5	2.0	-121.6	10.9	171.5	-109.6	1225.8	2200.1	6146.6	-123.3	
53.60	161.4	12.4	-5.9	2.0	-122.5	11.0	181.0	-102.8	1230.3	2251.5	6184.9	-142.8	
53.65	164.6	12.4	-3.5	2.0	-118.8	11.1	168.2	-91.3	1228.2	2288.2	5920.7	-130.8	
53.70	167.8	12.4	-0.0	2.0	-112.0	11.2	154.3	-59.9	1235.5	2240.7	5460.5	-112.1	
53.75	171.1	12.8	0.6	2.0	-105.1	11.3	143.5	-44.7	1244.6	2141.5	4979.6	-103.0	
53.80	174.3	13.1	-0.5	2.0	-98.7	11.4	128.6	-44.8	1243.1	2118.3	4508.6	-100.4	
53.85	177.5	13.6	-1.6	2.0	-92.4	11.5	118.9	-23.0	1233.3	1809.8	4174.6	-97.7	
53.90	180.7	13.7	0.2	2.0	-84.8	11.6	111.3	9.7	1233.0	1126.2	3843.9	-84.2	
53.95	184.0	14.0	2.0	2.0	-80.1	11.7	109.4	34.6	1241.9	628.1	3576.3	-73.1	
54.00	187.2	14.3	-1.1	2.0	-77.1	11.8	105.5	46.0	1240.1	172.7	3400.8	-81.0	
54.05	190.5	14.2	-3.6	2.0	-74.1	11.9	90.2	55.7	1229.6	-552.7	3166.2	-86.6	
54.10	193.7	14.0	-2.8	2.0	-75.7	12.0	81.4	86.0	1225.9	-1362.0	3005.5	-85.3	
54.15	197.0	13.9	-6.2	2.0	-80.4	12.1	81.7	105.6	1226.8	-2004.4	3002.7	-101.6	
54.20	200.3	13.9	-13.4	2.0	-85.6	12.2	84.1	108.5	1220.8	-2442.7	3167.6	-131.6	
54.25	203.5	14.1	-15.5	2.0	-94.1	12.3	93.6	127.4	1210.4	-3030.7	3447.3	-147.2	
54.30	206.8	14.4	-11.8	2.0	-104.7	12.4	99.5	153.3	1206.3	-3937.1	3586.9	-145.4	
54.35	210.0	14.6	-12.0	2.0	-113.9	12.5	99.6	175.0	1209.6	-4737.7	3628.4	-155.1	
54.40	213.3	14.2	-13.8	2.0	-120.8	12.6	105.7	198.5	1204.8	-5212.0	3753.6	-168.2	
54.45	216.5	13.9	-9.5	2.0	-126.9	12.7	106.5	222.6	1190.5	-5692.1	3769.3	-159.5	
54.50	219.8	13.9	-3.8	2.0	-132.6	12.8	101.3	245.1	1185.0	-6216.0	3660.5	-145.7	
54.55	223.0	14.0	-3.8	2.0	-137.3	12.9	111.1	266.3	1184.3	-6488.8	3766.0	-150.4	
54.60	226.2	14.4	-9.5	2.0	-139.3	13.0	122.9	263.7	1174.3	-6517.2	4007.1	-171.9	
54.65	229.5	14.6	-13.8	2.0	-140.1	13.1	127.9	259.7	1160.7	-6509.0	4168.0	-187.4	
54.70	232.8	14.5	-13.6	2.0	-141.9	13.2	134.5	276.4	1154.5	-6630.2	4142.1	-188.7	
54.75	236.1	14.4	-14.4	2.0	-141.9	13.3	136.5	281.2	1150.0	-6757.5	3902.6	-191.3	
54.80	239.3	14.3	-21.0	2.0	-136.6	13.4	121.9	268.4	1137.9	-6627.4	3431.3	-208.7	
54.85	242.6	14.3	-24.2	2.0	-130.3	13.5	100.2	258.8	1117.4	-6495.6	2743.9	-213.2	
54.90	245.9	14.2	-16.3	2.0	-128.2	13.6	77.8	265.9	1097.2	-6642.0	1905.4	-184.0	
54.95	249.2	14.3	-7.6	2.0	-127.4	13.7	52.5	283.1	1081.5	-6731.3	1166.2	-153.5	
55.00	252.4	14.3	-5.5	2.0	-125.1	13.8	37.4	289.8	1061.8	-6611.7	822.2	-144.1	
55.05	255.7	14.4	-6.2	2.0	-121.0	13.9	35.6	280.0	1037.8	-6360.9	708.6	-142.2	
55.10	258.9	14.8	-6.0	2.0	-115.3	14.0	38.2	270.7	1024.9	-5982.9	478.9	-135.8	
55.15	262.2	14.9	-2.7	2.0	-111.4	14.1	42.8	273.0	1020.0	-5697.7	115.4	-120.8	
55.20	265.4	14.6	1.1	2.0	-109.7	14.2	42.3	282.1	1004.1	-5550.8	-251.8	-105.9	
55.25	268.7	14.6	3.4	2.0	-109.5	14.3	30.2	287.3	974.5	-5527.1	-528.3	-97.6	
55.30	271.9	14.5	3.0	2.0	-110.9	14.4	18.7	279.9	948.4	-5648.0	-816.5	-100.5	
55.35	275.2	14.3	0.1	2.0	-113.3	14.5	18.2	269.8	934.4	-5806.4	-1180.8	-112.9	
55.40	278.4	13.9	-4.2	2.0	-116.3	14.6	18.4	275.9	920.6	-5968.7	-1470.4	-130.7	
55.45	281.7	13.8	-5.9	2.0	-119.9	14.7	11.2	283.8	900.4	-6205.8	-1610.4	-140.2	
55.50	285.0	13.9	-7.3	2.0	-122.6	14.8	7.6	277.9	876.5	-6475.1	-1541.9	-147.6	
55.55	288.2	14.1	-13.6	2.0	-123.3	14.9	8.6	270.9	861.1	-6582.7	-1435.9	-170.1	
55.60	291.5	14.2	-18.5	2.0	-124.6	15.0	6.1	260.5	851.2	-6716.0	-1496.4	-188.3	
55.65	294.7	14.4	-18.1	2.0	-127.9	15.1	2.7	261.0	832.4	-6962.4	-1572.8	-189.9	
55.70	297.9	14.5	-15.9	2.0	-130.6	15.2	-4.1	276.2	807.6	-7159.9	-1537.0	-185.1	
55.75	301.1	14.3	-13.4	2.0	-133.4	15.3	-6.8	282.5	787.9	-7408.5	-1337.6	-179.4	
55.80	304.4	14.1	-12.7	2.0	-135.1	15.4	3.0	283.3	776.2	-7594.6	-1016.3	-178.7	
55.85	307.6	13.7	-15.1	2.0	-133.8	15.5	17.7	279.6	769.8	-7547.2	-704.1	-185.8	
55.90	310.8	13.2	-17.6	2.0	-129.8	15.6	25.3	259.6	764.9	-7318.9	-550.4	-190.1	
55.95	314.0	13.2	-22.5	2.0	-122.2	15.7	33.5	244.7	762.3	-6780.7	-535.6	-199.3	
56.00	317.2	13.3	-24.7	2.0	-114.6	15.8	35.8	234.5	758.7	-6225.8	-636.2	-199.4	
56.05	320.4	13.4	-22.6	2.0	-108.2	15.9	24.4	210.8	747.1	-5801.9	-828.2	-185.9	
56.10	323.6	13.8	-24.3	2.0	-100.6	16.0	19.9	191.2	732.6	-5275.0	-898.9	-184.0	
56.15	326.8	13.8	-25.4	2.0	-92.8	16.1	21.3	168.6	722.9	-4753.3	-873.2	-179.9	
56.20	330.0	13.5	-24.1	2.0	-85.0	16.2	22.4	149.4	714.2	-4223.1	-845.9	-167.9	
56.25	333.2	13.3	-21.9	2.0	-75.7	16.3	24.9	138.2	703.7	-3540.7	-842.5	-150.7	
56.30	336.4	13.1	-21.7	2.0	-65.0	16.4	27.2	110.2	698.6	-2757.8	-933.3	-139.4	
56.35	339.6	13.1	-22.9	2.0	-55.0	16.5	26.9	82.5	699.9	-1903.6	-1167.9	-133.6	
56.40	342.8	13.1	-20.5	2.0	-49.8	16.6	17.6	58.8	694.3	-1175.3	-1520.0	-120.2	
56.45	346.0	13.3	-12.5	2.0	-50.0	16.7	-1.9	42.3	672.9	-670.9	-1890.7	-93.1	
56.50	349.1	13.5	-5.1	2.0	-51.9	16.8	-17.3	37.6	654.0	-150.8	-2164.1	-69.6	
56.55	352.3	13.6	-2.8	2.0	-53.7	16.9	-21.1	20.6	652.0	376.8	-2308.4	-63.4	
56.60	355.4	13.3	-2.2	2.0	-55.8	17.0	-21.8	-4.5	650.9	879.9	-2365.3	-63.4	
56.65	358.6	13.0	0.1	2.0	-59.9	17.1	-31.5	-21.4	638.1	1285.2	-2483.5	-59.4	
56.70	1.7	12.8	3.8	2.0	-63.4	17.2	-41.1	-37.1	626.4	1525.9	-2609.4	-50.6	
56.75	4.8	12.4	2.2	2.0	-66.3	17.3	-38.0	-46.0	630.9	1894.5	-2611.8	-58.6	
56.80	8.0	12.3	-2.4	2.0	-67.9	17.4	-26.9	-57.5	636.4	2323.1	-2388.2	-76.2	
56.85	11.1	12.5	-4.5	2.0	-66.5	17.5	-18.1	-74.1	624.5	2493.0	-1997.9	-81.9	
56.90	14.2	12.2	-5.6	2.0	-63.6	17.6	-14.6	-81.6	610.1	2436.1	-1691.6	-82.7	
56.95	17.4	12.2	-7.0	2.0	-64.8	17.7	-17.2	-91.8	612.5	2469.8	-1747.5	-88.7	
57.00	20.5	12.4	-8.1	2.0	-69.3	17.8	-21.5	-101.4	618.8	2613.7	-2057.6	-96.9	
57.05	23.6	12.1	-3.7	2.0	-76.6	17.9	-33.8	-107.4	618.2	2824.8	-2622.3	-89.1	
57.10	26.7	12.1	3.3	2.0	-86.6	18.0	-46.5	-131.2	618.5	3106.8	-3310.3	-75.3	
57.15	29.8	12.5	5.8	2.0	-96.8	18.1	-50.0	-155.3	630.2	3453.2	-3922.4	-77.0	
57.20	32.9	12.9	7.7	2.0	-102.3	18.2	-54.8	-156.7	640.3	3524.1	-4386.1	-75.7	
57.25	36.0	13.0	12.7	2.0	-104.7	18.3	-69.7	-154.2	636.2	3292.4	-4783.2	-61.2	
57.30	39.1	13.0	18.3	2.0	-109.0	18.4	-83.5	-153.1	633.4	3322.7	-5137.0	-46.2	
57.35	42.1	12.9	23.4	2.0	-115.7	18.5	-92.5	-159.7	647.0	3610.7	-5504.0	-35.3	
57.40	45.2	12.8	29.4	2.0	-118.7	18.6	-91.0	-170.2	663.9	3788.3	-5612.1	-17.7	
57.45	48.2	12.5	29.3	2.0	-117.9	18.7	-81.1	-174.9	669.1	4070.6	-5336.7	-17.5	
57.50	51.2	11.9	22.6	2.0	-118.5	18.8	-72.7	-194.7	670.7	4538.3	-4942.0	-41.0	
57.55	54.3	11.6	16.5	2.0	-121.8	18.9	-61.9	-222.9	681.7	5068.6	-4657.6	-65.3	
57.60	57.3	11.3	17.3	2.0	-126.0	19.0	-59.0	-230.9	698.2	5441.9	-4664.4	-66.8	
57.65	60.3	11.0	20.4	2.0	-128.4	19.1	-70.1	-233.0	703.6	5521.3	-4824.4	-58.2	
57.70	63.3	11.3	23.6	2.0	-132.9	19.2	-85.2	-246.2	704.4	5720.2	-5038.0	-51.9	
57.75	66.3	11.6	23.6	2.0	-140.5	19.3	-94.7	-261.3	716.0	6146.0	-5324.2	-59.5	
57.80	69.3	11.9	27.6	2.0	-147.1	19.4	-102.9	-278.3	729.4	6435.3	-5664.6	-52.3	
57.85	72.2	12.3	34.4	2.0	-153.1	19.5	-109.2	-285.6	735.0	6718.0	-5973.7	-34.9	
57.90	75.2	12.4	38.2	2.0	-161.5	19.6	-114.0	-291.6	738.9	7279.9	-6264.2	-30.4	
57.95	78.1	12.5	44.5	2.0	-170.3	19.7	-125.3	-305.7	746.4	7762.3	-6642.7	-17.4	
58.00	81.1	12.6	54.1	2.0	-173.9	19.8	-138.6	-296.7	753.2	7811.2	-7002.9	11.7	
58.05	84.0	12.7	64.0	2.0	-174.8	19.9	-147.3	-279.0	760.5	7682.6	-7284.3	45.0	
58.10	86.9	12.8	68.7	2.0	-177.6	20.0	-149.8	-288.5	770.7	7767.8	-7457.9	58.2	
58.15	89.8	12.6	68.8	2.0	-180.5	20.1	-145.2	-294.5	783.8	8014.2	-7478.8	55.7	
58.20	92.8	13.0	67.5	2.0	-176.6	20.2	-131.3	-282.2	790.1	7917.0	-7217.0	55.3	
58.25	95.7	13.3	64.1	2.0	-171.2	20.3	-119.4	-279.1	792.7	7668.3	-6920.3	48.9	
58.30	98.6	13.1	54.2	2.0	-171.1	20.4	-109.5	-292.0	799.5	7746.1	-6768.8	14.9	
58.35	101.5	12.9	44.9	2.0	-173.8	20.5	-104.1	-312.0	809.8	7877.1	-6846.9	-19.7	
58.40	104.4	12.9	43.3	2.0	-173.1	20.6	-109.4	-309.5	817.1	7604.9	-7066.9	-24.7	
58.45	107.3	12.9	45.3	2.0	-168.2	20.7	-121.4	-278.5	819.0	7031.1	-7223.7	-12.8	
58.50	110.1	12.8	47.3	2.0	-162.4	20.8	-126.1	-262.6	820.2	6499.0	-7167.0	-0.1	
58.55	113.0	12.9	43.9	2.0	-158.2	20.9	-115.3	-266.6	830.6	6247.4	-6962.1	-7.5	
58.60	115.8	13.2	41.9	2.0	-154.3	21.0	-99.2	-258.1	849.0	6007.2	-6809.0	-10.4	
58.65	118.6	13.3	45.4	2.0	-148.5	21.1	-92.8	-236.2	860.7	5444.1	-6789.2	7.3	
58.70	121.4	13.4	51.3	2.0	-145.3	21.2	-102.3	-210.0	861.2	4970.3	-6918.5	30.9	
58.75	124.2	13.3	51.7	2.0	-147.0	21.3	-120.8	-194.1	865.7	4769.1	-7223.6	30.4	
58.80	127.0	13.1	54.3	2.0	-149.7	21.4	-137.2	-191.0	879.6	4451.0	-7625.0	36.9	
58.85	129.8	13.0	56.3	2.0	-150.9	21.5	-146.0	-179.7	896.9	4023.1	-7963.6	42.3	
58.90	132.5	12.9	53.1	2.0	-151.1	21.6	-150.7	-168.0	906.4	3704.7	-8141.5	31.2	
58.95	135.3	12.4	48.9	2.0	-151.0	21.7	-153.5	-170.7	910.1	3478.1	-8218.9	16.7	
59.00	138.1	12.4	46.7	2.0	-150.0	21.8	-149.7	-161.9	916.8	3282.6	-8239.3	10.5	
59.05	140.9	12.7	46.7	2.0	-149.2	21.9	-144.4	-147.6	926.2	3043.0	-8299.6	11.0	
59.10	143.7	13.0	46.6	2.0	-150.1	22.0	-144.3	-146.7	928.6	2895.5	-8426.6	9.8	
59.15	146.4	13.0	45.1	2.0	-152.5	22.1	-149.1	-144.3	925.7	2965.0	-8594.2	2.2	
59.20	149.1	13.1	48.9	2.0	-155.0	22.2	-155.9	-138.0	925.9	2995.3	-8781.4	12.9	
59.25	151.8	13.5	56.7	2.0	-157.1	22.3	-161.0	-130.6	928.7	2936.1	-8970.6	37.5	
59.30	154.5	13.7	62.1	2.0	-158.3	22.4	-160.8	-115.9	927.3	2987.6	-9075.0	54.9	
59.35	157.2	13.6	64.3	2.0	-157.9	22.5	-157.9	-105.7	922.4	2984.6	-9077.7	62.7	
59.40	159.9	13.2	69.4	2.0	-155.8	22.6	-153.6	-97.5	919.9	2774.3	-8999.8	82.3	
59.45	162.5	13.1	74.3	2.0	-152.8	22.7	-150.2	-77.6	918.7	2446.4	-8903.0	102.4	
59.50	165.2	12.9	76.5	2.0	-151.0	22.8	-152.5	-62.5	915.6	2123.3	-8860.4	111.5	
59.55	167.8	12.6	73.2	2.0	-149.7	22.9	-155.6	-52.5	911.4	1885.3	-8815.1	101.6	
59.60	170.5	12.0	66.0	2.0	-147.7	23.0	-154.9	-39.9	910.6	1700.0	-8711.8	78.8	
59.65	173.1	11.7	59.7	2.0	-144.9	23.1	-152.2	-38.3	912.3	1493.5	-8540.1	60.0	
59.70	175.7	11.5	52.9	2.0	-141.1	23.2	-148.8	-42.0	906.7	1293.4	-8299.4	40.5	
59.75	178.3	11.8	44.8	2.0	-137.2	23.3	-145.6	-34.3	893.5	1033.1	-8058.1	16.7	
59.80	180.9	11.9	41.1	2.0	-133.4	23.4	-141.7	-14.6	883.5	535.1	-7848.8	7.6	
59.85	183.4	11.8	40.9	2.0	-130.5	23.5	-136.8	11.4	881.4	-18.5	-7662.2	9.8	
59.90	186.0	11.5	41.4	2.0	-126.0	23.6	-126.8	30.6	877.5	-478.1	-7329.1	16.1	
59.95	188.5	11.3	39.7	2.0	-119.8	23.7	-112.6	39.9	870.0	-884.4	-6861.5	16.5	
60.00	191.0	11.2	38.7	2.0	-114.9	23.8	-99.2	63.4	864.9	-1311.7	-6419.2	17.8	
60.05	193.5	11.1	38.2	2.0	-112.1	23.9	-89.3	92.3	860.7	-1777.2	-6058.2	19.2	
60.10	196.0	11.4	38.7	2.0	-109.4	24.0	-82.3	105.3	851.0	-2113.3	-5724.5	23.4	
60.15	198.5	11.4	32.5	2.0	-106.5	24.1	-77.0	109.3	838.7	-2245.6	-5445.5	5.1	
60.20	201.0	10.9	25.6	2.0	-104.5	24.2	-71.3	112.4	828.8	-2531.7	-5163.6	-16.5	
60.25	203.6	10.9	20.8	2.0	-105.4	24.3	-66.3	126.4	820.2	-3115.5	-4882.8	-33.9	
60.30	206.0	11.1	15.8	2.0	-108.1	24.4	-63.0	149.0	811.1	-3701.5	-4661.0	-53.8	
60.35	208.5	11.5	12.3	2.0	-111.0	24.5	-61.8	155.1	804.1	-4158.0	-4548.5	-68.7	
60.40	211.0	11.6	11.0	2.0	-114.8	24.6	-61.0	161.6	797.6	-4589.3	-4515.4	-77.1	
60.45	213.5	11.5	12.7	2.0	-119.1	24.7	-59.3	179.9	788.3	-5042.5	-4444.3	-75.7	
60.50	215.9	11.4	11.9	2.0	-121.7	24.8	-57.9	193.2	773.3	-5391.9	-4297.8	-80.9	
60.55	218.3	11.4	8.6	2.0	-120.1	24.9	-56.5	192.1	757.6	-5326.4	-4204.9	-90.5	
60.60	220.8	11.3	7.2	2.0	-117.2	25.0	-54.6	181.5	748.1	-5025.5	-4285.1	-92.4	
60.65	223.2	11.1	13.3	2.0	-117.7	25.1	-57.9	181.3	739.4	-4892.1	-4503.5	-72.0	
60.70	225.5	10.9	20.9	2.0	-119.8	25.2	-64.3	198.3	725.1	-4900.4	-4659.7	-48.1	
60.75	227.9	10.5	27.0	2.0	-119.7	25.3	-67.0	214.0	707.1	-4843.8	-4663.1	-27.1	
60.80	230.3	10.1	28.9	2.0	-118.0	25.4	-62.4	213.6	693.9	-4715.0	-4632.8	-18.6	
60.85	232.6	10.1	33.7	2.0	-117.1	25.5	-52.9	213.0	684.8	-4627.9	-4651.3	-1.3	
60.90	235.0	10.3	38.6	2.0	-117.0	25.6	-44.7	217.1	672.4	-4628.0	-4646.2	15.5	
60.95	237.3	10.5	39.4	2.0	-116.4	25.7	-45.0	219.6	655.0	-4573.7	-4634.7	18.9	
61.00	239.7	10.6	39.6	2.0	-115.2	25.8	-52.5	217.6	636.5	-4397.7	-4708.7	20.7	
61.05	242.0	10.9	38.2	2.0	-115.3	25.9	-57.5	206.5	623.7	-4303.4	-4851.9	15.7	
61.10	244.3	11.2	38.1	2.0	-115.9	26.0	-58.9	200.4	612.1	-4299.2	-4953.2	14.7	
61.15	246.6	11.4	35.6	2.0	-115.9	26.1	-59.1	206.2	594.3	-4380.2	-4869.8	6.2	
61.20	248.9	11.6	33.1	2.0	-115.4	26.2	-60.2	214.3	569.5	-4581.9	-4628.9	-1.7	
61.25	251.2	11.7	33.4	2.0	-116.5	26.3	-58.0	227.2	547.2	-4904.5	-4385.6	-2.0	
61.30	253.4	11.5	35.2	2.0	-119.9	26.4	-50.9	238.9	535.3	-5342.0	-4230.9	0.8	
61.35	255.7	11.7	37.3	2.0	-123.4	26.5	-42.7	247.7	528.8	-5751.6	-4101.2	4.8	
61.40	258.0	11.9	34.8	2.0	-126.0	26.6	-38.6	260.9	515.6	-6085.2	-3908.9	-6.4	
61.45	260.2	11.9	33.1	2.0	-127.8	26.7	-36.6	271.1	495.6	-6379.7	-3658.2	-14.1	
61.50	262.4	11.9	31.2	2.0	-128.4	26.8	-32.1	270.3	480.7	-6534.2	-3512.8	-21.3	
61.55	264.6	11.8	26.4	2.0	-127.9	26.9	-23.4	264.3	473.4	-6529.2	-3493.0	-37.4	
61.60	266.8	11.8	20.8	2.0	-128.0	27.0	-16.8	259.2	463.3	-6582.6	-3462.2	-56.7	
61.65	269.0	12.2	18.4	2.0	-130.0	27.1	-17.6	263.1	443.8	-6806.9	-3357.0	-66.7	
61.70	271.2	12.4	20.3	2.0	-133.3	27.2	-23.1	274.2	423.0	-7129.2	-3233.2	-63.8	
61.75	273.4	12.2	22.1	2.0	-136.3	27.3	-26.0	279.5	411.8	-7384.1	-3188.5	-60.5	
61.80	275.5	12.3	21.6	2.0	-137.4	27.4	-23.6	281.2	406.2	-7475.2	-3189.0	-63.1	
61.85	277.7	12.3	19.7	2.0	-137.0	27.5	-21.2	283.0	395.1	-7462.4	-3142.4	-69.3	
61.90	279.8	11.9	19.4	2.0	-135.5	27.6	-21.8	279.1	377.6	-7418.8	-3031.2	-68.8	
61.95	281.9	11.8	19.7	2.0	-132.6	27.7	-25.2	271.4	360.6	-7228.3	-2998.0	-65.1	
62.00	284.0	11.5	18.4	2.0	-128.4	27.8	-27.2	263.6	347.3	-6886.5	-3073.8	-65.4	
62.05	286.1	11.0	20.1	2.0	-126.0	27.9	-31.1	258.9	335.6	-6635.6	-3237.1	-56.9	
62.10	288.2	10.8	24.7	2.0	-124.8	28.0	-37.1	258.7	321.2	-6479.1	-3354.9	-39.8	
62.15	290.3	11.0	28.8	2.0	-122.0	28.1	-43.9	254.6	304.7	-6245.4	-3395.7	-23.2	
62.20	292.3	11.4	30.3	2.0	-117.7	28.2	-49.9	241.3	289.5	-5876.8	-3486.7	-13.6	
62.25	294.4	11.4	31.9	2.0	-114.6	28.3	-53.4	233.9	277.8	-5470.8	-3737.5	-5.2	
62.30	296.4	11.6	37.2	2.0	-114.4	28.4	-57.2	235.5	267.8	-5211.2	-4068.3	13.4	
62.35	298.5	11.7	41.8	2.0	-114.5	28.5	-61.2	230.7	256.2	-5054.6	-4301.6	29.0	
62.40	300.5	11.9	43.7	2.0	-113.2	28.6	-66.8	219.5	241.5	-4845.2	-4443.9	36.8	
62.45	302.5	11.8	43.9	2.0	-112.8	28.7	-73.8	213.8	225.4	-4714.6	-4575.0	37.8	
62.50	304.5	11.5	47.5	2.0	-115.2	28.8	-78.8	217.9	212.4	-4830.8	-4701.1	48.0	
62.55	306.6	10.9	51.1	2.0	-117.1	28.9	-80.5	225.2	203.3	-4933.7	-4782.3	58.2	
62.60	308.6	11.0	46.1	2.0	-115.8	29.0	-81.2	219.3	193.0	-4862.4	-4756.0	42.5	
62.65	310.6	11.5	39.3	2.0	-112.9	29.1	-80.2	203.7	178.4	-4768.0	-4615.8	21.9	
62.70	312.5	12.0	34.5	2.0	-111.1	29.2	-73.8	197.9	166.4	-4777.1	-4450.6	7.4	
62.75	314.5	11.8	30.6	2.0	-110.2	29.3	-61.4	199.0	160.7	-4885.7	-4243.3	-5.0	
62.80	316.5	11.4	25.4	2.0	-108.2	29.4	-48.3	194.7	154.5	-4990.8	-3921.6	-21.1	
62.85	318.4	11.4	19.1	2.0	-105.6	29.5	-40.1	190.1	140.8	-5097.7	-3493.6	-40.2	
62.90	320.4	11.2	16.5	2.0	-104.4	29.6	-34.4	187.7	124.5	-5312.8	-3022.8	-47.6	
62.95	322.3	10.8	15.2	2.0	-103.4	29.7	-25.7	186.7	115.7	-5448.9	-2639.9	-51.4	
63.00	324.2	10.2	10.2	2.0	-99.9	29.8	-16.3	181.1	113.9	-5274.8	-2426.4	-64.7	
63.05	326.1	10.0	3.7	2.0	-94.4	29.9	-13.1	165.3	108.8	-4922.6	-2329.3	-81.8	
63.10	328.0	9.9	1.4	2.0	-90.4	30.0	-17.4	152.0	95.9	-4640.7	-2316.2	-85.8	
63.15	329.9	9.8	4.2	2.0	-88.9	30.1	-23.4	147.5	84.6	-4496.6	-2397.1	-74.4	
63.20	331.7	9.7	7.7	2.0	-88.0	30.2	-27.1	141.7	80.0	-4340.3	-2570.5	-61.6	
63.25	333.6	9.5	10.3	2.0	-86.9	30.3	-31.5	136.5	75.0	-4114.3	-2799.1	-51.7	
63.30	335.4	9.1	16.7	2.0	-86.9	30.4	-38.6	135.3	64.5	-3950.9	-3032.8	-29.5	
63.35	337.3	8.8	25.0	2.0	-87.4	30.5	-47.4	133.8	55.4	-3778.1	-3309.4	-1.7	
63.40	339.1	8.7	29.7	2.0	-86.7	30.6	-55.0	123.2	53.8	-3385.3	-3671.0	15.3	
63.45	340.9	8.8	29.7	2.0	-85.5	30.7	-62.6	103.4	53.6	-2808.2	-4065.4	16.3	
63.50	342.8	9.2	29.9	2.0	-85.1	30.8	-72.2	82.6	46.6	-2240.2	-4416.4	17.4	
63.55	344.6	9.6	32.5	2.0	-85.7	30.9	-81.0	68.1	36.8	-1743.3	-4704.1	25.8	
63.60	346.4	9.6	35.3	2.0	-86.0	31.0	-84.5	52.1	31.3	-1247.9	-4907.9	35.2	
63.65	348.2	9.2	36.3	2.0	-85.2	31.1	-82.1	32.6	26.3	-736.2	-4980.5	39.5	
63.70	349.9	9.0	36.2	2.0	-85.1	31.2	-81.6	20.3	17.3	-299.5	-5043.9	39.3	
63.75	351.7	9.2	40.3	2.0	-85.2	31.3	-81.1	13.6	6.7	-42.5	-5068.0	53.3	
63.80	353.5	9.2	45.0	2.0	-86.1	31.4	-80.0	6.3	3.8	182.2	-5145.4	68.4	
63.85	355.2	9.2	47.0	2.0	-87.7	31.5	-79.6	-3.6	4.6	482.0	-5248.3	73.7	
63.90	356.9	9.0	48.2	2.0	-88.0	31.6	-79.0	-15.6	-1.7	729.4	-5239.4	77.5	
63.95	358.7	9.1	48.6	2.0	-86.6	31.7	-77.3	-19.2	-11.6	788.9	-5122.9	80.1	
64.00	0.3	9.2	48.5	2.0	-84.1	31.8	-72.8	-19.6	-14.8	747.5	-4946.6	82.5	
64.05	2.1	9.3	45.9	2.0	-81.3	31.9	-68.1	-25.6	-14.5	697.4	-4745.6	76.2	
64.10	3.8	9.4	40.7	2.0	-78.7	32.0	-67.4	-29.5	-19.7	635.3	-4552.2	61.1	
64.15	5.5	9.3	35.8	2.0	-76.3	32.1	-68.9	-27.8	-27.8	422.8	-4385.3	46.6	
64.20	7.2	9.0	31.3	2.0	-74.4	32.2	-68.7	-25.5	-27.8	86.4	-4261.2	33.1	
64.25	8.9	8.8	25.0	2.0	-72.6	32.3	-65.4	-28.3	-20.8	-111.7	-4137.3	13.4	
64.30	10.5	8.9	17.3	2.0	-69.9	32.4	-60.7	-41.1	-18.1	-166.7	-3923.9	-10.6	
64.35	12.2	9.2	10.7	2.0	-66.1	32.5	-55.6	-49.1	-22.5	-238.4	-3627.9	-29.4	
64.40	13.9	9.0	6.4	2.0	-62.2	32.6	-49.3	-46.4	-24.0	-322.7	-3344.8	-40.3	
64.45	15.5	9.1	4.0	2.0	-59.5	32.7	-42.7	-51.2	-18.7	-326.8	-3141.6	-45.9	
64.50	17.2	9.2	2.5	2.0	-58.8	32.8	-41.9	-62.2	-14.4	-151.8	-3080.8	-50.4	
64.55	18.8	8.9	3.1	2.0	-58.5	32.9	-43.8	-67.7	-17.3	93.7	-3042.9	-47.8	
64.60	20.4	9.2	6.3	2.0	-57.7	33.0	-42.9	-71.4	-18.7	281.0	-2964.9	-36.2	
64.65	22.1	9.4	8.5	2.0	-57.1	33.1	-36.6	-74.3	-11.7	583.9	-2880.0	-28.1	
64.70	23.7	8.9	9.6	2.0	-58.6	33.2	-31.5	-85.5	-3.3	1025.2	-2851.2	-25.5	
64.75	25.3	8.7	12.3	2.0	-62.3	33.3	-32.0	-105.7	-2.4	1487.4	-2896.1	-20.0	
64.80	26.9	8.5	17.2	2.0	-67.4	33.4	-38.7	-117.0	-3.9	1894.6	-3069.6	-8.4	
64.85	28.5	8.2	21.8	2.0	-73.1	33.5	-45.0	-123.3	-0.3	2285.2	-3302.5	1.8	
64.90	30.1	8.3	25.2	2.0	-80.2	33.6	-50.9	-136.8	5.0	2772.6	-3550.7	6.3	
64.95	31.7	8.3	27.7	2.0	-88.7	33.7	-59.3	-155.5	5.7	3368.6	-3818.1	6.2	
65.00	33.3	8.1	31.1	2.0	-96.1	33.8	-65.7	-175.1	2.5	3905.9	-4001.5	10.7	
65.05	34.9	7.9	34.5	2.0	-101.8	33.9	-67.0	-188.5	2.2	4367.6	-4087.8	16.7	
65.10	36.4	8.1	36.7	2.0	-107.6	34.0	-66.3	-196.3	6.9	4871.1	-4155.1	18.2	
65.15	38.0	8.5	39.4	2.0	-112.9	34.1	-66.2	-207.3	8.8	5310.7	-4198.6	22.5	
65.20	39.5	8.2	43.3	2.0	-116.5	34.2	-68.5	-214.5	7.0	5579.9	-4254.3	32.3	
65.25	41.0	8.2	46.9	2.0	-118.4	34.3	-72.1	-213.6	9.0	5692.0	-4347.1	42.7	
65.30	42.6	8.4	47.9	2.0	-119.1	34.4	-75.5	-213.7	13.9	5702.5	-4402.0	45.4	
65.35	44.1	8.5	46.6	2.0	-119.1	34.5	-78.6	-215.4	14.8	5713.4	-4379.7	40.8	
65.40	45.6	8.3	45.5	2.0	-119.3	34.6	-81.3	-217.7	12.9	5760.2	-4334.2	37.0	
65.45	47.1	8.0	43.5	2.0	-119.2	34.7	-78.2	-225.6	14.1	5798.0	-4230.2	30.2	
65.50	48.6	7.9	39.3	2.0	-119.1	34.8	-72.1	-233.2	21.3	5860.0	-4095.3	15.7	
65.55	50.1	8.3	34.8	2.0	-117.9	34.9	-68.0	-237.0	26.1	5870.1	-3903.0	1.5	
65.60	51.6	8.7	30.8	2.0	-114.5	35.0	-65.9	-240.7	24.7	5724.3	-3637.2	-8.8	
65.65	53.1	8.7	27.9	2.0	-110.1	35.1	-62.1	-238.6	26.2	5507.7	-3378.2	-14.2	
65.70	54.6	9.2	25.2	2.0	-105.8	35.2	-53.3	-233.8	33.7	5299.7	-3109.6	-19.3	
65.75	56.1	9.5	22.2	2.0	-101.1	35.3	-43.8	-230.1	39.4	5080.8	-2795.4	-25.0	
65.80	57.5	9.7	19.3	2.0	-96.7	35.4	-37.0	-226.3	39.1	4894.0	-2474.3	-30.4	
65.85	59.0	10.2	16.2	2.0	-94.1	35.5	-31.8	-227.2	40.3	4780.3	-2254.5	-38.6	
65.90	60.4	10.4	13.0	2.0	-94.2	35.6	-27.2	-233.9	48.1	4791.6	-2194.2	-49.4	
65.95	61.9	10.4	10.4	2.0	-95.1	35.7	-26.5	-235.7	57.3	4825.6	-2245.4	-59.3	
66.00	63.3	10.3	10.0	2.0	-94.1	35.8	-29.7	-233.1	61.3	4726.8	-2298.6	-59.8	
66.05	64.7	10.2	10.5	2.0	-92.4	35.9	-34.5	-229.1	63.7	4565.8	-2349.7	-56.3	
66.10	66.1	10.1	10.3	2.0	-91.9	36.0	-36.5	-228.6	70.1	4477.9	-2413.9	-56.5	
66.15	67.5	10.2	10.6	2.0	-92.2	36.1	-35.7	-232.1	78.3	4446.9	-2494.4	-55.9	
66.20	69.0	10.2	12.1	2.0	-93.4	36.2	-38.7	-231.6	83.7	4461.3	-2631.2	-51.7	
66.25	70.4	10.2	14.6	2.0	-95.5	36.3	-44.0	-229.3	86.7	4559.0	-2781.9	-45.4	
66.30	71.7	10.6	16.7	2.0	-99.7	36.4	-47.1	-236.8	91.6	4806.9	-2933.9	-42.4	
66.35	73.1	10.8	18.3	2.0	-105.8	36.5	-49.5	-249.1	100.3	5169.5	-3146.7	-43.1	
66.40	74.5	10.8	20.7	2.0	-111.3	36.6	-52.6	-258.7	107.9	5477.2	-3373.2	-40.4	
66.45	75.9	10.9	25.6	2.0	-115.1	36.7	-57.9	-265.0	111.7	5663.5	-3572.2	-27.3	
66.50	77.3	11.0	28.6	2.0	-118.5	36.8	-61.9	-267.1	113.9	5868.5	-3710.3	-20.2	
66.55	78.6	11.0	31.2	2.0	-122.9	36.9	-64.8	-272.4	117.8	6140.0	-3870.9	-15.9	
66.60	80.0	10.6	35.2	2.0	-127.2	37.0	-67.1	-280.3	122.0	6363.8	-4078.0	-6.3	
66.65	81.4	10.6	39.3	2.0	-131.0	37.1	-72.0	-282.1	126.5	6507.0	-4356.1	3.8	
66.70	82.7	10.7	42.9	2.0	-134.3	37.2	-78.2	-283.6	129.8	6642.2	-4590.9	13.0	
66.75	84.1	10.8	44.7	2.0	-137.2	37.3	-82.4	-287.5	133.1	6782.6	-4744.4	16.3	
66.80	85.4	10.7	46.3	2.0	-139.2	37.4	-84.8	-287.6	137.1	6878.5	-4850.6	19.9	
66.85	86.7	10.5	47.5	2.0	-139.1	37.5	-84.4	-284.7	141.7	6845.8	-4895.5	23.9	
66.90	88.1	10.4	47.9	2.0	-138.0	37.6	-81.2	-283.8	146.7	6772.1	-4857.8	26.4	
66.95	89.4	10.2	45.8	2.0	-136.9	37.7	-78.0	-284.2	150.4	6758.1	-4729.9	20.5	
67.00	90.7	10.0	43.0	2.0	-134.5	37.8	-74.6	-283.7	151.5	6694.6	-4506.5	13.1	
67.05	92.0	9.5	40.9	2.0	-130.4	37.9	-69.0	-277.7	154.3	6508.8	-4263.0	9.9	
67.10	93.3	9.4	38.6	2.0	-125.7	38.0	-62.0	-269.0	162.0	6256.0	-4037.6	6.7	
67.15	94.6	9.5	34.1	2.0	-120.9	38.1	-55.0	-265.4	170.3	6027.7	-3742.3	-3.9	
67.20	95.9	9.7	27.9	2.0	-116.2	38.2	-47.8	-265.8	175.5	5854.6	-3335.3	-20.5	
67.25	97.2	10.0	22.6	2.0	-110.9	38.3	-39.8	-262.6	178.7	5653.8	-2874.7	-33.2	
67.30	98.5	10.3	18.6	2.0	-105.7	38.4	-29.7	-257.3	184.9	5436.2	-2455.4	-41.7	
67.35	99.7	10.4	14.2	2.0	-101.7	38.5	-18.9	-252.9	193.6	5272.9	-2091.8	-53.0	
67.40	101.0	10.9	9.6	2.0	-98.8	38.6	-13.3	-250.7	199.6	5154.4	-1774.6	-65.8	
67.45	102.3	11.4	6.7	2.0	-96.0	38.7	-12.9	-250.7	201.8	5028.8	-1486.3	-73.2	
67.50	103.5	11.9	5.6	2.0	-93.6	38.8	-12.0	-247.1	205.8	4905.0	-1256.1	-74.2	
67.55	104.8	12.0	5.3	2.0	-91.9	38.9	-7.1	-241.0	215.3	4827.5	-1101.6	-73.8	
67.60	106.0	12.2	4.6	2.0	-91.6	39.0	-1.0	-237.1	225.6	4838.4	-961.3	-75.9	
67.65	107.2	12.4	4.8	2.0	-93.0	39.1	2.3	-238.7	230.4	4961.6	-800.8	-76.6	
67.70	108.4	12.0	5.8	2.0	-95.4	39.2	4.1	-245.5	232.2	5146.2	-664.1	-75.6	
67.75	109.7	11.7	7.0	2.0	-98.6	39.3	6.9	-250.7	237.3	5371.5	-637.3	-74.6	
67.80	110.9	11.7	8.3	2.0	-101.9	39.4	8.9	-251.4	244.6	5606.0	-736.4	-73.4	
67.85	112.1	12.0	10.7	2.0	-104.8	39.5	6.4	-251.0	248.5	5805.5	-877.6	-68.1	
67.90	113.3	12.1	13.9	2.0	-107.6	39.6	-0.7	-253.0	248.7	5994.7	-1009.0	-59.9	
67.95	114.5	12.0	16.2	2.0	-110.7	39.7	-6.9	-257.0	250.6	6191.2	-1155.2	-55.1	
68.00	115.7	11.8	17.7	2.0	-113.5	39.8	-8.3	-260.6	256.3	6359.5	-1325.0	-52.6	
68.05	116.9	11.6	19.1	2.0	-115.9	39.9	-8.8	-260.2	261.5	6500.5	-1505.4	-50.2	
68.10	118.1	11.4	20.7	2.0	-117.9	40.0	-11.5	-260.3	262.8	6618.0	-1654.8	-46.8	
68.15	119.3	11.3	21.9	2.0	-119.5	40.1	-15.4	-264.3	262.6	6699.1	-1784.9	-44.4	
68.20	120.5	11.3	23.2	2.0	-120.5	40.2	-19.1	-265.6	265.9	6722.1	-1956.5	-40.7	
68.25	121.7	11.3	24.4	2.0	-120.0	40.3	-22.1	-259.9	270.5	6644.9	-2134.8	-36.4	
68.30	122.8	10.9	25.7	2.0	-118.3	40.4	-23.4	-253.0	272.2	6506.0	-2206.8	-30.1	
68.35	124.0	10.7	26.4	2.0	-117.0	40.5	-23.2	-250.0	273.8	6413.0	-2180.9	-26.3	
68.40	125.2	10.6	25.8	2.0	-116.6	40.6	-21.2	-251.9	278.2	6391.6	-2126.5	-28.2	
68.45	126.3	10.6	24.6	2.0	-115.8	40.7	-17.0	-253.2	283.3	6335.7	-2078.4	-31.5	
68.50	127.5	10.4	23.3	2.0	-113.5	40.8	-13.8	-247.3	286.7	6186.9	-2038.5	-33.6	
68.55	128.6	10.3	22.7	2.0	-109.7	40.9	-11.5	-239.1	289.1	5929.6	-1967.1	-31.8	
68.60	129.7	10.4	21.9	2.0	-105.1	41.0	-9.5	-232.6	292.8	5611.6	-1869.8	-29.9	
68.65	130.9	10.0	20.2	2.0	-99.7	41.1	-7.9	-223.7	296.7	5234.4	-1768.5	-30.4	
68.70	132.0	9.7	17.9	2.0	-92.7	41.2	-6.0	-209.4	299.8	4751.1	-1663.5	-31.0	
68.75	133.1	9.6	15.3	2.0	-85.2	41.3	-2.8	-194.5	303.1	4239.1	-1542.0	-32.5	
68.80	134.2	9.4	12.3	2.0	-79.5	41.4	-0.6	-184.9	308.2	3845.7	-1428.1	-37.1	
68.85	135.3	9.6	8.8	2.0	-75.7	41.5	1.1	-181.8	312.6	3593.6	-1288.6	-45.4	
68.90	136.5	10.1	5.5	2.0	-72.2	41.6	3.0	-178.1	314.5	3375.3	-1155.6	-53.3	
68.95	137.6	10.3	3.1	2.0	-68.2	41.7	4.0	-168.0	317.1	3104.9	-1081.3	-57.7	
69.00	138.7	10.2	1.3	2.0	-64.0	41.8	5.4	-159.0	321.8	2812.9	-1017.0	-59.5	
69.05	139.8	9.8	-0.2	2.0	-60.5	41.9	8.2	-154.4	326.1	2591.3	-882.3	-61.2	
69.10	140.9	9.7	-1.6	2.0	-58.2	42.0	12.2	-152.3	328.1	2471.8	-692.0	-63.8	
69.15	141.9	10.1	-1.9	2.0	-56.5	42.1	16.5	-147.8	330.2	2387.4	-536.9	-63.0	
69.20	143.0	10.4	-1.9	2.0	-55.3	42.2	21.1	-141.0	334.5	2326.6	-465.0	-61.9	
69.25	144.1	10.4	-1.6	2.0	-55.8	42.3	23.3	-140.2	339.1	2364.7	-482.4	-61.3	
69.30	145.2	10.3	-1.1	2.0	-58.7	42.4	18.5	-145.9	341.3	2543.2	-613.4	-62.6	
69.35	146.3	10.3	0.7	2.0	-62.1	42.5	10.6	-151.6	341.8	2736.3	-815.7	-59.7	
69.40	147.3	10.5	3.6	2.0	-64.6	42.6	4.5	-152.0	344.4	2852.0	-1057.9	-52.3	
69.45	148.4	11.1	7.3	2.0	-67.1	42.7	-0.8	-146.0	348.4	2969.2	-1310.8	-42.0	
69.50	149.4	11.4	10.7	2.0	-69.7	42.8	-3.9	-145.1	350.4	3116.7	-1473.0	-32.8	
69.55	150.5	11.1	13.8	2.0	-72.1	42.9	-6.2	-147.8	351.2	3262.1	-1573.3	-24.7	
69.60	151.5	11.2	17.1	2.0	-73.8	43.0	-8.8	-144.1	352.9	3351.8	-1692.2	-15.1	
69.65	152.5	11.5	20.8	2.0	-74.5	43.1	-10.4	-138.7	355.3	3355.3	-1829.0	-3.1	
69.70	153.6	12.0	23.3	2.0	-76.0	43.2	-13.9	-134.2	357.9	3404.3	-2004.0	3.8	
69.75	154.6	11.5	24.1	2.0	-78.7	43.3	-18.7	-132.7	360.0	3553.8	-2147.9	4.1	
69.80	155.6	11.3	24.4	2.0	-79.8	43.4	-18.9	-135.2	361.2	3653.7	-2121.3	4.1	
69.85	156.6	11.2	24.5	2.0	-79.1	43.5	-15.3	-136.5	361.8	3679.2	-1968.2	4.9	
69.90	157.6	11.3	21.8	2.0	-77.5	43.6	-10.4	-132.4	362.7	3659.2	-1762.9	-2.5	
69.95	158.7	11.2	18.5	2.0	-74.6	43.7	-4.4	-128.7	362.9	3553.7	-1493.7	-11.0	
70.00	159.7	11.1	16.3	2.0	-70.2	43.8	1.3	-122.4	362.3	3333.9	-1184.7	-14.0	
70.05	160.7	11.0	14.7	2.0	-65.1	43.9	6.5	-111.5	362.0	3065.3	-867.2	-14.6	
70.10	161.7	10.6	11.6	2.0	-60.1	44.0	13.8	-104.2	362.0	2781.0	-521.1	-20.2	
70.15	162.7	10.2	7.1	2.0	-56.0	44.1	22.5	-98.6	363.2	2519.1	-165.9	-31.6	
70.20	163.7	9.9	2.5	2.0	-52.4	44.2	31.9	-92.2	364.7	2255.4	200.5	-43.8	
70.25	164.7	9.7	-0.6	2.0	-48.9	44.3	40.5	-85.9	365.3	1921.1	566.2	-51.1	
70.30	165.7	10.0	-3.7	2.0	-46.3	44.4	45.5	-79.7	364.5	1604.3	850.4	-58.8	
70.35	166.7	10.7	-6.8	2.0	-43.8	44.5	45.6	-70.0	363.6	1318.5	995.7	-67.0	
70.40	167.6	10.8	-8.3	2.0	-40.9	44.6	44.9	-59.9	362.9	995.2	1072.8	-69.3	
70.45	168.6	10.9	-8.0	2.0	-38.8	44.7	44.7	-49.3	363.5	703.1	1120.3	-66.1	
70.50	169.6	10.9	-7.8	2.0	-38.0	44.8	44.9	-41.1	364.1	554.4	1153.2	-64.9	
70.55	170.5	10.7	-7.8	2.0	-38.5	44.9	47.5	-40.2	364.6	506.2	1215.1	-65.1	
70.60	171.5	10.5	-7.6	2.0	-39.0	45.0	51.5	-37.8	366.3	478.8	1254.9	-65.2	
70.65	172.4	10.5	-6.3	2.0	-38.4	45.1	54.4	-31.3	369.4	445.5	1225.0	-60.0	
70.70	173.4	10.7	-3.9	2.0	-37.2	45.2	54.6	-28.0	370.8	420.3	1139.9	-50.7	
70.75	174.3	11.0	-2.7	2.0	-35.0	45.3	50.0	-27.6	369.0	463.1	953.8	-44.2	
70.80	175.3	11.3	-2.5	2.0	-31.9	45.4	42.0	-26.8	367.2	542.7	653.5	-40.4	
70.85	176.2	11.2	-0.9	2.0	-29.4	45.5	34.1	-27.1	367.4	602.9	304.6	-32.4	
70.90	177.2	11.0	1.8	2.0	-29.0	45.6	26.0	-26.8	367.1	663.7	-52.7	-22.7	
70.95	178.1	10.9	4.6	2.0	-31.0	45.7	17.4	-25.9	365.1	745.2	-388.6	-15.4	
71.00	179.0	10.8	7.1	2.0	-33.5	45.8	12.7	-27.4	364.3	806.5	-637.9	-8.9	
71.05	180.0	10.9	10.2	2.0	-35.1	45.9	11.2	-26.7	365.6	807.9	-822.3	-0.1	
71.10	180.9	11.2	13.0	2.0	-35.7	46.0	10.2	-20.7	365.3	745.9	-958.2	8.9	
71.15	181.8	11.7	14.1	2.0	-35.6	46.1	9.7	-15.8	361.9	669.8	-1025.4	13.0	
71.20	182.7	11.7	14.8	2.0	-35.6	46.2	8.8	-13.2	358.6	638.2	-1060.9	15.1	
71.25	183.6	11.8	14.9	2.0	-35.6	46.3	7.6	-8.9	357.6	600.1	-1092.1	15.7	
71.30	184.5	12.3	15.4	2.0	-34.3	46.4	7.7	-4.4	356.3	479.9	-1059.1	18.6	
71.35	185.4	12.4	14.5	2.0	-32.3	46.5	8.2	-0.5	352.9	354.0	-952.0	17.6	
71.40	186.3	12.5	11.2	2.0	-29.9	46.6	10.6	1.8	351.3	284.4	-774.0	8.5	
71.45	187.2	12.6	7.7	2.0	-26.0	46.7	18.1	2.2	352.3	168.3	-481.0	0.5	
71.50	188.1	12.3	5.6	2.0	-21.2	46.8	28.5	8.0	352.0	-64.9	-92.3	-2.2	
71.55	189.0	11.9	5.5	2.0	-26.5	46.9	37.9	18.9	348.9	-346.2	323.3	-7.6	
71.60	189.9	11.7	4.5	2.0	-32.9	47.0	45.6	26.9	346.9	-608.5	710.8	-17.4	
71.65	190.7	11.3	3.0	2.0	-38.4	47.1	52.2	32.1	347.7	-823.4	1039.4	-28.2	
71.70	191.6	11.0	2.4	2.0	-43.3	47.2	57.0	38.0	347.8	-1028.8	1315.2	-35.1	
71.75	192.5	10.8	2.5	2.0	-47.9	47.3	60.6	44.0	346.2	-1254.3	1559.6	-39.3	
71.80	193.4	10.9	1.6	2.0	-51.2	47.4	62.2	48.4	345.6	-1415.0	1735.9	-45.7	
71.85	194.2	10.7	-0.4	2.0	-53.2	47.5	63.5	51.7	346.9	-1487.2	1863.9	-54.5	
71.90	195.1	10.3	-0.6	2.0	-55.6	47.6	67.0	54.5	346.5	-1562.5	2019.3	-57.7	
71.95	196.0	10.3	1.0	2.0	-58.5	47.7	71.7	58.8	343.5	-1656.6	2202.9	-55.0	
72.00	196.8	10.4	2.6	2.0	-60.5	47.8	75.3	64.6	341.6	-1723.1	2323.8	-51.7	
72.05	197.7	10.6	4.0	2.0	-61.1	47.9	77.0	68.7	342.7	-1751.0	2338.9	-47.5	
72.10	198.5	10.6	5.4	2.0	-60.1	48.0	75.8	70.3	343.1	-1741.7	2255.7	-41.7	
72.15	199.4	10.7	6.9	2.0	-57.8	48.1	71.0	71.7	340.2	-1684.1	2091.6	-34.3	
72.20	200.2	10.8	7.5	2.0	-54.8	48.2	66.4	71.1	337.3	-1569.9	1901.8	-28.9	
72.25	201.1	11.0	7.3	2.0	-51.3	48.3	64.4	67.5	336.9	-1409.4	1712.1	-26.2	
72.30	202.0	11.4	7.4	2.0	-47.9	48.4	62.4	65.1	335.7	-1263.0	1512.7	-22.6	
72.35	202.8	11.7	8.8	2.0	-45.3	48.5	58.1	66.8	330.6	-1208.2	1300.9	-14.9	
72.40	203.7	11.7	10.8	2.0	-43.3	48.6	53.3	67.7	324.9	-1223.1	1086.2	-6.2	
72.45	204.5	11.9	12.8	2.0	-41.3	48.7	47.7	70.2	323.6	-1257.7	808.5	2.5	
72.50	205.4	12.1	15.3	2.0	-40.3	48.8	41.9	75.4	323.9	-1320.1	501.5	12.2	
72.55	206.2	11.8	17.9	2.0	-40.3	48.9	37.0	78.6	320.7	-1389.4	255.6	21.3	
72.60	207.0	11.5	18.7	2.0	-39.8	49.0	32.1	78.5	315.6	-1382.3	62.0	24.3	
72.65	207.9	11.2	17.7	2.0	-38.5	49.1	29.3	76.3	313.1	-1297.4	-90.1	22.3	
72.70	208.7	11.1	17.8	2.0	-38.2	49.2	30.8	73.9	311.8	-1267.1	-159.5	22.8	
72.75	209.5	11.1	19.4	2.0	-39.3	49.3	32.1	76.0	308.4	-1345.7	-179.3	27.3	
72.80	210.4	11.1	20.7	2.0	-41.1	49.4	30.3	82.5	303.4	-1470.8	-204.8	29.9	
72.85	211.2	11.0	21.1	2.0	-43.2	49.5	28.4	87.3	299.8	-1617.5	-219.5	29.4	
72.90	212.0	10.7	21.8	2.0	-45.7	49.6	27.4	92.2	298.7	-1794.4	-230.8	29.3	
72.95	212.8	10.5	23.4	2.0	-48.9	49.7	28.5	101.7	297.3	-2015.5	-196.3	31.4	
73.00	213.6	10.5	23.7	2.0	-51.8	49.8	33.0	108.3	294.4	-2227.5	-52.7	29.7	
73.05	214.4	10.8	21.9	2.0	-54.1	49.9	38.2	110.6	292.1	-2387.4	145.8	21.2	
73.10	215.2	11.1	19.8	2.0	-57.1	50.0	42.4	115.2	290.8	-2576.0	346.8	10.8	
73.15	215.9	11.2	20.2	2.0	-62.4	50.1	46.9	124.8	288.6	-2916.2	572.7	7.0	
73.20	216.7	10.9	21.7	2.0	-68.7	50.2	49.7	137.7	285.8	-3324.5	788.9	5.9	
73.25	217.5	10.7	21.4	2.0	-73.9	50.3	50.0	148.5	283.5	-3656.8	967.0	-0.4	
73.30	218.3	10.5	19.4	2.0	-78.1	50.4	51.0	154.0	281.5	-3917.9	1161.8	-11.4	
73.35	219.1	10.1	18.0	2.0	-82.3	50.5	54.1	160.4	278.4	-4165.7	1379.4	-20.5	
73.40	219.9	10.1	17.3	2.0	-86.5	50.6	59.5	168.7	275.6	-4392.6	1607.9	-27.0	
73.45	220.6	10.3	15.3	2.0	-89.2	50.7	67.4	169.6	275.3	-4505.1	1853.2	-36.8	
73.50	221.4	10.3	12.4	2.0	-90.9	50.8	73.2	168.1	274.3	-4550.3	2061.4	-48.1	
73.55	222.2	10.3	12.2	2.0	-93.2	50.9	75.5	172.5	270.4	-4667.6	2195.8	-51.3	
73.60	223.0	10.3	14.7	2.0	-95.7	51.0	76.4	178.1	266.9	-4845.3	2238.7	-45.1	
73.65	223.8	10.6	16.2	2.0	-95.8	51.1	73.5	181.2	265.8	-4904.6	2115.8	-40.2	
73.70	224.5	11.0	15.5	2.0	-93.3	51.2	67.4	180.1	264.1	-4800.7	1887.5	-40.0	
73.75	225.3	11.4	15.9	2.0	-90.6	51.3	62.1	176.4	258.8	-4684.1	1686.0	-36.0	
73.80	226.1	11.3	18.4	2.0	-88.2	51.4	56.9	175.7	253.3	-4572.7	1465.8	-25.2	
73.85	226.8	11.5	19.8	2.0	-85.0	51.5	52.1	175.9	251.9	-4413.0	1174.0	-17.0	
73.90	227.6	11.7	22.1	2.0	-81.9	51.6	48.3	172.0	252.0	-4257.9	870.9	-6.2	
73.95	228.3	11.6	25.5	2.0	-79.7	51.7	42.6	169.7	248.0	-4150.2	581.8	7.9	
74.00	229.1	12.0	29.9	2.0	-78.4	51.8	34.8	173.8	241.2	-4081.7	284.4	24.2	
74.05	229.8	12.5	33.7	2.0	-77.6	51.9	28.3	178.0	237.2	-4026.0	-29.4	38.0	
74.10	230.6	13.1	36.7	2.0	-76.5	52.0	22.6	179.1	235.5	-3929.9	-363.5	49.6	
74.15	231.3	12.7	38.8	2.0	-75.5	52.1	16.0	178.7	231.4	-3819.1	-655.2	57.8	
74.20	232.1	12.5	39.7	2.0	-74.8	52.2	10.7	177.0	224.6	-3747.6	-807.8	61.6	
74.25	232.8	12.7	40.1	2.0	-74.4	52.3	8.2	177.3	220.3	-3708.4	-860.0	63.4	
74.30	233.5	12.7	40.3	2.0	-74.5	52.4	8.8	180.1	218.7	-3714.2	-849.6	63.8	
74.35	234.3	13.1	40.2	2.0	-75.4	52.5	12.0	181.1	215.8	-3798.5	-743.5	62.7	
74.40	235.0	13.6	40.0	2.0	-76.9	52.6	14.6	185.5	210.2	-3933.4	-579.8	60.3	
74.45	235.7	13.4	38.3	2.0	-78.5	52.7	18.0	191.0	205.2	-4072.8	-347.6	53.0	
74.50	236.5	13.3	36.3	2.0	-80.7	52.8	24.2	195.1	202.2	-4239.7	-39.4	44.0	
74.55	237.2	13.1	34.2	2.0	-83.5	52.9	31.9	200.0	199.1	-4428.5	304.5	34.0	
74.60	237.9	12.9	31.6	2.0	-86.4	53.0	40.4	202.4	195.8	-4598.6	675.2	22.1	
74.65	238.6	12.5	28.0	2.0	-89.4	53.1	49.0	202.5	193.3	-4756.4	1064.4	6.7	
74.70	239.4	12.1	24.9	2.0	-93.4	53.2	55.8	208.1	190.4	-4955.5	1433.5	-7.8	
74.75	240.1	12.0	23.8	2.0	-98.5	53.3	61.0	217.9	186.1	-5226.2	1764.8	-16.9	
74.80	240.8	11.6	23.2	2.0	-103.3	53.4	64.4	223.3	181.4	-5504.4	2016.5	-23.6	
74.85	241.5	11.2	21.7	2.0	-106.4	53.5	64.7	227.4	178.0	-5703.1	2131.9	-31.8	
74.90	242.2	11.1	20.9	2.0	-109.0	53.6	64.6	234.0	175.3	-5870.3	2194.2	-37.2	
74.95	242.9	11.2	22.3	2.0	-112.2	53.7	66.6	241.9	172.0	-6073.2	2285.7	-35.5	
75.00	243.6	11.4	23.5	2.0	-114.3	53.8	67.3	249.0	168.8	-6210.3	2322.4	-33.6	
75.05	244.3	11.8	23.2	2.0	-114.3	53.9	66.1	250.9	166.6	-6231.0	2267.1	-34.8	
75.10	245.0	11.3	24.0	2.0	-113.9	54.0	65.7	247.2	164.8	-6237.0	2182.6	-31.5	
75.15	245.7	11.2	26.0	2.0	-113.5	54.1	64.2	248.2	161.4	-6253.7	2055.0	-24.1	
75.20	246.4	11.3	28.7	2.0	-112.4	54.2	58.9	252.5	156.7	-6224.6	1840.6	-13.8	
75.25	247.1	11.5	30.3	2.0	-109.8	54.3	51.7	251.3	151.9	-6117.2	1556.8	-6.0	
75.30	247.8	11.4	31.1	2.0	-106.3	54.4	43.2	246.3	147.7	-5946.3	1196.7	0.5	
75.35	248.5	11.2	32.9	2.0	-103.5	54.5	35.5	243.2	144.5	-5808.4	830.1	9.3	
75.40	249.2	11.3	35.5	2.0	-102.0	54.6	30.7	241.3	141.5	-5737.9	545.8	20.0	
75.45	249.9	11.6	37.9	2.0	-100.8	54.7	25.9	242.2	138.0	-5668.3	290.1	29.3	
75.50	250.6	11.7	40.6	2.0	-100.1	54.8	21.2	242.0	133.3	-5629.6	46.8	39.3	
75.55	251.3	11.7	44.4	2.0	-100.8	54.9	17.2	241.4	128.5	-5680.7	-184.4	51.8	
75.60	252.0	11.6	47.8	2.0	-102.0	55.0	11.7	244.6	124.2	-5756.0	-452.3	62.2	
75.65	252.7	11.5	49.8	2.0	-103.0	55.1	5.2	247.4	120.5	-5800.9	-727.5	67.8	
75.70	253.4	11.6	50.5	2.0	-103.4	55.2	-0.4	245.8	116.2	-5802.7	-948.1	70.1	
75.75	254.1	11.7	51.0	2.0	-103.3	55.3	-5.0	243.5	112.0	-5775.2	-1124.5	71.9	
75.80	254.7	11.7	51.0	2.0	-103.5	55.4	-6.6	243.6	109.4	-5775.4	-1224.3	71.7	
75.85	255.4	11.8	51.1	2.0	-104.3	55.5	-5.2	245.0	107.5	-5833.5	-1214.6	71.0	
75.90	256.1	12.0	51.1	2.0	-105.1	55.6	-2.9	247.5	104.0	-5913.5	-1119.0	70.2	
75.95	256.8	12.0	50.8	2.0	-105.7	55.7	0.4	249.4	98.9	-5985.8	-952.0	68.7	
76.00	257.4	11.7	50.0	2.0	-106.1	55.8	5.3	249.0	95.1	-6043.5	-755.9	65.6	
76.05	258.1	11.8	48.5	2.0	-106.4	55.9	10.1	250.6	93.3	-6088.0	-580.5	60.2	
76.10	258.8	11.5	46.6	2.0	-107.0	56.0	13.8	254.5	90.8	-6136.2	-408.6	53.0	
76.15	259.4	11.1	45.0	2.0	-108.0	56.1	17.1	256.2	87.4	-6221.4	-195.7	46.5	
76.20	260.1	11.0	42.8	2.0	-109.5	56.2	21.0	257.6	83.8	-6331.9	62.9	37.3	
76.25	260.7	11.1	40.3	2.0	-111.7	56.3	25.6	263.0	81.1	-6478.5	337.6	26.7	
76.30	261.4	11.4	38.7	2.0	-114.7	56.4	32.3	267.3	78.0	-6664.7	657.4	18.3	
76.35	262.1	11.9	36.9	2.0	-117.2	56.5	38.2	269.2	74.5	-6814.7	949.4	9.5	
76.40	262.7	12.0	34.1	2.0	-118.2	56.6	41.7	269.0	71.2	-6860.3	1163.7	-1.0	
76.45	263.4	12.0	32.0	2.0	-119.0	56.7	44.9	268.8	68.7	-6891.8	1333.5	-9.2	
76.50	264.0	12.1	31.6	2.0	-120.5	56.8	46.5	272.4	65.7	-6978.4	1456.6	-12.1	
76.55	264.6	11.8	31.2	2.0	-121.7	56.9	45.5	277.3	62.1	-7049.3	1511.7	-14.7	
76.60	265.3	11.4	30.7	2.0	-121.7	57.0	45.3	276.6	59.6	-7046.1	1544.5	-16.5	
76.65	265.9	11.3	30.4	2.0	-120.8	57.1	47.2	272.2	57.4	-6978.4	1589.5	-16.5	
76.70	266.6	11.4	31.2	2.0	-119.8	57.2	49.1	271.8	54.4	-6897.2	1616.0	-12.8	
76.75	267.2	11.4	32.5	2.0	-118.3	57.3	51.4	270.0	51.6	-6786.8	1611.3	-6.7	
76.80	267.9	11.1	32.9	2.0	-115.4	57.4	51.5	263.8	49.7	-6605.5	1518.6	-2.6	
76.85	268.5	11.6	33.1	2.0	-112.1	57.5	47.2	258.5	46.8	-6409.7	1314.8	1.6	
76.90	269.1	12.1	35.2	2.0	-109.9	57.6	40.8	257.0	42.4	-6298.3	1054.8	11.1	
76.95	269.7	12.6	38.6	2.0	-108.7	57.7	34.0	259.4	38.7	-6251.3	754.0	23.9	
77.00	270.4	12.3	41.2	2.0	-107.4	57.8	27.0	260.7	36.0	-6185.0	432.7	34.0	
77.05	271.0	12.0	43.2	2.0	-105.8	57.9	21.0	257.0	32.8	-6093.3	152.9	42.4	
77.10	271.6	12.0	44.8	2.0	-104.6	58.0	16.1	252.7	29.1	-6017.3	-66.6	49.2	
77.15	272.2	12.2	46.4	2.0	-103.3	58.1	12.5	250.6	25.4	-5928.2	-249.6	55.9	
77.20	272.9	12.4	47.8	2.0	-101.9	58.2	10.0	249.2	22.2	-5818.0	-418.0	62.0	
77.25	273.5	12.5	48.9	2.0	-100.7	58.3	6.9	247.5	19.1	-5721.4	-587.9	67.2	
77.30	274.1	12.5	50.6	2.0	-100.4	58.4	2.2	246.7	14.7	-5686.0	-747.6	73.3	
77.35	274.7	12.2	52.3	2.0	-100.9	58.5	-3.6	248.0	10.3	-5702.5	-886.3	78.5	
77.40	275.3	11.8	53.6	2.0	-101.5	58.6	-6.2	250.5	7.2	-5735.1	-940.8	82.4	
77.45	275.9	11.7	52.9	2.0	-101.2	58.7	-4.0	250.4	4.7	-5722.2	-869.9	80.6	
77.50	276.5	11.7	51.1	2.0	-100.1	58.8	0.8	248.5	2.0	-5667.4	-710.5	75.3	
77.55	277.1	11.8	48.9	2.0	-99.3	58.9	7.9	244.5	-0.9	-5640.7	-481.3	68.7	
77.60	277.7	11.3	46.1	2.0	-99.0	59.0	14.2	239.7	-3.8	-5644.7	-258.2	59.4	
77.65	278.2	11.1	43.6	2.0	-99.6	59.1	16.4	240.2	-7.1	-5696.3	-105.3	49.9	
77.70	278.8	11.1	43.0	2.0	-102.0	59.2	18.6	245.9	-11.0	-5855.1	50.8	45.6	
77.75	279.4	11.3	43.9	2.0	-105.5	59.3	21.7	252.6	-15.1	-6089.2	231.1	45.2	
77.80	280.0	11.5	43.3	2.0	-108.5	59.4	23.8	259.2	-17.2	-6288.8	378.0	40.2	
77.85	280.5	11.6	40.8	2.0	-110.6	59.5	27.1	261.2	-18.3	-6432.4	563.5	29.6	
77.90	281.1	11.7	39.3	2.0	-113.3	59.6	33.9	262.3	-20.8	-6595.2	862.0	21.6	
77.95	281.7	11.6	38.2	2.0	-115.9	59.7	41.0	265.5	-24.7	-6732.7	1165.0	15.1	
78.00	282.3	11.4	35.7	2.0	-117.4	59.8	46.5	267.2	-27.0	-6797.9	1366.5	5.3	
78.05	282.8	11.2	33.6	2.0	-118.2	59.9	50.9	265.8	-28.3	-6834.3	1500.6	-2.8	
78.10	283.4	11.2	33.2	2.0	-119.4	60.0	52.4	266.5	-31.2	-6905.7	1593.8	-5.3	
78.15	283.9	11.4	33.2	2.0	-120.4	60.1	50.7	269.1	-34.9	-6962.0	1632.8	-6.5	
78.20	284.5	11.8	32.5	2.0	-120.3	60.2	49.1	268.9	-37.5	-6949.7	1648.7	-8.6	
78.25	285.1	11.4	31.4	2.0	-119.2	60.3	49.3	267.2	-39.7	-6867.1	1655.7	-11.4	
78.30	285.6	11.0	31.5	2.0	-118.0	60.4	50.0	266.3	-42.1	-6776.7	1640.0	-10.0	
78.35	286.2	10.9	32.1	2.0	-116.7	60.5	49.9	261.5	-45.1	-6696.3	1598.6	-6.5	
78.40	286.7	11.0	33.1	2.0	-114.9	60.6	46.8	255.8	-48.8	-6600.6	1475.3	-1.4	
78.45	287.3	11.2	34.1	2.0	-113.1	60.7	41.3	255.5	-53.2	-6502.7	1266.8	3.9	
78.50	287.8	11.6	36.7	2.0	-111.3	60.8	35.7	256.1	-57.0	-6408.9	1024.0	14.5	
78.55	288.3	11.5	39.5	2.0	-109.6	60.9	30.5	255.4	-59.4	-6319.1	758.6	26.0	
78.60	288.9	11.4	41.5	2.0	-107.6	61.0	23.7	253.8	-61.9	-6195.5	463.7	34.9	
78.65	289.4	11.5	43.0	2.0	-105.3	61.1	17.0	249.3	-65.4	-6048.9	197.2	42.3	
78.70	289.9	11.5	45.2	2.0	-103.5	61.2	12.5	242.9	-69.3	-5935.0	-20.4	51.5	
78.75	290.5	11.6	47.1	2.0	-102.0	61.3	9.2	240.6	-72.1	-5819.4	-248.5	59.9	
78.80	291.0	11.7	48.8	2.0	-100.4	61.4	6.3	239.5	-74.8	-5683.5	-462.2	67.1	
78.85	291.5	11.5	50.4	2.0	-98.8	61.5	4.8	235.6	-77.8	-5561.5	-602.4	74.1	
78.90	292.0	11.4	50.9	2.0	-97.1	61.6	1.1	230.3	-81.4	-5427.5	-727.3	77.6	
78.95	292.6	11.3	50.3	2.0	-95.3	61.7	-3.1	226.7	-84.3	-5284.0	-840.6	77.5	
79.00	293.1	11.0	51.3	2.0	-94.7	61.8	-2.8	226.3	-86.7	-5234.4	-852.5	81.3	
79.05	293.6	10.6	52.2	2.0	-94.8	61.9	-0.1	228.2	-89.2	-5246.5	-794.9	84.2	
79.10	294.1	10.1	51.2	2.0	-94.8	62.0	1.2	229.2	-91.6	-5247.4	-720.8	81.1	
79.15	294.6	9.4	48.8	2.0	-94.0	62.1	2.4	225.4	-94.8	-5218.1	-583.2	73.3	
79.20	295.1	9.4	46.4	2.0	-93.7	62.2	5.8	220.9	-98.4	-5220.5	-376.9	65.5	
79.25	295.6	9.5	44.9	2.0	-94.2	62.3	11.4	221.9	-102.1	-5262.5	-130.1	60.0	
79.30	296.1	9.6	43.0	2.0	-94.7	62.4	16.7	224.4	-103.4	-5291.4	90.0	53.0	
79.35	296.6	9.8	39.9	2.0	-95.2	62.5	20.3	225.0	-104.8	-5319.8	305.1	41.8	
79.40	297.1	10.1	37.5	2.0	-96.7	62.6	21.9	226.8	-109.0	-5409.0	549.0	32.1	
79.45	297.5	10.4	36.9	2.0	-99.2	62.7	23.8	230.9	-113.5	-5552.3	798.0	27.5	
79.50	298.0	10.1	35.8	2.0	-101.2	62.8	28.9	232.8	-114.9	-5654.1	1028.0	21.7	
79.55	298.5	10.0	33.3	2.0	-101.8	62.9	35.4	231.4	-115.2	-5665.2	1239.6	12.5	
79.60	299.0	10.1	30.9	2.0	-102.2	63.0	40.4	229.6	-118.1	-5639.1	1463.3	4.0	
79.65	299.4	9.8	29.7	2.0	-102.9	63.1	43.4	227.5	-122.6	-5641.1	1666.3	-1.0	
79.70	299.9	9.4	28.9	2.0	-103.2	63.2	43.4	225.3	-124.9	-5649.2	1736.1	-4.0	
79.75	300.4	9.1	29.1	2.0	-103.6	63.3	41.4	227.3	-126.1	-5691.9	1679.4	-3.8	
79.80	300.9	9.4	30.7	2.0	-104.7	63.4	40.1	232.9	-128.7	-5778.3	1606.3	0.7	
79.85	301.3	9.5	32.0	2.0	-104.7	63.5	38.7	234.6	-131.3	-5796.6	1519.1	5.0	
79.90	301.8	9.4	32.0	2.0	-102.9	63.6	36.4	228.9	-132.8	-5702.7	1395.5	6.9	
79.95	302.3	9.3	31.4	2.0	-100.7	63.7	35.3	221.6	-134.5	-5581.6	1267.1	7.0	
80.00	302.7	9.4	32.6	2.0	-99.3	63.8	35.2	218.2	-136.7	-5511.3	1136.2	12.6	
80.05	303.2	9.5	34.7	2.0	-98.0	63.9	34.8	216.3	-138.8	-5447.5	988.2	21.1	
80.10	303.7	9.5	35.8	2.0	-95.8	64.0	30.7	212.0	-140.5	-5328.8	765.2	26.9	
80.15	304.1	9.5	36.8	2.0	-94.1	64.1	22.4	209.4	-143.3	-5239.9	474.6	32.2	
80.20	304.6	9.8	39.4	2.0	-93.6	64.2	13.4	209.3	-147.3	-5216.3	173.2	41.8	
80.25	305.0	10.3	41.9	2.0	-93.2	64.3	6.4	209.1	-149.6	-5190.9	-123.6	50.5	
80.30	305.5	10.5	42.4	2.0	-91.5	64.4	2.5	204.9	-150.1	-5059.2	-370.8	54.2	
80.35	305.9	10.5	42.4	2.0	-89.1	64.5	-0.5	198.2	-151.0	-4883.1	-535.0	56.5	
80.40	306.4	10.3	43.0	2.0	-87.3	64.6	-2.0	193.4	-155.4	-4752.5	-577.4	60.3	
80.45	306.8	10.2	45.0	2.0	-87.0	64.7	-3.0	193.5	-159.8	-4720.7	-600.6	67.4	
80.50	307.3	10.1	46.0	2.0	-87.0	64.8	-3.8	194.1	-160.6	-4710.6	-683.3	70.9	
80.55	307.7	10.1	46.6	2.0	-87.1	64.9	-6.7	194.5	-160.3	-4696.4	-799.0	73.0	
80.60	308.1	10.2	47.4	2.0	-86.9	65.0	-10.8	195.5	-163.9	-4667.9	-851.1	75.7	
80.65	308.5	10.4	47.0	2.0	-86.3	65.1	-13.3	195.0	-168.6	-4616.1	-837.8	75.1	
80.70	309.0	10.7	45.1	2.0	-84.8	65.2	-12.3	190.4	-169.2	-4518.7	-812.1	70.1	
80.75	309.4	11.1	42.8	2.0	-83.4	65.3	-9.6	186.6	-167.8	-4435.3	-756.0	63.4	
80.80	309.8	11.1	42.3	2.0	-83.0	65.4	-6.7	186.4	-169.6	-4428.2	-610.9	62.2	
80.85	310.2	11.1	42.1	2.0	-83.3	65.5	-3.3	186.7	-174.2	-4469.8	-388.4	61.2	
80.90	310.6	11.3	41.3	2.0	-83.6	65.6	-0.2	187.9	-176.9	-4504.1	-203.6	58.0	
80.95	311.1	11.7	40.1	2.0	-84.0	65.7	3.8	190.0	-175.9	-4531.7	-72.1	53.5	
81.00	311.5	11.7	39.1	2.0	-84.4	65.8	9.5	190.3	-176.0	-4562.4	106.0	49.9	
81.05	311.9	11.3	37.3	2.0	-84.4	65.9	13.8	188.3	-178.2	-4550.8	306.6	43.8	
81.10	312.3	11.0	34.0	2.0	-83.3	66.0	16.3	185.1	-179.9	-4462.2	482.0	33.4	
81.15	312.7	10.9	31.3	2.0	-82.7	66.1	21.2	182.2	-180.3	-4392.8	690.4	24.8	
81.20	313.1	10.9	30.6	2.0	-83.6	66.2	28.7	180.6	-181.0	-4418.2	937.7	21.4	
81.25	313.5	10.5	30.0	2.0	-84.8	66.3	33.1	181.0	-182.8	-4460.3	1129.1	18.2	
81.30	313.9	10.1	27.6	2.0	-84.6	66.4	33.3	179.3	-184.8	-4422.7	1241.4	10.2	
81.35	314.3	9.8	26.1	2.0	-84.3	66.5	34.7	174.6	-186.5	-4373.3	1357.2	5.4	
81.40	314.7	10.0	25.6	2.0	-84.2	66.6	37.1	172.4	-187.8	-4340.9	1447.0	3.7	
81.45	315.1	10.1	24.9	2.0	-83.6	66.7	36.5	174.0	-188.5	-4297.4	1433.2	2.0	
81.50	315.5	10.0	24.5	2.0	-82.9	66.8	34.8	174.3	-189.4	-4257.7	1383.4	1.2	
81.55	315.9	10.6	25.1	2.0	-82.6	66.9	33.9	172.4	-191.4	-4242.1	1356.1	3.4	
81.60	316.3	10.7	26.2	2.0	-82.0	67.0	32.1	171.8	-193.7	-4217.4	1297.4	8.0	
81.65	316.7	10.6	27.4	2.0	-81.3	67.1	30.5	171.7	-195.2	-4194.2	1196.7	12.7	
81.70	317.1	10.4	29.2	2.0	-80.7	67.2	28.8	170.0	-196.0	-4186.1	1047.8	19.6	
81.75	317.4	10.8	30.7	2.0	-79.6	67.3	23.6	169.7	-198.2	-4154.6	826.9	25.8	
81.80	317.8	11.4	31.8	2.0	-78.2	67.4	15.3	169.2	-200.6	-4100.8	530.4	30.9	
81.85	318.2	11.5	33.6	2.0	-77.2	67.5	7.9	167.0	-201.6	-4059.9	214.6	38.2	
81.90	318.6	11.2	35.7	2.0	-76.3	67.6	2.2	165.8	-202.2	-3999.1	-74.7	46.3	
81.95	319.0	10.9	38.2	2.0	-75.6	67.7	-1.2	166.4	-203.4	-3934.3	-301.9	55.5	
82.00	319.3	10.7	39.3	2.0	-74.5	67.8	-1.2	163.6	-204.8	-3840.0	-435.1	60.6	
82.05	319.7	10.9	39.8	2.0	-72.9	67.9	-1.9	157.9	-205.1	-3725.1	-547.4	63.6	
82.10	320.1	11.0	40.8	2.0	-72.0	68.0	-3.0	155.0	-206.5	-3647.2	-621.9	68.0	
82.15	320.4	10.8	42.8	2.0	-71.8	68.1	-2.3	154.8	-209.1	-3630.2	-647.1	75.1	
82.20	320.8	10.6	43.4	2.0	-71.9	68.2	-2.5	155.0	-210.0	-3626.2	-700.5	77.2	
82.25	321.2	10.6	41.9	2.0	-71.3	68.3	-5.5	153.2	-209.5	-3568.1	-785.9	72.4	
82.30	321.5	10.7	40.6	2.0	-70.8	68.4	-8.0	150.7	-210.7	-3532.8	-795.4	68.7	
82.35	321.9	10.9	39.5	2.0	-70.5	68.5	-6.5	148.8	-213.9	-3533.4	-672.8	65.0	
82.40	322.2	11.0	37.2	2.0	-69.9	68.6	-1.9	147.6	-214.6	-3525.3	-491.1	57.8	
82.45	322.6	11.2	34.4	2.0	-69.4	68.7	4.3	145.7	-213.5	-3513.0	-267.5	48.8	
82.50	322.9	11.4	33.2	2.0	-70.1	68.8	11.0	145.6	-214.9	-3577.0	31.0	43.9	
82.55	323.3	11.3	33.1	2.0	-72.0	68.9	15.7	148.6	-218.6	-3694.9	332.3	41.5	
82.60	323.6	10.8	31.5	2.0	-73.6	69.0	19.5	151.0	-220.3	-3777.0	576.5	34.7	
82.65	324.0	11.0	29.0	2.0	-74.3	69.1	22.1	150.9	-218.8	-3799.9	742.8	25.4	
82.70	324.3	11.3	26.8	2.0	-74.8	69.2	23.7	151.3	-219.4	-3808.9	892.1	17.1	
82.75	324.7	11.4	26.1	2.0	-75.6	69.3	25.6	152.4	-222.9	-3817.5	1057.8	13.9	
82.80	325.0	11.0	23.7	2.0	-75.6	69.4	28.5	149.8	-223.9	-3779.4	1205.9	5.6	
82.85	325.4	11.0	21.5	2.0	-75.1	69.5	32.2	144.9	-222.1	-3715.8	1332.9	-1.2	
82.90	325.7	11.3	20.8	2.0	-75.4	69.6	35.6	142.9	-222.8	-3692.3	1455.5	-3.9	
82.95	326.0	11.5	21.8	2.0	-76.3	69.7	38.3	145.0	-226.3	-3713.2	1553.2	-1.3	
83.00	326.4	11.6	23.3	2.0	-76.6	69.8	39.8	146.8	-227.5	-3724.6	1562.5	3.6	
83.05	326.7	11.6	24.0	2.0	-75.6	69.9	39.9	145.4	-225.9	-3686.3	1484.9	6.7	
83.10	327.0	11.5	24.2	2.0	-73.8	70.0	36.8	142.4	-225.7	-3612.4	1332.8	9.4	
83.15	327.4	11.3	24.6	2.0	-72.3	70.1	30.7	140.8	-228.7	-3565.0	1129.4	12.2	
83.20	327.7	11.0	25.7	2.0	-71.1	70.2	27.6	140.4	-231.5	-3520.8	951.2	17.2	
83.25	328.0	11.3	26.2	2.0	-69.3	70.3	26.8	138.0	-229.7	-3434.6	771.1	20.6	
83.30	328.4	11.5	26.3	2.0	-67.4	70.4	25.4	133.6	-228.2	-3334.0	617.2	23.0	
83.35	328.7	11.6	27.8	2.0	-66.5	70.5	23.0	130.4	-232.0	-3287.6	529.7	29.0	
83.40	329.0	11.5	29.6	2.0	-65.9	70.6	20.1	128.8	-236.4	-3262.2	437.9	35.8	
83.45	329.4	11.5	30.1	2.0	-64.7	70.7	17.4	126.8	-235.1	-3197.1	284.1	38.7	
83.50	329.7	11.5	30.2	2.0	-63.4	70.8	15.6	125.2	-233.0	-3112.7	137.5	40.1	
83.55	330.0	11.8	30.2	2.0	-62.1	70.9	12.3	124.1	-236.2	-3017.8	35.1	41.5	
83.60	330.3	11.6	29.3	2.0	-60.3	71.0	7.4	119.9	-240.4	-2891.5	-52.8	40.1	
83.65	330.6	11.4	28.3	2.0	-58.5	71.1	3.8	112.3	-240.3	-2773.4	-150.8	38.6	
83.70	331.0	11.3	28.2	2.0	-58.1	71.2	3.7	109.5	-239.1	-2751.5	-196.7	38.6	
83.75	331.3	11.3	29.4	2.0	-59.4	71.3	4.0	114.1	-241.1	-2833.3	-183.5	41.5	
83.80	331.6	11.2	30.2	2.0	-60.4	71.4	3.9	118.1	-244.8	-2895.9	-126.5	43.4	
83.85	331.9	11.1	30.1	2.0	-60.2	71.5	3.3	116.6	-245.7	-2885.9	-93.6	43.2	
83.90	332.2	11.2	29.0	2.0	-59.4	71.6	3.4	113.7	-245.0	-2835.7	-80.1	40.2	
83.95	332.5	11.5	29.0	2.0	-59.1	71.7	5.4	113.9	-245.9	-2812.4	-39.1	40.3	
84.00	332.8	12.1	28.8	2.0	-58.7	71.8	7.2	113.5	-246.7	-2786.0	-3.6	40.1	
84.05	333.1	12.3	27.5	2.0	-57.9	71.9	6.4	111.2	-246.4	-2730.3	-2.8	36.5	
84.10	333.4	12.1	26.8	2.0	-57.7	72.0	5.5	111.4	-247.5	-2713.1	28.7	34.3	
84.15	333.7	11.9	27.8	2.0	-58.8	72.1	7.8	114.5	-249.7	-2783.8	129.7	36.8	
84.20	334.0	11.9	28.4	2.0	-59.8	72.2	12.1	114.9	-250.4	-2846.5	252.4	37.6	
84.25	334.3	12.1	26.5	2.0	-59.5	72.3	14.9	111.6	-248.9	-2823.9	337.3	31.4	
84.30	334.6	12.3	24.1	2.0	-58.5	72.4	15.8	107.9	-249.6	-2747.7	415.3	24.3	
84.35	334.9	12.5	23.4	2.0	-58.4	72.5	19.0	106.7	-252.6	-2716.5	541.2	22.0	
84.40	335.2	12.1	23.5	2.0	-58.9	72.6	22.3	106.4	-252.5	-2738.0	622.2	21.8	
84.45	335.5	11.8	22.3	2.0	-58.8	72.7	22.6	105.1	-249.5	-2740.7	615.9	17.7	
84.50	335.8	11.8	21.0	2.0	-59.2	72.8	21.8	104.5	-250.1	-2764.3	639.9	12.8	
84.55	336.1	11.3	21.4	2.0	-60.5	72.9	23.0	106.3	-254.5	-2828.8	763.6	13.0	
84.60	336.4	11.1	21.9	2.0	-61.5	73.0	25.7	108.6	-256.5	-2856.6	905.3	13.6	
84.65	336.7	11.0	21.1	2.0	-61.4	73.1	27.9	107.3	-254.8	-2821.2	984.8	11.0	
84.70	337.0	10.9	19.3	2.0	-60.7	73.2	27.1	103.1	-255.5	-2775.8	992.3	5.5	
84.75	337.3	10.7	17.9	2.0	-59.9	73.3	23.0	100.1	-259.6	-2742.2	930.2	1.6	
84.80	337.6	10.5	17.7	2.0	-58.9	73.4	18.7	98.0	-260.4	-2712.0	802.4	2.0	
84.85	337.9	10.6	17.5	2.0	-58.1	73.5	16.7	96.2	-257.5	-2696.8	660.1	1.9	
84.90	338.2	10.6	18.5	2.0	-58.0	73.6	14.5	98.4	-257.4	-2714.1	542.3	5.4	
84.95	338.5	10.4	19.8	2.0	-58.1	73.7	11.1	101.6	-261.6	-2721.7	458.0	10.0	
85.00	338.8	9.9	21.4	2.0	-57.6	73.8	10.0	100.5	-263.9	-2696.2	405.2	15.8	
85.05	339.0	10.1	22.3	2.0	-56.4	73.9	10.8	97.4	-262.1	-2626.2	332.8	20.1	
85.10	339.3	10.3	23.5	2.0	-54.7	74.0	9.1	95.2	-261.0	-2516.2	195.4	26.0	
85.15	339.6	10.4	24.2	2.0	-53.7	74.1	4.3	94.8	-263.7	-2445.0	14.8	29.5	
85.20	339.9	10.6	25.1	2.0	-53.1	74.2	-1.6	93.5	-265.6	-2397.7	-216.7	33.2	
85.25	340.2	10.8	25.4	2.0	-52.7	74.3	-8.4	90.2	-263.7	-2332.0	-503.0	34.6	
85.30	340.4	11.1	25.5	2.0	-52.8	74.4	-11.8	88.6	-262.8	-2296.9	-695.2	34.9	
85.35	340.7	11.1	26.9	2.0	-52.7	74.5	-11.1	87.4	-264.8	-2278.5	-729.8	39.6	
85.40	341.0	11.1	27.1	2.0	-51.1	74.6	-10.1	82.9	-266.1	-2174.3	-705.3	41.9	
85.45	341.3	11.2	26.4	2.0	-49.3	74.7	-9.3	78.8	-265.6	-2051.4	-678.1	41.3	
85.50	341.6	11.5	27.1	2.0	-49.2	74.8	-6.6	79.4	-266.0	-2055.5	-624.0	43.9	
85.55	341.8	11.6	27.5	2.0	-49.6	74.9	-2.4	81.7	-267.0	-2107.4	-539.3	44.8	
85.60	342.1	11.6	27.1	2.0	-49.5	75.0	-3.7	80.6	-264.9	-2099.2	-545.1	43.6	
85.65	342.4	11.8	24.1	2.0	-48.0	75.1	-7.0	75.2	-264.8	-2004.2	-534.8	34.6	
85.70	342.6	11.9	21.5	2.0	-46.8	75.2	-7.1	73.1	-269.3	-1944.5	-409.5	27.0	
85.75	342.9	11.8	20.8	2.0	-46.6	75.3	-3.5	75.0	-271.6	-1946.7	-226.6	24.7	
85.80	343.2	11.8	19.3	2.0	-46.3	75.4	1.5	74.3	-268.5	-1941.0	-53.8	20.1	
85.85	343.5	11.8	16.8	2.0	-45.8	75.5	4.0	70.6	-267.2	-1914.2	103.9	11.8	
85.90	343.7	11.6	15.0	2.0	-46.0	75.6	5.0	69.4	-271.6	-1914.7	279.7	5.6	
85.95	344.0	11.4	15.2	2.0	-46.8	75.7	8.4	70.0	-273.5	-1939.3	447.6	5.5	
86.00	344.3	11.7	15.4	2.0	-47.1	75.8	14.0	69.2	-268.7	-1933.0	564.9	6.0	
86.05	344.5	12.1	13.4	2.0	-46.3	75.9	17.5	67.5	-266.5	-1844.2	653.2	-0.3	
86.10	344.8	12.4	12.2	2.0	-45.6	76.0	15.9	66.8	-271.4	-1765.6	716.1	-3.7	
86.15	345.0	11.9	12.6	2.0	-44.9	76.1	13.2	64.4	-275.4	-1710.7	730.8	-1.6	
86.20	345.3	11.6	12.6	2.0	-44.1	76.2	13.0	62.7	-273.1	-1672.6	686.0	-0.9	
86.25	345.5	11.6	13.1	2.0	-43.9	76.3	13.5	64.9	-269.9	-1683.0	601.6	0.9	
86.30	345.8	11.8	13.7	2.0	-44.1	76.4	13.4	66.7	-271.4	-1709.6	546.1	3.1	
86.35	346.1	11.8	14.1	2.0	-43.1	76.5	11.1	62.1	-273.6	-1664.3	471.0	5.3	
86.40	346.3	11.5	13.6	2.0	-41.4	76.6	9.3	56.1	-272.3	-1578.8	375.7	5.2	
86.45	346.6	11.9	13.9	2.0	-40.5	76.7	11.8	54.6	-270.7	-1523.5	335.1	7.2	
86.50	346.8	12.0	15.6	2.0	-40.2	76.8	13.7	55.7	-271.5	-1498.2	304.3	13.3	
86.55	347.1	12.0	16.4	2.0	-39.3	76.9	11.2	54.7	-273.8	-1451.4	216.6	17.1	
86.60	347.3	12.3	16.3	2.0	-38.8	77.0	4.6	53.2	-274.9	-1433.1	40.8	17.2	
86.65	347.6	12.5	17.1	2.0	-39.6	77.1	-0.8	54.6	-274.6	-1483.6	-137.8	19.2	
86.70	347.8	12.6	19.0	2.0	-40.6	77.2	-1.4	57.0	-274.0	-1540.3	-222.9	24.6	
86.75	348.1	12.5	19.1	2.0	-39.9	77.3	-0.3	55.5	-273.7	-1492.4	-238.8	25.6	
86.80	348.3	12.3	17.1	2.0	-37.9	77.4	-0.9	50.5	-274.6	-1356.7	-229.7	20.8	
86.85	348.6	12.0	15.1	2.0	-36.2	77.5	-0.4	44.8	-276.8	-1251.5	-170.8	15.6	
86.90	348.8	12.1	15.0	2.0	-35.7	77.6	2.5	41.5	-277.7	-1225.3	-91.8	15.7	
86.95	349.1	12.1	16.6	2.0	-36.5	77.7	3.3	42.7	-276.2	-1282.9	-85.9	20.5	
87.00	349.3	12.0	16.3	2.0	-37.5	77.8	0.8	45.8	-276.0	-1346.3	-137.8	18.4	
87.05	349.6	12.2	16.3	2.0	-38.4	77.9	-2.1	49.4	-278.7	-1398.1	-171.1	17.7	
87.10	349.8	11.9	17.0	2.0	-38.7	78.0	-2.4	50.7	-279.6	-1420.1	-165.4	19.6	
87.15	350.0	11.6	16.4	2.0	-38.0	78.1	-0.6	48.0	-276.8	-1378.2	-139.8	18.5	
87.20	350.3	11.6	15.1	2.0	-36.9	78.2	2.0	43.8	-275.7	-1315.0	-71.0	14.8	
87.25	350.5	11.8	13.7	2.0	-36.2	78.3	5.3	41.5	-278.7	-1266.3	58.7	10.7	
87.30	350.8	11.9	13.4	2.0	-36.2	78.4	7.6	41.4	-280.2	-1256.4	155.2	9.8	
87.35	351.0	11.9	13.8	2.0	-36.5	78.5	9.5	42.1	-278.0	-1273.8	191.9	10.9	
87.40	351.2	11.9	15.1	2.0	-37.6	78.6	11.4	44.4	-276.6	-1343.8	214.7	14.1	
87.45	351.5	11.6	15.1	2.0	-38.2	78.7	11.7	45.8	-277.9	-1385.0	231.5	13.5	
87.50	351.7	11.1	13.1	2.0	-37.6	78.8	10.3	44.1	-278.1	-1342.9	223.2	7.4	
87.55	351.9	10.5	10.8	2.0	-36.1	78.9	10.5	39.5	-276.9	-1243.3	247.4	1.0	
87.60	352.1	10.2	10.1	2.0	-35.8	79.0	14.3	37.9	-277.2	-1187.3	359.8	-1.1	
87.65	352.4	10.6	10.6	2.0	-36.4	79.1	18.8	38.3	-278.8	-1182.3	499.1	-0.2	
87.70	352.6	10.5	10.5	2.0	-36.8	79.2	19.7	37.2	-278.5	-1183.5	561.4	-0.6	
87.75	352.8	10.6	9.4	2.0	-36.9	79.3	18.2	36.0	-278.0	-1195.1	570.4	-4.6	
87.80	353.0	11.0	9.4	2.0	-37.8	79.4	17.9	39.5	-279.8	-1246.7	605.3	-5.6	
87.85	353.3	11.6	10.2	2.0	-38.5	79.5	19.3	43.0	-280.4	-1274.1	646.3	-3.5	
87.90	353.5	12.0	9.3	2.0	-37.6	79.6	19.9	40.6	-278.4	-1197.9	653.1	-5.8	
87.95	353.7	12.3	7.0	2.0	-35.9	79.7	18.3	34.8	-278.3	-1081.4	636.6	-11.8	
88.00	353.9	12.2	5.5	2.0	-35.1	79.8	17.1	30.9	-281.4	-1014.4	644.0	-16.1	
88.05	354.1	12.0	6.5	2.0	-35.2	79.9	16.7	30.6	-282.6	-1029.4	634.0	-12.8	
88.10	354.3	11.7	7.7	2.0	-35.3	80.0	16.7	32.1	-280.3	-1064.1	585.4	-8.8	
88.15	354.5	11.6	8.5	2.0	-35.2	80.1	15.9	34.5	-280.2	-1080.1	528.3	-6.1	
88.20	354.7	11.4	8.6	2.0	-34.6	80.2	13.2	35.5	-283.0	-1062.6	451.5	-5.2	
88.25	355.0	11.3	8.0	2.0	-33.1	80.3	10.4	33.2	-283.9	-993.4	338.2	-5.5	
88.30	355.2	11.2	7.7	2.0	-31.4	80.4	8.9	29.6	-281.4	-911.7	203.5	-4.9	
88.35	355.4	11.1	7.8	2.0	-30.2	80.5	8.3	27.1	-280.2	-842.8	94.7	-3.5	
88.40	355.6	10.9	9.0	2.0	-29.6	80.6	7.2	26.0	-281.9	-810.7	12.3	1.2	
88.45	355.8	11.2	10.2	2.0	-29.7	80.7	5.2	25.3	-282.9	-817.7	-75.1	5.1	
88.50	356.0	11.3	11.4	2.0	-30.6	80.8	3.7	26.5	-281.7	-867.8	-164.4	8.6	
88.55	356.2	11.4	12.8	2.0	-31.5	80.9	4.8	28.7	-281.1	-927.9	-190.6	12.3	
88.60	356.4	11.3	13.3	2.0	-31.3	81.0	5.9	27.8	-281.9	-913.0	-178.1	14.3	
88.65	356.6	10.9	11.7	2.0	-29.6	81.1	5.0	22.8	-282.2	-796.2	-181.4	10.4	
88.70	356.8	10.6	9.5	2.0	-27.8	81.2	3.6	18.4	-282.2	-675.2	-183.9	4.8	
88.75	357.0	10.8	8.8	2.0	-27.5	81.3	4.6	18.4	-282.6	-661.8	-137.3	2.7	
88.80	357.1	10.9	10.0	2.0	-28.8	81.4	6.5	21.9	-282.3	-754.6	-70.2	5.6	
88.85	357.3	11.0	10.3	2.0	-30.0	81.5	7.3	24.1	-281.1	-844.6	-0.4	5.2	
88.90	357.5	10.9	9.4	2.0	-30.4	81.6	7.8	24.2	-281.7	-870.6	109.6	1.8	
88.95	357.7	11.0	7.8	2.0	-30.6	81.7	11.1	22.8	-284.2	-834.8	298.9	-3.9	
89.00	357.9	11.1	6.5	2.0	-30.7	81.8	15.5	19.2	-284.2	-760.0	476.2	-8.4	
89.05	358.1	11.1	4.4	2.0	-30.3	81.9	18.1	13.9	-282.0	-649.3	587.1	-15.2	
89.10	358.3	11.6	2.5	2.0	-30.1	82.0	18.3	10.7	-282.4	-567.9	654.6	-21.7	
89.15	358.5	11.7	2.3	2.0	-30.5	82.1	17.1	11.6	-284.9	-566.1	691.5	-22.7	
89.20	358.7	11.7	3.0	2.0	-30.8	82.2	15.8	13.5	-284.8	-617.6	680.0	-20.7	
89.25	358.8	11.8	3.8	2.0	-31.3	82.3	15.4	16.4	-282.8	-692.3	651.7	-18.1	
89.30	359.0	12.0	5.1	2.0	-31.9	82.4	15.7	18.3	-282.9	-745.7	646.4	-14.4	
89.35	359.2	12.2	4.6	2.0	-31.6	82.5	16.0	16.5	-284.9	-714.2	654.5	-15.8	
89.40	359.4	12.4	3.0	2.0	-29.8	82.6	15.6	11.4	-285.1	-584.1	614.4	-19.7	
89.45	359.6	12.2	2.9	2.0	-28.1	82.7	14.9	9.0	-283.7	-498.1	522.9	-18.3	
89.50	359.7	12.0	3.7	2.0	-27.3	82.8	14.4	9.9	-283.2	-515.8	408.2	-14.6	
89.55	359.9	11.8	5.2	2.0	-26.8	82.9	10.7	11.9	-283.2	-587.6	228.4	-9.1	
89.60	0.1	11.6	6.4	2.0	-27.0	83.0	4.7	13.6	-282.6	-648.6	13.9	-5.1	
89.65	0.2	11.5	8.1	2.0	-27.7	83.1	0.7	15.6	-283.1	-683.2	-135.7	0.0	
89.70	0.4	11.5	9.4	2.0	-27.5	83.2	-0.2	15.7	-284.5	-649.6	-203.7	4.8	
89.75	0.6	11.8	9.0	2.0	-26.5	83.3	0.6	13.4	-284.8	-561.0	-241.8	4.5	
89.80	0.7	12.0	8.1	2.0	-25.5	83.4	-1.1	7.7	-283.4	-447.4	-327.8	2.2	
89.85	0.9	12.3	7.7	2.0	-25.6	83.5	-3.8	3.9	-283.5	-393.6	-410.0	1.0	
89.90	1.1	12.4	8.9	2.0	-26.5	83.6	-4.8	6.7	-285.2	-439.4	-444.0	3.9	
89.95	1.2	12.5	10.8	2.0	-27.8	83.7	-5.0	12.5	-284.6	-538.6	-467.5	9.1	
90.00	1.4	12.6	11.5	2.0	-28.9	83.8	-5.5	14.8	-282.6	-616.7	-485.3	10.8	
90.05	1.6	12.6	10.4	2.0	-28.6	83.9	-6.7	12.2	-283.6	-617.6	-461.6	7.2	
90.10	1.7	12.3	8.2	2.0	-27.2	84.0	-8.4	8.0	-286.7	-532.1	-406.6	1.1	
90.15	1.9	12.1	6.3	2.0	-25.2	84.1	-7.4	3.9	-287.5	-409.2	-327.9	-3.7	
90.20	2.1	12.0	5.2	2.0	-23.7	84.2	-4.0	1.6	-285.5	-351.5	-245.4	-5.8	
90.25	2.2	11.9	5.3	2.0	-23.8	84.3	-3.0	2.1	-284.4	-387.3	-207.3	-5.7	
90.30	2.4	11.7	5.7	2.0	-25.0	84.4	-4.8	4.8	-285.3	-476.4	-195.3	-5.5	
90.35	2.6	11.3	5.7	2.0	-25.6	84.5	-5.0	6.9	-285.7	-537.8	-151.1	-5.9	
90.40	2.7	11.2	5.2	2.0	-25.0	84.6	-0.9	6.3	-284.5	-515.6	-40.7	-7.1	
90.45	2.9	11.3	4.9	2.0	-23.7	84.7	3.4	3.4	-283.7	-417.4	76.2	-6.8	
90.50	3.0	11.6	3.2	2.0	-22.4	84.8	4.4	-1.3	-285.0	-299.6	138.3	-11.5	
90.55	3.2	12.1	1.2	2.0	-21.4	84.9	2.9	-6.8	-286.3	-201.4	135.2	-17.3	
90.60	3.4	12.3	0.7	2.0	-20.8	85.0	1.9	-8.6	-285.0	-171.9	93.5	-18.3	
90.65	3.5	12.2	2.2	2.0	-21.2	85.1	2.4	-3.6	-283.3	-230.1	63.3	-13.7	
90.70	3.7	12.2	4.4	2.0	-22.2	85.2	3.1	3.1	-283.1	-311.0	62.0	-7.2	
90.75	3.8	12.1	4.9	2.0	-22.5	85.3	3.3	3.8	-283.5	-327.7	77.4	-5.6	
90.80	3.9	11.9	3.9	2.0	-21.6	85.4	3.2	-0.7	-283.4	-248.6	99.4	-8.3	
90.85	4.1	11.4	2.8	2.0	-20.9	85.5	4.6	-4.6	-283.9	-138.2	154.6	-11.2	
90.90	4.2	11.6	3.6	2.0	-21.4	85.6	8.0	-5.7	-284.9	-69.5	225.6	-9.1	
90.95	4.4	12.1	3.9	2.0	-21.2	85.7	8.5	-5.9	-284.1	-49.2	210.9	-7.6	
91.00	4.5	12.2	2.3	2.0	-19.5	85.8	3.5	-5.3	-282.8	-58.9	82.0	-11.4	
91.05	4.7	12.1	1.9	2.0	-19.3	85.9	-2.3	-3.1	-283.7	-87.2	-43.6	-12.8	
91.10	4.8	12.1	2.8	2.0	-19.7	86.0	-2.7	-0.7	-285.3	-107.4	-63.5	-10.0	
91.15	4.9	12.2	2.9	2.0	-19.0	86.1	-0.9	-0.9	-284.3	-63.3	-48.5	-9.1	
91.20	5.1	12.1	2.3	2.0	-19.1	86.2	-1.9	-4.2	-283.3	43.3	-67.6	-11.2	
91.25	5.2	12.2	2.3	2.0	-20.0	86.3	-3.8	-7.7	-285.9	111.4	-78.5	-12.2	
91.30	5.3	13.1	2.6	2.0	-20.1	86.4	-3.7	-8.9	-288.2	101.8	-89.0	-11.2	
91.35	5.5	12.9	4.0	2.0	-20.8	86.5	-4.3	-7.5	-285.3	67.7	-179.7	-6.9	
91.40	5.6	12.6	4.9	2.0	-22.2	86.6	-5.9	-5.3	-282.3	40.8	-298.1	-5.4	
91.45	5.7	12.4	5.2	2.0	-23.3	86.7	-8.2	-4.5	-284.0	11.0	-381.7	-5.4	
91.50	5.9	12.3	5.8	2.0	-24.1	86.8	-9.9	-6.2	-286.4	3.9	-431.1	-4.1	
91.55	6.0	12.1	5.6	2.0	-24.8	86.9	-10.8	-8.7	-284.9	41.7	-481.0	-5.6	
91.60	6.1	11.8	5.8	2.0	-24.8	87.0	-9.2	-10.1	-283.2	87.4	-472.8	-4.8	
91.65	6.2	12.2	6.2	2.0	-23.8	87.1	-5.9	-10.1	-285.2	89.5	-399.8	-2.4	
91.70	6.4	12.5	6.4	2.0	-23.5	87.2	-5.0	-11.4	-286.3	92.7	-373.2	-1.5	
91.75	6.5	12.7	5.6	2.0	-24.1	87.3	-6.4	-12.7	-284.0	92.1	-416.1	-4.9	
91.80	6.6	12.6	5.4	2.0	-23.9	87.4	-6.0	-11.8	-282.3	55.3	-413.8	-5.5	
91.85	6.7	12.3	5.7	2.0	-22.3	87.5	-2.2	-9.7	-283.2	18.2	-305.7	-2.8	
91.90	6.9	11.9	4.9	2.0	-20.8	87.6	0.9	-10.1	-283.5	50.6	-184.5	-4.1	
91.95	7.0	11.9	3.6	2.0	-20.4	87.7	1.4	-13.1	-282.7	119.4	-92.5	-8.1	
92.00	7.1	12.0	2.3	2.0	-20.6	87.8	4.0	-16.4	-283.8	145.1	56.4	-12.7	
92.05	7.2	12.2	2.4	2.0	-22.0	87.9	8.5	-15.9	-285.2	104.6	234.9	-13.9	
92.10	7.3	11.9	1.9	2.0	-23.2	88.0	10.5	-13.4	-283.7	79.1	339.3	-16.5	
92.15	7.4	11.9	1.4	2.0	-24.0	88.1	11.4	-12.2	-282.0	76.8	410.5	-19.3	
92.20	7.5	12.1	1.5	2.0	-25.3	88.2	12.8	-11.9	-283.5	57.8	508.0	-20.0	
92.25	7.7	12.4	1.1	2.0	-26.3	88.3	13.4	-12.0	-284.9	46.5	580.7	-22.4	
92.30	7.8	12.7	0.2	2.0	-26.7	88.4	13.6	-13.1	-283.0	70.2	607.2	-26.1	
92.35	7.9	13.0	-0.1	2.0	-27.4	88.5	15.1	-15.0	-281.8	105.2	651.5	-27.7	
92.40	8.0	12.7	0.4	2.0	-28.3	88.6	16.7	-16.2	-284.1	125.6	707.0	-26.9	
92.45	8.1	12.8	1.0	2.0	-28.3	88.7	16.4	-17.1	-285.8	144.7	701.3	-24.9	
92.50	8.2	12.9	0.5	2.0	-27.3	88.8	15.2	-18.3	-283.4	159.3	619.9	-25.5	
92.55	8.3	12.8	0.5	2.0	-26.4	88.9	15.3	-19.4	-281.2	161.6	547.7	-24.8	
92.60	8.4	13.2	1.4	2.0	-25.9	89.0	15.5	-19.2	-282.6	180.2	504.2	-21.1	
92.65	8.5	13.5	1.8	2.0	-25.1	89.1	13.3	-18.7	-284.0	233.0	418.9	-19.0	
92.70	8.6	13.3	1.5	2.0	-24.0	89.2	10.5	-20.0	-282.6	278.5	282.6	-19.0	
92.75	8.7	13.6	1.9	2.0	-23.0	89.3	9.5	-21.6	-281.4	270.4	170.9	-16.4	
92.80	8.8	13.9	2.7	2.0	-22.3	89.4	8.3	-21.4	-282.5	251.8	81.9	-13.1	
92.85	8.9	14.0	2.9	2.0	-22.3	89.5	5.7	-20.7	-283.1	268.6	-14.5	-12.2	
92.90	9.0	14.1	3.1	2.0	-23.1	89.6	4.5	-22.7	-281.9	313.4	-86.3	-12.6	
92.95	9.1	14.2	3.6	2.0	-23.6	89.7	5.3	-25.0	-281.4	344.8	-104.8	-11.3	
93.00	9.2	14.1	4.2	2.0	-23.8	89.8	6.0	-24.6	-282.3	359.2	-96.5	-9.4	
93.05	9.3	14.4	4.2	2.0	-24.2	89.9	5.4	-24.4	-282.0	389.9	-101.8	-9.8	
93.10	9.3	14.8	3.9	2.0	-24.6	90.0	5.6	-25.3	-281.3	422.7	-84.2	-11.2	
93.15	9.4	15.2	3.6	2.0	-24.5	90.1	6.2	-24.4	-282.3	427.1	-33.0	-12.2	
93.20	9.5	14.9	3.5	2.0	-24.6	90.2	5.7	-23.1	-283.4	436.2	5.7	-12.5	
93.25	9.6	14.7	3.1	2.0	-25.1	90.3	5.7	-24.3	-282.7	472.6	39.9	-14.5	
93.30	9.7	14.6	2.4	2.0	-26.0	90.4	7.2	-27.3	-281.4	525.0	104.5	-17.9	
93.35	9.8	14.5	-20.2	1.5	-27.3	90.5	7.7	-29.6	-281.9	600.3	176.8	-31.7	
93.40	9.8	14.6	-14.9	1.1	-28.5	90.6	8.0	-30.1	-283.5	665.4	253.7	-31.4	
93.45	9.9	14.9	-10.8	0.8	-29.2	90.6	10.6	-30.9	-283.2	680.6	339.9	-30.2	
93.50	10.0	14.9	-7.5	0.6	-29.8	90.6	13.8	-32.8	-281.1	678.1	415.9	-28.7	
93.55	10.1	14.9	-5.1	0.5	-30.4	90.7	15.1	-33.2	-281.1	693.9	480.9	-28.0	
93.60	10.2	14.9	-3.8	0.3	-31.2	90.7	15.0	-32.6	-282.8	724.4	533.5	-29.4	
93.65	10.3	14.5	-2.5	0.3	-31.8	90.7	16.8	-33.7	-282.9	738.4	584.7	-29.2	
93.70	10.3	14.6	-1.2	0.2	-32.0	90.7	19.0	-36.1	-280.8	736.3	602.4	-27.8	
93.75	10.4	14.8	-0.4	0.1	-31.9	90.7	18.8	-37.3	-279.8	738.3	585.1	-27.2	
93.80	10.5	14.9	-0.0	0.1	-31.8	90.7	17.8	-36.4	-280.7	735.6	576.6	-27.3	
93.85	10.6	14.6	-0.4	0.1	-31.4	90.7	18.0	-34.7	-281.1	702.6	582.2	-29.4	
93.90	10.6	14.1	-0.0	0.1	-31.0	90.7	18.6	-34.1	-280.4	667.9	579.6	-28.6	
93.95	10.7	13.9	0.5	0.0	-30.6	90.7	18.2	-34.2	-279.8	643.8	553.8	-27.0	
94.00	10.8	13.6	1.0	0.0	-30.4	90.7	17.8	-35.4	-280.0	642.1	534.8	-25.6	
94.05	10.9	13.3	1.0	0.0	-30.6	90.7	17.5	-36.6	-280.4	660.0	530.7	-26.1	
94.10	10.9	12.7	1.1	0.0	-30.6	90.7	16.8	-36.1	-280.5	671.4	514.9	-25.9	
94.15	11.0	12.4	1.7	0.0	-30.2	90.7	16.2	-35.2	-280.2	663.3	488.6	-23.7	
94.20	11.1	12.0	1.5	0.0	-29.7	90.7	15.9	-34.9	-279.7	634.0	463.7	-24.2	
94.25	11.1	11.5	1.0	0.0	-29.4	90.7	14.6	-35.3	-279.3	629.1	428.2	-25.7	
94.30	11.2	11.7	0.8	0.0	-29.5	90.7	12.0	-35.3	-280.3	663.5	388.8	-26.6	
94.35	11.3	11.6	0.9	0.0	-29.7	90.7	10.5	-35.3	-282.2	693.9	369.4	-26.4	
94.40	11.3	11.5	0.9	0.0	-29.6	90.7	10.0	-36.5	-282.1	698.7	336.6	-26.4	
94.45	11.4	11.5	0.3	0.0	-29.1	90.7	8.2	-38.0	-280.6	688.5	258.3	-27.9	
94.50	11.5	11.3	0.3	0.0	-28.7	90.7	5.1	-38.6	-280.8	686.4	167.8	-27.6	
94.55	11.5	11.2	1.1	0.0	-28.4	90.7	3.4	-37.4	-282.5	673.3	112.1	-24.4	
94.60	11.6	11.5	1.8	0.0	-27.6	90.7	3.6	-35.3	-282.0	629.5	63.2	-21.3	
94.65	11.7	11.4	2.5	0.0	-27.2	90.7	3.5	-35.2	-279.5	602.6	-8.8	-18.5	
94.70	11.7	11.2	3.3	0.0	-27.4	90.7	2.0	-36.7	-279.6	610.6	-77.4	-16.1	
94.75	11.8	11.3	3.7	0.0	-28.0	90.7	0.3	-37.9	-282.0	643.2	-117.9	-15.4	
94.80	11.8	11.5	3.8	0.0	-28.7	90.7	-0.4	-39.1	-282.4	688.2	-155.6	-15.6	
94.85	11.9	11.6	3.9	0.0	-29.3	90.7	-0.4	-40.0	-279.9	720.1	-214.3	-15.9	
94.90	12.0	11.4	4.5	0.0	-29.6	90.7	-0.9	-40.3	-279.2	725.7	-261.1	-14.2	
94.95	12.0	11.1	4.4	0.0	-29.5	90.7	-2.2	-40.1	-280.8	712.9	-280.0	-14.4	
95.00	12.1	11.1	3.9	0.0	-29.8	90.7	-3.0	-41.3	-280.5	731.8	-280.2	-16.5	
95.05	12.1	11.1	3.6	0.0	-30.3	90.7	-1.8	-42.3	-278.7	778.7	-243.0	-17.8	
95.10	12.2	11.1	4.0	0.0	-30.6	90.7	2.0	-43.0	-279.1	829.2	-123.7	-16.9	
95.15	12.2	10.8	3.7	0.0	-31.0	90.7	5.8	-43.4	-280.8	864.3	18.6	-18.2	
95.20	12.3	10.6	2.6	0.0	-31.8	90.7	5.6	-46.4	-279.9	915.5	81.8	-23.0	
95.25	12.3	10.4	2.0	0.0	-32.4	90.7	5.0	-48.1	-278.8	954.6	127.5	-25.7	
95.30	12.4	10.9	2.1	0.0	-32.7	90.7	7.0	-46.2	-280.1	959.7	233.9	-25.6	
95.35	12.4	11.4	2.1	0.0	-33.2	90.7	9.9	-43.8	-280.8	964.2	352.1	-26.1	
95.40	12.5	11.1	1.3	0.0	-33.9	90.7	10.0	-44.6	-279.0	1001.3	401.1	-29.3	
95.45	12.5	11.1	0.5	0.0	-34.8	90.7	9.0	-47.3	-278.7	1052.0	439.1	-32.9	
95.50	12.6	11.2	0.6	0.0	-35.6	90.7	10.4	-47.9	-281.5	1075.1	536.8	-33.6	
95.55	12.6	11.2	0.5	0.0	-36.1	90.7	12.5	-47.3	-281.8	1078.5	604.8	-34.5	
95.60	12.7	10.9	0.3	0.0	-36.2	90.7	13.2	-48.0	-278.9	1093.0	589.8	-35.1	
95.65	12.7	10.6	0.3	0.0	-35.9	90.7	11.6	-48.8	-278.5	1094.8	530.7	-34.8	
95.70	12.8	10.3	0.5	0.0	-35.4	90.7	9.3	-48.5	-281.3	1079.1	474.7	-33.7	
95.75	12.8	10.4	0.9	0.0	-34.9	90.7	7.6	-48.4	-281.5	1078.8	391.9	-31.9	
95.80	12.9	10.5	1.4	0.0	-34.5	90.7	6.0	-48.4	-278.5	1087.1	270.2	-29.8	
95.85	12.9	10.8	2.1	0.0	-34.4	90.7	4.9	-49.0	-278.3	1091.8	177.7	-27.0	
95.90	13.0	11.1	2.9	0.0	-34.2	90.7	3.9	-49.9	-281.3	1083.5	114.3	-24.3	
95.95	13.0	11.1	3.3	0.0	-34.2	90.7	2.0	-51.0	-281.4	1086.9	12.9	-23.0	
96.00	13.1	10.9	3.2	0.0	-34.1	90.7	0.1	-51.7	-278.2	1075.8	-122.5	-23.2	
96.05	13.1	10.7	4.3	0.0	-33.5	90.7	-0.8	-50.2	-278.0	1020.5	-208.7	-18.7	
96.10	13.1	10.4	5.2	0.0	-33.0	90.7	-1.6	-48.7	-280.5	966.2	-261.3	-15.0	
96.15	13.2	10.1	4.9	0.0	-33.7	90.7	-4.9	-50.1	-279.7	985.0	-367.1	-17.0	
96.20	13.2	9.9	4.5	0.0	-34.8	90.7	-7.8	-51.7	-278.3	1037.9	-451.7	-19.2	
96.25	13.2	10.3	5.2	0.0	-34.7	90.7	-7.4	-50.3	-280.4	1042.7	-431.9	-16.9	
96.30	13.3	10.7	5.6	0.0	-33.9	90.7	-5.8	-47.9	-282.1	1004.1	-385.0	-14.8	
96.35	13.3	10.8	5.5	0.0	-33.6	90.7	-6.2	-47.3	-279.9	979.8	-389.4	-14.8	
96.40	13.3	10.8	4.7	0.0	-33.3	90.7	-6.3	-47.4	-278.4	958.5	-368.2	-17.1	
96.45	13.4	10.8	4.4	0.0	-32.4	90.7	-4.3	-46.1	-280.6	929.2	-267.3	-17.3	
96.50	13.4	10.8	4.1	0.0	-32.0	90.7	-2.1	-45.5	-281.6	917.7	-164.7	-18.0	
96.55	13.4	11.7	3.3	0.0	-32.5	90.7	-0.7	-48.2	-278.9	960.6	-104.9	-21.3	
96.60	13.5	12.6	2.7	0.0	-33.1	90.7	0.7	-50.0	-278.5	1011.5	-20.6	-23.7	
96.65	13.5	13.2	2.8	0.0	-33.5	90.7	2.0	-48.6	-281.8	1033.2	95.2	-24.0	
96.70	13.5	12.8	1.9	0.0	-33.5	90.7	3.5	-47.0	-282.5	1030.7	175.2	-27.0	
96.75	13.6	12.5	1.3	0.0	-33.4	90.7	4.8	-47.1	-279.4	1015.5	204.1	-28.8	
96.80	13.6	12.7	1.2	0.0	-33.0	90.7	5.4	-46.4	-278.3	985.6	236.7	-28.9	
96.85	13.6	13.2	1.6	0.0	-33.2	90.7	7.6	-45.8	-280.4	973.8	321.5	-27.8	
96.90	13.6	13.1	1.5	0.0	-34.0	90.7	9.9	-47.8	-279.9	1008.2	379.5	-28.9	
96.95	13.7	12.6	1.5	0.0	-35.1	90.7	12.0	-51.4	-277.3	1070.9	420.9	-29.8	
97.00	13.7	12.9	1.5	0.0	-35.8	90.7	15.2	-52.2	-278.0	1087.2	504.1	-30.5	
97.05	13.7	13.1	1.6	0.0	-35.9	90.7	16.2	-51.7	-279.5	1072.3	550.5	-30.4	
97.10	13.7	13.2	1.6	0.0	-35.7	90.7	15.6	-51.8	-278.8	1064.4	541.1	-30.3	
97.15	13.8	13.3	1.5	0.0	-35.5	90.7	15.2	-51.0	-278.0	1060.7	524.8	-30.5	
97.20	13.8	13.4	1.3	0.0	-35.5	90.7	15.0	-49.4	-278.5	1067.6	515.7	-31.2	
97.25	13.8	13.4	0.9	0.0	-35.9	90.7	14.1	-51.0	-278.7	1113.2	486.6	-32.9	
97.30	13.8	13.2	0.6	0.0	-36.9	90.7	13.3	-55.5	-277.8	1196.7	454.1	-34.9	
97.35	13.9	13.1	0.6	0.0	-38.0	90.7	13.7	-58.0	-277.9	1267.6	465.2	-35.8	
97.40	13.9	13.1	1.2	0.0	-38.7	90.7	15.5	-57.9	-279.3	1301.0	520.7	-34.7	
97.45	13.9	13.5	1.4	0.0	-38.9	90.7	16.5	-58.0	-279.1	1307.4	539.5	-34.1	
97.50	13.9	13.4	1.5	0.0	-38.7	90.7	16.0	-58.1	-278.4	1304.3	514.7	-33.4	
97.55	14.0	13.1	1.6	0.0	-38.3	90.7	13.7	-56.8	-279.5	1292.8	464.5	-32.8	
97.60	14.0	13.4	1.7	0.0	-37.9	90.7	11.0	-55.7	-280.4	1290.2	389.7	-32.1	
97.65	14.0	13.3	1.4	0.0	-37.6	90.7	8.8	-55.9	-279.2	1299.7	293.0	-32.7	
97.70	14.0	13.0	1.5	0.0	-37.5	90.7	7.2	-55.3	-278.2	1304.3	213.3	-32.2	
97.75	14.0	12.9	1.9	0.0	-37.3	90.7	6.1	-54.2	-279.3	1305.4	167.3	-30.9	
97.80	14.0	13.0	2.2	0.0	-37.4	90.7	5.5	-55.0	-280.2	1312.9	133.2	-30.0	
97.85	14.0	13.0	2.8	0.0	-37.6	90.7	5.3	-56.0	-279.0	1326.4	90.6	-28.1	
97.90	14.0	12.5	3.6	0.0	-37.4	90.7	6.2	-54.0	-278.7	1315.7	78.7	-24.9	
97.95	14.0	12.3	4.5	0.0	-37.0	90.7	6.7	-51.7	-279.3	1292.1	63.9	-21.7	
98.00	14.1	12.2	4.8	0.0	-37.1	90.7	6.5	-53.0	-278.8	1299.7	18.2	-20.5	
98.05	14.1	12.3	4.5	0.0	-37.9	90.7	5.1	-56.4	-277.2	1354.0	-53.3	-22.4	
98.10	14.1	11.5	4.2	0.0	-38.8	90.7	4.4	-58.2	-277.3	1418.1	-78.8	-24.3	
98.15	14.1	10.7	4.2	0.0	-39.3	90.7	5.2	-58.1	-278.5	1451.7	-45.8	-25.0	
98.20	14.1	10.4	4.2	0.0	-39.4	90.7	6.4	-58.5	-278.1	1459.0	-1.5	-25.1	
98.25	14.1	10.6	3.8	0.0	-39.1	90.7	7.4	-58.3	-277.3	1434.0	54.2	-26.1	
98.30	14.1	10.8	3.2	0.0	-38.5	90.7	9.0	-57.2	-277.9	1391.0	146.4	-27.5	
98.35	14.1	10.7	3.0	0.0	-38.2	90.7	11.3	-55.9	-278.4	1352.6	254.4	-28.1	
98.40	14.2	10.8	2.5	0.0	-38.5	90.7	13.8	-56.7	-277.1	1349.5	348.7	-29.8	
98.45	14.2	10.9	1.8	0.0	-38.9	90.7	15.7	-57.5	-276.3	1353.6	445.3	-32.9	
98.50	14.2	11.1	0.8	0.0	-39.3	90.7	17.0	-57.0	-277.3	1339.9	552.4	-36.4	
98.55	14.2	11.1	0.6	0.0	-39.5	90.7	18.2	-56.7	-278.0	1315.5	650.4	-37.3	
98.60	14.2	11.0	0.3	0.0	-39.7	90.7	19.2	-56.9	-277.3	1290.1	725.3	-38.6	
98.65	14.2	10.9	-0.2	0.0	-39.9	90.7	19.9	-55.8	-277.3	1264.0	800.6	-40.4	
98.70	14.2	11.3	-0.6	0.0	-40.4	90.7	20.6	-55.2	-278.6	1264.5	869.8	-42.4	
98.75	14.2	11.7	-0.8	0.0	-41.2	90.7	21.5	-57.1	-279.0	1303.7	904.6	-43.9	
98.80	14.2	12.0	-1.2	0.0	-41.6	90.7	21.4	-59.9	-277.5	1346.0	883.5	-45.7	
98.85	14.2	11.9	-1.4	0.0	-41.6	90.7	21.1	-60.8	-276.9	1364.7	858.0	-46.3	
98.90	14.2	12.1	-1.0	0.0	-41.2	90.7	20.3	-59.7	-277.9	1348.9	827.5	-44.7	
98.95	14.2	12.3	-0.3	0.0	-40.3	90.7	19.3	-58.4	-278.4	1313.0	771.3	-41.4	
99.00	14.2	12.0	0.1	0.0	-39.0	90.7	17.6	-56.6	-277.8	1260.9	677.3	-38.8	
99.05	14.2	11.9	0.2	0.0	-37.6	90.7	15.6	-54.9	-277.6	1206.3	564.0	-36.8	
99.10	14.3	11.8	0.9	0.0	-36.6	90.7	13.5	-55.4	-277.7	1178.0	434.5	-33.5	
99.15	14.3	11.5	1.7	0.0	-36.0	90.7	11.1	-56.7	-277.5	1171.5	297.0	-30.4	
99.20	14.3	11.7	1.8	0.0	-35.5	90.7	8.7	-56.4	-276.9	1155.1	171.5	-29.3	
99.25	14.3	11.9	2.4	0.0	-34.7	90.7	7.0	-54.8	-276.5	1113.8	73.7	-26.6	
99.30	14.3	11.8	3.6	0.0	-34.0	90.7	6.5	-53.2	-277.0	1066.1	15.6	-21.8	
99.35	14.3	11.8	4.3	0.0	-33.5	90.7	4.4	-52.0	-277.1	1032.9	-60.8	-18.6	
99.40	14.3	11.8	4.4	0.0	-33.5	90.7	2.0	-51.5	-277.3	1028.2	-130.2	-18.3	
99.45	14.3	11.9	4.1	0.0	-33.9	90.7	0.7	-52.5	-277.9	1051.6	-168.4	-20.0	
99.50	14.3	11.8	4.2	0.0	-34.8	90.7	0.1	-54.8	-278.0	1109.3	-193.1	-20.5	
99.55	14.3	11.8	3.9	0.0	-35.7	90.7	-0.9	-56.4	-277.7	1169.9	-215.4	-22.3	
99.60	14.3	11.9	3.5	0.0	-36.1	90.7	-0.8	-57.5	-277.7	1202.5	-194.1	-24.1	
99.65	14.3	11.7	2.9	0.0	-36.1	90.7	-0.1	-57.9	-278.0	1205.9	-145.2	-26.3	
99.70	14.3	11.5	3.1	0.0	-35.9	90.7	0.2	-56.5	-278.2	1196.6	-88.2	-25.3	
99.75	14.3	11.3	2.5	0.0	-35.5	90.7	1.2	-54.4	-278.9	1179.6	-12.4	-26.9	
99.80	14.3	11.0	2.1	0.0	-35.6	90.7	2.4	-54.4	-278.9	1187.0	53.9	-28.4	
99.85	14.2	11.1	1.9	0.0	-36.3	90.7	3.3	-56.9	-278.6	1229.4	97.3	-30.0	
99.90	14.2	11.4	1.5	0.0	-36.9	90.7	4.1	-58.3	-278.6	1267.1	135.9	-31.8	
99.95	14.2	11.9	1.2	0.0	-37.1	90.7	5.4	-57.6	-278.4	1271.5	187.6	-32.8	
100.00	14.2	11.3	1.2	0.0	-36.8	90.7	7.1	-56.4	-277.8	1248.7	245.1	-32.8	
100.05	14.2	10.7	1.6	0.0	-36.5	90.7	8.6	-54.8	-277.5	1217.3	300.7	-31.0	
100.10	14.2	10.1	1.4	0.0	-36.4	90.7	9.2	-53.6	-277.9	1202.0	341.1	-31.6	
100.15	14.2	10.2	1.3	0.0	-36.6	90.7	9.6	-53.9	-278.2	1209.3	363.0	-32.2	
100.20	14.2	10.2	1.1	0.0	-37.0	90.7	9.9	-55.7	-277.9	1231.0	364.4	-33.2	
100.25	14.2	10.1	1.0	0.0	-37.4	90.7	10.2	-57.8	-277.7	1259.7	355.1	-34.0	
100.30	14.2	9.9	0.6	0.0	-37.6	90.7	9.7	-58.5	-277.6	1278.6	339.8	-35.4	
100.35	14.2	10.1	0.2	0.0	-37.6	90.7	8.9	-58.7	-277.5	1278.4	326.1	-37.0	
100.40	14.2	10.4	0.6	0.0	-37.3	90.7	9.2	-58.4	-277.4	1257.3	330.1	-35.3	
100.45	14.2	10.3	1.2	0.0	-36.8	90.7	9.9	-56.9	-277.7	1221.0	349.9	-32.8	
100.50	14.2	10.5	1.3	0.0	-36.6	90.7	10.4	-55.4	-277.9	1199.2	369.9	-32.1	
100.55	14.1	10.6	1.0	0.0	-36.7	90.7	9.5	-56.1	-277.8	1211.7	355.1	-33.1	
100.60	14.1	10.7	0.9	0.0	-36.9	90.7	7.7	-57.6	-278.8	1232.9	318.1	-33.8	
100.65	14.1	10.6	1.0	0.0	-36.7	90.7	6.2	-57.5	-279.7	1226.8	272.6	-33.4	
100.70	14.1	10.7	1.0	0.0	-36.3	90.7	5.2	-57.1	-278.9	1209.3	215.8	-32.9	
100.75	14.1	10.8	0.9	0.0	-36.0	90.7	3.5	-57.1	-278.1	1200.1	147.9	-32.8	
100.80	14.1	11.2	1.0	0.0	-35.7	90.7	1.2	-56.6	-279.4	1184.3	95.0	-32.3	
100.85	14.1	11.4	1.4	0.0	-35.4	90.7	-0.0	-55.8	-280.8	1161.9	66.7	-30.7	
100.90	14.1	11.3	2.0	0.0	-35.3	90.7	0.4	-55.4	-280.1	1154.0	40.0	-28.5	
100.95	14.0	11.6	2.4	0.0	-35.5	90.7	1.2	-55.4	-278.9	1171.5	4.3	-27.1	
101.00	14.0	11.7	3.0	0.0	-35.9	90.7	0.0	-55.4	-279.5	1205.2	-49.3	-25.5	
101.05	14.0	11.8	2.9	0.0	-36.3	90.7	-2.5	-55.3	-280.6	1224.9	-124.4	-26.4	
101.10	14.0	12.0	3.0	0.0	-36.3	90.7	-4.2	-55.2	-279.9	1219.5	-207.6	-25.9	
101.15	14.0	12.0	3.9	0.0	-36.1	90.7	-4.2	-53.6	-278.8	1196.3	-259.1	-22.5	
101.20	13.9	11.8	4.6	0.0	-35.7	90.7	-3.8	-50.8	-279.1	1170.6	-274.0	-19.9	
101.25	13.9	12.0	4.6	0.0	-35.8	90.7	-3.8	-50.7	-279.6	1178.8	-273.4	-20.0	
101.30	13.9	11.5	4.4	0.0	-36.3	90.7	-3.3	-53.6	-279.4	1214.0	-258.4	-21.3	
101.35	13.9	10.7	4.6	0.0	-36.7	90.7	-2.2	-55.4	-279.3	1248.5	-223.3	-20.9	
101.40	13.8	10.9	4.5	0.0	-36.5	90.7	0.6	-54.2	-279.3	1247.8	-149.4	-20.9	
101.45	13.8	11.1	4.7	0.0	-36.3	90.7	3.3	-53.4	-278.5	1238.1	-73.8	-20.1	
101.50	13.8	11.4	4.2	0.0	-36.1	90.7	3.4	-53.2	-277.7	1224.7	-31.6	-21.7	
101.55	13.8	11.8	3.8	0.0	-35.9	90.7	3.0	-51.9	-279.1	1210.4	32.2	-22.8	
101.60	13.7	12.1	3.0	0.0	-35.7	90.7	4.6	-50.5	-280.1	1193.9	132.2	-25.2	
101.65	13.7	12.2	2.3	0.0	-36.2	90.7	7.3	-52.0	-278.7	1216.4	232.1	-28.4	
101.70	13.7	11.6	1.7	0.0	-37.2	90.7	8.4	-54.3	-278.1	1264.6	314.5	-31.4	
101.75	13.7	11.7	1.2	0.0	-37.8	90.7	9.0	-54.9	-280.3	1285.0	412.3	-33.6	
101.80	13.6	11.8	1.4	0.0	-37.8	90.7	11.3	-53.7	-281.5	1245.0	520.1	-33.1	
101.85	13.6	11.6	1.5	0.0	-37.6	90.7	13.8	-52.5	-279.3	1196.9	588.5	-32.5	
101.90	13.6	11.5	1.8	0.0	-37.5	90.7	15.1	-51.5	-277.8	1175.5	628.8	-31.2	
101.95	13.6	11.7	2.1	0.0	-37.7	90.7	14.9	-50.8	-279.7	1171.8	660.8	-30.3	
102.00	13.5	12.4	0.5	0.0	-38.0	90.7	15.0	-51.3	-281.3	1185.8	675.1	-36.2	
102.05	13.5	12.4	0.2	0.0	-38.1	90.7	15.0	-52.5	-279.7	1215.9	638.3	-37.5	
102.10	13.5	12.4	0.2	0.0	-37.7	90.7	14.1	-53.0	-278.3	1219.4	568.4	-37.1	
102.15	13.4	12.5	0.8	0.0	-37.1	90.7	13.0	-52.3	-279.8	1192.2	511.1	-34.4	
102.20	13.4	12.4	1.1	0.0	-36.2	90.7	11.2	-51.7	-280.8	1155.9	435.1	-32.3	
102.25	13.4	12.3	1.5	0.0	-35.2	90.7	9.4	-50.5	-279.5	1113.3	340.2	-30.1	
102.30	13.3	12.5	2.6	0.0	-34.3	90.7	10.0	-48.4	-278.8	1058.2	290.6	-25.5	
102.35	13.3	12.4	3.1	0.0	-33.6	90.7	11.5	-47.0	-279.4	1011.7	270.2	-22.9	
102.40	13.3	12.4	3.2	0.0	-33.4	90.7	10.7	-47.6	-279.0	1012.7	207.5	-22.4	
102.45	13.2	12.5	3.0	0.0	-33.7	90.7	8.3	-48.8	-278.6	1047.6	125.5	-23.3	
102.50	13.2	13.2	3.3	0.0	-33.5	90.7	7.7	-48.0	-279.5	1041.9	85.0	-22.3	
102.55	13.1	13.7	4.2	0.0	-33.1	90.7	8.0	-47.0	-279.6	1011.1	61.6	-18.6	
102.60	13.1	14.0	3.9	0.0	-32.6	90.7	7.1	-46.4	-278.3	982.9	24.5	-19.4	
102.65	13.1	13.9	3.1	0.0	-32.5	90.7	4.6	-45.5	-278.5	979.3	-1.1	-21.9	
102.70	13.0	13.8	2.9	0.0	-32.6	90.7	4.1	-44.4	-280.8	984.2	40.4	-22.6	
102.75	13.0	13.8	3.4	0.0	-33.1	90.7	7.1	-45.2	-281.4	1014.0	127.7	-21.6	
102.80	13.0	13.5	3.5	0.0	-34.3	90.7	9.5	-48.3	-278.9	1087.1	182.7	-22.3	
102.85	12.9	13.4	2.9	0.0	-35.6	90.7	9.8	-51.0	-278.3	1168.4	228.3	-25.6	
102.90	12.9	13.5	2.3	0.0	-36.2	90.7	10.1	-51.1	-281.2	1195.6	304.0	-28.4	
102.95	12.8	13.6	2.3	0.0	-36.4	90.7	11.3	-50.6	-281.9	1194.1	367.3	-28.4	
103.00	12.8	13.8	2.1	0.0	-36.2	90.7	12.6	-49.5	-279.0	1178.2	392.5	-28.9	
103.05	12.8	14.1	1.8	0.0	-36.3	90.7	14.0	-48.6	-278.3	1175.0	434.6	-30.0	
103.10	12.7	14.2	1.6	0.0	-36.8	90.7	14.1	-49.5	-280.4	1193.7	479.8	-31.4	
103.15	12.7	13.9	1.3	0.0	-37.6	90.7	13.7	-51.9	-281.2	1237.4	502.0	-33.1	
103.20	12.6	13.5	1.2	0.0	-38.1	90.7	14.9	-52.6	-280.0	1264.5	529.6	-33.9	
103.25	12.6	13.3	1.5	0.0	-38.2	90.7	17.5	-51.7	-279.2	1256.9	576.1	-33.0	
103.30	12.6	13.4	2.3	0.0	-38.3	90.7	19.6	-51.4	-279.4	1238.8	615.8	-30.4	
103.35	12.5	13.5	2.2	0.0	-38.3	90.7	19.2	-52.1	-279.5	1243.4	611.8	-30.7	
103.40	12.5	13.2	2.0	0.0	-38.5	90.7	18.1	-52.1	-279.2	1273.0	590.1	-31.8	
103.45	12.4	13.0	2.2	0.0	-38.7	90.7	18.8	-51.2	-279.1	1289.7	594.1	-31.2	
103.50	12.4	13.2	2.8	0.0	-38.9	90.7	20.8	-51.7	-278.9	1295.3	608.1	-29.3	
103.55	12.4	13.8	2.8	0.0	-39.2	90.7	20.2	-53.4	-278.3	1327.3	583.3	-29.5	
103.60	12.3	13.7	2.5	0.0	-39.6	90.7	18.4	-54.3	-278.7	1365.9	560.1	-31.1	
103.65	12.3	13.6	2.4	0.0	-39.5	90.7	18.0	-53.7	-279.9	1357.0	573.5	-31.4	
103.70	12.2	13.6	2.4	0.0	-39.1	90.7	18.5	-53.3	-280.0	1322.9	585.6	-30.8	
103.75	12.2	13.7	2.2	0.0	-38.6	90.7	18.7	-52.5	-279.2	1286.9	576.1	-31.0	
103.80	12.1	13.8	1.7	0.0	-38.3	90.7	17.7	-52.2	-279.2	1270.8	551.6	-32.3	
103.85	12.1	13.8	1.5	0.0	-38.1	90.7	15.9	-52.8	-280.0	1268.0	523.5	-32.9	
103.90	12.1	13.9	1.7	0.0	-37.9	90.7	15.0	-52.7	-280.7	1262.8	502.1	-32.2	
103.95	12.0	13.8	2.0	0.0	-37.6	90.7	15.1	-50.8	-280.5	1243.8	488.3	-30.8	
104.00	12.0	13.6	2.0	0.0	-37.0	90.7	14.7	-49.0	-279.5	1219.4	458.6	-30.2	
104.05	11.9	13.5	2.1	0.0	-36.6	90.7	13.1	-48.8	-279.8	1200.0	413.3	-29.3	
104.10	11.9	13.7	2.2	0.0	-36.2	90.7	10.7	-48.9	-281.5	1185.5	358.1	-28.7	
104.15	11.8	14.0	2.4	0.0	-35.8	90.7	9.2	-48.1	-282.1	1171.1	304.7	-27.6	
104.20	11.8	14.2	2.8	0.0	-35.4	90.7	9.6	-47.6	-280.6	1160.0	254.7	-25.9	
104.25	11.7	14.2	3.0	0.0	-35.2	90.7	9.3	-49.0	-279.4	1154.0	198.3	-24.8	
104.30	11.7	14.1	2.9	0.0	-34.9	90.7	8.1	-49.4	-280.8	1132.8	156.7	-24.8	
104.35	11.7	13.8	2.8	0.0	-34.6	90.7	6.3	-48.2	-281.8	1116.9	110.9	-24.9	
104.40	11.6	13.5	3.3	0.0	-34.1	90.7	6.8	-46.6	-280.6	1089.2	85.5	-22.8	
104.45	11.6	13.3	4.2	0.0	-33.5	90.7	8.6	-45.3	-279.3	1044.2	85.9	-18.9	
104.50	11.5	13.2	4.4	0.0	-32.9	90.7	7.9	-43.8	-279.8	1004.6	74.5	-17.6	
104.55	11.5	12.8	3.7	0.0	-32.7	90.7	5.5	-43.2	-281.1	994.4	51.6	-19.9	
104.60	11.5	12.5	3.3	0.0	-32.7	90.7	5.1	-43.8	-280.9	993.1	56.9	-21.5	
104.65	11.4	12.4	3.5	0.0	-32.6	90.7	7.7	-43.9	-280.1	977.4	112.1	-20.6	
104.70	11.4	12.4	3.0	0.0	-32.5	90.7	9.4	-43.5	-280.0	963.4	171.1	-22.3	
104.75	11.3	12.3	2.1	0.0	-32.7	90.7	8.6	-44.7	-280.5	967.6	211.1	-25.4	
104.80	11.3	12.2	1.2	0.0	-33.0	90.7	8.5	-46.8	-281.2	968.9	271.0	-28.7	
104.85	11.3	12.0	1.2	0.0	-33.2	90.7	10.4	-46.1	-281.6	956.0	362.8	-28.9	
104.90	11.2	11.7	1.3	0.0	-33.4	90.7	13.4	-42.5	-281.2	938.5	461.2	-28.9	
104.95	11.2	11.6	1.1	0.0	-34.0	90.7	14.5	-42.1	-280.5	962.6	518.1	-30.3	
105.00	11.1	11.9	0.4	0.0	-34.8	90.7	13.6	-45.3	-281.1	1009.4	539.9	-33.5	
105.05	11.1	12.2	-0.5	0.0	-35.0	90.7	11.3	-46.1	-282.6	1025.2	536.3	-36.6	
105.10	11.1	12.4	-0.6	0.0	-34.7	90.7	11.2	-43.5	-282.8	1001.3	544.9	-36.7	
105.15	11.0	12.5	0.1	0.0	-34.3	90.7	12.8	-41.6	-281.6	971.6	553.4	-34.1	
105.20	11.0	12.2	0.5	0.0	-34.0	90.7	12.8	-42.3	-281.4	955.4	533.7	-32.2	
105.25	10.9	11.8	-0.1	0.0	-33.6	90.7	9.6	-43.3	-282.8	951.2	465.3	-33.8	
105.30	10.9	11.3	-0.1	0.0	-33.2	90.7	7.7	-43.0	-283.5	948.9	402.0	-33.5	
105.35	10.9	11.5	1.5	0.0	-33.1	90.7	10.3	-42.6	-282.0	948.6	378.9	-27.9	
105.40	10.8	11.7	2.7	0.0	-33.0	90.7	12.0	-42.5	-280.3	960.8	336.7	-23.7	
105.45	10.8	11.9	3.0	0.0	-32.9	90.7	8.9	-42.0	-281.2	986.5	240.7	-22.5	
105.50	10.7	12.2	3.1	0.0	-32.9	90.7	4.8	-42.2	-283.2	1002.3	132.6	-22.2	
105.55	10.7	12.4	3.5	0.0	-32.6	90.7	3.6	-42.6	-282.7	985.2	46.4	-20.5	
105.60	10.7	12.3	4.2	0.0	-32.0	90.7	4.0	-41.1	-281.1	951.1	-17.1	-17.7	
105.65	10.6	11.9	4.0	0.0	-31.7	90.7	2.2	-39.1	-281.3	928.5	-82.2	-18.0	
105.70	10.6	11.7	3.7	0.0	-31.9	90.7	-0.9	-40.0	-282.8	935.4	-142.6	-19.3	
105.75	10.6	11.5	3.7	0.0	-32.3	90.7	-1.4	-42.0	-283.4	959.3	-152.5	-19.5	
105.80	10.5	10.8	4.0	0.0	-32.4	90.7	1.1	-41.3	-282.2	974.1	-112.0	-18.7	
105.85	10.5	11.0	4.2	0.0	-32.4	90.7	3.3	-39.2	-281.0	985.8	-61.3	-18.0	
105.90	10.4	11.4	4.0	0.0	-32.5	90.7	3.9	-38.6	-281.7	990.7	-10.4	-18.6	
105.95	10.4	11.6	3.4	0.0	-32.7	90.7	3.0	-39.0	-283.3	1003.0	24.0	-21.1	
106.00	10.3	12.0	2.8	0.0	-32.7	90.7	1.3	-37.9	-283.7	1011.8	33.7	-23.3	
106.05	10.3	12.2	2.4	0.0	-32.8	90.7	2.4	-37.3	-283.3	1020.7	72.8	-24.5	
106.10	10.3	12.0	2.4	0.0	-32.8	90.7	4.1	-38.1	-282.6	1008.7	115.4	-24.6	
106.15	10.2	11.7	1.5	0.0	-32.7	90.7	2.8	-38.5	-283.2	1000.9	126.3	-27.5	
106.20	10.2	11.8	0.5	0.0	-32.3	90.7	1.0	-36.7	-284.4	975.9	140.4	-30.5	
106.25	10.1	12.4	1.5	0.0	-31.9	90.7	3.7	-35.0	-284.3	936.8	209.4	-27.0	
106.30	10.1	12.1	2.4	0.0	-31.8	90.7	9.2	-34.8	-282.7	898.3	297.9	-23.4	
106.35	10.0	12.0	2.4	0.0	-31.5	90.7	9.7	-34.1	-281.8	878.3	307.1	-23.2	
106.40	10.0	12.0	1.9	0.0	-31.4	90.7	7.3	-33.0	-283.3	881.5	279.4	-24.9	
106.45	10.0	12.1	2.3	0.0	-31.5	90.7	7.3	-33.8	-284.6	884.8	271.2	-23.7	
106.50	9.9	12.2	2.9	0.0	-31.3	90.7	9.3	-34.2	-282.9	875.3	256.6	-21.4	
106.55	9.9	12.3	2.7	0.0	-30.6	90.7	8.7	-32.2	-281.1	840.8	202.1	-21.4	
106.60	9.8	12.5	2.3	0.0	-29.8	90.7	6.0	-31.0	-282.4	798.9	150.6	-22.0	
106.65	9.8	12.9	2.1	0.0	-29.2	90.7	5.7	-31.5	-284.4	748.6	153.1	-22.1	
106.70	9.7	13.3	2.3	0.0	-28.7	90.7	7.5	-31.2	-283.4	703.8	174.9	-20.9	
106.75	9.7	13.3	2.3	0.0	-28.1	90.7	8.8	-28.5	-281.4	662.5	190.6	-20.4	
106.80	9.7	13.5	2.4	0.0	-27.9	90.7	10.2	-27.1	-282.4	632.2	232.6	-19.8	
106.85	9.6	13.7	2.6	0.0	-27.9	90.7	10.5	-28.7	-283.8	616.8	257.7	-19.1	
106.90	9.6	13.5	2.2	0.0	-27.6	90.7	9.6	-28.8	-283.0	596.8	247.2	-20.1	
106.95	9.5	13.1	1.6	0.0	-26.9	90.7	9.3	-25.4	-281.8	546.5	249.3	-21.2	
107.00	9.5	12.8	2.4	0.0	-26.7	90.7	11.3	-22.7	-282.8	507.9	311.5	-18.5	
107.05	9.4	13.0	2.7	0.0	-27.3	90.7	12.6	-23.8	-283.7	513.8	367.5	-18.1	
107.10	9.4	12.9	1.5	0.0	-27.8	90.7	10.5	-26.5	-283.5	557.1	362.7	-22.5	
107.15	9.4	12.8	0.9	0.0	-28.2	90.7	9.1	-27.9	-284.2	584.7	371.4	-25.1	
107.20	9.3	12.9	1.4	0.0	-28.5	90.7	11.6	-28.0	-285.4	563.1	431.9	-23.5	
107.25	9.3	12.6	1.8	0.0	-28.4	90.7	13.9	-27.5	-284.1	533.7	458.6	-22.1	
107.30	9.2	12.3	0.9	0.0	-27.9	90.7	12.0	-26.6	-282.2	536.6	410.0	-24.8	
107.35	9.2	12.0	0.9	0.0	-27.8	90.7	9.9	-25.8	-283.7	551.3	382.5	-24.6	
107.40	9.1	11.9	1.7	0.0	-28.3	90.7	11.8	-26.0	-285.9	560.3	421.8	-22.4	
107.45	9.1	12.0	2.2	0.0	-28.3	90.7	13.7	-25.7	-283.6	569.5	417.0	-20.7	
107.50	9.0	12.4	1.7	0.0	-28.1	90.7	12.5	-24.6	-281.0	594.0	362.0	-22.4	
107.55	9.0	12.6	1.8	0.0	-28.0	90.7	10.9	-24.3	-283.4	602.3	338.8	-21.9	
107.60	8.9	12.7	2.8	0.0	-28.1	90.7	11.7	-25.3	-286.2	594.3	348.7	-18.6	
107.65	8.9	12.4	2.5	0.0	-28.2	90.7	12.0	-26.7	-283.7	621.0	303.4	-19.5	
107.70	8.9	12.1	2.3	0.0	-28.5	90.7	11.2	-27.3	-280.3	678.0	246.0	-20.7	
107.75	8.8	12.1	2.6	0.0	-29.5	90.7	12.6	-28.6	-282.4	739.1	280.4	-20.7	
107.80	8.8	12.4	3.8	0.0	-30.7	90.7	13.8	-30.4	-285.2	807.7	333.1	-17.8	
107.85	8.7	12.2	3.2	0.0	-31.2	90.7	13.0	-30.4	-283.3	853.0	322.3	-20.2	
107.90	8.7	12.1	2.8	0.0	-31.2	90.7	13.2	-29.0	-281.0	861.5	322.5	-21.7	
107.95	8.6	11.9	4.0	0.0	-31.2	90.7	15.4	-27.3	-282.6	829.2	386.0	-17.6	
108.00	8.6	12.1	4.1	0.0	-31.1	90.7	14.8	-26.4	-284.3	816.7	410.2	-17.2	
108.05	8.5	11.8	2.7	0.0	-31.3	90.7	12.4	-26.1	-283.5	848.5	381.1	-22.0	
108.10	8.5	11.0	2.1	0.0	-31.4	90.7	11.9	-27.1	-282.5	854.1	377.4	-24.0	
108.15	8.4	10.6	2.7	0.0	-31.4	90.7	13.8	-28.9	-283.5	821.4	430.4	-22.2	
108.20	8.4	10.5	3.1	0.0	-31.6	90.7	15.0	-28.9	-284.3	811.0	479.9	-21.1	
108.25	8.3	10.7	2.4	0.0	-31.9	90.7	14.2	-27.6	-283.4	834.6	488.5	-23.7	
108.30	8.3	11.0	2.7	0.0	-32.5	90.7	15.2	-27.9	-283.5	867.0	520.7	-23.4	
108.35	8.2	11.2	3.8	0.0	-33.2	90.7	17.5	-29.8	-284.6	895.9	566.2	-20.1	
108.40	8.2	11.2	3.8	0.0	-33.4	90.7	17.0	-30.3	-284.0	925.5	536.2	-20.4	
108.45	8.1	11.2	3.1	0.0	-33.1	90.7	14.2	-29.6	-282.7	952.0	456.7	-22.4	
108.50	8.1	11.2	3.3	0.0	-32.8	90.7	13.0	-30.4	-283.5	949.8	412.7	-21.4	
108.55	8.0	11.2	4.3	0.0	-32.5	90.7	13.5	-31.4	-285.0	917.2	401.9	-17.9	
108.60	8.0	11.1	3.6	0.0	-31.9	90.7	12.6	-31.1	-284.1	892.8	353.5	-19.5	
108.65	7.9	10.9	2.7	0.0	-31.4	90.7	11.0	-31.3	-282.4	874.3	297.9	-22.2	
108.70	7.9	10.7	3.6	0.0	-31.4	90.7	12.5	-32.8	-283.6	858.2	323.6	-19.1	
108.75	7.9	10.2	4.5	0.0	-31.2	90.7	14.3	-32.2	-285.0	830.8	355.8	-15.9	
108.80	7.8	10.2	4.5	0.0	-30.7	90.7	13.9	-29.5	-283.4	810.7	330.8	-15.1	
108.85	7.8	10.3	4.3	0.0	-29.9	90.7	13.4	-27.2	-281.6	768.2	300.4	-15.2	
108.90	7.7	10.4	4.6	0.0	-29.3	90.7	13.3	-26.3	-282.6	712.1	307.6	-13.6	
108.95	7.7	10.0	4.5	0.0	-28.9	90.7	12.2	-25.1	-284.2	683.1	313.6	-13.4	
109.00	7.6	9.6	3.8	0.0	-28.8	90.7	10.7	-23.4	-283.9	686.5	306.8	-15.9	
109.05	7.6	9.3	3.2	0.0	-29.1	90.7	10.8	-24.1	-283.0	699.7	319.8	-18.0	
109.10	7.5	9.6	3.3	0.0	-29.7	90.7	12.1	-27.6	-284.2	720.3	368.3	-18.3	
109.15	7.5	9.5	2.8	0.0	-30.5	90.7	11.2	-30.5	-285.2	763.4	385.8	-20.8	
109.20	7.4	9.3	1.7	0.0	-30.7	90.7	9.6	-30.1	-284.6	790.8	379.7	-25.0	
109.25	7.4	9.2	1.8	0.0	-30.7	90.7	10.9	-28.7	-284.1	778.5	410.7	-24.6	
109.30	7.3	9.7	3.0	0.0	-30.4	90.7	13.1	-27.4	-284.5	734.2	450.1	-20.3	
109.35	7.3	10.0	3.1	0.0	-30.0	90.7	12.4	-26.7	-284.4	711.1	434.4	-19.2	
109.40	7.2	10.0	2.2	0.0	-29.8	90.7	9.9	-27.1	-284.1	719.7	386.6	-22.4	
109.45	7.2	10.1	1.8	0.0	-29.4	90.7	8.9	-26.5	-284.8	703.5	364.2	-23.3	
109.50	7.1	10.0	2.7	0.0	-28.6	90.7	9.3	-23.4	-285.8	641.6	356.5	-19.4	
109.55	7.1	9.8	3.1	0.0	-27.6	90.7	9.3	-21.7	-285.1	590.5	309.0	-17.0	
109.60	7.1	9.8	2.8	0.0	-26.9	90.7	7.1	-23.5	-283.4	572.6	216.9	-17.2	
109.65	7.0	9.9	2.6	0.0	-26.4	90.7	5.0	-25.0	-284.0	548.0	151.7	-17.5	
109.70	7.0	10.0	3.1	0.0	-26.4	90.7	5.1	-24.1	-285.8	551.5	143.4	-15.7	
109.75	6.9	9.8	3.8	0.0	-27.0	90.7	6.5	-24.2	-284.8	597.9	140.8	-13.9	
109.80	6.9	9.6	4.1	0.0	-27.7	90.7	7.8	-26.5	-282.7	646.5	130.9	-13.6	
109.85	6.8	9.6	4.4	0.0	-28.1	90.7	7.1	-27.8	-283.8	675.4	121.3	-12.8	
109.90	6.8	9.5	4.5	0.0	-27.8	90.7	5.3	-26.0	-286.0	662.7	106.9	-12.4	
109.95	6.7	9.3	4.1	0.0	-27.0	90.7	3.9	-23.6	-284.9	613.2	73.5	-12.8	
