Time[s]	Rotor azimuth angle[deg]	Hub wind speed magnitude[m/s]	ACTTORQUE1[Nm]	PITRAT1[deg/s]	PITFRIC1[kNm]	PITCH1[deg]	Blade root 1 Fx[KN]	Blade root 1 Fy[KN]	Blade root 1 Fz[KN]	Blade root 1 Mx[kNm]	Blade root 1 My[kNm]	Blade root 1 Mz[kNm]	
END_OF_HEADER
50.00	292.1	10.4	-46.9	-0.0	251.2	-0.3	330.7	258.7	555.8	-5218.7	15363.8	90.2	
50.05	294.8	10.2	-49.5	-0.0	250.3	-0.3	342.4	237.6	554.7	-4869.4	15418.4	80.5	
50.10	297.4	10.1	-50.6	-0.0	248.0	-0.3	341.6	224.0	543.5	-4477.6	15388.6	74.2	
50.15	300.1	10.0	-46.5	-0.0	244.3	-0.3	324.1	223.0	522.6	-4259.8	15223.0	84.5	
50.20	302.7	10.0	-39.7	-0.0	238.5	-0.3	302.8	213.7	504.8	-4052.7	14907.5	102.2	
50.25	305.4	10.2	-38.0	-0.0	233.1	-0.3	296.1	200.0	496.5	-3666.1	14635.7	102.6	
50.30	308.0	10.4	-40.6	-0.0	229.8	-0.3	297.0	187.0	487.2	-3378.3	14471.4	90.5	
50.35	310.7	10.6	-41.2	-0.0	228.3	-0.3	292.8	181.9	470.1	-3397.4	14385.1	86.8	
50.40	313.3	10.9	-42.7	-0.0	229.6	-0.3	292.8	188.7	454.3	-3464.6	14469.1	83.1	
50.45	316.0	11.2	-44.0	-0.0	230.8	-0.3	297.1	183.7	447.4	-3407.4	14580.3	79.9	
50.50	318.7	11.1	-43.2	-0.0	229.9	-0.3	299.1	166.1	445.8	-3177.5	14586.6	81.7	
50.55	321.3	10.8	-42.2	-0.0	228.7	-0.3	298.0	153.5	440.7	-2845.6	14583.0	83.7	
50.60	324.0	10.2	-41.9	-0.0	229.8	-0.3	296.9	143.3	429.0	-2571.2	14747.9	86.0	
50.65	326.8	10.1	-33.6	-0.0	240.1	-0.3	292.6	167.4	420.3	-4109.8	15187.9	124.6	
50.70	329.5	10.3	-41.4	-0.0	249.9	-0.3	320.0	124.0	418.0	-3835.8	16009.3	107.7	
50.75	332.1	10.6	-66.3	-0.0	265.1	-0.3	384.6	162.7	421.8	-3081.0	17118.1	37.5	
50.80	334.9	11.0	132.8	0.5	-255.4	-0.3	334.0	100.4	421.3	-3216.1	16548.0	135.5	
50.85	337.7	11.0	130.3	0.9	-254.9	-0.3	329.6	127.8	419.7	-2994.2	16540.7	144.0	
50.90	340.3	10.4	111.9	1.2	-266.0	-0.2	373.7	152.9	423.7	-2691.2	17291.5	82.1	
50.95	343.2	10.2	120.7	1.4	-265.8	-0.1	358.2	42.8	421.8	-2885.9	17374.7	121.6	
51.00	345.9	10.0	113.9	1.5	-269.5	-0.1	372.3	42.6	418.7	-2271.1	17705.3	101.5	
51.05	348.5	9.8	101.0	1.7	-269.2	0.0	382.4	102.0	423.2	-1555.7	17693.4	62.7	
51.10	351.3	9.9	113.7	1.7	-255.0	0.1	331.5	67.0	422.0	-1353.0	16807.1	124.3	
51.15	354.1	10.1	106.0	1.8	-254.2	0.2	336.2	57.6	425.3	-531.7	16777.0	101.6	
51.20	356.8	10.4	88.2	1.9	-259.1	0.3	364.6	38.2	436.0	122.6	17073.9	37.4	
51.25	359.6	10.4	96.9	1.9	-252.2	0.4	341.8	-12.6	436.7	41.5	16623.8	75.7	
51.30	2.3	10.0	97.4	1.9	-249.6	0.5	335.7	25.1	439.3	401.5	16433.6	81.4	
51.35	5.0	9.6	89.0	1.9	-250.5	0.6	337.1	42.2	450.0	824.6	16475.1	52.5	
51.40	7.9	9.6	94.7	2.0	-252.3	0.7	335.9	-21.6	457.7	883.7	16611.3	71.0	
51.45	10.7	9.6	93.2	2.0	-264.6	0.8	373.9	-48.9	470.1	1315.0	17387.5	53.8	
51.50	13.5	9.6	88.5	2.0	-272.2	0.9	387.7	-85.1	478.7	1874.4	17848.0	30.6	
51.55	16.3	9.7	96.2	2.0	-270.1	1.0	365.9	-131.2	474.9	2439.4	17643.5	59.2	
51.60	19.2	9.6	95.8	2.0	-271.8	1.0	370.0	-114.2	483.2	3313.3	17628.5	56.6	
51.65	22.0	9.6	89.4	2.0	-272.9	1.1	368.7	-124.7	503.4	3734.4	17609.4	33.7	
51.70	24.8	9.7	89.4	2.0	-274.3	1.2	366.9	-171.3	508.2	3818.3	17651.9	32.3	
51.75	27.7	9.3	83.0	2.0	-281.6	1.3	392.6	-167.7	507.8	4235.7	18056.2	2.9	
51.80	30.5	9.0	76.4	2.0	-280.6	1.4	385.6	-158.1	522.4	4536.5	17924.6	-18.7	
51.85	33.3	9.1	77.9	2.0	-273.3	1.5	364.9	-147.4	542.0	4683.0	17372.3	-5.9	
51.90	36.2	9.9	78.1	2.0	-272.3	1.6	370.7	-136.0	556.4	5125.0	17149.9	-4.3	
51.95	39.1	10.3	75.9	2.0	-272.8	1.7	359.4	-184.9	564.7	5574.0	17013.0	-12.4	
52.00	42.1	10.5	75.4	2.0	-274.0	1.8	350.0	-227.1	570.7	5863.4	16966.3	-15.3	
52.05	45.0	10.8	75.5	2.0	-276.6	1.9	363.9	-213.3	582.3	6097.8	17065.2	-17.3	
52.10	47.9	11.1	77.0	2.0	-275.9	2.0	353.1	-220.1	599.4	6241.5	16961.1	-11.6	
52.15	50.9	11.2	76.2	2.0	-278.3	2.1	350.6	-241.6	610.6	6387.0	17064.5	-16.8	
52.20	53.9	11.2	73.5	2.0	-284.2	2.2	378.1	-250.0	615.9	6378.4	17453.9	-32.0	
52.25	56.8	11.2	73.0	2.0	-283.7	2.3	378.2	-269.4	629.5	6170.0	17445.3	-33.2	
52.30	59.7	11.1	72.2	2.0	-280.4	2.4	368.6	-264.8	647.4	6199.3	17186.8	-32.7	
52.35	62.7	11.0	71.3	2.0	-278.8	2.5	374.0	-242.9	658.0	6517.2	16950.6	-33.9	
52.40	65.6	10.8	72.1	2.0	-274.3	2.6	353.7	-255.3	671.9	6775.8	16504.6	-26.7	
52.45	68.5	10.5	69.7	2.0	-271.1	2.7	337.2	-263.9	697.3	7014.3	16139.7	-31.9	
52.50	71.4	10.3	66.4	2.0	-271.6	2.8	349.7	-260.9	716.7	7130.9	16094.0	-43.5	
52.55	74.4	10.1	65.4	2.0	-270.4	2.9	342.5	-274.7	734.9	7229.2	15926.1	-45.9	
52.60	77.3	9.8	62.0	2.0	-268.7	3.0	332.0	-269.7	762.4	7460.2	15686.6	-55.8	
52.65	80.3	9.1	60.3	2.0	-268.1	3.1	347.4	-257.1	784.9	7425.2	15622.1	-61.3	
52.70	83.3	9.2	59.2	2.0	-267.4	3.2	353.7	-271.2	804.8	7169.3	15619.1	-64.2	
52.75	86.3	9.4	54.1	2.0	-268.9	3.3	355.4	-287.5	826.7	7125.8	15710.0	-83.2	
52.80	89.4	9.7	51.7	2.0	-268.7	3.4	364.1	-298.7	840.8	7163.3	15615.6	-91.3	
52.85	92.4	9.6	52.5	2.0	-262.3	3.5	349.2	-305.2	860.1	7274.7	15035.3	-81.9	
52.90	95.4	9.6	55.3	2.0	-254.2	3.6	317.0	-298.7	884.8	7448.1	14332.0	-64.5	
52.95	98.4	9.6	56.2	2.0	-249.4	3.7	301.8	-301.7	894.1	7517.6	13905.1	-56.5	
53.00	101.4	9.3	54.5	2.0	-245.3	3.8	287.8	-311.6	900.4	7511.9	13558.1	-58.0	
53.05	104.4	9.1	51.6	2.0	-239.1	3.9	270.8	-298.1	920.0	7513.7	13077.7	-62.0	
53.10	107.5	9.0	51.0	2.0	-232.1	4.0	269.1	-268.1	936.4	7328.8	12632.2	-57.2	
53.15	110.5	8.8	50.4	2.0	-227.6	4.1	266.9	-247.9	948.2	7175.4	12371.6	-54.7	
53.20	113.6	8.6	48.4	2.0	-227.3	4.2	264.2	-239.3	962.2	7030.7	12438.4	-61.0	
53.25	116.7	8.5	46.0	2.0	-229.2	4.3	283.9	-237.2	978.5	6748.5	12697.7	-71.4	
53.30	119.8	8.6	42.6	2.0	-231.7	4.4	307.2	-241.9	999.1	6566.6	12915.1	-85.4	
53.35	122.8	8.3	42.4	2.0	-233.4	4.5	310.2	-245.7	1020.9	6610.9	13008.1	-87.8	
53.40	125.9	8.1	42.0	2.0	-233.2	4.6	308.5	-243.3	1031.9	6557.8	13016.5	-89.1	
53.45	129.1	8.2	41.5	2.0	-229.5	4.7	301.2	-241.4	1038.9	6247.6	12871.3	-87.0	
53.50	132.2	8.6	41.8	2.0	-224.1	4.8	288.7	-241.9	1052.8	5896.5	12603.3	-80.7	
53.55	135.3	8.7	39.4	2.0	-219.0	4.9	286.6	-240.3	1066.4	5568.3	12325.9	-83.7	
53.60	138.3	8.6	38.1	2.0	-211.6	5.0	280.8	-221.6	1077.7	5218.1	11915.4	-81.0	
53.65	141.4	8.3	41.0	2.0	-200.4	5.1	258.4	-186.8	1090.9	4731.8	11310.4	-59.5	
53.70	144.5	7.9	43.7	2.0	-188.9	5.2	241.0	-150.8	1102.8	4092.5	10731.3	-39.0	
53.75	147.6	7.6	41.0	2.0	-182.4	5.3	241.3	-127.5	1118.3	3646.6	10390.9	-41.6	
53.80	150.7	7.5	38.5	2.0	-178.2	5.4	240.7	-122.0	1138.1	3469.2	10111.3	-46.0	
53.85	153.8	7.8	37.0	2.0	-172.1	5.5	234.2	-107.3	1152.4	3211.9	9735.7	-45.1	
53.90	156.9	8.2	36.2	2.0	-164.0	5.6	222.0	-74.5	1162.0	2772.7	9294.4	-39.7	
53.95	160.0	8.4	37.4	2.0	-157.1	5.7	203.4	-53.9	1170.2	2283.9	8956.4	-28.9	
54.00	163.2	8.4	35.7	2.0	-155.5	5.8	198.6	-49.2	1179.6	1815.8	8948.2	-33.1	
54.05	166.3	8.4	31.5	2.0	-158.0	5.9	208.1	-44.1	1188.7	1261.3	9203.0	-49.8	
54.10	169.5	8.2	30.1	2.0	-160.9	6.0	215.3	-30.3	1194.5	618.9	9472.6	-57.5	
54.15	172.7	8.3	26.9	2.0	-163.6	6.1	221.2	-8.2	1196.4	142.3	9679.7	-71.2	
54.20	175.9	8.3	22.2	2.0	-164.8	6.2	225.8	4.8	1199.4	-157.9	9751.5	-88.5	
54.25	179.1	8.3	20.1	2.0	-163.1	6.3	225.9	8.5	1206.9	-426.8	9613.8	-94.2	
54.30	182.2	8.4	19.1	2.0	-159.7	6.4	222.5	17.9	1208.4	-704.6	9341.5	-94.0	
54.35	185.4	8.4	17.0	2.0	-154.0	6.5	209.0	35.1	1202.0	-1039.7	8919.3	-95.6	
54.40	188.6	8.4	20.6	2.0	-146.4	6.6	189.7	62.2	1199.1	-1332.3	8336.2	-75.7	
54.45	191.8	8.1	24.7	2.0	-140.2	6.7	177.5	89.4	1202.4	-1599.3	7811.6	-55.5	
54.50	195.0	8.3	25.5	2.0	-137.9	6.8	173.5	107.6	1206.4	-1972.4	7520.3	-50.3	
54.55	198.2	8.6	23.2	2.0	-138.5	6.9	175.4	125.6	1207.9	-2324.3	7434.0	-59.0	
54.60	201.4	8.8	20.0	2.0	-138.1	7.0	173.2	138.3	1205.2	-2587.2	7294.2	-69.4	
54.65	204.6	9.1	18.3	2.0	-133.7	7.1	157.8	142.1	1202.8	-2808.4	6887.6	-70.9	
54.70	207.8	9.0	17.9	2.0	-129.0	7.2	146.8	151.6	1202.8	-2884.7	6468.1	-67.4	
54.75	211.0	8.8	15.5	2.0	-127.6	7.3	145.4	160.8	1197.2	-3000.4	6287.4	-74.3	
54.80	214.2	9.0	11.1	2.0	-128.8	7.4	142.5	155.8	1183.0	-3308.1	6263.5	-90.6	
54.85	217.4	9.2	8.2	2.0	-133.4	7.5	152.0	160.6	1168.8	-3683.0	6434.0	-105.1	
54.90	220.6	9.3	6.6	2.0	-138.7	7.6	167.0	176.8	1156.5	-4032.0	6633.6	-116.0	
54.95	223.8	9.5	6.7	2.0	-142.2	7.7	170.0	200.3	1144.1	-4376.0	6670.3	-119.4	
55.00	227.0	9.1	9.2	2.0	-145.1	7.8	166.3	231.7	1130.0	-4792.6	6580.7	-113.6	
55.05	230.2	8.9	14.6	2.0	-147.7	7.9	160.0	249.8	1115.4	-5324.6	6393.3	-97.6	
55.10	233.4	9.0	15.7	2.0	-149.0	8.0	152.2	260.2	1105.7	-5710.5	6172.2	-94.9	
55.15	236.6	9.0	15.5	2.0	-149.9	8.1	144.0	277.6	1097.5	-6026.7	5926.4	-96.9	
55.20	239.8	8.8	20.7	2.0	-152.9	8.2	128.8	294.8	1082.2	-6577.5	5642.5	-81.7	
55.25	243.1	8.8	23.5	2.0	-157.0	8.3	117.2	313.7	1067.5	-7051.5	5510.6	-76.3	
55.30	246.3	9.1	19.4	2.0	-160.6	8.4	122.8	318.1	1058.9	-7305.4	5608.0	-93.9	
55.35	249.6	9.1	13.5	2.0	-165.8	8.5	141.1	312.0	1055.2	-7619.8	5841.7	-119.6	
55.40	252.9	9.2	7.3	2.0	-171.8	8.6	155.8	315.0	1050.1	-7952.0	6118.3	-146.9	
55.45	256.2	9.4	2.7	2.0	-176.3	8.7	160.2	318.8	1038.3	-8219.6	6317.5	-167.1	
55.50	259.4	9.3	1.2	2.0	-177.0	8.8	158.8	319.5	1025.4	-8331.3	6274.0	-172.8	
55.55	262.7	9.2	1.5	2.0	-175.4	8.9	155.1	322.8	1016.0	-8344.4	6053.6	-170.3	
55.60	266.0	9.1	1.3	2.0	-171.7	9.0	149.1	320.1	1007.6	-8259.6	5723.3	-167.3	
55.65	269.2	9.4	0.7	2.0	-167.3	9.1	143.1	317.5	992.9	-8104.6	5413.1	-165.0	
55.70	272.5	9.4	3.9	2.0	-163.0	9.2	129.3	316.7	976.2	-7974.0	5076.7	-149.6	
55.75	275.7	9.3	9.8	2.0	-159.1	9.3	114.8	326.1	960.1	-7811.8	4776.0	-125.3	
55.80	279.0	9.4	13.7	2.0	-154.8	9.4	105.1	330.3	945.0	-7594.4	4516.1	-107.7	
55.85	282.2	9.1	11.9	2.0	-149.7	9.5	102.5	323.1	931.0	-7294.2	4330.9	-108.9	
55.90	285.5	9.1	7.2	2.0	-143.6	9.6	104.6	311.9	922.8	-6922.9	4129.3	-118.9	
55.95	288.7	9.4	3.3	2.0	-138.0	9.7	108.9	296.6	914.5	-6592.9	3934.4	-126.5	
56.00	292.0	9.3	-0.2	2.0	-134.0	9.8	108.5	285.7	895.8	-6348.0	3844.5	-134.7	
56.05	295.3	9.3	-4.2	2.0	-130.0	9.9	99.0	281.3	871.3	-6138.6	3681.0	-144.5	
56.10	298.6	9.4	-6.5	2.0	-123.7	10.0	84.0	262.7	852.8	-5921.5	3269.6	-146.1	
56.15	301.9	9.3	-7.4	2.0	-116.7	10.1	68.1	237.2	839.6	-5688.2	2777.2	-142.0	
56.20	305.2	9.2	-9.7	2.0	-109.4	10.2	54.8	223.4	824.1	-5328.2	2383.9	-142.5	
56.25	308.4	9.1	-10.2	2.0	-103.2	10.3	43.1	213.9	805.7	-5021.1	2040.9	-138.3	
56.30	311.7	8.8	-7.6	2.0	-98.8	10.4	31.8	207.0	790.1	-4836.0	1692.2	-125.1	
56.35	315.0	8.8	-3.5	2.0	-96.6	10.5	26.3	210.2	779.7	-4738.0	1458.0	-108.7	
56.40	318.2	9.0	-2.5	2.0	-94.0	10.6	25.6	203.0	772.8	-4598.6	1334.6	-102.5	
56.45	321.5	9.6	-5.1	2.0	-91.0	10.7	29.2	194.4	766.1	-4386.5	1325.9	-108.4	
56.50	324.8	9.3	-4.8	2.0	-90.9	10.8	35.0	199.3	759.4	-4319.1	1487.2	-107.3	
56.55	328.1	9.5	-2.3	2.0	-92.5	10.9	42.0	200.4	752.6	-4332.7	1793.5	-100.5	
56.60	331.4	9.9	-9.7	2.0	-91.0	11.0	58.3	184.3	748.9	-3998.0	2294.9	-124.4	
56.65	334.7	10.0	-20.7	2.0	-87.6	11.1	73.8	149.5	745.6	-3435.3	2801.6	-158.8	
56.70	338.0	9.9	-24.9	2.0	-86.9	11.2	82.9	124.0	738.9	-3102.0	3174.9	-172.5	
56.75	341.3	9.7	-26.1	2.0	-87.5	11.3	88.8	117.2	732.1	-2891.8	3434.7	-176.9	
56.80	344.6	9.7	-29.6	2.0	-86.2	11.4	95.4	98.6	724.4	-2529.8	3635.1	-187.7	
56.85	347.9	9.6	-33.5	2.0	-81.0	11.5	94.6	70.4	720.1	-2023.9	3558.4	-196.0	
56.90	351.1	9.5	-30.9	2.0	-75.2	11.6	85.2	53.8	716.5	-1814.2	3239.8	-181.3	
56.95	354.4	9.6	-22.4	2.0	-70.1	11.7	71.3	54.3	711.1	-1808.0	2828.8	-147.1	
57.00	357.7	9.4	-19.6	2.0	-61.8	11.8	59.1	45.8	707.8	-1390.8	2401.9	-129.0	
57.05	0.9	9.3	-21.6	2.0	-51.4	11.9	49.9	19.3	708.8	-545.7	1978.3	-125.7	
57.10	4.1	9.4	-19.2	2.0	-44.5	12.0	42.0	-5.1	714.3	205.1	1546.8	-110.3	
57.15	7.4	8.9	-12.7	2.0	-43.6	12.1	39.3	-16.0	718.6	716.0	1304.3	-87.1	
57.20	10.6	9.0	-10.7	2.0	-50.4	12.2	43.7	-36.3	716.3	1400.2	1372.6	-87.2	
57.25	13.8	9.3	-12.3	2.0	-62.5	12.3	52.6	-69.9	714.8	2288.2	1589.7	-104.6	
57.30	17.1	9.6	-10.1	2.0	-70.0	12.4	63.2	-87.7	723.9	2821.6	1688.8	-104.6	
57.35	20.4	10.0	-5.3	2.0	-71.5	12.5	59.6	-99.6	738.5	3039.1	1456.3	-89.7	
57.40	23.6	10.4	-4.9	2.0	-74.7	12.6	45.6	-124.5	740.5	3385.0	1113.6	-91.6	
57.45	26.9	10.3	-8.7	2.0	-82.3	12.7	32.1	-155.5	733.3	3963.7	883.1	-112.1	
57.50	30.2	9.7	-10.0	2.0	-89.5	12.8	26.9	-173.9	737.5	4499.8	690.1	-123.7	
57.55	33.4	9.6	-7.3	2.0	-94.8	12.9	30.2	-182.9	752.2	4894.1	511.6	-119.7	
57.60	36.7	10.0	-4.8	2.0	-100.7	13.0	31.0	-201.7	757.2	5292.0	403.2	-117.3	
57.65	39.9	9.9	-3.5	2.0	-106.3	13.1	26.8	-223.5	747.1	5656.2	433.2	-118.3	
57.70	43.1	9.9	-1.0	2.0	-109.1	13.2	23.0	-226.0	746.1	5873.0	383.9	-112.4	
57.75	46.4	9.9	6.8	2.0	-107.3	13.3	20.7	-208.1	764.0	5783.3	117.8	-83.9	
57.80	49.6	9.9	12.7	2.0	-106.2	13.4	18.6	-201.5	782.0	5708.5	-132.6	-62.7	
57.85	52.8	9.8	10.7	2.0	-108.5	13.5	18.3	-212.4	784.4	5851.8	-81.7	-71.7	
57.90	56.1	9.6	4.4	2.0	-110.9	13.6	18.8	-228.0	784.5	5985.4	124.8	-95.8	
57.95	59.3	9.7	2.7	2.0	-110.3	13.7	15.7	-234.0	799.9	5907.4	62.4	-101.2	
58.00	62.6	9.6	4.1	2.0	-110.3	13.8	16.0	-229.5	822.0	5904.2	-132.7	-96.3	
58.05	65.8	9.6	-0.2	2.0	-114.2	13.9	17.4	-246.8	833.2	6138.3	-178.0	-114.7	
58.10	69.0	9.6	-8.0	2.0	-119.8	14.0	18.2	-279.9	837.5	6461.1	-103.8	-147.1	
58.15	72.3	9.4	-12.6	2.0	-120.7	14.1	20.0	-282.9	850.0	6516.1	-121.9	-164.1	
58.20	75.5	9.3	-10.7	2.0	-117.8	14.2	21.2	-271.4	868.7	6309.3	-305.8	-154.5	
58.25	78.6	9.2	-5.9	2.0	-120.4	14.3	22.0	-275.2	882.3	6468.1	-525.8	-140.6	
58.30	81.8	9.3	-1.5	2.0	-126.9	14.4	19.3	-288.9	893.3	6886.3	-790.1	-132.1	
58.35	85.0	9.3	5.7	2.0	-129.6	14.5	11.1	-285.6	909.0	7030.4	-1210.3	-110.1	
58.40	88.1	9.3	16.4	2.0	-129.8	14.6	-1.3	-268.1	927.1	6979.7	-1715.2	-73.4	
58.45	91.3	8.8	23.7	2.0	-133.7	14.7	-20.6	-270.9	941.0	7111.8	-2277.5	-52.5	
58.50	94.4	8.7	26.0	2.0	-141.0	14.8	-38.6	-286.5	952.2	7452.8	-2795.8	-51.8	
58.55	97.6	8.9	28.8	2.0	-145.4	14.9	-54.8	-286.3	967.4	7554.0	-3376.7	-46.5	
58.60	100.8	9.3	33.2	2.0	-145.8	15.0	-65.7	-269.8	985.6	7348.9	-3921.8	-31.9	
58.65	103.9	9.6	33.8	2.0	-147.0	15.1	-74.6	-262.5	997.4	7254.3	-4287.4	-30.9	
58.70	107.1	9.9	31.3	2.0	-148.5	15.2	-79.7	-279.8	1001.6	7239.2	-4424.1	-40.9	
58.75	110.3	9.7	28.2	2.0	-148.2	15.3	-74.8	-287.5	1011.0	7172.4	-4438.4	-51.5	
58.80	113.4	9.8	26.5	2.0	-147.6	15.4	-71.2	-273.9	1026.1	7065.6	-4576.1	-56.5	
58.85	116.6	9.9	28.3	2.0	-147.1	15.5	-77.4	-269.6	1033.7	6909.1	-4746.3	-50.0	
58.90	119.7	9.5	26.9	2.0	-145.8	15.6	-77.5	-269.0	1035.0	6862.3	-4634.9	-53.4	
58.95	122.9	9.2	25.3	2.0	-142.4	15.7	-70.2	-260.0	1040.8	6731.9	-4418.0	-55.5	
59.00	126.0	9.0	26.9	2.0	-136.2	15.8	-63.7	-248.8	1048.4	6305.5	-4266.7	-43.7	
59.05	129.1	9.1	26.7	2.0	-130.0	15.9	-58.0	-223.9	1051.9	5933.4	-4105.8	-38.3	
59.10	132.2	8.7	25.2	2.0	-125.3	16.0	-55.7	-199.2	1054.7	5657.9	-3999.0	-38.6	
59.15	135.3	8.5	25.6	2.0	-121.4	16.1	-60.5	-191.3	1063.2	5227.4	-4105.7	-33.5	
59.20	138.4	8.3	23.7	2.0	-117.9	16.2	-64.8	-177.1	1078.5	4709.6	-4343.7	-36.6	
59.25	141.5	8.2	20.3	2.0	-116.0	16.3	-70.8	-164.7	1090.7	4259.3	-4619.7	-46.4	
59.30	144.6	8.1	17.5	2.0	-115.3	16.4	-79.5	-161.2	1095.3	3885.8	-4860.3	-55.2	
59.35	147.7	8.2	15.9	2.0	-114.2	16.5	-84.4	-147.3	1100.5	3585.7	-5015.7	-59.6	
59.40	150.7	8.5	15.2	2.0	-111.2	16.6	-86.0	-125.4	1105.5	3166.2	-5083.1	-59.1	
59.45	153.8	8.2	13.9	2.0	-108.4	16.7	-87.5	-114.8	1106.3	2748.1	-5102.3	-60.8	
59.50	156.8	7.8	10.2	2.0	-106.9	16.8	-87.0	-104.1	1107.7	2548.3	-5105.0	-72.0	
59.55	159.8	7.7	10.6	2.0	-105.8	16.9	-86.5	-88.3	1112.5	2280.4	-5173.8	-69.4	
59.60	162.9	7.8	16.1	2.0	-105.9	17.0	-90.6	-66.2	1117.1	1870.2	-5374.8	-50.5	
59.65	165.9	8.0	20.7	2.0	-106.8	17.1	-93.9	-38.7	1118.4	1583.9	-5573.5	-35.9	
59.70	168.9	8.3	23.0	2.0	-107.8	17.2	-97.3	-23.3	1116.0	1233.5	-5741.4	-29.0	
59.75	171.9	8.4	24.8	2.0	-109.7	17.3	-101.7	-11.9	1114.5	774.1	-5957.7	-24.6	
59.80	174.9	8.5	26.5	2.0	-112.5	17.4	-106.0	8.7	1114.7	340.4	-6201.2	-21.5	
59.85	178.0	8.5	28.7	2.0	-116.8	17.5	-115.6	20.1	1110.2	-43.6	-6504.7	-18.2	
59.90	181.0	8.7	27.0	2.0	-121.5	17.6	-127.0	27.6	1100.2	-216.2	-6835.1	-29.0	
59.95	184.0	8.9	22.0	2.0	-126.1	17.7	-134.9	34.5	1094.5	-298.0	-7153.7	-50.6	
60.00	187.0	8.9	20.5	2.0	-130.4	17.8	-140.5	42.9	1093.5	-641.1	-7435.9	-60.0	
60.05	190.0	8.6	20.5	2.0	-134.3	17.9	-145.7	61.8	1088.2	-1089.5	-7656.5	-63.9	
60.10	193.0	8.4	22.6	2.0	-138.4	18.0	-154.4	76.7	1075.9	-1534.1	-7857.3	-60.9	
60.15	195.9	8.3	27.7	2.0	-141.6	18.1	-158.3	94.6	1063.9	-2083.0	-7956.1	-46.5	
60.20	198.9	8.2	32.9	2.0	-144.6	18.2	-155.1	126.1	1060.1	-2706.7	-7963.5	-31.7	
60.25	201.8	8.1	33.6	2.0	-146.9	18.3	-152.0	141.5	1058.3	-3226.0	-7930.1	-31.4	
60.30	204.8	8.4	28.5	2.0	-147.2	18.4	-150.8	146.7	1047.4	-3506.3	-7838.2	-49.5	
60.35	207.7	9.0	23.6	2.0	-147.0	18.5	-149.8	157.3	1034.0	-3640.2	-7747.2	-66.0	
60.40	210.6	9.0	24.5	2.0	-148.0	18.6	-147.5	171.0	1026.2	-3919.5	-7673.0	-63.9	
60.45	213.5	8.8	24.2	2.0	-147.8	18.7	-140.9	184.7	1018.2	-4189.4	-7500.9	-64.8	
60.50	216.4	8.6	17.9	2.0	-144.5	18.8	-129.3	188.8	1002.6	-4313.6	-7160.4	-82.9	
60.55	219.3	8.7	12.3	2.0	-141.2	18.9	-115.4	189.9	982.9	-4569.9	-6747.8	-99.1	
60.60	222.2	8.8	11.3	2.0	-141.8	19.0	-103.1	209.5	968.3	-4972.0	-6480.1	-103.1	
60.65	225.1	9.0	14.1	2.0	-145.8	19.1	-100.1	232.0	956.7	-5392.6	-6476.1	-97.5	
60.70	228.0	9.3	17.7	2.0	-151.1	19.2	-108.3	242.4	939.1	-5742.8	-6668.6	-90.2	
60.75	230.8	9.4	19.5	2.0	-155.5	19.3	-120.1	248.5	918.5	-5884.6	-6968.9	-88.7	
60.80	233.7	9.5	21.8	2.0	-159.7	19.4	-129.4	252.4	902.3	-5949.7	-7315.0	-84.8	
60.85	236.5	9.6	25.5	2.0	-164.3	19.5	-137.7	258.8	887.7	-6034.6	-7670.8	-76.9	
60.90	239.4	9.6	29.1	2.0	-168.2	19.6	-146.7	266.6	868.7	-6099.0	-7975.7	-68.2	
60.95	242.2	9.8	32.2	2.0	-171.8	19.7	-156.6	271.0	848.2	-6191.9	-8229.4	-61.3	
61.00	245.0	10.1	36.7	2.0	-176.1	19.8	-167.2	274.6	831.2	-6389.3	-8474.5	-50.2	
61.05	247.8	9.6	43.2	2.0	-180.5	19.9	-173.6	286.5	816.8	-6664.6	-8650.4	-32.3	
61.10	250.6	9.4	46.5	2.0	-181.9	20.0	-171.4	298.0	802.8	-6828.5	-8633.8	-22.3	
61.15	253.4	9.4	43.5	2.0	-178.7	20.1	-160.9	298.7	787.5	-6763.5	-8412.3	-29.4	
61.20	256.2	9.4	38.3	2.0	-174.0	20.2	-145.4	295.1	772.2	-6666.4	-8082.7	-42.6	
61.25	259.0	9.4	34.7	2.0	-171.1	20.3	-132.9	294.0	759.5	-6695.0	-7810.5	-51.9	
61.30	261.8	9.5	31.9	2.0	-169.7	20.4	-127.7	293.4	744.1	-6776.7	-7621.0	-60.1	
61.35	264.5	9.6	28.9	2.0	-169.1	20.5	-131.5	291.8	724.3	-6837.8	-7531.3	-70.0	
61.40	267.3	9.6	28.8	2.0	-169.8	20.6	-138.9	293.5	703.1	-6969.0	-7488.0	-71.0	
61.45	270.0	9.6	30.8	2.0	-171.6	20.7	-143.6	300.2	684.7	-7200.1	-7441.5	-65.9	
61.50	272.7	9.7	31.4	2.0	-171.9	20.8	-140.5	305.2	668.3	-7388.9	-7287.5	-64.0	
61.55	275.5	9.7	27.6	2.0	-169.3	20.9	-131.4	304.5	649.2	-7437.3	-7000.1	-74.6	
61.60	278.1	9.8	23.8	2.0	-165.2	21.0	-118.9	302.3	628.0	-7396.7	-6635.1	-83.7	
61.65	280.8	9.8	22.0	2.0	-161.8	21.1	-104.6	303.5	608.3	-7377.4	-6303.2	-86.4	
61.70	283.5	9.5	20.4	2.0	-160.1	21.2	-97.2	301.1	592.4	-7318.3	-6218.9	-90.2	
61.75	286.1	9.4	20.4	2.0	-161.1	21.3	-101.5	295.4	577.4	-7297.8	-6392.6	-90.9	
61.80	288.8	9.4	23.3	2.0	-163.9	21.4	-115.3	293.5	557.8	-7307.5	-6703.5	-83.8	
61.85	291.4	9.5	27.3	2.0	-166.2	21.5	-131.3	288.8	535.8	-7245.0	-7040.6	-72.4	
61.90	294.0	9.7	31.2	2.0	-166.2	21.6	-142.6	274.9	518.7	-6972.6	-7366.8	-59.0	
61.95	296.7	9.9	26.4	2.0	-165.0	21.7	-146.0	261.4	505.8	-6609.0	-7627.4	-74.5	
62.00	299.3	10.0	28.3	2.0	-162.8	21.8	-144.3	253.6	488.9	-6357.0	-7668.1	-65.8	
62.05	301.9	9.7	32.2	2.0	-159.9	21.9	-142.9	250.0	467.5	-6224.9	-7529.9	-49.4	
62.10	304.5	9.5	35.6	2.0	-156.3	22.0	-142.6	245.0	449.1	-6036.6	-7365.1	-34.2	
62.15	307.0	9.8	38.3	2.0	-152.7	22.1	-141.4	233.8	437.8	-5773.5	-7274.0	-21.3	
62.20	309.6	9.9	41.6	2.0	-149.1	22.2	-136.3	226.7	429.7	-5496.2	-7191.1	-6.2	
62.25	312.2	9.9	42.9	2.0	-143.4	22.3	-126.3	221.9	420.2	-5137.1	-6961.0	3.9	
62.30	314.7	10.1	38.4	2.0	-133.4	22.4	-110.4	202.6	408.9	-4623.8	-6500.5	-1.5	
62.35	317.3	10.1	29.5	2.0	-121.0	22.5	-91.4	175.4	395.4	-3976.2	-5932.1	-19.8	
62.40	319.8	10.0	24.6	2.0	-112.2	22.6	-79.0	158.1	381.4	-3482.5	-5542.1	-27.8	
62.45	322.3	9.9	27.1	2.0	-109.8	22.7	-81.4	152.0	364.3	-3291.1	-5484.1	-16.8	
62.50	324.8	9.8	33.1	2.0	-111.8	22.8	-95.3	149.5	346.7	-3179.1	-5716.1	1.9	
62.55	327.3	9.9	40.6	2.0	-115.0	22.9	-111.7	144.0	332.6	-3048.0	-6059.3	24.5	
62.60	329.8	10.4	44.3	2.0	-116.9	23.0	-117.7	136.7	322.5	-3005.2	-6253.9	35.0	
62.65	332.2	10.4	45.1	2.0	-115.9	23.1	-111.8	134.5	313.7	-2944.4	-6228.6	38.8	
62.70	334.7	10.3	42.7	2.0	-112.0	23.2	-98.9	128.4	303.0	-2818.2	-6004.8	34.6	
62.75	337.1	9.9	38.9	2.0	-106.9	23.3	-86.1	114.9	292.1	-2627.0	-5739.8	26.5	
62.80	339.6	9.8	36.3	2.0	-104.2	23.4	-82.8	102.3	283.0	-2390.1	-5670.5	20.3	
62.85	342.0	9.7	36.8	2.0	-105.4	23.5	-91.2	90.0	273.3	-2228.5	-5850.1	20.9	
62.90	344.4	9.6	38.9	2.0	-109.4	23.6	-106.2	82.9	263.4	-2130.8	-6195.0	24.2	
62.95	346.8	9.8	38.9	2.0	-112.5	23.7	-117.1	77.7	255.8	-2017.3	-6468.1	21.1	
63.00	349.2	10.0	36.4	2.0	-111.9	23.8	-117.4	63.0	250.2	-1917.7	-6476.2	13.1	
63.05	351.6	9.9	30.7	2.0	-108.2	23.9	-109.7	47.2	243.1	-1821.5	-6262.9	-2.9	
63.10	354.0	9.9	27.2	2.0	-103.9	24.0	-97.9	38.6	235.5	-1727.4	-5995.7	-10.6	
63.15	356.3	10.0	26.9	2.0	-102.9	24.1	-91.9	32.2	233.8	-1650.2	-5964.1	-10.6	
63.20	358.7	10.0	29.2	2.0	-106.3	24.2	-97.8	24.7	234.4	-1428.7	-6280.0	-6.0	
63.25	1.0	10.0	32.3	2.0	-112.8	24.3	-114.1	9.8	229.0	-1086.0	-6812.3	-1.8	
63.30	3.3	10.1	40.5	2.0	-120.8	24.4	-133.7	-6.9	223.8	-725.1	-7413.6	18.3	
63.35	5.7	10.4	47.8	2.0	-127.6	24.5	-147.5	-15.3	222.1	-343.4	-7914.5	36.6	
63.40	8.0	10.5	53.3	2.0	-131.4	24.6	-154.2	-25.6	219.0	73.8	-8188.1	51.5	
63.45	10.3	10.6	58.0	2.0	-132.5	24.7	-155.7	-38.0	210.2	504.2	-8247.8	66.7	
63.50	12.6	10.7	63.4	2.0	-133.1	24.8	-154.6	-50.5	203.7	896.3	-8263.3	84.6	
63.55	14.8	10.8	70.7	2.0	-134.1	24.9	-150.7	-60.5	206.4	1203.5	-8300.7	108.4	
63.60	17.1	10.9	74.4	2.0	-135.7	25.0	-147.6	-67.5	212.0	1564.9	-8353.3	119.6	
63.65	19.4	10.9	74.6	2.0	-137.8	25.1	-149.6	-82.1	210.3	2047.1	-8390.3	118.3	
63.70	21.6	10.6	73.6	2.0	-140.3	25.2	-153.1	-106.8	205.2	2577.6	-8397.1	112.2	
63.75	23.9	10.5	72.9	2.0	-141.8	25.3	-151.9	-125.0	205.4	3033.8	-8330.8	108.4	
63.80	26.1	10.6	70.4	2.0	-141.1	25.4	-145.9	-138.3	206.3	3399.2	-8120.8	100.5	
63.85	28.3	10.6	67.2	2.0	-139.5	25.5	-141.8	-152.8	200.1	3703.2	-7830.3	91.3	
63.90	30.5	10.5	64.8	2.0	-137.8	25.6	-138.1	-164.3	193.0	3940.6	-7551.9	84.9	
63.95	32.7	10.5	64.6	2.0	-136.8	25.7	-131.7	-171.7	196.7	4077.0	-7387.2	85.0	
64.00	34.8	11.1	65.8	2.0	-137.1	25.8	-125.1	-178.3	208.2	4169.9	-7345.5	88.6	
64.05	37.0	11.4	64.1	2.0	-138.0	25.9	-123.2	-181.2	214.0	4294.1	-7341.5	81.9	
64.10	39.1	11.2	63.2	2.0	-138.4	26.0	-126.9	-183.2	212.7	4340.3	-7343.6	78.5	
64.15	41.3	10.8	63.9	2.0	-138.1	26.1	-130.1	-182.9	214.8	4316.5	-7320.3	81.1	
64.20	43.4	10.4	62.6	2.0	-136.8	26.2	-126.1	-185.5	221.8	4350.7	-7176.3	78.0	
64.25	45.5	10.2	58.6	2.0	-134.9	26.3	-120.1	-196.3	226.8	4455.6	-6920.1	66.4	
64.30	47.6	10.1	53.7	2.0	-133.4	26.4	-117.6	-206.9	227.0	4606.7	-6655.0	51.0	
64.35	49.8	10.3	49.6	2.0	-131.9	26.5	-115.1	-211.5	228.5	4714.4	-6422.6	38.3	
64.40	51.9	10.7	47.4	2.0	-130.2	26.6	-109.6	-215.0	235.9	4749.4	-6227.9	32.6	
64.45	53.9	10.9	43.9	2.0	-128.2	26.7	-100.8	-217.6	245.8	4787.8	-6003.9	22.4	
64.50	56.0	10.8	39.7	2.0	-125.1	26.8	-91.8	-220.8	251.1	4800.7	-5691.5	11.2	
64.55	58.1	10.4	36.5	2.0	-120.0	26.9	-83.6	-222.8	251.1	4689.7	-5276.7	5.5	
64.60	60.2	10.5	34.5	2.0	-115.9	27.0	-77.5	-221.6	253.8	4627.5	-4922.3	2.4	
64.65	62.2	10.7	32.3	2.0	-115.9	27.1	-74.4	-227.9	261.1	4771.6	-4758.2	-5.1	
64.70	64.3	11.1	31.6	2.0	-120.1	27.2	-77.4	-243.8	268.1	5089.4	-4809.4	-11.5	
64.75	66.3	11.0	32.2	2.0	-125.8	27.3	-85.1	-256.6	271.8	5473.7	-4955.5	-15.2	
64.80	68.3	11.0	33.9	2.0	-130.8	27.4	-90.0	-265.4	275.0	5859.0	-5052.0	-14.4	
64.85	70.3	11.2	36.5	2.0	-135.1	27.5	-89.1	-273.9	280.5	6226.2	-5078.7	-9.8	
64.90	72.3	11.3	39.9	2.0	-138.3	27.6	-84.7	-277.9	287.6	6515.1	-5077.1	-1.3	
64.95	74.3	11.3	45.2	2.0	-139.1	27.7	-80.6	-276.9	293.8	6602.8	-5068.3	15.9	
65.00	76.3	11.3	51.2	2.0	-139.1	27.8	-81.1	-272.3	300.2	6566.5	-5128.4	36.8	
65.05	78.3	11.5	55.8	2.0	-141.3	27.9	-87.0	-268.0	308.4	6642.2	-5300.5	50.4	
65.10	80.2	11.7	59.2	2.0	-146.0	28.0	-95.1	-274.1	316.2	6863.0	-5547.9	57.2	
65.15	82.2	11.8	61.5	2.0	-151.9	28.1	-101.5	-284.7	324.8	7166.4	-5820.3	59.1	
65.20	84.2	11.8	61.4	2.0	-157.7	28.2	-104.4	-296.2	335.2	7507.6	-6030.0	52.9	
65.25	86.1	12.1	58.8	2.0	-161.7	28.3	-105.9	-309.7	341.7	7780.4	-6096.1	40.3	
65.30	88.1	12.2	56.2	2.0	-162.9	28.4	-105.9	-317.4	342.6	7934.0	-6012.6	30.0	
65.35	90.0	11.9	54.8	2.0	-161.4	28.5	-102.8	-316.9	344.0	7896.4	-5873.4	26.9	
65.40	91.9	12.0	56.1	2.0	-157.4	28.6	-96.3	-309.4	350.4	7642.0	-5751.2	35.1	
65.45	93.8	12.0	56.5	2.0	-152.3	28.7	-90.3	-294.1	358.6	7290.1	-5640.4	41.6	
65.50	95.7	12.1	56.1	2.0	-147.1	28.8	-87.3	-280.9	363.0	6959.1	-5488.3	45.4	
65.55	97.6	11.9	56.0	2.0	-142.3	28.9	-84.4	-272.9	366.3	6663.9	-5304.0	50.0	
65.60	99.5	11.9	53.0	2.0	-138.8	29.0	-78.2	-267.6	373.5	6473.0	-5141.8	43.0	
65.65	101.4	12.2	49.1	2.0	-137.0	29.1	-73.5	-266.5	382.2	6398.3	-5020.7	31.5	
65.70	103.2	12.2	42.6	2.0	-135.5	29.2	-72.7	-270.1	384.9	6357.8	-4869.4	10.7	
65.75	105.1	12.3	38.6	2.0	-133.4	29.3	-76.4	-271.1	384.5	6244.0	-4745.9	-1.0	
65.80	106.9	12.4	36.9	2.0	-130.3	29.4	-81.0	-267.2	388.2	5983.5	-4705.1	-3.5	
65.85	108.8	12.6	35.6	2.0	-126.4	29.5	-82.7	-257.1	395.4	5641.4	-4687.8	-4.3	
65.90	110.6	12.7	33.7	2.0	-122.4	29.6	-82.0	-245.9	402.4	5338.2	-4624.8	-6.6	
65.95	112.4	12.7	32.7	2.0	-118.0	29.7	-78.4	-239.5	408.3	5059.3	-4455.3	-5.8	
66.00	114.2	12.7	32.2	2.0	-114.1	29.8	-71.3	-235.4	416.2	4886.2	-4222.1	-3.7	
66.05	116.0	12.3	31.0	2.0	-111.9	29.9	-60.0	-233.2	426.5	4889.9	-3979.0	-5.5	
66.10	117.8	12.0	28.6	2.0	-112.3	30.0	-50.7	-234.8	434.9	5070.3	-3785.1	-14.2	
66.15	119.6	11.9	28.0	2.0	-113.9	30.1	-48.8	-235.5	440.1	5282.8	-3686.1	-17.9	
66.20	121.4	12.0	30.1	2.0	-115.5	30.2	-53.8	-236.8	444.5	5415.8	-3688.5	-12.1	
66.25	123.1	12.1	33.2	2.0	-117.1	30.3	-61.0	-237.7	449.1	5503.5	-3753.0	-3.1	
66.30	124.9	12.1	35.1	2.0	-118.6	30.4	-64.9	-235.0	453.4	5602.5	-3812.2	1.8	
66.35	126.6	12.1	36.9	2.0	-118.8	30.5	-63.5	-229.1	457.9	5626.1	-3828.7	7.8	
66.40	128.4	12.0	38.7	2.0	-117.6	30.6	-57.7	-222.4	463.5	5572.2	-3784.4	15.4	
66.45	130.1	11.8	40.1	2.0	-116.8	30.7	-51.8	-219.5	468.9	5544.6	-3740.5	20.9	
66.50	131.8	11.7	39.6	2.0	-117.2	30.8	-50.3	-219.8	471.7	5547.9	-3784.7	18.6	
66.55	133.6	11.6	40.1	2.0	-117.8	30.9	-54.9	-214.9	472.4	5503.5	-3945.9	19.7	
66.60	135.3	11.4	41.7	2.0	-117.8	31.0	-63.1	-205.5	474.2	5372.1	-4151.2	25.4	
66.65	137.0	11.4	43.5	2.0	-117.2	31.1	-70.6	-198.4	476.1	5227.7	-4280.0	32.2	
66.70	138.7	11.3	42.5	2.0	-116.5	31.2	-74.6	-196.1	475.9	5162.4	-4276.2	29.6	
66.75	140.4	11.3	39.6	2.0	-114.7	31.3	-72.9	-196.0	474.2	5099.3	-4139.3	21.3	
66.80	142.1	11.7	37.3	2.0	-111.1	31.4	-64.8	-192.6	475.3	4961.3	-3909.7	17.0	
66.85	143.7	11.8	36.4	2.0	-106.5	31.5	-54.1	-183.5	479.3	4759.4	-3651.7	18.3	
66.90	145.4	11.7	35.1	2.0	-101.8	31.6	-46.1	-173.9	480.9	4531.1	-3419.8	18.8	
66.95	147.1	11.4	33.4	2.0	-97.0	31.7	-41.8	-163.7	480.3	4230.6	-3259.4	17.6	
67.00	148.7	11.4	31.7	2.0	-92.0	31.8	-39.5	-151.8	483.2	3846.4	-3186.8	17.0	
67.05	150.4	11.6	30.8	2.0	-87.0	31.9	-38.5	-140.3	488.4	3423.4	-3147.5	18.8	
67.10	152.0	11.9	28.7	2.0	-83.2	32.0	-38.9	-133.7	490.1	3115.1	-3080.0	15.2	
67.15	153.6	11.9	25.7	2.0	-80.6	32.1	-39.3	-129.6	489.2	2943.8	-2988.3	7.4	
67.20	155.2	11.7	22.7	2.0	-77.8	32.2	-37.2	-124.3	490.8	2776.3	-2878.5	-0.0	
67.25	156.9	11.1	20.3	2.0	-74.4	32.3	-32.9	-115.9	495.8	2551.1	-2766.8	-4.8	
67.30	158.4	11.2	18.5	2.0	-71.2	32.4	-30.8	-108.7	498.9	2325.8	-2667.5	-7.7	
67.35	160.0	11.5	16.6	2.0	-67.9	32.5	-30.0	-103.3	499.3	2097.1	-2552.4	-10.9	
67.40	161.6	11.8	16.4	2.0	-63.7	32.6	-27.2	-90.4	500.8	1806.4	-2422.3	-7.4	
67.45	163.2	11.9	17.0	2.0	-58.7	32.7	-21.5	-71.6	503.6	1464.5	-2271.3	-0.5	
67.50	164.8	12.1	16.4	2.0	-54.6	32.8	-15.7	-58.5	505.0	1209.0	-2107.7	1.8	
67.55	166.3	12.7	13.8	2.0	-52.3	32.9	-12.1	-55.8	503.0	1136.2	-1962.8	-4.9	
67.60	167.9	12.8	11.3	2.0	-51.5	33.0	-11.0	-57.5	501.4	1118.5	-1896.4	-12.6	
67.65	169.4	12.6	11.0	2.0	-51.6	33.1	-13.0	-55.7	501.5	1066.0	-1947.3	-13.8	
67.70	171.0	12.1	11.6	2.0	-53.0	33.3	-18.3	-50.4	501.4	1023.3	-2100.9	-13.1	
67.75	172.5	12.4	12.7	2.0	-54.9	33.4	-25.5	-45.6	499.4	996.3	-2278.0	-11.3	
67.80	174.0	12.7	14.1	2.0	-55.6	33.5	-29.9	-40.8	496.6	919.8	-2375.0	-7.3	
67.85	175.6	13.0	16.1	2.0	-54.4	33.6	-28.7	-32.8	494.9	754.0	-2356.8	0.7	
67.90	177.1	13.2	17.7	2.0	-52.0	33.7	-23.6	-23.6	493.0	570.2	-2254.8	8.7	
67.95	178.6	13.0	18.9	2.0	-50.2	33.8	-19.7	-16.7	489.2	495.1	-2156.6	14.8	
68.00	180.1	12.7	19.3	2.0	-49.8	33.9	-19.0	-10.4	486.1	490.2	-2138.7	16.5	
68.05	181.6	12.7	20.7	2.0	-50.6	34.0	-21.5	-3.4	485.3	468.3	-2212.2	20.4	
68.10	183.1	12.5	22.0	2.0	-52.1	34.1	-25.4	0.1	484.6	444.0	-2318.3	23.5	
68.15	184.5	12.1	21.2	2.0	-53.2	34.2	-29.4	0.4	482.5	446.2	-2395.7	19.6	
68.20	186.0	11.5	19.2	2.0	-53.0	34.3	-30.3	1.5	479.2	410.6	-2383.9	12.9	
68.25	187.5	11.2	17.8	2.0	-50.9	34.4	-26.3	8.1	476.6	247.5	-2257.0	10.0	
68.30	188.9	11.0	17.2	2.0	-48.1	34.5	-19.5	19.8	474.1	-21.8	-2057.6	11.0	
68.35	190.4	10.8	16.0	2.0	-45.8	34.6	-13.8	30.2	470.5	-322.6	-1847.1	9.0	
68.40	191.8	10.8	14.5	2.0	-44.8	34.7	-10.4	38.0	466.3	-623.3	-1670.9	4.8	
68.45	193.2	11.0	13.8	2.0	-45.6	34.8	-8.3	48.8	464.0	-946.0	-1549.6	1.8	
68.50	194.6	11.4	14.0	2.0	-47.7	34.9	-6.5	62.6	462.6	-1278.5	-1452.2	0.2	
68.55	196.0	11.6	13.1	2.0	-49.5	35.0	-5.0	73.1	458.4	-1550.0	-1336.6	-4.6	
68.60	197.4	11.8	10.7	2.0	-50.9	35.1	-3.5	81.2	452.1	-1759.7	-1207.8	-14.1	
68.65	198.8	11.8	9.0	2.0	-53.5	35.2	-1.2	89.9	446.9	-2035.0	-1079.9	-22.5	
68.70	200.2	11.5	9.6	2.0	-57.8	35.3	1.7	100.6	443.6	-2411.3	-978.7	-24.7	
68.75	201.6	11.2	11.0	2.0	-62.6	35.4	3.6	111.9	440.0	-2790.2	-919.9	-24.9	
68.80	203.0	11.1	12.1	2.0	-67.3	35.5	3.2	122.8	435.0	-3134.7	-906.4	-25.7	
68.85	204.4	11.1	13.5	2.0	-71.8	35.6	3.7	132.4	431.0	-3466.8	-900.9	-25.6	
68.90	205.8	11.1	14.5	2.0	-75.6	35.7	5.8	141.3	429.2	-3739.8	-897.7	-25.8	
68.95	207.2	11.2	14.5	2.0	-78.2	35.8	7.7	147.4	427.0	-3922.4	-886.8	-28.5	
69.00	208.5	10.7	13.6	2.0	-79.6	35.9	8.5	149.9	421.7	-4038.2	-853.9	-32.9	
69.05	209.9	10.4	12.8	2.0	-80.5	36.0	7.0	152.8	415.1	-4098.3	-862.8	-36.6	
69.10	211.3	10.6	13.2	2.0	-81.2	36.1	4.2	156.6	411.1	-4128.2	-947.9	-36.0	
69.15	212.6	10.3	14.4	2.0	-81.6	36.2	1.2	157.3	408.3	-4121.1	-1090.1	-32.1	
69.20	214.0	10.0	16.1	2.0	-81.3	36.3	-1.6	157.4	403.9	-4058.1	-1249.7	-25.9	
69.25	215.3	10.0	18.0	2.0	-80.6	36.4	-3.0	155.6	397.8	-3973.4	-1368.5	-19.0	
69.30	216.6	10.6	20.0	2.0	-79.5	36.5	-1.3	154.4	392.2	-3868.8	-1436.6	-10.8	
69.35	217.9	10.9	22.0	2.0	-78.1	36.6	2.1	155.5	387.6	-3740.9	-1488.2	-2.7	
69.40	219.2	10.4	24.4	2.0	-76.8	36.7	4.6	155.4	382.0	-3617.4	-1538.0	6.9	
69.45	220.5	10.3	26.8	2.0	-76.1	36.8	3.2	157.1	374.5	-3515.0	-1628.1	16.0	
69.50	221.8	10.2	29.2	2.0	-76.3	36.9	-2.1	161.8	366.2	-3458.2	-1766.6	24.1	
69.55	223.1	10.0	32.0	2.0	-77.6	37.0	-8.6	167.6	359.0	-3474.8	-1913.6	32.1	
69.60	224.3	9.9	34.2	2.0	-79.0	37.1	-14.5	172.3	351.7	-3519.0	-2033.9	38.6	
69.65	225.6	9.7	35.2	2.0	-80.1	37.2	-18.0	177.0	343.1	-3584.6	-2082.5	40.8	
69.70	226.9	9.5	35.8	2.0	-81.8	37.3	-19.1	183.0	334.4	-3733.8	-2043.9	41.0	
69.75	228.1	9.6	36.1	2.0	-84.3	37.4	-17.5	192.7	327.4	-3985.1	-1933.5	39.5	
69.80	229.3	9.7	35.6	2.0	-87.4	37.5	-13.4	202.2	321.2	-4285.4	-1768.8	35.0	
69.85	230.6	9.8	34.7	2.0	-90.5	37.6	-8.7	209.0	314.7	-4601.7	-1572.3	28.6	
69.90	231.8	10.2	33.3	2.0	-94.1	37.7	-4.4	217.2	308.6	-4926.6	-1357.7	20.3	
69.95	233.1	10.1	31.5	2.0	-97.9	37.8	0.5	226.9	302.5	-5265.4	-1097.8	10.4	
70.00	234.3	9.9	28.7	2.0	-101.3	37.9	6.5	233.7	296.3	-5565.0	-789.8	-2.7	
70.05	235.5	9.9	24.9	2.0	-103.7	38.0	11.9	237.0	289.7	-5772.7	-493.3	-18.2	
70.10	236.8	9.8	20.8	2.0	-105.3	38.1	17.2	237.3	283.2	-5918.9	-225.7	-33.8	
70.15	238.0	9.8	18.1	2.0	-107.3	38.2	22.1	239.3	278.0	-6071.6	-10.6	-45.2	
70.20	239.2	10.1	16.8	2.0	-110.0	38.3	24.9	245.4	273.1	-6254.4	122.9	-52.5	
70.25	240.4	10.0	16.9	2.0	-113.0	38.4	26.3	252.4	268.1	-6465.5	187.8	-55.1	
70.30	241.6	9.9	17.9	2.0	-116.1	38.5	26.8	258.4	263.0	-6690.6	193.4	-54.6	
70.35	242.8	9.9	20.0	2.0	-119.1	38.6	27.1	264.6	258.5	-6899.9	150.1	-50.3	
70.40	244.0	10.0	22.2	2.0	-121.4	38.7	28.2	270.5	254.4	-7065.6	91.5	-45.4	
70.45	245.2	10.0	23.8	2.0	-122.5	38.8	28.2	273.4	249.6	-7141.1	17.8	-40.7	
70.50	246.4	9.6	24.4	2.0	-121.8	38.9	25.1	272.6	243.4	-7093.3	-115.2	-38.1	
70.55	247.5	9.7	24.0	2.0	-119.6	39.0	19.3	268.9	236.6	-6941.1	-319.3	-37.3	
70.60	248.7	9.7	24.8	2.0	-117.1	39.1	12.6	264.4	229.7	-6753.5	-551.5	-32.1	
70.65	249.9	9.8	25.1	2.0	-114.6	39.2	5.7	261.0	222.0	-6561.3	-784.8	-28.4	
70.70	251.0	10.1	27.4	2.0	-112.3	39.3	0.0	259.2	212.7	-6370.6	-972.5	-18.1	
70.75	252.2	10.2	29.4	2.0	-110.7	39.4	-1.9	256.9	203.5	-6237.9	-1086.6	-9.7	
70.80	253.3	10.0	33.2	2.0	-109.9	39.5	-1.3	257.7	195.4	-6170.0	-1160.3	4.2	
70.85	254.4	10.3	36.6	2.0	-109.5	39.6	1.1	260.7	187.9	-6127.7	-1199.0	16.1	
70.90	255.6	10.3	38.2	2.0	-108.7	39.7	4.2	260.1	180.9	-6073.9	-1215.2	22.4	
70.95	256.7	10.1	38.7	2.0	-107.4	39.8	4.4	257.5	174.3	-5976.3	-1271.0	25.3	
71.00	257.8	10.1	38.7	2.0	-106.3	39.9	1.5	254.8	167.6	-5882.0	-1361.7	26.7	
71.05	258.9	10.1	38.2	2.0	-105.6	40.0	-3.3	250.9	160.0	-5823.8	-1451.6	25.7	
71.10	260.1	10.2	36.5	2.0	-104.8	40.1	-9.8	248.8	152.0	-5747.3	-1552.7	20.3	
71.15	261.2	10.3	35.0	2.0	-104.2	40.2	-15.5	246.9	144.5	-5683.9	-1632.8	16.1	
71.20	262.3	10.3	35.0	2.0	-104.2	40.3	-16.6	243.9	138.3	-5702.5	-1626.8	15.9	
71.25	263.4	10.3	35.6	2.0	-105.0	40.4	-14.9	245.8	133.3	-5781.0	-1563.3	17.1	
71.30	264.5	10.2	36.4	2.0	-106.3	40.5	-10.7	251.2	128.8	-5906.5	-1426.6	18.8	
71.35	265.5	10.7	37.3	2.0	-107.7	40.6	-3.6	255.9	124.3	-6053.8	-1217.0	20.4	
71.40	266.6	10.9	37.8	2.0	-109.1	40.7	3.4	263.5	119.6	-6179.9	-995.9	20.6	
71.45	267.7	11.0	37.7	2.0	-110.5	40.8	9.6	268.7	115.5	-6304.8	-774.0	19.1	
71.50	268.7	11.0	37.0	2.0	-112.0	40.9	13.6	271.3	110.9	-6439.7	-566.9	14.9	
71.55	269.8	10.7	34.8	2.0	-113.5	41.0	14.0	275.3	104.7	-6553.8	-392.8	6.1	
71.60	270.9	10.3	32.0	2.0	-114.5	41.1	13.4	275.0	97.8	-6643.8	-218.5	-4.7	
71.65	271.9	10.3	27.8	2.0	-114.5	41.2	14.0	270.9	91.6	-6666.5	-44.2	-19.1	
71.70	272.9	10.4	23.3	2.0	-114.3	41.3	16.4	269.9	86.1	-6659.0	127.9	-34.4	
71.75	274.0	10.4	20.9	2.0	-115.5	41.4	21.9	269.5	80.3	-6743.3	362.3	-43.9	
71.80	275.0	10.0	20.6	2.0	-117.9	41.5	28.6	271.3	74.0	-6904.6	616.7	-47.3	
71.85	276.0	10.1	20.7	2.0	-120.4	41.6	34.0	275.5	68.2	-7066.8	825.1	-49.5	
71.90	277.1	10.4	21.5	2.0	-122.7	41.7	38.4	278.6	62.6	-7216.3	986.1	-49.0	
71.95	278.1	10.6	23.0	2.0	-124.3	41.8	40.4	283.0	56.7	-7313.6	1064.9	-45.4	
72.00	279.1	10.4	24.0	2.0	-124.3	41.9	39.7	285.9	50.7	-7312.7	1054.2	-42.0	
72.05	280.1	10.2	23.7	2.0	-122.1	42.0	37.3	279.9	45.1	-7180.3	974.5	-40.7	
72.10	281.1	10.2	21.7	2.0	-117.8	42.1	32.9	269.6	40.0	-6912.6	801.2	-43.4	
72.15	282.1	10.2	20.8	2.0	-113.5	42.2	26.9	260.4	34.2	-6642.0	570.1	-42.1	
72.20	283.1	10.2	22.8	2.0	-110.7	42.3	21.0	255.1	27.5	-6466.2	329.0	-32.4	
72.25	284.1	10.3	26.1	2.0	-108.8	42.4	15.7	255.5	21.5	-6333.5	71.4	-19.3	
72.30	285.1	10.2	29.9	2.0	-107.2	42.5	11.6	254.9	17.0	-6215.2	-182.7	-4.4	
72.35	286.1	10.1	34.5	2.0	-106.4	42.6	9.0	254.1	13.2	-6154.8	-406.5	12.1	
72.40	287.1	9.9	38.7	2.0	-106.0	42.7	6.5	255.5	9.2	-6098.9	-623.8	27.0	
72.45	288.1	9.9	41.8	2.0	-104.6	42.8	3.2	254.1	5.3	-5977.6	-844.7	38.9	
72.50	289.1	10.1	42.0	2.0	-101.9	42.9	0.0	248.0	1.2	-5754.9	-1045.1	42.5	
72.55	290.1	10.3	41.4	2.0	-99.3	43.0	-4.5	242.1	-2.8	-5526.8	-1258.8	43.0	
72.60	291.0	10.4	42.2	2.0	-98.4	43.1	-11.1	237.3	-7.7	-5414.0	-1466.0	46.6	
72.65	292.0	10.3	42.4	2.0	-98.7	43.2	-18.3	234.7	-14.4	-5394.9	-1619.6	47.0	
72.70	293.0	10.1	42.0	2.0	-99.4	43.3	-24.8	234.0	-21.2	-5410.7	-1729.9	44.9	
72.75	293.9	10.0	42.3	2.0	-100.6	43.4	-28.5	233.8	-27.4	-5484.8	-1780.3	44.8	
72.80	294.9	9.9	43.0	2.0	-102.3	43.5	-28.7	237.5	-33.4	-5611.5	-1774.1	45.3	
72.85	295.8	9.8	43.2	2.0	-104.0	43.6	-26.4	241.1	-39.0	-5745.1	-1722.6	44.4	
72.90	296.8	9.8	42.4	2.0	-104.9	43.7	-21.8	240.0	-43.9	-5849.5	-1618.0	40.7	
72.95	297.7	9.7	40.4	2.0	-105.2	43.8	-16.8	238.0	-48.8	-5907.5	-1479.1	33.6	
73.00	298.6	9.7	38.5	2.0	-105.4	43.9	-11.7	239.1	-54.5	-5961.7	-1311.0	26.8	
73.05	299.5	9.6	37.8	2.0	-106.2	44.0	-5.6	240.9	-59.8	-6053.7	-1104.3	23.6	
73.10	300.4	9.7	36.3	2.0	-107.0	44.1	-0.4	242.7	-64.9	-6145.3	-878.4	17.5	
73.15	301.3	9.8	33.3	2.0	-107.3	44.2	3.7	242.3	-70.5	-6192.6	-625.0	7.0	
73.20	302.2	10.1	30.1	2.0	-107.1	44.3	8.6	236.7	-75.9	-6213.2	-343.5	-3.8	
73.25	303.1	10.3	27.0	2.0	-107.0	44.4	13.7	232.8	-80.6	-6220.7	-94.5	-14.3	
73.30	304.0	10.3	24.6	2.0	-106.9	44.5	18.8	232.3	-83.9	-6211.9	91.7	-22.6	
73.35	304.9	10.0	22.4	2.0	-106.8	44.6	24.2	229.8	-86.6	-6201.5	261.3	-29.9	
73.40	305.8	9.8	19.9	2.0	-106.6	44.7	28.5	227.5	-89.9	-6182.9	423.3	-38.3	
73.45	306.7	9.7	19.4	2.0	-106.8	44.8	30.7	225.8	-93.7	-6184.2	565.2	-40.1	
73.50	307.6	9.6	20.0	2.0	-107.2	44.9	34.2	225.0	-97.1	-6195.2	713.4	-38.6	
73.55	308.5	9.5	20.9	2.0	-106.8	45.0	36.6	224.7	-99.8	-6149.9	815.5	-35.0	
73.60	309.4	9.5	20.8	2.0	-104.4	45.1	36.0	220.8	-103.3	-5976.9	836.6	-32.9	
73.65	310.2	9.5	20.4	2.0	-101.0	45.2	31.6	213.5	-107.8	-5747.7	754.3	-31.0	
73.70	311.1	9.5	20.6	2.0	-97.0	45.3	25.7	206.7	-112.1	-5482.5	596.9	-26.2	
73.75	312.0	9.3	21.3	2.0	-92.9	45.4	20.4	201.4	-114.9	-5199.7	405.5	-19.8	
73.80	312.8	8.6	21.9	2.0	-88.7	45.5	18.2	194.7	-118.4	-4907.0	276.0	-13.4	
73.85	313.7	8.6	23.2	2.0	-84.7	45.6	16.3	189.0	-123.1	-4620.4	172.1	-5.0	
73.90	314.5	8.8	25.7	2.0	-81.6	45.7	14.0	185.4	-128.0	-4400.3	56.8	6.7	
73.95	315.4	8.9	29.1	2.0	-79.5	45.8	11.4	182.3	-131.5	-4247.5	-114.2	20.4	
74.00	316.2	8.9	31.4	2.0	-77.6	45.9	7.1	180.0	-134.8	-4093.7	-360.1	30.0	
74.05	317.0	8.7	32.9	2.0	-75.6	46.0	0.8	175.4	-139.2	-3915.5	-636.3	37.2	
74.10	317.9	8.4	33.6	2.0	-73.4	46.1	-6.0	167.8	-143.7	-3715.1	-894.1	42.0	
74.15	318.7	8.2	33.7	2.0	-71.3	46.2	-10.3	161.4	-148.5	-3514.7	-1069.2	44.5	
74.20	319.5	8.1	33.4	2.0	-69.3	46.3	-11.6	154.8	-153.0	-3346.2	-1152.2	45.4	
74.25	320.4	8.0	32.5	2.0	-67.9	46.4	-11.3	147.8	-157.8	-3238.5	-1178.4	43.6	
74.30	321.2	8.0	32.0	2.0	-67.4	46.5	-11.4	144.0	-162.9	-3207.4	-1186.0	42.3	
74.35	322.0	8.2	32.8	2.0	-68.0	46.6	-10.8	143.0	-166.9	-3263.4	-1170.4	44.6	
74.40	322.8	8.4	33.7	2.0	-68.9	46.7	-7.8	142.8	-169.9	-3352.6	-1115.9	46.6	
74.45	323.6	8.5	32.6	2.0	-69.6	46.8	-3.7	144.7	-172.9	-3425.3	-1031.8	42.4	
74.50	324.4	8.2	30.1	2.0	-69.7	46.9	1.8	144.4	-176.2	-3471.6	-879.9	33.5	
74.55	325.2	7.7	26.9	2.0	-69.5	47.0	9.2	139.3	-178.8	-3523.9	-645.7	22.7	
74.60	326.0	7.9	23.7	2.0	-69.7	47.1	15.0	134.9	-180.8	-3577.5	-412.1	11.7	
74.65	326.8	8.2	21.3	2.0	-70.6	47.2	17.6	133.4	-183.5	-3667.9	-232.3	2.5	
74.70	327.6	8.7	18.4	2.0	-72.2	47.3	18.0	134.5	-187.7	-3788.3	-104.3	-9.2	
74.75	328.4	9.0	17.1	2.0	-73.7	47.4	15.1	137.2	-191.0	-3895.2	-64.4	-15.1	
74.80	329.2	9.0	16.5	2.0	-75.2	47.5	13.0	137.8	-192.1	-4004.0	-22.2	-18.7	
74.85	329.9	9.0	17.0	2.0	-76.8	47.6	13.5	138.3	-193.5	-4123.9	71.9	-18.5	
74.90	330.7	9.2	16.6	2.0	-78.2	47.7	15.7	141.3	-196.8	-4210.7	205.0	-21.4	
74.95	331.5	9.3	16.2	2.0	-79.1	47.8	19.0	144.0	-200.0	-4259.8	341.2	-23.6	
75.00	332.2	9.4	16.4	2.0	-79.5	47.9	22.5	144.3	-201.1	-4277.8	439.1	-23.0	
75.05	333.0	9.4	17.6	2.0	-79.6	48.0	21.7	144.9	-201.3	-4285.3	424.4	-19.0	
75.10	333.8	9.5	18.5	2.0	-78.7	48.1	17.2	142.9	-203.3	-4231.4	329.6	-15.1	
75.15	334.5	9.6	17.6	2.0	-75.8	48.2	12.1	135.5	-206.3	-4041.2	201.7	-15.4	
75.20	335.3	9.7	15.2	2.0	-70.9	48.3	8.5	125.1	-207.8	-3702.5	65.2	-18.9	
75.25	336.0	9.7	13.7	2.0	-65.6	48.4	6.7	114.8	-208.3	-3330.2	-39.4	-18.6	
75.30	336.7	9.5	14.2	2.0	-60.8	48.5	5.9	104.0	-210.7	-2999.9	-98.3	-12.0	
75.35	337.5	9.2	14.3	2.0	-56.9	48.6	3.9	95.9	-214.9	-2720.5	-175.2	-7.9	
75.40	338.2	9.3	14.5	2.0	-53.5	48.7	0.9	89.9	-217.8	-2462.4	-306.3	-3.6	
75.45	339.0	9.4	16.3	2.0	-50.5	48.8	-0.5	82.9	-217.7	-2227.0	-457.8	5.6	
75.50	339.7	9.6	18.8	2.0	-47.9	48.9	-0.5	78.3	-217.6	-2005.3	-594.7	16.8	
75.55	340.4	9.5	20.4	2.0	-45.2	49.0	-1.9	74.4	-219.6	-1753.7	-728.5	24.8	
75.60	341.1	9.4	20.3	2.0	-42.5	49.1	-3.9	66.1	-222.5	-1484.6	-855.4	27.1	
75.65	341.9	9.3	19.6	2.0	-40.8	49.2	-7.5	57.7	-224.0	-1251.6	-1012.2	26.7	
75.70	342.6	9.2	20.2	2.0	-40.7	49.3	-11.6	53.8	-224.6	-1114.0	-1166.4	28.6	
75.75	343.3	9.1	22.0	2.0	-41.2	49.4	-15.4	51.3	-226.6	-1070.9	-1259.4	34.5	
75.80	344.0	8.9	21.9	2.0	-40.7	49.5	-17.1	49.2	-230.2	-1007.8	-1264.5	34.4	
75.85	344.8	8.7	20.6	2.0	-39.7	49.6	-18.3	47.7	-232.1	-924.4	-1238.0	30.9	
75.90	345.5	8.2	19.7	2.0	-38.8	49.7	-17.0	46.7	-231.9	-919.9	-1153.8	29.0	
75.95	346.2	7.9	19.4	2.0	-37.8	49.8	-12.7	48.3	-232.8	-993.3	-982.0	28.9	
76.00	346.9	7.8	18.5	2.0	-37.0	49.9	-8.7	50.5	-234.8	-1074.9	-784.2	26.5	
76.05	347.6	8.2	15.5	2.0	-36.0	50.0	-5.0	49.9	-236.6	-1116.7	-577.5	17.3	
76.10	348.3	8.3	13.4	2.0	-35.9	50.1	-3.0	49.6	-237.1	-1189.2	-405.6	10.1	
76.15	349.0	8.2	11.9	2.0	-37.1	50.2	-0.2	51.5	-237.9	-1317.8	-225.1	3.7	
76.20	349.7	7.9	10.6	2.0	-38.3	50.3	2.0	51.0	-239.2	-1428.6	-58.1	-1.8	
76.25	350.4	7.4	6.6	2.0	-37.9	50.4	3.5	45.2	-240.7	-1410.8	87.2	-15.1	
76.30	351.1	7.0	3.1	2.0	-36.6	50.5	3.7	37.9	-241.9	-1320.9	190.5	-26.1	
76.35	351.8	6.9	1.7	2.0	-36.4	50.6	6.5	34.8	-243.2	-1289.6	309.5	-30.5	
76.40	352.4	7.1	3.0	2.0	-37.2	50.7	10.4	35.4	-243.2	-1322.1	400.7	-26.8	
76.45	353.1	7.2	3.3	2.0	-37.3	50.8	12.9	34.6	-242.5	-1321.6	437.6	-26.0	
76.50	353.8	7.1	2.6	2.0	-36.4	50.9	13.1	30.3	-242.9	-1263.1	426.2	-27.4	
76.55	354.4	7.3	2.9	2.0	-35.2	51.0	13.2	27.3	-244.3	-1187.3	394.2	-25.1	
76.60	355.1	7.6	5.0	2.0	-34.1	51.1	13.9	26.7	-244.5	-1124.3	329.4	-17.0	
76.65	355.7	8.0	5.6	2.0	-31.7	51.2	12.8	23.0	-243.5	-984.1	187.4	-12.5	
76.70	356.4	7.8	4.1	2.0	-27.9	51.3	6.9	14.8	-243.7	-735.8	-49.0	-13.9	
76.75	357.0	7.8	3.9	2.0	-25.6	51.4	-1.3	6.6	-246.1	-501.0	-318.7	-12.1	
76.80	357.7	7.8	7.2	2.0	-27.1	51.5	-7.9	3.9	-247.9	-392.6	-579.2	-2.4	
76.85	358.3	8.1	10.2	2.0	-29.6	51.6	-12.6	5.0	-246.6	-323.9	-813.9	5.3	
76.90	359.0	8.4	12.1	2.0	-31.3	51.7	-15.9	2.7	-245.5	-218.6	-971.6	10.2	
76.95	359.6	8.8	13.2	2.0	-31.7	51.8	-17.4	-2.0	-248.2	-102.3	-1020.4	13.5	
77.00	0.3	8.7	14.5	2.0	-31.8	51.9	-17.4	-3.9	-251.3	-28.9	-1026.9	18.1	
77.05	0.9	8.6	15.6	2.0	-32.0	52.0	-16.1	-4.7	-250.5	57.2	-1044.6	21.6	
77.10	1.5	8.4	15.8	2.0	-33.3	52.1	-17.3	-8.1	-248.4	195.1	-1118.1	20.8	
77.15	2.2	8.3	15.6	2.0	-35.3	52.2	-22.6	-11.6	-250.4	314.7	-1227.6	18.3	
77.20	2.8	8.3	15.6	2.0	-36.8	52.3	-28.0	-13.8	-254.6	358.9	-1318.2	16.8	
77.25	3.5	8.4	16.5	2.0	-37.8	52.4	-30.6	-15.1	-254.3	333.8	-1389.4	18.9	
77.30	4.1	8.7	16.1	2.0	-38.1	52.5	-30.9	-16.8	-251.6	317.8	-1416.1	17.2	
77.35	4.7	9.1	14.7	2.0	-37.4	52.6	-29.8	-20.7	-252.4	324.3	-1359.1	12.9	
77.40	5.3	9.3	12.9	2.0	-35.9	52.7	-26.4	-24.3	-256.1	343.9	-1230.0	8.6	
77.45	6.0	9.4	12.2	2.0	-34.5	52.8	-22.0	-25.2	-256.1	356.0	-1125.1	7.4	
77.50	6.6	9.3	11.7	2.0	-33.5	52.9	-17.1	-25.9	-251.6	341.2	-1063.3	6.6	
77.55	7.2	9.2	11.6	2.0	-32.8	53.0	-14.4	-27.6	-249.0	320.7	-1018.3	7.1	
77.60	7.8	9.2	11.0	2.0	-32.3	53.1	-14.5	-29.2	-251.0	327.9	-968.7	5.5	
77.65	8.4	9.3	9.6	2.0	-31.4	53.2	-13.0	-31.6	-252.6	362.9	-877.0	1.6	
77.70	9.0	9.6	7.9	2.0	-30.5	53.3	-8.5	-35.4	-249.9	424.6	-759.9	-3.2	
77.75	9.6	10.0	6.1	2.0	-29.8	53.4	-3.8	-39.9	-247.1	514.3	-627.9	-8.8	
77.80	10.2	9.9	4.7	2.0	-29.5	53.5	-0.4	-45.7	-249.0	605.8	-472.8	-13.4	
77.85	10.8	9.8	3.3	2.0	-29.9	53.6	1.9	-51.9	-251.1	701.0	-339.6	-18.6	
77.90	11.3	9.7	2.1	2.0	-30.6	53.7	4.3	-55.2	-248.5	785.1	-257.6	-23.5	
77.95	11.9	9.4	1.7	2.0	-30.6	53.8	8.0	-55.1	-245.0	811.3	-166.3	-24.9	
78.00	12.5	9.3	2.6	2.0	-30.1	53.9	10.1	-54.1	-245.1	793.4	-56.1	-21.3	
78.05	13.1	9.5	2.6	2.0	-30.4	54.0	10.1	-55.1	-247.2	810.3	42.6	-21.5	
78.10	13.6	9.7	1.7	2.0	-31.5	54.1	9.3	-57.4	-247.5	880.2	106.2	-25.8	
78.15	14.2	9.5	1.0	2.0	-32.7	54.2	8.9	-58.9	-246.6	964.3	135.9	-29.4	
78.20	14.8	9.1	1.8	2.0	-34.1	54.3	7.0	-60.5	-247.2	1067.8	110.7	-28.0	
78.25	15.3	8.9	2.9	2.0	-35.9	54.4	1.6	-64.3	-249.0	1197.9	3.7	-25.9	
78.30	15.9	8.8	2.9	2.0	-37.9	54.5	-3.3	-68.8	-249.7	1335.6	-130.0	-28.1	
78.35	16.5	8.8	3.8	2.0	-40.2	54.6	-6.6	-72.7	-247.9	1475.1	-265.2	-27.1	
78.40	17.0	8.4	5.7	2.0	-42.3	54.7	-7.5	-76.1	-246.7	1612.0	-355.9	-22.8	
78.45	17.6	8.4	8.1	2.0	-44.5	54.8	-7.3	-79.7	-247.4	1763.1	-407.4	-16.8	
78.50	18.1	8.6	9.7	2.0	-47.4	54.9	-6.5	-84.3	-247.6	1957.4	-459.0	-14.1	
78.55	18.7	8.7	11.3	2.0	-50.3	55.0	-5.9	-90.0	-245.7	2148.4	-550.2	-11.6	
78.60	19.2	8.6	13.0	2.0	-53.0	55.1	-6.9	-94.4	-244.4	2312.7	-677.1	-8.5	
78.65	19.7	8.5	14.4	2.0	-55.8	55.2	-10.3	-98.3	-245.1	2469.3	-835.5	-6.3	
78.70	20.3	8.7	15.4	2.0	-58.7	55.3	-14.2	-103.9	-245.2	2628.9	-1000.2	-5.8	
78.75	20.8	8.9	16.3	2.0	-61.0	55.4	-17.1	-108.5	-243.0	2744.1	-1152.7	-5.2	
78.80	21.3	8.9	16.6	2.0	-61.9	55.5	-17.8	-109.4	-241.2	2777.7	-1233.3	-5.0	
78.85	21.8	8.9	16.6	2.0	-61.4	55.6	-16.3	-110.5	-240.9	2742.6	-1221.9	-4.3	
78.90	22.4	8.9	16.3	2.0	-60.8	55.7	-14.6	-113.8	-239.6	2697.9	-1188.3	-4.9	
78.95	22.9	9.0	15.2	2.0	-60.0	55.8	-11.9	-115.5	-237.0	2656.1	-1127.1	-7.9	
79.00	23.4	9.3	14.6	2.0	-58.2	55.9	-6.9	-114.8	-235.2	2567.6	-987.2	-8.1	
79.05	23.9	9.3	13.5	2.0	-56.1	56.0	-1.3	-114.1	-234.5	2478.6	-783.9	-9.9	
79.10	24.4	9.4	10.7	2.0	-55.4	56.1	1.8	-116.4	-233.7	2467.9	-588.6	-18.7	
79.15	25.0	10.0	7.4	2.0	-55.6	56.2	3.3	-121.9	-233.3	2506.9	-403.1	-30.3	
79.20	25.5	10.3	4.8	2.0	-55.6	56.3	5.7	-125.4	-233.3	2520.1	-208.5	-39.1	
79.25	26.0	10.6	3.5	2.0	-55.2	56.4	7.8	-124.9	-232.6	2494.4	-37.6	-43.3	
79.30	26.5	10.9	2.2	2.0	-54.9	56.5	9.6	-124.6	-231.6	2476.0	114.4	-47.5	
79.35	27.0	11.2	0.6	2.0	-54.8	56.6	10.7	-124.4	-231.1	2456.2	244.4	-52.7	
79.40	27.5	11.4	-0.2	2.0	-54.3	56.7	12.8	-123.9	-231.4	2405.7	374.4	-54.9	
79.45	28.0	11.5	-0.1	2.0	-54.1	56.8	16.4	-123.9	-230.5	2364.3	495.3	-54.3	
79.50	28.5	11.5	-0.0	2.0	-54.5	56.9	19.5	-124.0	-228.2	2381.2	568.6	-54.7	
79.55	29.0	11.2	0.1	2.0	-55.7	57.0	21.2	-125.3	-226.6	2466.7	594.6	-55.5	
79.60	29.4	10.8	1.2	2.0	-57.0	57.1	20.7	-127.9	-226.2	2564.9	558.1	-52.8	
79.65	29.9	10.6	2.6	2.0	-58.3	57.2	17.3	-131.9	-225.1	2677.5	428.9	-49.5	
79.70	30.4	10.5	3.6	2.0	-59.6	57.3	11.9	-134.7	-222.5	2796.8	230.5	-47.2	
79.75	30.9	10.6	4.9	2.0	-61.3	57.4	7.3	-136.8	-221.0	2935.4	65.8	-44.6	
79.80	31.3	10.4	6.1	2.0	-64.2	57.5	4.5	-140.9	-221.4	3143.2	-34.3	-43.2	
79.85	31.8	10.7	7.3	2.0	-67.6	57.6	3.6	-146.1	-221.2	3378.6	-106.3	-42.4	
79.90	32.3	11.3	8.8	2.0	-70.6	57.7	4.2	-152.3	-218.9	3589.5	-176.1	-40.5	
79.95	32.7	11.8	9.7	2.0	-73.6	57.8	5.5	-160.9	-215.7	3789.4	-247.2	-40.2	
80.00	33.2	12.1	10.7	2.0	-76.2	57.9	4.6	-168.1	-213.9	3964.7	-337.4	-39.6	
80.05	33.7	12.1	11.8	2.0	-78.3	58.0	1.9	-170.7	-212.9	4106.8	-446.9	-37.9	
80.10	34.1	11.6	13.1	2.0	-80.0	58.1	0.2	-172.6	-211.5	4220.1	-534.6	-35.0	
80.15	34.6	11.6	13.7	2.0	-81.3	58.2	-0.6	-175.3	-209.5	4303.2	-584.2	-34.2	
80.20	35.0	11.8	13.3	2.0	-82.5	58.3	-2.7	-178.5	-209.2	4382.9	-598.8	-37.0	
80.25	35.5	11.8	12.4	2.0	-83.5	58.4	-5.5	-182.1	-210.8	4450.4	-581.5	-41.0	
80.30	36.0	11.9	11.7	2.0	-84.3	58.5	-7.1	-185.1	-211.4	4505.1	-564.6	-44.2	
80.35	36.4	11.8	11.5	2.0	-84.7	58.6	-7.4	-184.6	-208.7	4535.7	-575.3	-45.1	
80.40	36.9	11.6	11.8	2.0	-84.2	58.7	-6.2	-182.1	-205.6	4513.5	-568.5	-43.6	
80.45	37.3	11.9	12.0	2.0	-83.2	58.8	-4.7	-181.8	-205.3	4446.9	-495.6	-42.1	
80.50	37.8	11.8	11.1	2.0	-82.7	58.9	-4.0	-183.2	-205.9	4413.1	-391.8	-44.7	
80.55	38.2	11.4	10.1	2.0	-82.7	59.0	-1.3	-184.6	-205.4	4415.3	-263.9	-47.9	
80.60	38.7	11.0	10.1	2.0	-82.0	59.1	4.5	-184.4	-204.4	4371.8	-107.5	-47.4	
80.65	39.1	10.7	10.2	2.0	-81.0	59.2	8.2	-181.9	-203.8	4307.8	0.6	-45.9	
80.70	39.6	10.6	9.3	2.0	-80.5	59.3	7.4	-181.1	-202.7	4273.7	22.0	-48.8	
80.75	40.0	10.8	7.6	2.0	-80.8	59.4	5.9	-184.9	-201.2	4282.0	27.5	-54.9	
80.80	40.5	10.8	6.5	2.0	-81.0	59.5	6.5	-187.7	-199.5	4292.4	63.4	-58.8	
80.85	40.9	10.8	6.1	2.0	-81.0	59.6	9.6	-187.9	-197.8	4289.0	142.3	-60.0	
80.90	41.3	10.8	5.7	2.0	-81.1	59.7	13.1	-188.5	-196.2	4291.5	242.7	-61.6	
80.95	41.8	11.0	4.8	2.0	-81.4	59.8	15.2	-190.6	-194.9	4305.4	329.5	-64.8	
81.00	42.2	11.2	4.3	2.0	-81.4	59.9	15.7	-192.4	-194.3	4295.7	381.9	-66.7	
81.05	42.6	11.3	4.5	2.0	-80.8	60.0	16.1	-192.6	-193.1	4247.3	392.7	-65.4	
81.10	43.0	11.4	5.0	2.0	-80.5	60.1	16.2	-192.3	-189.9	4232.2	349.4	-63.4	
81.15	43.5	11.3	5.1	2.0	-81.5	60.2	16.5	-195.4	-186.2	4307.6	295.7	-64.1	
81.20	43.9	11.1	5.1	2.0	-83.0	60.3	15.7	-199.5	-184.9	4413.2	272.2	-65.7	
81.25	44.3	11.2	5.0	2.0	-84.3	60.4	14.0	-201.7	-185.7	4503.6	277.9	-67.0	
81.30	44.7	10.9	5.3	2.0	-85.2	60.5	12.3	-203.2	-185.0	4569.9	253.4	-67.1	
81.35	45.1	10.5	5.5	2.0	-86.3	60.6	9.5	-205.4	-183.1	4649.0	174.0	-67.3	
81.40	45.5	10.4	6.4	2.0	-87.4	60.7	5.2	-206.6	-183.0	4733.2	65.1	-65.4	
81.45	45.9	10.4	7.6	2.0	-88.3	60.8	1.9	-206.4	-184.0	4802.0	-32.9	-62.4	
81.50	46.3	10.3	8.6	2.0	-89.2	60.9	-0.9	-206.3	-182.5	4867.4	-168.5	-59.7	
81.55	46.7	10.1	9.3	2.0	-90.3	61.0	-3.6	-208.4	-179.7	4941.3	-325.2	-58.3	
81.60	47.1	10.1	10.4	2.0	-91.1	61.1	-6.8	-210.8	-179.8	4984.6	-447.6	-55.3	
81.65	47.5	10.3	11.7	2.0	-91.1	61.2	-9.2	-209.7	-181.6	4978.2	-523.2	-50.9	
81.70	48.0	10.5	12.7	2.0	-91.2	61.3	-10.4	-207.3	-180.8	4986.9	-605.1	-47.5	
81.75	48.4	10.5	13.2	2.0	-92.1	61.4	-10.8	-208.3	-178.4	5040.5	-695.6	-46.8	
81.80	48.8	10.5	13.4	2.0	-92.8	61.5	-12.7	-210.4	-177.9	5077.1	-785.0	-46.7	
81.85	49.2	10.5	13.7	2.0	-93.3	61.6	-15.9	-210.9	-178.9	5095.8	-868.2	-46.2	
81.90	49.6	10.4	13.7	2.0	-94.0	61.7	-17.5	-212.1	-177.7	5134.1	-930.7	-46.8	
81.95	50.0	10.3	13.2	2.0	-94.9	61.8	-16.6	-214.0	-174.3	5197.3	-947.7	-49.5	
82.00	50.4	10.4	13.0	2.0	-95.1	61.9	-15.2	-213.8	-173.5	5227.6	-890.9	-50.4	
82.05	50.7	10.1	12.5	2.0	-95.0	62.0	-13.5	-215.2	-174.6	5231.0	-789.8	-52.1	
82.10	51.1	9.8	12.0	2.0	-95.1	62.1	-10.8	-220.4	-172.8	5239.5	-710.6	-54.1	
82.15	51.5	9.5	11.0	2.0	-94.8	62.2	-7.3	-222.7	-168.8	5215.4	-641.3	-57.2	
82.20	51.9	9.1	10.2	2.0	-93.9	62.3	-3.6	-220.6	-166.3	5171.3	-536.1	-58.9	
82.25	52.3	9.1	9.8	2.0	-93.2	62.4	0.1	-219.9	-165.4	5134.3	-397.0	-59.5	
82.30	52.7	9.4	8.6	2.0	-93.4	62.5	3.6	-223.3	-163.4	5150.3	-254.8	-63.9	
82.35	53.0	9.3	7.0	2.0	-93.6	62.6	6.4	-225.7	-160.1	5160.8	-119.3	-69.5	
82.40	53.4	9.1	6.2	2.0	-92.9	62.7	8.6	-225.3	-158.9	5111.1	42.3	-71.7	
82.45	53.8	8.9	5.9	2.0	-92.2	62.8	9.7	-224.8	-159.2	5061.0	191.8	-72.1	
82.50	54.1	8.4	5.2	2.0	-92.3	62.9	8.6	-224.1	-158.0	5070.2	252.6	-74.6	
82.55	54.5	8.2	4.6	2.0	-92.6	63.0	8.3	-223.0	-155.8	5090.2	283.3	-76.9	
82.60	54.9	8.2	4.1	2.0	-92.4	63.1	9.4	-222.7	-155.3	5076.5	341.8	-78.2	
82.65	55.2	8.2	4.2	2.0	-92.7	63.2	10.7	-222.9	-155.0	5092.2	395.8	-78.3	
82.70	55.6	8.5	4.2	2.0	-93.5	63.3	11.5	-225.1	-153.5	5147.3	409.4	-79.0	
82.75	56.0	8.7	4.2	2.0	-94.1	63.4	14.8	-227.4	-152.8	5180.6	470.4	-79.8	
82.80	56.3	8.9	5.1	2.0	-94.4	63.5	16.6	-225.9	-152.6	5208.1	511.4	-76.8	
82.85	56.7	9.1	6.0	2.0	-94.8	63.6	15.7	-223.7	-151.6	5244.5	476.1	-74.3	
82.90	57.0	9.2	6.4	2.0	-95.3	63.7	13.8	-225.4	-150.1	5285.2	384.3	-73.3	
82.95	57.4	9.2	6.7	2.0	-96.2	63.8	10.2	-228.1	-149.3	5355.7	253.4	-73.1	
83.00	57.7	8.9	6.7	2.0	-97.4	63.9	5.7	-229.2	-149.2	5453.6	113.5	-74.3	
83.05	58.1	8.7	7.3	2.0	-98.7	64.0	2.9	-230.5	-148.7	5544.4	6.1	-73.6	
83.10	58.4	8.5	7.6	2.0	-99.9	64.1	2.5	-233.0	-147.5	5628.2	-65.8	-73.7	
83.15	58.8	8.7	7.9	2.0	-100.9	64.2	1.0	-235.5	-145.3	5697.6	-165.1	-73.8	
83.20	59.1	8.9	8.7	2.0	-101.2	64.3	-0.9	-237.5	-143.6	5712.4	-257.6	-71.2	
83.25	59.4	9.0	9.7	2.0	-101.1	64.4	-0.8	-239.1	-141.5	5699.0	-321.4	-67.9	
83.30	59.8	9.1	10.3	2.0	-101.6	64.5	-0.3	-239.7	-138.0	5731.5	-399.1	-66.1	
83.35	60.1	9.3	10.8	2.0	-102.6	64.6	-0.8	-240.7	-135.1	5803.4	-473.8	-65.5	
83.40	60.4	9.4	10.8	2.0	-103.7	64.7	-0.8	-243.8	-134.4	5879.0	-499.8	-66.7	
83.45	60.8	9.0	10.5	2.0	-105.3	64.8	-1.8	-248.4	-133.5	5980.4	-529.8	-69.3	
83.50	61.1	8.7	10.2	2.0	-106.4	64.9	-4.1	-251.0	-131.2	6052.6	-575.1	-71.4	
83.55	61.4	8.8	10.2	2.0	-106.4	65.0	-5.5	-251.6	-129.5	6051.7	-589.8	-71.3	
83.60	61.7	8.7	10.6	2.0	-105.9	65.1	-6.1	-250.3	-128.3	6019.8	-578.4	-69.4	
83.65	62.0	8.6	10.4	2.0	-105.6	65.2	-7.0	-248.8	-126.3	6006.5	-574.1	-69.9	
83.70	62.4	8.5	10.0	2.0	-105.1	65.3	-6.7	-248.5	-124.2	5971.5	-548.6	-70.9	
83.75	62.7	8.3	9.6	2.0	-104.0	65.4	-3.3	-248.5	-123.0	5899.9	-466.8	-71.1	
83.80	63.0	8.3	9.5	2.0	-103.2	65.5	0.3	-246.8	-121.8	5846.3	-367.9	-70.6	
83.85	63.3	8.5	9.1	2.0	-102.6	65.6	4.2	-245.2	-120.3	5815.9	-243.8	-71.4	
83.90	63.6	8.3	8.7	2.0	-102.0	65.7	9.3	-244.3	-119.1	5774.6	-78.4	-72.1	
83.95	63.9	8.2	8.2	2.0	-101.2	65.8	11.9	-242.6	-118.2	5723.3	70.4	-73.2	
84.00	64.3	8.1	7.2	2.0	-100.7	65.9	12.5	-242.0	-117.3	5687.7	181.5	-76.1	
84.05	64.6	8.4	6.3	2.0	-101.0	66.0	14.0	-244.6	-116.1	5699.8	282.3	-79.6	
84.10	64.9	8.5	5.6	2.0	-101.9	66.1	15.5	-246.9	-115.3	5752.9	387.6	-82.6	
84.15	65.2	8.5	4.8	2.0	-102.8	66.2	16.6	-247.0	-114.8	5814.5	491.6	-86.2	
84.20	65.5	8.4	4.4	2.0	-103.1	66.3	18.7	-247.1	-114.0	5828.0	592.8	-88.1	
84.25	65.8	8.5	3.2	2.0	-102.7	66.4	21.4	-248.1	-112.0	5783.5	673.7	-91.7	
84.30	66.1	8.7	3.2	2.0	-102.6	66.5	23.7	-248.9	-108.9	5764.6	740.6	-91.7	
84.35	66.4	8.6	3.5	2.0	-102.7	66.6	26.5	-248.9	-106.7	5765.1	829.4	-90.6	
84.40	66.7	8.4	4.2	2.0	-103.1	66.7	29.3	-249.0	-105.2	5779.1	910.3	-88.5	
84.45	66.9	8.1	4.7	2.0	-103.8	66.8	29.6	-250.1	-102.6	5838.2	895.5	-87.6	
84.50	67.2	7.7	4.9	2.0	-104.7	66.9	28.2	-252.8	-99.3	5914.7	803.7	-88.0	
84.55	67.5	7.7	5.1	2.0	-105.5	67.0	25.7	-256.3	-97.3	5983.3	700.8	-87.9	
84.60	67.8	7.5	5.4	2.0	-106.4	67.1	21.4	-257.6	-96.6	6061.3	594.7	-88.0	
84.65	68.1	7.1	5.8	2.0	-107.5	67.2	16.1	-257.5	-95.4	6157.1	457.4	-87.7	
84.70	68.3	7.0	5.9	2.0	-108.3	67.3	12.7	-258.9	-93.2	6223.5	307.5	-87.9	
84.75	68.6	7.0	7.3	2.0	-108.7	67.4	10.5	-261.0	-91.2	6258.4	164.3	-83.6	
84.80	68.9	7.2	7.9	2.0	-109.3	67.5	7.2	-262.1	-89.3	6299.6	6.0	-82.2	
84.85	69.2	7.4	8.4	2.0	-110.4	67.6	4.4	-264.7	-88.2	6381.2	-132.5	-81.8	
84.90	69.5	7.5	9.3	2.0	-111.5	67.7	2.7	-266.4	-88.1	6449.0	-248.8	-79.5	
84.95	69.7	7.5	10.6	2.0	-111.8	67.8	2.1	-265.4	-87.1	6476.8	-372.6	-75.4	
85.00	70.0	7.1	10.7	2.0	-112.0	67.9	1.3	-264.6	-84.7	6484.4	-508.8	-75.2	
85.05	70.3	7.0	11.1	2.0	-112.0	68.0	-1.2	-264.8	-83.8	6476.9	-608.0	-73.8	
85.10	70.6	7.1	11.6	2.0	-112.1	68.1	-4.4	-265.1	-85.6	6479.9	-638.8	-72.2	
85.15	70.8	6.9	12.2	2.0	-112.5	68.2	-5.9	-265.3	-87.1	6503.5	-637.3	-70.5	
85.20	71.1	6.9	11.7	2.0	-113.0	68.3	-5.0	-266.4	-85.4	6540.0	-647.3	-72.9	
85.25	71.4	7.0	10.6	2.0	-113.6	68.4	-4.0	-268.7	-82.1	6577.2	-670.5	-77.2	
85.30	71.6	7.1	10.1	2.0	-113.6	68.5	-3.1	-269.7	-81.6	6583.0	-629.0	-78.8	
85.35	71.9	7.1	9.9	2.0	-113.0	68.6	-2.5	-269.3	-83.1	6543.8	-517.6	-79.0	
85.40	72.2	7.0	9.4	2.0	-112.3	68.7	0.7	-269.0	-81.8	6503.5	-391.3	-79.9	
85.45	72.4	6.8	8.8	2.0	-111.6	68.8	5.9	-268.8	-78.0	6463.8	-256.8	-81.3	
85.50	72.7	6.8	8.5	2.0	-110.7	68.9	10.5	-267.5	-76.4	6404.8	-72.0	-81.5	
85.55	72.9	7.0	7.6	2.0	-110.4	69.0	13.4	-268.2	-76.4	6379.2	124.7	-84.5	
85.60	73.2	7.5	6.4	2.0	-111.0	69.1	15.1	-271.0	-74.5	6408.2	271.5	-89.0	
85.65	73.4	7.5	5.1	2.0	-111.2	69.2	16.6	-271.8	-71.4	6422.5	375.9	-93.7	
85.70	73.7	7.8	4.9	2.0	-110.4	69.3	18.5	-268.4	-69.1	6365.0	480.0	-93.7	
85.75	73.9	8.2	4.8	2.0	-109.3	69.4	19.7	-264.7	-68.0	6284.4	584.6	-93.0	
85.80	74.1	8.3	4.0	2.0	-109.1	69.5	19.5	-264.9	-66.9	6256.4	670.8	-95.2	
85.85	74.4	8.4	3.0	2.0	-109.4	69.6	19.7	-267.0	-65.9	6266.2	743.3	-98.9	
85.90	74.6	8.4	3.0	2.0	-109.6	69.7	21.7	-268.3	-65.4	6272.1	816.0	-99.4	
85.95	74.9	8.2	3.4	2.0	-109.7	69.8	24.6	-268.1	-64.3	6276.1	859.2	-98.2	
86.00	75.1	8.2	3.5	2.0	-110.1	69.9	26.0	-267.9	-62.1	6309.2	843.6	-98.1	
86.05	75.3	8.0	3.7	2.0	-110.4	70.0	25.1	-267.9	-61.7	6333.0	806.6	-97.7	
86.10	75.6	7.4	4.3	2.0	-110.1	70.1	22.6	-267.1	-63.2	6324.4	750.6	-95.3	
86.15	75.8	7.3	5.2	2.0	-109.9	70.2	20.7	-265.8	-63.4	6321.8	659.8	-92.0	
86.20	76.1	7.5	5.9	2.0	-110.2	70.3	20.0	-266.0	-61.8	6353.5	547.7	-89.8	
86.25	76.3	7.6	6.4	2.0	-110.6	70.4	17.9	-266.4	-61.7	6394.4	435.7	-88.7	
86.30	76.5	8.0	6.2	2.0	-111.2	70.5	13.6	-267.7	-63.4	6440.1	315.6	-89.9	
86.35	76.8	8.2	6.0	2.0	-111.9	70.6	9.2	-271.4	-64.1	6486.6	157.5	-91.2	
86.40	77.0	8.4	6.2	2.0	-112.1	70.7	5.6	-273.5	-62.5	6504.9	-32.7	-90.9	
86.45	77.3	8.3	6.9	2.0	-111.6	70.8	2.8	-270.9	-61.1	6469.6	-202.8	-87.8	
86.50	77.5	8.4	7.9	2.0	-111.0	70.9	0.8	-268.4	-60.5	6427.3	-331.4	-83.8	
86.55	77.7	8.7	8.5	2.0	-111.3	71.0	-0.9	-270.1	-59.9	6438.7	-433.0	-82.3	
86.60	77.9	8.6	8.4	2.0	-112.2	71.1	-2.7	-273.1	-59.0	6495.5	-515.3	-83.4	
86.65	78.2	8.7	8.8	2.0	-113.0	71.2	-3.1	-274.4	-57.8	6544.4	-565.3	-82.9	
86.70	78.4	8.7	9.4	2.0	-113.2	71.3	-2.8	-274.7	-56.5	6561.8	-592.9	-80.9	
86.75	78.6	8.5	9.6	2.0	-113.5	71.4	-4.0	-275.2	-54.7	6576.8	-641.1	-80.4	
86.80	78.8	8.4	9.4	2.0	-113.9	71.5	-6.9	-276.8	-53.3	6599.7	-696.1	-81.7	
86.85	79.0	8.2	8.7	2.0	-114.1	71.6	-10.1	-277.2	-53.0	6610.7	-721.3	-84.1	
86.90	79.2	7.8	8.5	2.0	-114.1	71.7	-10.5	-276.6	-52.1	6612.4	-706.4	-85.0	
86.95	79.4	7.6	8.5	2.0	-114.2	71.8	-7.6	-277.2	-49.7	6624.3	-659.4	-85.2	
87.00	79.7	7.6	8.3	2.0	-114.4	71.9	-4.2	-278.8	-47.5	6646.8	-570.5	-86.0	
87.05	79.9	7.9	8.1	2.0	-114.4	72.0	-1.1	-279.5	-47.6	6653.5	-417.9	-86.5	
87.10	80.1	8.0	7.9	2.0	-114.0	72.1	2.3	-278.6	-48.3	6633.9	-237.0	-86.7	
87.15	80.3	8.0	7.9	2.0	-113.4	72.2	6.4	-276.7	-46.8	6601.5	-92.1	-86.3	
87.20	80.5	7.8	7.9	2.0	-112.7	72.3	10.8	-273.5	-44.3	6557.0	26.7	-85.6	
87.25	80.7	7.7	7.4	2.0	-112.0	72.4	13.5	-270.9	-43.9	6514.7	150.6	-86.7	
87.30	80.9	7.8	6.6	2.0	-111.9	72.5	14.3	-270.0	-45.2	6504.3	279.4	-89.3	
87.35	81.1	8.0	5.5	2.0	-112.1	72.6	14.6	-270.8	-45.8	6511.1	391.6	-93.4	
87.40	81.3	7.9	4.4	2.0	-112.0	72.7	16.3	-271.0	-45.8	6490.9	497.7	-96.7	
87.45	81.5	7.9	4.2	2.0	-111.5	72.8	19.0	-270.0	-46.1	6450.0	608.5	-97.3	
87.50	81.7	8.0	3.9	2.0	-111.4	72.9	21.4	-270.4	-46.1	6429.1	710.3	-97.9	
87.55	81.9	8.0	3.0	2.0	-111.6	73.0	22.8	-271.6	-45.7	6429.9	786.9	-101.1	
87.60	82.1	8.0	2.6	2.0	-111.6	73.1	24.0	-271.3	-45.4	6421.4	849.6	-102.6	
87.65	82.3	7.8	3.0	2.0	-111.3	73.2	26.6	-270.6	-44.2	6401.1	894.6	-101.1	
87.70	82.5	7.6	3.3	2.0	-111.5	73.3	29.6	-271.2	-41.5	6408.6	901.5	-100.3	
87.75	82.7	7.6	3.2	2.0	-112.1	73.4	30.2	-272.8	-39.1	6454.1	876.0	-101.2	
87.80	82.9	7.6	3.1	2.0	-112.4	73.5	28.2	-274.3	-39.0	6484.8	841.2	-101.7	
87.85	83.0	7.6	3.2	2.0	-112.6	73.6	25.2	-276.5	-39.2	6499.5	768.1	-101.6	
87.90	83.2	7.7	3.2	2.0	-112.7	73.7	21.5	-278.5	-37.1	6517.0	618.0	-101.6	
87.95	83.4	7.8	3.3	2.0	-112.8	73.8	18.1	-279.8	-34.1	6543.3	437.0	-101.6	
88.00	83.6	7.9	3.6	2.0	-113.0	73.9	15.0	-280.3	-32.5	6568.0	279.7	-100.6	
88.05	83.8	8.0	3.9	2.0	-113.2	74.0	10.7	-279.7	-32.1	6589.5	131.5	-99.9	
88.10	83.9	8.1	4.6	2.0	-113.5	74.1	7.4	-279.7	-31.2	6616.0	-10.9	-97.8	
88.15	84.1	8.0	5.7	2.0	-113.6	74.2	7.4	-279.7	-29.0	6620.0	-121.8	-94.0	
88.20	84.3	7.8	7.3	2.0	-113.0	74.3	8.6	-276.4	-27.9	6583.4	-181.7	-87.9	
88.25	84.5	7.6	8.5	2.0	-112.3	74.4	8.1	-271.7	-28.2	6543.9	-228.8	-83.1	
88.30	84.6	8.1	8.8	2.0	-112.6	74.5	7.0	-273.1	-28.1	6564.4	-281.1	-82.4	
88.35	84.8	8.5	8.7	2.0	-113.6	74.6	5.7	-276.8	-27.2	6621.8	-342.8	-83.8	
88.40	85.0	8.8	8.4	2.0	-113.9	74.7	4.2	-275.8	-26.5	6650.8	-395.7	-85.2	
88.45	85.1	8.8	8.2	2.0	-113.6	74.8	3.9	-273.2	-26.6	6635.0	-405.1	-85.5	
88.50	85.3	8.6	7.8	2.0	-113.6	74.9	4.3	-274.5	-26.2	6631.4	-382.1	-86.7	
88.55	85.5	8.6	7.0	2.0	-114.0	75.0	3.3	-276.6	-25.4	6652.5	-345.1	-89.8	
88.60	85.7	9.0	6.7	2.0	-113.5	75.1	3.3	-275.2	-26.7	6625.3	-234.5	-90.3	
88.65	85.8	9.1	6.9	2.0	-112.4	75.2	7.7	-272.5	-27.4	6556.6	-64.5	-88.8	
88.70	86.0	9.2	6.5	2.0	-112.1	75.3	13.2	-272.0	-24.3	6531.0	62.9	-89.8	
88.75	86.2	9.1	5.6	2.0	-112.1	75.4	16.8	-273.0	-21.1	6535.1	174.8	-93.0	
88.80	86.3	8.9	5.1	2.0	-111.9	75.5	19.5	-273.3	-21.9	6504.8	338.8	-94.4	
88.85	86.5	8.8	4.5	2.0	-111.4	75.6	22.0	-273.6	-22.1	6459.4	481.8	-95.9	
88.90	86.7	8.9	4.3	2.0	-111.2	75.7	23.7	-274.0	-18.3	6439.5	534.9	-96.3	
88.95	86.8	9.0	2.7	2.0	-110.8	75.8	25.7	-274.6	-14.8	6407.6	593.9	-101.7	
89.00	87.0	8.9	2.7	2.0	-110.3	75.9	27.3	-273.9	-14.9	6357.1	705.9	-100.9	
89.05	87.1	8.6	2.0	2.0	-110.0	76.0	26.6	-272.8	-14.9	6332.5	782.7	-103.3	
89.10	87.3	8.6	0.9	2.0	-110.0	76.1	25.6	-272.6	-12.4	6334.6	793.0	-106.9	
89.15	87.5	8.4	0.7	2.0	-109.7	76.2	27.9	-273.0	-9.5	6307.5	812.9	-107.2	
89.20	87.6	8.1	1.3	2.0	-109.4	76.3	31.4	-273.1	-7.6	6275.8	850.9	-105.0	
89.25	87.8	8.4	0.9	2.0	-109.4	76.4	31.5	-272.1	-5.6	6283.0	835.0	-106.2	
89.30	87.9	8.4	0.9	2.0	-109.5	76.5	30.6	-272.3	-4.0	6298.7	805.0	-106.3	
89.35	88.1	8.3	1.9	2.0	-108.9	76.6	31.7	-272.5	-3.1	6255.4	797.7	-102.6	
89.40	88.2	8.3	2.7	2.0	-107.7	76.7	31.7	-269.1	-2.5	6178.8	756.9	-98.5	
89.45	88.4	8.5	2.6	2.0	-107.0	76.8	29.7	-265.3	-1.0	6143.9	657.7	-98.0	
89.50	88.5	8.9	2.6	2.0	-107.0	76.9	27.9	-266.0	-0.4	6155.9	580.2	-98.1	
89.55	88.7	9.1	3.0	2.0	-107.4	77.0	26.1	-267.6	-2.4	6181.8	550.4	-97.2	
89.60	88.8	9.0	2.8	2.0	-107.8	77.1	22.6	-266.9	-3.2	6217.8	467.6	-98.3	
89.65	89.0	8.9	2.2	2.0	-108.0	77.2	20.4	-267.1	-1.2	6243.3	345.7	-100.4	
89.70	89.2	8.8	2.7	2.0	-107.8	77.3	19.7	-268.8	0.1	6227.8	264.4	-98.6	
89.75	89.3	8.9	3.4	2.0	-107.5	77.4	17.7	-267.4	-0.7	6210.9	220.2	-95.8	
89.80	89.5	9.0	3.8	2.0	-107.5	77.5	14.7	-264.9	-1.4	6224.1	174.1	-94.4	
89.85	89.6	8.9	4.0	2.0	-107.7	77.6	14.1	-266.2	-0.5	6234.8	128.3	-93.9	
89.90	89.8	8.9	4.5	2.0	-107.8	77.7	15.8	-268.2	1.1	6235.1	90.6	-92.4	
89.95	89.9	8.9	4.6	2.0	-108.1	77.8	15.7	-268.8	2.9	6258.2	37.9	-92.2	
90.00	90.1	8.9	4.5	2.0	-108.7	77.9	14.4	-270.1	4.5	6301.0	0.2	-93.4	
90.05	90.2	9.1	4.2	2.0	-109.1	78.0	12.2	-272.1	5.3	6324.4	-31.0	-94.8	
90.10	90.4	9.1	4.0	2.0	-108.8	78.1	8.1	-271.1	6.0	6298.8	-106.6	-95.0	
90.15	90.5	9.0	4.2	2.0	-108.1	78.2	5.1	-269.6	7.6	6252.1	-193.1	-93.6	
90.20	90.7	9.3	4.5	2.0	-107.7	78.3	4.9	-268.8	9.9	6218.2	-246.7	-92.3	
90.25	90.8	9.5	4.1	2.0	-107.8	78.4	4.5	-268.4	11.0	6221.7	-270.0	-93.7	
90.30	91.0	9.5	3.9	2.0	-108.1	78.5	4.0	-268.8	10.9	6250.4	-254.1	-94.8	
90.35	91.1	9.0	4.3	2.0	-108.5	78.6	6.6	-270.6	12.0	6273.0	-198.5	-93.9	
90.40	91.3	8.8	4.7	2.0	-108.2	78.7	11.2	-270.1	14.7	6253.4	-134.4	-92.0	
90.45	91.4	8.7	5.2	2.0	-107.3	78.8	14.2	-265.7	16.4	6193.2	-70.8	-89.3	
90.50	91.6	9.0	5.7	2.0	-106.5	78.9	15.5	-263.8	16.8	6143.6	1.4	-87.1	
90.55	91.7	9.1	5.6	2.0	-106.7	79.0	16.4	-266.6	16.9	6142.8	80.1	-87.5	
90.60	91.9	9.2	4.1	2.0	-107.3	79.1	16.1	-268.5	16.6	6182.1	142.0	-93.2	
90.65	92.0	9.6	3.0	2.0	-107.8	79.2	16.1	-267.2	16.2	6223.0	199.6	-97.4	
90.70	92.2	9.3	2.5	2.0	-108.1	79.3	18.6	-267.6	16.4	6241.8	286.0	-99.5	
90.75	92.3	9.0	2.1	2.0	-108.5	79.4	21.3	-270.4	17.2	6256.6	385.7	-101.2	
90.80	92.5	9.0	1.3	2.0	-108.7	79.5	21.3	-270.1	17.3	6266.6	477.5	-104.1	
90.85	92.6	8.8	1.1	2.0	-108.5	79.6	22.5	-267.8	16.0	6248.6	608.1	-104.9	
90.90	92.8	8.8	2.4	2.0	-108.3	79.7	26.7	-267.5	15.9	6215.5	744.6	-100.1	
90.95	92.9	8.8	2.1	2.0	-108.4	79.8	30.3	-268.5	18.0	6212.7	808.0	-101.0	
91.00	93.1	8.9	1.3	2.0	-108.7	79.9	30.5	-268.2	18.8	6237.7	823.7	-104.2	
91.05	93.2	8.8	1.2	2.0	-108.8	80.0	29.8	-267.8	17.0	6238.0	864.4	-104.7	
91.10	93.3	8.5	1.3	2.0	-108.6	80.1	29.3	-268.9	16.7	6222.3	873.2	-104.3	
91.15	93.5	8.6	0.7	2.0	-108.3	80.2	26.8	-268.5	19.1	6206.5	790.7	-105.8	
91.20	93.6	8.5	0.0	2.0	-107.7	80.3	23.3	-265.9	20.6	6179.1	685.9	-107.6	
91.25	93.8	8.6	0.5	2.0	-107.4	80.4	21.3	-265.7	20.3	6164.3	625.1	-105.5	
91.30	93.9	8.8	1.1	2.0	-107.8	80.5	19.3	-268.3	21.3	6198.9	545.7	-103.9	
91.35	94.0	9.3	1.3	2.0	-108.6	80.6	16.1	-270.3	23.1	6262.5	416.0	-104.3	
91.40	94.2	9.7	1.8	2.0	-108.7	80.7	14.4	-269.8	23.7	6280.1	297.2	-102.6	
91.45	94.3	9.9	2.9	2.0	-108.5	80.8	14.7	-269.9	24.3	6267.5	194.5	-98.5	
91.50	94.5	10.0	4.0	2.0	-108.8	80.9	13.2	-270.8	26.2	6284.0	50.9	-94.9	
91.55	94.6	10.0	4.4	2.0	-109.1	81.0	9.7	-270.1	27.4	6308.9	-107.7	-94.0	
91.60	94.7	10.0	5.3	2.0	-108.8	81.1	7.1	-268.5	26.5	6293.7	-219.3	-90.7	
91.65	94.9	9.9	6.1	2.0	-108.7	81.2	5.6	-269.1	25.9	6274.9	-317.5	-87.9	
91.70	95.0	10.0	6.3	2.0	-109.5	81.3	2.9	-271.9	27.6	6318.1	-458.2	-87.9	
91.75	95.1	10.3	6.1	2.0	-110.3	81.4	0.5	-273.3	28.0	6369.4	-555.0	-89.3	
91.80	95.3	9.7	6.5	2.0	-110.4	81.5	-0.4	-272.5	25.2	6378.3	-559.8	-88.0	
91.85	95.4	9.5	6.3	2.0	-110.2	81.6	-2.0	-271.6	23.7	6369.4	-586.4	-88.5	
91.90	95.5	9.5	6.0	2.0	-110.1	81.7	-4.1	-271.4	25.3	6350.4	-654.2	-89.6	
91.95	95.7	9.7	5.6	2.0	-109.2	81.8	-3.8	-269.5	25.6	6290.3	-644.4	-90.0	
92.00	95.8	10.0	6.3	2.0	-108.1	81.9	-1.5	-266.0	24.0	6224.4	-542.7	-86.6	
92.05	95.9	10.1	5.9	2.0	-108.1	82.0	0.8	-266.5	23.8	6230.8	-430.7	-87.6	
92.10	96.0	9.5	5.2	2.0	-109.0	82.1	4.0	-270.5	26.2	6294.6	-315.4	-91.2	
92.15	96.2	9.6	4.7	2.0	-109.4	82.2	8.9	-272.3	26.5	6328.0	-140.4	-93.4	
92.20	96.3	9.6	4.5	2.0	-109.2	82.3	13.4	-270.8	25.0	6321.2	54.1	-93.9	
92.25	96.4	9.4	4.0	2.0	-109.4	82.4	15.6	-269.9	25.8	6329.2	185.9	-95.8	
92.30	96.5	9.3	3.1	2.0	-109.6	82.5	16.9	-270.3	28.0	6342.9	285.7	-98.9	
92.35	96.6	9.2	2.5	2.0	-109.4	82.6	18.5	-269.4	28.0	6324.0	413.2	-100.8	
92.40	96.8	9.1	2.2	2.0	-109.3	82.7	19.5	-268.0	27.7	6309.4	534.5	-101.8	
92.45	96.9	9.0	1.1	2.0	-109.9	82.8	21.1	-269.6	29.9	6337.8	626.2	-106.1	
92.50	97.0	9.0	0.1	2.0	-110.7	82.9	24.5	-272.6	33.1	6374.6	722.1	-110.2	
92.55	97.1	9.0	0.0	2.0	-110.8	83.0	28.7	-272.7	33.1	6361.9	864.6	-110.6	
92.60	97.2	9.0	0.3	2.0	-110.2	83.1	31.6	-269.7	32.4	6313.0	981.2	-109.3	
92.65	97.3	8.8	0.4	2.0	-109.9	83.2	33.6	-268.2	34.3	6280.9	1023.8	-108.4	
92.70	97.4	8.5	0.7	2.0	-109.3	83.3	34.6	-266.1	36.4	6240.6	1022.9	-106.8	
92.75	97.5	8.7	1.5	2.0	-108.4	83.4	34.6	-263.1	35.6	6186.2	1015.4	-103.5	
92.80	97.6	8.9	1.6	2.0	-108.2	83.5	32.9	-262.8	35.1	6180.7	952.3	-102.6	
92.85	97.7	9.1	1.2	2.0	-108.8	83.6	29.3	-265.4	37.2	6239.2	820.3	-104.8	
92.90	97.8	9.2	1.1	2.0	-109.3	83.7	26.6	-268.0	37.5	6280.0	720.7	-105.5	
92.95	98.0	9.3	1.7	2.0	-109.0	83.8	25.3	-267.6	34.7	6264.3	660.5	-103.3	
93.00	98.1	9.4	1.9	2.0	-108.6	83.9	22.7	-266.8	33.9	6249.5	540.7	-102.1	
93.05	98.2	9.3	2.1	2.0	-108.5	84.0	19.8	-267.9	35.7	6250.9	380.0	-101.4	
93.10	98.3	9.5	3.4	2.0	-108.1	84.1	18.8	-267.6	35.5	6226.6	281.8	-96.6	
93.15	98.4	9.7	4.5	2.0	-107.5	84.2	17.5	-264.8	33.5	6198.1	212.1	-92.0	
93.20	98.5	9.7	4.4	2.0	-107.8	84.3	13.9	-264.4	34.5	6220.1	60.5	-92.8	
93.25	98.6	9.7	3.9	2.0	-108.3	84.4	10.8	-267.4	37.6	6247.8	-116.7	-95.0	
93.30	98.7	9.9	4.4	2.0	-107.7	84.5	9.6	-267.4	37.5	6205.0	-209.0	-92.8	
93.35	98.8	10.1	5.1	2.0	-106.7	84.6	8.2	-263.5	35.8	6135.3	-259.5	-89.3	
93.40	98.9	10.1	4.5	2.0	-106.3	84.7	5.9	-261.2	36.6	6106.8	-335.8	-90.7	
93.45	98.9	10.2	4.5	2.0	-106.5	84.8	4.9	-262.8	39.1	6112.8	-382.6	-91.0	
93.50	99.0	10.4	5.1	2.0	-106.2	84.9	7.0	-263.2	39.2	6094.5	-326.4	-88.8	
93.55	99.1	10.3	5.1	2.0	-106.1	85.0	8.8	-262.0	39.7	6094.5	-265.4	-88.5	
93.60	99.2	10.2	4.4	2.0	-106.8	85.1	9.6	-263.3	43.2	6142.7	-246.1	-91.9	
93.65	99.3	10.3	4.4	2.0	-107.4	85.2	11.4	-265.7	46.0	6181.5	-178.3	-92.5	
93.70	99.4	10.4	4.6	2.0	-107.4	85.3	14.4	-264.5	45.5	6180.7	-41.6	-91.6	
93.75	99.5	10.5	4.2	2.0	-107.2	85.4	16.9	-261.3	45.6	6178.8	79.0	-92.7	
93.80	99.5	10.5	2.9	2.0	-107.5	85.5	19.4	-261.1	48.5	6199.5	174.9	-97.4	
93.85	99.6	10.4	2.9	2.0	-107.9	85.6	23.9	-263.1	50.1	6211.6	345.9	-98.1	
93.90	99.7	10.3	2.9	2.0	-108.0	85.7	28.3	-263.2	48.5	6204.6	571.5	-98.2	
93.95	99.8	10.1	1.5	2.0	-108.4	85.8	29.7	-261.9	49.3	6219.9	710.3	-103.2	
94.00	99.9	10.2	0.4	2.0	-108.7	85.9	31.4	-262.7	51.6	6222.6	812.3	-107.1	
94.05	100.0	10.3	0.6	2.0	-108.2	86.0	34.7	-263.3	50.9	6165.0	949.9	-106.2	
94.10	100.1	10.4	0.3	2.0	-107.6	86.1	36.0	-260.9	49.6	6116.8	1029.5	-106.4	
94.15	100.1	10.3	-0.8	2.0	-107.8	86.2	35.4	-259.9	50.9	6130.9	1038.6	-110.6	
94.20	100.2	10.3	-0.8	2.0	-108.2	86.3	37.2	-260.9	51.2	6144.3	1096.2	-110.9	
94.25	100.3	10.4	0.0	2.0	-108.1	86.4	39.4	-260.1	49.6	6126.2	1174.4	-107.9	
94.30	100.4	10.5	-0.1	2.0	-108.0	86.5	39.3	-259.3	49.8	6123.4	1166.2	-108.2	
94.35	100.5	10.5	-0.7	2.0	-107.9	86.6	38.7	-260.5	52.1	6122.3	1096.4	-110.3	
94.40	100.5	10.3	0.2	2.0	-107.6	86.7	38.1	-262.0	52.2	6104.2	1050.1	-106.8	
94.45	100.6	10.6	0.7	2.0	-107.1	86.8	36.2	-260.7	50.6	6084.0	994.6	-104.6	
94.50	100.7	10.9	0.2	2.0	-106.8	86.9	32.5	-259.8	51.5	6087.7	842.5	-106.1	
94.55	100.8	11.0	-0.0	2.0	-106.4	87.0	29.4	-261.5	53.3	6073.7	665.5	-106.4	
94.60	100.8	10.7	1.0	2.0	-105.6	87.1	27.2	-262.0	53.5	6024.0	528.4	-102.2	
94.65	100.9	10.7	1.8	2.0	-104.8	87.2	24.1	-259.2	54.2	5983.6	381.6	-98.7	
94.70	101.0	10.7	1.8	2.0	-104.3	87.3	21.3	-256.7	56.6	5959.2	225.3	-98.2	
94.75	101.0	10.7	2.5	2.0	-103.4	87.4	20.3	-255.9	57.6	5896.9	123.8	-94.7	
94.80	101.1	10.4	3.7	2.0	-102.3	87.5	18.8	-255.0	57.4	5816.7	41.0	-89.7	
94.85	101.1	10.2	3.8	2.0	-101.7	87.6	16.4	-253.6	59.2	5774.2	-74.5	-88.8	
94.90	101.2	10.5	3.6	2.0	-101.6	87.7	15.5	-253.2	61.7	5766.7	-155.7	-89.4	
94.95	101.3	10.5	4.2	2.0	-101.5	87.8	16.2	-253.2	61.2	5757.8	-147.1	-86.9	
95.00	101.3	10.4	4.8	2.0	-101.4	87.9	14.4	-252.2	60.0	5749.8	-154.3	-84.9	
95.05	101.4	10.3	3.8	2.0	-101.7	88.0	11.2	-253.6	61.4	5767.7	-218.8	-88.6	
95.10	101.5	10.5	3.0	2.0	-102.1	88.1	10.4	-255.7	62.4	5789.2	-233.3	-91.8	
95.15	101.5	10.7	3.1	2.0	-102.3	88.2	12.5	-255.3	61.4	5808.7	-138.9	-91.6	
95.20	101.6	10.8	3.4	2.0	-102.8	88.3	14.7	-255.0	60.8	5848.8	-21.7	-91.0	
95.25	101.7	10.5	2.9	2.0	-103.5	88.4	16.6	-256.4	61.9	5897.2	71.4	-93.6	
95.30	101.7	10.2	2.3	2.0	-104.0	88.5	18.6	-258.4	61.7	5930.4	190.2	-96.2	
95.35	101.8	10.0	2.4	2.0	-104.3	88.6	22.0	-258.9	60.1	5943.3	355.0	-96.2	
95.40	101.9	9.8	2.0	2.0	-104.9	88.7	25.1	-259.1	60.6	5975.6	477.7	-97.9	
95.45	101.9	9.8	1.4	2.0	-105.4	88.8	27.0	-258.7	61.8	6008.3	559.5	-100.7	
95.50	102.0	10.0	1.1	2.0	-105.5	88.9	27.7	-258.6	60.0	6010.5	658.2	-101.7	
95.55	102.0	10.1	0.7	2.0	-105.7	89.0	27.1	-259.7	58.8	6011.2	713.5	-103.3	
95.60	102.1	10.2	0.1	2.0	-106.1	89.1	27.1	-261.0	60.9	6039.5	731.2	-105.9	
95.65	102.1	10.3	0.2	2.0	-106.5	89.2	29.5	-259.6	62.1	6065.5	795.9	-106.0	
95.70	102.2	10.2	1.3	2.0	-106.9	89.3	32.4	-257.7	60.7	6080.0	901.8	-102.3	
95.75	102.3	10.2	2.1	2.0	-107.4	89.4	33.4	-259.3	60.8	6113.4	946.0	-100.4	
95.80	102.3	10.2	1.8	2.0	-108.2	89.5	33.3	-262.8	63.5	6166.0	909.3	-101.9	
95.85	102.4	10.3	1.0	2.0	-108.6	89.6	34.0	-262.5	65.1	6196.5	878.3	-105.2	
95.90	102.4	10.5	1.6	2.0	-108.5	89.7	34.4	-259.5	64.1	6201.4	880.9	-103.0	
95.95	102.4	10.6	2.4	2.0	-108.4	89.8	32.4	-258.7	64.5	6200.4	815.4	-99.9	
96.00	102.5	10.8	2.0	2.0	-108.1	89.9	28.7	-260.5	66.9	6193.4	668.2	-101.4	
96.05	102.5	11.1	1.8	2.0	-107.4	90.0	25.9	-260.2	67.1	6148.4	566.7	-101.2	
96.10	102.6	11.3	2.6	2.0	-106.5	90.1	25.4	-257.7	65.7	6094.9	543.4	-97.5	
96.15	102.6	11.3	2.9	2.0	-106.2	90.2	24.6	-256.1	67.1	6079.1	473.8	-96.4	
96.20	102.7	11.4	2.8	2.0	-105.6	90.3	22.7	-255.2	68.1	6046.9	384.8	-96.1	
96.25	102.7	11.5	3.1	2.0	-104.4	90.4	20.6	-254.3	65.4	5962.1	335.2	-93.8	
96.30	102.8	11.5	-18.5	1.5	-103.5	90.4	17.4	-254.7	64.5	5899.6	240.3	-102.2	
96.35	102.8	11.1	-13.4	1.1	-103.4	90.5	14.9	-255.5	66.3	5891.5	124.6	-100.9	
96.40	102.9	11.1	-9.1	0.8	-103.4	90.6	15.0	-254.7	65.2	5890.4	102.7	-98.6	
96.45	102.9	11.2	-5.3	0.6	-103.2	90.6	15.6	-254.0	61.9	5880.6	129.6	-94.5	
96.50	103.0	10.9	-3.3	0.5	-103.5	90.6	14.3	-257.3	61.9	5897.1	100.6	-94.9	
96.55	103.0	10.8	-3.1	0.3	-103.9	90.6	12.9	-260.6	63.3	5914.0	48.9	-99.6	
96.60	103.1	10.8	-1.3	0.3	-103.8	90.7	14.1	-260.1	61.5	5913.5	94.9	-97.1	
96.65	103.1	10.9	0.2	0.2	-103.8	90.7	15.5	-258.2	58.2	5916.0	173.6	-94.7	
96.70	103.2	10.9	0.0	0.1	-104.3	90.7	13.2	-259.4	59.5	5949.5	122.2	-98.0	
96.75	103.2	11.0	-0.7	0.1	-104.7	90.7	10.8	-262.8	61.5	5971.5	45.3	-102.5	
96.80	103.2	11.2	-0.2	0.1	-104.5	90.7	11.4	-263.8	59.8	5955.0	77.0	-101.8	
96.85	103.3	11.1	0.5	0.1	-104.1	90.7	12.7	-260.4	58.7	5936.9	137.0	-99.7	
96.90	103.3	11.1	0.7	0.0	-103.8	90.7	14.2	-256.8	60.9	5918.6	158.1	-99.5	
96.95	103.3	11.3	1.3	0.0	-103.3	90.7	17.1	-256.8	63.2	5876.2	204.7	-97.2	
97.00	103.4	11.3	2.6	0.0	-102.7	90.7	20.3	-257.4	62.0	5824.4	310.1	-92.8	
97.05	103.4	11.4	2.4	0.0	-102.9	90.7	21.8	-256.8	61.7	5843.7	375.1	-93.8	
97.10	103.4	11.6	2.0	0.0	-104.3	90.7	23.1	-257.8	65.0	5940.9	394.1	-97.0	
97.15	103.5	11.5	2.1	0.0	-105.5	90.7	25.2	-259.8	66.6	6020.5	442.8	-98.0	
97.20	103.5	11.2	2.5	0.0	-106.0	90.7	25.4	-260.0	64.9	6051.5	491.2	-97.0	
97.25	103.5	10.9	2.0	0.0	-106.3	90.7	22.3	-259.7	64.5	6082.5	457.4	-99.1	
97.30	103.5	10.7	1.0	0.0	-106.9	90.7	20.3	-260.2	66.4	6127.6	423.0	-103.4	
97.35	103.6	10.4	1.5	0.0	-107.6	90.7	23.2	-260.8	66.3	6169.7	514.6	-102.4	
97.40	103.6	10.1	2.4	0.0	-108.2	90.7	26.8	-260.2	64.1	6207.5	649.8	-99.9	
97.45	103.6	10.0	1.9	0.0	-109.2	90.7	27.7	-262.7	64.6	6269.8	693.3	-102.7	
97.50	103.7	9.8	1.3	0.0	-110.1	90.7	29.0	-268.2	66.5	6320.6	719.6	-105.5	
97.55	103.7	9.6	2.1	0.0	-110.0	90.7	32.2	-268.3	64.7	6297.9	818.7	-102.8	
97.60	103.7	9.6	2.3	0.0	-108.9	90.7	33.7	-261.6	62.6	6224.7	878.5	-101.0	
97.65	103.8	9.8	1.9	0.0	-107.7	90.7	32.8	-257.8	64.0	6153.4	831.3	-101.2	
97.70	103.8	10.0	1.7	0.0	-106.8	90.7	31.1	-259.0	64.4	6083.9	775.6	-100.9	
97.75	103.8	10.1	1.7	0.0	-106.0	90.7	29.0	-258.5	61.5	6030.1	760.4	-100.1	
97.80	103.9	10.2	1.0	0.0	-106.1	90.7	27.2	-257.2	60.2	6048.9	730.1	-102.6	
97.85	103.9	10.1	0.2	0.0	-107.0	90.7	27.3	-260.5	62.4	6114.4	688.9	-106.2	
97.90	103.9	9.8	0.7	0.0	-107.5	90.7	28.4	-264.8	63.2	6135.0	684.3	-105.0	
97.95	104.0	9.4	1.0	0.0	-106.7	90.7	26.8	-263.8	61.6	6079.5	653.0	-103.3	
98.00	104.0	9.2	0.6	0.0	-105.4	90.7	23.4	-260.2	61.5	6003.6	546.7	-103.3	
98.05	104.0	9.4	0.8	0.0	-104.2	90.7	22.7	-258.4	63.2	5930.7	450.1	-101.6	
98.10	104.0	9.5	2.1	0.0	-103.7	90.7	23.7	-258.8	64.4	5893.9	398.8	-96.6	
98.15	104.1	9.5	2.5	0.0	-103.6	90.7	22.3	-258.2	64.5	5891.8	330.3	-95.2	
98.20	104.1	9.4	1.7	0.0	-103.6	90.7	18.9	-257.7	65.2	5899.6	222.9	-97.7	
98.25	104.1	9.5	1.7	0.0	-103.6	90.7	17.9	-259.6	66.8	5888.1	150.1	-97.6	
98.30	104.1	9.5	3.0	0.0	-102.8	90.7	19.0	-258.8	68.0	5831.7	140.6	-92.4	
98.35	104.1	9.4	4.0	0.0	-101.4	90.7	18.4	-252.4	67.9	5744.0	123.0	-87.6	
98.40	104.2	9.9	3.7	0.0	-100.1	90.7	16.5	-247.8	67.8	5666.0	70.5	-87.5	
98.45	104.2	10.1	3.0	0.0	-99.9	90.7	15.2	-250.0	68.2	5638.0	20.2	-89.5	
98.50	104.2	10.3	2.8	0.0	-100.5	90.7	14.6	-253.0	68.0	5679.8	12.1	-91.0	
98.55	104.2	10.5	2.5	0.0	-101.6	90.7	15.3	-252.6	67.6	5761.0	38.7	-93.0	
98.60	104.2	10.4	2.3	0.0	-102.6	90.7	17.6	-253.5	67.8	5835.4	92.5	-94.6	
98.65	104.3	10.4	2.3	0.0	-103.4	90.7	19.5	-257.0	68.9	5882.4	146.8	-95.5	
98.70	104.3	10.4	2.7	0.0	-103.5	90.7	20.6	-256.7	68.6	5888.5	219.6	-94.2	
98.75	104.3	10.2	3.2	0.0	-103.1	90.7	23.1	-251.7	67.2	5870.2	340.0	-92.0	
98.80	104.3	10.0	3.8	0.0	-103.1	90.7	27.7	-249.4	67.0	5865.0	481.1	-89.9	
98.85	104.4	10.2	3.5	0.0	-103.6	90.7	31.4	-251.1	67.9	5882.7	593.7	-91.5	
98.90	104.4	10.2	2.3	0.0	-104.1	90.7	31.9	-252.5	67.8	5910.3	666.7	-96.2	
98.95	104.4	10.2	1.2	0.0	-104.4	90.7	32.0	-252.8	67.0	5921.0	736.9	-100.3	
99.00	104.4	10.5	0.4	0.0	-104.4	90.7	33.9	-253.6	67.3	5907.3	813.9	-103.0	
99.05	104.5	10.5	1.0	0.0	-104.2	90.7	35.0	-254.0	68.5	5882.3	875.0	-100.6	
99.10	104.5	10.4	0.3	0.0	-103.6	90.7	35.3	-251.5	68.7	5835.7	922.9	-102.7	
99.15	104.5	10.6	0.1	0.0	-103.0	90.7	36.3	-249.4	69.1	5789.2	969.3	-102.8	
99.20	104.5	10.7	0.0	0.0	-102.8	90.7	38.4	-249.6	69.9	5766.0	1021.6	-102.8	
99.25	104.6	10.7	0.4	0.0	-103.2	90.7	40.3	-250.4	71.1	5779.6	1070.3	-101.8	
99.30	104.6	10.7	0.6	0.0	-103.7	90.7	41.4	-250.6	72.7	5810.3	1093.3	-101.7	
99.35	104.6	10.7	0.2	0.0	-103.7	90.7	40.8	-250.7	74.1	5815.0	1068.3	-103.0	
99.40	104.6	10.7	0.3	0.0	-103.1	90.7	38.3	-251.3	74.4	5781.7	1008.8	-102.2	
99.45	104.7	10.5	-0.4	0.0	-102.1	90.7	35.1	-251.1	74.6	5719.4	912.7	-103.5	
99.50	104.7	10.2	-0.6	0.0	-101.1	90.7	31.9	-250.7	75.9	5666.7	792.4	-103.2	
99.55	104.7	10.0	-0.5	0.0	-100.3	90.7	30.4	-249.8	76.2	5620.5	711.8	-102.1	
99.60	104.7	10.0	0.1	0.0	-99.8	90.7	29.1	-248.6	75.1	5592.8	658.0	-99.4	
99.65	104.8	10.0	0.4	0.0	-99.6	90.7	26.8	-248.1	75.5	5583.7	567.8	-98.1	
99.70	104.8	10.3	0.7	0.0	-99.2	90.7	25.1	-248.4	76.5	5564.8	467.3	-96.7	
99.75	104.8	10.7	1.9	0.0	-98.3	90.7	24.9	-246.9	76.2	5509.8	397.7	-91.8	
99.80	104.9	11.1	2.7	0.0	-97.4	90.7	23.3	-243.8	75.5	5456.5	305.4	-88.2	
99.85	104.9	11.4	2.8	0.0	-96.8	90.7	20.0	-241.0	75.1	5419.8	186.9	-87.0	
99.90	104.9	11.6	2.5	0.0	-96.4	90.7	17.5	-240.6	74.5	5398.2	73.2	-87.7	
99.95	104.9	11.4	2.6	0.0	-96.4	90.7	16.0	-242.2	73.7	5396.6	-14.6	-87.7	
100.00	105.0	11.2	2.7	0.0	-97.0	90.7	14.7	-244.2	73.5	5433.8	-72.2	-87.7	
100.05	105.0	11.2	2.8	0.0	-97.8	90.7	14.3	-245.1	74.2	5488.1	-98.8	-88.0	
100.10	105.0	11.3	2.7	0.0	-98.1	90.7	14.8	-244.8	74.1	5514.1	-88.3	-89.0	
100.15	105.1	11.2	3.2	0.0	-98.0	90.7	15.0	-244.1	73.2	5511.6	-60.7	-87.1	
100.20	105.1	11.2	3.7	0.0	-97.9	90.7	15.1	-243.0	73.8	5506.9	-45.1	-85.2	
100.25	105.1	11.6	3.9	0.0	-98.1	90.7	16.5	-242.7	75.4	5523.2	-15.9	-84.9	
100.30	105.1	11.7	3.7	0.0	-98.7	90.7	19.6	-243.8	75.7	5563.7	72.7	-85.9	
100.35	105.2	11.8	3.1	0.0	-99.6	90.7	21.3	-244.7	76.3	5623.3	157.1	-88.8	
100.40	105.2	11.9	2.7	0.0	-100.4	90.7	22.1	-246.3	77.8	5677.6	236.8	-91.0	
100.45	105.2	11.9	2.6	0.0	-100.5	90.7	24.1	-246.7	78.9	5676.1	345.8	-91.6	
100.50	105.3	12.1	2.3	0.0	-100.1	90.7	27.2	-245.6	79.5	5640.8	476.6	-92.1	
100.55	105.3	12.5	2.0	0.0	-100.0	90.7	29.1	-244.3	80.3	5621.5	596.5	-93.0	
100.60	105.3	12.6	1.6	0.0	-100.5	90.7	30.1	-244.5	80.5	5641.0	716.3	-95.0	
100.65	105.4	12.5	0.9	0.0	-101.5	90.7	32.1	-246.8	80.1	5695.4	842.5	-98.5	
100.70	105.4	12.2	0.5	0.0	-102.8	90.7	34.6	-249.5	80.2	5769.0	947.7	-101.1	
100.75	105.4	11.9	0.2	0.0	-103.9	90.7	36.2	-251.0	81.0	5836.9	1023.5	-103.3	
100.80	105.5	11.6	-0.1	0.0	-104.5	90.7	37.2	-251.0	81.6	5869.1	1076.0	-104.9	
100.85	105.5	11.4	-0.5	0.0	-104.1	90.7	37.5	-249.2	80.9	5841.5	1111.1	-105.9	
100.90	105.6	11.0	-0.3	0.0	-103.2	90.7	36.6	-246.7	79.6	5780.8	1116.7	-104.2	
100.95	105.6	11.0	-0.2	0.0	-102.7	90.7	36.3	-246.7	78.9	5739.9	1099.7	-103.3	
101.00	105.6	11.0	-0.0	0.0	-102.8	90.7	36.9	-249.4	79.0	5750.1	1070.8	-102.9	
101.05	105.7	11.0	-0.5	0.0	-103.3	90.7	36.0	-251.4	78.2	5791.9	1018.0	-105.0	
101.10	105.7	10.9	-0.5	0.0	-103.6	90.7	33.6	-251.9	76.3	5826.2	942.3	-105.4	
101.15	105.8	11.1	-0.1	0.0	-103.2	90.7	30.9	-252.4	75.7	5812.2	827.5	-103.4	
101.20	105.8	11.5	0.6	0.0	-102.0	90.7	27.7	-251.5	76.7	5744.9	663.7	-99.9	
101.25	105.8	11.8	1.2	0.0	-100.3	90.7	23.8	-247.2	76.9	5652.4	480.7	-96.3	
101.30	105.9	11.9	1.3	0.0	-98.9	90.7	19.8	-242.6	75.5	5573.9	312.9	-94.4	
101.35	105.9	12.0	2.2	0.0	-98.7	90.7	16.6	-243.3	75.3	5559.4	160.6	-91.0	
101.40	105.9	11.4	3.1	0.0	-99.3	90.7	15.0	-247.3	76.5	5597.9	29.7	-88.8	
101.45	106.0	11.2	3.3	0.0	-100.0	90.7	13.6	-249.6	76.9	5640.1	-75.3	-88.7	
101.50	106.0	11.2	3.1	0.0	-100.0	90.7	12.5	-249.0	76.6	5647.0	-147.6	-89.3	
101.55	106.0	11.5	3.6	0.0	-99.7	90.7	11.4	-247.9	77.8	5619.9	-219.1	-87.3	
101.60	106.1	11.4	4.1	0.0	-98.8	90.7	9.3	-245.2	79.4	5554.1	-304.1	-84.6	
101.65	106.1	11.2	4.8	0.0	-97.6	90.7	6.8	-241.5	79.0	5475.2	-362.3	-81.2	
101.70	106.1	11.2	5.0	0.0	-97.3	90.7	5.2	-240.7	78.2	5450.8	-388.7	-80.3	
101.75	106.2	11.1	4.3	0.0	-98.3	90.7	5.2	-243.9	79.2	5518.6	-385.5	-83.4	
101.80	106.2	11.1	3.3	0.0	-99.7	90.7	6.8	-247.4	80.4	5618.9	-324.8	-88.5	
101.85	106.2	11.5	3.3	0.0	-100.3	90.7	10.4	-248.3	79.9	5664.6	-177.3	-88.9	
101.90	106.3	11.1	3.2	0.0	-100.0	90.7	14.9	-248.0	79.8	5644.7	-7.2	-89.0	
101.95	106.3	10.9	3.0	0.0	-99.2	90.7	17.7	-245.5	80.5	5585.9	133.0	-88.8	
102.00	106.4	10.9	2.8	0.0	-98.1	90.7	19.8	-241.1	79.9	5512.9	273.1	-88.5	
102.05	106.4	10.9	2.2	0.0	-97.7	90.7	23.3	-239.2	78.7	5480.2	426.3	-90.2	
102.10	106.5	11.1	1.4	0.0	-98.8	90.7	26.3	-243.0	78.7	5538.6	560.6	-93.8	
102.15	106.5	11.2	0.4	0.0	-100.6	90.7	27.7	-248.0	78.7	5649.6	673.3	-99.3	
102.20	106.5	11.1	-1.0	0.0	-101.9	90.7	28.8	-249.7	77.3	5727.1	796.2	-105.2	
102.25	106.6	11.0	-1.7	0.0	-102.0	90.7	30.9	-248.9	76.3	5723.6	913.3	-107.8	
102.30	106.6	10.9	-1.3	0.0	-101.4	90.7	33.9	-247.1	77.2	5657.9	1007.8	-105.7	
102.35	106.7	11.0	-0.6	0.0	-100.8	90.7	36.3	-245.7	77.9	5604.3	1081.1	-102.9	
102.40	106.7	11.3	-0.5	0.0	-100.9	90.7	37.0	-244.5	76.7	5603.1	1137.1	-102.6	
102.45	106.8	11.5	-0.8	0.0	-101.9	90.7	36.9	-246.5	75.5	5669.2	1160.9	-104.6	
102.50	106.8	11.6	-1.1	0.0	-103.4	90.7	37.7	-252.4	76.7	5777.9	1135.0	-107.1	
102.55	106.8	11.6	-1.2	0.0	-104.6	90.7	38.0	-257.2	79.0	5863.5	1065.1	-108.6	
102.60	106.9	11.6	-0.8	0.0	-104.4	90.7	36.0	-255.9	79.2	5869.8	975.1	-107.1	
102.65	106.9	11.7	-0.0	0.0	-103.1	90.7	31.8	-251.2	78.7	5803.2	852.9	-103.2	
102.70	106.9	11.7	0.8	0.0	-101.4	90.7	28.0	-247.5	79.5	5706.1	714.0	-98.7	
102.75	106.9	11.7	1.5	0.0	-100.1	90.7	25.1	-245.0	80.7	5627.0	570.0	-94.8	
102.80	107.0	11.7	2.2	0.0	-99.5	90.7	23.0	-243.3	81.3	5602.7	433.2	-92.1	
102.85	107.0	11.9	2.9	0.0	-99.8	90.7	21.5	-244.4	81.6	5628.0	324.7	-89.8	
102.90	107.0	11.9	2.6	0.0	-100.3	90.7	20.0	-247.1	82.4	5659.9	223.8	-91.3	
102.95	107.1	11.7	2.9	0.0	-99.9	90.7	18.1	-246.6	82.9	5640.3	116.9	-90.1	
103.00	107.1	11.7	3.6	0.0	-98.4	90.7	16.4	-242.0	82.3	5538.3	15.4	-85.9	
103.05	107.1	11.9	4.5	0.0	-96.7	90.7	15.3	-238.1	82.5	5424.3	-80.8	-81.3	
103.10	107.2	12.4	4.8	0.0	-96.3	90.7	14.3	-238.4	83.6	5391.7	-168.8	-80.0	
103.15	107.2	12.6	4.4	0.0	-97.0	90.7	12.7	-239.7	82.9	5440.0	-217.0	-81.8	
103.20	107.3	12.8	4.2	0.0	-98.2	90.7	11.8	-241.4	80.7	5522.8	-201.9	-83.9	
103.25	107.3	13.1	4.0	0.0	-99.2	90.7	13.1	-244.9	80.0	5595.0	-152.5	-85.6	
103.30	107.3	13.0	3.6	0.0	-99.7	90.7	15.1	-247.2	81.1	5623.2	-103.1	-87.4	
103.35	107.4	12.7	3.5	0.0	-99.3	90.7	16.4	-245.6	81.2	5594.5	-33.5	-87.4	
103.40	107.4	12.3	3.4	0.0	-98.4	90.7	17.6	-242.8	79.7	5539.0	67.2	-86.8	
103.45	107.5	12.4	2.9	0.0	-98.1	90.7	19.2	-242.7	79.2	5511.9	164.7	-88.3	
103.50	107.5	12.4	2.0	0.0	-98.5	90.7	20.8	-244.8	80.2	5537.8	243.8	-91.7	
103.55	107.5	12.1	1.4	0.0	-99.4	90.7	23.4	-246.8	80.6	5589.5	348.3	-94.7	
103.60	107.6	12.3	0.8	0.0	-100.2	90.7	27.3	-248.6	80.8	5637.4	491.3	-97.4	
103.65	107.6	12.2	0.6	0.0	-100.8	90.7	30.5	-249.5	82.0	5663.3	633.7	-98.9	
103.70	107.7	11.9	0.6	0.0	-100.6	90.7	32.7	-246.9	83.3	5636.3	764.4	-98.7	
103.75	107.7	11.9	1.2	0.0	-99.8	90.7	35.4	-242.6	84.2	5565.4	892.4	-95.6	
103.80	107.7	11.9	1.3	0.0	-99.3	90.7	38.0	-241.1	84.6	5511.2	993.4	-94.7	
103.85	107.8	11.9	0.3	0.0	-99.8	90.7	38.2	-242.7	85.8	5540.0	1023.7	-98.9	
103.90	107.8	11.5	-0.6	0.0	-101.1	90.7	37.4	-245.1	87.4	5629.1	1023.1	-103.3	
103.95	107.8	11.4	-1.1	0.0	-101.9	90.7	37.9	-246.2	87.3	5682.9	1055.3	-105.6	
104.00	107.8	11.4	-0.8	0.0	-101.9	90.7	38.6	-246.2	87.6	5679.3	1073.3	-104.5	
104.05	107.9	11.1	-0.7	0.0	-101.5	90.7	38.7	-246.2	89.9	5652.4	1041.0	-103.7	
104.10	107.9	11.2	-0.3	0.0	-101.0	90.7	38.7	-244.5	91.0	5621.7	1019.6	-102.1	
104.15	108.0	11.4	0.8	0.0	-100.8	90.7	40.2	-242.0	89.7	5609.3	1043.1	-98.1	
104.20	108.0	11.2	1.6	0.0	-101.1	90.7	41.7	-242.2	89.6	5637.9	1035.2	-95.7	
104.25	108.0	11.1	1.8	0.0	-101.7	90.7	40.9	-244.8	91.1	5684.9	955.2	-95.7	
104.30	108.1	11.1	1.3	0.0	-101.6	90.7	38.3	-245.4	91.3	5692.3	848.9	-97.2	
104.35	108.1	11.1	1.3	0.0	-100.5	90.7	35.2	-242.4	89.6	5633.7	747.9	-95.9	
104.40	108.1	11.0	1.7	0.0	-99.0	90.7	31.7	-239.9	89.1	5548.1	628.7	-93.1	
104.45	108.2	10.9	1.8	0.0	-97.8	90.7	28.1	-238.9	90.3	5471.1	489.4	-91.7	
104.50	108.2	11.0	1.6	0.0	-96.8	90.7	25.7	-237.4	90.0	5407.4	387.3	-91.2	
104.55	108.3	11.2	1.8	0.0	-96.1	90.7	24.5	-235.7	87.9	5367.6	341.0	-90.1	
104.60	108.3	11.3	2.0	0.0	-96.3	90.7	24.3	-236.9	87.7	5378.7	303.3	-89.3	
104.65	108.4	11.3	2.3	0.0	-96.8	90.7	24.7	-239.6	89.3	5414.1	264.3	-88.8	
104.70	108.4	11.3	2.9	0.0	-97.0	90.7	24.9	-240.0	89.5	5424.2	247.5	-87.2	
104.75	108.4	11.4	3.2	0.0	-96.5	90.7	24.3	-237.5	88.6	5399.4	229.3	-85.6	
104.80	108.5	11.8	3.6	0.0	-96.1	90.7	22.6	-235.8	89.8	5370.7	176.7	-83.7	
104.85	108.5	12.2	3.3	0.0	-95.8	90.7	20.4	-236.1	91.5	5348.8	119.6	-84.5	
104.90	108.6	12.5	2.7	0.0	-95.7	90.7	19.3	-236.3	91.3	5341.1	107.5	-86.5	
104.95	108.6	12.6	2.1	0.0	-96.0	90.7	19.0	-237.1	90.5	5364.2	129.6	-88.9	
105.00	108.7	12.5	1.7	0.0	-96.9	90.7	19.6	-240.3	91.8	5419.8	169.2	-91.2	
105.05	108.7	12.7	1.8	0.0	-97.6	90.7	21.5	-242.6	93.8	5464.7	238.5	-91.3	
105.10	108.7	12.9	1.9	0.0	-97.6	90.7	24.0	-240.7	93.9	5458.9	335.2	-91.1	
105.15	108.8	13.2	2.0	0.0	-97.1	90.7	26.2	-237.8	94.0	5424.3	421.4	-90.1	
105.20	108.8	13.3	2.0	0.0	-96.8	90.7	27.4	-237.5	95.9	5398.9	471.0	-89.8	
105.25	108.9	13.3	2.1	0.0	-97.0	90.7	28.4	-237.9	97.3	5404.3	517.6	-89.7	
105.30	108.9	13.1	1.8	0.0	-97.3	90.7	29.9	-236.5	96.3	5425.9	592.3	-91.1	
105.35	109.0	12.5	1.2	0.0	-97.9	90.7	31.2	-235.9	95.3	5466.6	662.5	-93.7	
105.40	109.0	12.1	1.0	0.0	-98.9	90.7	32.6	-240.0	96.4	5519.1	716.0	-95.4	
105.45	109.1	12.0	1.0	0.0	-99.7	90.7	34.2	-243.7	97.2	5559.5	782.1	-96.2	
105.50	109.1	12.0	0.9	0.0	-99.8	90.7	35.1	-240.8	95.5	5563.6	863.4	-96.8	
105.55	109.2	12.0	0.8	0.0	-99.5	90.7	35.4	-236.4	93.7	5547.2	921.6	-96.6	
105.60	109.2	11.9	1.3	0.0	-99.5	90.7	35.9	-237.3	94.7	5543.7	931.0	-95.1	
105.65	109.3	11.7	1.3	0.0	-99.8	90.7	36.2	-240.8	96.1	5560.7	914.9	-95.3	
105.70	109.3	12.1	1.1	0.0	-100.1	90.7	35.3	-240.1	94.5	5588.0	904.3	-96.5	
105.75	109.4	12.6	0.8	0.0	-100.4	90.7	33.9	-238.5	93.0	5617.4	890.3	-97.7	
105.80	109.4	12.6	1.1	0.0	-100.5	90.7	33.8	-240.4	94.7	5622.9	857.9	-96.7	
105.85	109.5	12.5	1.6	0.0	-99.7	90.7	34.3	-240.2	96.9	5569.5	817.0	-94.1	
105.90	109.5	12.4	1.7	0.0	-98.1	90.7	33.2	-235.0	95.7	5463.9	787.8	-92.2	
105.95	109.6	12.6	1.9	0.0	-96.7	90.7	31.3	-231.5	94.7	5376.5	741.7	-90.2	
106.00	109.6	12.7	1.8	0.0	-96.3	90.7	29.6	-233.4	96.7	5348.5	652.5	-90.2	
106.05	109.7	12.7	1.7	0.0	-96.2	90.7	27.9	-235.0	97.9	5347.4	556.5	-90.3	
106.10	109.7	12.5	1.7	0.0	-95.8	90.7	25.3	-233.8	96.5	5331.8	471.5	-90.0	
106.15	109.8	12.3	1.6	0.0	-95.5	90.7	22.1	-235.0	96.7	5317.3	361.1	-89.9	
106.20	109.8	12.3	1.7	0.0	-95.0	90.7	19.0	-236.2	98.8	5283.6	233.6	-89.3	
106.25	109.9	12.3	1.8	0.0	-93.9	90.7	17.3	-232.8	98.7	5208.5	156.0	-87.6	
106.30	109.9	13.0	2.7	0.0	-92.7	90.7	17.6	-229.5	97.5	5134.2	133.6	-83.5	
106.35	110.0	13.4	3.1	0.0	-92.7	90.7	18.4	-232.0	98.9	5124.3	106.6	-82.2	
106.40	110.1	13.6	3.1	0.0	-93.5	90.7	18.4	-236.0	100.8	5167.4	74.9	-82.6	
106.45	110.1	13.5	2.3	0.0	-93.9	90.7	18.2	-236.2	99.4	5198.3	87.2	-86.0	
106.50	110.2	13.3	2.4	0.0	-93.9	90.7	18.2	-235.9	97.7	5201.7	110.1	-85.5	
106.55	110.3	13.0	2.4	0.0	-93.6	90.7	17.7	-236.7	99.2	5178.1	82.2	-85.5	
106.60	110.3	12.8	2.0	0.0	-93.1	90.7	16.2	-235.8	100.7	5144.4	35.8	-86.3	
106.65	110.4	13.1	1.7	0.0	-92.6	90.7	14.6	-233.0	98.3	5117.0	49.2	-86.9	
106.70	110.4	13.3	1.7	0.0	-92.8	90.7	14.3	-232.2	96.1	5130.2	96.5	-87.0	
106.75	110.5	12.9	1.5	0.0	-93.9	90.7	15.8	-236.1	97.9	5205.5	135.8	-89.0	
106.80	110.6	12.7	1.4	0.0	-95.1	90.7	19.1	-239.1	99.2	5281.1	215.9	-90.3	
106.85	110.6	12.8	2.1	0.0	-95.6	90.7	22.4	-238.5	97.3	5314.0	345.7	-88.5	
106.90	110.7	13.3	2.4	0.0	-95.8	90.7	24.7	-237.2	96.4	5324.1	444.2	-87.5	
106.95	110.7	13.3	1.9	0.0	-95.9	90.7	25.8	-236.9	98.3	5329.1	483.7	-89.5	
107.00	110.8	13.1	1.9	0.0	-95.6	90.7	26.6	-234.7	99.1	5308.9	513.5	-89.0	
107.05	110.8	12.6	2.7	0.0	-95.4	90.7	27.2	-232.8	97.8	5297.8	551.5	-86.3	
107.10	110.9	12.4	2.1	0.0	-96.2	90.7	26.3	-234.7	98.3	5349.0	551.6	-89.0	
107.15	110.9	12.3	1.4	0.0	-97.4	90.7	25.2	-238.3	100.5	5434.9	536.9	-92.7	
107.20	111.0	12.3	0.9	0.0	-98.0	90.7	26.2	-238.7	100.8	5470.9	581.1	-94.9	
107.25	111.1	12.1	1.3	0.0	-97.6	90.7	28.6	-236.2	100.2	5440.6	661.4	-93.1	
107.30	111.1	11.9	1.8	0.0	-97.0	90.7	30.4	-235.0	102.2	5392.5	700.4	-90.9	
107.35	111.2	11.9	1.8	0.0	-96.5	90.7	31.1	-234.2	104.2	5350.6	708.9	-90.4	
107.40	111.2	11.9	2.1	0.0	-96.2	90.7	31.4	-232.7	103.2	5328.5	730.7	-88.8	
107.45	111.3	12.1	2.3	0.0	-96.6	90.7	31.5	-233.4	102.5	5356.2	728.6	-88.7	
107.50	111.4	12.2	1.7	0.0	-97.5	90.7	31.2	-237.6	104.8	5423.8	672.1	-91.9	
107.55	111.4	12.5	1.0	0.0	-98.1	90.7	29.8	-239.7	106.2	5463.9	615.1	-94.6	
107.60	111.5	12.6	1.1	0.0	-97.4	90.7	28.3	-236.3	104.3	5428.2	597.1	-93.5	
107.65	111.6	12.5	1.5	0.0	-96.1	90.7	27.2	-232.2	102.7	5341.1	579.3	-90.9	
107.70	111.6	12.4	1.9	0.0	-94.9	90.7	26.5	-231.7	103.8	5260.5	540.0	-88.5	
107.75	111.7	12.1	2.1	0.0	-94.5	90.7	26.4	-232.7	104.3	5223.5	515.3	-87.4	
107.80	111.8	11.8	1.6	0.0	-94.8	90.7	26.9	-233.7	102.7	5246.0	525.0	-89.3	
107.85	111.8	12.1	1.2	0.0	-95.8	90.7	26.5	-236.3	101.7	5318.2	511.7	-91.6	
107.90	111.9	12.3	1.0	0.0	-96.5	90.7	24.6	-239.0	102.3	5368.0	445.5	-93.0	
107.95	112.0	12.5	1.5	0.0	-96.0	90.7	22.9	-238.3	103.0	5336.6	360.4	-90.7	
108.00	112.0	12.8	2.4	0.0	-94.3	90.7	21.8	-233.1	102.7	5230.5	296.0	-86.2	
108.05	112.1	12.7	3.0	0.0	-92.9	90.7	21.2	-228.4	102.7	5142.8	256.7	-82.5	
108.10	112.1	12.5	2.9	0.0	-92.7	90.7	20.4	-227.2	103.2	5130.8	231.6	-82.6	
108.15	112.2	12.2	2.7	0.0	-93.4	90.7	20.1	-229.2	103.4	5178.3	224.1	-84.0	
108.20	112.3	12.4	2.6	0.0	-94.4	90.7	21.2	-232.9	103.8	5244.0	229.3	-85.5	
108.25	112.3	12.5	2.7	0.0	-95.4	90.7	22.5	-236.7	105.1	5304.4	229.2	-86.0	
108.30	112.4	12.5	2.8	0.0	-95.6	90.7	21.6	-236.9	105.9	5319.0	205.6	-86.0	
108.35	112.4	12.5	2.8	0.0	-94.8	90.7	20.3	-233.3	106.3	5267.7	176.5	-85.0	
108.40	112.5	12.5	3.1	0.0	-93.5	90.7	20.4	-229.6	106.8	5185.0	169.8	-82.7	
108.45	112.6	12.4	3.4	0.0	-93.0	90.7	21.3	-228.6	107.8	5143.8	183.8	-81.5	
108.50	112.6	12.5	3.2	0.0	-93.7	90.7	22.8	-229.8	109.7	5188.9	213.6	-82.7	
108.55	112.7	12.6	2.8	0.0	-95.1	90.7	25.6	-231.9	110.7	5289.4	296.6	-85.4	
108.60	112.8	12.4	2.6	0.0	-96.5	90.7	29.5	-234.5	110.6	5377.5	429.2	-87.5	
108.65	112.8	12.6	2.6	0.0	-97.1	90.7	31.9	-235.6	110.8	5404.5	532.7	-88.1	
108.70	112.9	12.7	2.3	0.0	-96.6	90.7	32.8	-234.9	112.3	5360.7	589.0	-88.8	
108.75	113.0	12.6	2.1	0.0	-95.4	90.7	34.1	-232.0	113.0	5269.5	656.5	-88.3	
108.80	113.0	12.6	2.1	0.0	-94.5	90.7	35.6	-229.0	112.3	5201.0	754.1	-87.3	
108.85	113.1	12.4	1.4	0.0	-94.6	90.7	36.1	-228.0	111.8	5199.9	836.8	-89.8	
108.90	113.2	12.0	0.3	0.0	-95.5	90.7	36.3	-230.6	112.5	5251.7	890.9	-94.3	
108.95	113.2	12.3	-0.3	0.0	-96.4	90.7	38.5	-234.2	113.1	5295.4	966.0	-97.3	
109.00	113.3	12.4	-0.3	0.0	-96.7	90.7	41.1	-234.5	112.5	5297.9	1054.1	-97.8	
109.05	113.4	12.4	-0.3	0.0	-96.4	90.7	42.1	-231.8	112.5	5269.0	1105.6	-97.3	
109.10	113.5	12.9	-0.8	0.0	-95.5	90.7	42.4	-229.3	113.2	5202.8	1125.8	-98.1	
109.15	113.5	13.2	0.2	0.0	-94.6	90.7	42.5	-228.5	112.8	5135.5	1132.9	-93.8	
109.20	113.6	13.3	0.1	0.0	-94.1	90.7	41.4	-228.0	112.3	5108.1	1102.2	-93.7	
109.25	113.7	13.0	-0.3	0.0	-94.5	90.7	39.9	-229.0	113.3	5145.6	1035.2	-95.6	
109.30	113.7	12.7	-0.5	0.0	-95.1	90.7	39.4	-231.8	114.1	5198.3	976.4	-96.9	
109.35	113.8	12.7	-0.2	0.0	-95.0	90.7	37.9	-232.4	113.9	5199.1	908.0	-95.7	
109.40	113.9	13.0	0.0	0.0	-94.0	90.7	34.4	-230.9	114.1	5146.7	790.8	-93.9	
109.45	114.0	13.2	0.2	0.0	-92.5	90.7	31.0	-228.5	114.8	5063.1	647.8	-92.0	
109.50	114.0	13.2	0.9	0.0	-91.2	90.7	29.3	-226.1	115.6	4986.6	523.3	-88.3	
109.55	114.1	13.2	1.9	0.0	-90.7	90.7	28.4	-224.9	116.5	4957.0	423.6	-84.1	
109.60	114.2	13.2	2.5	0.0	-91.0	90.7	27.3	-226.1	117.5	4983.1	329.4	-82.5	
109.65	114.2	13.1	2.1	0.0	-91.6	90.7	25.9	-228.5	118.2	5031.2	235.3	-84.4	
109.70	114.3	12.8	2.3	0.0	-91.8	90.7	24.6	-228.7	119.0	5046.0	152.8	-84.1	
109.75	114.4	12.5	3.3	0.0	-91.3	90.7	24.0	-227.6	120.1	5014.6	91.2	-80.1	
109.80	114.5	12.4	4.0	0.0	-90.5	90.7	23.0	-224.9	121.7	4961.4	35.1	-76.7	
109.85	114.5	12.5	4.1	0.0	-89.8	90.7	20.9	-222.0	121.5	4917.6	-7.6	-75.8	
109.90	114.6	12.6	4.0	0.0	-89.5	90.7	18.9	-220.5	119.8	4896.2	-22.1	-75.6	
109.95	114.7	12.5	3.5	0.0	-90.1	90.7	18.8	-223.2	120.1	4938.1	-13.6	-78.0	
