Time[s]	Rotor azimuth angle[deg]	Hub wind speed magnitude[m/s]	ACTTORQUE1[Nm]	PITRAT1[deg/s]	PITFRIC1[kNm]	PITCH1[deg]	Blade root 1 Fx[KN]	Blade root 1 Fy[KN]	Blade root 1 Fz[KN]	Blade root 1 Mx[kNm]	Blade root 1 My[kNm]	Blade root 1 Mz[kNm]	
END_OF_HEADER
50.00	285.0	12.2	-42.8	-0.0	236.8	-0.3	304.1	259.8	596.3	-5524.9	14121.3	89.8	
50.05	287.7	12.1	-51.4	-0.0	242.1	-0.3	327.8	244.4	583.9	-5145.7	14674.6	65.7	
50.10	290.3	12.2	96.1	0.2	-246.0	-0.3	344.7	232.7	573.3	-4828.7	15075.1	58.2	
50.15	293.0	12.3	86.6	0.2	-245.6	-0.3	345.8	226.4	562.4	-4596.4	15136.0	58.2	
50.20	295.7	12.3	-59.2	-0.0	242.2	-0.3	335.6	224.1	546.9	-4316.2	14990.6	61.3	
50.25	298.3	12.4	-46.3	-0.0	235.7	-0.3	315.8	214.6	529.4	-4116.5	14614.0	75.8	
50.30	301.0	12.9	-39.1	-0.0	227.9	-0.3	296.4	206.8	517.5	-4075.9	14082.7	93.1	
50.35	303.7	13.1	-35.3	-0.0	222.0	-0.3	286.3	209.4	509.1	-3995.7	13672.2	100.6	
50.40	306.3	13.0	-35.0	-0.0	218.9	-0.3	282.2	206.1	497.7	-3806.1	13504.5	98.4	
50.45	309.0	12.9	-35.8	-0.0	218.6	-0.3	283.1	195.0	484.0	-3613.7	13568.0	95.6	
50.50	311.6	12.8	-37.9	-0.0	221.8	-0.3	293.3	186.0	473.5	-3439.4	13858.0	91.6	
50.55	314.3	12.7	100.8	0.2	-225.9	-0.3	304.6	173.1	465.5	-3239.0	14218.8	95.6	
50.60	317.0	12.6	93.2	0.1	-229.2	-0.3	310.1	154.1	455.6	-2976.8	14554.6	96.7	
50.65	319.8	12.4	-35.5	-0.0	240.7	-0.3	302.8	187.6	447.3	-4769.2	14964.6	141.3	
50.70	322.5	12.3	-30.6	-0.0	246.4	-0.3	314.9	141.2	443.2	-4595.6	15502.0	140.2	
50.75	325.2	12.4	-57.3	-0.0	259.8	-0.3	381.4	197.5	446.5	-3840.2	16496.0	62.2	
50.80	328.0	12.2	138.1	0.5	-248.1	-0.3	324.0	118.6	449.6	-3806.5	15846.6	160.4	
50.85	330.7	12.1	133.8	0.9	-249.5	-0.2	325.3	124.9	445.3	-3198.5	16079.8	160.8	
50.90	333.4	12.1	112.1	1.2	-266.9	-0.2	389.2	160.3	443.0	-2652.7	17295.5	81.6	
50.95	336.2	12.5	123.3	1.4	-269.5	-0.1	371.6	57.1	435.7	-3018.0	17577.0	126.8	
51.00	339.0	12.6	116.9	1.5	-275.1	-0.0	386.3	53.5	429.4	-2443.0	18059.0	105.9	
51.05	341.6	12.2	100.7	1.7	-276.9	0.0	410.0	115.2	436.5	-1514.3	18186.7	53.7	
51.10	344.4	12.4	117.5	1.7	-259.5	0.1	349.5	81.2	441.6	-1440.7	17066.5	132.6	
51.15	347.2	12.5	116.9	1.8	-255.1	0.2	338.3	89.1	445.5	-934.7	16788.0	137.8	
51.20	349.9	12.4	99.9	1.9	-262.5	0.3	369.7	84.5	449.4	-391.5	17277.5	74.2	
51.25	352.7	12.7	107.7	1.9	-262.9	0.4	360.5	11.2	444.4	-378.5	17373.3	102.2	
51.30	355.5	12.7	108.7	1.9	-268.4	0.5	374.8	34.6	450.7	167.4	17741.4	101.2	
51.35	358.3	12.7	101.2	1.9	-273.1	0.6	389.1	57.5	466.3	684.2	18020.4	71.6	
51.40	1.1	12.8	111.2	2.0	-271.5	0.7	371.1	-16.9	466.0	699.3	17962.3	108.4	
51.45	4.0	12.9	109.8	2.0	-280.7	0.8	394.9	-48.7	467.2	1089.4	18562.7	94.9	
51.50	6.8	13.0	100.6	2.0	-288.7	0.9	417.5	-66.5	477.0	1411.1	19067.9	55.5	
51.55	9.7	12.8	105.9	2.0	-287.6	1.0	406.6	-98.9	479.0	1562.3	18983.8	75.1	
51.60	12.5	12.5	102.9	2.0	-291.6	1.1	420.4	-73.4	479.2	2240.9	19196.2	61.0	
51.65	15.3	12.1	94.8	2.0	-292.8	1.2	422.6	-78.5	487.9	2645.9	19223.8	32.0	
51.70	18.2	11.8	98.6	2.0	-287.7	1.3	406.3	-133.3	493.7	2652.2	18828.0	50.6	
51.75	21.0	11.9	94.9	2.0	-287.2	1.4	418.2	-130.3	501.8	3165.9	18676.6	38.5	
51.80	23.8	12.1	87.5	2.0	-281.1	1.5	403.5	-122.3	518.9	3707.8	18139.5	19.2	
51.85	26.7	12.4	89.1	2.0	-270.2	1.6	372.7	-126.3	535.7	3971.9	17309.9	35.7	
51.90	29.6	12.4	85.9	2.0	-269.5	1.7	382.9	-109.1	552.4	4407.7	17123.2	25.3	
51.95	32.5	12.4	79.0	2.0	-270.7	1.8	380.7	-146.9	565.7	4682.8	17104.0	0.4	
52.00	35.5	12.9	78.3	2.0	-270.9	1.9	370.9	-198.6	574.2	4843.4	17024.7	-2.2	
52.05	38.5	13.0	79.2	2.0	-274.7	2.0	387.9	-193.1	584.4	5256.9	17157.1	-2.8	
52.10	41.4	13.1	80.4	2.0	-274.3	2.1	376.0	-201.8	599.5	5607.8	17024.2	1.7	
52.15	44.4	13.2	82.1	2.0	-274.3	2.2	361.3	-230.2	612.3	5890.5	16914.2	7.6	
52.20	47.4	12.9	80.8	2.0	-281.6	2.3	385.8	-246.7	619.4	6185.6	17296.1	-4.3	
52.25	50.4	12.7	77.5	2.0	-286.9	2.4	392.5	-278.1	627.3	6318.0	17594.4	-20.7	
52.30	53.3	12.8	74.4	2.0	-289.0	2.5	389.2	-276.2	635.2	6465.9	17714.8	-33.6	
52.35	56.3	12.6	70.3	2.0	-290.8	2.6	406.6	-234.0	641.6	6693.5	17798.0	-49.5	
52.40	59.3	12.6	68.4	2.0	-285.6	2.7	393.9	-231.4	657.6	6733.2	17383.5	-50.9	
52.45	62.2	13.0	65.3	2.0	-277.9	2.8	374.8	-241.5	682.7	6717.0	16780.9	-53.7	
52.50	65.2	12.7	63.7	2.0	-272.8	2.9	380.9	-241.0	703.3	6759.8	16311.7	-54.2	
52.55	68.2	12.7	64.6	2.0	-264.7	3.0	360.0	-257.6	723.5	6815.6	15631.7	-43.1	
52.60	71.2	13.0	62.2	2.0	-258.6	3.1	335.1	-258.6	750.2	7052.9	15056.2	-45.1	
52.65	74.2	13.2	59.8	2.0	-257.5	3.2	345.1	-251.3	769.4	7181.4	14877.8	-52.3	
52.70	77.3	13.3	60.2	2.0	-256.0	3.3	343.1	-278.4	783.4	6989.2	14784.1	-49.4	
52.75	80.3	13.1	55.2	2.0	-258.5	3.4	341.4	-300.4	801.9	7003.3	14923.0	-68.9	
52.80	83.4	13.1	51.9	2.0	-261.1	3.5	356.2	-306.1	814.7	7062.8	15052.4	-82.9	
52.85	86.4	13.0	52.6	2.0	-257.6	3.6	349.0	-307.9	831.5	7026.5	14780.6	-77.0	
52.90	89.4	12.8	54.0	2.0	-250.4	3.7	323.9	-282.0	861.7	6979.5	14292.4	-65.0	
52.95	92.4	12.5	55.2	2.0	-246.0	3.8	319.3	-271.1	881.8	6821.9	14008.0	-56.4	
53.00	95.5	12.3	54.1	2.0	-245.2	3.9	318.0	-292.9	893.5	6829.1	13885.7	-59.3	
53.05	98.5	12.2	48.7	2.0	-245.2	4.0	314.6	-290.6	917.5	7207.9	13686.8	-78.1	
53.10	101.6	12.1	47.5	2.0	-242.0	4.1	319.2	-268.3	935.5	7300.7	13387.6	-79.1	
53.15	104.7	11.9	49.9	2.0	-235.4	4.2	304.5	-261.0	945.3	7184.8	12923.2	-64.1	
53.20	107.8	11.9	47.6	2.0	-232.3	4.3	282.2	-263.0	959.0	7307.2	12622.3	-68.9	
53.25	110.9	12.0	43.9	2.0	-231.2	4.4	284.5	-268.7	971.8	7292.4	12505.9	-80.6	
53.30	114.0	12.2	43.5	2.0	-227.4	4.5	291.4	-269.9	990.3	7040.0	12284.6	-78.1	
53.35	117.1	12.0	40.2	2.0	-224.2	4.6	287.5	-257.5	1016.7	6935.1	12075.5	-86.3	
53.40	120.3	11.6	36.9	2.0	-222.7	4.7	287.2	-255.0	1028.2	6773.6	12033.0	-96.0	
53.45	123.4	11.2	37.6	2.0	-220.0	4.8	284.2	-261.9	1033.8	6467.4	11954.1	-90.9	
53.50	126.5	11.3	39.3	2.0	-215.7	4.9	273.7	-255.2	1050.9	6222.0	11743.6	-80.8	
53.55	129.7	11.6	39.7	2.0	-210.2	5.0	265.6	-247.6	1063.5	5979.3	11428.9	-73.9	
53.60	132.8	11.8	38.7	2.0	-205.6	5.1	258.0	-237.3	1067.5	5803.2	11162.2	-72.9	
53.65	135.9	11.6	40.7	2.0	-201.6	5.2	244.2	-213.4	1079.1	5646.2	10980.2	-61.9	
53.70	139.0	11.5	41.1	2.0	-197.5	5.3	242.5	-192.7	1097.4	5283.5	10847.9	-56.3	
53.75	142.1	11.5	36.4	2.0	-193.9	5.4	253.6	-172.4	1115.8	4829.2	10749.0	-69.0	
53.80	145.2	11.5	28.4	2.0	-189.2	5.5	256.1	-148.1	1134.3	4420.7	10557.7	-91.5	
53.85	148.4	11.6	28.2	2.0	-181.9	5.6	250.1	-123.6	1148.6	3812.5	10251.1	-85.2	
53.90	151.5	11.6	29.8	2.0	-175.1	5.7	244.5	-103.2	1163.3	3168.3	9953.8	-72.7	
53.95	154.7	11.7	29.3	2.0	-169.9	5.8	236.1	-90.8	1176.2	2740.3	9699.0	-69.3	
54.00	157.9	11.5	26.2	2.0	-167.1	5.9	233.3	-90.9	1182.9	2350.4	9590.5	-77.2	
54.05	161.1	11.3	21.8	2.0	-166.8	6.0	239.9	-85.2	1189.7	1908.9	9643.4	-91.8	
54.10	164.2	11.3	19.9	2.0	-166.0	6.1	243.0	-73.4	1201.7	1569.2	9635.5	-97.8	
54.15	167.4	11.6	18.9	2.0	-161.6	6.2	234.5	-70.8	1209.5	1339.2	9350.7	-96.5	
54.20	170.6	11.0	18.1	2.0	-153.9	6.3	219.5	-46.5	1209.0	865.4	8883.8	-91.6	
54.25	173.8	10.5	21.4	2.0	-144.1	6.4	196.8	-1.2	1210.8	48.7	8262.5	-70.7	
54.30	177.0	10.4	23.6	2.0	-136.1	6.5	177.5	32.0	1217.9	-730.7	7670.5	-55.3	
54.35	180.2	9.9	19.6	2.0	-131.9	6.6	170.2	46.8	1225.2	-1151.3	7299.5	-64.6	
54.40	183.4	9.5	16.2	2.0	-129.5	6.7	166.0	64.0	1226.3	-1426.9	7061.9	-73.9	
54.45	186.6	9.3	15.4	2.0	-127.2	6.8	161.7	85.5	1227.5	-1702.1	6799.0	-74.2	
54.50	189.8	9.6	10.3	2.0	-124.2	6.9	159.4	97.5	1236.1	-1819.1	6520.8	-89.0	
54.55	193.1	9.2	5.4	2.0	-121.1	7.0	158.1	90.3	1241.5	-1776.5	6299.1	-102.6	
54.60	196.3	8.8	3.3	2.0	-120.0	7.1	159.3	81.3	1236.0	-1860.0	6200.7	-108.5	
54.65	199.6	8.6	1.2	2.0	-119.5	7.2	155.9	94.1	1231.9	-2162.6	6050.4	-115.3	
54.70	202.8	8.9	0.7	2.0	-119.7	7.3	148.1	119.8	1230.5	-2722.6	5812.1	-117.2	
54.75	206.1	8.9	2.7	2.0	-120.0	7.4	137.1	139.6	1224.1	-3283.9	5526.5	-110.5	
54.80	209.3	8.8	1.1	2.0	-119.8	7.5	129.8	150.1	1213.9	-3665.7	5264.5	-116.0	
54.85	212.6	9.2	0.5	2.0	-117.7	7.6	121.7	159.8	1204.8	-3879.7	4904.8	-115.8	
54.90	215.8	9.4	-0.6	2.0	-114.8	7.7	119.1	172.7	1198.9	-3912.1	4566.7	-116.7	
54.95	219.0	9.6	-2.7	2.0	-112.1	7.8	111.8	190.6	1188.7	-3906.4	4272.3	-121.5	
55.00	222.2	9.7	-0.9	2.0	-111.4	7.9	100.4	206.2	1170.5	-4078.7	4011.4	-114.6	
55.05	225.4	9.6	1.4	2.0	-113.5	8.0	94.7	220.4	1154.2	-4467.4	3795.2	-108.5	
55.10	228.7	9.4	2.1	2.0	-116.9	8.1	89.5	237.5	1147.5	-4948.8	3544.6	-109.7	
55.15	231.9	9.1	2.7	2.0	-121.5	8.2	81.9	262.5	1141.0	-5479.7	3261.3	-112.3	
55.20	235.2	9.3	5.4	2.0	-129.4	8.3	71.8	288.1	1121.6	-6210.2	3061.7	-110.9	
55.25	238.4	9.6	3.4	2.0	-135.2	8.4	62.1	298.6	1102.5	-6751.6	2924.8	-123.5	
55.30	241.7	9.9	-4.4	2.0	-137.6	8.5	67.6	300.8	1093.1	-6972.9	2855.0	-152.5	
55.35	245.0	10.1	-10.2	2.0	-137.1	8.6	76.0	288.3	1086.2	-7050.3	2660.2	-172.2	
55.40	248.3	10.4	-14.9	2.0	-135.7	8.7	72.6	278.4	1072.3	-7085.3	2369.9	-186.9	
55.45	251.6	10.8	-16.0	2.0	-138.3	8.8	63.2	287.7	1053.3	-7328.1	2216.4	-193.2	
55.50	254.9	11.0	-15.3	2.0	-144.1	8.9	62.5	308.9	1039.6	-7729.1	2234.6	-196.8	
55.55	258.1	11.0	-13.3	2.0	-150.8	9.0	66.6	328.2	1029.8	-8176.7	2338.1	-196.6	
55.60	261.4	10.8	-10.6	2.0	-156.5	9.1	73.9	338.3	1020.2	-8559.9	2482.0	-192.8	
55.65	264.7	10.5	-8.8	2.0	-158.8	9.2	79.3	347.5	1008.6	-8728.6	2446.3	-189.0	
55.70	268.0	10.0	-4.7	2.0	-158.1	9.3	68.1	355.6	994.6	-8771.1	2055.1	-174.3	
55.75	271.3	9.7	-0.4	2.0	-153.8	9.4	47.5	357.3	985.3	-8577.7	1415.7	-155.4	
55.80	274.6	9.8	0.1	2.0	-148.3	9.5	36.0	341.8	978.4	-8273.5	939.9	-148.0	
55.85	277.9	9.8	-2.3	2.0	-144.6	9.6	34.5	320.9	967.0	-8072.6	901.6	-152.4	
55.90	281.2	9.9	-8.5	2.0	-142.2	9.7	45.2	306.9	953.5	-7883.9	1291.6	-171.5	
55.95	284.5	10.0	-14.1	2.0	-140.9	9.8	69.0	302.7	938.7	-7667.8	1896.3	-189.2	
56.00	287.8	10.2	-14.5	2.0	-139.9	9.9	93.4	296.7	927.1	-7433.9	2457.4	-189.7	
56.05	291.0	10.2	-16.0	2.0	-137.9	10.0	114.5	284.5	917.0	-7097.8	2984.3	-193.0	
56.10	294.3	10.1	-18.0	2.0	-136.6	10.1	128.8	276.3	897.5	-6770.9	3501.3	-198.3	
56.15	297.6	9.8	-14.2	2.0	-136.1	10.2	127.1	270.3	869.7	-6575.5	3849.1	-184.9	
56.20	300.9	9.8	-7.6	2.0	-131.9	10.3	118.2	257.4	850.9	-6225.9	3928.3	-157.9	
56.25	304.1	9.7	-6.3	2.0	-122.4	10.4	115.9	239.7	846.0	-5514.8	3797.6	-143.9	
56.30	307.4	9.6	-7.6	2.0	-113.3	10.5	111.6	226.8	837.1	-4907.6	3552.4	-139.3	
56.35	310.7	9.3	-5.8	2.0	-107.2	10.6	99.8	212.9	816.3	-4613.5	3278.8	-127.1	
56.40	314.0	9.3	-4.1	2.0	-101.3	10.7	91.8	198.1	801.0	-4343.8	2994.4	-115.4	
56.45	317.3	9.6	-4.5	2.0	-94.7	10.8	89.5	181.0	796.9	-3998.8	2699.2	-110.2	
56.50	320.6	9.7	-3.1	2.0	-89.8	10.9	82.8	177.2	788.3	-3756.7	2449.1	-100.5	
56.55	323.9	9.9	1.3	2.0	-88.3	11.0	72.7	176.9	770.1	-3714.2	2350.5	-83.9	
56.60	327.2	10.2	0.1	2.0	-85.1	11.1	69.5	163.1	760.5	-3458.2	2388.2	-84.8	
56.65	330.5	9.9	-7.6	2.0	-80.8	11.2	80.4	134.2	762.5	-2936.4	2617.3	-107.0	
56.70	333.9	9.8	-12.5	2.0	-78.4	11.3	92.4	105.0	759.9	-2432.9	2925.6	-121.3	
56.75	337.2	9.9	-15.8	2.0	-77.6	11.4	101.4	93.6	746.1	-1909.9	3241.7	-131.7	
56.80	340.4	10.0	-18.5	2.0	-76.4	11.5	104.1	89.1	733.6	-1545.8	3343.2	-140.1	
56.85	343.7	10.5	-19.3	2.0	-72.2	11.6	95.1	75.0	729.8	-1426.7	3101.6	-138.5	
56.90	347.0	10.7	-17.8	2.0	-67.0	11.7	79.1	72.4	725.8	-1441.3	2704.1	-128.0	
56.95	350.3	10.4	-12.5	2.0	-63.3	11.8	59.5	72.5	714.1	-1607.3	2326.8	-106.3	
57.00	353.6	10.1	-8.5	2.0	-60.1	11.9	46.9	68.2	706.4	-1647.7	2048.1	-89.1	
57.05	356.9	10.1	-14.7	2.0	-56.4	12.0	50.8	64.7	712.3	-1307.4	1944.3	-106.7	
57.10	0.2	10.7	-22.0	2.0	-51.6	12.1	56.1	35.7	722.1	-780.7	1859.6	-127.0	
57.15	3.5	10.9	-25.7	2.0	-47.8	12.2	56.2	-2.5	722.9	-153.9	1753.2	-135.9	
57.20	6.7	11.0	-28.6	2.0	-48.7	12.3	58.8	-24.2	720.2	527.4	1727.1	-146.8	
57.25	10.0	11.1	-28.9	2.0	-52.2	12.4	61.8	-45.1	720.6	1101.2	1711.3	-151.2	
57.30	13.2	11.2	-26.6	2.0	-57.5	12.5	69.6	-62.0	719.4	1556.1	1813.5	-148.8	
57.35	16.5	11.2	-22.8	2.0	-61.8	12.6	72.5	-76.8	719.3	1983.9	1802.6	-140.2	
57.40	19.7	11.1	-17.2	2.0	-63.9	12.7	69.0	-97.2	723.9	2331.7	1536.9	-122.8	
57.45	23.0	11.1	-8.7	2.0	-65.2	12.8	55.0	-111.9	730.5	2675.8	1037.8	-95.2	
57.50	26.2	11.3	-2.7	2.0	-70.6	12.9	39.5	-121.4	734.7	3226.7	510.1	-79.9	
57.55	29.5	11.5	-0.3	2.0	-79.4	13.0	28.0	-142.2	740.9	3879.2	37.5	-80.4	
57.60	32.8	11.7	1.3	2.0	-88.9	13.1	22.0	-164.9	752.3	4511.4	-344.5	-84.5	
57.65	36.0	12.2	3.2	2.0	-97.0	13.2	18.9	-187.2	762.9	5035.0	-586.9	-86.1	
57.70	39.3	12.6	4.2	2.0	-103.3	13.3	14.4	-213.1	764.0	5419.2	-738.6	-88.8	
57.75	42.5	12.8	5.3	2.0	-107.0	13.4	7.7	-219.5	764.3	5655.9	-906.6	-88.8	
57.80	45.8	12.7	8.7	2.0	-107.2	13.5	-3.7	-210.3	773.0	5657.0	-1130.8	-77.4	
57.85	49.0	12.7	10.3	2.0	-109.4	13.6	-15.6	-216.8	782.8	5760.9	-1289.5	-74.1	
57.90	52.3	12.9	9.7	2.0	-112.9	13.7	-19.8	-230.4	784.1	6006.0	-1212.3	-79.5	
57.95	55.5	13.3	11.2	2.0	-114.4	13.8	-14.4	-234.1	786.2	6156.3	-973.6	-76.0	
58.00	58.7	13.5	10.1	2.0	-116.4	13.9	-4.8	-235.8	802.7	6317.0	-788.4	-81.7	
58.05	62.0	13.5	6.8	2.0	-119.7	14.0	4.2	-241.9	818.8	6559.4	-591.7	-96.3	
58.10	65.2	13.4	4.0	2.0	-121.9	14.1	6.2	-253.2	823.6	6698.7	-457.6	-108.2	
58.15	68.4	13.6	3.2	2.0	-121.3	14.2	4.6	-262.9	829.6	6613.3	-524.9	-110.2	
58.20	71.7	13.7	2.9	2.0	-119.3	14.3	3.2	-258.8	847.3	6436.3	-799.4	-109.3	
58.25	74.9	13.5	0.8	2.0	-118.4	14.4	-0.7	-252.5	865.3	6319.8	-1112.9	-115.7	
58.30	78.1	13.1	-0.4	2.0	-118.4	14.5	-10.6	-255.4	872.9	6246.8	-1420.6	-119.7	
58.35	81.3	12.9	1.4	2.0	-120.2	14.6	-24.2	-261.1	883.7	6228.4	-1909.6	-115.2	
58.40	84.5	12.8	3.5	2.0	-125.5	14.7	-39.1	-269.4	905.8	6351.9	-2619.7	-113.5	
58.45	87.7	12.7	5.3	2.0	-132.7	14.8	-51.7	-275.0	923.2	6627.2	-3246.1	-114.6	
58.50	90.8	12.5	8.7	2.0	-138.2	14.9	-64.3	-273.1	932.1	6843.5	-3720.9	-108.3	
58.55	94.0	12.2	17.4	2.0	-141.5	15.0	-75.0	-276.4	943.9	6874.6	-4113.1	-81.9	
58.60	97.1	12.0	22.6	2.0	-142.3	15.1	-78.2	-275.2	962.3	6720.2	-4447.0	-64.6	
58.65	100.3	12.1	26.8	2.0	-142.8	15.2	-82.6	-263.1	981.0	6544.1	-4786.9	-50.7	
58.70	103.5	12.5	32.1	2.0	-142.6	15.3	-92.0	-252.8	990.3	6353.8	-5040.0	-32.5	
58.75	106.6	12.4	37.0	2.0	-141.7	15.4	-96.6	-239.7	999.8	6236.3	-5115.6	-14.6	
58.80	109.8	12.5	35.4	2.0	-142.3	15.5	-88.1	-238.6	1018.2	6347.2	-5040.4	-20.6	
58.85	113.0	12.7	28.8	2.0	-145.4	15.6	-80.5	-254.5	1034.7	6599.0	-5026.4	-46.7	
58.90	116.1	12.8	22.0	2.0	-149.1	15.7	-80.8	-267.6	1044.5	6791.2	-5155.4	-73.7	
58.95	119.3	13.1	21.7	2.0	-150.6	15.8	-91.3	-271.5	1053.3	6693.2	-5424.9	-76.0	
59.00	122.4	13.0	25.7	2.0	-149.4	15.9	-107.3	-261.0	1059.0	6363.1	-5679.5	-61.0	
59.05	125.6	12.6	27.0	2.0	-145.7	16.0	-117.1	-239.8	1057.2	5995.4	-5737.7	-52.9	
59.10	128.7	12.5	24.5	2.0	-139.0	16.1	-110.2	-220.5	1057.6	5566.5	-5535.8	-54.9	
59.15	131.8	12.5	19.6	2.0	-131.2	16.2	-86.9	-209.4	1069.2	5225.4	-5110.0	-63.8	
59.20	134.9	12.7	15.3	2.0	-124.2	16.3	-60.8	-203.4	1084.0	5048.3	-4575.0	-71.9	
59.25	138.0	12.7	13.0	2.0	-119.7	16.4	-48.7	-193.1	1089.9	4955.0	-4213.9	-75.1	
59.30	141.1	12.6	13.0	2.0	-118.6	16.5	-57.0	-176.5	1090.1	4813.8	-4301.7	-74.0	
59.35	144.2	12.4	15.6	2.0	-119.7	16.6	-72.5	-159.1	1098.2	4554.7	-4729.5	-66.2	
59.40	147.3	12.1	19.2	2.0	-120.9	16.7	-84.2	-150.2	1112.7	4200.4	-5166.4	-55.0	
59.45	150.4	11.8	18.2	2.0	-118.6	16.8	-83.4	-145.3	1117.8	3849.0	-5231.4	-56.1	
59.50	153.4	11.7	12.9	2.0	-113.8	16.9	-74.7	-133.7	1110.6	3521.0	-5068.8	-69.3	
59.55	156.5	11.9	10.1	2.0	-109.7	17.0	-67.3	-115.8	1109.1	3091.0	-5048.1	-75.0	
59.60	159.6	11.9	12.1	2.0	-109.5	17.1	-69.2	-96.4	1120.1	2604.6	-5342.0	-68.0	
59.65	162.6	12.0	15.7	2.0	-113.6	17.2	-82.4	-83.1	1128.1	2256.7	-5828.8	-59.8	
59.70	165.6	12.1	20.7	2.0	-120.5	17.3	-106.1	-75.8	1121.6	2045.5	-6427.0	-49.5	
59.75	168.7	12.6	26.1	2.0	-128.4	17.4	-130.1	-61.7	1113.1	1861.1	-7068.2	-38.7	
59.80	171.7	12.9	31.8	2.0	-132.7	17.5	-137.6	-38.4	1114.0	1556.3	-7471.2	-23.5	
59.85	174.7	13.0	35.0	2.0	-132.7	17.6	-131.5	-17.7	1116.9	1192.9	-7565.8	-12.6	
59.90	177.7	12.6	36.4	2.0	-129.8	17.7	-122.8	-0.7	1107.4	727.8	-7444.0	-4.9	
59.95	180.7	12.7	40.5	2.0	-128.5	17.8	-120.1	20.4	1092.9	146.4	-7397.2	10.6	
60.00	183.7	12.8	46.1	2.0	-132.6	17.9	-126.4	45.2	1090.5	-467.3	-7653.5	25.5	
60.05	186.7	13.1	49.3	2.0	-139.4	18.0	-136.2	70.3	1095.7	-1051.6	-8056.6	29.8	
60.10	189.7	13.3	47.8	2.0	-145.2	18.1	-146.3	89.1	1092.7	-1520.1	-8379.7	19.0	
60.15	192.7	13.2	40.8	2.0	-147.9	18.2	-151.6	92.7	1078.5	-1959.3	-8491.3	-7.8	
60.20	195.7	12.6	31.7	2.0	-148.6	18.3	-148.3	91.9	1068.9	-2396.6	-8448.6	-39.7	
60.25	198.7	12.7	22.8	2.0	-148.7	18.4	-138.4	104.9	1066.1	-2827.3	-8326.4	-70.4	
60.30	201.7	13.0	17.0	2.0	-150.1	18.5	-133.0	120.9	1058.6	-3364.2	-8222.6	-91.8	
60.35	204.7	13.3	18.2	2.0	-154.0	18.6	-136.5	138.7	1043.6	-3957.2	-8249.5	-91.5	
60.40	207.6	13.5	23.9	2.0	-158.3	18.7	-137.5	157.5	1033.6	-4410.2	-8346.1	-76.3	
60.45	210.5	13.2	28.8	2.0	-161.9	18.8	-134.8	169.4	1031.9	-4729.8	-8460.7	-63.1	
60.50	213.5	12.8	33.0	2.0	-164.4	18.9	-130.2	188.5	1025.8	-5035.9	-8469.6	-51.2	
60.55	216.4	12.9	36.7	2.0	-166.0	19.0	-126.7	213.1	1009.1	-5352.6	-8361.5	-40.2	
60.60	219.3	12.8	41.4	2.0	-167.1	19.1	-127.4	223.9	991.5	-5584.3	-8293.2	-25.0	
60.65	222.2	12.8	42.5	2.0	-167.8	19.2	-125.7	228.3	981.4	-5632.9	-8319.0	-21.7	
60.70	225.1	13.1	43.8	2.0	-168.8	19.3	-125.1	229.8	973.8	-5641.4	-8409.2	-18.3	
60.75	228.0	13.7	45.3	2.0	-170.6	19.4	-132.5	232.6	959.9	-5674.1	-8547.5	-15.2	
60.80	230.8	14.1	43.0	2.0	-172.0	19.5	-142.6	244.6	936.8	-5732.9	-8601.2	-24.3	
60.85	233.7	14.2	40.9	2.0	-171.9	19.6	-146.4	248.2	913.7	-5847.2	-8515.6	-31.4	
60.90	236.6	14.2	38.3	2.0	-170.5	19.7	-141.5	245.7	897.4	-5885.8	-8393.0	-39.0	
60.95	239.4	14.2	36.0	2.0	-168.1	19.8	-128.9	246.5	883.9	-5924.2	-8176.0	-44.5	
61.00	242.3	14.0	34.6	2.0	-165.3	19.9	-117.5	251.1	867.1	-6042.8	-7843.9	-46.4	
61.05	245.1	13.6	33.6	2.0	-163.0	20.0	-113.8	261.9	844.6	-6185.3	-7497.7	-47.6	
61.10	247.9	13.5	34.3	2.0	-161.3	20.1	-113.3	271.7	825.0	-6292.4	-7222.8	-43.4	
61.15	250.7	13.5	35.0	2.0	-159.8	20.2	-111.1	275.4	811.8	-6297.1	-7071.4	-39.8	
61.20	253.6	13.4	34.0	2.0	-158.2	20.3	-106.9	276.6	800.0	-6255.3	-6960.2	-41.5	
61.25	256.4	13.2	32.3	2.0	-156.9	20.4	-103.8	278.9	782.3	-6325.7	-6777.5	-45.9	
61.30	259.1	13.1	31.5	2.0	-156.9	20.5	-103.5	291.1	760.1	-6499.8	-6580.0	-48.7	
61.35	261.9	13.4	32.8	2.0	-157.8	20.6	-103.4	299.0	740.2	-6747.9	-6422.0	-45.2	
61.40	264.7	13.4	33.0	2.0	-159.1	20.7	-100.8	297.4	727.8	-6968.9	-6355.3	-45.9	
61.45	267.5	13.3	31.5	2.0	-159.7	20.8	-95.5	298.5	718.8	-7081.0	-6310.6	-51.4	
61.50	270.3	13.4	28.6	2.0	-159.6	20.9	-92.7	300.2	704.7	-7179.1	-6198.9	-61.3	
61.55	273.0	13.5	25.8	2.0	-157.7	21.0	-92.4	295.9	683.2	-7200.1	-5996.1	-69.3	
61.60	275.8	13.6	19.1	2.0	-153.1	21.1	-88.9	285.0	660.6	-7021.1	-5747.7	-87.7	
61.65	278.5	13.8	13.0	2.0	-147.5	21.2	-80.6	273.6	641.1	-6761.9	-5476.2	-103.0	
61.70	281.2	13.6	8.6	2.0	-142.9	21.3	-70.2	268.5	621.6	-6608.0	-5166.6	-113.3	
61.75	283.9	13.1	8.9	2.0	-140.0	21.4	-64.2	265.4	600.4	-6583.6	-4884.5	-109.5	
61.80	286.6	12.6	12.6	2.0	-138.5	21.5	-63.0	262.0	578.7	-6626.2	-4690.6	-95.1	
61.85	289.2	12.2	17.1	2.0	-137.1	21.6	-59.4	264.1	559.8	-6593.9	-4568.9	-78.3	
61.90	291.9	12.0	22.0	2.0	-136.3	21.7	-52.4	272.8	547.4	-6544.9	-4504.2	-60.6	
61.95	294.5	12.3	25.6	2.0	-134.8	21.8	-45.9	275.7	533.2	-6497.8	-4381.1	-46.8	
62.00	297.1	12.0	24.5	2.0	-130.9	21.9	-42.6	264.9	514.3	-6310.8	-4220.6	-46.9	
62.05	299.8	11.9	20.7	2.0	-126.2	22.0	-45.2	244.4	496.0	-5960.0	-4235.9	-55.1	
62.10	302.4	12.0	18.3	2.0	-124.0	22.1	-53.2	226.0	481.5	-5598.3	-4525.8	-61.3	
62.15	305.1	12.0	21.3	2.0	-126.1	22.2	-68.4	222.0	469.1	-5356.3	-5064.5	-53.2	
62.20	307.7	12.4	27.5	2.0	-130.4	22.3	-89.0	219.6	454.8	-5247.3	-5627.1	-36.0	
62.25	310.3	13.2	31.8	2.0	-132.5	22.4	-103.5	205.5	439.8	-5157.1	-5962.2	-23.3	
62.30	312.9	12.9	31.6	2.0	-130.7	22.5	-103.9	190.0	428.4	-4930.6	-6037.7	-22.2	
62.35	315.5	12.6	30.9	2.0	-127.2	22.6	-95.6	180.9	417.9	-4671.9	-5966.2	-21.2	
62.40	318.1	12.4	33.8	2.0	-123.7	22.7	-86.7	178.3	404.6	-4408.7	-5867.5	-7.5	
62.45	320.6	12.5	36.0	2.0	-118.3	22.8	-79.1	172.4	392.1	-3919.9	-5756.6	5.1	
62.50	323.2	12.8	35.6	2.0	-111.1	22.9	-71.6	152.0	382.3	-3299.1	-5591.5	11.2	
62.55	325.7	13.2	36.0	2.0	-105.7	23.0	-68.2	132.9	370.0	-2811.8	-5461.5	18.0	
62.60	328.2	12.6	38.8	2.0	-103.9	23.1	-71.2	129.6	352.0	-2603.8	-5433.1	29.4	
62.65	330.7	12.3	45.8	2.0	-105.1	23.2	-79.0	126.8	335.4	-2574.0	-5556.0	52.0	
62.70	333.2	12.1	47.8	2.0	-106.4	23.3	-85.2	123.0	325.2	-2406.2	-5747.6	57.6	
62.75	335.7	11.3	47.1	2.0	-106.8	23.4	-89.3	113.3	314.6	-2220.0	-5881.9	55.0	
62.80	338.2	11.0	48.1	2.0	-107.2	23.5	-92.4	102.1	299.7	-2240.3	-5941.9	58.0	
62.85	340.7	10.9	44.9	2.0	-107.3	23.6	-90.5	99.4	286.6	-2246.9	-5967.2	46.9	
62.90	343.1	11.0	39.8	2.0	-107.9	23.7	-90.7	79.2	281.7	-2029.7	-6135.3	28.9	
62.95	345.6	11.1	36.8	2.0	-111.5	23.8	-100.3	52.0	277.7	-1743.5	-6537.6	14.9	
63.00	348.0	11.3	39.3	2.0	-118.7	23.9	-119.2	46.4	265.9	-1636.5	-7088.3	16.2	
63.05	350.4	12.0	47.6	2.0	-125.9	24.0	-138.4	48.7	252.5	-1773.1	-7569.5	37.4	
63.10	352.8	12.0	52.7	2.0	-128.9	24.1	-143.6	45.6	247.7	-1816.5	-7782.2	52.0	
63.15	355.2	11.8	50.7	2.0	-127.6	24.2	-137.9	35.1	249.5	-1535.7	-7770.4	46.4	
63.20	357.6	11.8	50.1	2.0	-123.1	24.3	-126.6	20.5	245.2	-1248.8	-7522.6	48.7	
63.25	360.0	11.9	53.9	2.0	-118.4	24.4	-116.3	13.9	236.9	-1041.6	-7232.5	66.7	
63.30	2.3	12.0	55.7	2.0	-114.6	24.5	-105.7	7.5	235.8	-713.9	-7013.4	76.8	
63.35	4.7	11.9	54.8	2.0	-113.3	24.6	-99.3	-12.4	242.3	-256.1	-6957.4	74.7	
63.40	7.1	11.7	54.8	2.0	-114.6	24.7	-101.7	-28.9	243.4	174.7	-7041.8	73.5	
63.45	9.4	11.5	56.9	2.0	-116.8	24.8	-111.1	-38.5	236.0	431.6	-7170.6	78.7	
63.50	11.8	11.8	56.8	2.0	-117.4	24.9	-114.8	-51.8	229.3	699.3	-7176.1	77.7	
63.55	14.1	11.7	54.6	2.0	-117.7	25.0	-113.4	-64.3	229.4	1106.9	-7130.4	69.6	
63.60	16.4	11.6	53.2	2.0	-118.6	25.1	-113.5	-77.2	229.2	1467.3	-7114.9	64.2	
63.65	18.7	11.8	55.7	2.0	-120.2	25.2	-118.5	-87.6	223.4	1654.3	-7177.0	70.9	
63.70	21.0	11.9	60.0	2.0	-123.4	25.3	-126.1	-93.9	220.7	1881.6	-7343.8	82.5	
63.75	23.3	11.9	62.9	2.0	-127.1	25.4	-130.9	-106.1	224.8	2231.5	-7498.4	88.7	
63.80	25.5	11.9	64.5	2.0	-129.3	25.5	-132.0	-116.0	228.0	2622.6	-7521.2	92.0	
63.85	27.8	12.1	65.9	2.0	-129.0	25.6	-131.2	-118.8	225.6	2938.8	-7377.0	97.3	
63.90	30.0	12.2	65.8	2.0	-126.8	25.7	-127.9	-129.9	221.6	3160.8	-7089.7	99.0	
63.95	32.2	12.1	61.6	2.0	-125.2	25.8	-121.8	-145.7	222.0	3507.7	-6760.5	86.2	
64.00	34.5	11.9	56.9	2.0	-125.4	25.9	-117.7	-161.4	226.7	3902.1	-6520.5	70.0	
64.05	36.7	11.5	55.9	2.0	-126.6	26.0	-119.4	-174.1	230.6	4136.3	-6443.3	65.3	
64.10	38.9	11.1	56.8	2.0	-128.6	26.1	-124.6	-177.7	234.4	4286.8	-6498.2	66.4	
64.15	41.1	11.6	55.2	2.0	-130.1	26.2	-124.6	-187.1	239.7	4503.7	-6456.9	59.5	
64.20	43.3	11.9	50.2	2.0	-130.2	26.3	-116.0	-206.6	244.1	4797.2	-6198.8	42.1	
64.25	45.5	11.9	44.9	2.0	-128.6	26.4	-102.2	-220.0	246.8	5051.9	-5815.9	25.5	
64.30	47.6	11.5	44.1	2.0	-126.8	26.5	-88.0	-228.4	249.8	5205.7	-5472.1	24.7	
64.35	49.8	11.3	45.1	2.0	-127.2	26.6	-81.3	-235.8	253.6	5385.1	-5317.1	27.5	
64.40	51.9	11.3	46.0	2.0	-129.9	26.7	-81.9	-237.7	258.1	5654.1	-5321.3	28.2	
64.45	54.1	11.3	47.7	2.0	-132.8	26.8	-85.3	-242.5	261.0	5862.6	-5388.5	30.8	
64.50	56.2	11.3	50.6	2.0	-134.9	26.9	-88.0	-244.3	265.1	5977.0	-5484.8	38.8	
64.55	58.3	11.4	51.0	2.0	-136.1	27.0	-86.8	-244.9	270.5	6066.1	-5520.6	38.8	
64.60	60.4	11.2	50.4	2.0	-135.9	27.1	-83.5	-250.6	273.9	6110.8	-5424.1	37.0	
64.65	62.5	11.2	48.2	2.0	-133.9	27.2	-78.9	-252.2	275.2	6079.7	-5229.3	31.5	
64.70	64.6	11.4	46.9	2.0	-131.3	27.3	-75.3	-248.8	280.3	5952.3	-5081.5	29.9	
64.75	66.7	11.0	46.2	2.0	-129.4	27.4	-72.9	-250.8	289.0	5820.1	-5002.3	29.3	
64.80	68.8	11.2	42.4	2.0	-129.1	27.5	-74.1	-254.7	296.7	5808.3	-4949.0	16.5	
64.85	70.8	11.7	38.2	2.0	-129.5	27.6	-77.3	-259.5	300.5	5891.8	-4874.1	1.5	
64.90	72.9	12.1	34.2	2.0	-129.4	27.7	-79.5	-266.3	303.6	5919.8	-4787.7	-12.2	
64.95	74.9	12.5	32.4	2.0	-129.8	27.8	-80.4	-269.6	311.5	5948.2	-4777.8	-18.7	
65.00	77.0	12.8	32.5	2.0	-131.1	27.9	-80.8	-274.4	320.5	6043.8	-4780.9	-19.7	
65.05	79.0	13.0	32.3	2.0	-132.2	28.0	-82.4	-281.5	326.0	6130.5	-4761.1	-21.2	
65.10	81.0	13.3	34.0	2.0	-132.5	28.1	-83.2	-279.5	332.3	6164.1	-4761.1	-15.8	
65.15	83.0	13.4	37.7	2.0	-132.3	28.2	-82.0	-272.5	343.3	6102.8	-4835.4	-3.1	
65.20	85.0	13.1	41.7	2.0	-133.6	28.3	-80.3	-272.0	357.0	6094.0	-4986.2	9.6	
65.25	87.0	12.9	44.2	2.0	-136.7	28.4	-81.2	-273.9	365.8	6260.5	-5131.9	15.0	
65.30	88.9	12.8	46.7	2.0	-140.3	28.5	-88.0	-275.5	369.0	6435.1	-5326.3	19.9	
65.35	90.9	12.8	51.2	2.0	-143.2	28.6	-95.5	-272.9	373.3	6517.7	-5571.4	32.7	
65.40	92.9	13.0	55.1	2.0	-146.5	28.7	-99.6	-270.9	381.1	6635.0	-5810.2	42.6	
65.45	94.8	12.9	57.1	2.0	-150.7	28.8	-100.6	-281.6	389.6	6850.7	-5990.8	45.4	
65.50	96.8	12.4	57.2	2.0	-154.0	28.9	-99.6	-294.3	395.0	7057.3	-6066.1	42.6	
65.55	98.7	12.1	57.7	2.0	-154.0	29.0	-96.9	-292.3	397.7	7076.2	-6058.3	44.1	
65.60	100.7	11.7	59.6	2.0	-152.0	29.1	-92.5	-285.0	402.1	6916.3	-6042.6	52.7	
65.65	102.6	11.2	58.9	2.0	-151.5	29.2	-89.6	-282.5	408.1	6841.4	-6075.2	50.9	
65.70	104.5	11.1	57.7	2.0	-151.7	29.3	-92.2	-283.3	411.7	6790.5	-6146.6	46.4	
65.75	106.5	11.0	58.8	2.0	-149.4	29.4	-98.3	-277.1	411.6	6527.0	-6196.2	52.5	
65.80	108.4	11.0	59.8	2.0	-146.8	29.5	-104.2	-264.0	413.4	6242.0	-6242.6	58.4	
65.85	110.2	10.4	59.0	2.0	-146.1	29.6	-106.4	-261.1	419.4	6146.8	-6267.6	56.4	
65.90	112.1	10.2	56.3	2.0	-146.3	29.7	-104.7	-267.4	427.5	6163.3	-6242.3	47.1	
65.95	114.0	10.3	54.0	2.0	-144.2	29.8	-100.3	-263.3	434.3	6087.1	-6108.8	41.2	
66.00	115.8	10.7	53.3	2.0	-139.0	29.9	-94.7	-251.2	438.5	5822.2	-5863.0	43.8	
66.05	117.7	10.7	51.2	2.0	-132.9	30.0	-86.7	-241.3	441.4	5539.9	-5537.5	43.0	
66.10	119.5	10.5	47.3	2.0	-128.1	30.1	-76.6	-235.0	447.9	5376.3	-5217.2	34.3	
66.15	121.3	10.1	44.9	2.0	-123.4	30.2	-68.0	-230.7	458.0	5149.0	-4960.4	30.7	
66.20	123.2	10.3	43.5	2.0	-118.2	30.3	-64.0	-220.1	466.3	4835.8	-4750.9	31.1	
66.25	125.0	10.6	39.3	2.0	-113.5	30.4	-63.0	-208.6	470.9	4601.6	-4526.0	21.5	
66.30	126.8	10.5	33.8	2.0	-109.9	30.5	-59.9	-210.2	475.1	4490.4	-4243.8	6.0	
66.35	128.6	10.3	28.1	2.0	-107.1	30.6	-52.1	-215.1	484.0	4442.1	-3960.6	-10.7	
66.40	130.4	10.2	23.9	2.0	-104.1	30.7	-44.5	-211.1	493.4	4348.3	-3736.0	-22.1	
66.45	132.2	10.3	19.6	2.0	-99.8	30.8	-39.6	-203.4	494.8	4149.6	-3503.3	-32.6	
66.50	134.0	10.6	17.8	2.0	-96.0	30.9	-39.9	-193.5	491.0	3964.7	-3326.7	-34.8	
66.55	135.7	11.0	18.3	2.0	-93.8	31.0	-41.2	-187.1	492.5	3822.0	-3256.9	-31.1	
66.60	137.5	11.7	20.0	2.0	-92.4	31.1	-40.4	-181.4	500.4	3692.1	-3269.2	-23.9	
66.65	139.2	11.3	21.9	2.0	-91.4	31.2	-39.2	-170.0	505.6	3616.3	-3281.5	-16.4	
66.70	141.0	11.0	23.0	2.0	-90.3	31.3	-38.9	-159.5	503.3	3607.0	-3220.4	-11.6	
66.75	142.7	10.9	24.3	2.0	-90.2	31.4	-37.0	-158.6	502.9	3684.6	-3123.3	-6.9	
66.80	144.4	11.2	24.4	2.0	-91.7	31.5	-33.2	-160.9	508.9	3852.5	-3075.6	-7.8	
66.85	146.2	11.4	24.7	2.0	-93.2	31.6	-31.6	-162.3	512.8	3970.6	-3103.4	-8.4	
66.90	147.9	11.5	26.3	2.0	-93.9	31.7	-36.8	-157.9	508.5	3977.5	-3201.5	-3.5	
66.95	149.6	11.3	28.7	2.0	-94.8	31.8	-45.8	-150.2	503.4	3959.7	-3366.6	3.6	
67.00	151.3	11.2	31.4	2.0	-96.2	31.9	-51.1	-149.2	507.0	3934.1	-3542.6	11.6	
67.05	153.0	11.2	32.6	2.0	-97.0	32.0	-51.5	-148.0	514.3	3903.0	-3661.3	15.1	
67.10	154.7	11.8	33.0	2.0	-96.2	32.1	-51.9	-141.3	514.4	3807.0	-3699.3	17.0	
67.15	156.4	12.0	32.6	2.0	-94.1	32.2	-51.5	-136.2	509.3	3673.2	-3642.7	17.8	
67.20	158.0	12.0	31.7	2.0	-92.8	32.3	-47.3	-134.8	510.2	3623.3	-3558.6	15.9	
67.25	159.7	11.8	31.0	2.0	-92.2	32.4	-40.6	-134.8	516.0	3624.7	-3496.0	14.2	
67.30	161.3	12.2	31.5	2.0	-91.1	32.5	-39.3	-129.0	516.3	3519.9	-3505.6	17.1	
67.35	162.9	12.6	32.9	2.0	-89.1	32.6	-45.8	-114.1	509.5	3271.6	-3593.5	23.9	
67.40	164.5	12.4	34.3	2.0	-86.7	32.7	-52.4	-100.4	505.4	2926.2	-3687.8	30.9	
67.45	166.1	12.1	34.4	2.0	-84.0	32.8	-53.5	-90.9	509.5	2560.2	-3725.5	34.1	
67.50	167.7	11.8	32.5	2.0	-79.3	32.9	-48.7	-77.6	512.7	2121.5	-3626.9	32.2	
67.55	169.3	11.7	29.6	2.0	-72.8	33.0	-41.8	-59.7	508.4	1636.5	-3397.2	28.9	
67.60	170.9	11.9	25.8	2.0	-66.1	33.1	-33.8	-44.4	502.5	1148.9	-3111.7	22.3	
67.65	172.5	12.3	21.8	2.0	-61.2	33.2	-26.3	-33.2	504.3	698.9	-2901.0	13.5	
67.70	174.1	12.7	18.3	2.0	-58.7	33.3	-24.2	-21.5	508.4	230.4	-2809.4	4.2	
67.75	175.7	12.6	16.2	2.0	-57.7	33.4	-27.3	-8.9	504.8	-306.5	-2743.9	-2.0	
67.80	177.3	12.7	12.4	2.0	-57.5	33.5	-30.0	2.8	497.4	-760.5	-2638.4	-14.9	
67.85	178.8	13.3	9.3	2.0	-57.1	33.6	-28.2	10.1	497.1	-1036.7	-2508.4	-25.0	
67.90	180.4	13.1	5.8	2.0	-55.6	33.7	-20.3	12.1	501.6	-1230.0	-2315.0	-35.8	
67.95	181.9	13.2	3.1	2.0	-54.3	33.8	-12.6	15.1	500.5	-1409.5	-2102.9	-43.8	
68.00	183.5	13.3	2.6	2.0	-54.1	33.9	-8.8	22.4	494.7	-1560.4	-1963.0	-45.1	
68.05	185.0	13.2	4.7	2.0	-55.0	34.0	-8.8	27.7	493.0	-1642.7	-1971.2	-38.9	
68.10	186.5	13.2	8.2	2.0	-56.9	34.1	-11.3	34.2	495.8	-1653.2	-2114.5	-28.6	
68.15	188.0	13.3	13.0	2.0	-58.9	34.2	-15.0	42.2	496.0	-1635.7	-2286.4	-14.4	
68.20	189.5	13.1	18.2	2.0	-60.1	34.3	-18.9	45.9	491.0	-1574.7	-2424.9	2.3	
68.25	191.0	13.2	21.1	2.0	-60.6	34.4	-22.0	45.9	486.5	-1410.7	-2567.4	11.9	
68.30	192.5	13.5	22.8	2.0	-61.1	34.5	-23.8	45.2	485.3	-1178.0	-2723.6	17.1	
68.35	194.0	13.9	26.5	2.0	-62.5	34.6	-26.3	45.7	483.7	-1020.2	-2897.3	28.4	
68.40	195.4	14.0	31.5	2.0	-65.2	34.7	-32.1	52.0	479.6	-951.4	-3110.0	43.1	
68.45	196.9	14.1	35.8	2.0	-68.0	34.8	-39.3	57.6	474.6	-956.3	-3307.1	54.7	
68.50	198.3	13.8	38.2	2.0	-69.9	34.9	-44.6	62.6	471.1	-1016.7	-3420.9	61.4	
68.55	199.8	13.4	38.3	2.0	-70.1	35.0	-44.8	72.2	467.3	-1122.0	-3380.8	61.3	
68.60	201.2	13.1	37.1	2.0	-67.9	35.1	-38.5	79.1	460.9	-1287.0	-3135.7	59.6	
68.65	202.6	13.0	33.8	2.0	-64.1	35.2	-29.0	83.9	453.5	-1417.1	-2768.0	52.0	
68.70	204.1	12.9	27.8	2.0	-60.0	35.3	-19.0	87.9	447.5	-1505.0	-2358.3	35.5	
68.75	205.5	13.0	23.1	2.0	-57.5	35.4	-10.9	92.7	441.5	-1720.6	-1950.6	21.9	
68.80	206.9	13.1	19.9	2.0	-57.8	35.5	-6.3	102.5	435.2	-2055.9	-1596.5	10.5	
68.85	208.3	13.4	16.7	2.0	-59.8	35.6	-2.3	114.6	429.7	-2408.6	-1272.4	-2.3	
68.90	209.7	13.7	13.7	2.0	-62.4	35.7	4.9	121.2	425.0	-2760.3	-901.1	-15.5	
68.95	211.1	13.8	10.0	2.0	-65.8	35.8	15.7	129.6	419.7	-3103.9	-470.1	-31.6	
69.00	212.5	13.7	8.6	2.0	-70.6	35.9	28.4	140.8	413.5	-3470.7	-0.4	-41.1	
69.05	213.9	13.8	7.7	2.0	-76.2	36.0	41.0	149.1	408.5	-3835.8	445.1	-49.7	
69.10	215.2	14.2	6.3	2.0	-80.7	36.1	48.5	157.0	405.4	-4116.3	736.2	-59.0	
69.15	216.6	14.0	6.0	2.0	-84.0	36.2	49.7	163.9	400.8	-4326.3	875.9	-63.5	
69.20	218.0	13.9	6.9	2.0	-86.6	36.3	46.7	170.3	395.2	-4513.0	902.2	-63.0	
69.25	219.3	14.1	8.3	2.0	-88.1	36.4	43.9	177.7	391.5	-4615.1	860.8	-59.7	
69.30	220.7	13.6	9.0	2.0	-88.5	36.5	44.0	184.0	388.7	-4640.7	823.7	-57.8	
69.35	222.0	13.2	9.5	2.0	-88.4	36.6	45.2	184.1	382.9	-4633.4	819.0	-55.7	
69.40	223.3	12.9	10.6	2.0	-87.8	36.7	44.4	185.2	374.6	-4600.6	771.3	-51.6	
69.45	224.7	12.7	12.7	2.0	-87.4	36.8	43.2	189.4	369.1	-4585.9	632.7	-43.7	
69.50	226.0	12.5	16.6	2.0	-87.8	36.9	41.7	193.9	367.1	-4629.5	415.2	-30.8	
69.55	227.3	12.3	19.5	2.0	-88.1	37.0	35.8	198.7	362.4	-4659.1	145.6	-21.2	
69.60	228.6	12.3	20.7	2.0	-87.4	37.1	26.0	199.5	352.3	-4616.5	-127.8	-16.4	
69.65	229.9	12.1	21.2	2.0	-86.1	37.2	18.6	196.4	342.5	-4525.5	-376.0	-13.4	
69.70	231.2	11.9	22.3	2.0	-85.1	37.3	15.7	195.6	336.6	-4432.1	-602.2	-8.4	
69.75	232.5	11.7	24.2	2.0	-84.9	37.4	14.5	198.3	330.2	-4386.2	-776.1	-1.7	
69.80	233.8	11.8	25.3	2.0	-85.2	37.5	11.6	199.0	318.4	-4394.4	-877.7	1.6	
69.85	235.1	12.0	26.0	2.0	-86.1	37.6	5.7	199.7	306.5	-4447.4	-1002.4	3.3	
69.90	236.4	11.6	28.3	2.0	-88.3	37.7	0.1	204.6	299.0	-4564.7	-1199.7	8.7	
69.95	237.7	11.6	32.6	2.0	-92.1	37.8	-3.0	214.1	293.9	-4775.4	-1418.6	19.7	
70.00	238.9	11.7	36.5	2.0	-95.8	37.9	-5.5	223.2	286.1	-5000.4	-1580.7	29.6	
70.05	240.2	11.5	37.2	2.0	-98.4	38.0	-7.9	229.2	275.9	-5166.2	-1659.8	29.4	
70.10	241.5	11.3	36.2	2.0	-100.6	38.1	-7.7	232.9	268.0	-5340.1	-1653.2	23.7	
70.15	242.7	11.3	35.7	2.0	-103.2	38.2	-3.9	235.3	262.6	-5561.2	-1587.4	19.3	
70.20	244.0	11.7	36.0	2.0	-106.1	38.3	-1.1	241.0	257.8	-5791.4	-1538.6	17.4	
70.25	245.2	11.7	35.2	2.0	-108.8	38.4	-1.8	245.0	251.6	-6001.9	-1500.5	12.1	
70.30	246.5	11.7	33.1	2.0	-111.0	38.5	-5.7	250.4	244.2	-6172.2	-1485.5	2.6	
70.35	247.7	12.1	31.8	2.0	-113.5	38.6	-8.7	258.0	237.5	-6349.4	-1471.6	-4.2	
70.40	248.9	12.3	32.0	2.0	-116.2	38.7	-6.9	261.6	232.2	-6568.6	-1400.1	-6.4	
70.45	250.2	12.5	31.0	2.0	-117.9	38.8	-2.7	264.0	227.0	-6723.3	-1284.2	-11.6	
70.50	251.4	12.8	28.9	2.0	-118.9	38.9	4.2	267.8	220.8	-6826.6	-1081.0	-19.9	
70.55	252.6	12.6	27.5	2.0	-120.4	39.0	13.1	271.0	213.7	-6975.1	-781.1	-26.0	
70.60	253.8	12.3	27.1	2.0	-122.2	39.1	20.0	277.4	207.2	-7125.9	-525.4	-29.2	
70.65	255.0	12.1	26.7	2.0	-123.8	39.2	24.1	281.7	202.4	-7246.7	-361.8	-32.3	
70.70	256.2	12.0	25.6	2.0	-124.7	39.3	25.5	281.0	197.5	-7323.7	-252.8	-36.8	
70.75	257.4	11.9	24.3	2.0	-125.0	39.4	23.1	281.9	190.0	-7351.1	-188.9	-41.5	
70.80	258.6	11.5	23.5	2.0	-125.1	39.5	20.7	284.6	181.0	-7358.3	-123.3	-44.4	
70.85	259.7	11.0	23.1	2.0	-124.5	39.6	20.3	283.1	172.9	-7328.7	-57.1	-45.4	
70.90	260.9	10.9	21.6	2.0	-122.9	39.7	21.6	278.9	165.8	-7218.8	-6.2	-48.6	
70.95	262.1	11.0	21.5	2.0	-121.6	39.8	24.7	276.4	160.0	-7137.9	67.2	-47.7	
71.00	263.2	10.9	23.0	2.0	-121.2	39.9	30.1	275.4	153.5	-7109.1	216.4	-42.2	
71.05	264.4	10.6	24.3	2.0	-119.8	40.0	34.9	275.6	146.0	-7000.3	362.2	-36.3	
71.10	265.5	10.3	25.2	2.0	-117.1	40.1	37.5	272.1	139.0	-6802.4	418.9	-30.5	
71.15	266.7	10.1	26.1	2.0	-113.6	40.2	38.3	266.2	133.0	-6567.3	377.0	-23.9	
71.20	267.8	10.0	26.8	2.0	-110.0	40.3	36.3	263.1	126.9	-6307.9	253.5	-18.0	
71.25	269.0	10.0	27.2	2.0	-105.8	40.4	31.7	255.6	119.2	-6026.5	114.9	-12.3	
71.30	270.1	10.4	26.6	2.0	-100.7	40.5	25.3	244.1	111.2	-5681.2	-57.0	-9.4	
71.35	271.2	10.9	26.4	2.0	-96.8	40.6	17.8	238.8	105.1	-5401.0	-291.0	-6.0	
71.40	272.4	11.5	29.7	2.0	-95.9	40.7	12.9	239.5	99.8	-5320.9	-473.3	6.0	
71.45	273.5	11.9	33.6	2.0	-95.7	40.8	8.5	241.7	92.8	-5293.5	-586.5	19.8	
71.50	274.6	11.9	34.5	2.0	-94.5	40.9	3.5	241.1	85.5	-5197.9	-690.8	24.1	
71.55	275.7	11.8	35.5	2.0	-93.4	41.0	1.0	238.1	79.8	-5116.5	-775.7	28.3	
71.60	276.8	11.4	38.3	2.0	-93.9	41.1	2.4	241.8	75.7	-5140.2	-813.3	37.5	
71.65	277.9	11.0	40.6	2.0	-95.2	41.2	4.8	249.8	70.5	-5226.6	-765.8	44.1	
71.70	279.0	10.8	39.8	2.0	-95.5	41.3	5.0	250.7	63.2	-5268.3	-658.8	41.0	
71.75	280.1	10.9	36.3	2.0	-95.2	41.4	4.1	246.7	55.3	-5277.4	-542.4	29.3	
71.80	281.2	11.3	34.4	2.0	-96.6	41.5	4.9	245.8	49.4	-5403.1	-444.2	21.5	
71.85	282.3	11.2	34.6	2.0	-100.3	41.6	6.6	249.9	44.5	-5682.5	-372.6	18.3	
71.90	283.4	11.0	32.1	2.0	-103.1	41.7	7.1	253.8	37.7	-5888.1	-304.5	7.1	
71.95	284.5	11.3	27.3	2.0	-104.0	41.8	8.1	250.0	29.0	-5980.5	-184.3	-10.4	
72.00	285.5	11.6	24.3	2.0	-105.6	41.9	14.0	245.1	22.5	-6120.6	12.2	-22.0	
72.05	286.6	11.7	23.6	2.0	-108.6	42.0	24.3	248.6	18.7	-6336.1	230.7	-27.7	
72.10	287.7	11.5	23.6	2.0	-112.1	42.1	33.5	255.4	15.0	-6571.3	425.5	-31.1	
72.15	288.7	11.8	22.0	2.0	-114.2	42.2	38.5	257.4	8.6	-6717.7	601.8	-38.8	
72.20	289.7	12.1	21.6	2.0	-115.6	42.3	39.4	258.4	1.9	-6812.4	702.7	-41.3	
72.25	290.8	11.9	23.7	2.0	-117.5	42.4	38.5	260.7	-3.0	-6951.5	703.8	-36.3	
72.30	291.8	11.9	25.1	2.0	-118.9	42.5	36.6	264.5	-6.7	-7051.0	601.6	-32.7	
72.35	292.8	11.6	24.1	2.0	-118.3	42.6	33.1	264.4	-11.6	-7015.1	466.6	-35.7	
72.40	293.9	11.1	22.3	2.0	-116.3	42.7	29.9	257.0	-17.1	-6887.8	385.1	-39.9	
72.45	294.9	11.1	22.3	2.0	-114.3	42.8	27.7	249.4	-21.7	-6756.6	335.1	-37.8	
72.50	295.9	11.0	23.5	2.0	-113.1	42.9	26.0	248.2	-26.4	-6669.3	255.6	-32.5	
72.55	296.9	10.7	25.2	2.0	-112.3	43.0	23.2	250.5	-30.8	-6604.7	105.0	-25.8	
72.60	298.0	10.7	27.0	2.0	-110.6	43.1	18.8	249.5	-34.4	-6480.2	-73.2	-17.8	
72.65	299.0	10.7	28.5	2.0	-107.8	43.2	13.4	242.3	-38.1	-6278.4	-240.0	-10.0	
72.70	300.0	10.7	29.5	2.0	-104.2	43.3	8.1	233.9	-43.1	-6022.5	-403.2	-3.0	
72.75	301.0	10.4	29.8	2.0	-100.6	43.4	3.4	229.5	-48.8	-5742.2	-592.0	1.8	
72.80	301.9	10.4	31.4	2.0	-97.4	43.5	-0.8	226.4	-53.2	-5481.2	-789.2	10.3	
72.85	302.9	10.6	33.7	2.0	-94.9	43.6	-6.3	220.4	-57.4	-5266.9	-973.7	21.0	
72.90	303.9	10.8	36.1	2.0	-93.1	43.7	-14.8	215.4	-64.0	-5098.8	-1162.1	30.9	
72.95	304.9	11.1	37.5	2.0	-91.5	43.8	-23.1	212.0	-71.5	-4926.6	-1366.8	37.3	
73.00	305.9	11.3	39.7	2.0	-90.4	43.9	-26.5	208.7	-75.8	-4786.6	-1551.2	45.9	
73.05	306.8	11.4	42.3	2.0	-89.8	44.0	-24.4	208.7	-77.8	-4708.4	-1652.1	55.4	
73.10	307.8	11.3	42.1	2.0	-88.0	44.1	-20.2	204.8	-81.6	-4576.3	-1649.3	56.5	
73.15	308.7	11.1	39.9	2.0	-85.3	44.2	-17.5	193.8	-88.2	-4407.8	-1584.5	51.5	
73.20	309.7	10.9	37.8	2.0	-83.6	44.3	-14.7	187.7	-94.6	-4314.4	-1498.4	46.2	
73.25	310.6	10.9	39.0	2.0	-84.6	44.4	-10.2	192.3	-98.5	-4412.4	-1399.2	49.4	
73.30	311.6	11.1	40.0	2.0	-86.4	44.5	-5.2	196.7	-101.8	-4584.4	-1254.3	50.8	
73.35	312.5	11.3	36.7	2.0	-86.2	44.6	-2.9	193.8	-107.3	-4620.9	-1059.6	39.7	
73.40	313.4	11.3	31.1	2.0	-85.2	44.7	-0.2	187.5	-113.5	-4609.2	-783.4	21.7	
73.45	314.4	11.2	27.2	2.0	-85.6	44.8	7.9	182.8	-117.6	-4700.9	-415.3	7.6	
73.50	315.3	10.8	23.9	2.0	-86.9	44.9	18.6	183.4	-120.6	-4810.1	-29.0	-4.7	
73.55	316.2	10.6	19.2	2.0	-87.6	45.0	27.9	182.6	-123.8	-4848.9	336.1	-21.8	
73.60	317.1	10.5	14.7	2.0	-88.3	45.1	33.4	176.5	-128.2	-4875.5	673.2	-37.9	
73.65	318.1	10.6	13.1	2.0	-90.4	45.2	35.4	176.4	-133.0	-4992.2	941.6	-45.4	
73.70	319.0	10.8	14.4	2.0	-93.9	45.3	37.0	183.4	-136.8	-5197.1	1124.8	-44.3	
73.75	319.9	11.0	14.5	2.0	-96.1	45.4	39.3	188.5	-138.7	-5329.0	1239.5	-46.3	
73.80	320.8	11.4	12.8	2.0	-95.7	45.5	40.7	186.7	-141.0	-5275.3	1336.2	-51.8	
73.85	321.7	11.0	11.3	2.0	-93.4	45.6	40.3	178.7	-144.7	-5097.2	1414.7	-54.7	
73.90	322.6	10.9	10.5	2.0	-90.2	45.7	38.6	169.1	-148.7	-4872.4	1396.3	-54.2	
73.95	323.5	10.9	11.2	2.0	-86.4	45.8	34.1	164.9	-151.3	-4647.8	1193.1	-48.1	
74.00	324.4	11.4	13.2	2.0	-82.7	45.9	28.7	162.8	-153.2	-4431.8	893.7	-37.5	
74.05	325.3	11.5	16.9	2.0	-79.1	46.0	22.0	157.9	-155.4	-4228.8	574.0	-21.0	
74.10	326.2	11.3	20.0	2.0	-75.3	46.1	14.2	152.3	-158.8	-3989.6	262.9	-6.8	
74.15	327.0	11.6	22.3	2.0	-71.2	46.2	8.3	145.4	-163.2	-3701.3	-24.8	5.3	
74.20	327.9	11.7	24.0	2.0	-66.9	46.3	7.6	136.5	-166.2	-3391.9	-264.0	15.6	
74.25	328.8	11.7	25.9	2.0	-62.3	46.4	7.9	127.4	-166.7	-3033.3	-508.3	26.7	
74.30	329.7	11.9	26.7	2.0	-57.4	46.5	5.5	114.5	-168.4	-2638.1	-760.6	34.1	
74.35	330.5	11.7	27.2	2.0	-53.7	46.6	-1.2	100.7	-173.9	-2272.4	-1041.3	39.8	
74.40	331.4	11.5	28.8	2.0	-52.1	46.7	-9.8	92.2	-179.7	-1989.1	-1344.0	46.8	
74.45	332.3	11.6	30.1	2.0	-51.7	46.8	-12.2	87.7	-182.1	-1821.3	-1534.1	51.7	
74.50	333.1	11.3	30.9	2.0	-51.2	46.9	-11.4	84.3	-183.1	-1721.1	-1601.2	54.9	
74.55	334.0	11.0	30.4	2.0	-49.9	47.0	-11.8	80.0	-188.6	-1646.2	-1550.5	54.3	
74.60	334.8	11.1	28.6	2.0	-48.1	47.1	-11.1	75.2	-196.7	-1609.6	-1403.0	50.2	
74.65	335.7	11.6	26.8	2.0	-47.0	47.2	-6.4	73.9	-199.5	-1644.4	-1232.0	45.0	
74.70	336.5	11.9	24.9	2.0	-46.9	47.3	-0.0	75.6	-197.2	-1735.7	-1074.8	38.6	
74.75	337.3	11.5	22.4	2.0	-46.9	47.4	3.5	74.6	-198.0	-1835.0	-894.5	30.0	
74.80	338.2	11.5	18.3	2.0	-46.5	47.5	3.8	70.3	-204.2	-1905.7	-677.4	16.5	
74.85	339.0	11.5	15.0	2.0	-47.3	47.6	3.7	69.3	-208.1	-2032.2	-461.8	4.1	
74.90	339.9	11.4	13.2	2.0	-49.5	47.7	7.6	73.1	-207.4	-2224.3	-217.9	-4.0	
74.95	340.7	11.3	12.1	2.0	-52.4	47.8	12.2	80.1	-208.3	-2434.7	53.0	-11.0	
75.00	341.5	11.4	10.1	2.0	-54.6	47.9	15.3	83.5	-213.7	-2565.7	337.7	-19.8	
75.05	342.4	11.9	8.1	2.0	-55.8	48.0	19.4	80.7	-217.0	-2614.1	598.7	-28.2	
75.10	343.2	12.0	6.7	2.0	-56.4	48.1	25.9	76.8	-214.2	-2621.4	781.6	-33.4	
75.15	344.0	11.9	6.7	2.0	-57.5	48.2	32.0	77.2	-210.6	-2666.7	882.5	-34.6	
75.20	344.8	11.7	6.7	2.0	-57.7	48.3	34.2	77.2	-212.1	-2669.6	925.3	-34.7	
75.25	345.6	11.8	5.0	2.0	-56.3	48.4	33.9	72.3	-215.4	-2558.3	933.7	-39.1	
75.30	346.5	11.8	4.4	2.0	-53.5	48.5	33.2	63.7	-215.1	-2379.2	894.0	-38.3	
75.35	347.3	11.4	4.9	2.0	-50.9	48.6	34.5	56.3	-214.1	-2204.9	843.7	-34.2	
75.40	348.1	11.2	5.0	2.0	-47.8	48.7	34.2	51.5	-215.9	-1999.4	749.6	-30.6	
75.45	348.9	11.2	3.5	2.0	-42.6	48.8	30.4	40.7	-218.8	-1673.1	578.5	-30.7	
75.50	349.7	11.3	2.4	2.0	-36.4	48.9	26.2	26.4	-219.0	-1295.7	354.4	-28.2	
75.55	350.5	11.3	3.9	2.0	-31.6	49.0	23.0	17.3	-217.2	-994.9	117.6	-18.3	
75.60	351.3	11.3	6.1	2.0	-28.1	49.1	21.3	13.4	-217.8	-747.6	-65.5	-7.1	
75.65	352.1	11.1	6.8	2.0	-24.8	49.2	18.8	8.3	-220.7	-469.8	-204.5	-1.6	
75.70	352.9	11.0	7.2	2.0	-22.8	49.3	15.4	0.4	-223.2	-179.3	-328.4	1.9	
75.75	353.7	11.4	10.2	2.0	-23.7	49.4	12.2	-5.4	-224.8	20.9	-449.2	11.2	
75.80	354.4	11.9	14.3	2.0	-26.1	49.5	6.7	-7.7	-226.7	149.6	-620.1	22.8	
75.85	355.2	11.4	16.8	2.0	-29.7	49.6	-1.8	-9.7	-228.3	290.8	-861.6	27.9	
75.90	356.0	11.2	17.4	2.0	-33.6	49.7	-9.6	-13.4	-229.4	467.9	-1083.1	26.1	
75.95	356.8	11.1	17.6	2.0	-36.3	49.8	-14.0	-19.5	-230.2	639.2	-1209.2	24.0	
76.00	357.6	11.2	17.8	2.0	-37.4	49.9	-14.4	-25.7	-231.0	755.0	-1215.5	23.7	
76.05	358.4	11.2	17.9	2.0	-37.2	50.0	-13.3	-28.9	-231.5	814.6	-1151.7	24.3	
76.10	359.1	11.3	16.7	2.0	-36.1	50.1	-11.4	-28.8	-233.1	836.8	-1034.2	21.1	
76.15	359.9	11.3	16.3	2.0	-33.8	50.2	-9.0	-24.4	-235.6	746.3	-897.4	22.1	
76.20	0.7	11.6	16.0	2.0	-31.6	50.3	-8.2	-20.0	-236.0	594.2	-817.2	23.3	
76.25	1.5	11.8	14.8	2.0	-30.5	50.4	-7.5	-20.7	-234.3	527.5	-765.4	20.4	
76.30	2.2	11.9	12.5	2.0	-29.6	50.5	-4.5	-26.2	-233.2	526.4	-663.1	13.4	
76.35	3.0	11.7	9.4	2.0	-28.4	50.6	-0.6	-30.2	-233.1	530.0	-529.7	3.9	
76.40	3.8	11.5	6.0	2.0	-27.1	50.7	3.8	-30.7	-233.4	521.6	-377.5	-6.5	
76.45	4.6	11.3	3.3	2.0	-25.7	50.8	8.9	-33.9	-232.9	478.7	-212.7	-14.2	
76.50	5.3	11.5	1.1	2.0	-24.5	50.9	13.3	-38.4	-232.0	414.1	-60.3	-20.8	
76.55	6.1	11.6	-0.6	2.0	-23.1	51.0	16.1	-38.6	-231.6	301.6	69.9	-25.2	
76.60	6.8	11.6	-1.4	2.0	-22.8	51.1	20.0	-37.4	-231.7	186.6	219.6	-27.7	
76.65	7.6	11.2	-1.7	2.0	-23.8	51.2	23.0	-37.0	-230.4	150.1	327.1	-29.7	
76.70	8.3	10.9	-2.7	2.0	-25.4	51.3	26.5	-40.0	-228.8	217.8	414.0	-34.6	
76.75	9.1	10.8	-3.1	2.0	-26.9	51.4	28.3	-46.9	-227.3	309.3	471.7	-37.6	
76.80	9.8	11.0	-3.9	2.0	-28.1	51.5	27.9	-53.1	-227.3	407.1	495.7	-41.4	
76.85	10.5	11.2	-5.0	2.0	-28.8	51.6	25.6	-55.2	-228.6	485.7	484.4	-46.0	
76.90	11.3	11.2	-4.1	2.0	-28.4	51.7	22.2	-54.7	-229.2	511.8	419.9	-42.3	
76.95	12.0	11.1	-1.9	2.0	-27.5	51.8	17.3	-53.7	-228.9	538.6	279.8	-34.2	
77.00	12.7	11.4	-0.1	2.0	-27.2	51.9	9.6	-53.9	-228.4	580.2	58.5	-27.6	
77.05	13.5	11.5	1.0	2.0	-28.3	52.0	2.0	-56.3	-229.0	647.1	-161.6	-24.9	
77.10	14.2	11.4	2.3	2.0	-31.0	52.1	-3.9	-59.5	-229.5	774.4	-363.8	-22.9	
77.15	14.9	11.2	4.3	2.0	-35.0	52.2	-8.3	-64.1	-228.3	995.3	-572.8	-20.4	
77.20	15.6	11.4	6.8	2.0	-39.7	52.3	-10.3	-71.6	-227.7	1274.6	-753.6	-16.3	
77.25	16.4	11.9	10.0	2.0	-44.3	52.4	-14.3	-78.5	-228.5	1530.6	-956.5	-10.1	
77.30	17.1	12.1	12.5	2.0	-48.4	52.5	-21.7	-82.1	-229.5	1715.3	-1215.7	-5.4	
77.35	17.8	12.2	15.7	2.0	-52.1	52.6	-28.9	-84.8	-229.9	1851.8	-1477.2	1.7	
77.40	18.5	12.2	19.4	2.0	-55.9	52.7	-33.1	-88.5	-229.9	2023.7	-1698.5	10.7	
77.45	19.3	11.9	21.9	2.0	-59.8	52.8	-34.2	-93.9	-229.5	2255.2	-1862.1	15.3	
77.50	20.0	11.8	23.1	2.0	-63.3	52.9	-33.4	-101.2	-228.7	2482.1	-1971.0	16.1	
77.55	20.7	11.7	23.9	2.0	-65.5	53.0	-32.8	-106.4	-227.3	2611.1	-2058.0	16.6	
77.60	21.4	11.7	24.0	2.0	-66.6	53.1	-32.9	-109.3	-225.9	2647.8	-2131.5	15.8	
77.65	22.1	11.8	24.5	2.0	-66.8	53.2	-33.4	-111.3	-224.4	2626.1	-2177.1	17.2	
77.70	22.8	11.8	24.6	2.0	-66.1	53.3	-32.3	-110.7	-223.3	2583.4	-2144.5	18.4	
77.75	23.5	11.9	23.6	2.0	-64.0	53.4	-29.6	-107.2	-222.8	2500.5	-2020.4	16.8	
77.80	24.1	12.0	21.3	2.0	-61.3	53.5	-26.1	-106.2	-222.0	2400.0	-1828.7	11.7	
77.85	24.8	12.0	17.2	2.0	-59.1	53.6	-23.9	-109.4	-220.5	2329.2	-1623.2	0.1	
77.90	25.5	11.8	12.6	2.0	-57.1	53.7	-20.5	-113.1	-219.9	2308.2	-1367.8	-13.8	
77.95	26.2	12.0	8.9	2.0	-54.6	53.8	-14.0	-114.4	-218.6	2259.5	-1049.2	-23.9	
78.00	26.8	12.2	6.2	2.0	-51.5	53.9	-6.3	-112.9	-215.2	2152.1	-714.6	-30.2	
78.05	27.5	12.2	3.1	2.0	-48.5	54.0	-1.2	-109.7	-212.2	2011.0	-401.2	-38.0	
78.10	28.2	11.9	0.0	2.0	-46.0	54.1	3.1	-109.2	-212.2	1860.3	-75.7	-45.9	
78.15	28.9	11.9	-2.6	2.0	-44.9	54.2	8.0	-110.9	-212.7	1759.5	236.7	-54.0	
78.20	29.5	12.2	-4.3	2.0	-45.7	54.3	12.7	-112.6	-210.6	1765.3	468.2	-60.4	
78.25	30.2	12.6	-5.5	2.0	-47.7	54.4	16.7	-116.1	-208.4	1868.5	627.1	-66.5	
78.30	30.9	12.4	-5.9	2.0	-50.2	54.5	17.8	-122.2	-208.5	2023.4	701.0	-70.5	
78.35	31.5	12.1	-5.8	2.0	-52.2	54.6	15.6	-128.5	-208.3	2180.0	650.7	-72.1	
78.40	32.2	11.8	-4.4	2.0	-53.8	54.7	12.2	-133.8	-205.6	2331.0	505.0	-69.0	
78.45	32.8	11.7	-1.9	2.0	-55.0	54.8	9.7	-135.9	-203.1	2452.5	336.1	-61.6	
78.50	33.5	11.6	1.0	2.0	-56.2	54.9	7.0	-133.4	-202.9	2561.5	169.9	-52.6	
78.55	34.1	11.6	3.7	2.0	-58.8	55.0	4.7	-135.4	-203.0	2763.2	-10.0	-46.2	
78.60	34.8	11.5	6.5	2.0	-63.3	55.1	2.8	-145.7	-201.4	3068.2	-242.8	-40.9	
78.65	35.4	11.5	9.8	2.0	-68.0	55.2	-3.3	-155.0	-198.5	3349.2	-595.7	-34.2	
78.70	36.0	11.7	12.8	2.0	-72.1	55.3	-9.8	-158.8	-197.6	3580.4	-955.4	-28.3	
78.75	36.7	11.1	16.4	2.0	-76.6	55.4	-17.0	-162.9	-196.2	3811.3	-1313.2	-20.4	
78.80	37.3	10.7	18.7	2.0	-81.8	55.5	-24.5	-170.1	-193.4	4084.2	-1641.7	-17.5	
78.85	37.9	10.9	20.1	2.0	-85.8	55.6	-30.1	-176.4	-191.8	4295.0	-1874.5	-16.9	
78.90	38.5	11.0	22.4	2.0	-87.8	55.7	-32.0	-180.2	-191.7	4402.9	-1977.3	-10.9	
78.95	39.1	11.1	23.9	2.0	-89.4	55.8	-32.0	-183.5	-190.1	4510.2	-2015.1	-7.2	
79.00	39.7	11.1	23.9	2.0	-91.4	55.9	-32.1	-187.5	-186.9	4660.1	-2029.0	-9.3	
79.05	40.4	11.3	23.2	2.0	-92.8	56.0	-31.6	-191.8	-185.3	4777.0	-1988.0	-13.2	
79.10	41.0	11.4	22.6	2.0	-92.5	56.1	-31.1	-193.1	-184.6	4786.6	-1906.0	-15.0	
79.15	41.6	11.4	21.5	2.0	-91.2	56.2	-30.2	-192.3	-181.5	4726.2	-1810.8	-17.5	
79.20	42.2	11.8	19.3	2.0	-89.8	56.3	-27.1	-194.2	-176.9	4668.0	-1658.4	-23.5	
79.25	42.8	11.9	16.5	2.0	-88.0	56.4	-23.6	-196.0	-175.5	4595.1	-1423.2	-31.2	
79.30	43.4	11.9	14.1	2.0	-85.5	56.5	-20.9	-193.9	-177.1	4482.9	-1146.7	-37.0	
79.35	44.0	11.6	11.5	2.0	-82.8	56.6	-16.2	-190.8	-176.4	4349.3	-872.2	-43.2	
79.40	44.6	11.5	9.2	2.0	-81.1	56.7	-10.4	-190.6	-171.7	4264.2	-641.8	-49.6	
79.45	45.1	11.5	7.0	2.0	-79.6	56.8	-4.8	-190.7	-168.3	4184.7	-407.4	-55.5	
79.50	45.7	11.8	5.7	2.0	-77.9	56.9	0.6	-189.4	-168.2	4074.2	-136.6	-58.5	
79.55	46.3	11.7	4.0	2.0	-76.4	57.0	6.3	-186.8	-166.9	3972.9	118.7	-62.5	
79.60	46.9	11.2	2.3	2.0	-75.9	57.1	12.1	-185.4	-162.1	3930.5	314.7	-68.2	
79.65	47.5	10.7	0.5	2.0	-76.3	57.2	19.0	-187.3	-158.9	3931.6	513.2	-74.5	
79.70	48.1	10.2	0.6	2.0	-77.0	57.3	24.2	-191.0	-158.7	3949.8	691.7	-75.1	
79.75	48.7	9.9	-0.0	2.0	-78.1	57.4	27.4	-193.9	-157.3	4006.4	799.3	-78.2	
79.80	49.3	9.9	-0.7	2.0	-79.3	57.5	29.4	-196.4	-153.5	4082.3	833.6	-81.7	
79.85	49.8	9.8	-0.8	2.0	-80.4	57.6	30.5	-200.1	-150.2	4157.3	825.7	-83.0	
79.90	50.4	9.7	-0.4	2.0	-81.4	57.7	28.7	-202.8	-148.1	4245.5	770.6	-82.9	
79.95	51.0	9.1	-0.2	2.0	-82.9	57.8	26.4	-205.3	-145.6	4368.4	702.8	-83.5	
80.00	51.5	8.9	0.7	2.0	-84.8	57.9	26.2	-209.9	-142.1	4506.1	655.2	-82.5	
80.05	52.1	8.9	1.7	2.0	-86.4	58.0	25.5	-213.4	-138.7	4633.8	589.8	-80.5	
80.10	52.6	9.4	3.4	2.0	-88.2	58.1	22.9	-216.5	-136.4	4772.9	479.9	-76.5	
80.15	53.2	9.6	5.1	2.0	-90.0	58.2	19.1	-221.4	-134.6	4911.1	334.9	-72.5	
80.20	53.8	9.7	6.5	2.0	-91.7	58.3	13.2	-224.8	-132.3	5045.7	139.3	-69.6	
80.25	54.3	9.5	7.8	2.0	-93.2	58.4	5.1	-224.6	-129.7	5162.0	-120.0	-66.6	
80.30	54.9	9.6	9.1	2.0	-94.9	58.5	-1.7	-227.1	-127.7	5274.7	-378.2	-63.7	
80.35	55.4	10.0	10.9	2.0	-97.4	58.6	-7.6	-232.6	-125.2	5423.4	-632.7	-60.1	
80.40	56.0	10.7	11.7	2.0	-100.4	58.7	-13.0	-237.7	-122.6	5610.6	-856.0	-60.4	
80.45	56.5	11.0	12.5	2.0	-102.8	58.8	-15.5	-241.0	-121.1	5759.6	-998.3	-59.7	
80.50	57.1	11.2	13.9	2.0	-104.6	58.9	-15.7	-243.7	-120.5	5876.6	-1083.2	-57.0	
80.55	57.6	11.3	14.9	2.0	-106.6	59.0	-16.3	-246.1	-118.7	6001.2	-1185.6	-55.3	
80.60	58.2	11.2	15.8	2.0	-108.3	59.1	-17.0	-248.8	-116.8	6105.4	-1288.4	-53.9	
80.65	58.7	11.0	16.7	2.0	-108.9	59.2	-17.7	-249.3	-116.3	6140.9	-1352.0	-51.5	
80.70	59.3	10.5	17.8	2.0	-109.0	59.3	-18.9	-247.5	-115.9	6138.7	-1402.3	-47.8	
80.75	59.8	10.6	17.4	2.0	-109.2	59.4	-19.0	-247.9	-113.8	6147.8	-1432.7	-49.4	
80.80	60.4	10.7	16.4	2.0	-109.3	59.5	-17.9	-249.9	-111.1	6159.5	-1411.4	-53.1	
80.85	60.9	10.9	15.5	2.0	-108.4	59.6	-13.9	-250.3	-109.8	6121.8	-1280.6	-55.3	
80.90	61.5	10.8	14.4	2.0	-106.7	59.7	-7.6	-249.8	-108.5	6034.2	-1065.7	-57.2	
80.95	62.0	11.1	12.8	2.0	-104.6	59.8	-2.3	-247.9	-106.3	5919.6	-833.5	-60.8	
81.00	62.5	11.6	10.6	2.0	-102.0	59.9	0.7	-243.3	-104.6	5765.0	-605.0	-65.6	
81.05	63.0	11.2	8.9	2.0	-99.2	60.0	3.8	-239.5	-103.2	5582.4	-375.5	-68.6	
81.10	63.6	11.3	7.5	2.0	-97.0	60.1	7.4	-238.1	-100.5	5431.0	-160.7	-71.1	
81.15	64.1	11.7	5.2	2.0	-95.8	60.2	10.7	-237.7	-95.4	5345.6	22.2	-77.8	
81.20	64.6	12.3	2.7	2.0	-95.1	60.3	14.9	-237.5	-91.7	5290.8	241.0	-85.7	
81.25	65.1	12.8	1.1	2.0	-94.9	60.4	19.4	-239.3	-90.1	5249.6	490.3	-91.1	
81.30	65.6	13.1	-0.1	2.0	-94.8	60.5	23.6	-242.1	-88.2	5211.8	710.6	-95.2	
81.35	66.2	13.4	-1.2	2.0	-94.5	60.6	27.3	-243.0	-84.4	5162.9	866.2	-98.5	
81.40	66.7	13.3	-1.6	2.0	-93.7	60.7	29.2	-240.7	-81.6	5091.7	972.6	-99.2	
81.45	67.2	13.1	-1.9	2.0	-92.9	60.8	28.4	-237.4	-80.8	5034.6	1018.5	-99.3	
81.50	67.7	12.7	-1.5	2.0	-93.3	60.9	26.8	-238.4	-78.9	5071.5	974.3	-98.3	
81.55	68.2	12.8	-1.4	2.0	-94.3	61.0	24.1	-242.0	-75.9	5159.3	849.7	-99.0	
81.60	68.7	12.8	-0.7	2.0	-94.7	61.1	21.0	-243.1	-74.4	5217.5	703.5	-97.1	
81.65	69.2	12.5	0.6	2.0	-95.0	61.2	18.4	-242.2	-73.9	5259.1	537.8	-92.8	
81.70	69.7	12.7	1.7	2.0	-96.0	61.3	15.2	-244.8	-72.9	5346.2	335.9	-90.2	
81.75	70.3	12.9	3.4	2.0	-97.1	61.4	11.2	-247.5	-72.0	5434.0	117.0	-85.6	
81.80	70.8	13.0	5.4	2.0	-97.4	61.5	6.2	-245.3	-72.5	5465.5	-115.2	-78.9	
81.85	71.3	12.4	7.3	2.0	-97.8	61.6	1.9	-242.8	-72.0	5485.7	-364.1	-72.7	
81.90	71.8	12.7	9.1	2.0	-99.6	61.7	-2.1	-246.7	-69.4	5593.2	-641.4	-68.4	
81.95	72.3	13.2	10.1	2.0	-102.8	61.8	-6.9	-252.7	-67.2	5784.3	-904.5	-68.1	
82.00	72.8	13.4	11.2	2.0	-105.5	61.9	-12.2	-255.3	-67.7	5952.2	-1100.2	-67.2	
82.05	73.3	13.2	12.4	2.0	-107.7	62.0	-15.8	-257.8	-67.6	6085.6	-1245.7	-65.2	
82.10	73.8	12.9	13.3	2.0	-110.0	62.1	-17.2	-262.3	-64.3	6216.3	-1390.4	-64.2	
82.15	74.3	12.7	14.3	2.0	-111.6	62.2	-19.3	-266.6	-61.3	6307.9	-1506.2	-62.6	
82.20	74.8	12.7	15.0	2.0	-112.0	62.3	-22.1	-267.3	-61.2	6330.0	-1538.2	-60.6	
82.25	75.3	12.7	14.9	2.0	-112.2	62.4	-23.8	-266.3	-60.9	6346.7	-1534.1	-61.1	
82.30	75.8	12.7	14.7	2.0	-112.9	62.5	-23.7	-268.0	-57.1	6398.0	-1550.7	-62.6	
82.35	76.2	12.8	14.2	2.0	-113.5	62.6	-21.9	-271.7	-52.2	6433.8	-1542.7	-64.8	
82.40	76.7	12.6	13.9	2.0	-113.2	62.7	-20.5	-272.8	-49.3	6425.2	-1482.3	-65.3	
82.45	77.2	12.4	13.6	2.0	-112.3	62.8	-20.3	-270.7	-47.7	6385.2	-1376.3	-65.7	
82.50	77.7	12.2	13.4	2.0	-110.7	62.9	-19.2	-267.9	-45.6	6304.2	-1245.5	-64.8	
82.55	78.1	12.0	12.9	2.0	-109.0	63.0	-15.7	-265.4	-42.4	6207.1	-1087.9	-64.5	
82.60	78.6	11.9	12.5	2.0	-107.1	63.1	-12.2	-261.7	-40.0	6108.6	-915.4	-64.2	
82.65	79.1	11.9	11.3	2.0	-105.8	63.2	-9.4	-259.2	-38.8	6042.2	-729.3	-67.0	
82.70	79.5	11.8	9.1	2.0	-105.6	63.3	-4.7	-260.7	-37.4	6043.8	-527.0	-74.3	
82.75	80.0	11.7	7.3	2.0	-105.9	63.4	0.4	-263.2	-34.9	6075.4	-339.6	-80.9	
82.80	80.5	11.7	6.1	2.0	-105.4	63.5	5.6	-262.7	-33.4	6048.0	-135.8	-84.4	
82.85	80.9	12.1	5.6	2.0	-104.0	63.6	11.0	-259.9	-32.3	5952.5	79.2	-84.8	
82.90	81.4	12.4	4.8	2.0	-102.9	63.7	15.6	-258.1	-30.5	5867.0	272.5	-86.3	
82.95	81.9	12.7	4.1	2.0	-102.2	63.8	19.8	-257.4	-29.1	5807.4	471.1	-88.2	
83.00	82.3	13.1	3.3	2.0	-101.9	63.9	25.0	-256.7	-29.0	5756.7	687.4	-90.6	
83.05	82.8	13.1	2.2	2.0	-102.0	64.0	29.7	-256.5	-28.2	5746.4	857.5	-94.4	
83.10	83.3	12.4	1.0	2.0	-102.6	64.1	32.2	-258.0	-25.4	5773.3	932.4	-99.2	
83.15	83.7	12.3	0.1	2.0	-103.1	64.2	32.0	-261.4	-23.2	5799.9	948.4	-102.6	
83.20	84.2	12.4	0.1	2.0	-102.9	64.3	29.2	-262.3	-22.3	5788.5	918.8	-102.5	
83.25	84.6	12.6	-0.1	2.0	-102.4	64.4	24.7	-260.9	-20.4	5774.0	827.7	-102.7	
83.30	85.1	12.4	0.0	2.0	-102.4	64.5	21.3	-261.8	-16.9	5792.8	699.2	-102.2	
83.35	85.5	12.3	0.5	2.0	-102.9	64.6	18.1	-263.6	-13.6	5845.4	551.6	-101.2	
83.40	85.9	12.1	1.7	2.0	-103.8	64.7	14.8	-265.7	-11.5	5923.8	397.4	-98.0	
83.45	86.4	11.8	3.2	2.0	-105.6	64.8	12.2	-270.3	-8.8	6051.8	222.0	-94.5	
83.50	86.8	11.6	4.7	2.0	-107.6	64.9	9.1	-273.1	-4.5	6206.9	-6.5	-91.3	
83.55	87.2	11.4	6.6	2.0	-109.1	65.0	5.4	-272.6	-0.5	6320.1	-243.9	-86.5	
83.60	87.7	11.1	9.2	2.0	-109.8	65.1	1.0	-271.4	2.6	6362.8	-479.5	-78.2	
83.65	88.1	11.0	11.4	2.0	-110.6	65.2	-4.7	-270.6	5.4	6399.2	-733.0	-71.5	
83.70	88.5	11.0	12.9	2.0	-111.9	65.3	-11.2	-270.7	8.0	6458.2	-986.3	-67.5	
83.75	88.9	11.2	13.9	2.0	-113.2	65.4	-15.3	-272.4	9.8	6524.6	-1181.3	-65.4	
83.80	89.3	11.4	14.5	2.0	-114.9	65.5	-17.0	-275.5	11.1	6616.0	-1324.1	-65.1	
83.85	89.8	11.5	14.4	2.0	-116.7	65.6	-19.2	-277.7	13.0	6716.9	-1453.4	-67.1	
83.90	90.2	11.2	14.6	2.0	-117.3	65.7	-20.8	-277.6	14.4	6748.8	-1524.1	-67.1	
83.95	90.6	10.9	14.9	2.0	-116.6	65.8	-19.6	-276.2	15.4	6704.5	-1500.1	-65.5	
84.00	91.0	10.6	15.1	2.0	-115.3	65.9	-16.8	-273.2	17.3	6631.6	-1405.1	-63.3	
84.05	91.5	10.4	14.7	2.0	-113.9	66.0	-11.9	-270.4	19.8	6567.2	-1234.6	-63.5	
84.10	91.9	10.2	13.5	2.0	-112.8	66.1	-5.3	-269.9	21.3	6525.1	-985.5	-66.5	
84.15	92.3	10.2	12.1	2.0	-112.2	66.2	0.5	-271.2	21.7	6509.8	-709.4	-70.6	
84.20	92.7	10.7	10.3	2.0	-112.1	66.3	5.1	-274.2	22.7	6510.3	-459.6	-76.6	
84.25	93.1	11.0	7.6	2.0	-112.1	66.4	9.5	-277.4	25.4	6517.7	-243.0	-86.1	
84.30	93.5	11.2	5.9	2.0	-111.3	66.5	12.6	-275.6	27.9	6462.0	-30.4	-91.2	
84.35	93.9	11.1	4.8	2.0	-109.6	66.6	15.4	-271.6	29.2	6341.1	215.5	-93.1	
84.40	94.3	11.2	3.7	2.0	-108.2	66.7	18.6	-269.2	31.4	6225.0	456.1	-95.6	
84.45	94.7	11.3	2.5	2.0	-107.5	66.8	23.2	-269.1	35.5	6150.3	671.2	-99.1	
84.50	95.1	11.6	1.6	2.0	-107.4	66.9	29.5	-269.1	40.1	6107.7	890.0	-101.8	
84.55	95.5	12.2	1.3	2.0	-107.3	67.0	35.7	-266.7	42.8	6062.4	1108.1	-102.8	
84.60	95.9	12.6	1.4	2.0	-107.1	67.1	39.0	-264.4	45.0	6028.6	1247.8	-102.3	
84.65	96.3	12.5	1.0	2.0	-107.0	67.2	39.3	-265.0	48.7	6014.3	1265.5	-103.5	
84.70	96.7	12.3	0.8	2.0	-106.7	67.3	37.9	-265.3	52.9	5993.6	1207.4	-103.8	
84.75	97.0	11.9	1.4	2.0	-106.1	67.4	36.2	-263.2	55.7	5968.6	1144.4	-101.2	
84.80	97.4	11.2	2.0	2.0	-106.0	67.5	34.7	-260.3	58.7	5979.2	1067.9	-99.3	
84.85	97.8	11.1	2.5	2.0	-106.5	67.6	33.3	-260.9	62.0	6032.7	973.0	-98.1	
84.90	98.2	11.0	2.9	2.0	-107.1	67.7	31.8	-263.5	63.9	6085.4	872.7	-97.0	
84.95	98.6	10.8	3.8	2.0	-107.5	67.8	29.4	-264.7	64.3	6129.8	751.0	-94.6	
85.00	99.0	10.6	4.6	2.0	-108.0	67.9	27.9	-265.4	65.3	6179.4	612.4	-92.2	
85.05	99.3	10.7	5.7	2.0	-108.4	68.0	26.2	-264.7	67.3	6222.1	446.5	-88.8	
85.10	99.7	10.9	6.6	2.0	-108.4	68.1	23.1	-262.6	68.7	6238.6	268.5	-85.8	
85.15	100.1	11.1	7.6	2.0	-108.2	68.2	19.0	-261.2	69.1	6232.1	92.1	-81.9	
85.20	100.5	10.9	8.3	2.0	-108.0	68.3	14.8	-261.4	70.0	6221.6	-88.0	-79.5	
85.25	100.9	10.5	8.3	2.0	-108.5	68.4	11.8	-263.4	71.8	6243.0	-249.1	-80.0	
85.30	101.3	10.3	8.5	2.0	-109.4	68.5	9.3	-266.0	72.6	6298.6	-364.8	-80.0	
85.35	101.6	10.7	8.9	2.0	-110.3	68.6	6.8	-267.8	71.7	6359.7	-446.8	-79.6	
85.40	102.0	11.1	9.0	2.0	-111.4	68.7	4.1	-270.7	72.5	6429.7	-542.6	-80.6	
85.45	102.4	11.0	8.9	2.0	-112.4	68.8	1.5	-273.2	75.1	6485.1	-645.2	-81.9	
85.50	102.8	11.0	9.4	2.0	-112.6	68.9	-0.6	-272.0	77.1	6496.6	-711.3	-80.5	
85.55	103.1	11.0	10.7	2.0	-112.3	69.0	-1.5	-268.8	78.8	6481.0	-728.5	-75.5	
85.60	103.5	10.9	10.8	2.0	-112.3	69.1	-0.6	-267.6	82.0	6479.9	-713.7	-75.1	
85.65	103.8	10.3	10.8	2.0	-112.5	69.2	1.2	-268.3	85.8	6495.1	-669.5	-75.5	
85.70	104.2	10.0	10.9	2.0	-112.1	69.3	3.5	-268.0	87.3	6469.7	-574.1	-74.7	
85.75	104.5	10.1	10.5	2.0	-111.2	69.4	6.4	-266.7	88.4	6415.5	-459.7	-75.1	
85.80	104.9	10.6	9.7	2.0	-110.6	69.5	9.1	-266.5	91.5	6375.6	-358.4	-77.3	
85.85	105.2	10.9	9.2	2.0	-109.9	69.6	11.0	-265.2	94.6	6331.5	-252.7	-78.3	
85.90	105.6	11.0	9.2	2.0	-108.6	69.7	12.5	-260.2	95.9	6247.9	-113.0	-77.1	
85.95	105.9	11.1	8.9	2.0	-107.0	69.8	14.3	-254.2	96.9	6144.7	39.0	-76.4	
86.00	106.3	11.4	8.5	2.0	-105.8	69.9	17.4	-250.8	99.5	6055.0	185.7	-76.5	
86.05	106.6	11.6	7.6	2.0	-105.1	70.0	22.5	-250.9	101.7	5995.9	379.1	-79.2	
86.10	107.0	11.1	5.9	2.0	-104.9	70.1	28.2	-250.5	102.2	5956.1	623.0	-84.7	
86.15	107.3	10.8	4.6	2.0	-104.9	70.2	34.0	-248.9	102.0	5928.1	879.0	-89.0	
86.20	107.7	10.7	3.9	2.0	-104.8	70.3	40.2	-249.6	102.6	5878.9	1108.1	-91.5	
86.25	108.1	10.6	2.9	2.0	-104.4	70.4	44.2	-250.4	104.0	5810.5	1251.4	-94.3	
86.30	108.4	10.5	2.0	2.0	-103.7	70.5	44.1	-249.1	104.6	5748.9	1310.1	-97.0	
86.35	108.8	10.5	1.2	2.0	-103.2	70.6	42.8	-247.9	104.0	5709.2	1336.2	-99.0	
86.40	109.1	10.8	0.7	2.0	-103.3	70.7	42.0	-249.3	104.2	5712.5	1332.1	-101.1	
86.45	109.5	10.9	-0.8	2.0	-103.6	70.8	40.4	-251.0	105.6	5743.0	1282.7	-106.4	
86.50	109.8	10.9	-0.6	2.0	-104.0	70.9	39.3	-252.2	107.2	5779.2	1232.5	-106.0	
86.55	110.2	10.9	-0.1	2.0	-104.0	71.0	38.7	-252.4	107.1	5786.0	1194.7	-104.4	
86.60	110.5	11.0	0.8	2.0	-103.7	71.1	37.3	-251.4	107.0	5779.1	1116.9	-101.0	
86.65	110.8	10.8	1.8	2.0	-103.4	71.2	33.3	-251.2	109.3	5793.7	933.5	-97.3	
86.70	111.2	10.4	3.2	2.0	-103.2	71.3	28.0	-251.8	111.8	5809.2	681.8	-92.3	
86.75	111.5	10.4	4.3	2.0	-102.9	71.4	21.4	-250.8	112.5	5815.5	384.8	-88.1	
86.80	111.8	10.5	5.0	2.0	-103.1	71.5	13.4	-249.0	113.8	5848.8	46.0	-85.8	
86.85	112.2	10.6	6.3	2.0	-103.9	71.6	6.8	-250.0	116.4	5902.2	-261.2	-82.2	
86.90	112.5	10.3	7.6	2.0	-104.9	71.7	3.7	-252.2	118.7	5953.0	-477.7	-78.7	
86.95	112.8	10.3	8.7	2.0	-105.7	71.8	1.2	-251.3	119.8	6002.2	-628.4	-75.9	
87.00	113.1	10.6	10.0	2.0	-106.1	71.9	-1.3	-247.7	120.5	6030.1	-742.7	-71.8	
87.05	113.4	10.6	11.8	2.0	-106.0	72.0	-1.9	-245.2	122.0	6019.6	-820.6	-65.5	
87.10	113.7	10.8	13.1	2.0	-106.0	72.1	-1.9	-244.9	124.0	6013.8	-892.6	-61.0	
87.15	114.0	10.8	13.5	2.0	-106.4	72.2	-3.6	-244.6	124.8	6032.8	-955.5	-60.1	
87.20	114.4	10.5	13.0	2.0	-106.8	72.3	-4.7	-245.1	124.6	6063.5	-963.8	-62.2	
87.25	114.7	10.6	12.2	2.0	-107.3	72.4	-2.4	-247.9	125.5	6098.6	-893.0	-65.3	
87.30	115.0	10.9	11.0	2.0	-107.3	72.5	1.5	-249.3	127.5	6110.3	-768.7	-69.4	
87.35	115.3	11.4	9.9	2.0	-106.6	72.6	5.6	-249.3	128.2	6075.8	-576.0	-72.6	
87.40	115.7	11.4	9.1	2.0	-105.5	72.7	9.9	-248.8	127.4	6012.4	-324.2	-74.1	
87.45	116.0	11.2	7.9	2.0	-104.7	72.8	13.5	-249.1	126.5	5959.9	-73.8	-77.4	
87.50	116.3	11.0	6.5	2.0	-104.4	72.9	17.4	-249.4	126.9	5936.4	148.7	-82.2	
87.55	116.6	11.3	4.9	2.0	-104.5	73.0	22.1	-248.9	128.6	5936.1	352.1	-87.6	
87.60	116.9	11.5	4.0	2.0	-104.6	73.1	26.8	-249.2	129.9	5922.9	569.1	-90.8	
87.65	117.2	11.6	2.8	2.0	-104.7	73.2	29.4	-250.7	130.4	5899.2	765.4	-95.1	
87.70	117.5	11.8	1.2	2.0	-104.5	73.3	30.4	-250.9	131.2	5864.1	909.5	-100.5	
87.75	117.8	11.8	0.5	2.0	-103.6	73.4	32.4	-248.2	132.3	5781.1	1036.8	-101.8	
87.80	118.1	11.6	0.9	2.0	-102.5	73.5	36.5	-245.4	134.2	5677.2	1163.0	-99.3	
87.85	118.4	11.6	0.9	2.0	-102.4	73.6	39.3	-245.1	136.5	5649.9	1231.0	-99.2	
87.90	118.7	11.7	-0.0	2.0	-103.0	73.7	39.0	-245.5	137.7	5695.8	1234.8	-103.1	
87.95	119.0	11.8	-0.0	2.0	-103.4	73.8	39.0	-245.3	138.2	5726.8	1238.0	-103.5	
88.00	119.3	12.1	1.0	2.0	-103.4	73.9	40.7	-244.2	140.5	5729.2	1222.9	-99.9	
88.05	119.5	11.9	1.7	2.0	-103.1	74.0	40.7	-241.5	144.6	5732.5	1132.6	-97.3	
88.10	119.8	11.6	2.3	2.0	-102.4	74.1	37.9	-236.7	146.8	5710.1	1009.3	-94.4	
88.15	120.1	11.1	3.7	2.0	-101.1	74.2	34.0	-232.4	145.9	5646.3	898.4	-88.4	
88.20	120.4	10.8	4.8	2.0	-100.2	74.3	30.4	-231.9	146.4	5602.4	752.7	-83.9	
88.25	120.6	10.8	4.4	2.0	-100.0	74.4	26.9	-233.2	149.6	5607.5	551.1	-84.8	
88.30	120.9	11.2	4.1	2.0	-100.2	74.5	24.9	-233.5	151.4	5629.9	381.7	-86.1	
88.35	121.2	11.5	4.9	2.0	-100.0	74.6	23.7	-232.7	150.4	5627.2	286.5	-83.0	
88.40	121.5	11.5	6.0	2.0	-99.7	74.7	21.2	-232.1	150.5	5608.2	181.6	-79.2	
88.45	121.7	11.3	6.1	2.0	-99.4	74.8	17.8	-231.7	153.0	5588.5	30.9	-78.3	
88.50	122.0	11.2	6.8	2.0	-98.6	74.9	15.7	-229.5	154.1	5537.3	-73.8	-75.4	
88.55	122.3	11.1	7.7	2.0	-97.7	75.0	14.6	-226.1	152.9	5481.7	-112.1	-71.2	
88.60	122.6	11.0	7.8	2.0	-98.2	75.1	13.2	-226.7	153.3	5516.4	-162.0	-71.4	
88.65	122.8	11.7	6.7	2.0	-100.0	75.2	11.8	-232.8	155.3	5627.1	-222.1	-77.0	
88.70	123.1	12.2	6.1	2.0	-101.2	75.3	11.4	-238.5	155.5	5702.7	-227.5	-80.4	
88.75	123.4	12.5	6.0	2.0	-101.2	75.4	11.6	-239.1	154.8	5701.8	-198.7	-80.6	
88.80	123.6	12.8	5.9	2.0	-100.5	75.5	11.3	-236.5	156.7	5655.9	-198.2	-80.2	
88.85	123.9	12.9	5.7	2.0	-99.3	75.6	11.0	-233.7	159.7	5571.8	-196.6	-79.8	
88.90	124.1	12.8	6.0	2.0	-97.8	75.7	11.7	-230.5	160.4	5469.3	-136.1	-77.3	
88.95	124.4	13.0	6.2	2.0	-96.9	75.8	12.9	-227.4	160.4	5408.8	-41.5	-75.6	
89.00	124.6	13.0	5.8	2.0	-97.1	75.9	15.6	-227.5	162.9	5424.4	53.9	-77.1	
89.05	124.9	13.0	5.3	2.0	-97.7	76.0	20.4	-229.0	166.3	5458.6	172.1	-79.4	
89.10	125.1	13.1	5.4	2.0	-97.6	76.1	24.8	-227.2	167.9	5447.6	315.2	-79.1	
89.15	125.4	13.3	5.4	2.0	-97.0	76.2	26.9	-223.4	168.7	5404.0	440.5	-78.4	
89.20	125.6	13.4	5.3	2.0	-96.2	76.3	28.3	-220.6	170.8	5339.0	541.7	-78.2	
89.25	125.8	12.6	4.9	2.0	-95.5	76.4	29.9	-218.0	173.4	5278.2	627.5	-78.5	
89.30	126.1	12.6	4.1	2.0	-95.2	76.5	31.9	-214.9	175.1	5249.0	717.3	-81.2	
89.35	126.3	12.7	3.6	2.0	-95.4	76.6	34.8	-213.5	176.2	5254.8	817.6	-83.1	
89.40	126.5	12.6	3.0	2.0	-96.1	76.7	37.8	-215.4	177.9	5280.3	913.0	-85.8	
89.45	126.8	12.6	2.3	2.0	-96.7	76.8	39.6	-218.2	179.3	5303.3	992.3	-88.7	
89.50	127.0	12.6	2.1	2.0	-96.5	76.9	40.6	-217.2	179.3	5276.2	1064.2	-89.4	
89.55	127.3	12.6	2.3	2.0	-95.7	77.0	42.9	-213.8	179.7	5208.4	1131.5	-87.9	
89.60	127.5	12.8	2.6	2.0	-94.8	77.1	45.2	-210.3	181.8	5137.2	1171.3	-85.9	
89.65	127.7	13.0	2.8	2.0	-94.2	77.2	45.5	-208.6	183.7	5094.8	1180.3	-84.6	
89.70	128.0	13.1	2.8	2.0	-93.8	77.3	44.0	-208.6	183.2	5067.3	1172.2	-84.4	
89.75	128.2	13.3	2.3	2.0	-93.7	77.4	41.6	-210.1	182.2	5062.4	1128.0	-85.9	
89.80	128.5	13.5	1.3	2.0	-93.8	77.5	39.0	-212.5	183.2	5088.5	1030.7	-89.3	
89.85	128.7	13.7	0.9	2.0	-93.9	77.6	37.2	-213.9	184.7	5109.1	924.6	-90.8	
89.90	128.9	12.8	1.3	2.0	-93.5	77.7	36.3	-214.2	184.9	5096.1	854.6	-88.9	
89.95	129.2	12.3	1.8	2.0	-93.0	77.8	33.8	-213.7	184.5	5070.9	773.9	-86.8	
90.00	129.4	12.4	2.0	2.0	-92.4	77.9	30.8	-212.1	185.5	5046.6	665.4	-85.6	
90.05	129.6	12.7	2.6	2.0	-91.8	78.0	30.5	-210.3	187.4	5009.8	583.1	-82.8	
90.10	129.8	12.9	4.0	2.0	-91.1	78.1	31.3	-207.6	189.0	4972.4	525.0	-77.3	
90.15	130.0	12.9	4.6	2.0	-90.8	78.2	30.4	-205.1	190.0	4962.5	440.9	-75.1	
90.20	130.3	13.0	4.5	2.0	-90.4	78.3	28.0	-204.2	190.7	4946.8	334.8	-74.9	
90.25	130.5	13.2	4.8	2.0	-89.7	78.4	25.9	-204.8	191.7	4897.0	246.5	-73.1	
90.30	130.7	13.4	5.2	2.0	-88.5	78.5	23.8	-202.6	192.8	4812.8	166.6	-70.5	
90.35	130.9	13.1	5.3	2.0	-86.6	78.6	21.1	-195.6	194.0	4697.0	79.5	-68.6	
90.40	131.1	12.8	5.2	2.0	-85.1	78.7	20.3	-191.1	195.6	4593.2	25.3	-67.2	
90.45	131.3	12.5	5.2	2.0	-84.1	78.8	20.8	-190.4	197.3	4520.2	19.5	-66.4	
90.50	131.6	12.3	5.5	2.0	-83.5	78.9	20.7	-188.8	198.4	4479.3	43.5	-64.7	
90.55	131.8	12.2	5.4	2.0	-83.3	79.0	22.1	-188.0	199.0	4463.4	104.2	-64.9	
90.60	132.0	12.1	5.2	2.0	-83.3	79.1	25.5	-188.8	199.9	4451.4	191.4	-65.5	
90.65	132.2	12.2	4.6	2.0	-83.1	79.2	27.4	-188.4	201.0	4435.0	255.1	-67.3	
90.70	132.5	12.1	4.3	2.0	-82.9	79.3	27.9	-187.6	201.5	4414.9	317.2	-68.1	
90.75	132.7	12.2	3.9	2.0	-82.7	79.4	29.4	-188.5	201.7	4391.0	408.9	-69.2	
90.80	132.9	12.4	3.2	2.0	-82.7	79.5	30.6	-189.7	202.0	4381.6	496.8	-71.8	
90.85	133.1	12.2	2.0	2.0	-82.9	79.6	30.4	-189.6	202.5	4387.9	552.5	-76.0	
90.90	133.4	12.0	1.6	2.0	-82.9	79.7	31.9	-190.3	203.1	4375.3	633.3	-77.5	
90.95	133.6	12.0	1.8	2.0	-82.8	79.8	34.8	-191.5	203.2	4345.4	747.4	-76.7	
91.00	133.8	12.1	1.5	2.0	-82.8	79.9	36.1	-190.6	203.1	4326.6	838.4	-77.6	
91.05	134.1	12.2	1.0	2.0	-82.6	80.0	36.3	-188.3	203.2	4307.9	899.4	-79.0	
91.10	134.3	12.2	1.0	2.0	-82.2	80.1	38.7	-186.4	203.6	4262.3	979.5	-78.7	
91.15	134.5	12.4	1.1	2.0	-81.7	80.2	41.0	-184.1	204.1	4215.0	1035.6	-78.1	
91.20	134.7	12.4	0.7	2.0	-81.4	80.3	40.5	-181.0	205.4	4200.2	1020.3	-78.8	
91.25	134.9	12.2	0.6	2.0	-81.2	80.4	39.0	-180.3	206.6	4201.7	982.1	-79.3	
91.30	135.1	11.9	0.9	2.0	-81.0	80.5	38.0	-180.7	206.6	4188.2	950.1	-78.1	
91.35	135.3	11.9	0.6	2.0	-80.5	80.6	35.8	-178.7	206.8	4177.8	870.7	-78.3	
91.40	135.5	12.1	0.6	2.0	-80.3	80.7	33.6	-177.1	208.0	4184.3	776.7	-78.4	
91.45	135.8	11.9	1.7	2.0	-80.2	80.8	33.4	-177.1	208.7	4186.9	728.3	-74.5	
91.50	136.0	11.5	2.8	2.0	-80.4	80.9	32.9	-177.7	208.5	4203.3	680.5	-70.7	
91.55	136.2	11.3	2.9	2.0	-80.4	81.0	30.9	-176.0	209.2	4229.4	583.4	-70.5	
91.60	136.4	11.6	3.0	2.0	-80.3	81.1	29.9	-174.4	211.4	4238.9	473.5	-70.0	
91.65	136.6	11.6	4.6	2.0	-79.8	81.2	30.2	-174.1	213.1	4205.5	400.4	-64.1	
91.70	136.8	11.8	5.3	2.0	-79.2	81.3	27.6	-173.1	213.5	4170.5	300.8	-61.0	
91.75	137.0	12.4	4.6	2.0	-78.9	81.4	22.0	-172.0	213.7	4159.0	147.8	-63.1	
91.80	137.2	12.4	4.3	2.0	-78.4	81.5	19.3	-172.3	213.7	4124.5	50.2	-63.5	
91.85	137.5	12.3	5.2	2.0	-77.7	81.6	19.9	-172.9	213.6	4070.7	25.4	-59.9	
91.90	137.7	12.4	5.0	2.0	-77.5	81.7	18.7	-172.9	214.6	4056.0	-21.1	-60.5	
91.95	137.9	12.3	4.1	2.0	-77.6	81.8	16.3	-173.8	214.7	4064.0	-59.7	-63.7	
92.00	138.1	12.2	4.1	2.0	-77.4	81.9	15.5	-174.9	213.2	4043.7	-35.3	-63.4	
92.05	138.3	12.2	4.4	2.0	-77.1	82.0	16.9	-175.1	213.5	4021.7	4.5	-62.1	
92.10	138.5	12.1	4.1	2.0	-77.4	82.1	19.1	-175.4	216.1	4040.6	40.6	-63.3	
92.15	138.8	12.3	3.8	2.0	-78.3	82.2	22.2	-177.7	217.3	4093.8	135.1	-65.2	
92.20	139.0	12.4	4.0	2.0	-79.0	82.3	24.8	-179.7	215.3	4139.6	284.0	-65.2	
92.25	139.2	12.2	3.6	2.0	-79.6	82.4	26.4	-179.9	213.9	4169.3	406.6	-67.2	
92.30	139.4	12.5	2.5	2.0	-79.9	82.5	28.6	-181.2	215.6	4184.7	486.8	-71.3	
92.35	139.6	12.8	2.1	2.0	-80.0	82.6	32.1	-182.1	217.2	4172.4	586.4	-72.8	
92.40	139.8	12.7	2.1	2.0	-80.0	82.7	33.2	-180.5	216.8	4159.3	687.4	-72.8	
92.45	140.0	12.5	1.2	2.0	-79.9	82.8	31.3	-177.2	216.4	4157.1	730.6	-75.8	
92.50	140.2	12.5	0.3	2.0	-79.5	82.9	31.3	-175.3	217.7	4125.7	760.9	-78.5	
92.55	140.3	13.0	0.8	2.0	-78.8	83.0	34.2	-173.9	219.6	4062.6	820.8	-76.1	
92.60	140.5	13.1	1.7	2.0	-78.6	83.1	36.9	-172.0	221.1	4031.6	887.6	-72.8	
92.65	140.7	13.0	2.0	2.0	-78.8	83.2	37.4	-169.7	221.4	4048.6	929.6	-72.0	
92.70	140.9	12.7	2.0	2.0	-79.0	83.3	37.2	-168.0	221.2	4061.7	942.2	-72.1	
92.75	141.1	12.7	2.5	2.0	-78.3	83.4	37.2	-165.9	221.7	4023.9	916.2	-69.9	
92.80	141.3	12.8	2.9	2.0	-77.4	83.5	36.4	-164.4	223.9	3975.6	827.7	-67.5	
92.85	141.5	13.1	2.5	2.0	-77.0	83.6	33.6	-164.8	226.1	3963.7	693.6	-68.5	
92.90	141.7	12.9	2.2	2.0	-77.1	83.7	29.6	-165.9	225.9	3988.8	579.2	-69.4	
92.95	141.9	13.0	2.9	2.0	-77.4	83.8	27.1	-166.5	224.5	4023.3	514.6	-67.4	
93.00	142.1	13.1	3.2	2.0	-77.4	83.9	26.8	-166.7	225.1	4033.2	453.6	-66.4	
93.05	142.3	13.2	3.6	2.0	-77.0	84.0	27.1	-166.9	227.2	4008.1	386.1	-64.8	
93.10	142.4	13.1	4.0	2.0	-76.3	84.1	26.4	-166.8	226.9	3958.9	339.4	-62.5	
93.15	142.6	13.1	4.3	2.0	-75.5	84.2	24.1	-164.7	224.5	3905.0	297.8	-60.7	
93.20	142.8	13.1	4.2	2.0	-74.6	84.3	22.7	-162.0	224.7	3850.2	244.1	-60.2	
93.25	143.0	12.9	4.0	2.0	-73.6	84.4	23.2	-160.8	227.3	3780.8	198.4	-59.9	
93.30	143.2	12.7	3.7	2.0	-73.0	84.5	23.3	-161.7	228.6	3728.8	171.3	-60.1	
93.35	143.4	12.7	3.1	2.0	-72.7	84.6	22.0	-161.9	227.1	3707.8	176.5	-62.0	
93.40	143.6	12.5	2.3	2.0	-72.5	84.7	21.7	-160.9	225.6	3696.2	222.8	-64.5	
93.45	143.8	12.4	2.3	2.0	-72.4	84.8	25.2	-160.7	226.9	3679.1	316.4	-64.6	
93.50	143.9	12.3	2.6	2.0	-72.3	84.9	28.9	-160.6	228.9	3656.5	420.9	-63.3	
93.55	144.1	12.7	2.6	2.0	-72.2	85.0	30.1	-159.1	228.8	3644.6	510.4	-63.2	
93.60	144.3	12.9	1.9	2.0	-72.3	85.1	30.5	-157.4	228.7	3648.4	582.1	-65.7	
93.65	144.4	12.7	1.6	2.0	-72.5	85.2	31.9	-156.5	230.7	3649.9	644.6	-67.0	
93.70	144.6	12.5	1.6	2.0	-72.5	85.3	33.6	-155.5	233.2	3636.3	702.6	-66.9	
93.75	144.8	12.5	1.5	2.0	-72.3	85.4	34.3	-154.5	234.4	3620.1	745.0	-67.1	
93.80	144.9	12.4	0.7	2.0	-72.3	85.5	33.7	-154.2	234.4	3610.9	764.7	-69.8	
93.85	145.1	12.6	0.5	2.0	-72.1	85.6	33.5	-153.5	234.7	3595.8	785.8	-70.5	
93.90	145.2	13.0	1.1	2.0	-71.6	85.7	35.4	-150.6	235.9	3557.7	824.1	-67.9	
93.95	145.4	13.5	1.9	2.0	-70.9	85.8	37.4	-146.8	237.7	3502.8	852.6	-64.3	
94.00	145.6	13.7	2.5	2.0	-70.4	85.9	37.2	-145.2	239.2	3469.6	843.5	-61.9	
94.05	145.7	13.4	1.9	2.0	-70.1	86.0	35.4	-144.5	239.8	3462.2	799.9	-63.5	
94.10	145.9	12.7	2.5	2.0	-69.9	86.1	33.1	-142.8	240.2	3461.5	739.0	-61.4	
94.15	146.0	12.3	3.3	2.0	-69.4	86.2	33.4	-141.3	240.9	3440.0	701.0	-58.2	
94.20	146.2	12.4	3.6	2.0	-69.2	86.3	33.4	-141.9	241.6	3431.6	646.1	-56.7	
94.25	146.4	12.8	2.8	2.0	-69.3	86.4	30.0	-143.9	241.1	3452.0	546.7	-59.8	
94.30	146.5	12.7	2.5	2.0	-69.5	86.5	27.1	-145.5	239.1	3472.9	479.7	-60.9	
94.35	146.7	12.7	2.7	2.0	-69.5	86.6	27.7	-145.6	238.3	3477.7	456.9	-60.3	
94.40	146.9	12.6	3.2	2.0	-69.4	86.7	29.1	-144.4	240.4	3479.2	418.3	-58.5	
94.45	147.0	12.7	3.6	2.0	-69.2	86.8	29.7	-143.5	241.9	3467.9	386.1	-56.8	
94.50	147.2	12.5	4.0	2.0	-69.0	86.9	29.6	-143.5	240.9	3448.1	382.9	-55.1	
94.55	147.3	12.3	4.2	2.0	-68.7	87.0	29.3	-143.0	239.8	3430.1	386.6	-54.4	
94.60	147.5	11.7	4.1	2.0	-68.3	87.1	29.4	-141.1	240.8	3404.3	371.7	-54.3	
94.65	147.7	11.6	4.3	2.0	-67.5	87.2	31.1	-138.8	241.9	3350.7	378.7	-52.8	
94.70	147.8	11.6	4.1	2.0	-66.8	87.3	31.5	-138.2	241.3	3294.3	397.8	-52.8	
94.75	147.9	11.4	2.9	2.0	-66.3	87.4	28.9	-137.6	241.3	3261.9	382.8	-56.4	
94.80	148.1	11.3	2.1	2.0	-65.8	87.5	26.9	-135.6	242.5	3232.0	376.0	-58.6	
94.85	148.2	11.3	2.8	2.0	-65.1	87.6	29.8	-132.6	243.9	3171.2	451.4	-55.5	
94.90	148.4	11.4	3.8	2.0	-64.7	87.7	34.6	-130.7	246.0	3127.1	560.0	-51.6	
94.95	148.5	11.4	3.2	2.0	-64.9	87.8	35.8	-129.2	248.3	3131.0	618.5	-54.0	
95.00	148.6	11.3	3.2	2.0	-65.2	87.9	36.2	-128.2	248.3	3141.1	696.0	-54.2	
95.05	148.8	11.4	4.3	2.0	-65.2	88.0	39.1	-127.5	247.2	3111.6	819.5	-50.4	
95.10	148.9	11.4	3.9	2.0	-64.9	88.1	42.4	-125.5	249.0	3067.1	902.3	-51.4	
95.15	149.1	11.4	2.9	2.0	-64.5	88.2	42.5	-123.6	252.0	3036.9	919.4	-54.6	
95.20	149.2	11.3	1.8	2.0	-64.0	88.3	40.4	-123.0	252.1	2999.1	926.9	-57.9	
95.25	149.3	11.1	1.6	2.0	-63.6	88.4	39.6	-123.9	249.9	2954.6	967.3	-58.3	
95.30	149.5	10.9	1.1	2.0	-63.4	88.5	39.9	-123.9	250.0	2926.0	991.6	-59.5	
95.35	149.6	10.8	0.1	2.0	-63.3	88.6	40.4	-123.3	252.6	2917.9	986.0	-62.8	
95.40	149.8	10.8	0.4	2.0	-63.2	88.7	42.2	-123.4	252.4	2895.8	1028.5	-61.8	
95.45	149.9	10.9	1.0	2.0	-63.0	88.8	43.6	-123.4	249.2	2860.1	1082.5	-59.4	
95.50	150.1	11.0	1.1	2.0	-62.6	88.9	42.5	-123.0	248.1	2843.9	1057.5	-59.0	
95.55	150.2	11.2	1.3	2.0	-62.3	89.0	41.8	-123.0	250.2	2841.3	994.2	-58.0	
95.60	150.3	10.9	1.9	2.0	-61.9	89.1	43.3	-122.9	251.4	2814.5	959.4	-55.3	
95.65	150.5	10.5	2.4	2.0	-61.3	89.2	42.4	-122.5	250.0	2792.5	899.0	-53.1	
95.70	150.6	10.5	1.4	2.0	-60.7	89.3	37.5	-122.4	249.2	2787.9	762.1	-55.8	
95.75	150.7	10.3	1.5	2.0	-60.0	89.4	33.7	-123.3	249.8	2769.0	628.9	-55.0	
95.80	150.9	10.1	2.4	2.0	-59.1	89.5	33.3	-122.9	249.5	2713.1	559.3	-50.8	
95.85	151.0	9.7	3.3	2.0	-58.3	89.6	32.8	-121.0	248.9	2673.7	483.3	-46.9	
95.90	151.1	9.9	2.9	2.0	-58.0	89.7	29.6	-119.4	249.9	2677.2	359.7	-47.9	
95.95	151.3	10.1	3.0	2.0	-58.0	89.8	27.4	-119.2	251.2	2686.3	271.9	-47.5	
96.00	151.4	10.4	4.6	2.0	-57.7	89.9	27.8	-118.3	251.4	2668.8	247.5	-42.0	
96.05	151.5	10.4	5.5	2.0	-57.4	90.0	28.5	-115.8	252.7	2655.2	219.3	-38.5	
96.10	151.6	10.4	4.9	2.0	-57.4	90.1	28.1	-113.9	255.4	2662.7	177.4	-40.5	
96.15	151.8	10.7	5.2	2.0	-57.6	90.2	28.1	-113.8	256.2	2675.0	187.1	-39.9	
96.20	151.9	10.8	5.9	2.0	-57.6	90.3	28.5	-113.5	254.0	2675.2	248.1	-37.5	
96.25	152.0	10.8	5.2	2.0	-57.8	90.4	28.5	-113.3	253.6	2685.4	290.7	-40.1	
96.30	152.1	10.7	-17.7	1.5	-58.2	90.5	28.3	-114.3	256.1	2711.1	316.4	-54.0	
96.35	152.3	11.0	-12.8	1.1	-58.8	90.5	29.8	-115.9	256.7	2738.0	402.1	-54.5	
96.40	152.4	11.0	-8.9	0.8	-59.3	90.6	32.1	-114.7	255.0	2751.8	543.0	-53.8	
96.45	152.5	10.8	-6.3	0.6	-59.7	90.6	34.3	-112.8	254.9	2762.1	680.6	-54.5	
96.50	152.6	11.0	-4.1	0.5	-60.3	90.7	37.9	-112.9	256.9	2761.8	826.2	-54.4	
96.55	152.8	11.2	-2.2	0.3	-61.0	90.7	42.9	-113.7	256.9	2746.4	1008.9	-53.6	
96.60	152.9	11.4	-1.3	0.3	-61.9	90.7	46.9	-113.6	254.6	2751.1	1185.3	-55.2	
96.65	153.0	11.6	-1.8	0.2	-63.1	90.7	48.4	-114.5	253.4	2792.4	1297.9	-60.9	
96.70	153.2	11.5	-1.8	0.1	-64.0	90.7	49.1	-117.7	254.5	2835.3	1357.3	-63.9	
96.75	153.3	11.4	-1.4	0.1	-64.3	90.7	49.6	-119.8	254.7	2831.3	1391.0	-64.6	
96.80	153.4	11.3	-1.6	0.1	-63.9	90.7	48.7	-119.6	253.8	2805.7	1381.9	-66.1	
96.85	153.5	11.2	-2.2	0.1	-63.4	90.7	46.2	-118.9	253.8	2791.3	1328.6	-68.2	
96.90	153.7	11.1	-1.6	0.0	-62.8	90.7	44.7	-118.2	254.6	2775.9	1275.4	-66.5	
96.95	153.8	11.0	-0.4	0.0	-62.2	90.7	45.4	-117.2	254.7	2744.2	1242.0	-62.2	
97.00	153.9	11.3	0.2	0.0	-61.6	90.7	45.6	-117.2	254.5	2719.7	1180.6	-60.0	
97.05	154.0	11.4	0.4	0.0	-61.0	90.7	43.0	-118.2	255.5	2718.0	1055.7	-58.7	
97.10	154.1	11.3	1.0	0.0	-60.1	90.7	39.6	-117.8	256.4	2705.8	908.2	-56.0	
97.15	154.2	11.3	2.0	0.0	-58.6	90.7	37.2	-114.7	256.4	2644.2	761.6	-51.3	
97.20	154.3	11.5	2.8	0.0	-56.6	90.7	34.2	-111.0	257.5	2543.7	586.3	-46.6	
97.25	154.5	11.8	3.3	0.0	-54.9	90.7	29.7	-109.1	259.6	2457.0	387.8	-43.5	
97.30	154.6	12.2	3.9	0.0	-54.0	90.7	24.7	-108.5	259.3	2415.3	229.8	-40.6	
97.35	154.7	12.4	4.4	0.0	-53.8	90.7	22.1	-107.1	257.0	2411.4	145.6	-38.4	
97.40	154.8	12.3	5.3	0.0	-53.8	90.7	22.1	-105.5	256.9	2419.0	97.7	-35.6	
97.45	154.9	11.9	5.6	0.0	-54.0	90.7	23.1	-106.5	259.3	2432.5	62.6	-34.7	
97.50	155.0	11.5	5.6	0.0	-54.1	90.7	23.1	-107.5	259.9	2440.3	46.7	-34.8	
97.55	155.1	11.4	5.7	0.0	-54.1	90.7	21.9	-106.3	257.8	2442.8	56.7	-34.5	
97.60	155.2	11.8	5.6	0.0	-54.0	90.7	22.4	-104.6	257.4	2441.4	96.2	-34.8	
97.65	155.3	12.3	5.5	0.0	-54.2	90.7	25.2	-104.8	259.4	2444.9	164.3	-35.4	
97.70	155.5	12.8	4.9	0.0	-54.4	90.7	27.4	-105.6	259.4	2452.5	252.1	-37.5	
97.75	155.6	12.8	3.6	0.0	-54.8	90.7	27.4	-106.5	256.6	2471.7	343.1	-42.3	
97.80	155.7	12.7	2.4	0.0	-55.5	90.7	27.8	-108.2	255.0	2503.2	438.4	-47.3	
97.85	155.8	12.4	1.7	0.0	-56.1	90.7	30.3	-109.4	255.8	2520.5	552.8	-50.4	
97.90	155.9	12.1	1.5	0.0	-56.3	90.7	34.0	-108.0	256.9	2508.2	678.6	-51.1	
97.95	156.0	11.9	1.3	0.0	-56.6	90.7	36.8	-106.7	257.1	2493.8	793.6	-52.1	
98.00	156.1	11.8	0.9	0.0	-57.3	90.7	38.4	-108.2	257.7	2513.2	893.7	-54.1	
98.05	156.2	11.7	0.7	0.0	-58.4	90.7	40.4	-109.6	258.8	2553.4	998.7	-55.9	
98.10	156.3	11.7	0.9	0.0	-59.2	90.7	43.8	-108.0	259.2	2573.9	1113.9	-56.2	
98.15	156.4	11.6	1.0	0.0	-59.7	90.7	46.9	-107.3	259.6	2576.1	1200.6	-56.4	
98.20	156.6	11.5	0.6	0.0	-59.9	90.7	46.7	-109.0	260.5	2578.4	1211.2	-57.8	
98.25	156.7	11.5	-0.0	0.0	-59.6	90.7	43.5	-109.7	261.2	2579.2	1165.0	-59.7	
98.30	156.8	11.6	-0.2	0.0	-59.1	90.7	41.5	-108.0	261.2	2562.7	1128.1	-59.7	
98.35	156.8	11.5	0.2	0.0	-58.5	90.7	42.3	-105.2	262.4	2524.7	1113.8	-57.8	
98.40	156.9	11.1	0.8	0.0	-58.0	90.7	42.7	-104.0	264.6	2493.6	1085.4	-55.2	
98.45	157.0	11.1	1.0	0.0	-57.5	90.7	41.7	-103.6	265.5	2474.7	1043.5	-54.2	
98.50	157.1	11.3	1.2	0.0	-57.1	90.7	41.0	-102.5	264.4	2455.0	1019.7	-52.9	
98.55	157.2	11.2	2.1	0.0	-56.6	90.7	42.0	-100.4	263.8	2423.4	1007.2	-49.4	
98.60	157.3	11.5	3.0	0.0	-55.6	90.7	42.4	-97.7	264.9	2374.3	956.5	-45.3	
98.65	157.4	11.6	3.3	0.0	-54.2	90.7	40.2	-95.7	265.6	2310.1	850.0	-43.1	
98.70	157.5	11.3	2.8	0.0	-53.0	90.7	36.1	-96.3	264.2	2257.7	720.6	-43.4	
98.75	157.6	11.0	2.3	0.0	-52.2	90.7	32.4	-96.8	263.1	2233.3	597.5	-44.3	
98.80	157.7	10.9	2.6	0.0	-51.8	90.7	30.4	-96.4	263.4	2233.8	504.4	-43.0	
98.85	157.8	10.9	3.2	0.0	-51.7	90.7	30.6	-95.9	263.8	2230.8	453.4	-40.7	
98.90	157.9	10.7	3.5	0.0	-51.4	90.7	30.5	-96.6	262.8	2217.2	412.6	-39.3	
98.95	158.0	10.3	3.5	0.0	-51.1	90.7	28.5	-97.4	261.3	2206.0	353.1	-39.0	
99.00	158.1	9.6	4.6	0.0	-50.8	90.7	26.7	-96.5	261.4	2192.5	290.3	-34.9	
99.05	158.2	9.0	4.7	0.0	-50.1	90.7	27.6	-94.3	262.3	2154.0	262.6	-34.1	
99.10	158.3	8.5	5.1	0.0	-49.5	90.7	28.4	-92.8	263.1	2111.9	237.4	-32.0	
99.15	158.4	8.2	4.7	0.0	-49.1	90.7	26.1	-92.7	263.5	2088.0	176.9	-33.0	
99.20	158.5	8.1	4.2	0.0	-48.9	90.7	22.8	-94.0	263.4	2078.7	122.4	-34.7	
99.25	158.6	8.3	3.6	0.0	-48.7	90.7	23.3	-94.2	263.6	2059.2	139.9	-36.3	
99.30	158.7	8.6	3.8	0.0	-48.2	90.7	26.6	-91.3	264.6	2022.4	217.2	-35.1	
99.35	158.7	8.7	4.2	0.0	-47.8	90.7	28.8	-87.9	265.6	1985.4	296.5	-33.3	
99.40	158.8	8.9	4.0	0.0	-47.4	90.7	29.2	-86.0	266.2	1948.0	362.4	-33.6	
99.45	158.9	9.3	3.4	0.0	-47.3	90.7	30.5	-85.9	266.4	1922.5	447.2	-35.7	
99.50	159.0	9.5	3.1	0.0	-47.8	90.7	33.2	-85.3	268.0	1928.0	551.5	-37.0	
99.55	159.1	9.3	3.4	0.0	-48.6	90.7	37.2	-83.2	269.6	1951.2	688.5	-36.9	
99.60	159.2	8.9	3.1	0.0	-49.5	90.7	40.6	-82.1	269.9	1966.9	826.9	-38.8	
99.65	159.3	9.0	2.0	0.0	-50.2	90.7	42.4	-83.2	269.6	1969.4	941.5	-43.4	
99.70	159.4	9.3	0.9	0.0	-50.9	90.7	43.5	-84.4	269.1	1966.4	1048.2	-47.8	
99.75	159.5	9.6	0.8	0.0	-51.6	90.7	46.1	-83.2	269.0	1960.4	1173.6	-48.9	
99.80	159.5	9.8	1.0	0.0	-52.6	90.7	50.3	-82.0	269.5	1963.1	1307.1	-49.1	
99.85	159.6	9.6	0.6	0.0	-53.6	90.7	52.9	-83.1	269.9	1984.6	1399.4	-51.7	
99.90	159.7	9.4	-0.0	0.0	-53.9	90.7	51.8	-83.2	269.5	1996.5	1424.0	-53.9	
99.95	159.8	9.1	-0.0	0.0	-53.5	90.7	51.0	-81.5	269.0	1961.5	1428.1	-53.6	
100.00	159.9	9.0	0.4	0.0	-52.8	90.7	52.6	-80.1	269.2	1891.8	1436.5	-51.4	
100.05	160.0	8.9	0.5	0.0	-51.9	90.7	53.0	-78.5	269.5	1831.6	1404.2	-50.3	
100.10	160.1	9.0	0.3	0.0	-50.7	90.7	49.8	-76.9	268.7	1798.2	1312.7	-49.6	
100.15	160.2	9.0	0.5	0.0	-49.4	90.7	46.7	-77.5	267.6	1760.8	1203.0	-47.5	
100.20	160.3	9.0	0.7	0.0	-48.3	90.7	46.0	-80.1	268.4	1724.1	1092.7	-45.9	
100.25	160.4	9.1	1.1	0.0	-47.2	90.7	44.3	-80.5	269.9	1712.8	960.4	-43.3	
100.30	160.5	9.8	2.4	0.0	-46.1	90.7	39.9	-77.7	269.7	1706.7	812.2	-37.9	
100.35	160.6	10.4	3.5	0.0	-44.8	90.7	36.7	-76.4	269.2	1670.6	671.7	-32.9	
100.40	160.7	10.8	3.9	0.0	-43.5	90.7	34.3	-76.8	269.7	1621.8	517.6	-30.1	
100.45	160.8	10.9	4.2	0.0	-42.6	90.7	30.4	-75.8	270.8	1602.9	345.9	-28.3	
100.50	160.8	10.8	4.7	0.0	-42.1	90.7	26.7	-73.6	270.4	1602.2	212.8	-26.0	
100.55	160.9	10.6	5.0	0.0	-41.8	90.7	25.5	-73.2	270.2	1586.3	132.6	-24.7	
100.60	161.0	10.7	5.0	0.0	-41.2	90.7	24.0	-73.1	271.2	1544.9	50.1	-24.0	
100.65	161.1	10.7	4.8	0.0	-40.4	90.7	21.6	-71.9	271.8	1496.4	-23.6	-23.9	
100.70	161.2	10.7	5.1	0.0	-39.8	90.7	21.3	-70.2	271.8	1448.4	-29.8	-22.4	
100.75	161.3	10.8	5.6	0.0	-39.3	90.7	24.2	-68.3	271.9	1413.0	41.3	-20.1	
100.80	161.4	11.0	5.4	0.0	-39.3	90.7	27.2	-66.2	271.8	1411.9	131.0	-20.6	
100.85	161.5	11.2	5.0	0.0	-39.8	90.7	27.9	-65.2	271.1	1444.2	202.1	-22.8	
100.90	161.5	11.2	4.4	0.0	-40.6	90.7	28.8	-67.1	270.8	1489.6	277.7	-25.6	
100.95	161.6	11.2	3.9	0.0	-41.5	90.7	31.3	-68.8	271.6	1530.0	376.2	-28.2	
101.00	161.7	11.2	3.3	0.0	-42.5	90.7	33.7	-68.2	272.2	1574.8	491.3	-31.3	
101.05	161.8	11.4	2.9	0.0	-43.6	90.7	35.3	-67.6	271.6	1615.7	619.3	-33.6	
101.10	161.9	11.6	2.2	0.0	-44.8	90.7	37.4	-70.7	271.0	1650.7	749.6	-37.1	
101.15	162.0	12.0	1.3	0.0	-46.2	90.7	40.1	-74.9	271.2	1693.3	877.7	-41.8	
101.20	162.1	12.7	0.8	0.0	-47.9	90.7	43.3	-76.1	271.0	1754.3	1012.2	-45.1	
101.25	162.2	13.0	1.0	0.0	-49.4	90.7	46.4	-75.2	270.7	1803.8	1140.5	-45.9	
101.30	162.3	13.1	1.0	0.0	-50.0	90.7	48.5	-74.7	271.4	1805.4	1221.0	-46.7	
101.35	162.4	13.3	0.7	0.0	-49.6	90.7	48.2	-73.9	272.3	1758.0	1238.4	-47.3	
101.40	162.5	12.8	0.5	0.0	-48.8	90.7	47.2	-72.0	272.8	1695.5	1235.8	-47.1	
101.45	162.6	12.5	1.0	0.0	-48.4	90.7	47.5	-69.8	273.5	1651.9	1252.0	-44.9	
101.50	162.7	12.4	1.1	0.0	-48.6	90.7	49.4	-68.9	274.1	1635.5	1288.9	-44.8	
101.55	162.7	12.4	0.8	0.0	-48.5	90.7	49.6	-68.8	274.0	1628.2	1293.7	-45.9	
101.60	162.8	12.3	0.5	0.0	-48.1	90.7	47.9	-69.9	273.2	1613.8	1259.8	-46.4	
101.65	162.9	12.3	0.6	0.0	-47.3	90.7	46.1	-70.9	273.0	1580.5	1200.8	-45.3	
101.70	163.0	12.4	0.8	0.0	-46.2	90.7	44.5	-69.7	274.0	1542.7	1118.9	-43.4	
101.75	163.1	12.7	1.1	0.0	-45.2	90.7	42.5	-67.6	274.6	1525.7	1022.4	-41.3	
101.80	163.2	12.9	1.4	0.0	-44.3	90.7	39.9	-66.2	274.4	1520.6	920.7	-39.6	
101.85	163.3	12.7	1.8	0.0	-43.6	90.7	37.9	-66.5	274.2	1518.3	827.1	-37.4	
101.90	163.3	12.5	2.1	0.0	-43.1	90.7	36.8	-67.6	274.2	1519.0	749.2	-36.1	
101.95	163.4	12.2	2.5	0.0	-42.8	90.7	36.4	-67.4	273.8	1518.5	694.3	-34.2	
102.00	163.5	12.0	2.9	0.0	-42.1	90.7	35.3	-65.7	272.7	1494.5	636.9	-32.3	
102.05	163.6	11.9	3.0	0.0	-40.6	90.7	33.1	-63.0	272.0	1418.4	541.2	-30.2	
102.10	163.7	12.0	2.8	0.0	-38.7	90.7	29.7	-61.9	272.1	1323.5	407.4	-29.1	
102.15	163.8	12.4	2.7	0.0	-37.5	90.7	26.1	-63.0	272.3	1267.4	273.8	-28.2	
102.20	163.9	12.4	3.2	0.0	-37.3	90.7	23.6	-63.3	272.3	1267.0	181.6	-26.4	
102.25	163.9	12.3	3.5	0.0	-37.7	90.7	22.7	-63.6	271.7	1302.0	136.3	-25.6	
102.30	164.0	12.2	3.6	0.0	-38.1	90.7	23.3	-64.7	271.1	1334.7	122.4	-25.7	
102.35	164.1	11.9	4.0	0.0	-38.5	90.7	24.0	-66.3	271.5	1360.4	118.6	-25.0	
102.40	164.2	11.5	4.5	0.0	-38.9	90.7	24.3	-66.4	272.0	1385.9	129.2	-23.3	
102.45	164.3	11.1	5.2	0.0	-39.3	90.7	25.1	-65.4	271.9	1417.6	163.7	-21.4	
102.50	164.3	11.5	5.3	0.0	-40.0	90.7	26.3	-65.6	272.5	1463.0	204.5	-21.9	
102.55	164.4	11.9	4.7	0.0	-41.0	90.7	26.5	-67.9	274.1	1527.2	231.4	-24.8	
102.60	164.5	12.2	3.7	0.0	-42.2	90.7	26.0	-71.5	274.8	1603.5	267.9	-29.6	
102.65	164.6	12.4	2.8	0.0	-43.4	90.7	27.0	-74.1	274.0	1670.9	359.2	-34.0	
102.70	164.6	12.5	2.3	0.0	-44.1	90.7	30.0	-72.2	273.9	1692.9	498.3	-36.3	
102.75	164.7	12.6	2.5	0.0	-44.4	90.7	33.2	-68.5	274.5	1670.0	644.7	-35.8	
102.80	164.8	12.7	2.4	0.0	-44.3	90.7	36.7	-65.0	275.0	1608.5	786.9	-36.0	
102.85	164.9	12.5	2.0	0.0	-44.6	90.7	39.9	-63.1	275.4	1559.0	923.1	-37.6	
102.90	164.9	12.3	1.8	0.0	-45.7	90.7	42.6	-62.2	276.4	1565.7	1054.3	-39.4	
102.95	165.0	12.3	1.9	0.0	-47.4	90.7	45.9	-62.6	277.2	1619.7	1192.7	-40.8	
103.00	165.1	12.1	1.5	0.0	-48.9	90.7	49.3	-63.5	277.0	1661.7	1315.1	-43.9	
103.05	165.1	12.2	0.7	0.0	-49.5	90.7	50.6	-64.2	276.6	1663.6	1378.5	-47.2	
103.10	165.2	12.7	-0.0	0.0	-49.3	90.7	49.8	-64.4	276.2	1637.5	1390.1	-49.3	
103.15	165.3	12.3	-0.2	0.0	-48.8	90.7	48.5	-63.1	275.7	1603.5	1380.2	-49.5	
103.20	165.3	12.0	0.2	0.0	-48.4	90.7	47.8	-61.6	274.8	1579.4	1364.4	-47.8	
103.25	165.4	12.0	0.2	0.0	-47.9	90.7	46.7	-61.9	274.6	1574.9	1310.1	-47.0	
103.30	165.5	11.7	-0.0	0.0	-47.0	90.7	44.0	-63.5	275.5	1578.1	1195.8	-47.1	
103.35	165.5	11.4	-0.1	0.0	-45.9	90.7	41.7	-65.4	275.9	1566.8	1073.8	-46.3	
103.40	165.6	11.1	0.5	0.0	-44.7	90.7	40.8	-65.6	275.3	1522.1	975.0	-43.0	
103.45	165.7	10.8	1.5	0.0	-42.9	90.7	39.6	-63.2	274.9	1441.2	870.0	-37.7	
103.50	165.7	10.5	2.3	0.0	-40.5	90.7	36.3	-60.2	275.3	1331.7	715.7	-32.5	
103.55	165.8	10.3	2.7	0.0	-37.9	90.7	32.3	-57.9	275.1	1209.7	538.7	-28.6	
103.60	165.9	10.4	3.0	0.0	-35.6	90.7	28.4	-56.0	274.3	1108.6	362.5	-25.3	
103.65	165.9	10.5	3.2	0.0	-34.5	90.7	24.3	-54.9	274.6	1069.0	187.6	-23.6	
103.70	166.0	10.5	3.6	0.0	-34.5	90.7	20.8	-56.0	275.5	1084.1	42.8	-22.1	
103.75	166.0	10.3	4.3	0.0	-34.5	90.7	19.2	-56.8	275.3	1088.5	-42.4	-19.7	
103.80	166.1	10.4	4.6	0.0	-34.4	90.7	18.6	-56.5	274.9	1074.2	-92.2	-18.4	
103.85	166.1	10.5	4.8	0.0	-34.1	90.7	19.2	-55.2	275.8	1057.3	-100.6	-17.7	
103.90	166.2	10.4	5.4	0.0	-34.1	90.7	21.7	-53.9	276.3	1059.1	-39.7	-15.4	
103.95	166.2	10.4	5.9	0.0	-34.4	90.7	24.6	-52.9	275.7	1083.1	58.1	-14.0	
104.00	166.3	10.4	5.2	0.0	-35.1	90.7	26.2	-52.4	276.0	1124.9	138.7	-17.1	
104.05	166.3	10.1	4.3	0.0	-35.7	90.7	27.0	-52.8	277.0	1164.4	207.0	-20.8	
104.10	166.4	10.2	3.8	0.0	-36.2	90.7	28.6	-52.9	276.9	1178.6	304.1	-23.1	
104.15	166.4	10.3	3.0	0.0	-36.4	90.7	31.0	-50.3	276.7	1158.6	425.6	-26.1	
104.20	166.5	10.6	2.0	0.0	-36.9	90.7	33.4	-48.5	277.4	1144.8	554.9	-30.1	
104.25	166.5	10.6	2.0	0.0	-37.8	90.7	36.3	-47.6	277.5	1128.6	713.9	-31.0	
104.30	166.6	10.4	2.3	0.0	-39.0	90.7	40.1	-46.4	276.6	1107.8	893.9	-31.0	
104.35	166.6	10.0	1.9	0.0	-40.5	90.7	44.6	-45.9	276.9	1105.0	1057.4	-33.8	
104.40	166.7	9.7	1.3	0.0	-42.0	90.7	48.2	-46.1	278.5	1125.9	1185.6	-37.5	
104.45	166.7	9.4	1.2	0.0	-43.3	90.7	50.0	-46.9	278.9	1157.2	1279.5	-39.1	
104.50	166.8	8.9	1.2	0.0	-44.0	90.7	50.8	-47.4	278.1	1167.3	1343.0	-40.0	
104.55	166.8	9.1	0.6	0.0	-44.1	90.7	50.8	-47.6	278.3	1158.5	1359.7	-42.2	
104.60	166.9	9.2	-0.1	0.0	-43.9	90.7	50.0	-48.6	279.5	1158.7	1338.1	-44.2	
104.65	167.0	9.1	-0.1	0.0	-43.8	90.7	49.2	-49.0	278.9	1160.0	1323.2	-44.0	
104.70	167.0	9.2	0.1	0.0	-43.5	90.7	48.9	-48.0	277.6	1145.5	1312.2	-43.3	
104.75	167.1	9.4	-0.1	0.0	-42.9	90.7	48.6	-48.5	278.0	1123.5	1271.7	-43.4	
104.80	167.1	9.7	0.1	0.0	-42.0	90.7	47.4	-50.7	279.2	1097.2	1200.0	-41.7	
104.85	167.2	9.7	0.6	0.0	-40.8	90.7	45.5	-50.6	278.9	1055.2	1114.9	-38.7	
104.90	167.2	9.6	0.7	0.0	-39.2	90.7	43.9	-47.4	278.3	994.9	1024.5	-36.9	
104.95	167.3	9.4	0.9	0.0	-37.4	90.7	42.4	-44.4	279.1	928.8	915.4	-34.4	
105.00	167.3	9.0	1.7	0.0	-35.7	90.7	40.0	-43.0	279.9	864.9	797.0	-29.8	
105.05	167.4	8.7	2.4	0.0	-33.8	90.7	36.7	-40.9	278.1	797.1	682.0	-25.5	
105.10	167.4	8.6	2.4	0.0	-32.1	90.7	33.8	-38.8	276.5	742.0	566.0	-24.0	
105.15	167.5	8.4	2.3	0.0	-30.8	90.7	31.7	-37.7	277.8	711.7	441.2	-23.1	
105.20	167.5	8.2	2.9	0.0	-29.8	90.7	30.2	-36.8	278.5	688.2	340.7	-19.7	
105.25	167.6	7.9	3.7	0.0	-29.1	90.7	29.0	-35.9	277.3	662.1	271.0	-16.5	
105.30	167.6	7.6	4.0	0.0	-28.4	90.7	27.5	-35.2	277.4	637.8	201.2	-14.7	
105.35	167.6	8.2	4.4	0.0	-28.3	90.7	27.1	-36.5	279.0	642.1	156.1	-13.2	
105.40	167.7	8.8	5.1	0.0	-28.6	90.7	27.9	-36.5	278.9	661.2	158.0	-11.3	
105.45	167.7	9.1	5.6	0.0	-28.9	90.7	28.5	-34.7	277.4	684.8	179.1	-9.8	
105.50	167.8	9.3	5.2	0.0	-29.1	90.7	28.3	-34.3	277.6	703.2	177.9	-11.1	
105.55	167.9	9.4	4.9	0.0	-29.3	90.7	27.1	-36.5	278.7	715.7	161.5	-12.6	
105.60	167.9	9.5	4.5	0.0	-29.2	90.7	26.1	-36.8	278.1	709.9	167.8	-13.8	
105.65	168.0	9.3	4.0	0.0	-29.1	90.7	26.6	-34.6	277.5	690.4	213.6	-15.5	
105.70	168.0	9.2	3.5	0.0	-29.6	90.7	29.4	-34.8	279.3	689.0	304.6	-17.4	
105.75	168.1	9.1	3.5	0.0	-30.8	90.7	33.1	-37.0	280.9	708.8	439.5	-18.8	
105.80	168.2	8.9	3.3	0.0	-32.7	90.7	36.3	-39.3	279.8	751.4	605.6	-21.5	
105.85	168.2	9.0	2.9	0.0	-34.8	90.7	39.6	-41.1	278.6	808.3	774.4	-24.8	
105.90	168.3	9.3	2.6	0.0	-36.9	90.7	43.4	-42.9	279.7	868.2	922.1	-27.9	
105.95	168.3	9.5	2.3	0.0	-38.5	90.7	46.0	-42.5	281.0	907.3	1038.3	-30.4	
106.00	168.4	9.5	1.6	0.0	-39.2	90.7	46.0	-40.2	280.1	912.0	1113.4	-33.7	
106.05	168.4	9.4	0.7	0.0	-39.6	90.7	45.0	-39.8	279.3	900.9	1160.7	-37.0	
106.10	168.5	9.4	0.0	0.0	-40.2	90.7	45.3	-41.3	280.3	904.1	1210.8	-40.1	
106.15	168.5	9.4	-0.5	0.0	-41.2	90.7	47.1	-41.3	281.2	923.5	1283.9	-42.8	
106.20	168.6	9.3	-0.1	0.0	-42.4	90.7	50.2	-40.0	280.0	933.7	1389.6	-42.8	
106.25	168.7	9.2	0.6	0.0	-43.4	90.7	53.2	-40.2	279.0	921.4	1477.0	-41.3	
106.30	168.7	9.1	1.1	0.0	-43.2	90.7	53.8	-40.1	279.7	883.6	1480.5	-39.5	
106.35	168.8	9.1	1.6	0.0	-42.0	90.7	52.2	-37.3	280.1	820.3	1417.2	-36.4	
106.40	168.8	9.1	2.3	0.0	-40.3	90.7	50.3	-33.8	279.3	749.6	1321.7	-32.5	
106.45	168.9	9.1	2.1	0.0	-38.0	90.7	47.1	-31.4	279.7	698.7	1166.1	-30.7	
106.50	168.9	9.0	1.1	0.0	-35.3	90.7	41.2	-31.6	281.1	686.9	944.2	-31.6	
106.55	169.0	8.9	0.8	0.0	-33.1	90.7	35.1	-33.3	280.3	689.4	737.4	-30.4	
106.60	169.0	9.0	1.6	0.0	-31.8	90.7	32.3	-35.8	278.2	691.9	601.0	-26.3	
106.65	169.1	8.9	2.7	0.0	-30.8	90.7	30.7	-36.8	278.1	692.2	477.1	-21.7	
106.70	169.2	8.5	3.2	0.0	-29.8	90.7	29.1	-36.9	279.5	686.8	345.3	-19.0	
106.75	169.2	8.5	4.0	0.0	-28.9	90.7	27.3	-37.1	279.3	664.6	230.7	-15.2	
106.80	169.3	8.4	5.3	0.0	-28.2	90.7	25.2	-37.2	278.2	637.4	122.6	-10.0	
106.85	169.4	8.4	6.0	0.0	-28.1	90.7	23.0	-37.9	279.6	642.7	6.1	-7.5	
106.90	169.4	8.7	5.9	0.0	-28.6	90.7	21.2	-38.6	281.6	677.0	-89.2	-8.3	
106.95	169.5	8.7	5.9	0.0	-29.1	90.7	20.0	-39.1	280.3	711.1	-120.7	-8.8	
107.00	169.5	8.8	5.7	0.0	-29.4	90.7	19.5	-40.6	278.0	736.8	-105.7	-9.8	
107.05	169.6	8.9	4.8	0.0	-29.8	90.7	19.7	-42.5	278.6	763.9	-71.7	-13.5	
107.10	169.6	9.1	4.4	0.0	-30.1	90.7	21.2	-42.8	279.8	785.6	14.2	-15.0	
107.15	169.7	9.2	4.7	0.0	-30.5	90.7	24.9	-41.4	279.0	796.4	175.4	-14.5	
107.20	169.8	9.2	4.5	0.0	-31.4	90.7	28.7	-40.4	278.4	811.4	348.2	-15.9	
107.25	169.8	9.2	3.4	0.0	-32.7	90.7	31.4	-40.1	280.4	843.8	486.0	-20.9	
107.30	169.9	9.2	2.6	0.0	-34.5	90.7	34.5	-41.1	281.8	894.6	637.7	-25.5	
107.35	169.9	9.3	2.9	0.0	-36.7	90.7	38.7	-41.9	280.1	947.1	832.3	-26.9	
107.40	170.0	9.1	2.7	0.0	-38.9	90.7	42.3	-41.8	279.0	1000.5	1004.6	-29.5	
107.45	170.0	9.2	1.7	0.0	-40.4	90.7	44.1	-41.9	280.5	1049.2	1111.4	-34.7	
107.50	170.1	9.4	0.8	0.0	-41.4	90.7	45.3	-41.4	281.6	1061.8	1200.1	-38.7	
107.55	170.1	9.2	1.3	0.0	-42.2	90.7	47.2	-39.2	280.3	1028.3	1302.9	-37.7	
107.60	170.2	9.2	1.8	0.0	-42.5	90.7	48.1	-37.2	280.1	992.7	1362.8	-36.4	
107.65	170.2	9.2	1.3	0.0	-42.6	90.7	48.2	-38.4	282.5	996.3	1366.8	-38.2	
107.70	170.3	9.0	0.8	0.0	-42.8	90.7	48.5	-40.2	283.1	1010.0	1365.2	-40.1	
107.75	170.3	8.7	1.1	0.0	-42.6	90.7	48.7	-39.6	280.6	998.2	1360.0	-38.7	
107.80	170.4	8.6	1.3	0.0	-41.5	90.7	47.5	-39.1	280.2	967.8	1287.1	-37.2	
107.85	170.5	8.8	1.0	0.0	-39.6	90.7	44.5	-39.9	282.6	926.4	1142.9	-36.3	
107.90	170.5	8.8	1.3	0.0	-37.6	90.7	41.4	-39.3	282.7	866.5	1004.7	-33.2	
107.95	170.6	8.9	1.8	0.0	-35.8	90.7	38.3	-37.1	280.5	811.3	886.7	-29.7	
108.00	170.6	9.1	2.1	0.0	-34.4	90.7	35.7	-37.9	280.4	794.4	758.8	-27.2	
108.05	170.7	9.3	1.9	0.0	-33.3	90.7	33.7	-39.7	282.8	795.0	624.7	-26.9	
108.10	170.8	9.6	2.1	0.0	-32.3	90.7	32.3	-39.8	282.5	780.6	527.4	-25.3	
108.15	170.8	9.9	3.2	0.0	-31.4	90.7	30.7	-39.1	279.1	746.5	460.8	-20.5	
108.20	170.9	9.7	3.7	0.0	-30.2	90.7	28.2	-38.5	278.3	706.8	360.3	-17.6	
108.25	170.9	9.5	3.5	0.0	-29.0	90.7	26.1	-37.9	280.7	665.6	243.2	-17.1	
108.30	171.0	9.4	3.9	0.0	-28.0	90.7	25.3	-35.7	281.2	613.5	179.9	-14.7	
108.35	171.0	9.3	4.8	0.0	-27.4	90.7	24.9	-33.3	279.3	574.1	169.2	-11.0	
108.40	171.1	9.3	4.6	0.0	-27.3	90.7	23.9	-33.2	279.6	575.9	151.8	-11.6	
108.45	171.1	9.1	3.9	0.0	-27.3	90.7	23.9	-32.8	281.2	576.8	156.7	-14.0	
108.50	171.1	8.7	4.1	0.0	-27.2	90.7	26.7	-30.2	280.4	541.5	235.7	-13.3	
108.55	171.2	8.6	4.7	0.0	-27.3	90.7	29.4	-27.0	279.0	497.7	331.4	-11.2	
108.60	171.2	8.7	4.5	0.0	-27.5	90.7	29.8	-26.2	279.9	485.9	377.3	-12.2	
108.65	171.3	8.9	3.7	0.0	-28.0	90.7	29.3	-27.6	281.1	506.7	406.7	-15.5	
108.70	171.3	9.0	3.3	0.0	-29.0	90.7	30.5	-28.6	280.6	540.6	476.4	-17.7	
108.75	171.4	9.0	3.5	0.0	-30.3	90.7	32.9	-29.0	281.2	589.6	562.4	-18.4	
108.80	171.4	9.1	3.1	0.0	-31.6	90.7	34.9	-29.3	283.4	638.9	638.4	-20.9	
108.85	171.5	9.2	2.6	0.0	-32.6	90.7	36.3	-28.9	283.6	651.9	724.7	-23.5	
108.90	171.5	9.2	3.0	0.0	-33.7	90.7	38.3	-29.0	281.6	639.8	838.9	-23.5	
108.95	171.6	9.2	3.2	0.0	-34.7	90.7	40.6	-28.1	281.5	626.7	936.2	-23.6	
109.00	171.7	9.3	2.7	0.0	-35.5	90.7	42.3	-27.9	283.4	639.6	993.2	-26.3	
109.05	171.7	9.4	2.2	0.0	-36.2	90.7	43.2	-28.8	283.8	662.6	1038.5	-28.5	
109.10	171.8	9.4	1.8	0.0	-36.8	90.7	43.4	-30.5	282.5	681.5	1078.2	-30.5	
109.15	171.8	9.5	1.0	0.0	-36.9	90.7	42.7	-31.4	282.5	694.8	1081.0	-33.4	
109.20	171.9	9.5	1.0	0.0	-36.8	90.7	43.1	-30.1	284.1	676.7	1085.3	-33.4	
109.25	171.9	9.3	1.9	0.0	-37.2	90.7	46.0	-29.0	284.0	634.2	1138.9	-30.6	
109.30	172.0	9.0	2.4	0.0	-37.5	90.7	47.5	-27.2	282.3	600.1	1181.4	-29.1	
109.35	172.0	8.8	1.9	0.0	-37.1	90.7	45.7	-26.2	281.8	603.5	1152.2	-30.5	
109.40	172.1	9.0	1.9	0.0	-36.7	90.7	44.6	-27.7	282.1	617.3	1108.1	-30.1	
109.45	172.2	9.2	2.5	0.0	-36.2	90.7	45.2	-27.8	281.9	600.3	1072.6	-27.5	
109.50	172.2	9.4	2.5	0.0	-35.0	90.7	43.7	-25.7	281.9	575.6	990.2	-26.5	
109.55	172.2	9.7	1.7	0.0	-33.0	90.7	39.3	-23.5	282.4	548.6	852.7	-27.4	
109.60	172.3	9.8	1.6	0.0	-31.3	90.7	36.4	-22.4	282.0	491.8	741.2	-25.7	
109.65	172.3	9.6	2.6	0.0	-30.1	90.7	36.3	-21.3	280.8	419.1	683.4	-21.3	
109.70	172.4	9.3	3.2	0.0	-28.9	90.7	35.8	-18.0	281.2	371.6	614.2	-17.8	
109.75	172.4	9.8	3.4	0.0	-27.7	90.7	34.0	-16.5	282.6	360.2	521.7	-16.0	
109.80	172.5	10.2	3.8	0.0	-26.9	90.7	33.0	-17.6	282.2	344.7	455.9	-13.8	
109.85	172.5	10.3	4.3	0.0	-25.8	90.7	31.6	-16.8	281.1	305.5	390.4	-11.1	
109.90	172.6	10.4	4.3	0.0	-24.3	90.7	29.0	-13.8	282.1	261.1	292.8	-9.7	
109.95	172.6	10.3	4.6	0.0	-23.1	90.7	27.7	-12.2	284.3	210.9	218.3	-7.3	
