Time[s]	Rotor azimuth angle[deg]	Hub wind speed magnitude[m/s]	ACTTORQUE1[Nm]	PITRAT1[deg/s]	PITFRIC1[kNm]	PITCH1[deg]	Blade root 1 Fx[KN]	Blade root 1 Fy[KN]	Blade root 1 Fz[KN]	Blade root 1 Mx[kNm]	Blade root 1 My[kNm]	Blade root 1 Mz[kNm]	
END_OF_HEADER
50.00	64.6	10.6	-106.2	-3.0	278.9	0.8	325.7	-323.1	534.2	9142.0	15772.6	-56.1	
50.05	67.3	10.7	-106.5	-3.1	285.0	0.6	340.0	-331.5	543.3	9231.2	16184.4	-65.1	
50.10	69.9	10.7	-104.4	-3.1	290.0	0.5	356.2	-335.2	558.6	9329.5	16504.4	-74.3	
50.15	72.6	10.8	-111.6	-3.1	293.9	0.3	364.0	-340.5	570.4	9451.4	16736.5	-84.1	
50.20	75.2	10.8	-87.5	-2.6	296.9	0.2	358.3	-349.2	576.0	9625.6	16883.0	-73.2	
50.25	77.9	10.9	-84.4	-2.0	298.1	0.1	348.0	-348.5	581.3	9701.1	16970.8	-68.2	
50.30	80.5	10.9	-90.6	-1.5	298.5	-0.0	344.0	-339.4	594.0	9680.2	17034.6	-71.0	
50.35	83.1	11.0	-96.2	-1.2	301.1	-0.1	349.9	-339.9	608.5	9694.2	17226.4	-74.2	
50.40	85.8	10.9	-103.1	-0.9	307.5	-0.1	364.8	-350.6	618.2	9781.2	17662.8	-84.2	
50.45	88.4	10.6	-111.0	-0.6	314.5	-0.2	383.7	-350.5	628.6	9813.6	18194.5	-94.6	
50.50	91.0	10.4	-114.2	-0.5	319.0	-0.2	398.6	-339.9	641.9	9689.9	18622.5	-94.0	
50.55	93.6	10.6	-117.2	-0.4	322.8	-0.2	408.8	-334.8	655.3	9594.9	18961.8	-95.2	
50.60	96.2	11.3	-120.1	-0.3	326.9	-0.2	414.9	-340.7	668.2	9683.9	19227.1	-97.2	
50.65	99.0	11.8	-96.0	-0.2	309.5	-0.2	397.8	-287.0	692.2	7350.9	18953.0	-28.7	
50.70	101.7	12.2	-102.7	-0.1	316.6	-0.3	426.1	-321.0	705.1	7220.0	19437.1	-42.5	
50.75	104.3	12.4	-122.4	-0.1	327.5	-0.3	445.7	-256.5	754.1	7829.8	20107.7	-97.5	
50.80	107.0	12.1	111.8	0.4	-317.7	-0.3	420.0	-305.1	733.0	7085.9	19593.2	-2.4	
50.85	109.7	12.0	108.5	0.8	-315.4	-0.2	414.1	-286.8	745.6	7228.3	19390.2	6.0	
50.90	112.3	12.4	92.6	1.1	-320.5	-0.2	417.7	-254.1	793.8	7686.5	19639.9	-40.8	
50.95	115.1	12.2	97.9	1.3	-315.5	-0.1	418.6	-328.0	780.1	6752.8	19456.8	-7.7	
51.00	117.8	12.0	87.7	1.5	-317.5	-0.0	438.9	-302.6	786.1	6773.1	19601.6	-37.5	
51.05	120.3	11.9	79.4	1.6	-316.3	0.0	420.0	-234.9	822.6	7352.3	19428.1	-59.5	
51.10	123.0	11.6	89.3	1.7	-302.9	0.1	389.8	-239.6	812.4	6683.2	18672.5	-7.9	
51.15	125.7	11.4	79.3	1.8	-301.1	0.2	407.5	-195.1	823.6	6396.9	18636.3	-37.6	
51.20	128.4	11.4	72.8	1.9	-303.3	0.3	405.3	-188.4	855.8	6368.1	18814.1	-59.9	
51.25	131.2	11.3	82.0	1.9	-297.5	0.4	391.6	-242.6	853.9	5745.8	18514.4	-20.8	
51.30	133.9	11.1	78.2	1.9	-295.4	0.5	406.1	-190.9	874.9	5761.8	18358.0	-30.7	
51.35	136.6	11.0	80.7	1.9	-289.2	0.6	384.9	-146.8	909.2	5790.7	17944.2	-14.8	
51.40	139.4	10.7	88.1	2.0	-282.7	0.7	374.0	-189.5	908.1	5146.1	17604.0	17.7	
51.45	142.2	10.4	78.3	2.0	-289.5	0.8	417.2	-194.1	919.9	4916.5	18074.9	-22.3	
51.50	145.0	10.7	79.5	2.0	-291.3	0.9	422.0	-200.3	939.5	4652.7	18246.7	-19.5	
51.55	147.8	10.9	88.6	2.0	-282.4	1.0	400.7	-200.8	935.7	3980.8	17770.1	20.9	
51.60	150.5	11.2	81.1	2.0	-276.1	1.1	402.0	-130.6	942.9	3851.4	17386.1	1.6	
51.65	153.2	11.3	83.4	2.0	-266.3	1.2	374.6	-111.6	962.0	3691.6	16738.4	19.4	
51.70	156.0	11.2	86.1	2.0	-256.4	1.3	353.2	-138.9	971.0	3196.1	16101.6	38.8	
51.75	158.8	11.1	72.5	2.0	-255.0	1.4	369.1	-100.1	981.1	3072.9	16000.6	-6.2	
51.80	161.6	11.4	74.1	2.0	-248.1	1.5	349.3	-67.2	983.8	2894.7	15585.5	6.2	
51.85	164.3	11.3	79.4	2.0	-239.0	1.6	327.5	-47.6	982.6	2450.6	15035.0	33.6	
51.90	167.2	11.0	69.7	2.0	-238.4	1.7	346.6	-2.8	1002.1	2133.9	14975.1	0.8	
51.95	170.1	10.9	71.0	2.0	-235.9	1.8	346.1	-17.3	1014.6	1554.2	14849.2	7.8	
52.00	172.9	11.1	73.1	2.0	-231.1	1.9	332.6	-39.4	1012.2	863.1	14575.2	19.9	
52.05	175.8	11.2	67.7	2.0	-226.9	2.0	326.4	3.2	1017.9	446.6	14300.6	5.4	
52.10	178.7	10.9	74.6	2.0	-218.7	2.1	303.0	19.9	1025.6	-19.3	13740.8	37.3	
52.15	181.6	10.9	74.5	2.0	-216.0	2.2	300.6	11.6	1028.6	-357.8	13539.9	39.8	
52.20	184.5	10.9	58.6	2.0	-220.7	2.3	323.7	16.7	1031.1	-520.9	13820.1	-19.6	
52.25	187.4	11.2	57.3	2.0	-219.5	2.4	323.2	8.4	1025.5	-1051.5	13703.9	-22.6	
52.30	190.3	11.1	60.3	2.0	-213.3	2.5	311.9	33.9	1022.0	-1559.9	13220.6	-6.2	
52.35	193.1	10.9	54.9	2.0	-206.1	2.6	300.3	89.1	1029.1	-1734.1	12644.2	-17.6	
52.40	196.0	10.8	58.4	2.0	-196.0	2.7	279.0	107.9	1034.0	-2057.9	11854.1	4.5	
52.45	198.9	10.8	62.2	2.0	-190.1	2.8	271.7	120.2	1036.7	-2543.6	11307.9	23.4	
52.50	201.8	11.0	56.5	2.0	-188.4	2.9	270.3	142.2	1043.3	-2913.7	11053.6	5.4	
52.55	204.7	11.2	56.5	2.0	-186.1	3.0	261.1	150.6	1040.8	-3251.6	10792.7	7.9	
52.60	207.6	11.1	58.8	2.0	-185.7	3.1	258.4	174.2	1034.3	-3459.6	10664.3	16.1	
52.65	210.6	10.8	56.7	2.0	-186.0	3.2	249.2	196.8	1035.7	-3701.7	10590.1	8.7	
52.70	213.5	10.5	57.4	2.0	-187.6	3.3	245.7	179.3	1035.3	-4130.5	10602.7	9.5	
52.75	216.5	10.0	53.7	2.0	-194.2	3.4	266.6	165.5	1029.2	-4465.3	10985.8	-10.0	
52.80	219.5	10.0	47.3	2.0	-201.6	3.5	279.2	173.6	1025.9	-4740.7	11432.7	-39.4	
52.85	222.5	10.0	47.7	2.0	-206.7	3.6	281.0	194.7	1018.8	-5182.2	11622.9	-43.0	
52.90	225.4	10.1	51.0	2.0	-210.9	3.7	290.8	228.0	1006.3	-5564.6	11716.9	-35.8	
52.95	228.4	10.0	50.7	2.0	-210.9	3.8	282.5	238.4	995.8	-5844.4	11589.5	-37.0	
53.00	231.4	10.1	51.6	2.0	-207.8	3.9	268.7	233.4	987.5	-6154.9	11218.7	-30.6	
53.05	234.3	10.4	54.4	2.0	-206.1	4.0	266.4	259.3	977.7	-6468.5	10840.9	-19.4	
53.10	237.3	10.8	57.0	2.0	-201.6	4.1	243.9	289.5	972.6	-6619.7	10334.1	-6.1	
53.15	240.3	10.5	58.0	2.0	-197.4	4.2	224.0	305.8	968.8	-6717.3	9890.9	1.6	
53.20	243.3	10.2	56.5	2.0	-197.4	4.3	234.5	311.9	964.5	-6882.7	9739.9	-3.4	
53.25	246.4	9.9	51.2	2.0	-197.3	4.4	238.7	303.6	966.0	-7038.0	9629.3	-21.7	
53.30	249.4	9.8	47.7	2.0	-196.6	4.5	231.8	299.3	961.9	-7231.4	9448.0	-32.7	
53.35	252.5	9.9	49.8	2.0	-198.3	4.6	230.9	313.7	944.1	-7486.4	9384.9	-27.4	
53.40	255.5	9.9	52.4	2.0	-199.7	4.7	214.6	325.0	930.6	-7732.9	9341.3	-19.8	
53.45	258.7	9.9	53.0	2.0	-202.1	4.8	204.0	316.0	926.6	-7970.5	9438.0	-20.3	
53.50	261.7	9.9	48.8	2.0	-207.0	4.9	225.8	306.3	919.8	-8067.0	9826.7	-39.4	
53.55	264.8	10.0	43.6	2.0	-209.2	5.0	237.8	297.6	910.1	-7943.8	10149.1	-59.4	
53.60	267.9	10.1	42.9	2.0	-207.3	5.1	231.5	296.5	899.0	-7733.3	10151.3	-60.0	
53.65	270.9	10.4	44.8	2.0	-206.7	5.2	237.7	317.6	883.4	-7632.7	10113.3	-52.8	
53.70	273.9	10.4	48.3	2.0	-206.4	5.3	234.2	331.3	869.0	-7682.2	10030.2	-40.7	
53.75	277.0	10.6	51.5	2.0	-206.1	5.4	221.6	327.9	854.9	-7785.0	9974.1	-29.4	
53.80	280.1	11.0	52.7	2.0	-207.8	5.5	224.9	336.3	838.8	-7904.1	10027.9	-27.0	
53.85	283.2	11.3	55.6	2.0	-206.4	5.6	217.3	343.6	828.5	-7912.0	9885.5	-15.4	
53.90	286.3	11.1	56.5	2.0	-200.9	5.7	201.1	339.1	824.7	-7652.6	9608.7	-6.9	
53.95	289.4	10.8	50.8	2.0	-196.4	5.8	207.4	324.0	817.3	-7235.3	9548.4	-22.0	
54.00	292.5	10.7	43.8	2.0	-193.8	5.9	218.3	290.1	808.1	-6869.4	9661.0	-43.5	
54.05	295.7	10.7	37.5	2.0	-192.6	6.0	222.7	262.0	796.1	-6543.8	9851.8	-63.9	
54.10	298.8	10.8	34.2	2.0	-192.2	6.1	229.8	249.6	777.2	-6296.6	10006.0	-74.7	
54.15	301.9	11.1	35.1	2.0	-190.1	6.2	227.7	242.8	757.9	-6109.8	9980.2	-69.8	
54.20	305.1	11.4	34.9	2.0	-186.6	6.3	221.9	243.0	747.6	-5859.0	9842.8	-66.7	
54.25	308.2	11.2	33.1	2.0	-183.7	6.4	227.3	236.7	742.8	-5641.1	9722.5	-70.1	
54.30	311.4	11.1	34.6	2.0	-179.5	6.5	223.6	222.1	734.7	-5434.1	9524.3	-60.7	
54.35	314.5	11.5	39.2	2.0	-171.9	6.6	203.2	215.9	725.6	-5049.0	9153.2	-37.3	
54.40	317.7	11.6	41.6	2.0	-163.5	6.7	187.7	216.9	716.2	-4628.7	8700.0	-20.9	
54.45	320.8	11.5	39.4	2.0	-155.5	6.8	181.5	208.2	710.7	-4157.6	8300.1	-20.2	
54.50	324.0	11.3	34.1	2.0	-148.7	6.9	179.1	187.3	710.6	-3569.6	8062.7	-31.6	
54.55	327.2	11.1	28.9	2.0	-146.0	7.0	185.1	156.4	706.1	-3178.0	8063.4	-47.0	
54.60	330.4	10.8	24.0	2.0	-145.7	7.1	191.4	139.3	695.6	-2959.0	8144.1	-63.4	
54.65	333.6	10.7	20.8	2.0	-143.9	7.2	189.1	139.5	687.7	-2751.2	8086.0	-72.5	
54.70	336.8	11.3	21.4	2.0	-139.5	7.3	179.6	123.1	684.7	-2609.6	7834.6	-66.0	
54.75	340.0	11.5	21.2	2.0	-136.7	7.4	176.2	101.2	681.7	-2352.7	7743.8	-63.9	
54.80	343.2	11.5	20.5	2.0	-136.2	7.5	175.5	83.8	673.1	-2024.8	7830.4	-65.8	
54.85	346.3	11.1	19.4	2.0	-136.4	7.6	177.4	59.3	662.6	-1746.3	7943.9	-69.7	
54.90	349.5	11.1	14.4	2.0	-136.9	7.7	187.9	48.3	662.1	-1280.8	8048.6	-87.6	
54.95	352.7	11.2	12.2	2.0	-135.2	7.8	193.4	31.6	670.6	-686.3	7979.4	-93.3	
55.00	355.9	11.3	13.1	2.0	-131.4	7.9	188.8	6.8	673.5	-254.6	7737.9	-86.4	
55.05	359.1	11.4	13.1	2.0	-126.9	8.0	179.9	3.3	672.1	80.4	7427.1	-82.0	
55.10	2.2	11.4	15.5	2.0	-120.6	8.1	163.8	-3.9	675.1	283.4	6988.0	-67.5	
55.15	5.4	11.3	16.3	2.0	-114.6	8.2	149.5	-18.5	682.7	543.7	6551.6	-58.7	
55.20	8.6	11.4	14.6	2.0	-112.1	8.3	143.9	-23.3	691.6	1043.7	6309.3	-61.9	
55.25	11.9	11.5	13.6	2.0	-112.2	8.4	141.5	-41.9	695.4	1420.6	6234.5	-65.6	
55.30	15.1	11.5	11.0	2.0	-116.2	8.5	147.6	-65.4	700.0	1887.4	6377.9	-78.3	
55.35	18.3	11.1	6.3	2.0	-123.0	8.6	159.6	-96.8	710.9	2549.1	6608.1	-101.5	
55.40	21.6	10.6	6.2	2.0	-128.5	8.7	167.0	-135.7	718.5	3087.2	6736.0	-107.1	
55.45	24.8	10.3	6.4	2.0	-133.0	8.8	173.4	-147.2	723.7	3606.5	6818.3	-110.9	
55.50	28.0	10.5	5.0	2.0	-137.0	8.9	174.1	-153.1	728.8	4116.3	6856.1	-119.9	
55.55	31.3	10.2	6.4	2.0	-140.1	9.0	169.5	-176.4	732.8	4551.2	6806.6	-118.0	
55.60	34.5	9.9	8.9	2.0	-143.7	9.1	171.6	-192.7	736.2	4880.0	6865.5	-113.1	
55.65	37.7	9.6	10.8	2.0	-146.0	9.2	170.7	-196.9	744.3	5144.6	6863.2	-109.0	
55.70	40.9	9.4	12.4	2.0	-147.3	9.3	164.7	-204.9	755.7	5517.6	6681.9	-104.9	
55.75	44.2	9.2	13.6	2.0	-148.6	9.4	154.0	-210.7	766.8	6058.2	6326.4	-101.9	
55.80	47.4	9.0	15.4	2.0	-148.4	9.5	138.6	-222.1	777.6	6441.5	5896.1	-95.5	
55.85	50.6	9.0	16.2	2.0	-147.8	9.6	131.7	-234.4	789.0	6593.3	5612.0	-92.2	
55.90	53.8	9.1	13.2	2.0	-149.1	9.7	133.7	-239.7	802.1	6771.3	5516.1	-103.9	
55.95	57.1	9.3	11.2	2.0	-148.9	9.8	124.1	-252.4	813.4	6851.7	5334.9	-110.5	
56.00	60.3	8.9	10.7	2.0	-145.8	9.9	109.9	-256.4	823.0	6742.8	5088.9	-108.9	
56.05	63.6	8.9	10.8	2.0	-143.6	10.0	107.5	-246.8	837.1	6626.2	5003.5	-106.5	
56.10	66.8	9.2	6.2	2.0	-144.9	10.1	109.1	-256.7	855.9	6724.1	4962.8	-123.6	
56.15	70.0	9.1	0.7	2.0	-149.1	10.2	117.3	-281.6	872.5	7011.7	4960.7	-146.6	
56.20	73.3	9.0	-1.7	2.0	-150.9	10.3	127.9	-292.8	886.4	7164.6	4879.8	-156.7	
56.25	76.5	9.1	-2.5	2.0	-149.1	10.4	124.6	-293.4	903.7	7218.7	4526.3	-157.6	
56.30	79.7	9.2	-3.7	2.0	-146.4	10.5	109.7	-286.3	916.5	7264.4	4100.0	-159.1	
56.35	82.9	9.0	-1.4	2.0	-143.3	10.6	94.2	-280.3	922.2	7203.7	3777.3	-148.2	
56.40	86.1	8.8	2.9	2.0	-138.7	10.7	78.0	-279.0	933.8	7027.8	3379.1	-128.9	
56.45	89.4	9.0	5.8	2.0	-135.1	10.8	71.7	-273.0	953.8	6893.8	3026.4	-115.2	
56.50	92.6	9.5	4.4	2.0	-134.7	10.9	74.1	-266.4	974.5	6971.9	2760.7	-119.7	
56.55	95.8	9.8	2.3	2.0	-135.3	11.0	73.5	-267.5	989.4	7083.0	2560.0	-127.4	
56.60	99.0	9.6	1.6	2.0	-134.7	11.1	69.9	-263.8	1001.9	7085.7	2432.1	-129.2	
56.65	102.3	9.1	0.7	2.0	-132.8	11.2	67.0	-266.3	1013.1	6955.7	2322.4	-130.6	
56.70	105.5	8.6	-1.8	2.0	-132.8	11.3	62.0	-277.2	1024.7	6977.2	2128.8	-138.9	
56.75	108.7	8.1	-3.4	2.0	-133.5	11.4	52.4	-280.9	1038.9	7120.1	1763.0	-145.3	
56.80	112.0	8.0	-1.7	2.0	-130.3	11.5	38.9	-278.8	1053.8	6983.2	1246.2	-136.2	
56.85	115.2	7.8	-1.1	2.0	-126.6	11.6	28.5	-271.0	1067.4	6781.2	818.1	-130.4	
56.90	118.4	7.6	-0.3	2.0	-123.7	11.7	16.4	-261.0	1075.6	6619.4	451.8	-124.9	
56.95	121.6	8.0	1.1	2.0	-121.1	11.8	4.4	-255.4	1080.0	6448.0	67.6	-117.3	
57.00	124.8	8.5	4.6	2.0	-117.4	11.9	-8.5	-239.7	1087.5	6195.4	-396.4	-101.6	
57.05	128.0	9.0	7.8	2.0	-114.8	12.0	-18.1	-217.9	1102.1	6004.3	-864.2	-88.1	
57.10	131.2	9.2	8.8	2.0	-114.7	12.1	-22.4	-209.7	1115.2	5946.1	-1217.5	-84.4	
57.15	134.4	9.2	7.8	2.0	-114.7	12.2	-20.0	-207.1	1124.3	5919.9	-1358.2	-87.9	
57.20	137.6	9.1	6.9	2.0	-111.8	12.3	-11.0	-197.1	1135.8	5722.7	-1322.5	-87.9	
57.25	140.8	8.6	5.1	2.0	-105.0	12.4	3.0	-179.9	1147.2	5280.5	-1135.3	-87.4	
57.30	144.0	8.4	0.8	2.0	-98.0	12.5	13.3	-158.9	1151.5	4841.3	-930.5	-95.1	
57.35	147.1	8.2	-4.2	2.0	-92.3	12.6	7.9	-148.9	1151.7	4415.4	-1002.7	-106.7	
57.40	150.3	8.1	-6.5	2.0	-86.3	12.7	-7.9	-139.2	1156.1	3842.9	-1424.0	-108.7	
57.45	153.5	8.3	-6.2	2.0	-82.1	12.8	-29.4	-117.5	1166.8	3208.4	-2081.6	-103.5	
57.50	156.7	8.2	-4.0	2.0	-81.1	12.9	-53.8	-101.9	1171.9	2612.7	-2702.9	-94.6	
57.55	159.9	8.0	-4.5	2.0	-80.1	13.0	-67.8	-87.8	1169.6	2128.7	-3026.7	-95.4	
57.60	163.1	8.1	-7.8	2.0	-76.2	13.1	-63.2	-68.5	1171.8	1668.8	-3027.4	-103.1	
57.65	166.2	8.5	-11.9	2.0	-69.8	13.2	-45.7	-45.3	1180.7	1109.5	-2838.7	-110.5	
57.70	169.4	8.6	-15.5	2.0	-65.3	13.3	-30.7	-21.7	1185.5	669.9	-2702.7	-118.6	
57.75	172.5	8.4	-16.1	2.0	-66.9	13.4	-33.2	-4.6	1180.8	410.9	-2888.7	-122.2	
57.80	175.7	8.6	-8.3	2.0	-75.7	13.5	-54.7	11.5	1179.1	73.9	-3525.1	-104.1	
57.85	178.8	8.5	2.5	2.0	-88.6	13.6	-80.4	36.0	1188.7	-398.6	-4379.3	-80.0	
57.90	182.0	8.2	6.8	2.0	-99.0	13.7	-97.9	51.6	1194.2	-776.3	-5059.2	-75.7	
57.95	185.2	8.5	5.4	2.0	-104.7	13.8	-105.8	57.3	1186.1	-1076.0	-5415.5	-86.3	
58.00	188.3	8.9	3.5	2.0	-108.5	13.9	-106.6	67.4	1178.6	-1454.8	-5618.8	-96.4	
58.05	191.5	9.1	4.9	2.0	-114.4	14.0	-108.3	85.3	1181.5	-1904.3	-5915.5	-97.8	
58.10	194.7	8.8	7.1	2.0	-120.7	14.1	-114.4	102.7	1181.0	-2343.4	-6218.6	-96.2	
58.15	197.8	9.1	6.8	2.0	-125.2	14.2	-122.6	113.8	1165.7	-2700.4	-6406.1	-101.9	
58.20	201.0	9.4	5.7	2.0	-128.3	14.3	-127.0	120.5	1155.1	-2956.4	-6537.8	-108.7	
58.25	204.1	9.6	5.8	2.0	-129.7	14.4	-121.5	127.1	1160.2	-3089.9	-6583.9	-109.8	
58.30	207.2	9.4	6.2	2.0	-128.6	14.5	-110.3	142.2	1157.8	-3268.1	-6392.1	-107.1	
58.35	210.3	9.3	5.7	2.0	-125.1	14.6	-96.9	160.2	1135.0	-3573.9	-5913.7	-105.6	
58.40	213.4	9.3	3.9	2.0	-121.8	14.7	-82.3	174.1	1115.3	-3841.7	-5446.2	-108.5	
58.45	216.5	9.3	4.1	2.0	-122.6	14.8	-73.0	189.8	1111.8	-4102.4	-5292.0	-108.5	
58.50	219.6	9.4	7.9	2.0	-127.1	14.9	-74.4	206.8	1106.6	-4449.3	-5392.8	-100.1	
58.55	222.7	9.5	11.7	2.0	-131.9	15.0	-83.3	221.8	1086.3	-4752.9	-5568.9	-91.9	
58.60	225.8	9.5	11.8	2.0	-135.8	15.1	-92.6	229.7	1065.7	-4968.3	-5748.3	-95.2	
58.65	228.9	10.1	9.8	2.0	-140.0	15.2	-100.4	233.3	1056.4	-5151.9	-5998.3	-106.3	
58.70	232.0	10.6	8.8	2.0	-144.7	15.3	-103.9	238.0	1049.3	-5420.4	-6216.2	-114.6	
58.75	235.0	10.8	9.1	2.0	-148.8	15.4	-108.6	247.1	1031.9	-5734.9	-6335.8	-117.6	
58.80	238.1	10.6	9.2	2.0	-151.6	15.5	-114.5	257.2	1009.0	-5986.4	-6364.3	-119.9	
58.85	241.2	10.6	9.8	2.0	-153.3	15.6	-115.5	264.6	993.3	-6223.4	-6299.5	-119.6	
58.90	244.2	10.7	9.9	2.0	-154.0	15.7	-110.3	277.9	979.6	-6483.0	-6083.6	-120.0	
58.95	247.3	11.0	9.5	2.0	-153.2	15.8	-102.5	290.1	960.1	-6742.1	-5691.1	-120.6	
59.00	250.3	10.8	8.4	2.0	-151.2	15.9	-93.3	296.6	938.8	-6925.2	-5222.5	-122.3	
59.05	253.3	10.5	5.7	2.0	-148.6	16.0	-84.3	302.4	921.2	-6962.6	-4841.7	-129.1	
59.10	256.4	10.6	4.3	2.0	-148.2	16.1	-80.0	308.9	909.6	-7036.4	-4668.9	-133.5	
59.15	259.4	10.5	3.9	2.0	-149.7	16.2	-75.3	312.8	899.3	-7273.1	-4515.3	-136.3	
59.20	262.4	10.4	0.7	2.0	-150.6	16.3	-68.1	319.3	883.7	-7525.7	-4220.5	-148.0	
59.25	265.4	10.4	-2.9	2.0	-151.2	16.4	-62.9	320.6	862.0	-7775.1	-3876.1	-161.3	
59.30	268.4	10.5	-5.4	2.0	-151.8	16.5	-59.1	317.6	843.3	-7945.4	-3680.8	-170.3	
59.35	271.4	10.6	-8.5	2.0	-151.4	16.6	-54.3	321.6	829.7	-7935.1	-3650.9	-180.6	
59.40	274.4	10.6	-9.3	2.0	-150.3	16.7	-55.2	318.1	816.5	-7831.8	-3721.4	-182.3	
59.45	277.4	10.8	-11.2	2.0	-147.5	16.8	-59.0	308.9	794.7	-7652.2	-3701.6	-186.0	
59.50	280.4	10.5	-13.2	2.0	-144.2	16.9	-62.3	304.2	767.9	-7429.3	-3654.1	-189.5	
59.55	283.4	10.2	-11.1	2.0	-142.3	17.0	-67.6	292.2	751.3	-7219.1	-3849.1	-180.4	
59.60	286.3	10.4	-6.2	2.0	-141.7	17.1	-72.4	285.3	741.6	-6986.8	-4210.8	-163.1	
59.65	289.3	10.7	1.6	2.0	-142.8	17.2	-80.9	290.3	723.5	-6894.1	-4497.2	-137.4	
59.70	292.2	10.9	10.8	2.0	-144.2	17.3	-90.4	296.3	696.0	-6977.1	-4564.0	-107.1	
59.75	295.2	10.9	14.8	2.0	-142.4	17.4	-91.1	296.5	674.0	-6882.4	-4491.4	-91.4	
59.80	298.1	10.9	12.8	2.0	-137.1	17.5	-84.5	276.8	664.9	-6502.0	-4458.2	-93.2	
59.85	301.1	10.7	9.6	2.0	-130.8	17.6	-78.3	253.0	658.0	-5998.3	-4480.6	-97.9	
59.90	304.0	10.4	8.7	2.0	-125.1	17.7	-77.9	243.6	640.3	-5502.3	-4472.3	-95.3	
59.95	306.9	10.3	8.0	2.0	-119.8	17.8	-81.8	230.9	616.7	-5068.4	-4442.7	-92.3	
60.00	309.9	10.3	5.8	2.0	-114.6	17.9	-81.1	209.2	599.5	-4624.0	-4450.4	-94.5	
60.05	312.8	10.4	3.5	2.0	-110.5	18.0	-73.5	185.3	591.8	-4208.2	-4542.4	-98.4	
60.10	315.7	10.3	5.2	2.0	-109.6	18.1	-67.5	175.1	581.8	-3985.8	-4700.5	-91.6	
60.15	318.6	10.2	10.6	2.0	-111.4	18.2	-73.3	176.3	561.3	-3937.0	-4929.7	-75.0	
60.20	321.5	10.1	17.5	2.0	-114.1	18.3	-86.9	172.5	539.5	-3848.4	-5262.4	-53.9	
60.25	324.4	10.0	23.6	2.0	-117.3	18.4	-100.6	166.0	528.5	-3646.1	-5707.7	-36.2	
60.30	327.2	10.0	27.7	2.0	-120.3	18.5	-109.1	156.0	523.4	-3420.2	-6119.8	-25.1	
60.35	330.1	10.1	28.2	2.0	-120.6	18.6	-112.6	140.6	509.9	-3129.9	-6349.3	-23.7	
60.40	333.0	10.0	25.5	2.0	-119.0	18.7	-112.8	126.3	491.6	-2739.1	-6444.9	-31.6	
60.45	335.8	10.0	24.6	2.0	-118.0	18.8	-109.9	112.5	482.9	-2451.4	-6524.5	-33.5	
60.50	338.7	10.0	26.7	2.0	-117.9	18.9	-105.4	103.6	482.0	-2356.3	-6579.4	-26.4	
60.55	341.5	10.4	27.8	2.0	-117.1	19.0	-104.4	100.2	472.9	-2359.9	-6530.3	-21.7	
60.60	344.3	10.7	27.9	2.0	-115.5	19.1	-110.0	85.4	456.4	-2350.9	-6432.1	-19.8	
60.65	347.1	10.9	26.4	2.0	-112.6	19.2	-112.0	70.7	446.6	-2209.3	-6283.0	-22.0	
60.70	349.9	10.8	22.8	2.0	-107.5	19.3	-104.2	62.4	446.5	-1960.8	-5991.2	-29.2	
60.75	352.7	10.5	14.2	2.0	-99.5	19.4	-91.8	40.3	444.2	-1469.2	-5570.8	-50.8	
60.80	355.5	10.4	3.4	2.0	-90.9	19.5	-80.0	13.2	431.9	-755.3	-5120.8	-79.3	
60.85	358.3	11.1	0.0	2.0	-87.5	19.6	-77.1	-7.6	423.4	-194.2	-4931.9	-87.4	
60.90	1.0	11.2	6.9	2.0	-88.2	19.7	-79.7	-15.5	423.9	-36.4	-4978.7	-64.6	
60.95	3.7	11.1	14.1	2.0	-89.2	19.8	-81.5	-10.8	423.9	86.4	-5046.9	-40.6	
61.00	6.4	10.7	18.3	2.0	-90.0	19.9	-84.8	-18.2	418.2	405.2	-5090.0	-27.3	
61.05	9.2	10.6	23.2	2.0	-91.6	20.0	-88.7	-34.9	414.3	715.3	-5155.2	-11.9	
61.10	11.9	10.5	28.4	2.0	-93.4	20.1	-87.3	-41.4	417.4	1005.8	-5237.5	4.2	
61.15	14.6	10.3	31.8	2.0	-98.1	20.2	-88.6	-56.6	424.0	1537.2	-5445.3	11.2	
61.20	17.3	10.7	30.8	2.0	-105.4	20.3	-94.7	-89.1	420.5	2321.8	-5681.3	0.5	
61.25	20.1	11.0	29.7	2.0	-113.9	20.4	-103.7	-117.4	413.4	3119.1	-5941.9	-11.9	
61.30	22.8	11.2	33.9	2.0	-120.7	20.5	-109.1	-137.4	414.1	3639.4	-6177.3	-4.2	
61.35	25.4	11.5	38.7	2.0	-124.5	20.6	-106.6	-152.7	419.4	4003.0	-6254.6	8.4	
61.40	28.1	11.7	40.0	2.0	-124.9	20.7	-96.5	-160.0	415.7	4348.0	-6053.0	12.4	
61.45	30.8	11.8	41.6	2.0	-124.2	20.8	-88.9	-168.2	406.5	4579.0	-5809.5	18.7	
61.50	33.4	12.0	47.0	2.0	-124.4	20.9	-86.7	-173.0	405.2	4655.4	-5760.5	36.9	
61.55	36.1	12.6	52.7	2.0	-125.7	21.0	-84.3	-171.8	412.0	4728.0	-5826.5	55.4	
61.60	38.7	13.4	55.6	2.0	-130.1	21.1	-86.4	-185.3	416.1	5016.1	-5970.2	60.7	
61.65	41.3	12.6	55.8	2.0	-137.2	21.2	-95.5	-209.3	415.1	5457.6	-6199.8	54.4	
61.70	43.9	12.2	55.5	2.0	-142.5	21.3	-104.7	-222.9	416.8	5716.3	-6444.3	47.9	
61.75	46.5	11.9	56.9	2.0	-143.9	21.4	-113.1	-221.0	423.7	5620.3	-6647.1	51.5	
61.80	49.1	12.1	55.5	2.0	-142.7	21.5	-120.4	-218.6	427.5	5404.1	-6697.8	47.9	
61.85	51.7	12.2	50.3	2.0	-140.9	21.6	-120.4	-223.4	426.8	5337.2	-6568.1	31.8	
61.90	54.3	12.2	48.3	2.0	-139.8	21.7	-114.6	-233.1	430.8	5301.6	-6457.1	26.2	
61.95	56.9	12.0	47.8	2.0	-138.5	21.8	-105.8	-230.9	443.2	5184.7	-6441.2	25.5	
62.00	59.4	12.2	47.2	2.0	-138.7	21.9	-102.0	-224.0	457.1	5129.0	-6513.1	23.5	
62.05	62.0	12.5	45.4	2.0	-141.6	22.0	-105.6	-236.1	463.7	5279.0	-6623.3	14.3	
62.10	64.5	12.5	44.4	2.0	-146.6	22.1	-115.1	-252.3	468.1	5506.6	-6849.3	5.9	
62.15	67.0	12.4	48.4	2.0	-150.3	22.2	-125.9	-253.3	475.1	5532.9	-7163.9	15.8	
62.20	69.5	12.3	53.5	2.0	-152.6	22.3	-136.0	-244.2	482.3	5458.9	-7443.8	31.1	
62.25	72.1	12.4	55.3	2.0	-155.6	22.4	-144.1	-243.8	486.2	5574.2	-7624.0	34.1	
62.30	74.6	13.0	56.4	2.0	-158.9	22.5	-148.7	-255.8	490.0	5751.1	-7752.0	34.6	
62.35	77.1	13.7	59.6	2.0	-161.6	22.6	-147.7	-262.9	499.0	5875.4	-7883.6	42.9	
62.40	79.5	14.4	64.3	2.0	-163.2	22.7	-142.7	-260.2	511.5	5941.2	-7990.8	57.6	
62.45	82.0	14.4	66.2	2.0	-165.2	22.8	-137.3	-259.5	520.8	6147.7	-8030.3	62.2	
62.50	84.5	14.3	66.8	2.0	-169.2	22.9	-136.3	-268.3	527.6	6505.4	-8095.2	60.2	
62.55	86.9	14.1	70.7	2.0	-172.9	23.0	-137.5	-281.2	534.2	6757.5	-8202.0	69.8	
62.60	89.3	14.0	75.4	2.0	-175.6	23.1	-142.3	-284.7	541.1	6844.3	-8370.1	83.1	
62.65	91.8	14.1	77.1	2.0	-178.1	23.2	-150.2	-281.1	545.1	6932.7	-8534.1	86.6	
62.70	94.2	14.6	77.5	2.0	-181.2	23.3	-162.6	-284.7	545.4	7042.2	-8716.2	84.8	
62.75	96.6	14.2	80.4	2.0	-184.6	23.4	-173.2	-289.3	548.8	7150.2	-8922.1	91.4	
62.80	99.0	13.8	84.0	2.0	-188.0	23.5	-178.8	-287.9	558.5	7191.0	-9197.4	100.4	
62.85	101.3	13.5	88.5	2.0	-191.9	23.6	-183.8	-289.0	569.7	7221.8	-9524.4	111.9	
62.90	103.7	13.5	91.7	2.0	-194.0	23.7	-185.0	-285.5	578.0	7224.4	-9717.0	120.7	
62.95	106.0	13.2	94.3	2.0	-193.9	23.8	-184.9	-280.4	585.8	7135.0	-9781.0	129.8	
63.00	108.4	13.0	98.5	2.0	-191.4	23.9	-184.1	-276.3	593.5	6895.9	-9730.2	146.6	
63.05	110.7	13.5	100.0	2.0	-187.7	24.0	-180.8	-266.4	597.7	6712.3	-9550.3	155.6	
63.10	113.0	13.5	96.7	2.0	-183.9	24.1	-175.0	-260.6	600.6	6615.0	-9291.8	148.0	
63.15	115.3	13.3	93.2	2.0	-180.5	24.2	-167.0	-263.9	608.1	6572.8	-9004.2	139.4	
63.20	117.6	12.8	90.0	2.0	-177.1	24.3	-159.3	-264.2	617.5	6538.3	-8715.5	131.8	
63.25	119.9	12.6	85.2	2.0	-173.3	24.4	-153.2	-263.0	622.3	6455.2	-8430.3	119.0	
63.30	122.2	12.7	78.8	2.0	-169.0	24.5	-146.4	-257.6	623.9	6316.7	-8153.5	101.3	
63.35	124.5	13.1	74.6	2.0	-163.5	24.6	-136.0	-246.6	630.0	6038.6	-7887.0	92.5	
63.40	126.8	12.9	72.1	2.0	-156.5	24.7	-123.5	-236.1	639.4	5612.0	-7591.7	91.1	
63.45	129.0	12.7	68.1	2.0	-150.0	24.8	-115.2	-227.3	643.4	5230.3	-7302.9	83.6	
63.50	131.3	12.6	63.6	2.0	-145.4	24.9	-116.4	-215.6	640.2	4917.1	-7135.2	73.0	
63.55	133.5	12.4	62.6	2.0	-142.2	25.0	-122.2	-202.4	639.8	4588.9	-7090.1	72.6	
63.60	135.7	12.5	62.5	2.0	-140.1	25.1	-126.6	-188.3	647.1	4317.4	-7099.3	74.4	
63.65	137.9	12.7	60.3	2.0	-137.8	25.2	-127.4	-179.2	653.9	4145.1	-7018.9	69.3	
63.70	140.1	12.9	55.8	2.0	-134.4	25.3	-125.5	-174.5	654.8	4009.8	-6816.3	57.1	
63.75	142.3	13.0	51.9	2.0	-129.1	25.4	-118.6	-163.1	656.3	3790.1	-6524.6	48.9	
63.80	144.5	13.0	49.6	2.0	-122.6	25.5	-107.7	-147.4	665.2	3448.5	-6205.7	47.6	
63.85	146.6	12.9	47.6	2.0	-115.7	25.6	-96.6	-132.8	674.3	3104.2	-5851.4	47.7	
63.90	148.8	13.3	43.2	2.0	-109.0	25.7	-87.5	-124.7	676.8	2880.8	-5432.8	39.4	
63.95	151.0	13.6	38.1	2.0	-103.1	25.8	-79.5	-121.5	677.0	2761.9	-5016.5	27.6	
64.00	153.1	13.5	33.8	2.0	-98.7	25.9	-70.5	-121.0	683.0	2708.5	-4668.4	17.5	
64.05	155.3	13.6	29.7	2.0	-96.0	26.0	-62.6	-120.9	690.8	2745.1	-4417.1	5.9	
64.10	157.4	13.8	25.6	2.0	-95.3	26.1	-59.4	-124.1	690.6	2900.8	-4246.8	-7.5	
64.15	159.5	14.0	23.5	2.0	-95.7	26.2	-61.9	-124.1	684.9	3026.4	-4195.7	-15.0	
64.20	161.6	14.4	25.4	2.0	-95.3	26.3	-65.9	-114.5	682.9	2908.9	-4273.4	-8.1	
64.25	163.7	14.5	29.7	2.0	-93.6	26.4	-67.3	-95.2	685.7	2571.7	-4380.5	8.5	
64.30	165.8	14.0	33.4	2.0	-91.4	26.5	-67.7	-75.9	685.5	2203.9	-4439.1	23.2	
64.35	167.9	13.7	36.8	2.0	-89.4	26.6	-69.2	-60.2	680.8	1853.9	-4468.9	37.1	
64.40	169.9	13.4	40.7	2.0	-88.5	26.7	-71.9	-44.3	677.6	1521.6	-4550.9	51.1	
64.45	172.0	13.3	43.4	2.0	-89.1	26.8	-74.8	-29.7	678.1	1251.5	-4689.9	59.9	
64.50	174.0	13.1	43.8	2.0	-90.9	26.9	-79.7	-23.8	676.7	1149.6	-4850.2	59.4	
64.55	176.1	13.0	41.7	2.0	-92.3	27.0	-84.6	-24.3	668.6	1186.3	-4936.3	50.7	
64.60	178.1	13.2	39.8	2.0	-92.5	27.1	-88.2	-22.8	659.0	1139.2	-4966.6	43.9	
64.65	180.2	13.4	38.4	2.0	-90.9	27.2	-85.5	-16.1	654.1	916.7	-4905.9	40.8	
64.70	182.2	13.4	35.9	2.0	-87.8	27.3	-77.6	-7.6	652.4	625.5	-4741.3	35.3	
64.75	184.2	13.0	34.4	2.0	-83.8	27.4	-68.5	1.6	646.7	294.5	-4504.1	34.3	
64.80	186.2	12.9	33.6	2.0	-80.6	27.5	-61.0	16.2	637.8	-133.3	-4288.6	34.7	
64.85	188.2	13.0	35.4	2.0	-80.0	27.6	-56.0	35.0	633.0	-576.5	-4201.8	41.6	
64.90	190.2	13.4	35.9	2.0	-81.8	27.7	-55.3	46.8	632.0	-876.2	-4273.6	41.2	
64.95	192.1	13.4	35.0	2.0	-85.0	27.8	-61.5	49.8	626.6	-1023.2	-4469.0	35.3	
65.00	194.1	13.4	35.7	2.0	-89.0	27.9	-72.3	55.2	614.7	-1179.4	-4717.3	33.5	
65.05	196.0	13.4	37.8	2.0	-93.5	28.0	-81.5	66.7	606.0	-1449.7	-4963.0	36.2	
65.10	198.0	13.1	40.6	2.0	-97.5	28.1	-85.0	82.3	604.2	-1794.9	-5125.9	42.0	
65.15	199.9	12.9	41.8	2.0	-100.0	28.2	-84.9	95.9	601.2	-2171.8	-5155.3	43.7	
65.20	201.8	12.7	41.8	2.0	-101.5	28.3	-83.1	108.7	593.0	-2595.2	-5063.8	41.9	
65.25	203.7	13.1	42.5	2.0	-102.7	28.4	-78.9	123.9	584.5	-3012.1	-4912.5	43.1	
65.30	205.6	13.3	42.6	2.0	-103.5	28.5	-72.1	137.7	581.0	-3313.8	-4756.7	42.9	
65.35	207.5	13.2	40.6	2.0	-102.9	28.6	-64.3	146.2	578.1	-3483.2	-4565.7	36.5	
65.40	209.3	13.1	36.4	2.0	-101.2	28.7	-59.0	148.8	569.1	-3586.9	-4323.7	23.9	
65.45	211.2	13.0	31.4	2.0	-99.3	28.8	-54.6	149.8	557.2	-3719.0	-4028.5	8.5	
65.50	213.1	13.1	26.8	2.0	-98.0	28.9	-48.6	154.0	549.1	-3891.2	-3730.2	-6.1	
65.55	214.9	13.2	24.1	2.0	-98.1	29.0	-42.3	161.9	543.7	-4107.6	-3474.7	-15.3	
65.60	216.7	13.3	24.0	2.0	-99.5	29.1	-38.1	173.9	535.3	-4393.1	-3254.1	-17.1	
65.65	218.6	13.4	24.8	2.0	-102.1	29.2	-36.6	187.9	523.7	-4720.4	-3064.4	-17.0	
65.70	220.4	13.1	25.3	2.0	-104.5	29.3	-33.8	199.8	515.0	-5010.7	-2895.2	-17.8	
65.75	222.2	12.7	24.5	2.0	-106.2	29.4	-29.5	206.3	511.1	-5210.4	-2768.8	-22.0	
65.80	224.0	12.6	23.9	2.0	-106.9	29.5	-26.6	207.8	505.4	-5313.4	-2682.1	-24.7	
65.85	225.8	13.2	23.5	2.0	-106.7	29.6	-27.7	209.0	494.8	-5325.5	-2637.0	-25.8	
65.90	227.6	13.6	23.5	2.0	-106.1	29.7	-30.7	211.5	484.3	-5280.0	-2632.9	-25.4	
65.95	229.4	13.7	23.9	2.0	-105.1	29.8	-31.9	211.3	476.6	-5187.8	-2648.7	-22.9	
66.00	231.2	13.4	23.8	2.0	-103.5	29.9	-31.1	210.7	468.7	-5062.2	-2648.8	-21.7	
66.05	232.9	13.7	25.2	2.0	-102.2	30.0	-28.9	211.0	458.0	-5000.0	-2580.6	-15.7	
66.10	234.7	14.1	28.0	2.0	-101.4	30.1	-24.4	214.8	446.5	-5002.2	-2432.2	-5.2	
66.15	236.4	13.9	29.2	2.0	-100.4	30.2	-18.2	221.9	437.1	-4986.0	-2272.2	-0.2	
66.20	238.2	14.0	30.1	2.0	-99.5	30.3	-13.2	226.0	428.6	-4949.3	-2169.7	3.7	
66.25	239.9	14.1	30.9	2.0	-99.1	30.4	-11.3	226.8	419.2	-4929.3	-2156.7	7.0	
66.30	241.6	13.7	31.2	2.0	-99.4	30.5	-11.7	227.1	408.9	-4940.6	-2193.5	7.9	
66.35	243.3	13.7	30.6	2.0	-100.1	30.6	-13.6	226.6	398.1	-4988.8	-2240.4	4.9	
66.40	245.1	13.8	29.3	2.0	-100.9	30.7	-17.1	226.0	386.5	-5035.2	-2307.1	-0.3	
66.45	246.8	14.1	28.1	2.0	-102.5	30.8	-20.3	229.8	373.6	-5139.5	-2364.8	-6.1	
66.50	248.5	14.1	27.3	2.0	-105.6	30.9	-23.4	236.7	361.1	-5374.2	-2396.4	-11.8	
66.55	250.1	14.0	30.2	2.0	-109.9	31.0	-26.0	247.3	350.0	-5709.1	-2372.5	-6.3	
66.60	251.8	14.1	30.4	2.0	-114.1	31.1	-28.3	258.1	338.9	-6055.2	-2306.3	-9.8	
66.65	253.5	14.2	31.0	2.0	-117.8	31.2	-29.2	267.2	328.3	-6365.1	-2232.8	-11.3	
66.70	255.2	14.3	31.3	2.0	-120.7	31.3	-26.1	275.0	320.0	-6597.0	-2163.8	-13.2	
66.75	256.8	14.1	30.2	2.0	-121.9	31.4	-19.9	279.4	313.9	-6720.1	-2071.7	-18.3	
66.80	258.5	13.8	27.9	2.0	-121.7	31.5	-13.2	278.1	306.0	-6762.8	-1914.7	-26.0	
66.85	260.1	13.6	24.1	2.0	-121.0	31.6	-8.1	272.7	294.4	-6782.2	-1727.6	-38.2	
66.90	261.7	13.9	21.4	2.0	-120.6	31.7	-4.2	268.6	282.6	-6803.3	-1592.9	-47.1	
66.95	263.4	13.8	20.8	2.0	-120.9	31.8	-2.3	269.2	273.8	-6837.2	-1572.8	-49.4	
67.00	265.0	13.7	21.3	2.0	-121.9	31.9	-3.1	273.5	266.0	-6898.0	-1621.5	-48.6	
67.05	266.6	13.7	22.8	2.0	-123.4	32.0	-7.8	279.2	255.6	-6986.5	-1697.7	-45.1	
67.10	268.2	13.7	24.4	2.0	-124.9	32.1	-12.5	282.2	244.7	-7085.1	-1771.7	-41.1	
67.15	269.8	13.7	25.7	2.0	-125.7	32.2	-13.2	282.5	237.2	-7136.1	-1851.6	-37.7	
67.20	271.4	13.7	26.7	2.0	-125.8	32.3	-11.7	282.2	231.6	-7124.5	-1944.0	-34.2	
67.25	272.9	13.8	27.8	2.0	-125.6	32.4	-12.0	282.6	222.2	-7090.2	-2014.4	-30.1	
67.30	274.5	13.7	29.8	2.0	-125.3	32.5	-16.4	282.6	208.5	-7056.8	-2090.7	-22.9	
67.35	276.1	13.5	31.5	2.0	-125.1	32.6	-22.6	282.9	196.5	-7010.5	-2224.9	-17.0	
67.40	277.6	13.2	33.4	2.0	-125.4	32.7	-28.7	282.0	188.6	-6980.8	-2403.4	-10.8	
67.45	279.2	13.2	34.8	2.0	-125.4	32.8	-34.0	280.0	180.4	-6940.7	-2538.3	-5.8	
67.50	280.7	13.5	35.2	2.0	-124.1	32.9	-38.1	278.3	169.9	-6834.5	-2586.7	-3.1	
67.55	282.2	13.7	34.4	2.0	-121.6	33.0	-38.7	272.0	159.0	-6681.4	-2532.1	-3.4	
67.60	283.8	13.3	32.2	2.0	-117.9	33.1	-32.4	265.2	150.1	-6457.8	-2413.5	-7.5	
67.65	285.3	12.8	29.9	2.0	-114.3	33.2	-23.7	258.7	143.0	-6237.0	-2293.6	-11.5	
67.70	286.8	12.9	28.9	2.0	-111.6	33.3	-17.4	250.8	134.1	-6098.0	-2170.7	-12.5	
67.75	288.3	12.8	28.8	2.0	-109.8	33.4	-16.6	246.7	121.5	-6007.3	-2084.8	-11.0	
67.80	289.8	12.6	29.6	2.0	-108.9	33.5	-19.3	245.5	109.3	-5956.5	-2068.8	-7.1	
67.85	291.2	12.1	31.3	2.0	-109.0	33.6	-22.7	246.1	100.0	-5950.5	-2115.6	-1.5	
67.90	292.7	12.1	32.6	2.0	-109.0	33.7	-24.6	247.7	92.7	-5929.9	-2168.9	2.9	
67.95	294.2	12.1	31.9	2.0	-108.0	33.8	-23.8	245.4	84.9	-5873.0	-2140.3	1.4	
68.00	295.6	11.7	29.3	2.0	-106.0	33.9	-19.6	238.9	76.2	-5794.5	-1996.3	-5.5	
68.05	297.1	11.8	27.0	2.0	-104.1	34.0	-13.0	235.0	68.2	-5726.0	-1812.5	-11.5	
68.10	298.5	12.1	26.2	2.0	-103.5	34.1	-6.8	233.4	61.0	-5735.9	-1656.7	-13.4	
68.15	300.0	12.8	26.4	2.0	-104.0	34.2	-4.1	235.4	53.6	-5801.6	-1569.8	-13.6	
68.20	301.4	12.4	26.1	2.0	-104.9	34.3	-4.9	238.1	45.9	-5878.4	-1528.2	-15.2	
68.25	302.8	12.2	25.1	2.0	-105.2	34.4	-6.0	235.5	37.9	-5935.2	-1452.5	-19.0	
68.30	304.3	12.1	23.4	2.0	-104.8	34.5	-7.2	231.4	30.9	-5936.9	-1375.8	-24.3	
68.35	305.7	12.1	20.9	2.0	-103.2	34.6	-7.0	226.4	23.0	-5858.8	-1284.5	-31.4	
68.40	307.1	12.3	18.7	2.0	-101.4	34.7	-5.9	220.8	15.0	-5755.7	-1214.8	-37.0	
68.45	308.5	12.5	17.9	2.0	-99.7	34.8	-6.2	215.8	7.4	-5645.4	-1206.9	-38.3	
68.50	309.9	12.5	17.0	2.0	-98.7	34.9	-9.2	211.1	-0.5	-5575.4	-1278.6	-40.3	
68.55	311.3	12.3	18.8	2.0	-98.8	35.0	-14.2	208.2	-8.1	-5549.9	-1424.9	-34.4	
68.60	312.7	12.0	21.9	2.0	-99.4	35.1	-18.1	209.3	-16.1	-5546.2	-1567.7	-24.4	
68.65	314.0	11.5	24.4	2.0	-98.9	35.2	-18.6	208.9	-22.6	-5472.9	-1663.4	-15.3	
68.70	315.4	11.4	25.1	2.0	-96.3	35.3	-17.7	200.7	-28.2	-5265.1	-1728.7	-10.1	
68.75	316.7	11.4	24.7	2.0	-92.5	35.4	-17.3	188.7	-34.3	-4963.1	-1813.1	-7.8	
68.80	318.1	11.8	25.1	2.0	-89.1	35.5	-19.3	177.4	-40.6	-4654.4	-1969.5	-2.9	
68.85	319.4	11.9	26.3	2.0	-86.8	35.6	-23.5	169.9	-46.7	-4383.2	-2185.1	3.5	
68.90	320.7	11.9	28.4	2.0	-85.0	35.7	-30.5	161.1	-53.4	-4113.8	-2435.8	12.4	
68.95	322.1	11.7	30.1	2.0	-83.9	35.8	-37.1	153.1	-60.0	-3889.5	-2657.0	19.4	
69.00	323.4	11.5	31.8	2.0	-83.5	35.9	-39.8	151.0	-67.1	-3771.1	-2772.5	25.8	
69.05	324.7	11.3	33.7	2.0	-82.9	36.0	-38.5	148.4	-73.3	-3712.1	-2777.4	32.9	
69.10	326.0	11.1	33.6	2.0	-80.8	36.1	-35.3	140.7	-78.7	-3576.6	-2724.4	34.5	
69.15	327.3	11.1	31.4	2.0	-77.9	36.2	-31.3	132.1	-83.5	-3367.4	-2676.2	29.8	
69.20	328.6	11.2	30.6	2.0	-76.5	36.3	-30.4	124.9	-86.7	-3232.9	-2704.6	28.7	
69.25	329.9	11.2	31.3	2.0	-76.2	36.4	-32.4	120.8	-90.3	-3160.7	-2765.8	31.2	
69.30	331.2	11.0	30.7	2.0	-75.2	36.5	-36.2	115.3	-96.6	-3047.2	-2792.2	30.0	
69.35	332.4	11.0	28.1	2.0	-73.1	36.6	-39.0	105.3	-103.8	-2901.8	-2741.2	23.2	
69.40	333.7	11.2	25.8	2.0	-70.8	36.7	-39.5	100.0	-109.6	-2772.5	-2633.8	17.9	
69.45	335.0	11.2	24.7	2.0	-68.8	36.8	-36.9	100.1	-114.8	-2721.1	-2466.4	16.0	
69.50	336.2	11.4	23.9	2.0	-67.2	36.9	-34.7	98.9	-120.7	-2703.5	-2299.7	14.8	
69.55	337.5	11.6	22.3	2.0	-65.6	37.0	-34.3	97.5	-125.9	-2639.9	-2192.4	10.8	
69.60	338.7	11.2	21.7	2.0	-64.8	37.1	-33.6	95.3	-128.4	-2629.1	-2112.8	9.6	
69.65	339.9	11.1	22.8	2.0	-64.8	37.2	-31.3	95.2	-129.0	-2700.0	-2034.2	13.3	
69.70	341.1	11.0	21.9	2.0	-64.8	37.3	-29.7	97.2	-130.6	-2745.5	-1960.7	10.5	
69.75	342.4	10.8	19.5	2.0	-63.3	37.4	-28.7	91.7	-134.9	-2687.6	-1860.3	3.7	
69.80	343.6	10.5	15.7	2.0	-60.8	37.5	-28.4	82.2	-139.5	-2552.9	-1763.1	-6.7	
69.85	344.8	10.2	13.0	2.0	-58.4	37.6	-28.1	75.1	-142.1	-2406.6	-1697.6	-13.7	
69.90	346.0	9.9	12.2	2.0	-56.4	37.7	-27.9	67.3	-144.2	-2259.5	-1667.2	-14.6	
69.95	347.2	9.9	11.0	2.0	-54.6	37.8	-30.0	58.6	-147.1	-2074.0	-1719.8	-16.7	
70.00	348.4	10.0	10.7	2.0	-53.8	37.9	-33.4	53.5	-149.3	-1904.7	-1822.9	-17.0	
70.05	349.6	10.1	11.3	2.0	-52.9	38.0	-31.5	50.2	-149.3	-1796.4	-1856.8	-14.0	
70.10	350.8	9.7	12.6	2.0	-51.0	38.1	-24.5	46.3	-148.1	-1693.0	-1780.7	-7.6	
70.15	352.0	9.6	12.9	2.0	-47.6	38.2	-17.3	38.0	-148.5	-1497.0	-1656.5	-3.5	
70.20	353.2	9.7	11.5	2.0	-43.9	38.3	-11.7	26.4	-151.6	-1254.3	-1543.1	-4.5	
70.25	354.3	9.5	11.8	2.0	-42.0	38.4	-11.4	17.7	-154.5	-1001.2	-1569.1	-1.6	
70.30	355.5	9.5	13.8	2.0	-42.7	38.5	-17.1	10.6	-154.9	-737.6	-1773.0	4.5	
70.35	356.7	9.5	14.8	2.0	-45.0	38.6	-24.8	0.5	-156.2	-423.5	-2039.0	5.7	
70.40	357.8	9.6	15.1	2.0	-48.1	38.7	-32.5	-10.6	-159.2	-88.7	-2282.7	3.8	
70.45	359.0	10.0	15.9	2.0	-50.3	38.8	-36.7	-20.6	-161.6	160.5	-2420.9	4.2	
70.50	0.1	10.5	16.9	2.0	-50.2	38.9	-33.6	-25.7	-162.4	278.4	-2401.3	7.9	
70.55	1.3	10.7	18.0	2.0	-49.1	39.0	-29.3	-25.2	-162.6	304.1	-2325.1	12.7	
70.60	2.4	10.7	18.7	2.0	-48.0	39.1	-26.4	-26.5	-165.0	313.8	-2239.5	16.4	
70.65	3.5	10.7	19.5	2.0	-48.0	39.2	-27.8	-29.5	-167.8	331.2	-2226.2	19.0	
70.70	4.7	11.0	20.7	2.0	-49.1	39.3	-31.8	-31.1	-168.1	364.0	-2294.2	22.1	
70.75	5.8	11.1	22.0	2.0	-50.8	39.4	-36.8	-34.4	-167.1	447.7	-2390.3	24.9	
70.80	6.9	11.2	20.6	2.0	-52.0	39.5	-39.4	-43.0	-168.5	668.6	-2406.2	18.9	
70.85	8.0	11.3	17.4	2.0	-52.7	39.6	-39.1	-54.6	-171.6	977.8	-2325.1	7.2	
70.90	9.1	11.2	15.0	2.0	-52.5	39.7	-35.3	-65.0	-172.7	1205.4	-2176.8	-0.9	
70.95	10.2	11.2	14.4	2.0	-51.0	39.8	-29.8	-70.1	-171.7	1269.8	-1998.8	-1.5	
71.00	11.3	11.4	14.3	2.0	-49.3	39.9	-25.7	-71.0	-171.3	1266.4	-1848.3	-0.1	
71.05	12.4	11.4	13.4	2.0	-48.0	40.0	-22.5	-72.4	-172.1	1291.1	-1712.2	-2.0	
71.10	13.5	11.4	13.8	2.0	-47.9	40.1	-19.1	-75.8	-171.6	1388.4	-1612.4	-0.5	
71.15	14.6	11.5	14.3	2.0	-48.2	40.2	-15.8	-77.5	-168.6	1491.9	-1554.1	0.7	
71.20	15.6	11.5	13.4	2.0	-49.0	40.3	-11.6	-82.1	-166.6	1642.8	-1473.0	-3.1	
71.25	16.7	11.3	11.6	2.0	-51.5	40.4	-8.2	-95.0	-166.7	1903.3	-1381.2	-11.6	
71.30	17.8	11.2	9.7	2.0	-54.4	40.5	-7.8	-108.1	-166.9	2152.0	-1342.0	-21.1	
71.35	18.8	11.2	10.1	2.0	-55.5	40.6	-9.6	-110.9	-166.3	2227.8	-1357.1	-20.7	
71.40	19.9	11.2	12.2	2.0	-54.4	40.7	-11.3	-105.1	-165.3	2145.6	-1373.0	-12.7	
71.45	20.9	11.2	13.4	2.0	-53.4	40.8	-12.7	-100.9	-163.7	2079.2	-1359.2	-7.3	
71.50	22.0	11.2	12.1	2.0	-53.1	40.9	-12.0	-102.3	-162.4	2103.3	-1271.0	-11.6	
71.55	23.0	11.2	10.5	2.0	-52.7	41.0	-7.1	-106.7	-161.7	2153.8	-1086.4	-16.7	
71.60	24.0	11.2	9.2	2.0	-52.4	41.1	-1.0	-110.1	-159.9	2204.8	-904.6	-20.9	
71.65	25.1	11.1	7.8	2.0	-53.7	41.2	1.9	-115.0	-156.9	2334.7	-813.9	-27.0	
71.70	26.1	11.1	6.3	2.0	-56.8	41.3	0.4	-125.0	-155.8	2554.7	-803.2	-35.1	
71.75	27.1	11.2	5.2	2.0	-59.9	41.4	-4.2	-134.1	-157.4	2761.0	-838.2	-42.0	
71.80	28.1	11.0	5.4	2.0	-61.9	41.5	-8.4	-137.6	-158.4	2890.4	-880.6	-43.3	
71.85	29.1	11.0	6.8	2.0	-63.2	41.6	-10.3	-140.8	-157.2	2977.1	-910.9	-39.8	
71.90	30.2	11.2	6.7	2.0	-64.7	41.7	-11.0	-144.0	-155.6	3083.8	-930.0	-41.7	
71.95	31.2	11.4	7.3	2.0	-66.8	41.8	-12.0	-147.8	-156.0	3225.6	-959.5	-41.6	
72.00	32.2	11.5	10.0	2.0	-68.1	41.9	-12.9	-150.4	-155.8	3297.9	-1034.6	-33.7	
72.05	33.1	11.5	12.1	2.0	-68.8	42.0	-13.1	-148.5	-152.2	3324.8	-1158.1	-27.3	
72.10	34.1	11.6	14.0	2.0	-70.9	42.1	-14.7	-149.8	-147.2	3432.8	-1329.4	-22.8	
72.15	35.1	11.7	14.8	2.0	-74.0	42.2	-17.4	-159.3	-145.9	3593.2	-1476.0	-23.3	
72.20	36.1	11.9	17.1	2.0	-77.2	42.3	-23.8	-167.2	-146.4	3749.9	-1666.3	-18.6	
72.25	37.1	11.9	17.2	2.0	-80.0	42.4	-28.7	-169.5	-145.7	3886.1	-1853.0	-20.9	
72.30	38.0	12.1	18.9	2.0	-82.5	42.5	-30.0	-173.5	-143.2	4018.5	-1985.4	-17.4	
72.35	39.0	12.4	20.1	2.0	-85.1	42.6	-31.6	-178.8	-140.2	4172.3	-2088.1	-16.2	
72.40	40.0	12.5	19.7	2.0	-86.8	42.7	-30.8	-184.5	-139.0	4305.5	-2086.0	-19.3	
72.45	40.9	12.4	19.2	2.0	-86.7	42.8	-25.1	-189.7	-137.6	4338.2	-1956.3	-20.8	
72.50	41.9	12.1	18.5	2.0	-85.9	42.9	-17.6	-190.5	-133.2	4351.0	-1799.0	-22.5	
72.55	42.8	11.9	17.7	2.0	-85.9	43.0	-12.5	-191.7	-127.9	4393.1	-1681.8	-25.2	
72.60	43.7	11.7	17.2	2.0	-85.7	43.1	-10.9	-195.8	-126.1	4395.5	-1598.2	-26.6	
72.65	44.7	11.6	16.8	2.0	-84.9	43.2	-14.1	-195.5	-126.3	4337.9	-1587.1	-27.4	
72.70	45.6	11.5	14.7	2.0	-84.0	43.3	-17.6	-194.0	-124.9	4267.6	-1606.8	-33.6	
72.75	46.5	11.7	13.7	2.0	-83.6	43.4	-20.9	-197.1	-121.1	4209.3	-1649.6	-36.6	
72.80	47.4	11.8	12.1	2.0	-83.9	43.5	-23.5	-200.6	-118.5	4217.2	-1659.4	-42.2	
72.85	48.4	11.8	11.0	2.0	-83.5	43.6	-22.9	-201.9	-118.4	4220.6	-1557.7	-45.7	
72.90	49.3	11.9	10.4	2.0	-82.7	43.7	-19.8	-203.0	-115.9	4206.7	-1413.9	-47.0	
72.95	50.2	11.9	9.6	2.0	-82.9	43.8	-16.2	-203.6	-109.9	4257.6	-1318.0	-50.0	
73.00	51.0	11.7	10.0	2.0	-83.7	43.9	-13.7	-205.9	-105.4	4331.5	-1263.4	-49.4	
73.05	51.9	11.7	11.2	2.0	-84.3	44.0	-12.8	-208.5	-104.8	4384.3	-1223.8	-45.8	
73.10	52.8	11.5	12.8	2.0	-85.5	44.1	-15.0	-208.2	-103.0	4468.0	-1268.8	-41.4	
73.15	53.7	11.1	13.5	2.0	-87.3	44.2	-17.6	-209.4	-99.0	4591.0	-1348.4	-41.0	
73.20	54.6	11.4	14.5	2.0	-89.7	44.3	-19.2	-214.7	-96.4	4742.4	-1420.9	-39.9	
73.25	55.4	11.6	15.7	2.0	-92.8	44.4	-21.7	-221.8	-95.5	4941.0	-1510.0	-39.0	
73.30	56.3	11.9	16.1	2.0	-96.4	44.5	-23.0	-230.7	-93.1	5168.0	-1599.9	-41.0	
73.35	57.2	12.1	16.9	2.0	-99.4	44.6	-23.7	-237.6	-87.7	5357.6	-1705.8	-41.4	
73.40	58.0	11.9	18.3	2.0	-101.3	44.7	-25.3	-238.7	-83.0	5472.3	-1808.1	-38.6	
73.45	58.9	11.9	20.5	2.0	-102.0	44.8	-27.8	-238.5	-81.1	5508.2	-1877.7	-31.6	
73.50	59.7	12.4	22.2	2.0	-102.5	44.9	-29.5	-239.3	-79.7	5539.2	-1912.3	-26.3	
73.55	60.5	12.8	22.6	2.0	-103.3	45.0	-29.7	-239.0	-75.5	5595.2	-1939.0	-25.9	
73.60	61.4	13.0	22.4	2.0	-104.3	45.1	-27.3	-241.3	-71.3	5690.4	-1890.7	-27.4	
73.65	62.2	12.9	22.1	2.0	-106.1	45.2	-24.4	-248.3	-69.4	5845.1	-1792.7	-30.4	
73.70	63.0	12.4	21.8	2.0	-108.7	45.3	-23.2	-257.3	-67.5	6042.9	-1719.9	-33.8	
73.75	63.9	12.0	20.5	2.0	-110.1	45.4	-21.3	-262.5	-63.8	6161.9	-1653.2	-39.8	
73.80	64.7	11.7	20.2	2.0	-110.6	45.5	-20.3	-264.1	-58.9	6215.8	-1597.0	-41.2	
73.85	65.5	11.8	19.8	2.0	-110.4	45.6	-20.5	-265.0	-55.9	6216.3	-1523.4	-42.5	
73.90	66.3	12.2	19.0	2.0	-109.8	45.7	-21.8	-265.9	-54.6	6190.0	-1435.5	-44.6	
73.95	67.2	12.5	18.1	2.0	-108.7	45.8	-20.4	-265.1	-51.9	6129.5	-1332.1	-46.5	
74.00	68.0	12.2	17.4	2.0	-107.3	45.9	-15.9	-262.7	-46.9	6061.8	-1215.1	-47.7	
74.05	68.8	11.7	16.7	2.0	-106.8	46.0	-11.2	-263.3	-42.0	6049.0	-1099.8	-49.4	
74.10	69.6	11.4	15.6	2.0	-107.5	46.1	-9.6	-268.6	-39.7	6104.1	-1011.3	-54.0	
74.15	70.4	11.4	14.9	2.0	-108.3	46.2	-9.6	-272.9	-37.6	6158.6	-970.1	-57.3	
74.20	71.2	11.4	15.1	2.0	-108.3	46.3	-9.2	-271.4	-32.9	6162.6	-972.4	-56.6	
74.25	72.0	11.3	16.3	2.0	-107.3	46.4	-9.0	-267.3	-27.7	6107.8	-979.5	-51.3	
74.30	72.8	11.2	16.6	2.0	-106.6	46.5	-9.8	-265.4	-24.7	6060.7	-965.8	-49.5	
74.35	73.6	11.3	15.6	2.0	-106.8	46.6	-10.3	-266.2	-23.2	6082.6	-916.0	-53.2	
74.40	74.3	11.2	15.3	2.0	-107.2	46.7	-7.3	-268.8	-19.8	6123.2	-837.1	-54.6	
74.45	75.1	10.9	15.3	2.0	-107.5	46.8	-2.1	-270.3	-14.4	6151.3	-769.3	-54.9	
74.50	75.9	11.1	15.0	2.0	-108.4	46.9	1.3	-272.3	-9.4	6226.0	-739.4	-57.1	
74.55	76.7	11.2	14.9	2.0	-110.3	47.0	0.9	-279.1	-6.4	6349.2	-758.0	-59.3	
74.60	77.5	11.2	14.9	2.0	-112.3	47.1	-1.4	-285.4	-3.6	6476.7	-815.9	-61.0	
74.65	78.2	11.0	15.7	2.0	-113.2	47.2	-3.6	-285.3	0.9	6538.7	-888.6	-59.2	
74.70	79.0	11.1	16.5	2.0	-113.1	47.3	-3.8	-282.9	4.6	6533.4	-907.6	-56.5	
74.75	79.7	11.4	17.0	2.0	-113.6	47.4	-3.9	-283.7	7.4	6567.3	-897.5	-55.4	
74.80	80.5	11.3	16.4	2.0	-115.0	47.5	-3.4	-287.8	10.1	6664.5	-857.3	-58.9	
74.85	81.2	11.3	16.6	2.0	-116.0	47.6	-1.4	-291.6	12.9	6735.3	-794.2	-59.0	
74.90	82.0	11.4	17.6	2.0	-116.3	47.7	-0.6	-290.1	16.8	6758.0	-796.9	-55.9	
74.95	82.7	11.4	18.2	2.0	-116.6	47.8	-2.4	-287.9	21.2	6775.5	-889.3	-54.3	
75.00	83.5	11.3	18.7	2.0	-117.3	47.9	-6.5	-289.5	25.1	6802.4	-1023.5	-53.2	
75.05	84.2	11.3	19.2	2.0	-117.9	48.0	-11.4	-291.0	27.4	6823.0	-1131.5	-52.1	
75.10	84.9	11.9	19.8	2.0	-117.6	48.1	-14.2	-289.4	29.0	6795.3	-1169.0	-49.7	
75.15	85.7	12.4	20.1	2.0	-116.6	48.2	-13.5	-286.0	31.0	6735.5	-1146.9	-47.7	
75.20	86.4	12.9	19.8	2.0	-116.6	48.3	-9.9	-286.6	34.5	6740.1	-1083.2	-48.7	
75.25	87.1	13.1	18.8	2.0	-117.5	48.4	-6.3	-290.6	37.9	6810.1	-985.4	-53.1	
75.30	87.9	13.0	18.1	2.0	-118.2	48.5	-5.2	-292.6	39.5	6865.8	-883.1	-56.2	
75.35	88.6	12.9	17.7	2.0	-118.0	48.6	-5.1	-290.4	41.7	6865.3	-834.3	-57.3	
75.40	89.3	12.6	18.1	2.0	-117.5	48.7	-4.3	-287.4	47.1	6828.6	-847.7	-55.2	
75.45	90.0	12.8	17.9	2.0	-116.7	48.8	-3.3	-285.3	52.9	6773.1	-850.7	-55.2	
75.50	90.8	12.9	17.1	2.0	-115.4	48.9	-1.8	-282.6	55.1	6690.0	-747.9	-56.9	
75.55	91.5	12.7	15.8	2.0	-114.1	49.0	1.0	-281.5	54.5	6616.3	-553.1	-60.0	
75.60	92.2	12.8	14.4	2.0	-113.5	49.1	6.4	-283.0	56.9	6569.8	-377.4	-64.1	
75.65	92.9	12.9	13.5	2.0	-113.2	49.2	12.8	-285.5	63.3	6543.1	-294.6	-66.7	
75.70	93.6	13.0	13.0	2.0	-112.8	49.3	15.5	-285.2	68.9	6510.7	-272.6	-68.2	
75.75	94.3	12.9	12.4	2.0	-111.8	49.4	12.1	-281.4	70.7	6443.0	-278.4	-69.1	
75.80	95.0	12.8	12.3	2.0	-110.6	49.5	7.0	-276.5	71.9	6366.7	-305.8	-68.5	
75.85	95.7	12.8	12.5	2.0	-109.4	49.6	4.8	-272.7	76.4	6282.0	-358.6	-66.5	
75.90	96.4	12.5	12.7	2.0	-108.4	49.7	7.1	-270.2	82.1	6203.7	-367.3	-64.9	
75.95	97.1	12.2	12.2	2.0	-107.9	49.8	11.0	-268.6	85.0	6174.5	-288.3	-66.0	
76.00	97.8	11.8	11.7	2.0	-108.3	49.9	13.9	-269.7	85.2	6208.0	-160.3	-68.0	
76.05	98.5	11.7	11.6	2.0	-109.1	50.0	15.7	-273.4	86.6	6254.9	-86.1	-69.2	
76.10	99.2	11.9	11.9	2.0	-109.6	50.1	16.0	-274.9	91.5	6285.6	-140.2	-68.6	
76.15	99.9	12.3	11.9	2.0	-109.4	50.2	13.6	-271.7	96.5	6272.3	-277.2	-68.6	
76.20	100.6	12.1	13.4	2.0	-108.9	50.3	9.3	-268.7	98.7	6230.9	-383.6	-62.7	
76.25	101.3	11.8	13.7	2.0	-109.2	50.4	5.2	-269.9	100.1	6244.8	-441.0	-62.1	
76.30	102.0	11.6	13.7	2.0	-109.6	50.5	4.5	-271.2	102.0	6276.4	-441.4	-62.7	
76.35	102.6	11.5	13.9	2.0	-109.8	50.6	8.0	-272.2	104.3	6289.7	-391.8	-62.3	
76.40	103.3	11.6	13.2	2.0	-110.3	50.7	12.5	-273.7	106.4	6323.4	-327.6	-65.0	
76.45	104.0	11.8	12.8	2.0	-111.5	50.8	13.9	-276.4	108.2	6402.5	-287.6	-67.5	
76.50	104.7	11.6	12.8	2.0	-112.4	50.9	13.4	-279.2	109.5	6462.1	-272.3	-68.5	
76.55	105.3	11.4	13.6	2.0	-112.5	51.0	12.1	-278.2	111.7	6469.1	-308.4	-65.7	
76.60	106.0	11.2	14.4	2.0	-112.0	51.1	11.2	-273.8	115.4	6442.1	-375.1	-62.4	
76.65	106.7	10.5	14.8	2.0	-111.8	51.2	11.7	-272.7	119.2	6425.6	-393.0	-61.2	
76.70	107.3	10.4	14.4	2.0	-112.2	51.3	12.5	-275.3	121.2	6448.7	-340.9	-62.8	
76.75	108.0	10.7	14.0	2.0	-112.8	51.4	13.4	-276.2	121.5	6496.6	-258.0	-64.7	
76.80	108.6	10.6	13.7	2.0	-112.9	51.5	16.5	-275.7	123.1	6508.5	-175.2	-66.1	
76.85	109.3	10.6	13.3	2.0	-113.1	51.6	20.4	-275.2	127.6	6517.4	-135.4	-67.4	
76.90	109.9	10.7	13.2	2.0	-113.2	51.7	19.4	-273.0	132.4	6528.7	-166.3	-68.0	
76.95	110.6	10.9	13.3	2.0	-112.6	51.8	16.1	-270.8	134.0	6488.0	-174.1	-66.8	
77.00	111.2	10.9	14.1	2.0	-111.3	51.9	13.9	-266.8	135.5	6397.8	-165.5	-62.7	
77.05	111.9	10.7	14.6	2.0	-110.3	52.0	14.7	-262.3	140.6	6332.7	-161.0	-60.3	
77.10	112.5	10.1	14.2	2.0	-109.6	52.1	18.1	-260.5	145.4	6282.5	-103.0	-60.9	
77.15	113.1	10.5	13.6	2.0	-108.6	52.2	21.1	-258.1	146.5	6216.0	14.2	-62.1	
77.20	113.8	11.0	12.4	2.0	-108.0	52.3	22.7	-256.0	146.6	6173.1	135.1	-65.3	
77.25	114.4	11.1	12.0	2.0	-107.7	52.4	24.2	-257.3	149.5	6140.2	198.1	-66.3	
77.30	115.0	11.0	11.6	2.0	-107.1	52.5	24.2	-257.2	154.1	6091.1	189.9	-67.4	
77.35	115.7	11.0	11.1	2.0	-105.8	52.6	21.7	-251.0	157.1	6013.6	148.4	-67.7	
77.40	116.3	10.9	10.7	2.0	-104.5	52.7	21.1	-246.9	158.1	5927.9	171.4	-67.9	
77.45	116.9	10.6	10.3	2.0	-104.2	52.8	22.9	-249.3	161.0	5894.2	235.7	-68.8	
77.50	117.6	10.3	9.6	2.0	-104.3	52.9	25.3	-250.8	165.5	5884.6	306.5	-71.4	
77.55	118.2	9.9	9.2	2.0	-103.1	53.0	29.3	-248.1	166.2	5795.6	437.9	-71.5	
77.60	118.8	9.7	9.4	2.0	-101.3	53.1	33.1	-243.4	165.0	5661.6	569.5	-69.1	
77.65	119.4	9.5	9.1	2.0	-100.6	53.2	33.6	-241.0	167.8	5607.8	586.8	-69.4	
77.70	120.0	9.4	8.8	2.0	-100.3	53.3	31.0	-241.9	172.3	5589.4	512.5	-70.2	
77.75	120.7	9.3	8.5	2.0	-99.2	53.4	27.0	-239.9	173.7	5518.1	410.1	-70.1	
77.80	121.3	9.4	8.6	2.0	-97.6	53.5	22.6	-233.6	174.2	5423.6	284.8	-67.9	
77.85	121.9	9.6	8.8	2.0	-97.1	53.6	20.8	-232.9	178.2	5388.8	167.3	-66.9	
77.90	122.5	9.8	8.8	2.0	-97.6	53.7	21.0	-237.8	183.3	5408.7	92.2	-67.3	
77.95	123.1	10.3	8.8	2.0	-97.4	53.8	20.6	-237.1	184.1	5398.3	60.6	-67.3	
78.00	123.7	10.8	9.7	2.0	-96.2	53.9	20.3	-231.3	182.9	5324.6	40.8	-63.0	
78.05	124.3	11.3	10.9	2.0	-95.5	54.0	20.4	-229.2	186.1	5278.3	-36.6	-58.1	
78.10	124.9	11.6	11.6	2.0	-96.6	54.1	17.8	-231.1	192.7	5342.4	-196.0	-56.6	
78.15	125.5	11.9	12.2	2.0	-97.8	54.2	13.0	-232.6	195.5	5427.1	-341.4	-55.8	
78.20	126.1	12.2	13.3	2.0	-98.4	54.3	9.1	-230.7	195.3	5466.4	-438.1	-52.6	
78.25	126.6	12.1	14.0	2.0	-99.0	54.4	7.3	-227.7	198.6	5510.4	-535.7	-51.0	
78.30	127.2	11.9	14.4	2.0	-99.6	54.5	7.6	-229.3	204.6	5544.4	-612.0	-50.2	
78.35	127.8	11.9	14.7	2.0	-99.3	54.6	7.5	-230.4	206.8	5515.2	-627.7	-48.9	
78.40	128.4	11.7	15.3	2.0	-97.7	54.7	5.5	-224.9	205.0	5411.4	-604.6	-45.3	
78.45	129.0	11.6	16.0	2.0	-95.7	54.8	5.7	-218.5	205.2	5280.5	-560.6	-40.9	
78.50	129.6	11.4	16.0	2.0	-94.7	54.9	8.0	-215.9	210.4	5213.4	-544.8	-39.8	
78.55	130.1	11.4	14.3	2.0	-94.5	55.0	8.7	-214.2	215.4	5198.2	-540.3	-45.6	
78.60	130.7	11.3	13.2	2.0	-93.7	55.1	7.8	-213.0	215.4	5147.8	-471.9	-48.6	
78.65	131.3	11.0	12.4	2.0	-92.8	55.2	7.5	-213.5	214.7	5089.1	-360.1	-50.4	
78.70	131.8	10.3	11.1	2.0	-92.4	55.3	9.0	-212.2	218.0	5059.5	-264.3	-54.2	
78.75	132.4	10.3	9.7	2.0	-91.4	55.4	13.1	-209.0	221.6	4999.4	-129.2	-58.2	
78.80	133.0	10.2	9.2	2.0	-89.9	55.5	18.5	-205.2	221.6	4894.3	92.8	-58.2	
78.85	133.5	9.8	8.4	2.0	-88.8	55.6	22.6	-200.8	221.1	4815.8	322.3	-60.1	
78.90	134.1	9.9	7.6	2.0	-88.6	55.7	27.1	-199.4	224.0	4783.1	523.8	-62.6	
78.95	134.6	10.0	6.8	2.0	-88.4	55.8	33.7	-199.8	228.6	4732.2	703.1	-65.1	
79.00	135.2	10.0	6.1	2.0	-87.6	55.9	37.7	-196.0	231.9	4659.6	825.0	-66.7	
79.05	135.7	10.3	5.8	2.0	-86.7	56.0	37.5	-191.5	233.5	4589.7	888.5	-66.9	
79.10	136.3	10.6	5.5	2.0	-86.2	56.1	36.8	-192.9	234.9	4538.5	932.1	-67.5	
79.15	136.8	10.6	4.8	2.0	-85.6	56.2	35.1	-193.4	237.1	4497.7	908.9	-69.0	
79.20	137.4	10.7	4.5	2.0	-84.5	56.3	32.7	-189.1	238.7	4436.0	836.9	-69.0	
79.25	137.9	10.5	5.0	2.0	-83.1	56.4	31.5	-185.0	239.6	4351.0	777.7	-65.8	
79.30	138.4	10.1	5.6	2.0	-82.6	56.5	29.6	-183.5	242.0	4329.8	697.5	-63.5	
79.35	139.0	9.9	5.8	2.0	-82.6	56.6	26.2	-181.5	245.4	4350.6	582.8	-62.6	
79.40	139.5	10.1	7.3	2.0	-82.1	56.7	25.7	-180.5	247.8	4324.1	508.3	-56.9	
79.45	140.0	10.2	8.7	2.0	-81.5	56.8	26.3	-179.1	250.3	4285.5	435.6	-51.6	
79.50	140.6	10.0	9.6	2.0	-81.6	56.9	25.1	-177.6	253.0	4310.7	326.3	-48.7	
79.55	141.1	9.5	10.1	2.0	-82.2	57.0	24.0	-178.9	254.2	4356.1	236.7	-47.6	
79.60	141.6	9.0	10.6	2.0	-82.7	57.1	22.2	-181.1	253.3	4390.1	154.4	-46.3	
79.65	142.2	8.6	11.1	2.0	-82.9	57.2	17.9	-179.3	253.2	4415.6	17.8	-44.7	
79.70	142.7	8.7	11.6	2.0	-82.9	57.3	13.5	-178.1	254.6	4422.4	-139.3	-43.3	
79.75	143.2	8.8	11.9	2.0	-82.7	57.4	10.7	-178.5	256.0	4399.1	-262.5	-41.9	
79.80	143.7	8.8	12.1	2.0	-82.4	57.5	7.7	-176.1	256.9	4373.0	-359.6	-41.0	
79.85	144.2	8.5	12.5	2.0	-81.6	57.6	7.4	-172.9	257.9	4320.2	-376.0	-38.7	
79.90	144.8	8.5	12.8	2.0	-80.3	57.7	11.9	-171.3	258.9	4231.3	-288.3	-36.3	
79.95	145.3	8.9	12.2	2.0	-79.1	57.8	16.2	-167.9	260.0	4155.7	-195.4	-37.2	
80.00	145.8	8.9	11.5	2.0	-77.7	57.9	18.7	-163.5	260.1	4063.4	-114.0	-38.2	
80.05	146.3	8.8	11.5	2.0	-75.8	58.0	19.9	-159.9	260.0	3929.2	-34.1	-36.3	
80.10	146.8	8.7	11.4	2.0	-74.1	58.1	18.1	-155.6	261.0	3814.0	-12.6	-35.0	
80.15	147.3	9.1	10.2	2.0	-73.1	58.2	15.1	-152.6	263.0	3749.0	-34.2	-38.2	
80.20	147.8	9.3	8.6	2.0	-72.6	58.3	14.6	-151.5	265.0	3708.2	-15.5	-43.2	
80.25	148.3	9.3	7.3	2.0	-72.2	58.4	17.3	-151.1	266.3	3681.3	86.9	-47.1	
80.30	148.8	9.8	6.6	2.0	-72.0	58.5	22.0	-150.7	267.9	3653.2	255.9	-49.3	
80.35	149.3	10.4	6.1	2.0	-71.6	58.6	27.9	-150.2	269.3	3601.4	459.6	-50.7	
80.40	149.8	10.8	5.8	2.0	-70.5	58.7	33.2	-146.0	269.6	3495.7	647.0	-50.5	
80.45	150.2	10.8	6.0	2.0	-68.5	58.8	36.6	-137.4	270.6	3337.6	768.8	-47.8	
80.50	150.7	10.4	6.3	2.0	-66.6	58.9	38.4	-131.5	273.5	3188.9	823.6	-45.0	
80.55	151.2	10.2	5.8	2.0	-65.4	59.0	37.9	-129.7	276.4	3099.2	829.9	-45.4	
80.60	151.7	10.4	5.1	2.0	-64.7	59.1	34.9	-127.7	276.7	3053.6	809.4	-47.2	
80.65	152.2	10.7	4.4	2.0	-63.9	59.2	33.7	-126.9	276.1	2999.6	811.0	-48.9	
80.70	152.7	10.7	3.5	2.0	-63.2	59.3	35.0	-127.0	277.5	2936.1	819.2	-51.2	
80.75	153.1	10.2	2.4	2.0	-61.9	59.4	34.7	-122.8	279.1	2854.7	795.0	-53.6	
80.80	153.6	10.2	2.3	2.0	-60.2	59.5	34.5	-119.3	277.8	2724.6	812.4	-52.3	
80.85	154.1	10.1	3.3	2.0	-58.7	59.6	34.5	-117.9	276.1	2600.2	839.0	-47.4	
80.90	154.6	9.6	3.6	2.0	-57.7	59.7	33.6	-114.1	277.9	2548.3	789.2	-45.4	
80.95	155.1	9.3	3.6	2.0	-57.3	59.8	35.3	-112.0	281.0	2536.2	744.7	-45.1	
81.00	155.5	9.1	3.8	2.0	-57.6	59.9	37.9	-113.8	281.9	2555.1	735.8	-44.5	
81.05	156.0	9.1	4.2	2.0	-58.8	60.0	36.0	-116.5	281.1	2653.2	682.0	-44.3	
81.10	156.5	9.7	4.3	2.0	-60.0	60.1	33.4	-120.1	280.0	2757.2	600.3	-45.1	
81.15	157.0	10.1	4.6	2.0	-60.2	60.2	32.7	-122.3	280.0	2789.2	506.4	-44.5	
81.20	157.4	10.2	5.5	2.0	-59.7	60.3	30.1	-119.2	280.4	2780.6	358.8	-40.9	
81.25	157.9	10.2	6.9	2.0	-59.0	60.4	25.6	-115.6	280.3	2762.2	189.8	-35.3	
81.30	158.3	10.3	8.2	2.0	-58.8	60.5	21.9	-116.0	280.2	2752.3	41.1	-30.7	
81.35	158.8	10.6	9.1	2.0	-58.9	60.6	18.9	-116.0	281.2	2762.7	-109.7	-27.7	
81.40	159.2	10.6	9.6	2.0	-59.0	60.7	18.1	-113.5	283.5	2766.1	-236.1	-26.0	
81.45	159.7	10.5	11.0	2.0	-58.6	60.8	19.8	-111.1	285.4	2734.8	-291.9	-20.8	
81.50	160.1	10.5	12.3	2.0	-58.2	60.9	19.9	-110.3	285.4	2707.3	-316.1	-16.1	
81.55	160.6	10.7	12.6	2.0	-58.1	61.0	17.3	-108.4	284.5	2698.1	-350.3	-14.8	
81.60	161.0	10.8	12.7	2.0	-57.4	61.1	16.1	-105.2	284.2	2657.1	-357.1	-13.7	
81.65	161.4	10.9	12.9	2.0	-56.5	61.2	16.7	-101.1	285.1	2598.2	-338.5	-12.1	
81.70	161.9	10.6	12.0	2.0	-56.2	61.3	16.6	-97.9	286.4	2591.7	-310.3	-14.9	
81.75	162.3	10.3	10.7	2.0	-56.6	61.4	17.3	-98.8	287.0	2622.3	-221.1	-19.8	
81.80	162.7	10.1	9.3	2.0	-56.7	61.5	21.2	-101.5	287.0	2633.2	-36.5	-24.8	
81.85	163.2	9.9	8.1	2.0	-56.0	61.6	27.0	-99.4	287.6	2574.1	189.8	-28.2	
81.90	163.6	9.8	7.2	2.0	-54.3	61.7	34.7	-93.2	288.7	2422.3	453.8	-29.7	
81.95	164.0	9.8	6.6	2.0	-52.6	61.8	41.3	-88.0	289.0	2228.9	720.4	-30.1	
82.00	164.4	10.1	5.6	2.0	-51.6	61.9	44.4	-84.5	288.1	2064.3	937.3	-32.3	
82.05	164.9	10.1	4.2	2.0	-50.4	62.0	44.8	-79.1	287.2	1906.1	1083.1	-36.0	
82.10	165.3	10.0	3.0	2.0	-49.2	62.1	46.2	-73.7	287.9	1741.1	1189.7	-38.9	
82.15	165.7	10.6	1.1	2.0	-48.4	62.2	47.4	-71.1	289.3	1627.4	1256.2	-44.8	
82.20	166.1	10.8	-0.8	2.0	-48.1	62.3	46.3	-70.7	289.8	1580.8	1282.3	-50.8	
82.25	166.5	10.7	-2.0	2.0	-47.8	62.4	45.2	-70.4	289.0	1531.6	1314.4	-54.6	
82.30	167.0	10.5	-1.8	2.0	-47.4	62.5	47.6	-68.1	288.8	1427.6	1382.4	-53.5	
82.35	167.4	11.0	-0.8	2.0	-46.6	62.6	50.9	-63.4	290.2	1309.0	1423.4	-49.4	
82.40	167.8	11.5	-0.2	2.0	-45.7	62.7	52.0	-60.0	291.5	1237.6	1399.7	-46.5	
82.45	168.2	11.2	0.4	2.0	-44.9	62.8	51.1	-60.9	290.9	1227.4	1325.7	-43.4	
82.50	168.6	11.1	1.1	2.0	-44.0	62.9	48.3	-62.9	290.4	1278.7	1175.3	-40.1	
82.55	169.0	11.2	1.2	2.0	-42.7	63.0	43.3	-63.4	292.4	1367.5	917.7	-38.6	
82.60	169.4	11.5	2.0	2.0	-41.2	63.1	37.8	-61.8	294.7	1408.5	624.2	-34.4	
82.65	169.7	11.6	3.3	2.0	-39.5	63.2	31.3	-60.2	294.0	1389.8	343.1	-28.4	
82.70	170.1	11.9	4.6	2.0	-38.4	63.3	22.7	-58.6	292.2	1358.3	56.7	-22.5	
82.75	170.5	12.5	6.6	2.0	-37.6	63.4	17.2	-56.0	292.1	1299.1	-173.1	-14.8	
82.80	170.9	12.5	9.0	2.0	-36.8	63.5	17.7	-53.6	293.3	1220.7	-294.4	-5.7	
82.85	171.3	12.6	10.9	2.0	-36.5	63.6	18.0	-50.5	293.7	1178.9	-391.4	0.9	
82.90	171.7	12.6	11.4	2.0	-37.0	63.7	15.3	-48.4	293.4	1180.1	-513.0	2.2	
82.95	172.0	12.5	11.7	2.0	-37.3	63.8	13.0	-48.4	293.6	1166.7	-612.7	2.7	
83.00	172.4	12.6	12.2	2.0	-37.3	63.9	11.4	-47.5	294.8	1129.8	-676.9	4.4	
83.05	172.8	12.7	12.2	2.0	-37.2	64.0	9.9	-45.6	295.7	1119.2	-695.0	4.8	
83.10	173.2	12.7	11.5	2.0	-36.6	64.1	10.5	-44.0	294.4	1118.1	-610.3	2.9	
83.15	173.5	12.5	10.0	2.0	-35.3	64.2	13.7	-42.8	291.9	1102.6	-423.8	-1.0	
83.20	173.9	12.4	8.2	2.0	-34.3	64.3	18.6	-42.2	291.2	1082.6	-198.5	-6.0	
83.25	174.3	12.1	6.6	2.0	-33.7	64.4	24.4	-42.3	292.7	1043.3	37.0	-10.9	
83.30	174.6	12.0	5.3	2.0	-33.3	64.5	29.6	-41.4	293.4	973.2	267.5	-15.3	
83.35	175.0	11.7	4.2	2.0	-33.0	64.6	32.4	-36.8	293.5	876.4	458.0	-18.5	
83.40	175.3	11.4	2.9	2.0	-32.5	64.7	34.7	-29.8	294.2	735.3	620.3	-22.6	
83.45	175.7	11.7	2.4	2.0	-32.7	64.8	38.2	-25.2	295.9	576.6	791.8	-24.7	
83.50	176.0	12.0	2.1	2.0	-33.8	64.9	40.6	-22.5	296.9	453.5	954.4	-26.6	
83.55	176.4	12.1	1.8	2.0	-35.3	65.0	41.8	-19.4	295.2	364.8	1113.6	-29.2	
83.60	176.7	11.8	1.3	2.0	-37.1	65.1	44.8	-16.3	293.5	286.6	1279.0	-32.7	
83.65	177.1	11.8	0.9	2.0	-38.5	65.2	47.6	-14.4	294.7	252.2	1385.0	-35.3	
83.70	177.4	12.0	0.6	2.0	-38.7	65.3	47.5	-12.3	296.8	255.8	1395.5	-36.5	
83.75	177.7	12.0	1.0	2.0	-38.4	65.4	46.6	-12.3	297.3	266.0	1378.4	-35.1	
83.80	178.1	12.1	1.5	2.0	-38.1	65.5	46.2	-11.6	297.3	265.4	1351.6	-33.0	
83.85	178.4	12.3	1.5	2.0	-37.3	65.6	45.5	-8.8	298.4	278.8	1291.9	-32.2	
83.90	178.7	12.7	2.2	2.0	-36.7	65.7	46.3	-6.5	299.3	273.4	1245.6	-29.0	
83.95	179.1	12.7	4.0	2.0	-36.1	65.8	47.1	-6.1	298.0	231.8	1206.3	-22.4	
84.00	179.4	12.5	4.4	2.0	-34.3	65.9	43.9	-5.4	296.1	197.9	1083.4	-19.1	
84.05	179.7	12.2	3.6	2.0	-31.4	66.0	38.4	-5.2	295.7	177.9	878.8	-19.0	
84.10	180.1	12.3	3.7	2.0	-28.0	66.1	33.1	-3.7	296.4	126.4	647.8	-15.4	
84.15	180.4	12.5	4.3	2.0	-24.6	66.2	27.7	-0.6	296.3	66.6	412.7	-9.8	
84.20	180.7	12.6	4.4	2.0	-21.5	66.3	22.2	1.9	295.5	31.0	194.8	-6.3	
84.25	181.1	12.4	5.1	2.0	-19.3	66.4	18.8	2.6	295.4	-10.0	37.1	-1.8	
84.30	181.4	12.0	6.4	2.0	-19.9	66.5	18.5	4.3	295.0	-79.2	-35.1	2.0	
84.35	181.7	11.5	7.8	2.0	-21.1	66.6	20.1	8.9	294.0	-166.3	-41.4	5.7	
84.40	182.0	11.4	9.2	2.0	-21.9	66.7	22.2	11.2	293.5	-225.1	-19.6	9.6	
84.45	182.4	11.5	9.4	2.0	-22.0	66.8	22.6	9.3	293.6	-226.9	-20.1	10.3	
84.50	182.7	11.5	8.3	2.0	-21.4	66.9	20.5	6.7	293.4	-188.4	-60.8	7.2	
84.55	183.0	11.3	7.1	2.0	-21.2	67.0	18.2	5.7	292.9	-152.7	-104.4	3.0	
84.60	183.3	11.3	6.2	2.0	-21.1	67.1	17.2	5.6	292.9	-137.2	-120.1	0.3	
84.65	183.6	11.4	5.7	2.0	-21.0	67.2	16.6	6.6	292.5	-143.1	-108.0	-1.4	
84.70	183.9	11.3	5.5	2.0	-21.4	67.3	16.7	9.5	291.4	-194.7	-46.3	-2.4	
84.75	184.2	11.4	6.4	2.0	-23.2	67.4	19.6	14.2	290.3	-310.8	89.4	-1.4	
84.80	184.5	11.6	7.9	2.0	-26.2	67.5	24.8	20.7	291.2	-461.2	264.3	0.9	
84.85	184.8	12.1	9.0	2.0	-29.4	67.6	30.2	27.2	293.0	-600.9	441.5	1.6	
84.90	185.1	11.9	9.4	2.0	-31.9	67.7	33.7	30.5	293.6	-699.5	594.4	0.4	
84.95	185.4	11.6	9.0	2.0	-33.4	67.8	34.8	31.6	292.9	-757.0	697.1	-2.4	
85.00	185.7	11.3	8.3	2.0	-34.3	67.9	34.5	33.6	292.8	-801.5	745.0	-5.9	
85.05	186.0	11.2	8.0	2.0	-35.5	68.0	34.4	37.2	293.1	-877.1	786.5	-7.9	
85.10	186.3	11.1	7.9	2.0	-36.9	68.1	34.4	40.8	292.3	-957.0	849.3	-9.9	
85.15	186.6	11.0	7.4	2.0	-38.3	68.2	34.1	43.9	290.4	-1016.0	924.6	-12.8	
85.20	186.9	11.0	7.1	2.0	-39.6	68.3	36.7	43.5	289.9	-1035.7	1042.7	-15.3	
85.25	187.2	11.1	7.2	2.0	-41.3	68.4	42.9	41.4	291.2	-1039.4	1203.3	-16.5	
85.30	187.5	11.0	7.2	2.0	-42.6	68.5	48.7	40.8	292.4	-1011.1	1342.3	-18.0	
85.35	187.8	11.6	6.8	2.0	-43.2	68.6	51.3	41.5	292.0	-977.4	1415.3	-20.0	
85.40	188.1	12.0	6.7	2.0	-43.4	68.7	51.5	41.0	290.7	-997.3	1416.3	-20.5	
85.45	188.4	12.0	6.9	2.0	-42.7	68.8	48.4	41.7	289.9	-1055.3	1310.6	-18.8	
85.50	188.7	12.0	7.2	2.0	-41.3	68.9	42.9	45.1	289.6	-1122.4	1122.2	-16.5	
85.55	189.0	12.1	7.8	2.0	-40.3	69.0	38.7	46.0	288.5	-1183.2	953.9	-13.7	
85.60	189.3	12.2	7.7	2.0	-39.1	69.1	35.6	44.0	287.4	-1189.0	808.9	-12.8	
85.65	189.6	12.0	7.1	2.0	-37.4	69.2	31.6	43.4	287.3	-1147.9	646.3	-12.9	
85.70	189.8	12.2	8.2	2.0	-36.5	69.3	30.6	43.4	288.0	-1134.9	527.7	-8.2	
85.75	190.1	12.8	10.9	2.0	-36.6	69.4	32.6	43.1	288.3	-1163.3	461.7	0.8	
85.80	190.4	12.6	12.6	2.0	-36.1	69.5	31.3	44.2	287.6	-1166.4	355.4	7.3	
85.85	190.7	12.3	13.2	2.0	-35.2	69.6	26.8	46.4	286.5	-1135.5	199.6	10.0	
85.90	191.0	11.9	14.2	2.0	-34.6	69.7	24.4	47.0	285.4	-1108.5	73.2	14.2	
85.95	191.2	11.5	15.5	2.0	-34.1	69.8	22.5	47.8	285.3	-1070.3	-43.6	19.2	
86.00	191.5	11.7	15.6	2.0	-33.4	69.9	19.3	48.3	285.2	-1005.7	-158.2	20.3	
86.05	191.8	12.1	15.2	2.0	-32.8	70.0	17.5	46.5	284.7	-962.5	-205.8	19.4	
86.10	192.0	12.5	14.7	2.0	-32.7	70.1	18.2	44.9	284.0	-961.8	-164.9	17.9	
86.15	192.3	12.5	14.8	2.0	-33.2	70.2	20.4	47.8	283.2	-1005.9	-72.5	17.6	
86.20	192.5	12.4	15.5	2.0	-34.5	70.3	24.2	52.7	282.7	-1086.1	58.6	18.6	
86.25	192.8	12.4	16.3	2.0	-36.3	70.4	28.3	56.9	282.6	-1188.4	204.0	19.8	
86.30	193.1	12.4	16.0	2.0	-37.7	70.5	30.2	59.9	282.3	-1262.6	328.4	17.2	
86.35	193.3	12.5	15.1	2.0	-39.0	70.6	31.3	62.8	281.8	-1319.0	453.9	12.7	
86.40	193.6	13.0	14.3	2.0	-40.6	70.7	34.8	64.4	281.9	-1374.4	622.0	8.5	
86.45	193.9	13.1	13.3	2.0	-42.2	70.8	39.9	63.4	283.3	-1399.0	813.6	3.6	
86.50	194.1	13.2	11.3	2.0	-43.3	70.9	43.3	62.4	283.8	-1377.5	1000.3	-4.4	
86.55	194.4	12.9	10.5	2.0	-45.2	71.0	46.7	62.8	281.4	-1386.0	1214.1	-9.3	
86.60	194.7	12.4	10.3	2.0	-47.9	71.1	51.6	63.2	278.9	-1444.7	1431.3	-12.6	
86.65	194.9	12.0	9.0	2.0	-49.5	71.2	54.5	64.0	279.9	-1493.4	1544.7	-18.7	
86.70	195.2	11.8	7.7	2.0	-49.9	71.3	54.8	64.1	282.1	-1508.0	1566.5	-23.3	
86.75	195.4	11.6	8.1	2.0	-50.0	71.4	54.7	61.7	280.7	-1514.7	1581.0	-22.2	
86.80	195.7	11.7	8.6	2.0	-50.1	71.5	54.4	62.5	279.4	-1541.1	1568.5	-20.4	
86.85	196.0	12.2	8.8	2.0	-50.0	71.6	53.7	66.5	281.2	-1582.9	1503.6	-19.7	
86.90	196.2	12.1	9.6	2.0	-50.3	71.7	54.4	68.5	283.1	-1652.8	1449.4	-17.3	
86.95	196.5	12.0	11.0	2.0	-50.6	71.8	53.7	68.4	280.7	-1730.2	1394.8	-12.8	
87.00	196.7	11.8	12.1	2.0	-49.8	71.9	49.0	69.6	276.9	-1768.6	1262.6	-8.3	
87.05	196.9	12.4	13.2	2.0	-48.9	72.0	44.1	72.5	277.1	-1812.2	1061.7	-3.4	
87.10	197.2	12.7	14.9	2.0	-48.2	72.1	41.7	74.5	278.9	-1855.9	859.2	3.0	
87.15	197.4	12.8	16.0	2.0	-47.1	72.2	37.1	76.5	278.5	-1857.8	632.0	7.9	
87.20	197.7	13.0	16.4	2.0	-45.4	72.3	30.3	75.8	276.5	-1806.9	400.6	10.8	
87.25	197.9	13.2	16.6	2.0	-44.1	72.4	27.4	72.1	276.3	-1743.5	254.4	12.8	
87.30	198.1	13.5	17.9	2.0	-43.6	72.5	29.0	71.9	276.6	-1711.0	207.3	18.0	
87.35	198.4	13.3	19.5	2.0	-43.8	72.6	31.5	76.0	275.7	-1709.9	213.9	23.3	
87.40	198.6	13.2	20.6	2.0	-43.8	72.7	33.0	76.3	274.0	-1710.6	231.4	26.9	
87.45	198.8	13.3	20.3	2.0	-43.2	72.8	31.2	72.4	272.9	-1680.9	198.7	26.4	
87.50	199.1	12.7	19.5	2.0	-42.7	72.9	26.5	72.2	272.7	-1660.6	109.2	24.2	
87.55	199.3	12.4	20.0	2.0	-43.3	73.0	24.7	75.9	272.4	-1693.8	62.9	25.3	
87.60	199.5	12.2	20.6	2.0	-44.1	73.1	25.8	78.5	272.7	-1749.1	79.9	26.6	
87.65	199.7	12.4	19.8	2.0	-44.4	73.2	25.6	78.1	273.1	-1769.3	114.8	23.7	
87.70	200.0	12.5	18.3	2.0	-44.9	73.3	25.0	78.6	271.9	-1799.5	201.7	17.9	
87.75	200.2	12.6	18.6	2.0	-46.9	73.4	29.8	82.0	270.2	-1907.5	406.9	17.1	
87.80	200.4	12.6	20.0	2.0	-49.6	73.5	38.1	86.2	271.1	-2027.1	655.9	19.2	
87.85	200.6	12.3	19.7	2.0	-50.7	73.6	43.6	87.0	273.5	-2041.7	842.2	16.9	
87.90	200.8	12.3	17.4	2.0	-50.5	73.7	44.9	83.9	272.8	-1972.9	977.2	9.2	
87.95	201.1	12.6	15.2	2.0	-50.4	73.8	45.1	81.6	270.4	-1912.5	1086.6	1.8	
88.00	201.3	13.0	15.0	2.0	-50.8	73.9	45.4	82.6	270.2	-1907.2	1147.3	0.7	
88.05	201.5	12.9	14.5	2.0	-51.5	74.0	45.7	85.9	272.0	-1944.5	1174.2	-1.7	
88.10	201.7	12.5	14.1	2.0	-52.4	74.1	45.6	88.6	271.4	-1989.6	1216.2	-4.2	
88.15	201.9	12.3	14.1	2.0	-53.6	74.2	46.0	90.2	268.4	-2038.3	1300.7	-5.0	
88.20	202.1	12.1	14.6	2.0	-54.8	74.3	48.6	90.1	267.2	-2073.1	1403.4	-4.5	
88.25	202.3	12.1	14.9	2.0	-55.6	74.4	52.5	89.7	269.1	-2092.3	1472.2	-4.5	
88.30	202.5	12.3	15.9	2.0	-56.2	74.5	54.5	91.7	270.1	-2133.4	1478.6	-1.6	
88.35	202.7	12.8	17.5	2.0	-56.6	74.6	53.3	95.3	268.4	-2206.5	1422.3	3.3	
88.40	202.9	13.3	18.3	2.0	-56.9	74.7	49.1	99.0	266.8	-2302.2	1289.5	5.9	
88.45	203.1	13.5	18.9	2.0	-56.9	74.8	42.7	103.4	267.0	-2401.4	1087.3	8.0	
88.50	203.3	13.3	20.6	2.0	-57.2	74.9	37.2	108.4	266.6	-2496.7	899.3	13.6	
88.55	203.5	13.2	22.5	2.0	-57.7	75.0	35.7	110.9	264.5	-2561.5	800.8	19.5	
88.60	203.7	13.2	22.7	2.0	-57.0	75.1	35.4	109.5	263.3	-2533.6	734.5	20.9	
88.65	203.9	13.2	21.9	2.0	-55.5	75.2	34.2	106.3	263.9	-2449.5	654.6	19.5	
88.70	204.1	13.2	22.0	2.0	-54.8	75.3	34.5	103.0	263.8	-2414.3	605.6	20.7	
88.75	204.3	13.4	23.4	2.0	-55.1	75.4	34.6	102.1	262.5	-2454.2	554.7	25.2	
88.80	204.5	12.8	24.7	2.0	-55.4	75.5	31.3	104.6	262.6	-2498.8	424.0	29.6	
88.85	204.7	12.7	25.6	2.0	-55.6	75.6	26.7	107.8	263.5	-2534.5	266.8	32.3	
88.90	204.9	12.9	26.6	2.0	-56.3	75.7	24.6	109.3	261.8	-2587.9	190.8	35.1	
88.95	205.1	12.9	26.6	2.0	-56.6	75.8	22.7	109.8	259.6	-2617.2	148.8	34.8	
89.00	205.3	12.4	25.6	2.0	-56.3	75.9	20.1	108.7	259.5	-2597.6	93.1	31.7	
89.05	205.5	11.9	25.4	2.0	-56.3	76.0	20.7	106.7	260.4	-2603.7	99.1	31.0	
89.10	205.7	11.7	26.5	2.0	-57.4	76.1	23.9	107.9	259.4	-2678.8	187.7	33.4	
89.15	205.8	11.6	27.6	2.0	-59.1	76.2	25.1	113.5	258.4	-2786.3	262.4	35.5	
89.20	206.0	11.5	27.6	2.0	-60.5	76.3	25.1	117.7	259.2	-2872.9	304.4	34.4	
89.25	206.2	11.2	27.3	2.0	-61.1	76.4	26.1	117.8	259.5	-2911.4	359.0	32.8	
89.30	206.4	11.6	27.4	2.0	-61.2	76.5	27.5	118.0	257.4	-2911.0	436.3	32.7	
89.35	206.6	11.8	26.5	2.0	-60.8	76.6	29.5	118.4	255.5	-2860.5	529.0	30.3	
89.40	206.7	11.8	24.5	2.0	-60.0	76.7	32.0	117.8	256.4	-2784.0	626.3	24.1	
89.45	206.9	11.4	23.1	2.0	-59.8	76.8	33.7	116.5	256.4	-2740.8	726.9	19.6	
89.50	207.1	11.2	23.3	2.0	-60.6	76.9	34.5	117.2	253.7	-2774.5	827.1	19.6	
89.55	207.3	11.2	24.6	2.0	-62.3	77.0	35.8	120.9	252.8	-2870.5	914.8	22.4	
89.60	207.4	11.2	25.3	2.0	-63.8	77.1	39.1	124.4	255.1	-2952.2	997.3	22.9	
89.65	207.6	11.2	25.2	2.0	-64.6	77.2	41.7	127.1	255.6	-2978.5	1073.8	21.9	
89.70	207.8	11.4	24.7	2.0	-64.9	77.3	41.9	128.9	252.4	-2975.7	1132.5	19.8	
89.75	208.0	11.6	24.4	2.0	-65.0	77.4	41.7	128.7	250.6	-2984.1	1150.5	18.8	
89.80	208.1	11.9	24.4	2.0	-65.3	77.5	41.9	128.6	252.8	-3014.3	1122.5	18.5	
89.85	208.3	12.1	25.2	2.0	-66.1	77.6	41.9	132.2	254.7	-3076.3	1087.9	20.4	
89.90	208.5	12.3	26.6	2.0	-67.0	77.7	41.8	135.9	253.1	-3140.8	1096.5	24.3	
89.95	208.7	12.2	27.0	2.0	-67.3	77.8	41.4	135.6	251.4	-3163.0	1108.9	25.4	
90.00	208.8	12.1	26.3	2.0	-66.8	77.9	39.9	134.4	252.0	-3143.6	1065.1	23.5	
90.05	209.0	12.0	25.7	2.0	-66.0	78.0	39.5	132.3	252.3	-3098.5	1014.0	22.4	
90.10	209.2	11.6	26.0	2.0	-65.0	78.1	39.9	129.0	250.8	-3043.8	974.0	24.3	
90.15	209.4	11.4	25.7	2.0	-63.7	78.2	37.8	125.8	249.4	-2976.7	891.2	24.6	
90.20	209.5	11.3	25.3	2.0	-62.8	78.3	33.4	126.7	249.0	-2946.7	759.0	24.1	
90.25	209.7	11.1	26.3	2.0	-63.1	78.4	31.0	129.8	248.9	-2989.6	652.2	27.0	
90.30	209.9	10.9	28.2	2.0	-63.9	78.5	31.1	131.3	249.0	-3061.7	589.6	32.8	
90.35	210.1	11.1	29.5	2.0	-64.3	78.6	30.2	132.2	249.3	-3098.7	530.8	37.1	
90.40	210.2	11.2	29.5	2.0	-64.0	78.7	29.1	131.9	248.1	-3081.1	495.5	37.3	
90.45	210.4	11.2	29.8	2.0	-63.9	78.8	29.4	131.2	245.5	-3080.9	494.8	38.4	
90.50	210.6	11.1	30.8	2.0	-64.5	78.9	29.0	132.2	243.9	-3129.0	456.5	41.2	
90.55	210.7	10.9	31.5	2.0	-65.1	79.0	25.7	134.6	244.6	-3183.3	328.5	43.2	
90.60	210.9	10.7	32.4	2.0	-65.9	79.1	21.8	138.5	244.6	-3250.7	203.0	45.3	
90.65	211.0	10.6	33.3	2.0	-66.8	79.2	20.9	141.4	242.7	-3312.6	169.4	47.6	
90.70	211.2	10.4	34.0	2.0	-67.2	79.3	21.8	143.5	242.6	-3335.5	180.1	49.4	
90.75	211.4	10.1	33.4	2.0	-66.7	79.4	23.8	143.2	244.4	-3294.9	216.9	47.8	
90.80	211.5	9.9	33.4	2.0	-66.4	79.5	28.0	142.0	244.1	-3261.2	329.7	48.2	
90.85	211.7	10.5	33.9	2.0	-66.4	79.6	33.1	140.8	241.4	-3248.0	486.8	50.0	
90.90	211.8	10.6	33.3	2.0	-66.5	79.7	34.8	140.8	240.7	-3236.9	572.8	47.7	
90.95	212.0	10.3	32.0	2.0	-66.6	79.8	33.5	141.9	242.0	-3242.6	582.7	43.4	
91.00	212.2	10.7	31.6	2.0	-67.2	79.9	32.9	142.8	241.5	-3279.9	592.9	41.2	
91.05	212.3	11.2	31.7	2.0	-67.9	80.0	32.7	145.1	240.1	-3327.3	612.6	41.1	
91.10	212.5	11.6	30.7	2.0	-68.0	80.1	33.4	145.9	241.9	-3326.8	651.8	37.4	
91.15	212.7	11.3	28.8	2.0	-67.6	80.2	36.8	143.1	244.4	-3271.3	762.9	31.2	
91.20	212.8	11.2	27.8	2.0	-67.8	80.3	42.0	141.7	242.8	-3235.3	967.4	27.6	
91.25	213.0	11.2	28.2	2.0	-69.0	80.4	48.2	142.3	239.9	-3247.2	1200.1	27.9	
91.30	213.1	11.2	28.1	2.0	-69.8	80.5	53.1	142.1	241.9	-3247.3	1353.1	26.6	
91.35	213.3	11.6	27.6	2.0	-70.1	80.6	54.9	141.6	244.2	-3234.1	1430.3	24.6	
91.40	213.4	12.2	27.5	2.0	-70.4	80.7	53.9	142.9	240.9	-3240.2	1471.5	24.1	
91.45	213.6	12.7	26.8	2.0	-70.0	80.8	51.0	143.2	238.5	-3224.4	1443.7	22.0	
91.50	213.7	13.4	24.8	2.0	-68.8	80.9	48.1	140.2	241.0	-3170.5	1361.8	16.2	
91.55	213.9	14.1	23.8	2.0	-68.0	81.0	46.8	139.2	242.0	-3134.9	1313.4	13.8	
91.60	214.0	14.4	25.3	2.0	-68.6	81.1	47.8	142.6	238.6	-3161.9	1343.8	18.2	
91.65	214.2	14.3	27.4	2.0	-69.6	81.2	50.7	144.6	236.5	-3206.8	1406.2	24.4	
91.70	214.3	14.1	28.9	2.0	-69.8	81.3	52.7	145.2	238.2	-3209.8	1422.2	29.6	
91.75	214.5	13.4	28.3	2.0	-69.0	81.4	52.3	145.5	238.2	-3161.9	1374.0	28.0	
91.80	214.6	13.2	29.4	2.0	-67.9	81.5	51.0	145.2	235.3	-3119.0	1290.8	32.9	
91.85	214.7	13.2	30.2	2.0	-66.7	81.6	47.8	143.2	234.6	-3089.6	1126.4	37.1	
91.90	214.9	13.7	29.8	2.0	-65.0	81.7	40.5	142.0	236.8	-3050.1	849.9	37.3	
91.95	215.0	14.1	29.7	2.0	-63.9	81.8	32.2	142.9	236.0	-3032.5	578.4	38.0	
92.00	215.1	14.3	31.3	2.0	-63.7	81.9	27.8	143.4	232.3	-3055.1	413.7	43.7	
92.05	215.3	13.9	32.8	2.0	-63.4	82.0	26.5	142.0	231.6	-3048.2	299.1	49.0	
92.10	215.4	14.2	33.4	2.0	-62.8	82.1	25.6	141.7	233.8	-3010.4	192.1	51.7	
92.15	215.5	14.6	35.0	2.0	-63.0	82.2	26.9	143.5	233.5	-3022.4	164.1	57.3	
92.20	215.7	15.2	37.3	2.0	-63.7	82.3	29.8	144.3	232.0	-3072.1	185.3	64.4	
92.25	215.8	14.8	38.2	2.0	-64.2	82.4	28.9	145.3	233.6	-3108.8	123.7	67.0	
92.30	215.9	14.6	37.8	2.0	-64.5	82.5	24.9	147.0	235.6	-3132.2	12.6	65.3	
92.35	216.1	14.4	38.3	2.0	-65.2	82.6	23.8	148.6	234.3	-3178.4	-14.2	66.4	
92.40	216.2	14.3	38.3	2.0	-65.6	82.7	24.8	148.2	232.0	-3211.7	26.9	65.8	
92.45	216.3	14.1	36.0	2.0	-65.4	82.8	23.3	147.5	232.2	-3194.9	47.6	58.3	
92.50	216.4	13.9	33.9	2.0	-65.1	82.9	23.6	147.0	233.0	-3176.7	130.6	51.4	
92.55	216.5	13.6	33.6	2.0	-65.6	83.0	29.7	146.2	231.5	-3195.6	361.4	49.7	
92.60	216.6	13.8	33.7	2.0	-66.7	83.1	36.9	147.3	230.7	-3232.4	631.4	48.8	
92.65	216.8	14.0	32.4	2.0	-67.8	83.2	41.3	149.6	232.8	-3257.4	839.4	43.4	
92.70	216.9	13.8	31.1	2.0	-69.1	83.3	46.0	150.5	233.7	-3292.0	1052.1	37.8	
92.75	217.0	13.7	30.7	2.0	-70.6	83.4	51.0	150.1	231.1	-3329.9	1281.8	34.9	
92.80	217.1	13.8	29.7	2.0	-71.6	83.5	52.4	151.7	229.3	-3345.6	1426.2	30.5	
92.85	217.2	14.5	28.3	2.0	-72.3	83.6	52.6	154.2	230.2	-3361.8	1506.1	24.8	
92.90	217.3	14.9	27.9	2.0	-73.6	83.7	54.5	155.9	230.4	-3418.5	1607.0	22.2	
92.95	217.4	15.0	27.4	2.0	-75.0	83.8	55.8	157.3	228.5	-3476.6	1709.0	19.3	
93.00	217.5	14.9	26.4	2.0	-75.4	83.9	54.7	158.3	227.6	-3492.9	1751.1	15.2	
93.05	217.6	14.7	26.2	2.0	-75.8	84.0	55.1	159.2	228.8	-3506.6	1781.2	14.2	
93.10	217.6	14.7	27.8	2.0	-76.5	84.1	58.8	159.6	228.9	-3529.4	1840.3	18.8	
93.15	217.7	15.0	29.2	2.0	-76.5	84.2	60.0	160.5	227.2	-3530.0	1828.8	23.6	
93.20	217.8	14.6	29.1	2.0	-75.2	84.3	55.1	160.9	226.5	-3505.2	1666.7	24.8	
93.25	217.9	14.4	29.6	2.0	-73.8	84.4	49.0	159.8	227.1	-3508.6	1430.5	27.8	
93.30	218.0	14.3	31.5	2.0	-73.4	84.5	45.2	160.5	226.9	-3557.4	1214.6	34.9	
93.35	218.1	14.3	33.9	2.0	-73.1	84.6	40.5	164.4	226.0	-3598.0	987.9	43.2	
93.40	218.2	14.5	35.1	2.0	-72.2	84.7	34.2	165.9	226.8	-3588.4	728.6	48.2	
93.45	218.3	14.6	36.1	2.0	-71.4	84.8	29.6	162.4	226.9	-3575.4	513.5	52.6	
93.50	218.3	14.5	38.4	2.0	-71.6	84.9	27.0	161.3	225.0	-3610.3	361.9	60.4	
93.55	218.4	14.4	40.7	2.0	-71.7	85.0	24.8	163.1	223.8	-3629.6	210.7	68.1	
93.60	218.5	14.2	41.6	2.0	-71.2	85.1	21.8	163.8	225.0	-3598.9	27.1	71.5	
93.65	218.6	13.7	42.2	2.0	-70.8	85.2	18.2	162.0	225.4	-3572.2	-146.6	74.0	
93.70	218.6	13.4	43.2	2.0	-70.7	85.3	14.3	161.5	222.8	-3561.4	-281.8	77.4	
93.75	218.7	13.1	43.9	2.0	-70.8	85.4	10.7	164.0	221.5	-3546.5	-395.0	80.1	
93.80	218.8	12.9	43.5	2.0	-70.6	85.5	10.5	165.4	223.6	-3520.8	-433.5	78.9	
93.85	218.8	12.5	43.3	2.0	-70.0	85.6	13.5	163.9	223.9	-3491.6	-356.8	78.5	
93.90	218.9	12.4	43.0	2.0	-69.4	85.7	15.7	163.1	220.6	-3462.9	-222.4	78.0	
93.95	219.0	12.5	41.5	2.0	-68.7	85.8	17.6	162.8	218.6	-3417.5	-76.8	73.9	
94.00	219.0	12.5	40.0	2.0	-68.4	85.9	21.9	162.5	220.1	-3392.0	94.7	69.0	
94.05	219.1	12.7	38.6	2.0	-68.7	86.0	27.0	163.0	221.0	-3396.9	286.7	63.7	
94.10	219.1	12.8	37.3	2.0	-69.1	86.1	28.4	165.4	219.0	-3406.3	442.5	59.0	
94.15	219.2	12.7	35.3	2.0	-69.5	86.2	28.1	166.6	218.1	-3411.9	568.4	51.8	
94.20	219.3	12.2	33.4	2.0	-70.2	86.3	31.5	166.0	219.6	-3433.6	741.4	44.4	
94.25	219.3	11.8	32.5	2.0	-71.4	86.4	36.9	167.6	220.3	-3465.1	963.2	40.2	
94.30	219.4	11.8	32.2	2.0	-72.4	86.5	41.6	169.7	219.2	-3467.2	1188.8	38.1	
94.35	219.4	11.3	32.1	2.0	-73.2	86.6	46.2	168.5	218.6	-3452.7	1396.8	36.9	
94.40	219.5	10.9	31.9	2.0	-74.3	86.7	50.5	167.3	218.8	-3467.8	1572.5	35.4	
94.45	219.5	11.0	31.7	2.0	-75.2	86.8	52.4	169.0	218.7	-3491.6	1667.9	33.8	
94.50	219.6	11.0	31.3	2.0	-75.6	86.9	52.4	170.8	219.2	-3514.6	1676.7	31.8	
94.55	219.6	10.7	30.9	2.0	-75.6	87.0	51.3	170.0	219.9	-3539.7	1636.9	30.6	
94.60	219.7	10.3	30.8	2.0	-75.5	87.1	48.3	169.0	219.5	-3569.8	1555.8	30.4	
94.65	219.7	10.1	30.8	2.0	-75.2	87.2	44.8	169.6	217.8	-3595.6	1445.1	30.6	
94.70	219.8	9.9	31.7	2.0	-75.2	87.3	43.7	170.3	217.7	-3635.9	1338.9	33.6	
94.75	219.8	9.7	33.4	2.0	-75.8	87.4	44.4	170.6	219.4	-3713.6	1248.7	39.0	
94.80	219.9	10.3	35.3	2.0	-76.7	87.5	41.9	173.2	218.5	-3812.7	1130.8	44.5	
94.85	219.9	10.7	36.7	2.0	-77.3	87.6	36.8	176.9	215.9	-3902.4	956.5	48.7	
94.90	220.0	11.0	39.4	2.0	-77.5	87.7	33.8	177.3	216.1	-3962.9	753.3	57.9	
94.95	220.0	10.7	41.7	2.0	-77.9	87.8	31.8	176.8	218.3	-4026.8	544.5	65.3	
95.00	220.0	10.2	43.1	2.0	-78.3	87.9	27.0	178.9	217.3	-4083.1	334.8	69.5	
95.05	220.1	9.6	43.6	2.0	-78.4	88.0	20.0	179.9	214.0	-4100.0	121.9	71.2	
95.10	220.1	9.2	44.5	2.0	-78.3	88.1	16.5	177.9	213.3	-4102.7	-40.5	74.5	
95.15	220.2	8.9	45.6	2.0	-78.3	88.2	16.5	177.0	214.7	-4107.0	-125.8	78.1	
95.20	220.2	8.8	46.7	2.0	-78.5	88.3	16.2	180.0	214.5	-4105.5	-168.9	81.8	
95.25	220.2	9.1	47.4	2.0	-78.2	88.4	15.8	181.2	213.4	-4082.8	-187.9	84.6	
95.30	220.2	9.6	47.5	2.0	-77.8	88.5	16.6	178.5	213.3	-4059.6	-168.1	85.4	
95.35	220.3	10.2	46.7	2.0	-77.6	88.6	16.6	178.2	213.2	-4047.1	-133.7	82.7	
95.40	220.3	10.4	45.6	2.0	-77.5	88.7	16.1	180.3	212.9	-4037.6	-107.3	78.9	
95.45	220.3	10.4	45.1	2.0	-77.5	88.8	17.9	180.0	213.5	-4038.0	-43.8	77.4	
95.50	220.4	10.3	44.4	2.0	-77.7	88.9	21.1	178.7	214.1	-4050.0	79.4	74.9	
95.55	220.4	9.9	42.9	2.0	-77.7	89.0	23.0	179.3	214.1	-4048.3	220.9	69.4	
95.60	220.4	9.9	41.7	2.0	-78.0	89.1	25.4	181.5	214.4	-4045.0	385.1	65.1	
95.65	220.4	10.0	41.4	2.0	-78.5	89.2	32.1	181.8	215.9	-4056.7	618.7	63.6	
95.70	220.5	10.2	40.9	2.0	-79.2	89.3	39.4	181.3	216.9	-4057.0	871.5	61.0	
95.75	220.5	10.5	38.7	2.0	-78.9	89.4	42.0	181.2	216.3	-3991.1	1049.3	53.9	
95.80	220.5	10.5	36.4	2.0	-77.9	89.5	42.9	178.4	215.7	-3883.9	1169.5	47.2	
95.85	220.6	10.1	35.0	2.0	-77.2	89.6	46.6	173.3	215.8	-3797.8	1302.2	43.0	
95.90	220.6	10.3	33.5	2.0	-76.8	89.7	49.0	171.0	215.9	-3732.2	1402.7	38.2	
95.95	220.6	10.4	31.5	2.0	-75.9	89.8	47.3	170.8	216.0	-3663.8	1414.4	32.1	
96.00	220.6	10.3	30.8	2.0	-75.4	89.9	47.2	168.7	216.2	-3623.0	1425.0	30.3	
96.05	220.6	10.4	31.9	2.0	-75.9	90.0	50.8	166.9	216.1	-3636.3	1501.4	33.6	
96.10	220.6	10.5	33.4	2.0	-76.9	90.1	53.7	170.3	215.7	-3672.8	1568.3	37.8	
96.15	220.7	10.9	33.8	2.0	-77.1	90.2	54.2	173.8	216.2	-3685.3	1554.7	39.0	
96.20	220.7	10.9	34.8	2.0	-77.2	90.3	54.0	172.8	216.4	-3722.2	1496.3	42.4	
96.25	220.7	10.8	36.3	2.0	-77.9	90.4	52.7	172.5	215.0	-3810.1	1415.6	46.8	
96.30	220.7	10.6	14.9	1.5	-78.0	90.5	47.4	175.3	214.4	-3876.7	1238.5	38.0	
96.35	220.7	10.6	20.1	1.1	-77.5	90.5	40.9	177.9	216.0	-3906.7	997.3	39.8	
96.40	220.7	10.6	25.6	0.8	-77.3	90.6	37.8	176.4	216.5	-3938.9	822.6	46.7	
96.45	220.7	10.5	30.4	0.6	-77.4	90.6	36.0	175.4	214.6	-3966.9	712.9	53.9	
96.50	220.7	10.2	33.2	0.5	-76.8	90.7	32.3	177.0	213.9	-3943.3	581.9	57.2	
96.55	220.7	10.2	35.4	0.3	-76.0	90.7	31.6	176.8	215.5	-3898.2	491.4	60.6	
96.60	220.7	10.4	39.2	0.3	-75.9	90.7	35.5	174.7	216.0	-3888.6	504.6	69.8	
96.65	220.7	10.5	42.1	0.2	-75.9	90.7	35.9	174.7	214.6	-3889.5	487.6	77.0	
96.70	220.7	10.7	42.0	0.1	-75.3	90.7	30.2	175.3	214.4	-3859.6	345.1	75.1	
96.75	220.7	11.0	41.6	0.1	-74.7	90.7	26.4	172.8	216.0	-3837.4	197.8	72.7	
96.80	220.7	11.4	42.2	0.1	-74.9	90.7	26.1	170.4	216.7	-3861.1	133.3	73.3	
96.85	220.7	11.5	41.9	0.1	-75.2	90.7	23.9	171.5	216.0	-3885.5	91.5	71.0	
96.90	220.7	11.3	40.7	0.0	-75.1	90.7	20.5	172.0	216.1	-3871.8	51.4	66.6	
96.95	220.7	10.9	40.9	0.0	-75.3	90.7	22.3	170.4	216.5	-3891.6	121.5	66.6	
97.00	220.7	10.8	42.8	0.0	-76.5	90.7	29.0	171.4	216.2	-3965.9	310.8	71.5	
97.05	220.7	10.8	43.0	0.0	-77.2	90.7	33.7	175.1	217.2	-3993.0	467.6	71.3	
97.10	220.7	11.0	41.9	0.0	-76.7	90.7	35.3	175.7	218.8	-3939.5	560.9	67.8	
97.15	220.7	10.8	41.1	0.0	-75.8	90.7	37.2	171.8	218.3	-3865.3	666.5	65.6	
97.20	220.7	10.5	39.7	0.0	-75.0	90.7	38.1	168.5	216.7	-3795.5	747.1	61.6	
97.25	220.7	10.5	37.0	0.0	-73.9	90.7	36.7	167.2	216.9	-3711.7	756.2	53.6	
97.30	220.7	10.4	34.8	0.0	-73.2	90.7	36.3	165.8	218.6	-3655.2	774.2	46.3	
97.35	220.7	10.2	34.8	0.0	-73.2	90.7	39.2	164.1	218.0	-3637.7	893.7	46.5	
97.40	220.7	10.0	34.9	0.0	-73.4	90.7	41.8	163.7	215.7	-3607.7	1047.5	46.6	
97.45	220.7	9.2	33.8	0.0	-72.9	90.7	43.1	163.0	215.8	-3544.4	1150.1	43.2	
97.50	220.6	8.9	33.1	0.0	-72.6	90.7	46.5	160.3	217.9	-3491.4	1242.3	41.0	
97.55	220.6	9.0	33.8	0.0	-72.9	90.7	50.5	158.5	218.3	-3481.8	1328.2	43.3	
97.60	220.6	9.7	34.4	0.0	-73.3	90.7	49.8	160.8	217.2	-3509.9	1327.9	44.8	
97.65	220.6	10.0	34.6	0.0	-74.0	90.7	46.3	165.9	217.5	-3581.6	1250.8	44.8	
97.70	220.6	10.1	35.7	0.0	-75.1	90.7	44.6	169.4	218.7	-3684.6	1175.9	47.3	
97.75	220.6	9.9	37.0	0.0	-76.1	90.7	44.1	171.3	219.1	-3772.7	1129.9	50.9	
97.80	220.5	9.7	37.2	0.0	-76.1	90.7	42.4	171.6	218.6	-3785.1	1077.6	51.8	
97.85	220.5	9.7	37.0	0.0	-75.0	90.7	40.7	168.9	218.5	-3729.2	1020.3	51.9	
97.90	220.5	10.0	37.2	0.0	-74.0	90.7	41.4	165.0	218.7	-3667.7	1001.1	53.8	
97.95	220.5	10.4	38.1	0.0	-73.5	90.7	41.9	164.1	218.3	-3633.1	976.8	57.2	
98.00	220.4	10.8	38.3	0.0	-72.9	90.7	39.4	164.4	218.2	-3612.9	876.2	58.6	
98.05	220.4	11.2	38.9	0.0	-72.5	90.7	35.1	164.9	218.9	-3622.5	713.8	61.2	
98.10	220.4	11.1	39.8	0.0	-72.4	90.7	31.4	164.5	218.8	-3645.6	565.3	64.1	
98.15	220.4	10.9	40.2	0.0	-72.1	90.7	28.5	164.0	217.7	-3641.7	447.5	65.8	
98.20	220.3	10.7	40.1	0.0	-71.6	90.7	25.7	163.6	217.8	-3617.4	336.5	66.1	
98.25	220.3	10.1	40.4	0.0	-71.4	90.7	24.5	161.9	218.3	-3614.9	267.1	67.2	
98.30	220.3	9.8	41.4	0.0	-72.1	90.7	25.2	161.8	217.8	-3663.8	259.1	70.0	
98.35	220.3	9.9	42.8	0.0	-73.3	90.7	25.2	165.2	216.9	-3748.0	262.2	73.7	
98.40	220.2	9.9	43.8	0.0	-74.4	90.7	24.3	168.6	217.6	-3821.5	240.9	76.1	
98.45	220.2	10.2	44.3	0.0	-75.1	90.7	24.0	169.3	218.7	-3870.5	221.5	76.9	
98.50	220.2	10.6	44.5	0.0	-75.3	90.7	23.4	170.0	217.7	-3892.3	212.0	77.3	
98.55	220.1	10.6	43.7	0.0	-74.9	90.7	21.2	170.8	216.6	-3859.8	185.6	75.1	
98.60	220.1	10.3	41.9	0.0	-73.9	90.7	20.0	169.6	217.3	-3788.1	163.7	70.1	
98.65	220.1	10.0	40.8	0.0	-73.1	90.7	21.6	167.2	218.2	-3728.1	211.7	67.1	
98.70	220.0	9.8	41.1	0.0	-72.9	90.7	24.8	167.4	217.1	-3705.5	330.6	68.2	
98.75	220.0	9.8	40.8	0.0	-72.9	90.7	27.4	169.6	216.9	-3682.3	445.8	67.2	
98.80	220.0	9.8	39.8	0.0	-72.2	90.7	29.4	168.3	218.9	-3621.8	535.2	64.3	
98.85	219.9	9.5	39.5	0.0	-72.1	90.7	32.5	166.3	219.4	-3600.5	655.9	63.3	
98.90	219.9	9.3	39.1	0.0	-72.7	90.7	34.8	167.4	217.6	-3615.9	774.0	61.4	
98.95	219.8	9.1	38.0	0.0	-73.0	90.7	34.3	169.5	217.8	-3626.5	807.6	57.5	
99.00	219.8	8.9	36.7	0.0	-73.0	90.7	33.4	168.9	219.6	-3628.0	806.5	53.0	
99.05	219.8	8.7	36.3	0.0	-73.6	90.7	33.8	169.0	219.1	-3667.0	847.0	51.1	
99.10	219.7	8.8	37.0	0.0	-74.8	90.7	34.9	172.2	217.9	-3738.4	910.0	52.2	
99.15	219.7	9.0	37.1	0.0	-75.6	90.7	36.1	173.9	219.4	-3781.4	950.9	51.9	
99.20	219.7	8.7	37.2	0.0	-76.0	90.7	39.0	173.1	222.1	-3793.2	1012.8	51.7	
99.25	219.6	9.0	37.8	0.0	-76.3	90.7	41.9	171.5	221.3	-3796.8	1106.2	53.4	
99.30	219.6	9.3	38.0	0.0	-76.2	90.7	42.5	169.4	219.2	-3777.9	1148.6	54.2	
99.35	219.6	8.7	36.9	0.0	-75.2	90.7	40.8	165.7	219.6	-3727.3	1096.0	51.4	
99.40	219.5	8.7	36.3	0.0	-74.6	90.7	38.4	164.3	220.7	-3712.8	1003.8	50.2	
99.45	219.5	8.7	37.2	0.0	-74.9	90.7	35.4	166.6	218.7	-3756.9	920.7	52.9	
99.50	219.4	8.5	38.0	0.0	-75.4	90.7	31.1	169.6	217.4	-3814.0	794.4	55.1	
99.55	219.4	8.8	38.5	0.0	-75.7	90.7	27.5	171.1	219.4	-3866.9	646.3	56.5	
99.60	219.3	9.0	39.7	0.0	-76.7	90.7	27.3	173.4	220.3	-3940.5	589.9	59.7	
99.65	219.3	9.1	41.4	0.0	-77.6	90.7	29.0	176.2	219.3	-3997.7	610.7	64.5	
99.70	219.3	9.3	42.2	0.0	-77.4	90.7	29.8	175.1	218.9	-3992.3	603.3	67.3	
99.75	219.2	9.2	42.5	0.0	-77.0	90.7	29.4	172.0	219.0	-3974.4	554.2	69.0	
99.80	219.2	8.7	42.9	0.0	-77.1	90.7	28.9	171.5	217.9	-3991.4	503.6	70.0	
99.85	219.1	8.4	43.5	0.0	-78.0	90.7	26.3	174.7	217.7	-4060.2	404.7	71.3	
99.90	219.1	8.3	44.4	0.0	-78.7	90.7	21.7	176.7	219.0	-4127.7	255.2	73.8	
99.95	219.1	8.3	44.6	0.0	-78.9	90.7	17.6	176.6	219.3	-4143.9	138.7	74.3	
100.00	219.0	8.3	44.2	0.0	-78.3	90.7	16.5	176.7	218.5	-4102.1	111.4	73.6	
100.05	219.0	8.3	43.3	0.0	-77.0	90.7	18.1	175.4	218.4	-4007.4	149.9	71.6	
100.10	218.9	8.3	42.7	0.0	-75.5	90.7	22.1	171.5	219.5	-3896.8	235.7	71.3	
100.15	218.9	8.2	42.0	0.0	-74.3	90.7	25.7	167.5	219.4	-3804.5	342.8	70.0	
100.20	218.9	8.0	41.1	0.0	-73.7	90.7	26.6	166.1	218.2	-3759.8	423.1	67.3	
100.25	218.8	7.9	41.0	0.0	-74.0	90.7	26.7	167.0	218.4	-3774.4	457.3	66.7	
100.30	218.8	8.6	41.5	0.0	-74.6	90.7	27.7	167.9	220.7	-3812.0	464.6	67.8	
100.35	218.8	8.9	41.5	0.0	-75.1	90.7	28.0	169.8	222.0	-3841.4	476.3	67.5	
100.40	218.7	9.0	40.6	0.0	-75.0	90.7	27.4	170.8	221.5	-3829.6	508.6	64.3	
100.45	218.7	9.2	39.1	0.0	-74.4	90.7	28.1	169.1	221.3	-3780.1	575.2	59.8	
100.50	218.6	8.9	38.3	0.0	-74.1	90.7	31.7	167.7	221.6	-3740.8	698.5	57.5	
100.55	218.6	8.4	38.2	0.0	-74.4	90.7	36.4	168.3	221.4	-3722.4	853.6	56.8	
100.60	218.6	7.9	38.3	0.0	-74.9	90.7	39.5	169.9	221.2	-3725.7	969.4	56.6	
100.65	218.5	7.7	38.0	0.0	-74.9	90.7	40.7	169.0	222.5	-3716.6	1017.2	55.5	
100.70	218.5	7.6	37.6	0.0	-74.6	90.7	40.4	167.4	223.0	-3697.2	1022.7	54.4	
100.75	218.5	7.5	36.7	0.0	-74.3	90.7	39.5	167.4	222.4	-3678.2	1010.6	51.5	
100.80	218.4	7.7	35.6	0.0	-73.9	90.7	38.8	166.5	222.5	-3656.7	983.8	48.4	
100.85	218.4	7.7	35.2	0.0	-73.3	90.7	37.9	163.7	223.2	-3630.5	948.4	47.6	
100.90	218.4	7.1	35.3	0.0	-73.2	90.7	37.3	163.1	222.0	-3624.1	940.9	48.1	
100.95	218.3	7.4	35.9	0.0	-73.6	90.7	38.2	164.9	219.7	-3640.6	969.5	49.8	
101.00	218.3	7.6	36.8	0.0	-73.9	90.7	39.5	165.9	220.5	-3660.6	965.5	52.6	
101.05	218.2	7.6	37.4	0.0	-73.9	90.7	39.7	164.7	222.6	-3674.5	922.0	54.4	
101.10	218.2	7.3	37.8	0.0	-73.8	90.7	38.1	163.6	222.6	-3686.9	860.0	55.8	
101.15	218.2	7.0	38.2	0.0	-73.6	90.7	35.4	163.7	221.5	-3697.5	776.9	57.4	
101.20	218.1	6.9	39.3	0.0	-74.0	90.7	34.0	165.7	222.5	-3735.9	689.9	61.0	
101.25	218.1	6.6	40.6	0.0	-74.6	90.7	34.6	167.8	223.7	-3786.7	636.1	64.7	
101.30	218.1	6.5	40.9	0.0	-74.6	90.7	33.4	168.3	222.7	-3794.3	583.4	65.9	
101.35	218.0	6.7	40.2	0.0	-73.9	90.7	30.6	165.9	221.9	-3756.1	507.3	64.2	
101.40	218.0	7.0	39.8	0.0	-73.0	90.7	29.8	162.5	222.6	-3708.7	460.5	63.5	
101.45	218.0	7.1	40.1	0.0	-72.6	90.7	31.1	162.3	223.5	-3673.2	458.9	65.0	
101.50	217.9	7.2	40.4	0.0	-72.3	90.7	32.1	163.6	224.5	-3645.9	450.7	66.3	
101.55	217.9	7.1	40.8	0.0	-72.2	90.7	31.6	163.4	225.7	-3640.8	420.7	67.9	
101.60	217.9	7.0	40.6	0.0	-72.2	90.7	30.7	161.8	225.6	-3650.7	407.6	67.3	
101.65	217.8	6.9	40.4	0.0	-72.4	90.7	30.5	162.3	225.0	-3661.3	421.4	66.3	
101.70	217.8	7.1	40.6	0.0	-72.6	90.7	31.7	165.1	225.0	-3665.2	457.9	66.8	
101.75	217.8	7.0	41.0	0.0	-72.8	90.7	33.8	166.7	226.0	-3669.4	503.8	68.0	
101.80	217.7	6.8	40.8	0.0	-73.0	90.7	35.0	166.2	226.5	-3679.3	555.6	66.9	
101.85	217.7	7.5	39.9	0.0	-73.3	90.7	34.5	165.8	225.8	-3695.3	606.0	63.7	
101.90	217.7	7.3	39.0	0.0	-73.6	90.7	34.9	166.6	226.1	-3706.0	662.3	60.3	
101.95	217.6	6.7	39.2	0.0	-74.1	90.7	38.2	168.1	227.4	-3720.5	755.1	60.3	
102.00	217.6	6.5	39.2	0.0	-74.7	90.7	42.1	169.9	227.6	-3733.8	873.7	59.7	
102.05	217.6	6.6	38.1	0.0	-74.6	90.7	43.3	168.6	226.8	-3708.0	955.7	56.1	
102.10	217.5	6.8	36.5	0.0	-74.0	90.7	42.6	165.2	226.1	-3661.2	992.5	51.3	
102.15	217.5	6.9	35.1	0.0	-73.4	90.7	42.9	162.2	225.9	-3614.0	1033.2	47.0	
102.20	217.5	6.7	34.8	0.0	-73.4	90.7	44.7	162.3	226.2	-3595.2	1091.0	46.1	
102.25	217.4	6.6	34.9	0.0	-73.6	90.7	45.7	163.3	226.9	-3592.1	1122.0	46.1	
102.30	217.4	6.8	34.6	0.0	-73.7	90.7	45.1	163.2	227.6	-3600.2	1118.6	45.3	
102.35	217.4	7.0	34.7	0.0	-74.1	90.7	45.2	163.2	227.5	-3629.1	1131.1	45.1	
102.40	217.3	7.2	35.2	0.0	-74.4	90.7	45.5	163.4	227.1	-3645.1	1149.8	46.5	
102.45	217.3	7.5	35.3	0.0	-74.4	90.7	45.5	163.2	227.0	-3651.1	1138.5	46.9	
102.50	217.3	7.7	36.0	0.0	-74.2	90.7	45.1	161.5	227.5	-3654.3	1082.3	49.4	
102.55	217.2	8.2	36.3	0.0	-73.9	90.7	43.5	160.4	227.6	-3660.5	995.5	50.6	
102.60	217.2	8.9	36.8	0.0	-74.1	90.7	40.8	162.3	228.1	-3703.6	898.2	52.1	
102.65	217.1	8.8	37.5	0.0	-74.6	90.7	38.6	164.3	228.9	-3757.2	810.9	54.2	
102.70	217.1	8.6	38.6	0.0	-74.6	90.7	37.1	164.6	229.9	-3772.9	725.2	57.8	
102.75	217.1	8.4	39.4	0.0	-74.4	90.7	35.8	165.3	230.1	-3764.9	657.7	61.0	
102.80	217.0	8.7	40.2	0.0	-74.1	90.7	35.7	166.2	229.6	-3749.7	625.2	63.8	
102.85	217.0	8.6	40.6	0.0	-73.3	90.7	35.7	164.2	229.4	-3696.5	587.9	66.0	
102.90	216.9	8.4	39.6	0.0	-72.3	90.7	33.9	162.4	229.1	-3637.7	523.3	63.7	
102.95	216.9	8.3	38.9	0.0	-71.6	90.7	30.6	161.9	228.0	-3600.3	448.8	61.9	
103.00	216.8	8.2	38.9	0.0	-71.3	90.7	28.5	161.4	228.0	-3588.5	381.1	62.2	
103.05	216.8	8.0	39.3	0.0	-71.2	90.7	27.8	160.9	229.3	-3586.7	326.1	63.5	
103.10	216.7	7.7	39.6	0.0	-71.3	90.7	28.1	161.6	229.9	-3586.3	317.5	64.6	
103.15	216.7	7.8	39.6	0.0	-71.4	90.7	29.5	162.5	229.2	-3587.7	376.5	64.6	
103.20	216.7	8.0	39.2	0.0	-71.5	90.7	31.8	162.3	229.1	-3586.6	474.4	63.1	
103.25	216.6	8.3	39.0	0.0	-71.5	90.7	33.9	161.7	229.2	-3571.1	563.2	62.3	
103.30	216.6	8.7	38.8	0.0	-71.7	90.7	35.6	163.2	228.2	-3571.4	643.3	61.5	
103.35	216.5	8.8	38.6	0.0	-72.4	90.7	36.4	165.3	227.8	-3606.2	701.0	60.2	
103.40	216.5	8.5	37.9	0.0	-72.8	90.7	35.7	164.9	229.3	-3636.1	709.2	57.1	
103.45	216.4	7.6	36.1	0.0	-72.4	90.7	33.8	162.9	230.4	-3616.0	700.2	51.4	
103.50	216.4	7.5	34.8	0.0	-72.0	90.7	33.3	162.4	229.3	-3577.8	751.6	47.4	
103.55	216.3	7.9	34.0	0.0	-71.8	90.7	35.9	161.6	229.2	-3535.3	857.1	45.1	
103.60	216.3	8.1	33.5	0.0	-71.5	90.7	39.7	158.8	231.0	-3492.6	952.3	43.6	
103.65	216.3	8.4	33.5	0.0	-71.6	90.7	42.1	157.2	231.5	-3478.9	1034.5	43.5	
103.70	216.2	8.8	34.0	0.0	-72.4	90.7	42.7	158.5	229.5	-3516.1	1107.0	44.5	
103.75	216.2	8.8	34.9	0.0	-73.6	90.7	42.5	161.7	229.5	-3594.2	1125.2	46.1	
103.80	216.1	8.6	35.7	0.0	-74.4	90.7	41.2	164.3	231.6	-3673.5	1063.4	48.0	
103.85	216.1	8.4	36.1	0.0	-74.9	90.7	38.5	165.5	232.3	-3738.1	964.7	49.0	
103.90	216.0	8.4	36.0	0.0	-75.3	90.7	35.7	165.6	231.7	-3787.9	885.6	48.4	
103.95	216.0	8.8	35.7	0.0	-75.2	90.7	34.3	164.2	231.6	-3800.0	834.6	47.5	
104.00	215.9	9.1	36.2	0.0	-75.1	90.7	34.0	163.9	231.5	-3795.5	802.7	49.1	
104.05	215.9	9.1	37.9	0.0	-75.8	90.7	34.8	167.3	230.2	-3841.8	795.2	54.4	
104.10	215.8	8.9	39.7	0.0	-77.0	90.7	35.5	170.9	229.6	-3933.2	775.2	59.3	
104.15	215.8	8.8	40.8	0.0	-77.5	90.7	34.1	170.7	230.8	-3988.7	686.0	62.6	
104.20	215.7	8.8	40.8	0.0	-76.9	90.7	30.7	168.9	231.4	-3962.9	560.8	63.2	
104.25	215.7	8.4	40.5	0.0	-75.7	90.7	28.3	168.0	229.9	-3891.3	481.9	63.4	
104.30	215.7	8.4	39.8	0.0	-74.3	90.7	27.3	165.4	229.3	-3797.9	425.3	62.3	
104.35	215.6	8.3	38.7	0.0	-72.9	90.7	25.5	161.4	230.6	-3713.8	337.5	60.0	
104.40	215.6	7.8	38.7	0.0	-72.5	90.7	23.7	160.1	230.1	-3692.3	278.8	60.3	
104.45	215.5	7.5	40.1	0.0	-73.4	90.7	23.7	163.2	227.8	-3747.0	300.9	64.3	
104.50	215.5	7.3	41.5	0.0	-74.3	90.7	25.5	166.0	228.0	-3801.8	349.9	68.1	
104.55	215.4	7.6	41.9	0.0	-74.4	90.7	26.8	167.4	230.2	-3808.1	367.8	69.3	
104.60	215.4	7.2	41.4	0.0	-74.3	90.7	27.0	168.0	230.8	-3790.3	381.5	68.0	
104.65	215.3	6.9	40.8	0.0	-74.2	90.7	27.8	167.3	230.3	-3782.6	421.8	66.0	
104.70	215.3	7.1	39.7	0.0	-73.9	90.7	28.7	165.7	231.6	-3763.2	458.8	62.4	
104.75	215.3	7.7	38.5	0.0	-73.7	90.7	28.8	165.0	232.8	-3739.1	488.4	58.3	
104.80	215.2	8.2	38.7	0.0	-74.1	90.7	29.9	166.3	231.4	-3760.3	559.3	58.7	
104.85	215.2	8.3	38.9	0.0	-74.9	90.7	31.9	168.0	230.3	-3797.6	655.2	58.6	
104.90	215.1	8.7	37.9	0.0	-74.8	90.7	33.2	167.8	232.2	-3776.7	717.5	55.4	
104.95	215.1	8.7	36.6	0.0	-73.9	90.7	34.3	165.5	233.7	-3701.0	775.8	51.7	
105.00	215.1	8.1	36.1	0.0	-73.2	90.7	36.5	162.9	232.4	-3631.0	874.2	50.7	
105.05	215.0	8.4	35.1	0.0	-72.8	90.7	38.3	161.7	232.5	-3583.1	958.7	47.8	
105.10	215.0	8.5	34.1	0.0	-72.6	90.7	38.9	162.2	234.9	-3554.5	987.9	44.4	
105.15	214.9	8.4	34.6	0.0	-73.1	90.7	39.5	164.1	234.6	-3579.0	1015.5	45.5	
105.20	214.9	8.0	35.3	0.0	-74.0	90.7	40.5	164.0	231.4	-3638.9	1057.5	47.2	
105.25	214.9	8.2	34.5	0.0	-74.3	90.7	39.1	163.6	231.9	-3678.3	1024.1	44.0	
105.30	214.8	8.9	33.4	0.0	-74.1	90.7	36.5	163.6	234.0	-3680.5	946.7	40.5	
105.35	214.8	9.1	34.1	0.0	-74.3	90.7	36.9	163.9	232.8	-3697.0	938.2	42.9	
105.40	214.8	9.3	35.9	0.0	-74.9	90.7	38.8	164.6	231.1	-3740.9	950.8	48.3	
105.45	214.7	9.6	36.2	0.0	-75.4	90.7	37.7	165.9	233.2	-3790.6	880.8	48.9	
105.50	214.7	9.9	36.5	0.0	-76.0	90.7	35.4	167.4	234.6	-3856.8	793.7	49.3	
105.55	214.6	10.1	38.5	0.0	-77.1	90.7	36.0	169.2	232.1	-3938.3	780.1	54.9	
105.60	214.6	10.1	40.1	0.0	-77.2	90.7	36.5	170.0	230.3	-3953.8	750.1	60.4	
105.65	214.6	9.7	39.1	0.0	-76.0	90.7	33.8	168.6	232.3	-3887.7	628.1	58.3	
105.70	214.5	9.9	38.5	0.0	-75.3	90.7	30.8	166.6	233.6	-3855.6	501.0	57.0	
105.75	214.5	10.3	39.6	0.0	-75.7	90.7	29.9	165.4	232.3	-3896.5	441.0	60.3	
105.80	214.5	10.3	40.0	0.0	-76.1	90.7	28.3	165.1	232.9	-3933.8	378.3	61.3	
105.85	214.4	10.3	39.6	0.0	-76.1	90.7	26.3	166.4	235.2	-3940.6	318.9	59.7	
105.90	214.4	10.3	40.6	0.0	-76.5	90.7	28.4	167.7	234.4	-3960.7	364.0	62.9	
105.95	214.4	10.7	42.2	0.0	-77.0	90.7	32.7	167.5	232.3	-3989.6	454.9	67.8	
106.00	214.3	11.3	41.7	0.0	-76.9	90.7	33.0	165.8	233.8	-3981.2	454.8	66.4	
106.05	214.3	11.9	40.9	0.0	-76.3	90.7	31.1	164.1	236.3	-3944.2	422.1	64.3	
106.10	214.3	12.2	39.7	0.0	-76.5	90.7	31.8	165.0	235.5	-3952.6	478.5	59.8	
106.15	214.2	12.3	39.9	0.0	-76.7	90.7	34.5	166.2	234.4	-3950.2	575.8	60.5	
106.20	214.2	12.2	38.8	0.0	-76.2	90.7	35.8	165.5	236.8	-3907.8	625.7	57.0	
106.25	214.2	11.5	37.2	0.0	-75.7	90.7	36.6	163.0	238.4	-3862.2	693.7	51.9	
106.30	214.2	11.2	36.6	0.0	-75.8	90.7	39.8	160.6	236.0	-3845.1	854.7	49.9	
106.35	214.1	11.1	36.6	0.0	-76.4	90.7	43.8	161.5	233.9	-3839.1	1029.7	49.3	
106.40	214.1	11.2	35.7	0.0	-76.6	90.7	46.1	164.6	235.3	-3815.6	1133.2	45.9	
106.45	214.1	11.2	34.3	0.0	-76.4	90.7	47.4	164.2	237.2	-3783.0	1190.4	41.5	
106.50	214.0	11.3	33.3	0.0	-75.9	90.7	47.5	160.1	236.3	-3741.4	1227.9	38.4	
106.55	214.0	11.4	32.3	0.0	-75.2	90.7	46.5	158.1	234.8	-3693.5	1241.2	35.6	
106.60	214.0	10.7	31.3	0.0	-74.7	90.7	46.8	158.0	235.9	-3642.7	1250.6	32.9	
106.65	214.0	10.2	31.3	0.0	-74.9	90.7	48.6	159.4	237.2	-3639.2	1285.7	32.6	
106.70	213.9	10.0	32.6	0.0	-75.4	90.7	50.3	160.7	235.4	-3665.5	1333.6	36.6	
106.75	213.9	9.8	33.8	0.0	-75.5	90.7	49.6	161.1	234.4	-3677.4	1309.6	40.4	
106.80	213.9	9.6	33.5	0.0	-74.8	90.7	48.1	159.3	236.1	-3654.0	1233.1	40.3	
106.85	213.8	9.4	33.3	0.0	-73.8	90.7	47.3	157.6	237.1	-3605.1	1167.5	40.4	
106.90	213.8	9.9	33.3	0.0	-72.6	90.7	44.8	156.8	236.1	-3542.9	1062.2	41.9	
106.95	213.8	10.4	33.4	0.0	-71.4	90.7	40.4	155.6	235.9	-3504.2	898.9	43.3	
107.00	213.7	10.9	33.9	0.0	-71.1	90.7	37.4	154.5	237.4	-3517.1	749.8	45.5	
107.05	213.7	10.9	35.2	0.0	-71.3	90.7	35.6	155.4	238.1	-3551.0	636.8	49.4	
107.10	213.7	11.0	37.1	0.0	-71.7	90.7	34.0	158.7	237.1	-3590.2	550.9	55.5	
107.15	213.7	11.2	38.7	0.0	-71.8	90.7	33.5	159.6	236.7	-3610.2	487.7	61.0	
107.20	213.6	10.8	39.1	0.0	-71.4	90.7	33.2	156.3	238.5	-3592.6	421.7	62.8	
107.25	213.6	10.6	38.7	0.0	-70.7	90.7	31.5	154.3	239.1	-3555.8	351.0	62.2	
107.30	213.6	10.6	38.8	0.0	-70.3	90.7	30.0	155.0	237.8	-3524.1	301.4	63.0	
107.35	213.5	10.8	39.2	0.0	-69.9	90.7	30.9	154.0	237.6	-3502.8	286.8	64.6	
107.40	213.5	10.7	38.7	0.0	-69.9	90.7	30.7	153.0	238.8	-3505.6	271.6	63.0	
107.45	213.5	10.4	37.9	0.0	-70.2	90.7	28.2	154.4	238.5	-3523.4	257.0	59.8	
107.50	213.4	9.7	38.2	0.0	-70.7	90.7	28.1	156.2	236.6	-3559.4	303.3	60.3	
107.55	213.4	9.7	38.6	0.0	-71.4	90.7	32.2	156.5	236.8	-3590.7	421.1	61.2	
107.60	213.4	9.8	37.5	0.0	-71.3	90.7	35.6	155.6	239.0	-3566.3	538.3	57.4	
107.65	213.3	10.1	35.2	0.0	-70.5	90.7	36.1	154.8	239.3	-3496.6	632.1	50.4	
107.70	213.3	10.3	34.3	0.0	-70.2	90.7	38.1	152.2	236.9	-3455.4	768.1	47.3	
107.75	213.3	10.5	34.2	0.0	-71.0	90.7	42.0	150.8	236.3	-3480.4	918.4	46.4	
107.80	213.2	10.5	33.6	0.0	-72.0	90.7	43.9	153.7	238.6	-3526.2	1001.6	43.1	
107.85	213.2	10.7	32.8	0.0	-73.1	90.7	43.1	158.1	239.6	-3586.7	1045.9	39.5	
107.90	213.2	10.7	32.7	0.0	-74.2	90.7	44.0	158.6	237.7	-3644.8	1134.7	38.2	
107.95	213.1	10.6	32.2	0.0	-74.4	90.7	45.9	156.3	237.2	-3634.8	1224.6	36.1	
108.00	213.1	10.8	30.5	0.0	-73.8	90.7	46.3	155.7	239.2	-3571.3	1261.8	31.0	
108.05	213.1	11.2	29.7	0.0	-73.7	90.7	47.6	156.2	240.6	-3543.5	1308.5	28.3	
108.10	213.0	11.7	30.7	0.0	-74.3	90.7	50.1	154.7	239.6	-3570.1	1371.0	31.1	
108.15	213.0	11.7	31.4	0.0	-74.8	90.7	49.7	154.9	239.0	-3617.6	1370.6	33.1	
108.20	212.9	11.2	31.3	0.0	-74.8	90.7	46.6	157.2	240.1	-3638.4	1300.8	32.5	
108.25	212.9	10.7	32.0	0.0	-74.8	90.7	45.5	158.7	241.4	-3656.0	1230.0	35.1	
108.30	212.9	10.8	33.8	0.0	-75.0	90.7	45.7	158.9	240.6	-3688.2	1174.9	41.0	
108.35	212.8	11.1	33.8	0.0	-74.4	90.7	42.0	157.9	239.9	-3685.9	1049.1	41.8	
108.40	212.8	11.4	32.5	0.0	-73.0	90.7	36.2	156.0	241.4	-3634.3	865.4	38.6	
108.45	212.7	12.0	33.0	0.0	-72.1	90.7	34.4	154.1	241.5	-3593.1	757.8	41.2	
108.50	212.7	12.0	35.3	0.0	-72.1	90.7	36.0	154.0	239.6	-3599.4	724.1	49.3	
108.55	212.7	11.8	36.6	0.0	-72.3	90.7	35.0	156.2	240.0	-3627.0	636.4	53.3	
108.60	212.6	11.5	36.8	0.0	-72.5	90.7	30.5	158.2	242.0	-3659.9	483.4	54.0	
108.65	212.6	11.5	38.2	0.0	-72.9	90.7	27.8	158.5	240.5	-3707.8	387.5	58.3	
108.70	212.5	11.6	40.0	0.0	-73.2	90.7	27.7	157.9	237.7	-3736.5	338.6	64.1	
108.75	212.5	11.6	39.8	0.0	-72.8	90.7	25.5	158.7	239.5	-3712.3	233.4	63.9	
108.80	212.4	11.7	38.7	0.0	-72.1	90.7	22.4	158.2	241.7	-3662.7	129.9	60.8	
108.85	212.4	11.5	38.7	0.0	-71.8	90.7	21.5	156.6	239.4	-3650.9	115.4	61.0	
108.90	212.4	11.2	39.9	0.0	-71.8	90.7	22.6	156.3	236.5	-3654.0	162.0	65.2	
108.95	212.3	11.1	39.4	0.0	-72.0	90.7	23.2	158.3	238.7	-3655.9	180.3	63.2	
109.00	212.3	11.3	38.6	0.0	-71.8	90.7	24.9	157.9	242.1	-3636.3	220.1	60.9	
109.05	212.2	11.6	38.6	0.0	-71.5	90.7	27.2	155.7	239.8	-3613.3	329.6	61.1	
109.10	212.2	11.7	37.7	0.0	-71.2	90.7	28.0	154.4	236.9	-3582.6	431.0	58.2	
109.15	212.2	11.6	35.5	0.0	-70.4	90.7	28.3	153.0	239.9	-3519.7	475.9	51.4	
109.20	212.1	11.6	34.0	0.0	-69.9	90.7	30.3	151.8	243.0	-3471.3	549.2	46.8	
109.25	212.1	11.8	34.1	0.0	-70.3	90.7	33.0	152.5	240.7	-3475.2	686.2	46.8	
109.30	212.1	11.3	33.8	0.0	-70.8	90.7	34.1	153.4	238.8	-3490.9	794.5	45.3	
109.35	212.0	11.2	32.0	0.0	-70.7	90.7	34.7	152.2	241.4	-3466.0	857.9	39.3	
109.40	212.0	11.2	30.8	0.0	-70.4	90.7	37.3	150.6	243.5	-3418.7	959.4	35.3	
109.45	211.9	11.1	30.9	0.0	-70.4	90.7	41.6	149.7	241.6	-3374.8	1115.0	35.7	
109.50	211.9	11.3	30.6	0.0	-70.4	90.7	43.7	149.4	240.3	-3341.8	1215.0	34.6	
109.55	211.9	11.6	29.6	0.0	-70.1	90.7	43.3	147.7	242.6	-3319.8	1219.3	31.5	
109.60	211.8	11.3	29.3	0.0	-70.2	90.7	43.2	146.3	244.3	-3331.6	1212.6	30.3	
109.65	211.8	11.2	30.3	0.0	-71.1	90.7	44.1	148.8	242.3	-3381.1	1245.7	32.9	
109.70	211.7	11.2	30.8	0.0	-71.3	90.7	44.0	151.2	241.0	-3396.5	1245.1	34.3	
109.75	211.7	11.2	30.1	0.0	-70.7	90.7	42.0	150.7	242.8	-3372.3	1167.8	32.7	
109.80	211.6	11.4	29.9	0.0	-70.2	90.7	40.2	149.1	242.7	-3364.5	1092.4	32.4	
109.85	211.6	11.5	30.5	0.0	-70.0	90.7	39.2	148.0	240.5	-3371.8	1034.8	34.7	
109.90	211.6	11.4	31.1	0.0	-69.5	90.7	37.9	147.8	241.2	-3363.6	933.7	37.3	
109.95	211.5	11.5	32.0	0.0	-69.3	90.7	36.0	149.1	243.4	-3374.3	819.5	40.5	
