Time[s]	Rotor azimuth angle[deg]	Hub wind speed magnitude[m/s]	ACTTORQUE1[Nm]	PITRAT1[deg/s]	PITFRIC1[kNm]	PITCH1[deg]	Blade root 1 Fx[KN]	Blade root 1 Fy[KN]	Blade root 1 Fz[KN]	Blade root 1 Mx[kNm]	Blade root 1 My[kNm]	Blade root 1 Mz[kNm]	
END_OF_HEADER
50.00	315.7	13.3	36.8	0.2	-182.4	5.6	256.1	204.4	475.9	-4685.6	10339.6	-47.9	
50.05	318.3	13.3	38.0	0.1	-180.7	5.6	261.1	192.9	473.0	-4329.3	10360.8	-44.1	
50.10	321.0	13.3	37.6	0.0	-176.5	5.6	254.1	176.9	463.0	-3816.5	10282.2	-33.9	
50.15	323.7	13.5	-57.4	-0.1	171.0	5.6	240.8	157.1	452.8	-3257.0	10106.2	-14.5	
50.20	326.4	13.1	-48.0	-0.0	164.0	5.6	227.5	132.2	448.1	-2620.3	9824.3	-2.4	
50.25	329.1	12.9	48.4	0.0	-157.8	5.6	217.4	105.7	442.8	-1924.0	9573.6	-1.1	
50.30	331.8	13.0	49.9	0.2	-153.5	5.6	207.3	82.7	431.4	-1401.0	9397.6	-0.1	
50.35	334.5	13.1	50.5	0.3	-152.0	5.6	202.4	72.9	418.7	-1095.5	9355.0	3.4	
50.40	337.2	13.5	47.9	0.4	-152.0	5.6	203.1	70.0	413.4	-835.3	9387.6	5.1	
50.45	339.9	14.1	44.6	0.3	-153.3	5.7	207.5	60.9	411.8	-578.2	9506.8	5.7	
50.50	342.6	14.0	43.1	0.2	-156.1	5.7	212.5	51.7	407.3	-297.2	9725.5	7.3	
50.55	345.2	13.6	42.4	0.1	-159.6	5.7	218.9	43.8	401.6	64.2	9986.5	2.5	
50.60	347.9	13.0	-52.8	-0.0	162.4	5.7	224.9	30.3	398.6	462.1	10181.5	-7.2	
50.65	350.8	13.1	-35.9	-0.0	164.9	5.7	213.8	64.5	404.4	-1467.8	10284.2	45.0	
50.70	353.6	13.4	58.0	0.0	-170.0	5.7	230.0	14.9	404.1	-1052.3	10700.4	18.6	
50.75	356.3	13.7	37.5	0.2	-177.1	5.7	263.2	53.1	415.9	-175.3	11164.3	-63.6	
50.80	359.1	13.4	74.6	0.6	-162.4	5.7	206.7	-32.0	410.5	-603.3	10217.2	33.9	
50.85	1.9	13.4	62.6	1.0	-160.8	5.7	212.1	12.6	416.8	-173.3	10092.2	9.7	
50.90	4.6	13.3	40.0	1.2	-167.1	5.8	238.1	29.1	432.2	-14.3	10485.6	-62.9	
50.95	7.5	13.3	51.6	1.4	-166.1	5.9	221.9	-88.1	427.7	-890.6	10376.6	-13.7	
51.00	10.3	13.5	40.6	1.6	-174.1	5.9	258.7	-47.8	429.2	-422.2	10934.4	-53.2	
51.05	13.0	13.8	31.4	1.7	-173.9	6.0	260.7	-7.7	442.1	111.4	10929.4	-79.8	
51.10	15.8	14.2	50.5	1.8	-162.0	6.1	221.8	-46.0	443.7	118.9	10124.8	1.1	
51.15	18.5	13.9	46.8	1.8	-163.8	6.2	240.5	-5.3	458.7	948.3	10161.7	-10.7	
51.20	21.3	13.7	38.7	1.9	-164.9	6.3	238.8	-44.8	478.5	1242.3	10193.6	-37.8	
51.25	24.2	13.7	45.8	1.9	-163.8	6.4	231.2	-108.4	483.1	1171.4	10082.5	-10.7	
51.30	27.0	13.8	42.3	1.9	-169.4	6.5	256.2	-54.9	500.0	1880.1	10371.0	-27.4	
51.35	29.8	13.7	44.3	1.9	-167.1	6.6	232.9	-64.2	526.1	1987.5	10213.3	-17.5	
51.40	32.7	13.4	49.6	2.0	-169.8	6.7	232.7	-110.7	544.6	2041.6	10349.1	-1.3	
51.45	35.6	13.5	37.7	2.0	-186.2	6.8	283.6	-127.1	561.9	2909.4	11250.2	-58.1	
51.50	38.5	13.5	31.8	2.0	-193.4	6.9	275.9	-210.5	573.2	3454.8	11547.1	-85.3	
51.55	41.4	13.4	36.9	2.0	-197.3	7.0	272.3	-236.3	577.5	4025.6	11621.8	-71.2	
51.60	44.3	13.2	37.2	2.0	-204.9	7.1	297.8	-197.8	589.2	5015.8	11860.7	-77.8	
51.65	47.2	12.8	38.9	2.0	-206.8	7.2	275.9	-247.1	604.0	5669.9	11667.5	-73.8	
51.70	50.1	12.2	38.9	2.0	-212.1	7.3	283.4	-277.4	618.0	6294.7	11697.7	-78.8	
51.75	53.0	11.5	39.9	2.0	-218.1	7.4	319.9	-258.5	633.0	6692.4	11936.9	-81.5	
51.80	55.9	11.4	46.2	2.0	-212.7	7.5	288.6	-272.8	646.2	6708.4	11491.5	-54.3	
51.85	58.8	11.5	47.0	2.0	-209.1	7.6	268.0	-242.5	663.3	7174.2	10992.2	-48.0	
51.90	61.7	11.9	47.6	2.0	-207.6	7.7	273.1	-219.5	679.3	7629.3	10571.6	-44.3	
51.95	64.7	12.3	50.5	2.0	-202.0	7.8	235.1	-273.9	692.3	7754.0	9894.8	-28.8	
52.00	67.7	12.5	43.1	2.0	-203.4	7.9	224.5	-289.2	710.2	8054.8	9747.1	-55.4	
52.05	70.7	12.6	38.2	2.0	-207.4	8.0	241.8	-289.4	716.9	8171.3	9990.9	-76.2	
52.10	73.7	12.4	40.7	2.0	-206.7	8.1	218.7	-313.1	724.6	8033.8	10013.5	-67.0	
52.15	76.7	12.3	38.2	2.0	-209.8	8.2	223.6	-296.6	748.6	8049.7	10311.2	-78.8	
52.20	79.7	12.3	35.7	2.0	-214.7	8.3	267.7	-297.0	763.0	7705.4	10918.3	-92.3	
52.25	82.7	12.5	33.5	2.0	-218.0	8.4	278.3	-326.0	774.6	7265.2	11399.1	-103.0	
52.30	85.7	12.6	29.1	2.0	-220.8	8.5	283.0	-306.3	789.1	7070.8	11796.5	-121.0	
52.35	88.7	12.6	32.8	2.0	-218.2	8.6	295.0	-282.4	795.7	6736.4	11789.2	-105.7	
52.40	91.7	12.7	37.9	2.0	-211.3	8.7	274.4	-275.2	817.4	6692.0	11259.2	-81.1	
52.45	94.6	12.6	36.3	2.0	-208.0	8.8	257.2	-264.7	850.4	6951.6	10842.6	-83.4	
52.50	97.7	12.5	35.8	2.0	-206.4	8.9	267.1	-277.6	866.7	6807.8	10718.5	-83.4	
52.55	100.7	12.3	36.1	2.0	-203.2	9.0	258.9	-279.2	888.0	6598.5	10557.5	-79.2	
52.60	103.6	12.4	35.9	2.0	-200.3	9.1	245.6	-258.7	919.4	6614.3	10343.1	-77.2	
52.65	106.7	12.5	36.0	2.0	-196.6	9.2	252.9	-249.2	936.9	6385.0	10147.4	-72.9	
52.70	109.7	12.5	33.8	2.0	-192.8	9.3	249.2	-238.4	958.0	6165.0	9963.6	-76.8	
52.75	112.8	12.3	31.6	2.0	-191.0	9.4	236.5	-236.6	980.6	5915.0	9967.7	-82.5	
52.80	115.9	12.2	29.1	2.0	-193.9	9.5	248.3	-259.9	992.5	5768.8	10206.3	-93.9	
52.85	119.0	12.3	23.9	2.0	-200.2	9.6	264.0	-266.5	1008.5	6085.2	10509.9	-118.0	
52.90	122.0	13.0	22.5	2.0	-202.8	9.7	261.8	-261.9	1032.5	6523.7	10471.0	-125.6	
52.95	125.1	12.5	24.6	2.0	-203.5	9.8	270.6	-270.8	1048.8	6691.1	10371.6	-119.1	
53.00	128.2	12.1	25.3	2.0	-205.1	9.9	275.4	-269.0	1061.4	6841.9	10398.3	-118.4	
53.05	131.2	12.0	28.1	2.0	-204.5	10.0	262.6	-262.9	1065.7	6831.6	10395.3	-107.9	
53.10	134.3	12.4	32.1	2.0	-199.5	10.1	259.4	-244.2	1065.6	6472.5	10230.5	-89.4	
53.15	137.4	12.5	33.3	2.0	-193.2	10.2	259.3	-204.7	1080.1	6188.3	9917.9	-79.0	
53.20	140.5	12.4	33.8	2.0	-188.1	10.3	248.9	-188.2	1098.3	6095.6	9567.7	-71.9	
53.25	143.6	12.4	30.0	2.0	-184.3	10.4	244.6	-195.6	1105.2	6028.8	9259.2	-81.2	
53.30	146.7	12.4	26.3	2.0	-178.6	10.5	237.6	-191.9	1114.0	5922.0	8827.1	-88.4	
53.35	149.8	12.5	27.0	2.0	-167.7	10.6	212.3	-186.5	1126.8	5638.3	8091.6	-74.9	
53.40	152.9	12.6	24.2	2.0	-156.8	10.7	194.4	-175.1	1132.3	5286.0	7407.1	-73.7	
53.45	156.1	12.2	20.3	2.0	-148.4	10.8	185.1	-155.7	1133.6	4852.7	6998.1	-78.6	
53.50	159.2	11.9	19.1	2.0	-140.9	10.9	178.1	-141.2	1133.5	4128.3	6843.7	-75.4	
53.55	162.3	11.9	14.4	2.0	-134.7	11.0	182.9	-125.2	1137.3	3263.2	6788.9	-85.3	
53.60	165.5	12.2	7.0	2.0	-128.4	11.1	186.9	-99.0	1146.1	2551.9	6607.5	-104.3	
53.65	168.6	12.4	5.1	2.0	-120.6	11.2	177.4	-72.8	1152.6	2031.1	6220.1	-103.1	
53.70	171.6	12.5	4.5	2.0	-111.8	11.3	163.8	-44.7	1156.5	1531.5	5738.8	-96.4	
53.75	174.7	12.7	1.6	2.0	-104.8	11.4	156.1	-21.3	1163.7	1014.2	5347.3	-99.3	
53.80	177.8	12.3	0.2	2.0	-100.9	11.5	153.9	-6.0	1167.6	478.9	5125.7	-100.2	
53.85	181.0	11.8	-2.1	2.0	-99.2	11.6	155.3	10.7	1167.0	-35.9	5018.5	-106.3	
53.90	184.1	11.4	-2.9	2.0	-97.2	11.7	151.3	38.5	1163.3	-651.2	4827.9	-107.2	
53.95	187.2	11.5	-0.7	2.0	-94.4	11.8	140.4	68.3	1161.8	-1354.6	4458.6	-96.8	
54.00	190.3	11.6	-1.8	2.0	-92.0	11.9	128.9	88.6	1165.2	-1961.1	4016.6	-98.0	
54.05	193.5	11.8	-5.7	2.0	-89.6	12.0	113.6	98.3	1170.4	-2454.9	3534.2	-109.1	
54.10	196.6	11.3	-6.5	2.0	-91.2	12.1	107.4	108.0	1167.5	-2919.4	3320.8	-113.4	
54.15	199.8	10.8	-10.2	2.0	-96.1	12.2	113.4	128.3	1160.3	-3287.8	3417.3	-131.1	
54.20	202.9	10.6	-18.0	2.0	-99.1	12.3	118.6	142.3	1160.6	-3495.1	3474.4	-160.9	
54.25	206.1	11.0	-21.3	2.0	-99.8	12.4	116.6	146.0	1161.5	-3736.1	3285.4	-172.9	
54.30	209.2	11.3	-19.0	2.0	-100.8	12.5	105.0	159.2	1151.7	-4122.6	2911.0	-165.9	
54.35	212.4	11.4	-16.5	2.0	-101.0	12.6	81.2	175.9	1139.3	-4478.7	2361.9	-157.5	
54.40	215.5	11.3	-14.5	2.0	-99.6	12.7	64.2	186.2	1134.6	-4624.5	1762.5	-149.4	
54.45	218.7	12.1	-13.9	2.0	-98.2	12.8	62.2	202.6	1133.5	-4614.2	1334.8	-146.0	
54.50	221.8	12.2	-12.7	2.0	-98.0	12.9	61.7	208.7	1126.5	-4647.1	1103.8	-141.5	
54.55	224.9	12.0	-10.7	2.0	-99.0	13.0	67.8	209.6	1110.5	-4724.5	1107.6	-135.7	
54.60	228.1	11.8	-11.9	2.0	-99.7	13.1	73.6	219.8	1096.1	-4753.8	1121.4	-140.4	
54.65	231.2	11.5	-10.6	2.0	-101.1	13.2	64.5	226.4	1086.7	-4905.2	921.3	-137.4	
54.70	234.4	11.5	-4.9	2.0	-103.5	13.3	50.2	237.5	1074.9	-5125.6	552.1	-120.1	
54.75	237.5	11.9	-1.4	2.0	-105.4	13.4	41.2	249.3	1058.8	-5278.7	249.0	-110.3	
54.80	240.6	12.3	-3.1	2.0	-107.3	13.5	30.5	244.6	1041.6	-5460.7	106.0	-117.9	
54.85	243.8	12.6	-8.1	2.0	-110.2	13.6	36.2	248.5	1023.9	-5670.8	266.0	-138.0	
54.90	246.9	13.0	-13.2	2.0	-113.7	13.7	52.3	265.8	1003.5	-5880.3	542.6	-159.0	
54.95	250.0	13.5	-15.2	2.0	-116.4	13.8	54.1	268.5	981.7	-6089.0	600.8	-168.5	
55.00	253.1	13.4	-14.5	2.0	-119.0	13.9	47.8	273.7	961.1	-6307.3	406.1	-168.7	
55.05	256.2	13.0	-11.0	2.0	-123.8	14.0	39.0	288.6	946.1	-6656.1	37.3	-161.8	
55.10	259.3	12.7	-5.3	2.0	-130.9	14.1	18.7	307.8	931.0	-7143.8	-398.5	-149.1	
55.15	262.5	12.6	-1.3	2.0	-137.5	14.2	1.1	324.2	912.9	-7579.4	-749.0	-141.8	
55.20	265.6	12.7	-1.2	2.0	-141.5	14.3	-1.1	330.7	896.9	-7865.1	-922.9	-145.5	
55.25	268.7	13.1	-3.0	2.0	-143.0	14.4	-2.2	329.0	884.5	-7976.7	-1040.9	-153.2	
55.30	271.8	12.7	-6.3	2.0	-143.4	14.5	1.7	329.9	871.2	-8013.7	-1059.7	-165.2	
55.35	275.0	12.6	-9.4	2.0	-144.0	14.6	10.0	335.1	854.3	-8060.6	-1036.0	-176.3	
55.40	278.1	12.6	-12.4	2.0	-143.5	14.7	3.3	324.2	842.0	-8036.0	-1243.2	-186.0	
55.45	281.3	12.2	-16.0	2.0	-143.2	14.8	-11.3	309.3	833.1	-7992.8	-1615.1	-198.3	
55.50	284.4	12.2	-16.3	2.0	-145.0	14.9	-22.6	312.7	820.2	-8054.1	-1976.0	-200.8	
55.55	287.5	12.3	-13.0	2.0	-147.5	15.0	-33.5	320.0	805.1	-8175.0	-2194.9	-192.2	
55.60	290.7	12.1	-13.0	2.0	-145.0	15.1	-31.0	313.5	792.6	-8027.9	-2148.0	-189.7	
55.65	293.8	11.8	-18.8	2.0	-138.6	15.2	-14.4	297.1	782.0	-7627.9	-1986.1	-203.0	
55.70	296.9	11.6	-20.0	2.0	-133.8	15.3	-6.3	280.3	767.3	-7317.1	-1971.3	-202.5	
55.75	300.0	11.5	-14.3	2.0	-129.9	15.4	-13.3	272.6	750.1	-6966.8	-2246.8	-179.1	
55.80	303.0	11.7	-9.0	2.0	-124.4	15.5	-23.3	264.8	738.2	-6380.9	-2708.7	-155.3	
55.85	306.1	11.9	-2.8	2.0	-119.9	15.6	-38.1	249.1	727.9	-5815.9	-3203.4	-129.6	
55.90	309.2	11.8	4.9	2.0	-117.9	15.7	-54.0	242.6	712.3	-5434.3	-3591.8	-101.1	
55.95	312.3	11.3	8.0	2.0	-115.1	15.8	-58.5	231.6	694.5	-5112.3	-3748.2	-87.6	
56.00	315.3	10.8	6.7	2.0	-109.1	15.9	-51.0	212.9	676.3	-4713.5	-3645.2	-86.2	
56.05	318.4	10.4	4.2	2.0	-101.8	16.0	-37.6	199.3	661.6	-4243.2	-3442.1	-87.2	
56.10	321.4	10.4	2.3	2.0	-96.1	16.1	-30.8	178.9	650.6	-3779.1	-3439.0	-88.4	
56.15	324.5	10.8	2.4	2.0	-94.3	16.2	-42.4	150.5	637.8	-3337.5	-3790.9	-85.9	
56.20	327.5	11.4	3.9	2.0	-96.0	16.3	-64.1	131.8	622.8	-2954.1	-4303.1	-82.6	
56.25	330.6	11.1	4.5	2.0	-97.9	16.4	-78.0	127.7	610.5	-2678.8	-4648.0	-82.4	
56.30	333.6	11.0	5.0	2.0	-96.5	16.5	-80.0	116.5	601.8	-2450.8	-4688.1	-79.1	
56.35	336.7	10.9	3.3	2.0	-90.8	16.6	-72.6	94.9	588.5	-2226.7	-4401.5	-79.4	
56.40	339.7	10.5	0.4	2.0	-84.9	16.7	-63.1	88.4	571.2	-2017.1	-4058.2	-83.4	
56.45	342.7	10.4	3.6	2.0	-82.8	16.8	-59.3	88.6	560.3	-1981.5	-3913.4	-70.3	
56.50	345.7	10.4	9.3	2.0	-82.8	16.9	-61.2	83.5	557.4	-1898.4	-3966.4	-50.9	
56.55	348.8	10.4	8.4	2.0	-82.5	17.0	-63.8	74.3	556.4	-1552.8	-4108.0	-53.7	
56.60	351.8	10.5	6.2	2.0	-83.7	17.1	-73.0	54.2	553.0	-1284.2	-4322.5	-62.4	
56.65	354.8	10.7	3.3	2.0	-83.4	17.2	-74.8	37.2	549.2	-1109.8	-4370.0	-72.2	
56.70	357.8	11.2	-1.4	2.0	-80.7	17.3	-67.9	28.9	548.5	-860.3	-4246.6	-85.4	
56.75	0.8	11.1	-4.6	2.0	-77.3	17.4	-61.8	13.5	545.1	-601.7	-4068.9	-93.1	
56.80	3.8	11.1	-5.0	2.0	-74.8	17.5	-59.2	-0.5	535.1	-400.4	-3924.8	-92.1	
56.85	6.8	11.2	-4.4	2.0	-74.5	17.6	-58.6	-4.1	531.3	-227.8	-3919.4	-89.6	
56.90	9.8	11.3	-2.0	2.0	-77.5	17.7	-63.3	-15.7	538.3	21.8	-4123.5	-84.5	
56.95	12.7	11.3	0.2	2.0	-80.6	17.8	-65.9	-37.3	542.3	498.2	-4296.4	-79.9	
57.00	15.7	11.3	2.3	2.0	-83.8	17.9	-65.3	-59.5	538.8	1125.4	-4391.8	-75.9	
57.05	18.6	11.0	6.6	2.0	-88.6	18.0	-66.9	-79.0	540.1	1671.0	-4553.8	-66.1	
57.10	21.6	11.0	11.1	2.0	-92.4	18.1	-66.3	-90.1	546.6	2084.4	-4667.5	-54.3	
57.15	24.5	11.1	14.1	2.0	-95.0	18.2	-67.3	-99.0	546.9	2433.1	-4691.5	-46.8	
57.20	27.4	11.1	17.0	2.0	-98.8	18.3	-75.0	-117.8	541.5	2830.6	-4736.9	-40.3	
57.25	30.3	10.6	20.7	2.0	-104.0	18.4	-79.5	-138.3	544.5	3306.1	-4829.4	-33.1	
57.30	33.2	10.0	25.8	2.0	-109.1	18.5	-79.2	-149.3	559.0	3726.3	-4951.2	-20.6	
57.35	36.1	9.5	30.1	2.0	-114.4	18.6	-82.7	-161.2	569.4	4148.4	-5076.2	-11.1	
57.40	39.0	9.5	31.3	2.0	-119.1	18.7	-85.3	-179.2	567.4	4610.6	-5080.0	-11.8	
57.45	41.9	9.8	32.2	2.0	-123.9	18.8	-85.6	-202.8	567.8	5057.2	-5073.1	-13.2	
57.50	44.8	10.5	33.6	2.0	-127.2	18.9	-81.7	-217.7	577.6	5357.5	-5060.9	-11.7	
57.55	47.7	10.2	34.4	2.0	-130.1	19.0	-77.0	-226.6	584.6	5673.4	-5003.2	-12.2	
57.60	50.5	10.0	35.9	2.0	-134.4	19.1	-81.1	-237.0	582.0	6052.8	-5012.2	-11.3	
57.65	53.4	10.0	39.0	2.0	-139.3	19.2	-91.2	-248.5	581.0	6358.2	-5158.3	-5.5	
57.70	56.2	10.0	43.2	2.0	-143.6	19.3	-95.4	-257.2	588.9	6574.3	-5358.2	4.6	
57.75	59.1	9.8	46.3	2.0	-148.9	19.4	-96.3	-265.6	599.3	6852.8	-5598.3	10.0	
57.80	61.9	9.5	49.0	2.0	-154.5	19.5	-102.5	-276.6	602.9	7133.0	-5865.8	13.7	
57.85	64.8	9.4	52.4	2.0	-156.3	19.6	-109.9	-274.7	601.6	7173.8	-6028.4	23.6	
57.90	67.6	9.5	54.5	2.0	-154.2	19.7	-111.5	-259.1	603.9	7023.7	-6011.8	32.9	
57.95	70.4	9.7	53.1	2.0	-152.1	19.8	-109.9	-254.3	612.1	6909.4	-5922.5	30.0	
58.00	73.2	9.6	49.5	2.0	-151.5	19.9	-108.0	-263.7	620.4	6858.2	-5858.7	18.4	
58.05	76.0	9.1	45.7	2.0	-152.0	20.0	-106.2	-275.8	630.2	6829.8	-5893.2	4.7	
58.10	78.8	8.8	43.3	2.0	-153.5	20.1	-108.1	-280.6	643.3	6820.4	-6040.2	-4.9	
58.15	81.5	8.9	39.9	2.0	-155.7	20.2	-113.2	-278.6	654.9	6860.0	-6226.8	-18.8	
58.20	84.3	9.4	37.3	2.0	-156.6	20.3	-116.8	-278.8	662.6	6835.1	-6342.5	-28.7	
58.25	87.1	10.0	36.7	2.0	-155.4	20.4	-119.3	-284.2	670.2	6637.6	-6384.4	-29.5	
58.30	89.8	10.6	37.0	2.0	-152.0	20.5	-118.9	-280.6	680.4	6345.8	-6322.4	-25.0	
58.35	92.5	10.7	36.5	2.0	-148.6	20.6	-112.5	-272.6	691.0	6188.2	-6135.9	-23.2	
58.40	95.2	10.6	38.2	2.0	-147.4	20.7	-105.6	-266.6	703.5	6203.8	-6012.6	-16.1	
58.45	97.9	10.4	41.6	2.0	-148.5	20.8	-99.7	-262.9	721.6	6309.7	-6031.5	-5.8	
58.50	100.6	10.5	44.3	2.0	-149.9	20.9	-95.0	-265.6	738.7	6365.6	-6102.9	2.0	
58.55	103.3	10.3	44.0	2.0	-151.8	21.0	-95.2	-269.5	746.1	6470.4	-6176.9	-0.6	
58.60	106.0	9.9	44.6	2.0	-154.3	21.1	-99.1	-270.9	747.7	6612.0	-6288.9	-1.2	
58.65	108.7	9.6	47.6	2.0	-156.2	21.2	-98.8	-272.0	755.7	6639.0	-6451.3	7.1	
58.70	111.3	9.6	49.5	2.0	-157.7	21.3	-97.4	-266.6	772.3	6575.7	-6688.1	12.1	
58.75	114.0	9.8	50.6	2.0	-157.8	21.4	-106.0	-260.1	780.1	6312.1	-6953.5	16.0	
58.80	116.7	9.9	52.7	2.0	-156.4	21.5	-119.0	-253.7	775.2	5954.9	-7128.2	24.4	
58.85	119.3	9.8	55.6	2.0	-156.5	21.6	-126.7	-244.0	776.5	5779.5	-7301.7	34.3	
58.90	122.0	9.9	59.0	2.0	-159.5	21.7	-130.1	-243.9	790.4	5778.4	-7567.7	42.9	
58.95	124.6	10.1	61.4	2.0	-163.1	21.8	-133.4	-243.8	798.2	5913.7	-7791.0	47.6	
59.00	127.2	10.1	62.3	2.0	-164.6	21.9	-138.0	-236.7	791.2	6043.7	-7862.1	49.3	
59.05	129.8	10.3	64.8	2.0	-163.7	22.0	-138.7	-233.7	786.0	5996.7	-7822.5	58.8	
59.10	132.4	10.9	66.3	2.0	-161.8	22.1	-127.7	-232.7	797.6	5908.1	-7723.1	65.8	
59.15	135.0	10.7	66.2	2.0	-159.0	22.2	-113.2	-221.6	813.4	5790.1	-7587.7	68.3	
59.20	137.5	10.7	68.3	2.0	-154.5	22.3	-112.1	-204.8	813.2	5420.0	-7498.8	80.1	
59.25	140.1	11.2	70.2	2.0	-150.0	22.4	-120.3	-179.8	805.3	4895.1	-7514.0	90.9	
59.30	142.6	11.4	71.0	2.0	-148.5	22.5	-126.4	-162.8	811.1	4467.7	-7672.9	95.1	
59.35	145.2	11.5	67.7	2.0	-150.1	22.6	-128.0	-168.1	825.2	4283.0	-7890.5	82.4	
59.40	147.7	11.7	62.4	2.0	-152.0	22.7	-131.2	-169.9	827.2	4218.8	-8074.0	62.3	
59.45	150.2	11.8	61.3	2.0	-152.2	22.8	-139.0	-159.4	819.0	3987.6	-8225.8	58.3	
59.50	152.7	12.0	63.2	2.0	-151.0	22.9	-144.1	-142.9	818.4	3567.6	-8338.9	65.9	
59.55	155.2	12.0	62.5	2.0	-148.1	23.0	-139.8	-128.0	827.5	3151.6	-8306.0	66.4	
59.60	157.7	12.0	59.8	2.0	-142.9	23.1	-132.2	-113.3	830.8	2661.5	-8106.4	62.2	
59.65	160.2	11.5	59.0	2.0	-136.1	23.2	-126.8	-89.3	821.9	2016.1	-7823.8	66.5	
59.70	162.6	10.9	60.1	2.0	-130.1	23.3	-120.1	-56.3	815.8	1384.1	-7570.3	76.2	
59.75	165.1	10.3	58.2	2.0	-126.3	23.4	-111.2	-32.6	821.7	977.7	-7393.7	73.3	
59.80	167.5	10.2	53.6	2.0	-124.4	23.5	-107.8	-25.9	826.5	753.0	-7280.6	59.6	
59.85	169.9	10.2	47.5	2.0	-123.3	23.6	-113.8	-20.7	820.5	456.0	-7212.9	39.7	
59.90	172.4	10.2	43.8	2.0	-122.0	23.7	-120.8	-6.4	812.1	-85.6	-7122.9	28.2	
59.95	174.8	9.6	39.8	2.0	-119.5	23.8	-117.4	9.3	812.6	-609.9	-6916.8	17.1	
60.00	177.2	9.0	30.3	2.0	-115.9	23.9	-107.7	15.4	816.6	-871.5	-6634.1	-11.9	
60.05	179.6	8.8	21.7	2.0	-112.0	24.0	-100.1	20.4	811.6	-1164.1	-6315.3	-37.7	
60.10	182.1	9.0	20.5	2.0	-110.0	24.1	-96.7	39.6	800.5	-1742.3	-6021.1	-39.7	
60.15	184.4	9.2	22.5	2.0	-109.0	24.2	-90.8	60.3	798.0	-2239.9	-5761.2	-31.6	
60.20	186.8	9.3	18.6	2.0	-106.3	24.3	-83.1	61.4	802.6	-2263.4	-5548.3	-42.6	
60.25	189.2	9.3	14.3	2.0	-103.2	24.4	-79.1	57.4	803.0	-2030.9	-5405.6	-54.2	
60.30	191.5	9.5	18.7	2.0	-101.5	24.5	-77.1	67.4	793.5	-2024.3	-5261.8	-37.4	
60.35	193.9	9.9	25.5	2.0	-100.3	24.6	-73.6	82.0	784.5	-2095.7	-5119.4	-12.7	
60.40	196.2	9.9	25.9	2.0	-97.5	24.7	-66.9	83.4	780.7	-1884.2	-4988.0	-8.5	
60.45	198.5	9.8	24.2	2.0	-94.5	24.8	-61.2	76.6	772.7	-1576.6	-4890.8	-11.5	
60.50	200.8	9.6	30.3	2.0	-95.3	24.9	-62.3	86.8	758.1	-1601.5	-4932.4	8.5	
60.55	203.1	9.9	41.0	2.0	-99.7	25.0	-68.5	109.4	747.3	-1886.9	-5121.2	41.1	
60.60	205.4	10.0	43.9	2.0	-103.3	25.1	-74.8	117.3	742.5	-1995.6	-5342.4	47.5	
60.65	207.7	9.9	39.9	2.0	-104.7	25.2	-79.8	114.4	734.1	-1906.9	-5493.6	32.3	
60.70	209.9	9.6	39.1	2.0	-105.9	25.3	-82.9	116.8	717.8	-2010.6	-5557.0	28.3	
60.75	212.2	9.6	42.7	2.0	-107.5	25.4	-80.7	130.6	702.8	-2336.1	-5540.8	39.1	
60.80	214.4	9.8	42.4	2.0	-108.6	25.5	-77.8	143.6	691.6	-2607.7	-5483.5	37.1	
60.85	216.7	9.7	37.6	2.0	-108.9	25.6	-79.3	148.4	676.8	-2824.4	-5403.8	20.3	
60.90	218.9	9.7	36.1	2.0	-111.7	25.7	-87.2	159.3	656.7	-3206.0	-5407.0	12.1	
60.95	221.1	9.8	40.9	2.0	-117.1	25.8	-91.6	179.7	642.5	-3806.5	-5449.1	23.2	
61.00	223.4	9.9	43.1	2.0	-120.6	25.9	-86.8	192.4	638.2	-4274.6	-5394.6	27.4	
61.05	225.6	10.1	35.8	2.0	-119.9	26.0	-76.8	196.2	630.4	-4506.6	-5144.7	3.1	
61.10	227.8	10.2	29.6	2.0	-119.2	26.1	-69.2	203.5	613.3	-4794.9	-4805.1	-17.6	
61.15	229.9	9.9	30.1	2.0	-122.2	26.2	-63.6	220.6	598.2	-5286.5	-4558.2	-18.9	
61.20	232.1	9.6	29.7	2.0	-125.2	26.3	-55.0	232.5	593.5	-5652.4	-4437.8	-23.1	
61.25	234.3	9.3	24.2	2.0	-125.2	26.4	-48.5	226.9	589.0	-5747.1	-4358.7	-42.1	
61.30	236.4	9.4	19.3	2.0	-125.1	26.5	-48.7	224.0	573.9	-5814.5	-4283.9	-58.7	
61.35	238.6	9.8	20.9	2.0	-128.3	26.6	-51.3	238.3	556.9	-6113.5	-4230.2	-56.4	
61.40	240.7	10.3	24.9	2.0	-132.5	26.7	-49.8	252.3	549.1	-6483.3	-4185.1	-47.1	
61.45	242.8	10.3	24.2	2.0	-133.4	26.8	-44.6	256.0	544.6	-6594.6	-4139.1	-50.5	
61.50	244.9	10.7	22.0	2.0	-132.8	26.9	-41.8	254.0	534.5	-6596.8	-4074.4	-57.2	
61.55	247.0	11.0	25.1	2.0	-134.8	27.0	-43.3	261.4	518.5	-6805.3	-4007.4	-48.7	
61.60	249.1	10.9	31.0	2.0	-138.6	27.1	-47.5	281.3	505.0	-7075.0	-4015.6	-32.2	
61.65	251.2	10.9	32.5	2.0	-139.5	27.2	-51.5	287.7	494.8	-7112.2	-4062.1	-28.1	
61.70	253.2	11.0	29.0	2.0	-136.5	27.3	-53.5	277.1	480.9	-6894.5	-4062.7	-37.1	
61.75	255.3	11.4	27.0	2.0	-133.3	27.4	-53.6	268.1	463.9	-6672.9	-4028.5	-40.7	
61.80	257.3	11.5	28.6	2.0	-131.9	27.5	-49.9	267.3	450.4	-6615.2	-3956.5	-33.6	
61.85	259.3	11.5	28.7	2.0	-130.3	27.6	-45.0	268.3	439.6	-6529.7	-3877.6	-31.9	
61.90	261.4	11.4	26.8	2.0	-127.5	27.7	-43.0	263.2	425.9	-6352.4	-3814.7	-35.4	
61.95	263.4	11.4	28.1	2.0	-126.2	27.8	-45.1	258.9	407.9	-6287.2	-3781.8	-29.9	
62.00	265.4	11.4	33.6	2.0	-127.9	27.9	-48.3	266.1	392.3	-6396.2	-3830.7	-12.5	
62.05	267.4	11.7	38.1	2.0	-129.6	28.0	-49.3	275.5	380.9	-6486.1	-3896.0	1.0	
62.10	269.4	11.4	37.6	2.0	-128.4	28.1	-49.3	273.5	369.4	-6381.2	-3914.3	0.7	
62.15	271.3	11.2	35.6	2.0	-125.5	28.2	-50.1	261.9	354.6	-6190.3	-3885.3	-3.4	
62.20	273.3	11.1	35.9	2.0	-123.9	28.3	-49.7	254.3	341.2	-6112.3	-3854.0	-0.8	
62.25	275.3	11.2	36.2	2.0	-123.4	28.4	-45.9	256.0	332.8	-6082.5	-3826.8	0.9	
62.30	277.2	11.1	34.3	2.0	-121.8	28.5	-41.8	257.4	323.4	-5996.7	-3744.8	-3.9	
62.35	279.2	10.6	31.4	2.0	-119.4	28.6	-39.9	252.1	308.3	-5929.9	-3564.1	-11.6	
62.40	281.1	10.9	30.3	2.0	-117.8	28.7	-36.9	249.1	291.5	-5954.3	-3321.5	-13.8	
62.45	283.0	11.3	30.2	2.0	-118.0	28.8	-32.9	252.5	279.7	-6064.3	-3155.3	-14.4	
62.50	284.9	11.6	29.7	2.0	-118.6	28.9	-28.6	256.6	270.7	-6163.0	-3062.5	-16.8	
62.55	286.8	11.3	28.0	2.0	-118.5	29.0	-25.2	258.0	260.6	-6203.6	-2969.1	-22.4	
62.60	288.7	11.2	26.7	2.0	-118.1	29.1	-26.1	255.4	247.8	-6230.7	-2884.8	-26.6	
62.65	290.6	11.2	25.2	2.0	-118.0	29.2	-27.5	253.1	234.8	-6270.7	-2806.8	-31.6	
62.70	292.5	10.5	22.5	2.0	-117.7	29.3	-26.0	252.6	223.4	-6282.1	-2745.4	-40.5	
62.75	294.4	10.0	21.2	2.0	-117.9	29.4	-25.8	250.9	212.0	-6326.2	-2723.5	-45.0	
62.80	296.2	9.9	22.0	2.0	-118.4	29.5	-30.6	246.5	197.4	-6376.8	-2752.0	-42.8	
62.85	298.1	10.4	24.1	2.0	-119.0	29.6	-38.4	244.0	181.8	-6396.7	-2862.4	-36.1	
62.90	299.9	10.6	25.4	2.0	-119.8	29.7	-43.4	245.4	168.9	-6397.4	-3012.0	-32.6	
62.95	301.7	10.6	27.2	2.0	-119.9	29.8	-43.0	248.0	160.0	-6354.1	-3125.2	-26.4	
63.00	303.5	10.3	27.4	2.0	-118.2	29.9	-37.1	242.6	153.8	-6235.9	-3119.6	-24.2	
63.05	305.4	10.0	25.0	2.0	-114.5	30.0	-30.4	229.0	145.0	-6028.2	-3027.4	-28.6	
63.10	307.2	9.8	24.8	2.0	-112.1	30.1	-29.5	220.7	133.9	-5842.4	-3058.3	-27.1	
63.15	309.0	10.0	27.9	2.0	-112.2	30.2	-34.4	219.3	121.3	-5752.1	-3268.1	-16.4	
63.20	310.7	10.2	32.5	2.0	-113.2	30.3	-44.2	215.1	111.6	-5626.6	-3648.3	-1.7	
63.25	312.5	10.5	34.4	2.0	-112.6	30.4	-53.9	203.4	104.6	-5333.5	-4043.0	5.6	
63.30	314.3	11.0	33.8	2.0	-109.9	30.5	-57.5	186.2	96.5	-4967.2	-4256.7	6.2	
63.35	316.0	11.1	32.8	2.0	-106.3	30.6	-55.0	173.9	85.5	-4651.4	-4272.7	6.2	
63.40	317.8	11.1	33.3	2.0	-103.2	30.7	-50.7	167.6	75.3	-4415.7	-4224.1	11.1	
63.45	319.5	10.8	34.3	2.0	-100.2	30.8	-46.2	160.6	68.7	-4169.2	-4187.7	17.5	
63.50	321.3	11.3	36.0	2.0	-98.0	30.9	-46.9	150.7	63.1	-3907.8	-4249.3	25.6	
63.55	323.0	11.8	38.6	2.0	-97.4	31.0	-52.8	147.0	52.4	-3730.7	-4363.5	35.0	
63.60	324.7	11.7	41.5	2.0	-97.7	31.1	-60.0	148.1	39.3	-3652.0	-4462.4	44.8	
63.65	326.4	11.3	42.4	2.0	-96.7	31.2	-63.7	141.5	31.5	-3529.1	-4489.8	48.7	
63.70	328.0	11.1	39.0	2.0	-93.0	31.3	-61.7	128.4	27.7	-3277.6	-4372.0	40.9	
63.75	329.7	11.2	35.0	2.0	-87.9	31.4	-58.7	117.3	19.8	-3029.2	-4128.5	32.2	
63.80	331.4	11.3	32.6	2.0	-83.6	31.5	-55.3	115.1	5.5	-2955.1	-3803.0	28.3	
63.85	333.0	11.2	31.9	2.0	-81.4	31.6	-53.5	117.7	-4.3	-2980.2	-3566.3	28.1	
63.90	334.7	11.0	29.7	2.0	-79.9	31.7	-53.0	112.4	-6.4	-2957.6	-3453.6	22.0	
63.95	336.3	10.8	27.4	2.0	-78.7	31.8	-55.6	101.3	-8.5	-2901.7	-3416.1	15.2	
64.00	338.0	11.0	26.3	2.0	-77.9	31.9	-57.4	99.3	-18.1	-2909.1	-3322.4	12.4	
64.05	339.6	11.4	26.2	2.0	-76.5	32.0	-54.8	102.5	-26.4	-2926.5	-3148.0	13.5	
64.10	341.2	11.6	22.4	2.0	-72.6	32.1	-45.3	96.3	-28.1	-2815.5	-2878.3	4.4	
64.15	342.9	11.8	16.1	2.0	-66.9	32.2	-34.8	81.2	-28.1	-2561.6	-2603.1	-11.6	
64.20	344.5	12.0	12.4	2.0	-62.9	32.3	-30.6	67.2	-32.8	-2352.1	-2436.6	-20.4	
64.25	346.1	12.0	13.1	2.0	-61.5	32.4	-30.5	60.8	-39.7	-2251.7	-2402.1	-16.5	
64.30	347.7	12.0	14.8	2.0	-61.7	32.5	-34.3	58.4	-40.1	-2106.3	-2549.5	-11.0	
64.35	349.3	12.1	13.9	2.0	-60.2	32.6	-33.3	50.7	-38.1	-1821.6	-2646.1	-12.6	
64.40	350.9	11.9	12.0	2.0	-56.9	32.7	-29.0	37.7	-40.5	-1511.6	-2590.8	-15.7	
64.45	352.5	12.0	10.0	2.0	-53.1	32.8	-22.2	28.0	-46.2	-1297.6	-2416.4	-18.7	
64.50	354.0	12.0	8.9	2.0	-49.8	32.9	-14.3	21.7	-49.5	-1169.8	-2229.8	-19.0	
64.55	355.6	11.9	9.1	2.0	-47.5	33.0	-9.4	13.8	-49.1	-987.4	-2159.6	-16.4	
64.60	357.2	11.4	9.7	2.0	-47.6	33.1	-12.8	3.1	-48.7	-731.2	-2276.8	-14.2	
64.65	358.8	11.0	12.0	2.0	-49.6	33.2	-20.8	-3.7	-52.4	-504.5	-2471.3	-8.3	
64.70	0.3	10.7	14.1	2.0	-52.0	33.3	-28.6	-9.8	-56.3	-306.1	-2653.4	-3.5	
64.75	1.8	11.2	14.8	2.0	-53.9	33.4	-33.9	-22.8	-57.1	-39.2	-2785.8	-3.1	
64.80	3.4	11.6	12.1	2.0	-55.4	33.5	-36.2	-37.3	-58.7	308.8	-2846.2	-13.8	
64.85	4.9	11.5	12.6	2.0	-56.4	33.6	-37.8	-46.2	-64.4	570.8	-2851.4	-13.1	
64.90	6.4	11.7	16.4	2.0	-57.7	33.7	-41.9	-49.8	-70.4	681.7	-2908.9	-1.5	
64.95	7.9	12.1	20.4	2.0	-60.1	33.8	-46.9	-49.9	-71.9	811.7	-3052.5	10.0	
65.00	9.4	12.9	23.1	2.0	-63.2	33.9	-51.8	-56.5	-70.6	993.2	-3224.7	16.2	
65.05	11.0	13.2	25.2	2.0	-66.6	34.0	-56.3	-66.3	-70.1	1209.6	-3388.3	19.9	
65.10	12.4	13.2	27.8	2.0	-69.3	34.1	-59.1	-71.5	-71.6	1429.1	-3504.2	26.1	
65.15	13.9	13.0	29.4	2.0	-71.6	34.2	-59.6	-78.8	-72.7	1650.1	-3580.7	29.2	
65.20	15.4	12.8	29.4	2.0	-74.6	34.3	-59.3	-91.0	-72.0	1942.9	-3655.4	26.2	
65.25	16.9	13.0	29.4	2.0	-78.7	34.4	-60.4	-106.3	-71.1	2288.9	-3766.1	22.2	
65.30	18.3	13.3	30.2	2.0	-81.9	34.5	-60.7	-119.0	-72.1	2551.7	-3846.2	22.0	
65.35	19.8	13.6	32.0	2.0	-84.1	34.6	-59.8	-125.6	-72.9	2748.4	-3894.6	25.8	
65.40	21.2	13.6	33.0	2.0	-85.6	34.7	-56.6	-130.5	-71.8	2947.0	-3886.6	27.5	
65.45	22.7	13.4	32.0	2.0	-86.5	34.8	-50.9	-138.1	-69.9	3143.4	-3798.7	23.5	
65.50	24.1	13.0	31.4	2.0	-86.0	34.9	-45.1	-143.1	-68.7	3234.0	-3659.9	21.8	
65.55	25.5	12.7	31.4	2.0	-84.3	35.0	-40.7	-143.5	-68.6	3208.4	-3517.3	23.5	
65.60	27.0	12.5	31.5	2.0	-83.1	35.1	-38.9	-145.3	-67.6	3165.5	-3421.8	25.2	
65.65	28.4	12.3	30.5	2.0	-83.0	35.2	-39.2	-148.3	-64.4	3186.1	-3389.1	21.8	
65.70	29.8	12.4	29.2	2.0	-82.6	35.3	-39.3	-150.7	-61.6	3180.9	-3342.0	17.8	
65.75	31.2	12.6	27.7	2.0	-80.6	35.4	-38.3	-152.5	-61.5	3099.1	-3206.7	14.6	
65.80	32.6	12.4	23.9	2.0	-78.1	35.5	-34.8	-155.2	-62.0	3045.6	-2982.1	3.9	
65.85	34.0	12.4	19.6	2.0	-76.7	35.6	-31.1	-161.0	-59.8	3084.9	-2769.2	-9.3	
65.90	35.4	12.3	16.5	2.0	-76.1	35.7	-30.3	-166.3	-56.9	3126.1	-2635.4	-19.4	
65.95	36.7	12.2	15.6	2.0	-74.8	35.8	-32.1	-164.0	-56.3	3073.1	-2547.2	-21.4	
66.00	38.1	12.1	15.6	2.0	-73.6	35.9	-35.6	-160.7	-54.5	2996.7	-2509.2	-19.9	
66.05	39.4	12.0	15.1	2.0	-73.9	36.0	-38.7	-163.5	-50.2	3037.8	-2495.6	-22.0	
66.10	40.8	11.8	15.1	2.0	-75.8	36.1	-40.9	-170.0	-46.2	3185.2	-2504.6	-23.8	
66.15	42.1	12.4	16.7	2.0	-77.7	36.2	-40.3	-177.0	-45.2	3358.2	-2493.1	-20.4	
66.20	43.5	12.6	18.9	2.0	-80.4	36.3	-38.5	-181.4	-43.0	3578.4	-2511.0	-15.3	
66.25	44.8	12.4	19.9	2.0	-84.4	36.4	-36.8	-189.9	-38.8	3888.0	-2568.1	-16.0	
66.30	46.1	12.5	22.3	2.0	-89.4	36.5	-39.8	-200.6	-34.6	4201.9	-2722.9	-12.9	
66.35	47.5	12.4	25.8	2.0	-93.9	36.6	-44.7	-208.1	-32.1	4450.2	-2927.5	-5.4	
66.40	48.8	12.3	29.9	2.0	-97.8	36.7	-48.8	-213.7	-27.9	4637.7	-3141.8	4.9	
66.45	50.1	12.5	32.2	2.0	-102.6	36.8	-50.0	-220.5	-21.4	4953.1	-3299.0	8.0	
66.50	51.4	12.7	32.4	2.0	-107.6	36.9	-47.6	-231.9	-17.6	5355.1	-3330.2	3.7	
66.55	52.7	12.8	33.9	2.0	-111.4	37.0	-44.1	-244.2	-16.6	5671.1	-3299.0	4.9	
66.60	54.0	12.6	35.8	2.0	-114.4	37.1	-39.6	-252.1	-14.3	5917.3	-3283.3	8.4	
66.65	55.3	12.4	37.1	2.0	-117.1	37.2	-36.5	-258.3	-9.4	6130.1	-3291.7	10.4	
66.70	56.6	12.2	37.1	2.0	-118.5	37.3	-36.1	-261.8	-7.1	6256.3	-3259.3	9.0	
66.75	57.8	12.0	37.4	2.0	-118.0	37.4	-38.4	-258.8	-6.9	6249.5	-3219.7	10.3	
66.80	59.1	12.2	38.0	2.0	-116.0	37.5	-39.9	-254.5	-3.7	6112.8	-3182.1	14.5	
66.85	60.4	12.5	35.8	2.0	-113.9	37.6	-37.8	-253.2	2.3	5978.1	-3097.0	8.9	
66.90	61.6	13.1	33.0	2.0	-112.5	37.7	-37.9	-255.3	7.0	5904.7	-2998.0	0.9	
66.95	62.9	13.1	29.4	2.0	-111.0	37.8	-39.7	-257.2	7.4	5844.8	-2843.3	-10.2	
67.00	64.2	13.2	26.2	2.0	-109.1	37.9	-39.8	-257.1	7.3	5771.1	-2658.0	-19.0	
67.05	65.4	13.7	23.9	2.0	-107.8	38.0	-37.7	-256.8	12.4	5716.7	-2536.4	-25.6	
67.10	66.6	13.6	21.0	2.0	-107.0	38.1	-35.5	-258.4	19.7	5674.6	-2456.0	-35.0	
67.15	67.9	13.6	19.6	2.0	-105.4	38.2	-35.7	-258.6	23.0	5594.5	-2325.4	-38.2	
67.20	69.1	13.8	18.8	2.0	-102.9	38.3	-32.9	-256.0	24.0	5496.1	-2098.1	-38.4	
67.25	70.3	14.0	19.2	2.0	-101.2	38.4	-26.0	-254.3	30.0	5439.1	-1886.4	-35.3	
67.30	71.5	14.0	18.2	2.0	-100.8	38.5	-16.6	-253.4	39.6	5459.8	-1709.8	-38.3	
67.35	72.7	13.8	17.2	2.0	-101.2	38.6	-9.4	-253.8	46.4	5531.2	-1561.5	-42.3	
67.40	73.9	13.7	17.3	2.0	-102.2	38.7	-8.1	-259.4	48.9	5612.7	-1463.8	-42.8	
67.45	75.1	13.6	16.8	2.0	-104.1	38.8	-11.2	-265.8	52.3	5736.4	-1472.6	-46.2	
67.50	76.3	13.5	17.0	2.0	-106.1	38.9	-15.2	-267.2	58.6	5854.2	-1599.9	-47.7	
67.55	77.4	13.0	17.6	2.0	-107.7	39.0	-17.6	-268.4	64.2	5928.8	-1735.1	-47.1	
67.60	78.6	12.7	18.7	2.0	-109.6	39.1	-20.8	-271.2	68.7	6033.5	-1846.2	-45.2	
67.65	79.8	12.4	19.1	2.0	-112.3	39.2	-22.4	-277.9	72.8	6208.3	-1895.6	-46.8	
67.70	80.9	12.4	19.7	2.0	-114.6	39.3	-19.0	-286.8	77.5	6367.9	-1872.1	-46.8	
67.75	82.1	12.0	21.4	2.0	-115.6	39.4	-14.5	-287.2	83.3	6449.9	-1859.9	-42.2	
67.80	83.2	11.6	23.3	2.0	-116.1	39.5	-10.7	-282.1	89.7	6497.5	-1870.5	-36.2	
67.85	84.4	12.2	24.3	2.0	-117.0	39.6	-9.1	-282.5	95.2	6559.6	-1870.3	-33.5	
67.90	85.5	12.3	24.8	2.0	-118.2	39.7	-12.8	-284.7	98.3	6635.6	-1887.9	-32.9	
67.95	86.7	12.2	26.3	2.0	-118.9	39.8	-20.2	-284.7	101.2	6660.3	-1980.6	-28.6	
68.00	87.8	11.7	27.2	2.0	-119.3	39.9	-24.9	-285.7	105.0	6659.5	-2083.8	-25.9	
68.05	89.0	11.2	27.3	2.0	-121.2	40.0	-29.2	-287.1	110.3	6756.9	-2217.7	-27.4	
68.10	90.1	10.7	26.2	2.0	-123.6	40.1	-31.0	-292.8	114.1	6907.4	-2281.9	-33.6	
68.15	91.2	10.6	25.0	2.0	-124.4	40.2	-30.4	-298.4	115.8	6957.0	-2254.1	-38.5	
68.20	92.3	11.1	25.0	2.0	-123.3	40.3	-29.3	-295.7	119.7	6890.6	-2221.0	-37.4	
68.25	93.5	11.6	25.9	2.0	-120.3	40.4	-25.0	-290.0	125.9	6686.7	-2147.3	-31.5	
68.30	94.6	11.7	26.5	2.0	-116.8	40.5	-20.3	-283.5	131.9	6459.1	-2037.1	-25.7	
68.35	95.7	11.6	25.7	2.0	-114.4	40.6	-19.6	-275.8	136.6	6312.6	-1948.1	-26.1	
68.40	96.8	11.6	24.7	2.0	-112.9	40.7	-19.7	-273.7	140.1	6225.4	-1869.8	-28.2	
68.45	97.9	12.0	23.8	2.0	-112.2	40.8	-20.0	-273.1	145.3	6170.1	-1857.5	-30.4	
68.50	99.0	12.1	22.0	2.0	-112.4	40.9	-19.7	-273.6	152.4	6178.6	-1872.4	-37.1	
68.55	100.1	12.0	19.7	2.0	-112.9	41.0	-18.8	-278.5	157.7	6211.8	-1824.0	-45.3	
68.60	101.2	12.0	17.4	2.0	-112.8	41.1	-17.2	-281.8	160.1	6228.1	-1689.1	-53.1	
68.65	102.2	12.1	16.9	2.0	-111.6	41.2	-13.3	-279.6	163.6	6184.7	-1514.6	-53.7	
68.70	103.3	12.0	16.3	2.0	-109.1	41.3	-5.0	-275.0	170.9	6037.0	-1348.6	-53.2	
68.75	104.4	11.7	16.5	2.0	-106.7	41.4	1.5	-268.8	179.3	5884.4	-1256.1	-50.1	
68.80	105.4	11.7	16.6	2.0	-104.9	41.5	4.0	-262.4	184.5	5776.5	-1186.6	-47.9	
68.85	106.5	11.9	17.3	2.0	-103.6	41.6	4.2	-257.7	187.0	5699.2	-1120.9	-44.1	
68.90	107.5	12.2	17.7	2.0	-103.2	41.7	3.8	-253.2	191.9	5678.3	-1114.5	-42.3	
68.95	108.6	12.4	17.6	2.0	-103.5	41.8	3.9	-250.5	198.5	5702.3	-1143.6	-43.0	
69.00	109.6	12.5	16.8	2.0	-104.5	41.9	3.1	-253.2	203.3	5759.6	-1159.5	-46.9	
69.05	110.7	12.3	16.3	2.0	-105.7	42.0	-1.8	-258.2	206.2	5833.9	-1192.8	-49.8	
69.10	111.7	12.2	16.3	2.0	-106.6	42.1	-7.4	-261.6	208.6	5882.8	-1223.6	-50.8	
69.15	112.7	12.3	17.2	2.0	-107.2	42.2	-10.1	-261.3	212.9	5910.0	-1275.4	-48.0	
69.20	113.8	12.8	18.2	2.0	-107.3	42.3	-10.6	-256.3	218.2	5913.6	-1344.0	-44.8	
69.25	114.8	13.5	18.9	2.0	-106.9	42.4	-10.1	-252.0	222.3	5893.3	-1366.3	-42.0	
69.30	115.8	13.7	19.6	2.0	-106.4	42.5	-8.3	-252.1	225.2	5860.0	-1307.6	-39.2	
69.35	116.9	13.8	19.6	2.0	-106.1	42.6	-5.8	-252.6	228.9	5850.3	-1231.2	-38.7	
69.40	117.9	13.6	19.9	2.0	-105.9	42.7	-3.1	-249.2	233.3	5855.2	-1171.1	-37.5	
69.45	118.9	13.6	20.8	2.0	-105.6	42.8	-1.1	-246.1	236.9	5853.1	-1116.5	-34.1	
69.50	119.9	13.7	21.1	2.0	-106.5	42.9	-1.9	-247.1	240.4	5916.4	-1094.1	-34.1	
69.55	120.9	13.7	20.4	2.0	-108.3	43.0	-5.0	-252.4	243.5	6039.1	-1102.9	-38.2	
69.60	121.9	13.9	19.5	2.0	-109.8	43.1	-6.8	-257.2	244.9	6142.7	-1086.5	-43.0	
69.65	122.9	13.8	18.8	2.0	-110.0	43.2	-4.4	-256.3	246.3	6164.9	-1029.4	-45.4	
69.70	123.9	13.2	18.7	2.0	-108.8	43.3	0.6	-250.7	250.4	6098.6	-951.6	-44.6	
69.75	124.9	12.5	18.3	2.0	-106.9	43.4	5.5	-245.4	254.5	5984.7	-850.1	-44.0	
69.80	125.9	12.0	17.7	2.0	-104.5	43.5	8.7	-240.4	256.6	5823.8	-746.0	-43.6	
69.85	126.8	11.8	18.0	2.0	-101.1	43.6	10.7	-231.5	258.7	5597.9	-672.8	-39.4	
69.90	127.8	11.9	18.5	2.0	-97.5	43.7	13.3	-221.4	263.3	5356.8	-642.8	-33.9	
69.95	128.8	11.8	18.1	2.0	-95.4	43.8	14.9	-215.6	268.6	5204.0	-650.7	-33.3	
70.00	129.7	11.5	16.7	2.0	-94.9	43.9	13.4	-215.0	271.6	5169.0	-664.3	-37.5	
70.05	130.7	11.8	14.8	2.0	-94.4	44.0	10.5	-214.4	272.4	5133.0	-649.4	-43.7	
70.10	131.6	11.9	14.1	2.0	-92.7	44.1	8.7	-211.0	273.9	5009.8	-627.5	-44.1	
70.15	132.6	12.0	13.7	2.0	-90.5	44.2	7.9	-207.7	277.9	4848.3	-628.5	-43.6	
70.20	133.5	11.8	13.3	2.0	-88.6	44.3	6.5	-203.3	281.9	4716.7	-642.5	-43.0	
70.25	134.5	12.0	13.5	2.0	-86.7	44.4	5.1	-198.1	283.5	4588.4	-623.0	-40.5	
70.30	135.4	12.3	13.3	2.0	-84.6	44.5	7.0	-192.7	284.8	4445.8	-564.9	-38.9	
70.35	136.4	12.6	13.5	2.0	-83.1	44.6	11.6	-188.2	289.3	4344.7	-525.6	-36.6	
70.40	137.3	12.8	12.7	2.0	-82.3	44.7	16.8	-186.8	294.6	4292.5	-502.4	-38.6	
70.45	138.2	13.1	12.5	2.0	-81.5	44.8	19.1	-186.1	296.5	4234.4	-474.9	-38.8	
70.50	139.2	13.3	12.7	2.0	-80.3	44.9	17.2	-183.6	296.0	4151.6	-464.3	-36.8	
70.55	140.1	13.7	13.1	2.0	-79.3	45.0	14.2	-181.8	297.0	4076.2	-502.9	-34.4	
70.60	141.0	14.0	13.4	2.0	-79.1	45.1	10.0	-181.9	300.2	4040.9	-620.9	-33.2	
70.65	141.9	14.1	13.0	2.0	-79.1	45.2	4.9	-180.4	301.7	4020.3	-765.3	-34.4	
70.70	142.8	13.8	13.2	2.0	-78.4	45.3	0.8	-176.1	301.2	3961.4	-861.4	-33.3	
70.75	143.7	13.6	13.6	2.0	-76.9	45.4	0.8	-171.2	301.8	3855.6	-871.1	-30.3	
70.80	144.6	13.4	13.3	2.0	-75.4	45.5	3.9	-166.7	304.7	3757.4	-838.7	-29.6	
70.85	145.5	13.5	12.8	2.0	-73.3	45.6	7.9	-161.2	307.6	3619.0	-789.2	-29.3	
70.90	146.4	13.5	13.7	2.0	-70.1	45.7	10.5	-152.9	308.9	3404.9	-732.6	-23.0	
70.95	147.3	13.4	14.7	2.0	-67.0	45.8	10.9	-144.9	309.8	3195.8	-697.3	-16.4	
71.00	148.2	13.5	14.7	2.0	-66.0	45.9	9.0	-143.0	311.7	3119.2	-720.5	-15.4	
71.05	149.1	13.6	13.9	2.0	-67.0	46.0	6.0	-144.3	314.2	3170.4	-800.4	-19.4	
71.10	150.0	13.6	12.9	2.0	-68.3	46.1	2.9	-144.1	315.4	3248.9	-883.8	-24.0	
71.15	150.8	13.0	13.1	2.0	-68.9	46.2	1.0	-143.5	315.7	3290.8	-910.0	-24.0	
71.20	151.7	12.9	13.2	2.0	-69.6	46.3	0.9	-145.6	317.1	3347.2	-897.0	-24.3	
71.25	152.6	12.8	12.3	2.0	-70.2	46.4	2.1	-147.3	319.3	3397.1	-858.6	-28.0	
71.30	153.4	12.7	12.6	2.0	-69.4	46.5	6.7	-143.6	320.6	3366.3	-758.5	-26.2	
71.35	154.3	12.4	14.0	2.0	-67.1	46.6	13.4	-134.2	321.9	3239.6	-621.8	-18.9	
71.40	155.1	12.3	15.2	2.0	-65.3	46.7	18.1	-126.0	324.6	3136.7	-533.7	-12.9	
71.45	156.0	12.7	15.2	2.0	-64.6	46.8	18.9	-123.8	326.9	3091.3	-517.1	-12.3	
71.50	156.8	13.1	14.6	2.0	-63.9	46.9	17.6	-123.5	327.4	3037.7	-526.3	-13.9	
71.55	157.7	13.3	14.2	2.0	-62.7	47.0	15.5	-120.3	327.9	2955.1	-545.7	-13.9	
71.60	158.5	13.2	12.8	2.0	-61.7	47.1	14.0	-117.8	329.3	2884.0	-544.4	-17.7	
71.65	159.4	13.2	10.5	2.0	-61.1	47.2	13.1	-117.7	329.8	2844.0	-495.8	-25.1	
71.70	160.2	13.2	8.5	2.0	-59.4	47.3	13.4	-115.0	329.6	2743.1	-382.4	-30.2	
71.75	161.0	13.2	7.6	2.0	-56.1	47.4	17.2	-109.1	330.1	2527.4	-190.4	-30.0	
71.80	161.9	13.4	6.3	2.0	-52.2	47.5	23.2	-101.5	330.6	2256.7	39.9	-30.5	
71.85	162.7	13.2	4.0	2.0	-49.6	47.6	28.5	-94.5	330.8	2055.8	252.6	-35.8	
71.90	163.5	12.7	2.0	2.0	-48.0	47.7	33.8	-88.0	332.0	1911.2	455.0	-41.0	
71.95	164.3	12.6	1.9	2.0	-46.8	47.8	41.0	-82.6	334.0	1752.4	684.4	-40.4	
72.00	165.1	12.4	0.8	2.0	-46.4	47.9	46.0	-76.9	334.8	1631.4	878.9	-43.5	
72.05	165.9	12.1	-2.2	2.0	-46.6	48.0	47.3	-75.5	334.1	1584.5	996.6	-54.2	
72.10	166.7	11.9	-3.9	2.0	-46.8	48.1	47.0	-78.9	333.7	1561.0	1052.1	-60.1	
72.15	167.5	11.9	-4.0	2.0	-46.2	48.2	45.4	-78.0	335.0	1523.9	1033.1	-59.8	
72.20	168.3	11.8	-3.1	2.0	-44.9	48.3	43.0	-73.0	335.2	1466.1	963.1	-55.4	
72.25	169.1	11.6	-2.1	2.0	-43.7	48.4	40.2	-69.9	334.1	1437.7	862.9	-50.7	
72.30	169.9	11.9	-1.9	2.0	-42.7	48.5	36.9	-65.7	334.4	1451.5	718.1	-49.1	
72.35	170.7	12.3	0.3	2.0	-41.3	48.6	36.2	-61.4	336.7	1404.4	595.1	-40.3	
72.40	171.4	12.2	3.7	2.0	-39.8	48.7	37.6	-58.7	338.8	1315.6	513.7	-27.1	
72.45	172.2	12.4	5.6	2.0	-39.2	48.8	35.9	-54.6	338.7	1326.8	384.3	-20.0	
72.50	173.0	12.6	6.3	2.0	-39.6	48.9	32.1	-52.8	337.8	1402.7	208.2	-18.0	
72.55	173.7	12.5	7.8	2.0	-39.8	49.0	28.5	-51.8	338.7	1441.8	7.0	-12.9	
72.60	174.5	11.9	10.1	2.0	-39.9	49.1	22.2	-48.4	339.2	1447.6	-238.9	-5.1	
72.65	175.3	11.5	11.7	2.0	-40.2	49.2	14.8	-47.7	337.4	1426.0	-465.0	-0.1	
72.70	176.0	11.5	11.9	2.0	-40.7	49.3	10.2	-50.0	336.0	1416.5	-601.7	0.2	
72.75	176.8	11.9	11.5	2.0	-40.6	49.4	10.4	-48.0	336.9	1401.1	-625.6	-1.1	
72.80	177.6	12.1	11.4	2.0	-38.5	49.5	17.2	-42.7	337.8	1296.6	-482.9	0.6	
72.85	178.3	11.9	10.8	2.0	-35.7	49.6	26.0	-38.1	336.8	1144.4	-243.5	1.3	
72.90	179.1	12.0	8.7	2.0	-33.8	49.7	31.6	-35.0	335.8	1024.1	-32.6	-4.0	
72.95	179.8	12.0	6.3	2.0	-32.1	49.8	35.2	-32.6	335.8	886.1	137.3	-10.4	
73.00	180.6	11.8	4.9	2.0	-29.8	49.9	37.3	-26.8	335.3	674.1	273.8	-12.9	
73.05	181.3	11.4	3.8	2.0	-27.1	50.0	35.7	-15.5	332.5	415.8	351.3	-13.9	
73.10	182.0	11.4	2.1	2.0	-25.5	50.1	32.8	-6.3	330.0	173.2	406.0	-18.3	
73.15	182.8	11.6	0.6	2.0	-26.3	50.2	32.9	-2.8	330.3	-21.8	501.7	-24.2	
73.20	183.5	11.3	-0.4	2.0	-29.0	50.3	36.8	0.6	330.8	-207.9	667.5	-30.6	
73.25	184.2	11.4	0.1	2.0	-33.2	50.4	42.8	8.7	329.5	-443.1	887.5	-32.9	
73.30	184.9	11.6	1.2	2.0	-37.3	50.5	48.9	17.6	328.8	-673.8	1090.9	-33.0	
73.35	185.6	11.8	1.7	2.0	-40.0	50.6	53.2	22.8	330.4	-820.5	1215.5	-34.0	
73.40	186.4	11.9	3.0	2.0	-41.3	50.7	53.7	27.7	331.3	-934.2	1243.1	-31.1	
73.45	187.1	11.9	4.7	2.0	-41.9	50.8	52.1	32.3	329.4	-1034.7	1227.1	-25.9	
73.50	187.8	12.2	5.0	2.0	-41.5	50.9	49.4	36.9	327.4	-1051.1	1166.7	-24.3	
73.55	188.5	12.3	4.0	2.0	-39.5	51.0	46.5	37.3	327.9	-946.2	1064.0	-25.7	
73.60	189.2	12.3	3.4	2.0	-37.3	51.1	44.6	34.3	328.2	-819.0	974.3	-25.7	
73.65	189.9	12.0	4.2	2.0	-36.2	51.2	43.8	34.1	326.2	-771.3	911.4	-21.8	
73.70	190.6	11.6	6.1	2.0	-35.9	51.3	43.5	37.0	325.0	-806.6	843.6	-14.9	
73.75	191.3	11.3	7.5	2.0	-35.6	51.4	43.7	38.1	326.2	-847.8	762.7	-9.9	
73.80	192.0	10.8	8.3	2.0	-35.1	51.5	43.0	39.5	326.6	-875.3	662.4	-6.6	
73.85	192.7	10.9	10.2	2.0	-34.8	51.6	41.0	43.4	324.2	-925.4	551.0	0.1	
73.90	193.4	10.9	12.6	2.0	-35.2	51.7	39.3	47.5	322.4	-1003.1	441.6	8.2	
73.95	194.1	10.8	13.2	2.0	-35.0	51.8	36.3	49.9	322.6	-1039.7	313.2	10.3	
74.00	194.8	10.9	11.6	2.0	-34.3	51.9	32.7	49.3	321.7	-1020.0	216.0	5.4	
74.05	195.5	11.0	10.7	2.0	-34.3	52.0	30.1	48.1	317.7	-1028.8	186.9	2.5	
74.10	196.2	11.2	11.8	2.0	-35.3	52.1	29.1	51.4	314.2	-1102.9	185.8	5.3	
74.15	196.9	11.2	12.9	2.0	-36.9	52.2	30.5	57.6	313.8	-1206.1	207.2	7.3	
74.20	197.6	11.0	13.5	2.0	-39.0	52.3	32.7	63.8	313.2	-1335.2	266.6	7.5	
74.25	198.2	10.8	14.2	2.0	-41.2	52.4	34.2	69.2	309.3	-1477.9	358.2	7.6	
74.30	198.9	10.6	14.1	2.0	-43.3	52.5	37.4	72.4	306.0	-1601.6	473.5	5.1	
74.35	199.6	10.5	14.1	2.0	-45.1	52.6	42.4	73.9	306.3	-1700.6	577.0	3.4	
74.40	200.3	10.3	13.9	2.0	-46.7	52.7	45.9	77.1	307.6	-1786.7	654.2	1.0	
74.45	200.9	10.0	13.6	2.0	-48.3	52.8	46.0	81.9	305.1	-1880.9	717.3	-1.8	
74.50	201.6	10.0	13.5	2.0	-50.1	52.9	43.4	87.5	300.2	-2002.4	755.6	-3.7	
74.55	202.2	10.3	13.9	2.0	-52.2	53.0	40.6	93.1	297.9	-2161.0	758.9	-4.4	
74.60	202.9	10.5	14.6	2.0	-54.5	53.1	39.3	98.6	297.7	-2327.5	755.5	-4.2	
74.65	203.6	10.4	15.0	2.0	-56.4	53.2	38.7	103.9	296.1	-2463.5	775.5	-4.9	
74.70	204.2	10.4	15.3	2.0	-58.0	53.3	39.3	108.0	293.2	-2559.5	824.6	-5.5	
74.75	204.9	10.5	15.7	2.0	-59.3	53.4	41.5	111.0	292.2	-2641.7	866.2	-5.3	
74.80	205.5	11.1	16.3	2.0	-60.9	53.5	44.4	115.0	294.0	-2745.8	881.3	-5.1	
74.85	206.2	11.6	17.1	2.0	-62.6	53.6	45.9	118.8	295.1	-2870.9	882.6	-3.9	
74.90	206.9	11.8	18.2	2.0	-64.4	53.7	45.0	123.1	293.4	-3002.0	875.9	-1.7	
74.95	207.5	12.2	19.7	2.0	-66.0	53.8	44.2	126.3	290.2	-3126.2	882.6	1.7	
75.00	208.2	12.6	20.1	2.0	-67.2	53.9	43.2	129.1	287.9	-3211.4	872.4	2.0	
75.05	208.8	12.7	19.3	2.0	-67.3	54.0	41.3	130.9	286.8	-3232.2	825.0	-1.2	
75.10	209.5	12.9	17.9	2.0	-66.6	54.1	39.3	128.8	285.2	-3203.1	765.8	-5.3	
75.15	210.1	13.0	17.3	2.0	-65.9	54.2	37.2	126.4	282.8	-3170.1	700.0	-6.4	
75.20	210.8	13.0	18.1	2.0	-66.2	54.3	36.2	128.7	281.4	-3201.6	646.2	-4.0	
75.25	211.4	13.3	19.6	2.0	-67.9	54.4	37.9	134.5	281.2	-3318.1	640.9	-0.8	
75.30	212.1	13.5	21.6	2.0	-70.2	54.5	40.3	140.5	280.5	-3468.1	666.9	4.0	
75.35	212.7	13.6	23.7	2.0	-72.0	54.6	41.6	144.6	278.0	-3594.5	688.4	9.2	
75.40	213.4	13.3	25.4	2.0	-73.6	54.7	42.5	147.9	274.0	-3706.0	704.3	13.8	
75.45	214.0	13.3	26.1	2.0	-74.4	54.8	42.0	150.6	270.9	-3770.9	683.5	15.2	
75.50	214.6	13.5	24.9	2.0	-73.7	54.9	39.2	152.1	269.8	-3731.2	588.1	11.8	
75.55	215.3	13.6	23.3	2.0	-72.2	55.0	35.7	149.6	268.1	-3643.1	481.0	7.6	
75.60	215.9	13.6	22.4	2.0	-71.1	55.1	32.4	145.5	264.3	-3580.5	422.2	5.7	
75.65	216.5	13.5	22.2	2.0	-70.8	55.2	29.7	147.4	261.2	-3560.2	397.1	5.5	
75.70	217.2	13.9	22.6	2.0	-71.3	55.3	30.5	151.0	260.2	-3583.4	432.8	6.3	
75.75	217.8	13.8	24.4	2.0	-72.3	55.4	34.5	153.6	258.7	-3638.5	528.2	11.4	
75.80	218.4	13.7	26.2	2.0	-73.5	55.5	37.0	159.1	255.3	-3703.7	608.5	16.6	
75.85	219.0	13.6	28.1	2.0	-74.8	55.6	39.4	163.0	252.9	-3775.1	686.5	21.7	
75.90	219.7	13.3	28.4	2.0	-75.6	55.7	42.1	163.6	252.9	-3821.6	750.1	21.8	
75.95	220.3	13.0	27.8	2.0	-75.7	55.8	41.8	165.7	252.4	-3826.9	754.0	19.6	
76.00	220.9	12.6	26.6	2.0	-75.7	55.9	40.6	165.6	250.1	-3824.6	760.7	15.6	
76.05	221.6	12.2	25.6	2.0	-75.9	56.0	39.9	164.8	247.6	-3840.4	787.0	12.1	
76.10	222.2	11.9	24.8	2.0	-76.4	56.1	38.1	168.4	246.2	-3874.1	799.6	8.8	
76.15	222.8	11.8	24.3	2.0	-77.4	56.2	38.0	171.5	244.9	-3931.3	847.1	5.9	
76.20	223.4	11.6	24.8	2.0	-79.0	56.3	39.7	172.7	242.8	-4027.3	937.7	6.0	
76.25	224.1	11.4	25.8	2.0	-80.6	56.4	40.9	176.5	240.6	-4125.9	1011.5	7.9	
76.30	224.7	11.2	26.4	2.0	-82.1	56.5	43.3	181.0	239.7	-4215.1	1075.6	8.6	
76.35	225.3	11.0	26.9	2.0	-83.6	56.6	46.8	183.0	239.8	-4303.0	1141.5	8.7	
76.40	225.9	11.1	26.9	2.0	-84.3	56.7	47.9	184.4	238.2	-4353.9	1163.3	8.2	
76.45	226.6	11.4	26.6	2.0	-84.6	56.8	47.2	185.1	235.0	-4382.4	1145.0	6.7	
76.50	227.2	11.9	26.9	2.0	-85.2	56.9	47.2	185.1	232.1	-4434.4	1119.5	7.3	
76.55	227.8	12.1	27.0	2.0	-85.6	57.0	46.1	186.5	230.2	-4480.5	1056.7	7.1	
76.60	228.4	12.1	26.8	2.0	-85.5	57.1	43.2	187.9	227.4	-4495.2	965.6	6.5	
76.65	229.0	11.7	27.2	2.0	-85.6	57.2	39.8	187.8	222.6	-4525.3	882.1	7.8	
76.70	229.6	11.3	27.9	2.0	-85.8	57.3	36.3	189.0	218.5	-4565.7	774.2	10.0	
76.75	230.2	10.9	28.7	2.0	-86.1	57.4	32.7	192.6	216.6	-4598.2	629.2	12.4	
76.80	230.8	10.5	30.0	2.0	-86.3	57.5	30.8	195.1	214.3	-4624.9	508.2	16.8	
76.85	231.4	10.4	31.4	2.0	-86.1	57.6	29.7	195.5	210.2	-4619.5	415.6	21.8	
76.90	232.0	10.3	32.8	2.0	-85.9	57.7	28.3	196.2	206.2	-4616.5	317.6	26.9	
76.95	232.6	10.3	34.8	2.0	-86.7	57.8	27.6	198.7	204.1	-4676.2	220.8	32.8	
77.00	233.1	10.3	38.0	2.0	-88.4	57.9	27.0	203.3	202.3	-4801.5	132.5	41.9	
77.05	233.7	10.1	40.6	2.0	-90.6	58.0	24.9	209.5	199.7	-4947.9	56.0	48.6	
77.10	234.3	9.9	41.0	2.0	-91.9	58.1	23.2	212.3	196.7	-5041.4	29.4	48.7	
77.15	234.9	9.8	39.7	2.0	-92.3	58.2	22.1	212.8	195.0	-5074.3	35.6	43.8	
77.20	235.5	9.8	38.2	2.0	-93.0	58.3	22.4	214.1	193.7	-5122.4	67.6	38.2	
77.25	236.1	9.9	38.4	2.0	-94.3	58.4	24.2	215.8	192.1	-5217.3	130.2	37.4	
77.30	236.7	9.6	38.0	2.0	-95.7	58.5	25.0	218.3	191.1	-5318.0	200.7	34.6	
77.35	237.3	9.5	36.8	2.0	-97.1	58.6	25.3	221.0	188.9	-5406.2	302.5	29.2	
77.40	237.8	9.6	36.2	2.0	-98.9	58.7	27.9	224.7	186.2	-5525.6	464.8	25.4	
77.45	238.4	9.3	36.6	2.0	-101.2	58.8	33.5	229.8	184.3	-5660.9	664.2	24.6	
77.50	239.0	9.2	35.9	2.0	-102.5	58.9	40.5	231.6	183.6	-5725.7	867.1	20.6	
77.55	239.6	9.1	33.3	2.0	-102.4	59.0	46.5	228.0	182.5	-5697.3	1067.5	12.1	
77.60	240.2	8.9	30.8	2.0	-102.3	59.1	49.7	225.3	178.6	-5659.9	1247.3	3.3	
77.65	240.7	9.2	29.8	2.0	-102.8	59.2	50.5	227.4	174.1	-5673.0	1353.2	-0.5	
77.70	241.3	9.7	29.5	2.0	-103.3	59.3	50.0	230.1	171.8	-5704.4	1366.3	-2.2	
77.75	241.9	9.7	28.9	2.0	-103.1	59.4	47.5	230.8	170.2	-5697.2	1309.8	-3.8	
77.80	242.4	9.5	28.9	2.0	-102.7	59.5	43.3	232.3	165.9	-5686.0	1246.1	-3.4	
77.85	243.0	9.4	30.2	2.0	-102.8	59.6	41.3	233.7	159.9	-5693.7	1233.5	0.8	
77.90	243.5	9.7	31.5	2.0	-102.3	59.7	41.7	234.4	156.7	-5662.8	1207.3	5.9	
77.95	244.1	9.5	32.5	2.0	-101.2	59.8	42.3	234.6	155.5	-5590.6	1133.0	10.4	
78.00	244.6	9.1	34.6	2.0	-100.6	59.9	41.9	235.4	152.1	-5567.7	1048.4	18.1	
78.05	245.2	8.6	37.8	2.0	-100.9	60.0	40.0	237.8	147.3	-5606.0	948.5	29.0	
78.10	245.7	8.6	39.9	2.0	-100.9	60.1	35.8	241.2	144.5	-5625.7	780.7	35.9	
78.15	246.2	8.5	41.3	2.0	-100.7	60.2	31.0	244.1	143.0	-5627.1	583.1	41.0	
78.20	246.8	8.3	42.7	2.0	-100.5	60.3	27.9	244.6	139.7	-5626.7	435.8	46.1	
78.25	247.3	7.8	43.1	2.0	-99.7	60.4	25.1	242.6	135.6	-5580.1	320.1	48.3	
78.30	247.9	7.5	42.0	2.0	-98.0	60.5	22.7	238.5	133.1	-5471.5	226.7	46.1	
78.35	248.4	7.5	41.0	2.0	-96.7	60.6	21.9	235.4	131.0	-5391.9	179.5	43.9	
78.40	249.0	8.0	41.5	2.0	-96.7	60.7	22.2	236.1	127.7	-5388.9	173.9	45.8	
78.45	249.5	8.5	42.7	2.0	-97.2	60.8	22.6	237.5	124.9	-5424.8	177.9	49.4	
78.50	250.1	8.8	43.1	2.0	-97.7	60.9	23.9	237.8	123.4	-5460.6	201.3	50.3	
78.55	250.6	9.2	43.1	2.0	-98.3	61.0	25.4	238.8	121.4	-5500.9	249.9	49.7	
78.60	251.1	9.2	43.0	2.0	-98.9	61.1	28.2	239.9	118.6	-5541.1	336.6	48.7	
78.65	251.7	9.0	42.7	2.0	-99.6	61.2	32.2	240.0	116.3	-5586.3	448.3	46.9	
78.70	252.2	8.9	41.1	2.0	-100.3	61.3	35.0	240.2	114.3	-5631.1	557.4	40.8	
78.75	252.7	9.3	39.2	2.0	-101.3	61.4	34.8	242.3	111.1	-5694.7	655.3	33.3	
78.80	253.2	9.8	38.5	2.0	-103.0	61.5	34.3	245.1	106.3	-5802.6	764.9	29.0	
78.85	253.8	9.5	38.4	2.0	-104.7	61.6	34.3	248.1	102.3	-5917.5	850.0	27.1	
78.90	254.3	9.2	37.9	2.0	-105.9	61.7	34.1	251.3	99.3	-5995.2	894.8	24.3	
78.95	254.8	9.1	36.9	2.0	-106.9	61.8	34.5	253.9	95.4	-6058.1	959.5	19.8	
79.00	255.3	9.5	37.0	2.0	-108.3	61.9	36.1	257.0	90.6	-6141.6	1052.8	18.7	
79.05	255.8	9.5	37.3	2.0	-109.3	62.0	38.2	258.7	87.0	-6200.9	1134.0	18.8	
79.10	256.3	9.4	37.5	2.0	-110.1	62.1	41.0	260.1	85.3	-6248.0	1196.6	18.6	
79.15	256.8	9.2	38.5	2.0	-111.5	62.2	44.0	263.9	83.1	-6329.5	1264.6	20.7	
79.20	257.3	9.1	40.0	2.0	-113.1	62.3	45.6	269.0	79.5	-6433.8	1318.1	24.2	
79.25	257.8	9.0	41.1	2.0	-114.3	62.4	45.0	271.0	76.9	-6524.1	1309.9	26.7	
79.30	258.4	8.9	40.3	2.0	-114.3	62.5	42.4	269.6	74.9	-6546.9	1236.0	23.9	
79.35	258.9	9.0	39.0	2.0	-113.6	62.6	38.1	268.0	72.3	-6523.2	1117.1	20.2	
79.40	259.4	8.9	39.1	2.0	-113.1	62.7	34.9	267.2	69.8	-6510.1	998.6	20.9	
79.45	259.9	8.6	40.5	2.0	-113.4	62.8	33.8	267.4	68.2	-6547.2	907.2	25.6	
79.50	260.4	8.1	41.4	2.0	-114.1	62.9	32.0	270.0	67.1	-6601.9	809.1	28.1	
79.55	261.0	8.0	42.0	2.0	-114.5	63.0	29.2	272.0	65.0	-6641.3	713.9	29.8	
79.60	261.5	8.1	43.7	2.0	-114.7	63.1	28.7	270.5	62.5	-6671.8	661.1	35.3	
79.65	262.0	8.5	45.5	2.0	-114.5	63.2	30.4	268.7	61.2	-6663.9	603.0	41.8	
79.70	262.5	8.8	45.8	2.0	-113.4	63.3	31.6	268.3	60.7	-6589.1	505.2	43.7	
79.75	263.0	9.2	46.1	2.0	-112.1	63.4	31.3	265.7	58.6	-6510.1	406.6	46.0	
79.80	263.5	9.7	46.6	2.0	-111.0	63.5	28.2	261.1	55.0	-6451.7	292.7	48.9	
79.85	264.0	9.8	46.6	2.0	-109.9	63.6	21.9	257.2	51.2	-6388.0	135.0	50.0	
79.90	264.5	9.7	46.9	2.0	-109.4	63.7	16.6	257.1	47.4	-6358.5	-1.9	51.5	
79.95	265.0	9.7	47.8	2.0	-109.6	63.8	14.2	260.4	43.9	-6361.2	-91.1	54.5	
80.00	265.5	9.8	48.9	2.0	-109.6	63.9	12.1	263.0	40.6	-6356.9	-159.7	58.3	
80.05	265.9	9.8	49.8	2.0	-109.6	64.0	11.0	262.9	36.8	-6360.5	-174.6	61.3	
80.10	266.4	9.7	50.4	2.0	-109.8	64.1	11.4	262.7	33.5	-6380.9	-150.6	63.2	
80.15	266.9	9.5	51.6	2.0	-110.6	64.2	12.7	266.4	30.7	-6428.3	-118.0	66.4	
80.20	267.4	9.3	52.8	2.0	-111.9	64.3	14.9	272.3	28.5	-6514.2	-71.9	69.4	
80.25	267.8	9.1	54.3	2.0	-113.2	64.4	16.9	275.7	25.9	-6602.7	-5.8	73.2	
80.30	268.3	8.6	53.6	2.0	-113.8	64.5	16.4	277.9	22.2	-6644.4	58.2	70.2	
80.35	268.8	8.2	51.8	2.0	-113.9	64.6	15.2	278.4	18.6	-6657.0	132.7	63.9	
80.40	269.3	8.1	50.1	2.0	-113.9	64.7	17.0	276.1	16.8	-6658.8	243.1	58.0	
80.45	269.8	8.4	47.7	2.0	-113.3	64.8	20.0	273.6	15.6	-6616.9	365.5	50.4	
80.50	270.3	8.4	45.2	2.0	-112.6	64.9	21.7	271.4	13.7	-6560.4	491.3	42.5	
80.55	270.7	8.3	44.0	2.0	-112.3	65.0	24.3	269.9	11.5	-6533.2	646.5	38.7	
80.60	271.2	8.3	42.3	2.0	-112.0	65.1	28.4	268.0	9.6	-6500.1	811.8	33.1	
80.65	271.7	8.5	41.4	2.0	-112.1	65.2	32.8	267.6	9.2	-6485.5	944.4	30.0	
80.70	272.2	8.7	41.2	2.0	-112.6	65.3	37.6	267.5	9.2	-6507.7	1059.9	28.9	
80.75	272.7	9.2	41.4	2.0	-113.3	65.4	40.8	268.8	7.7	-6542.2	1155.8	28.8	
80.80	273.2	9.2	41.5	2.0	-114.0	65.5	41.9	270.4	5.6	-6574.6	1214.6	28.5	
80.85	273.6	9.2	41.0	2.0	-114.0	65.6	42.1	269.8	4.5	-6581.6	1218.9	26.6	
80.90	274.1	9.6	41.1	2.0	-113.9	65.7	40.9	268.1	3.1	-6589.7	1170.3	27.2	
80.95	274.6	9.8	41.4	2.0	-113.8	65.8	38.1	267.4	0.8	-6596.3	1088.9	28.4	
81.00	275.0	10.0	41.3	2.0	-113.2	65.9	34.2	267.1	-1.6	-6575.9	972.1	28.4	
81.05	275.5	10.4	41.7	2.0	-112.9	66.0	29.8	268.4	-4.2	-6566.3	846.8	30.1	
81.10	275.9	10.8	43.2	2.0	-113.2	66.1	25.6	271.3	-8.3	-6589.5	734.7	35.2	
81.15	276.4	11.1	45.4	2.0	-113.4	66.2	21.8	273.8	-12.5	-6610.8	606.1	42.5	
81.20	276.8	11.2	47.1	2.0	-112.7	66.3	19.8	272.7	-14.7	-6566.2	474.6	49.1	
81.25	277.3	11.4	48.4	2.0	-111.3	66.4	20.8	269.8	-16.3	-6472.8	393.9	54.9	
81.30	277.7	11.3	48.9	2.0	-109.8	66.5	22.9	267.3	-19.2	-6363.8	357.4	58.2	
81.35	278.2	10.9	49.5	2.0	-108.5	66.6	23.1	265.1	-23.1	-6272.1	319.1	61.5	
81.40	278.6	10.9	49.9	2.0	-107.4	66.7	21.6	260.6	-25.9	-6208.0	250.6	63.9	
81.45	279.0	10.7	50.4	2.0	-106.9	66.8	18.7	257.3	-27.8	-6181.6	145.9	66.0	
81.50	279.5	10.2	51.5	2.0	-107.6	66.9	14.5	260.2	-31.1	-6225.6	39.5	69.1	
81.55	279.9	10.0	52.3	2.0	-108.7	67.0	10.7	264.3	-35.8	-6291.8	-34.9	70.8	
81.60	280.4	10.3	50.9	2.0	-108.1	67.1	7.7	261.8	-37.7	-6254.2	-125.3	66.5	
81.65	280.8	10.8	49.4	2.0	-107.3	67.2	5.8	256.5	-37.2	-6207.3	-205.2	62.2	
81.70	281.3	10.5	49.6	2.0	-107.8	67.3	6.3	255.5	-39.2	-6246.3	-184.6	62.4	
81.75	281.7	10.0	50.8	2.0	-109.3	67.4	9.3	259.8	-41.8	-6343.2	-112.9	65.2	
81.80	282.1	9.6	52.2	2.0	-110.7	67.5	13.0	263.6	-41.4	-6442.6	-59.1	68.5	
81.85	282.6	9.4	53.3	2.0	-112.2	67.6	16.5	265.8	-40.9	-6549.3	16.5	70.7	
81.90	283.0	9.3	54.2	2.0	-113.7	67.7	17.3	268.3	-43.5	-6648.8	93.0	72.4	
81.95	283.4	9.2	54.0	2.0	-114.4	67.8	16.0	270.1	-46.8	-6693.6	139.0	71.0	
82.00	283.8	8.8	52.1	2.0	-113.6	67.9	15.7	267.9	-47.3	-6640.4	148.2	65.4	
82.05	284.3	8.4	49.4	2.0	-111.7	68.0	16.7	263.6	-47.0	-6512.5	159.2	57.8	
82.10	284.7	8.3	47.4	2.0	-110.5	68.1	16.9	261.1	-49.7	-6418.2	212.6	52.2	
82.15	285.1	8.6	46.1	2.0	-110.3	68.2	15.9	259.6	-54.3	-6404.8	287.4	48.0	
82.20	285.5	8.9	46.0	2.0	-110.9	68.3	16.1	260.4	-56.8	-6446.7	341.4	47.1	
82.25	285.9	9.1	46.9	2.0	-112.4	68.4	18.8	265.2	-58.0	-6535.3	413.7	48.5	
82.30	286.3	8.9	49.7	2.0	-114.7	68.5	23.1	272.6	-60.7	-6678.2	539.2	55.8	
82.35	286.7	9.2	51.1	2.0	-116.6	68.6	26.2	277.3	-64.9	-6797.1	657.6	58.7	
82.40	287.1	9.4	50.4	2.0	-117.1	68.7	25.8	276.8	-67.3	-6830.3	671.9	55.8	
82.45	287.5	9.4	49.7	2.0	-117.1	68.8	24.1	274.4	-68.5	-6839.1	631.1	53.6	
82.50	287.9	9.3	49.7	2.0	-117.4	68.9	24.4	275.0	-71.2	-6859.4	625.0	53.1	
82.55	288.3	9.4	50.0	2.0	-117.1	69.0	24.7	275.6	-74.5	-6829.7	627.9	54.5	
82.60	288.6	9.6	47.3	2.0	-115.5	69.1	22.9	271.5	-76.3	-6727.5	603.9	46.8	
82.65	289.0	9.8	44.9	2.0	-114.0	69.2	20.9	267.1	-78.4	-6625.1	599.1	39.9	
82.70	289.4	10.1	44.8	2.0	-113.2	69.3	20.6	266.0	-81.8	-6559.6	634.9	40.5	
82.75	289.8	10.3	45.8	2.0	-112.1	69.4	23.9	263.9	-83.7	-6477.2	694.5	45.1	
82.80	290.2	10.4	45.9	2.0	-110.1	69.5	26.9	259.6	-83.0	-6336.8	697.1	47.4	
82.85	290.6	10.1	45.2	2.0	-108.0	69.6	27.5	255.9	-83.8	-6184.4	671.4	47.1	
82.90	291.0	9.8	45.6	2.0	-106.8	69.7	27.7	253.6	-86.9	-6100.4	666.6	49.8	
82.95	291.3	10.0	45.6	2.0	-106.0	69.8	28.0	250.3	-88.6	-6050.4	638.3	50.5	
83.00	291.7	10.3	45.6	2.0	-105.1	69.9	27.1	248.2	-87.8	-5998.5	550.5	51.3	
83.05	292.1	10.7	46.0	2.0	-105.1	70.0	24.9	249.4	-88.7	-5999.9	477.2	52.9	
83.10	292.5	11.0	47.2	2.0	-105.8	70.1	21.9	252.5	-92.6	-6043.4	434.5	56.3	
83.15	292.8	11.0	47.4	2.0	-105.9	70.2	16.9	254.3	-95.9	-6049.4	343.7	56.8	
83.20	293.2	10.8	47.6	2.0	-105.4	70.3	12.1	252.8	-97.1	-6026.1	221.4	57.8	
83.25	293.5	10.3	48.7	2.0	-105.2	70.4	9.9	251.4	-98.2	-6015.8	125.6	61.9	
83.30	293.9	10.3	49.2	2.0	-104.8	70.5	9.1	251.4	-100.7	-5984.9	67.4	64.0	
83.35	294.2	10.2	49.0	2.0	-103.9	70.6	8.6	252.0	-103.4	-5913.6	43.9	64.3	
83.40	294.6	9.9	49.8	2.0	-103.1	70.7	9.1	250.3	-105.5	-5851.8	62.8	68.0	
83.45	294.9	9.9	50.8	2.0	-102.6	70.8	10.9	248.3	-108.2	-5823.1	99.9	71.6	
83.50	295.3	9.8	50.8	2.0	-102.2	70.9	11.6	247.8	-111.5	-5787.9	90.0	72.1	
83.55	295.6	9.6	50.1	2.0	-101.6	71.0	10.8	246.4	-114.1	-5748.7	33.0	70.3	
83.60	295.9	10.2	49.9	2.0	-101.0	71.1	10.3	241.9	-116.2	-5712.0	-18.9	70.2	
83.65	296.3	10.5	49.5	2.0	-100.7	71.2	8.7	238.7	-119.2	-5695.1	-65.2	69.1	
83.70	296.6	10.6	49.3	2.0	-101.1	71.3	6.0	240.2	-122.7	-5715.6	-117.3	68.2	
83.75	297.0	10.9	49.0	2.0	-102.0	71.4	6.1	241.3	-124.6	-5781.0	-126.0	66.2	
83.80	297.3	11.0	49.5	2.0	-103.2	71.5	8.6	240.7	-125.3	-5876.1	-81.8	66.8	
83.85	297.6	10.9	50.4	2.0	-104.6	71.6	9.7	242.8	-127.1	-5971.8	-23.9	68.5	
83.90	298.0	10.1	50.7	2.0	-106.0	71.7	10.6	246.5	-129.6	-6065.2	41.5	67.9	
83.95	298.3	10.0	50.8	2.0	-107.0	71.8	13.9	247.5	-131.2	-6134.0	134.5	67.5	
84.00	298.6	10.0	49.6	2.0	-107.2	71.9	18.0	245.9	-131.0	-6153.6	218.8	63.2	
84.05	299.0	9.8	48.3	2.0	-106.7	72.0	19.0	243.4	-129.7	-6124.1	247.6	58.9	
84.10	299.3	9.8	46.5	2.0	-106.3	72.1	19.7	240.8	-130.7	-6095.1	329.3	53.4	
84.15	299.6	10.0	45.5	2.0	-106.3	72.2	21.7	239.2	-133.2	-6085.3	471.9	49.8	
84.20	299.9	10.3	44.2	2.0	-106.2	72.3	23.1	240.1	-134.0	-6065.8	567.4	45.5	
84.25	300.2	10.9	42.8	2.0	-106.1	72.4	23.6	242.2	-134.1	-6052.3	625.2	40.8	
84.30	300.5	11.3	42.4	2.0	-106.5	72.5	25.4	242.4	-136.6	-6062.6	738.1	39.1	
84.35	300.8	11.3	42.3	2.0	-106.6	72.6	27.2	240.4	-139.6	-6059.8	852.9	38.7	
84.40	301.1	11.0	41.2	2.0	-105.9	72.7	26.6	237.9	-140.2	-6006.5	883.3	35.6	
84.45	301.4	10.7	40.4	2.0	-105.4	72.8	25.9	237.2	-141.2	-5966.6	888.7	33.4	
84.50	301.7	10.6	41.5	2.0	-105.9	72.9	27.1	239.1	-144.1	-5996.7	912.5	36.5	
84.55	302.0	10.6	42.8	2.0	-106.3	73.0	26.0	241.2	-146.6	-6023.5	868.7	40.7	
84.60	302.3	10.4	42.6	2.0	-105.5	73.1	22.5	239.5	-147.6	-5984.0	752.4	40.7	
84.65	302.6	10.0	42.8	2.0	-104.8	73.2	20.1	237.2	-149.6	-5951.1	652.1	42.1	
84.70	302.9	9.7	44.9	2.0	-104.4	73.3	18.6	237.4	-153.2	-5926.9	577.9	49.8	
84.75	303.2	9.6	45.8	2.0	-103.5	73.4	17.4	237.0	-155.3	-5864.1	488.9	53.6	
84.80	303.4	9.6	45.7	2.0	-101.5	73.5	16.0	232.2	-154.7	-5738.2	368.4	55.2	
84.85	303.7	9.7	45.7	2.0	-99.3	73.6	13.4	225.9	-155.8	-5590.5	252.6	57.6	
84.90	304.0	9.8	46.4	2.0	-97.8	73.7	9.5	223.3	-159.5	-5492.4	131.1	61.4	
84.95	304.3	9.7	47.5	2.0	-97.1	73.8	5.9	223.4	-161.3	-5439.0	-36.8	66.1	
85.00	304.6	8.9	48.9	2.0	-96.2	73.9	3.0	221.8	-160.3	-5365.4	-226.7	71.6	
85.05	304.9	8.8	49.5	2.0	-95.2	74.0	1.5	219.2	-161.1	-5291.2	-343.2	74.8	
85.10	305.2	9.0	50.1	2.0	-94.3	74.1	0.5	217.0	-163.6	-5224.8	-400.2	77.9	
85.15	305.4	9.2	49.8	2.0	-93.0	74.2	0.1	214.3	-164.4	-5132.3	-435.0	77.9	
85.20	305.7	9.6	50.0	2.0	-92.0	74.3	1.8	211.1	-162.5	-5065.2	-432.8	79.6	
85.25	306.0	10.0	50.7	2.0	-91.9	74.4	4.4	211.0	-162.2	-5064.7	-379.1	82.0	
85.30	306.3	10.3	51.1	2.0	-92.4	74.5	4.7	214.0	-164.1	-5096.6	-324.7	83.0	
85.35	306.6	10.3	49.4	2.0	-92.4	74.6	3.3	214.8	-165.6	-5094.9	-284.7	77.3	
85.40	306.8	10.3	47.7	2.0	-91.8	74.7	2.3	212.4	-165.8	-5060.5	-234.9	72.1	
85.45	307.1	10.3	46.3	2.0	-91.5	74.8	3.2	211.6	-167.0	-5039.4	-133.8	67.5	
85.50	307.4	10.0	45.0	2.0	-91.3	74.9	4.6	212.6	-168.6	-5025.3	-11.7	63.0	
85.55	307.6	9.9	42.8	2.0	-91.0	75.0	7.1	211.9	-169.2	-4996.8	123.8	56.1	
85.60	307.9	9.9	41.5	2.0	-91.0	75.1	10.9	210.9	-169.8	-4997.7	292.9	51.3	
85.65	308.1	9.2	40.9	2.0	-91.7	75.2	15.2	211.6	-171.1	-5029.9	480.9	48.6	
85.70	308.4	8.9	40.3	2.0	-92.3	75.3	20.2	211.6	-172.3	-5051.8	668.8	46.2	
85.75	308.6	8.8	39.6	2.0	-92.6	75.4	26.0	210.2	-173.3	-5047.7	851.1	43.2	
85.80	308.9	8.6	38.5	2.0	-92.5	75.5	29.4	208.6	-174.3	-5022.3	987.9	39.7	
85.85	309.1	8.2	37.6	2.0	-92.7	75.6	30.3	208.0	-176.1	-5013.6	1079.7	36.5	
85.90	309.4	7.8	37.1	2.0	-93.0	75.7	29.8	208.0	-178.6	-5027.8	1129.4	34.3	
85.95	309.6	8.0	36.5	2.0	-93.4	75.8	28.7	207.5	-179.9	-5056.7	1125.9	31.8	
86.00	309.9	8.2	36.2	2.0	-93.6	75.9	26.9	206.7	-180.2	-5089.5	1076.1	30.5	
86.05	310.1	8.4	35.8	2.0	-93.8	76.0	24.8	206.4	-180.9	-5117.9	1010.3	29.1	
86.10	310.4	8.6	36.7	2.0	-94.4	76.1	25.1	207.1	-183.0	-5159.9	998.0	31.7	
86.15	310.6	8.7	38.2	2.0	-94.5	76.2	27.6	205.7	-184.2	-5168.3	1012.6	36.8	
86.20	310.9	8.9	38.7	2.0	-93.8	76.3	27.9	201.9	-182.3	-5144.5	944.9	38.9	
86.25	311.1	9.0	40.0	2.0	-93.9	76.4	25.8	201.2	-182.4	-5167.7	838.2	43.5	
86.30	311.4	9.3	42.6	2.0	-95.1	76.5	23.7	205.7	-185.2	-5260.9	738.9	51.1	
86.35	311.6	9.7	44.7	2.0	-95.4	76.6	19.8	208.5	-185.0	-5305.0	557.5	57.9	
86.40	311.9	9.9	44.9	2.0	-94.6	76.7	14.1	206.6	-182.8	-5269.2	324.8	59.6	
86.45	312.1	9.9	45.0	2.0	-93.6	76.8	8.0	203.7	-184.6	-5212.7	131.9	60.8	
86.50	312.3	9.8	45.8	2.0	-93.3	76.9	3.0	202.9	-187.9	-5190.6	-33.5	64.0	
86.55	312.6	9.5	46.9	2.0	-93.2	77.0	-0.8	201.8	-187.7	-5178.5	-205.5	68.0	
86.60	312.8	9.4	48.2	2.0	-93.2	77.1	-2.3	202.0	-186.7	-5177.1	-327.4	72.4	
86.65	313.0	9.4	49.8	2.0	-93.4	77.2	-4.1	202.9	-188.5	-5179.0	-419.3	77.5	
86.70	313.3	9.5	51.2	2.0	-93.6	77.3	-6.0	203.4	-191.5	-5182.6	-498.1	82.0	
86.75	313.5	9.2	53.0	2.0	-93.7	77.4	-7.1	201.9	-191.3	-5181.1	-598.3	88.4	
86.80	313.7	9.1	53.4	2.0	-93.3	77.5	-5.7	199.8	-189.2	-5149.8	-670.9	90.0	
86.85	313.9	9.1	53.4	2.0	-92.4	77.6	-5.2	199.8	-190.2	-5082.0	-683.3	90.8	
86.90	314.2	9.1	52.0	2.0	-91.0	77.7	-5.1	199.0	-194.4	-4981.2	-623.4	87.4	
86.95	314.4	9.6	50.9	2.0	-89.7	77.8	-4.4	195.6	-196.5	-4903.2	-555.0	84.9	
87.00	314.6	10.1	50.1	2.0	-89.3	77.9	-3.4	193.5	-196.1	-4885.0	-495.8	82.5	
87.05	314.8	10.0	49.2	2.0	-89.5	78.0	-1.9	194.2	-197.0	-4900.6	-409.6	79.5	
87.10	315.0	10.2	48.1	2.0	-89.6	78.1	0.4	195.3	-199.0	-4915.9	-285.4	75.6	
87.15	315.2	10.7	46.4	2.0	-89.1	78.2	3.2	193.7	-200.4	-4887.9	-128.3	70.2	
87.20	315.5	11.6	43.6	2.0	-87.9	78.3	7.0	190.2	-200.3	-4810.3	53.7	61.8	
87.25	315.7	11.7	41.1	2.0	-86.9	78.4	12.9	186.6	-199.4	-4732.5	261.0	54.4	
87.30	315.9	11.5	39.4	2.0	-86.5	78.5	20.5	184.6	-199.5	-4688.7	521.8	48.7	
87.35	316.1	11.1	39.1	2.0	-87.1	78.6	26.2	185.7	-200.2	-4691.1	777.3	47.0	
87.40	316.3	10.9	37.4	2.0	-87.7	78.7	29.6	187.5	-201.0	-4688.6	985.3	40.8	
87.45	316.5	10.8	36.1	2.0	-88.2	78.8	30.5	188.6	-201.5	-4694.6	1119.3	35.6	
87.50	316.7	10.5	34.9	2.0	-88.7	78.9	30.4	188.5	-201.9	-4714.4	1203.2	30.9	
87.55	317.0	10.1	33.1	2.0	-88.4	79.0	30.0	187.0	-202.2	-4679.0	1249.0	25.4	
87.60	317.2	9.8	31.2	2.0	-87.1	79.1	29.5	184.2	-202.3	-4581.8	1271.9	20.1	
87.65	317.4	9.6	30.0	2.0	-85.8	79.2	29.5	180.6	-202.7	-4484.0	1287.8	17.2	
87.70	317.6	9.6	30.0	2.0	-85.4	79.3	30.3	179.1	-204.0	-4454.5	1300.1	17.4	
87.75	317.8	9.8	31.7	2.0	-85.7	79.4	29.5	180.1	-204.3	-4489.7	1248.7	23.2	
87.80	318.0	9.9	34.3	2.0	-86.0	79.5	27.5	181.5	-204.1	-4537.7	1133.8	31.7	
87.85	318.2	9.6	36.1	2.0	-85.8	79.6	26.7	182.3	-205.5	-4548.2	1016.3	38.3	
87.90	318.4	9.5	38.1	2.0	-84.9	79.7	24.8	182.2	-207.9	-4514.0	862.9	45.8	
87.95	318.6	9.5	39.6	2.0	-83.6	79.8	19.5	179.3	-208.2	-4465.6	618.7	52.3	
88.00	318.8	9.6	39.9	2.0	-82.5	79.9	14.3	174.9	-208.7	-4418.0	353.1	54.4	
88.05	319.0	9.6	40.3	2.0	-81.6	80.0	7.8	172.4	-210.7	-4372.9	79.9	56.7	
88.10	319.2	9.5	41.9	2.0	-81.1	80.1	1.9	171.5	-213.5	-4331.9	-146.7	62.7	
88.15	319.3	9.2	44.4	2.0	-81.1	80.2	-0.5	170.4	-214.7	-4325.4	-309.9	71.4	
88.20	319.5	9.3	46.4	2.0	-81.1	80.3	-2.2	168.7	-214.7	-4321.8	-461.1	78.0	
88.25	319.7	9.3	47.8	2.0	-81.5	80.4	-5.7	169.1	-216.1	-4329.7	-606.0	82.7	
88.30	319.9	8.7	48.9	2.0	-81.8	80.5	-7.7	168.4	-218.3	-4338.6	-689.7	86.0	
88.35	320.1	8.8	49.5	2.0	-81.3	80.6	-6.5	165.6	-218.8	-4305.8	-710.7	88.7	
88.40	320.3	9.0	48.8	2.0	-80.4	80.7	-5.8	165.1	-218.6	-4239.4	-721.3	87.2	
88.45	320.5	8.8	47.8	2.0	-79.9	80.8	-6.5	165.1	-219.6	-4197.6	-714.4	84.0	
88.50	320.7	8.9	47.3	2.0	-80.0	80.9	-6.7	163.5	-221.2	-4218.0	-653.9	82.5	
88.55	320.9	9.2	46.6	2.0	-80.2	81.0	-6.5	163.1	-221.8	-4252.3	-572.2	79.7	
88.60	321.1	9.6	44.6	2.0	-80.1	81.1	-5.4	165.9	-221.3	-4245.8	-468.1	73.0	
88.65	321.3	9.7	43.0	2.0	-79.8	81.2	-1.0	168.6	-221.5	-4228.9	-273.9	67.8	
88.70	321.5	9.7	41.9	2.0	-79.3	81.3	5.1	166.7	-222.4	-4206.7	-8.6	64.6	
88.75	321.7	9.9	40.1	2.0	-78.8	81.4	8.5	163.8	-222.3	-4171.8	202.9	59.0	
88.80	321.9	10.3	37.0	2.0	-78.5	81.5	11.1	163.3	-222.0	-4136.8	375.4	48.5	
88.85	322.0	10.8	35.8	2.0	-79.1	81.6	16.5	165.1	-222.3	-4153.3	587.7	44.0	
88.90	322.2	11.3	35.8	2.0	-79.9	81.7	22.1	167.4	-223.0	-4173.8	800.4	43.0	
88.95	322.4	10.9	34.4	2.0	-80.0	81.8	23.9	168.8	-223.5	-4146.0	925.2	38.1	
89.00	322.6	10.8	32.0	2.0	-79.2	81.9	24.3	165.9	-224.2	-4071.4	1006.5	30.7	
89.05	322.8	11.1	30.2	2.0	-78.1	82.0	27.4	159.3	-225.0	-3978.4	1114.8	25.7	
89.10	323.0	11.6	29.6	2.0	-77.4	82.1	31.4	156.1	-225.2	-3897.8	1218.0	24.3	
89.15	323.1	11.8	29.3	2.0	-76.9	82.2	33.6	156.4	-225.3	-3837.1	1281.2	23.8	
89.20	323.3	11.8	29.3	2.0	-77.0	82.3	35.3	155.2	-226.6	-3823.3	1332.8	23.8	
89.25	323.5	11.7	29.9	2.0	-77.1	82.4	34.8	152.7	-228.5	-3838.5	1331.8	25.5	
89.30	323.7	11.5	30.1	2.0	-76.8	82.5	31.6	152.4	-230.0	-3845.5	1246.3	26.5	
89.35	323.9	11.2	30.1	2.0	-76.1	82.6	29.3	152.9	-230.5	-3829.9	1126.7	27.3	
89.40	324.0	10.9	30.6	2.0	-75.3	82.7	28.0	152.0	-231.0	-3802.0	1008.8	29.9	
89.45	324.2	10.9	31.2	2.0	-74.1	82.8	24.4	149.8	-232.9	-3753.0	865.6	33.1	
89.50	324.4	10.7	31.1	2.0	-73.3	82.9	18.3	148.3	-234.1	-3732.4	668.1	33.4	
89.55	324.6	10.1	32.5	2.0	-73.2	83.0	13.8	147.7	-233.9	-3760.9	478.6	38.5	
89.60	324.8	10.2	36.0	2.0	-74.0	83.1	13.3	150.0	-234.3	-3827.4	375.3	49.5	
89.65	325.0	10.5	38.7	2.0	-74.5	83.2	13.9	153.8	-235.4	-3856.7	308.6	58.4	
89.70	325.1	10.8	39.1	2.0	-73.4	83.3	10.3	152.7	-235.4	-3786.4	164.1	61.0	
89.75	325.3	10.3	38.3	2.0	-72.0	83.4	4.7	147.1	-235.7	-3700.1	-14.1	59.6	
89.80	325.5	10.0	39.1	2.0	-71.4	83.5	0.0	143.0	-237.0	-3660.2	-178.5	62.9	
89.85	325.7	10.0	40.2	2.0	-71.4	83.6	-3.1	144.0	-237.3	-3647.8	-338.0	66.8	
89.90	325.9	9.8	40.5	2.0	-71.5	83.7	-6.9	146.5	-235.9	-3631.7	-516.6	67.5	
89.95	326.1	9.8	40.9	2.0	-72.0	83.8	-11.0	147.4	-236.3	-3639.3	-651.5	68.5	
90.00	326.2	9.8	42.0	2.0	-72.6	83.9	-12.9	147.8	-239.1	-3674.5	-690.6	71.7	
90.05	326.4	10.1	42.7	2.0	-72.7	84.0	-11.7	148.3	-239.5	-3690.0	-676.6	74.0	
90.10	326.6	10.3	42.9	2.0	-72.2	84.1	-7.1	148.2	-237.0	-3659.3	-616.2	75.2	
90.15	326.8	10.4	42.8	2.0	-71.6	84.2	-2.3	148.6	-236.7	-3633.1	-507.2	75.2	
90.20	326.9	10.3	42.9	2.0	-71.4	84.3	-0.7	149.6	-239.7	-3627.1	-393.4	76.0	
90.25	327.1	10.3	42.3	2.0	-71.4	84.4	-0.4	149.5	-241.0	-3634.0	-313.2	73.8	
90.30	327.3	10.3	40.3	2.0	-71.0	84.5	2.7	146.5	-238.7	-3617.3	-219.7	67.2	
90.35	327.4	10.3	38.3	2.0	-70.3	84.6	5.8	144.4	-237.7	-3575.3	-84.5	61.2	
90.40	327.6	10.6	36.0	2.0	-69.4	84.7	7.1	144.8	-241.1	-3507.6	98.7	54.2	
90.45	327.8	10.9	32.6	2.0	-68.3	84.8	10.0	142.8	-244.5	-3410.4	322.0	43.5	
90.50	328.0	11.2	30.1	2.0	-67.5	84.9	14.9	138.1	-243.1	-3336.9	533.0	35.9	
90.55	328.1	11.1	28.1	2.0	-67.2	85.0	20.3	134.9	-241.1	-3282.8	748.9	29.4	
90.60	328.3	10.9	27.0	2.0	-67.7	85.1	24.9	135.9	-242.9	-3253.9	980.6	25.0	
90.65	328.5	10.7	26.7	2.0	-68.8	85.2	30.2	138.4	-245.2	-3252.3	1204.2	23.0	
90.70	328.6	11.0	26.1	2.0	-69.6	85.3	34.1	139.1	-243.6	-3263.5	1343.1	19.9	
90.75	328.8	11.2	25.8	2.0	-70.4	85.4	34.6	139.5	-241.3	-3305.3	1396.0	18.3	
90.80	329.0	11.0	25.8	2.0	-71.3	85.5	34.4	140.0	-243.1	-3353.8	1450.9	17.3	
90.85	329.1	10.9	25.4	2.0	-71.6	85.6	33.9	139.8	-245.5	-3367.3	1477.3	15.5	
90.90	329.3	10.9	23.6	2.0	-70.7	85.7	32.2	139.0	-244.7	-3322.9	1420.0	10.3	
90.95	329.5	10.9	23.5	2.0	-69.8	85.8	28.6	139.5	-243.5	-3295.7	1297.0	10.9	
91.00	329.6	10.6	25.2	2.0	-69.5	85.9	26.1	140.0	-244.9	-3315.1	1185.1	17.0	
91.05	329.8	10.4	27.3	2.0	-69.0	86.0	23.6	139.3	-245.6	-3329.5	1039.9	24.6	
91.10	330.0	10.3	28.2	2.0	-67.7	86.1	19.8	138.7	-244.1	-3287.3	829.0	29.0	
91.15	330.1	10.5	29.9	2.0	-67.1	86.2	16.6	140.7	-243.4	-3279.4	625.3	35.5	
91.20	330.3	11.0	33.0	2.0	-67.0	86.3	15.7	141.7	-245.3	-3296.2	473.7	46.4	
91.25	330.5	11.6	34.4	2.0	-66.3	86.4	13.6	138.8	-245.9	-3276.3	288.1	51.8	
91.30	330.6	11.6	34.3	2.0	-65.3	86.5	7.4	134.4	-244.1	-3223.8	22.4	52.6	
91.35	330.8	11.8	34.6	2.0	-64.8	86.6	1.3	132.5	-245.4	-3183.5	-207.4	54.2	
91.40	330.9	11.9	38.0	2.0	-66.0	86.7	-2.2	135.3	-248.9	-3248.9	-368.5	64.5	
91.45	331.1	12.1	40.2	2.0	-67.3	86.8	-4.1	136.9	-249.7	-3326.9	-514.0	70.7	
91.50	331.2	12.3	40.2	2.0	-68.5	86.9	-8.5	137.0	-247.4	-3385.2	-696.6	69.5	
91.55	331.4	12.6	40.8	2.0	-69.3	87.0	-13.6	137.3	-248.4	-3418.0	-813.8	70.7	
91.60	331.5	12.9	41.3	2.0	-69.1	87.1	-13.4	137.3	-253.3	-3409.3	-763.3	72.6	
91.65	331.7	13.0	41.6	2.0	-68.0	87.2	-8.9	136.2	-254.0	-3355.9	-655.1	74.7	
91.70	331.8	13.0	39.5	2.0	-66.5	87.3	-4.8	133.2	-250.0	-3261.5	-577.1	69.3	
91.75	332.0	12.9	37.5	2.0	-65.2	87.4	-3.6	130.1	-249.2	-3188.0	-494.1	63.6	
91.80	332.1	12.9	36.2	2.0	-64.5	87.5	-2.4	128.2	-253.3	-3155.2	-340.1	59.8	
91.85	332.3	12.9	35.3	2.0	-64.1	87.6	0.2	128.9	-254.6	-3136.8	-174.7	57.3	
91.90	332.4	12.9	33.3	2.0	-63.2	87.7	3.7	129.5	-251.2	-3078.7	-30.8	50.9	
91.95	332.6	13.2	31.7	2.0	-62.9	87.8	7.6	130.0	-250.4	-3046.6	149.0	45.8	
92.00	332.7	13.4	29.9	2.0	-63.0	87.9	10.3	129.3	-254.2	-3036.4	355.7	39.5	
92.05	332.9	13.5	27.4	2.0	-62.9	88.0	10.9	127.6	-255.3	-3009.6	498.6	31.1	
92.10	333.0	13.2	25.3	2.0	-62.9	88.1	13.3	127.0	-251.8	-2992.1	614.1	24.0	
92.15	333.1	13.3	26.5	2.0	-64.3	88.2	19.6	130.4	-250.2	-3049.4	790.6	26.7	
92.20	333.3	13.6	27.7	2.0	-66.2	88.3	27.1	134.1	-252.3	-3120.1	1005.4	29.0	
92.25	333.4	13.3	27.1	2.0	-67.0	88.4	29.5	134.6	-251.7	-3153.7	1105.5	26.0	
92.30	333.6	12.8	25.6	2.0	-66.9	88.5	28.9	132.5	-249.1	-3140.4	1126.3	21.0	
92.35	333.7	12.5	26.0	2.0	-67.3	88.6	31.6	132.5	-250.7	-3139.5	1222.1	22.1	
92.40	333.8	12.5	27.4	2.0	-67.9	88.7	35.0	134.4	-254.1	-3140.4	1315.9	26.2	
92.45	333.9	12.2	26.0	2.0	-67.1	88.8	33.5	133.1	-253.0	-3100.2	1254.6	22.1	
92.50	334.1	11.8	23.7	2.0	-65.6	88.9	27.0	129.7	-251.0	-3062.0	1081.7	15.9	
92.55	334.2	11.3	23.6	2.0	-64.8	89.0	23.3	127.4	-254.3	-3040.6	988.2	16.2	
92.60	334.3	10.9	24.8	2.0	-64.7	89.1	23.7	127.2	-257.6	-3034.4	957.6	20.4	
92.65	334.4	10.6	25.3	2.0	-63.7	89.2	23.8	125.1	-255.0	-2995.9	869.9	23.1	
92.70	334.6	10.5	25.2	2.0	-62.9	89.3	21.3	122.0	-253.0	-2974.7	745.6	23.6	
92.75	334.7	10.6	26.9	2.0	-63.4	89.4	18.5	121.6	-257.9	-3032.8	675.1	28.8	
92.80	334.8	10.8	28.7	2.0	-64.3	89.5	16.6	123.3	-262.3	-3109.3	596.3	34.3	
92.85	334.9	11.0	30.2	2.0	-64.6	89.6	13.2	125.3	-259.4	-3158.8	400.8	39.2	
92.90	335.1	10.6	28.1	1.9	-64.8	89.7	8.4	126.0	-257.0	-3200.0	168.9	41.6	
92.95	335.2	10.2	14.5	1.5	-65.7	89.8	2.9	127.0	-261.5	-3263.6	-7.5	40.4	
93.00	335.3	10.0	19.4	1.1	-66.2	89.8	-3.0	126.3	-264.5	-3295.7	-192.0	43.3	
93.05	335.4	10.0	22.6	0.9	-66.2	89.9	-6.7	125.0	-260.7	-3285.9	-368.2	44.3	
93.10	335.5	10.1	26.1	0.7	-66.0	89.9	-5.5	125.4	-258.7	-3267.3	-410.4	49.1	
93.15	335.7	10.2	29.2	0.5	-66.0	89.9	-2.5	127.1	-262.5	-3265.4	-343.5	56.4	
93.20	335.8	10.2	31.2	0.4	-65.3	90.0	-2.4	124.9	-263.9	-3221.2	-332.5	58.3	
93.25	335.9	10.3	31.0	0.3	-64.1	90.0	-4.3	120.4	-260.4	-3134.7	-400.4	54.6	
93.30	336.0	10.5	31.8	0.2	-63.4	90.0	-3.1	120.1	-259.4	-3086.8	-398.5	54.9	
93.35	336.1	10.3	32.8	0.2	-63.2	90.0	-0.3	122.0	-261.5	-3069.8	-336.9	56.4	
93.40	336.2	10.1	31.5	0.1	-62.1	90.0	-0.2	120.2	-261.0	-2992.4	-315.5	51.2	
93.45	336.3	10.0	29.1	0.1	-60.4	90.0	-2.3	116.0	-259.0	-2879.7	-309.0	43.3	
93.50	336.4	10.2	28.2	0.1	-59.3	90.0	0.4	114.0	-260.4	-2812.9	-164.5	40.5	
93.55	336.6	10.2	28.8	0.0	-59.2	90.0	8.4	115.1	-262.7	-2800.6	96.1	41.8	
93.60	336.7	10.2	28.3	0.0	-58.9	90.0	14.9	115.6	-260.9	-2764.8	314.7	40.0	
93.65	336.8	10.2	26.8	0.0	-58.6	90.0	17.7	114.7	-259.0	-2720.4	481.9	34.4	
93.70	336.8	10.3	25.6	0.0	-58.8	90.0	20.9	113.0	-261.8	-2695.3	683.3	29.9	
93.75	336.9	10.3	24.8	0.0	-59.2	90.0	24.2	111.8	-264.1	-2673.3	865.5	26.6	
93.80	337.0	10.1	23.1	0.0	-58.9	90.0	26.3	110.6	-262.0	-2616.6	973.4	20.7	
93.85	337.1	10.4	20.9	0.0	-58.5	90.0	27.5	109.4	-261.0	-2546.4	1061.8	13.5	
93.90	337.2	10.6	19.1	0.0	-58.4	90.0	27.4	107.8	-264.4	-2503.1	1156.9	7.5	
93.95	337.3	10.7	18.0	0.0	-58.4	90.0	26.6	106.0	-267.5	-2474.8	1220.3	3.4	
94.00	337.4	10.6	17.5	0.0	-58.1	90.0	26.6	105.0	-266.0	-2448.0	1232.4	2.2	
94.05	337.5	10.6	18.2	0.0	-58.2	90.0	28.6	105.6	-264.1	-2446.0	1245.9	4.4	
94.10	337.6	10.6	19.5	0.0	-58.5	90.0	30.6	105.8	-265.7	-2459.7	1261.0	8.4	
94.15	337.7	10.5	19.5	0.0	-57.9	90.0	29.0	104.6	-267.2	-2449.9	1191.6	9.1	
94.20	337.8	10.5	19.1	0.0	-56.4	90.0	23.7	101.7	-265.7	-2423.0	1011.8	9.3	
94.25	337.9	10.4	20.2	0.0	-55.8	90.0	20.5	100.1	-265.0	-2445.7	841.2	13.5	
94.30	338.0	10.2	23.1	0.0	-56.3	90.0	18.9	101.9	-267.0	-2523.9	695.8	23.1	
94.35	338.1	10.2	25.2	0.0	-56.7	90.0	14.7	105.9	-268.1	-2594.9	485.5	29.6	
94.40	338.2	10.4	25.6	0.0	-56.8	90.0	6.6	107.3	-266.4	-2638.5	183.8	31.0	
94.45	338.3	10.4	27.0	0.0	-57.4	90.0	1.2	106.4	-266.1	-2691.8	-51.7	35.4	
94.50	338.4	10.4	30.1	0.0	-58.2	90.0	0.9	107.5	-268.2	-2745.9	-163.9	45.2	
94.55	338.5	10.2	31.8	0.0	-58.5	90.0	0.9	109.2	-267.2	-2750.8	-274.7	50.5	
94.60	338.6	9.6	32.1	0.0	-58.4	90.0	-0.4	108.6	-264.4	-2732.0	-392.9	51.9	
94.65	338.6	9.6	33.1	0.0	-58.6	90.0	-1.4	106.9	-265.8	-2747.2	-440.8	54.9	
94.70	338.7	9.6	34.4	0.0	-59.3	90.0	-2.4	108.0	-269.4	-2791.8	-447.0	58.9	
94.75	338.8	9.4	34.5	0.0	-59.6	90.0	-3.2	109.6	-268.6	-2809.1	-475.5	59.0	
94.80	338.9	9.8	33.2	0.0	-59.2	90.0	-3.9	108.7	-265.8	-2779.9	-500.5	54.6	
94.85	339.0	10.1	32.2	0.0	-58.5	90.0	-4.3	107.0	-267.9	-2738.8	-450.0	52.0	
94.90	339.0	10.0	30.6	0.0	-57.7	90.0	-5.0	105.5	-271.7	-2686.6	-358.6	47.5	
94.95	339.1	9.9	28.2	0.0	-56.2	90.0	-3.9	102.7	-270.5	-2598.9	-254.1	40.4	
95.00	339.2	9.7	26.3	0.0	-54.9	90.0	1.3	100.0	-267.7	-2522.8	-75.2	35.4	
95.05	339.3	9.4	25.6	0.0	-54.6	90.0	7.2	100.4	-269.7	-2486.8	172.6	33.5	
95.10	339.3	9.6	25.0	0.0	-54.9	90.0	10.2	101.4	-272.7	-2482.7	375.2	31.0	
95.15	339.4	9.4	23.6	0.0	-55.2	90.0	12.9	100.5	-271.3	-2482.2	511.1	25.9	
95.20	339.5	9.0	22.1	0.0	-55.1	90.0	16.1	98.8	-268.4	-2454.8	620.8	20.8	
95.25	339.6	9.5	21.5	0.0	-54.8	90.0	18.7	97.9	-269.1	-2403.3	746.8	18.9	
95.30	339.6	9.6	20.5	0.0	-54.5	90.0	20.4	96.8	-271.1	-2336.3	856.1	15.8	
95.35	339.7	9.5	18.7	0.0	-53.7	90.0	20.2	94.9	-270.0	-2265.5	890.5	10.5	
95.40	339.8	9.2	17.8	0.0	-53.3	90.0	20.4	94.2	-268.1	-2236.7	907.1	7.9	
95.45	339.9	8.9	18.8	0.0	-54.0	90.0	21.9	96.3	-269.1	-2260.2	958.5	10.5	
95.50	339.9	8.7	20.0	0.0	-54.5	90.0	23.6	98.6	-270.5	-2276.3	998.5	14.2	
95.55	340.0	8.9	19.6	0.0	-53.9	90.0	23.0	98.5	-268.9	-2244.3	951.3	13.4	
95.60	340.1	8.7	19.1	0.0	-52.6	90.0	21.2	96.8	-267.1	-2190.3	860.1	13.0	
95.65	340.2	8.6	19.7	0.0	-51.8	90.0	21.6	94.7	-268.0	-2147.3	813.0	15.7	
95.70	340.2	8.5	20.4	0.0	-51.1	90.0	21.5	93.1	-267.9	-2119.1	744.6	18.9	
95.75	340.3	8.8	20.4	0.0	-50.3	90.0	19.0	92.6	-266.0	-2101.0	626.3	19.8	
95.80	340.4	9.0	21.3	0.0	-50.4	90.0	15.8	95.2	-267.1	-2127.2	527.9	22.7	
95.85	340.4	9.1	23.0	0.0	-51.2	90.0	13.4	98.5	-270.4	-2194.8	454.0	27.8	
95.90	340.5	9.5	24.2	0.0	-51.6	90.0	10.2	99.0	-270.7	-2248.4	331.7	31.5	
95.95	340.5	9.8	24.2	0.0	-51.4	90.0	6.5	97.5	-269.0	-2251.2	182.5	31.6	
96.00	340.6	10.1	24.4	0.0	-51.0	90.0	3.7	97.1	-269.9	-2232.5	78.8	32.7	
96.05	340.6	10.0	25.2	0.0	-51.0	90.0	1.3	97.5	-272.3	-2229.4	0.4	35.4	
96.10	340.7	10.0	25.6	0.0	-51.4	90.0	-0.4	97.6	-272.2	-2258.3	-84.8	36.3	
96.15	340.8	10.2	26.3	0.0	-51.8	90.0	-0.3	97.0	-270.4	-2285.9	-147.8	38.5	
96.20	340.8	10.4	27.1	0.0	-52.1	90.0	-0.1	96.9	-270.4	-2307.6	-172.9	40.9	
96.25	340.9	10.5	27.2	0.0	-51.8	90.0	-1.3	96.5	-272.7	-2285.3	-180.0	41.5	
96.30	340.9	10.4	27.0	0.0	-50.9	90.0	-2.0	95.1	-274.1	-2216.8	-183.1	41.9	
96.35	341.0	10.0	26.7	0.0	-50.0	90.0	-2.2	92.5	-272.8	-2159.5	-211.9	41.5	
96.40	341.0	9.9	26.2	0.0	-49.6	90.0	-2.7	90.5	-271.4	-2133.3	-253.0	40.4	
96.45	341.1	9.9	25.7	0.0	-49.8	90.0	-4.8	91.3	-272.0	-2139.4	-291.0	38.5	
96.50	341.1	10.3	25.5	0.0	-49.8	90.0	-5.4	92.2	-272.8	-2136.7	-277.8	37.8	
96.55	341.2	10.3	25.3	0.0	-49.7	90.0	-2.6	92.2	-271.7	-2139.1	-204.9	37.3	
96.60	341.3	10.2	25.3	0.0	-49.8	90.0	1.6	92.1	-270.3	-2153.4	-97.7	37.1	
96.65	341.3	9.9	25.1	0.0	-50.1	90.0	5.3	92.0	-270.1	-2176.1	29.9	36.0	
96.70	341.4	10.2	24.8	0.0	-50.3	90.0	8.8	91.6	-270.1	-2190.8	171.2	34.8	
96.75	341.4	10.2	24.4	0.0	-50.5	90.0	12.8	92.1	-269.7	-2185.1	320.0	33.1	
96.80	341.5	9.8	23.9	0.0	-50.9	90.0	15.1	94.3	-269.1	-2188.3	430.5	31.0	
96.85	341.5	9.5	23.3	0.0	-51.5	90.0	15.7	96.0	-269.1	-2212.0	508.6	28.4	
96.90	341.5	9.5	22.2	0.0	-51.8	90.0	16.2	95.6	-269.4	-2217.7	584.2	24.5	
96.95	341.6	9.6	20.5	0.0	-51.4	90.0	16.1	94.0	-269.4	-2173.4	657.4	19.0	
97.00	341.6	9.9	18.8	0.0	-50.8	90.0	16.8	93.1	-270.0	-2090.6	753.8	13.9	
97.05	341.7	10.3	17.9	0.0	-50.6	90.0	19.6	92.0	-271.3	-2026.4	885.2	10.8	
97.10	341.7	10.8	17.7	0.0	-50.6	90.0	22.4	88.7	-271.3	-1991.2	979.8	10.3	
97.15	341.7	10.7	17.6	0.0	-50.9	90.0	22.7	86.9	-270.3	-2007.6	999.9	9.4	
97.20	341.8	10.3	17.8	0.0	-51.5	90.0	22.6	89.2	-271.1	-2053.0	1001.7	9.7	
97.25	341.8	9.6	18.7	0.0	-52.1	90.0	22.2	92.7	-272.3	-2103.1	978.4	12.3	
97.30	341.8	9.4	19.5	0.0	-51.9	90.0	20.8	93.3	-272.5	-2117.2	904.1	15.1	
97.35	341.9	9.4	19.4	0.0	-51.0	90.0	17.2	91.4	-272.3	-2106.2	760.8	15.8	
97.40	341.9	9.5	19.4	0.0	-49.8	90.0	13.3	89.0	-273.4	-2075.7	604.3	16.8	
97.45	341.9	9.7	19.9	0.0	-49.2	90.0	10.7	88.1	-274.1	-2064.2	460.8	19.1	
97.50	342.0	10.0	21.0	0.0	-48.7	90.0	7.3	88.6	-273.3	-2061.1	290.0	23.3	
97.55	342.0	10.3	22.8	0.0	-48.9	90.0	4.7	90.4	-273.4	-2085.5	140.9	29.3	
97.60	342.0	10.6	25.2	0.0	-49.4	90.0	4.2	90.9	-274.2	-2128.3	36.6	37.2	
97.65	342.1	10.6	26.3	0.0	-49.2	90.0	3.4	88.8	-273.1	-2119.6	-79.7	40.9	
97.70	342.1	10.5	26.1	0.0	-48.1	90.0	0.9	85.5	-271.4	-2035.0	-210.9	41.6	
97.75	342.2	10.0	26.0	0.0	-47.4	90.0	-1.2	84.1	-272.2	-1975.3	-293.7	41.9	
97.80	342.2	10.4	27.0	0.0	-47.4	90.0	-0.8	84.0	-274.0	-1968.3	-317.0	45.3	
97.85	342.2	10.7	27.4	0.0	-47.9	90.0	-1.7	85.1	-272.7	-1993.4	-377.2	46.3	
97.90	342.2	10.4	27.2	0.0	-49.0	90.0	-4.3	88.6	-270.5	-2056.5	-446.2	44.5	
97.95	342.3	10.5	27.7	0.0	-49.9	90.0	-4.3	92.5	-272.2	-2120.2	-403.5	45.1	
98.00	342.3	10.7	28.1	0.0	-49.8	90.0	-1.6	94.0	-274.1	-2130.6	-275.1	46.5	
98.05	342.3	11.3	26.6	0.0	-48.6	90.0	1.6	91.9	-272.5	-2057.5	-141.9	42.9	
98.10	342.4	11.0	24.1	0.0	-46.9	90.0	4.9	87.5	-270.8	-1951.5	3.9	35.7	
98.15	342.4	10.8	22.5	0.0	-45.6	90.0	8.8	81.7	-272.1	-1858.8	190.2	31.7	
98.20	342.4	10.7	21.2	0.0	-45.3	90.0	11.3	79.5	-273.9	-1813.8	355.5	27.4	
98.25	342.4	10.8	19.9	0.0	-45.6	90.0	12.2	81.8	-273.8	-1808.0	458.9	22.6	
98.30	342.4	10.9	19.2	0.0	-46.3	90.0	14.0	84.3	-273.0	-1828.1	556.4	19.6	
98.35	342.5	10.9	18.8	0.0	-46.9	90.0	15.9	84.1	-273.2	-1841.1	656.9	17.5	
98.40	342.5	10.7	17.6	0.0	-46.4	90.0	15.4	81.5	-274.6	-1777.8	721.3	14.1	
98.45	342.5	10.8	15.7	0.0	-45.5	90.0	16.1	79.8	-275.7	-1682.9	790.7	8.5	
98.50	342.5	11.1	15.2	0.0	-45.4	90.0	19.8	77.8	-275.1	-1631.9	872.4	7.0	
98.55	342.6	11.0	15.8	0.0	-46.0	90.0	22.9	76.1	-273.7	-1665.8	913.7	8.2	
98.60	342.6	11.0	16.7	0.0	-46.9	90.0	21.6	77.3	-273.8	-1764.1	876.1	10.5	
98.65	342.6	11.1	17.9	0.0	-48.1	90.0	19.8	80.8	-275.2	-1877.9	823.8	13.5	
98.70	342.6	11.1	19.7	0.0	-48.9	90.0	20.2	83.6	-275.2	-1951.4	783.1	18.7	
98.75	342.7	11.1	20.4	0.0	-48.5	90.0	20.6	84.3	-274.0	-1944.9	714.9	21.5	
98.80	342.7	11.0	19.8	0.0	-47.1	90.0	17.6	82.5	-273.4	-1884.5	587.5	20.9	
98.85	342.7	10.7	19.2	0.0	-45.7	90.0	13.3	79.3	-274.3	-1824.1	451.5	20.3	
98.90	342.7	10.5	19.6	0.0	-45.1	90.0	10.7	78.4	-274.9	-1799.3	344.8	22.1	
98.95	342.8	10.5	20.8	0.0	-45.1	90.0	9.7	81.6	-274.0	-1805.1	257.6	26.3	
99.00	342.8	10.7	22.3	0.0	-45.3	90.0	9.5	85.3	-273.3	-1818.3	192.9	31.3	
99.05	342.8	10.4	23.1	0.0	-45.3	90.0	8.8	84.8	-273.9	-1830.5	143.4	34.0	
99.10	342.8	10.4	22.9	0.0	-45.0	90.0	6.7	80.9	-274.4	-1822.8	87.0	33.5	
99.15	342.9	10.7	22.2	0.0	-44.5	90.0	4.4	79.0	-274.4	-1786.7	37.3	31.6	
99.20	342.9	10.2	22.3	0.0	-44.2	90.0	4.3	80.0	-274.6	-1760.3	27.4	32.5	
99.25	342.9	10.0	23.1	0.0	-44.4	90.0	6.0	81.9	-275.2	-1773.4	46.7	35.0	
99.30	342.9	10.2	23.2	0.0	-45.2	90.0	4.4	82.9	-274.8	-1830.7	4.2	34.3	
99.35	342.9	10.3	22.6	0.0	-46.0	90.0	-0.2	83.3	-274.6	-1887.8	-73.5	31.6	
99.40	343.0	10.1	23.0	0.0	-46.7	90.0	-1.5	85.5	-276.3	-1931.7	-64.7	32.2	
99.45	343.0	9.9	24.0	0.0	-46.8	90.0	2.8	86.8	-277.5	-1939.6	43.7	35.6	
99.50	343.0	9.9	23.2	0.0	-45.9	90.0	6.3	84.5	-276.1	-1876.1	115.0	33.8	
99.55	343.0	9.7	21.0	0.0	-44.5	90.0	5.0	80.2	-275.1	-1780.5	113.8	27.5	
99.60	343.0	9.3	19.9	0.0	-43.6	90.0	4.4	76.0	-277.1	-1723.4	145.6	24.7	
99.65	343.1	9.4	20.5	0.0	-43.7	90.0	7.8	74.7	-277.7	-1727.3	225.6	26.7	
99.70	343.1	9.4	20.4	0.0	-43.8	90.0	10.3	76.1	-274.8	-1724.4	261.5	26.4	
99.75	343.1	9.4	19.9	0.0	-43.6	90.0	9.8	77.9	-273.7	-1706.8	266.3	24.6	
99.80	343.1	9.2	19.6	0.0	-43.6	90.0	9.6	76.0	-276.7	-1699.1	315.2	23.6	
99.85	343.2	9.5	18.7	0.0	-42.9	90.0	10.8	71.5	-277.7	-1645.9	375.8	21.3	
99.90	343.2	9.8	17.2	0.0	-41.8	90.0	11.0	70.1	-274.8	-1561.3	388.9	17.2	
99.95	343.2	9.8	17.0	0.0	-41.8	90.0	12.1	72.9	-274.1	-1545.4	430.9	16.5	
100.00	343.2	9.3	18.3	0.0	-43.2	90.0	14.2	75.5	-276.4	-1622.7	498.8	19.6	
100.05	343.3	8.7	18.9	0.0	-44.5	90.0	14.0	76.8	-275.7	-1723.4	494.5	20.5	
100.10	343.3	8.2	18.7	0.0	-45.4	90.0	12.9	79.4	-272.6	-1797.2	459.0	18.7	
100.15	343.3	8.3	19.3	0.0	-46.1	90.0	14.8	82.5	-272.7	-1824.2	518.4	20.2	
100.20	343.3	8.6	20.1	0.0	-46.1	90.0	17.6	81.4	-274.9	-1794.4	616.7	23.0	
100.25	343.4	8.9	18.8	0.0	-45.0	90.0	16.6	77.7	-275.2	-1715.1	620.4	19.6	
100.30	343.4	9.4	17.3	0.0	-44.1	90.0	13.3	76.8	-274.4	-1673.3	551.4	15.2	
100.35	343.4	9.5	17.4	0.0	-44.3	90.0	11.7	78.2	-274.8	-1701.0	499.4	15.5	
100.40	343.4	9.4	18.4	0.0	-44.7	90.0	11.2	79.6	-275.6	-1742.0	458.4	18.3	
100.45	343.4	9.7	18.2	0.0	-44.4	90.0	8.6	80.4	-275.0	-1735.6	373.6	18.3	
100.50	343.5	10.2	18.2	0.0	-43.8	90.0	6.2	80.3	-275.2	-1703.4	300.9	18.6	
100.55	343.5	10.7	19.0	0.0	-43.7	90.0	6.3	79.1	-276.6	-1705.3	277.1	21.5	
100.60	343.5	10.8	19.5	0.0	-43.5	90.0	7.8	76.9	-276.2	-1695.5	256.3	23.5	
100.65	343.5	10.7	19.7	0.0	-42.9	90.0	8.2	75.3	-274.7	-1662.6	211.7	24.8	
100.70	343.5	10.4	20.7	0.0	-42.8	90.0	6.9	75.8	-275.6	-1661.9	161.2	28.1	
100.75	343.5	10.0	22.0	0.0	-43.7	90.0	5.5	77.4	-277.6	-1726.2	103.6	32.0	
100.80	343.5	10.2	22.3	0.0	-44.5	90.0	3.6	77.8	-276.4	-1793.0	1.3	32.1	
100.85	343.6	10.6	22.2	0.0	-44.8	90.0	1.4	78.5	-274.1	-1812.0	-96.9	31.4	
100.90	343.6	10.6	22.4	0.0	-44.4	90.0	0.4	79.4	-275.2	-1776.4	-114.2	32.5	
100.95	343.6	10.0	22.3	0.0	-43.6	90.0	1.1	78.2	-277.7	-1720.2	-74.0	33.1	
101.00	343.6	9.6	21.6	0.0	-42.8	90.0	1.3	75.1	-276.8	-1667.7	-61.3	31.5	
101.05	343.6	10.0	21.1	0.0	-42.6	90.0	1.9	74.0	-274.3	-1662.5	-49.2	29.8	
101.10	343.7	9.9	21.8	0.0	-43.1	90.0	4.2	75.7	-274.3	-1694.5	26.2	31.7	
101.15	343.7	9.8	22.2	0.0	-43.6	90.0	7.4	78.3	-275.6	-1717.8	143.4	32.5	
101.20	343.7	9.9	21.3	0.0	-43.3	90.0	8.9	78.4	-274.8	-1686.5	213.3	29.9	
101.25	343.7	9.7	19.7	0.0	-42.6	90.0	8.3	76.1	-273.1	-1635.8	242.1	25.1	
101.30	343.7	9.7	18.9	0.0	-42.4	90.0	8.7	73.8	-273.8	-1618.9	305.7	22.6	
101.35	343.8	9.8	18.8	0.0	-42.9	90.0	9.8	74.7	-275.4	-1633.8	388.5	21.6	
101.40	343.8	9.8	17.9	0.0	-43.1	90.0	10.1	77.7	-274.9	-1627.9	433.2	18.3	
101.45	343.8	9.8	17.4	0.0	-43.4	90.0	9.5	79.8	-273.8	-1643.5	451.0	16.5	
101.50	343.8	9.6	18.3	0.0	-44.2	90.0	10.1	80.2	-275.2	-1693.9	494.3	18.7	
101.55	343.8	9.2	19.3	0.0	-45.0	90.0	10.9	79.6	-275.8	-1746.2	514.9	21.3	
101.60	343.8	8.5	18.7	0.0	-44.6	90.0	12.2	78.3	-273.8	-1721.5	513.6	19.6	
101.65	343.8	7.9	18.2	0.0	-43.9	90.0	13.1	76.7	-272.6	-1669.7	513.8	18.5	
101.70	343.9	7.4	18.6	0.0	-43.5	90.0	13.5	75.5	-274.8	-1637.5	525.4	20.3	
101.75	343.9	7.4	19.2	0.0	-43.1	90.0	12.3	74.7	-276.9	-1622.4	488.7	22.7	
101.80	343.9	7.4	18.7	0.0	-42.3	90.0	10.3	72.8	-275.2	-1591.4	380.1	21.9	
101.85	343.9	7.3	18.2	0.0	-41.6	90.0	8.6	70.8	-273.4	-1572.1	268.4	20.9	
101.90	343.9	7.3	19.4	0.0	-41.5	90.0	6.3	72.2	-275.6	-1566.1	192.5	25.3	
101.95	343.9	7.3	20.0	0.0	-41.4	90.0	3.9	74.9	-277.8	-1556.6	120.3	27.4	
102.00	343.9	7.4	20.1	0.0	-41.1	90.0	3.5	73.8	-275.8	-1547.7	47.2	27.9	
102.05	343.9	7.5	20.7	0.0	-40.9	90.0	4.3	69.5	-273.3	-1549.4	7.9	30.0	
102.10	344.0	7.6	22.0	0.0	-41.5	90.0	4.3	69.7	-274.7	-1591.2	8.1	34.1	
102.15	344.0	7.7	22.4	0.0	-42.3	90.0	4.1	73.9	-277.2	-1635.9	26.1	34.7	
102.20	344.0	7.4	22.8	0.0	-43.0	90.0	5.5	76.4	-276.3	-1680.2	38.1	35.4	
102.25	344.0	6.9	23.4	0.0	-43.6	90.0	6.3	76.6	-273.9	-1729.1	31.0	36.8	
102.30	344.0	6.2	23.3	0.0	-44.0	90.0	4.2	77.3	-274.7	-1756.5	11.5	35.8	
102.35	344.0	6.3	22.4	0.0	-44.1	90.0	1.5	79.1	-276.9	-1754.1	6.2	32.9	
102.40	344.1	6.5	21.3	0.0	-43.7	90.0	1.8	79.4	-276.5	-1726.3	37.3	29.3	
102.45	344.1	6.8	21.0	0.0	-43.5	90.0	4.7	79.1	-274.4	-1710.3	107.6	28.8	
102.50	344.1	6.8	20.6	0.0	-43.5	90.0	7.0	79.0	-274.4	-1699.3	196.2	27.3	
102.55	344.1	7.2	20.1	0.0	-43.4	90.0	7.3	78.2	-275.8	-1684.7	274.5	25.5	
102.60	344.1	7.7	19.1	0.0	-42.8	90.0	8.9	74.4	-276.0	-1633.2	361.6	22.8	
102.65	344.1	7.3	18.7	0.0	-42.5	90.0	12.1	72.5	-275.6	-1592.0	453.4	21.7	
102.70	344.2	7.2	18.7	0.0	-42.6	90.0	12.7	74.4	-275.5	-1587.5	480.7	21.6	
102.75	344.2	7.3	17.6	0.0	-42.5	90.0	12.3	72.6	-275.2	-1583.0	468.2	18.1	
102.80	344.2	7.3	17.2	0.0	-42.2	90.0	11.1	68.4	-275.1	-1584.3	446.3	16.7	
102.85	344.2	7.1	17.8	0.0	-42.8	90.0	10.4	70.2	-276.0	-1622.5	445.3	18.4	
102.90	344.2	7.1	18.9	0.0	-43.8	90.0	11.5	76.4	-277.2	-1670.9	476.0	21.2	
102.95	344.2	7.6	20.8	0.0	-45.1	90.0	14.6	79.1	-276.2	-1752.8	516.5	26.2	
103.00	344.2	7.8	20.8	0.0	-45.6	90.0	17.0	76.4	-275.1	-1797.5	543.4	25.9	
103.05	344.2	7.9	20.0	0.0	-45.0	90.0	14.8	73.9	-275.8	-1762.7	514.0	23.8	
103.10	344.3	7.8	19.3	0.0	-44.2	90.0	13.3	73.4	-277.5	-1703.8	498.7	22.1	
103.15	344.3	7.9	20.4	0.0	-43.9	90.0	15.4	72.8	-277.3	-1683.6	507.2	26.0	
103.20	344.3	8.1	20.6	0.0	-43.6	90.0	16.2	71.4	-275.5	-1677.3	463.1	27.0	
103.25	344.3	8.4	19.5	0.0	-43.2	90.0	11.6	71.3	-275.4	-1673.7	349.7	23.7	
103.30	344.3	8.5	18.4	0.0	-42.9	90.0	7.1	71.8	-277.5	-1667.4	271.9	20.3	
103.35	344.4	8.5	19.3	0.0	-42.9	90.0	7.7	71.6	-278.2	-1659.5	278.9	23.5	
103.40	344.4	8.6	20.4	0.0	-42.6	90.0	10.2	72.4	-277.1	-1635.7	308.2	27.3	
103.45	344.4	9.0	20.3	0.0	-42.4	90.0	10.6	74.9	-276.5	-1609.9	299.6	27.3	
103.50	344.4	9.1	19.9	0.0	-42.2	90.0	8.8	74.4	-277.1	-1601.7	259.0	26.3	
103.55	344.4	8.8	20.1	0.0	-42.1	90.0	7.9	70.9	-277.4	-1615.3	226.8	27.0	
103.60	344.5	9.1	20.9	0.0	-42.6	90.0	7.2	72.3	-276.8	-1653.4	190.9	29.0	
103.65	344.5	9.0	21.2	0.0	-43.4	90.0	6.6	78.7	-276.4	-1700.8	158.4	29.3	
103.70	344.5	8.8	21.8	0.0	-44.1	90.0	6.8	80.5	-276.6	-1745.4	142.6	30.8	
103.75	344.5	8.5	21.2	0.0	-43.8	90.0	6.0	75.6	-277.1	-1738.9	119.9	29.1	
103.80	344.6	8.5	19.8	0.0	-42.8	90.0	3.1	72.4	-277.7	-1677.1	76.9	25.3	
103.85	344.6	8.7	19.2	0.0	-42.0	90.0	3.4	72.7	-278.0	-1610.6	92.0	24.0	
103.90	344.6	8.7	19.6	0.0	-41.4	90.0	8.2	71.5	-277.2	-1566.1	171.7	26.0	
103.95	344.6	8.6	19.4	0.0	-40.9	90.0	10.7	69.1	-276.3	-1530.0	214.6	25.8	
104.00	344.6	8.6	18.3	0.0	-40.5	90.0	8.0	68.8	-276.7	-1502.8	192.5	22.2	
104.05	344.6	9.0	17.6	0.0	-40.4	90.0	8.1	68.7	-277.8	-1486.3	228.9	20.0	
104.10	344.6	9.0	18.5	0.0	-40.4	90.0	13.0	66.7	-277.2	-1474.1	338.9	22.9	
104.15	344.7	8.9	18.2	0.0	-40.3	90.0	16.0	65.6	-276.2	-1440.8	427.1	22.2	
104.20	344.7	9.1	16.5	0.0	-39.8	90.0	13.9	66.5	-277.4	-1393.0	451.8	16.9	
104.25	344.7	9.4	15.5	0.0	-40.0	90.0	12.2	66.0	-279.4	-1404.7	478.7	13.3	
104.30	344.7	9.4	16.0	0.0	-41.2	90.0	14.8	64.0	-278.5	-1475.9	545.4	13.7	
104.35	344.7	9.0	16.6	0.0	-42.3	90.0	17.0	67.0	-276.3	-1535.8	597.3	14.6	
104.40	344.7	8.7	16.3	0.0	-43.2	90.0	16.6	73.1	-276.8	-1577.8	637.3	12.8	
104.45	344.8	8.5	17.1	0.0	-44.3	90.0	17.6	73.4	-278.5	-1635.6	702.2	14.5	
104.50	344.8	8.3	17.4	0.0	-44.8	90.0	19.3	69.8	-278.4	-1668.8	750.7	15.1	
104.55	344.8	8.2	17.0	0.0	-44.8	90.0	18.6	71.4	-277.1	-1671.9	738.3	13.5	
104.60	344.8	8.0	17.1	0.0	-45.2	90.0	17.4	76.3	-277.2	-1698.6	715.0	13.6	
104.65	344.9	7.8	18.2	0.0	-46.0	90.0	17.9	77.4	-278.1	-1767.5	703.1	16.4	
104.70	344.9	7.5	18.6	0.0	-46.2	90.0	15.5	76.3	-277.9	-1816.9	612.9	17.5	
104.75	344.9	7.7	17.6	0.0	-45.4	90.0	10.2	77.1	-277.1	-1801.2	458.8	15.1	
104.80	344.9	8.0	17.9	0.0	-45.0	90.0	9.1	76.9	-276.9	-1792.2	377.4	16.5	
104.85	345.0	7.8	19.9	0.0	-44.9	90.0	11.9	73.6	-277.1	-1796.2	371.0	23.3	
104.90	345.0	7.8	20.2	0.0	-44.5	90.0	10.5	72.8	-277.4	-1775.6	306.4	24.8	
104.95	345.0	8.0	20.1	0.0	-44.5	90.0	5.2	76.1	-277.9	-1786.5	171.1	24.7	
105.00	345.0	8.4	21.5	0.0	-45.4	90.0	4.6	78.3	-278.7	-1857.4	91.8	28.3	
105.05	345.1	8.3	23.6	0.0	-46.2	90.0	6.9	78.1	-277.8	-1919.9	43.3	34.8	
105.10	345.1	8.3	23.8	0.0	-46.4	90.0	4.6	78.9	-275.9	-1928.1	-68.0	35.3	
105.15	345.1	8.4	22.7	0.0	-45.9	90.0	0.3	78.6	-276.4	-1889.5	-164.9	32.1	
105.20	345.1	8.2	22.5	0.0	-45.6	90.0	0.2	75.3	-278.5	-1873.3	-155.8	31.7	
105.25	345.1	7.9	22.9	0.0	-45.3	90.0	3.1	73.5	-279.1	-1864.6	-90.8	33.4	
105.30	345.1	7.6	22.3	0.0	-45.1	90.0	4.1	74.8	-277.3	-1843.5	-59.5	31.6	
105.35	345.2	7.3	21.6	0.0	-44.8	90.0	3.5	74.2	-277.0	-1826.4	-28.0	29.2	
105.40	345.2	7.2	21.3	0.0	-44.6	90.0	4.4	71.6	-279.8	-1814.4	63.2	28.6	
105.45	345.2	7.4	20.3	0.0	-44.2	90.0	5.1	71.0	-280.6	-1783.5	132.7	25.4	
105.50	345.2	7.7	18.8	0.0	-43.6	90.0	5.6	72.1	-277.6	-1728.2	167.3	20.9	
105.55	345.3	8.3	17.9	0.0	-43.0	90.0	9.1	71.3	-276.0	-1676.5	272.6	18.6	
105.60	345.3	9.0	17.7	0.0	-43.2	90.0	12.2	70.0	-277.7	-1663.5	418.3	17.4	
105.65	345.3	9.1	16.5	0.0	-43.4	90.0	11.9	71.2	-279.2	-1648.9	512.6	13.2	
105.70	345.3	9.1	15.6	0.0	-43.8	90.0	11.7	73.4	-278.2	-1653.5	571.9	9.6	
105.75	345.4	9.2	16.4	0.0	-45.1	90.0	15.8	74.3	-277.1	-1714.5	673.0	11.3	
105.80	345.4	9.7	17.3	0.0	-46.2	90.0	18.5	74.9	-277.3	-1774.3	740.9	13.2	
105.85	345.4	10.0	16.1	0.0	-46.2	90.0	15.0	76.0	-277.1	-1791.9	690.7	9.1	
105.90	345.4	10.2	15.4	0.0	-46.0	90.0	13.1	76.4	-277.1	-1789.1	654.6	6.8	
105.95	345.4	10.2	16.1	0.0	-46.2	90.0	16.3	74.8	-276.6	-1800.7	685.4	9.0	
106.00	345.5	10.0	17.1	0.0	-46.2	90.0	17.0	74.4	-275.2	-1806.1	659.2	12.5	
106.05	345.5	9.8	16.7	0.0	-45.7	90.0	14.7	76.1	-275.4	-1788.7	593.2	11.7	
106.10	345.5	9.9	17.4	0.0	-45.6	90.0	14.2	76.1	-276.9	-1791.5	562.2	14.0	
106.15	345.5	10.0	19.1	0.0	-45.8	90.0	14.9	74.7	-277.0	-1821.8	525.6	19.7	
106.20	345.5	10.0	19.9	0.0	-45.8	90.0	13.5	75.3	-276.1	-1842.5	434.1	22.6	
106.25	345.5	9.9	20.4	0.0	-46.0	90.0	10.8	77.3	-276.1	-1875.0	324.5	23.9	
106.30	345.6	9.6	20.5	0.0	-46.1	90.0	9.0	76.1	-276.7	-1905.1	238.8	24.2	
106.35	345.6	9.4	20.7	0.0	-45.8	90.0	7.8	73.3	-277.3	-1897.6	172.5	25.2	
106.40	345.6	9.2	20.3	0.0	-45.5	90.0	5.4	72.5	-277.4	-1879.1	98.8	24.2	
106.45	345.6	8.8	21.1	0.0	-45.9	90.0	3.8	73.0	-277.8	-1906.6	51.8	26.5	
106.50	345.6	8.7	22.5	0.0	-46.8	90.0	4.2	73.9	-278.3	-1975.3	44.2	30.4	
106.55	345.6	9.1	23.4	0.0	-47.6	90.0	3.9	76.5	-278.7	-2026.1	29.5	32.9	
106.60	345.6	9.3	23.4	0.0	-48.2	90.0	2.9	80.5	-279.1	-2062.6	5.0	32.3	
106.65	345.7	9.3	23.5	0.0	-48.6	90.0	1.5	80.9	-278.4	-2094.7	-29.0	32.0	
106.70	345.7	9.2	23.7	0.0	-48.6	90.0	2.1	78.2	-278.1	-2103.3	-19.4	32.9	
106.75	345.7	9.3	23.3	0.0	-48.3	90.0	2.5	77.9	-278.7	-2079.8	7.0	31.6	
106.80	345.7	9.6	22.0	0.0	-47.6	90.0	2.2	79.2	-278.9	-2022.5	25.3	27.9	
106.85	345.7	9.9	21.2	0.0	-46.9	90.0	2.6	78.0	-278.5	-1974.5	52.6	25.9	
106.90	345.7	10.1	21.3	0.0	-46.7	90.0	3.7	76.0	-278.6	-1960.5	91.9	26.3	
106.95	345.8	10.3	21.2	0.0	-46.7	90.0	4.0	77.0	-278.8	-1954.6	120.0	26.2	
107.00	345.8	10.6	21.2	0.0	-46.5	90.0	4.4	78.8	-277.5	-1934.5	141.7	26.1	
107.05	345.8	11.1	20.9	0.0	-45.8	90.0	7.1	77.9	-276.6	-1877.0	208.1	26.0	
107.10	345.8	11.5	19.4	0.0	-44.8	90.0	10.4	75.7	-277.0	-1796.9	297.8	21.8	
107.15	345.8	11.6	18.4	0.0	-43.9	90.0	10.4	74.3	-277.1	-1722.9	332.1	19.2	
107.20	345.8	11.1	17.5	0.0	-43.3	90.0	10.2	72.1	-276.4	-1676.9	356.0	16.9	
107.25	345.8	10.8	18.1	0.0	-43.8	90.0	13.0	72.2	-276.5	-1696.8	429.2	18.3	
107.30	345.8	10.6	18.9	0.0	-44.7	90.0	15.0	74.5	-277.1	-1744.1	487.8	20.0	
107.35	345.9	10.6	18.7	0.0	-45.2	90.0	13.9	76.9	-276.9	-1776.9	492.7	19.0	
107.40	345.9	10.3	18.1	0.0	-45.3	90.0	14.1	75.8	-276.9	-1779.7	523.0	16.7	
107.45	345.9	9.9	18.0	0.0	-45.0	90.0	16.7	71.9	-277.0	-1739.2	601.0	16.9	
107.50	345.9	9.4	17.1	0.0	-44.4	90.0	18.0	70.1	-277.0	-1676.4	658.4	14.2	
107.55	345.9	9.5	16.2	0.0	-43.8	90.0	17.9	69.7	-277.6	-1614.1	687.6	11.8	
107.60	345.9	9.7	16.0	0.0	-43.7	90.0	18.1	68.6	-278.2	-1603.6	701.0	11.1	
107.65	345.9	9.7	16.1	0.0	-43.8	90.0	17.7	66.8	-278.2	-1627.0	684.1	11.4	
107.70	345.9	9.8	16.0	0.0	-44.0	90.0	15.6	68.3	-278.4	-1654.7	637.6	11.1	
107.75	345.9	9.7	16.0	0.0	-43.8	90.0	13.8	70.4	-279.2	-1655.0	592.9	11.2	
107.80	345.9	9.6	16.3	0.0	-43.4	90.0	13.6	69.0	-279.4	-1636.0	564.4	12.6	
107.85	346.0	9.5	15.9	0.0	-42.3	90.0	13.6	65.0	-278.8	-1573.8	521.7	12.2	
107.90	346.0	9.5	14.8	0.0	-40.9	90.0	11.0	62.8	-278.4	-1499.8	433.6	9.9	
107.95	346.0	9.5	14.7	0.0	-40.5	90.0	9.0	63.1	-279.1	-1481.9	361.2	10.1	
108.00	346.0	9.5	17.2	0.0	-41.2	90.0	9.6	64.6	-279.4	-1545.5	316.1	17.7	
108.05	346.0	9.4	19.6	0.0	-42.5	90.0	7.9	68.5	-278.6	-1650.5	212.7	24.8	
108.10	346.0	9.4	21.0	0.0	-44.1	90.0	4.3	74.0	-278.3	-1766.6	77.8	28.2	
108.15	346.0	9.4	22.1	0.0	-45.1	90.0	2.6	75.9	-279.1	-1838.2	-12.9	30.9	
108.20	346.0	9.4	22.3	0.0	-44.9	90.0	2.3	73.8	-278.6	-1833.7	-74.6	31.6	
108.25	346.1	9.4	22.4	0.0	-44.6	90.0	1.3	73.8	-278.0	-1802.1	-129.0	32.3	
108.30	346.1	9.8	22.8	0.0	-44.3	90.0	0.7	74.4	-278.5	-1780.1	-155.3	33.9	
108.35	346.1	9.6	23.7	0.0	-44.8	90.0	2.4	73.7	-278.9	-1815.8	-140.0	36.7	
108.40	346.1	9.4	24.2	0.0	-45.3	90.0	3.7	73.4	-278.1	-1858.4	-124.3	37.7	
108.45	346.1	9.2	23.6	0.0	-45.4	90.0	2.9	75.5	-277.9	-1864.4	-115.2	35.7	
108.50	346.1	9.4	22.7	0.0	-44.8	90.0	3.6	75.4	-279.4	-1822.3	-46.2	33.0	
108.55	346.1	9.9	21.8	0.0	-43.6	90.0	5.8	69.8	-280.0	-1742.5	50.4	31.2	
108.60	346.1	10.6	18.9	0.0	-41.8	90.0	7.2	63.7	-278.9	-1617.5	124.4	23.1	
108.65	346.1	10.1	16.0	0.0	-40.1	90.0	7.3	61.3	-278.7	-1493.4	192.7	14.9	
108.70	346.1	9.9	14.7	0.0	-39.5	90.0	9.3	59.3	-280.0	-1426.5	316.5	11.0	
108.75	346.2	9.9	15.0	0.0	-40.3	90.0	12.5	58.3	-280.3	-1456.4	455.8	11.1	
108.80	346.2	9.7	15.4	0.0	-42.1	90.0	13.5	62.2	-279.8	-1552.2	547.6	10.7	
108.85	346.2	9.9	15.4	0.0	-43.7	90.0	14.6	66.4	-279.9	-1637.9	639.7	9.3	
108.90	346.2	10.2	16.0	0.0	-44.9	90.0	18.0	66.9	-280.3	-1682.4	763.0	9.9	
108.95	346.2	10.8	15.2	0.0	-45.0	90.0	21.0	64.6	-280.1	-1645.6	862.9	7.2	
109.00	346.2	11.4	14.1	0.0	-44.3	90.0	20.7	63.6	-279.8	-1572.7	887.8	4.0	
109.05	346.3	11.7	13.3	0.0	-43.9	90.0	20.2	62.7	-279.5	-1540.7	885.4	1.8	
109.10	346.3	11.3	14.2	0.0	-44.1	90.0	20.8	61.7	-279.2	-1569.4	877.1	4.7	
109.15	346.3	11.0	15.3	0.0	-44.7	90.0	19.9	65.3	-278.7	-1636.2	827.3	7.9	
109.20	346.3	10.7	16.2	0.0	-45.3	90.0	17.9	70.9	-278.6	-1702.7	758.7	10.5	
109.25	346.3	10.1	17.5	0.0	-45.5	90.0	17.9	72.4	-278.9	-1732.3	725.0	14.6	
109.30	346.3	9.7	17.6	0.0	-44.7	90.0	18.0	68.6	-279.1	-1691.4	685.4	15.9	
109.35	346.4	9.5	16.5	0.0	-43.0	90.0	15.8	64.8	-278.6	-1608.6	588.2	13.7	
109.40	346.4	9.4	15.6	0.0	-41.5	90.0	13.2	62.4	-278.4	-1531.4	474.4	11.9	
109.45	346.4	9.6	16.2	0.0	-41.0	90.0	12.4	61.5	-278.6	-1519.2	383.4	14.7	
109.50	346.4	9.9	17.9	0.0	-41.6	90.0	10.7	63.4	-278.4	-1583.9	272.5	20.0	
109.55	346.4	10.2	19.4	0.0	-42.8	90.0	7.1	67.7	-278.2	-1683.4	139.9	23.7	
109.60	346.5	10.2	21.2	0.0	-44.1	90.0	4.2	70.9	-278.7	-1780.6	46.5	28.8	
109.65	346.5	10.2	23.0	0.0	-44.8	90.0	4.3	71.4	-279.9	-1826.9	25.1	34.1	
109.70	346.5	10.2	22.5	0.0	-44.1	90.0	4.4	70.1	-280.6	-1781.0	11.0	33.1	
109.75	346.5	10.3	20.6	0.0	-42.7	90.0	3.1	67.5	-280.5	-1683.6	-27.3	28.2	
109.80	346.5	10.5	19.9	0.0	-41.7	90.0	1.6	63.2	-280.6	-1615.2	-66.6	26.7	
109.85	346.6	11.0	19.7	0.0	-41.2	90.0	0.8	59.9	-281.1	-1584.6	-92.5	26.5	
109.90	346.6	11.3	19.3	0.0	-41.0	90.0	-0.0	60.5	-280.9	-1569.6	-119.0	25.2	
109.95	346.6	11.3	19.2	0.0	-41.1	90.0	-1.3	62.5	-280.2	-1571.5	-140.8	24.8	
