Time[s]	Rotor azimuth angle[deg]	Hub wind speed magnitude[m/s]	ACTTORQUE1[Nm]	PITRAT1[deg/s]	PITFRIC1[kNm]	PITCH1[deg]	Blade root 1 Fx[KN]	Blade root 1 Fy[KN]	Blade root 1 Fz[KN]	Blade root 1 Mx[kNm]	Blade root 1 My[kNm]	Blade root 1 Mz[kNm]	
END_OF_HEADER
50.00	300.9	10.3	-43.1	-1.9	252.8	-0.0	353.9	199.1	478.7	-3452.9	16082.8	102.3	
50.05	303.4	10.5	-45.4	-2.0	252.8	-0.1	353.4	169.9	465.5	-2949.7	16234.6	105.5	
50.10	306.0	10.8	-48.6	-2.1	252.9	-0.2	353.2	157.5	451.4	-2565.7	16330.2	106.5	
50.15	308.6	11.2	-17.0	-1.6	253.4	-0.3	352.8	161.6	438.9	-2627.0	16370.5	125.5	
50.20	311.2	11.8	-24.8	-1.2	257.0	-0.4	358.7	169.3	426.9	-2941.5	16574.4	119.9	
50.25	313.8	12.1	-31.6	-0.9	263.0	-0.4	370.1	171.1	415.4	-3171.2	16973.5	115.7	
50.30	316.3	12.3	-33.9	-0.7	267.0	-0.5	374.9	166.4	406.2	-3339.7	17245.0	121.7	
50.35	318.9	12.4	-31.9	-0.5	267.4	-0.5	373.6	164.7	401.6	-3332.0	17287.5	136.4	
50.40	321.5	12.6	-31.7	-0.4	266.8	-0.5	374.0	158.0	400.5	-2964.7	17315.3	141.9	
50.45	324.1	12.6	-32.4	-0.2	268.1	-0.5	378.7	129.8	398.0	-2353.7	17533.3	141.8	
50.50	326.7	12.5	-37.6	-0.2	273.2	-0.6	391.7	95.7	394.5	-1639.6	17994.9	132.5	
50.55	329.3	12.4	-45.0	-0.1	280.2	-0.6	408.9	79.6	390.8	-1065.8	18529.6	116.7	
50.60	331.9	12.5	-47.4	-0.0	284.0	-0.6	414.4	74.5	384.4	-800.5	18824.8	114.4	
50.65	334.7	12.8	135.5	0.0	-287.7	-0.6	395.7	128.8	382.7	-3022.7	18896.8	172.2	
50.70	337.4	13.1	133.6	0.0	-292.2	-0.6	405.6	90.6	383.3	-2970.7	19248.9	162.5	
50.75	340.0	13.2	112.1	0.1	-303.6	-0.6	461.0	150.2	396.8	-2218.4	20007.5	78.3	
50.80	342.8	13.2	161.3	0.6	-286.9	-0.5	390.2	62.3	400.9	-2269.9	18987.5	204.1	
50.85	345.5	12.9	157.3	0.9	-285.9	-0.5	388.3	71.2	403.0	-1372.3	19001.9	207.2	
50.90	348.1	13.1	131.5	1.2	-301.5	-0.4	445.1	85.6	411.2	-335.4	20046.4	115.1	
50.95	350.9	13.4	145.3	1.4	-302.5	-0.4	425.7	-55.5	400.9	-405.1	20199.0	170.5	
51.00	353.6	13.8	137.4	1.6	-311.3	-0.3	449.1	-55.4	392.0	309.4	20805.4	141.0	
51.05	356.1	13.6	118.9	1.7	-316.4	-0.2	470.9	23.1	399.4	1041.3	21106.1	77.3	
51.10	358.9	13.4	137.0	1.8	-303.0	-0.1	418.8	-2.4	398.4	660.6	20266.2	156.5	
51.15	1.6	13.6	131.5	1.8	-306.3	-0.1	434.3	26.3	408.9	794.4	20454.7	137.2	
51.20	4.2	13.7	112.0	1.9	-315.8	0.0	470.2	33.7	429.1	965.5	21042.0	62.8	
51.25	7.0	13.9	124.0	1.9	-311.2	0.1	447.0	-42.1	428.3	680.2	20776.9	110.0	
51.30	9.8	14.0	125.8	1.9	-312.0	0.2	451.2	-18.0	438.4	1402.1	20785.9	116.6	
51.35	12.5	13.8	118.2	1.9	-311.7	0.3	447.9	-6.8	471.0	2328.1	20663.3	91.6	
51.40	15.4	13.6	132.2	2.0	-308.0	0.4	424.4	-99.3	480.9	2529.8	20382.0	144.0	
51.45	18.3	13.6	131.8	2.0	-320.7	0.5	459.6	-135.6	481.8	3053.6	21157.5	130.5	
51.50	21.1	13.8	122.7	2.0	-332.1	0.6	483.4	-159.0	492.1	3414.8	21878.5	88.1	
51.55	24.0	13.8	131.0	2.0	-332.2	0.7	475.3	-189.4	498.4	3320.1	21884.6	116.9	
51.60	26.8	13.7	127.6	2.0	-337.3	0.8	499.9	-136.2	512.4	3702.1	22191.0	100.1	
51.65	29.6	13.7	117.6	2.0	-339.4	0.9	497.3	-130.7	534.5	4028.5	22286.2	63.8	
51.70	32.5	13.7	119.5	2.0	-337.4	1.0	480.4	-187.2	539.2	4066.7	22118.3	72.4	
51.75	35.4	13.8	111.7	2.0	-341.4	1.1	502.5	-179.5	548.8	4637.2	22251.5	41.9	
51.80	38.2	14.2	101.4	2.0	-337.4	1.2	485.3	-172.6	577.1	5419.3	21795.0	10.5	
51.85	41.1	14.4	102.3	2.0	-328.4	1.3	450.1	-188.9	591.1	6016.9	21006.2	22.5	
51.90	44.1	14.5	100.8	2.0	-328.7	1.4	459.0	-180.2	597.4	6547.7	20845.3	17.3	
51.95	47.1	14.2	97.8	2.0	-329.3	1.5	452.5	-213.7	614.3	6643.2	20824.4	6.4	
52.00	50.1	14.1	98.8	2.0	-330.1	1.6	446.1	-250.4	628.2	6439.4	20905.5	9.2	
52.05	53.1	14.2	97.3	2.0	-336.3	1.7	474.2	-230.0	639.4	6568.4	21301.8	-2.2	
52.10	56.1	14.2	98.7	2.0	-336.8	1.8	465.1	-238.5	661.3	6774.6	21273.5	2.1	
52.15	59.0	14.0	101.7	2.0	-335.9	1.9	454.2	-264.1	683.6	6824.4	21162.3	13.2	
52.20	62.1	13.7	98.8	2.0	-342.2	2.0	487.7	-271.4	697.3	7002.6	21490.7	-3.1	
52.25	65.1	13.2	96.2	2.0	-344.2	2.1	485.5	-308.1	710.5	7207.2	21519.3	-13.9	
52.30	68.1	12.9	93.5	2.0	-341.9	2.2	468.6	-320.3	724.1	7512.5	21246.2	-20.9	
52.35	71.1	12.8	90.9	2.0	-338.8	2.3	479.2	-278.8	738.2	7734.8	20941.0	-26.9	
52.40	74.1	13.0	90.8	2.0	-329.8	2.4	458.0	-275.6	762.8	7665.8	20280.8	-18.0	
52.45	77.1	13.0	86.2	2.0	-321.9	2.5	435.7	-288.4	791.3	7509.9	19717.9	-26.0	
52.50	80.1	12.9	78.9	2.0	-318.4	2.6	454.7	-271.7	814.3	7340.6	19458.4	-47.5	
52.55	83.2	12.8	77.8	2.0	-309.3	2.7	444.1	-265.9	845.5	7159.1	18800.9	-42.4	
52.60	86.2	12.7	77.7	2.0	-298.7	2.8	415.9	-257.2	881.5	7177.3	17995.4	-32.0	
52.65	89.3	12.6	76.3	2.0	-294.6	2.9	417.3	-248.3	901.1	7220.9	17636.9	-32.8	
52.70	92.5	12.6	79.0	2.0	-292.3	3.0	402.6	-281.6	914.3	7116.1	17459.3	-21.1	
52.75	95.6	12.7	81.0	2.0	-290.4	3.1	378.0	-310.5	933.4	7053.8	17318.1	-12.3	
52.80	98.8	12.5	81.3	2.0	-288.3	3.2	378.4	-299.9	947.3	6982.4	17186.8	-9.1	
52.85	101.9	12.3	82.0	2.0	-283.7	3.3	368.2	-292.0	963.6	6941.9	16853.0	-2.2	
52.90	105.1	12.1	77.5	2.0	-280.6	3.4	357.1	-285.8	989.1	6990.4	16597.8	-14.5	
52.95	108.2	12.2	67.7	2.0	-281.8	3.5	383.4	-277.3	1007.7	6851.9	16686.5	-49.3	
53.00	111.4	12.2	62.7	2.0	-281.6	3.6	400.7	-273.8	1021.8	6497.0	16764.0	-66.3	
53.05	114.6	12.0	60.0	2.0	-278.0	3.7	390.9	-254.4	1042.2	6447.2	16534.7	-72.2	
53.10	117.7	11.9	58.5	2.0	-271.9	3.8	382.2	-226.6	1057.4	6464.4	16084.3	-71.0	
53.15	120.9	12.0	60.7	2.0	-262.6	3.9	359.7	-217.8	1073.6	6385.3	15418.6	-54.3	
53.20	124.1	12.2	62.0	2.0	-254.3	4.0	329.7	-223.4	1098.1	6346.4	14801.3	-41.3	
53.25	127.4	12.4	59.3	2.0	-249.1	4.1	323.8	-233.4	1115.3	6161.1	14435.9	-45.6	
53.30	130.6	12.3	54.0	2.0	-244.0	4.2	324.4	-231.1	1130.2	5904.5	14116.3	-58.6	
53.35	133.9	12.2	49.1	2.0	-237.3	4.3	316.5	-210.6	1150.3	5673.8	13707.6	-68.9	
53.40	137.1	12.4	44.7	2.0	-228.5	4.4	313.6	-189.0	1167.1	5166.3	13217.8	-74.9	
53.45	140.4	12.4	40.6	2.0	-218.3	4.5	306.8	-177.9	1181.9	4463.4	12684.2	-79.1	
53.50	143.7	12.5	39.6	2.0	-207.0	4.6	282.2	-168.7	1196.2	3805.1	12068.7	-71.1	
53.55	146.9	12.4	42.4	2.0	-196.2	4.7	261.1	-151.3	1205.2	3202.9	11466.3	-50.6	
53.60	150.2	12.0	41.6	2.0	-184.7	4.8	243.3	-121.0	1220.0	2771.9	10765.0	-41.8	
53.65	153.4	12.0	40.6	2.0	-176.6	4.9	230.7	-94.0	1239.5	2559.8	10234.5	-37.1	
53.70	156.7	12.2	36.5	2.0	-173.2	5.0	232.6	-83.6	1251.5	2320.0	10024.0	-47.8	
53.75	160.0	12.2	31.3	2.0	-171.0	5.1	239.4	-69.3	1257.6	1903.6	9932.9	-63.7	
53.80	163.3	12.1	31.0	2.0	-165.1	5.2	231.3	-46.6	1264.6	1369.6	9603.6	-58.6	
53.85	166.6	12.2	31.6	2.0	-156.0	5.3	215.8	-16.5	1275.0	733.0	9027.4	-47.5	
53.90	169.9	12.6	28.8	2.0	-148.5	5.4	204.3	19.1	1290.6	53.2	8510.3	-49.7	
53.95	173.3	12.6	30.4	2.0	-144.5	5.5	191.6	39.4	1304.2	-732.8	8190.0	-40.2	
54.00	176.7	12.5	31.9	2.0	-146.6	5.6	192.0	41.4	1312.4	-1389.6	8258.1	-37.1	
54.05	180.1	12.5	25.8	2.0	-153.2	5.7	208.8	43.5	1319.7	-1699.9	8655.8	-64.8	
54.10	183.5	12.5	19.7	2.0	-161.2	5.8	230.5	50.7	1325.1	-1899.8	9160.6	-93.5	
54.15	186.8	12.8	17.0	2.0	-165.3	5.9	239.9	59.5	1327.0	-1987.1	9424.5	-106.9	
54.20	190.2	13.1	15.4	2.0	-165.6	6.0	236.7	63.8	1324.5	-2028.6	9445.7	-112.6	
54.25	193.6	13.4	21.9	2.0	-164.7	6.1	226.0	76.2	1321.3	-2366.2	9318.1	-89.4	
54.30	197.0	13.1	30.0	2.0	-168.5	6.2	227.1	112.5	1321.8	-2992.5	9398.3	-65.6	
54.35	200.4	13.1	29.7	2.0	-177.0	6.3	245.7	147.9	1327.1	-3443.6	9814.0	-75.0	
54.40	203.7	13.4	27.5	2.0	-184.5	6.4	272.5	160.6	1334.4	-3604.7	10266.3	-90.0	
54.45	207.1	13.3	29.1	2.0	-187.6	6.5	288.7	168.4	1341.3	-3712.6	10411.0	-87.5	
54.50	210.5	13.2	33.3	2.0	-186.8	6.6	281.8	182.2	1339.9	-3904.8	10273.3	-72.6	
54.55	214.0	13.1	34.9	2.0	-184.6	6.7	267.6	186.9	1326.9	-3962.9	10115.9	-64.8	
54.60	217.4	13.0	31.4	2.0	-182.4	6.8	261.2	180.3	1312.7	-3808.8	10036.7	-74.7	
54.65	220.8	12.7	28.7	2.0	-181.7	6.9	256.1	181.3	1305.1	-3859.9	9975.7	-83.2	
54.70	224.3	12.5	31.3	2.0	-184.7	7.0	256.8	195.3	1294.5	-4295.5	10027.4	-77.3	
54.75	227.7	12.5	32.2	2.0	-191.4	7.1	264.3	217.0	1274.6	-4868.4	10278.1	-80.9	
54.80	231.2	12.2	28.7	2.0	-196.4	7.2	269.5	229.4	1261.1	-5283.0	10468.8	-98.0	
54.85	234.6	12.1	26.6	2.0	-197.5	7.3	277.0	243.1	1257.7	-5565.9	10368.6	-106.1	
54.90	238.1	12.1	29.0	2.0	-195.8	7.4	281.5	266.9	1253.0	-5854.1	10000.5	-96.3	
54.95	241.5	12.5	32.1	2.0	-190.7	7.5	258.3	276.4	1240.1	-6155.4	9399.0	-80.4	
55.00	245.0	12.7	31.9	2.0	-185.2	7.6	225.8	271.7	1215.9	-6331.2	8889.8	-75.7	
55.05	248.5	12.8	30.2	2.0	-183.3	7.7	213.7	287.0	1193.5	-6424.6	8650.9	-79.5	
55.10	252.0	13.1	31.7	2.0	-182.2	7.8	205.4	300.5	1184.4	-6682.9	8328.5	-73.5	
55.15	255.5	12.9	32.4	2.0	-182.1	7.9	204.6	303.7	1180.5	-6989.5	8055.9	-70.9	
55.20	259.0	12.7	28.5	2.0	-184.1	8.0	217.9	307.4	1172.3	-7149.3	8090.8	-86.4	
55.25	262.5	12.8	26.0	2.0	-186.4	8.1	217.3	302.4	1159.8	-7403.9	8123.5	-97.3	
55.30	266.0	13.0	28.4	2.0	-191.0	8.2	214.0	317.9	1147.8	-7882.1	8121.5	-93.3	
55.35	269.6	13.0	27.1	2.0	-195.8	8.3	227.0	340.5	1142.4	-8188.8	8223.0	-102.6	
55.40	273.1	12.9	18.8	2.0	-195.6	8.4	238.0	321.9	1135.1	-8020.1	8414.3	-130.9	
55.45	276.7	13.3	8.7	2.0	-193.0	8.5	246.0	289.6	1121.9	-7601.1	8629.1	-163.3	
55.50	280.2	13.2	4.3	2.0	-190.9	8.6	252.8	284.1	1105.9	-7341.0	8652.5	-176.0	
55.55	283.7	13.0	7.5	2.0	-186.3	8.7	239.9	288.0	1091.5	-7246.7	8312.9	-160.6	
55.60	287.2	12.5	6.3	2.0	-178.9	8.8	221.9	284.4	1075.2	-6868.8	7972.9	-157.4	
55.65	290.7	12.6	5.3	2.0	-171.1	8.9	207.3	271.8	1054.0	-6472.9	7623.5	-153.0	
55.70	294.3	12.6	12.7	2.0	-165.2	9.0	186.9	270.3	1035.4	-6518.8	7062.9	-121.7	
55.75	297.8	12.6	17.8	2.0	-159.8	9.1	168.4	291.9	1023.8	-6571.5	6421.5	-98.6	
55.80	301.3	12.5	16.0	2.0	-152.3	9.2	157.8	290.9	1012.9	-6320.6	5894.1	-97.5	
55.85	304.9	12.4	13.6	2.0	-143.0	9.3	143.5	258.1	1004.6	-5906.5	5468.9	-96.4	
55.90	308.4	12.2	13.9	2.0	-135.6	9.4	131.2	241.4	997.0	-5482.3	5200.6	-87.8	
55.95	312.0	12.3	11.0	2.0	-129.9	9.5	128.5	224.9	986.1	-5071.1	5081.1	-92.2	
56.00	315.5	12.1	1.3	2.0	-122.3	9.6	129.2	190.5	969.2	-4382.1	5065.7	-118.0	
56.05	319.1	11.9	-6.3	2.0	-118.5	9.7	136.2	171.8	952.1	-3735.5	5271.4	-140.1	
56.10	322.6	12.0	-8.8	2.0	-118.0	9.8	142.8	160.8	943.3	-3483.6	5419.8	-148.4	
56.15	326.2	12.2	-7.5	2.0	-116.1	9.9	140.3	147.0	930.9	-3350.5	5380.7	-141.9	
56.20	329.8	12.4	-9.0	2.0	-111.9	10.0	132.4	141.2	911.8	-3069.3	5228.2	-142.7	
56.25	333.3	12.7	-8.2	2.0	-106.2	10.1	126.4	133.0	904.3	-2858.1	4893.5	-134.2	
56.30	336.9	12.6	-5.6	2.0	-100.3	10.2	124.9	124.8	915.7	-2656.1	4514.0	-119.7	
56.35	340.4	12.7	-6.0	2.0	-96.2	10.3	127.7	113.7	919.6	-2235.6	4403.6	-117.0	
56.40	344.0	12.8	-10.4	2.0	-93.0	10.4	125.2	88.5	903.9	-1725.9	4432.5	-128.8	
56.45	347.6	12.7	-11.5	2.0	-91.2	10.5	119.4	71.3	888.8	-1404.4	4456.3	-130.7	
56.50	351.1	12.6	-8.7	2.0	-89.4	10.6	113.7	68.4	892.7	-1244.2	4379.7	-119.2	
56.55	354.7	12.4	-9.8	2.0	-89.0	10.7	116.1	54.0	897.9	-1059.7	4409.9	-122.6	
56.60	358.3	12.0	-16.3	2.0	-87.2	10.8	111.6	35.2	892.5	-750.3	4368.6	-143.1	
56.65	1.9	12.2	-20.9	2.0	-84.6	10.9	106.2	21.8	889.6	-519.8	4232.1	-156.3	
56.70	5.5	12.4	-19.4	2.0	-79.9	11.0	98.4	7.2	902.6	-460.2	3898.9	-146.5	
56.75	9.0	12.5	-20.4	2.0	-76.2	11.1	94.1	-10.6	916.3	-183.7	3647.9	-146.4	
56.80	12.6	12.4	-25.7	2.0	-77.2	11.2	96.7	-30.5	912.9	356.4	3689.2	-165.6	
56.85	16.2	12.5	-27.4	2.0	-78.9	11.3	96.3	-49.2	905.9	934.6	3707.7	-172.9	
56.90	19.7	12.6	-25.4	2.0	-78.7	11.4	91.8	-70.6	911.7	1507.9	3470.2	-166.1	
56.95	23.3	12.8	-21.6	2.0	-77.2	11.5	81.4	-91.7	925.1	2112.7	2955.9	-151.2	
57.00	26.8	12.8	-19.9	2.0	-78.9	11.6	67.5	-116.7	931.2	2825.0	2420.9	-147.3	
57.05	30.4	12.8	-16.0	2.0	-81.3	11.7	51.0	-132.3	931.0	3353.2	1967.3	-136.4	
57.10	33.9	12.8	-11.1	2.0	-84.3	11.8	47.8	-131.8	943.1	3771.9	1636.2	-122.4	
57.15	37.5	12.9	-9.9	2.0	-90.2	11.9	52.3	-152.9	965.3	4268.3	1339.8	-124.1	
57.20	41.0	12.8	-9.3	2.0	-98.4	12.0	52.3	-181.4	979.9	4886.1	1082.4	-130.4	
57.25	44.6	12.5	-6.0	2.0	-104.8	12.1	42.9	-198.3	985.0	5382.4	820.8	-125.5	
57.30	48.2	12.5	-0.4	2.0	-109.1	12.2	27.3	-222.1	986.8	5686.2	484.7	-110.5	
57.35	51.7	12.2	1.0	2.0	-117.7	12.3	18.8	-243.5	1000.1	6284.1	156.4	-114.4	
57.40	55.3	11.9	-1.4	2.0	-127.4	12.4	22.2	-259.6	1014.7	6966.2	14.1	-132.3	
57.45	58.8	12.0	-1.5	2.0	-132.4	12.5	22.5	-281.8	1019.1	7270.2	-19.6	-137.6	
57.50	62.4	12.1	-1.7	2.0	-134.0	12.6	19.1	-284.7	1024.5	7381.0	-59.6	-139.7	
57.55	66.0	12.3	-0.8	2.0	-135.1	12.7	19.1	-282.1	1036.3	7460.7	-155.4	-137.6	
57.60	69.5	12.7	2.0	2.0	-134.7	12.8	24.2	-286.2	1050.1	7409.3	-243.4	-128.0	
57.65	73.0	12.5	0.3	2.0	-135.5	12.9	33.8	-276.2	1066.9	7485.4	-177.9	-134.6	
57.70	76.6	12.2	0.6	2.0	-136.2	13.0	35.1	-280.0	1079.0	7514.8	-133.1	-134.2	
57.75	80.1	12.1	0.7	2.0	-135.6	13.1	25.7	-290.5	1085.3	7435.2	-229.3	-133.2	
57.80	83.6	12.3	0.9	2.0	-134.3	13.2	12.7	-281.9	1096.1	7348.6	-438.6	-131.3	
57.85	87.2	12.6	1.7	2.0	-133.8	13.3	0.3	-284.0	1109.6	7268.9	-748.6	-127.9	
57.90	90.7	13.0	0.6	2.0	-134.3	13.4	-6.6	-287.1	1123.3	7246.5	-1082.6	-132.4	
57.95	94.2	12.7	-1.9	2.0	-134.5	13.5	-14.1	-283.5	1141.6	7176.8	-1520.8	-141.0	
58.00	97.7	12.6	-2.0	2.0	-130.6	13.6	-26.1	-280.4	1157.9	6732.6	-2019.9	-137.4	
58.05	101.2	12.6	-1.5	2.0	-126.9	13.7	-34.7	-264.2	1175.9	6323.1	-2455.5	-132.1	
58.10	104.7	12.6	-0.3	2.0	-125.2	13.8	-46.6	-250.7	1194.7	6019.1	-2880.8	-126.2	
58.15	108.2	12.7	4.1	2.0	-124.3	13.9	-61.4	-248.1	1206.9	5733.1	-3257.8	-110.4	
58.20	111.7	12.6	6.2	2.0	-124.4	14.0	-62.2	-236.8	1220.8	5632.0	-3484.5	-103.2	
58.25	115.2	12.1	8.8	2.0	-127.2	14.1	-56.3	-240.2	1240.0	5720.5	-3704.9	-97.0	
58.30	118.7	12.3	11.1	2.0	-130.9	14.2	-56.8	-241.2	1255.7	5863.3	-3970.8	-92.7	
58.35	122.2	12.5	12.0	2.0	-131.8	14.3	-61.3	-226.5	1262.3	5859.8	-4147.8	-90.7	
58.40	125.7	12.7	14.5	2.0	-129.9	14.4	-66.7	-221.4	1270.2	5621.1	-4245.9	-80.2	
58.45	129.2	12.9	16.0	2.0	-126.2	14.5	-63.3	-211.9	1288.3	5311.5	-4209.0	-71.2	
58.50	132.6	13.3	13.5	2.0	-120.0	14.6	-49.4	-191.1	1306.8	4959.7	-3984.7	-73.5	
58.55	136.1	13.7	10.5	2.0	-114.1	14.7	-38.2	-180.0	1313.8	4624.9	-3746.5	-78.0	
58.60	139.6	13.4	7.1	2.0	-112.1	14.8	-33.7	-174.3	1318.4	4492.9	-3690.9	-87.7	
58.65	143.1	12.9	3.4	2.0	-113.1	14.9	-31.4	-173.9	1333.0	4471.4	-3821.7	-101.5	
58.70	146.5	12.7	3.4	2.0	-114.4	15.0	-38.3	-170.2	1342.3	4394.4	-4056.7	-102.7	
58.75	150.0	12.7	6.8	2.0	-112.9	15.1	-54.9	-151.6	1334.3	4128.3	-4230.6	-89.5	
58.80	153.4	12.8	9.3	2.0	-109.6	15.2	-65.9	-135.8	1325.2	3746.7	-4293.1	-77.7	
58.85	156.9	13.0	8.4	2.0	-106.8	15.3	-63.9	-121.0	1331.4	3423.2	-4335.5	-77.8	
58.90	160.3	13.4	8.1	2.0	-104.0	15.4	-57.0	-101.8	1344.7	3055.3	-4403.4	-76.3	
58.95	163.7	13.7	11.5	2.0	-100.9	15.5	-57.7	-83.2	1346.1	2512.6	-4518.7	-61.5	
59.00	167.1	13.9	13.9	2.0	-97.5	15.6	-60.4	-55.9	1339.7	1952.4	-4575.7	-49.8	
59.05	170.5	14.0	12.5	2.0	-95.2	15.7	-60.9	-31.6	1341.3	1470.6	-4608.1	-52.4	
59.10	174.0	14.2	7.8	2.0	-93.3	15.8	-59.8	-20.2	1349.1	1049.3	-4582.1	-66.5	
59.15	177.4	14.4	1.4	2.0	-88.4	15.9	-52.6	-12.1	1345.2	683.5	-4307.4	-83.7	
59.20	180.7	14.6	-5.8	2.0	-82.2	16.0	-41.7	-4.6	1330.0	416.6	-3916.4	-102.1	
59.25	184.1	14.7	-12.5	2.0	-78.2	16.1	-32.3	7.1	1319.8	204.2	-3666.8	-121.2	
59.30	187.5	14.5	-18.3	2.0	-78.2	16.2	-28.5	29.4	1318.5	-130.4	-3648.3	-140.9	
59.35	190.8	14.3	-15.3	2.0	-83.3	16.3	-39.5	53.2	1313.9	-748.2	-3894.6	-136.0	
59.40	194.2	14.3	-7.0	2.0	-91.2	16.4	-57.1	77.8	1298.8	-1603.7	-4189.8	-115.2	
59.45	197.6	14.7	-2.7	2.0	-97.6	16.5	-62.4	107.9	1284.8	-2414.5	-4259.5	-106.9	
59.50	200.9	15.2	-3.1	2.0	-100.6	16.6	-50.2	139.9	1277.6	-3017.3	-4065.7	-111.5	
59.55	204.2	15.6	-5.6	2.0	-103.1	16.7	-42.4	162.2	1273.5	-3347.5	-3976.1	-122.5	
59.60	207.5	15.7	-5.0	2.0	-106.1	16.8	-41.3	164.7	1261.1	-3599.4	-4061.4	-123.1	
59.65	210.9	15.6	-1.4	2.0	-111.7	16.9	-54.0	159.4	1246.8	-3851.1	-4421.7	-116.5	
59.70	214.2	15.4	-1.8	2.0	-117.1	17.0	-66.0	172.0	1235.3	-4000.3	-4787.2	-123.4	
59.75	217.5	15.2	-1.5	2.0	-122.8	17.1	-73.9	196.2	1220.6	-4334.1	-4981.5	-127.7	
59.80	220.8	15.4	0.4	2.0	-127.3	17.2	-75.4	217.0	1204.2	-4711.2	-5046.1	-125.9	
59.85	224.2	15.6	-0.1	2.0	-128.9	17.3	-65.4	219.7	1192.4	-4945.8	-4996.9	-129.1	
59.90	227.5	15.3	-0.5	2.0	-129.5	17.4	-49.3	212.2	1181.9	-5222.5	-4843.4	-131.3	
59.95	230.8	15.2	0.3	2.0	-131.8	17.5	-37.6	230.2	1166.0	-5514.8	-4716.8	-130.8	
60.00	234.0	14.7	4.2	2.0	-136.5	17.6	-41.8	256.4	1148.1	-5776.6	-4864.5	-122.2	
60.05	237.3	13.9	10.0	2.0	-142.5	17.7	-56.7	265.5	1130.7	-6063.8	-5192.1	-108.1	
60.10	240.6	13.6	9.6	2.0	-145.4	17.8	-66.7	268.7	1115.7	-6083.3	-5503.4	-112.5	
60.15	243.9	13.4	6.5	2.0	-146.5	17.9	-70.8	259.4	1097.9	-6036.4	-5724.7	-124.2	
60.20	247.1	13.3	6.1	2.0	-148.2	18.0	-75.6	250.8	1075.0	-6067.0	-5939.2	-127.3	
60.25	250.4	12.9	8.2	2.0	-150.9	18.1	-78.8	266.6	1052.2	-6004.2	-6247.4	-122.9	
60.30	253.6	12.6	15.7	2.0	-156.4	18.2	-87.9	273.0	1031.1	-6133.6	-6680.8	-102.4	
60.35	256.8	12.5	24.1	2.0	-162.8	18.3	-102.0	273.6	1008.7	-6351.3	-7142.6	-80.0	
60.40	260.0	12.5	28.3	2.0	-168.1	18.4	-113.5	281.9	984.2	-6494.5	-7523.9	-71.0	
60.45	263.2	12.3	32.2	2.0	-173.5	18.5	-127.0	283.4	962.8	-6704.1	-7881.4	-62.8	
60.50	266.4	12.1	36.6	2.0	-177.1	18.6	-137.6	293.0	939.7	-6829.4	-8107.7	-51.4	
60.55	269.5	12.0	38.7	2.0	-178.1	18.7	-143.8	302.6	915.4	-6837.0	-8175.9	-45.3	
60.60	272.7	12.1	37.2	2.0	-177.3	18.8	-145.8	298.4	890.4	-6909.8	-8075.9	-49.7	
60.65	275.9	12.1	32.0	2.0	-174.8	18.9	-140.7	295.9	867.1	-6916.9	-7862.2	-64.9	
60.70	279.0	12.1	26.1	2.0	-171.3	19.0	-127.7	291.6	850.7	-6877.6	-7590.9	-81.6	
60.75	282.1	11.7	22.8	2.0	-167.6	19.1	-109.6	290.5	836.9	-6921.5	-7220.6	-89.4	
60.80	285.3	11.5	20.4	2.0	-163.6	19.2	-92.5	295.8	816.0	-6998.7	-6740.1	-93.7	
60.85	288.4	11.6	14.3	2.0	-158.9	19.3	-83.4	286.7	794.0	-6915.6	-6378.1	-109.7	
60.90	291.5	11.6	11.7	2.0	-155.8	19.4	-80.3	275.3	775.8	-6797.7	-6228.3	-115.7	
60.95	294.7	11.6	6.4	2.0	-156.4	19.5	-85.1	269.5	764.1	-6756.6	-6370.9	-134.5	
61.00	297.8	11.6	7.2	2.0	-158.2	19.6	-101.4	257.5	751.8	-6672.6	-6697.1	-133.6	
61.05	300.9	11.6	10.1	2.0	-159.5	19.7	-121.7	249.6	727.1	-6596.5	-6926.4	-124.9	
61.10	303.9	11.6	12.6	2.0	-158.9	19.8	-130.2	256.1	701.6	-6520.8	-6928.0	-115.7	
61.15	307.0	11.6	15.3	2.0	-157.0	19.9	-125.9	260.6	688.1	-6438.7	-6810.0	-104.6	
61.20	310.0	11.1	17.4	2.0	-153.3	20.0	-117.2	251.2	678.6	-6266.0	-6648.0	-93.5	
61.25	313.1	11.0	17.8	2.0	-149.3	20.1	-114.0	239.8	662.1	-5956.4	-6589.9	-88.4	
61.30	316.1	10.9	21.2	2.0	-148.8	20.2	-121.3	230.9	646.6	-5681.2	-6805.5	-76.0	
61.35	319.1	10.9	30.8	2.0	-152.0	20.3	-136.8	225.2	638.7	-5474.6	-7276.5	-46.4	
61.40	322.1	10.8	36.7	2.0	-153.0	20.4	-147.6	221.3	629.6	-5136.1	-7610.1	-27.0	
61.45	325.1	11.0	32.3	2.0	-148.1	20.5	-146.7	200.7	611.8	-4626.6	-7577.6	-37.2	
61.50	328.1	11.5	24.0	2.0	-141.0	20.6	-140.0	167.2	590.7	-4067.9	-7399.3	-58.7	
61.55	331.1	11.5	19.5	2.0	-136.8	20.7	-135.8	140.8	576.8	-3568.8	-7390.4	-69.9	
61.60	334.1	11.4	24.2	2.0	-137.9	20.8	-143.1	125.0	564.1	-3147.3	-7694.3	-54.9	
61.65	337.0	11.3	34.0	2.0	-142.3	20.9	-159.7	117.3	547.2	-2743.4	-8193.1	-25.7	
61.70	340.0	11.1	40.9	2.0	-145.9	21.0	-168.6	107.5	533.3	-2366.5	-8595.0	-5.5	
61.75	342.9	11.2	46.5	2.0	-147.2	21.1	-165.3	91.3	530.4	-2058.0	-8814.5	12.4	
61.80	345.9	11.6	49.3	2.0	-146.2	21.2	-155.6	68.9	527.8	-1719.2	-8863.6	23.1	
61.85	348.8	11.9	52.6	2.0	-144.0	21.3	-149.1	49.3	512.8	-1262.8	-8820.2	36.7	
61.90	351.7	12.1	57.7	2.0	-142.9	21.4	-146.3	38.1	494.3	-669.5	-8840.1	55.3	
61.95	354.5	12.2	64.7	2.0	-145.9	21.5	-148.7	24.1	486.8	-127.8	-9095.3	76.2	
62.00	357.4	12.3	71.5	2.0	-154.2	21.6	-164.6	3.5	485.4	271.4	-9679.7	91.3	
62.05	0.3	12.3	76.5	2.0	-163.8	21.7	-188.1	-16.3	475.7	514.2	-10336.7	98.8	
62.10	3.2	12.4	82.3	2.0	-171.9	21.8	-210.8	-29.4	462.4	583.2	-10885.6	110.6	
62.15	6.1	12.4	86.5	2.0	-175.0	21.9	-218.1	-27.2	456.5	521.8	-11109.0	122.1	
62.20	8.9	12.4	85.6	2.0	-172.9	22.0	-209.8	-19.1	457.1	493.5	-10977.4	121.1	
62.25	11.7	12.4	82.8	2.0	-168.4	22.1	-199.8	-25.8	453.4	554.0	-10664.0	115.7	
62.30	14.6	12.7	77.9	2.0	-163.6	22.2	-191.0	-47.0	445.9	753.7	-10308.5	103.9	
62.35	17.4	13.1	70.6	2.0	-159.7	22.3	-180.7	-73.7	442.8	1139.8	-9983.4	82.7	
62.40	20.1	13.6	68.7	2.0	-158.0	22.4	-171.4	-95.6	446.2	1730.4	-9761.0	77.6	
62.45	22.9	13.8	65.6	2.0	-158.3	22.5	-166.7	-110.9	445.4	2404.4	-9622.8	67.1	
62.50	25.6	13.7	63.9	2.0	-157.1	22.6	-163.7	-124.4	436.5	2855.2	-9401.6	62.2	
62.55	28.3	13.4	64.9	2.0	-153.4	22.7	-159.2	-133.8	430.2	2925.0	-9078.8	69.6	
62.60	31.1	12.9	65.7	2.0	-149.1	22.8	-153.7	-134.1	433.7	2851.5	-8771.1	76.5	
62.65	33.8	13.4	68.1	2.0	-145.6	22.9	-148.0	-136.4	437.6	2841.6	-8499.2	88.3	
62.70	36.4	13.9	70.1	2.0	-144.9	23.0	-148.9	-139.9	438.8	2947.1	-8394.9	95.9	
62.75	39.1	14.2	71.6	2.0	-146.8	23.1	-151.6	-142.6	447.2	3201.5	-8441.5	98.8	
62.80	41.8	14.0	69.5	2.0	-150.0	23.2	-150.2	-161.5	460.6	3650.9	-8469.0	88.5	
62.85	44.4	13.8	63.3	2.0	-154.2	23.3	-148.8	-195.1	469.4	4257.8	-8450.3	63.1	
62.90	47.1	13.6	57.7	2.0	-158.3	23.4	-147.9	-224.7	468.4	4921.9	-8363.1	39.6	
62.95	49.7	13.6	55.2	2.0	-160.7	23.5	-146.6	-239.6	464.0	5401.1	-8239.6	28.9	
63.00	52.3	13.4	58.4	2.0	-162.8	23.6	-148.5	-240.3	466.1	5681.6	-8234.9	37.6	
63.05	54.9	12.9	63.1	2.0	-164.9	23.7	-151.4	-240.7	471.2	5837.1	-8313.1	51.5	
63.10	57.5	12.9	68.5	2.0	-166.4	23.8	-152.6	-248.1	473.6	5935.8	-8346.8	68.9	
63.15	60.1	12.8	73.0	2.0	-166.9	23.9	-148.2	-251.5	477.5	6082.4	-8288.2	83.7	
63.20	62.7	12.5	77.7	2.0	-166.6	24.0	-137.7	-250.3	486.6	6261.6	-8135.3	100.2	
63.25	65.2	12.3	78.7	2.0	-166.7	24.1	-126.5	-253.7	494.7	6518.9	-7939.7	103.6	
63.30	67.8	12.2	77.2	2.0	-168.6	24.2	-121.8	-266.6	497.1	6869.7	-7794.9	96.3	
63.35	70.3	12.3	75.0	2.0	-171.7	24.3	-126.4	-286.9	496.3	7139.1	-7783.6	85.7	
63.40	72.9	12.4	74.4	2.0	-173.7	24.4	-136.4	-293.4	496.9	7217.9	-7882.5	81.5	
63.45	75.4	12.3	74.5	2.0	-174.0	24.5	-145.5	-286.6	500.0	7121.4	-8002.0	81.6	
63.50	77.9	12.2	73.7	2.0	-173.5	24.6	-148.6	-287.9	505.6	6989.5	-8052.7	79.4	
63.55	80.4	12.3	70.0	2.0	-172.8	24.7	-145.0	-294.1	513.7	6951.9	-7994.5	67.3	
63.60	82.9	12.3	65.3	2.0	-170.0	24.8	-136.0	-295.7	521.4	6837.2	-7811.5	54.3	
63.65	85.4	12.4	63.0	2.0	-165.8	24.9	-126.1	-289.8	529.3	6589.3	-7630.9	50.6	
63.70	87.9	12.3	61.9	2.0	-164.6	25.0	-122.9	-282.4	538.7	6468.9	-7636.4	48.1	
63.75	90.3	12.4	62.9	2.0	-166.8	25.1	-127.0	-283.7	547.4	6485.3	-7820.1	49.2	
63.80	92.7	12.4	65.6	2.0	-169.3	25.2	-135.0	-284.1	554.6	6449.9	-8078.2	55.7	
63.85	95.1	12.1	69.3	2.0	-170.2	25.3	-140.9	-274.3	561.2	6338.3	-8267.2	67.6	
63.90	97.5	12.0	72.0	2.0	-170.2	25.4	-144.8	-266.9	569.5	6178.6	-8391.5	76.9	
63.95	99.9	11.9	72.2	2.0	-170.3	25.5	-146.7	-266.6	580.0	6061.9	-8479.9	77.4	
64.00	102.3	11.6	73.1	2.0	-170.1	25.6	-147.4	-262.5	589.8	6008.6	-8498.8	80.8	
64.05	104.7	11.6	73.7	2.0	-168.8	25.7	-146.8	-256.8	596.8	5911.8	-8461.9	84.2	
64.10	107.0	11.7	74.1	2.0	-167.2	25.8	-144.4	-249.9	604.3	5756.2	-8437.5	87.1	
64.15	109.4	11.6	72.4	2.0	-165.3	25.9	-137.9	-245.2	614.3	5640.1	-8359.0	83.3	
64.20	111.8	11.7	69.6	2.0	-162.9	26.0	-129.1	-249.7	623.2	5626.7	-8143.5	76.1	
64.25	114.1	11.9	64.5	2.0	-160.6	26.1	-121.1	-260.1	626.6	5727.2	-7832.1	60.9	
64.30	116.4	11.8	59.8	2.0	-158.7	26.2	-115.1	-261.5	628.2	5865.9	-7543.3	46.6	
64.35	118.7	11.8	58.0	2.0	-156.4	26.3	-110.0	-258.8	632.6	5915.9	-7300.0	42.6	
64.40	121.0	11.8	57.9	2.0	-154.9	26.4	-105.8	-260.8	638.5	5983.9	-7087.0	43.9	
64.45	123.3	12.0	56.3	2.0	-154.3	26.5	-103.5	-264.0	640.8	6144.3	-6872.7	39.1	
64.50	125.6	12.0	56.2	2.0	-152.7	26.6	-101.2	-262.3	639.3	6215.0	-6662.6	40.1	
64.55	127.8	12.0	57.8	2.0	-149.1	26.7	-94.0	-247.4	641.0	6096.9	-6460.3	49.2	
64.60	130.0	12.1	60.0	2.0	-144.3	26.8	-86.2	-226.4	648.0	5839.9	-6285.4	61.7	
64.65	132.3	12.0	61.4	2.0	-139.9	26.9	-83.1	-216.5	653.8	5580.1	-6104.5	70.8	
64.70	134.5	11.9	60.2	2.0	-136.4	27.0	-84.9	-210.4	654.0	5395.8	-5937.9	70.2	
64.75	136.7	12.2	58.1	2.0	-133.4	27.1	-86.9	-201.5	654.8	5211.5	-5831.3	66.0	
64.80	138.9	12.2	55.1	2.0	-131.5	27.2	-87.0	-194.8	661.8	5054.2	-5791.3	57.6	
64.85	141.0	12.2	48.7	2.0	-129.8	27.3	-84.8	-191.1	669.5	4988.1	-5684.6	37.4	
64.90	143.2	11.9	43.5	2.0	-126.6	27.4	-82.4	-193.4	668.5	4933.6	-5400.8	22.9	
64.95	145.4	12.2	37.8	2.0	-120.0	27.5	-78.7	-188.5	661.6	4665.5	-5000.0	9.7	
65.00	147.5	12.4	33.0	2.0	-111.2	27.6	-68.8	-170.0	660.8	4232.1	-4585.5	2.1	
65.05	149.7	12.5	28.7	2.0	-102.7	27.7	-56.4	-149.9	667.1	3748.7	-4236.0	-4.1	
65.10	151.8	12.3	24.8	2.0	-95.1	27.8	-47.8	-133.1	670.1	3311.4	-3922.3	-10.0	
65.15	153.9	12.0	22.2	2.0	-87.5	27.9	-42.8	-117.0	666.8	2856.1	-3619.4	-11.3	
65.20	156.0	11.7	20.7	2.0	-80.9	28.0	-36.3	-103.1	665.5	2427.1	-3373.7	-9.7	
65.25	158.1	11.4	17.4	2.0	-77.4	28.1	-29.4	-92.7	671.2	2173.1	-3263.6	-17.8	
65.30	160.2	11.1	13.1	2.0	-76.9	28.2	-30.6	-86.9	674.7	2010.1	-3334.3	-31.8	
65.35	162.3	11.1	12.1	2.0	-76.8	28.3	-41.1	-78.2	668.8	1726.3	-3504.6	-35.1	
65.40	164.4	11.2	14.8	2.0	-76.6	28.4	-54.2	-59.7	661.4	1272.3	-3709.6	-25.8	
65.45	166.5	11.3	17.4	2.0	-76.4	28.5	-59.6	-42.3	661.2	790.2	-3844.6	-16.5	
65.50	168.6	11.6	16.6	2.0	-75.9	28.6	-57.7	-31.7	664.5	408.7	-3887.0	-18.9	
65.55	170.6	11.1	15.1	2.0	-75.2	28.7	-54.7	-20.4	663.4	104.1	-3873.3	-23.4	
65.60	172.7	10.8	16.3	2.0	-74.3	28.8	-50.4	-7.9	661.6	-205.8	-3825.7	-18.3	
65.65	174.8	10.5	17.8	2.0	-74.7	28.9	-46.7	-0.0	664.5	-408.6	-3847.7	-13.7	
65.70	176.8	11.1	16.9	2.0	-75.9	29.0	-46.0	2.0	667.5	-404.2	-3943.8	-17.9	
65.75	178.9	11.3	15.4	2.0	-77.5	29.1	-49.5	-1.6	664.3	-373.1	-4058.5	-24.6	
65.80	180.9	11.2	16.6	2.0	-78.9	29.2	-53.8	0.9	657.8	-450.5	-4150.4	-21.9	
65.85	182.9	11.4	19.4	2.0	-79.4	29.3	-53.9	10.1	652.9	-551.4	-4178.8	-12.9	
65.90	184.9	11.4	20.7	2.0	-78.9	29.4	-50.2	12.8	648.8	-572.5	-4144.4	-7.9	
65.95	186.9	11.3	20.2	2.0	-78.1	29.5	-46.5	14.5	641.4	-545.1	-4101.3	-8.7	
66.00	188.8	11.0	23.0	2.0	-78.2	29.6	-44.3	27.2	633.9	-682.5	-4089.8	0.9	
66.05	190.8	10.9	28.9	2.0	-79.1	29.7	-40.3	43.7	630.9	-980.9	-4075.6	20.0	
66.10	192.8	11.0	31.5	2.0	-80.1	29.8	-37.4	54.7	629.8	-1159.6	-4086.5	28.1	
66.15	194.7	10.8	30.5	2.0	-80.3	29.9	-38.1	56.6	623.4	-1180.0	-4096.0	24.4	
66.20	196.6	10.6	29.6	2.0	-80.2	30.0	-39.6	59.5	611.3	-1253.8	-4067.8	21.6	
66.25	198.5	10.4	30.6	2.0	-81.2	30.1	-40.3	73.2	601.5	-1457.8	-4046.2	23.9	
66.30	200.4	10.4	31.5	2.0	-82.6	30.2	-41.7	84.5	594.2	-1685.5	-4049.2	25.4	
66.35	202.3	10.5	29.2	2.0	-83.6	30.3	-45.6	85.0	583.9	-1854.3	-4060.4	16.5	
66.40	204.2	10.6	26.8	2.0	-85.3	30.4	-51.7	89.0	572.3	-2051.4	-4093.7	6.7	
66.45	206.1	10.6	28.8	2.0	-88.2	30.5	-54.3	105.3	566.4	-2426.1	-4090.6	10.6	
66.50	208.0	10.8	31.6	2.0	-90.6	30.6	-50.8	126.8	564.1	-2873.4	-3957.4	18.0	
66.55	209.8	11.1	30.2	2.0	-90.3	30.7	-43.5	140.2	558.6	-3162.0	-3662.8	13.5	
66.60	211.7	11.4	25.6	2.0	-87.6	30.8	-33.7	142.9	548.5	-3321.0	-3249.2	0.2	
66.65	213.5	11.5	22.4	2.0	-85.5	30.9	-21.3	145.3	540.6	-3487.4	-2823.2	-8.6	
66.70	215.3	11.3	21.1	2.0	-85.1	31.0	-12.4	153.5	535.6	-3656.5	-2517.7	-12.6	
66.75	217.2	10.9	18.4	2.0	-84.5	31.1	-10.4	159.4	528.1	-3707.5	-2347.7	-21.3	
66.80	219.0	10.9	14.7	2.0	-83.9	31.2	-14.4	157.9	517.0	-3700.0	-2291.3	-33.6	
66.85	220.8	10.7	13.5	2.0	-85.0	31.3	-19.2	157.6	508.2	-3786.8	-2321.4	-38.6	
66.90	222.6	10.4	13.8	2.0	-88.3	31.4	-18.2	167.7	503.9	-4057.2	-2302.5	-40.8	
66.95	224.4	10.6	15.4	2.0	-91.9	31.5	-13.7	180.1	498.6	-4395.8	-2185.9	-39.1	
67.00	226.1	10.6	15.1	2.0	-94.4	31.6	-9.7	189.5	488.0	-4661.8	-2018.1	-42.5	
67.05	227.9	10.6	17.1	2.0	-96.1	31.7	-4.5	196.0	477.3	-4852.1	-1871.3	-37.4	
67.10	229.6	10.3	20.7	2.0	-98.6	31.8	0.0	202.4	472.1	-5045.9	-1836.5	-27.6	
67.15	231.4	10.6	22.3	2.0	-100.5	31.9	0.4	211.0	467.4	-5161.3	-1887.4	-23.9	
67.20	233.1	11.0	23.8	2.0	-100.5	32.0	-5.3	212.7	456.5	-5138.7	-1951.5	-18.8	
67.25	234.8	11.3	22.9	2.0	-99.5	32.1	-11.2	210.8	440.9	-5064.1	-1982.0	-20.7	
67.30	236.5	11.6	22.2	2.0	-99.4	32.2	-13.0	214.4	427.4	-5045.5	-2013.0	-23.1	
67.35	238.2	11.8	23.8	2.0	-101.0	32.3	-11.7	219.7	419.2	-5141.9	-2059.9	-19.1	
67.40	239.9	12.3	25.1	2.0	-103.2	32.4	-9.0	224.4	410.0	-5313.6	-2078.7	-17.1	
67.45	241.6	12.6	26.4	2.0	-105.8	32.5	-8.5	228.3	397.6	-5514.1	-2099.6	-15.3	
67.50	243.3	12.8	29.5	2.0	-109.3	32.6	-9.4	232.3	386.1	-5770.3	-2167.8	-8.0	
67.55	245.0	12.5	33.0	2.0	-113.4	32.7	-9.2	242.5	379.4	-6021.2	-2300.5	-0.2	
67.60	246.6	12.8	34.0	2.0	-116.8	32.8	-11.1	254.0	372.9	-6206.3	-2465.7	-0.2	
67.65	248.3	13.1	33.8	2.0	-118.8	32.9	-19.1	254.4	361.5	-6298.5	-2643.7	-2.9	
67.70	250.0	13.0	32.7	2.0	-119.1	33.0	-28.9	247.7	347.1	-6275.8	-2820.5	-6.7	
67.75	251.6	12.7	31.7	2.0	-119.5	33.1	-35.3	245.3	336.2	-6235.2	-3009.3	-10.5	
67.80	253.3	12.7	33.0	2.0	-121.2	33.2	-37.9	249.5	329.7	-6290.4	-3178.3	-7.8	
67.85	254.9	13.0	36.2	2.0	-123.8	33.3	-38.8	259.6	322.6	-6431.5	-3272.7	0.6	
67.90	256.5	13.0	39.1	2.0	-126.3	33.4	-38.4	267.3	313.2	-6645.0	-3244.7	7.9	
67.95	258.2	12.9	40.9	2.0	-128.9	33.5	-36.0	270.8	305.2	-6906.3	-3138.0	11.6	
68.00	259.8	12.7	41.3	2.0	-131.2	33.6	-32.4	277.5	299.1	-7114.4	-3071.1	10.6	
68.05	261.4	12.6	41.1	2.0	-132.4	33.7	-29.3	282.7	292.4	-7212.4	-3056.7	8.7	
68.10	263.0	12.6	39.5	2.0	-131.9	33.8	-29.6	280.6	283.4	-7174.0	-3072.6	3.8	
68.15	264.6	12.7	36.3	2.0	-129.5	33.9	-33.0	273.0	271.0	-7008.2	-3076.3	-5.0	
68.20	266.2	12.6	32.7	2.0	-127.1	34.0	-34.4	265.4	258.7	-6878.2	-3009.2	-14.8	
68.25	267.7	12.5	30.3	2.0	-125.9	34.1	-31.6	263.8	248.2	-6854.0	-2856.7	-21.8	
68.30	269.3	12.4	29.1	2.0	-125.2	34.2	-25.1	267.5	238.3	-6894.8	-2611.5	-25.2	
68.35	270.8	12.6	29.2	2.0	-124.9	34.3	-18.4	270.6	226.2	-6984.7	-2299.3	-24.7	
68.40	272.3	12.8	29.9	2.0	-125.1	34.4	-14.8	274.6	212.7	-7081.0	-2039.9	-22.5	
68.45	273.9	12.7	31.3	2.0	-126.1	34.5	-12.8	283.0	200.5	-7178.9	-1904.8	-18.8	
68.50	275.4	12.2	33.6	2.0	-127.4	34.6	-9.8	289.0	192.6	-7273.2	-1877.6	-12.0	
68.55	276.9	12.2	34.0	2.0	-126.7	34.7	-7.3	286.8	185.7	-7232.6	-1868.8	-10.1	
68.60	278.4	12.2	30.2	2.0	-123.7	34.8	-7.8	279.3	175.0	-7044.4	-1817.0	-20.0	
68.65	279.9	11.9	26.8	2.0	-120.0	34.9	-8.2	268.8	160.8	-6829.4	-1699.7	-28.1	
68.70	281.4	11.9	24.5	2.0	-117.5	35.0	-9.1	260.4	149.7	-6680.3	-1650.0	-33.3	
68.75	282.9	12.0	24.9	2.0	-115.8	35.1	-11.2	255.5	144.0	-6545.8	-1730.4	-30.4	
68.80	284.3	11.8	25.1	2.0	-113.4	35.2	-16.1	249.2	135.6	-6355.2	-1823.8	-27.2	
68.85	285.8	11.6	25.9	2.0	-110.6	35.3	-23.0	246.0	121.1	-6140.6	-1868.7	-21.6	
68.90	287.3	11.5	28.8	2.0	-108.9	35.4	-25.4	250.2	108.0	-6003.2	-1872.8	-10.2	
68.95	288.7	11.6	32.6	2.0	-108.0	35.5	-19.5	253.5	102.7	-5935.7	-1846.4	3.8	
69.00	290.2	11.9	34.2	2.0	-106.7	35.6	-11.1	252.0	99.4	-5856.7	-1788.9	10.9	
69.05	291.6	12.0	34.0	2.0	-104.8	35.7	-6.7	247.6	90.6	-5764.7	-1676.2	12.0	
69.10	293.1	11.6	34.0	2.0	-103.1	35.8	-6.8	242.7	77.5	-5686.7	-1567.8	13.7	
69.15	294.5	11.6	34.7	2.0	-102.0	35.9	-9.4	240.0	68.6	-5605.8	-1612.0	17.2	
69.20	295.9	11.5	33.9	2.0	-101.1	36.0	-13.9	235.6	64.0	-5490.4	-1807.9	15.2	
69.25	297.3	11.5	31.3	2.0	-100.4	36.1	-21.0	228.1	56.6	-5382.7	-2015.1	7.0	
69.30	298.7	11.8	28.8	2.0	-100.4	36.2	-29.0	222.8	43.7	-5369.2	-2120.8	-1.5	
69.35	300.1	12.0	28.6	2.0	-101.8	36.3	-33.9	223.1	30.4	-5495.8	-2120.4	-3.6	
69.40	301.5	11.9	28.8	2.0	-103.5	36.4	-31.4	226.3	20.9	-5655.8	-2051.6	-4.6	
69.45	302.9	11.8	28.2	2.0	-104.3	36.5	-24.2	227.1	15.1	-5752.3	-1976.3	-7.4	
69.50	304.3	11.8	27.9	2.0	-104.9	36.6	-16.8	227.5	9.8	-5834.4	-1895.9	-9.1	
69.55	305.7	12.0	28.6	2.0	-105.6	36.7	-11.6	226.0	2.2	-5930.6	-1797.6	-7.6	
69.60	307.0	12.6	28.9	2.0	-105.9	36.8	-10.1	222.1	-6.8	-5974.4	-1753.1	-6.8	
69.65	308.4	13.0	27.1	2.0	-105.2	36.9	-11.7	218.5	-15.2	-5905.4	-1803.8	-12.2	
69.70	309.7	13.1	25.4	2.0	-104.2	37.0	-15.6	212.4	-22.5	-5800.5	-1924.3	-16.8	
69.75	311.1	13.2	24.9	2.0	-103.8	37.1	-20.3	208.1	-29.1	-5733.8	-2045.6	-18.5	
69.80	312.4	13.2	24.9	2.0	-103.4	37.2	-25.5	204.1	-37.1	-5674.4	-2131.0	-17.9	
69.85	313.8	13.3	24.1	2.0	-102.2	37.3	-27.8	195.3	-45.2	-5585.7	-2164.5	-19.6	
69.90	315.1	12.8	23.3	2.0	-100.2	37.4	-25.3	188.0	-48.6	-5434.0	-2197.4	-20.2	
69.95	316.5	12.3	24.2	2.0	-98.7	37.5	-19.8	185.0	-49.3	-5318.1	-2206.7	-15.7	
70.00	317.8	11.7	26.4	2.0	-97.5	37.6	-14.9	182.6	-52.2	-5233.6	-2182.4	-6.8	
70.05	319.1	11.8	27.8	2.0	-96.1	37.7	-14.2	180.3	-58.8	-5120.0	-2173.8	-0.6	
70.10	320.4	11.5	29.3	2.0	-94.7	37.8	-17.8	176.0	-64.9	-4993.2	-2219.6	5.9	
70.15	321.7	11.2	30.8	2.0	-93.3	37.9	-23.0	169.8	-68.7	-4851.1	-2310.8	12.4	
70.20	323.0	11.1	31.3	2.0	-91.0	38.0	-28.6	165.4	-73.4	-4613.6	-2415.0	16.5	
70.25	324.3	11.3	30.5	2.0	-87.3	38.1	-33.9	156.5	-79.6	-4260.2	-2501.1	17.6	
70.30	325.6	11.4	28.1	2.0	-82.5	38.2	-34.7	141.4	-84.2	-3865.8	-2524.3	14.1	
70.35	326.9	11.3	25.3	2.0	-77.9	38.3	-31.8	130.7	-86.4	-3499.9	-2504.4	8.8	
70.40	328.2	11.2	25.0	2.0	-74.2	38.4	-27.6	120.3	-89.1	-3250.9	-2418.7	11.7	
70.45	329.4	11.1	26.9	2.0	-71.5	38.5	-23.6	114.3	-94.6	-3115.1	-2282.3	20.9	
70.50	330.7	11.1	28.5	2.0	-69.5	38.6	-19.0	117.7	-101.2	-3030.2	-2117.0	28.3	
70.55	331.9	11.2	30.0	2.0	-67.7	38.7	-14.7	118.5	-105.5	-2972.1	-1951.7	35.3	
70.60	333.2	11.3	29.2	2.0	-65.0	38.8	-12.3	112.7	-108.6	-2844.6	-1811.6	35.2	
70.65	334.4	11.4	25.9	2.0	-61.2	38.9	-11.9	102.5	-113.8	-2617.9	-1671.7	27.7	
70.70	335.7	11.3	21.7	2.0	-56.5	39.0	-11.9	87.6	-119.7	-2344.0	-1519.9	17.8	
70.75	336.9	11.3	16.8	2.0	-51.7	39.1	-10.1	75.2	-123.5	-2032.5	-1382.2	6.0	
70.80	338.1	11.6	13.1	2.0	-48.0	39.2	-7.8	67.6	-126.0	-1808.9	-1255.6	-2.9	
70.85	339.3	11.3	11.6	2.0	-45.8	39.3	-4.5	63.3	-130.5	-1743.6	-1066.9	-5.9	
70.90	340.5	11.3	11.4	2.0	-45.2	39.4	-1.3	64.8	-135.4	-1803.6	-841.9	-5.9	
70.95	341.7	11.4	11.7	2.0	-45.4	39.5	3.1	65.6	-139.0	-1915.3	-591.3	-5.1	
71.00	343.0	11.8	11.7	2.0	-45.6	39.6	8.2	64.6	-141.6	-1983.7	-359.8	-5.6	
71.05	344.2	11.8	10.6	2.0	-44.3	39.7	11.5	62.8	-143.2	-1906.7	-225.0	-7.9	
71.10	345.4	11.7	7.5	2.0	-41.5	39.8	13.7	57.1	-144.2	-1715.0	-163.0	-15.6	
71.15	346.5	12.1	4.2	2.0	-37.4	39.9	12.9	46.6	-145.6	-1429.1	-174.7	-23.0	
71.20	347.7	12.0	1.1	2.0	-32.9	40.0	9.2	33.8	-147.9	-1117.0	-233.4	-29.0	
71.25	348.9	11.9	0.1	2.0	-29.8	40.1	6.6	24.3	-151.5	-893.2	-255.6	-29.6	
71.30	350.1	12.0	1.2	2.0	-28.3	40.2	6.5	23.2	-154.7	-778.3	-247.9	-24.1	
71.35	351.3	11.8	4.1	2.0	-28.0	40.3	7.3	27.1	-156.5	-741.3	-240.3	-14.1	
71.40	352.4	11.7	6.5	2.0	-27.6	40.4	8.6	27.6	-159.1	-709.9	-226.8	-5.3	
71.45	353.6	11.7	7.9	2.0	-26.9	40.5	8.8	25.0	-161.0	-649.7	-261.1	0.3	
71.50	354.8	11.8	8.9	2.0	-26.3	40.6	8.7	21.4	-160.6	-563.3	-349.8	4.3	
71.55	355.9	11.9	8.9	2.0	-25.6	40.7	8.3	13.5	-160.0	-426.6	-462.0	5.1	
71.60	357.1	12.1	7.4	2.0	-25.1	40.8	5.2	2.3	-161.8	-167.8	-599.6	0.5	
71.65	358.2	12.2	5.7	2.0	-27.0	40.9	1.0	-10.4	-165.3	136.6	-736.7	-7.3	
71.70	359.3	12.4	6.0	2.0	-29.9	41.0	-3.1	-22.8	-168.2	333.9	-868.5	-9.2	
71.75	0.4	12.5	7.3	2.0	-32.6	41.1	-7.4	-29.5	-169.9	455.1	-1018.1	-7.7	
71.80	1.6	12.8	8.7	2.0	-34.9	41.2	-11.4	-32.2	-171.6	549.4	-1151.5	-5.2	
71.85	2.7	12.9	10.5	2.0	-36.0	41.3	-11.5	-37.8	-174.0	614.8	-1194.0	-0.1	
71.90	3.8	12.8	12.3	2.0	-36.8	41.4	-9.3	-39.9	-174.3	699.4	-1209.3	5.5	
71.95	4.9	12.7	13.6	2.0	-37.6	41.5	-4.8	-42.8	-171.8	818.9	-1201.7	9.2	
72.00	6.0	12.7	14.4	2.0	-38.6	41.6	-0.5	-51.7	-170.8	947.1	-1166.4	10.9	
72.05	7.0	12.8	14.3	2.0	-40.7	41.7	-0.5	-58.6	-173.2	1147.5	-1176.5	8.3	
72.10	8.1	12.9	13.8	2.0	-43.5	41.8	-3.6	-63.4	-175.8	1355.4	-1238.3	4.0	
72.15	9.2	12.7	15.3	2.0	-46.0	41.9	-8.5	-70.7	-175.9	1467.4	-1360.7	6.5	
72.20	10.3	12.7	16.5	2.0	-47.6	42.0	-14.6	-71.7	-176.3	1491.4	-1507.2	9.0	
72.25	11.3	12.8	17.2	2.0	-48.4	42.1	-20.0	-71.1	-178.2	1473.9	-1598.6	10.7	
72.30	12.4	12.6	16.2	2.0	-48.2	42.2	-20.7	-76.2	-179.2	1465.6	-1565.1	7.5	
72.35	13.5	12.4	14.5	2.0	-47.4	42.3	-15.5	-78.6	-176.9	1518.5	-1419.4	2.4	
72.40	14.5	12.6	13.5	2.0	-45.4	42.4	-5.3	-80.2	-173.9	1547.9	-1155.7	0.8	
72.45	15.6	12.6	13.1	2.0	-43.5	42.5	3.9	-83.8	-174.0	1555.2	-861.3	1.3	
72.50	16.6	12.5	11.0	2.0	-43.7	42.6	5.4	-86.0	-175.3	1638.0	-709.5	-5.8	
72.55	17.7	12.3	9.8	2.0	-45.2	42.7	2.4	-90.9	-175.7	1753.6	-687.1	-11.7	
72.60	18.7	12.1	9.0	2.0	-47.2	42.8	-1.0	-97.6	-175.9	1883.8	-717.1	-16.2	
72.65	19.7	12.0	9.0	2.0	-49.5	42.9	-4.7	-100.0	-176.3	2041.8	-762.1	-18.5	
72.70	20.7	12.2	8.6	2.0	-51.9	43.0	-5.2	-105.2	-176.5	2227.0	-739.2	-22.4	
72.75	21.8	12.1	8.0	2.0	-54.0	43.1	-1.6	-115.3	-175.3	2394.4	-651.0	-26.7	
72.80	22.8	12.2	7.6	2.0	-55.4	43.2	2.9	-121.4	-172.6	2506.5	-574.8	-29.2	
72.85	23.8	12.4	9.0	2.0	-55.6	43.3	6.8	-123.3	-169.9	2530.1	-526.4	-24.7	
72.90	24.7	12.2	11.2	2.0	-56.0	43.4	8.1	-123.7	-166.7	2555.6	-556.5	-17.7	
72.95	25.7	12.0	12.6	2.0	-58.1	43.5	5.4	-126.0	-163.4	2682.9	-665.9	-14.7	
73.00	26.7	11.7	13.8	2.0	-61.4	43.6	1.0	-133.0	-161.2	2888.3	-793.5	-14.0	
73.05	27.7	11.8	14.8	2.0	-64.9	43.7	-2.4	-141.9	-160.1	3121.2	-872.5	-14.1	
73.10	28.7	12.0	15.0	2.0	-68.5	43.8	-3.6	-150.3	-159.1	3373.8	-888.0	-17.0	
73.15	29.6	12.3	14.4	2.0	-72.1	43.9	-2.9	-160.3	-157.4	3630.4	-859.6	-22.8	
73.20	30.6	12.4	13.9	2.0	-75.4	44.0	-2.3	-169.9	-155.4	3866.0	-841.4	-27.8	
73.25	31.6	12.4	14.3	2.0	-77.4	44.1	-1.4	-174.9	-153.8	4010.9	-829.8	-28.2	
73.30	32.5	12.4	15.9	2.0	-77.8	44.2	0.1	-176.6	-151.5	4039.5	-828.3	-23.3	
73.35	33.5	12.4	17.1	2.0	-77.9	44.3	2.1	-176.4	-147.8	4047.3	-837.2	-19.4	
73.40	34.5	12.5	17.2	2.0	-78.8	44.4	2.5	-177.8	-145.4	4110.2	-849.8	-19.7	
73.45	35.4	12.6	16.8	2.0	-80.1	44.5	2.9	-183.3	-145.9	4196.7	-827.9	-22.4	
73.50	36.4	12.6	16.6	2.0	-81.6	44.6	2.1	-188.8	-146.6	4297.2	-832.9	-24.6	
73.55	37.3	12.2	16.3	2.0	-83.5	44.7	-0.7	-192.9	-144.6	4415.0	-906.6	-27.6	
73.60	38.3	11.8	15.9	2.0	-85.8	44.8	-4.3	-200.3	-142.6	4553.2	-999.6	-31.2	
73.65	39.2	11.5	15.5	2.0	-88.1	44.9	-9.2	-206.2	-142.7	4698.5	-1086.2	-34.9	
73.70	40.1	11.6	15.8	2.0	-89.7	45.0	-13.0	-207.1	-142.6	4802.9	-1146.9	-35.4	
73.75	41.1	11.6	17.0	2.0	-89.7	45.1	-11.1	-206.1	-140.0	4814.1	-1115.1	-31.2	
73.80	42.0	11.4	17.8	2.0	-89.2	45.2	-4.6	-204.5	-135.8	4809.2	-1006.5	-28.0	
73.85	42.9	11.1	18.1	2.0	-89.0	45.3	1.9	-205.6	-132.2	4819.9	-859.1	-26.8	
73.90	43.8	11.0	17.8	2.0	-89.2	45.4	7.9	-210.7	-129.9	4851.1	-680.0	-28.0	
73.95	44.7	11.1	17.7	2.0	-89.6	45.5	11.9	-213.9	-126.7	4889.3	-543.7	-29.0	
74.00	45.6	11.3	16.9	2.0	-90.4	45.6	13.1	-215.5	-121.7	4958.2	-497.3	-32.5	
74.05	46.5	11.5	15.4	2.0	-92.5	45.7	10.4	-222.7	-116.8	5096.9	-545.3	-39.7	
74.10	47.4	11.7	13.6	2.0	-95.3	45.8	4.8	-232.5	-114.4	5270.7	-630.3	-48.5	
74.15	48.2	12.1	11.8	2.0	-97.1	45.9	-0.6	-237.1	-113.2	5389.3	-677.4	-56.4	
74.20	49.1	12.4	11.7	2.0	-97.4	46.0	-1.1	-239.0	-110.4	5416.1	-627.9	-57.3	
74.25	50.0	12.6	11.9	2.0	-96.8	46.1	3.6	-238.4	-105.6	5392.6	-495.1	-55.9	
74.30	50.8	13.1	12.3	2.0	-96.2	46.2	9.5	-237.6	-101.2	5363.4	-342.9	-53.9	
74.35	51.7	13.0	12.8	2.0	-95.7	46.3	15.1	-239.8	-97.6	5328.9	-206.2	-51.8	
74.40	52.6	12.5	13.1	2.0	-95.9	46.4	17.9	-241.2	-92.8	5338.1	-166.8	-51.0	
74.45	53.4	12.3	13.4	2.0	-96.6	46.5	17.0	-240.6	-88.3	5397.4	-227.5	-50.6	
74.50	54.3	12.3	13.6	2.0	-98.1	46.6	14.7	-244.0	-86.1	5497.7	-332.2	-51.3	
74.55	55.2	12.3	13.4	2.0	-100.5	46.7	9.2	-249.8	-84.9	5654.6	-486.7	-54.6	
74.60	56.0	12.1	13.1	2.0	-103.3	46.8	3.3	-256.7	-84.1	5833.9	-622.1	-58.5	
74.65	56.9	12.1	13.9	2.0	-104.5	46.9	-0.5	-260.9	-84.2	5908.4	-682.6	-56.9	
74.70	57.7	12.1	14.7	2.0	-104.4	47.0	-1.4	-258.7	-83.3	5905.6	-706.7	-54.0	
74.75	58.6	12.0	15.8	2.0	-103.9	47.1	-1.5	-254.0	-79.8	5877.2	-760.6	-49.8	
74.80	59.4	11.7	16.8	2.0	-103.8	47.2	-1.0	-254.2	-76.4	5861.6	-808.0	-46.0	
74.85	60.3	11.4	17.9	2.0	-103.5	47.3	-1.3	-254.3	-73.6	5834.2	-859.1	-41.9	
74.90	61.1	11.2	18.1	2.0	-103.0	47.4	-1.0	-251.3	-70.8	5801.3	-904.0	-40.7	
74.95	62.0	10.7	18.7	2.0	-103.1	47.5	0.1	-252.6	-67.3	5800.2	-951.5	-39.0	
75.00	62.8	10.7	18.7	2.0	-104.5	47.6	-0.7	-256.6	-63.7	5888.7	-1019.9	-40.5	
75.05	63.6	11.1	17.7	2.0	-105.8	47.7	-3.0	-262.2	-61.5	5963.8	-1058.3	-45.2	
75.10	64.5	10.9	16.9	2.0	-105.7	47.8	-5.4	-266.2	-59.8	5949.7	-1047.5	-47.6	
75.15	65.3	10.9	16.0	2.0	-105.7	47.9	-8.1	-267.1	-55.6	5942.8	-1062.7	-50.6	
75.20	66.1	11.0	15.3	2.0	-106.4	48.0	-10.3	-270.9	-50.1	5987.1	-1108.5	-53.8	
75.25	66.9	10.8	14.5	2.0	-107.5	48.1	-10.5	-274.3	-45.6	6063.3	-1114.4	-57.8	
75.30	67.7	10.7	14.7	2.0	-108.4	48.2	-8.5	-273.9	-41.5	6145.7	-1076.0	-57.9	
75.35	68.6	10.7	14.9	2.0	-108.1	48.3	-3.1	-271.2	-36.5	6143.8	-985.0	-56.9	
75.40	69.4	11.0	15.6	2.0	-107.0	48.4	2.1	-270.0	-31.4	6085.9	-875.5	-53.5	
75.45	70.2	11.3	15.9	2.0	-106.1	48.5	4.6	-270.4	-28.3	6035.1	-780.5	-51.6	
75.50	71.0	11.7	15.3	2.0	-105.1	48.6	5.5	-269.7	-26.4	5968.3	-701.4	-52.5	
75.55	71.8	11.8	14.8	2.0	-104.9	48.7	4.6	-268.2	-23.7	5963.8	-676.8	-54.2	
75.60	72.6	11.8	14.0	2.0	-106.1	48.8	2.1	-269.0	-19.9	6047.5	-732.6	-58.0	
75.65	73.4	11.8	12.8	2.0	-107.9	48.9	-1.5	-272.5	-17.3	6169.4	-812.2	-64.0	
75.70	74.2	11.8	11.9	2.0	-109.3	49.0	-4.7	-277.5	-16.4	6254.5	-854.6	-68.6	
75.75	75.0	11.7	11.6	2.0	-109.7	49.1	-5.9	-279.6	-15.6	6278.6	-841.9	-69.7	
75.80	75.8	11.8	11.3	2.0	-108.6	49.2	-5.4	-274.8	-14.1	6217.6	-786.5	-69.7	
75.85	76.6	12.2	12.2	2.0	-106.6	49.3	-2.9	-267.3	-13.1	6103.9	-677.8	-64.8	
75.90	77.3	12.2	13.2	2.0	-105.1	49.4	0.7	-263.2	-11.7	6011.9	-572.0	-59.6	
75.95	78.1	12.2	13.1	2.0	-104.9	49.5	3.2	-264.3	-8.6	6005.3	-528.1	-60.1	
76.00	78.9	12.2	12.2	2.0	-106.1	49.6	3.1	-268.7	-5.7	6079.4	-544.8	-64.0	
76.05	79.7	12.1	11.7	2.0	-107.7	49.7	1.8	-273.0	-3.7	6186.0	-593.2	-67.5	
76.10	80.5	12.0	11.3	2.0	-109.8	49.8	0.5	-276.5	-1.5	6334.9	-654.7	-70.9	
76.15	81.2	11.7	11.6	2.0	-112.0	49.9	-1.3	-280.8	2.5	6476.7	-738.5	-72.1	
76.20	82.0	11.6	11.5	2.0	-113.1	50.0	-3.3	-285.0	6.2	6540.6	-799.1	-73.6	
76.25	82.8	11.7	12.4	2.0	-112.6	50.1	-6.0	-283.7	8.5	6500.2	-827.4	-70.1	
76.30	83.5	11.8	13.7	2.0	-111.5	50.2	-8.2	-280.7	11.2	6417.2	-855.6	-64.5	
76.35	84.3	11.9	14.9	2.0	-111.3	50.3	-8.1	-280.2	16.0	6388.3	-920.7	-60.0	
76.40	85.0	11.8	15.1	2.0	-112.2	50.4	-7.5	-279.8	21.8	6441.4	-1023.3	-60.5	
76.45	85.7	11.8	16.0	2.0	-113.0	50.5	-8.5	-278.8	26.4	6486.6	-1128.2	-58.1	
76.50	86.5	12.1	16.7	2.0	-112.9	50.6	-8.8	-279.0	29.6	6465.6	-1190.5	-55.7	
76.55	87.2	11.9	16.8	2.0	-112.4	50.7	-9.3	-278.6	33.3	6412.3	-1242.8	-54.8	
76.60	88.0	11.8	16.0	2.0	-111.7	50.8	-10.6	-277.1	37.6	6352.3	-1293.5	-56.9	
76.65	88.7	11.9	15.9	2.0	-110.8	50.9	-11.4	-276.2	40.4	6278.0	-1307.9	-56.1	
76.70	89.5	12.2	16.4	2.0	-109.7	51.0	-12.6	-273.9	42.4	6195.7	-1307.9	-53.4	
76.75	90.2	12.4	16.3	2.0	-108.9	51.1	-14.8	-270.5	45.2	6134.9	-1338.2	-53.0	
76.80	90.9	12.4	14.7	2.0	-108.7	51.2	-15.3	-270.7	47.8	6114.2	-1356.2	-58.3	
76.85	91.7	12.4	13.6	2.0	-108.8	51.3	-14.3	-273.9	49.5	6112.5	-1334.8	-62.2	
76.90	92.4	12.4	13.1	2.0	-108.2	51.4	-12.5	-274.4	51.3	6079.9	-1280.2	-63.4	
76.95	93.1	12.4	13.2	2.0	-106.1	51.5	-9.0	-268.0	54.3	5955.3	-1180.1	-60.7	
77.00	93.9	12.0	13.2	2.0	-103.0	51.6	-4.2	-261.1	56.0	5765.8	-1010.6	-57.5	
77.05	94.6	11.7	12.9	2.0	-100.3	51.7	-2.5	-255.9	57.1	5592.5	-876.6	-56.0	
77.10	95.3	11.7	11.8	2.0	-99.3	51.8	-4.5	-256.1	58.7	5527.5	-832.1	-58.8	
77.15	96.0	12.3	10.7	2.0	-99.8	51.9	-5.7	-260.4	62.0	5549.0	-834.1	-63.1	
77.20	96.8	12.5	9.7	2.0	-100.8	52.0	-5.7	-261.5	66.1	5618.8	-838.4	-67.6	
77.25	97.5	12.2	8.9	2.0	-102.2	52.1	-5.5	-260.6	69.3	5726.3	-823.8	-71.7	
77.30	98.2	12.1	8.5	2.0	-103.6	52.2	-4.0	-264.5	72.3	5823.4	-768.1	-74.3	
77.35	98.9	11.8	8.3	2.0	-104.5	52.3	-2.0	-269.6	76.9	5884.9	-705.9	-76.1	
77.40	99.6	11.4	9.2	2.0	-104.4	52.4	0.2	-269.4	82.1	5877.3	-641.5	-72.9	
77.45	100.2	11.1	11.0	2.0	-103.3	52.5	3.7	-264.8	86.0	5812.7	-559.3	-65.5	
77.50	100.9	11.2	12.1	2.0	-103.4	52.6	4.9	-261.1	90.4	5832.9	-550.9	-61.9	
77.55	101.6	11.3	12.4	2.0	-105.2	52.7	4.0	-261.4	96.2	5957.5	-618.9	-62.5	
77.60	102.3	11.4	12.9	2.0	-106.7	52.8	3.2	-264.7	101.6	6051.6	-698.3	-62.5	
77.65	103.0	11.4	13.2	2.0	-107.4	52.9	0.8	-265.0	105.3	6083.8	-785.0	-62.2	
77.70	103.6	11.4	12.4	2.0	-107.9	53.0	-2.9	-263.2	108.8	6117.8	-876.4	-65.3	
77.75	104.3	12.1	12.8	2.0	-108.4	53.1	-4.4	-264.5	112.4	6138.4	-909.8	-64.5	
77.80	105.0	12.4	13.8	2.0	-107.9	53.2	-4.8	-264.0	115.6	6105.5	-899.9	-60.6	
77.85	105.7	12.6	14.1	2.0	-106.7	53.3	-5.5	-257.9	118.1	6028.5	-894.0	-58.2	
77.90	106.3	12.6	14.2	2.0	-105.2	53.4	-4.3	-254.1	120.0	5928.2	-855.5	-56.3	
77.95	107.0	12.6	14.0	2.0	-104.4	53.5	-2.4	-254.0	122.5	5872.9	-806.6	-56.2	
78.00	107.7	12.4	13.2	2.0	-104.5	53.6	-0.1	-255.2	125.7	5883.6	-740.6	-59.3	
78.05	108.4	12.2	12.1	2.0	-104.4	53.7	3.1	-255.2	127.4	5890.4	-643.8	-62.8	
78.10	109.1	12.5	11.0	2.0	-103.8	53.8	5.9	-252.9	129.1	5857.3	-563.3	-66.2	
78.15	109.7	12.7	10.2	2.0	-102.8	53.9	6.5	-250.6	132.4	5788.8	-528.8	-67.9	
78.20	110.4	12.3	9.3	2.0	-101.5	54.0	5.8	-250.4	135.5	5692.8	-491.0	-69.5	
78.25	111.1	12.5	8.8	2.0	-100.4	54.1	5.1	-250.8	136.9	5609.4	-419.8	-70.2	
78.30	111.8	12.9	8.1	2.0	-99.3	54.2	5.4	-247.3	137.7	5541.4	-345.9	-71.4	
78.35	112.4	13.4	8.0	2.0	-98.7	54.3	8.3	-245.5	141.3	5499.4	-288.1	-71.2	
78.40	113.1	13.2	7.5	2.0	-98.9	54.4	12.1	-248.0	147.3	5502.2	-253.5	-73.2	
78.45	113.7	13.0	6.9	2.0	-99.2	54.5	13.3	-249.8	151.9	5517.7	-239.2	-75.3	
78.50	114.4	12.8	7.0	2.0	-98.5	54.6	12.4	-247.2	154.6	5475.2	-236.0	-74.3	
78.55	115.0	13.1	8.2	2.0	-97.0	54.7	12.0	-241.5	158.6	5368.0	-248.4	-68.8	
78.60	115.7	13.3	9.2	2.0	-95.4	54.8	12.5	-234.7	164.6	5266.9	-286.3	-63.7	
78.65	116.3	13.3	9.8	2.0	-94.9	54.9	12.2	-232.0	170.1	5229.1	-331.8	-61.3	
78.70	116.9	13.0	9.9	2.0	-95.3	55.0	11.5	-233.7	172.8	5248.7	-347.8	-61.1	
78.75	117.6	12.8	9.9	2.0	-96.1	55.1	10.8	-234.7	175.4	5303.7	-370.4	-62.2	
78.80	118.2	12.6	9.8	2.0	-97.0	55.2	10.9	-234.5	180.3	5362.8	-422.7	-63.3	
78.85	118.8	12.5	9.9	2.0	-97.3	55.3	11.6	-233.6	185.6	5378.4	-474.7	-63.1	
78.90	119.4	12.4	10.1	2.0	-96.6	55.4	10.0	-230.4	188.8	5333.3	-509.2	-61.8	
78.95	120.1	12.2	10.6	2.0	-95.2	55.5	7.2	-226.7	190.2	5238.0	-515.1	-58.8	
79.00	120.7	11.9	11.0	2.0	-93.6	55.6	6.3	-223.2	192.3	5126.8	-493.4	-56.0	
79.05	121.3	12.0	10.7	2.0	-92.3	55.7	7.8	-218.9	194.8	5040.3	-456.9	-55.4	
79.10	122.0	12.0	10.5	2.0	-91.9	55.8	10.7	-215.8	197.0	5019.5	-389.6	-55.7	
79.15	122.6	11.4	9.8	2.0	-91.8	55.9	12.9	-215.0	198.1	5019.0	-302.8	-58.1	
79.20	123.2	11.3	8.8	2.0	-91.7	56.0	12.8	-215.9	198.8	5015.2	-248.3	-61.6	
79.25	123.9	11.4	8.4	2.0	-91.3	56.1	11.7	-216.3	200.7	4981.9	-233.4	-62.4	
79.30	124.5	11.7	8.3	2.0	-90.2	56.2	10.8	-213.9	203.2	4905.2	-227.2	-61.6	
79.35	125.1	11.8	8.6	2.0	-88.9	56.3	11.0	-210.0	205.0	4820.5	-181.3	-59.5	
79.40	125.7	11.7	8.1	2.0	-88.6	56.4	11.6	-209.1	206.1	4800.8	-112.3	-60.8	
79.45	126.4	11.2	6.8	2.0	-89.1	56.5	13.1	-210.6	207.4	4832.6	-42.0	-65.7	
79.50	127.0	10.8	6.7	2.0	-89.5	56.6	15.4	-212.2	209.2	4857.7	8.2	-66.6	
79.55	127.6	10.6	5.8	2.0	-89.5	56.7	17.2	-211.9	211.8	4854.6	16.6	-69.4	
79.60	128.2	10.7	6.7	2.0	-89.2	56.8	16.4	-209.1	214.7	4838.4	-33.1	-66.3	
79.65	128.8	10.7	7.5	2.0	-88.3	56.9	13.6	-203.6	217.4	4780.4	-106.4	-62.6	
79.70	129.4	10.4	8.7	2.0	-86.7	57.0	11.9	-198.7	220.3	4669.6	-165.8	-56.9	
79.75	130.0	10.1	9.2	2.0	-84.8	57.1	11.2	-193.3	223.9	4537.0	-226.3	-53.4	
79.80	130.6	10.0	9.9	2.0	-83.5	57.2	12.2	-189.9	227.4	4442.9	-257.7	-49.4	
79.85	131.2	10.5	8.8	2.0	-82.8	57.3	14.7	-190.1	229.9	4387.4	-234.1	-52.6	
79.90	131.8	11.0	8.8	2.0	-82.3	57.4	14.8	-188.9	231.5	4357.8	-224.0	-52.1	
79.95	132.4	11.3	8.1	2.0	-81.4	57.5	13.4	-185.7	232.8	4297.2	-247.6	-53.6	
80.00	133.0	11.3	8.2	2.0	-79.9	57.6	12.2	-182.5	234.9	4186.5	-297.0	-51.9	
80.05	133.6	11.3	7.8	2.0	-78.4	57.7	9.9	-179.3	238.0	4072.8	-373.2	-51.6	
80.10	134.3	11.2	6.8	2.0	-77.1	57.8	7.9	-176.7	240.3	3977.1	-404.7	-53.7	
80.15	134.9	11.1	6.7	2.0	-76.1	57.9	9.8	-176.4	240.5	3907.6	-319.5	-53.0	
80.20	135.5	11.2	6.2	2.0	-75.3	58.0	14.4	-174.4	240.5	3861.8	-189.9	-54.1	
80.25	136.1	11.5	5.7	2.0	-74.5	58.1	19.6	-171.2	241.8	3815.2	-86.8	-54.8	
80.30	136.7	11.8	4.7	2.0	-73.6	58.2	23.7	-170.6	243.7	3740.9	-10.3	-57.4	
80.35	137.3	11.9	4.2	2.0	-72.7	58.3	23.6	-171.3	244.1	3672.9	29.1	-58.2	
80.40	137.9	11.8	4.3	2.0	-72.0	58.4	20.1	-170.3	243.5	3627.9	25.6	-57.4	
80.45	138.5	11.5	4.0	2.0	-71.4	58.5	17.5	-168.3	243.9	3581.7	-8.6	-57.6	
80.50	139.1	11.4	3.8	2.0	-70.6	58.6	16.5	-165.5	246.0	3534.4	-67.6	-57.7	
80.55	139.7	11.5	3.2	2.0	-70.6	58.7	14.9	-165.3	247.6	3529.7	-126.9	-59.5	
80.60	140.2	11.5	2.9	2.0	-71.0	58.8	12.8	-167.6	247.2	3556.6	-148.4	-61.0	
80.65	140.8	11.6	3.3	2.0	-71.1	58.9	12.5	-167.2	246.6	3559.7	-139.2	-59.6	
80.70	141.4	11.6	4.0	2.0	-70.1	59.0	14.0	-160.7	248.4	3500.7	-146.6	-56.5	
80.75	142.0	11.6	5.3	2.0	-68.6	59.1	17.3	-153.7	253.0	3405.3	-149.2	-50.3	
80.80	142.5	11.5	6.7	2.0	-67.7	59.2	18.9	-151.0	256.8	3345.4	-137.0	-44.6	
80.85	143.1	11.5	6.7	2.0	-67.9	59.3	17.1	-151.2	257.6	3359.8	-137.6	-44.8	
80.90	143.7	11.5	6.4	2.0	-68.8	59.4	15.5	-152.7	258.1	3421.5	-152.1	-46.9	
80.95	144.2	11.8	6.1	2.0	-69.6	59.5	15.5	-153.7	260.9	3475.0	-184.5	-48.7	
81.00	144.8	12.0	6.1	2.0	-69.9	59.6	14.2	-151.4	263.9	3501.9	-245.0	-49.0	
81.05	145.4	12.2	5.8	2.0	-70.0	59.7	10.3	-149.2	263.7	3505.5	-303.5	-50.1	
81.10	145.9	12.5	5.2	2.0	-69.5	59.8	7.1	-148.8	262.0	3472.1	-320.4	-51.8	
81.15	146.5	12.7	5.4	2.0	-68.4	59.9	7.9	-146.6	264.2	3397.4	-289.1	-49.9	
81.20	147.1	12.7	6.3	2.0	-66.8	60.0	13.5	-141.9	268.6	3290.1	-189.4	-45.1	
81.25	147.6	12.7	6.3	2.0	-65.4	60.1	20.7	-138.0	270.5	3200.5	-33.2	-43.7	
81.30	148.2	12.7	5.2	2.0	-65.0	60.2	24.5	-136.8	269.5	3171.6	100.8	-47.2	
81.35	148.8	12.8	4.3	2.0	-64.9	60.3	25.5	-136.6	269.4	3155.1	172.5	-50.1	
81.40	149.3	13.0	4.5	2.0	-64.0	60.4	26.2	-136.4	271.1	3086.0	195.4	-48.7	
81.45	149.9	13.0	3.9	2.0	-63.2	60.5	24.5	-135.7	271.3	3030.6	161.4	-49.9	
81.50	150.4	12.8	2.3	2.0	-63.5	60.6	19.4	-135.9	269.5	3061.2	91.0	-55.8	
81.55	151.0	12.2	1.3	2.0	-64.1	60.7	16.4	-138.1	269.0	3103.2	62.2	-59.8	
81.60	151.6	11.9	1.5	2.0	-64.2	60.8	17.8	-140.0	270.9	3101.3	94.5	-59.2	
81.65	152.1	11.7	1.7	2.0	-63.6	60.9	20.9	-137.8	272.8	3058.1	144.1	-57.8	
81.70	152.6	11.3	1.6	2.0	-62.8	61.0	24.4	-134.6	272.9	3001.3	207.5	-57.4	
81.75	153.2	11.4	1.9	2.0	-62.1	61.1	28.3	-132.8	273.6	2944.7	275.6	-55.4	
81.80	153.7	11.9	3.0	2.0	-61.2	61.2	30.5	-129.3	275.9	2881.9	300.5	-51.0	
81.85	154.2	12.4	4.2	2.0	-59.8	61.3	30.2	-124.3	277.7	2792.4	268.0	-45.6	
81.90	154.8	12.5	4.4	2.0	-58.4	61.4	27.5	-120.1	278.2	2701.0	188.7	-43.3	
81.95	155.3	12.4	3.9	2.0	-57.7	61.5	22.3	-117.8	279.1	2664.8	67.0	-44.4	
82.00	155.8	12.3	3.4	2.0	-57.6	61.6	17.7	-116.7	280.6	2663.6	-31.5	-46.1	
82.05	156.3	12.1	3.3	2.0	-57.6	61.7	16.9	-116.8	281.5	2659.8	-42.0	-46.4	
82.10	156.8	12.0	3.1	2.0	-57.3	61.8	18.0	-114.2	282.1	2642.1	-4.9	-46.5	
82.15	157.3	12.1	3.0	2.0	-56.5	61.9	20.0	-110.2	283.3	2598.1	53.6	-46.3	
82.20	157.8	12.2	3.4	2.0	-55.3	62.0	23.6	-106.6	285.0	2505.9	146.8	-43.7	
82.25	158.3	12.3	3.8	2.0	-54.0	62.1	27.1	-102.0	286.1	2411.7	247.8	-40.8	
82.30	158.8	12.1	3.8	2.0	-53.2	62.2	29.4	-96.7	287.6	2348.8	332.5	-40.2	
82.35	159.3	11.9	3.8	2.0	-53.0	62.3	32.5	-94.7	289.2	2321.4	428.1	-40.0	
82.40	159.8	12.0	3.2	2.0	-53.5	62.4	34.3	-96.0	289.9	2337.4	501.5	-42.6	
82.45	160.3	12.3	1.7	2.0	-53.8	62.5	33.1	-96.7	289.2	2358.5	518.7	-48.0	
82.50	160.8	12.3	0.4	2.0	-53.4	62.6	30.7	-96.9	288.6	2331.5	501.0	-52.1	
82.55	161.3	12.2	-0.0	2.0	-52.0	62.7	28.3	-95.2	288.8	2237.6	463.0	-52.1	
82.60	161.8	12.0	0.1	2.0	-50.0	62.8	25.1	-89.1	289.1	2114.0	403.7	-49.7	
82.65	162.3	11.7	0.3	2.0	-48.0	62.9	24.2	-83.7	289.0	1986.1	388.5	-47.1	
82.70	162.8	11.7	0.9	2.0	-46.4	63.0	26.8	-80.1	289.4	1856.7	433.0	-43.4	
82.75	163.3	11.7	1.5	2.0	-45.8	63.1	30.6	-78.9	291.2	1797.7	488.2	-40.8	
82.80	163.7	11.8	1.5	2.0	-46.1	63.2	34.6	-79.8	293.6	1793.8	539.9	-40.8	
82.85	164.2	11.5	1.6	2.0	-46.4	63.3	37.3	-80.5	294.4	1798.8	575.0	-40.8	
82.90	164.7	11.0	1.4	2.0	-45.8	63.4	35.6	-76.5	293.7	1779.5	529.6	-40.8	
82.95	165.2	10.7	1.5	2.0	-44.4	63.5	31.5	-72.1	293.2	1716.9	420.2	-39.2	
83.00	165.6	10.8	1.4	2.0	-42.9	63.6	27.7	-71.5	294.5	1637.0	292.5	-38.1	
83.05	166.1	11.0	1.2	2.0	-42.1	63.7	23.9	-71.1	295.6	1596.8	181.5	-38.0	
83.10	166.5	11.3	1.1	2.0	-41.8	63.8	22.1	-68.7	295.3	1580.6	144.2	-38.1	
83.15	167.0	11.1	1.2	2.0	-41.2	63.9	25.5	-66.6	294.9	1535.4	211.7	-37.0	
83.20	167.5	10.9	1.3	2.0	-40.4	64.0	30.4	-63.6	296.8	1460.3	284.2	-35.8	
83.25	167.9	11.2	1.4	2.0	-38.8	64.1	32.2	-58.1	299.6	1341.0	299.5	-34.1	
83.30	168.4	11.1	2.1	2.0	-36.2	64.2	32.9	-52.2	300.0	1144.9	324.3	-29.0	
83.35	168.8	10.9	2.7	2.0	-33.9	64.3	32.2	-46.7	298.9	975.7	339.5	-24.5	
83.40	169.2	10.8	2.2	2.0	-32.7	64.4	29.6	-39.9	298.6	908.8	310.1	-25.2	
83.45	169.7	11.0	1.5	2.0	-32.1	64.5	29.3	-35.1	299.2	879.1	313.4	-26.9	
83.50	170.1	11.3	1.5	2.0	-32.0	64.6	31.1	-35.0	299.3	844.4	369.3	-26.8	
83.55	170.6	11.4	0.2	2.0	-32.5	64.7	30.1	-37.7	299.0	865.7	398.9	-31.7	
83.60	171.0	11.3	-1.5	2.0	-33.4	64.8	28.8	-40.2	298.5	922.8	432.4	-38.6	
83.65	171.4	11.1	-1.3	2.0	-34.1	64.9	32.6	-38.3	299.0	910.8	550.3	-38.6	
83.70	171.9	10.8	0.8	2.0	-34.4	65.0	39.4	-31.9	300.6	823.7	710.4	-31.6	
83.75	172.3	10.7	1.9	2.0	-34.9	65.1	43.3	-28.5	301.6	760.4	826.4	-28.5	
83.80	172.8	10.7	1.0	2.0	-35.5	65.2	42.8	-31.4	301.0	765.8	872.7	-31.9	
83.85	173.2	10.8	0.4	2.0	-35.4	65.3	41.1	-32.2	299.3	756.4	879.9	-34.1	
83.90	173.6	11.2	0.9	2.0	-34.7	65.4	41.2	-27.8	299.3	702.7	869.0	-31.7	
83.95	174.0	11.3	1.4	2.0	-33.7	65.5	40.7	-23.2	301.2	657.1	817.8	-28.9	
84.00	174.5	11.2	0.5	2.0	-32.4	65.6	36.4	-21.2	301.4	638.3	717.4	-30.7	
84.05	174.9	11.0	-0.8	2.0	-31.1	65.7	31.7	-21.9	299.5	601.6	635.6	-34.0	
84.10	175.3	11.0	-0.2	2.0	-30.1	65.8	31.1	-20.9	299.2	519.8	612.8	-30.7	
84.15	175.7	11.0	1.3	2.0	-29.8	65.9	34.5	-16.9	301.4	441.9	635.8	-25.3	
84.20	176.1	10.8	2.5	2.0	-30.0	66.0	38.0	-11.7	302.5	395.6	679.1	-21.6	
84.25	176.5	10.6	3.3	2.0	-30.1	66.1	39.0	-8.3	300.9	369.4	704.0	-18.7	
84.30	176.9	10.3	4.0	2.0	-29.5	66.2	37.9	-7.2	299.7	326.4	679.0	-15.9	
84.35	177.4	9.7	4.3	2.0	-28.1	66.3	36.0	-4.6	300.5	252.7	603.7	-13.2	
84.40	177.8	9.9	4.1	2.0	-26.8	66.4	34.6	-1.6	301.8	186.0	530.1	-12.7	
84.45	178.2	10.4	3.1	2.0	-26.2	66.5	33.2	-0.6	301.1	165.3	489.3	-15.4	
84.50	178.6	11.0	1.9	2.0	-25.8	66.6	30.9	-0.1	298.2	177.7	464.7	-19.4	
84.55	179.0	10.4	1.4	2.0	-25.5	66.7	30.2	1.0	296.8	149.0	455.3	-20.8	
84.60	179.4	9.9	2.2	2.0	-25.6	66.8	32.5	3.7	298.4	34.7	471.1	-18.1	
84.65	179.8	9.6	3.5	2.0	-26.1	66.9	34.3	7.7	299.2	-114.7	489.7	-14.2	
84.70	180.2	9.9	4.4	2.0	-26.8	67.0	33.5	13.5	297.9	-253.5	495.7	-11.6	
84.75	180.6	10.0	5.3	2.0	-27.8	67.1	33.8	16.5	296.8	-354.0	521.8	-9.6	
84.80	181.0	9.9	5.5	2.0	-28.6	67.2	35.5	16.9	298.2	-407.2	546.5	-9.5	
84.85	181.4	10.0	5.3	2.0	-28.9	67.3	36.0	18.3	299.9	-437.6	545.9	-10.8	
84.90	181.8	10.1	4.8	2.0	-29.1	67.4	35.3	18.4	298.7	-461.1	555.5	-12.5	
84.95	182.2	10.2	4.0	2.0	-29.2	67.5	34.1	16.5	296.6	-459.1	572.7	-15.4	
85.00	182.6	10.0	2.6	2.0	-28.8	67.6	32.1	16.6	296.2	-440.1	559.6	-19.8	
85.05	183.0	9.6	2.8	2.0	-29.1	67.7	31.9	19.5	296.9	-477.6	553.5	-19.7	
85.10	183.4	9.4	4.1	2.0	-30.3	67.8	33.5	21.4	297.3	-575.4	578.5	-16.1	
85.15	183.8	9.5	4.3	2.0	-30.9	67.9	33.6	22.4	297.5	-621.4	585.6	-16.2	
85.20	184.2	9.2	3.5	2.0	-30.8	68.0	32.5	24.0	297.8	-612.2	582.3	-18.9	
85.25	184.5	9.0	4.7	2.0	-32.1	68.1	35.3	27.7	297.7	-667.0	648.8	-16.0	
85.30	184.9	9.2	7.1	2.0	-34.0	68.2	39.1	33.3	297.7	-777.0	722.5	-9.7	
85.35	185.3	9.5	7.5	2.0	-34.6	68.3	38.3	36.4	298.0	-833.5	713.3	-8.8	
85.40	185.6	9.6	6.1	2.0	-33.9	68.4	34.3	34.7	297.1	-823.0	659.8	-12.9	
85.45	186.0	9.2	5.3	2.0	-33.6	68.5	31.8	34.3	294.2	-828.6	629.6	-15.3	
85.50	186.4	9.3	6.6	2.0	-34.1	68.6	30.8	40.8	292.9	-894.7	591.8	-11.6	
85.55	186.7	9.6	7.2	2.0	-34.6	68.7	30.5	46.0	294.8	-951.0	535.5	-9.8	
85.60	187.1	9.9	6.8	2.0	-34.4	68.8	29.8	44.7	296.0	-962.5	498.8	-11.2	
85.65	187.5	10.1	6.7	2.0	-34.5	68.9	28.8	43.7	293.5	-973.1	501.9	-11.5	
85.70	187.8	10.0	7.8	2.0	-35.5	69.0	30.7	46.6	291.2	-1022.8	550.4	-8.8	
85.75	188.2	9.8	9.2	2.0	-36.8	69.1	35.9	49.2	293.3	-1086.3	610.1	-5.3	
85.80	188.5	9.5	9.1	2.0	-36.8	69.2	37.7	48.6	295.6	-1087.7	604.2	-5.6	
85.85	188.9	9.3	8.5	2.0	-35.8	69.3	33.0	47.0	292.7	-1061.2	517.8	-6.7	
85.90	189.3	9.2	8.9	2.0	-35.3	69.4	27.8	46.2	288.3	-1081.1	412.4	-4.8	
85.95	189.6	9.7	9.2	2.0	-35.2	69.5	25.9	45.6	289.7	-1114.5	303.5	-3.7	
86.00	190.0	9.8	8.3	2.0	-34.7	69.6	24.1	46.5	294.0	-1098.8	185.7	-6.4	
86.05	190.3	9.7	8.2	2.0	-34.3	69.7	22.6	46.8	292.9	-1070.9	144.9	-6.0	
86.10	190.7	9.7	9.1	2.0	-34.4	69.8	24.5	44.0	288.8	-1078.5	218.4	-3.1	
86.15	191.0	10.2	10.0	2.0	-35.3	69.9	28.0	44.5	289.4	-1125.5	291.9	-1.2	
86.20	191.4	10.4	10.4	2.0	-36.4	70.0	31.3	48.5	293.6	-1181.1	327.9	-0.8	
86.25	191.7	9.8	11.3	2.0	-37.3	70.1	34.3	49.7	294.2	-1225.4	392.5	1.4	
86.30	192.1	9.8	11.4	2.0	-37.3	70.2	33.7	48.0	290.2	-1216.4	434.3	1.9	
86.35	192.4	10.0	9.8	2.0	-36.3	70.3	29.4	49.0	288.5	-1157.2	387.0	-2.5	
86.40	192.7	10.4	8.9	2.0	-36.0	70.4	28.5	50.0	291.2	-1140.6	356.0	-5.6	
86.45	193.0	10.9	9.6	2.0	-37.0	70.5	31.0	50.4	292.3	-1199.9	409.5	-4.0	
86.50	193.3	11.3	10.2	2.0	-38.1	70.6	30.9	53.0	288.7	-1252.8	486.2	-3.0	
86.55	193.6	11.6	9.7	2.0	-39.0	70.7	30.9	55.9	285.8	-1279.3	591.1	-5.8	
86.60	193.9	11.1	10.0	2.0	-40.9	70.8	36.5	58.7	287.3	-1339.2	758.4	-6.5	
86.65	194.3	10.7	11.0	2.0	-43.0	70.9	43.0	62.5	288.8	-1396.6	924.5	-5.2	
86.70	194.6	10.5	11.3	2.0	-43.9	71.0	45.5	64.1	287.2	-1398.8	1030.3	-5.3	
86.75	194.9	10.5	10.5	2.0	-43.8	71.1	45.0	61.9	285.4	-1364.7	1072.5	-7.7	
86.80	195.2	10.5	9.1	2.0	-43.0	71.2	43.3	59.4	285.2	-1310.8	1062.2	-12.0	
86.85	195.5	10.6	8.8	2.0	-43.0	71.3	41.1	64.0	284.9	-1326.8	1022.4	-12.6	
86.90	195.8	10.2	10.4	2.0	-44.1	71.4	40.0	70.4	283.3	-1435.0	997.6	-8.4	
86.95	196.1	10.2	11.5	2.0	-45.1	71.5	39.2	72.4	282.5	-1536.2	977.5	-5.5	
87.00	196.4	10.4	10.8	2.0	-45.0	71.6	37.4	70.8	282.0	-1551.0	943.0	-7.9	
87.05	196.7	10.8	10.7	2.0	-44.4	71.7	38.2	68.1	281.3	-1515.0	939.3	-7.7	
87.10	197.0	11.0	11.9	2.0	-44.8	71.8	42.7	67.4	281.8	-1516.9	971.5	-4.1	
87.15	197.3	11.3	12.9	2.0	-44.6	71.9	44.5	68.3	283.3	-1521.3	937.4	-0.4	
87.20	197.6	11.9	12.3	2.0	-43.7	72.0	40.1	69.6	283.7	-1519.9	800.2	-1.5	
87.25	197.9	12.0	13.6	2.0	-43.7	72.1	34.7	72.4	282.3	-1592.8	648.9	3.0	
87.30	198.1	11.9	16.0	2.0	-45.1	72.2	33.0	75.8	280.9	-1727.9	558.6	9.8	
87.35	198.4	11.8	16.8	2.0	-45.9	72.3	31.5	80.0	281.1	-1810.2	472.8	11.8	
87.40	198.7	11.4	15.8	2.0	-45.4	72.4	28.8	81.1	280.7	-1793.4	389.2	8.7	
87.45	199.0	11.1	15.3	2.0	-44.6	72.5	28.3	76.4	278.4	-1750.6	366.7	7.9	
87.50	199.3	11.1	15.8	2.0	-44.4	72.6	29.6	71.5	276.8	-1744.7	369.6	9.9	
87.55	199.5	10.8	15.9	2.0	-44.8	72.7	30.5	73.9	278.3	-1771.9	347.1	9.6	
87.60	199.8	10.7	16.7	2.0	-45.9	72.8	32.1	79.6	279.9	-1836.9	354.6	11.4	
87.65	200.1	10.7	18.6	2.0	-47.5	72.9	34.4	83.6	278.0	-1937.6	428.4	16.4	
87.70	200.3	11.0	19.5	2.0	-48.9	73.0	34.9	87.3	274.4	-2015.6	507.8	18.0	
87.75	200.6	11.1	18.9	2.0	-49.6	73.1	35.7	90.3	272.9	-2041.2	585.1	15.3	
87.80	200.9	11.0	18.4	2.0	-50.1	73.2	39.0	90.8	273.1	-2047.1	687.7	13.0	
87.85	201.1	11.0	17.6	2.0	-50.5	73.3	40.4	91.4	272.0	-2043.3	769.1	10.0	
87.90	201.4	11.0	16.1	2.0	-50.4	73.4	38.4	92.2	269.3	-2028.6	803.7	5.0	
87.95	201.6	11.1	15.1	2.0	-50.9	73.5	37.0	93.7	268.1	-2057.6	831.1	1.0	
88.00	201.9	11.1	15.7	2.0	-52.3	73.6	38.9	95.4	269.4	-2134.6	895.1	1.5	
88.05	202.1	11.2	16.8	2.0	-54.0	73.7	42.7	99.0	269.7	-2211.8	1001.7	3.8	
88.10	202.4	11.3	17.7	2.0	-55.1	73.8	46.0	102.1	267.7	-2234.3	1130.4	5.6	
88.15	202.6	10.8	17.5	2.0	-55.5	73.9	49.2	100.4	266.3	-2201.8	1253.9	4.6	
88.20	202.9	10.5	17.3	2.0	-55.6	74.0	51.8	97.7	266.8	-2170.1	1328.2	3.8	
88.25	203.1	10.4	17.4	2.0	-55.7	74.1	51.8	99.5	267.4	-2175.1	1329.1	3.9	
88.30	203.4	10.3	17.1	2.0	-55.6	74.2	49.5	101.6	267.3	-2193.5	1280.3	3.1	
88.35	203.6	10.1	17.0	2.0	-55.1	74.3	45.5	101.4	267.0	-2198.7	1192.2	3.3	
88.40	203.9	10.0	17.3	2.0	-54.6	74.4	41.4	102.6	265.6	-2209.2	1096.2	4.7	
88.45	204.1	10.0	17.7	2.0	-54.8	74.5	40.4	105.1	263.8	-2247.2	1049.8	5.9	
88.50	204.4	10.0	18.3	2.0	-54.8	74.6	41.7	103.9	263.4	-2259.9	1026.5	8.2	
88.55	204.6	10.0	18.2	2.0	-54.0	74.7	41.5	100.9	263.9	-2227.5	968.9	8.5	
88.60	204.8	9.8	19.0	2.0	-53.3	74.8	40.7	100.0	262.3	-2204.1	901.1	11.8	
88.65	205.1	9.5	20.4	2.0	-53.5	74.9	41.6	102.6	261.1	-2229.3	858.1	16.6	
88.70	205.3	9.3	21.7	2.0	-53.8	75.0	42.1	105.5	262.7	-2270.3	789.3	20.7	
88.75	205.5	9.2	22.5	2.0	-53.6	75.1	39.6	105.8	263.4	-2293.0	679.4	23.7	
88.80	205.8	9.2	23.3	2.0	-53.5	75.2	35.8	105.7	259.1	-2310.5	589.9	26.4	
88.85	206.0	9.5	24.0	2.0	-53.6	75.3	33.0	107.3	254.2	-2339.7	523.0	28.8	
88.90	206.2	10.0	24.5	2.0	-54.0	75.4	30.5	111.2	254.5	-2378.2	428.4	30.2	
88.95	206.5	9.8	25.4	2.0	-54.7	75.5	28.7	115.2	255.5	-2437.3	343.5	32.4	
89.00	206.7	10.2	27.0	2.0	-56.2	75.6	27.7	119.0	252.9	-2549.1	319.3	36.3	
89.05	206.9	10.9	27.8	2.0	-57.8	75.7	27.8	120.9	251.0	-2665.5	332.1	37.7	
89.10	207.1	10.5	27.4	2.0	-58.5	75.8	28.9	120.9	253.6	-2713.6	351.2	35.5	
89.15	207.4	10.0	27.2	2.0	-59.1	75.9	33.3	122.1	254.8	-2735.2	455.5	34.3	
89.20	207.6	9.5	28.4	2.0	-60.5	76.0	38.9	125.9	251.4	-2793.9	630.8	36.9	
89.25	207.8	9.5	28.3	2.0	-61.5	76.1	40.9	127.9	249.0	-2840.5	738.9	35.8	
89.30	208.0	10.0	26.6	2.0	-61.6	76.2	38.2	127.3	250.3	-2857.0	728.4	29.8	
89.35	208.3	10.5	25.5	2.0	-62.0	76.3	35.3	127.3	250.9	-2890.8	720.4	25.6	
89.40	208.5	10.8	25.6	2.0	-62.9	76.4	35.4	128.4	249.2	-2939.1	788.5	25.1	
89.45	208.7	10.9	24.7	2.0	-63.3	76.5	37.0	129.3	249.2	-2940.4	876.7	21.7	
89.50	208.9	10.9	22.9	2.0	-63.2	76.6	39.1	128.0	251.5	-2906.6	961.6	15.5	
89.55	209.2	10.7	22.1	2.0	-63.9	76.7	43.1	125.5	251.7	-2918.2	1105.7	12.0	
89.60	209.4	10.0	22.8	2.0	-65.7	76.8	48.3	124.9	248.9	-2987.9	1286.6	12.7	
89.65	209.6	9.5	23.5	2.0	-67.0	76.9	50.6	127.6	248.6	-3050.1	1367.2	13.7	
89.70	209.8	9.5	23.7	2.0	-67.5	77.0	50.5	129.7	251.2	-3091.4	1346.4	14.0	
89.75	210.0	9.7	24.6	2.0	-68.5	77.1	49.2	133.2	250.8	-3180.8	1302.7	16.0	
89.80	210.3	9.8	26.0	2.0	-69.2	77.2	45.8	136.3	248.0	-3268.1	1224.8	20.2	
89.85	210.5	9.8	25.3	2.0	-68.6	77.3	41.2	136.0	248.1	-3272.6	1090.5	18.3	
89.90	210.7	9.9	24.1	2.0	-67.6	77.4	39.5	133.7	248.7	-3233.1	998.8	15.1	
89.95	210.9	9.8	25.1	2.0	-67.9	77.5	40.1	135.9	245.9	-3252.4	982.0	18.3	
90.00	211.1	9.6	27.3	2.0	-68.5	77.6	39.7	140.3	243.1	-3300.4	950.3	25.1	
90.05	211.3	9.6	28.4	2.0	-68.5	77.7	38.2	141.2	243.7	-3324.9	853.5	29.0	
90.10	211.5	9.6	29.0	2.0	-67.9	77.8	36.5	138.3	244.8	-3317.5	737.0	31.6	
90.15	211.7	9.7	29.9	2.0	-67.2	77.9	34.2	137.9	243.4	-3290.9	625.2	35.4	
90.20	211.9	10.0	29.9	2.0	-65.8	78.0	31.9	137.2	241.6	-3207.4	509.6	37.0	
90.25	212.1	9.9	30.5	2.0	-64.7	78.1	29.6	136.2	242.0	-3147.3	378.9	39.9	
90.30	212.3	9.8	31.9	2.0	-65.1	78.2	27.8	137.8	241.9	-3183.4	287.3	44.3	
90.35	212.5	10.1	33.2	2.0	-66.2	78.3	26.0	141.4	240.1	-3258.7	236.4	47.8	
90.40	212.7	10.2	34.1	2.0	-66.8	78.4	24.2	143.8	239.4	-3302.8	199.3	50.2	
90.45	212.9	10.1	34.3	2.0	-66.9	78.5	24.9	143.3	240.9	-3312.5	201.3	50.8	
90.50	213.1	10.0	34.3	2.0	-67.3	78.6	27.3	143.6	241.7	-3331.6	253.0	50.3	
90.55	213.3	10.1	34.1	2.0	-67.9	78.7	28.5	146.6	241.4	-3369.1	314.3	49.0	
90.60	213.5	10.1	33.1	2.0	-68.0	78.8	29.0	146.0	241.8	-3369.6	363.4	45.7	
90.65	213.7	10.0	31.1	2.0	-67.5	78.9	29.6	143.0	242.8	-3333.6	413.3	39.4	
90.70	213.9	10.0	30.2	2.0	-67.5	79.0	29.9	143.9	241.7	-3319.2	488.3	36.1	
90.75	214.1	9.8	29.9	2.0	-67.9	79.1	31.8	146.7	240.7	-3323.5	599.6	34.7	
90.80	214.3	9.6	29.2	2.0	-67.8	79.2	34.9	145.7	242.5	-3297.5	711.8	32.4	
90.85	214.5	9.9	28.5	2.0	-67.6	79.3	37.7	143.6	243.3	-3255.2	841.9	30.1	
90.90	214.7	10.1	27.9	2.0	-67.9	79.4	40.1	144.2	240.7	-3234.1	992.6	27.8	
90.95	214.9	10.2	26.8	2.0	-68.4	79.5	43.1	144.6	239.8	-3224.3	1122.4	23.7	
91.00	215.0	10.1	26.5	2.0	-69.0	79.6	46.0	144.1	241.7	-3243.6	1204.0	22.1	
91.05	215.2	10.3	27.0	2.0	-70.3	79.7	46.7	147.7	241.2	-3319.0	1249.7	22.5	
91.10	215.4	10.5	28.4	2.0	-72.1	79.8	45.4	154.4	238.4	-3439.3	1271.5	25.4	
91.15	215.5	10.4	28.0	2.0	-73.0	79.9	44.1	156.8	237.5	-3514.2	1251.5	23.3	
91.20	215.7	10.3	27.2	2.0	-72.9	80.0	42.9	155.1	238.9	-3530.9	1184.6	20.7	
91.25	215.9	10.3	27.0	2.0	-72.9	80.1	41.6	154.9	238.0	-3551.8	1126.8	19.9	
91.30	216.0	10.1	28.2	2.0	-73.6	80.2	40.0	158.5	234.9	-3613.1	1088.1	23.3	
91.35	216.2	10.2	29.7	2.0	-74.2	80.3	39.8	160.0	233.9	-3670.7	1041.8	27.8	
91.40	216.4	10.2	30.5	2.0	-74.2	80.4	39.5	159.9	234.8	-3694.9	953.9	30.4	
91.45	216.5	9.8	31.9	2.0	-74.1	80.5	37.4	161.2	234.2	-3710.7	842.7	35.4	
91.50	216.7	10.0	32.8	2.0	-73.9	80.6	36.1	161.5	232.6	-3715.1	758.6	38.6	
91.55	216.9	10.4	32.7	2.0	-72.7	80.7	35.5	157.3	233.2	-3654.8	669.1	39.4	
91.60	217.0	10.8	32.0	2.0	-71.2	80.8	33.5	152.7	234.5	-3570.8	556.8	38.7	
91.65	217.2	10.6	32.4	2.0	-70.6	80.9	30.8	151.7	233.6	-3545.7	468.8	40.7	
91.70	217.4	10.6	33.9	2.0	-71.3	81.0	29.6	153.9	231.7	-3600.0	422.6	45.2	
91.75	217.5	10.8	34.8	2.0	-72.3	81.1	28.9	156.1	232.4	-3676.1	370.3	47.1	
91.80	217.7	10.6	35.0	2.0	-73.0	81.2	26.1	158.0	233.9	-3731.6	290.8	47.1	
91.85	217.8	10.6	35.5	2.0	-73.7	81.3	23.8	160.1	232.3	-3783.1	266.6	48.3	
91.90	218.0	10.6	36.3	2.0	-74.4	81.4	25.4	161.0	230.2	-3827.1	319.1	50.3	
91.95	218.1	10.7	36.3	2.0	-74.3	81.5	28.6	160.5	232.3	-3817.9	360.8	50.3	
92.00	218.2	11.0	35.3	2.0	-73.8	81.6	31.0	160.2	234.5	-3772.4	409.1	47.3	
92.05	218.4	11.5	35.2	2.0	-74.0	81.7	33.4	160.6	232.3	-3773.2	529.2	46.9	
92.10	218.5	11.6	35.9	2.0	-75.0	81.8	35.3	162.8	229.2	-3817.7	661.0	48.4	
92.15	218.6	11.4	35.8	2.0	-75.8	81.9	35.9	166.8	229.7	-3860.7	730.1	47.1	
92.20	218.8	11.2	35.0	2.0	-76.3	82.0	36.9	169.5	230.7	-3877.6	792.1	43.7	
92.25	218.9	11.1	34.3	2.0	-76.4	82.1	37.9	170.2	228.1	-3860.6	885.7	41.3	
92.30	219.0	11.0	32.9	2.0	-75.4	82.2	37.0	167.9	224.4	-3778.9	950.1	37.6	
92.35	219.1	10.8	30.7	2.0	-73.9	82.3	36.3	164.6	223.6	-3667.3	975.2	31.3	
92.40	219.3	10.9	29.8	2.0	-73.4	82.4	38.2	163.4	223.8	-3617.3	1020.8	28.9	
92.45	219.4	10.7	31.0	2.0	-74.1	82.5	40.7	165.6	222.7	-3643.2	1079.6	32.5	
92.50	219.5	10.6	32.7	2.0	-75.1	82.6	42.4	169.4	221.3	-3705.1	1117.0	37.2	
92.55	219.6	10.8	34.1	2.0	-76.5	82.7	43.9	172.5	221.4	-3797.5	1137.1	40.5	
92.60	219.8	10.4	34.9	2.0	-78.0	82.8	45.1	174.3	221.7	-3906.3	1151.5	41.9	
92.65	219.9	10.0	34.9	2.0	-78.6	82.9	44.6	174.7	220.6	-3956.2	1129.6	41.2	
92.70	220.0	9.9	34.7	2.0	-77.8	83.0	42.5	173.4	219.0	-3921.4	1056.6	41.3	
92.75	220.1	10.1	34.5	2.0	-77.0	83.1	40.7	172.6	218.1	-3890.8	961.6	41.6	
92.80	220.2	10.2	34.2	2.0	-76.8	83.2	38.1	173.6	217.9	-3897.8	851.0	40.7	
92.85	220.4	10.0	34.3	2.0	-76.9	83.3	33.2	176.6	217.6	-3930.1	712.7	40.8	
92.90	220.5	10.2	35.3	2.0	-77.2	83.4	30.0	178.0	217.2	-3962.9	612.3	44.0	
92.95	220.6	10.2	37.0	2.0	-77.3	83.5	31.8	177.8	217.2	-3974.8	601.0	49.8	
93.00	220.7	10.1	37.8	2.0	-76.9	83.6	35.4	177.5	218.1	-3936.6	632.7	53.0	
93.05	220.8	9.9	37.9	2.0	-75.9	83.7	38.3	175.1	218.5	-3861.6	672.6	54.0	
93.10	220.9	10.0	38.1	2.0	-75.3	83.8	40.5	171.4	217.2	-3814.3	722.5	55.5	
93.15	221.0	10.2	38.0	2.0	-75.3	83.9	40.6	169.7	215.6	-3813.4	739.4	55.2	
93.20	221.1	10.2	37.6	2.0	-75.7	84.0	37.2	172.9	215.1	-3854.2	675.8	53.4	
93.25	221.2	10.4	37.9	2.0	-76.9	84.1	33.3	178.9	214.9	-3944.2	587.0	53.1	
93.30	221.3	10.7	39.3	2.0	-79.0	84.2	31.1	184.9	214.1	-4093.9	541.3	56.0	
93.35	221.4	10.6	40.1	2.0	-80.8	84.3	29.2	189.3	212.5	-4225.2	539.0	56.7	
93.40	221.5	10.6	39.6	2.0	-81.7	84.4	28.1	191.6	210.8	-4280.5	569.6	54.1	
93.45	221.6	10.7	39.3	2.0	-81.9	84.5	31.2	191.0	209.7	-4285.6	666.1	53.1	
93.50	221.7	10.7	40.2	2.0	-82.3	84.6	37.9	190.0	208.4	-4289.9	822.2	55.7	
93.55	221.8	10.6	41.1	2.0	-83.1	84.7	42.6	192.0	207.2	-4317.9	942.9	57.9	
93.60	221.9	10.7	41.2	2.0	-83.9	84.8	42.6	194.0	206.9	-4370.2	965.0	57.7	
93.65	222.1	11.2	41.1	2.0	-84.7	84.9	40.6	194.6	207.0	-4438.9	937.7	56.5	
93.70	222.2	11.4	40.6	2.0	-85.0	85.0	38.5	194.9	205.7	-4464.6	903.9	54.6	
93.75	222.3	11.5	39.4	2.0	-84.1	85.1	36.0	195.3	204.1	-4407.7	850.5	51.3	
93.80	222.4	11.9	38.0	2.0	-82.5	85.2	34.6	193.1	203.4	-4306.1	807.0	47.9	
93.85	222.5	11.7	36.9	2.0	-81.3	85.3	34.9	188.2	202.9	-4229.6	801.7	45.4	
93.90	222.6	11.4	36.6	2.0	-80.9	85.4	34.4	185.1	201.7	-4208.6	798.8	44.9	
93.95	222.7	11.3	37.7	2.0	-81.6	85.5	33.6	187.1	201.1	-4257.5	782.1	47.9	
94.00	222.8	11.2	40.4	2.0	-83.3	85.6	35.5	192.4	203.3	-4371.9	775.4	55.3	
94.05	222.9	11.2	42.9	2.0	-84.9	85.7	38.7	197.4	205.7	-4477.5	774.5	62.5	
94.10	223.0	11.0	43.8	2.0	-85.1	85.8	38.2	198.3	206.7	-4501.1	719.3	65.3	
94.15	223.1	11.3	43.3	2.0	-84.3	85.9	35.1	195.6	205.4	-4460.5	648.0	64.4	
94.20	223.1	11.2	42.8	2.0	-83.5	86.0	33.7	193.2	204.3	-4414.1	612.7	63.4	
94.25	223.2	10.9	43.1	2.0	-83.3	86.1	34.8	194.6	204.3	-4388.9	606.9	64.6	
94.30	223.3	10.4	43.4	2.0	-83.1	86.2	35.3	197.1	204.7	-4369.5	598.3	65.9	
94.35	223.4	10.5	43.1	2.0	-83.0	86.3	33.3	197.1	204.8	-4364.4	581.9	65.0	
94.40	223.5	11.0	42.6	2.0	-83.0	86.4	31.0	195.5	203.7	-4371.0	590.6	63.3	
94.45	223.6	11.1	41.9	2.0	-82.6	86.5	30.8	194.0	202.5	-4337.8	626.3	61.3	
94.50	223.7	11.0	41.4	2.0	-81.7	86.6	33.3	193.7	203.0	-4262.2	681.0	60.3	
94.55	223.8	10.7	40.9	2.0	-81.1	86.7	37.2	193.5	203.2	-4203.5	761.5	59.3	
94.60	223.9	10.2	40.6	2.0	-81.0	86.8	38.9	192.1	200.7	-4187.5	838.0	58.5	
94.65	223.9	10.4	40.1	2.0	-81.4	86.9	37.3	192.2	198.2	-4214.1	861.9	56.3	
94.70	224.0	10.6	40.1	2.0	-82.4	87.0	36.2	195.3	198.5	-4284.1	865.4	55.2	
94.75	224.1	10.3	41.0	2.0	-83.9	87.1	38.3	199.5	199.5	-4375.3	915.4	56.7	
94.80	224.2	10.1	41.4	2.0	-84.7	87.2	39.9	201.4	199.2	-4421.5	959.6	57.4	
94.85	224.3	10.0	40.8	2.0	-84.6	87.3	37.8	200.4	198.6	-4417.0	939.5	55.4	
94.90	224.4	10.1	39.8	2.0	-84.4	87.4	36.2	198.1	197.7	-4415.9	936.8	52.3	
94.95	224.5	10.1	39.6	2.0	-84.6	87.5	37.3	196.9	197.2	-4422.8	967.6	51.5	
95.00	224.5	10.1	40.0	2.0	-84.4	87.6	37.7	196.8	197.9	-4411.7	946.1	52.8	
95.05	224.6	10.4	40.2	2.0	-84.0	87.7	35.9	196.7	198.5	-4397.5	876.5	54.0	
95.10	224.7	10.2	40.7	2.0	-84.0	87.8	33.8	196.5	198.4	-4409.8	806.9	55.6	
95.15	224.8	10.0	41.4	2.0	-83.8	87.9	32.8	195.7	199.6	-4412.3	737.1	58.2	
95.20	224.9	9.7	41.8	2.0	-83.1	88.0	32.0	194.5	201.7	-4376.4	659.4	60.2	
95.25	224.9	9.4	42.3	2.0	-82.5	88.1	31.8	193.0	202.3	-4338.1	605.5	62.8	
95.30	225.0	9.4	42.8	2.0	-82.1	88.2	31.7	191.1	201.7	-4322.3	569.1	64.7	
95.35	225.1	9.5	43.3	2.0	-82.2	88.3	30.5	190.4	201.9	-4338.8	511.6	66.3	
95.40	225.2	9.2	43.9	2.0	-82.8	88.4	28.9	192.4	202.5	-4385.7	449.6	68.0	
95.45	225.2	9.1	45.0	2.0	-83.8	88.5	28.3	195.8	202.9	-4453.3	410.3	70.8	
95.50	225.3	8.9	45.7	2.0	-84.5	88.6	27.4	198.2	203.0	-4506.3	379.7	72.5	
95.55	225.3	8.8	45.6	2.0	-84.7	88.7	25.2	198.8	203.1	-4518.0	327.9	72.0	
95.60	225.4	8.9	45.4	2.0	-84.4	88.8	24.8	198.4	203.7	-4501.1	313.0	71.4	
95.65	225.5	9.0	45.3	2.0	-84.3	88.9	27.3	199.0	203.4	-4482.2	388.9	71.4	
95.70	225.5	9.0	45.1	2.0	-84.0	89.0	29.9	199.9	202.4	-4448.7	495.6	70.9	
95.75	225.6	9.2	44.8	2.0	-83.6	89.1	31.7	199.1	201.7	-4409.3	575.9	70.4	
95.80	225.6	9.2	44.4	2.0	-83.4	89.2	33.4	197.5	200.4	-4388.3	660.2	68.8	
95.85	225.7	9.1	43.7	2.0	-83.4	89.3	34.8	198.0	200.3	-4373.3	735.6	66.5	
95.90	225.7	9.4	42.1	2.0	-82.7	89.4	36.0	196.5	201.1	-4315.5	789.4	61.8	
95.95	225.8	9.6	40.8	2.0	-82.2	89.5	36.3	194.8	200.6	-4270.7	845.2	57.9	
96.00	225.8	9.4	39.8	2.0	-82.1	89.6	36.3	193.8	199.2	-4254.1	902.7	54.6	
96.05	225.9	9.1	39.1	2.0	-82.2	89.7	36.9	194.2	199.7	-4251.0	950.5	52.0	
96.10	225.9	8.8	38.9	2.0	-82.6	89.8	38.7	194.8	201.4	-4259.1	1008.4	51.0	
96.15	226.0	8.7	39.3	2.0	-83.1	89.9	41.0	194.9	201.1	-4277.4	1089.2	51.8	
96.20	226.0	9.0	39.7	2.0	-83.5	90.0	41.3	195.2	199.7	-4303.8	1129.3	52.8	
96.25	226.1	9.0	39.6	2.0	-83.7	90.1	39.3	195.0	200.2	-4328.7	1089.7	52.3	
96.30	226.2	8.8	39.9	2.0	-83.8	90.2	38.8	194.3	202.6	-4352.5	1024.3	53.1	
96.35	226.2	8.6	40.8	2.0	-83.3	90.3	40.0	192.3	203.9	-4331.5	978.3	56.6	
96.40	226.2	8.5	19.2	1.5	-82.1	90.4	38.3	190.7	203.7	-4259.4	912.8	48.7	
96.45	226.3	8.5	24.0	1.1	-80.8	90.5	35.3	188.9	203.8	-4180.5	833.8	49.8	
96.50	226.3	8.5	28.0	0.8	-80.0	90.5	35.0	186.0	204.7	-4132.9	786.9	52.3	
96.55	226.4	8.7	31.9	0.6	-79.6	90.6	35.9	185.0	205.2	-4111.3	764.3	56.9	
96.60	226.4	8.7	34.9	0.5	-79.6	90.6	34.2	187.4	204.4	-4108.8	717.8	60.3	
96.65	226.4	8.6	36.6	0.3	-79.5	90.6	31.4	189.6	203.6	-4113.6	644.2	61.2	
96.70	226.4	8.9	38.3	0.3	-79.4	90.6	29.5	189.6	203.0	-4120.2	568.5	63.3	
96.75	226.5	9.1	39.5	0.2	-79.3	90.6	27.4	189.5	202.4	-4124.6	487.0	64.5	
96.80	226.5	9.0	40.2	0.1	-79.1	90.6	25.3	190.0	202.1	-4116.6	398.8	65.2	
96.85	226.5	9.1	41.4	0.1	-79.0	90.6	25.2	189.9	201.7	-4109.5	357.1	67.6	
96.90	226.5	9.1	42.6	0.1	-78.9	90.6	27.0	189.9	201.0	-4103.1	374.2	70.6	
96.95	226.5	9.0	43.4	0.1	-78.9	90.7	28.6	191.4	199.9	-4096.2	406.2	72.8	
97.00	226.5	9.4	44.2	0.0	-79.3	90.7	29.7	193.3	199.0	-4114.7	440.6	74.4	
97.05	226.6	9.6	45.0	0.0	-79.7	90.7	31.5	193.4	198.4	-4142.4	487.1	76.1	
97.10	226.6	9.7	45.0	0.0	-79.8	90.7	32.4	193.5	198.2	-4146.1	509.7	75.8	
97.15	226.6	9.6	44.4	0.0	-79.7	90.7	30.7	194.3	197.6	-4140.4	499.9	73.4	
97.20	226.6	9.4	43.6	0.0	-79.6	90.7	28.7	193.6	196.8	-4138.7	490.4	70.5	
97.25	226.6	9.2	42.6	0.0	-79.4	90.7	28.1	191.7	197.2	-4126.7	485.8	67.4	
97.30	226.7	9.2	41.6	0.0	-79.1	90.7	28.3	190.1	197.8	-4106.0	499.4	64.1	
97.35	226.7	9.0	41.3	0.0	-79.2	90.7	29.4	189.9	197.5	-4106.4	555.6	62.8	
97.40	226.7	8.8	42.0	0.0	-79.8	90.7	32.7	190.4	197.2	-4135.5	655.7	64.6	
97.45	226.7	9.3	43.1	0.0	-80.8	90.7	36.7	192.9	198.0	-4186.8	767.3	67.2	
97.50	226.7	9.6	43.6	0.0	-81.8	90.7	39.8	195.8	199.0	-4228.7	864.0	67.8	
97.55	226.7	9.7	43.5	0.0	-82.0	90.7	41.6	195.1	199.6	-4236.7	922.4	67.5	
97.60	226.7	9.4	42.8	0.0	-81.7	90.7	41.2	191.8	199.6	-4221.0	926.2	65.1	
97.65	226.7	9.6	41.6	0.0	-81.6	90.7	39.2	190.7	199.4	-4224.5	902.9	61.1	
97.70	226.8	10.0	40.8	0.0	-82.1	90.7	37.6	192.9	199.4	-4257.3	884.4	58.1	
97.75	226.8	10.1	40.6	0.0	-82.5	90.7	37.0	193.8	199.0	-4286.5	884.0	56.9	
97.80	226.8	10.2	40.8	0.0	-82.5	90.7	36.2	192.6	197.7	-4293.8	888.4	57.6	
97.85	226.8	10.3	40.7	0.0	-82.4	90.7	35.3	192.1	196.0	-4289.7	890.9	57.3	
97.90	226.8	10.2	41.2	0.0	-82.7	90.7	36.3	193.3	195.1	-4305.7	908.4	58.9	
97.95	226.7	10.5	42.4	0.0	-83.2	90.7	39.0	195.0	195.4	-4328.2	935.1	62.5	
98.00	226.7	10.7	43.3	0.0	-83.4	90.7	40.7	196.3	195.3	-4338.7	931.0	65.3	
98.05	226.7	10.5	43.6	0.0	-83.2	90.7	39.4	197.4	193.6	-4333.2	886.1	66.6	
98.10	226.7	10.2	43.7	0.0	-82.8	90.7	36.8	196.6	192.1	-4326.7	808.1	67.0	
98.15	226.7	9.9	44.3	0.0	-83.0	90.7	36.0	196.1	191.7	-4356.1	732.8	69.1	
98.20	226.7	9.7	45.1	0.0	-83.3	90.7	35.2	198.0	190.9	-4384.0	669.7	71.6	
98.25	226.7	9.5	44.8	0.0	-83.2	90.7	32.8	200.2	189.7	-4377.6	606.0	70.8	
98.30	226.7	9.4	44.9	0.0	-83.0	90.7	30.6	200.0	188.8	-4375.6	548.5	71.2	
98.35	226.7	9.3	45.4	0.0	-82.9	90.7	29.4	198.7	188.2	-4379.9	495.6	72.8	
98.40	226.7	9.1	46.4	0.0	-83.0	90.7	28.0	199.4	188.7	-4388.7	430.9	76.4	
98.45	226.7	9.0	47.2	0.0	-83.2	90.7	28.2	201.3	190.2	-4403.7	393.4	78.9	
98.50	226.7	9.0	48.1	0.0	-83.3	90.7	30.0	201.9	190.8	-4404.9	394.3	82.0	
98.55	226.7	9.0	47.9	0.0	-82.4	90.7	30.2	199.8	190.4	-4349.9	384.9	81.9	
98.60	226.7	9.1	47.0	0.0	-81.3	90.7	28.3	197.0	190.8	-4277.7	342.7	80.1	
98.65	226.7	9.4	46.5	0.0	-80.7	90.7	28.5	194.6	191.6	-4234.8	344.6	78.9	
98.70	226.7	9.7	46.6	0.0	-80.7	90.7	31.3	194.0	192.2	-4227.2	404.9	79.4	
98.75	226.6	9.7	46.6	0.0	-80.7	90.7	32.4	195.8	192.6	-4222.9	452.3	79.3	
98.80	226.6	9.6	45.2	0.0	-80.4	90.7	30.3	196.3	192.8	-4190.8	467.1	74.8	
98.85	226.6	9.9	43.6	0.0	-79.9	90.7	29.2	193.5	192.0	-4160.3	510.0	69.8	
98.90	226.6	10.0	43.2	0.0	-79.7	90.7	30.9	191.2	191.3	-4144.9	580.2	68.4	
98.95	226.6	10.1	42.7	0.0	-79.6	90.7	32.7	191.7	191.9	-4120.8	632.5	67.0	
99.00	226.6	10.3	41.9	0.0	-79.6	90.7	33.8	193.5	192.3	-4109.8	692.4	64.2	
99.05	226.6	10.4	41.5	0.0	-80.0	90.7	35.6	193.7	190.7	-4123.0	788.6	62.6	
99.10	226.6	10.4	42.2	0.0	-80.5	90.7	37.3	192.9	189.1	-4147.6	871.4	64.2	
99.15	226.6	10.4	42.5	0.0	-81.0	90.7	38.4	193.7	189.6	-4171.3	909.6	65.1	
99.20	226.6	10.1	42.4	0.0	-81.2	90.7	40.0	195.4	190.5	-4177.1	949.5	64.2	
99.25	226.5	9.9	42.3	0.0	-81.2	90.7	41.8	194.4	189.6	-4164.6	1002.1	63.9	
99.30	226.5	10.1	42.0	0.0	-80.8	90.7	40.6	192.0	187.7	-4146.0	999.7	63.5	
99.35	226.5	10.0	41.1	0.0	-80.5	90.7	36.9	191.6	186.8	-4139.5	934.8	60.7	
99.40	226.5	9.9	41.5	0.0	-81.0	90.7	34.8	193.8	187.3	-4186.3	869.6	61.6	
99.45	226.5	9.9	43.3	0.0	-82.3	90.7	35.3	196.7	187.9	-4283.3	826.5	66.4	
99.50	226.5	9.8	44.7	0.0	-83.1	90.7	34.7	199.1	188.0	-4352.5	763.2	70.2	
99.55	226.5	9.5	44.6	0.0	-83.3	90.7	31.8	200.2	188.6	-4377.6	668.3	70.0	
99.60	226.5	9.2	45.3	0.0	-83.6	90.7	30.6	199.8	190.0	-4410.7	605.4	72.1	
99.65	226.5	9.5	47.1	0.0	-84.0	90.7	32.6	198.6	190.8	-4445.6	592.4	77.6	
99.70	226.5	9.7	47.8	0.0	-83.7	90.7	33.6	197.4	191.8	-4435.3	546.1	80.2	
99.75	226.5	9.9	47.9	0.0	-83.3	90.7	31.4	196.8	193.7	-4413.7	455.4	81.1	
99.80	226.5	10.3	48.4	0.0	-83.5	90.7	29.2	196.3	193.8	-4439.3	404.1	82.5	
99.85	226.5	10.3	49.1	0.0	-84.1	90.7	27.7	197.2	192.9	-4482.4	368.7	84.4	
99.90	226.5	10.1	49.4	0.0	-84.5	90.7	25.1	200.5	194.4	-4512.0	291.3	84.9	
99.95	226.4	9.6	49.0	0.0	-84.7	90.7	23.5	202.3	196.8	-4522.4	236.5	83.6	
100.00	226.4	9.6	48.8	0.0	-84.8	90.7	23.9	200.8	196.7	-4534.4	257.1	82.7	
100.05	226.4	9.6	48.4	0.0	-84.8	90.7	24.7	198.9	195.3	-4533.7	311.7	81.5	
100.10	226.4	9.4	47.6	0.0	-84.6	90.7	25.5	199.2	195.9	-4516.1	363.5	78.8	
100.15	226.4	9.4	47.1	0.0	-84.8	90.7	28.8	199.5	197.2	-4515.9	457.8	77.0	
100.20	226.4	9.6	47.5	0.0	-85.0	90.7	33.2	197.9	196.1	-4524.1	586.4	77.9	
100.25	226.4	9.9	47.4	0.0	-85.0	90.7	34.2	196.9	194.3	-4516.0	657.5	77.6	
100.30	226.4	9.8	46.6	0.0	-85.1	90.7	33.0	198.1	194.9	-4515.0	671.4	74.8	
100.35	226.4	9.8	45.0	0.0	-85.0	90.7	33.8	197.1	196.1	-4504.0	712.9	69.4	
100.40	226.4	10.0	44.1	0.0	-84.9	90.7	34.6	195.9	195.3	-4491.2	776.4	66.6	
100.45	226.4	10.4	44.0	0.0	-84.7	90.7	33.7	196.6	193.4	-4468.1	814.0	66.3	
100.50	226.4	10.5	42.7	0.0	-84.3	90.7	33.8	196.1	193.7	-4433.2	838.0	62.2	
100.55	226.4	10.5	42.2	0.0	-84.2	90.7	36.2	194.9	195.5	-4420.8	896.2	60.8	
100.60	226.4	10.8	42.6	0.0	-84.5	90.7	38.1	195.2	195.5	-4428.4	960.0	61.7	
100.65	226.4	10.8	43.1	0.0	-84.6	90.7	37.4	197.2	194.5	-4429.4	968.2	63.2	
100.70	226.4	10.6	43.1	0.0	-84.3	90.7	36.6	197.1	196.2	-4412.0	928.5	63.8	
100.75	226.4	10.6	43.2	0.0	-83.8	90.7	37.6	194.4	199.3	-4383.9	889.2	64.6	
100.80	226.4	10.6	43.1	0.0	-83.1	90.7	37.4	192.4	199.9	-4341.8	846.5	64.9	
100.85	226.4	10.4	42.9	0.0	-82.2	90.7	34.0	192.3	199.3	-4295.8	765.3	65.2	
100.90	226.4	10.1	42.7	0.0	-81.4	90.7	31.8	190.3	200.2	-4251.4	688.3	65.2	
100.95	226.4	10.2	43.5	0.0	-81.1	90.7	32.2	188.8	201.6	-4235.3	649.9	68.2	
101.00	226.4	10.2	44.3	0.0	-80.9	90.7	32.0	190.5	201.6	-4224.4	615.3	71.3	
101.05	226.4	9.8	44.5	0.0	-80.3	90.7	30.3	191.5	202.2	-4185.9	554.2	72.4	
101.10	226.3	9.5	44.2	0.0	-79.3	90.7	29.4	189.1	203.1	-4122.9	507.7	72.4	
101.15	226.3	9.5	43.8	0.0	-78.3	90.7	28.4	186.3	202.6	-4055.9	472.4	72.1	
101.20	226.3	9.6	43.6	0.0	-77.6	90.7	27.1	185.8	202.0	-4013.9	423.7	72.1	
101.25	226.3	10.0	43.9	0.0	-77.4	90.7	27.3	184.9	202.5	-3998.8	391.6	73.2	
101.30	226.3	10.0	44.4	0.0	-77.6	90.7	27.7	184.5	203.1	-4015.0	380.3	74.9	
101.35	226.3	9.8	44.7	0.0	-78.0	90.7	27.2	185.5	201.7	-4042.2	392.4	75.4	
101.40	226.3	9.8	45.1	0.0	-78.4	90.7	27.5	187.7	200.3	-4070.2	422.2	76.4	
101.45	226.3	9.8	45.0	0.0	-78.6	90.7	29.2	188.5	201.0	-4073.1	460.1	75.9	
101.50	226.3	9.7	44.6	0.0	-78.4	90.7	30.6	186.5	201.7	-4056.8	498.2	74.6	
101.55	226.3	10.2	43.9	0.0	-78.0	90.7	29.5	184.7	200.2	-4033.7	511.1	72.7	
101.60	226.3	10.3	42.9	0.0	-77.8	90.7	27.1	184.9	198.4	-4023.8	500.5	69.3	
101.65	226.3	10.4	43.1	0.0	-78.4	90.7	27.3	186.8	198.5	-4063.1	508.0	69.6	
101.70	226.3	10.5	44.0	0.0	-79.3	90.7	29.5	188.7	199.7	-4119.7	537.8	71.9	
101.75	226.3	10.5	44.4	0.0	-79.9	90.7	29.2	190.7	199.7	-4159.1	543.9	72.4	
101.80	226.3	10.5	43.7	0.0	-80.0	90.7	28.1	190.0	199.0	-4165.6	547.9	70.1	
101.85	226.3	10.8	43.1	0.0	-79.6	90.7	30.1	186.1	199.4	-4138.3	599.4	68.4	
101.90	226.3	11.0	43.3	0.0	-79.4	90.7	33.3	184.7	200.7	-4119.6	670.7	69.0	
101.95	226.3	11.1	43.3	0.0	-79.5	90.7	34.5	185.5	201.3	-4114.5	707.1	69.2	
102.00	226.3	11.2	43.3	0.0	-79.7	90.7	34.0	184.3	201.1	-4136.8	706.5	69.0	
102.05	226.3	11.1	43.8	0.0	-80.4	90.7	33.4	184.0	201.6	-4192.4	687.8	69.8	
102.10	226.3	10.9	43.5	0.0	-80.9	90.7	32.4	186.1	202.4	-4227.2	667.3	68.4	
102.15	226.3	10.5	42.8	0.0	-80.7	90.7	31.2	188.5	202.7	-4203.9	651.2	66.2	
102.20	226.2	10.7	41.6	0.0	-79.3	90.7	31.2	185.2	202.4	-4112.1	648.8	63.6	
102.25	226.2	10.7	40.9	0.0	-77.9	90.7	31.1	179.5	201.9	-4023.3	648.8	62.4	
102.30	226.2	10.4	41.1	0.0	-77.6	90.7	30.9	178.7	201.4	-3997.3	653.6	63.5	
102.35	226.2	10.5	42.2	0.0	-78.1	90.7	32.9	182.3	201.2	-4016.9	689.9	66.7	
102.40	226.2	10.7	43.0	0.0	-78.7	90.7	35.7	184.2	201.4	-4047.8	733.2	69.0	
102.45	226.2	11.0	43.7	0.0	-79.0	90.7	36.1	183.8	200.7	-4078.4	739.5	70.8	
102.50	226.2	11.4	43.5	0.0	-79.1	90.7	33.6	183.9	198.9	-4089.0	696.8	70.4	
102.55	226.2	11.9	43.4	0.0	-79.0	90.7	32.0	184.5	197.9	-4092.5	646.3	70.1	
102.60	226.1	12.2	43.8	0.0	-79.0	90.7	33.4	184.5	198.4	-4093.8	631.9	71.4	
102.65	226.1	12.0	43.9	0.0	-79.0	90.7	33.4	185.8	197.8	-4092.5	624.6	71.6	
102.70	226.1	12.1	43.7	0.0	-79.1	90.7	30.4	187.9	195.5	-4098.3	591.6	70.9	
102.75	226.1	12.3	43.9	0.0	-79.3	90.7	29.2	188.4	194.3	-4122.5	565.8	71.3	
102.80	226.1	12.4	44.7	0.0	-79.9	90.7	31.3	188.9	195.1	-4160.3	576.4	73.6	
102.85	226.1	12.4	44.9	0.0	-79.8	90.7	32.6	189.8	195.8	-4150.8	585.8	74.4	
102.90	226.1	12.3	44.1	0.0	-78.7	90.7	31.0	187.7	195.2	-4075.0	557.1	72.7	
102.95	226.1	12.4	43.3	0.0	-77.5	90.7	29.3	182.6	193.7	-4004.7	526.4	71.1	
103.00	226.1	12.6	42.8	0.0	-77.1	90.7	29.3	179.4	193.7	-3989.8	511.6	69.8	
103.05	226.1	12.6	43.2	0.0	-78.0	90.7	30.2	182.7	195.6	-4042.0	503.8	70.2	
103.10	226.1	12.0	44.3	0.0	-79.1	90.7	31.4	187.5	196.5	-4113.2	522.8	73.1	
103.15	226.1	12.1	45.4	0.0	-79.7	90.7	32.1	188.6	195.5	-4152.1	563.0	76.2	
103.20	226.1	12.3	44.7	0.0	-79.6	90.7	31.7	187.0	195.1	-4140.2	589.2	73.7	
103.25	226.1	12.8	43.4	0.0	-79.2	90.7	31.0	186.4	195.8	-4112.7	601.3	69.9	
103.30	226.0	12.9	43.7	0.0	-79.2	90.7	32.0	186.5	196.4	-4108.3	623.9	70.8	
103.35	226.0	12.9	43.9	0.0	-79.5	90.7	33.9	186.3	196.3	-4123.1	651.1	71.3	
103.40	226.0	12.9	43.3	0.0	-79.6	90.7	33.7	186.4	195.7	-4131.1	656.1	68.9	
103.45	226.0	13.0	42.3	0.0	-80.0	90.7	31.8	188.8	195.3	-4158.3	648.8	65.1	
103.50	226.0	12.8	42.8	0.0	-80.8	90.7	33.2	190.5	195.3	-4207.5	684.9	66.1	
103.55	226.0	12.5	44.2	0.0	-81.3	90.7	36.8	191.0	195.2	-4231.6	753.9	70.5	
103.60	226.0	12.8	44.1	0.0	-80.8	90.7	38.4	191.6	194.6	-4183.7	798.8	70.6	
103.65	225.9	13.1	42.8	0.0	-79.5	90.7	37.2	190.3	194.2	-4092.4	791.5	67.5	
103.70	225.9	13.4	42.3	0.0	-78.8	90.7	36.7	187.8	193.1	-4044.7	787.9	66.4	
103.75	225.9	12.8	42.4	0.0	-78.9	90.7	36.7	187.4	191.4	-4053.2	783.9	66.6	
103.80	225.9	12.5	42.8	0.0	-79.3	90.7	34.6	190.6	191.3	-4090.5	718.3	67.5	
103.85	225.9	12.5	43.2	0.0	-79.9	90.7	32.2	193.4	192.2	-4142.0	632.5	68.5	
103.90	225.9	12.1	44.5	0.0	-80.7	90.7	31.9	193.8	191.5	-4206.0	600.6	72.0	
103.95	225.9	11.7	45.8	0.0	-81.5	90.7	32.8	194.5	190.2	-4264.1	612.4	75.8	
104.00	225.9	11.6	45.7	0.0	-81.4	90.7	32.7	195.4	191.2	-4253.5	604.0	75.6	
104.05	225.8	11.9	45.0	0.0	-80.6	90.7	33.5	193.8	193.0	-4195.0	596.6	73.9	
104.10	225.8	12.0	45.8	0.0	-80.2	90.7	36.1	191.8	192.4	-4165.1	627.6	77.1	
104.15	225.8	12.0	46.1	0.0	-80.3	90.7	36.4	192.4	191.4	-4174.5	628.9	77.9	
104.20	225.8	12.1	45.5	0.0	-80.6	90.7	32.8	194.8	193.3	-4201.9	553.9	75.7	
104.25	225.8	12.3	45.5	0.0	-80.9	90.7	29.9	195.3	195.3	-4233.8	483.4	75.3	
104.30	225.8	12.5	45.8	0.0	-81.2	90.7	29.8	194.2	194.1	-4261.9	482.5	76.0	
104.35	225.8	12.8	46.0	0.0	-81.4	90.7	29.6	194.5	193.7	-4269.6	487.7	76.5	
104.40	225.8	12.6	45.2	0.0	-81.1	90.7	29.6	195.2	196.1	-4246.8	489.1	73.9	
104.45	225.8	12.3	44.1	0.0	-80.6	90.7	32.3	192.6	197.5	-4206.4	556.8	70.8	
104.50	225.8	11.9	43.9	0.0	-80.3	90.7	35.1	189.2	195.7	-4175.7	662.0	70.5	
104.55	225.8	12.0	43.4	0.0	-80.2	90.7	35.5	188.8	195.1	-4162.1	711.6	68.7	
104.60	225.8	12.2	43.5	0.0	-80.8	90.7	35.4	191.9	196.8	-4194.3	715.7	68.6	
104.65	225.8	12.4	44.9	0.0	-81.8	90.7	37.3	194.2	197.9	-4260.8	737.5	72.2	
104.70	225.7	12.3	45.4	0.0	-82.5	90.7	38.2	194.8	197.0	-4311.8	760.2	73.4	
104.75	225.7	12.2	44.1	0.0	-82.4	90.7	34.9	195.5	195.6	-4310.3	736.8	68.8	
104.80	225.7	12.4	42.3	0.0	-81.7	90.7	31.8	194.5	195.2	-4266.9	703.6	63.4	
104.85	225.7	12.8	42.1	0.0	-81.0	90.7	33.5	191.1	195.1	-4219.5	724.6	63.4	
104.90	225.7	12.9	43.0	0.0	-80.9	90.7	36.4	189.7	194.9	-4201.0	763.3	66.7	
104.95	225.7	12.9	42.8	0.0	-81.0	90.7	36.7	191.6	195.5	-4205.9	773.0	66.0	
105.00	225.7	13.0	42.4	0.0	-81.3	90.7	35.3	193.2	196.3	-4225.9	763.4	64.1	
105.05	225.6	13.0	43.2	0.0	-81.7	90.7	34.5	193.1	195.5	-4254.6	756.4	66.5	
105.10	225.6	12.9	44.4	0.0	-81.9	90.7	33.8	193.5	194.8	-4276.5	720.9	70.6	
105.15	225.6	13.0	44.6	0.0	-81.6	90.7	32.5	194.1	196.6	-4269.3	637.2	71.4	
105.20	225.6	13.1	44.0	0.0	-81.0	90.7	31.7	192.5	198.5	-4234.8	564.7	70.1	
105.25	225.6	13.1	43.7	0.0	-80.3	90.7	30.4	189.8	197.6	-4197.3	528.0	69.7	
105.30	225.6	13.0	44.1	0.0	-80.2	90.7	28.3	190.3	196.7	-4193.1	500.9	71.2	
105.35	225.6	13.6	44.7	0.0	-80.8	90.7	28.1	192.7	198.8	-4229.6	488.5	72.5	
105.40	225.6	13.9	46.1	0.0	-81.5	90.7	30.9	193.5	201.6	-4276.8	508.1	76.6	
105.45	225.6	14.0	46.9	0.0	-81.5	90.7	33.0	192.6	202.0	-4274.5	537.2	79.4	
105.50	225.5	13.9	45.5	0.0	-80.5	90.7	31.8	190.6	201.1	-4200.0	541.6	75.6	
105.55	225.5	14.0	43.9	0.0	-79.1	90.7	29.7	186.5	201.3	-4109.0	517.6	71.6	
105.60	225.5	14.2	43.5	0.0	-78.3	90.7	29.4	183.5	202.3	-4061.7	495.0	70.9	
105.65	225.5	14.5	43.4	0.0	-78.1	90.7	29.7	183.6	202.6	-4049.5	492.2	70.8	
105.70	225.5	14.6	43.0	0.0	-78.2	90.7	29.3	185.4	203.1	-4048.1	495.1	69.5	
105.75	225.5	14.7	42.6	0.0	-78.2	90.7	29.4	185.2	203.7	-4046.6	523.5	68.0	
105.80	225.5	14.4	42.4	0.0	-78.3	90.7	30.5	183.7	202.9	-4048.8	594.8	67.2	
105.85	225.5	14.3	42.9	0.0	-78.6	90.7	32.1	184.1	202.1	-4057.7	669.2	68.8	
105.90	225.5	14.1	42.6	0.0	-78.6	90.7	34.1	185.2	202.9	-4045.0	721.6	67.8	
105.95	225.4	13.8	41.9	0.0	-78.2	90.7	35.7	183.4	203.4	-4007.4	752.0	65.7	
106.00	225.4	13.6	41.7	0.0	-78.1	90.7	35.0	182.1	202.2	-4004.1	753.9	65.0	
106.05	225.4	13.5	41.8	0.0	-78.6	90.7	32.6	183.9	201.4	-4045.5	731.5	64.9	
106.10	225.4	13.4	41.7	0.0	-79.3	90.7	31.0	186.4	202.7	-4100.0	699.5	63.9	
106.15	225.4	13.2	42.3	0.0	-79.7	90.7	31.2	187.5	203.4	-4127.8	687.3	65.4	
106.20	225.4	13.2	43.0	0.0	-79.7	90.7	32.0	187.9	201.8	-4122.3	706.0	67.9	
106.25	225.3	13.6	42.6	0.0	-79.2	90.7	32.2	187.1	200.8	-4086.1	717.8	67.1	
106.30	225.3	13.6	42.0	0.0	-78.5	90.7	32.2	184.7	202.4	-4041.8	702.8	65.6	
106.35	225.3	13.6	41.8	0.0	-78.0	90.7	32.9	183.0	203.2	-4006.6	698.7	65.4	
106.40	225.3	13.4	42.2	0.0	-77.8	90.7	33.1	183.6	202.0	-3993.1	692.7	67.0	
106.45	225.3	13.7	42.9	0.0	-77.8	90.7	32.0	184.4	202.7	-4001.9	637.2	69.3	
106.50	225.3	13.6	42.9	0.0	-77.8	90.7	31.0	183.3	205.5	-4013.8	564.6	69.5	
106.55	225.2	13.2	43.0	0.0	-77.8	90.7	30.2	182.7	206.1	-4019.4	527.8	69.6	
106.60	225.2	13.2	42.9	0.0	-77.7	90.7	29.7	183.2	204.6	-4009.7	530.1	69.7	
106.65	225.2	13.2	42.6	0.0	-77.4	90.7	29.9	182.7	204.6	-3989.1	533.4	68.9	
106.70	225.2	13.3	42.6	0.0	-77.2	90.7	30.3	182.2	206.4	-3975.9	524.3	68.9	
106.75	225.2	13.3	42.8	0.0	-77.1	90.7	30.6	181.7	206.4	-3970.6	525.2	69.6	
106.80	225.1	13.4	43.5	0.0	-77.5	90.7	30.1	181.9	205.1	-3997.0	524.4	71.8	
106.85	225.1	13.4	43.6	0.0	-77.9	90.7	29.4	183.6	205.8	-4026.4	508.8	71.6	
106.90	225.1	13.2	43.1	0.0	-78.0	90.7	29.7	184.9	206.8	-4026.3	506.3	69.9	
106.95	225.1	13.1	42.8	0.0	-77.7	90.7	30.5	184.7	205.8	-4004.4	527.4	69.1	
107.00	225.0	12.9	42.8	0.0	-77.3	90.7	31.5	182.0	204.6	-3974.8	557.3	69.5	
107.05	225.0	12.7	42.5	0.0	-76.9	90.7	32.5	179.4	205.2	-3950.2	585.9	68.9	
107.10	225.0	13.1	42.0	0.0	-76.7	90.7	33.4	179.5	204.8	-3929.8	635.4	67.3	
107.15	225.0	13.5	42.2	0.0	-77.1	90.7	33.9	181.7	202.8	-3945.0	690.0	67.7	
107.20	224.9	13.5	42.7	0.0	-77.8	90.7	33.6	183.0	202.3	-3988.7	704.4	69.0	
107.25	224.9	13.1	42.5	0.0	-78.3	90.7	32.6	183.2	203.2	-4034.3	683.0	67.7	
107.30	224.9	12.6	42.0	0.0	-78.4	90.7	31.2	183.5	202.8	-4046.5	663.8	65.6	
107.35	224.8	12.2	41.7	0.0	-78.2	90.7	30.8	184.4	201.6	-4023.9	665.7	65.0	
107.40	224.8	11.9	41.7	0.0	-77.7	90.7	31.6	183.2	201.1	-3986.7	682.9	65.4	
107.45	224.8	11.8	41.6	0.0	-77.6	90.7	32.5	181.2	201.7	-3981.4	695.7	65.1	
107.50	224.8	12.0	41.9	0.0	-78.1	90.7	33.4	181.6	202.3	-4018.0	705.7	65.8	
107.55	224.8	12.5	42.6	0.0	-78.7	90.7	34.9	183.1	202.1	-4051.5	735.7	67.6	
107.60	224.7	12.7	43.7	0.0	-78.9	90.7	36.5	183.8	202.4	-4060.3	767.8	71.0	
107.65	224.7	12.6	43.2	0.0	-78.4	90.7	36.4	182.4	202.9	-4024.5	765.4	69.9	
107.70	224.7	12.7	41.9	0.0	-77.4	90.7	34.2	179.7	202.6	-3966.6	714.5	66.6	
107.75	224.7	12.6	41.1	0.0	-76.5	90.7	32.0	177.1	202.5	-3923.2	643.9	64.6	
107.80	224.6	12.4	40.8	0.0	-76.2	90.7	30.8	176.0	203.0	-3906.2	590.0	64.0	
107.85	224.6	12.6	41.1	0.0	-76.2	90.7	29.8	177.4	202.8	-3909.5	562.1	65.0	
107.90	224.6	12.5	41.6	0.0	-76.5	90.7	29.3	180.0	202.3	-3923.7	551.0	66.5	
107.95	224.5	12.4	43.0	0.0	-77.0	90.7	30.7	181.5	203.0	-3955.6	560.1	70.5	
108.00	224.5	12.4	44.1	0.0	-77.5	90.7	33.3	182.6	203.6	-3987.5	601.1	73.7	
108.05	224.5	12.5	44.2	0.0	-77.5	90.7	34.7	183.0	203.5	-3977.2	633.2	74.2	
108.10	224.4	12.5	43.9	0.0	-77.0	90.7	35.0	181.7	203.3	-3946.2	639.8	73.7	
108.15	224.4	12.8	43.5	0.0	-76.8	90.7	35.0	180.2	202.7	-3933.0	642.1	72.4	
108.20	224.4	13.2	43.2	0.0	-76.9	90.7	33.9	180.5	201.8	-3943.5	616.7	71.5	
108.25	224.3	13.5	42.9	0.0	-77.1	90.7	31.2	182.4	201.1	-3967.5	555.7	70.1	
108.30	224.3	13.5	42.8	0.0	-77.4	90.7	29.4	183.9	200.4	-3991.7	518.9	69.5	
108.35	224.3	13.5	42.8	0.0	-77.6	90.7	29.8	184.5	200.1	-3999.5	536.1	69.5	
108.40	224.2	13.5	42.4	0.0	-77.3	90.7	30.7	184.7	199.5	-3975.6	576.2	68.3	
108.45	224.2	13.7	42.3	0.0	-77.0	90.7	31.2	184.7	199.1	-3942.9	612.8	68.1	
108.50	224.2	13.7	43.0	0.0	-77.0	90.7	33.9	183.4	199.6	-3937.8	669.6	70.4	
108.55	224.1	13.6	43.4	0.0	-77.6	90.7	37.3	183.8	199.8	-3966.7	743.7	71.2	
108.60	224.1	13.4	43.3	0.0	-78.2	90.7	37.7	185.7	199.5	-4001.3	772.4	70.6	
108.65	224.1	13.1	42.9	0.0	-78.5	90.7	36.1	185.4	199.7	-4027.2	750.3	68.9	
108.70	224.1	12.9	42.6	0.0	-78.6	90.7	35.1	182.8	199.7	-4048.6	733.9	67.6	
108.75	224.0	13.0	42.3	0.0	-78.7	90.7	34.6	181.8	199.4	-4059.8	732.9	66.5	
108.80	224.0	12.6	41.7	0.0	-78.7	90.7	34.0	183.1	200.1	-4059.7	723.1	64.5	
108.85	224.0	12.5	41.6	0.0	-78.9	90.7	35.0	183.6	201.7	-4069.8	735.9	63.8	
108.90	224.0	12.6	41.9	0.0	-79.4	90.7	36.4	182.7	202.1	-4099.0	782.3	64.5	
108.95	223.9	12.6	42.0	0.0	-79.7	90.7	36.2	183.3	201.4	-4117.8	810.2	64.5	
109.00	223.9	12.6	42.3	0.0	-79.8	90.7	36.1	184.7	201.7	-4122.4	809.8	65.5	
109.05	223.9	12.7	43.0	0.0	-79.9	90.7	38.5	184.0	203.0	-4126.3	825.2	67.6	
109.10	223.9	12.6	42.8	0.0	-79.6	90.7	39.5	181.7	203.3	-4109.6	827.2	67.2	
109.15	223.8	12.2	41.5	0.0	-78.8	90.7	35.7	180.3	202.7	-4066.1	759.1	63.5	
109.20	223.8	11.9	40.3	0.0	-78.1	90.7	31.9	179.1	202.5	-4030.5	684.4	60.2	
109.25	223.7	12.1	41.7	0.0	-78.6	90.7	33.3	180.2	202.6	-4064.7	691.8	64.5	
109.30	223.7	12.5	43.5	0.0	-79.7	90.7	36.0	184.3	202.9	-4124.0	730.2	69.8	
109.35	223.7	12.7	44.0	0.0	-80.1	90.7	35.0	187.4	203.1	-4149.5	715.4	71.1	
109.40	223.6	12.5	43.6	0.0	-79.9	90.7	32.7	187.1	202.3	-4142.2	689.1	69.8	
109.45	223.6	11.9	43.9	0.0	-80.0	90.7	33.1	186.3	200.9	-4148.9	703.7	70.8	
109.50	223.6	11.6	44.3	0.0	-80.3	90.7	34.4	188.6	201.2	-4166.0	702.7	71.7	
109.55	223.5	11.8	44.2	0.0	-80.2	90.7	33.5	189.8	203.2	-4163.3	634.3	71.6	
109.60	223.5	11.8	44.3	0.0	-80.0	90.7	31.6	187.7	203.6	-4167.7	566.1	72.0	
109.65	223.5	11.8	44.6	0.0	-80.2	90.7	30.5	186.6	202.0	-4192.1	561.0	72.9	
109.70	223.4	11.8	44.6	0.0	-80.4	90.7	30.7	188.4	201.4	-4193.7	578.2	72.7	
109.75	223.4	11.8	44.2	0.0	-79.9	90.7	31.9	189.0	203.2	-4151.9	576.6	71.9	
109.80	223.4	11.9	44.1	0.0	-79.0	90.7	33.4	185.6	204.3	-4092.1	585.8	72.2	
109.85	223.4	12.0	43.4	0.0	-77.9	90.7	32.9	180.9	203.1	-4021.3	596.1	71.1	
109.90	223.3	12.0	41.8	0.0	-76.5	90.7	30.1	178.0	202.8	-3928.7	562.1	66.9	
109.95	223.3	11.7	40.4	0.0	-75.3	90.7	28.8	176.3	204.8	-3846.8	525.2	63.3	
