Time[s]	Rotor azimuth angle[deg]	Hub wind speed magnitude[m/s]	ACTTORQUE1[Nm]	PITRAT1[deg/s]	PITFRIC1[kNm]	PITCH1[deg]	Blade root 1 Fx[KN]	Blade root 1 Fy[KN]	Blade root 1 Fz[KN]	Blade root 1 Mx[kNm]	Blade root 1 My[kNm]	Blade root 1 Mz[kNm]	
END_OF_HEADER
50.00	328.4	9.3	0.0	0.0	18.9	-0.1	167.6	128.8	240.2	-2637.5	8628.1	18.9	
50.05	330.6	9.4	0.0	0.0	8.6	-0.1	172.6	119.0	233.7	-2324.1	8622.7	8.6	
50.10	332.9	9.5	0.0	0.0	5.4	-0.1	173.7	111.6	227.3	-2104.0	8582.3	5.4	
50.15	335.2	9.5	0.0	0.0	16.8	-0.1	168.2	108.4	221.2	-2029.0	8465.8	16.8	
50.20	337.5	9.4	0.0	0.0	23.1	-0.1	165.4	106.5	216.9	-1858.7	8417.6	23.1	
50.25	339.7	9.3	0.0	0.0	19.5	-0.1	167.7	93.3	213.9	-1516.7	8479.0	19.5	
50.30	342.0	9.2	0.0	0.0	18.3	-0.1	171.1	75.3	211.3	-1208.5	8606.4	18.3	
50.35	344.3	9.1	0.0	0.0	21.6	-0.1	173.6	65.7	208.7	-970.5	8758.3	21.6	
50.40	346.5	9.0	0.0	0.0	19.3	-0.1	178.1	55.0	203.1	-735.8	8994.2	19.3	
50.45	348.8	9.1	0.0	0.0	10.4	-0.1	185.9	38.7	196.8	-435.9	9293.1	10.4	
50.50	351.1	9.2	0.0	0.0	1.5	-0.1	194.4	24.0	196.4	-126.8	9525.3	1.5	
50.55	353.4	9.1	0.0	0.0	5.7	-0.1	195.6	13.6	199.1	15.2	9569.4	5.7	
50.60	355.7	9.2	0.0	0.0	12.1	-0.1	191.4	8.1	197.1	109.2	9525.3	12.1	
50.65	357.9	9.3	0.0	0.0	12.7	-0.1	186.1	2.5	192.7	296.0	9462.1	12.7	
50.70	0.2	9.6	0.0	0.0	14.5	-0.1	181.9	-10.5	193.6	547.7	9366.4	14.5	
50.75	2.4	9.4	0.0	0.0	18.5	-0.1	181.5	-21.9	199.5	803.9	9307.9	18.5	
50.80	4.7	9.2	0.0	0.0	18.5	-0.1	183.6	-28.8	201.7	1068.3	9360.1	18.5	
50.85	7.0	9.1	0.0	0.0	15.9	-0.1	183.2	-43.3	197.7	1381.4	9468.0	15.9	
50.90	9.2	9.2	0.0	0.0	9.6	-0.1	187.6	-57.0	196.8	1757.8	9657.2	9.6	
50.95	11.5	9.3	0.0	0.0	1.7	-0.1	198.8	-66.8	205.2	2142.3	9880.8	1.7	
51.00	13.8	9.3	0.0	0.0	-0.4	-0.1	207.7	-79.9	213.0	2394.7	10081.3	-0.4	
51.05	16.1	9.1	0.0	0.0	-4.2	-0.1	212.7	-90.6	212.3	2631.4	10315.7	-4.2	
51.10	18.3	9.1	0.0	0.0	-7.9	-0.1	215.6	-98.4	210.8	2905.6	10523.0	-7.9	
51.15	20.6	9.3	0.0	0.0	-4.3	-0.1	216.8	-112.9	218.1	3187.5	10588.3	-4.3	
51.20	22.9	9.5	0.0	0.0	-1.6	-0.1	219.1	-129.9	229.0	3562.3	10614.4	-1.6	
51.25	25.2	9.4	0.0	0.0	-6.1	-0.1	220.3	-146.1	231.4	4040.1	10717.4	-6.1	
51.30	27.4	9.3	0.0	0.0	-8.5	-0.1	217.1	-165.2	227.7	4483.5	10809.9	-8.5	
51.35	29.7	9.3	0.0	0.0	-10.3	-0.1	217.3	-175.2	232.5	4830.4	10862.6	-10.3	
51.40	32.0	9.4	0.0	0.0	-14.9	-0.1	221.2	-179.7	243.6	5117.0	10897.2	-14.9	
51.45	34.3	9.4	0.0	0.0	-17.5	-0.1	221.0	-190.7	247.5	5377.3	10919.9	-17.5	
51.50	36.5	9.3	0.0	0.0	-19.0	-0.1	218.5	-197.0	247.6	5613.5	10939.9	-19.0	
51.55	38.8	9.2	0.0	0.0	-16.6	-0.1	215.8	-197.4	255.5	5746.5	10886.6	-16.6	
51.60	41.0	9.1	0.0	0.0	-11.6	-0.1	212.9	-203.8	267.7	5849.3	10789.5	-11.6	
51.65	43.3	8.8	0.0	0.0	-14.7	-0.1	213.1	-217.7	274.5	6121.1	10815.5	-14.7	
51.70	45.6	8.7	0.0	0.0	-20.3	-0.1	215.6	-232.9	277.4	6452.6	10930.2	-20.3	
51.75	47.9	8.7	0.0	0.0	-21.1	-0.1	217.1	-244.9	284.3	6695.3	10968.0	-21.1	
51.80	50.1	8.8	0.0	0.0	-22.3	-0.1	220.0	-248.2	295.7	6871.4	10962.4	-22.3	
51.85	52.4	8.9	0.0	0.0	-24.7	-0.1	221.7	-256.7	303.7	7005.7	10981.8	-24.7	
51.90	54.7	9.1	0.0	0.0	-25.2	-0.1	223.3	-268.8	307.6	7069.4	11066.5	-25.2	
51.95	56.9	9.3	0.0	0.0	-25.2	-0.1	230.1	-270.4	316.8	7085.8	11221.8	-25.2	
52.00	59.2	9.3	0.0	0.0	-27.5	-0.1	241.2	-265.2	332.1	7084.6	11443.9	-27.5	
52.05	61.5	9.2	0.0	0.0	-31.0	-0.1	252.1	-266.8	344.6	7141.3	11758.0	-31.0	
52.10	63.7	9.1	0.0	0.0	-37.5	-0.1	261.0	-274.7	351.9	7295.2	12145.9	-37.5	
52.15	66.0	8.9	0.0	0.0	-41.0	-0.1	265.8	-285.2	359.3	7487.3	12443.5	-41.0	
52.20	68.3	8.8	0.0	0.0	-40.6	-0.1	268.2	-291.3	371.2	7699.2	12565.0	-40.6	
52.25	70.5	8.6	0.0	0.0	-40.2	-0.1	269.5	-295.9	384.1	7952.1	12602.5	-40.2	
52.30	72.8	8.7	0.0	0.0	-38.7	-0.1	268.7	-302.8	393.8	8126.9	12669.2	-38.7	
52.35	75.1	8.8	0.0	0.0	-36.7	-0.1	268.7	-310.2	402.6	8156.9	12798.7	-36.7	
52.40	77.3	8.9	0.0	0.0	-38.7	-0.1	273.4	-312.1	413.9	8130.3	12985.0	-38.7	
52.45	79.6	8.9	0.0	0.0	-45.0	-0.1	282.5	-309.3	426.9	8145.5	13193.5	-45.0	
52.50	81.8	8.8	0.0	0.0	-49.5	-0.1	291.7	-310.6	439.1	8222.8	13360.1	-49.5	
52.55	84.1	8.7	0.0	0.0	-52.8	-0.1	298.1	-314.6	450.5	8352.1	13463.8	-52.8	
52.60	86.4	8.8	0.0	0.0	-56.2	-0.1	300.6	-319.6	460.6	8507.5	13525.0	-56.2	
52.65	88.6	8.8	0.0	0.0	-58.1	-0.1	299.8	-323.3	470.1	8640.2	13556.1	-58.1	
52.70	90.9	8.6	0.0	0.0	-54.7	-0.1	294.8	-325.6	479.7	8725.9	13546.1	-54.7	
52.75	93.1	8.6	0.0	0.0	-51.7	-0.1	289.2	-328.1	489.5	8803.6	13513.5	-51.7	
52.80	95.4	8.7	0.0	0.0	-54.1	-0.1	290.0	-321.0	502.0	8815.4	13524.6	-54.1	
52.85	97.6	8.7	0.0	0.0	-55.8	-0.1	293.9	-314.3	515.0	8680.0	13568.4	-55.8	
52.90	99.9	8.6	0.0	0.0	-58.3	-0.1	297.6	-312.5	525.6	8490.0	13643.2	-58.3	
52.95	102.2	8.5	0.0	0.0	-62.1	-0.1	298.5	-309.7	535.6	8373.2	13671.8	-62.1	
53.00	104.4	8.4	0.0	0.0	-58.1	-0.1	292.0	-307.0	545.1	8278.7	13552.9	-58.1	
53.05	106.7	8.2	0.0	0.0	-48.7	-0.1	279.9	-302.7	554.8	8196.1	13323.3	-48.7	
53.10	109.0	8.3	0.0	0.0	-41.5	-0.1	270.8	-301.0	565.8	8170.1	13131.5	-41.5	
53.15	111.2	8.5	0.0	0.0	-40.2	-0.1	267.7	-306.0	575.5	8127.6	13047.1	-40.2	
53.20	113.5	8.6	0.0	0.0	-44.9	-0.1	272.6	-306.7	584.4	8029.7	13081.3	-44.9	
53.25	115.8	8.4	0.0	0.0	-54.4	-0.1	283.5	-292.2	594.8	7826.0	13153.7	-54.4	
53.30	118.0	8.4	0.0	0.0	-57.5	-0.1	289.4	-276.1	604.6	7529.7	13116.7	-57.5	
53.35	120.3	8.6	0.0	0.0	-57.3	-0.1	288.4	-264.9	612.9	7248.1	12971.5	-57.3	
53.40	122.5	8.7	0.0	0.0	-53.6	-0.1	282.4	-254.3	622.1	7013.9	12735.5	-53.6	
53.45	124.8	8.8	0.0	0.0	-45.8	-0.1	271.3	-247.9	631.8	6811.6	12430.9	-45.8	
53.50	127.0	8.7	0.0	0.0	-37.9	-0.1	259.8	-242.6	641.1	6666.2	12147.7	-37.9	
53.55	129.3	8.7	0.0	0.0	-34.5	-0.1	254.3	-235.6	650.1	6575.2	12011.5	-34.5	
53.60	131.6	8.8	0.0	0.0	-34.7	-0.1	254.6	-230.5	658.4	6440.3	11991.3	-34.7	
53.65	133.8	8.8	0.0	0.0	-36.5	-0.1	257.0	-227.1	666.7	6211.9	12013.7	-36.5	
53.70	136.1	8.6	0.0	0.0	-36.0	-0.1	259.0	-217.5	673.9	5885.6	12034.0	-36.0	
53.75	138.3	8.5	0.0	0.0	-31.6	-0.1	257.1	-203.4	679.2	5487.5	11993.7	-31.6	
53.80	140.6	8.5	0.0	0.0	-28.4	-0.1	255.4	-190.6	686.6	5154.7	11934.0	-28.4	
53.85	142.9	8.6	0.0	0.0	-27.2	-0.1	259.2	-181.3	696.8	4944.0	11968.1	-27.2	
53.90	145.1	8.7	0.0	0.0	-27.6	-0.1	264.4	-177.8	706.2	4820.8	12056.4	-27.6	
53.95	147.4	8.8	0.0	0.0	-31.1	-0.1	266.2	-170.4	712.4	4683.6	12100.9	-31.1	
54.00	149.7	8.8	0.0	0.0	-29.3	-0.1	262.7	-159.1	715.9	4512.0	12016.6	-29.3	
54.05	151.9	8.8	0.0	0.0	-31.8	-0.1	256.0	-150.5	720.3	4354.9	11812.0	-31.8	
54.10	154.2	8.9	0.0	0.0	-30.0	-0.1	249.5	-142.1	725.9	4159.0	11548.0	-30.0	
54.15	156.4	8.8	0.0	0.0	-19.8	-0.1	240.3	-128.0	731.5	3836.5	11237.9	-19.8	
54.20	158.7	8.8	0.0	0.0	-11.3	-0.1	229.5	-109.4	733.9	3394.2	10944.4	-11.3	
54.25	161.0	8.8	0.0	0.0	-10.0	-0.1	227.8	-95.1	735.2	3031.3	10832.7	-10.0	
54.30	163.2	8.7	0.0	0.0	-16.0	-0.1	231.7	-91.6	741.0	2836.5	10804.7	-16.0	
54.35	165.5	8.6	0.0	0.0	-20.8	-0.1	238.3	-89.3	747.7	2665.8	10800.4	-20.8	
54.40	167.8	8.6	0.0	0.0	-22.7	-0.1	241.4	-75.8	749.6	2467.2	10777.0	-22.7	
54.45	170.0	8.5	0.0	0.0	-21.3	-0.1	236.8	-62.7	746.7	2240.5	10690.8	-21.3	
54.50	172.3	8.4	0.0	0.0	-15.1	-0.1	229.5	-57.3	744.8	1971.8	10562.1	-15.1	
54.55	174.6	8.4	0.0	0.0	-17.3	-0.1	235.1	-46.1	746.7	1626.0	10592.5	-17.3	
54.60	176.8	8.5	0.0	0.0	-14.2	-0.1	239.4	-26.9	750.2	1228.9	10606.8	-14.2	
54.65	179.1	8.7	0.0	0.0	-17.9	-0.1	243.4	-11.3	749.7	882.5	10638.7	-17.9	
54.70	181.4	8.9	0.0	0.0	-15.2	-0.1	239.5	1.7	749.2	562.5	10506.7	-15.2	
54.75	183.6	8.9	0.0	0.0	-13.0	-0.1	233.0	13.2	752.6	309.9	10270.4	-13.0	
54.80	185.9	8.9	0.0	0.0	-6.0	-0.1	224.4	18.9	752.5	76.1	10018.5	-6.0	
54.85	188.2	8.8	0.0	0.0	-6.6	-0.1	216.0	26.0	748.4	-126.9	9807.7	-6.6	
54.90	190.4	8.8	0.0	0.0	-3.2	-0.1	206.4	42.3	744.1	-391.7	9601.1	-3.2	
54.95	192.7	9.1	0.0	0.0	-4.5	-0.1	202.5	55.7	741.3	-687.3	9501.3	-4.5	
55.00	194.9	9.1	0.0	0.0	0.3	-0.1	201.8	64.3	738.7	-1088.2	9492.5	0.3	
55.05	197.2	9.2	0.0	0.0	-0.7	-0.1	207.7	77.5	736.3	-1491.5	9612.2	-0.7	
55.10	199.5	9.2	0.0	0.0	-4.2	-0.1	211.1	92.0	735.3	-1808.9	9680.7	-4.2	
55.15	201.7	9.2	0.0	0.0	-2.9	-0.1	210.3	105.2	733.0	-2099.9	9700.4	-2.9	
55.20	204.0	9.3	0.0	0.0	-2.0	-0.1	211.2	121.1	728.8	-2291.6	9776.7	-2.0	
55.25	206.2	9.3	0.0	0.0	-0.6	-0.1	213.9	127.7	723.9	-2457.7	9914.8	-0.6	
55.30	208.5	9.6	0.0	0.0	2.0	-0.1	217.7	126.0	718.5	-2621.9	10070.7	2.0	
55.35	210.8	9.7	0.0	0.0	5.5	-0.1	223.7	135.4	713.6	-2764.5	10276.1	5.5	
55.40	213.0	9.7	0.0	0.0	11.6	-0.1	227.2	148.2	706.4	-2973.3	10508.1	11.6	
55.45	215.3	9.8	0.0	0.0	14.9	-0.1	230.4	158.0	698.8	-3222.3	10756.5	14.9	
55.50	217.5	9.7	0.0	0.0	14.1	-0.1	237.1	170.3	695.0	-3458.1	11008.8	14.1	
55.55	219.8	9.5	0.0	0.0	15.3	-0.1	243.8	177.7	691.7	-3714.4	11223.2	15.3	
55.60	222.0	9.5	0.0	0.0	16.3	-0.1	248.3	183.6	684.0	-3960.3	11407.4	16.3	
55.65	224.3	9.6	0.0	0.0	12.6	-0.1	252.8	195.6	675.2	-4079.8	11568.7	12.6	
55.70	226.6	9.6	0.0	0.0	14.1	-0.1	252.5	203.9	667.8	-4185.3	11589.3	14.1	
55.75	228.8	9.6	0.0	0.0	19.6	-0.1	250.1	204.2	660.5	-4311.5	11513.2	19.6	
55.80	231.1	9.6	0.0	0.0	24.7	-0.1	247.9	205.4	651.7	-4369.7	11442.0	24.7	
55.85	233.3	9.5	0.0	0.0	31.3	-0.1	241.3	207.5	641.2	-4472.7	11333.2	31.3	
55.90	235.6	9.4	0.0	0.0	39.7	-0.1	233.5	218.1	630.8	-4654.8	11236.4	39.7	
55.95	237.8	9.4	0.0	0.0	41.6	-0.1	231.4	236.6	621.5	-4850.4	11225.9	41.6	
56.00	240.1	9.4	0.0	0.0	44.1	-0.1	231.0	242.5	612.2	-5011.5	11206.0	44.1	
56.05	242.4	9.5	0.0	0.0	44.1	-0.1	233.8	240.3	602.6	-5085.5	11208.3	44.1	
56.10	244.6	9.6	0.0	0.0	41.9	-0.1	239.7	245.7	593.5	-5144.8	11269.1	41.9	
56.15	246.9	9.7	0.0	0.0	45.7	-0.1	239.8	252.5	583.2	-5249.1	11300.1	45.7	
56.20	249.1	10.0	0.0	0.0	48.8	-0.1	237.4	255.9	571.7	-5269.4	11332.5	48.8	
56.25	251.4	10.0	0.0	0.0	45.2	-0.1	238.5	255.6	561.5	-5221.6	11381.5	45.2	
56.30	253.6	10.0	0.0	0.0	46.4	-0.1	238.8	252.7	552.2	-5267.8	11378.2	46.4	
56.35	255.9	9.9	0.0	0.0	45.6	-0.1	238.9	255.9	541.8	-5417.0	11397.4	45.6	
56.40	258.1	10.0	0.0	0.0	43.9	-0.1	240.1	265.2	528.8	-5557.7	11503.0	43.9	
56.45	260.4	10.2	0.0	0.0	42.6	-0.1	239.9	269.0	515.1	-5663.0	11584.5	42.6	
56.50	262.7	10.3	0.0	0.0	41.8	-0.1	242.9	269.8	504.4	-5766.6	11620.2	41.8	
56.55	264.9	10.1	0.0	0.0	38.9	-0.1	248.2	270.5	497.2	-5841.0	11598.9	38.9	
56.60	267.2	10.0	0.0	0.0	34.3	-0.1	249.3	268.0	487.6	-5865.1	11568.5	34.3	
56.65	269.5	9.8	0.0	0.0	32.8	-0.1	245.0	268.2	474.2	-5860.6	11519.0	32.8	
56.70	271.7	9.7	0.0	0.0	36.6	-0.1	239.5	272.7	461.6	-5891.1	11412.0	36.6	
56.75	274.0	9.8	0.0	0.0	40.5	-0.1	233.8	274.5	451.5	-5953.5	11225.2	40.5	
56.80	276.2	9.9	0.0	0.0	35.9	-0.1	230.2	274.1	440.7	-5994.4	11042.0	35.9	
56.85	278.5	9.9	0.0	0.0	31.0	-0.1	226.5	274.7	429.2	-6039.8	10844.9	31.0	
56.90	280.8	9.9	0.0	0.0	35.5	-0.1	218.4	277.7	418.3	-6163.2	10571.2	35.5	
56.95	283.0	9.8	0.0	0.0	40.6	-0.1	210.1	280.7	408.1	-6256.0	10283.8	40.6	
57.00	285.3	9.8	0.0	0.0	35.3	-0.1	207.6	277.3	398.8	-6178.2	10073.3	35.3	
57.05	287.6	9.9	0.0	0.0	27.1	-0.1	207.4	265.5	390.5	-6008.2	9895.2	27.1	
57.10	289.8	10.0	0.0	0.0	24.3	-0.1	204.5	256.8	381.6	-5879.9	9696.7	24.3	
57.15	292.1	10.2	0.0	0.0	24.8	-0.1	199.1	251.7	369.9	-5779.8	9513.0	24.8	
57.20	294.4	10.3	0.0	0.0	21.3	-0.1	195.0	247.1	356.1	-5614.0	9386.3	21.3	
57.25	296.6	10.3	0.0	0.0	16.2	-0.1	192.7	242.3	344.3	-5424.8	9235.8	16.2	
57.30	298.9	10.1	0.0	0.0	16.0	-0.1	190.8	238.8	336.2	-5309.6	9019.8	16.0	
57.35	301.1	9.9	0.0	0.0	17.2	-0.1	187.7	234.9	328.1	-5218.2	8802.7	17.2	
57.40	303.4	9.7	0.0	0.0	15.5	-0.1	183.6	230.9	317.5	-5060.9	8630.5	15.5	
57.45	305.7	9.8	0.0	0.0	14.8	-0.1	180.2	223.3	309.0	-4818.5	8467.0	14.8	
57.50	307.9	9.7	0.0	0.0	16.6	-0.1	177.5	214.4	303.3	-4543.7	8292.5	16.6	
57.55	310.2	9.6	0.0	0.0	15.2	-0.1	175.3	203.9	295.9	-4269.0	8163.5	15.2	
57.60	312.5	9.6	0.0	0.0	9.4	-0.1	174.2	190.9	284.4	-4020.8	8133.7	9.4	
57.65	314.7	9.5	0.0	0.0	4.0	-0.1	173.2	178.8	272.1	-3802.9	8163.1	4.0	
57.70	317.0	9.4	0.0	0.0	6.4	-0.1	170.9	172.6	264.4	-3639.3	8153.3	6.4	
57.75	319.3	9.3	0.0	0.0	13.2	-0.1	167.3	169.7	258.2	-3548.1	8091.8	13.2	
57.80	321.5	9.3	0.0	0.0	13.8	-0.1	164.9	164.2	250.4	-3486.5	8048.2	13.8	
57.85	323.8	9.3	0.0	0.0	7.6	-0.1	167.8	157.7	243.1	-3386.9	8121.9	7.6	
57.90	326.1	9.3	0.0	0.0	5.5	-0.1	173.2	146.9	238.7	-3242.6	8274.5	5.5	
57.95	328.3	9.4	0.0	0.0	8.8	-0.1	177.4	136.0	233.8	-3046.8	8441.4	8.8	
58.00	330.6	9.4	0.0	0.0	6.8	-0.1	181.3	128.7	225.9	-2759.7	8603.0	6.8	
58.05	332.8	9.4	0.0	0.0	3.1	-0.1	183.8	119.6	218.5	-2483.3	8720.0	3.1	
58.10	335.1	9.4	0.0	0.0	6.1	-0.1	183.5	106.3	214.9	-2278.8	8778.4	6.1	
58.15	337.4	9.3	0.0	0.0	11.1	-0.1	182.9	97.1	212.4	-2097.4	8837.2	11.1	
58.20	339.6	9.2	0.0	0.0	13.9	-0.1	181.0	91.6	207.3	-1929.4	8876.4	13.9	
58.25	341.9	9.2	0.0	0.0	14.4	-0.1	179.4	86.3	200.9	-1790.1	8910.3	14.4	
58.30	344.1	9.2	0.0	0.0	11.6	-0.1	182.5	80.7	200.0	-1611.8	8985.1	11.6	
58.35	346.4	9.3	0.0	0.0	8.4	-0.1	187.9	68.1	202.7	-1368.8	9093.3	8.4	
58.40	348.7	9.2	0.0	0.0	4.1	-0.1	190.6	48.7	202.5	-1030.5	9188.5	4.1	
58.45	350.9	9.3	0.0	0.0	2.5	-0.1	191.4	33.3	198.3	-641.1	9294.5	2.5	
58.50	353.2	9.4	0.0	0.0	7.1	-0.1	189.8	20.3	195.7	-263.8	9360.7	7.1	
58.55	355.4	9.4	0.0	0.0	10.8	-0.1	190.7	3.5	196.3	142.4	9437.8	10.8	
58.60	357.7	9.4	0.0	0.0	5.8	-0.1	197.9	-11.2	196.6	537.5	9630.3	5.8	
58.65	360.0	9.2	0.0	0.0	-0.1	-0.1	203.3	-22.6	193.3	845.4	9829.3	-0.1	
58.70	2.2	9.1	0.0	0.0	1.8	-0.1	205.2	-29.6	191.2	1112.3	9946.4	1.8	
58.75	4.5	9.1	0.0	0.0	4.8	-0.1	207.2	-35.2	195.3	1412.2	9997.3	4.8	
58.80	6.7	9.1	0.0	0.0	4.7	-0.1	207.6	-46.0	201.0	1760.2	10000.2	4.7	
58.85	9.0	9.0	0.0	0.0	2.7	-0.1	206.1	-60.5	201.2	2106.8	10033.1	2.7	
58.90	11.2	9.1	0.0	0.0	2.4	-0.1	203.8	-75.6	200.3	2498.3	10078.6	2.4	
58.95	13.5	9.1	0.0	0.0	4.2	-0.1	204.3	-89.6	204.0	2866.0	10144.4	4.2	
59.00	15.8	8.9	0.0	0.0	1.0	-0.1	207.4	-102.8	208.7	3196.4	10264.7	1.0	
59.05	18.1	8.8	0.0	0.0	-3.9	-0.1	209.6	-116.0	208.6	3486.9	10433.3	-3.9	
59.10	20.3	8.9	0.0	0.0	-4.8	-0.1	211.4	-129.0	206.8	3672.0	10606.2	-4.8	
59.15	22.6	9.0	0.0	0.0	-4.6	-0.1	216.8	-137.1	212.1	3814.3	10745.7	-4.6	
59.20	24.9	9.0	0.0	0.0	-6.0	-0.1	223.8	-144.7	222.4	4000.5	10840.0	-6.0	
59.25	27.1	9.1	0.0	0.0	-8.7	-0.1	227.8	-155.1	228.1	4242.1	10914.0	-8.7	
59.30	29.4	9.2	0.0	0.0	-9.0	-0.1	226.8	-165.7	229.7	4495.2	10935.5	-9.0	
59.35	31.7	9.0	0.0	0.0	-4.8	-0.1	222.6	-170.0	235.1	4685.0	10875.2	-4.8	
59.40	33.9	9.2	0.0	0.0	-0.7	-0.1	217.9	-176.6	243.2	4872.5	10789.2	-0.7	
59.45	36.2	9.2	0.0	0.0	-0.3	-0.1	215.8	-185.7	248.8	5123.4	10788.1	-0.3	
59.50	38.5	9.2	0.0	0.0	-0.8	-0.1	215.6	-197.8	252.7	5387.6	10855.4	-0.8	
59.55	40.7	8.9	0.0	0.0	-3.7	-0.1	219.8	-205.6	261.5	5581.0	10976.0	-3.7	
59.60	43.0	8.8	0.0	0.0	-11.7	-0.1	228.0	-211.5	274.1	5737.5	11156.4	-11.7	
59.65	45.3	8.8	0.0	0.0	-21.0	-0.1	237.3	-222.1	283.1	5910.6	11389.0	-21.0	
59.70	47.6	8.8	0.0	0.0	-26.8	-0.1	246.3	-233.6	290.2	6088.9	11627.4	-26.8	
59.75	49.9	8.8	0.0	0.0	-30.0	-0.1	254.3	-242.0	299.4	6275.0	11820.8	-30.0	
59.80	52.1	8.9	0.0	0.0	-32.5	-0.1	259.0	-249.0	309.7	6468.1	11957.4	-32.5	
59.85	54.4	8.8	0.0	0.0	-32.2	-0.1	260.1	-260.2	315.9	6688.2	12065.7	-32.2	
59.90	56.7	8.8	0.0	0.0	-30.7	-0.1	259.8	-272.8	321.0	6936.8	12136.9	-30.7	
59.95	59.0	8.9	0.0	0.0	-30.4	-0.1	260.6	-280.6	330.6	7179.6	12147.1	-30.4	
60.00	61.2	9.0	0.0	0.0	-32.9	-0.1	262.8	-282.6	343.8	7395.2	12115.3	-32.9	
60.05	63.5	8.8	0.0	0.0	-34.8	-0.1	263.4	-284.8	355.1	7604.2	12058.1	-34.8	
60.10	65.8	8.7	0.0	0.0	-33.7	-0.1	260.6	-289.3	364.7	7793.0	11969.9	-33.7	
60.15	68.0	8.7	0.0	0.0	-29.2	-0.1	255.3	-291.7	374.8	7893.6	11867.5	-29.2	
60.20	70.3	8.7	0.0	0.0	-25.4	-0.1	249.0	-295.5	384.1	7958.9	11801.3	-25.4	
60.25	72.6	8.8	0.0	0.0	-25.3	-0.1	246.6	-298.2	393.0	8080.5	11853.1	-25.3	
60.30	74.9	9.0	0.0	0.0	-31.0	-0.1	250.0	-303.9	402.3	8249.0	12019.2	-31.0	
60.35	77.2	8.9	0.0	0.0	-39.2	-0.1	258.6	-312.4	414.3	8405.7	12248.3	-39.2	
60.40	79.4	8.9	0.0	0.0	-52.6	-0.1	270.3	-320.6	428.1	8589.7	12502.0	-52.6	
60.45	81.7	8.8	0.0	0.0	-62.9	-0.1	277.0	-328.4	438.7	8717.1	12699.0	-62.9	
60.50	84.0	8.9	0.0	0.0	-65.3	-0.1	278.1	-328.6	446.4	8721.5	12824.7	-65.3	
60.55	86.3	8.9	0.0	0.0	-65.2	-0.1	280.3	-318.1	456.2	8614.2	12942.4	-65.2	
60.60	88.5	8.8	0.0	0.0	-62.3	-0.1	282.5	-312.4	467.9	8457.0	13021.8	-62.3	
60.65	90.8	9.0	0.0	0.0	-60.9	-0.1	284.1	-315.6	478.9	8349.0	13083.5	-60.9	
60.70	93.1	9.0	0.0	0.0	-58.8	-0.1	282.2	-318.6	489.1	8324.3	13087.0	-58.8	
60.75	95.3	9.0	0.0	0.0	-56.1	-0.1	279.0	-314.8	500.2	8315.4	13047.6	-56.1	
60.80	97.6	8.8	0.0	0.0	-52.2	-0.1	276.5	-308.6	512.3	8308.6	13000.9	-52.2	
60.85	99.9	8.7	0.0	0.0	-54.3	-0.1	278.4	-309.1	523.3	8315.0	13030.4	-54.3	
60.90	102.1	8.6	0.0	0.0	-59.4	-0.1	282.5	-311.2	533.7	8233.4	13063.0	-59.4	
60.95	104.4	8.5	0.0	0.0	-61.4	-0.1	284.7	-305.4	543.7	8011.6	13009.0	-61.4	
61.00	106.7	8.4	0.0	0.0	-57.5	-0.1	282.1	-294.0	554.2	7736.0	12830.8	-57.5	
61.05	108.9	8.3	0.0	0.0	-51.3	-0.1	277.2	-284.6	565.5	7507.3	12603.7	-51.3	
61.10	111.2	8.3	0.0	0.0	-45.2	-0.1	272.1	-281.4	576.6	7311.7	12373.2	-45.2	
61.15	113.5	8.3	0.0	0.0	-43.3	-0.1	269.1	-280.9	586.7	7184.5	12187.0	-43.3	
61.20	115.7	8.2	0.0	0.0	-46.1	-0.1	268.5	-277.9	596.7	7138.7	12037.6	-46.1	
61.25	118.0	8.2	0.0	0.0	-44.7	-0.1	262.3	-277.1	606.8	7168.5	11779.7	-44.7	
61.30	120.3	8.2	0.0	0.0	-38.3	-0.1	249.5	-276.0	615.9	7227.0	11396.4	-38.3	
61.35	122.5	8.3	0.0	0.0	-33.8	-0.1	236.3	-267.2	623.8	7201.8	11015.3	-33.8	
61.40	124.8	8.2	0.0	0.0	-29.0	-0.1	227.0	-255.1	630.1	6958.3	10750.9	-29.0	
61.45	127.1	8.2	0.0	0.0	-27.0	-0.1	225.3	-243.3	638.7	6609.7	10637.9	-27.0	
61.50	129.3	8.2	0.0	0.0	-33.8	-0.1	232.9	-235.7	650.4	6370.8	10687.8	-33.8	
61.55	131.6	8.3	0.0	0.0	-40.6	-0.1	241.8	-228.5	661.3	6201.9	10780.0	-40.6	
61.60	133.9	8.3	0.0	0.0	-43.8	-0.1	247.0	-215.9	671.2	5992.8	10837.0	-43.8	
61.65	136.1	8.4	0.0	0.0	-40.1	-0.1	245.7	-209.1	679.7	5867.6	10850.4	-40.1	
61.70	138.4	8.4	0.0	0.0	-34.9	-0.1	240.7	-215.5	685.0	5798.4	10874.5	-34.9	
61.75	140.7	8.7	0.0	0.0	-31.9	-0.1	236.6	-216.9	690.8	5698.7	10899.1	-31.9	
61.80	143.0	8.7	0.0	0.0	-26.8	-0.1	234.1	-201.2	698.1	5431.1	10922.6	-26.8	
61.85	145.2	8.6	0.0	0.0	-26.5	-0.1	238.2	-182.4	702.8	5047.1	11117.4	-26.5	
61.90	147.5	8.4	0.0	0.0	-35.2	-0.1	253.0	-167.9	707.5	4633.4	11563.0	-35.2	
61.95	149.8	8.4	0.0	0.0	-40.1	-0.1	271.9	-156.7	715.2	4203.1	12055.8	-40.1	
62.00	152.0	8.4	0.0	0.0	-42.5	-0.1	286.6	-145.1	723.8	3859.1	12411.7	-42.5	
62.05	154.3	8.2	0.0	0.0	-39.8	-0.1	290.8	-131.2	729.1	3622.1	12545.8	-39.8	
62.10	156.5	8.4	0.0	0.0	-31.2	-0.1	285.2	-120.1	733.9	3509.9	12460.0	-31.2	
62.15	158.8	8.7	0.0	0.0	-24.2	-0.1	282.7	-113.8	737.9	3346.5	12415.9	-24.2	
62.20	161.1	9.0	0.0	0.0	-18.7	-0.1	280.9	-108.4	741.9	3109.4	12363.2	-18.7	
62.25	163.4	9.0	0.0	0.0	-19.5	-0.1	280.9	-97.3	742.9	2795.9	12353.1	-19.5	
62.30	165.6	9.0	0.0	0.0	-17.2	-0.1	278.4	-80.6	744.0	2410.1	12308.0	-17.2	
62.35	167.9	9.0	0.0	0.0	-15.5	-0.1	275.6	-62.0	749.8	2010.3	12206.2	-15.5	
62.40	170.2	9.0	0.0	0.0	-11.7	-0.1	274.9	-46.3	756.3	1625.0	12134.6	-11.7	
62.45	172.5	9.0	0.0	0.0	-11.3	-0.1	273.1	-39.6	760.6	1354.6	12045.6	-11.3	
62.50	174.7	8.8	0.0	0.0	-8.9	-0.1	270.9	-36.3	760.9	1188.9	11979.5	-8.9	
62.55	177.0	8.9	0.0	0.0	-10.3	-0.1	271.0	-28.4	761.6	1096.5	11949.8	-10.3	
62.60	179.3	9.1	0.0	0.0	-8.9	-0.1	270.9	-20.6	763.0	1078.6	11884.9	-8.9	
62.65	181.6	9.1	0.0	0.0	-9.5	-0.1	269.3	-14.5	760.9	956.8	11824.3	-9.5	
62.70	183.8	9.3	0.0	0.0	-3.9	-0.1	265.6	-2.9	756.0	679.2	11753.5	-3.9	
62.75	186.1	9.3	0.0	0.0	4.1	-0.1	259.3	16.3	754.0	260.5	11609.0	4.1	
62.80	188.4	9.2	0.0	0.0	8.2	-0.1	255.8	37.0	754.1	-149.3	11493.6	8.2	
62.85	190.6	9.2	0.0	0.0	7.8	-0.1	256.1	53.8	753.9	-417.4	11444.2	7.8	
62.90	192.9	9.1	0.0	0.0	6.7	-0.1	260.1	61.3	751.8	-599.7	11483.9	6.7	
62.95	195.2	8.9	0.0	0.0	9.6	-0.1	261.2	62.4	751.1	-745.8	11465.1	9.6	
63.00	197.5	8.9	0.0	0.0	9.8	-0.1	259.3	66.3	749.0	-860.5	11441.0	9.8	
63.05	199.8	8.8	0.0	0.0	7.7	-0.1	253.6	72.2	741.9	-939.8	11410.2	7.7	
63.10	202.0	8.9	0.0	0.0	9.9	-0.1	246.7	81.7	732.6	-1119.2	11379.9	9.9	
63.15	204.3	8.9	0.0	0.0	14.9	-0.1	245.9	95.7	727.7	-1435.7	11423.1	14.9	
63.20	206.6	8.9	0.0	0.0	19.9	-0.1	248.6	111.3	724.3	-1927.0	11528.9	19.9	
63.25	208.9	8.8	0.0	0.0	19.9	-0.1	252.9	128.4	718.2	-2425.3	11705.1	19.9	
63.30	211.1	8.8	0.0	0.0	17.8	-0.1	256.8	145.7	711.6	-2797.1	11859.3	17.8	
63.35	213.4	8.7	0.0	0.0	18.3	-0.1	259.4	159.2	707.3	-3051.3	11909.3	18.3	
63.40	215.7	8.5	0.0	0.0	16.4	-0.1	261.2	166.5	705.2	-3172.8	11867.1	16.4	
63.45	217.9	8.4	0.0	0.0	18.4	-0.1	256.6	168.6	699.9	-3301.2	11696.9	18.4	
63.50	220.2	8.6	0.0	0.0	25.6	-0.1	245.7	171.0	689.8	-3504.7	11463.5	25.6	
63.55	222.5	8.7	0.0	0.0	27.6	-0.1	237.5	181.4	678.0	-3744.4	11317.1	27.6	
63.60	224.8	8.7	0.0	0.0	27.9	-0.1	233.1	197.2	669.7	-4103.0	11194.2	27.9	
63.65	227.0	8.7	0.0	0.0	33.8	-0.1	229.5	212.1	664.9	-4534.5	11014.8	33.8	
63.70	229.3	8.7	0.0	0.0	32.1	-0.1	228.5	224.3	658.4	-4892.4	10908.8	32.1	
63.75	231.6	8.8	0.0	0.0	27.5	-0.1	223.9	229.6	648.7	-5168.9	10807.0	27.5	
63.80	233.9	8.8	0.0	0.0	27.0	-0.1	215.8	236.7	639.8	-5381.6	10628.8	27.0	
63.85	236.1	8.7	0.0	0.0	27.6	-0.1	211.8	248.9	633.8	-5451.2	10440.7	27.6	
63.90	238.4	8.6	0.0	0.0	28.9	-0.1	209.6	249.2	626.3	-5429.9	10279.5	28.9	
63.95	240.7	8.4	0.0	0.0	26.6	-0.1	209.3	240.9	615.3	-5366.7	10195.7	26.6	
64.00	243.0	8.3	0.0	0.0	22.1	-0.1	209.7	244.4	604.0	-5394.0	10166.7	22.1	
64.05	245.3	8.3	0.0	0.0	29.3	-0.1	204.4	256.0	594.6	-5598.4	10038.6	29.3	
64.10	247.5	8.3	0.0	0.0	39.1	-0.1	197.7	267.6	585.6	-5801.0	9911.6	39.1	
64.15	249.8	8.3	0.0	0.0	42.5	-0.1	196.5	273.0	575.4	-5845.2	9933.8	42.5	
64.20	252.1	8.3	0.0	0.0	42.9	-0.1	199.8	272.3	566.3	-5899.4	10070.8	42.9	
64.25	254.4	8.3	0.0	0.0	39.8	-0.1	209.3	274.2	558.2	-5941.0	10323.8	39.8	
64.30	256.7	8.3	0.0	0.0	30.5	-0.1	220.6	275.6	548.9	-5850.6	10630.8	30.5	
64.35	258.9	8.3	0.0	0.0	24.7	-0.1	228.9	267.3	536.8	-5656.9	10896.1	24.7	
64.40	261.2	8.2	0.0	0.0	22.8	-0.1	235.9	259.1	525.5	-5494.3	11091.6	22.8	
64.45	263.5	8.0	0.0	0.0	20.6	-0.1	242.5	259.5	515.2	-5486.0	11267.7	20.6	
64.50	265.8	8.0	0.0	0.0	20.8	-0.1	242.2	264.8	502.2	-5637.6	11378.2	20.8	
64.55	268.1	8.3	0.0	0.0	25.2	-0.1	236.3	270.6	487.2	-5836.6	11391.5	25.2	
64.60	270.3	8.4	0.0	0.0	32.8	-0.1	228.6	274.6	474.8	-5975.1	11264.1	32.8	
64.65	272.6	8.7	0.0	0.0	38.4	-0.1	221.6	278.7	465.6	-6037.5	11000.5	38.4	
64.70	274.9	9.0	0.0	0.0	40.5	-0.1	216.9	280.8	456.3	-6057.9	10719.2	40.5	
64.75	277.2	8.9	0.0	0.0	38.0	-0.1	213.8	277.2	444.3	-6028.2	10520.7	38.0	
64.80	279.5	9.0	0.0	0.0	33.0	-0.1	212.6	271.7	431.8	-5959.0	10404.7	33.0	
64.85	281.7	9.1	0.0	0.0	32.0	-0.1	211.4	267.7	421.0	-5929.4	10284.5	32.0	
64.90	284.0	8.9	0.0	0.0	32.4	-0.1	209.5	269.4	410.6	-5964.5	10168.9	32.4	
64.95	286.3	8.7	0.0	0.0	31.7	-0.1	207.3	272.9	399.8	-6055.4	10069.0	31.7	
65.00	288.6	8.5	0.0	0.0	29.6	-0.1	205.1	271.4	389.9	-6144.7	9961.3	29.6	
65.05	290.9	8.5	0.0	0.0	25.8	-0.1	204.3	271.7	381.1	-6199.0	9852.8	25.8	
65.10	293.2	8.4	0.0	0.0	25.0	-0.1	201.3	268.4	372.5	-6171.4	9687.3	25.0	
65.15	295.5	8.3	0.0	0.0	25.1	-0.1	196.4	260.3	363.1	-6016.0	9487.5	25.1	
65.20	297.8	8.2	0.0	0.0	21.3	-0.1	192.1	254.0	352.5	-5758.6	9312.7	21.3	
65.25	300.1	8.2	0.0	0.0	19.7	-0.1	187.3	242.7	343.4	-5514.4	9124.7	19.7	
65.30	302.4	8.2	0.0	0.0	19.5	-0.1	183.2	229.9	335.5	-5292.6	8943.7	19.5	
65.35	304.6	8.2	0.0	0.0	17.7	-0.1	180.9	223.9	327.7	-5064.1	8799.0	17.7	
65.40	306.9	8.1	0.0	0.0	18.5	-0.1	176.0	220.0	318.6	-4915.0	8620.7	18.5	
65.45	309.2	7.9	0.0	0.0	20.8	-0.1	172.0	218.6	308.9	-4812.4	8482.2	20.8	
65.50	311.5	7.7	0.0	0.0	20.5	-0.1	171.9	216.7	300.9	-4674.6	8444.0	20.5	
65.55	313.8	7.7	0.0	0.0	21.7	-0.1	171.1	204.7	293.8	-4434.6	8425.9	21.7	
65.60	316.1	7.8	0.0	0.0	20.1	-0.1	169.8	192.0	285.4	-4103.1	8414.9	20.1	
65.65	318.4	7.8	0.0	0.0	20.4	-0.1	167.1	182.3	276.9	-3794.3	8384.7	20.4	
65.70	320.7	8.1	0.0	0.0	23.8	-0.1	164.2	171.5	269.8	-3540.6	8374.0	23.8	
65.75	323.0	8.3	0.0	0.0	22.3	-0.1	166.3	157.9	263.5	-3277.2	8491.6	22.3	
65.80	325.2	8.5	0.0	0.0	15.3	-0.1	173.4	143.8	256.8	-3015.8	8712.6	15.3	
65.85	327.5	8.5	0.0	0.0	10.6	-0.1	178.7	136.0	248.8	-2838.5	8899.6	10.6	
65.90	329.8	8.5	0.0	0.0	12.2	-0.1	179.0	132.3	239.7	-2734.9	8982.6	12.2	
65.95	332.1	8.5	0.0	0.0	14.7	-0.1	177.8	127.0	232.7	-2580.2	9017.7	14.7	
66.00	334.4	8.4	0.0	0.0	15.6	-0.1	178.5	116.6	228.5	-2330.1	9070.0	15.6	
66.05	336.7	8.4	0.0	0.0	17.5	-0.1	180.9	103.9	225.0	-2084.1	9161.7	17.5	
66.10	339.0	8.4	0.0	0.0	17.0	-0.1	184.6	93.3	221.2	-1800.1	9271.6	17.0	
66.15	341.2	8.4	0.0	0.0	12.8	-0.1	189.1	84.3	217.9	-1489.0	9380.2	12.8	
66.20	343.5	8.3	0.0	0.0	11.0	-0.1	190.8	71.0	216.2	-1195.6	9432.3	11.0	
66.25	345.8	8.1	0.0	0.0	15.9	-0.1	188.1	59.2	215.2	-927.1	9415.4	15.9	
66.30	348.1	8.1	0.0	0.0	25.4	-0.1	182.1	50.5	212.1	-697.1	9380.1	25.4	
66.35	350.4	7.9	0.0	0.0	33.3	-0.1	177.0	40.5	206.6	-519.7	9412.5	33.3	
66.40	352.7	7.7	0.0	0.0	29.3	-0.1	180.4	30.8	203.8	-274.4	9599.3	29.3	
66.45	355.0	7.6	0.0	0.0	21.4	-0.1	190.3	18.5	205.9	65.4	9886.7	21.4	
66.50	357.3	7.6	0.0	0.0	17.4	-0.1	199.7	1.7	207.0	409.4	10181.4	17.4	
66.55	359.5	7.7	0.0	0.0	11.8	-0.1	206.3	-12.0	205.9	803.4	10426.0	11.8	
66.60	1.8	7.8	0.0	0.0	9.0	-0.1	208.9	-23.0	205.8	1181.9	10566.8	9.0	
66.65	4.1	7.7	0.0	0.0	10.8	-0.1	208.7	-36.8	208.0	1466.5	10618.4	10.8	
66.70	6.4	7.6	0.0	0.0	9.2	-0.1	209.4	-50.5	211.2	1810.5	10667.2	9.2	
66.75	8.7	7.6	0.0	0.0	5.6	-0.1	211.1	-62.3	210.5	2148.0	10776.9	5.6	
66.80	10.9	7.7	0.0	0.0	5.6	-0.1	209.8	-72.9	208.7	2417.2	10864.0	5.6	
66.85	13.2	7.9	0.0	0.0	5.5	-0.1	210.1	-80.0	211.8	2737.4	10930.1	5.5	
66.90	15.5	8.0	0.0	0.0	6.3	-0.1	210.2	-93.8	216.7	3080.0	10968.8	6.3	
66.95	17.8	8.1	0.0	0.0	3.7	-0.1	212.4	-112.6	219.3	3436.8	11056.4	3.7	
67.00	20.1	8.1	0.0	0.0	-6.9	-0.1	220.0	-125.1	223.9	3831.8	11225.9	-6.9	
67.05	22.4	8.1	0.0	0.0	-13.0	-0.1	226.0	-134.7	230.6	4129.2	11357.8	-13.0	
67.10	24.6	8.2	0.0	0.0	-9.7	-0.1	226.0	-146.4	234.5	4330.3	11415.8	-9.7	
67.15	26.9	8.3	0.0	0.0	-9.5	-0.1	227.0	-153.6	236.2	4570.6	11514.2	-9.5	
67.20	29.2	8.3	0.0	0.0	-12.7	-0.1	228.5	-166.8	239.0	4825.3	11601.6	-12.7	
67.25	31.5	8.1	0.0	0.0	-14.1	-0.1	229.7	-181.4	244.3	5037.2	11623.5	-14.1	
67.30	33.8	8.0	0.0	0.0	-17.8	-0.1	230.9	-185.8	252.1	5260.1	11585.8	-17.8	
67.35	36.1	8.0	0.0	0.0	-16.0	-0.1	226.0	-190.8	258.4	5427.4	11441.6	-16.0	
67.40	38.4	7.9	0.0	0.0	-12.6	-0.1	218.9	-200.1	264.1	5609.9	11256.0	-12.6	
67.45	40.7	7.8	0.0	0.0	-14.9	-0.1	217.0	-207.8	272.9	5877.2	11130.9	-14.9	
67.50	43.0	7.7	0.0	0.0	-16.3	-0.1	217.7	-218.8	282.2	6073.8	11070.4	-16.3	
67.55	45.3	7.7	0.0	0.0	-17.4	-0.1	218.5	-229.5	288.4	6196.0	11096.1	-17.4	
67.60	47.5	7.6	0.0	0.0	-24.7	-0.1	222.0	-229.3	294.6	6316.4	11227.1	-24.7	
67.65	49.8	7.6	0.0	0.0	-26.0	-0.1	223.3	-235.1	302.0	6403.9	11293.8	-26.0	
67.70	52.1	7.7	0.0	0.0	-24.9	-0.1	224.2	-247.6	311.8	6527.7	11260.4	-24.9	
67.75	54.4	7.8	0.0	0.0	-27.6	-0.1	227.5	-253.9	323.8	6706.4	11225.1	-27.6	
67.80	56.7	7.9	0.0	0.0	-28.9	-0.1	227.0	-260.8	333.9	6842.4	11182.1	-28.9	
67.85	59.0	8.0	0.0	0.0	-30.7	-0.1	225.1	-265.2	341.7	6956.2	11182.3	-30.7	
67.90	61.3	8.1	0.0	0.0	-34.6	-0.1	226.4	-265.6	351.7	7086.1	11227.0	-34.6	
67.95	63.6	8.2	0.0	0.0	-33.3	-0.1	227.4	-276.3	362.3	7218.1	11221.1	-33.3	
68.00	65.9	8.2	0.0	0.0	-34.1	-0.1	229.8	-286.5	373.0	7394.7	11218.5	-34.1	
68.05	68.2	8.2	0.0	0.0	-37.5	-0.1	232.2	-285.6	385.2	7553.6	11233.7	-37.5	
68.10	70.5	8.4	0.0	0.0	-34.4	-0.1	228.4	-288.1	395.6	7626.0	11186.2	-34.4	
68.15	72.8	8.7	0.0	0.0	-33.3	-0.1	226.7	-291.7	405.7	7732.2	11171.9	-33.3	
68.20	75.0	8.6	0.0	0.0	-39.1	-0.1	231.8	-296.9	417.2	7902.0	11254.9	-39.1	
68.25	77.3	8.6	0.0	0.0	-45.3	-0.1	239.3	-304.4	429.6	8029.8	11377.9	-45.3	
68.30	79.6	8.6	0.0	0.0	-53.0	-0.1	247.4	-306.1	441.7	8110.9	11547.4	-53.0	
68.35	81.9	8.4	0.0	0.0	-57.2	-0.1	250.8	-306.0	451.3	8148.0	11700.5	-57.2	
68.40	84.2	8.3	0.0	0.0	-56.4	-0.1	249.5	-309.1	459.4	8163.4	11789.5	-56.4	
68.45	86.5	8.3	0.0	0.0	-57.6	-0.1	249.4	-311.9	469.9	8202.4	11827.8	-57.6	
68.50	88.8	8.1	0.0	0.0	-59.9	-0.1	251.9	-310.7	482.6	8222.2	11842.0	-59.9	
68.55	91.1	8.2	0.0	0.0	-58.1	-0.1	253.5	-308.9	493.4	8190.4	11874.9	-58.1	
68.60	93.4	8.2	0.0	0.0	-57.0	-0.1	253.8	-310.7	502.0	8192.7	11945.4	-57.0	
68.65	95.7	8.1	0.0	0.0	-58.7	-0.1	253.4	-311.4	511.0	8186.9	11994.4	-58.7	
68.70	98.0	8.1	0.0	0.0	-56.8	-0.1	251.6	-308.0	521.9	8105.7	11933.3	-56.8	
68.75	100.3	8.2	0.0	0.0	-50.7	-0.1	247.3	-302.8	534.1	7998.6	11760.4	-50.7	
68.80	102.5	8.3	0.0	0.0	-47.4	-0.1	241.8	-299.4	545.8	7970.0	11580.5	-47.4	
68.85	104.8	8.2	0.0	0.0	-50.0	-0.1	236.5	-298.3	554.5	7926.9	11474.9	-50.0	
68.90	107.1	8.3	0.0	0.0	-47.3	-0.1	233.0	-295.2	563.2	7794.8	11391.5	-47.3	
68.95	109.4	8.4	0.0	0.0	-45.2	-0.1	233.3	-286.3	574.9	7675.9	11345.2	-45.2	
69.00	111.7	8.2	0.0	0.0	-46.6	-0.1	235.3	-284.4	585.4	7639.1	11361.0	-46.6	
69.05	114.0	8.1	0.0	0.0	-50.3	-0.1	239.7	-284.5	594.1	7587.8	11451.5	-50.3	
69.10	116.3	8.1	0.0	0.0	-55.0	-0.1	246.5	-276.3	605.4	7457.4	11571.1	-55.0	
69.15	118.5	8.2	0.0	0.0	-54.9	-0.1	252.1	-270.0	616.9	7270.6	11688.8	-54.9	
69.20	120.8	8.1	0.0	0.0	-54.8	-0.1	256.3	-268.1	626.0	7132.3	11821.6	-54.8	
69.25	123.1	8.1	0.0	0.0	-56.1	-0.1	259.3	-262.4	634.2	7028.9	11944.0	-56.1	
69.30	125.4	8.2	0.0	0.0	-51.4	-0.1	260.3	-253.5	642.3	6848.4	12008.0	-51.4	
69.35	127.7	8.3	0.0	0.0	-48.2	-0.1	261.7	-243.9	650.8	6648.0	12042.8	-48.2	
69.40	129.9	8.4	0.0	0.0	-48.5	-0.1	261.7	-237.1	659.4	6493.3	12030.7	-48.5	
69.45	132.2	8.4	0.0	0.0	-45.7	-0.1	256.9	-234.2	666.4	6317.1	11920.7	-45.7	
69.50	134.5	8.5	0.0	0.0	-39.8	-0.1	248.6	-226.0	673.9	6052.6	11682.7	-39.8	
69.55	136.8	8.7	0.0	0.0	-35.3	-0.1	240.8	-209.1	683.7	5766.3	11397.2	-35.3	
69.60	139.1	8.8	0.0	0.0	-32.5	-0.1	233.2	-198.0	691.5	5498.6	11163.1	-32.5	
69.65	141.3	8.6	0.0	0.0	-31.6	-0.1	230.0	-190.5	696.0	5201.8	11092.9	-31.6	
69.70	143.6	8.5	0.0	0.0	-31.7	-0.1	232.2	-179.2	701.8	4896.4	11120.0	-31.7	
69.75	145.9	8.4	0.0	0.0	-29.9	-0.1	233.0	-170.6	709.4	4628.7	11090.0	-29.9	
69.80	148.2	8.5	0.0	0.0	-29.0	-0.1	232.7	-164.4	715.9	4461.7	11045.7	-29.0	
69.85	150.5	8.4	0.0	0.0	-32.7	-0.1	235.3	-154.9	721.4	4365.4	11105.5	-32.7	
69.90	152.7	8.1	0.0	0.0	-30.7	-0.1	238.9	-147.5	725.8	4173.2	11222.5	-30.7	
69.95	155.0	8.1	0.0	0.0	-25.9	-0.1	242.4	-137.8	731.9	3903.4	11326.9	-25.9	
70.00	157.3	8.2	0.0	0.0	-33.7	-0.1	251.5	-125.2	737.3	3677.1	11516.4	-33.7	
70.05	159.6	8.2	0.0	0.0	-34.6	-0.1	254.8	-112.7	739.0	3338.8	11644.7	-34.6	
70.10	161.8	8.4	0.0	0.0	-32.7	-0.1	257.5	-95.4	742.7	3004.9	11720.1	-32.7	
70.15	164.1	8.5	0.0	0.0	-29.2	-0.1	258.5	-82.9	748.0	2738.5	11707.0	-29.2	
70.20	166.4	8.5	0.0	0.0	-25.4	-0.1	255.2	-79.5	751.4	2511.0	11617.9	-25.4	
70.25	168.7	8.6	0.0	0.0	-29.6	-0.1	257.1	-73.7	753.1	2387.2	11604.4	-29.6	
70.30	170.9	8.6	0.0	0.0	-27.0	-0.1	256.7	-66.3	755.2	2227.7	11536.3	-27.0	
70.35	173.2	8.6	0.0	0.0	-17.7	-0.1	250.6	-55.3	756.5	1924.7	11373.3	-17.7	
70.40	175.5	8.6	0.0	0.0	-15.1	-0.1	247.3	-39.1	756.8	1680.6	11249.1	-15.1	
70.45	177.7	8.7	0.0	0.0	-10.5	-0.1	241.2	-27.6	754.5	1361.6	11099.1	-10.5	
70.50	180.0	8.7	0.0	0.0	-1.8	-0.1	229.0	-15.0	754.5	927.9	10841.4	-1.8	
70.55	182.3	8.7	0.0	0.0	4.8	-0.1	223.8	5.6	756.1	569.8	10709.8	4.8	
70.60	184.5	8.5	0.0	0.0	6.5	-0.1	224.7	18.1	754.7	289.8	10750.3	6.5	
70.65	186.8	8.5	0.0	0.0	-1.8	-0.1	233.5	23.8	752.8	143.4	10960.3	-1.8	
70.70	189.1	8.6	0.0	0.0	-9.2	-0.1	247.3	34.3	752.4	9.3	11246.9	-9.2	
70.75	191.3	8.7	0.0	0.0	-8.2	-0.1	252.6	42.5	751.1	-232.9	11362.7	-8.2	
70.80	193.6	8.8	0.0	0.0	-8.7	-0.1	251.4	49.3	745.6	-475.3	11349.4	-8.7	
70.85	195.9	9.0	0.0	0.0	-6.9	-0.1	246.9	60.9	740.4	-723.6	11234.0	-6.9	
70.90	198.1	9.0	0.0	0.0	6.6	-0.1	235.6	73.9	738.5	-1074.3	10954.9	6.6	
70.95	200.4	9.1	0.0	0.0	15.1	-0.1	227.8	89.5	736.1	-1454.7	10757.4	15.1	
71.00	202.7	9.1	0.0	0.0	8.0	-0.1	228.7	103.8	730.4	-1755.1	10781.7	8.0	
71.05	204.9	8.9	0.0	0.0	0.9	-0.1	231.4	110.4	724.4	-2009.3	10836.5	0.9	
71.10	207.2	8.9	0.0	0.0	0.1	-0.1	232.6	117.8	722.3	-2188.1	10777.0	0.1	
71.15	209.4	9.0	0.0	0.0	6.0	-0.1	228.4	127.5	718.8	-2334.1	10605.4	6.0	
71.20	211.7	9.1	0.0	0.0	10.5	-0.1	219.8	132.5	710.6	-2461.5	10392.7	10.5	
71.25	214.0	9.0	0.0	0.0	6.0	-0.1	214.5	141.5	701.6	-2651.8	10273.0	6.0	
71.30	216.2	8.9	0.0	0.0	4.4	-0.1	213.8	155.7	695.4	-3010.8	10218.8	4.4	
71.35	218.5	8.9	0.0	0.0	6.9	-0.1	214.4	172.2	689.6	-3441.0	10167.3	6.9	
71.40	220.7	9.0	0.0	0.0	4.4	-0.1	214.9	185.5	681.7	-3727.9	10133.7	4.4	
71.45	223.0	9.0	0.0	0.0	0.2	-0.1	214.8	193.9	672.3	-3927.7	10095.0	0.2	
71.50	225.2	8.8	0.0	0.0	1.6	-0.1	211.8	198.3	664.7	-4173.0	9965.3	1.6	
71.55	227.5	8.7	0.0	0.0	3.1	-0.1	209.5	206.9	658.5	-4375.7	9813.3	3.1	
71.60	229.7	8.7	0.0	0.0	1.7	-0.1	206.0	211.4	649.2	-4484.2	9672.1	1.7	
71.65	232.0	8.7	0.0	0.0	3.8	-0.1	198.0	212.1	637.0	-4608.7	9481.0	3.8	
71.70	234.2	8.6	0.0	0.0	6.6	-0.1	191.6	221.7	626.9	-4811.9	9292.8	6.6	
71.75	236.5	8.6	0.0	0.0	9.3	-0.1	188.2	234.0	618.2	-5116.1	9142.9	9.3	
71.80	238.7	8.7	0.0	0.0	12.2	-0.1	185.0	241.0	608.7	-5402.4	9028.2	12.2	
71.85	241.0	8.6	0.0	0.0	6.2	-0.1	186.3	251.0	598.5	-5577.7	9027.9	6.2	
71.90	243.2	8.6	0.0	0.0	6.7	-0.1	186.3	260.9	590.2	-5735.7	8987.5	6.7	
71.95	245.5	8.5	0.0	0.0	8.2	-0.1	185.1	264.6	582.0	-5864.1	8925.3	8.2	
72.00	247.7	8.6	0.0	0.0	3.2	-0.1	186.9	266.4	572.0	-5879.8	8943.9	3.2	
72.05	250.0	8.6	0.0	0.0	-1.3	-0.1	188.4	266.2	561.6	-5874.6	8960.7	-1.3	
72.10	252.2	8.6	0.0	0.0	2.4	-0.1	185.8	265.3	552.8	-5917.6	8883.9	2.4	
72.15	254.5	8.5	0.0	0.0	4.2	-0.1	183.2	268.2	542.8	-5972.7	8837.7	4.2	
72.20	256.7	8.3	0.0	0.0	3.1	-0.1	181.2	272.0	530.2	-6082.0	8849.8	3.1	
72.25	259.0	8.2	0.0	0.0	-1.2	-0.1	181.3	273.8	517.0	-6205.3	8890.2	-1.2	
72.30	261.2	8.1	0.0	0.0	-7.0	-0.1	184.3	279.0	506.6	-6299.7	8878.3	-7.0	
72.35	263.4	8.2	0.0	0.0	-9.8	-0.1	186.6	282.5	498.6	-6343.7	8748.8	-9.8	
72.40	265.7	8.2	0.0	0.0	-7.0	-0.1	181.9	279.8	488.4	-6304.0	8517.6	-7.0	
72.45	267.9	8.0	0.0	0.0	-0.7	-0.1	171.9	278.2	474.7	-6229.2	8294.3	-0.7	
72.50	270.2	7.8	0.0	0.0	6.9	-0.1	163.4	277.1	460.9	-6172.6	8146.5	6.9	
72.55	272.4	7.6	0.0	0.0	13.2	-0.1	158.3	276.7	448.4	-6136.1	8069.0	13.2	
72.60	274.6	7.7	0.0	0.0	13.6	-0.1	158.6	277.3	435.9	-6088.7	8105.1	13.6	
72.65	276.9	7.7	0.0	0.0	10.3	-0.1	163.9	275.9	423.7	-6053.8	8238.4	10.3	
72.70	279.1	7.7	0.0	0.0	8.1	-0.1	170.9	276.1	412.8	-6037.3	8389.7	8.1	
72.75	281.3	7.5	0.0	0.0	9.2	-0.1	176.0	276.7	402.5	-6037.4	8496.8	9.2	
72.80	283.5	7.7	0.0	0.0	11.0	-0.1	177.4	272.5	391.8	-6006.7	8552.9	11.0	
72.85	285.8	7.9	0.0	0.0	9.6	-0.1	181.2	266.3	381.3	-5915.1	8677.3	9.6	
72.90	288.0	8.0	0.0	0.0	3.7	-0.1	189.5	260.5	372.0	-5764.0	8903.2	3.7	
72.95	290.3	8.0	0.0	0.0	-1.5	-0.1	198.2	251.9	362.7	-5622.2	9156.9	-1.5	
73.00	292.5	8.0	0.0	0.0	-4.9	-0.1	205.5	243.6	352.2	-5481.6	9415.3	-4.9	
73.05	294.7	7.8	0.0	0.0	-7.3	-0.1	208.8	239.2	338.9	-5347.3	9618.1	-7.3	
73.10	297.0	7.6	0.0	0.0	-3.0	-0.1	206.9	233.1	326.7	-5234.3	9650.9	-3.0	
73.15	299.2	7.6	0.0	0.0	3.0	-0.1	203.9	231.1	318.1	-5118.2	9550.2	3.0	
73.20	301.4	7.8	0.0	0.0	10.2	-0.1	200.2	228.3	310.8	-4992.0	9408.9	10.2	
73.25	303.6	7.8	0.0	0.0	15.0	-0.1	196.5	221.6	301.4	-4849.2	9307.2	15.0	
73.30	305.9	7.8	0.0	0.0	15.9	-0.1	194.8	218.2	290.9	-4684.5	9271.7	15.9	
73.35	308.1	7.8	0.0	0.0	18.7	-0.1	193.5	212.5	283.3	-4504.1	9211.2	18.7	
73.40	310.3	7.7	0.0	0.0	21.3	-0.1	192.8	203.6	278.0	-4300.4	9123.5	21.3	
73.45	312.5	7.7	0.0	0.0	18.4	-0.1	192.1	194.4	270.7	-4053.1	9049.5	18.4	
73.50	314.8	7.8	0.0	0.0	16.8	-0.1	188.3	184.9	260.2	-3842.2	8973.9	16.8	
73.55	317.0	7.9	0.0	0.0	20.6	-0.1	183.1	176.3	251.2	-3680.3	8898.0	20.6	
73.60	319.2	7.9	0.0	0.0	24.6	-0.1	180.3	168.8	244.5	-3498.8	8883.4	24.6	
73.65	321.4	7.9	0.0	0.0	25.1	-0.1	179.5	159.8	235.8	-3285.9	8951.6	25.1	
73.70	323.7	7.9	0.0	0.0	23.1	-0.1	179.7	151.4	226.2	-3077.4	9037.4	23.1	
73.75	325.9	7.9	0.0	0.0	23.4	-0.1	180.7	142.3	219.7	-2887.3	9091.6	23.4	
73.80	328.1	7.9	0.0	0.0	23.6	-0.1	182.4	130.8	215.8	-2651.9	9121.0	23.6	
73.85	330.3	8.0	0.0	0.0	22.4	-0.1	184.1	120.3	210.9	-2374.1	9148.7	22.4	
73.90	332.5	8.0	0.0	0.0	24.3	-0.1	182.4	111.8	204.9	-2117.8	9119.2	24.3	
73.95	334.7	8.0	0.0	0.0	28.9	-0.1	178.8	104.8	199.4	-1925.1	9078.6	28.9	
74.00	337.0	8.0	0.0	0.0	29.7	-0.1	178.4	95.6	194.6	-1696.8	9127.6	29.7	
74.05	339.2	8.1	0.0	0.0	25.8	-0.1	181.9	82.1	189.8	-1388.3	9266.9	25.8	
74.10	341.4	8.1	0.0	0.0	23.6	-0.1	184.7	69.6	185.9	-1085.7	9370.4	23.6	
74.15	343.6	8.1	0.0	0.0	24.4	-0.1	186.8	63.3	183.8	-841.4	9431.8	24.4	
74.20	345.8	8.1	0.0	0.0	24.0	-0.1	187.3	53.7	182.8	-578.9	9452.1	24.0	
74.25	348.1	8.2	0.0	0.0	22.5	-0.1	189.1	35.3	180.8	-274.8	9521.3	22.5	
74.30	350.3	8.3	0.0	0.0	19.8	-0.1	191.8	19.4	179.6	54.4	9605.3	19.8	
74.35	352.5	8.4	0.0	0.0	20.3	-0.1	192.0	11.0	178.0	328.2	9661.9	20.3	
74.40	354.7	8.3	0.0	0.0	22.8	-0.1	189.4	4.5	173.3	566.5	9713.4	22.8	
74.45	356.9	8.2	0.0	0.0	18.6	-0.1	189.9	-5.8	169.4	897.5	9825.2	18.6	
74.50	359.1	8.3	0.0	0.0	14.5	-0.1	194.4	-18.5	168.5	1212.2	9985.9	14.5	
74.55	1.3	8.3	0.0	0.0	17.7	-0.1	197.8	-30.3	170.3	1452.4	10111.1	17.7	
74.60	3.5	8.3	0.0	0.0	18.0	-0.1	201.7	-37.6	171.0	1719.3	10248.5	18.0	
74.65	5.7	8.2	0.0	0.0	15.4	-0.1	203.8	-47.9	171.6	2033.3	10368.8	15.4	
74.70	7.9	8.0	0.0	0.0	14.9	-0.1	204.8	-60.4	173.6	2298.7	10490.2	14.9	
74.75	10.1	8.0	0.0	0.0	12.8	-0.1	209.3	-70.4	176.4	2534.7	10695.0	12.8	
74.80	12.3	7.9	0.0	0.0	10.7	-0.1	214.2	-82.0	176.9	2764.9	10945.2	10.7	
74.85	14.5	7.9	0.0	0.0	8.2	-0.1	218.0	-97.5	175.4	3036.8	11176.9	8.2	
74.90	16.7	7.8	0.0	0.0	4.0	-0.1	221.9	-109.8	177.1	3362.1	11339.2	4.0	
74.95	18.9	7.8	0.0	0.0	0.9	-0.1	224.2	-118.8	182.5	3647.5	11391.8	0.9	
75.00	21.1	7.7	0.0	0.0	0.8	-0.1	223.7	-131.9	186.7	3875.6	11358.1	0.8	
75.05	23.3	7.7	0.0	0.0	-3.9	-0.1	223.4	-143.6	190.1	4155.7	11303.5	-3.9	
75.10	25.5	7.7	0.0	0.0	-7.8	-0.1	222.0	-152.6	195.6	4437.9	11184.7	-7.8	
75.15	27.7	7.7	0.0	0.0	-3.4	-0.1	217.5	-160.5	201.7	4620.4	11003.3	-3.4	
75.20	29.9	7.6	0.0	0.0	-1.3	-0.1	214.1	-168.6	206.1	4845.6	10882.1	-1.3	
75.25	32.1	7.6	0.0	0.0	-6.4	-0.1	214.0	-178.0	208.8	5144.6	10878.5	-6.4	
75.30	34.3	7.6	0.0	0.0	-11.6	-0.1	215.4	-191.6	212.9	5431.4	10911.1	-11.6	
75.35	36.5	7.7	0.0	0.0	-15.5	-0.1	218.7	-200.9	220.0	5699.5	10954.0	-15.5	
75.40	38.7	7.8	0.0	0.0	-20.3	-0.1	222.0	-208.8	227.5	5999.2	10998.0	-20.3	
75.45	40.9	7.8	0.0	0.0	-24.8	-0.1	223.9	-220.1	233.9	6281.8	11031.5	-24.8	
75.50	43.1	7.6	0.0	0.0	-28.1	-0.1	224.4	-232.0	240.2	6499.8	11047.1	-28.1	
75.55	45.3	7.4	0.0	0.0	-29.2	-0.1	226.2	-235.8	247.8	6616.4	11080.0	-29.2	
75.60	47.5	7.4	0.0	0.0	-27.7	-0.1	226.5	-242.2	253.1	6713.2	11113.5	-27.7	
75.65	49.7	7.3	0.0	0.0	-30.5	-0.1	227.0	-249.0	257.4	6869.0	11168.3	-30.5	
75.70	51.9	7.4	0.0	0.0	-34.6	-0.1	227.4	-255.1	263.8	7035.2	11181.2	-34.6	
75.75	54.1	7.6	0.0	0.0	-33.3	-0.1	226.2	-262.1	272.2	7136.2	11094.3	-33.3	
75.80	56.2	7.5	0.0	0.0	-34.1	-0.1	225.9	-267.6	281.9	7240.4	10984.0	-34.1	
75.85	58.4	7.4	0.0	0.0	-39.9	-0.1	225.3	-273.9	291.0	7351.5	10881.4	-39.9	
75.90	60.6	7.4	0.0	0.0	-43.3	-0.1	222.5	-278.9	299.7	7406.3	10725.5	-43.3	
75.95	62.8	7.5	0.0	0.0	-41.5	-0.1	218.7	-278.2	310.5	7394.7	10491.3	-41.5	
76.00	65.0	7.5	0.0	0.0	-36.7	-0.1	212.9	-279.8	321.1	7365.5	10211.0	-36.7	
76.05	67.1	7.5	0.0	0.0	-36.0	-0.1	207.4	-283.8	329.7	7370.2	10000.9	-36.0	
76.10	69.3	7.5	0.0	0.0	-36.2	-0.1	203.2	-285.0	337.6	7395.6	9881.3	-36.2	
76.15	71.5	7.4	0.0	0.0	-30.0	-0.1	198.9	-286.0	347.4	7422.7	9773.9	-30.0	
76.20	73.7	7.3	0.0	0.0	-24.3	-0.1	196.2	-293.8	357.8	7518.7	9698.0	-24.3	
76.25	75.8	7.6	0.0	0.0	-29.2	-0.1	199.1	-300.0	369.2	7688.0	9734.1	-29.2	
76.30	78.0	7.8	0.0	0.0	-34.7	-0.1	204.8	-297.8	382.7	7763.2	9802.5	-34.7	
76.35	80.2	7.9	0.0	0.0	-31.8	-0.1	207.4	-296.6	394.7	7731.9	9827.3	-31.8	
76.40	82.4	7.9	0.0	0.0	-32.2	-0.1	210.0	-298.2	404.5	7785.8	9874.5	-32.2	
76.45	84.6	7.8	0.0	0.0	-35.7	-0.1	210.9	-302.5	413.8	7891.1	9897.6	-35.7	
76.50	86.7	7.8	0.0	0.0	-35.0	-0.1	207.6	-305.1	423.9	7913.7	9832.8	-35.0	
76.55	88.9	7.6	0.0	0.0	-31.5	-0.1	203.0	-300.4	435.2	7901.0	9759.0	-31.5	
76.60	91.1	7.6	0.0	0.0	-29.8	-0.1	198.0	-301.0	444.8	7949.1	9729.1	-29.8	
76.65	93.3	7.6	0.0	0.0	-33.1	-0.1	196.2	-311.1	453.9	8078.5	9742.1	-33.1	
76.70	95.4	7.4	0.0	0.0	-41.5	-0.1	201.8	-312.3	466.4	8205.2	9813.2	-41.5	
76.75	97.6	7.1	0.0	0.0	-44.5	-0.1	207.4	-308.9	478.9	8187.5	9875.5	-44.5	
76.80	99.8	6.8	0.0	0.0	-39.4	-0.1	209.5	-306.5	486.2	8085.3	9984.7	-39.4	
76.85	102.0	6.7	0.0	0.0	-50.9	-0.1	210.8	-301.8	491.4	8006.6	10126.1	-50.9	
76.90	104.1	6.7	0.0	0.0	-54.3	-0.1	210.9	-294.8	499.0	7831.4	10161.1	-54.3	
76.95	106.3	6.8	0.0	0.0	-51.3	-0.1	210.8	-288.1	511.2	7624.1	10061.6	-51.3	
77.00	108.5	6.9	0.0	0.0	-52.4	-0.1	212.5	-282.1	524.1	7525.2	9989.1	-52.4	
77.05	110.6	6.8	0.0	0.0	-53.6	-0.1	211.3	-284.1	532.9	7462.9	9960.3	-53.6	
77.10	112.8	6.8	0.0	0.0	-50.8	-0.1	208.0	-282.8	540.3	7361.1	9902.8	-50.8	
77.15	115.0	6.7	0.0	0.0	-51.4	-0.1	206.9	-272.0	550.8	7214.6	9807.8	-51.4	
77.20	117.1	6.7	0.0	0.0	-47.1	-0.1	205.4	-266.2	560.1	7031.6	9711.7	-47.1	
77.25	119.3	6.7	0.0	0.0	-42.5	-0.1	202.5	-263.6	567.6	6843.7	9642.4	-42.5	
77.30	121.4	6.6	0.0	0.0	-39.0	-0.1	201.7	-254.9	575.7	6605.4	9658.7	-39.0	
77.35	123.6	6.2	0.0	0.0	-35.2	-0.1	200.6	-244.4	584.9	6267.6	9659.0	-35.2	
77.40	125.8	6.0	0.0	0.0	-36.9	-0.1	206.0	-231.9	595.7	6026.6	9767.7	-36.9	
77.45	127.9	5.9	0.0	0.0	-43.1	-0.1	215.0	-224.6	606.7	5949.0	9975.4	-43.1	
77.50	130.1	6.0	0.0	0.0	-44.9	-0.1	220.7	-227.6	616.7	5905.1	10150.4	-44.9	
77.55	132.2	5.9	0.0	0.0	-45.6	-0.1	224.8	-221.9	625.5	5804.2	10321.8	-45.6	
77.60	134.4	5.8	0.0	0.0	-43.9	-0.1	222.4	-211.6	631.2	5674.9	10391.4	-43.9	
77.65	136.6	5.8	0.0	0.0	-37.6	-0.1	212.9	-208.8	634.8	5529.1	10308.3	-37.6	
77.70	138.7	6.2	0.0	0.0	-34.9	-0.1	206.8	-203.5	642.8	5418.9	10177.6	-34.9	
77.75	140.9	6.4	0.0	0.0	-33.3	-0.1	205.4	-191.1	652.2	5209.0	10104.8	-33.3	
77.80	143.0	6.3	0.0	0.0	-30.3	-0.1	204.2	-179.1	657.2	4905.2	10112.6	-30.3	
77.85	145.2	6.1	0.0	0.0	-37.3	-0.1	209.0	-169.3	660.7	4749.7	10263.1	-37.3	
77.90	147.4	6.0	0.0	0.0	-48.7	-0.1	216.6	-167.9	667.1	4710.5	10388.2	-48.7	
77.95	149.5	6.1	0.0	0.0	-48.6	-0.1	217.3	-164.7	674.9	4574.9	10313.9	-48.6	
78.00	151.7	6.1	0.0	0.0	-44.5	-0.1	211.5	-151.4	679.9	4431.8	10118.7	-44.5	
78.05	153.8	6.0	0.0	0.0	-37.9	-0.1	203.9	-142.1	677.3	4245.1	9984.0	-37.9	
78.10	156.0	5.9	0.0	0.0	-31.9	-0.1	197.4	-137.6	676.4	4017.9	9851.5	-31.9	
78.15	158.1	5.8	0.0	0.0	-31.2	-0.1	198.6	-124.7	685.1	3801.4	9739.3	-31.2	
78.20	160.3	5.8	0.0	0.0	-33.6	-0.1	197.7	-110.7	690.4	3458.2	9585.1	-33.6	
78.25	162.4	5.8	0.0	0.0	-30.2	-0.1	191.2	-96.5	687.3	3053.8	9429.0	-30.2	
78.30	164.5	5.9	0.0	0.0	-28.3	-0.1	187.5	-82.3	688.1	2831.7	9276.3	-28.3	
78.35	166.7	6.0	0.0	0.0	-29.0	-0.1	182.6	-74.6	696.3	2580.0	9019.7	-29.0	
78.40	168.8	6.1	0.0	0.0	-19.7	-0.1	178.2	-62.9	702.0	2251.2	8846.0	-19.7	
78.45	171.0	6.1	0.0	0.0	-22.5	-0.1	176.6	-47.0	700.1	1994.8	8851.8	-22.5	
78.50	173.1	6.0	0.0	0.0	-17.2	-0.1	174.7	-41.4	695.0	1685.6	8941.8	-17.2	
78.55	175.3	5.8	0.0	0.0	-16.8	-0.1	181.3	-30.4	698.1	1270.2	9151.3	-16.8	
78.60	177.4	5.8	0.0	0.0	-26.2	-0.1	196.5	-10.8	705.8	910.6	9499.1	-26.2	
78.65	179.6	5.7	0.0	0.0	-33.0	-0.1	209.6	-4.4	704.0	596.7	9891.4	-33.0	
78.70	181.7	5.6	0.0	0.0	-35.3	-0.1	216.5	2.3	699.9	293.0	10156.2	-35.3	
78.75	183.8	5.7	0.0	0.0	-33.1	-0.1	219.2	22.3	704.0	5.0	10216.3	-33.1	
78.80	186.0	6.1	0.0	0.0	-25.4	-0.1	217.0	31.5	707.4	-263.8	10138.5	-25.4	
78.85	188.1	6.3	0.0	0.0	-20.6	-0.1	211.1	33.4	703.2	-435.3	10018.6	-20.6	
78.90	190.3	6.4	0.0	0.0	-22.9	-0.1	207.3	43.5	697.6	-561.9	9916.1	-22.9	
78.95	192.4	6.3	0.0	0.0	-15.5	-0.1	199.3	55.7	695.3	-912.0	9703.1	-15.5	
79.00	194.5	6.4	0.0	0.0	-9.3	-0.1	200.1	70.2	693.9	-1211.4	9636.5	-9.3	
79.05	196.7	6.5	0.0	0.0	-18.4	-0.1	206.2	80.8	691.2	-1289.4	9669.0	-18.4	
79.10	198.8	6.7	0.0	0.0	-14.1	-0.1	201.0	82.0	687.9	-1453.2	9500.8	-14.1	
79.15	200.9	6.6	0.0	0.0	-2.0	-0.1	192.2	95.3	686.7	-1689.4	9265.9	-2.0	
79.20	203.1	6.5	0.0	0.0	-0.1	-0.1	189.0	110.5	683.7	-1836.7	9174.7	-0.1	
79.25	205.2	6.7	0.0	0.0	0.8	-0.1	186.7	109.3	675.6	-1941.1	9176.8	0.8	
79.30	207.3	6.8	0.0	0.0	-5.6	-0.1	191.4	113.4	669.0	-2021.2	9307.3	-5.6	
79.35	209.5	6.7	0.0	0.0	-5.5	-0.1	194.9	126.7	665.6	-2226.1	9387.2	-5.5	
79.40	211.6	6.7	0.0	0.0	2.4	-0.1	191.9	133.9	657.9	-2513.4	9405.6	2.4	
79.45	213.7	6.4	0.0	0.0	0.9	-0.1	193.2	142.2	647.5	-2673.5	9502.0	0.9	
79.50	215.8	6.2	0.0	0.0	-3.5	-0.1	199.0	151.5	641.3	-2810.1	9593.1	-3.5	
79.55	217.9	6.2	0.0	0.0	-3.8	-0.1	202.9	157.9	638.4	-3024.1	9582.3	-3.8	
79.60	220.1	6.2	0.0	0.0	-8.5	-0.1	207.0	168.3	632.0	-3203.7	9585.9	-8.5	
79.65	222.2	6.2	0.0	0.0	-10.9	-0.1	204.4	174.7	620.7	-3357.0	9507.2	-10.9	
79.70	224.3	6.2	0.0	0.0	-3.7	-0.1	195.2	179.0	609.9	-3587.6	9290.5	-3.7	
79.75	226.4	6.2	0.0	0.0	0.9	-0.1	190.9	193.8	603.5	-3848.1	9109.8	0.9	
79.80	228.5	6.3	0.0	0.0	-1.6	-0.1	189.9	204.7	596.4	-4112.1	9005.3	-1.6	
79.85	230.6	6.5	0.0	0.0	-2.4	-0.1	186.6	209.1	585.5	-4411.4	8913.6	-2.4	
79.90	232.8	6.7	0.0	0.0	-3.3	-0.1	184.1	220.8	575.9	-4717.0	8813.8	-3.3	
79.95	234.9	6.6	0.0	0.0	-0.1	-0.1	180.9	234.2	569.9	-5006.2	8666.0	-0.1	
80.00	237.0	6.5	0.0	0.0	7.3	-0.1	172.8	238.9	563.8	-5224.5	8428.6	7.3	
80.05	239.1	6.3	0.0	0.0	12.3	-0.1	167.4	245.4	555.3	-5358.3	8273.2	12.3	
80.10	241.2	6.3	0.0	0.0	15.3	-0.1	165.8	251.6	545.7	-5539.1	8257.0	15.3	
80.15	243.3	6.4	0.0	0.0	13.5	-0.1	167.7	253.0	536.3	-5719.6	8358.8	13.5	
80.20	245.5	6.5	0.0	0.0	3.2	-0.1	175.8	258.8	528.5	-5811.1	8564.4	3.2	
80.25	247.6	6.5	0.0	0.0	3.2	-0.1	181.0	263.6	521.1	-5907.0	8677.0	3.2	
80.30	249.7	6.4	0.0	0.0	9.9	-0.1	180.5	267.0	512.2	-6033.0	8716.8	9.9	
80.35	251.8	6.3	0.0	0.0	11.4	-0.1	181.4	272.4	501.4	-6082.6	8835.6	11.4	
80.40	253.9	6.4	0.0	0.0	9.7	-0.1	182.0	272.8	490.4	-6100.1	8972.2	9.7	
80.45	256.0	6.4	0.0	0.0	9.8	-0.1	185.5	271.2	481.5	-6083.4	9099.7	9.8	
80.50	258.1	6.2	0.0	0.0	5.8	-0.1	194.1	272.2	473.2	-6014.6	9270.6	5.8	
80.55	260.2	6.3	0.0	0.0	0.1	-0.1	201.3	269.2	462.7	-5922.9	9441.2	0.1	
80.60	262.3	6.3	0.0	0.0	-8.1	-0.1	205.1	266.6	450.3	-5870.3	9571.4	-8.1	
80.65	264.4	6.3	0.0	0.0	-12.2	-0.1	205.7	269.2	438.3	-5877.7	9592.5	-12.2	
80.70	266.5	6.3	0.0	0.0	-5.6	-0.1	200.6	271.4	426.8	-5935.4	9466.3	-5.6	
80.75	268.6	6.4	0.0	0.0	0.9	-0.1	192.6	271.4	414.7	-5938.4	9259.7	0.9	
80.80	270.7	6.6	0.0	0.0	-0.5	-0.1	186.8	270.0	402.4	-5861.7	9053.8	-0.5	
80.85	272.8	6.6	0.0	0.0	-1.5	-0.1	180.7	270.5	390.7	-5838.3	8792.4	-1.5	
80.90	274.9	6.6	0.0	0.0	-0.0	-0.1	174.5	270.1	380.7	-5884.8	8472.4	-0.0	
80.95	277.0	6.6	0.0	0.0	-3.1	-0.1	170.2	269.1	369.8	-5875.0	8189.3	-3.1	
81.00	279.1	6.8	0.0	0.0	-8.7	-0.1	164.4	265.7	357.2	-5829.8	7887.9	-8.7	
81.05	281.2	6.8	0.0	0.0	-9.0	-0.1	156.5	265.2	345.9	-5865.8	7513.6	-9.0	
81.10	283.2	6.8	0.0	0.0	-6.6	-0.1	148.9	271.5	336.2	-5935.5	7141.0	-6.6	
81.15	285.3	6.6	0.0	0.0	-4.8	-0.1	139.5	269.3	325.0	-5953.2	6822.9	-4.8	
81.20	287.4	6.6	0.0	0.0	-4.3	-0.1	129.5	261.3	311.9	-5925.1	6562.0	-4.3	
81.25	289.5	6.7	0.0	0.0	-5.5	-0.1	125.7	262.6	302.0	-5907.4	6372.0	-5.5	
81.30	291.6	6.8	0.0	0.0	-5.8	-0.1	124.5	266.3	294.5	-5933.3	6209.8	-5.8	
81.35	293.7	6.7	0.0	0.0	-8.5	-0.1	123.9	260.7	286.1	-5890.9	6107.6	-8.5	
81.40	295.8	6.6	0.0	0.0	-15.7	-0.1	125.7	253.5	276.1	-5778.2	6104.9	-15.7	
81.45	297.9	6.6	0.0	0.0	-18.2	-0.1	126.3	248.5	266.4	-5727.1	6095.7	-18.2	
81.50	299.9	6.6	0.0	0.0	-15.1	-0.1	125.7	243.7	258.9	-5696.7	6071.6	-15.1	
81.55	302.0	6.5	0.0	0.0	-16.5	-0.1	127.8	238.9	250.2	-5538.7	6156.2	-16.5	
81.60	304.1	6.4	0.0	0.0	-18.5	-0.1	130.1	231.5	239.0	-5353.0	6323.0	-18.5	
81.65	306.2	6.4	0.0	0.0	-16.8	-0.1	131.8	222.4	229.2	-5234.8	6464.2	-16.8	
81.70	308.3	6.6	0.0	0.0	-19.2	-0.1	137.6	217.9	222.7	-5069.6	6606.3	-19.2	
81.75	310.3	6.8	0.0	0.0	-22.9	-0.1	143.2	211.2	216.2	-4835.8	6728.5	-22.9	
81.80	312.4	6.7	0.0	0.0	-22.0	-0.1	145.4	200.7	208.1	-4601.7	6813.0	-22.0	
81.85	314.5	6.7	0.0	0.0	-18.9	-0.1	147.9	195.4	200.5	-4397.4	6915.6	-18.9	
81.90	316.5	6.7	0.0	0.0	-14.0	-0.1	149.3	189.7	193.1	-4229.5	7026.5	-14.0	
81.95	318.6	6.7	0.0	0.0	-9.0	-0.1	148.7	179.5	184.6	-4032.7	7136.5	-9.0	
82.00	320.7	6.7	0.0	0.0	-5.2	-0.1	147.8	168.4	176.4	-3760.4	7225.7	-5.2	
82.05	322.7	6.5	0.0	0.0	-1.9	-0.1	147.1	160.7	169.9	-3485.4	7283.5	-1.9	
82.10	324.8	6.3	0.0	0.0	1.3	-0.1	147.0	152.8	164.4	-3234.0	7342.5	1.3	
82.15	326.9	6.1	0.0	0.0	1.8	-0.1	148.5	142.9	157.6	-2974.4	7454.5	1.8	
82.20	328.9	5.9	0.0	0.0	0.9	-0.1	150.5	128.8	150.7	-2690.4	7573.6	0.9	
82.25	331.0	6.0	0.0	0.0	0.8	-0.1	152.5	117.4	146.6	-2413.4	7654.8	0.8	
82.30	333.1	6.0	0.0	0.0	4.5	-0.1	153.5	112.4	143.3	-2214.3	7720.9	4.5	
82.35	335.1	6.0	0.0	0.0	10.5	-0.1	152.7	105.2	137.2	-2046.4	7819.9	10.5	
82.40	337.2	6.1	0.0	0.0	10.0	-0.1	156.6	94.0	130.7	-1801.1	8038.6	10.0	
82.45	339.2	6.1	0.0	0.0	5.1	-0.1	165.1	81.5	127.4	-1539.4	8305.6	5.1	
82.50	341.3	6.1	0.0	0.0	0.6	-0.1	172.3	71.1	125.9	-1284.8	8499.3	0.6	
82.55	343.4	5.9	0.0	0.0	-2.8	-0.1	175.5	64.9	122.5	-995.1	8607.9	-2.8	
82.60	345.4	6.0	0.0	0.0	-1.5	-0.1	174.2	55.7	117.2	-741.0	8633.0	-1.5	
82.65	347.5	6.0	0.0	0.0	2.8	-0.1	171.6	43.3	114.8	-507.3	8589.1	2.8	
82.70	349.5	6.1	0.0	0.0	3.6	-0.1	172.2	34.0	114.6	-274.3	8569.6	3.6	
82.75	351.6	6.2	0.0	0.0	5.9	-0.1	170.9	23.5	112.2	-120.8	8540.0	5.9	
82.80	353.6	6.3	0.0	0.0	8.5	-0.1	169.3	14.3	108.4	33.6	8515.6	8.5	
82.85	355.7	6.5	0.0	0.0	7.6	-0.1	170.2	9.7	108.0	227.2	8502.0	7.6	
82.90	357.7	6.4	0.0	0.0	7.7	-0.1	170.2	-0.8	109.8	450.5	8454.1	7.7	
82.95	359.8	6.4	0.0	0.0	5.6	-0.1	169.9	-15.5	110.5	729.3	8421.6	5.6	
83.00	1.8	6.3	0.0	0.0	1.7	-0.1	167.9	-29.5	110.1	1044.5	8369.6	1.7	
83.05	3.9	6.2	0.0	0.0	4.0	-0.1	164.3	-42.3	108.7	1297.4	8310.1	4.0	
83.10	5.9	6.1	0.0	0.0	2.4	-0.1	164.4	-48.7	108.8	1582.0	8322.5	2.4	
83.15	8.0	6.2	0.0	0.0	-4.1	-0.1	168.0	-55.9	109.4	1880.0	8403.5	-4.1	
83.20	10.0	6.4	0.0	0.0	-6.8	-0.1	169.6	-69.6	109.5	2111.8	8447.7	-6.8	
83.25	12.1	6.6	0.0	0.0	-6.1	-0.1	169.3	-80.2	111.5	2346.1	8418.1	-6.1	
83.30	14.1	6.7	0.0	0.0	0.9	-0.1	164.3	-87.7	115.2	2606.9	8268.4	0.9	
83.35	16.2	6.6	0.0	0.0	9.9	-0.1	157.1	-96.7	117.7	2878.4	8092.2	9.9	
83.40	18.2	6.5	0.0	0.0	10.5	-0.1	155.3	-105.2	119.9	3195.5	8050.9	10.5	
83.45	20.3	6.5	0.0	0.0	4.9	-0.1	158.5	-117.9	122.3	3516.1	8141.0	4.9	
83.50	22.3	6.9	0.0	0.0	-1.1	-0.1	163.1	-133.2	125.0	3802.6	8267.9	-1.1	
83.55	24.4	6.9	0.0	0.0	-5.7	-0.1	166.2	-143.5	127.9	4079.4	8349.9	-5.7	
83.60	26.4	6.8	0.0	0.0	-1.8	-0.1	164.2	-151.6	131.3	4319.6	8308.3	-1.8	
83.65	28.5	6.7	0.0	0.0	5.3	-0.1	160.5	-160.7	135.8	4508.9	8216.9	5.3	
83.70	30.5	6.9	0.0	0.0	5.3	-0.1	161.7	-168.1	142.2	4670.5	8240.4	5.3	
83.75	32.6	7.1	0.0	0.0	-0.9	-0.1	167.6	-176.0	148.2	4810.0	8406.8	-0.9	
83.80	34.6	7.1	0.0	0.0	-5.6	-0.1	174.2	-184.0	152.0	4951.2	8639.1	-5.6	
83.85	36.6	7.1	0.0	0.0	-9.9	-0.1	180.3	-190.0	156.7	5157.5	8861.6	-9.9	
83.90	38.7	7.0	0.0	0.0	-13.5	-0.1	185.2	-197.4	163.3	5408.0	9020.0	-13.5	
83.95	40.7	6.9	0.0	0.0	-16.5	-0.1	188.1	-208.1	170.4	5655.2	9117.6	-16.5	
84.00	42.8	7.0	0.0	0.0	-18.6	-0.1	190.0	-219.0	176.3	5867.8	9195.9	-18.6	
84.05	44.8	6.9	0.0	0.0	-19.6	-0.1	192.3	-225.7	182.5	6011.9	9273.8	-19.6	
84.10	46.8	6.6	0.0	0.0	-20.9	-0.1	196.1	-228.0	191.0	6091.5	9363.3	-20.9	
84.15	48.9	6.6	0.0	0.0	-24.6	-0.1	200.4	-231.4	200.2	6186.3	9469.3	-24.6	
84.20	50.9	6.7	0.0	0.0	-27.0	-0.1	204.8	-237.9	207.4	6311.0	9591.2	-27.0	
84.25	52.9	6.8	0.0	0.0	-26.6	-0.1	207.1	-246.6	214.2	6426.9	9691.0	-26.6	
84.30	55.0	6.9	0.0	0.0	-27.8	-0.1	207.3	-255.1	222.4	6572.2	9767.6	-27.8	
84.35	57.0	6.8	0.0	0.0	-29.7	-0.1	206.1	-261.9	230.0	6793.2	9822.0	-29.7	
84.40	59.0	6.5	0.0	0.0	-28.2	-0.1	203.1	-272.7	235.9	7039.8	9814.2	-28.2	
84.45	61.1	6.5	0.0	0.0	-27.4	-0.1	202.1	-280.2	244.3	7239.5	9786.4	-27.4	
84.50	63.1	6.3	0.0	0.0	-30.7	-0.1	203.8	-282.5	254.3	7362.4	9781.3	-30.7	
84.55	65.1	6.3	0.0	0.0	-34.0	-0.1	203.2	-288.2	260.8	7460.3	9757.4	-34.0	
84.60	67.1	6.4	0.0	0.0	-34.2	-0.1	201.6	-290.3	266.8	7587.7	9700.9	-34.2	
84.65	69.2	6.6	0.0	0.0	-30.3	-0.1	199.8	-289.0	275.8	7699.6	9577.8	-30.3	
84.70	71.2	6.6	0.0	0.0	-25.9	-0.1	198.0	-290.7	286.4	7801.3	9444.4	-25.9	
84.75	73.2	6.5	0.0	0.0	-28.4	-0.1	196.5	-297.5	294.9	7975.2	9389.6	-28.4	
84.80	75.2	6.2	0.0	0.0	-31.4	-0.1	193.8	-308.0	301.9	8170.2	9341.6	-31.4	
84.85	77.2	6.0	0.0	0.0	-30.8	-0.1	191.5	-310.8	312.0	8292.0	9263.3	-30.8	
84.90	79.2	6.0	0.0	0.0	-29.4	-0.1	190.1	-309.9	323.2	8377.4	9207.3	-29.4	
84.95	81.3	6.2	0.0	0.0	-31.6	-0.1	190.9	-313.4	331.9	8441.7	9234.9	-31.6	
85.00	83.3	6.2	0.0	0.0	-35.9	-0.1	194.5	-317.3	339.1	8418.5	9338.0	-35.9	
85.05	85.3	6.2	0.0	0.0	-38.6	-0.1	197.7	-317.0	347.9	8317.8	9411.5	-38.6	
85.10	87.3	6.5	0.0	0.0	-41.2	-0.1	200.1	-311.4	358.1	8189.3	9441.5	-41.2	
85.15	89.3	6.7	0.0	0.0	-42.2	-0.1	199.9	-306.5	367.9	8094.5	9428.3	-42.2	
85.20	91.3	6.8	0.0	0.0	-42.0	-0.1	197.0	-306.0	376.6	8036.3	9370.4	-42.0	
85.25	93.3	6.8	0.0	0.0	-42.1	-0.1	195.0	-306.3	386.6	7980.5	9279.9	-42.1	
85.30	95.3	6.8	0.0	0.0	-42.1	-0.1	193.2	-304.7	397.7	7893.3	9145.4	-42.1	
85.35	97.3	6.7	0.0	0.0	-39.9	-0.1	189.5	-302.4	407.9	7798.4	8999.3	-39.9	
85.40	99.3	6.6	0.0	0.0	-35.4	-0.1	183.0	-299.2	415.9	7687.4	8840.0	-35.4	
85.45	101.3	6.5	0.0	0.0	-32.1	-0.1	177.7	-291.9	424.0	7519.4	8695.8	-32.1	
85.50	103.3	6.4	0.0	0.0	-30.2	-0.1	174.6	-283.0	433.7	7285.1	8571.7	-30.2	
85.55	105.3	6.4	0.0	0.0	-30.6	-0.1	175.1	-276.7	444.2	7055.5	8537.2	-30.6	
85.60	107.4	6.4	0.0	0.0	-30.3	-0.1	176.2	-276.0	454.1	6911.7	8556.2	-30.3	
85.65	109.4	6.5	0.0	0.0	-29.4	-0.1	175.0	-275.2	463.3	6853.7	8554.2	-29.4	
85.70	111.4	6.5	0.0	0.0	-29.3	-0.1	173.2	-270.2	472.9	6828.5	8502.6	-29.3	
85.75	113.4	6.5	0.0	0.0	-31.7	-0.1	173.4	-266.7	483.4	6808.4	8457.2	-31.7	
85.80	115.4	6.5	0.0	0.0	-35.5	-0.1	175.4	-271.1	492.8	6814.9	8494.6	-35.5	
85.85	117.4	6.5	0.0	0.0	-38.9	-0.1	179.4	-272.1	500.3	6781.7	8603.5	-38.9	
85.90	119.4	6.3	0.0	0.0	-41.3	-0.1	184.0	-262.1	507.3	6660.0	8698.0	-41.3	
85.95	121.4	6.3	0.0	0.0	-42.4	-0.1	189.5	-248.9	515.7	6492.4	8794.3	-42.4	
86.00	123.4	6.5	0.0	0.0	-43.8	-0.1	194.6	-242.9	525.6	6359.5	8896.5	-43.8	
86.05	125.4	6.5	0.0	0.0	-45.8	-0.1	197.2	-242.0	535.8	6275.2	8965.2	-45.8	
86.10	127.4	6.6	0.0	0.0	-41.7	-0.1	192.0	-239.7	544.0	6199.6	8907.8	-41.7	
86.15	129.4	6.6	0.0	0.0	-36.4	-0.1	182.7	-231.2	550.0	6139.2	8765.4	-36.4	
86.20	131.4	6.5	0.0	0.0	-29.2	-0.1	174.8	-224.7	556.2	6090.1	8638.0	-29.2	
86.25	133.4	6.4	0.0	0.0	-27.3	-0.1	174.3	-223.7	563.5	6010.0	8637.8	-27.3	
86.30	135.4	6.2	0.0	0.0	-31.6	-0.1	181.6	-220.6	570.7	5903.0	8786.6	-31.6	
86.35	137.4	6.0	0.0	0.0	-36.6	-0.1	189.2	-212.4	575.8	5686.1	8965.3	-36.6	
86.40	139.4	6.0	0.0	0.0	-34.5	-0.1	191.9	-199.0	581.4	5364.0	9067.0	-34.5	
86.45	141.4	6.0	0.0	0.0	-31.2	-0.1	194.0	-184.2	590.1	5068.2	9126.6	-31.2	
86.50	143.4	6.0	0.0	0.0	-33.9	-0.1	196.8	-176.2	597.7	4809.5	9192.4	-33.9	
86.55	145.4	6.1	0.0	0.0	-35.5	-0.1	198.4	-168.6	603.4	4574.2	9235.0	-35.5	
86.60	147.4	6.3	0.0	0.0	-38.9	-0.1	198.8	-159.5	608.0	4379.6	9260.6	-38.9	
86.65	149.4	6.6	0.0	0.0	-37.4	-0.1	196.3	-153.7	611.7	4201.6	9234.8	-37.4	
86.70	151.4	6.6	0.0	0.0	-35.8	-0.1	195.7	-146.2	614.6	3990.1	9245.4	-35.8	
86.75	153.4	6.5	0.0	0.0	-36.5	-0.1	196.9	-136.1	619.0	3774.8	9264.7	-36.5	
86.80	155.4	6.3	0.0	0.0	-36.8	-0.1	197.5	-128.0	623.8	3501.2	9259.8	-36.8	
86.85	157.4	6.1	0.0	0.0	-31.3	-0.1	196.5	-117.6	628.8	3170.0	9220.2	-31.3	
86.90	159.4	5.9	0.0	0.0	-30.4	-0.1	200.3	-102.4	632.9	2815.3	9268.8	-30.4	
86.95	161.4	5.9	0.0	0.0	-29.8	-0.1	201.7	-91.1	635.9	2502.0	9272.0	-29.8	
87.00	163.4	6.0	0.0	0.0	-29.0	-0.1	202.2	-85.4	638.3	2326.8	9252.1	-29.0	
87.05	165.3	6.2	0.0	0.0	-26.4	-0.1	200.5	-78.8	640.5	2194.4	9181.4	-26.4	
87.10	167.3	6.5	0.0	0.0	-21.0	-0.1	196.5	-68.6	641.8	2023.6	9078.7	-21.0	
87.15	169.3	6.7	0.0	0.0	-14.8	-0.1	191.4	-59.7	642.5	1910.2	8984.9	-14.8	
87.20	171.3	6.9	0.0	0.0	-19.2	-0.1	195.6	-54.0	642.9	1829.4	9066.5	-19.2	
87.25	173.3	7.0	0.0	0.0	-21.3	-0.1	200.2	-46.2	646.3	1656.5	9126.2	-21.3	
87.30	175.3	6.8	0.0	0.0	-23.3	-0.1	205.9	-32.4	649.5	1404.3	9210.2	-23.3	
87.35	177.3	6.8	0.0	0.0	-21.2	-0.1	205.2	-19.5	649.8	1147.5	9200.2	-21.2	
87.40	179.3	6.9	0.0	0.0	-19.6	-0.1	204.0	-9.9	646.5	885.1	9204.0	-19.6	
87.45	181.3	6.9	0.0	0.0	-20.0	-0.1	204.4	-1.5	646.6	720.3	9190.7	-20.0	
87.50	183.3	6.9	0.0	0.0	-19.4	-0.1	204.6	3.8	648.0	571.1	9136.0	-19.4	
87.55	185.3	6.8	0.0	0.0	-21.9	-0.1	204.0	9.1	645.9	403.5	9087.1	-21.9	
87.60	187.3	6.5	0.0	0.0	-23.6	-0.1	202.6	20.5	641.0	187.1	9048.3	-23.6	
87.65	189.3	6.4	0.0	0.0	-21.0	-0.1	199.8	31.1	638.5	-81.0	8943.8	-21.0	
87.70	191.3	6.3	0.0	0.0	-18.8	-0.1	198.2	41.8	639.0	-431.4	8816.0	-18.8	
87.75	193.3	6.3	0.0	0.0	-19.2	-0.1	199.1	55.2	639.1	-751.2	8728.8	-19.2	
87.80	195.2	6.3	0.0	0.0	-17.8	-0.1	197.8	65.9	634.8	-1105.2	8652.3	-17.8	
87.85	197.2	6.5	0.0	0.0	-11.0	-0.1	192.5	77.2	631.2	-1448.6	8514.2	-11.0	
87.90	199.2	6.6	0.0	0.0	-6.4	-0.1	188.2	92.4	629.8	-1731.9	8383.2	-6.4	
87.95	201.2	6.5	0.0	0.0	-8.5	-0.1	187.1	100.2	626.5	-1938.3	8339.1	-8.5	
88.00	203.2	6.6	0.0	0.0	-15.8	-0.1	189.0	103.7	620.2	-2101.6	8386.6	-15.8	
88.05	205.2	6.7	0.0	0.0	-20.2	-0.1	192.1	114.1	615.5	-2343.7	8454.0	-20.2	
88.10	207.2	6.6	0.0	0.0	-17.1	-0.1	190.6	126.9	613.5	-2682.2	8393.4	-17.1	
88.15	209.2	6.5	0.0	0.0	-13.0	-0.1	186.4	138.9	609.9	-2997.2	8283.6	-13.0	
88.20	211.1	6.3	0.0	0.0	-16.8	-0.1	184.3	149.0	603.6	-3219.5	8222.8	-16.8	
88.25	213.1	6.3	0.0	0.0	-19.7	-0.1	183.0	156.5	598.4	-3456.1	8143.0	-19.7	
88.30	215.1	6.4	0.0	0.0	-17.7	-0.1	179.7	165.7	595.1	-3703.4	7997.8	-17.7	
88.35	217.1	6.5	0.0	0.0	-15.3	-0.1	174.9	172.8	589.0	-3838.9	7841.2	-15.3	
88.40	219.1	6.7	0.0	0.0	-13.4	-0.1	167.4	173.6	579.2	-3860.0	7663.4	-13.4	
88.45	221.1	6.8	0.0	0.0	-10.1	-0.1	160.6	177.7	571.4	-3896.5	7481.7	-10.1	
88.50	223.0	6.8	0.0	0.0	-7.4	-0.1	157.5	188.0	566.3	-4048.4	7367.1	-7.4	
88.55	225.0	6.9	0.0	0.0	-6.7	-0.1	157.1	197.3	559.6	-4264.6	7351.6	-6.7	
88.60	227.0	7.1	0.0	0.0	-10.4	-0.1	159.1	204.8	551.4	-4426.4	7409.2	-10.4	
88.65	229.0	7.2	0.0	0.0	-12.0	-0.1	161.1	212.3	545.2	-4577.2	7449.9	-12.0	
88.70	231.0	7.3	0.0	0.0	-5.9	-0.1	159.3	220.7	540.0	-4750.7	7423.8	-5.9	
88.75	233.0	7.3	0.0	0.0	0.6	-0.1	156.3	228.3	532.3	-4851.8	7441.5	0.6	
88.80	234.9	7.3	0.0	0.0	1.9	-0.1	153.9	230.5	520.9	-4877.6	7559.7	1.9	
88.85	236.9	7.3	0.0	0.0	2.2	-0.1	155.4	230.3	510.9	-4919.1	7744.1	2.2	
88.90	238.9	7.5	0.0	0.0	1.3	-0.1	164.0	234.6	505.6	-5014.7	7952.8	1.3	
88.95	240.9	7.5	0.0	0.0	-1.6	-0.1	175.1	238.6	500.5	-5157.3	8196.0	-1.6	
89.00	242.9	7.4	0.0	0.0	-7.0	-0.1	184.3	243.1	492.0	-5336.6	8477.6	-7.0	
89.05	244.8	7.2	0.0	0.0	-10.3	-0.1	189.9	252.8	481.9	-5567.7	8730.8	-10.3	
89.10	246.8	7.1	0.0	0.0	-5.4	-0.1	191.1	260.1	474.1	-5801.7	8834.7	-5.4	
89.15	248.8	7.1	0.0	0.0	-0.2	-0.1	191.9	262.9	467.6	-5941.7	8858.6	-0.2	
89.20	250.8	7.1	0.0	0.0	-1.8	-0.1	193.1	263.5	458.4	-5973.0	8914.4	-1.8	
89.25	252.8	7.0	0.0	0.0	-2.5	-0.1	191.6	265.1	446.2	-6017.5	8986.7	-2.5	
89.30	254.7	6.8	0.0	0.0	0.4	-0.1	188.7	272.2	434.7	-6113.1	9009.3	0.4	
89.35	256.7	6.8	0.0	0.0	6.0	-0.1	186.1	277.9	425.7	-6230.1	8950.8	6.0	
89.40	258.7	6.9	0.0	0.0	9.3	-0.1	183.1	277.1	417.8	-6304.0	8823.1	9.3	
89.45	260.7	7.0	0.0	0.0	7.5	-0.1	181.0	279.7	410.0	-6363.8	8698.1	7.5	
89.50	262.7	6.9	0.0	0.0	11.0	-0.1	176.8	286.8	401.4	-6529.7	8564.8	11.0	
89.55	264.6	6.9	0.0	0.0	16.2	-0.1	171.8	292.0	391.0	-6672.7	8467.3	16.2	
89.60	266.6	7.0	0.0	0.0	14.1	-0.1	169.7	291.1	379.4	-6647.3	8440.0	14.1	
89.65	268.6	7.0	0.0	0.0	6.4	-0.1	171.3	283.7	368.8	-6499.5	8435.7	6.4	
89.70	270.6	7.1	0.0	0.0	1.7	-0.1	172.1	278.5	359.9	-6343.6	8371.3	1.7	
89.75	272.6	7.0	0.0	0.0	0.9	-0.1	170.5	277.4	350.8	-6237.2	8274.6	0.9	
89.80	274.6	6.8	0.0	0.0	2.0	-0.1	166.0	274.0	340.3	-6161.7	8164.1	2.0	
89.85	276.5	6.6	0.0	0.0	0.2	-0.1	162.4	270.7	330.2	-6097.5	8053.6	0.2	
89.90	278.5	6.6	0.0	0.0	-2.1	-0.1	160.8	272.4	321.9	-6087.4	7910.6	-2.1	
89.95	280.5	6.8	0.0	0.0	0.3	-0.1	158.3	276.7	313.7	-6123.8	7734.2	0.3	
90.00	282.5	6.9	0.0	0.0	2.4	-0.1	154.4	277.9	303.0	-6102.9	7592.2	2.4	
90.05	284.5	7.0	0.0	0.0	0.5	-0.1	150.8	275.5	290.3	-6014.4	7485.8	0.5	
90.10	286.4	7.0	0.0	0.0	-0.2	-0.1	146.9	269.9	280.0	-5938.0	7313.2	-0.2	
90.15	288.4	6.7	0.0	0.0	-0.6	-0.1	143.3	265.3	272.7	-5857.4	7082.9	-0.6	
90.20	290.4	6.8	0.0	0.0	-1.3	-0.1	139.5	258.6	265.6	-5724.9	6882.2	-1.3	
90.25	292.4	7.0	0.0	0.0	-1.3	-0.1	134.3	251.5	255.8	-5625.1	6743.8	-1.3	
90.30	294.4	7.0	0.0	0.0	-0.3	-0.1	130.7	251.7	245.4	-5641.4	6663.1	-0.3	
90.35	296.4	6.9	0.0	0.0	0.5	-0.1	130.5	253.6	236.8	-5726.7	6624.6	0.5	
90.40	298.4	6.7	0.0	0.0	-3.4	-0.1	133.3	250.7	228.3	-5741.6	6641.8	-3.4	
90.45	300.3	6.8	0.0	0.0	-9.0	-0.1	135.5	246.1	217.8	-5675.1	6681.6	-9.0	
90.50	302.3	6.9	0.0	0.0	-9.0	-0.1	134.8	240.7	209.4	-5604.3	6665.5	-9.0	
90.55	304.3	6.9	0.0	0.0	-5.8	-0.1	131.8	237.3	202.5	-5508.4	6594.1	-5.8	
90.60	306.3	7.1	0.0	0.0	-5.5	-0.1	128.5	230.2	194.4	-5332.8	6532.7	-5.5	
90.65	308.2	7.1	0.0	0.0	-7.2	-0.1	126.7	220.4	185.8	-5137.1	6511.0	-7.2	
90.70	310.2	7.0	0.0	0.0	-7.4	-0.1	128.8	213.8	180.1	-4992.0	6540.1	-7.4	
90.75	312.2	7.0	0.0	0.0	-7.3	-0.1	132.7	209.9	174.8	-4892.9	6615.4	-7.3	
90.80	314.2	6.9	0.0	0.0	-7.7	-0.1	134.5	206.0	165.8	-4800.0	6714.3	-7.7	
90.85	316.2	6.9	0.0	0.0	-6.2	-0.1	134.5	200.9	155.6	-4692.8	6792.9	-6.2	
90.90	318.1	6.9	0.0	0.0	-4.5	-0.1	134.9	193.0	149.7	-4539.8	6828.9	-4.5	
90.95	320.1	7.0	0.0	0.0	-4.1	-0.1	137.6	183.3	146.7	-4277.8	6902.4	-4.1	
91.00	322.1	7.0	0.0	0.0	-3.8	-0.1	140.5	171.7	142.1	-3940.7	7046.1	-3.8	
91.05	324.1	7.1	0.0	0.0	-2.5	-0.1	142.5	158.4	134.5	-3619.6	7224.7	-2.5	
91.10	326.1	6.9	0.0	0.0	-4.1	-0.1	148.2	147.4	128.7	-3301.8	7444.0	-4.1	
91.15	328.0	6.8	0.0	0.0	-9.2	-0.1	155.9	137.4	125.7	-2965.2	7651.7	-9.2	
91.20	330.0	6.6	0.0	0.0	-8.0	-0.1	159.1	126.5	120.4	-2672.4	7786.3	-8.0	
91.25	332.0	6.7	0.0	0.0	-1.9	-0.1	157.3	118.4	112.4	-2442.0	7833.7	-1.9	
91.30	334.0	6.7	0.0	0.0	3.6	-0.1	154.8	115.5	106.3	-2251.3	7814.7	3.6	
91.35	335.9	6.8	0.0	0.0	8.7	-0.1	152.6	108.4	103.3	-2069.8	7758.7	8.7	
91.40	337.9	6.8	0.0	0.0	10.8	-0.1	151.5	95.6	100.9	-1806.3	7724.3	10.8	
91.45	339.9	6.8	0.0	0.0	10.4	-0.1	152.0	84.7	97.5	-1494.5	7741.3	10.4	
91.50	341.9	6.8	0.0	0.0	10.4	-0.1	152.4	75.9	94.1	-1217.3	7772.0	10.4	
91.55	343.8	7.0	0.0	0.0	10.8	-0.1	153.4	64.3	90.7	-951.1	7840.2	10.8	
91.60	345.8	6.9	0.0	0.0	7.9	-0.1	157.6	50.2	87.8	-651.7	7983.1	7.9	
91.65	347.8	6.7	0.0	0.0	5.6	-0.1	162.9	36.1	85.2	-429.7	8160.5	5.6	
91.70	349.8	6.8	0.0	0.0	5.3	-0.1	166.9	29.0	83.2	-276.0	8302.6	5.3	
91.75	351.7	7.0	0.0	0.0	4.0	-0.1	169.7	25.0	81.4	-101.6	8413.2	4.0	
91.80	353.7	7.1	0.0	0.0	7.0	-0.1	169.9	15.4	78.8	66.8	8479.2	7.0	
91.85	355.7	7.1	0.0	0.0	5.0	-0.1	172.4	3.6	78.2	283.7	8537.2	5.0	
91.90	357.7	6.8	0.0	0.0	-0.0	-0.1	174.3	-4.8	79.2	504.8	8534.5	-0.0	
91.95	359.6	6.6	0.0	0.0	0.1	-0.1	170.7	-13.8	78.8	706.4	8420.8	0.1	
92.00	1.6	6.6	0.0	0.0	2.6	-0.1	166.0	-21.8	77.6	951.9	8275.6	2.6	
92.05	3.6	6.4	0.0	0.0	3.4	-0.1	163.4	-31.6	79.5	1193.0	8129.8	3.4	
92.10	5.5	6.4	0.0	0.0	3.5	-0.1	160.0	-45.9	82.1	1386.5	7963.0	3.5	
92.15	7.5	6.5	0.0	0.0	3.0	-0.1	155.4	-55.8	82.6	1611.8	7808.7	3.0	
92.20	9.5	6.7	0.0	0.0	6.2	-0.1	149.2	-61.8	81.0	1811.9	7675.5	6.2	
92.25	11.5	6.8	0.0	0.0	8.9	-0.1	145.9	-68.5	81.8	2004.5	7602.4	8.9	
92.30	13.4	6.8	0.0	0.0	4.3	-0.1	150.3	-76.3	86.0	2264.2	7652.0	4.3	
92.35	15.4	7.0	0.0	0.0	-0.4	-0.1	157.0	-88.2	89.2	2511.9	7759.6	-0.4	
92.40	17.4	7.0	0.0	0.0	-0.3	-0.1	159.5	-102.1	90.9	2740.9	7801.7	-0.3	
92.45	19.4	7.0	0.0	0.0	0.0	-0.1	160.3	-108.8	94.6	2999.7	7787.0	0.0	
92.50	21.4	6.8	0.0	0.0	0.9	-0.1	158.9	-117.6	99.2	3270.3	7722.4	0.9	
92.55	23.3	6.7	0.0	0.0	2.4	-0.1	157.6	-130.1	102.7	3540.1	7673.2	2.4	
92.60	25.3	6.7	0.0	0.0	0.5	-0.1	159.0	-140.4	106.0	3832.2	7682.1	0.5	
92.65	27.3	6.6	0.0	0.0	0.4	-0.1	158.2	-150.9	109.7	4077.7	7668.3	0.4	
92.70	29.3	6.5	0.0	0.0	1.1	-0.1	155.2	-157.4	114.0	4287.3	7639.0	1.1	
92.75	31.2	6.4	0.0	0.0	1.7	-0.1	152.8	-161.8	118.6	4513.9	7634.5	1.7	
92.80	33.2	6.5	0.0	0.0	4.9	-0.1	150.4	-173.6	123.7	4730.9	7646.1	4.9	
92.85	35.2	6.5	0.0	0.0	4.5	-0.1	152.1	-185.4	131.0	4962.4	7743.1	4.5	
92.90	37.2	6.4	0.0	0.0	0.3	-0.1	158.4	-191.9	139.0	5186.9	7961.1	0.3	
92.95	39.1	6.5	0.0	0.0	-1.5	-0.1	164.3	-201.9	144.3	5372.9	8235.4	-1.5	
93.00	41.1	6.7	0.0	0.0	-5.5	-0.1	172.8	-209.5	149.0	5557.5	8581.3	-5.5	
93.05	43.1	6.9	0.0	0.0	-12.2	-0.1	183.7	-216.1	155.3	5753.2	8951.6	-12.2	
93.10	45.1	6.8	0.0	0.0	-17.6	-0.1	192.8	-225.2	162.7	5939.3	9254.8	-17.6	
93.15	47.0	6.6	0.0	0.0	-21.1	-0.1	198.7	-230.8	170.5	6103.6	9483.9	-21.1	
93.20	49.0	6.4	0.0	0.0	-21.4	-0.1	199.7	-237.7	176.6	6255.8	9618.0	-21.4	
93.25	51.0	6.4	0.0	0.0	-21.0	-0.1	199.5	-243.5	183.4	6402.7	9700.1	-21.0	
93.30	53.0	6.4	0.0	0.0	-22.6	-0.1	201.2	-247.0	192.2	6539.1	9775.9	-22.6	
93.35	55.0	6.4	0.0	0.0	-24.6	-0.1	203.4	-251.8	201.2	6637.7	9848.1	-24.6	
93.40	56.9	6.3	0.0	0.0	-27.1	-0.1	204.5	-258.4	208.1	6742.2	9906.9	-27.1	
93.45	58.9	6.4	0.0	0.0	-28.2	-0.1	203.3	-265.0	214.3	6888.1	9919.3	-28.2	
93.50	60.9	6.4	0.0	0.0	-27.5	-0.1	200.3	-270.6	221.8	7046.3	9869.7	-27.5	
93.55	62.9	6.2	0.0	0.0	-27.0	-0.1	198.7	-270.6	231.4	7155.5	9839.0	-27.0	
93.60	64.8	6.0	0.0	0.0	-27.1	-0.1	197.2	-276.0	238.7	7247.8	9860.1	-27.1	
93.65	66.8	6.0	0.0	0.0	-31.4	-0.1	199.7	-284.4	245.2	7379.0	9957.1	-31.4	
93.70	68.8	5.9	0.0	0.0	-37.7	-0.1	207.4	-284.0	256.2	7485.9	10078.0	-37.7	
93.75	70.8	5.9	0.0	0.0	-38.4	-0.1	211.7	-284.4	268.4	7512.8	10127.1	-38.4	
93.80	72.7	5.9	0.0	0.0	-37.5	-0.1	210.7	-288.7	276.8	7571.3	10140.4	-37.5	
93.85	74.7	5.8	0.0	0.0	-38.4	-0.1	207.2	-295.2	283.7	7732.0	10120.0	-38.4	
93.90	76.7	5.9	0.0	0.0	-35.0	-0.1	201.4	-301.6	292.3	7866.2	10005.7	-35.0	
93.95	78.6	5.8	0.0	0.0	-33.6	-0.1	199.0	-303.1	303.0	7977.6	9896.5	-33.6	
94.00	80.6	5.8	0.0	0.0	-38.0	-0.1	202.1	-305.9	312.8	8133.2	9894.5	-38.0	
94.05	82.6	5.8	0.0	0.0	-43.6	-0.1	206.6	-313.3	321.0	8235.0	9933.3	-43.6	
94.10	84.6	5.8	0.0	0.0	-48.4	-0.1	212.8	-315.4	331.4	8237.8	9950.1	-48.4	
94.15	86.5	5.7	0.0	0.0	-48.9	-0.1	217.3	-309.7	343.7	8167.8	9899.1	-48.9	
94.20	88.5	5.5	0.0	0.0	-43.8	-0.1	215.3	-307.6	353.8	8099.1	9775.7	-43.8	
94.25	90.5	5.4	0.0	0.0	-37.2	-0.1	208.5	-310.4	361.2	8102.2	9639.6	-37.2	
94.30	92.4	5.3	0.0	0.0	-32.5	-0.1	202.0	-310.9	369.2	8109.9	9499.1	-32.5	
94.35	94.4	5.1	0.0	0.0	-29.5	-0.1	197.9	-309.2	378.5	8081.7	9366.5	-29.5	
94.40	96.4	5.2	0.0	0.0	-29.6	-0.1	196.2	-307.9	387.6	8083.3	9272.1	-29.6	
94.45	98.3	5.1	0.0	0.0	-32.5	-0.1	197.1	-308.3	395.7	8111.7	9229.5	-32.5	
94.50	100.3	5.0	0.0	0.0	-31.3	-0.1	197.0	-307.1	404.9	8029.6	9144.0	-31.3	
94.55	102.3	5.0	0.0	0.0	-27.4	-0.1	197.3	-298.2	415.5	7825.1	9062.8	-27.4	
94.60	104.3	5.0	0.0	0.0	-24.1	-0.1	196.8	-289.6	425.3	7614.4	9009.9	-24.1	
94.65	106.2	4.9	0.0	0.0	-21.9	-0.1	195.5	-287.9	432.9	7426.0	9002.2	-21.9	
94.70	108.2	5.2	0.0	0.0	-20.3	-0.1	195.7	-283.9	442.8	7272.7	9020.1	-20.3	
94.75	110.2	5.4	0.0	0.0	-22.0	-0.1	197.4	-277.5	452.9	7133.6	9069.2	-22.0	
94.80	112.1	5.4	0.0	0.0	-23.1	-0.1	198.0	-274.1	461.1	7031.7	9119.3	-23.1	
94.85	114.1	5.5	0.0	0.0	-28.2	-0.1	198.8	-275.1	469.0	7018.3	9163.6	-28.2	
94.90	116.1	5.8	0.0	0.0	-33.4	-0.1	201.0	-275.0	479.1	6997.1	9168.6	-33.4	
94.95	118.1	6.0	0.0	0.0	-34.7	-0.1	202.0	-270.9	490.5	6877.3	9134.2	-34.7	
95.00	120.0	6.1	0.0	0.0	-31.9	-0.1	200.4	-263.1	500.1	6698.8	9119.8	-31.9	
95.05	122.0	6.1	0.0	0.0	-30.3	-0.1	199.5	-254.0	507.1	6519.8	9182.5	-30.3	
95.10	124.0	6.1	0.0	0.0	-29.2	-0.1	201.5	-246.7	515.1	6335.6	9275.2	-29.2	
95.15	125.9	6.1	0.0	0.0	-30.8	-0.1	206.9	-238.4	526.1	6201.8	9386.3	-30.8	
95.20	127.9	6.2	0.0	0.0	-33.0	-0.1	210.0	-233.3	535.6	6121.3	9473.0	-33.0	
95.25	129.8	6.3	0.0	0.0	-33.8	-0.1	208.2	-231.1	541.7	6072.8	9509.6	-33.8	
95.30	131.8	6.2	0.0	0.0	-34.2	-0.1	203.5	-227.9	547.8	6036.6	9466.7	-34.2	
95.35	133.8	6.2	0.0	0.0	-30.8	-0.1	198.1	-222.2	555.6	5942.7	9349.0	-30.8	
95.40	135.8	6.3	0.0	0.0	-26.6	-0.1	195.3	-216.8	563.6	5802.7	9257.6	-26.6	
95.45	137.7	6.4	0.0	0.0	-30.1	-0.1	196.2	-209.9	569.8	5620.3	9251.1	-30.1	
95.50	139.7	6.5	0.0	0.0	-33.4	-0.1	199.1	-197.4	574.7	5338.2	9284.5	-33.4	
95.55	141.7	6.5	0.0	0.0	-36.6	-0.1	202.2	-184.2	580.6	5048.0	9294.4	-36.6	
95.60	143.6	6.5	0.0	0.0	-36.7	-0.1	201.7	-176.4	585.9	4836.6	9229.5	-36.7	
95.65	145.6	6.6	0.0	0.0	-31.2	-0.1	195.0	-169.4	589.4	4650.8	9052.6	-31.2	
95.70	147.6	6.6	0.0	0.0	-24.7	-0.1	185.2	-161.0	593.5	4466.9	8790.3	-24.7	
95.75	149.5	6.6	0.0	0.0	-21.9	-0.1	176.3	-154.3	598.5	4283.7	8524.4	-21.9	
95.80	151.5	6.6	0.0	0.0	-19.2	-0.1	171.0	-147.7	603.1	4094.9	8326.8	-19.2	
95.85	153.5	6.7	0.0	0.0	-16.4	-0.1	168.5	-139.3	606.1	3844.2	8201.9	-16.4	
95.90	155.4	6.6	0.0	0.0	-16.6	-0.1	169.5	-129.0	609.5	3553.6	8142.1	-16.6	
95.95	157.4	6.5	0.0	0.0	-16.8	-0.1	171.7	-116.9	613.5	3257.3	8093.5	-16.8	
96.00	159.4	6.6	0.0	0.0	-16.7	-0.1	172.4	-104.1	617.6	2975.8	8036.7	-16.7	
96.05	161.3	6.7	0.0	0.0	-15.1	-0.1	169.2	-95.7	621.3	2821.2	7934.0	-15.1	
96.10	163.3	6.7	0.0	0.0	-16.5	-0.1	167.5	-89.1	623.5	2670.8	7886.4	-16.5	
96.15	165.3	6.5	0.0	0.0	-14.7	-0.1	165.0	-81.4	627.9	2538.1	7830.4	-14.7	
96.20	167.2	6.4	0.0	0.0	-8.3	-0.1	160.1	-74.1	631.9	2358.7	7760.5	-8.3	
96.25	169.2	6.5	0.0	0.0	-8.2	-0.1	158.6	-63.2	631.4	2091.9	7814.2	-8.2	
96.30	171.1	6.5	0.0	0.0	-10.7	-0.1	165.8	-49.6	631.6	1873.2	8054.6	-10.7	
96.35	173.1	6.4	0.0	0.0	-21.3	-0.1	177.9	-40.2	634.8	1638.8	8369.6	-21.3	
96.40	175.1	6.2	0.0	0.0	-26.0	-0.1	188.1	-31.2	638.8	1348.6	8645.1	-26.0	
96.45	177.0	6.4	0.0	0.0	-21.9	-0.1	189.8	-16.5	639.5	1011.8	8784.3	-21.9	
96.50	179.0	6.3	0.0	0.0	-17.7	-0.1	185.1	-5.4	637.2	762.4	8812.0	-17.7	
96.55	180.9	6.2	0.0	0.0	-17.9	-0.1	184.6	0.3	635.1	562.7	8859.5	-17.9	
96.60	182.9	6.0	0.0	0.0	-15.2	-0.1	185.9	10.0	637.4	330.3	8889.3	-15.2	
96.65	184.9	6.0	0.0	0.0	-14.9	-0.1	187.2	19.2	637.2	50.3	8930.1	-14.9	
96.70	186.8	5.9	0.0	0.0	-12.4	-0.1	184.4	25.6	632.2	-258.4	8927.1	-12.4	
96.75	188.8	5.9	0.0	0.0	-10.4	-0.1	182.1	38.7	628.7	-535.0	8901.3	-10.4	
96.80	190.8	6.0	0.0	0.0	-4.5	-0.1	179.1	55.2	629.8	-842.4	8819.8	-4.5	
96.85	192.7	6.1	0.0	0.0	-0.5	-0.1	178.9	66.6	630.2	-1156.3	8795.3	-0.5	
96.90	194.7	6.0	0.0	0.0	-2.8	-0.1	182.0	76.1	627.1	-1382.4	8883.2	-2.8	
96.95	196.6	6.1	0.0	0.0	-7.6	-0.1	185.6	84.1	623.3	-1571.9	8996.8	-7.6	
97.00	198.6	6.3	0.0	0.0	-2.1	-0.1	185.7	93.2	621.6	-1785.5	9033.1	-2.1	
97.05	200.6	6.3	0.0	0.0	1.6	-0.1	186.6	104.3	620.4	-1964.4	9067.4	1.6	
97.10	202.5	6.4	0.0	0.0	1.1	-0.1	188.7	111.0	616.4	-2107.7	9151.9	1.1	
97.15	204.5	6.4	0.0	0.0	-1.9	-0.1	190.8	114.0	611.9	-2252.2	9244.4	-1.9	
97.20	206.5	6.5	0.0	0.0	-2.0	-0.1	193.2	122.4	609.7	-2449.1	9301.5	-2.0	
97.25	208.4	6.6	0.0	0.0	-0.1	-0.1	195.7	133.7	606.9	-2651.8	9338.4	-0.1	
97.30	210.4	6.6	0.0	0.0	1.6	-0.1	194.9	140.9	602.1	-2814.7	9295.1	1.6	
97.35	212.3	6.5	0.0	0.0	5.1	-0.1	190.2	149.2	597.4	-2970.3	9173.0	5.1	
97.40	214.3	6.2	0.0	0.0	11.6	-0.1	182.1	158.8	591.4	-3182.2	9009.2	11.6	
97.45	216.3	6.2	0.0	0.0	17.9	-0.1	176.9	164.7	583.2	-3386.1	8925.9	17.9	
97.50	218.2	6.3	0.0	0.0	15.3	-0.1	178.1	170.4	576.7	-3489.1	8940.5	15.3	
97.55	220.2	6.4	0.0	0.0	13.3	-0.1	181.9	176.9	572.2	-3567.1	8988.0	13.3	
97.60	222.2	6.4	0.0	0.0	15.0	-0.1	186.1	184.8	566.4	-3696.6	9070.9	15.0	
97.65	224.1	6.4	0.0	0.0	14.0	-0.1	191.6	193.4	557.7	-3875.5	9231.5	14.0	
97.70	226.1	6.4	0.0	0.0	10.0	-0.1	196.8	199.0	549.7	-4083.9	9393.8	10.0	
97.75	228.1	6.5	0.0	0.0	11.2	-0.1	199.5	207.1	544.2	-4308.4	9463.3	11.2	
97.80	230.0	6.5	0.0	0.0	16.6	-0.1	199.6	218.1	537.8	-4541.8	9479.1	16.6	
97.85	232.0	6.3	0.0	0.0	22.3	-0.1	198.2	224.7	529.1	-4748.5	9508.2	22.3	
97.90	234.0	6.2	0.0	0.0	20.6	-0.1	199.8	227.4	521.1	-4909.8	9594.5	20.6	
97.95	236.0	6.3	0.0	0.0	15.6	-0.1	204.4	230.3	515.2	-5049.9	9706.1	15.6	
98.00	238.0	6.4	0.0	0.0	13.2	-0.1	207.6	233.6	508.7	-5172.0	9758.4	13.2	
98.05	239.9	6.3	0.0	0.0	14.4	-0.1	207.6	236.6	501.2	-5239.7	9709.9	14.4	
98.10	241.9	6.2	0.0	0.0	14.9	-0.1	205.4	240.8	492.6	-5285.7	9619.9	14.9	
98.15	243.9	6.3	0.0	0.0	13.9	-0.1	202.1	246.5	484.7	-5403.1	9514.4	13.9	
98.20	245.9	6.3	0.0	0.0	14.1	-0.1	199.3	252.9	476.7	-5585.9	9429.8	14.1	
98.25	247.8	6.2	0.0	0.0	13.1	-0.1	198.3	258.0	467.9	-5725.2	9381.4	13.1	
98.30	249.8	6.0	0.0	0.0	11.9	-0.1	198.1	260.5	458.6	-5775.0	9338.4	11.9	
98.35	251.8	5.9	0.0	0.0	12.1	-0.1	197.2	263.6	449.9	-5762.5	9258.0	12.1	
98.40	253.8	5.8	0.0	0.0	11.9	-0.1	195.4	266.1	440.6	-5755.8	9147.6	11.9	
98.45	255.7	5.9	0.0	0.0	13.7	-0.1	192.3	264.7	430.3	-5775.6	9017.4	13.7	
98.50	257.7	6.0	0.0	0.0	11.4	-0.1	192.0	262.4	419.9	-5755.4	8932.7	11.4	
98.55	259.7	6.0	0.0	0.0	6.2	-0.1	193.2	263.1	410.7	-5718.9	8845.8	6.2	
98.60	261.7	6.2	0.0	0.0	7.1	-0.1	191.5	266.8	401.7	-5750.8	8698.9	7.1	
98.65	263.6	6.1	0.0	0.0	9.7	-0.1	186.7	271.9	391.4	-5856.5	8538.0	9.7	
98.70	265.6	6.1	0.0	0.0	10.7	-0.1	180.1	273.8	379.2	-5976.4	8403.6	10.7	
98.75	267.6	6.3	0.0	0.0	8.7	-0.1	174.1	270.2	367.8	-6003.4	8264.2	8.7	
98.80	269.6	6.4	0.0	0.0	7.5	-0.1	170.1	267.8	358.3	-5938.9	8077.4	7.5	
98.85	271.5	6.5	0.0	0.0	5.6	-0.1	168.0	267.6	349.6	-5856.3	7875.9	5.6	
98.90	273.5	6.5	0.0	0.0	2.2	-0.1	166.3	268.7	339.1	-5805.2	7729.1	2.2	
98.95	275.5	6.5	0.0	0.0	-3.1	-0.1	165.6	264.7	328.3	-5790.7	7655.3	-3.1	
99.00	277.5	6.6	0.0	0.0	-5.6	-0.1	165.9	260.3	319.0	-5795.1	7601.8	-5.6	
99.05	279.4	6.6	0.0	0.0	-4.0	-0.1	166.7	262.5	311.1	-5840.0	7549.3	-4.0	
99.10	281.4	6.6	0.0	0.0	-1.6	-0.1	165.8	267.8	301.7	-5912.9	7508.5	-1.6	
99.15	283.4	6.7	0.0	0.0	-2.9	-0.1	165.8	273.7	290.9	-5990.7	7529.2	-2.9	
99.20	285.3	6.9	0.0	0.0	-4.3	-0.1	166.2	271.0	282.3	-6034.9	7558.6	-4.3	
99.25	287.3	7.2	0.0	0.0	-3.9	-0.1	165.2	263.2	274.8	-6009.5	7545.3	-3.9	
99.30	289.3	7.1	0.0	0.0	-3.3	-0.1	160.4	257.3	265.5	-5903.4	7469.3	-3.3	
99.35	291.3	7.0	0.0	0.0	-1.5	-0.1	153.5	254.6	255.0	-5773.1	7373.4	-1.5	
99.40	293.2	7.1	0.0	0.0	0.1	-0.1	148.5	255.2	245.0	-5709.4	7330.3	0.1	
99.45	295.2	7.0	0.0	0.0	1.5	-0.1	148.2	249.1	237.3	-5711.2	7358.5	1.5	
99.50	297.2	7.0	0.0	0.0	-3.1	-0.1	152.7	241.5	229.1	-5715.2	7453.9	-3.1	
99.55	299.1	7.0	0.0	0.0	-12.0	-0.1	160.6	242.0	219.6	-5700.1	7585.4	-12.0	
99.60	301.1	7.0	0.0	0.0	-14.2	-0.1	166.7	246.4	211.7	-5687.0	7684.9	-14.2	
99.65	303.0	6.9	0.0	0.0	-9.6	-0.1	167.7	244.6	204.2	-5621.8	7746.0	-9.6	
99.70	305.0	6.7	0.0	0.0	-6.2	-0.1	165.3	234.7	195.4	-5435.1	7774.1	-6.2	
99.75	307.0	6.8	0.0	0.0	-4.2	-0.1	159.9	222.5	185.7	-5180.7	7696.0	-4.2	
99.80	308.9	6.8	0.0	0.0	3.0	-0.1	152.2	214.0	178.2	-4918.6	7503.6	3.0	
99.85	310.9	6.9	0.0	0.0	12.9	-0.1	145.5	207.9	173.5	-4652.5	7315.1	12.9	
99.90	312.9	7.2	0.0	0.0	19.2	-0.1	142.4	200.7	166.7	-4432.9	7266.4	19.2	
99.95	314.8	7.4	0.0	0.0	17.5	-0.1	144.5	193.0	157.3	-4283.2	7360.0	17.5	
100.00	316.8	7.6	0.0	0.0	13.0	-0.1	149.8	187.0	150.5	-4176.0	7468.3	13.0	
100.05	318.8	7.7	0.0	0.0	12.9	-0.1	152.8	180.7	147.1	-4032.2	7495.7	12.9	
100.10	320.7	7.8	0.0	0.0	13.9	-0.1	152.1	170.8	142.8	-3752.4	7488.2	13.9	
100.15	322.7	7.8	0.0	0.0	12.6	-0.1	151.7	160.5	135.9	-3371.3	7545.3	12.6	
100.20	324.6	7.7	0.0	0.0	10.1	-0.1	153.2	147.0	129.4	-3006.0	7658.7	10.1	
100.25	326.6	7.6	0.0	0.0	6.3	-0.1	158.3	132.4	124.4	-2697.0	7834.9	6.3	
100.30	328.6	7.5	0.0	0.0	-0.8	-0.1	166.2	122.6	118.4	-2431.1	8062.0	-0.8	
100.35	330.5	7.4	0.0	0.0	-5.0	-0.1	172.1	117.6	110.7	-2254.6	8254.5	-5.0	
100.40	332.5	7.2	0.0	0.0	-2.1	-0.1	173.8	116.8	104.5	-2209.8	8335.3	-2.1	
100.45	334.5	7.1	0.0	0.0	4.6	-0.1	172.0	115.6	100.7	-2221.8	8302.9	4.6	
100.50	336.4	7.1	0.0	0.0	8.2	-0.1	168.1	107.8	97.2	-2173.5	8182.8	8.2	
100.55	338.4	7.3	0.0	0.0	7.5	-0.1	162.3	95.7	93.5	-2004.6	7981.0	7.5	
100.60	340.4	7.4	0.0	0.0	8.0	-0.1	154.7	87.5	90.2	-1774.8	7714.7	8.0	
100.65	342.3	7.4	0.0	0.0	13.9	-0.1	144.0	77.8	87.0	-1545.9	7407.2	13.9	
100.70	344.3	7.5	0.0	0.0	18.6	-0.1	134.9	64.8	82.7	-1310.1	7153.4	18.6	
100.75	346.3	7.5	0.0	0.0	15.5	-0.1	131.5	53.1	78.5	-1107.1	7012.7	15.5	
100.80	348.2	7.5	0.0	0.0	11.8	-0.1	130.8	46.8	77.0	-1034.9	6919.3	11.8	
100.85	350.2	7.4	0.0	0.0	12.2	-0.1	131.1	47.1	77.2	-1038.3	6871.9	12.2	
100.90	352.2	7.4	0.0	0.0	14.2	-0.1	132.5	44.7	77.5	-963.9	6890.3	14.2	
100.95	354.1	7.4	0.0	0.0	12.5	-0.1	135.8	35.1	77.0	-783.8	6982.0	12.5	
101.00	356.1	7.3	0.0	0.0	6.0	-0.1	142.1	22.8	78.5	-470.0	7126.8	6.0	
101.05	358.1	7.2	0.0	0.0	3.9	-0.1	145.5	9.2	80.3	-94.8	7225.4	3.9	
101.10	0.0	7.2	0.0	0.0	5.8	-0.1	143.7	-7.0	80.2	341.4	7246.9	5.8	
101.15	2.0	7.3	0.0	0.0	2.7	-0.1	142.8	-24.2	78.2	818.2	7285.8	2.7	
101.20	4.0	7.4	0.0	0.0	0.1	-0.1	144.4	-36.5	78.6	1173.2	7345.8	0.1	
101.25	6.0	7.4	0.0	0.0	1.7	-0.1	147.2	-44.2	81.5	1360.7	7413.4	1.7	
101.30	7.9	7.3	0.0	0.0	1.6	-0.1	150.9	-52.1	83.0	1521.3	7500.7	1.6	
101.35	9.9	7.3	0.0	0.0	-2.2	-0.1	154.8	-60.7	84.0	1748.5	7574.1	-2.2	
101.40	11.9	7.4	0.0	0.0	-2.1	-0.1	155.7	-68.5	88.2	2011.4	7540.7	-2.1	
101.45	13.9	7.5	0.0	0.0	3.8	-0.1	151.8	-78.3	93.6	2317.1	7402.2	3.8	
101.50	15.9	7.5	0.0	0.0	6.1	-0.1	147.0	-94.8	94.9	2726.3	7292.5	6.1	
101.55	17.8	7.6	0.0	0.0	1.0	-0.1	144.6	-114.6	93.7	3207.1	7272.5	1.0	
101.60	19.8	7.7	0.0	0.0	-4.0	-0.1	145.6	-125.7	95.0	3565.1	7316.5	-4.0	
101.65	21.8	7.4	0.0	0.0	-5.2	-0.1	148.2	-129.1	99.0	3740.2	7377.9	-5.2	
101.70	23.8	7.4	0.0	0.0	-4.9	-0.1	150.3	-134.4	101.7	3822.0	7433.6	-4.9	
101.75	25.7	7.6	0.0	0.0	-6.3	-0.1	152.7	-140.9	104.3	3870.1	7493.3	-6.3	
101.80	27.7	7.8	0.0	0.0	-7.6	-0.1	156.2	-142.4	110.6	3879.3	7543.2	-7.6	
101.85	29.7	7.9	0.0	0.0	-6.7	-0.1	159.1	-145.3	118.7	3916.0	7575.5	-6.7	
101.90	31.7	8.0	0.0	0.0	-8.7	-0.1	162.1	-155.8	124.2	4100.2	7648.3	-8.7	
101.95	33.7	8.1	0.0	0.0	-15.9	-0.1	164.3	-171.1	127.2	4407.0	7754.0	-15.9	
102.00	35.6	8.2	0.0	0.0	-19.3	-0.1	162.8	-186.7	130.8	4682.3	7799.0	-19.3	
102.05	37.6	8.2	0.0	0.0	-17.3	-0.1	159.8	-195.0	136.1	4878.2	7781.9	-17.3	
102.10	39.6	8.2	0.0	0.0	-14.0	-0.1	157.1	-201.8	141.0	5035.6	7748.1	-14.0	
102.15	41.6	8.4	0.0	0.0	-14.6	-0.1	157.9	-210.1	146.3	5171.7	7755.1	-14.6	
102.20	43.5	8.6	0.0	0.0	-18.6	-0.1	164.5	-210.0	155.4	5240.0	7824.2	-18.6	
102.25	45.5	8.6	0.0	0.0	-18.8	-0.1	172.4	-208.2	166.0	5243.6	7907.7	-18.8	
102.30	47.5	8.4	0.0	0.0	-18.7	-0.1	178.0	-215.2	173.1	5356.6	7998.9	-18.7	
102.35	49.5	8.2	0.0	0.0	-24.8	-0.1	182.5	-225.2	179.5	5679.7	8101.1	-24.8	
102.40	51.4	8.2	0.0	0.0	-25.9	-0.1	181.5	-236.7	187.4	6046.9	8098.4	-25.9	
102.45	53.4	8.2	0.0	0.0	-18.7	-0.1	175.5	-247.7	195.6	6361.1	7997.4	-18.7	
102.50	55.4	8.2	0.0	0.0	-14.5	-0.1	170.5	-257.9	201.2	6665.9	7968.6	-14.5	
102.55	57.4	8.2	0.0	0.0	-17.1	-0.1	169.3	-270.0	205.2	6923.4	8065.3	-17.1	
102.60	59.3	8.4	0.0	0.0	-21.2	-0.1	173.0	-274.1	212.6	7058.2	8230.9	-21.2	
102.65	61.3	8.5	0.0	0.0	-22.2	-0.1	179.2	-268.7	223.5	7087.4	8401.8	-22.2	
102.70	63.3	8.5	0.0	0.0	-21.4	-0.1	182.8	-270.2	232.5	7126.8	8551.0	-21.4	
102.75	65.2	8.4	0.0	0.0	-25.6	-0.1	185.9	-278.6	239.8	7278.3	8719.1	-25.6	
102.80	67.2	8.3	0.0	0.0	-31.8	-0.1	189.9	-286.3	248.7	7503.6	8873.2	-31.8	
102.85	69.2	8.3	0.0	0.0	-32.3	-0.1	192.3	-293.6	258.6	7708.4	8968.6	-32.3	
102.90	71.1	8.6	0.0	0.0	-33.8	-0.1	195.2	-301.1	266.3	7932.9	9096.4	-33.8	
102.95	73.1	8.6	0.0	0.0	-40.5	-0.1	200.2	-306.8	272.7	8122.2	9302.5	-40.5	
103.00	75.1	8.5	0.0	0.0	-42.4	-0.1	205.0	-311.4	280.3	8146.2	9486.0	-42.4	
103.05	77.0	8.4	0.0	0.0	-40.9	-0.1	210.9	-307.6	290.3	8014.7	9643.9	-40.9	
103.10	79.0	8.1	0.0	0.0	-38.5	-0.1	214.8	-299.9	300.8	7840.6	9762.6	-38.5	
103.15	80.9	7.9	0.0	0.0	-35.1	-0.1	215.1	-296.1	310.1	7691.3	9835.3	-35.1	
103.20	82.9	7.7	0.0	0.0	-34.0	-0.1	216.5	-294.5	320.0	7608.1	9914.0	-34.0	
103.25	84.9	7.8	0.0	0.0	-33.8	-0.1	218.7	-296.2	331.5	7590.4	9963.0	-33.8	
103.30	86.8	7.8	0.0	0.0	-34.8	-0.1	220.6	-303.5	342.0	7646.0	10011.6	-34.8	
103.35	88.8	7.8	0.0	0.0	-40.3	-0.1	222.9	-310.4	350.4	7777.0	10106.1	-40.3	
103.40	90.8	8.0	0.0	0.0	-42.8	-0.1	223.7	-310.0	358.5	7841.9	10182.6	-42.8	
103.45	92.7	8.1	0.0	0.0	-41.6	-0.1	223.5	-308.3	368.0	7799.1	10193.8	-41.6	
103.50	94.7	8.1	0.0	0.0	-39.7	-0.1	222.6	-306.7	378.6	7711.4	10143.0	-39.7	
103.55	96.7	8.1	0.0	0.0	-39.7	-0.1	221.6	-301.6	388.5	7599.0	10063.2	-39.7	
103.60	98.6	7.9	0.0	0.0	-34.8	-0.1	217.0	-294.9	398.4	7455.0	9886.1	-34.8	
103.65	100.6	7.7	0.0	0.0	-27.3	-0.1	210.6	-287.9	409.0	7359.7	9662.0	-27.3	
103.70	102.5	7.9	0.0	0.0	-23.9	-0.1	206.7	-285.0	419.4	7408.5	9504.2	-23.9	
103.75	104.5	7.9	0.0	0.0	-24.4	-0.1	205.0	-290.2	428.5	7523.7	9431.2	-24.4	
103.80	106.5	7.8	0.0	0.0	-26.3	-0.1	205.0	-295.7	437.3	7635.3	9433.0	-26.3	
103.85	108.5	7.9	0.0	0.0	-29.8	-0.1	206.9	-295.9	446.6	7717.3	9492.3	-29.8	
103.90	110.4	8.0	0.0	0.0	-29.3	-0.1	206.6	-295.5	455.5	7747.6	9514.1	-29.3	
103.95	112.4	8.1	0.0	0.0	-28.9	-0.1	206.9	-293.8	464.4	7710.5	9533.8	-28.9	
104.00	114.4	8.1	0.0	0.0	-29.7	-0.1	210.5	-285.8	473.9	7571.5	9598.6	-29.7	
104.05	116.3	8.0	0.0	0.0	-29.4	-0.1	214.6	-277.2	482.1	7335.4	9688.2	-29.4	
104.10	118.3	7.9	0.0	0.0	-29.8	-0.1	217.8	-270.8	489.7	7153.1	9756.2	-29.8	
104.15	120.3	7.8	0.0	0.0	-32.1	-0.1	220.2	-266.1	498.4	7110.7	9779.5	-32.1	
104.20	122.2	7.8	0.0	0.0	-33.5	-0.1	220.0	-265.2	508.0	7113.4	9728.9	-33.5	
104.25	124.2	7.6	0.0	0.0	-32.2	-0.1	216.3	-264.1	516.8	7083.4	9617.0	-32.2	
104.30	126.1	7.3	0.0	0.0	-32.7	-0.1	213.1	-259.5	523.8	6995.4	9559.1	-32.7	
104.35	128.1	7.2	0.0	0.0	-30.8	-0.1	209.8	-254.5	530.0	6792.2	9502.7	-30.8	
104.40	130.1	7.2	0.0	0.0	-26.1	-0.1	207.5	-244.7	537.3	6487.7	9437.9	-26.1	
104.45	132.0	7.1	0.0	0.0	-25.5	-0.1	207.9	-229.0	544.6	6126.9	9413.3	-25.5	
104.50	134.0	6.9	0.0	0.0	-24.2	-0.1	206.7	-216.0	550.1	5728.5	9350.0	-24.2	
104.55	136.0	6.8	0.0	0.0	-22.2	-0.1	204.3	-207.0	556.5	5387.9	9243.3	-22.2	
104.60	138.0	6.8	0.0	0.0	-21.5	-0.1	203.2	-199.3	565.1	5169.9	9164.0	-21.5	
104.65	139.9	6.8	0.0	0.0	-19.6	-0.1	201.8	-193.8	572.0	4979.2	9111.7	-19.6	
104.70	141.9	6.8	0.0	0.0	-18.4	-0.1	200.5	-188.5	576.3	4814.7	9098.7	-18.4	
104.75	143.9	6.8	0.0	0.0	-25.4	-0.1	205.3	-179.8	581.4	4686.4	9193.3	-25.4	
104.80	145.8	6.7	0.0	0.0	-31.0	-0.1	211.4	-173.3	588.6	4493.3	9281.3	-31.0	
104.85	147.8	6.6	0.0	0.0	-33.4	-0.1	214.8	-163.2	595.8	4219.9	9327.0	-33.4	
104.90	149.8	6.5	0.0	0.0	-31.9	-0.1	212.7	-147.4	599.7	3894.2	9313.5	-31.9	
104.95	151.7	6.6	0.0	0.0	-24.9	-0.1	205.6	-135.8	602.5	3603.3	9203.8	-24.9	
105.00	153.7	6.5	0.0	0.0	-18.9	-0.1	202.4	-128.1	607.9	3401.7	9118.6	-18.9	
105.05	155.7	6.3	0.0	0.0	-16.2	-0.1	200.5	-121.4	616.0	3286.3	9019.4	-16.2	
105.10	157.6	6.4	0.0	0.0	-14.2	-0.1	197.7	-120.7	620.5	3271.4	8928.5	-14.2	
105.15	159.6	6.3	0.0	0.0	-13.3	-0.1	193.0	-119.7	620.8	3268.8	8826.9	-13.3	
105.20	161.5	6.3	0.0	0.0	-15.2	-0.1	191.5	-111.0	623.5	3223.0	8755.0	-15.2	
105.25	163.5	6.2	0.0	0.0	-18.3	-0.1	194.6	-100.7	628.2	3077.6	8754.7	-18.3	
105.30	165.5	6.2	0.0	0.0	-19.7	-0.1	197.3	-91.8	631.4	2856.4	8771.3	-19.7	
105.35	167.4	6.3	0.0	0.0	-19.0	-0.1	199.1	-79.1	631.4	2550.8	8803.5	-19.0	
105.40	169.4	6.5	0.0	0.0	-14.6	-0.1	196.8	-64.5	632.8	2250.2	8750.9	-14.6	
105.45	171.4	6.5	0.0	0.0	-12.9	-0.1	198.6	-53.0	633.9	1998.1	8762.8	-12.9	
105.50	173.3	6.4	0.0	0.0	-14.4	-0.1	197.8	-46.7	637.6	1905.7	8697.4	-14.4	
105.55	175.3	6.3	0.0	0.0	-14.1	-0.1	195.5	-44.1	637.7	1804.1	8618.2	-14.1	
105.60	177.2	6.3	0.0	0.0	-9.8	-0.1	188.4	-37.5	635.7	1607.9	8463.7	-9.8	
105.65	179.2	6.4	0.0	0.0	-9.7	-0.1	183.7	-24.5	633.8	1352.4	8354.3	-9.7	
105.70	181.2	6.5	0.0	0.0	-7.6	-0.1	184.0	-13.2	632.5	1037.2	8346.0	-7.6	
105.75	183.1	6.5	0.0	0.0	-15.1	-0.1	189.0	-1.7	632.1	654.7	8428.1	-15.1	
105.80	185.1	6.4	0.0	0.0	-13.2	-0.1	191.7	15.3	631.9	169.7	8494.3	-13.2	
105.85	187.0	6.4	0.0	0.0	-8.4	-0.1	190.7	32.0	629.9	-314.6	8526.2	-8.4	
105.90	189.0	6.4	0.0	0.0	-8.0	-0.1	191.1	44.0	627.2	-645.4	8585.4	-8.0	
105.95	190.9	6.5	0.0	0.0	-11.8	-0.1	192.0	50.4	627.5	-813.1	8595.3	-11.8	
106.00	192.9	6.5	0.0	0.0	-12.2	-0.1	191.2	55.6	627.9	-1010.5	8576.1	-12.2	
106.05	194.9	6.3	0.0	0.0	-12.5	-0.1	190.8	64.2	623.3	-1230.1	8614.0	-12.5	
106.10	196.8	6.2	0.0	0.0	-14.1	-0.1	192.5	75.0	616.5	-1448.2	8716.6	-14.1	
106.15	198.8	6.1	0.0	0.0	-15.5	-0.1	194.5	85.3	613.7	-1705.7	8769.6	-15.5	
106.20	200.7	6.3	0.0	0.0	-13.5	-0.1	195.0	100.0	614.6	-2015.5	8721.4	-13.5	
106.25	202.7	6.5	0.0	0.0	-5.8	-0.1	189.1	114.9	613.4	-2321.7	8567.2	-5.8	
106.30	204.6	6.7	0.0	0.0	4.9	-0.1	177.5	124.9	607.1	-2627.8	8374.9	4.9	
106.35	206.6	6.6	0.0	0.0	7.9	-0.1	172.5	133.4	602.4	-2787.5	8285.6	7.9	
106.40	208.5	6.4	0.0	0.0	6.7	-0.1	175.9	138.2	600.8	-2829.5	8324.7	6.7	
106.45	210.5	6.2	0.0	0.0	5.5	-0.1	182.8	138.1	598.1	-2857.7	8464.5	5.5	
106.50	212.4	6.0	0.0	0.0	1.0	-0.1	192.1	141.1	590.9	-2889.2	8727.9	1.0	
106.55	214.4	6.1	0.0	0.0	-5.4	-0.1	199.6	145.3	582.6	-2964.7	8997.1	-5.4	
106.60	216.3	6.2	0.0	0.0	-4.6	-0.1	201.7	150.6	578.1	-3116.3	9108.0	-4.6	
106.65	218.3	6.1	0.0	0.0	0.5	-0.1	200.6	164.0	575.6	-3282.6	9108.5	0.5	
106.70	220.2	6.3	0.0	0.0	8.9	-0.1	196.4	177.3	569.4	-3484.7	9076.2	8.9	
106.75	222.2	6.4	0.0	0.0	16.6	-0.1	191.2	184.7	560.2	-3697.9	9055.5	16.6	
106.80	224.1	6.6	0.0	0.0	18.4	-0.1	191.1	192.6	553.3	-3849.5	9098.7	18.4	
106.85	226.1	6.5	0.0	0.0	14.9	-0.1	196.2	196.5	547.6	-3933.6	9213.5	14.9	
106.90	228.0	6.4	0.0	0.0	12.7	-0.1	200.5	195.5	540.3	-3973.9	9330.1	12.7	
106.95	230.0	6.5	0.0	0.0	12.1	-0.1	203.2	198.3	531.7	-4009.4	9437.6	12.1	
107.00	231.9	6.4	0.0	0.0	12.7	-0.1	204.2	205.0	523.6	-4152.1	9516.4	12.7	
107.05	233.9	6.5	0.0	0.0	12.1	-0.1	205.0	211.6	515.9	-4406.3	9600.8	12.1	
107.10	235.8	6.5	0.0	0.0	10.6	-0.1	206.9	221.2	507.9	-4724.3	9681.9	10.6	
107.15	237.8	6.4	0.0	0.0	14.5	-0.1	206.4	234.1	499.0	-5087.7	9695.7	14.5	
107.20	239.7	6.3	0.0	0.0	19.0	-0.1	204.4	243.4	489.3	-5358.7	9653.3	19.0	
107.25	241.7	6.2	0.0	0.0	20.1	-0.1	203.6	249.3	480.4	-5512.0	9601.4	20.1	
107.30	243.6	6.3	0.0	0.0	19.0	-0.1	204.4	250.9	473.3	-5599.9	9554.0	19.0	
107.35	245.6	6.2	0.0	0.0	15.5	-0.1	205.5	250.7	466.0	-5653.2	9523.2	15.5	
107.40	247.5	6.1	0.0	0.0	11.5	-0.1	205.4	251.5	457.2	-5657.2	9494.9	11.5	
107.45	249.5	6.2	0.0	0.0	8.4	-0.1	202.3	255.3	447.1	-5679.2	9415.7	8.4	
107.50	251.4	6.3	0.0	0.0	14.0	-0.1	195.4	263.2	438.5	-5812.7	9222.5	14.0	
107.55	253.4	6.4	0.0	0.0	17.2	-0.1	188.5	271.9	430.8	-5984.5	8986.9	17.2	
107.60	255.3	6.5	0.0	0.0	18.8	-0.1	180.8	274.9	421.7	-6141.1	8766.7	18.8	
107.65	257.3	6.2	0.0	0.0	19.2	-0.1	173.7	278.0	411.5	-6240.6	8573.7	19.2	
107.70	259.3	6.0	0.0	0.0	18.5	-0.1	168.6	283.5	402.5	-6286.0	8386.2	18.5	
107.75	261.2	5.8	0.0	0.0	17.3	-0.1	164.7	284.0	395.0	-6247.6	8185.9	17.3	
107.80	263.2	5.8	0.0	0.0	10.8	-0.1	164.1	275.6	387.3	-6063.2	8046.3	10.8	
107.85	265.1	5.7	0.0	0.0	3.6	-0.1	163.7	267.2	378.2	-5903.6	7950.2	3.6	
107.90	267.1	5.7	0.0	0.0	5.6	-0.1	159.3	266.0	367.5	-5920.3	7832.2	5.6	
107.95	269.0	5.8	0.0	0.0	10.7	-0.1	152.7	273.8	355.6	-6037.1	7718.4	10.7	
108.00	271.0	5.9	0.0	0.0	12.2	-0.1	149.1	280.5	344.4	-6112.6	7656.2	12.2	
108.05	272.9	5.9	0.0	0.0	11.4	-0.1	148.6	280.6	335.3	-6160.3	7609.3	11.4	
108.10	274.9	6.0	0.0	0.0	8.2	-0.1	149.6	281.8	327.4	-6224.7	7545.7	8.2	
108.15	276.8	6.0	0.0	0.0	5.3	-0.1	149.6	281.1	318.6	-6235.4	7466.7	5.3	
108.20	278.8	5.9	0.0	0.0	-1.2	-0.1	148.3	276.4	307.8	-6111.7	7388.7	-1.2	
108.25	280.7	5.9	0.0	0.0	-8.8	-0.1	147.4	271.1	297.3	-5945.3	7283.5	-8.8	
108.30	282.7	5.9	0.0	0.0	-12.7	-0.1	147.2	265.8	289.3	-5881.9	7119.1	-12.7	
108.35	284.6	5.8	0.0	0.0	-19.9	-0.1	147.0	263.3	280.3	-5910.1	6978.2	-19.9	
108.40	286.6	5.6	0.0	0.0	-27.8	-0.1	145.4	262.5	268.6	-5992.1	6879.0	-27.8	
108.45	288.5	5.3	0.0	0.0	-27.3	-0.1	140.8	266.1	257.3	-6168.3	6741.3	-27.3	
108.50	290.5	5.1	0.0	0.0	-20.7	-0.1	133.6	271.3	248.4	-6343.6	6529.9	-20.7	
108.55	292.4	5.1	0.0	0.0	-20.7	-0.1	127.4	273.6	239.9	-6361.9	6308.3	-20.7	
108.60	294.4	5.2	0.0	0.0	-24.4	-0.1	121.3	268.2	230.6	-6260.8	6076.8	-24.4	
108.65	296.3	5.3	0.0	0.0	-24.3	-0.1	114.8	257.1	223.2	-6132.4	5825.0	-24.3	
108.70	298.3	5.4	0.0	0.0	-23.2	-0.1	110.3	252.1	215.9	-5994.4	5635.2	-23.2	
108.75	300.2	5.4	0.0	0.0	-25.0	-0.1	107.7	249.4	205.3	-5870.0	5541.5	-25.0	
108.80	302.2	5.3	0.0	0.0	-28.9	-0.1	107.2	245.0	194.7	-5799.0	5505.5	-28.9	
108.85	304.1	5.3	0.0	0.0	-33.9	-0.1	110.5	244.9	188.4	-5805.4	5499.6	-33.9	
108.90	306.1	5.3	0.0	0.0	-33.2	-0.1	112.7	243.1	184.8	-5851.9	5468.6	-33.2	
108.95	308.0	5.3	0.0	0.0	-29.9	-0.1	109.3	239.4	176.7	-5819.1	5403.6	-29.9	
109.00	309.9	5.2	0.0	0.0	-27.0	-0.1	103.3	235.9	166.0	-5640.3	5313.1	-27.0	
109.05	311.9	4.9	0.0	0.0	-22.1	-0.1	97.6	227.0	159.2	-5376.6	5174.2	-22.1	
109.10	313.8	4.8	0.0	0.0	-20.1	-0.1	96.2	210.4	156.3	-5010.4	5082.7	-20.1	
109.15	315.8	4.7	0.0	0.0	-26.1	-0.1	99.5	194.8	150.1	-4579.7	5132.1	-26.1	
109.20	317.7	4.6	0.0	0.0	-29.7	-0.1	102.1	182.3	139.7	-4236.7	5233.2	-29.7	
109.25	319.6	4.6	0.0	0.0	-25.1	-0.1	102.6	176.2	131.7	-4044.7	5276.2	-25.1	
109.30	321.6	4.7	0.0	0.0	-18.7	-0.1	104.9	174.1	128.2	-3905.7	5296.4	-18.7	
109.35	323.5	4.6	0.0	0.0	-16.5	-0.1	107.5	168.5	124.2	-3751.2	5331.0	-16.5	
109.40	325.4	4.7	0.0	0.0	-15.6	-0.1	109.0	161.6	117.0	-3578.7	5398.6	-15.6	
109.45	327.4	4.7	0.0	0.0	-12.9	-0.1	109.9	156.3	109.8	-3384.2	5484.9	-12.9	
109.50	329.3	4.7	0.0	0.0	-10.0	-0.1	111.3	147.1	104.4	-3133.0	5595.8	-10.0	
109.55	331.3	4.8	0.0	0.0	-13.9	-0.1	115.8	132.1	99.4	-2781.6	5768.5	-13.9	
109.60	333.2	4.9	0.0	0.0	-21.9	-0.1	121.9	116.4	94.5	-2417.5	5969.8	-21.9	
109.65	335.1	4.9	0.0	0.0	-23.7	-0.1	125.4	104.5	90.5	-2188.4	6113.6	-23.7	
109.70	337.1	4.9	0.0	0.0	-20.6	-0.1	127.1	98.7	86.6	-2080.5	6232.1	-20.6	
109.75	339.0	4.8	0.0	0.0	-15.7	-0.1	128.0	92.8	82.1	-1991.5	6351.9	-15.7	
109.80	340.9	4.9	0.0	0.0	-14.6	-0.1	129.2	85.6	78.0	-1880.7	6466.0	-14.6	
109.85	342.9	4.8	0.0	0.0	-11.7	-0.1	129.2	80.7	74.6	-1806.4	6541.7	-11.7	
109.90	344.8	4.8	0.0	0.0	-8.3	-0.1	127.3	77.8	70.9	-1726.4	6574.2	-8.3	
109.95	346.7	4.8	0.0	0.0	-8.8	-0.1	125.6	70.5	67.3	-1511.5	6596.5	-8.8	
