Time[s]	Rotor azimuth angle[deg]	Hub wind speed magnitude[m/s]	ACTTORQUE1[Nm]	PITRAT1[deg/s]	PITFRIC1[kNm]	PITCH1[deg]	Blade root 1 Fx[KN]	Blade root 1 Fy[KN]	Blade root 1 Fz[KN]	Blade root 1 Mx[kNm]	Blade root 1 My[kNm]	Blade root 1 Mz[kNm]	
END_OF_HEADER
50.00	64.6	10.6	-106.2	-3.0	278.9	0.8	325.7	-323.1	534.2	9142.0	15772.6	-56.1	
50.05	67.3	10.7	-106.5	-3.1	285.0	0.6	340.0	-331.5	543.3	9231.2	16184.4	-65.1	
50.10	69.9	10.7	-104.4	-3.1	290.0	0.5	356.2	-335.2	558.6	9329.5	16504.4	-74.3	
50.15	72.6	10.8	-111.6	-3.1	293.9	0.3	364.0	-340.5	570.4	9451.4	16736.5	-84.1	
50.20	75.2	10.8	-87.5	-2.6	296.9	0.2	358.3	-349.2	576.0	9625.6	16883.0	-73.2	
50.25	77.9	10.9	-84.4	-2.0	298.1	0.1	348.0	-348.5	581.3	9701.1	16970.8	-68.2	
50.30	80.5	10.9	-90.6	-1.5	298.5	-0.0	344.0	-339.4	594.0	9680.2	17034.6	-71.0	
50.35	83.1	11.0	-96.2	-1.2	301.1	-0.1	349.9	-339.9	608.5	9694.2	17226.4	-74.2	
50.40	85.8	10.9	-103.1	-0.9	307.5	-0.1	364.8	-350.6	618.2	9781.2	17662.8	-84.2	
50.45	88.4	10.6	-111.0	-0.6	314.5	-0.2	383.7	-350.5	628.6	9813.6	18194.5	-94.6	
50.50	91.0	10.4	-114.2	-0.5	319.0	-0.2	398.6	-339.9	641.9	9689.9	18622.5	-94.0	
50.55	93.6	10.6	-117.2	-0.4	322.8	-0.2	408.8	-334.8	655.3	9594.9	18961.8	-95.2	
50.60	96.2	11.3	-120.1	-0.3	326.9	-0.2	414.9	-340.7	668.2	9683.9	19227.1	-97.2	
50.65	98.9	11.8	-120.6	-0.2	328.9	-0.2	415.0	-350.0	679.8	9738.8	19341.3	-93.7	
50.70	101.5	12.2	-119.6	-0.1	328.9	-0.3	414.5	-345.9	692.2	9689.5	19363.3	-88.2	
50.75	104.1	12.4	-120.5	-0.1	329.6	-0.3	417.9	-333.0	704.3	9616.1	19465.2	-89.0	
50.80	106.7	12.1	-122.3	-0.1	330.7	-0.3	419.9	-334.9	715.8	9625.0	19535.8	-92.6	
50.85	109.3	12.0	-123.3	-0.1	330.3	-0.3	418.7	-341.6	727.9	9667.8	19459.4	-95.7	
50.90	111.9	12.4	-124.2	-0.0	327.9	-0.3	416.9	-330.1	738.3	9536.5	19342.7	-100.5	
50.95	114.5	12.2	-123.8	-0.0	324.8	-0.3	413.7	-310.0	746.4	9338.1	19223.4	-101.5	
51.00	117.1	12.0	-122.8	-0.0	323.4	-0.3	410.8	-305.5	755.4	9273.1	19144.5	-99.3	
51.05	119.7	11.9	-121.4	-0.0	322.0	-0.3	408.2	-309.2	767.0	9219.7	19044.9	-95.6	
51.10	122.3	11.6	-118.2	-0.0	319.3	-0.3	407.6	-299.0	777.6	8967.9	18951.4	-86.9	
51.15	124.9	11.4	-115.3	-0.0	315.7	-0.3	403.8	-280.0	784.9	8622.0	18848.8	-80.5	
51.20	127.5	11.4	-112.5	-0.0	313.8	-0.3	400.1	-273.2	789.6	8317.2	18841.4	-72.7	
51.25	130.1	11.3	-108.9	-0.0	313.1	-0.3	402.0	-274.3	798.6	8091.5	18873.3	-60.8	
51.30	132.7	11.1	-106.8	-0.0	312.0	-0.3	408.3	-270.6	810.6	7881.2	18847.2	-54.9	
51.35	135.3	11.1	-105.7	-0.0	308.6	-0.3	410.0	-258.8	817.0	7567.1	18714.0	-54.5	
51.40	137.9	10.7	-105.3	-0.0	305.3	-0.3	410.7	-244.0	821.2	7308.0	18565.9	-56.1	
51.45	140.5	10.4	-102.4	-0.0	302.0	-0.3	410.8	-236.1	829.7	7106.6	18382.0	-49.4	
51.50	143.1	10.7	-97.8	-0.0	297.5	-0.3	408.9	-229.8	840.8	6810.3	18133.8	-38.3	
51.55	145.7	10.9	-93.5	-0.0	292.0	-0.3	404.7	-213.1	846.4	6411.0	17869.7	-29.1	
51.60	148.3	11.2	-89.5	-0.0	284.8	-0.3	394.0	-192.2	849.0	6002.5	17494.0	-22.6	
51.65	150.9	11.3	-84.3	-0.0	276.5	-0.3	379.9	-174.8	856.6	5633.6	17005.5	-13.0	
51.70	153.4	11.2	-78.9	-0.0	268.9	-0.3	367.6	-162.2	869.5	5354.7	16530.0	-1.9	
51.75	156.0	11.1	-76.6	-0.0	264.1	-0.3	360.1	-153.3	876.1	5141.1	16244.2	1.2	
51.80	158.6	11.4	-75.8	-0.0	260.9	-0.3	353.9	-144.7	874.8	4903.5	16095.3	0.7	
51.85	161.2	11.3	-74.9	-0.0	258.9	-0.3	353.6	-133.9	876.2	4586.2	16045.6	1.9	
51.90	163.8	11.0	-74.3	-0.0	257.7	-0.3	359.4	-121.7	884.0	4240.6	16031.1	2.7	
51.95	166.4	10.9	-75.3	-0.0	257.1	-0.3	366.8	-107.4	888.8	3898.6	16059.8	-1.6	
52.00	169.0	11.1	-74.4	-0.0	254.6	-0.3	365.1	-93.4	886.8	3457.4	15985.5	-1.0	
52.05	171.6	11.2	-70.5	-0.0	249.8	-0.3	356.8	-73.2	886.1	2903.8	15761.7	7.8	
52.10	174.2	10.9	-66.3	-0.0	244.2	-0.3	347.8	-48.9	890.4	2350.3	15459.8	16.6	
52.15	176.8	10.9	-63.2	-0.0	239.4	-0.3	340.0	-35.9	893.3	1973.3	15175.0	22.3	
52.20	179.4	10.9	-62.7	-0.0	236.1	-0.3	334.9	-29.1	891.3	1733.9	14971.8	20.7	
52.25	182.0	11.2	-63.0	-0.0	233.6	-0.3	332.8	-16.8	888.8	1401.4	14823.4	17.2	
52.30	184.6	11.1	-61.6	-0.0	230.3	-0.3	330.4	-0.7	889.1	999.4	14619.2	18.9	
52.35	187.2	10.9	-61.4	-0.0	227.3	-0.3	328.6	12.9	889.9	624.9	14414.6	16.4	
52.40	189.8	10.8	-62.1	-0.0	223.9	-0.3	324.4	24.8	887.7	218.8	14177.2	10.8	
52.45	192.4	10.8	-58.5	-0.0	219.4	-0.3	315.3	43.5	885.1	-323.3	13858.1	18.5	
52.50	195.0	10.9	-53.9	-0.0	216.2	-0.3	310.7	65.7	885.7	-873.1	13592.9	31.1	
52.55	197.6	11.2	-51.4	-0.0	214.6	-0.3	309.8	78.6	887.2	-1322.5	13429.0	38.2	
52.60	200.2	11.1	-52.4	-0.0	214.7	-0.3	311.1	88.3	884.8	-1640.9	13395.2	34.8	
52.65	202.8	10.9	-53.3	-0.0	215.2	-0.3	311.4	97.1	880.5	-1875.7	13392.9	32.3	
52.70	205.4	10.6	-51.4	-0.0	214.7	-0.3	307.3	107.3	876.5	-2120.4	13327.5	38.2	
52.75	208.0	10.1	-49.8	-0.0	214.5	-0.3	302.5	120.9	871.3	-2356.0	13270.3	43.7	
52.80	210.6	10.0	-49.4	-0.0	214.7	-0.3	299.6	132.0	864.8	-2569.1	13251.8	45.2	
52.85	213.2	10.1	-49.9	-0.0	216.3	-0.3	301.1	143.4	858.3	-2886.0	13294.6	44.9	
52.90	215.8	10.1	-50.0	-0.0	219.9	-0.3	306.8	160.4	853.5	-3324.7	13435.2	48.3	
52.95	218.4	10.0	-52.4	-0.0	224.4	-0.3	314.7	176.9	848.4	-3711.7	13646.9	44.5	
53.00	221.0	10.1	-53.8	-0.0	226.8	-0.3	317.3	188.1	841.1	-3915.2	13763.8	42.2	
53.05	223.6	10.4	-51.3	-0.0	226.2	-0.3	312.4	197.8	832.2	-4067.2	13675.9	50.1	
53.10	226.3	10.7	-46.4	-0.0	223.9	-0.3	303.5	202.8	824.0	-4246.3	13455.8	64.6	
53.15	228.9	10.6	-45.5	-0.0	222.1	-0.3	298.1	202.5	816.3	-4331.4	13313.5	65.8	
53.20	231.5	10.3	-48.0	-0.0	222.5	-0.3	299.0	204.3	807.4	-4395.0	13325.7	57.8	
53.25	234.2	10.0	-46.8	-0.0	224.1	-0.3	298.1	214.5	795.3	-4679.6	13345.5	63.5	
53.30	236.8	9.9	-46.5	-0.0	227.4	-0.3	301.6	234.4	785.9	-5051.6	13441.5	67.8	
53.35	239.4	9.9	-52.6	-0.0	232.2	-0.3	311.5	252.2	779.6	-5352.1	13662.3	51.7	
53.40	242.1	10.0	-54.9	-0.0	234.8	-0.3	314.3	256.2	771.5	-5692.5	13724.3	46.2	
53.45	244.7	9.9	-51.1	-0.0	234.5	-0.3	312.4	262.1	765.1	-5969.8	13581.3	59.0	
53.50	247.4	9.9	-46.8	-0.0	231.9	-0.3	304.5	273.4	760.0	-6068.9	13317.3	71.2	
53.55	250.1	9.9	-43.6	-0.0	228.7	-0.3	290.5	272.0	751.0	-6038.2	13112.1	78.9	
53.60	252.7	10.0	-42.8	-0.0	228.6	-0.3	283.4	270.7	738.3	-5994.1	13153.8	81.5	
53.65	255.4	10.3	-41.2	-0.0	231.2	-0.3	283.8	272.6	726.8	-6095.4	13326.9	89.6	
53.70	258.1	10.4	-40.3	-0.0	234.9	-0.3	288.9	269.1	717.2	-6266.4	13561.5	96.5	
53.75	260.7	10.4	-45.3	-0.0	239.3	-0.3	299.5	277.4	705.9	-6301.1	13882.5	83.9	
53.80	263.4	10.8	-49.4	-0.0	243.2	-0.3	307.7	291.9	694.1	-6390.5	14121.4	73.7	
53.85	266.0	11.1	-46.1	-0.0	244.0	-0.3	305.3	294.1	684.9	-6653.5	14079.1	85.6	
53.90	268.7	11.3	-44.0	-0.0	244.5	-0.3	305.0	294.4	676.2	-6757.5	14074.0	93.6	
53.95	271.4	11.0	-45.3	-0.0	245.1	-0.3	305.2	293.6	663.8	-6648.2	14194.2	89.6	
54.00	274.1	10.8	-43.5	-0.0	245.1	-0.3	299.5	290.8	649.0	-6566.9	14261.2	95.9	
54.05	276.7	10.7	-39.7	-0.0	245.5	-0.3	297.6	293.4	637.3	-6473.0	14345.7	109.2	
54.10	279.4	10.7	-38.3	-0.0	246.7	-0.3	299.7	287.5	626.7	-6325.6	14528.9	115.4	
54.15	282.1	10.9	-39.8	-0.0	248.6	-0.3	301.7	271.7	611.7	-6166.0	14791.2	112.0	
54.20	284.8	11.1	-42.4	-0.0	251.1	-0.3	307.2	270.4	596.4	-6067.1	15046.1	105.4	
54.25	287.5	11.5	-43.4	-0.0	253.4	-0.3	315.0	275.5	587.1	-6089.3	15199.2	104.5	
54.30	290.2	11.2	-44.3	-0.0	255.0	-0.3	323.9	272.9	581.8	-6062.4	15328.2	102.9	
54.35	292.9	11.1	-48.3	-0.0	256.5	-0.3	334.2	263.4	573.1	-5834.6	15540.6	90.7	
54.40	295.7	11.5	-49.1	-0.0	255.4	-0.3	334.1	248.9	562.0	-5570.5	15587.6	86.9	
54.45	298.4	11.6	-44.5	-0.0	251.9	-0.3	324.9	239.2	551.5	-5360.8	15430.5	99.3	
54.50	301.1	11.5	-41.9	-0.0	248.7	-0.3	320.7	235.5	540.9	-5016.6	15312.8	104.8	
54.55	303.8	11.3	-44.5	-0.0	246.3	-0.3	323.5	221.6	530.7	-4499.2	15311.6	93.4	
54.60	306.5	11.1	-46.7	-0.0	244.5	-0.3	326.5	201.3	521.5	-4053.1	15322.5	84.1	
54.65	309.3	10.9	-45.1	-0.0	243.0	-0.3	324.8	196.5	513.1	-3880.3	15269.8	88.0	
54.70	312.0	10.5	-39.4	-0.0	239.8	-0.3	313.4	196.4	503.9	-3861.8	15067.1	104.5	
54.75	314.7	11.1	-35.3	-0.0	235.9	-0.3	300.8	193.1	494.7	-3765.6	14830.0	114.9	
54.80	317.5	11.5	-35.3	-0.0	234.0	-0.3	298.5	188.8	488.5	-3585.0	14739.9	112.9	
54.85	320.2	11.6	-37.4	-0.0	234.3	-0.3	306.3	175.7	485.1	-3379.4	14819.5	106.0	
54.90	323.0	11.2	-43.0	-0.0	236.6	-0.3	320.4	158.8	480.0	-3057.0	15053.3	88.9	
54.95	325.7	11.1	-50.4	-0.0	239.1	-0.3	332.6	144.2	470.8	-2630.3	15323.7	66.3	
55.00	328.4	11.2	-51.1	-0.0	239.4	-0.3	332.3	125.3	458.8	-2299.6	15431.5	64.0	
55.05	331.2	11.2	-47.7	-0.0	237.0	-0.3	323.9	108.8	450.1	-2060.2	15327.4	73.2	
55.10	333.9	11.3	-44.9	-0.0	233.0	-0.3	316.2	97.5	447.1	-1878.9	15077.8	78.8	
55.15	336.7	11.4	-43.9	-0.0	230.0	-0.3	312.4	90.1	444.2	-1743.9	14882.0	79.1	
55.20	339.4	11.3	-43.7	-0.0	230.4	-0.3	314.3	83.3	438.5	-1567.9	14938.5	80.3	
55.25	342.2	11.3	-44.2	-0.0	234.3	-0.3	322.8	76.1	434.2	-1414.3	15235.9	82.7	
55.30	344.9	11.4	-46.5	-0.0	239.8	-0.3	336.4	64.0	433.2	-1201.7	15639.7	80.2	
55.35	347.7	11.5	-53.0	-0.0	246.1	-0.3	353.6	51.8	433.1	-830.5	16095.5	64.0	
55.40	350.5	11.3	-57.7	-0.0	249.8	-0.3	363.6	33.0	434.5	-327.8	16369.2	51.8	
55.45	353.2	10.9	-57.6	-0.0	249.7	-0.3	362.7	8.0	439.5	175.3	16368.0	52.0	
55.50	356.0	10.4	-56.6	-0.0	248.6	-0.3	359.5	-8.3	444.8	727.9	16278.0	54.5	
55.55	358.8	10.3	-56.2	-0.0	248.5	-0.3	355.3	-21.9	445.2	1208.8	16253.6	55.7	
55.60	1.6	10.5	-56.6	-0.0	250.3	-0.3	352.6	-42.4	442.5	1561.0	16359.4	56.1	
55.65	4.3	10.2	-61.0	-0.0	254.6	-0.3	358.4	-56.6	443.9	1946.2	16624.7	45.2	
55.70	7.1	9.8	-66.0	-0.0	259.8	-0.3	366.7	-64.8	448.4	2320.2	16942.0	33.2	
55.75	9.9	9.5	-68.6	-0.0	264.2	-0.3	370.3	-76.0	449.0	2592.0	17222.3	28.8	
55.80	12.7	9.3	-71.5	-0.0	268.8	-0.3	375.3	-89.3	447.8	2962.7	17497.3	23.5	
55.85	15.5	9.1	-74.9	-0.0	274.2	-0.3	386.7	-110.2	452.5	3495.1	17763.1	17.2	
55.90	18.3	9.0	-77.5	-0.0	279.0	-0.3	398.0	-135.3	463.2	4016.9	17959.3	13.0	
55.95	21.1	9.0	-80.6	-0.0	284.7	-0.3	408.8	-140.5	470.4	4429.6	18265.5	7.9	
56.00	23.9	9.1	-83.6	-0.0	291.3	-0.3	416.0	-146.0	469.7	4703.6	18683.3	4.4	
56.05	26.7	9.3	-83.4	-0.0	296.8	-0.3	420.5	-166.9	470.4	4941.2	19019.5	10.3	
56.10	29.5	8.9	-85.3	-0.0	301.5	-0.3	430.4	-182.7	483.6	5287.6	19235.9	8.7	
56.15	32.3	8.9	-85.1	-0.0	303.4	-0.3	432.6	-193.9	497.0	5540.0	19288.9	11.4	
56.20	35.1	9.2	-82.5	-0.0	304.0	-0.3	424.8	-206.0	501.8	5721.3	19285.1	20.8	
56.25	37.9	9.1	-86.2	-0.0	308.0	-0.3	427.8	-213.7	510.2	6062.5	19473.9	12.0	
56.30	40.7	9.0	-92.5	-0.0	314.0	-0.3	441.8	-225.6	527.5	6393.4	19771.2	-3.6	
56.35	43.5	9.1	-95.9	-0.0	318.8	-0.3	451.8	-244.2	543.2	6692.7	19990.7	-10.3	
56.40	46.3	9.2	-100.0	-0.0	323.8	-0.3	457.2	-258.1	551.0	7081.7	20216.8	-19.5	
56.45	49.1	9.0	-103.1	-0.0	327.3	-0.3	454.0	-269.4	556.8	7441.2	20353.9	-26.6	
56.50	51.9	8.7	-104.0	-0.0	328.5	-0.3	447.7	-274.3	568.5	7661.7	20372.1	-28.5	
56.55	54.7	9.0	-105.9	-0.0	329.0	-0.3	444.1	-277.3	583.6	7837.5	20332.9	-34.6	
56.60	57.6	9.4	-106.9	-0.0	329.8	-0.3	442.1	-286.3	594.5	7964.0	20335.0	-37.3	
56.65	60.4	9.9	-110.2	-0.0	332.4	-0.3	444.8	-292.4	604.0	8071.7	20476.9	-45.8	
56.70	63.2	9.7	-116.3	-0.0	336.9	-0.3	455.7	-286.4	617.5	8200.3	20761.1	-62.2	
56.75	66.0	9.3	-121.3	-0.0	340.9	-0.3	467.2	-289.1	632.5	8356.7	20976.5	-75.7	
56.80	68.9	8.8	-122.8	-0.0	342.8	-0.3	471.5	-303.9	645.4	8511.1	21026.5	-78.6	
56.85	71.7	8.3	-123.0	-0.0	343.3	-0.3	470.2	-314.5	657.5	8671.1	20971.9	-78.9	
56.90	74.6	8.1	-121.6	-0.0	341.1	-0.3	461.2	-320.5	670.2	8788.9	20745.9	-76.3	
56.95	77.4	7.9	-118.8	-0.0	336.4	-0.3	446.4	-322.4	682.5	8803.6	20380.2	-71.3	
57.00	80.2	7.7	-115.2	-0.0	332.9	-0.3	435.8	-320.6	695.4	8798.6	20108.1	-62.8	
57.05	83.1	7.9	-114.7	-0.0	331.4	-0.3	431.6	-323.3	709.5	8822.7	19967.6	-62.2	
57.10	85.9	8.3	-117.0	-0.0	332.4	-0.3	435.3	-328.1	724.4	8882.2	19997.2	-69.1	
57.15	88.8	9.0	-117.5	-0.0	333.3	-0.3	437.5	-324.8	739.7	8898.7	20048.1	-70.1	
57.20	91.6	9.2	-118.1	-0.0	333.8	-0.3	438.8	-316.6	754.0	8862.5	20107.9	-71.7	
57.25	94.4	9.3	-120.7	-0.0	333.8	-0.3	440.4	-312.0	770.9	8879.8	20094.0	-80.6	
57.30	97.3	9.3	-122.4	-0.0	332.9	-0.3	441.0	-313.8	789.6	8873.1	19996.2	-87.2	
57.35	100.1	8.8	-120.8	-0.0	330.1	-0.3	435.7	-318.3	806.6	8765.1	19800.8	-84.6	
57.40	103.0	8.5	-116.8	-0.0	325.5	-0.3	423.5	-319.0	820.5	8643.0	19499.4	-75.4	
57.45	105.8	8.3	-113.9	-0.0	320.2	-0.3	410.4	-311.9	834.3	8585.8	19120.8	-70.7	
57.50	108.7	8.2	-112.7	-0.0	315.4	-0.3	403.8	-303.6	849.1	8520.2	18770.4	-71.3	
57.55	111.5	8.3	-112.2	-0.0	311.4	-0.3	400.9	-303.0	865.3	8427.4	18474.0	-73.6	
57.60	114.4	8.3	-111.0	-0.0	307.1	-0.3	394.6	-302.7	876.9	8222.2	18215.6	-73.9	
57.65	117.3	8.0	-105.9	-0.0	301.1	-0.3	381.5	-290.6	885.3	7888.9	17920.4	-62.5	
57.70	120.1	8.1	-99.6	-0.0	294.6	-0.3	367.4	-268.4	895.1	7540.0	17603.9	-47.3	
57.75	123.0	8.3	-94.2	-0.0	288.8	-0.3	356.9	-253.8	910.4	7294.0	17275.1	-34.6	
57.80	125.9	8.7	-93.1	-0.0	286.5	-0.3	358.2	-251.4	926.6	7107.8	17148.5	-33.1	
57.85	128.8	8.5	-95.7	-0.0	286.8	-0.3	369.9	-247.9	938.8	6871.4	17231.0	-41.7	
57.90	131.7	8.5	-99.1	-0.0	287.1	-0.3	383.5	-234.4	948.1	6537.3	17370.0	-53.0	
57.95	134.5	8.7	-99.1	-0.0	286.4	-0.3	390.4	-215.0	957.5	6152.8	17457.5	-53.6	
58.00	137.4	8.3	-97.0	-0.0	285.7	-0.3	392.5	-199.0	968.3	5878.1	17505.0	-47.2	
58.05	140.3	8.4	-94.5	-0.0	284.4	-0.3	391.4	-191.3	978.0	5585.6	17496.3	-40.1	
58.10	143.2	8.7	-90.5	-0.0	279.6	-0.3	385.9	-182.8	988.4	5125.9	17278.6	-31.1	
58.15	146.1	9.0	-85.6	-0.0	271.3	-0.3	374.0	-168.2	1002.3	4590.2	16816.3	-22.5	
58.20	149.0	8.9	-79.1	-0.0	262.1	-0.3	357.7	-151.6	1015.8	4156.0	16267.4	-9.4	
58.25	151.9	8.9	-74.6	-0.0	255.5	-0.3	345.5	-140.2	1026.2	3900.2	15851.7	-0.6	
58.30	154.8	9.3	-72.6	-0.0	251.7	-0.3	341.0	-133.2	1033.8	3673.3	15626.6	2.5	
58.35	157.7	9.5	-70.3	-0.0	247.1	-0.3	334.5	-123.1	1040.0	3364.5	15364.6	5.8	
58.40	160.7	9.6	-67.6	-0.0	240.3	-0.3	321.4	-110.6	1044.5	3001.6	14964.4	8.4	
58.45	163.6	9.4	-64.1	-0.0	233.7	-0.3	309.1	-92.3	1048.1	2675.8	14560.3	13.4	
58.50	166.5	9.4	-62.2	-0.0	228.4	-0.3	302.7	-64.7	1056.1	2327.7	14250.0	14.8	
58.55	169.4	9.3	-60.5	-0.0	224.2	-0.3	298.7	-38.1	1064.4	1814.2	14019.5	16.6	
58.60	172.3	9.3	-59.9	-0.0	220.9	-0.3	294.9	-20.8	1068.5	1264.4	13841.2	15.4	
58.65	175.2	9.5	-64.1	-0.0	219.9	-0.3	298.2	-7.5	1071.0	811.5	13793.6	-0.1	
58.70	178.2	9.5	-67.3	-0.0	218.2	-0.3	300.1	7.3	1075.4	466.9	13673.0	-12.7	
58.75	181.1	9.6	-64.8	-0.0	212.6	-0.3	290.0	20.7	1078.7	197.1	13281.4	-9.7	
58.80	184.1	10.3	-58.1	-0.0	204.7	-0.3	271.6	29.7	1075.3	-90.8	12732.9	5.1	
58.85	187.0	10.7	-54.3	-0.0	197.2	-0.3	254.3	35.7	1069.3	-414.2	12210.4	10.6	
58.90	190.0	10.8	-54.7	-0.0	191.8	-0.3	244.9	46.0	1068.4	-765.6	11809.5	3.9	
58.95	192.9	10.6	-51.8	-0.0	187.6	-0.3	236.7	64.1	1069.0	-1263.2	11459.5	10.0	
59.00	195.9	10.6	-48.2	-0.0	187.5	-0.3	235.7	87.5	1064.5	-1880.4	11347.2	22.1	
59.05	198.8	10.8	-49.5	-0.0	190.7	-0.3	241.9	114.1	1059.4	-2415.0	11455.3	21.0	
59.10	201.8	11.0	-52.0	-0.0	193.8	-0.3	245.7	133.4	1060.0	-2846.1	11553.4	15.2	
59.15	204.7	10.8	-49.7	-0.0	196.8	-0.3	248.3	147.5	1059.1	-3252.6	11656.2	26.3	
59.20	207.7	10.6	-49.3	-0.0	201.3	-0.3	256.0	157.7	1053.1	-3500.9	11912.7	32.1	
59.25	210.6	10.6	-54.2	-0.0	206.1	-0.3	266.9	161.9	1045.8	-3528.6	12250.9	20.2	
59.30	213.6	10.5	-58.1	-0.0	210.3	-0.3	276.8	169.4	1043.1	-3599.6	12525.0	10.7	
59.35	216.6	10.4	-60.3	-0.0	215.6	-0.3	286.8	185.4	1039.2	-3928.2	12797.6	8.7	
59.40	219.5	10.4	-62.1	-0.0	221.2	-0.3	295.5	197.8	1029.7	-4377.2	13064.3	7.9	
59.45	222.5	10.5	-63.7	-0.0	225.6	-0.3	303.6	203.7	1021.5	-4734.6	13266.4	7.0	
59.50	225.5	10.6	-64.5	-0.0	227.7	-0.3	307.3	214.1	1015.6	-5015.7	13311.2	6.2	
59.55	228.5	10.6	-60.3	-0.0	226.5	-0.3	300.3	231.0	1007.0	-5298.5	13093.2	19.5	
59.60	231.4	10.8	-53.9	-0.0	221.7	-0.3	282.6	238.7	995.4	-5469.4	12672.0	36.8	
59.65	234.4	10.7	-50.0	-0.0	215.9	-0.3	262.4	238.3	982.4	-5445.2	12261.6	44.2	
59.70	237.4	10.3	-47.7	-0.0	212.6	-0.3	250.5	241.7	968.3	-5431.6	12024.9	49.0	
59.75	240.4	10.4	-44.4	-0.0	212.8	-0.3	250.0	249.3	955.9	-5539.6	11990.7	60.5	
59.80	243.3	10.7	-45.3	-0.0	217.6	-0.3	261.4	264.1	945.3	-5698.5	12265.8	62.2	
59.85	246.3	11.0	-49.8	-0.0	225.5	-0.3	276.8	278.2	933.8	-5912.6	12769.3	54.5	
59.90	249.3	11.0	-51.7	-0.0	233.2	-0.3	286.0	288.1	920.1	-6206.9	13239.7	55.8	
59.95	252.3	10.9	-49.0	-0.0	237.9	-0.3	291.4	291.9	909.3	-6426.5	13514.5	69.7	
60.00	255.3	10.9	-46.9	-0.0	239.6	-0.3	296.7	293.6	902.4	-6420.8	13656.3	78.8	
60.05	258.3	10.6	-48.4	-0.0	241.0	-0.3	300.3	290.4	893.4	-6291.1	13837.5	74.7	
60.10	261.3	10.4	-49.8	-0.0	244.2	-0.3	301.1	286.7	877.1	-6237.4	14145.0	73.2	
60.15	264.3	10.3	-49.2	-0.0	248.6	-0.3	304.2	282.4	857.6	-6272.1	14511.6	79.7	
60.20	267.3	10.5	-49.4	-0.0	252.1	-0.3	313.7	271.2	844.0	-6302.9	14797.8	82.4	
60.25	270.3	10.4	-51.8	-0.0	254.5	-0.3	326.6	269.4	835.9	-6317.8	14975.7	76.8	
60.30	273.3	10.3	-52.6	-0.0	256.6	-0.3	334.7	277.7	825.9	-6337.8	15110.7	76.1	
60.35	276.3	10.2	-51.7	-0.0	260.2	-0.3	336.2	286.0	808.3	-6432.5	15354.1	82.7	
60.40	279.3	10.1	-51.5	-0.0	264.9	-0.3	337.6	294.0	788.9	-6554.0	15690.8	88.2	
60.45	282.3	10.1	-51.5	-0.0	266.7	-0.3	339.6	296.4	777.2	-6536.9	15843.0	90.0	
60.50	285.3	10.1	-48.0	-0.0	263.8	-0.3	336.7	285.5	770.0	-6308.0	15735.2	99.0	
60.55	288.4	10.1	-42.4	-0.0	260.5	-0.3	327.9	276.8	758.6	-6030.9	15623.1	115.0	
60.60	291.4	10.1	-38.3	-0.0	261.1	-0.3	323.1	277.8	744.3	-5904.0	15746.3	129.6	
60.65	294.4	10.0	-40.1	-0.0	266.1	-0.3	333.4	276.7	732.7	-5828.1	16159.4	128.3	
60.70	297.4	10.3	-46.8	-0.0	273.3	-0.3	359.1	258.0	726.3	-5625.0	16790.1	112.8	
60.75	300.5	10.6	-52.6	-0.0	280.3	-0.3	384.4	232.0	719.6	-5326.4	17422.2	99.8	
60.80	303.5	11.0	-53.2	-0.0	284.7	-0.3	393.4	223.6	706.8	-5104.1	17834.6	102.1	
60.85	306.5	10.9	-50.7	-0.0	285.9	-0.3	386.5	232.5	688.4	-4988.9	17986.1	111.9	
60.90	309.6	10.7	-47.2	-0.0	283.8	-0.3	377.2	221.9	674.5	-4734.7	17934.6	121.9	
60.95	312.6	10.3	-45.3	-0.0	279.9	-0.3	376.6	188.7	669.7	-4257.1	17804.6	124.4	
61.00	315.7	10.8	-46.5	-0.0	276.1	-0.3	380.7	166.2	666.5	-3741.1	17651.1	116.4	
61.05	318.7	11.2	-48.2	-0.0	272.8	-0.3	381.6	163.9	658.3	-3284.8	17490.5	107.2	
61.10	321.7	11.3	-50.7	-0.0	270.7	-0.3	378.0	165.8	646.1	-2889.9	17418.4	96.7	
61.15	324.8	10.9	-50.8	-0.0	270.2	-0.3	376.5	152.2	638.7	-2535.9	17457.6	95.6	
61.20	327.8	10.7	-51.4	-0.0	270.7	-0.3	380.4	124.9	633.3	-2225.8	17564.9	94.2	
61.25	330.9	10.6	-56.6	-0.0	271.6	-0.3	388.5	110.2	625.7	-1782.8	17674.4	77.3	
61.30	333.9	10.4	-59.9	-0.0	270.5	-0.3	389.1	107.0	618.3	-1299.1	17637.7	64.8	
61.35	337.0	10.5	-56.6	-0.0	268.6	-0.3	382.6	95.4	615.2	-954.9	17546.2	74.2	
61.40	340.0	10.9	-54.3	-0.0	270.9	-0.3	385.6	71.2	613.9	-553.1	17745.2	84.4	
61.45	343.1	11.1	-57.1	-0.0	277.0	-0.3	398.0	38.9	608.5	-100.5	18200.6	80.8	
61.50	346.2	11.3	-59.3	-0.0	283.3	-0.3	407.1	18.6	599.6	184.6	18661.2	79.7	
61.55	349.2	11.7	-58.1	-0.0	288.3	-0.3	409.4	19.8	594.0	358.8	19035.1	88.8	
61.60	352.3	11.7	-60.5	-0.0	295.3	-0.3	419.1	14.9	593.2	655.6	19531.6	87.8	
61.65	355.4	11.9	-66.9	-0.0	303.6	-0.3	434.6	-10.3	593.7	1092.7	20097.3	74.1	
61.70	358.4	12.2	-73.5	-0.0	310.1	-0.3	445.9	-27.8	595.1	1453.0	20524.6	57.6	
61.75	1.4	13.1	-74.5	-0.0	311.9	-0.3	442.3	-33.6	594.2	1715.9	20657.2	56.3	
61.80	4.5	12.9	-73.6	-0.0	313.1	-0.3	436.5	-46.6	593.7	2195.9	20718.4	60.6	
61.85	7.6	12.3	-77.0	-0.0	317.4	-0.3	443.7	-63.3	598.8	2811.8	20940.7	53.1	
61.90	10.6	12.0	-79.8	-0.0	322.4	-0.3	455.5	-82.5	607.1	3185.0	21219.5	48.4	
61.95	13.7	12.0	-79.0	-0.0	326.4	-0.3	462.6	-100.7	611.7	3349.9	21464.8	55.3	
62.00	16.8	12.2	-79.9	-0.0	330.5	-0.3	468.5	-115.1	613.0	3602.6	21711.6	56.4	
62.05	19.9	12.3	-83.7	-0.0	334.0	-0.3	474.4	-132.1	619.4	4044.2	21868.2	46.5	
62.10	23.0	12.1	-88.4	-0.0	336.3	-0.3	480.7	-147.0	633.8	4521.0	21911.3	33.0	
62.15	26.1	12.0	-91.1	-0.0	338.4	-0.3	486.4	-164.3	647.0	4989.4	21924.3	25.8	
62.20	29.2	12.5	-93.9	-0.0	340.7	-0.3	487.8	-193.4	651.4	5500.3	21945.0	18.5	
62.25	32.2	12.5	-99.0	-0.0	343.9	-0.3	489.5	-218.8	654.1	6045.7	22015.3	4.1	
62.30	35.3	12.4	-104.8	-0.0	347.3	-0.3	494.8	-221.8	662.4	6448.7	22143.0	-12.4	
62.35	38.4	12.2	-107.5	-0.0	348.7	-0.3	495.5	-223.1	675.4	6816.7	22128.8	-20.4	
62.40	41.5	12.4	-108.9	-0.0	348.9	-0.3	491.8	-234.3	684.6	7154.6	22025.8	-25.1	
62.45	44.6	12.8	-108.2	-0.0	348.3	-0.3	486.4	-248.5	694.6	7417.7	21882.2	-23.3	
62.50	47.7	13.6	-107.9	-0.0	348.0	-0.3	481.2	-258.7	710.2	7657.2	21756.9	-22.5	
62.55	50.8	14.3	-110.3	-0.0	349.8	-0.3	479.0	-266.4	724.4	7942.6	21786.1	-28.9	
62.60	53.9	14.5	-116.3	-0.0	355.9	-0.3	488.7	-275.2	736.8	8297.1	22097.4	-43.4	
62.65	57.0	14.3	-124.8	-0.0	363.1	-0.3	501.9	-287.8	749.8	8597.2	22502.9	-65.2	
62.70	60.1	14.1	-127.1	-0.0	366.7	-0.3	506.1	-307.6	761.8	8791.6	22666.1	-69.5	
62.75	63.2	14.0	-125.7	-0.0	366.8	-0.3	502.8	-323.4	773.3	8910.2	22600.4	-64.8	
62.80	66.4	14.0	-120.1	-0.0	363.5	-0.3	489.7	-324.7	785.0	8886.0	22363.0	-49.0	
62.85	69.5	14.5	-115.2	-0.0	358.6	-0.3	470.6	-320.2	799.0	8771.5	22057.2	-36.9	
62.90	72.6	14.2	-114.1	-0.0	355.9	-0.3	461.9	-315.7	815.4	8664.3	21894.6	-35.7	
62.95	75.7	13.9	-115.4	-0.0	355.0	-0.3	462.8	-317.0	833.5	8692.1	21788.3	-41.3	
63.00	78.8	13.5	-119.7	-0.0	354.5	-0.3	466.4	-326.2	849.7	8821.6	21659.5	-56.2	
63.05	82.0	13.4	-112.7	-0.0	344.3	-0.3	457.3	-301.6	871.6	7877.2	21243.9	-42.7	
63.10	85.2	13.2	-119.0	-0.0	344.0	-0.3	465.3	-312.3	888.0	8001.5	21119.5	-64.5	
63.15	88.3	12.9	-126.6	-0.0	343.1	-0.3	460.5	-287.9	922.1	8366.4	20931.9	-91.6	
63.20	91.5	13.4	106.6	0.5	-331.5	-0.3	432.9	-309.0	921.7	7876.2	20213.7	-30.4	
63.25	94.7	13.6	98.5	0.9	-327.2	-0.2	429.1	-286.0	940.0	7753.4	19956.1	-37.6	
63.30	97.8	13.4	85.1	1.2	-326.2	-0.2	426.0	-269.7	975.0	7706.8	19899.0	-70.0	
63.35	101.0	12.9	87.4	1.4	-319.1	-0.1	419.0	-302.5	978.8	6993.2	19543.7	-46.0	
63.40	104.2	12.6	79.2	1.5	-316.1	-0.0	424.4	-280.8	994.4	6864.5	19363.2	-64.3	
63.45	107.3	12.6	73.7	1.7	-312.0	0.0	407.7	-256.4	1021.3	7126.1	19001.0	-74.0	
63.50	110.5	13.0	76.0	1.7	-302.7	0.1	389.2	-273.7	1027.5	6962.5	18324.1	-52.8	
63.55	113.7	13.0	70.1	1.8	-297.7	0.2	393.4	-260.2	1046.8	6968.9	17909.1	-65.2	
63.60	116.9	12.8	65.0	1.9	-289.7	0.3	373.6	-251.9	1075.3	6865.1	17339.7	-72.7	
63.65	120.1	12.7	66.5	1.9	-276.9	0.4	346.2	-255.1	1084.5	6405.6	16538.5	-53.1	
63.70	123.3	12.5	62.7	1.9	-266.1	0.5	330.3	-214.0	1100.3	6097.0	15883.1	-54.2	
63.75	126.5	12.5	64.8	1.9	-252.5	0.6	295.0	-183.4	1123.9	5594.4	15099.9	-32.6	
63.80	129.7	12.7	65.5	2.0	-242.3	0.7	282.8	-183.8	1137.8	4931.2	14531.1	-19.2	
63.85	133.0	12.9	56.8	2.0	-242.7	0.8	307.4	-177.1	1157.3	4756.3	14549.6	-49.0	
63.90	136.2	13.0	54.8	2.0	-243.8	0.9	313.8	-189.5	1177.3	4726.1	14600.6	-56.7	
63.95	139.5	13.0	58.5	2.0	-241.7	1.0	314.1	-187.7	1189.3	4435.5	14512.7	-41.8	
64.00	142.8	12.9	56.5	2.0	-240.6	1.1	322.8	-155.9	1205.3	4298.1	14481.3	-47.4	
64.05	146.0	13.2	56.4	2.0	-238.3	1.2	313.9	-156.9	1215.1	4101.2	14369.7	-45.1	
64.10	149.3	13.7	56.5	2.0	-236.8	1.3	315.8	-157.6	1218.5	3623.4	14369.1	-43.1	
64.15	152.5	13.6	53.6	2.0	-236.0	1.4	330.9	-119.5	1231.6	3152.4	14411.4	-52.4	
64.20	155.8	13.6	58.5	2.0	-231.6	1.5	322.1	-87.8	1243.0	2604.7	14228.9	-31.0	
64.25	159.1	13.7	60.9	2.0	-227.3	1.6	310.9	-62.0	1245.0	2071.9	14038.3	-18.5	
64.30	162.4	14.0	56.3	2.0	-224.4	1.7	309.9	-34.0	1253.6	1650.9	13880.1	-31.1	
64.35	165.7	14.3	56.2	2.0	-217.6	1.8	296.1	-33.6	1271.7	1226.3	13433.7	-24.8	
64.40	169.0	14.5	53.6	2.0	-212.3	1.9	289.4	-27.7	1285.5	926.1	13065.6	-28.3	
64.45	172.3	14.1	46.7	2.0	-208.6	2.0	285.6	-2.9	1288.0	683.1	12815.1	-48.4	
64.50	175.6	13.7	47.0	2.0	-201.3	2.1	265.8	8.0	1285.3	205.5	12331.5	-40.0	
64.55	179.0	13.5	45.4	2.0	-193.5	2.2	251.6	20.5	1289.2	-385.0	11778.1	-37.7	
64.60	182.3	13.3	38.0	2.0	-187.1	2.3	243.8	43.1	1296.6	-1000.8	11260.2	-56.5	
64.65	185.7	13.1	38.0	2.0	-179.2	2.4	225.1	56.0	1294.3	-1636.7	10631.3	-48.9	
64.70	189.0	13.0	39.5	2.0	-171.9	2.5	208.1	81.1	1291.2	-2140.6	10000.9	-36.3	
64.75	192.4	13.3	36.9	2.0	-164.5	2.6	193.9	109.2	1299.7	-2516.7	9333.6	-37.7	
64.80	195.7	13.5	34.3	2.0	-158.2	2.7	183.5	118.1	1306.6	-2816.2	8752.3	-40.6	
64.85	199.1	13.3	28.3	2.0	-154.2	2.8	181.2	127.3	1302.1	-2868.4	8407.3	-57.1	
64.90	202.4	13.0	25.1	2.0	-150.6	2.9	170.0	145.6	1292.5	-3061.5	8054.4	-64.4	
64.95	205.8	12.9	30.8	2.0	-146.9	3.0	152.4	163.7	1287.3	-3515.5	7565.1	-41.3	
65.00	209.1	13.2	31.9	2.0	-148.3	3.1	154.5	190.1	1284.9	-3880.3	7428.4	-38.6	
65.05	212.5	13.5	28.5	2.0	-153.3	3.2	163.2	201.7	1280.9	-4268.0	7603.7	-55.6	
65.10	215.9	13.5	27.6	2.0	-161.2	3.3	177.3	208.8	1277.2	-4830.9	7927.9	-66.7	
65.15	219.3	13.5	28.2	2.0	-171.7	3.4	200.9	236.3	1276.4	-5411.5	8378.9	-74.8	
65.20	222.8	13.3	26.9	2.0	-178.1	3.5	208.1	246.6	1273.2	-5807.2	8651.9	-85.9	
65.25	226.2	13.0	25.7	2.0	-178.7	3.6	205.5	239.6	1261.3	-5904.9	8677.9	-90.6	
65.30	229.6	12.8	25.4	2.0	-178.2	3.7	208.5	242.5	1248.5	-5921.6	8616.9	-91.1	
65.35	233.0	13.0	27.7	2.0	-178.6	3.8	196.9	249.8	1237.6	-6244.2	8442.1	-83.5	
65.40	236.4	13.3	30.5	2.0	-182.6	3.9	191.9	264.5	1222.9	-6672.7	8477.2	-77.9	
65.45	239.8	13.3	29.7	2.0	-188.4	4.0	205.0	283.5	1207.1	-6936.0	8759.4	-86.6	
65.50	243.2	13.1	29.7	2.0	-192.5	4.1	212.6	290.6	1198.1	-7210.4	8905.7	-90.6	
65.55	246.7	13.0	30.8	2.0	-196.0	4.2	224.4	314.7	1197.8	-7504.0	8910.7	-90.3	
65.60	250.1	13.1	30.9	2.0	-197.2	4.3	231.4	333.9	1193.6	-7711.9	8774.9	-91.2	
65.65	253.5	13.2	31.6	2.0	-193.7	4.4	207.5	325.9	1178.2	-7838.5	8402.8	-85.4	
65.70	257.0	13.3	34.5	2.0	-189.8	4.5	180.0	330.2	1160.1	-7890.0	8005.6	-71.3	
65.75	260.4	13.4	37.6	2.0	-187.4	4.6	170.2	339.9	1148.5	-7911.1	7721.2	-58.5	
65.80	263.9	13.1	37.1	2.0	-185.3	4.7	167.1	325.4	1138.4	-7819.6	7660.1	-58.0	
65.85	267.4	12.8	29.8	2.0	-186.3	4.8	179.5	311.0	1124.6	-7608.3	8009.3	-83.9	
65.90	270.9	12.6	21.4	2.0	-190.8	4.9	202.1	308.6	1110.1	-7605.8	8453.3	-117.2	
65.95	274.3	13.3	22.6	2.0	-194.0	5.0	212.1	306.9	1099.3	-7724.9	8666.0	-116.5	
66.00	277.8	13.6	23.8	2.0	-193.9	5.1	210.7	313.7	1086.7	-7685.8	8691.6	-112.3	
66.05	281.3	13.7	24.8	2.0	-191.7	5.2	207.0	319.9	1068.4	-7526.4	8613.4	-106.5	
66.10	284.7	13.4	30.2	2.0	-189.1	5.3	192.3	317.6	1049.3	-7505.0	8428.3	-85.5	
66.15	288.2	13.9	34.7	2.0	-187.0	5.4	179.2	320.1	1034.6	-7492.6	8261.6	-67.9	
66.20	291.7	14.0	34.1	2.0	-182.3	5.5	175.4	310.1	1022.8	-7179.3	8111.8	-65.2	
66.25	295.2	13.9	34.1	2.0	-176.5	5.6	173.2	284.0	1010.9	-6696.7	8055.0	-59.6	
66.30	298.6	14.2	33.0	2.0	-173.7	5.7	179.2	278.1	1002.3	-6226.1	8175.4	-60.5	
66.35	302.1	13.9	32.0	2.0	-175.6	5.8	195.3	275.9	995.1	-6022.8	8477.3	-65.9	
66.40	305.6	13.6	29.5	2.0	-178.5	5.9	208.0	250.3	981.5	-5851.9	8920.8	-77.1	
66.45	309.1	13.8	24.7	2.0	-182.9	6.0	226.4	236.9	965.6	-5521.9	9520.5	-98.2	
66.50	312.7	14.1	24.0	2.0	-186.2	6.1	242.1	229.1	953.3	-5303.7	9919.1	-103.7	
66.55	316.2	14.1	26.4	2.0	-185.7	6.2	243.9	219.0	944.6	-5102.8	10012.2	-95.2	
66.60	319.7	14.0	27.3	2.0	-183.3	6.3	238.6	209.2	932.3	-4790.1	10010.3	-89.6	
66.65	323.2	14.1	25.9	2.0	-179.1	6.4	234.8	178.7	920.2	-4370.2	9935.7	-90.2	
66.70	326.7	14.2	22.8	2.0	-173.6	6.5	236.2	149.7	917.3	-3810.2	9764.0	-95.2	
66.75	330.2	14.3	19.8	2.0	-167.7	6.6	237.8	139.4	917.4	-3218.5	9520.9	-99.7	
66.80	333.8	14.2	19.5	2.0	-161.7	6.7	231.1	127.8	907.4	-2809.3	9219.1	-94.7	
66.85	337.3	13.8	18.6	2.0	-156.4	6.8	222.2	115.6	893.6	-2479.6	8948.5	-92.6	
66.90	340.8	13.7	17.7	2.0	-150.5	6.9	211.6	103.4	889.1	-2212.8	8605.9	-89.9	
66.95	344.3	14.0	19.1	2.0	-142.7	7.0	197.2	89.2	891.6	-1970.9	8114.4	-77.3	
67.00	347.9	13.8	19.0	2.0	-136.2	7.1	183.2	76.6	891.7	-1580.4	7745.8	-70.9	
67.05	351.4	13.7	18.3	2.0	-135.5	7.2	182.3	66.5	886.8	-1073.8	7800.9	-72.6	
67.10	354.9	13.7	16.9	2.0	-140.5	7.3	196.5	44.7	888.3	-507.6	8212.2	-82.5	
67.15	358.5	13.7	12.7	2.0	-147.4	7.4	215.6	7.9	895.5	145.7	8703.6	-104.0	
67.20	2.0	13.7	10.8	2.0	-153.8	7.5	227.6	-24.0	893.8	666.1	9123.2	-116.8	
67.25	5.5	13.8	9.9	2.0	-157.1	7.6	227.9	-42.7	886.7	1194.0	9320.4	-123.2	
67.30	9.1	13.8	12.0	2.0	-157.7	7.7	221.5	-52.8	886.7	1667.4	9309.2	-116.4	
67.35	12.6	13.7	15.2	2.0	-157.8	7.8	218.8	-66.2	895.7	2045.3	9230.5	-105.6	
67.40	16.1	13.4	16.3	2.0	-158.6	7.9	220.6	-88.6	904.3	2416.8	9162.8	-102.6	
67.45	19.7	13.1	14.9	2.0	-159.9	8.0	222.0	-114.3	906.8	2864.6	9100.3	-108.7	
67.50	23.2	13.4	12.2	2.0	-159.1	8.1	216.0	-130.6	913.0	3516.4	8793.1	-117.3	
67.55	26.8	13.6	12.1	2.0	-155.0	8.2	201.9	-139.8	923.9	4097.2	8201.6	-113.6	
67.60	30.3	13.6	15.3	2.0	-149.1	8.3	179.8	-157.5	933.6	4602.2	7422.9	-96.7	
67.65	33.8	13.0	14.7	2.0	-145.7	8.4	159.0	-178.4	942.2	5152.2	6717.3	-95.0	
67.70	37.4	12.9	14.9	2.0	-144.9	8.5	145.4	-198.8	948.6	5498.5	6322.0	-93.9	
67.75	40.9	12.8	14.8	2.0	-145.5	8.6	142.3	-200.0	958.1	5624.6	6271.2	-94.6	
67.80	44.5	12.7	14.2	2.0	-149.5	8.7	151.2	-202.0	973.8	5868.6	6414.9	-100.7	
67.85	48.0	12.3	13.3	2.0	-155.6	8.8	162.4	-226.8	988.4	6209.9	6602.9	-109.9	
67.90	51.6	12.1	11.5	2.0	-161.1	8.9	170.1	-243.8	1000.8	6466.9	6846.3	-121.5	
67.95	55.2	12.2	6.8	2.0	-165.0	9.0	172.9	-247.9	1016.2	6718.3	6984.8	-141.5	
68.00	58.7	11.8	3.0	2.0	-168.1	9.1	171.7	-259.6	1026.0	6906.7	7075.1	-157.7	
68.05	62.3	11.7	2.4	2.0	-172.3	9.2	169.7	-273.7	1035.7	7242.9	7132.3	-163.9	
68.10	65.8	11.9	4.1	2.0	-175.4	9.3	169.5	-291.3	1047.9	7528.2	7097.6	-161.1	
68.15	69.4	12.6	7.1	2.0	-173.3	9.4	164.9	-299.0	1061.4	7485.8	6877.3	-148.8	
68.20	72.9	12.5	6.2	2.0	-169.6	9.5	160.8	-277.2	1079.6	7378.1	6645.8	-148.4	
68.25	76.4	12.2	5.6	2.0	-165.2	9.6	152.2	-273.6	1095.0	7256.5	6300.3	-145.9	
68.30	80.0	12.1	5.1	2.0	-158.9	9.7	134.6	-281.1	1110.2	7119.5	5711.7	-141.4	
68.35	83.5	12.1	1.9	2.0	-152.6	9.8	118.3	-275.4	1132.4	7065.4	5018.5	-146.2	
68.40	87.1	12.2	1.2	2.0	-145.3	9.9	97.0	-270.5	1152.4	6993.7	4149.8	-141.1	
68.45	90.7	12.5	0.9	2.0	-141.2	10.0	73.4	-270.4	1168.4	7122.6	3250.2	-138.1	
68.50	94.2	12.5	-2.6	2.0	-140.7	10.1	51.7	-276.8	1184.7	7371.2	2472.2	-149.8	
68.55	97.8	12.4	-2.5	2.0	-139.2	10.2	35.0	-290.7	1198.2	7414.4	1768.9	-147.8	
68.60	101.3	12.1	-1.9	2.0	-135.1	10.3	24.8	-287.7	1212.6	7217.4	1148.0	-141.7	
68.65	104.9	11.7	-2.4	2.0	-132.8	10.4	19.2	-275.3	1229.8	7127.5	659.1	-140.9	
68.70	108.4	11.4	-2.5	2.0	-132.1	10.5	12.6	-269.6	1246.8	7111.2	233.1	-140.7	
68.75	111.9	11.4	-0.7	2.0	-130.5	10.6	0.9	-265.6	1260.5	6988.8	-199.9	-132.8	
68.80	115.5	11.7	3.0	2.0	-126.1	10.7	-13.8	-251.0	1269.5	6667.8	-606.5	-115.6	
68.85	119.0	11.9	4.4	2.0	-124.0	10.8	-26.9	-236.9	1280.1	6470.1	-1102.3	-108.7	
68.90	122.5	12.0	3.6	2.0	-125.8	10.9	-34.4	-235.6	1295.0	6484.3	-1639.9	-113.4	
68.95	126.1	11.8	4.9	2.0	-127.7	11.0	-42.4	-234.8	1311.6	6481.9	-2131.9	-111.0	
69.00	129.6	11.6	7.2	2.0	-123.5	11.1	-52.1	-215.1	1317.6	6083.7	-2430.9	-98.7	
69.05	133.1	11.4	7.2	2.0	-116.9	11.2	-58.4	-196.4	1317.6	5529.4	-2568.9	-92.2	
69.10	136.7	11.1	1.5	2.0	-113.3	11.3	-53.2	-192.7	1329.0	5202.0	-2630.3	-108.2	
69.15	140.2	11.1	-4.0	2.0	-110.2	11.4	-41.5	-187.3	1351.9	4920.2	-2674.8	-124.0	
69.20	143.7	11.2	-4.3	2.0	-104.2	11.5	-41.7	-161.2	1365.2	4418.3	-2764.1	-119.1	
69.25	147.2	11.2	-3.1	2.0	-97.3	11.6	-56.4	-136.5	1358.2	3765.8	-2897.6	-107.9	
69.30	150.8	11.0	-7.6	2.0	-92.1	11.7	-62.0	-118.4	1351.1	3275.9	-2940.0	-118.2	
69.35	154.3	11.0	-15.4	2.0	-88.6	11.8	-52.8	-97.0	1365.5	2955.0	-2972.5	-141.5	
69.40	157.8	11.2	-14.7	2.0	-84.1	11.9	-52.7	-84.2	1380.7	2327.4	-3099.9	-134.7	
69.45	161.3	11.2	-13.1	2.0	-79.3	12.0	-57.8	-60.6	1376.5	1653.9	-3149.8	-124.4	
69.50	164.8	11.4	-17.7	2.0	-76.4	12.1	-57.0	-35.3	1372.1	1201.1	-3174.8	-137.2	
69.55	168.3	11.7	-21.1	2.0	-77.0	12.2	-53.1	-26.1	1388.0	754.7	-3365.6	-149.6	
69.60	171.8	11.2	-21.3	2.0	-78.6	12.3	-48.7	-7.7	1409.2	318.3	-3570.5	-151.8	
69.65	175.3	11.1	-20.8	2.0	-79.1	12.4	-49.8	17.0	1403.3	-228.1	-3609.7	-150.5	
69.70	178.8	11.0	-20.9	2.0	-81.9	12.5	-60.5	33.5	1385.0	-747.7	-3719.8	-153.8	
69.75	182.3	10.8	-21.7	2.0	-87.4	12.6	-70.8	54.0	1382.0	-1095.6	-4005.1	-161.8	
69.80	185.7	10.5	-16.4	2.0	-95.8	12.7	-85.9	69.5	1387.9	-1449.4	-4497.2	-152.0	
69.85	189.2	10.2	-7.1	2.0	-104.0	12.8	-103.5	81.3	1382.8	-1765.5	-4982.1	-128.3	
69.90	192.7	9.9	-2.9	2.0	-108.2	12.9	-107.5	100.8	1369.7	-2093.6	-5156.4	-118.2	
69.95	196.2	9.9	-5.9	2.0	-109.7	13.0	-97.9	121.3	1367.1	-2434.5	-5111.8	-129.8	
70.00	199.7	10.0	-10.6	2.0	-111.2	13.1	-85.2	138.9	1369.9	-2745.4	-5050.3	-147.5	
70.05	203.1	10.1	-9.5	2.0	-113.9	13.2	-78.9	149.8	1361.4	-3059.5	-5094.6	-146.5	
70.10	206.6	9.7	-2.8	2.0	-119.2	13.3	-84.4	159.5	1345.2	-3350.3	-5361.1	-129.0	
70.15	210.1	9.6	1.6	2.0	-124.6	13.4	-92.9	174.6	1332.7	-3553.8	-5672.2	-119.0	
70.20	213.5	9.7	-0.3	2.0	-129.1	13.5	-101.3	185.1	1321.2	-3765.2	-5904.5	-130.0	
70.25	217.0	9.5	-3.0	2.0	-134.2	13.6	-113.7	190.7	1305.9	-4062.3	-6148.9	-144.6	
70.30	220.4	9.4	-1.2	2.0	-140.4	13.7	-123.8	201.6	1290.9	-4521.0	-6362.7	-144.5	
70.35	223.9	9.5	1.9	2.0	-145.1	13.8	-123.6	218.4	1279.3	-5038.4	-6381.6	-138.6	
70.40	227.3	9.6	-1.5	2.0	-145.3	13.9	-111.5	240.4	1266.6	-5340.0	-6101.0	-150.3	
70.45	230.7	10.1	-6.3	2.0	-143.3	14.0	-94.1	253.3	1252.1	-5590.9	-5659.9	-164.8	
70.50	234.2	10.5	-7.8	2.0	-143.7	14.1	-74.2	266.3	1240.5	-6050.0	-5196.3	-170.5	
70.55	237.6	10.7	-7.0	2.0	-145.0	14.2	-58.5	283.4	1226.6	-6476.6	-4774.4	-168.9	
70.60	241.0	10.7	-9.2	2.0	-144.4	14.3	-58.5	280.7	1208.0	-6579.2	-4598.4	-176.1	
70.65	244.4	10.8	-11.9	2.0	-143.3	14.4	-68.1	270.5	1185.9	-6467.6	-4675.5	-184.1	
70.70	247.8	11.1	-9.5	2.0	-146.6	14.5	-78.7	287.7	1166.4	-6625.2	-4808.9	-179.1	
70.75	251.2	11.1	-4.6	2.0	-151.9	14.6	-84.4	309.5	1149.1	-7124.7	-4704.5	-167.6	
70.80	254.6	11.2	-9.0	2.0	-151.3	14.7	-77.3	312.4	1127.4	-7358.5	-4269.6	-182.3	
70.85	257.9	11.3	-16.8	2.0	-146.9	14.8	-63.0	300.3	1104.9	-7330.9	-3749.6	-204.4	
70.90	261.3	11.2	-13.9	2.0	-147.3	14.9	-48.4	302.6	1085.9	-7565.8	-3364.7	-194.9	
70.95	264.7	11.3	-7.9	2.0	-150.5	15.0	-32.7	337.5	1070.5	-7864.6	-3055.4	-177.6	
71.00	268.0	11.5	-9.6	2.0	-149.1	15.1	-27.0	347.1	1055.7	-7816.0	-2839.6	-182.0	
71.05	271.4	11.4	-15.8	2.0	-143.3	15.2	-25.9	319.9	1036.8	-7524.0	-2636.4	-197.4	
71.10	274.7	11.5	-19.4	2.0	-139.2	15.3	-20.1	306.4	1018.0	-7319.7	-2457.6	-205.9	
71.15	278.1	11.5	-19.1	2.0	-137.5	15.4	-17.6	302.1	1002.3	-7213.7	-2443.1	-202.9	
71.20	281.4	11.3	-18.5	2.0	-135.2	15.5	-24.8	299.3	980.4	-7011.2	-2558.9	-198.9	
71.25	284.7	11.2	-16.3	2.0	-132.9	15.6	-38.0	297.2	953.6	-6763.1	-2770.2	-188.9	
71.30	288.1	11.2	-9.1	2.0	-133.0	15.7	-55.2	282.1	931.9	-6662.1	-3164.2	-164.4	
71.35	291.4	11.2	-2.0	2.0	-135.3	15.8	-68.7	275.5	915.8	-6645.1	-3623.7	-142.2	
71.40	294.7	11.2	0.6	2.0	-136.3	15.9	-70.7	288.1	897.4	-6562.6	-3868.8	-134.1	
71.45	298.0	11.2	2.1	2.0	-133.5	16.0	-68.1	280.8	878.8	-6350.8	-3895.1	-126.5	
71.50	301.3	11.2	-0.4	2.0	-126.2	16.1	-60.6	257.0	866.0	-5853.2	-3797.6	-127.4	
71.55	304.6	11.2	-4.8	2.0	-118.9	16.2	-50.9	239.9	854.8	-5305.9	-3731.0	-135.3	
71.60	307.9	11.1	-6.1	2.0	-115.4	16.3	-49.8	224.7	835.5	-4996.3	-3807.5	-136.2	
71.65	311.2	11.1	-5.3	2.0	-113.3	16.4	-55.9	221.8	811.3	-4737.8	-3912.1	-131.5	
71.70	314.4	11.2	-2.8	2.0	-111.2	16.5	-64.6	213.5	791.6	-4502.4	-3995.5	-120.8	
71.75	317.7	11.0	0.2	2.0	-110.1	16.6	-76.9	189.9	774.3	-4294.9	-4197.9	-109.5	
71.80	320.9	11.0	0.4	2.0	-110.3	16.7	-86.5	185.9	752.3	-4039.6	-4477.6	-108.8	
71.85	324.2	11.3	3.2	2.0	-112.8	16.8	-94.1	191.8	732.5	-3972.9	-4781.2	-102.0	
71.90	327.4	11.5	9.1	2.0	-115.6	16.9	-98.8	182.4	722.5	-4044.2	-5026.1	-84.5	
71.95	330.7	11.6	8.2	2.0	-114.1	17.0	-98.7	161.5	717.0	-3730.9	-5191.4	-86.0	
72.00	333.9	11.6	4.9	2.0	-112.0	17.1	-101.1	132.3	706.1	-3238.0	-5419.7	-95.0	
72.05	337.1	11.6	6.1	2.0	-112.7	17.2	-104.6	116.4	692.2	-2930.8	-5698.4	-91.8	
72.10	340.3	11.8	8.7	2.0	-113.0	17.3	-104.9	117.9	683.6	-2643.3	-5866.6	-83.2	
72.15	343.5	11.9	8.7	2.0	-110.3	17.4	-105.3	89.5	676.1	-2269.5	-5862.8	-80.3	
72.20	346.7	11.9	5.6	2.0	-105.5	17.5	-103.1	52.3	661.4	-1804.8	-5727.0	-86.1	
72.25	349.9	12.2	4.9	2.0	-102.5	17.6	-98.5	49.0	647.0	-1429.2	-5624.6	-85.7	
72.30	353.0	12.5	8.8	2.0	-102.9	17.7	-99.0	48.3	643.4	-1159.6	-5719.3	-72.6	
72.35	356.2	12.5	11.8	2.0	-103.3	17.8	-99.4	34.0	645.1	-716.0	-5841.4	-62.9	
72.40	359.3	12.2	11.9	2.0	-102.4	17.9	-96.0	11.9	645.1	-173.2	-5835.1	-61.7	
72.45	2.4	12.0	13.2	2.0	-99.8	18.0	-89.3	-10.7	640.2	82.2	-5662.3	-54.5	
72.50	5.6	11.9	12.1	2.0	-96.2	18.1	-80.3	-17.8	635.7	339.5	-5409.4	-54.7	
72.55	8.7	11.7	9.2	2.0	-94.6	18.2	-73.4	-28.0	632.7	903.0	-5236.3	-63.0	
72.60	11.8	11.5	11.0	2.0	-99.1	18.3	-78.4	-61.8	629.5	1606.5	-5354.0	-61.4	
72.65	14.9	11.5	18.1	2.0	-108.0	18.4	-95.2	-86.2	626.1	2152.3	-5794.7	-46.0	
72.70	18.0	11.8	26.0	2.0	-116.4	18.5	-119.2	-91.9	621.7	2366.0	-6327.4	-27.2	
72.75	21.1	11.8	30.1	2.0	-122.1	18.6	-137.5	-103.2	614.8	2595.3	-6644.9	-18.7	
72.80	24.2	11.9	28.8	2.0	-125.4	18.7	-139.4	-116.6	613.7	3077.9	-6682.6	-26.5	
72.85	27.2	12.0	29.3	2.0	-127.5	18.8	-131.2	-128.7	622.3	3509.5	-6632.0	-26.9	
72.90	30.3	11.8	35.6	2.0	-127.4	18.9	-122.9	-136.9	628.8	3653.6	-6531.2	-5.0	
72.95	33.3	11.7	38.5	2.0	-127.7	19.0	-119.6	-144.2	628.1	3882.0	-6415.1	4.4	
73.00	36.3	11.7	38.1	2.0	-132.3	19.1	-124.5	-165.9	626.0	4365.7	-6457.9	-1.7	
73.05	39.4	11.3	40.5	2.0	-140.7	19.2	-130.9	-191.2	629.6	4957.4	-6720.8	-1.7	
73.10	42.4	11.2	46.0	2.0	-147.9	19.3	-133.0	-200.1	636.7	5366.7	-7058.1	9.9	
73.15	45.4	11.5	51.3	2.0	-154.3	19.4	-139.4	-212.9	640.3	5625.1	-7415.7	21.7	
73.20	48.4	11.7	51.8	2.0	-161.2	19.5	-151.9	-234.6	639.8	5917.0	-7757.7	16.5	
73.25	51.4	11.9	51.5	2.0	-166.0	19.6	-160.8	-243.6	641.5	6108.6	-8027.0	10.6	
73.30	54.4	12.1	55.8	2.0	-167.8	19.7	-162.7	-240.1	650.6	5997.2	-8274.8	23.9	
73.35	57.3	11.8	60.5	2.0	-170.8	19.8	-164.6	-236.4	664.3	5945.7	-8585.7	36.9	
73.40	60.3	12.1	61.1	2.0	-175.5	19.9	-171.8	-242.7	670.1	6107.5	-8861.4	34.1	
73.45	63.2	12.6	62.2	2.0	-179.0	20.0	-183.4	-251.7	666.5	6205.4	-9075.7	34.4	
73.50	66.1	12.9	66.6	2.0	-181.7	20.1	-191.8	-245.2	670.2	6233.1	-9292.9	47.1	
73.55	69.1	13.0	70.7	2.0	-184.0	20.2	-190.4	-250.7	681.6	6390.7	-9376.5	58.7	
73.60	72.0	12.8	68.9	2.0	-185.7	20.3	-181.5	-274.1	691.1	6720.2	-9244.2	50.9	
73.65	74.9	12.3	63.3	2.0	-185.5	20.4	-170.1	-284.0	698.4	7015.8	-8982.8	31.9	
73.70	77.8	11.9	60.8	2.0	-182.5	20.5	-162.9	-283.3	707.4	6932.7	-8771.8	26.3	
73.75	80.6	11.7	60.8	2.0	-179.1	20.6	-159.8	-279.0	718.2	6682.8	-8651.6	29.5	
73.80	83.5	11.8	60.6	2.0	-177.5	20.7	-160.9	-272.8	727.3	6562.3	-8598.4	30.7	
73.85	86.4	12.2	61.3	2.0	-175.5	20.8	-162.7	-272.7	728.9	6431.7	-8500.8	35.1	
73.90	89.2	12.4	61.5	2.0	-174.2	20.9	-161.8	-268.5	733.5	6348.1	-8448.5	36.8	
73.95	92.1	12.1	60.9	2.0	-175.1	21.0	-156.6	-267.6	746.8	6427.1	-8477.6	34.0	
74.00	94.9	11.7	62.0	2.0	-178.5	21.1	-153.4	-285.0	759.3	6622.7	-8589.7	34.4	
74.05	97.7	11.3	63.3	2.0	-183.8	21.2	-156.0	-298.0	767.6	6925.2	-8809.1	33.4	
74.10	100.5	11.3	67.0	2.0	-189.6	21.3	-165.0	-294.1	775.9	7130.2	-9191.2	40.5	
74.15	103.3	11.3	75.3	2.0	-192.7	21.4	-176.2	-282.8	781.4	7036.3	-9566.7	66.0	
74.20	106.0	11.3	84.6	2.0	-194.7	21.5	-183.2	-271.9	786.0	6961.4	-9828.0	95.5	
74.25	108.8	11.2	87.4	2.0	-196.0	21.6	-184.7	-269.2	790.8	6895.9	-9989.0	104.0	
74.30	111.5	11.3	93.9	2.0	-197.1	21.7	-188.0	-268.1	796.8	6730.1	-10196.6	125.2	
74.35	114.3	11.2	100.5	2.0	-198.6	21.8	-193.3	-252.6	803.9	6569.9	-10461.8	146.4	
74.40	117.0	10.9	105.3	2.0	-201.2	21.9	-202.1	-239.9	812.4	6470.0	-10755.9	160.3	
74.45	119.7	11.1	107.6	2.0	-203.2	22.0	-211.4	-240.4	818.8	6388.6	-10955.5	166.2	
74.50	122.4	11.2	106.2	2.0	-203.6	22.1	-215.0	-242.5	825.1	6322.5	-11012.3	161.0	
74.55	125.1	11.2	101.3	2.0	-200.7	22.2	-208.8	-239.5	831.6	6105.1	-10895.0	146.9	
74.60	127.9	11.0	97.8	2.0	-195.9	22.3	-201.1	-228.2	834.1	5741.5	-10719.8	139.8	
74.65	130.5	11.0	93.4	2.0	-191.7	22.4	-196.8	-216.9	832.2	5430.3	-10569.0	129.0	
74.70	133.2	11.4	90.9	2.0	-189.8	22.5	-197.0	-214.9	833.0	5198.9	-10527.4	122.1	
74.75	135.9	11.3	91.5	2.0	-188.9	22.6	-199.9	-207.5	838.2	4900.7	-10599.5	125.2	
74.80	138.5	11.3	93.7	2.0	-187.5	22.7	-201.5	-189.8	842.6	4555.7	-10665.8	134.1	
74.85	141.1	11.4	92.8	2.0	-184.4	22.8	-197.3	-177.1	844.7	4305.8	-10557.2	134.1	
74.90	143.7	11.4	90.8	2.0	-179.3	22.9	-185.7	-169.3	849.4	4166.6	-10233.3	132.5	
74.95	146.3	11.3	88.5	2.0	-171.9	23.0	-172.4	-153.3	852.7	3873.8	-9809.7	132.0	
75.00	148.9	11.2	88.4	2.0	-163.9	23.1	-164.6	-128.7	847.8	3348.3	-9436.3	139.4	
75.05	151.5	11.8	86.7	2.0	-158.7	23.2	-164.4	-106.9	842.3	2823.3	-9234.0	138.9	
75.10	154.1	12.4	81.9	2.0	-155.8	23.3	-164.6	-94.0	845.9	2475.7	-9124.1	125.2	
75.15	156.6	12.8	75.4	2.0	-152.5	23.4	-160.5	-87.0	856.1	2167.9	-8960.8	106.2	
75.20	159.2	13.0	67.6	2.0	-147.9	23.5	-156.2	-79.8	859.9	1807.9	-8699.6	84.2	
75.25	161.7	13.0	58.8	2.0	-142.4	23.6	-152.1	-71.0	856.8	1442.4	-8373.4	59.4	
75.30	164.3	12.9	48.2	2.0	-136.3	23.7	-141.8	-66.3	856.5	1169.6	-7978.1	29.0	
75.35	166.8	12.6	41.6	2.0	-130.9	23.8	-130.2	-61.8	861.3	1002.2	-7621.1	12.1	
75.40	169.3	12.7	40.8	2.0	-127.0	23.9	-126.1	-48.8	859.1	769.6	-7385.6	13.2	
75.45	171.8	12.9	42.9	2.0	-124.4	24.0	-128.6	-29.3	846.2	535.6	-7228.5	22.7	
75.50	174.2	12.7	44.9	2.0	-123.1	24.1	-131.0	-18.0	838.0	432.6	-7136.6	31.1	
75.55	176.7	12.8	47.6	2.0	-122.1	24.2	-127.8	-13.7	841.1	470.6	-7067.7	41.3	
75.60	179.1	12.9	50.1	2.0	-120.5	24.3	-120.8	-7.5	844.1	494.5	-6964.8	51.5	
75.65	181.5	13.0	53.3	2.0	-118.0	24.4	-114.8	6.0	836.0	456.3	-6803.3	64.8	
75.70	183.9	12.9	54.5	2.0	-115.3	24.5	-109.3	21.7	823.5	344.8	-6626.7	71.7	
75.75	186.4	12.8	54.8	2.0	-113.5	24.6	-103.6	31.9	819.1	171.0	-6506.7	74.6	
75.80	188.8	12.7	53.6	2.0	-112.6	24.7	-99.7	39.8	818.0	-52.0	-6446.7	71.4	
75.85	191.2	12.5	52.1	2.0	-111.9	24.8	-100.5	47.8	808.5	-314.3	-6383.2	66.9	
75.90	193.6	12.2	48.5	2.0	-111.4	24.9	-105.1	53.3	793.0	-577.9	-6320.1	55.1	
75.95	196.0	11.7	43.0	2.0	-110.6	25.0	-106.0	56.2	784.7	-755.6	-6239.0	37.0	
76.00	198.4	11.7	36.8	2.0	-108.8	25.1	-99.3	60.6	782.8	-930.1	-6083.8	17.6	
76.05	200.7	11.9	31.9	2.0	-106.1	25.2	-91.7	66.3	773.5	-1231.6	-5840.5	3.6	
76.10	203.1	12.3	29.0	2.0	-104.1	25.3	-88.2	79.9	754.8	-1666.2	-5575.1	-4.7	
76.15	205.4	12.0	28.3	2.0	-104.3	25.4	-85.5	101.8	739.4	-2219.6	-5359.3	-7.3	
76.20	207.7	11.8	30.0	2.0	-106.7	25.5	-82.5	125.5	732.6	-2808.1	-5232.0	-3.6	
76.25	210.0	11.5	32.0	2.0	-110.0	25.6	-81.0	145.4	726.1	-3304.4	-5177.4	-0.0	
76.30	212.3	11.5	32.1	2.0	-112.3	25.7	-80.4	156.5	714.1	-3680.9	-5110.7	-1.9	
76.35	214.5	11.6	30.5	2.0	-114.0	25.8	-79.0	165.0	702.6	-3989.8	-5023.7	-9.4	
76.40	216.8	11.8	28.5	2.0	-115.8	25.9	-75.4	178.7	695.1	-4259.4	-4950.9	-18.2	
76.45	219.0	11.6	27.8	2.0	-118.1	26.0	-71.9	189.4	686.7	-4537.4	-4905.0	-22.6	
76.50	221.3	11.3	27.2	2.0	-120.0	26.1	-70.9	194.0	672.9	-4802.0	-4855.5	-26.6	
76.55	223.5	11.0	25.3	2.0	-121.4	26.2	-69.4	201.8	658.9	-5051.7	-4737.1	-34.8	
76.60	225.7	10.4	24.4	2.0	-123.4	26.3	-66.5	214.6	648.4	-5363.7	-4570.6	-39.8	
76.65	228.0	10.5	25.5	2.0	-125.7	26.4	-63.1	229.3	638.2	-5684.0	-4403.4	-38.2	
76.70	230.2	10.7	24.7	2.0	-126.4	26.5	-59.9	235.5	626.8	-5837.9	-4277.9	-41.5	
76.75	232.4	10.6	22.1	2.0	-125.4	26.6	-56.9	231.5	616.7	-5823.5	-4214.0	-49.5	
76.80	234.6	10.6	20.8	2.0	-125.1	26.7	-55.0	229.9	607.5	-5802.0	-4219.5	-53.8	
76.85	236.7	10.7	23.3	2.0	-127.0	26.8	-58.7	237.3	593.8	-5902.0	-4309.6	-47.0	
76.90	238.9	10.9	26.9	2.0	-129.8	26.9	-66.5	244.9	576.0	-6029.3	-4461.9	-37.3	
76.95	241.1	10.9	29.1	2.0	-131.4	27.0	-72.9	248.4	561.6	-6047.9	-4639.8	-31.5	
77.00	243.2	10.6	32.2	2.0	-132.9	27.1	-76.5	249.9	551.5	-6060.4	-4806.1	-22.3	
77.05	245.3	10.1	36.3	2.0	-135.4	27.2	-79.2	257.8	540.3	-6180.4	-4940.8	-10.9	
77.10	247.5	10.6	39.9	2.0	-137.9	27.3	-83.2	265.7	525.1	-6308.9	-5053.9	-0.8	
77.15	249.6	11.0	41.7	2.0	-138.7	27.4	-87.8	265.4	509.0	-6299.8	-5178.7	4.4	
77.20	251.7	11.1	40.8	2.0	-138.7	27.5	-89.2	262.2	497.7	-6179.8	-5344.1	1.5	
77.25	253.8	11.0	43.6	2.0	-139.6	27.6	-87.6	265.8	489.1	-6154.8	-5477.6	10.0	
77.30	255.9	11.0	47.0	2.0	-140.7	27.7	-85.8	272.0	474.9	-6290.4	-5442.2	20.6	
77.35	257.9	10.9	45.4	2.0	-139.7	27.8	-83.4	273.4	455.8	-6388.8	-5223.6	16.0	
77.40	260.0	10.6	40.6	2.0	-136.9	27.9	-76.0	272.1	439.0	-6404.2	-4897.9	2.6	
77.45	262.0	10.3	36.6	2.0	-134.8	28.0	-64.9	271.7	427.8	-6452.5	-4599.9	-9.3	
77.50	264.1	9.9	35.4	2.0	-134.6	28.1	-56.3	275.7	416.5	-6574.2	-4392.4	-13.1	
77.55	266.1	9.7	33.4	2.0	-135.3	28.2	-55.3	279.6	400.5	-6730.2	-4258.1	-20.6	
77.60	268.2	9.5	30.2	2.0	-136.3	28.3	-59.3	280.1	382.1	-6885.0	-4165.4	-32.6	
77.65	270.2	9.4	27.7	2.0	-137.5	28.4	-61.2	281.7	368.1	-7028.7	-4124.6	-42.6	
77.70	272.2	9.3	27.3	2.0	-139.1	28.5	-60.3	282.6	356.9	-7187.4	-4097.5	-45.3	
77.75	274.2	9.3	27.5	2.0	-139.5	28.6	-59.0	282.3	342.7	-7284.1	-4020.1	-45.2	
77.80	276.2	9.6	25.4	2.0	-138.1	28.7	-57.0	281.9	324.7	-7250.9	-3891.8	-51.1	
77.85	278.1	9.8	24.4	2.0	-136.7	28.8	-53.9	280.6	310.1	-7192.6	-3808.7	-53.0	
77.90	280.1	10.2	26.7	2.0	-136.3	28.9	-52.0	278.9	300.5	-7149.9	-3845.6	-44.7	
77.95	282.0	10.7	29.3	2.0	-135.5	29.0	-53.2	275.5	290.5	-7043.9	-3957.3	-34.8	
78.00	284.0	11.2	30.9	2.0	-134.3	29.1	-58.0	272.9	276.6	-6884.8	-4075.1	-28.0	
78.05	285.9	11.6	33.7	2.0	-133.2	29.2	-61.6	272.9	262.9	-6757.1	-4145.0	-17.4	
78.10	287.8	11.9	37.8	2.0	-132.7	29.3	-60.9	275.3	253.2	-6705.0	-4162.4	-3.1	
78.15	289.7	12.2	39.8	2.0	-130.9	29.4	-58.2	270.1	244.2	-6597.3	-4124.5	5.5	
78.20	291.7	12.1	36.6	2.0	-126.9	29.5	-54.7	257.9	232.4	-6342.5	-4036.3	-1.3	
78.25	293.6	12.0	33.2	2.0	-122.6	29.6	-51.0	246.6	219.7	-6075.8	-3930.5	-8.5	
78.30	295.5	11.9	32.8	2.0	-119.6	29.7	-47.4	241.4	209.6	-5890.1	-3856.8	-7.1	
78.35	297.3	11.8	33.1	2.0	-117.0	29.8	-44.6	234.9	200.8	-5717.4	-3807.1	-3.3	
78.40	299.2	11.6	30.9	2.0	-113.8	29.9	-44.7	224.0	188.9	-5497.6	-3766.7	-7.9	
78.45	301.1	11.5	29.1	2.0	-111.3	30.0	-45.6	215.3	174.9	-5340.9	-3723.8	-11.5	
78.50	302.9	11.4	30.4	2.0	-110.6	30.1	-45.1	212.9	163.2	-5315.8	-3693.7	-6.1	
78.55	304.7	11.4	32.1	2.0	-109.7	30.2	-44.4	213.3	152.1	-5263.8	-3672.1	0.5	
78.60	306.6	11.2	31.6	2.0	-107.0	30.3	-44.3	206.2	139.9	-5059.0	-3653.3	1.4	
78.65	308.4	10.7	29.3	2.0	-103.3	30.4	-43.0	195.4	127.5	-4797.0	-3607.2	-2.6	
78.70	310.2	10.2	30.6	2.0	-101.7	30.5	-42.1	191.2	118.5	-4675.7	-3592.7	3.5	
78.75	311.9	10.4	33.2	2.0	-101.5	30.6	-42.7	190.5	109.6	-4676.7	-3585.8	12.4	
78.80	313.7	10.1	33.9	2.0	-100.9	30.7	-47.1	189.2	96.6	-4639.3	-3579.8	15.4	
78.85	315.5	9.8	33.8	2.0	-99.8	30.8	-53.0	185.8	83.1	-4558.6	-3570.9	16.2	
78.90	317.2	9.9	33.8	2.0	-98.7	30.9	-53.9	182.5	74.3	-4511.3	-3518.0	17.4	
78.95	319.0	10.0	32.8	2.0	-97.2	31.0	-50.5	178.6	68.3	-4465.0	-3426.7	15.4	
79.00	320.7	10.1	29.1	2.0	-94.5	31.1	-47.0	169.9	59.7	-4348.5	-3298.2	5.3	
79.05	322.5	10.5	24.4	2.0	-90.5	31.2	-44.3	155.2	48.7	-4140.9	-3154.7	-6.6	
79.10	324.2	10.6	22.0	2.0	-87.4	31.3	-42.4	145.2	42.5	-3935.6	-3096.0	-11.9	
79.15	325.9	10.7	22.8	2.0	-86.3	31.4	-40.5	143.5	38.9	-3850.2	-3086.5	-8.2	
79.20	327.7	10.8	24.5	2.0	-86.0	31.5	-42.0	143.3	31.3	-3825.4	-3088.6	-1.8	
79.25	329.4	10.4	24.4	2.0	-84.5	31.6	-43.6	138.1	21.6	-3731.1	-3054.6	-0.9	
79.30	331.1	10.1	24.0	2.0	-82.2	31.7	-43.6	127.8	15.7	-3578.6	-3018.1	0.3	
79.35	332.8	9.9	24.2	2.0	-79.8	31.8	-42.2	120.9	11.9	-3385.2	-3002.5	3.2	
79.40	334.4	10.2	24.5	2.0	-77.4	31.9	-41.2	118.2	4.0	-3158.6	-3000.7	6.7	
79.45	336.1	10.2	24.6	2.0	-75.1	32.0	-41.5	112.5	-4.9	-2919.3	-3016.1	9.4	
79.50	337.8	9.9	24.5	2.0	-73.4	32.1	-41.8	104.2	-8.3	-2703.3	-3066.5	10.6	
79.55	339.5	9.3	25.4	2.0	-72.6	32.2	-40.9	95.9	-8.6	-2598.6	-3109.6	14.5	
79.60	341.1	8.9	26.9	2.0	-72.4	32.3	-41.0	91.4	-13.4	-2582.8	-3111.8	19.8	
79.65	342.8	8.6	26.9	2.0	-71.4	32.4	-40.2	90.3	-21.1	-2514.8	-3061.4	20.9	
79.70	344.4	8.7	24.6	2.0	-68.7	32.5	-36.4	81.2	-24.6	-2351.7	-2966.4	15.7	
79.75	346.1	8.8	20.4	2.0	-65.1	32.6	-32.3	65.1	-25.6	-2104.1	-2871.7	5.1	
79.80	347.7	8.8	17.3	2.0	-62.1	32.7	-32.8	48.6	-30.4	-1816.4	-2844.8	-2.7	
79.85	349.3	8.4	15.4	2.0	-60.9	32.8	-37.4	35.1	-38.7	-1583.8	-2893.5	-8.2	
79.90	350.9	8.5	15.2	2.0	-61.1	32.9	-42.3	29.3	-43.1	-1364.5	-3009.8	-8.9	
79.95	352.5	8.9	15.8	2.0	-60.9	33.0	-43.3	26.2	-43.7	-1142.8	-3086.0	-6.7	
80.00	354.1	8.9	17.7	2.0	-59.7	33.1	-41.2	20.7	-46.6	-1015.3	-3053.2	1.1	
80.05	355.7	8.8	19.8	2.0	-58.6	33.2	-39.1	17.5	-51.7	-947.0	-2988.2	9.5	
80.10	357.3	8.8	21.8	2.0	-58.1	33.3	-37.9	15.3	-54.1	-887.1	-2970.1	16.9	
80.15	358.8	9.2	23.3	2.0	-58.2	33.4	-37.5	9.2	-53.6	-758.8	-3024.2	21.9	
80.20	0.4	9.3	24.5	2.0	-59.5	33.5	-40.4	1.4	-54.9	-488.7	-3168.8	24.5	
80.25	1.9	9.4	26.1	2.0	-62.5	33.6	-48.1	-10.4	-57.8	-169.9	-3402.2	27.0	
80.30	3.5	9.9	26.6	2.0	-66.3	33.7	-56.7	-23.3	-59.3	116.3	-3658.0	25.1	
80.35	5.0	10.4	26.5	2.0	-69.3	33.8	-63.1	-32.2	-59.6	333.4	-3842.5	21.7	
80.40	6.6	10.8	25.2	2.0	-69.9	33.9	-64.2	-40.9	-62.3	505.0	-3851.6	16.7	
80.45	8.1	10.8	25.1	2.0	-68.8	34.0	-61.3	-49.6	-66.2	688.8	-3728.3	17.4	
80.50	9.6	10.3	25.2	2.0	-66.9	34.1	-54.7	-54.9	-66.8	879.0	-3547.1	19.6	
80.55	11.1	10.2	25.7	2.0	-65.0	34.2	-47.8	-57.3	-65.4	1018.4	-3369.7	23.1	
80.60	12.6	10.5	25.3	2.0	-64.1	34.3	-44.9	-61.1	-66.9	1170.2	-3237.1	22.9	
80.65	14.1	10.7	23.2	2.0	-64.8	34.4	-44.9	-71.0	-69.9	1441.4	-3158.6	14.7	
80.70	15.6	10.6	22.0	2.0	-67.1	34.5	-44.3	-85.8	-69.3	1780.6	-3136.8	8.5	
80.75	17.1	10.1	23.4	2.0	-69.5	34.6	-45.6	-95.0	-66.2	2022.7	-3180.4	10.8	
80.80	18.6	10.2	24.6	2.0	-70.6	34.7	-48.3	-96.8	-68.8	2141.6	-3190.5	13.8	
80.85	20.0	10.0	23.3	2.0	-71.4	34.8	-51.7	-100.6	-74.7	2251.6	-3158.0	8.6	
80.90	21.5	9.5	22.2	2.0	-72.6	34.9	-52.3	-110.1	-74.5	2395.8	-3140.4	3.5	
80.95	22.9	9.2	22.6	2.0	-73.5	35.0	-50.3	-117.4	-68.6	2466.6	-3155.7	4.0	
81.00	24.4	9.1	23.9	2.0	-73.6	35.1	-50.0	-118.1	-65.4	2443.9	-3178.0	8.6	
81.05	25.8	9.2	23.5	2.0	-73.6	35.2	-51.8	-117.3	-67.1	2472.9	-3160.0	7.2	
81.10	27.2	9.9	22.3	2.0	-74.7	35.3	-52.5	-121.9	-66.0	2621.3	-3123.1	1.7	
81.15	28.6	10.2	21.1	2.0	-76.0	35.4	-50.1	-130.8	-60.9	2801.0	-3073.4	-3.5	
81.20	30.0	10.2	21.4	2.0	-76.2	35.5	-46.1	-137.9	-58.3	2925.4	-2960.3	-2.8	
81.25	31.5	10.2	21.1	2.0	-76.1	35.6	-44.2	-144.1	-60.0	3043.3	-2802.0	-3.5	
81.30	32.9	10.4	18.5	2.0	-76.8	35.7	-42.0	-151.1	-59.8	3225.6	-2643.4	-13.4	
81.35	34.2	10.6	16.8	2.0	-77.9	35.8	-40.0	-155.7	-55.5	3385.9	-2572.3	-20.4	
81.40	35.6	10.5	17.4	2.0	-78.2	35.9	-39.2	-157.2	-51.1	3414.8	-2564.3	-18.6	
81.45	37.0	10.5	18.6	2.0	-78.7	36.0	-39.4	-163.1	-49.3	3430.3	-2581.3	-14.9	
81.50	38.4	10.5	17.3	2.0	-80.6	36.1	-41.2	-171.9	-46.8	3527.7	-2646.9	-21.0	
81.55	39.8	10.8	16.0	2.0	-82.9	36.2	-43.4	-177.6	-43.8	3647.6	-2760.2	-28.2	
81.60	41.2	10.9	17.2	2.0	-84.9	36.3	-47.1	-179.1	-42.7	3707.8	-2916.5	-25.8	
81.65	42.5	10.8	20.6	2.0	-87.6	36.4	-51.7	-181.8	-42.4	3813.4	-3099.0	-17.0	
81.70	43.9	10.5	23.1	2.0	-91.3	36.5	-56.1	-188.9	-39.6	3993.4	-3280.4	-11.8	
81.75	45.2	10.3	24.3	2.0	-94.2	36.6	-57.2	-196.7	-35.7	4176.8	-3371.2	-10.7	
81.80	46.6	10.0	26.3	2.0	-96.0	36.7	-56.4	-199.0	-33.1	4337.9	-3385.6	-5.7	
81.85	47.9	9.8	28.2	2.0	-97.7	36.8	-53.2	-201.9	-31.4	4514.2	-3357.0	-0.9	
81.90	49.2	9.7	30.5	2.0	-100.1	36.9	-50.7	-208.1	-26.6	4716.7	-3368.5	4.6	
81.95	50.5	9.9	31.0	2.0	-101.8	37.0	-49.5	-211.0	-22.0	4873.5	-3366.2	4.7	
82.00	51.8	10.2	30.9	2.0	-102.2	37.1	-48.8	-214.2	-20.0	4941.4	-3298.2	4.1	
82.05	53.2	10.0	30.7	2.0	-102.4	37.2	-48.9	-219.6	-18.3	4983.6	-3246.6	2.9	
82.10	54.5	10.3	30.5	2.0	-104.5	37.3	-50.3	-229.1	-13.2	5118.3	-3281.4	0.2	
82.15	55.7	10.8	29.4	2.0	-107.4	37.4	-50.2	-240.6	-6.3	5318.0	-3316.6	-6.5	
82.20	57.0	10.8	28.6	2.0	-109.1	37.5	-48.1	-248.1	-1.5	5492.1	-3259.0	-10.9	
82.25	58.3	10.6	26.5	2.0	-109.8	37.6	-45.1	-252.7	0.7	5616.9	-3115.9	-18.9	
82.30	59.6	10.6	26.2	2.0	-110.7	37.7	-41.8	-260.2	4.6	5745.8	-2981.0	-20.7	
82.35	60.8	11.4	25.9	2.0	-111.7	37.8	-36.9	-264.9	9.4	5869.6	-2853.7	-22.6	
82.40	62.1	11.4	27.0	2.0	-111.2	37.9	-33.5	-261.9	12.9	5898.5	-2727.8	-18.6	
82.45	63.3	11.2	28.8	2.0	-110.3	38.0	-31.2	-256.7	15.3	5893.5	-2611.2	-11.5	
82.50	64.5	11.2	30.0	2.0	-111.1	38.1	-32.3	-256.7	20.1	5951.4	-2615.9	-8.3	
82.55	65.8	11.4	30.0	2.0	-113.3	38.2	-34.5	-263.3	26.0	6076.6	-2692.6	-10.4	
82.60	67.0	11.6	29.6	2.0	-115.5	38.3	-35.5	-269.1	30.9	6208.3	-2756.7	-14.1	
82.65	68.2	11.7	29.4	2.0	-116.7	38.4	-35.5	-272.0	33.8	6298.1	-2745.8	-15.8	
82.70	69.4	12.2	28.9	2.0	-117.0	38.5	-35.3	-273.0	35.7	6350.7	-2675.2	-17.7	
82.75	70.6	12.5	28.0	2.0	-117.0	38.6	-35.8	-272.6	38.0	6379.6	-2600.5	-21.0	
82.80	71.8	12.6	27.0	2.0	-116.4	38.7	-36.2	-273.0	40.2	6357.7	-2522.8	-23.8	
82.85	73.0	12.6	27.0	2.0	-115.3	38.8	-37.0	-272.0	43.5	6299.0	-2448.0	-22.8	
82.90	74.2	12.6	26.3	2.0	-115.0	38.9	-37.3	-269.5	48.9	6304.2	-2373.1	-24.8	
82.95	75.4	12.6	25.4	2.0	-115.1	39.0	-35.5	-270.0	54.0	6359.4	-2238.1	-27.8	
83.00	76.5	12.7	24.5	2.0	-115.6	39.1	-30.7	-274.1	58.1	6452.9	-2031.0	-31.5	
83.05	77.7	12.7	22.9	2.0	-116.5	39.2	-24.2	-278.3	63.4	6572.2	-1822.5	-37.8	
83.10	78.9	12.7	21.5	2.0	-117.4	39.3	-17.6	-285.7	69.0	6661.4	-1636.1	-43.6	
83.15	80.0	12.5	21.1	2.0	-117.8	39.4	-14.9	-289.5	73.4	6704.0	-1517.1	-45.3	
83.20	81.2	12.3	21.0	2.0	-117.6	39.5	-16.1	-287.1	75.7	6704.1	-1470.6	-45.4	
83.25	82.3	12.1	21.7	2.0	-117.4	39.6	-18.4	-285.3	79.6	6690.7	-1496.6	-42.8	
83.30	83.4	11.9	22.2	2.0	-118.0	39.7	-19.6	-285.1	87.4	6712.6	-1574.8	-41.8	
83.35	84.6	11.6	21.9	2.0	-118.9	39.8	-19.1	-287.1	95.1	6753.6	-1624.7	-43.7	
83.40	85.7	11.5	22.5	2.0	-119.5	39.9	-19.5	-290.8	99.6	6787.7	-1643.5	-42.4	
83.45	86.8	11.9	22.7	2.0	-120.2	40.0	-21.3	-291.0	103.1	6827.3	-1680.4	-42.2	
83.50	87.9	12.0	23.1	2.0	-120.4	40.1	-22.0	-287.9	108.0	6834.4	-1739.8	-41.3	
83.55	89.0	12.0	24.3	2.0	-119.5	40.2	-22.4	-282.4	113.1	6756.8	-1808.3	-36.0	
83.60	90.1	11.7	25.9	2.0	-117.6	40.3	-24.7	-275.2	116.8	6608.3	-1873.2	-28.9	
83.65	91.2	11.9	26.0	2.0	-115.7	40.4	-28.2	-270.9	119.0	6455.5	-1910.6	-26.4	
83.70	92.3	12.0	25.2	2.0	-114.8	40.5	-28.8	-271.3	123.5	6375.2	-1920.4	-28.3	
83.75	93.4	12.0	24.1	2.0	-114.7	40.6	-25.7	-274.3	130.4	6367.8	-1888.3	-32.0	
83.80	94.5	12.1	22.8	2.0	-114.9	40.7	-21.0	-277.8	136.6	6389.0	-1825.7	-36.7	
83.85	95.6	12.4	21.4	2.0	-115.3	40.8	-17.6	-280.5	140.5	6423.1	-1768.8	-41.9	
83.90	96.7	12.7	20.5	2.0	-115.3	40.9	-16.7	-283.3	143.0	6419.0	-1730.3	-44.9	
83.95	97.8	12.7	19.6	2.0	-114.5	41.0	-16.6	-284.9	145.8	6359.1	-1706.5	-47.1	
84.00	98.9	12.5	19.7	2.0	-113.3	41.1	-16.8	-281.1	148.7	6273.5	-1698.3	-45.7	
84.05	100.0	12.2	20.7	2.0	-112.1	41.2	-18.0	-275.8	151.0	6196.3	-1701.3	-41.0	
84.10	101.0	12.3	21.4	2.0	-111.9	41.3	-18.0	-274.5	154.0	6183.0	-1695.8	-38.3	
84.15	102.1	12.5	22.2	2.0	-113.0	41.4	-16.4	-276.1	160.1	6256.1	-1702.0	-36.7	
84.20	103.1	12.6	22.2	2.0	-114.0	41.5	-13.7	-279.2	166.5	6321.3	-1695.3	-37.8	
84.25	104.2	12.3	22.9	2.0	-114.3	41.6	-12.9	-279.0	170.8	6336.9	-1714.7	-35.5	
84.30	105.2	12.0	23.4	2.0	-114.0	41.7	-14.0	-274.4	174.9	6309.6	-1788.6	-33.6	
84.35	106.3	11.5	24.9	2.0	-113.2	41.8	-15.8	-270.2	180.0	6225.7	-1873.1	-27.7	
84.40	107.3	11.4	25.8	2.0	-111.8	41.9	-19.3	-265.6	184.5	6107.9	-1942.3	-23.4	
84.45	108.3	11.5	25.7	2.0	-110.4	42.0	-23.3	-260.3	187.0	5998.6	-1972.3	-22.1	
84.50	109.3	11.5	25.8	2.0	-110.0	42.1	-24.5	-260.0	190.2	5969.8	-1949.0	-21.6	
84.55	110.4	11.3	24.6	2.0	-111.1	42.2	-21.6	-264.2	197.0	6062.0	-1886.2	-26.8	
84.60	111.4	11.3	23.4	2.0	-112.8	42.3	-15.7	-267.8	204.9	6214.3	-1771.4	-32.3	
84.65	112.4	11.3	22.3	2.0	-113.0	42.4	-9.8	-269.2	208.3	6278.0	-1573.3	-36.6	
84.70	113.4	11.3	21.7	2.0	-111.8	42.5	-6.3	-266.7	209.1	6239.9	-1372.1	-37.4	
84.75	114.4	11.4	21.1	2.0	-110.0	42.6	-3.5	-261.5	212.1	6141.1	-1217.5	-37.7	
84.80	115.4	11.6	20.8	2.0	-107.4	42.7	-0.2	-256.5	215.9	5985.5	-1071.4	-35.9	
84.85	116.4	12.0	20.5	2.0	-105.2	42.8	2.2	-250.5	218.1	5848.3	-936.9	-34.7	
84.90	117.4	11.9	19.6	2.0	-103.8	42.9	3.6	-246.0	219.7	5774.9	-824.5	-36.6	
84.95	118.3	11.6	18.2	2.0	-103.4	43.0	5.8	-247.0	223.2	5748.8	-724.7	-41.0	
85.00	119.3	11.3	15.9	2.0	-103.9	43.1	8.9	-251.5	228.8	5778.5	-647.4	-49.3	
85.05	120.3	11.2	14.0	2.0	-104.5	43.2	10.8	-254.9	233.3	5816.0	-591.6	-56.4	
85.10	121.3	11.1	13.1	2.0	-103.7	43.3	10.2	-253.1	234.3	5764.4	-542.2	-58.5	
85.15	122.3	10.9	13.6	2.0	-101.4	43.4	8.7	-244.6	234.7	5624.1	-491.1	-54.7	
85.20	123.2	11.0	15.0	2.0	-98.8	43.5	9.0	-235.7	237.4	5455.4	-435.7	-47.4	
85.25	124.2	11.0	15.3	2.0	-97.1	43.6	10.0	-230.4	241.5	5338.8	-396.3	-44.6	
85.30	125.1	11.0	14.9	2.0	-96.2	43.7	10.6	-226.6	243.9	5283.0	-359.3	-44.9	
85.35	126.1	11.6	15.7	2.0	-95.8	43.8	12.4	-224.0	246.9	5261.2	-321.3	-42.0	
85.40	127.0	12.0	15.9	2.0	-95.9	43.9	15.8	-223.5	253.1	5263.8	-311.6	-41.3	
85.45	128.0	12.0	15.6	2.0	-96.5	44.0	17.7	-224.4	259.7	5297.0	-349.6	-42.9	
85.50	128.9	12.0	15.1	2.0	-96.3	44.1	16.2	-222.7	262.6	5280.3	-409.5	-44.6	
85.55	129.9	12.0	15.3	2.0	-94.6	44.2	13.4	-218.3	262.9	5161.8	-452.3	-42.0	
85.60	130.8	12.2	16.1	2.0	-92.5	44.3	11.0	-213.5	265.1	5009.9	-496.0	-37.3	
85.65	131.7	12.0	16.1	2.0	-91.4	44.4	9.5	-210.8	269.2	4923.7	-558.5	-36.1	
85.70	132.7	12.2	15.5	2.0	-91.2	44.5	8.6	-210.3	271.7	4906.1	-602.4	-37.9	
85.75	133.6	12.8	15.0	2.0	-90.9	44.6	8.1	-208.3	273.1	4882.2	-627.0	-39.5	
85.80	134.5	12.6	15.5	2.0	-90.2	44.7	8.9	-206.0	277.0	4828.3	-655.8	-36.8	
85.85	135.4	12.3	15.7	2.0	-89.2	44.8	10.0	-204.5	282.4	4752.5	-697.3	-35.4	
85.90	136.4	11.9	14.7	2.0	-87.8	44.9	9.5	-200.5	284.8	4644.7	-731.0	-37.2	
85.95	137.3	11.5	14.9	2.0	-85.3	45.0	8.8	-193.5	284.3	4480.3	-720.1	-34.2	
86.00	138.2	11.7	15.7	2.0	-82.6	45.1	8.7	-186.3	284.9	4297.4	-696.2	-28.6	
86.05	139.1	12.1	16.3	2.0	-81.1	45.2	8.9	-182.6	287.1	4190.4	-694.9	-25.0	
86.10	140.0	12.6	15.1	2.0	-81.0	45.3	8.5	-182.9	289.1	4173.0	-726.5	-29.2	
86.15	140.9	12.5	13.7	2.0	-81.2	45.4	7.3	-183.7	290.1	4180.2	-763.5	-34.1	
86.20	141.8	12.4	13.2	2.0	-81.0	45.5	6.4	-182.3	291.7	4164.1	-783.6	-35.9	
86.25	142.7	12.4	13.3	2.0	-80.5	45.6	6.1	-180.3	295.0	4127.1	-799.4	-34.9	
86.30	143.6	12.4	13.2	2.0	-79.5	45.7	6.4	-176.2	297.8	4060.2	-793.6	-34.1	
86.35	144.4	12.6	13.4	2.0	-77.4	45.8	7.5	-168.1	298.7	3935.7	-727.7	-31.4	
86.40	145.3	13.0	13.8	2.0	-74.6	45.9	11.5	-161.2	299.1	3765.7	-575.0	-27.4	
86.45	146.2	13.2	13.8	2.0	-72.8	46.0	16.8	-158.1	301.7	3653.0	-407.4	-25.5	
86.50	147.1	13.1	12.9	2.0	-72.6	46.1	20.4	-157.4	305.4	3645.4	-291.7	-28.2	
86.55	147.9	12.9	11.9	2.0	-72.7	46.2	22.0	-157.4	307.2	3656.7	-223.2	-31.8	
86.60	148.8	12.3	11.3	2.0	-72.6	46.3	21.1	-156.5	309.1	3655.1	-219.2	-34.0	
86.65	149.6	11.9	10.6	2.0	-72.4	46.4	18.2	-153.8	312.8	3639.4	-266.2	-36.1	
86.70	150.5	11.8	10.0	2.0	-71.1	46.5	16.5	-150.4	315.5	3550.3	-277.6	-36.7	
86.75	151.3	11.6	9.6	2.0	-68.8	46.6	16.6	-145.7	315.5	3393.0	-226.4	-35.8	
86.80	152.2	11.9	9.5	2.0	-66.2	46.7	17.8	-138.0	315.6	3223.5	-152.7	-33.7	
86.85	153.0	12.2	9.5	2.0	-64.1	46.8	20.9	-132.1	317.4	3080.3	-69.8	-31.7	
86.90	153.9	12.1	9.0	2.0	-62.9	46.9	23.6	-128.8	319.4	2995.9	-16.9	-32.0	
86.95	154.7	11.9	8.4	2.0	-62.3	47.0	22.9	-124.8	320.7	2960.2	-40.3	-33.5	
87.00	155.5	11.9	8.3	2.0	-61.5	47.1	21.5	-121.5	322.1	2908.2	-91.2	-32.9	
87.05	156.3	12.6	8.3	2.0	-60.8	47.2	20.7	-119.3	324.4	2858.7	-132.6	-32.3	
87.10	157.2	12.8	8.4	2.0	-60.0	47.3	19.4	-115.7	325.9	2810.7	-161.0	-31.1	
87.15	158.0	12.9	8.8	2.0	-58.7	47.4	18.7	-111.6	324.7	2720.0	-143.0	-28.3	
87.20	158.8	13.0	9.3	2.0	-56.6	47.5	19.5	-105.5	323.2	2581.8	-94.9	-24.6	
87.25	159.6	13.3	9.5	2.0	-54.4	47.6	21.0	-98.9	324.2	2435.0	-59.1	-21.9	
87.30	160.4	13.4	9.2	2.0	-52.9	47.7	22.5	-97.6	326.0	2326.0	-37.6	-21.4	
87.35	161.2	13.2	8.0	2.0	-52.1	47.8	21.9	-96.1	326.8	2266.3	-61.5	-24.7	
87.40	162.0	13.3	7.7	2.0	-51.1	47.9	20.3	-92.4	327.6	2202.9	-113.5	-24.7	
87.45	162.8	13.1	8.0	2.0	-49.5	48.0	20.4	-88.3	330.3	2082.5	-148.0	-21.8	
87.50	163.6	12.6	7.7	2.0	-47.8	48.1	20.1	-85.0	332.7	1964.4	-173.0	-21.5	
87.55	164.4	12.3	6.6	2.0	-46.2	48.2	18.0	-82.7	331.9	1849.1	-189.9	-23.5	
87.60	165.2	12.3	6.0	2.0	-44.4	48.3	17.2	-79.8	330.1	1723.9	-169.5	-23.8	
87.65	166.0	12.5	5.8	2.0	-43.0	48.4	19.1	-76.0	330.7	1630.8	-128.9	-23.1	
87.70	166.8	12.5	5.4	2.0	-42.6	48.5	21.2	-74.1	332.5	1603.6	-115.9	-24.1	
87.75	167.6	12.6	5.9	2.0	-42.6	48.6	20.9	-72.4	333.5	1607.5	-149.8	-22.4	
87.80	168.3	12.6	5.8	2.0	-41.9	48.7	19.9	-69.3	333.8	1555.3	-201.1	-22.0	
87.85	169.1	12.3	6.8	2.0	-40.5	48.8	19.8	-65.7	335.4	1448.6	-243.3	-17.2	
87.90	169.9	12.4	7.3	2.0	-39.1	48.9	20.1	-61.6	337.1	1346.6	-265.6	-14.1	
87.95	170.6	12.8	6.7	2.0	-37.9	49.0	20.4	-57.2	336.2	1268.9	-258.0	-14.8	
88.00	171.4	13.1	6.9	2.0	-36.3	49.1	20.5	-51.0	333.7	1169.8	-235.4	-12.7	
88.05	172.1	12.8	7.8	2.0	-34.2	49.2	21.0	-44.7	332.5	1031.4	-217.0	-7.6	
88.10	172.9	12.4	8.2	2.0	-32.8	49.3	20.2	-41.5	333.2	923.0	-243.7	-4.6	
88.15	173.6	12.2	7.0	2.0	-32.3	49.4	17.4	-38.8	334.1	872.0	-305.3	-8.2	
88.20	174.3	12.1	6.5	2.0	-31.4	49.5	14.8	-33.9	333.9	804.2	-344.5	-9.0	
88.25	175.1	12.1	7.4	2.0	-29.3	49.6	15.8	-26.5	334.0	667.0	-301.3	-3.9	
88.30	175.8	12.4	7.4	2.0	-27.0	49.7	19.2	-20.0	334.8	529.7	-198.3	-1.6	
88.35	176.6	13.0	5.6	2.0	-25.2	49.8	22.9	-17.4	335.0	426.3	-57.2	-5.8	
88.40	177.3	13.4	3.8	2.0	-24.2	49.9	26.2	-16.9	333.5	327.4	108.0	-11.0	
88.45	178.0	13.6	3.5	2.0	-24.1	50.0	29.0	-14.4	331.6	225.5	250.6	-12.2	
88.50	178.8	13.3	3.2	2.0	-24.2	50.1	29.8	-11.3	331.7	158.9	310.1	-13.4	
88.55	179.5	13.2	1.2	2.0	-24.2	50.2	28.5	-12.3	333.1	179.2	297.4	-20.2	
88.60	180.2	13.2	-0.9	2.0	-24.0	50.3	25.4	-12.9	333.8	229.3	251.0	-27.1	
88.65	180.9	13.2	-0.8	2.0	-23.8	50.4	24.8	-10.8	332.7	194.5	266.8	-26.5	
88.70	181.6	13.3	0.9	2.0	-24.4	50.5	28.0	-7.7	331.6	97.2	361.0	-21.5	
88.75	182.3	13.3	1.9	2.0	-25.6	50.6	31.7	-1.7	331.8	18.3	456.1	-19.0	
88.80	183.0	12.8	2.7	2.0	-27.2	50.7	35.7	4.1	331.0	-76.0	556.6	-18.1	
88.85	183.7	12.8	4.9	2.0	-28.4	50.8	37.6	9.5	328.2	-218.5	608.1	-11.7	
88.90	184.4	12.9	6.3	2.0	-28.1	50.9	35.3	16.7	327.7	-332.2	528.3	-6.6	
88.95	185.1	12.9	6.1	2.0	-27.0	51.0	32.1	19.2	329.3	-389.3	383.4	-5.9	
89.00	185.8	12.4	5.5	2.0	-26.0	51.1	27.8	20.2	329.6	-419.1	221.2	-6.9	
89.05	186.5	11.9	5.7	2.0	-26.0	51.2	22.4	26.0	327.2	-470.5	76.2	-6.4	
89.10	187.2	11.7	7.1	2.0	-27.8	51.3	21.1	30.9	324.4	-606.5	32.9	-3.3	
89.15	187.8	11.6	8.7	2.0	-30.2	51.4	22.6	35.3	324.0	-778.9	50.2	-0.2	
89.20	188.5	11.5	9.4	2.0	-32.5	51.5	23.7	41.5	323.6	-932.7	83.2	-0.4	
89.25	189.2	11.2	10.7	2.0	-35.1	51.6	26.3	46.1	320.9	-1101.9	175.0	1.6	
89.30	189.9	11.6	11.3	2.0	-37.0	51.7	29.2	49.4	318.8	-1227.1	254.4	1.9	
89.35	190.6	11.8	10.7	2.0	-37.5	51.8	29.5	52.6	320.0	-1259.3	240.7	-0.8	
89.40	191.2	11.8	9.6	2.0	-37.6	51.9	30.2	50.5	321.7	-1267.5	224.2	-4.7	
89.45	191.9	11.4	8.6	2.0	-37.9	52.0	29.6	48.6	320.0	-1301.9	216.6	-8.5	
89.50	192.6	11.2	7.7	2.0	-38.5	52.1	26.9	51.7	316.5	-1348.0	193.4	-12.0	
89.55	193.3	11.2	8.4	2.0	-39.9	52.2	27.2	54.6	314.8	-1444.7	209.7	-11.0	
89.60	193.9	11.2	10.0	2.0	-41.7	52.3	29.7	57.3	314.3	-1567.7	250.5	-7.5	
89.65	194.6	11.2	10.6	2.0	-43.0	52.4	29.8	62.4	313.1	-1656.9	257.3	-6.8	
89.70	195.2	11.3	10.7	2.0	-43.9	52.5	30.2	64.1	311.1	-1716.1	267.2	-7.0	
89.75	195.9	11.6	11.5	2.0	-44.3	52.6	30.8	65.1	310.8	-1747.9	242.4	-5.0	
89.80	196.5	11.9	12.3	2.0	-44.4	52.7	30.0	70.3	312.1	-1757.1	155.2	-2.4	
89.85	197.2	12.1	13.7	2.0	-45.0	52.8	29.8	73.3	312.1	-1795.8	96.1	2.2	
89.90	197.8	12.2	15.0	2.0	-45.9	52.9	28.2	76.3	309.6	-1859.3	60.0	5.4	
89.95	198.4	12.3	15.8	2.0	-47.0	53.0	25.1	81.9	306.5	-1932.7	28.4	7.3	
90.00	199.0	12.2	17.9	2.0	-48.9	53.1	25.2	86.8	304.8	-2065.4	57.3	12.7	
90.05	199.7	12.0	19.1	2.0	-50.7	53.2	27.0	91.1	303.8	-2187.5	115.5	15.0	
90.10	200.3	11.7	18.6	2.0	-51.2	53.3	26.8	94.5	302.2	-2214.2	149.5	12.6	
90.15	200.9	11.4	17.4	2.0	-51.2	53.4	27.4	94.6	300.5	-2212.8	205.5	8.5	
90.20	201.5	11.3	16.7	2.0	-51.8	53.5	29.8	95.1	299.8	-2245.5	287.4	5.5	
90.25	202.2	11.1	16.1	2.0	-53.0	53.6	31.5	99.8	299.2	-2311.0	363.6	2.4	
90.30	202.8	10.9	16.1	2.0	-54.6	53.7	33.7	103.3	297.5	-2406.8	471.9	0.7	
90.35	203.4	11.1	16.7	2.0	-56.5	53.8	36.3	105.2	295.1	-2516.1	602.8	0.8	
90.40	204.0	11.2	16.4	2.0	-58.0	53.9	38.4	108.1	292.2	-2596.6	725.6	-1.7	
90.45	204.6	11.3	16.1	2.0	-59.5	54.0	40.9	111.3	290.1	-2675.0	831.7	-4.3	
90.50	205.2	11.1	15.8	2.0	-60.4	54.1	42.4	111.7	289.4	-2722.6	880.4	-6.2	
90.55	205.8	10.9	14.8	2.0	-60.1	54.2	40.6	111.9	288.4	-2717.8	843.4	-9.4	
90.60	206.4	10.7	14.5	2.0	-60.0	54.3	37.9	113.1	286.6	-2724.9	776.8	-10.3	
90.65	207.0	10.6	15.0	2.0	-60.7	54.4	37.4	115.4	285.0	-2785.0	736.8	-9.1	
90.70	207.6	10.4	16.9	2.0	-62.0	54.5	36.9	121.9	284.8	-2883.1	682.6	-4.1	
90.75	208.2	10.1	18.8	2.0	-63.6	54.6	37.0	127.1	284.1	-3001.5	648.2	0.9	
90.80	208.8	9.9	20.8	2.0	-65.0	54.7	37.5	129.1	281.7	-3111.2	639.5	6.3	
90.85	209.4	10.5	21.6	2.0	-65.7	54.8	36.6	131.5	279.5	-3164.6	594.8	8.6	
90.90	210.0	10.7	21.9	2.0	-65.7	54.9	35.6	133.0	279.2	-3174.7	513.8	9.4	
90.95	210.6	10.3	22.4	2.0	-65.5	55.0	35.0	132.4	279.3	-3175.7	426.7	11.5	
91.00	211.2	10.7	22.5	2.0	-65.3	55.1	32.1	134.0	277.1	-3176.5	327.4	11.9	
91.05	211.8	11.1	22.8	2.0	-65.9	55.2	28.7	137.2	274.1	-3224.1	256.0	12.3	
91.10	212.4	11.6	23.8	2.0	-67.4	55.3	28.7	139.4	272.2	-3330.5	266.1	14.4	
91.15	212.9	11.3	24.2	2.0	-68.9	55.4	30.9	143.8	270.8	-3424.4	327.5	14.2	
91.20	213.5	11.2	24.2	2.0	-70.3	55.5	34.4	148.3	268.5	-3509.0	438.2	12.7	
91.25	214.1	11.2	23.9	2.0	-71.5	55.6	39.0	147.8	265.7	-3579.8	586.0	10.6	
91.30	214.7	11.2	21.9	2.0	-71.5	55.7	40.3	145.8	263.6	-3567.4	669.2	3.6	
91.35	215.2	11.7	19.9	2.0	-70.8	55.8	39.4	145.3	262.2	-3518.0	683.7	-2.5	
91.40	215.8	12.2	20.6	2.0	-71.3	55.9	40.1	147.0	259.9	-3549.0	705.1	-0.7	
91.45	216.4	12.7	21.9	2.0	-72.6	56.0	39.9	150.7	256.9	-3632.1	728.2	2.7	
91.50	216.9	13.5	21.7	2.0	-73.7	56.1	36.8	156.0	254.6	-3709.8	720.9	0.8	
91.55	217.5	14.1	22.4	2.0	-75.4	56.2	36.0	160.5	252.4	-3822.3	760.3	1.5	
91.60	218.0	14.4	24.6	2.0	-77.5	56.3	39.3	163.9	250.2	-3953.3	854.6	7.0	
91.65	218.6	14.3	25.6	2.0	-78.3	56.4	42.6	166.2	249.4	-3991.4	923.9	9.5	
91.70	219.1	14.0	24.3	2.0	-77.6	56.5	43.6	166.1	249.3	-3931.9	950.7	5.8	
91.75	219.7	13.3	22.9	2.0	-76.5	56.6	43.1	164.7	247.2	-3847.0	952.2	2.1	
91.80	220.2	13.1	23.3	2.0	-75.8	56.7	41.5	165.1	244.5	-3809.9	905.6	4.0	
91.85	220.8	13.3	24.9	2.0	-75.9	56.8	38.5	167.6	243.5	-3835.2	808.0	9.7	
91.90	221.3	13.8	26.2	2.0	-76.3	56.9	35.2	169.7	242.8	-3883.0	720.2	13.7	
91.95	221.8	14.2	27.2	2.0	-77.0	57.0	32.3	173.8	239.8	-3929.3	676.0	16.5	
92.00	222.4	14.2	28.6	2.0	-77.8	57.1	33.1	177.8	236.4	-3977.5	702.2	20.4	
92.05	222.9	13.9	29.3	2.0	-78.3	57.2	37.1	177.9	235.8	-4003.2	763.7	22.3	
92.10	223.4	14.3	28.6	2.0	-78.2	57.3	39.1	177.3	236.1	-3996.2	781.5	20.0	
92.15	224.0	14.8	28.0	2.0	-78.3	57.4	38.6	177.2	234.0	-4007.2	769.4	17.7	
92.20	224.5	15.1	28.2	2.0	-79.0	57.5	37.6	177.7	230.9	-4069.8	744.3	17.8	
92.25	225.0	14.8	28.9	2.0	-80.1	57.6	34.7	181.7	229.0	-4155.8	668.2	19.1	
92.30	225.6	14.5	29.3	2.0	-81.5	57.7	31.2	187.0	226.5	-4262.0	595.7	19.0	
92.35	226.1	14.4	29.6	2.0	-82.9	57.8	29.4	190.1	222.7	-4370.4	577.3	18.8	
92.40	226.6	14.3	29.5	2.0	-83.5	57.9	29.6	190.0	219.1	-4416.0	593.6	17.8	
92.45	227.1	14.0	29.2	2.0	-84.0	58.0	32.3	189.3	217.6	-4448.0	639.0	16.1	
92.50	227.6	13.8	29.1	2.0	-84.9	58.1	36.3	190.1	215.6	-4500.9	724.4	14.9	
92.55	228.1	13.6	29.0	2.0	-86.0	58.2	37.6	193.6	212.2	-4564.8	774.0	13.6	
92.60	228.6	13.9	29.1	2.0	-86.7	58.3	37.5	195.3	209.7	-4623.0	758.1	13.3	
92.65	229.2	14.0	30.0	2.0	-87.7	58.4	36.8	196.7	208.3	-4705.5	700.7	15.2	
92.70	229.7	13.8	31.2	2.0	-89.4	58.5	34.6	202.4	205.9	-4828.8	631.2	17.7	
92.75	230.2	13.7	32.0	2.0	-90.9	58.6	31.9	207.8	202.5	-4937.5	575.6	19.0	
92.80	230.7	14.0	32.4	2.0	-91.4	58.7	29.9	208.1	200.8	-4982.4	524.2	19.7	
92.85	231.1	14.7	32.1	2.0	-91.1	58.8	29.0	205.8	199.2	-4973.6	486.8	19.1	
92.90	231.6	15.0	32.5	2.0	-91.1	58.9	29.7	205.1	197.1	-4979.3	486.7	20.6	
92.95	232.1	15.1	33.4	2.0	-91.7	59.0	30.7	207.4	195.8	-5014.8	498.2	22.9	
93.00	232.6	14.9	34.0	2.0	-92.3	59.1	30.4	211.3	194.8	-5055.3	480.8	24.3	
93.05	233.1	14.7	35.1	2.0	-93.3	59.2	29.4	215.7	193.3	-5119.3	453.4	27.1	
93.10	233.6	14.8	36.4	2.0	-94.4	59.3	29.0	219.1	190.9	-5198.4	456.7	30.4	
93.15	234.1	14.9	37.0	2.0	-95.3	59.4	29.1	221.8	189.4	-5258.0	473.2	31.6	
93.20	234.5	14.6	36.7	2.0	-95.6	59.5	30.5	222.0	189.0	-5274.3	508.0	30.5	
93.25	235.0	14.4	35.9	2.0	-95.3	59.6	32.3	219.7	187.2	-5252.8	569.0	27.8	
93.30	235.5	14.3	34.5	2.0	-94.7	59.7	32.3	217.5	183.5	-5208.4	618.9	23.9	
93.35	236.0	14.3	33.1	2.0	-94.1	59.8	30.6	216.4	180.2	-5172.4	624.6	19.5	
93.40	236.4	14.5	32.8	2.0	-94.4	59.9	28.8	218.1	178.4	-5192.1	599.3	18.3	
93.45	236.9	14.6	33.9	2.0	-95.3	60.0	28.0	222.4	176.0	-5254.2	589.1	21.1	
93.50	237.3	14.5	35.0	2.0	-96.1	60.1	28.2	225.7	172.7	-5305.9	614.1	24.1	
93.55	237.8	14.4	35.5	2.0	-96.5	60.2	29.3	226.9	169.7	-5329.4	662.5	25.4	
93.60	238.2	14.1	35.5	2.0	-96.7	60.3	31.7	227.3	167.4	-5333.7	716.3	25.1	
93.65	238.7	13.7	36.2	2.0	-97.1	60.4	34.4	229.4	165.3	-5355.8	752.7	27.1	
93.70	239.1	13.4	36.8	2.0	-97.6	60.5	35.9	230.8	162.9	-5393.0	764.0	28.6	
93.75	239.6	13.1	37.1	2.0	-97.7	60.6	33.6	230.8	160.2	-5412.0	703.9	29.6	
93.80	240.0	12.9	37.3	2.0	-97.8	60.7	28.5	232.0	157.1	-5429.9	584.1	30.4	
93.85	240.5	12.5	38.2	2.0	-98.3	60.8	24.7	234.7	154.5	-5473.8	472.0	32.8	
93.90	240.9	12.4	39.4	2.0	-98.8	60.9	23.1	236.6	152.7	-5518.7	398.9	36.4	
93.95	241.4	12.5	39.2	2.0	-98.5	61.0	22.4	236.7	150.9	-5499.3	364.4	36.0	
94.00	241.8	12.5	38.7	2.0	-97.8	61.1	23.0	235.1	148.3	-5448.0	380.9	35.1	
94.05	242.2	12.7	39.2	2.0	-97.6	61.2	26.7	233.3	146.0	-5436.7	457.2	37.0	
94.10	242.7	12.8	40.2	2.0	-98.1	61.3	30.7	234.8	145.2	-5464.9	512.9	39.7	
94.15	243.1	12.7	40.7	2.0	-98.7	61.4	31.4	237.7	145.3	-5501.0	497.4	41.0	
94.20	243.5	12.2	41.0	2.0	-99.5	61.5	29.8	238.9	144.0	-5563.7	464.4	41.1	
94.25	244.0	11.8	41.7	2.0	-100.7	61.6	27.2	240.8	140.9	-5652.2	440.6	42.4	
94.30	244.4	11.8	41.5	2.0	-101.3	61.7	25.5	243.2	138.9	-5695.1	419.4	41.1	
94.35	244.8	11.3	40.0	2.0	-101.0	61.8	26.4	241.6	138.1	-5677.8	437.9	36.3	
94.40	245.2	10.9	37.9	2.0	-100.3	61.9	28.7	237.4	136.2	-5630.0	507.0	29.8	
94.45	245.7	11.0	37.2	2.0	-100.2	62.0	29.6	235.7	133.0	-5625.4	580.6	27.6	
94.50	246.1	11.0	38.1	2.0	-101.6	62.1	30.4	239.1	130.4	-5712.6	657.0	29.2	
94.55	246.5	10.8	39.1	2.0	-103.7	62.2	31.7	245.9	129.7	-5841.1	718.5	30.7	
94.60	246.9	10.3	40.5	2.0	-105.6	62.3	32.1	253.8	128.7	-5964.3	755.7	33.2	
94.65	247.3	10.1	41.1	2.0	-106.5	62.4	32.7	255.6	125.2	-6021.3	812.8	34.4	
94.70	247.7	9.9	40.2	2.0	-106.2	62.5	34.7	252.3	121.7	-5997.4	880.1	32.0	
94.75	248.1	9.6	38.4	2.0	-105.0	62.6	37.1	249.0	120.0	-5914.9	920.2	26.6	
94.80	248.5	10.2	36.5	2.0	-104.0	62.7	39.4	246.6	118.3	-5840.0	959.2	21.4	
94.85	248.9	10.7	36.5	2.0	-103.7	62.8	39.5	244.9	115.5	-5814.9	983.6	21.6	
94.90	249.3	11.0	37.1	2.0	-103.9	62.9	37.8	245.4	112.1	-5835.7	987.5	23.3	
94.95	249.6	10.8	38.1	2.0	-104.6	63.0	34.7	248.7	109.9	-5887.2	945.3	26.2	
95.00	250.0	10.3	39.0	2.0	-105.0	63.1	33.1	251.0	109.3	-5922.7	884.6	28.7	
95.05	250.4	9.7	39.8	2.0	-104.7	63.2	32.9	250.6	107.7	-5911.8	838.0	32.0	
95.10	250.8	9.3	40.2	2.0	-103.8	63.3	32.4	249.2	104.6	-5849.5	800.5	34.3	
95.15	251.2	8.9	40.3	2.0	-102.6	63.4	32.5	247.3	102.5	-5769.1	763.2	35.9	
95.20	251.6	8.7	40.4	2.0	-101.9	63.5	33.4	246.3	102.2	-5723.6	723.5	36.9	
95.25	252.0	9.0	41.4	2.0	-101.9	63.6	33.6	246.6	102.1	-5730.3	666.0	40.2	
95.30	252.4	9.5	43.3	2.0	-102.5	63.7	31.8	247.3	101.0	-5784.8	595.7	46.0	
95.35	252.7	10.1	44.2	2.0	-103.2	63.8	29.1	248.2	99.2	-5846.4	528.4	48.6	
95.40	253.1	10.3	44.7	2.0	-103.5	63.9	25.7	249.9	97.0	-5871.5	443.6	49.8	
95.45	253.5	10.4	44.9	2.0	-103.2	64.0	23.7	250.1	94.8	-5860.1	364.2	50.9	
95.50	253.9	10.3	45.0	2.0	-102.6	64.1	23.3	247.7	92.9	-5826.1	305.6	51.9	
95.55	254.2	9.9	44.6	2.0	-102.1	64.2	22.5	246.1	91.2	-5790.1	262.7	51.0	
95.60	254.6	9.9	44.3	2.0	-102.3	64.3	22.8	247.4	89.1	-5804.7	273.2	50.0	
95.65	255.0	10.0	45.4	2.0	-103.4	64.4	25.2	250.0	87.4	-5876.5	341.9	52.5	
95.70	255.3	10.2	46.0	2.0	-104.3	64.5	27.7	251.9	86.2	-5940.0	419.4	53.7	
95.75	255.7	10.4	46.0	2.0	-105.0	64.6	29.5	252.9	83.8	-5983.5	495.0	53.1	
95.80	256.0	10.5	46.1	2.0	-105.6	64.7	30.8	253.4	80.1	-6022.4	565.1	52.6	
95.85	256.4	10.2	45.6	2.0	-105.6	64.8	32.4	252.6	77.1	-6023.9	614.7	50.8	
95.90	256.7	10.2	43.6	2.0	-104.8	64.9	33.1	250.7	75.6	-5962.0	635.7	44.8	
95.95	257.1	10.4	41.3	2.0	-104.1	65.0	32.5	249.5	73.4	-5914.4	670.5	37.8	
96.00	257.4	10.3	41.4	2.0	-104.9	65.1	32.2	251.2	70.4	-5962.8	746.6	37.2	
96.05	257.8	10.3	42.2	2.0	-106.5	65.2	33.4	254.8	69.1	-6061.0	828.4	38.3	
96.10	258.1	10.5	42.5	2.0	-107.7	65.3	35.5	257.8	69.3	-6133.9	908.3	38.3	
96.15	258.5	10.9	42.4	2.0	-108.4	65.4	37.8	259.5	67.5	-6163.8	1018.4	37.2	
96.20	258.8	10.8	42.7	2.0	-108.4	65.5	39.7	260.0	63.4	-6150.9	1129.5	38.3	
96.25	259.1	10.7	42.5	2.0	-107.7	65.6	41.1	257.7	61.4	-6094.7	1166.6	38.2	
96.30	259.5	10.6	41.4	2.0	-106.7	65.7	41.9	254.6	62.5	-6032.4	1127.0	35.5	
96.35	259.8	10.6	40.9	2.0	-106.3	65.8	40.3	253.7	62.6	-6013.6	1068.4	34.1	
96.40	260.1	10.6	41.1	2.0	-106.4	65.9	36.7	255.9	60.0	-6032.2	1030.3	34.6	
96.45	260.5	10.4	42.2	2.0	-106.7	66.0	34.4	257.2	57.7	-6051.1	1011.4	38.2	
96.50	260.8	10.2	43.3	2.0	-106.6	66.1	34.7	256.9	57.8	-6052.9	980.4	42.1	
96.55	261.1	10.2	44.1	2.0	-106.5	66.2	35.5	257.3	57.6	-6046.3	943.0	44.8	
96.60	261.5	10.4	44.1	2.0	-106.0	66.3	35.0	257.3	55.3	-6014.3	912.2	45.6	
96.65	261.8	10.5	43.6	2.0	-104.7	66.4	33.8	253.7	52.7	-5934.1	868.7	45.0	
96.70	262.1	10.7	43.8	2.0	-103.5	66.5	31.8	250.9	51.5	-5865.2	780.4	47.0	
96.75	262.4	11.0	45.1	2.0	-103.2	66.6	29.9	252.8	50.5	-5858.2	667.9	51.5	
96.80	262.8	11.5	47.0	2.0	-103.9	66.7	28.1	256.0	48.9	-5910.5	562.3	57.6	
96.85	263.1	11.4	48.6	2.0	-104.1	66.8	25.9	255.9	46.6	-5938.9	477.1	62.7	
96.90	263.4	11.2	48.1	2.0	-103.3	66.9	23.9	252.9	43.8	-5893.7	418.2	61.7	
96.95	263.7	10.9	47.9	2.0	-102.5	67.0	23.7	251.2	41.0	-5841.3	404.3	62.1	
97.00	264.0	10.8	48.7	2.0	-102.4	67.1	25.6	251.5	38.4	-5833.4	423.9	64.8	
97.05	264.3	10.8	48.9	2.0	-102.3	67.2	26.5	251.2	36.7	-5825.3	412.2	65.6	
97.10	264.6	11.0	48.1	2.0	-101.9	67.3	24.5	250.3	35.3	-5801.8	362.9	63.2	
97.15	264.9	10.7	48.0	2.0	-102.1	67.4	22.3	250.8	32.7	-5816.8	352.0	62.7	
97.20	265.2	10.5	49.1	2.0	-103.1	67.5	21.3	254.4	29.7	-5889.3	372.4	65.5	
97.25	265.6	10.5	49.7	2.0	-104.2	67.6	21.5	258.6	27.8	-5958.3	391.3	66.5	
97.30	265.9	10.3	49.6	2.0	-104.5	67.7	23.3	258.9	27.4	-5977.0	429.2	65.9	
97.35	266.2	10.1	48.8	2.0	-104.3	67.8	26.1	256.6	26.1	-5964.3	525.5	63.1	
97.40	266.5	9.8	47.6	2.0	-104.3	67.9	27.9	256.0	23.5	-5951.5	646.7	59.2	
97.45	266.8	9.0	46.8	2.0	-104.4	68.0	29.1	256.2	22.1	-5947.0	738.9	56.3	
97.50	267.1	8.9	46.1	2.0	-104.3	68.1	30.5	255.5	22.7	-5939.7	788.3	54.0	
97.55	267.4	9.2	45.4	2.0	-104.3	68.2	30.5	255.1	22.4	-5933.7	816.8	51.7	
97.60	267.6	9.8	45.1	2.0	-104.5	68.3	29.4	257.1	19.9	-5938.4	854.5	50.2	
97.65	267.9	10.1	44.8	2.0	-104.5	68.4	29.0	258.2	18.2	-5931.7	892.4	49.2	
97.70	268.2	10.1	44.1	2.0	-104.2	68.5	30.3	257.3	17.8	-5905.8	937.0	47.3	
97.75	268.5	9.8	43.8	2.0	-104.2	68.6	32.4	257.2	17.0	-5896.3	992.9	46.1	
97.80	268.8	9.7	44.3	2.0	-104.6	68.7	34.7	257.7	15.0	-5912.0	1067.6	47.4	
97.85	269.1	9.8	44.6	2.0	-104.9	68.8	36.0	257.5	13.2	-5928.1	1117.1	48.2	
97.90	269.4	10.1	45.2	2.0	-105.0	68.9	35.5	258.2	11.9	-5942.8	1101.4	50.2	
97.95	269.6	10.5	45.5	2.0	-105.3	69.0	34.2	259.7	9.9	-5972.2	1050.6	51.0	
98.00	269.9	10.9	46.5	2.0	-105.8	69.1	32.4	261.5	7.8	-6021.0	974.6	53.7	
98.05	270.2	11.3	46.7	2.0	-106.0	69.2	30.0	262.4	5.8	-6044.5	887.0	54.4	
98.10	270.5	11.1	46.7	2.0	-105.6	69.3	27.6	262.2	3.9	-6031.2	813.6	54.7	
98.15	270.7	10.8	47.1	2.0	-105.3	69.4	26.5	261.6	1.1	-6015.7	786.6	56.5	
98.20	271.0	10.6	47.7	2.0	-105.1	69.5	26.7	260.9	-1.4	-5999.7	768.0	58.7	
98.25	271.3	10.0	48.4	2.0	-104.7	69.6	26.5	259.9	-2.6	-5979.7	712.9	61.5	
98.30	271.6	9.9	48.9	2.0	-104.3	69.7	26.0	258.5	-4.2	-5957.3	657.8	63.6	
98.35	271.8	9.9	48.9	2.0	-104.1	69.8	24.4	257.8	-6.8	-5950.1	595.1	63.9	
98.40	272.1	9.9	49.8	2.0	-103.9	69.9	21.9	257.9	-8.8	-5947.2	509.0	66.8	
98.45	272.4	10.3	50.2	2.0	-103.8	70.0	20.0	258.0	-9.9	-5938.5	422.7	68.7	
98.50	272.7	10.6	50.3	2.0	-103.6	70.1	19.0	257.4	-10.6	-5930.8	355.3	69.2	
98.55	272.9	10.6	50.6	2.0	-103.4	70.2	17.7	256.7	-11.0	-5922.1	304.7	70.4	
98.60	273.2	10.3	51.0	2.0	-103.4	70.3	16.2	256.5	-12.6	-5926.5	285.9	71.5	
98.65	273.5	10.0	51.7	2.0	-103.8	70.4	15.5	257.2	-14.2	-5953.7	280.1	73.6	
98.70	273.7	9.8	52.2	2.0	-104.2	70.5	15.9	258.0	-14.9	-5974.9	267.9	75.1	
98.75	274.0	9.8	52.6	2.0	-104.4	70.6	16.3	258.5	-15.1	-5991.8	258.7	76.2	
98.80	274.3	9.8	52.5	2.0	-104.4	70.7	16.3	258.9	-15.9	-5992.9	263.5	75.9	
98.85	274.5	9.5	52.3	2.0	-104.3	70.8	15.6	258.6	-17.1	-5980.1	277.4	75.4	
98.90	274.8	9.3	52.1	2.0	-104.2	70.9	15.7	258.1	-17.9	-5974.2	305.4	74.5	
98.95	275.0	9.1	51.5	2.0	-104.1	71.0	17.7	257.8	-18.5	-5967.0	357.3	72.7	
99.00	275.3	9.0	51.3	2.0	-104.1	71.1	20.1	258.5	-19.2	-5957.3	416.9	72.1	
99.05	275.5	8.7	51.0	2.0	-104.1	71.2	21.5	258.9	-21.0	-5946.5	493.2	71.2	
99.10	275.8	8.8	50.4	2.0	-103.9	71.3	23.1	257.6	-23.7	-5928.9	585.7	69.1	
99.15	276.0	9.0	49.6	2.0	-103.7	71.4	24.9	256.4	-25.5	-5905.6	663.1	66.7	
99.20	276.3	8.7	49.0	2.0	-103.6	71.5	26.4	256.9	-26.6	-5889.0	728.1	64.5	
99.25	276.5	9.0	48.8	2.0	-104.0	71.6	27.8	258.8	-27.8	-5904.3	791.3	63.3	
99.30	276.8	9.4	48.7	2.0	-104.6	71.7	28.3	260.0	-29.9	-5935.2	849.0	62.5	
99.35	277.0	8.8	48.1	2.0	-105.0	71.8	27.6	259.9	-32.3	-5958.8	881.7	60.0	
99.40	277.3	8.7	47.5	2.0	-105.4	71.9	27.2	259.6	-34.0	-5986.9	894.5	57.8	
99.45	277.5	8.7	47.7	2.0	-106.0	72.0	28.6	259.8	-35.4	-6028.7	921.5	57.7	
99.50	277.7	8.5	48.1	2.0	-106.5	72.1	31.2	260.2	-36.9	-6052.7	970.3	58.7	
99.55	278.0	8.7	47.4	2.0	-106.3	72.2	31.8	259.2	-37.8	-6034.3	985.3	56.6	
99.60	278.2	9.0	46.6	2.0	-105.8	72.3	30.0	257.0	-38.5	-6012.2	959.6	54.1	
99.65	278.5	9.1	47.3	2.0	-106.2	72.4	28.4	257.3	-39.9	-6041.3	933.3	56.1	
99.70	278.7	9.2	48.8	2.0	-106.8	72.5	27.6	260.3	-41.1	-6086.8	883.5	60.6	
99.75	279.0	9.2	49.3	2.0	-106.6	72.6	26.3	262.1	-41.1	-6082.9	785.3	62.6	
99.80	279.2	8.8	49.2	2.0	-105.8	72.7	25.1	259.4	-41.5	-6036.9	706.0	63.2	
99.85	279.5	8.4	49.1	2.0	-104.7	72.8	24.0	254.3	-43.3	-5973.9	666.5	63.8	
99.90	279.7	8.2	49.0	2.0	-103.8	72.9	22.8	251.4	-44.8	-5919.0	616.9	64.4	
99.95	279.9	8.3	49.6	2.0	-103.3	73.0	22.6	251.2	-44.3	-5888.2	544.7	66.8	
100.00	280.2	8.3	51.0	2.0	-103.3	73.1	23.1	251.9	-43.8	-5887.9	483.3	71.9	
100.05	280.4	8.3	52.7	2.0	-103.5	73.2	22.0	253.5	-45.8	-5902.5	433.5	77.4	
100.10	280.6	8.3	53.4	2.0	-103.7	73.3	19.0	255.2	-48.3	-5914.7	363.2	79.5	
100.15	280.9	8.2	53.1	2.0	-103.3	73.4	17.1	253.8	-49.2	-5891.1	287.8	78.9	
100.20	281.1	8.0	53.1	2.0	-102.7	73.5	17.7	251.9	-49.4	-5853.1	250.2	79.7	
100.25	281.3	7.8	53.8	2.0	-102.4	73.6	19.4	251.4	-50.6	-5832.0	268.5	82.4	
100.30	281.5	8.5	54.2	2.0	-102.5	73.7	20.7	251.7	-52.8	-5832.6	323.6	83.5	
100.35	281.8	8.9	53.0	2.0	-102.5	73.8	20.2	251.3	-54.5	-5835.5	355.3	79.5	
100.40	282.0	9.0	52.2	2.0	-103.0	73.9	18.3	252.0	-55.8	-5871.3	358.3	76.2	
100.45	282.2	9.2	53.3	2.0	-104.2	74.0	17.6	254.8	-58.1	-5951.2	382.3	78.9	
100.50	282.4	9.0	53.8	2.0	-104.7	74.1	18.9	256.8	-59.9	-5978.5	421.1	79.8	
100.55	282.6	8.5	52.4	2.0	-103.9	74.2	20.0	256.1	-60.3	-5917.0	451.4	75.9	
100.60	282.9	7.9	50.6	2.0	-102.8	74.3	20.9	252.6	-61.4	-5835.0	517.9	70.8	
100.65	283.1	7.7	49.6	2.0	-102.4	74.4	22.7	249.7	-63.8	-5801.4	627.8	67.9	
100.70	283.3	7.6	49.4	2.0	-103.0	74.5	25.0	249.8	-64.8	-5830.8	712.6	66.6	
100.75	283.5	7.5	50.0	2.0	-104.0	74.6	27.7	252.3	-64.0	-5895.0	770.3	67.5	
100.80	283.7	7.6	51.2	2.0	-105.2	74.7	28.7	255.6	-64.6	-5968.9	818.1	70.4	
100.85	284.0	7.7	51.6	2.0	-106.1	74.8	28.2	257.8	-67.6	-6024.0	868.4	71.0	
100.90	284.2	7.2	50.5	2.0	-106.0	74.9	27.2	256.3	-68.9	-6016.4	866.5	67.4	
100.95	284.4	7.3	48.0	2.0	-104.4	75.0	26.8	250.7	-67.0	-5925.7	811.9	60.2	
101.00	284.6	7.6	47.3	2.0	-103.5	75.1	27.2	247.2	-65.8	-5866.8	782.9	58.8	
101.05	284.9	7.6	48.7	2.0	-104.1	75.2	27.9	249.9	-68.1	-5903.2	817.3	63.2	
101.10	285.1	7.3	49.4	2.0	-104.9	75.3	27.6	253.4	-69.9	-5949.9	819.2	64.6	
101.15	285.3	7.0	49.8	2.0	-105.2	75.4	26.9	253.4	-68.8	-5983.4	768.8	65.6	
101.20	285.5	6.9	51.4	2.0	-105.8	75.5	27.9	252.9	-69.0	-6029.3	766.2	70.6	
101.25	285.7	6.6	51.9	2.0	-106.1	75.6	29.3	253.8	-71.5	-6038.9	790.5	72.2	
101.30	285.9	6.5	51.1	2.0	-105.0	75.7	29.6	252.7	-72.6	-5963.6	769.8	70.4	
101.35	286.1	6.7	50.1	2.0	-103.7	75.8	29.3	248.2	-72.2	-5880.0	730.8	68.3	
101.40	286.3	7.0	50.3	2.0	-103.4	75.9	28.3	245.4	-73.3	-5868.2	699.8	69.4	
101.45	286.5	7.1	51.0	2.0	-104.1	76.0	25.3	247.8	-76.4	-5918.7	649.0	71.0	
101.50	286.7	7.2	51.3	2.0	-105.0	76.1	22.7	251.7	-78.5	-5985.1	586.7	71.2	
101.55	286.9	7.1	52.1	2.0	-105.8	76.2	22.1	253.7	-79.1	-6040.7	549.9	72.9	
101.60	287.1	7.0	52.9	2.0	-106.4	76.3	22.0	255.8	-81.3	-6079.3	558.6	75.3	
101.65	287.3	6.9	53.4	2.0	-106.5	76.4	21.8	256.2	-84.2	-6080.0	584.9	77.0	
101.70	287.5	7.1	52.1	2.0	-105.8	76.5	23.0	252.5	-84.9	-6037.1	599.1	73.2	
101.75	287.7	7.0	50.9	2.0	-104.9	76.6	23.5	248.0	-83.7	-5980.1	582.8	70.0	
101.80	287.9	6.9	51.0	2.0	-104.6	76.7	21.7	248.0	-84.9	-5964.6	560.7	70.3	
101.85	288.1	7.6	52.9	2.0	-105.1	76.8	20.2	250.7	-87.7	-5992.2	545.9	76.6	
101.90	288.3	7.2	52.8	2.0	-105.0	76.9	19.8	250.8	-88.9	-5983.4	510.5	76.1	
101.95	288.5	6.7	51.7	2.0	-104.1	77.0	17.5	248.6	-88.3	-5932.8	427.8	73.4	
102.00	288.7	6.5	52.0	2.0	-103.8	77.1	15.2	247.9	-88.9	-5917.8	377.5	74.8	
102.05	288.9	6.7	52.4	2.0	-103.9	77.2	15.7	247.9	-91.6	-5915.6	408.6	76.1	
102.10	289.1	6.8	52.6	2.0	-103.6	77.3	16.5	248.5	-92.2	-5895.1	421.8	77.1	
102.15	289.3	6.9	52.4	2.0	-103.0	77.4	17.3	247.1	-89.8	-5851.3	390.0	77.0	
102.20	289.4	6.7	52.6	2.0	-102.9	77.5	18.5	245.5	-89.6	-5848.5	382.4	77.6	
102.25	289.6	6.6	53.2	2.0	-103.2	77.6	17.7	245.8	-92.2	-5875.2	372.7	79.4	
102.30	289.8	6.9	54.2	2.0	-103.4	77.7	15.9	246.5	-93.3	-5888.7	324.4	82.5	
102.35	290.0	7.0	54.1	2.0	-103.1	77.8	16.2	245.3	-92.7	-5871.0	298.4	82.6	
102.40	290.2	7.3	54.4	2.0	-103.3	77.9	17.3	246.1	-93.3	-5882.6	317.7	83.5	
102.45	290.4	7.5	54.3	2.0	-103.6	78.0	16.6	248.6	-96.0	-5890.8	349.0	82.7	
102.50	290.6	7.8	52.8	2.0	-103.2	78.1	15.6	247.8	-97.3	-5860.5	373.6	78.1	
102.55	290.7	8.4	52.0	2.0	-102.4	78.2	16.7	243.7	-96.8	-5808.0	416.6	76.1	
102.60	290.9	8.9	51.3	2.0	-101.5	78.3	19.2	241.3	-98.0	-5745.6	485.9	74.4	
102.65	291.1	8.8	51.2	2.0	-101.2	78.4	20.3	243.6	-100.3	-5710.4	539.7	74.5	
102.70	291.2	8.6	50.8	2.0	-101.0	78.5	21.3	243.9	-102.4	-5681.7	599.3	73.5	
102.75	291.4	8.5	49.7	2.0	-100.5	78.6	22.2	240.4	-102.8	-5648.0	646.3	70.2	
102.80	291.6	8.8	48.7	2.0	-100.2	78.7	21.8	238.9	-104.1	-5623.2	678.9	67.0	
102.85	291.7	8.6	48.7	2.0	-100.3	78.8	21.6	241.0	-106.4	-5624.6	718.7	66.7	
102.90	291.9	8.4	49.2	2.0	-100.9	78.9	23.3	242.3	-107.1	-5653.4	760.4	68.0	
102.95	292.1	8.3	49.2	2.0	-101.1	79.0	23.6	242.1	-106.5	-5672.7	754.5	67.8	
103.00	292.3	8.2	48.8	2.0	-101.1	79.1	21.4	243.0	-107.8	-5675.7	725.9	66.4	
103.05	292.4	7.9	48.7	2.0	-100.8	79.2	19.5	241.5	-110.0	-5654.4	711.9	66.4	
103.10	292.6	7.6	49.4	2.0	-100.4	79.3	20.1	239.0	-110.5	-5630.0	716.9	69.1	
103.15	292.8	7.8	49.7	2.0	-99.8	79.4	20.9	239.0	-109.8	-5591.6	699.3	70.7	
103.20	292.9	8.0	49.7	2.0	-99.1	79.5	19.6	239.9	-109.8	-5539.6	649.8	71.4	
103.25	293.1	8.4	50.5	2.0	-98.8	79.6	18.6	238.7	-111.2	-5523.1	622.2	74.5	
103.30	293.3	8.8	51.2	2.0	-98.6	79.7	17.1	235.6	-111.5	-5521.2	558.8	77.0	
103.35	293.4	8.7	51.2	2.0	-98.3	79.8	15.3	235.2	-110.5	-5511.0	442.9	77.4	
103.40	293.6	8.3	51.1	2.0	-97.9	79.9	14.1	236.2	-110.5	-5488.5	342.3	77.7	
103.45	293.8	7.5	52.7	2.0	-97.8	80.0	13.8	236.0	-112.4	-5484.0	303.1	83.1	
103.50	293.9	7.6	53.7	2.0	-97.6	80.1	12.8	234.7	-114.1	-5471.0	265.7	86.8	
103.55	294.1	7.9	53.4	2.0	-97.2	80.2	10.1	234.3	-114.5	-5444.7	180.5	86.0	
103.60	294.2	8.1	53.5	2.0	-97.4	80.3	8.9	235.4	-115.0	-5456.2	115.6	86.4	
103.65	294.4	8.5	54.8	2.0	-98.0	80.4	8.6	236.7	-116.5	-5497.6	85.1	90.1	
103.70	294.6	8.8	56.2	2.0	-98.6	80.5	7.5	239.1	-118.2	-5539.4	50.8	94.4	
103.75	294.7	8.8	55.6	2.0	-98.6	80.6	6.3	238.8	-118.9	-5534.4	4.4	92.4	
103.80	294.9	8.6	54.8	2.0	-98.1	80.7	6.0	235.5	-119.3	-5506.7	-21.0	90.0	
103.85	295.0	8.4	54.7	2.0	-97.8	80.8	6.7	233.6	-121.2	-5490.8	8.6	90.1	
103.90	295.2	8.4	54.1	2.0	-97.4	80.9	7.8	233.6	-123.5	-5460.2	66.2	88.4	
103.95	295.3	8.8	53.6	2.0	-97.1	81.0	9.2	233.7	-123.8	-5435.3	107.4	86.9	
104.00	295.5	9.1	53.7	2.0	-97.5	81.1	10.4	234.5	-124.3	-5457.5	155.8	86.9	
104.05	295.6	9.1	53.9	2.0	-98.3	81.2	10.7	237.7	-126.5	-5506.1	218.3	86.8	
104.10	295.8	8.9	54.2	2.0	-99.0	81.3	11.1	240.6	-127.0	-5547.9	257.3	87.1	
104.15	295.9	8.8	53.6	2.0	-99.0	81.4	13.1	239.6	-125.6	-5553.0	301.5	84.9	
104.20	296.1	8.8	52.6	2.0	-98.6	81.5	16.1	237.7	-126.1	-5521.1	405.1	81.9	
104.25	296.2	8.5	51.6	2.0	-98.1	81.6	18.3	236.6	-128.1	-5473.2	519.0	78.9	
104.30	296.4	8.4	50.1	2.0	-97.7	81.7	20.2	233.7	-127.9	-5445.1	596.0	74.2	
104.35	296.6	8.4	49.4	2.0	-98.0	81.8	21.7	232.3	-126.8	-5461.0	646.1	71.5	
104.40	296.7	7.9	49.6	2.0	-98.7	81.9	22.1	235.0	-128.2	-5504.6	699.2	71.7	
104.45	296.9	7.5	49.9	2.0	-99.6	82.0	22.7	237.9	-129.7	-5555.2	754.5	71.8	
104.50	297.0	7.3	49.3	2.0	-99.6	82.1	23.2	236.7	-127.9	-5558.3	756.3	69.8	
104.55	297.2	7.5	47.9	2.0	-98.9	82.2	23.5	234.9	-126.8	-5512.8	762.3	65.6	
104.60	297.3	7.3	47.8	2.0	-98.3	82.3	25.8	234.3	-129.2	-5453.8	847.8	65.6	
104.65	297.4	6.9	47.6	2.0	-97.9	82.4	28.7	232.3	-129.8	-5409.8	922.1	65.6	
104.70	297.6	7.0	46.6	2.0	-97.6	82.5	29.5	230.0	-128.3	-5398.0	925.4	62.5	
104.75	297.7	7.6	46.9	2.0	-98.2	82.6	27.4	231.8	-130.5	-5440.3	911.9	62.7	
104.80	297.9	8.2	48.7	2.0	-99.7	82.7	25.0	235.9	-134.0	-5545.5	884.3	67.5	
104.85	298.0	8.3	49.6	2.0	-100.4	82.8	23.2	236.1	-134.1	-5614.3	796.0	69.9	
104.90	298.1	8.6	49.5	2.0	-100.4	82.9	20.2	235.5	-132.7	-5632.2	654.6	69.5	
104.95	298.3	8.7	49.8	2.0	-100.2	83.0	17.6	236.5	-135.0	-5620.1	566.6	70.8	
105.00	298.4	8.2	50.5	2.0	-100.0	83.1	16.7	236.7	-138.4	-5607.7	522.5	73.4	
105.05	298.5	8.3	50.8	2.0	-99.6	83.2	16.4	234.3	-138.5	-5591.6	446.6	74.7	
105.10	298.7	8.5	52.4	2.0	-99.9	83.3	15.9	234.3	-137.8	-5624.1	358.4	79.8	
105.15	298.8	8.4	55.1	2.0	-101.3	83.4	15.8	238.4	-139.5	-5719.9	315.6	87.9	
105.20	298.9	8.1	57.1	2.0	-102.0	83.5	15.5	240.8	-141.6	-5762.0	279.6	94.1	
105.25	299.1	8.1	56.8	2.0	-101.1	83.6	13.5	238.9	-140.9	-5705.4	181.4	93.9	
105.30	299.2	8.8	55.7	2.0	-99.7	83.7	10.5	234.8	-140.2	-5616.9	64.5	91.7	
105.35	299.3	9.0	55.2	2.0	-98.6	83.8	8.0	230.7	-141.1	-5541.2	-20.8	91.0	
105.40	299.5	9.3	54.3	2.0	-97.6	83.9	6.5	228.0	-141.6	-5475.9	-84.9	88.8	
105.45	299.6	9.6	54.1	2.0	-97.2	84.0	6.0	228.7	-140.9	-5445.0	-118.2	88.4	
105.50	299.7	9.9	55.1	2.0	-97.7	84.1	7.1	232.5	-141.4	-5467.5	-77.5	91.6	
105.55	299.9	10.1	56.6	2.0	-98.6	84.2	10.4	235.3	-142.7	-5526.5	35.8	95.6	
105.60	300.0	10.1	56.8	2.0	-99.0	84.3	14.7	235.7	-141.7	-5558.8	148.7	96.0	
105.65	300.1	9.7	55.4	2.0	-98.7	84.4	17.3	234.7	-139.3	-5534.7	229.7	91.5	
105.70	300.2	9.8	54.6	2.0	-98.4	84.5	19.7	234.7	-139.8	-5503.7	354.5	89.0	
105.75	300.4	10.3	53.8	2.0	-98.3	84.6	22.4	233.8	-142.3	-5482.2	499.1	86.5	
105.80	300.5	10.3	52.5	2.0	-98.5	84.7	23.1	233.3	-142.2	-5494.5	564.6	81.6	
105.85	300.6	10.3	50.9	2.0	-99.0	84.8	22.1	233.9	-141.7	-5529.7	598.3	75.6	
105.90	300.7	10.3	50.1	2.0	-100.0	84.9	22.6	236.4	-143.8	-5584.3	708.6	72.0	
105.95	300.8	10.6	49.0	2.0	-100.4	85.0	24.7	237.5	-146.2	-5584.1	862.3	67.8	
106.00	300.9	11.3	47.2	2.0	-99.6	85.1	27.4	235.6	-146.6	-5506.7	993.7	62.6	
106.05	301.0	11.9	45.7	2.0	-98.4	85.2	30.7	231.3	-145.7	-5407.7	1101.2	58.6	
106.10	301.2	12.2	44.9	2.0	-97.5	85.3	34.1	226.5	-146.1	-5330.2	1199.0	56.5	
106.15	301.3	12.3	43.4	2.0	-96.9	85.4	35.7	223.5	-147.3	-5275.1	1249.5	52.3	
106.20	301.4	12.2	44.0	2.0	-96.9	85.5	34.7	224.1	-147.7	-5283.8	1226.7	54.1	
106.25	301.5	11.5	45.4	2.0	-97.8	85.6	33.4	226.9	-149.0	-5353.9	1193.4	58.2	
106.30	301.6	11.2	46.8	2.0	-98.9	85.7	32.2	229.8	-150.7	-5434.2	1138.8	62.0	
106.35	301.7	11.1	47.3	2.0	-99.0	85.8	28.9	231.1	-150.8	-5468.7	1008.8	63.5	
106.40	301.8	11.2	47.2	2.0	-98.0	85.9	25.3	229.3	-150.8	-5423.1	872.4	64.0	
106.45	301.9	11.2	47.2	2.0	-97.0	86.0	23.3	226.5	-151.5	-5364.5	775.2	65.0	
106.50	302.0	11.3	49.2	2.0	-96.4	86.1	21.8	225.4	-152.0	-5340.4	665.0	72.5	
106.55	302.1	11.4	51.0	2.0	-96.6	86.2	19.9	226.8	-151.8	-5367.2	526.6	78.3	
106.60	302.2	10.7	53.1	2.0	-97.7	86.3	18.7	230.0	-151.3	-5450.4	395.3	84.6	
106.65	302.3	10.2	54.8	2.0	-98.4	86.4	18.1	231.1	-151.1	-5512.1	296.8	89.8	
106.70	302.4	10.0	56.3	2.0	-98.7	86.5	15.7	231.9	-151.6	-5538.5	206.7	94.5	
106.75	302.5	9.8	56.6	2.0	-98.2	86.6	13.3	231.2	-152.2	-5500.4	130.6	96.3	
106.80	302.6	9.6	55.8	2.0	-97.2	86.7	12.0	228.2	-152.0	-5433.9	66.9	94.5	
106.85	302.7	9.4	55.5	2.0	-96.4	86.8	10.0	225.6	-151.4	-5381.4	-12.0	94.3	
106.90	302.8	9.9	55.2	2.0	-96.4	86.9	7.2	226.4	-151.9	-5384.2	-80.9	93.0	
106.95	302.9	10.5	54.6	2.0	-96.8	87.0	6.1	228.3	-153.7	-5405.2	-82.8	90.7	
107.00	303.0	10.9	55.2	2.0	-97.5	87.1	5.7	230.8	-154.1	-5452.7	-61.0	91.9	
107.05	303.0	10.9	54.9	2.0	-97.8	87.2	6.2	231.3	-154.1	-5469.6	-16.7	90.7	
107.10	303.1	11.1	54.0	2.0	-97.5	87.3	8.8	230.6	-155.5	-5451.5	89.9	88.0	
107.15	303.2	11.1	53.4	2.0	-96.8	87.4	12.3	228.1	-156.3	-5402.5	214.2	86.4	
107.20	303.3	10.8	51.6	2.0	-95.9	87.5	14.5	224.7	-155.7	-5334.7	298.5	81.3	
107.25	303.4	10.6	50.5	2.0	-95.3	87.6	16.0	222.8	-156.3	-5288.1	379.4	77.9	
107.30	303.5	10.6	50.4	2.0	-95.5	87.7	16.7	222.9	-158.4	-5301.2	459.1	77.4	
107.35	303.5	10.9	50.3	2.0	-96.3	87.8	17.3	223.8	-159.6	-5346.3	516.8	76.5	
107.40	303.6	10.7	49.5	2.0	-96.8	87.9	17.4	225.2	-159.0	-5381.1	539.1	73.3	
107.45	303.7	10.3	49.2	2.0	-97.5	88.0	18.0	228.3	-159.7	-5419.9	598.1	71.3	
107.50	303.8	9.6	48.6	2.0	-97.4	88.1	19.1	228.7	-161.8	-5396.8	693.5	69.3	
107.55	303.8	9.7	47.1	2.0	-96.1	88.2	20.6	225.5	-162.1	-5299.0	765.1	65.7	
107.60	303.9	9.9	46.5	2.0	-94.7	88.3	21.7	221.5	-160.4	-5203.0	770.4	65.0	
107.65	304.0	10.1	45.9	2.0	-94.2	88.4	23.2	219.2	-159.6	-5168.1	771.5	63.4	
107.70	304.0	10.4	46.6	2.0	-94.7	88.5	24.7	219.8	-159.9	-5205.4	778.6	65.3	
107.75	304.1	10.5	48.1	2.0	-95.7	88.6	24.6	222.5	-159.2	-5275.8	761.3	69.6	
107.80	304.2	10.5	49.6	2.0	-96.4	88.7	22.9	225.9	-158.9	-5324.9	730.4	73.8	
107.85	304.2	10.7	50.9	2.0	-96.9	88.8	22.4	229.2	-160.9	-5351.0	737.5	77.7	
107.90	304.3	10.7	50.5	2.0	-96.3	88.9	22.8	228.8	-162.0	-5305.6	729.1	77.0	
107.95	304.3	10.6	49.4	2.0	-94.9	89.0	20.2	226.1	-159.9	-5220.9	615.7	74.8	
108.00	304.4	10.8	48.6	2.0	-93.9	89.1	16.3	224.4	-159.4	-5168.7	496.6	72.8	
108.05	304.5	11.3	49.2	2.0	-94.1	89.2	13.6	225.0	-162.1	-5184.2	433.4	74.8	
108.10	304.5	11.7	50.8	2.0	-95.0	89.3	12.2	227.2	-162.4	-5254.3	357.6	79.2	
108.15	304.6	11.7	51.6	2.0	-95.9	89.4	12.3	228.7	-160.0	-5319.5	283.9	81.4	
108.20	304.6	11.1	53.5	2.0	-96.2	89.5	13.3	229.5	-160.4	-5341.5	280.0	87.4	
108.25	304.7	10.7	53.4	2.0	-95.4	89.6	13.7	226.7	-163.7	-5284.4	320.7	87.8	
108.30	304.7	10.8	52.3	2.0	-93.9	89.7	12.5	221.4	-165.2	-5184.2	300.1	85.8	
108.35	304.8	11.1	51.2	2.0	-92.6	89.8	9.4	217.5	-164.1	-5107.8	184.9	83.2	
108.40	304.8	11.5	52.2	2.0	-92.8	89.9	6.4	218.4	-165.1	-5123.6	73.6	86.4	
108.45	304.9	12.0	54.0	2.0	-94.1	90.0	4.6	222.6	-167.2	-5206.3	-3.7	91.4	
108.50	304.9	12.0	54.5	2.0	-94.8	90.1	2.8	224.9	-166.6	-5256.8	-89.0	92.3	
108.55	305.0	11.8	54.8	2.0	-94.8	90.2	1.4	224.5	-165.9	-5252.1	-121.4	93.2	
108.60	305.0	11.5	55.0	2.0	-94.4	90.3	3.2	223.7	-168.4	-5227.2	-31.2	94.2	
108.65	305.1	11.5	55.0	2.0	-93.7	90.4	7.4	222.1	-170.0	-5176.1	81.5	95.1	
108.70	305.1	11.6	31.4	1.5	-92.5	90.5	10.1	218.5	-167.9	-5096.6	115.4	80.2	
108.75	305.2	11.6	36.9	1.1	-92.1	90.5	10.1	217.2	-166.5	-5072.8	114.0	82.8	
108.80	305.2	11.7	41.4	0.8	-92.8	90.6	8.6	219.3	-168.8	-5115.4	129.9	85.2	
108.85	305.3	11.5	42.8	0.6	-92.9	90.6	7.4	220.5	-169.3	-5117.3	126.5	81.0	
108.90	305.3	11.2	44.6	0.5	-92.5	90.7	6.2	220.2	-166.2	-5090.2	93.2	80.7	
108.95	305.3	11.1	46.3	0.3	-92.2	90.7	8.5	220.6	-165.8	-5065.9	175.6	81.5	
109.00	305.4	11.3	46.4	0.3	-91.7	90.7	13.2	221.7	-168.5	-5013.0	357.5	78.7	
109.05	305.4	11.6	46.7	0.2	-90.8	90.7	14.8	220.6	-167.6	-4938.8	452.3	77.8	
109.10	305.5	11.7	46.4	0.1	-90.2	90.7	15.8	217.5	-165.6	-4898.1	520.0	75.4	
109.15	305.5	11.6	48.4	0.1	-91.2	90.7	18.6	218.7	-167.3	-4953.8	627.7	79.7	
109.20	305.5	11.6	49.3	0.1	-92.3	90.7	21.5	223.8	-168.3	-5017.6	680.7	80.5	
109.25	305.6	11.8	48.0	0.1	-92.1	90.7	20.9	225.0	-164.8	-5008.8	610.0	75.2	
109.30	305.6	11.4	47.0	0.0	-91.3	90.7	19.2	221.0	-163.7	-4968.7	572.0	71.8	
109.35	305.6	11.2	47.2	0.0	-91.2	90.7	18.1	218.7	-168.5	-4957.0	626.3	72.3	
109.40	305.7	11.3	47.3	0.0	-91.4	90.7	17.9	220.8	-171.2	-4960.9	645.6	72.0	
109.45	305.7	11.1	46.7	0.0	-91.4	90.7	19.1	221.9	-168.1	-4965.1	597.6	69.8	
109.50	305.7	11.2	48.2	0.0	-91.8	90.7	20.6	221.3	-166.7	-5002.0	582.6	74.2	
109.55	305.7	11.7	50.4	0.0	-92.7	90.7	20.7	222.3	-170.5	-5056.0	612.5	80.7	
109.60	305.8	11.4	50.2	0.0	-92.5	90.7	19.0	222.7	-171.7	-5044.8	566.2	80.4	
109.65	305.8	11.2	49.2	0.0	-91.4	90.7	18.6	218.4	-168.2	-4985.6	482.0	77.9	
109.70	305.8	11.2	50.1	0.0	-90.7	90.7	20.0	214.3	-167.6	-4947.5	470.4	81.4	
109.75	305.9	11.2	50.9	0.0	-90.9	90.7	19.2	216.0	-171.2	-4955.9	459.3	83.9	
109.80	305.9	11.3	49.8	0.0	-91.2	90.7	15.5	218.6	-172.3	-4977.2	371.6	79.9	
109.85	305.9	11.6	50.3	0.0	-91.7	90.7	12.9	218.1	-170.7	-5028.3	291.2	81.0	
109.90	306.0	11.5	52.5	0.0	-93.0	90.7	12.6	219.0	-170.9	-5120.3	269.1	87.3	
109.95	306.0	11.5	53.6	0.0	-93.9	90.7	12.3	223.3	-172.2	-5183.1	240.6	90.0	
