Time[s]	Rotor azimuth angle[deg]	Hub wind speed magnitude[m/s]	ACTTORQUE1[Nm]	PITRAT1[deg/s]	PITFRIC1[kNm]	PITCH1[deg]	Blade root 1 Fx[KN]	Blade root 1 Fy[KN]	Blade root 1 Fz[KN]	Blade root 1 Mx[kNm]	Blade root 1 My[kNm]	Blade root 1 Mz[kNm]	
END_OF_HEADER
50.00	307.9	12.8	89.0	1.1	-215.7	4.9	296.5	191.3	504.9	-3470.2	13332.3	91.9	
50.05	310.6	13.2	88.2	1.0	-213.8	4.9	291.2	167.3	495.5	-2904.3	13377.9	95.2	
50.10	313.3	13.4	89.4	1.0	-215.9	5.0	296.4	142.8	485.7	-2401.9	13663.5	92.9	
50.15	316.0	13.1	86.5	1.0	-221.6	5.0	313.8	124.0	476.6	-2001.0	14146.2	80.8	
50.20	318.7	12.8	80.5	0.8	-229.2	5.1	337.1	115.0	468.6	-1745.9	14709.4	65.0	
50.25	321.4	12.3	80.0	0.7	-236.8	5.1	356.6	116.2	462.5	-1716.9	15240.7	59.7	
50.30	324.1	12.4	88.4	0.6	-244.3	5.1	371.0	120.6	456.9	-1852.5	15758.8	68.2	
50.35	326.8	12.6	96.9	0.7	-252.0	5.2	385.5	118.4	451.2	-1799.8	16315.4	73.3	
50.40	329.5	12.6	97.1	0.7	-257.9	5.2	398.6	104.0	448.2	-1376.8	16786.3	64.8	
50.45	332.2	12.8	94.4	0.8	-259.9	5.2	399.9	78.0	446.3	-730.5	16990.9	62.3	
50.50	334.9	12.8	95.2	0.7	-258.8	5.3	388.9	55.5	442.7	3.3	16966.9	72.5	
50.55	337.6	12.7	99.5	0.7	-258.1	5.3	377.6	37.0	433.5	666.2	16951.9	80.6	
50.60	340.3	12.2	103.0	0.8	-258.5	5.3	371.2	15.6	422.4	1151.1	16985.7	81.8	
50.65	343.0	11.8	101.4	0.9	-259.7	5.4	372.3	-2.1	418.1	1411.1	17056.0	75.5	
50.70	345.8	11.6	99.1	1.0	-260.3	5.4	373.0	-3.8	418.8	1412.4	17101.5	75.3	
50.75	348.5	11.8	97.0	0.9	-261.2	5.5	370.1	1.8	415.6	1293.8	17189.2	81.1	
50.80	351.2	11.9	95.5	0.8	-263.6	5.5	371.0	1.0	411.4	1397.3	17365.8	79.4	
50.85	353.9	12.0	98.8	0.8	-266.9	5.6	376.6	-15.7	412.0	1845.6	17559.6	70.9	
50.90	356.6	12.2	100.6	0.9	-269.6	5.6	381.8	-50.3	414.6	2538.1	17649.1	62.5	
50.95	359.4	12.6	92.0	0.8	-270.8	5.7	381.4	-81.2	415.6	3378.4	17587.3	52.3	
51.00	2.0	12.7	79.2	0.6	-272.1	5.7	379.2	-103.3	410.5	4192.5	17505.6	35.0	
51.05	4.8	12.6	73.9	0.2	-270.6	5.7	371.6	-121.1	406.3	4808.6	17239.7	26.6	
51.10	7.5	12.3	-78.9	-0.0	266.6	5.7	365.5	-133.0	408.9	5098.4	16847.2	26.4	
51.15	10.2	12.1	-70.7	-0.1	261.3	5.7	360.3	-140.0	414.0	5102.6	16422.4	29.7	
51.20	13.0	12.0	-70.9	-0.2	257.5	5.7	358.5	-135.6	415.7	4996.7	16167.5	23.2	
51.25	15.7	11.9	-77.7	-0.3	255.6	5.7	357.8	-130.4	418.8	5073.2	16000.0	11.8	
51.30	18.4	11.8	-77.0	-0.5	254.4	5.7	355.9	-145.6	427.9	5410.9	15766.6	12.4	
51.35	21.2	11.8	-71.1	-0.5	254.9	5.6	356.5	-173.7	439.3	5966.7	15559.6	12.9	
51.40	23.9	11.7	-71.7	-0.4	258.5	5.6	359.5	-203.2	445.7	6639.8	15522.2	-1.8	
51.45	26.7	12.0	-80.1	-0.4	262.0	5.6	356.2	-231.7	444.0	7158.9	15547.3	-16.1	
51.50	29.4	12.4	-90.4	-0.6	264.3	5.6	353.7	-245.3	443.7	7424.2	15600.9	-22.3	
51.55	32.1	12.8	-92.1	-0.8	266.6	5.5	361.1	-245.0	452.2	7437.9	15758.1	-20.4	
51.60	34.9	12.9	-86.8	-0.9	270.2	5.5	375.7	-246.2	462.5	7270.5	16082.8	-16.6	
51.65	37.6	12.7	-84.0	-0.9	274.8	5.4	390.7	-242.8	471.7	7105.2	16494.7	-19.1	
51.70	40.4	12.1	-82.3	-0.8	277.3	5.4	396.6	-237.5	481.4	6975.2	16744.3	-16.6	
51.75	43.1	12.0	-82.2	-0.7	277.7	5.4	393.5	-245.4	493.8	7022.0	16741.5	-8.7	
51.80	45.8	12.0	-87.8	-0.8	279.6	5.3	390.9	-263.4	510.3	7462.0	16671.6	-14.8	
51.85	48.6	12.1	-91.4	-0.8	283.3	5.3	386.9	-287.9	523.4	8111.2	16630.0	-27.3	
51.90	51.3	12.4	-92.0	-0.8	285.4	5.2	377.4	-311.1	528.8	8531.2	16566.2	-31.1	
51.95	54.1	12.6	-94.0	-0.9	285.4	5.2	370.3	-318.0	536.7	8669.9	16490.3	-29.2	
52.00	56.8	12.5	-97.5	-1.0	286.2	5.2	371.5	-318.3	549.7	8713.5	16523.7	-36.8	
52.05	59.6	12.1	-103.4	-1.1	286.6	5.1	372.7	-319.8	561.2	8712.9	16539.4	-55.2	
52.10	62.3	12.0	-104.2	-1.2	283.9	5.1	367.9	-317.2	571.6	8665.2	16344.6	-57.7	
52.15	65.1	11.8	-98.2	-1.3	279.4	5.0	361.6	-311.2	587.0	8631.7	15992.6	-49.3	
52.20	67.8	11.4	-95.4	-1.3	277.4	4.9	358.7	-316.8	604.3	8834.7	15686.1	-47.7	
52.25	70.6	11.0	-103.8	-1.3	281.4	4.9	363.5	-334.8	618.0	9431.5	15624.0	-68.2	
52.30	73.3	10.6	-111.4	-1.4	286.2	4.8	364.7	-358.5	627.7	10047.2	15600.7	-86.0	
52.35	76.1	10.1	-111.6	-1.5	286.8	4.7	358.2	-371.0	635.9	10303.1	15460.0	-82.2	
52.40	78.8	10.0	-112.2	-1.7	285.0	4.6	350.9	-366.8	647.9	10400.5	15250.7	-80.3	
52.45	81.6	10.3	-111.5	-1.8	281.2	4.5	338.5	-365.1	659.1	10439.4	14895.7	-81.2	
52.50	84.3	10.9	-106.6	-2.0	274.6	4.5	324.2	-363.3	668.7	10272.4	14433.3	-72.3	
52.55	87.1	11.0	-97.6	-2.1	267.2	4.3	316.3	-344.3	683.0	9897.5	14066.0	-57.7	
52.60	89.8	10.8	-88.4	-2.0	262.5	4.2	314.5	-329.2	697.9	9530.3	13916.1	-49.0	
52.65	92.6	10.4	-89.6	-1.9	263.2	4.2	318.7	-335.2	711.1	9462.6	13988.8	-56.4	
52.70	95.4	10.8	-95.3	-1.9	266.7	4.1	327.6	-346.7	727.4	9608.7	14143.9	-61.8	
52.75	98.1	11.3	-95.7	-1.9	268.6	4.0	333.1	-354.5	744.9	9650.3	14240.4	-55.7	
52.80	100.9	11.8	-98.6	-2.0	271.1	3.9	338.7	-353.5	756.3	9598.4	14484.0	-56.0	
52.85	103.7	12.2	-103.5	-2.1	274.5	3.8	346.5	-345.2	764.4	9476.3	14860.3	-65.5	
52.90	106.4	12.4	-103.2	-2.2	276.2	3.6	355.9	-340.4	774.5	9155.2	15190.2	-66.7	
52.95	109.2	12.3	-100.0	-2.3	275.5	3.5	366.9	-327.1	789.5	8631.3	15424.0	-59.1	
53.00	111.9	12.4	-96.4	-2.3	273.9	3.4	375.5	-302.0	807.1	8158.5	15559.0	-56.7	
53.05	114.7	12.4	-88.7	-2.2	271.6	3.3	373.6	-286.2	820.3	7694.3	15628.8	-45.9	
53.10	117.5	12.4	-81.6	-2.1	268.6	3.2	364.3	-277.8	836.8	7284.3	15599.6	-27.1	
53.15	120.2	12.6	-77.5	-2.0	267.4	3.1	359.2	-271.1	858.9	7088.3	15593.7	-11.9	
53.20	123.0	12.7	-81.7	-2.0	269.2	3.0	356.8	-281.4	874.3	7206.0	15667.6	-14.3	
53.25	125.8	12.8	-90.9	-2.1	272.4	2.9	356.6	-290.6	881.2	7385.7	15823.3	-21.4	
53.30	128.6	13.1	-93.6	-2.3	274.4	2.8	361.7	-275.5	891.3	7289.1	16041.2	-22.7	
53.35	131.4	13.3	-87.3	-2.4	275.7	2.7	368.4	-257.1	905.0	6962.5	16302.6	-14.1	
53.40	134.1	13.4	-87.0	-2.4	280.0	2.6	381.8	-250.3	914.2	6694.3	16737.6	-20.7	
53.45	136.9	13.4	-89.0	-2.2	283.9	2.4	396.9	-234.5	924.2	6395.3	17146.8	-35.1	
53.50	139.7	12.8	-87.1	-2.1	284.7	2.3	405.2	-208.2	940.0	5921.7	17381.0	-29.9	
53.55	142.5	12.1	-92.2	-2.2	286.5	2.2	411.3	-191.3	957.4	5662.2	17603.7	-24.4	
53.60	145.3	12.3	-100.5	-2.3	292.6	2.1	421.8	-194.7	964.1	5825.7	18000.6	-34.3	
53.65	148.1	12.3	-96.9	-2.3	297.5	2.0	426.2	-205.0	965.2	6064.8	18283.5	-32.0	
53.70	150.9	12.4	-88.5	-2.3	297.8	1.9	422.0	-205.5	971.6	6147.0	18287.8	-12.3	
53.75	153.7	12.4	-85.6	-2.3	295.6	1.8	413.4	-199.0	976.4	6098.2	18152.2	5.0	
53.80	156.5	12.6	-86.3	-2.4	294.4	1.6	409.3	-187.2	975.4	5966.8	18126.2	7.1	
53.85	159.3	12.9	-82.7	-2.3	294.0	1.5	412.8	-168.8	979.8	5645.8	18206.6	5.3	
53.90	162.1	13.3	-74.4	-2.1	293.1	1.4	420.4	-138.1	990.5	4932.0	18345.7	11.6	
53.95	164.9	13.6	-71.6	-1.9	292.5	1.3	426.9	-106.0	999.1	4122.4	18497.0	16.7	
54.00	167.7	13.7	-79.9	-1.8	293.3	1.2	431.8	-90.4	1001.7	3652.5	18651.1	8.5	
54.05	170.5	14.1	-92.5	-2.0	293.1	1.1	431.6	-88.7	1004.8	3551.3	18656.5	0.7	
54.10	173.3	14.2	-96.4	-2.4	289.2	1.0	420.1	-84.7	1011.7	3524.7	18393.1	11.4	
54.15	176.2	14.1	-81.8	-2.7	284.1	0.9	402.9	-80.2	1012.4	3387.3	18076.9	39.9	
54.20	179.0	13.9	-61.6	-2.6	281.3	0.7	392.3	-74.8	1005.1	3139.9	17951.2	58.0	
54.25	181.8	13.8	-54.4	-2.3	282.2	0.6	397.4	-57.8	998.6	2705.3	18090.1	56.9	
54.30	184.6	13.8	-57.5	-2.1	283.7	0.5	408.6	-23.9	1000.7	1880.2	18278.9	60.8	
54.35	187.4	14.0	-63.9	-2.2	284.7	0.4	416.6	14.0	1007.0	862.8	18403.4	71.1	
54.40	190.2	14.3	-68.6	-2.4	286.3	0.3	420.2	44.6	1007.7	15.2	18529.6	75.0	
54.45	193.1	14.7	-67.4	-2.5	288.3	0.2	421.5	65.2	1005.7	-535.4	18665.9	80.2	
54.50	195.9	14.3	-66.2	-2.8	288.6	0.0	420.3	72.9	1009.4	-771.0	18674.5	93.1	
54.55	198.7	14.0	-40.7	-2.6	287.2	-0.1	417.0	70.8	1013.9	-743.6	18574.7	117.3	
54.60	201.6	13.8	-21.8	-1.9	286.1	-0.2	411.9	66.5	1007.3	-610.1	18522.7	132.1	
54.65	204.4	13.9	-26.0	-1.4	286.3	-0.3	407.1	67.8	993.5	-594.3	18562.9	134.3	
54.70	207.2	14.1	-29.4	-1.1	287.5	-0.4	406.7	82.0	985.4	-885.1	18636.3	139.6	
54.75	210.1	14.5	-31.3	-0.8	290.1	-0.4	412.8	104.1	984.4	-1480.6	18770.4	147.9	
54.80	212.9	14.5	-36.2	-0.6	295.4	-0.4	422.7	134.1	981.7	-2097.7	19062.2	145.0	
54.85	215.7	14.5	-41.9	-0.4	300.8	-0.5	429.2	160.1	975.8	-2516.7	19388.1	137.7	
54.90	218.6	14.4	-41.9	-0.3	303.5	-0.5	429.3	171.1	970.4	-2766.6	19546.9	145.4	
54.95	221.5	14.3	-41.3	-0.2	305.8	-0.5	436.2	172.3	968.8	-2743.5	19706.8	153.1	
55.00	224.3	14.2	-45.3	-0.2	309.6	-0.5	451.6	160.9	964.8	-2354.5	20018.1	142.9	
55.05	227.2	14.2	-51.3	-0.1	313.8	-0.5	464.2	141.5	951.1	-1931.0	20376.2	129.0	
55.10	230.0	14.3	-54.8	-0.0	317.5	-0.5	472.3	142.3	934.0	-1864.3	20658.0	122.6	
55.15	232.9	14.3	130.0	0.0	-319.4	-0.5	476.6	162.0	923.0	-2224.2	20741.8	121.9	
55.20	235.8	14.3	130.2	0.0	-318.6	-0.5	474.0	182.5	915.7	-2801.1	20608.7	124.4	
55.25	238.7	14.7	129.2	0.1	-315.2	-0.5	463.4	200.9	907.7	-3369.8	20274.2	125.3	
55.30	241.5	14.9	131.3	0.1	-308.5	-0.5	442.8	222.4	899.0	-3911.3	19695.7	140.1	
55.35	244.4	14.6	137.2	0.1	-301.0	-0.5	418.5	242.6	891.1	-4430.0	19045.4	168.2	
55.40	247.3	14.6	140.5	0.1	-296.5	-0.5	403.1	249.0	881.2	-4654.2	18678.6	184.4	
55.45	250.2	14.5	139.0	0.1	-295.4	-0.5	398.5	240.6	866.5	-4546.5	18651.3	181.0	
55.50	253.1	14.4	138.9	0.1	-295.3	-0.5	399.7	227.1	850.2	-4487.3	18693.6	180.9	
55.55	256.0	14.0	139.3	0.1	-297.0	-0.5	410.3	229.7	838.8	-4687.4	18752.4	180.8	
55.60	258.9	13.8	137.1	0.1	-300.6	-0.5	423.1	248.5	828.6	-5076.2	18880.3	169.9	
55.65	261.8	13.8	135.7	0.1	-304.9	-0.5	428.5	264.4	813.8	-5636.2	19035.5	160.8	
55.70	264.7	14.0	136.8	0.1	-308.1	-0.5	428.9	284.7	799.5	-6265.6	19068.0	161.4	
55.75	267.6	14.2	139.2	0.1	-307.9	-0.5	426.4	305.2	792.5	-6761.5	18857.4	169.8	
55.80	270.5	14.3	139.4	0.1	-304.0	-0.5	419.8	304.0	786.8	-6849.1	18530.3	174.5	
55.85	273.5	14.5	135.2	0.1	-298.6	-0.5	413.4	288.6	774.8	-6469.8	18289.5	165.7	
55.90	276.4	14.5	131.8	0.1	-292.1	-0.4	405.5	268.3	762.3	-5923.4	18023.9	160.6	
55.95	279.3	14.3	130.8	0.1	-285.8	-0.4	396.5	246.8	752.5	-5503.3	17723.6	163.4	
56.00	282.3	14.0	128.8	0.1	-283.4	-0.4	395.8	237.2	740.1	-5219.9	17643.1	158.9	
56.05	285.2	13.6	125.5	0.1	-284.7	-0.4	402.8	238.6	725.7	-5086.2	17781.5	146.2	
56.10	288.2	13.1	126.1	0.1	-285.9	-0.4	406.1	241.5	715.5	-5237.4	17826.7	147.0	
56.15	291.1	13.3	129.9	0.1	-287.2	-0.4	405.9	257.0	710.1	-5580.9	17804.4	158.8	
56.20	294.1	13.4	133.3	0.1	-290.0	-0.4	407.5	276.1	704.1	-5706.9	17956.2	167.9	
56.25	297.1	13.5	133.4	0.1	-292.5	-0.4	408.1	266.2	693.8	-5396.5	18266.8	168.8	
56.30	300.0	13.8	134.0	0.1	-294.6	-0.4	412.5	234.6	684.5	-4731.1	18664.1	168.1	
56.35	303.0	13.7	135.0	0.0	-297.4	-0.4	423.9	207.5	682.3	-3897.7	19079.6	168.1	
56.40	306.0	13.4	136.0	0.0	-300.5	-0.4	432.1	176.2	675.7	-3122.2	19483.6	167.7	
56.45	309.0	13.2	135.6	0.0	-305.3	-0.4	438.4	148.1	658.6	-2514.1	19960.9	161.4	
56.50	312.0	13.1	134.1	0.0	-311.9	-0.4	452.5	140.4	643.7	-2229.1	20474.3	149.1	
56.55	315.0	13.1	134.5	0.0	-318.5	-0.4	470.5	151.7	637.8	-2495.0	20897.6	143.9	
56.60	318.0	13.1	136.5	0.0	-324.8	-0.4	483.7	164.3	629.9	-2893.4	21280.7	144.2	
56.65	320.9	13.4	138.5	0.0	-329.6	-0.4	487.4	167.4	616.8	-2950.1	21638.0	146.0	
56.70	323.9	13.6	143.7	0.0	-330.7	-0.4	482.6	156.1	609.4	-2740.7	21782.1	162.6	
56.75	326.9	13.6	148.7	0.0	-329.4	-0.4	478.3	135.4	612.0	-2270.6	21759.6	181.4	
56.80	329.9	13.2	149.3	0.0	-330.8	-0.4	484.0	108.0	613.1	-1484.1	21939.3	182.0	
56.85	333.0	13.0	147.9	0.0	-335.6	-0.4	491.1	68.8	603.7	-715.3	22346.7	172.1	
56.90	336.0	12.7	149.8	0.0	-342.2	-0.4	502.4	44.2	595.6	-257.4	22840.3	172.2	
56.95	339.0	12.3	150.8	0.0	-347.6	-0.4	515.5	43.1	596.8	-151.2	23214.5	170.1	
57.00	342.0	12.4	151.6	0.0	-350.9	-0.4	520.4	47.0	595.0	-336.1	23447.3	169.7	
57.05	345.1	12.4	152.1	0.0	-352.5	-0.4	515.7	51.5	587.4	-579.3	23578.0	169.8	
57.10	348.1	12.1	153.0	0.0	-354.1	-0.4	514.6	54.9	589.6	-611.8	23702.1	171.1	
57.15	351.2	12.3	152.7	0.0	-356.4	-0.4	519.6	39.7	603.3	-246.3	23858.6	167.7	
57.20	354.3	12.3	151.1	0.0	-360.0	-0.4	525.6	6.6	611.5	633.3	24109.9	158.5	
57.25	357.3	12.0	151.2	0.0	-363.4	-0.4	524.0	-34.6	610.0	1806.8	24309.0	155.8	
57.30	0.4	12.2	162.0	0.2	-366.2	-0.4	520.3	-73.8	610.8	2825.0	24425.0	159.9	
57.35	3.5	12.7	157.1	0.4	-371.8	-0.4	528.8	-96.9	618.3	3642.1	24698.1	141.2	
57.40	6.5	13.0	146.3	0.5	-380.6	-0.3	545.7	-109.1	619.8	4210.0	25226.6	109.1	
57.45	9.6	13.0	139.0	0.5	-389.0	-0.3	558.5	-116.8	613.6	4369.0	25807.4	87.4	
57.50	12.7	12.9	132.3	0.5	-395.4	-0.3	571.6	-114.3	616.8	4390.4	26259.8	68.2	
57.55	15.8	12.9	127.9	0.4	-398.8	-0.3	581.1	-116.1	631.3	4662.3	26431.3	43.8	
57.60	18.9	12.7	123.1	0.4	-397.3	-0.3	572.4	-140.5	640.2	5306.0	26195.6	30.4	
57.65	22.0	12.2	121.7	0.3	-392.7	-0.2	553.4	-170.1	642.8	6067.0	25704.5	34.6	
57.70	25.1	11.7	132.0	0.5	-387.7	-0.2	537.6	-197.1	652.8	6812.1	25135.6	45.1	
57.75	28.3	11.4	138.4	0.9	-385.1	-0.2	530.3	-232.3	665.4	7529.3	24697.4	43.4	
57.80	31.4	11.2	131.1	1.1	-384.7	-0.1	527.8	-259.9	669.8	8000.4	24485.4	31.4	
57.85	34.5	11.1	125.6	1.3	-383.1	-0.1	523.8	-260.1	672.9	7964.7	24376.7	32.3	
57.90	37.6	11.4	122.2	1.3	-381.5	-0.0	522.9	-247.9	685.7	7651.1	24357.9	33.3	
57.95	40.8	11.7	116.3	1.3	-384.9	0.1	535.5	-239.9	701.5	7422.8	24658.8	9.1	
58.00	44.0	12.1	134.1	1.5	-380.4	0.1	539.2	-193.9	727.5	5382.7	24854.0	55.8	
58.05	47.2	12.4	135.2	1.7	-392.5	0.2	580.4	-241.1	745.4	5643.3	25553.2	48.4	
58.10	50.4	12.4	110.4	1.7	-403.5	0.3	606.4	-211.0	803.2	6763.6	26051.7	-21.6	
58.15	53.6	12.5	140.5	1.8	-394.4	0.4	565.5	-277.5	792.9	6687.0	25411.9	77.3	
58.20	56.9	12.6	140.7	1.8	-394.0	0.5	552.8	-267.2	803.0	7202.1	25274.6	81.2	
58.25	60.0	12.7	126.7	1.9	-399.7	0.6	556.0	-259.4	850.7	7661.2	25553.6	29.6	
58.30	63.4	12.7	142.0	1.9	-398.0	0.7	561.7	-346.8	845.1	6803.8	25522.3	85.2	
58.35	66.6	12.7	130.9	1.9	-403.1	0.8	598.4	-313.2	858.1	6733.7	25887.5	43.0	
58.40	69.8	13.3	115.3	1.9	-400.0	0.9	581.0	-250.2	902.1	7054.8	25652.3	-6.6	
58.45	73.1	13.2	126.6	2.0	-385.6	1.0	544.0	-265.9	903.6	6588.6	24729.7	47.1	
58.50	76.4	13.0	117.9	2.0	-382.2	1.0	553.8	-239.9	926.8	6879.2	24372.3	21.0	
58.55	79.6	12.9	106.1	2.0	-379.2	1.1	528.7	-257.5	974.7	7524.4	23950.6	-15.9	
58.60	83.0	12.8	113.4	2.0	-372.0	1.2	498.4	-318.5	978.1	7592.7	23345.8	16.3	
58.65	86.3	12.8	109.1	2.0	-370.8	1.3	505.7	-284.4	1002.3	8149.0	23073.4	3.0	
58.70	89.6	12.8	106.3	2.0	-367.1	1.4	480.1	-271.5	1053.3	8467.9	22710.3	-2.8	
58.75	93.0	13.0	110.4	2.0	-366.3	1.5	483.7	-308.4	1063.7	7990.6	22738.0	12.4	
58.80	96.4	13.2	96.4	2.0	-376.5	1.6	545.6	-289.2	1080.1	7788.5	23476.5	-45.8	
58.85	99.8	13.4	91.7	2.0	-376.4	1.7	544.4	-302.4	1115.3	7669.7	23460.3	-61.7	
58.90	103.2	13.3	99.2	2.0	-367.7	1.8	525.3	-318.0	1128.4	7365.5	22880.5	-27.4	
58.95	106.6	13.2	94.3	2.0	-363.8	1.9	534.5	-263.5	1148.5	7595.9	22530.9	-40.0	
59.00	109.9	13.0	98.0	2.0	-354.6	2.0	492.5	-266.7	1180.1	7680.5	21855.1	-18.2	
59.05	113.4	13.0	101.0	2.0	-348.3	2.1	474.6	-301.2	1196.8	7480.4	21396.1	-1.5	
59.10	116.8	12.7	88.7	2.0	-350.8	2.2	513.6	-273.5	1220.2	7455.2	21530.7	-46.4	
59.15	120.2	12.3	88.1	2.0	-344.4	2.3	497.4	-266.0	1246.2	7269.5	21115.9	-42.0	
59.20	123.6	12.5	91.0	2.0	-333.4	2.4	474.0	-236.8	1259.0	6803.3	20484.4	-21.0	
59.25	127.1	12.8	84.3	2.0	-328.7	2.5	491.3	-170.6	1277.2	6174.7	20325.1	-39.1	
59.30	130.6	13.0	87.3	2.0	-320.5	2.6	469.4	-173.1	1299.0	5263.3	19986.5	-21.0	
59.35	134.2	12.9	89.4	2.0	-313.1	2.7	446.8	-190.1	1316.3	4668.5	19588.0	-6.2	
59.40	137.7	13.2	85.9	2.0	-306.9	2.8	446.1	-164.8	1333.2	4421.6	19180.9	-12.1	
59.45	141.2	13.6	94.0	2.0	-290.9	2.9	402.4	-149.5	1356.9	4041.0	18143.8	31.7	
59.50	144.8	13.7	97.9	2.0	-277.8	3.0	370.0	-137.8	1377.0	3640.8	17302.3	58.2	
59.55	148.4	13.5	87.3	2.0	-276.5	3.1	384.2	-141.8	1389.8	3379.4	17197.6	23.3	
59.60	152.0	13.2	85.5	2.0	-275.6	3.2	388.4	-159.6	1399.9	2835.3	17192.0	18.0	
59.65	155.6	13.1	85.2	2.0	-274.7	3.3	396.5	-127.0	1409.8	2224.9	17213.7	17.7	
59.70	159.1	12.9	78.8	2.0	-272.9	3.4	408.1	-66.7	1419.7	1751.9	17130.0	-2.3	
59.75	162.7	12.4	80.6	2.0	-267.2	3.5	395.2	-42.7	1435.5	1483.8	16756.9	9.4	
59.80	166.2	11.9	81.5	2.0	-261.5	3.6	382.7	-36.7	1457.6	1308.4	16360.3	18.2	
59.85	169.8	11.7	74.9	2.0	-258.0	3.7	379.9	-13.6	1473.0	949.0	16119.9	-0.7	
59.90	173.4	11.7	73.1	2.0	-253.4	3.8	365.8	1.5	1479.3	729.6	15819.4	-2.4	
59.95	177.0	11.9	72.8	2.0	-247.7	3.9	351.6	17.0	1490.0	770.1	15423.7	2.1	
60.00	180.7	11.9	69.2	2.0	-243.6	4.0	346.7	42.5	1505.0	412.0	15123.0	-5.9	
60.05	184.3	11.8	70.4	2.0	-240.6	4.1	338.2	49.2	1510.7	-327.1	14909.2	1.2	
60.10	188.0	11.5	70.9	2.0	-243.0	4.2	346.6	45.3	1504.1	-828.2	15057.2	0.5	
60.15	191.7	11.3	65.9	2.0	-243.3	4.3	349.9	51.4	1503.7	-1104.3	15047.5	-17.0	
60.20	195.4	11.2	69.4	2.0	-238.5	4.4	338.1	75.2	1511.7	-1530.6	14660.9	-0.1	
60.25	199.0	11.2	77.0	2.0	-236.5	4.5	331.3	111.9	1508.9	-2098.3	14431.5	27.9	
60.30	202.7	11.5	75.0	2.0	-239.7	4.6	334.1	127.1	1495.2	-2493.8	14606.3	17.9	
60.35	206.4	11.2	68.3	2.0	-247.5	4.7	353.6	133.0	1484.4	-2931.7	15067.4	-13.0	
60.40	210.1	11.0	65.1	2.0	-253.0	4.8	381.8	157.1	1488.5	-3363.5	15294.8	-29.5	
60.45	213.8	11.0	65.2	2.0	-249.8	4.9	376.9	189.5	1494.1	-3738.0	14926.4	-25.8	
60.50	217.5	11.4	72.3	2.0	-241.3	5.0	344.2	219.4	1486.7	-4195.2	14187.4	6.7	
60.55	221.2	11.6	80.4	2.0	-234.4	5.1	318.7	240.3	1475.8	-4801.8	13478.0	41.6	
60.60	225.0	11.6	78.5	2.0	-232.1	5.2	305.6	251.9	1478.5	-5437.0	13046.9	37.5	
60.65	228.8	11.5	71.1	2.0	-234.0	5.3	306.9	265.1	1484.5	-5983.5	12933.0	10.1	
60.70	232.5	11.5	69.5	2.0	-236.2	5.4	314.3	269.4	1475.6	-6410.4	12888.0	2.6	
60.75	236.3	11.4	71.1	2.0	-237.6	5.5	312.4	274.2	1468.3	-6753.5	12833.6	6.4	
60.80	240.1	11.2	71.4	2.0	-241.2	5.6	310.9	282.0	1467.4	-7142.6	12926.9	3.8	
60.85	243.9	11.0	66.6	2.0	-248.9	5.7	330.4	286.7	1460.7	-7455.8	13358.2	-20.4	
60.90	247.8	10.6	59.0	2.0	-254.8	5.8	343.3	279.9	1444.5	-7544.8	13822.0	-52.1	
60.95	251.5	10.2	56.7	2.0	-256.0	5.9	344.4	287.6	1428.5	-7568.4	13908.2	-61.6	
61.00	255.3	10.1	58.3	2.0	-255.3	6.0	357.7	316.7	1419.3	-7663.3	13705.0	-55.1	
61.05	259.1	10.4	56.4	2.0	-252.7	6.1	360.1	328.2	1410.9	-7671.4	13446.9	-59.2	
61.10	262.9	10.6	53.2	2.0	-250.7	6.2	347.4	328.1	1392.1	-7653.3	13328.4	-68.2	
61.15	266.7	10.7	55.4	2.0	-249.6	6.3	343.3	331.2	1371.0	-7795.5	13171.5	-59.4	
61.20	270.5	11.1	58.8	2.0	-243.7	6.4	333.0	333.7	1365.1	-7794.9	12676.6	-41.7	
61.25	274.4	11.3	54.2	2.0	-230.8	6.5	312.4	325.0	1368.6	-7280.0	11911.9	-44.8	
61.30	278.2	11.5	48.4	2.0	-221.5	6.6	299.0	313.6	1353.8	-6963.8	11353.7	-55.3	
61.35	282.1	11.7	48.2	2.0	-216.1	6.7	280.6	303.4	1330.6	-6968.3	10964.0	-50.6	
61.40	286.0	11.6	49.2	2.0	-213.0	6.8	257.5	293.0	1311.0	-7054.2	10730.0	-44.1	
61.45	289.9	11.6	45.6	2.0	-210.5	6.9	254.2	275.3	1291.9	-6906.8	10670.2	-53.9	
61.50	293.8	11.9	42.7	2.0	-207.7	7.0	257.5	270.0	1278.7	-6670.1	10586.8	-61.1	
61.55	297.7	11.9	42.6	2.0	-205.8	7.1	259.6	268.7	1272.6	-6453.5	10550.6	-59.5	
61.60	301.6	11.9	39.6	2.0	-205.5	7.2	271.5	269.9	1266.8	-6164.7	10673.1	-69.6	
61.65	305.5	11.9	36.5	2.0	-204.4	7.3	278.0	253.6	1258.2	-5810.0	10804.3	-79.0	
61.70	309.4	11.9	36.1	2.0	-200.7	7.4	266.9	225.6	1245.9	-5415.6	10790.0	-76.8	
61.75	313.3	12.2	39.3	2.0	-199.3	7.5	262.6	236.5	1231.1	-5156.1	10804.5	-64.5	
61.80	317.2	12.4	41.3	2.0	-198.7	7.6	264.8	243.8	1222.3	-4908.3	10854.3	-56.8	
61.85	321.1	12.2	40.6	2.0	-198.4	7.7	267.7	215.1	1216.9	-4401.9	11099.8	-59.0	
61.90	325.0	12.4	35.7	2.0	-202.4	7.8	285.1	187.5	1212.0	-3926.0	11609.2	-80.0	
61.95	329.0	12.2	36.3	2.0	-205.9	7.9	292.0	172.8	1207.9	-3973.9	11880.0	-81.1	
62.00	333.0	11.9	39.1	2.0	-204.4	8.0	281.7	165.1	1204.2	-3993.9	11799.3	-70.4	
62.05	336.9	11.8	33.7	2.0	-200.1	8.1	274.1	152.6	1200.8	-3527.1	11649.8	-84.4	
62.10	340.9	11.2	25.8	2.0	-194.3	8.2	263.5	127.0	1197.5	-3099.9	11377.5	-105.7	
62.15	344.9	10.9	24.7	2.0	-187.2	8.3	244.5	111.5	1195.1	-2965.4	10933.8	-102.4	
62.20	348.8	10.9	21.6	2.0	-178.2	8.4	226.1	90.5	1187.1	-2679.5	10389.3	-104.1	
62.25	352.8	11.3	10.7	2.0	-165.9	8.5	209.2	50.0	1181.1	-1869.1	9710.5	-129.2	
62.30	356.7	11.4	3.6	2.0	-153.8	8.6	197.4	28.4	1187.3	-953.7	8957.3	-141.6	
62.35	0.7	11.5	4.5	2.0	-142.0	8.7	187.3	24.0	1206.9	-255.4	8129.1	-126.7	
62.40	4.6	11.6	4.6	2.0	-134.8	8.8	181.0	3.2	1214.6	339.7	7599.4	-119.1	
62.45	8.6	11.8	3.3	2.0	-134.6	8.9	183.0	-31.3	1209.1	1035.2	7508.9	-123.1	
62.50	12.6	11.8	0.4	2.0	-138.0	9.0	192.6	-50.3	1215.6	1757.5	7594.2	-136.8	
62.55	16.6	11.6	-1.3	2.0	-139.2	9.1	192.5	-59.7	1233.4	2329.2	7505.6	-143.6	
62.60	20.5	11.0	1.9	2.0	-138.9	9.2	182.4	-81.4	1244.3	2913.6	7277.2	-132.6	
62.65	24.6	11.0	4.7	2.0	-141.8	9.3	173.4	-112.6	1248.2	3742.6	7104.6	-125.6	
62.70	28.6	11.6	3.0	2.0	-147.9	9.4	169.6	-160.4	1255.8	4563.2	7059.9	-137.5	
62.75	32.6	12.1	-0.1	2.0	-153.5	9.5	171.7	-206.0	1274.0	5196.8	7003.3	-153.8	
62.80	36.7	11.8	-1.9	2.0	-160.3	9.6	186.6	-209.4	1285.8	5600.4	7281.3	-166.7	
62.85	40.7	11.4	-2.7	2.0	-167.1	9.7	191.5	-215.8	1284.9	6000.4	7596.7	-176.3	
62.90	44.7	11.4	-2.7	2.0	-171.0	9.8	190.6	-231.0	1285.7	6325.7	7667.3	-180.2	
62.95	48.7	11.1	-1.6	2.0	-170.4	9.9	192.8	-236.6	1302.3	6486.1	7433.8	-176.0	
63.00	52.7	10.6	-0.1	2.0	-165.7	10.0	177.8	-247.9	1326.7	6661.7	6759.1	-166.0	
63.05	56.7	10.1	2.8	2.0	-162.3	10.1	154.6	-260.9	1338.8	7005.1	6011.2	-152.8	
63.10	60.7	10.0	4.4	2.0	-161.3	10.2	138.2	-259.6	1346.9	7293.9	5564.5	-146.2	
63.15	64.7	9.9	3.6	2.0	-159.8	10.3	125.3	-248.3	1362.3	7335.8	5385.1	-147.5	
63.20	68.7	9.7	0.9	2.0	-158.2	10.4	119.2	-245.6	1380.6	7224.5	5326.2	-155.2	
63.25	72.8	9.6	-4.8	2.0	-159.8	10.5	127.0	-267.3	1400.5	7305.8	5287.2	-176.4	
63.30	76.8	9.3	-6.8	2.0	-160.2	10.6	132.5	-287.4	1419.5	7270.9	5256.5	-183.7	
63.35	80.8	8.8	-8.6	2.0	-157.6	10.7	131.5	-269.2	1444.9	7142.0	5148.5	-187.1	
63.40	84.8	8.7	-11.3	2.0	-152.9	10.8	123.2	-252.0	1467.2	6848.8	5016.9	-191.7	
63.45	88.8	8.8	-14.5	2.0	-148.9	10.9	108.0	-265.6	1483.2	6474.8	4959.6	-198.9	
63.50	92.8	9.0	-19.2	2.0	-149.7	11.0	106.7	-278.8	1507.7	6510.4	4923.2	-215.6	
63.55	96.9	9.5	-18.7	2.0	-149.4	11.1	112.3	-284.1	1528.7	6503.6	4833.0	-213.7	
63.60	100.9	9.6	-18.8	2.0	-147.9	11.2	109.6	-270.8	1541.1	6541.7	4629.1	-212.3	
63.65	104.9	9.3	-21.8	2.0	-148.0	11.3	110.2	-251.9	1555.5	6777.5	4369.8	-222.8	
63.70	108.9	8.9	-19.4	2.0	-145.0	11.4	108.0	-261.3	1573.7	6735.2	3927.0	-211.5	
63.75	112.9	9.1	-16.1	2.0	-140.3	11.5	101.6	-261.3	1595.3	6600.1	3413.5	-195.5	
63.80	116.9	9.2	-14.8	2.0	-134.4	11.6	94.1	-237.5	1607.9	6401.9	2956.0	-185.3	
63.85	120.9	9.2	-10.9	2.0	-127.1	11.7	80.4	-218.2	1622.4	6137.9	2296.0	-164.6	
63.90	124.9	9.0	-9.1	2.0	-123.9	11.8	68.9	-204.2	1652.9	6121.5	1628.4	-155.0	
63.95	128.9	9.0	-11.3	2.0	-120.4	11.9	53.9	-203.8	1676.2	5961.6	1142.6	-159.3	
64.00	133.0	9.2	-13.8	2.0	-114.3	12.0	27.4	-210.0	1672.0	5563.5	719.8	-161.7	
64.05	137.0	9.2	-15.2	2.0	-108.3	12.1	1.5	-186.6	1662.9	5223.7	347.6	-160.3	
64.10	141.0	9.4	-16.7	2.0	-104.9	12.2	-13.5	-175.1	1671.3	4997.8	-102.4	-162.1	
64.15	145.1	9.4	-19.6	2.0	-102.7	12.3	-16.1	-172.1	1689.5	4796.2	-531.3	-169.9	
64.20	149.1	9.1	-22.7	2.0	-96.5	12.4	-17.3	-150.5	1697.0	4344.3	-778.5	-174.4	
64.25	153.1	8.8	-22.2	2.0	-87.3	12.5	-26.7	-123.5	1694.2	3654.1	-1033.0	-163.7	
64.30	157.1	8.8	-22.7	2.0	-80.2	12.6	-26.2	-104.8	1700.0	3097.5	-1152.8	-158.2	
64.35	161.0	9.2	-22.9	2.0	-72.3	12.7	-10.4	-78.8	1713.6	2589.3	-1022.3	-150.9	
64.40	165.0	9.0	-25.3	2.0	-64.0	12.8	3.8	-52.9	1720.3	2053.4	-853.6	-150.9	
64.45	169.0	9.1	-29.2	2.0	-57.0	12.9	6.6	-37.7	1716.0	1584.9	-727.6	-157.4	
64.50	173.0	9.2	-35.0	2.0	-51.8	13.0	5.7	-12.5	1712.5	1291.1	-601.3	-171.9	
64.55	176.9	8.9	-37.1	2.0	-44.0	13.1	2.8	8.0	1709.3	692.5	-497.7	-171.3	
64.60	180.9	9.2	-38.5	2.0	-39.6	13.2	-0.8	21.9	1708.4	41.0	-475.9	-171.8	
64.65	184.8	9.4	-44.4	2.0	-41.1	13.3	1.0	45.3	1708.2	-343.0	-395.6	-193.6	
64.70	188.8	8.9	-42.5	2.0	-50.7	13.4	17.2	72.0	1698.2	-1171.4	75.8	-196.7	
64.75	192.8	8.8	-39.8	2.0	-65.4	13.5	39.8	104.5	1692.2	-2073.3	677.1	-201.9	
64.80	196.7	8.5	-40.9	2.0	-73.6	13.6	55.1	120.2	1694.3	-2548.9	1009.1	-213.9	
64.85	200.7	8.2	-38.9	2.0	-80.8	13.7	58.7	134.7	1688.0	-3068.3	1069.9	-214.2	
64.90	204.6	8.4	-34.0	2.0	-87.1	13.8	48.3	159.3	1675.8	-3576.8	846.1	-203.8	
64.95	208.5	8.3	-32.5	2.0	-88.9	13.9	39.7	167.1	1662.3	-3758.6	622.4	-200.7	
65.00	212.4	8.1	-38.1	2.0	-86.2	14.0	38.7	162.7	1648.2	-3593.8	473.2	-217.0	
65.05	216.4	7.9	-37.1	2.0	-87.5	14.1	37.0	171.5	1631.9	-3700.2	293.4	-214.9	
65.10	220.3	8.2	-27.1	2.0	-96.1	14.2	31.0	200.7	1614.2	-4299.6	59.0	-189.1	
65.15	224.2	8.5	-21.2	2.0	-103.6	14.3	22.5	229.6	1596.3	-4794.9	-185.9	-176.4	
65.20	228.1	8.2	-18.5	2.0	-109.3	14.4	14.8	250.2	1579.7	-5168.8	-412.9	-172.7	
65.25	232.0	8.3	-12.4	2.0	-116.2	14.5	11.7	267.7	1575.0	-5614.4	-700.6	-158.7	
65.30	236.0	8.4	-5.9	2.0	-122.6	14.6	14.0	281.8	1567.3	-6051.0	-843.2	-143.0	
65.35	239.9	8.5	-8.2	2.0	-123.5	14.7	14.3	282.0	1546.9	-6142.8	-777.4	-151.6	
65.40	243.8	8.2	-17.4	2.0	-120.6	14.8	14.5	275.1	1517.9	-5985.8	-616.6	-180.3	
65.45	247.7	8.0	-25.3	2.0	-118.8	14.9	16.9	271.7	1494.6	-5884.2	-546.8	-205.9	
65.50	251.5	8.0	-28.5	2.0	-120.5	15.0	23.8	276.0	1476.8	-6015.8	-516.1	-218.4	
65.55	255.4	8.5	-31.7	2.0	-123.1	15.1	35.0	278.1	1456.9	-6225.6	-370.1	-232.1	
65.60	259.3	8.7	-34.4	2.0	-125.5	15.2	42.1	284.6	1431.3	-6415.1	-234.0	-243.8	
65.65	263.1	8.9	-31.8	2.0	-130.3	15.3	35.1	297.2	1404.3	-6754.7	-359.1	-239.2	
65.70	267.0	9.4	-24.7	2.0	-135.9	15.4	24.8	312.1	1380.2	-7130.4	-721.4	-220.5	
65.75	270.8	9.6	-19.9	2.0	-138.9	15.5	16.5	329.5	1359.4	-7257.8	-1227.1	-207.0	
65.80	274.6	9.9	-18.2	2.0	-136.8	15.6	2.2	321.6	1334.8	-7018.7	-1794.2	-199.1	
65.85	278.4	10.5	-15.0	2.0	-133.8	15.7	-16.0	297.4	1302.6	-6751.0	-2245.0	-185.2	
65.90	282.3	10.4	-14.7	2.0	-131.7	15.8	-27.6	288.5	1271.2	-6497.7	-2622.6	-182.0	
65.95	286.1	10.3	-15.4	2.0	-131.3	15.9	-37.0	281.0	1251.4	-6265.7	-3147.7	-184.2	
66.00	289.9	10.2	-13.5	2.0	-132.3	16.0	-51.0	268.6	1236.3	-6032.8	-3785.8	-178.7	
66.05	293.7	10.1	-9.1	2.0	-133.4	16.1	-65.6	265.2	1212.9	-5875.7	-4209.5	-164.5	
66.10	297.4	10.1	-3.2	2.0	-134.2	16.2	-74.0	268.2	1182.5	-5924.5	-4255.7	-145.2	
66.15	301.2	10.2	-0.9	2.0	-132.8	16.3	-61.1	275.6	1155.6	-6029.0	-3936.5	-135.8	
66.20	305.0	10.1	-5.4	2.0	-128.0	16.4	-35.8	268.6	1141.9	-5891.2	-3555.3	-146.5	
66.25	308.7	10.5	-13.6	2.0	-120.4	16.5	-18.7	240.1	1136.3	-5475.8	-3313.4	-167.2	
66.30	312.5	10.7	-16.3	2.0	-115.8	16.6	-25.7	217.6	1117.8	-5172.2	-3290.9	-171.6	
66.35	316.2	10.7	-12.6	2.0	-115.7	16.7	-53.3	216.3	1086.4	-5007.9	-3541.9	-159.1	
66.40	320.0	10.9	-10.7	2.0	-116.2	16.8	-79.3	207.8	1062.4	-4802.1	-3904.0	-152.9	
66.45	323.7	11.0	-17.8	2.0	-111.2	16.9	-77.7	181.6	1056.9	-4348.6	-3975.4	-172.4	
66.50	327.4	11.0	-27.8	2.0	-103.7	17.0	-57.3	168.9	1051.8	-3907.4	-3695.8	-199.1	
66.55	331.1	10.6	-27.7	2.0	-101.1	17.1	-48.1	166.1	1027.4	-3985.1	-3371.5	-196.2	
66.60	334.8	10.6	-21.0	2.0	-101.1	17.2	-54.1	167.7	997.7	-4019.7	-3355.4	-173.1	
66.65	338.5	10.7	-16.5	2.0	-99.5	17.3	-61.5	159.5	988.7	-3512.9	-3746.4	-156.2	
66.70	342.2	10.8	-9.2	2.0	-102.6	17.4	-77.8	130.5	998.2	-2926.0	-4561.8	-134.2	
66.75	345.8	10.6	-2.3	2.0	-110.2	17.5	-102.1	114.0	992.5	-2487.7	-5451.9	-118.1	
66.80	349.5	10.5	3.1	2.0	-118.4	17.6	-131.7	98.3	969.0	-1986.4	-6291.2	-107.9	
66.85	353.1	10.3	5.1	2.0	-126.6	17.7	-159.6	57.9	951.9	-1288.0	-7105.0	-109.0	
66.90	356.8	10.2	7.3	2.0	-134.4	17.8	-172.6	25.1	948.2	-563.2	-7778.0	-109.3	
66.95	0.4	9.8	16.2	2.0	-141.3	17.9	-179.0	22.5	946.5	-226.0	-8304.6	-85.6	
67.00	4.0	9.4	28.4	2.0	-148.0	18.0	-192.1	14.9	935.3	-81.3	-8782.4	-50.5	
67.05	7.6	9.4	34.2	2.0	-151.2	18.1	-195.3	-11.6	923.9	362.9	-9018.6	-33.7	
67.10	11.2	9.6	35.1	2.0	-151.9	18.2	-181.1	-37.0	928.2	1045.8	-9047.5	-31.3	
67.15	14.8	9.9	37.9	2.0	-155.8	18.3	-174.5	-58.1	942.8	1668.1	-9250.2	-25.8	
67.20	18.4	10.2	43.2	2.0	-162.0	18.4	-184.5	-77.9	938.4	2185.5	-9578.0	-13.7	
67.25	22.0	10.4	47.9	2.0	-170.5	18.5	-206.1	-100.6	918.3	2813.5	-10006.9	-5.9	
67.30	25.5	10.7	52.6	2.0	-180.8	18.6	-225.9	-130.6	909.8	3508.4	-10520.3	-0.2	
67.35	29.1	11.1	61.6	2.0	-190.5	18.7	-238.6	-150.0	917.0	3917.1	-11081.3	20.9	
67.40	32.6	11.6	71.1	2.0	-194.6	18.8	-241.3	-150.4	922.2	3987.5	-11380.6	49.4	
67.45	36.2	12.0	73.8	2.0	-195.0	18.9	-238.7	-155.1	918.5	4086.7	-11375.5	58.4	
67.50	39.7	12.1	73.6	2.0	-194.6	19.0	-231.3	-166.2	918.0	4323.3	-11259.0	58.2	
67.55	43.2	12.3	74.6	2.0	-195.7	19.1	-221.7	-175.3	931.7	4518.3	-11261.2	60.5	
67.60	46.7	12.1	78.1	2.0	-197.7	19.2	-217.9	-183.3	944.5	4664.5	-11349.2	70.4	
67.65	50.2	11.7	77.7	2.0	-201.3	19.3	-223.9	-193.3	943.2	5051.2	-11449.4	65.4	
67.70	53.7	11.7	76.6	2.0	-205.0	19.4	-234.9	-214.8	934.3	5435.2	-11515.8	58.0	
67.75	57.1	11.9	75.0	2.0	-207.4	19.5	-238.3	-232.9	936.2	5714.0	-11529.4	50.1	
67.80	60.6	12.1	71.0	2.0	-209.0	19.6	-233.1	-242.2	952.3	5960.9	-11516.3	34.6	
67.85	64.0	12.0	67.5	2.0	-207.8	19.7	-227.1	-252.2	961.5	6011.3	-11370.1	24.1	
67.90	67.4	11.9	65.2	2.0	-204.7	19.8	-224.9	-247.8	961.7	5983.9	-11139.9	19.1	
67.95	70.8	11.7	67.3	2.0	-202.2	19.9	-222.8	-242.1	967.4	5895.5	-10979.2	28.7	
68.00	74.2	11.5	70.4	2.0	-199.8	20.0	-215.6	-241.0	982.1	5741.2	-10862.8	41.9	
68.05	77.6	11.3	68.7	2.0	-199.4	20.1	-209.3	-242.1	999.3	5805.4	-10795.0	36.5	
68.10	80.9	11.3	65.7	2.0	-200.5	20.2	-211.4	-253.1	1010.3	5979.9	-10751.6	25.2	
68.15	84.3	11.4	66.4	2.0	-200.3	20.3	-216.8	-264.6	1013.3	6090.3	-10626.4	27.7	
68.20	87.6	11.0	66.2	2.0	-199.9	20.4	-217.7	-262.0	1018.9	6265.9	-10488.3	27.3	
68.25	90.9	10.8	64.6	2.0	-201.6	20.5	-211.9	-269.9	1033.7	6555.6	-10438.0	20.1	
68.30	94.2	10.6	62.1	2.0	-204.3	20.6	-201.6	-285.5	1051.3	6925.3	-10401.9	8.8	
68.35	97.5	10.6	62.4	2.0	-202.7	20.7	-194.0	-282.9	1058.4	6986.1	-10234.1	11.4	
68.40	100.8	10.5	67.4	2.0	-197.3	20.8	-195.8	-267.6	1053.8	6605.5	-10041.1	33.9	
68.45	104.1	10.3	71.8	2.0	-194.3	20.9	-199.1	-247.7	1053.8	6301.0	-10015.4	52.1	
68.50	107.4	10.4	71.8	2.0	-194.5	21.0	-193.1	-237.4	1067.9	6267.1	-10086.3	52.0	
68.55	110.6	10.2	73.0	2.0	-195.7	21.1	-185.5	-241.5	1085.9	6253.5	-10185.5	55.0	
68.60	113.9	9.7	74.6	2.0	-196.3	21.2	-182.8	-251.1	1095.0	6324.8	-10169.6	59.8	
68.65	117.1	9.6	72.4	2.0	-196.1	21.3	-181.2	-261.4	1090.1	6530.9	-9994.5	52.4	
68.70	120.4	9.5	70.8	2.0	-195.9	21.4	-178.0	-264.7	1086.1	6643.4	-9903.9	47.2	
68.75	123.6	9.4	72.1	2.0	-195.9	21.5	-172.9	-255.1	1094.3	6538.7	-10002.6	51.6	
68.80	126.8	9.9	75.5	2.0	-194.3	21.6	-169.2	-244.0	1103.2	6260.8	-10072.0	64.9	
68.85	130.0	10.3	76.2	2.0	-191.2	21.7	-172.2	-234.1	1099.7	5899.9	-10034.0	70.6	
68.90	133.1	10.4	77.9	2.0	-187.2	21.8	-177.6	-213.4	1090.7	5464.5	-9990.2	80.1	
68.95	136.3	10.0	82.3	2.0	-183.2	21.9	-175.9	-187.5	1092.8	4919.7	-9992.1	99.5	
69.00	139.4	9.8	84.6	2.0	-180.8	22.0	-166.6	-172.4	1108.1	4531.5	-10017.5	109.8	
69.05	142.5	9.8	82.3	2.0	-181.2	22.1	-162.7	-173.1	1118.8	4436.6	-10093.9	101.3	
69.10	145.6	10.2	81.6	2.0	-182.4	22.2	-172.3	-174.8	1112.1	4263.7	-10250.1	97.8	
69.15	148.7	10.4	82.3	2.0	-182.7	22.3	-184.2	-158.2	1101.3	3859.4	-10449.1	99.8	
69.20	151.8	10.4	81.9	2.0	-183.6	22.4	-190.8	-133.8	1103.4	3460.0	-10684.2	97.7	
69.25	154.9	10.2	77.6	2.0	-182.1	22.5	-187.7	-120.0	1107.6	3101.4	-10702.8	84.4	
69.30	157.9	10.4	71.5	2.0	-177.1	22.6	-180.6	-106.1	1101.0	2643.9	-10481.5	68.2	
69.35	161.0	10.7	67.3	2.0	-170.4	22.7	-173.9	-85.5	1090.3	1973.1	-10168.0	60.6	
69.40	164.0	11.2	65.2	2.0	-164.5	22.8	-164.5	-65.2	1089.4	1291.3	-9876.9	59.3	
69.45	167.0	11.3	59.8	2.0	-160.7	22.9	-153.8	-49.2	1097.7	1001.7	-9661.8	44.6	
69.50	170.0	11.1	55.1	2.0	-157.8	23.0	-149.1	-40.6	1099.9	885.6	-9473.1	31.4	
69.55	173.0	11.2	52.5	2.0	-154.8	23.1	-152.4	-30.5	1088.6	611.1	-9271.0	25.6	
69.60	175.9	11.6	50.8	2.0	-149.8	23.2	-151.2	-8.2	1075.1	168.6	-8933.5	24.7	
69.65	178.9	11.9	46.4	2.0	-142.3	23.3	-137.6	8.2	1068.1	-208.9	-8406.3	17.0	
69.70	181.8	11.5	40.1	2.0	-134.7	23.4	-121.6	8.7	1063.3	-346.8	-7877.4	3.0	
69.75	184.7	11.3	34.4	2.0	-129.3	23.5	-111.6	17.3	1052.3	-507.2	-7496.9	-11.1	
69.80	187.6	11.2	36.8	2.0	-127.4	23.6	-109.7	42.0	1040.7	-967.2	-7303.4	-1.0	
69.85	190.5	11.3	38.8	2.0	-127.4	23.7	-108.0	68.1	1039.1	-1447.6	-7190.2	5.9	
69.90	193.4	11.2	35.9	2.0	-124.9	23.8	-100.2	73.3	1042.5	-1612.9	-6970.9	-1.6	
69.95	196.2	11.1	29.6	2.0	-118.6	23.9	-86.7	63.0	1035.5	-1633.5	-6534.1	-17.0	
70.00	199.1	11.0	26.3	2.0	-111.4	24.0	-72.1	68.9	1017.2	-1806.0	-5956.5	-21.3	
70.05	201.9	10.5	21.7	2.0	-104.9	24.1	-57.1	86.6	1002.0	-1996.8	-5374.9	-30.4	
70.10	204.7	10.1	16.1	2.0	-99.2	24.2	-46.5	90.3	991.6	-1941.8	-4945.2	-44.1	
70.15	207.5	9.9	11.1	2.0	-95.3	24.3	-44.5	85.4	976.1	-1772.6	-4721.8	-57.3	
70.20	210.3	9.7	19.6	2.0	-93.6	24.4	-44.3	88.4	956.0	-1860.7	-4562.8	-26.4	
70.25	213.0	10.0	23.6	2.0	-92.2	24.5	-33.3	112.3	941.2	-2220.8	-4229.5	-11.0	
70.30	215.8	10.7	24.4	2.0	-89.8	24.6	-18.7	135.7	934.6	-2383.4	-3866.9	-6.1	
70.35	218.5	10.8	21.0	2.0	-87.4	24.7	-6.9	139.6	920.9	-2540.0	-3544.2	-15.1	
70.40	221.2	10.8	24.7	2.0	-88.9	24.8	-5.2	148.0	899.3	-2863.8	-3432.5	-4.1	
70.45	223.9	10.9	29.5	2.0	-95.1	24.9	-13.1	169.1	880.3	-3354.0	-3556.4	6.1	
70.50	226.6	10.7	29.3	2.0	-100.3	25.0	-27.0	178.4	863.8	-3664.4	-3778.5	0.3	
70.55	229.3	10.6	23.6	2.0	-103.0	25.1	-44.3	177.8	841.5	-3668.3	-4062.5	-21.8	
70.60	232.0	10.5	21.7	2.0	-106.2	25.2	-56.0	176.2	817.7	-3772.2	-4314.3	-31.5	
70.65	234.7	10.7	22.5	2.0	-109.8	25.3	-53.1	182.9	802.9	-4094.6	-4384.4	-32.5	
70.70	237.3	11.1	18.6	2.0	-111.3	25.4	-41.4	197.6	792.6	-4395.7	-4207.7	-47.5	
70.75	240.0	11.3	13.7	2.0	-112.4	25.5	-35.0	206.5	775.7	-4749.6	-3926.6	-65.5	
70.80	242.6	11.1	16.9	2.0	-117.3	25.6	-35.4	223.6	751.9	-5326.3	-3723.9	-59.1	
70.85	245.2	11.0	26.5	2.0	-124.6	25.7	-34.2	251.1	734.6	-5960.2	-3655.5	-33.7	
70.90	247.8	10.9	30.0	2.0	-128.4	25.8	-29.8	265.3	726.6	-6242.6	-3666.3	-25.5	
70.95	250.4	10.8	24.5	2.0	-127.4	25.9	-31.3	262.7	711.4	-6142.9	-3728.4	-43.2	
71.00	252.9	10.9	19.3	2.0	-127.2	26.0	-40.3	256.3	685.9	-6098.7	-3842.6	-60.9	
71.05	255.5	11.2	20.2	2.0	-129.8	26.1	-45.8	257.4	665.0	-6258.0	-3972.3	-60.4	
71.10	258.1	11.7	20.1	2.0	-131.5	26.2	-44.1	261.3	653.3	-6337.4	-4088.8	-62.4	
71.15	260.6	11.7	16.9	2.0	-132.2	26.3	-43.5	260.6	640.2	-6323.0	-4220.9	-74.2	
71.20	263.1	11.8	18.7	2.0	-136.1	26.4	-49.5	264.8	618.9	-6557.9	-4401.9	-71.8	
71.25	265.6	12.3	28.3	2.0	-143.7	26.5	-58.2	283.0	597.6	-7033.2	-4656.4	-46.4	
71.30	268.1	12.4	34.8	2.0	-149.0	26.6	-63.7	293.1	583.7	-7295.6	-4957.1	-29.6	
71.35	270.6	12.5	33.3	2.0	-149.1	26.7	-68.2	283.4	570.0	-7121.1	-5269.8	-34.8	
71.40	273.1	12.5	33.5	2.0	-148.6	26.8	-76.8	271.8	550.3	-6839.7	-5640.6	-33.7	
71.45	275.5	12.2	40.6	2.0	-150.4	26.9	-86.9	270.5	527.4	-6753.5	-5966.7	-11.0	
71.50	277.9	11.9	45.8	2.0	-152.1	27.0	-96.4	272.4	507.5	-6665.1	-6262.3	5.0	
71.55	280.4	11.7	46.8	2.0	-152.4	27.1	-105.1	266.1	489.6	-6455.3	-6537.7	8.2	
71.60	282.8	11.3	49.3	2.0	-154.2	27.2	-113.6	262.1	471.7	-6353.1	-6847.2	14.9	
71.65	285.2	11.0	57.0	2.0	-158.4	27.3	-119.6	270.3	454.7	-6478.6	-7141.2	37.4	
71.70	287.5	10.8	64.0	2.0	-161.5	27.4	-125.0	272.6	438.1	-6541.4	-7397.8	58.2	
71.75	289.9	10.9	64.5	2.0	-161.6	27.5	-130.1	265.6	419.2	-6370.5	-7593.6	59.7	
71.80	292.3	10.8	63.6	2.0	-160.9	27.6	-134.2	256.7	399.8	-6149.8	-7742.2	57.4	
71.85	294.6	10.4	66.6	2.0	-161.1	27.7	-137.7	246.8	383.3	-6070.6	-7871.8	67.5	
71.90	296.9	10.3	68.5	2.0	-160.8	27.8	-138.8	240.2	369.4	-5963.8	-7952.8	74.3	
71.95	299.3	10.4	65.9	2.0	-158.5	27.9	-138.6	231.6	355.5	-5739.1	-7944.7	67.9	
72.00	301.6	10.6	62.8	2.0	-154.6	28.0	-136.4	220.4	339.0	-5526.3	-7793.0	61.0	
72.05	303.9	10.7	61.8	2.0	-150.2	28.1	-129.7	218.2	322.6	-5392.3	-7510.8	61.8	
72.10	306.1	10.7	61.5	2.0	-145.0	28.2	-117.5	215.1	309.4	-5316.9	-7116.8	66.0	
72.15	308.4	10.8	56.5	2.0	-139.0	28.3	-104.1	207.3	296.2	-5193.3	-6701.5	55.1	
72.20	310.6	11.0	50.8	2.0	-134.6	28.4	-96.8	205.9	281.1	-5096.8	-6391.9	39.8	
72.25	312.9	11.3	49.5	2.0	-133.1	28.5	-96.3	205.8	264.9	-5212.7	-6159.9	36.8	
72.30	315.1	11.8	50.2	2.0	-132.8	28.6	-98.3	207.5	254.0	-5353.7	-6017.8	39.3	
72.35	317.3	11.7	46.3	2.0	-131.1	28.7	-99.5	202.8	246.7	-5316.2	-5900.6	27.9	
72.40	319.5	11.9	40.0	2.0	-128.3	28.8	-100.3	192.9	234.6	-5242.7	-5721.7	8.9	
72.45	321.8	12.1	35.4	2.0	-125.4	28.9	-98.7	189.7	220.0	-5219.6	-5469.9	-3.9	
72.50	323.9	11.9	33.4	2.0	-122.5	29.0	-94.5	184.5	209.5	-5224.7	-5200.6	-7.8	
72.55	326.1	11.5	30.0	2.0	-118.3	29.1	-88.8	172.2	201.9	-5074.1	-4967.9	-15.2	
72.60	328.3	11.2	26.1	2.0	-114.2	29.2	-83.5	164.5	192.8	-4837.5	-4805.8	-24.6	
72.65	330.4	11.1	26.0	2.0	-111.1	29.3	-79.8	160.6	184.2	-4671.5	-4678.3	-21.9	
72.70	332.6	11.1	26.8	2.0	-107.3	29.4	-74.8	155.4	179.0	-4455.9	-4517.2	-15.2	
72.75	334.7	11.2	24.4	2.0	-100.7	29.5	-67.8	140.6	175.6	-4028.6	-4307.7	-17.1	
72.80	336.8	11.0	20.3	2.0	-92.8	29.6	-61.5	117.3	168.7	-3485.1	-4093.1	-23.0	
72.85	339.0	10.8	18.7	2.0	-87.0	29.7	-58.6	102.7	157.6	-3000.0	-3976.2	-22.6	
72.90	341.1	10.5	20.6	2.0	-83.9	29.8	-58.5	92.2	149.4	-2609.3	-4011.9	-13.3	
72.95	343.2	10.5	23.0	2.0	-82.9	29.9	-61.5	76.3	146.3	-2213.4	-4189.7	-4.0	
73.00	345.3	10.8	24.4	2.0	-83.1	30.0	-68.3	57.2	140.8	-1766.4	-4448.6	0.7	
73.05	347.3	11.1	27.9	2.0	-84.5	30.1	-75.7	43.5	130.8	-1404.5	-4698.1	11.2	
73.10	349.4	11.2	32.6	2.0	-85.4	30.2	-77.4	36.4	122.1	-1181.9	-4844.8	26.4	
73.15	351.5	11.0	34.3	2.0	-84.7	30.3	-72.7	29.8	117.9	-834.9	-4890.6	33.1	
73.20	353.5	10.8	34.1	2.0	-84.0	30.4	-68.5	12.0	115.1	-310.8	-4920.8	33.1	
73.25	355.6	10.5	35.2	2.0	-85.0	30.5	-70.5	-9.7	107.2	138.5	-5008.0	36.0	
73.30	357.6	10.2	40.2	2.0	-87.7	30.6	-77.9	-17.6	97.0	382.4	-5183.4	50.4	
73.35	359.6	10.0	43.5	2.0	-90.5	30.7	-83.9	-22.7	92.2	585.9	-5362.1	58.7	
73.40	1.6	10.3	43.9	2.0	-92.5	30.8	-85.5	-39.1	90.8	955.9	-5443.9	58.1	
73.45	3.6	10.3	42.6	2.0	-92.8	30.9	-82.7	-55.6	85.2	1353.6	-5364.4	53.3	
73.50	5.6	10.3	42.7	2.0	-91.1	31.0	-77.6	-66.7	75.4	1527.7	-5187.4	55.3	
73.55	7.5	10.3	42.7	2.0	-89.4	31.1	-73.5	-69.8	69.1	1525.0	-5057.4	57.1	
73.60	9.5	10.5	41.3	2.0	-89.7	31.2	-73.4	-70.4	68.0	1561.5	-5071.2	51.9	
73.65	11.4	10.9	41.2	2.0	-91.4	31.3	-77.8	-74.6	66.1	1583.1	-5179.8	50.2	
73.70	13.4	11.3	43.0	2.0	-93.0	31.4	-83.4	-76.8	62.2	1534.9	-5309.1	54.6	
73.75	15.3	11.4	43.7	2.0	-94.3	31.5	-86.2	-79.5	61.7	1507.3	-5405.1	55.8	
73.80	17.2	11.4	41.6	2.0	-94.7	31.6	-85.4	-89.0	64.9	1533.7	-5414.0	48.1	
73.85	19.2	11.7	37.9	2.0	-93.8	31.7	-81.1	-98.3	65.7	1600.8	-5307.0	36.5	
73.90	21.1	11.7	35.6	2.0	-91.9	31.8	-76.2	-103.8	62.9	1615.4	-5149.8	30.3	
73.95	23.0	11.7	34.8	2.0	-89.9	31.9	-70.4	-108.4	61.9	1599.7	-4995.9	29.6	
74.00	24.9	12.2	33.0	2.0	-88.9	32.0	-65.6	-112.5	66.3	1673.0	-4888.9	24.2	
74.05	26.7	12.7	29.7	2.0	-87.8	32.1	-60.9	-118.8	71.0	1791.5	-4742.4	14.2	
74.10	28.6	12.9	26.7	2.0	-85.7	32.2	-55.5	-127.8	72.0	1897.6	-4509.7	5.9	
74.15	30.5	12.4	24.7	2.0	-84.6	32.3	-49.6	-137.9	73.7	2125.2	-4283.7	0.1	
74.20	32.3	12.6	22.2	2.0	-84.8	32.4	-40.3	-153.7	78.7	2483.4	-4060.5	-8.6	
74.25	34.1	12.7	20.4	2.0	-86.2	32.5	-32.3	-168.7	83.7	2861.5	-3887.1	-16.2	
74.30	36.0	12.7	20.9	2.0	-88.1	32.6	-31.4	-175.3	85.3	3131.0	-3828.6	-16.4	
74.35	37.8	13.3	24.2	2.0	-89.7	32.7	-36.7	-179.0	85.0	3231.5	-3889.9	-6.6	
74.40	39.6	13.5	28.1	2.0	-91.9	32.8	-43.6	-179.8	86.1	3312.0	-4026.4	4.6	
74.45	41.4	13.4	30.7	2.0	-94.9	32.9	-50.5	-178.5	90.4	3447.5	-4201.9	10.6	
74.50	43.1	13.2	32.5	2.0	-97.1	33.0	-53.5	-179.3	94.4	3570.8	-4304.4	14.6	
74.55	44.9	13.0	35.3	2.0	-100.4	33.1	-58.6	-184.2	97.7	3769.4	-4442.3	20.7	
74.60	46.7	12.9	36.5	2.0	-105.1	33.2	-65.7	-194.5	101.5	4022.4	-4641.8	20.1	
74.65	48.5	12.3	37.0	2.0	-110.9	33.3	-71.6	-209.9	106.3	4358.3	-4856.9	16.1	
74.70	50.2	12.1	38.8	2.0	-117.4	33.4	-80.6	-221.4	110.9	4734.6	-5125.3	15.8	
74.75	52.0	12.0	41.2	2.0	-122.2	33.5	-88.5	-227.3	112.3	5027.1	-5319.8	19.0	
74.80	53.7	11.5	43.7	2.0	-125.3	33.6	-93.4	-233.4	112.3	5241.9	-5404.1	24.7	
74.85	55.4	11.2	43.5	2.0	-127.6	33.7	-91.6	-242.8	113.1	5522.4	-5330.6	21.8	
74.90	57.2	11.1	44.6	2.0	-129.6	33.8	-85.3	-256.2	116.9	5838.5	-5164.7	23.6	
74.95	58.9	11.2	45.5	2.0	-130.5	33.9	-73.8	-265.8	121.4	6090.6	-4941.9	25.8	
75.00	60.6	11.5	48.1	2.0	-131.8	34.0	-64.6	-266.0	127.0	6323.8	-4813.1	33.3	
75.05	62.3	11.7	50.2	2.0	-134.0	34.1	-60.6	-270.0	131.3	6542.5	-4771.7	38.3	
75.10	64.0	11.2	50.4	2.0	-136.6	34.2	-61.0	-278.4	134.5	6741.1	-4793.2	36.5	
75.15	65.6	11.2	50.3	2.0	-138.0	34.3	-63.4	-282.8	138.1	6814.6	-4838.8	34.7	
75.20	67.3	11.3	50.5	2.0	-137.0	34.4	-65.3	-284.7	140.9	6704.1	-4848.2	36.4	
75.25	69.0	11.5	48.9	2.0	-136.1	34.5	-66.7	-284.9	144.1	6611.5	-4846.4	31.9	
75.30	70.6	11.3	46.7	2.0	-136.3	34.6	-70.1	-284.9	149.0	6602.1	-4880.5	24.1	
75.35	72.3	11.2	44.2	2.0	-135.3	34.7	-71.2	-285.2	154.4	6518.2	-4860.1	16.3	
75.40	73.9	11.4	42.2	2.0	-132.2	34.8	-68.7	-280.4	160.6	6316.2	-4747.1	12.7	
75.45	75.5	11.6	39.5	2.0	-127.9	34.9	-62.8	-276.1	167.9	6088.0	-4528.5	7.8	
75.50	77.1	11.7	35.5	2.0	-123.3	35.0	-55.2	-275.2	174.6	5893.6	-4206.5	-1.4	
75.55	78.7	11.6	31.4	2.0	-118.6	35.1	-49.1	-269.6	179.4	5726.9	-3853.4	-10.6	
75.60	80.3	11.5	28.7	2.0	-113.9	35.2	-43.6	-260.5	183.4	5557.2	-3504.7	-15.3	
75.65	81.9	11.5	26.5	2.0	-110.6	35.3	-39.5	-256.3	189.2	5448.0	-3225.2	-19.6	
75.70	83.5	11.6	22.8	2.0	-109.9	35.4	-38.4	-259.6	196.8	5461.1	-3062.5	-31.7	
75.75	85.0	11.7	19.3	2.0	-110.8	35.5	-37.5	-270.0	203.0	5564.1	-2947.8	-44.6	
75.80	86.6	11.7	17.4	2.0	-111.9	35.6	-35.4	-280.0	208.4	5673.3	-2846.6	-52.2	
75.85	88.2	11.8	16.9	2.0	-113.0	35.7	-31.8	-280.7	215.8	5798.5	-2764.9	-55.1	
75.90	89.7	12.1	17.7	2.0	-113.0	35.8	-25.8	-277.4	223.2	5859.4	-2647.3	-52.2	
75.95	91.2	11.9	18.8	2.0	-111.9	35.9	-20.2	-274.9	229.4	5825.4	-2522.7	-47.4	
76.00	92.8	11.7	20.1	2.0	-110.8	36.0	-20.3	-272.4	234.9	5759.3	-2477.0	-41.7	
76.05	94.3	11.8	21.8	2.0	-111.0	36.1	-24.5	-273.8	239.1	5746.1	-2523.0	-36.0	
76.10	95.8	11.3	25.3	2.0	-112.9	36.2	-33.5	-272.0	245.4	5806.1	-2741.7	-25.9	
76.15	97.3	11.0	27.9	2.0	-116.2	36.3	-41.9	-266.2	251.5	5976.9	-2980.2	-20.5	
76.20	98.8	11.0	30.3	2.0	-120.0	36.4	-47.0	-268.6	256.6	6191.9	-3154.3	-16.0	
76.25	100.4	11.1	30.6	2.0	-124.2	36.5	-47.3	-280.2	261.1	6470.5	-3235.6	-19.3	
76.30	101.9	11.5	28.9	2.0	-127.9	36.6	-45.2	-293.1	266.6	6725.3	-3265.6	-28.6	
76.35	103.4	12.1	30.3	2.0	-129.5	36.7	-41.6	-299.1	270.7	6834.9	-3266.4	-25.6	
76.40	104.9	12.0	32.5	2.0	-129.6	36.8	-39.0	-294.2	274.3	6835.8	-3304.4	-18.1	
76.45	106.3	12.0	34.6	2.0	-129.5	36.9	-39.2	-285.7	279.6	6805.8	-3405.0	-10.8	
76.50	107.8	12.1	36.3	2.0	-129.9	37.0	-41.2	-282.8	285.1	6788.2	-3510.6	-5.4	
76.55	109.3	11.6	36.7	2.0	-130.5	37.1	-42.9	-284.9	289.8	6797.9	-3571.7	-4.4	
76.60	110.7	11.4	36.4	2.0	-130.6	37.2	-41.4	-287.5	294.0	6804.6	-3545.3	-5.6	
76.65	112.2	11.3	36.3	2.0	-130.4	37.3	-38.0	-288.4	299.7	6815.9	-3485.2	-5.9	
76.70	113.6	11.4	35.4	2.0	-129.6	37.4	-35.2	-284.7	304.9	6802.8	-3396.5	-8.1	
76.75	115.0	11.3	35.3	2.0	-127.1	37.5	-35.3	-277.9	307.7	6663.9	-3292.7	-5.9	
76.80	116.5	11.2	35.1	2.0	-123.0	37.6	-37.5	-269.1	309.1	6387.4	-3199.6	-2.6	
76.85	117.9	11.8	34.0	2.0	-118.5	37.7	-38.8	-260.5	313.1	6068.4	-3126.6	-1.7	
76.90	119.3	12.3	32.5	2.0	-114.5	37.8	-37.1	-250.8	320.0	5796.8	-3032.7	-3.0	
76.95	120.7	12.5	30.6	2.0	-110.2	37.9	-31.9	-242.0	325.2	5561.2	-2834.9	-5.0	
77.00	122.1	12.1	27.7	2.0	-106.0	38.0	-24.5	-235.0	329.3	5356.0	-2567.7	-10.8	
77.05	123.5	12.0	23.4	2.0	-102.4	38.1	-16.0	-231.7	334.9	5197.4	-2284.9	-22.0	
77.10	124.9	12.1	19.0	2.0	-99.6	38.2	-8.1	-234.4	341.4	5069.3	-2012.9	-34.4	
77.15	126.3	12.3	15.0	2.0	-97.2	38.3	-3.1	-235.1	345.8	4960.3	-1769.4	-45.8	
77.20	127.6	12.4	12.5	2.0	-94.4	38.4	-0.7	-229.4	347.4	4826.2	-1544.5	-51.5	
77.25	129.0	12.5	12.0	2.0	-91.1	38.5	0.9	-222.1	349.6	4652.5	-1347.5	-50.0	
77.30	130.3	12.4	11.4	2.0	-88.6	38.6	2.7	-215.8	354.9	4510.7	-1199.7	-49.6	
77.35	131.7	12.1	9.7	2.0	-86.8	38.7	5.4	-211.0	359.5	4419.0	-1051.0	-53.4	
77.40	133.0	11.8	8.7	2.0	-85.1	38.8	9.0	-208.5	362.0	4325.4	-887.7	-55.1	
77.45	134.4	11.6	8.5	2.0	-83.7	38.9	12.7	-203.7	365.0	4247.9	-776.4	-54.4	
77.50	135.7	11.8	8.6	2.0	-82.9	39.0	15.4	-195.8	369.5	4209.3	-754.6	-53.2	
77.55	137.0	11.6	9.3	2.0	-82.5	39.1	15.4	-190.8	373.3	4180.4	-811.5	-50.6	
77.60	138.3	11.1	10.8	2.0	-82.2	39.2	11.2	-186.8	375.4	4143.5	-935.5	-45.3	
77.65	139.6	11.0	12.8	2.0	-82.0	39.3	4.1	-182.5	377.3	4104.9	-1097.1	-38.0	
77.70	140.9	11.1	15.5	2.0	-82.3	39.4	-2.5	-180.3	379.8	4083.2	-1261.3	-29.2	
77.75	142.2	11.3	17.0	2.0	-83.7	39.5	-6.9	-179.0	382.7	4147.5	-1407.4	-25.5	
77.80	143.5	11.5	17.2	2.0	-85.9	39.6	-9.0	-177.5	385.7	4291.5	-1511.2	-26.8	
77.85	144.8	11.6	17.9	2.0	-87.8	39.7	-8.9	-179.3	387.3	4426.5	-1544.2	-26.2	
77.90	146.1	11.7	19.2	2.0	-89.1	39.8	-7.3	-180.2	387.8	4526.5	-1546.8	-23.2	
77.95	147.4	11.6	19.7	2.0	-89.6	39.9	-5.1	-178.0	389.1	4560.7	-1572.0	-22.0	
78.00	148.6	11.4	20.6	2.0	-89.1	40.0	-3.9	-173.9	391.5	4514.6	-1631.3	-18.3	
78.05	149.9	11.2	21.6	2.0	-87.8	40.1	-4.6	-165.3	393.1	4408.9	-1702.2	-13.8	
78.10	151.1	11.2	23.1	2.0	-85.9	40.2	-6.0	-158.2	393.7	4260.7	-1743.7	-6.6	
78.15	152.4	11.5	23.3	2.0	-83.7	40.3	-6.3	-153.2	394.8	4089.7	-1747.2	-3.6	
78.20	153.6	11.8	21.8	2.0	-81.3	40.4	-5.6	-148.5	396.5	3914.2	-1727.7	-6.6	
78.25	154.9	11.2	19.7	2.0	-78.7	40.5	-4.3	-145.7	396.4	3734.2	-1666.0	-10.9	
78.30	156.1	11.0	17.7	2.0	-75.8	40.6	-3.0	-140.0	394.9	3556.1	-1566.0	-14.9	
78.35	157.3	11.0	16.1	2.0	-72.2	40.7	-1.6	-132.5	393.8	3330.0	-1457.2	-17.0	
78.40	158.5	11.0	14.1	2.0	-67.2	40.8	1.3	-121.9	394.1	3011.2	-1335.2	-19.0	
78.45	159.7	11.3	11.8	2.0	-61.2	40.9	3.8	-106.8	395.9	2611.8	-1218.2	-20.8	
78.50	161.0	11.6	10.2	2.0	-54.1	41.0	6.8	-92.3	397.1	2134.0	-1054.1	-19.2	
78.55	162.2	11.5	8.1	2.0	-46.9	41.1	11.0	-79.0	397.3	1676.8	-831.4	-18.9	
78.60	163.3	11.5	4.6	2.0	-40.8	41.2	17.7	-67.6	397.5	1322.5	-575.3	-25.0	
78.65	164.5	11.5	0.2	2.0	-36.4	41.3	26.1	-62.0	399.4	1064.8	-324.4	-35.8	
78.70	165.7	11.5	-4.2	2.0	-33.6	41.4	30.8	-59.3	401.3	890.7	-162.6	-47.9	
78.75	166.9	11.6	-6.9	2.0	-31.7	41.5	30.0	-57.6	400.9	754.4	-94.4	-55.4	
78.80	168.1	11.7	-7.8	2.0	-29.9	41.6	26.6	-57.2	399.8	625.8	-96.1	-56.6	
78.85	169.2	11.4	-7.8	2.0	-28.8	41.7	23.1	-52.8	401.2	538.7	-161.2	-55.4	
78.90	170.4	11.4	-7.6	2.0	-28.0	41.8	22.6	-46.5	403.2	476.5	-204.8	-54.0	
78.95	171.6	11.3	-6.5	2.0	-27.1	41.9	24.9	-41.4	403.7	427.1	-184.8	-49.3	
79.00	172.7	10.9	-4.2	2.0	-26.6	42.0	26.9	-35.6	402.3	402.3	-169.2	-41.1	
79.05	173.8	10.6	-1.6	2.0	-26.6	42.1	28.3	-32.4	402.0	393.7	-206.1	-32.1	
79.10	175.0	10.0	1.0	2.0	-28.0	42.2	26.9	-28.2	403.3	429.3	-352.9	-24.4	
79.15	176.1	9.3	3.9	2.0	-30.6	42.3	21.0	-21.1	403.6	489.7	-609.1	-17.3	
79.20	177.2	9.4	8.4	2.0	-33.8	42.4	11.6	-17.9	401.6	517.6	-913.1	-4.8	
79.25	178.3	9.5	12.3	2.0	-37.6	42.5	1.9	-18.1	400.2	577.8	-1216.3	4.5	
79.30	179.4	9.7	14.4	2.0	-40.8	42.6	-4.6	-18.4	400.8	653.3	-1450.0	8.7	
79.35	180.5	9.9	15.5	2.0	-41.5	42.7	-4.8	-18.1	399.6	659.3	-1504.2	11.8	
79.40	181.6	10.1	14.9	2.0	-40.0	42.8	-1.4	-12.7	395.0	646.9	-1409.5	11.1	
79.45	182.7	10.4	13.7	2.0	-37.9	42.9	3.0	-7.3	391.4	633.6	-1259.5	9.1	
79.50	183.8	10.0	13.5	2.0	-35.6	43.0	8.8	-7.2	392.0	564.3	-1084.7	10.8	
79.55	184.9	10.0	12.1	2.0	-33.1	43.1	13.2	-3.0	392.2	459.6	-920.0	8.3	
79.60	186.0	10.1	9.6	2.0	-30.3	43.2	15.3	4.4	387.9	329.9	-743.4	2.7	
79.65	187.1	9.8	6.4	2.0	-27.2	43.3	18.5	7.9	382.8	199.3	-531.5	-5.4	
79.70	188.1	9.4	3.3	2.0	-24.8	43.4	22.5	10.2	382.0	115.4	-352.6	-13.4	
79.75	189.2	9.1	0.9	2.0	-22.2	43.5	27.6	12.3	381.9	-22.3	-162.9	-19.3	
79.80	190.2	9.4	-0.2	2.0	-23.9	43.6	31.7	16.1	377.0	-273.7	54.9	-24.7	
79.85	191.3	9.5	0.7	2.0	-28.4	43.7	31.3	28.4	371.8	-574.9	190.7	-26.1	
79.90	192.3	9.4	2.0	2.0	-33.3	43.8	32.0	41.0	371.6	-904.1	283.4	-26.4	
79.95	193.4	9.3	3.9	2.0	-38.2	43.9	35.5	51.1	374.1	-1229.9	377.1	-25.0	
80.00	194.4	9.4	5.5	2.0	-42.4	44.0	37.2	62.2	373.1	-1504.3	456.9	-23.4	
80.05	195.4	9.5	6.1	2.0	-46.0	44.1	38.3	68.8	369.0	-1740.2	559.2	-25.0	
80.10	196.4	9.5	5.8	2.0	-48.6	44.2	40.1	73.0	367.5	-1910.6	635.5	-28.8	
80.15	197.5	9.5	5.6	2.0	-50.0	44.3	40.4	79.1	368.1	-2008.4	626.0	-30.8	
80.20	198.5	9.8	6.1	2.0	-51.2	44.4	39.5	82.4	365.8	-2113.5	583.0	-30.4	
80.25	199.5	10.3	6.2	2.0	-51.8	44.5	36.0	83.8	361.6	-2189.7	486.9	-30.6	
80.30	200.5	10.5	5.3	2.0	-52.0	44.6	32.2	85.4	360.2	-2227.6	355.9	-33.7	
80.35	201.5	10.5	6.1	2.0	-53.1	44.7	31.0	87.7	360.5	-2323.3	253.4	-32.2	
80.40	202.5	10.2	9.1	2.0	-55.2	44.8	31.1	93.3	358.1	-2474.7	194.5	-24.1	
80.45	203.5	10.2	11.1	2.0	-56.7	44.9	31.6	99.3	353.4	-2572.3	165.1	-18.7	
80.50	204.5	10.1	11.4	2.0	-56.9	45.0	33.4	100.5	350.6	-2586.1	153.8	-17.7	
80.55	205.5	10.1	12.1	2.0	-57.3	45.1	35.0	102.6	349.4	-2609.3	125.6	-15.7	
80.60	206.4	10.2	14.3	2.0	-58.3	45.2	32.7	109.0	345.8	-2680.9	25.9	-9.3	
80.65	207.4	10.4	16.4	2.0	-59.1	45.3	26.4	111.1	340.1	-2739.2	-155.9	-3.0	
80.70	208.4	10.7	17.1	2.0	-59.1	45.4	18.1	110.6	336.4	-2723.0	-415.5	-0.5	
80.75	209.3	11.1	18.1	2.0	-59.7	45.5	12.0	114.0	334.0	-2710.6	-658.3	2.5	
80.80	210.3	11.1	21.1	2.0	-61.7	45.6	10.3	120.9	330.0	-2822.8	-774.8	10.6	
80.85	211.2	11.1	23.7	2.0	-64.0	45.7	10.1	127.0	323.8	-2979.1	-800.6	17.4	
80.90	212.2	11.3	24.0	2.0	-65.3	45.8	9.9	130.3	319.3	-3072.6	-819.0	17.0	
80.95	213.1	11.7	24.9	2.0	-66.7	45.9	11.6	132.1	318.3	-3175.9	-825.5	18.7	
81.00	214.0	11.7	26.9	2.0	-68.9	46.0	13.5	138.7	316.7	-3329.2	-811.4	23.4	
81.05	215.0	11.2	28.0	2.0	-70.8	46.1	11.9	149.0	312.6	-3451.2	-810.2	25.2	
81.10	215.9	11.0	27.0	2.0	-71.4	46.2	8.5	151.0	308.4	-3498.0	-808.9	21.3	
81.15	216.8	10.9	25.2	2.0	-71.3	46.3	6.1	148.9	305.2	-3499.8	-802.0	15.3	
81.20	217.7	10.9	24.5	2.0	-72.0	46.4	6.8	152.1	301.9	-3562.1	-736.6	12.2	
81.25	218.6	10.5	25.3	2.0	-74.2	46.5	10.5	158.3	297.3	-3742.5	-563.4	12.6	
81.30	219.5	10.1	24.9	2.0	-76.7	46.6	14.1	166.6	292.6	-3938.5	-353.3	8.7	
81.35	220.4	9.8	23.7	2.0	-79.1	46.7	16.9	174.3	289.7	-4114.3	-185.3	2.1	
81.40	221.3	10.1	24.0	2.0	-82.1	46.8	21.8	178.3	288.2	-4332.6	-18.6	0.4	
81.45	222.2	10.0	24.7	2.0	-85.3	46.9	26.6	184.5	287.1	-4554.9	121.6	-0.4	
81.50	223.1	10.1	24.0	2.0	-87.6	47.0	29.7	191.3	284.9	-4704.4	240.5	-5.1	
81.55	224.0	10.6	22.2	2.0	-89.1	47.1	32.3	194.1	281.1	-4802.9	377.9	-12.8	
81.60	224.9	10.7	20.9	2.0	-90.5	47.2	33.1	195.4	276.0	-4900.3	488.3	-18.7	
81.65	225.8	10.6	20.7	2.0	-92.4	47.3	31.8	199.6	270.9	-5030.4	540.8	-21.2	
81.70	226.6	10.3	21.2	2.0	-94.7	47.4	31.5	203.9	267.7	-5187.0	580.7	-21.8	
81.75	227.5	10.9	20.9	2.0	-96.1	47.5	32.0	206.8	265.1	-5287.8	623.1	-24.3	
81.80	228.4	11.4	20.1	2.0	-96.4	47.6	32.6	208.7	261.0	-5304.6	662.3	-27.4	
81.85	229.3	11.5	20.8	2.0	-96.6	47.7	36.0	208.6	256.9	-5311.6	716.2	-25.4	
81.90	230.1	11.2	22.6	2.0	-97.2	47.8	40.7	210.3	254.3	-5350.3	737.1	-19.7	
81.95	231.0	10.9	24.5	2.0	-98.2	47.9	42.8	215.6	252.3	-5416.4	697.5	-14.0	
82.00	231.8	10.7	25.9	2.0	-99.2	48.0	42.4	218.5	247.8	-5488.1	660.0	-10.2	
82.05	232.7	10.9	26.6	2.0	-99.0	48.1	38.8	219.1	240.9	-5489.0	594.4	-7.6	
82.10	233.5	11.0	26.9	2.0	-97.5	48.2	34.4	217.1	234.7	-5403.4	461.9	-5.3	
82.15	234.4	10.8	27.3	2.0	-95.6	48.3	31.2	213.4	231.1	-5284.2	279.7	-1.9	
82.20	235.2	10.6	27.3	2.0	-93.4	48.4	27.1	210.2	227.5	-5139.6	66.0	0.2	
82.25	236.1	10.6	27.3	2.0	-91.5	48.5	20.7	207.8	221.3	-5004.1	-146.5	2.2	
82.30	236.9	10.8	29.0	2.0	-90.8	48.6	14.8	207.9	214.0	-4953.0	-320.0	8.9	
82.35	237.7	10.9	33.4	2.0	-92.1	48.7	12.0	215.0	209.0	-5021.8	-452.2	22.4	
82.40	238.5	11.0	38.0	2.0	-94.4	48.8	13.0	225.0	206.8	-5162.1	-523.6	36.2	
82.45	239.4	11.2	41.2	2.0	-96.0	48.9	15.7	230.4	204.5	-5271.7	-524.6	45.4	
82.50	240.2	11.4	42.0	2.0	-96.3	49.0	16.6	230.9	199.7	-5295.7	-496.9	47.8	
82.55	241.0	11.2	40.8	2.0	-95.5	49.1	16.1	227.7	193.7	-5254.2	-478.2	44.5	
82.60	241.8	10.8	39.6	2.0	-95.1	49.2	14.8	227.1	189.9	-5224.5	-515.9	40.9	
82.65	242.6	11.0	39.1	2.0	-95.8	49.3	12.5	230.5	187.6	-5262.5	-579.8	38.5	
82.70	243.4	11.3	38.3	2.0	-97.2	49.4	9.5	233.6	183.4	-5364.1	-581.0	34.2	
82.75	244.2	11.4	36.6	2.0	-98.8	49.5	7.0	235.2	176.8	-5499.7	-476.9	26.9	
82.80	245.0	10.9	35.3	2.0	-101.3	49.6	8.0	240.7	171.6	-5685.5	-290.4	20.1	
82.85	245.8	11.0	35.6	2.0	-104.4	49.7	15.7	248.2	169.5	-5909.1	-40.6	17.8	
82.90	246.6	11.3	36.1	2.0	-107.3	49.8	26.3	253.8	168.9	-6107.0	226.7	16.7	
82.95	247.4	11.5	34.7	2.0	-109.1	49.9	33.7	256.9	165.4	-6222.4	476.9	9.9	
83.00	248.2	11.6	32.1	2.0	-110.3	50.0	37.1	257.3	159.5	-6292.2	691.4	-0.2	
83.05	249.0	11.5	30.8	2.0	-111.9	50.1	39.0	259.1	155.1	-6392.9	824.2	-6.0	
83.10	249.8	11.5	31.3	2.0	-113.9	50.2	40.5	264.6	152.8	-6529.2	883.2	-6.5	
83.15	250.5	11.2	31.1	2.0	-115.7	50.3	41.2	269.1	149.7	-6644.2	933.3	-8.8	
83.20	251.3	11.0	29.4	2.0	-116.3	50.4	40.5	268.5	143.8	-6688.1	1014.4	-15.4	
83.25	252.1	11.3	27.2	2.0	-116.1	50.5	39.2	266.6	136.8	-6670.4	1086.0	-22.8	
83.30	252.9	11.5	26.3	2.0	-115.9	50.6	40.8	265.0	132.6	-6655.6	1111.6	-25.5	
83.35	253.6	11.6	27.4	2.0	-115.8	50.7	44.6	264.4	130.7	-6657.3	1079.0	-21.6	
83.40	254.4	11.5	28.9	2.0	-115.4	50.8	45.0	265.8	127.9	-6642.9	983.2	-16.1	
83.45	255.1	11.4	31.5	2.0	-115.6	50.9	40.9	269.8	122.5	-6669.6	856.7	-7.3	
83.50	255.9	11.5	34.3	2.0	-116.7	51.0	37.0	274.0	116.4	-6757.6	745.2	0.9	
83.55	256.7	11.8	37.2	2.0	-117.7	51.1	34.0	277.4	113.0	-6844.9	597.6	10.1	
83.60	257.4	11.6	38.4	2.0	-117.4	51.2	31.3	278.9	110.7	-6833.6	430.2	14.4	
83.65	258.2	11.4	37.5	2.0	-115.2	51.3	28.7	272.7	106.1	-6695.1	306.7	13.5	
83.70	258.9	11.3	35.8	2.0	-111.7	51.4	24.8	262.2	99.6	-6468.4	192.1	11.3	
83.75	259.7	11.3	34.7	2.0	-108.5	51.5	20.3	255.7	94.5	-6256.0	21.0	10.5	
83.80	260.4	11.2	36.1	2.0	-107.4	51.6	17.0	255.2	92.6	-6170.9	-179.5	16.4	
83.85	261.1	11.1	38.5	2.0	-107.5	51.7	14.2	257.6	90.1	-6169.0	-335.9	24.7	
83.90	261.9	11.2	40.7	2.0	-107.7	51.8	10.6	260.3	85.4	-6175.2	-413.3	32.0	
83.95	262.6	11.5	42.5	2.0	-107.8	51.9	11.0	260.5	80.1	-6188.7	-367.2	38.1	
84.00	263.3	12.1	43.8	2.0	-107.7	52.0	16.2	260.3	76.9	-6189.3	-272.5	42.7	
84.05	264.0	12.3	43.4	2.0	-106.7	52.1	21.1	259.6	75.2	-6113.0	-236.1	42.4	
84.10	264.8	12.1	41.8	2.0	-104.7	52.2	23.2	254.6	72.7	-5983.7	-236.7	38.8	
84.15	265.5	11.9	40.7	2.0	-103.5	52.3	22.1	249.4	67.8	-5906.6	-224.0	36.2	
84.20	266.2	11.9	40.0	2.0	-103.8	52.4	17.6	251.1	62.3	-5930.0	-220.2	33.7	
84.25	266.9	12.1	39.8	2.0	-105.2	52.5	13.6	258.4	58.1	-6021.2	-217.2	31.3	
84.30	267.6	12.3	40.5	2.0	-107.3	52.6	13.0	263.7	55.7	-6170.6	-171.2	31.9	
84.35	268.3	12.5	40.8	2.0	-109.2	52.7	15.3	266.4	52.5	-6311.4	-35.9	30.7	
84.40	268.9	12.1	39.0	2.0	-109.9	52.8	18.3	267.7	47.3	-6361.2	165.1	24.1	
84.45	269.6	11.8	36.6	2.0	-109.8	52.9	23.2	266.4	42.5	-6352.6	391.7	15.6	
84.50	270.3	11.8	34.8	2.0	-109.9	53.0	30.1	264.7	39.5	-6347.2	589.2	9.7	
84.55	271.0	11.3	34.4	2.0	-110.5	53.1	35.7	266.7	37.6	-6373.7	727.8	7.7	
84.60	271.7	11.1	34.7	2.0	-111.7	53.2	38.4	268.3	35.0	-6442.6	855.6	7.6	
84.65	272.3	11.0	34.7	2.0	-113.1	53.3	38.1	270.2	30.6	-6527.5	1002.1	5.9	
84.70	273.0	10.9	32.8	2.0	-113.5	53.4	37.7	271.7	25.6	-6537.4	1148.2	-0.8	
84.75	273.7	10.7	31.3	2.0	-113.3	53.5	40.6	268.8	22.2	-6503.2	1287.9	-5.7	
84.80	274.3	10.5	30.5	2.0	-112.8	53.6	44.8	264.2	19.8	-6455.9	1381.1	-8.1	
84.85	275.0	10.6	28.6	2.0	-111.5	53.7	44.8	261.8	16.8	-6371.4	1368.5	-13.5	
84.90	275.7	10.6	27.2	2.0	-110.7	53.8	42.3	258.7	12.9	-6334.2	1314.0	-17.2	
84.95	276.3	10.4	28.4	2.0	-111.0	53.9	39.0	258.6	9.1	-6379.4	1227.5	-13.5	
85.00	277.0	9.9	31.3	2.0	-111.7	54.0	35.7	262.7	6.6	-6448.1	1082.9	-4.1	
85.05	277.6	10.1	34.5	2.0	-112.3	54.1	35.3	265.8	5.0	-6507.8	965.5	6.3	
85.10	278.3	10.3	36.5	2.0	-112.0	54.2	35.6	266.8	2.2	-6494.7	880.6	13.4	
85.15	278.9	10.4	37.4	2.0	-110.7	54.3	34.3	264.7	-1.9	-6413.4	785.8	17.6	
85.20	279.6	10.6	37.9	2.0	-108.9	54.4	31.8	258.5	-5.7	-6307.6	654.2	21.2	
85.25	280.2	10.8	37.6	2.0	-106.6	54.5	27.7	253.3	-8.9	-6163.5	463.3	22.4	
85.30	280.8	11.1	38.0	2.0	-104.6	54.6	22.6	252.2	-12.2	-6024.4	250.8	26.1	
85.35	281.5	11.1	39.6	2.0	-103.3	54.7	18.1	249.8	-16.0	-5936.1	85.2	32.7	
85.40	282.1	11.1	40.6	2.0	-102.0	54.8	12.9	246.2	-19.9	-5847.5	-68.9	37.4	
85.45	282.7	11.2	40.4	2.0	-100.5	54.9	8.7	242.6	-23.6	-5743.7	-202.3	38.2	
85.50	283.3	11.5	40.4	2.0	-99.8	55.0	9.6	239.5	-27.2	-5689.8	-231.6	38.9	
85.55	284.0	11.6	42.2	2.0	-99.5	55.1	11.7	238.2	-31.0	-5671.9	-219.1	45.3	
85.60	284.6	11.6	43.7	2.0	-99.8	55.2	11.5	240.5	-34.7	-5684.8	-241.3	50.2	
85.65	285.2	11.8	44.7	2.0	-100.6	55.3	10.6	241.4	-38.7	-5736.7	-266.6	53.0	
85.70	285.8	11.9	45.0	2.0	-101.4	55.4	7.7	242.4	-42.3	-5791.1	-327.5	52.9	
85.75	286.4	11.8	45.2	2.0	-102.5	55.5	3.2	246.3	-45.8	-5855.7	-413.0	52.8	
85.80	287.0	11.8	45.8	2.0	-104.0	55.6	0.8	248.8	-49.2	-5951.5	-450.5	53.4	
85.85	287.6	11.7	45.1	2.0	-105.0	55.7	0.4	250.3	-52.5	-6024.9	-447.4	49.8	
85.90	288.2	11.6	43.9	2.0	-105.4	55.8	0.1	251.7	-55.4	-6052.1	-420.0	45.2	
85.95	288.8	11.4	43.4	2.0	-105.8	55.9	3.0	248.9	-58.3	-6089.3	-297.9	43.1	
86.00	289.4	11.7	42.7	2.0	-106.2	56.0	7.0	247.3	-61.7	-6131.8	-147.8	40.4	
86.05	290.0	12.1	41.7	2.0	-106.6	56.1	8.8	250.1	-64.6	-6149.3	-69.0	36.7	
86.10	290.6	12.4	41.9	2.0	-107.1	56.2	12.4	251.4	-66.0	-6183.7	18.5	36.7	
86.15	291.2	11.9	41.5	2.0	-107.3	56.3	16.8	250.1	-67.2	-6200.1	139.8	35.3	
86.20	291.7	11.6	39.8	2.0	-106.7	56.4	17.9	250.1	-70.9	-6151.1	249.9	29.9	
86.25	292.3	11.6	37.5	2.0	-106.0	56.5	20.9	247.7	-75.0	-6086.9	403.0	22.7	
86.30	292.9	11.8	36.0	2.0	-105.7	56.6	27.7	243.8	-76.7	-6062.1	587.0	17.8	
86.35	293.4	11.7	35.3	2.0	-105.9	56.7	32.4	243.7	-78.1	-6054.5	728.1	15.3	
86.40	294.0	11.5	34.7	2.0	-106.6	56.8	34.0	244.0	-82.1	-6088.3	850.1	12.6	
86.45	294.6	11.9	33.5	2.0	-106.9	56.9	32.2	241.3	-87.7	-6113.1	911.6	8.0	
86.50	295.1	12.0	32.0	2.0	-106.7	57.0	28.3	240.8	-91.7	-6101.8	869.5	3.2	
86.55	295.7	12.0	32.2	2.0	-106.7	57.1	27.8	240.8	-93.2	-6103.4	818.5	3.7	
86.60	296.2	12.4	33.3	2.0	-106.8	57.2	29.3	239.2	-95.0	-6115.2	804.2	7.5	
86.65	296.8	12.5	33.2	2.0	-106.4	57.3	26.8	239.3	-99.7	-6089.7	769.6	7.6	
86.70	297.3	12.6	32.8	2.0	-105.6	57.4	22.4	238.7	-104.5	-6038.6	708.5	6.9	
86.75	297.9	12.5	34.2	2.0	-105.1	57.5	21.6	236.5	-107.9	-6006.4	671.0	12.3	
86.80	298.4	12.3	36.3	2.0	-104.2	57.6	21.5	236.1	-109.8	-5949.2	575.2	20.5	
86.85	299.0	12.0	37.4	2.0	-102.2	57.7	18.6	234.0	-111.7	-5812.9	391.1	26.3	
86.90	299.5	12.1	37.1	2.0	-99.1	57.8	14.3	227.2	-115.2	-5609.5	214.2	28.3	
86.95	300.0	12.0	37.1	2.0	-95.6	57.9	9.5	219.1	-118.9	-5369.3	44.5	31.7	
87.00	300.5	12.0	38.1	2.0	-93.1	58.0	6.9	214.0	-121.6	-5187.3	-116.4	37.6	
87.05	301.1	12.2	39.9	2.0	-91.6	58.1	6.7	211.6	-123.5	-5076.7	-268.6	45.3	
87.10	301.6	11.9	41.1	2.0	-90.7	58.2	4.5	210.6	-125.4	-4995.7	-440.7	50.5	
87.15	302.1	11.6	42.9	2.0	-90.4	58.3	-0.4	210.0	-128.3	-4960.5	-605.0	56.8	
87.20	302.7	11.6	45.6	2.0	-90.9	58.4	-3.5	209.9	-132.2	-4982.3	-705.9	65.8	
87.25	303.2	11.8	47.8	2.0	-91.6	58.5	-4.2	211.4	-134.8	-5012.0	-799.6	72.4	
87.30	303.7	11.9	47.9	2.0	-91.7	58.6	-3.7	212.0	-134.9	-5003.8	-895.4	72.6	
87.35	304.2	11.9	47.2	2.0	-91.6	58.7	-2.8	210.0	-135.4	-5000.1	-914.1	70.5	
87.40	304.7	11.9	46.6	2.0	-92.0	58.8	-3.0	208.9	-139.2	-5042.4	-840.1	67.9	
87.45	305.2	11.6	45.0	2.0	-92.4	58.9	-2.4	210.4	-144.0	-5086.2	-704.2	62.1	
87.50	305.7	11.0	43.4	2.0	-92.8	59.0	0.0	210.4	-145.4	-5132.5	-561.3	56.0	
87.55	306.2	10.4	41.7	2.0	-93.4	59.1	5.0	209.2	-145.9	-5196.7	-369.4	49.7	
87.60	306.7	10.2	40.3	2.0	-94.2	59.2	8.8	210.1	-149.3	-5259.9	-146.0	44.2	
87.65	307.2	10.6	37.3	2.0	-94.0	59.3	12.3	208.3	-153.9	-5253.5	91.9	34.0	
87.70	307.7	10.5	33.4	2.0	-93.6	59.4	16.7	204.1	-155.7	-5218.1	307.4	21.1	
87.75	308.2	10.6	31.3	2.0	-94.1	59.5	22.2	204.1	-156.3	-5241.1	520.2	13.2	
87.80	308.7	11.0	30.4	2.0	-95.5	59.6	27.7	207.0	-159.5	-5308.1	752.5	8.7	
87.85	309.2	11.6	29.6	2.0	-97.2	59.7	33.1	208.4	-163.4	-5385.7	988.9	4.5	
87.90	309.7	12.1	28.7	2.0	-98.1	59.8	36.4	207.2	-164.7	-5432.5	1145.3	0.2	
87.95	310.2	12.3	28.6	2.0	-99.1	59.9	37.5	207.5	-165.6	-5485.1	1229.2	-1.0	
88.00	310.6	12.3	28.3	2.0	-99.7	60.0	38.4	206.9	-168.4	-5516.0	1290.7	-2.4	
88.05	311.1	12.0	27.0	2.0	-98.4	60.1	36.9	203.4	-171.1	-5430.3	1255.1	-5.6	
88.10	311.6	11.7	25.5	2.0	-95.9	60.2	34.2	198.0	-172.4	-5277.3	1158.6	-8.5	
88.15	312.1	11.6	26.0	2.0	-94.0	60.3	32.9	193.0	-172.9	-5165.3	1065.8	-4.9	
88.20	312.5	11.4	27.6	2.0	-92.7	60.4	31.2	191.6	-174.7	-5090.2	959.4	2.0	
88.25	313.0	11.3	28.7	2.0	-91.3	60.5	27.2	192.8	-177.2	-5007.1	803.4	7.0	
88.30	313.5	11.3	31.1	2.0	-90.2	60.6	25.5	192.6	-179.3	-4937.7	684.1	16.6	
88.35	314.0	11.1	33.9	2.0	-88.7	60.7	26.7	189.7	-179.7	-4842.4	606.4	27.8	
88.40	314.4	10.9	35.0	2.0	-85.9	60.8	26.8	184.7	-179.7	-4656.0	497.6	34.1	
88.45	314.9	11.2	33.7	2.0	-82.0	60.9	25.6	176.5	-181.3	-4395.9	366.1	33.5	
88.50	315.4	11.3	33.4	2.0	-78.7	61.0	21.5	169.3	-183.8	-4179.5	193.4	35.9	
88.55	315.8	11.4	34.7	2.0	-77.2	61.1	14.6	167.3	-186.0	-4074.4	-26.7	41.8	
88.60	316.3	11.3	35.7	2.0	-76.7	61.2	8.1	167.2	-188.5	-4030.4	-232.8	45.8	
88.65	316.8	10.9	36.7	2.0	-76.4	61.3	1.3	166.6	-190.7	-3992.2	-430.0	49.4	
88.70	317.2	10.6	37.1	2.0	-76.3	61.4	-4.2	166.6	-193.7	-3964.4	-563.0	50.9	
88.75	317.7	10.8	38.2	2.0	-76.7	61.5	-5.7	168.1	-196.6	-3983.1	-592.1	54.4	
88.80	318.1	10.9	38.9	2.0	-76.2	61.6	-2.0	167.4	-198.6	-3953.6	-529.4	57.3	
88.85	318.6	11.0	37.4	2.0	-74.7	61.7	2.3	163.3	-198.4	-3856.8	-463.8	53.7	
88.90	319.0	10.9	35.8	2.0	-73.4	61.8	4.8	158.8	-199.0	-3778.2	-402.7	49.6	
88.95	319.4	11.0	36.3	2.0	-74.1	61.9	5.4	160.2	-201.9	-3833.6	-340.4	50.7	
89.00	319.9	11.1	36.8	2.0	-75.4	62.0	5.1	164.0	-204.6	-3925.6	-288.3	50.9	
89.05	320.3	11.1	35.6	2.0	-75.8	62.1	5.3	164.8	-205.0	-3958.1	-229.2	46.4	
89.10	320.8	11.6	34.0	2.0	-75.6	62.2	6.2	162.4	-205.4	-3952.0	-119.1	41.1	
89.15	321.2	11.7	32.7	2.0	-75.6	62.3	8.2	161.3	-209.3	-3948.8	65.2	36.7	
89.20	321.6	11.7	30.1	2.0	-75.3	62.4	12.1	159.6	-212.6	-3920.7	256.1	28.1	
89.25	322.1	11.8	26.9	2.0	-74.9	62.5	17.7	155.9	-211.0	-3890.6	406.6	17.6	
89.30	322.5	12.0	25.6	2.0	-75.6	62.6	23.7	153.9	-208.8	-3931.8	569.6	12.1	
89.35	322.9	12.2	26.5	2.0	-78.2	62.7	28.7	158.3	-211.3	-4073.0	780.7	12.9	
89.40	323.4	12.3	27.2	2.0	-80.7	62.8	32.1	162.7	-214.4	-4218.0	961.8	12.6	
89.45	323.8	12.2	25.9	2.0	-82.1	62.9	35.4	163.3	-213.9	-4292.1	1090.4	6.8	
89.50	324.2	12.0	24.7	2.0	-83.0	63.0	38.3	162.4	-212.7	-4330.9	1194.1	1.9	
89.55	324.7	11.8	24.1	2.0	-83.6	63.1	39.9	161.1	-215.2	-4355.7	1296.1	-1.0	
89.60	325.1	11.6	21.8	2.0	-82.8	63.2	36.9	157.4	-218.5	-4300.7	1284.8	-8.0	
89.65	325.5	11.5	19.3	2.0	-80.9	63.3	30.4	153.5	-219.2	-4209.7	1146.1	-14.8	
89.70	325.9	11.5	19.0	2.0	-80.2	63.4	27.2	152.4	-219.4	-4186.6	1036.2	-14.9	
89.75	326.3	11.8	21.6	2.0	-80.4	63.5	26.3	154.0	-221.0	-4214.3	975.6	-6.3	
89.80	326.8	12.0	23.1	2.0	-79.6	63.6	24.6	154.1	-223.1	-4165.7	902.6	-0.4	
89.85	327.2	12.3	23.3	2.0	-77.7	63.7	22.5	151.4	-224.2	-4049.6	803.0	2.3	
89.90	327.6	12.4	25.4	2.0	-76.4	63.8	22.1	148.8	-225.3	-3970.3	706.1	10.7	
89.95	328.0	12.5	28.4	2.0	-75.4	63.9	20.7	148.7	-226.8	-3923.7	546.1	22.2	
90.00	328.4	12.6	29.8	2.0	-73.4	64.0	14.8	146.3	-227.8	-3808.0	258.3	28.8	
90.05	328.8	12.6	30.0	2.0	-71.0	64.1	5.1	140.8	-228.4	-3651.2	-109.8	31.9	
90.10	329.2	12.3	32.2	2.0	-70.0	64.2	-4.7	137.6	-230.6	-3553.5	-454.2	40.5	
90.15	329.6	12.0	34.9	2.0	-70.0	64.3	-10.8	138.1	-233.9	-3503.4	-715.4	49.8	
90.20	330.0	12.0	36.3	2.0	-69.9	64.4	-15.1	137.7	-234.6	-3440.1	-947.0	54.8	
90.25	330.4	11.9	36.7	2.0	-69.0	64.5	-18.2	134.1	-234.3	-3333.7	-1111.1	56.9	
90.30	330.8	11.7	38.2	2.0	-68.2	64.6	-19.7	130.9	-236.3	-3248.9	-1177.6	62.9	
90.35	331.2	11.3	40.4	2.0	-68.3	64.7	-18.5	132.0	-239.1	-3252.4	-1181.2	70.3	
90.40	331.6	11.2	41.5	2.0	-68.8	64.8	-16.1	134.3	-238.5	-3280.1	-1196.2	73.8	
90.45	332.0	11.3	40.3	2.0	-68.7	64.9	-14.7	134.3	-235.8	-3269.1	-1213.8	69.7	
90.50	332.4	11.6	39.3	2.0	-67.6	65.0	-15.1	131.0	-236.7	-3210.8	-1163.8	67.2	
90.55	332.7	12.1	36.7	2.0	-66.0	65.1	-13.7	127.1	-241.2	-3145.5	-993.8	60.0	
90.60	333.1	12.3	32.8	2.0	-64.1	65.2	-9.3	123.6	-243.1	-3074.6	-768.8	48.4	
90.65	333.5	12.2	29.4	2.0	-62.9	65.3	-5.0	121.5	-240.7	-3034.7	-563.5	38.1	
90.70	333.9	12.2	27.0	2.0	-62.7	65.4	-1.6	120.8	-241.1	-3057.7	-320.6	29.8	
90.75	334.3	12.1	25.5	2.0	-63.5	65.5	1.6	121.9	-245.8	-3124.8	-35.3	24.0	
90.80	334.6	11.9	23.2	2.0	-64.5	65.6	5.9	123.0	-247.0	-3185.6	226.1	15.2	
90.85	335.0	11.4	21.0	2.0	-65.3	65.7	12.6	122.7	-243.7	-3225.5	472.7	6.8	
90.90	335.4	11.7	19.3	2.0	-66.6	65.8	19.6	123.1	-242.6	-3273.9	741.8	-0.4	
90.95	335.7	12.1	18.7	2.0	-67.9	65.9	24.1	123.8	-246.6	-3297.9	1009.2	-3.6	
91.00	336.1	12.2	16.9	2.0	-68.4	66.0	26.3	123.2	-250.1	-3271.1	1195.3	-10.5	
91.05	336.5	12.1	15.8	2.0	-68.7	66.1	26.3	123.4	-249.0	-3279.3	1237.7	-14.3	
91.10	336.8	12.1	16.5	2.0	-69.4	66.2	24.7	126.3	-248.5	-3342.2	1194.1	-12.8	
91.15	337.2	12.2	17.3	2.0	-69.4	66.3	20.8	127.9	-251.2	-3371.6	1097.3	-10.0	
91.20	337.5	12.1	16.6	2.0	-67.8	66.4	16.0	124.1	-253.4	-3299.9	952.2	-10.9	
91.25	337.9	12.2	15.8	2.0	-65.1	66.5	14.0	118.3	-252.7	-3146.2	803.3	-10.9	
91.30	338.2	13.1	16.6	2.0	-62.8	66.6	15.1	114.0	-251.9	-3005.5	693.5	-5.7	
91.35	338.6	12.9	18.6	2.0	-61.2	66.7	15.4	111.2	-253.2	-2917.7	571.8	2.5	
91.40	338.9	12.6	20.0	2.0	-59.5	66.8	11.4	108.2	-255.3	-2827.1	357.9	9.2	
91.45	339.3	12.4	21.7	2.0	-58.0	66.9	5.0	105.8	-256.2	-2747.6	65.4	16.5	
91.50	339.6	12.3	24.9	2.0	-57.6	67.0	-0.8	105.0	-256.2	-2712.5	-245.3	27.7	
91.55	340.0	12.1	27.4	2.0	-57.9	67.1	-5.4	105.3	-257.2	-2686.9	-533.9	36.1	
91.60	340.3	11.8	28.8	2.0	-57.7	67.2	-13.2	102.4	-258.1	-2593.8	-856.2	41.2	
91.65	340.7	12.2	28.9	2.0	-57.4	67.3	-21.0	95.6	-259.4	-2470.9	-1141.5	41.7	
91.70	341.0	12.5	29.7	2.0	-57.8	67.4	-24.2	92.7	-261.8	-2429.6	-1303.7	44.0	
91.75	341.4	12.7	31.9	2.0	-58.9	67.5	-25.6	94.7	-262.8	-2454.0	-1411.5	50.7	
91.80	341.7	12.6	33.3	2.0	-59.6	67.6	-26.2	95.1	-262.3	-2484.3	-1472.7	54.8	
91.85	342.0	12.2	34.0	2.0	-60.1	67.7	-26.1	93.4	-262.8	-2527.6	-1472.3	56.6	
91.90	342.4	11.9	34.0	2.0	-60.4	67.8	-26.6	94.5	-265.0	-2562.9	-1444.0	56.5	
91.95	342.7	11.9	33.2	2.0	-60.0	67.9	-25.2	95.6	-265.9	-2564.1	-1374.9	54.0	
92.00	343.0	12.1	31.5	2.0	-58.2	68.0	-21.1	91.4	-264.5	-2498.7	-1252.4	49.9	
92.05	343.3	12.2	28.2	2.0	-55.9	68.1	-18.3	85.9	-264.4	-2391.8	-1110.4	40.9	
92.10	343.7	11.8	25.0	2.0	-54.3	68.2	-18.2	83.9	-267.5	-2327.2	-967.0	31.4	
92.15	344.0	11.9	23.2	2.0	-54.1	68.3	-16.0	84.6	-269.9	-2370.2	-789.7	25.4	
92.20	344.3	12.1	22.2	2.0	-54.7	68.4	-10.4	86.9	-268.6	-2472.5	-581.2	21.4	
92.25	344.6	12.4	21.4	2.0	-55.3	68.5	-5.3	90.2	-266.7	-2554.7	-368.1	18.1	
92.30	344.9	12.7	20.1	2.0	-55.4	68.6	-0.4	90.5	-268.1	-2587.4	-116.3	13.6	
92.35	345.2	13.0	18.4	2.0	-55.4	68.7	5.4	88.1	-270.2	-2586.2	153.1	7.8	
92.40	345.5	12.7	16.7	2.0	-55.5	68.8	11.7	87.3	-269.1	-2569.6	376.2	1.8	
92.45	345.9	12.8	15.9	2.0	-56.1	68.9	17.2	87.9	-266.3	-2585.3	543.1	-1.5	
92.50	346.2	12.9	15.1	2.0	-56.7	69.0	20.3	87.2	-266.7	-2605.2	681.3	-4.8	
92.55	346.5	12.8	13.4	2.0	-56.5	69.1	18.9	86.5	-269.8	-2565.3	757.6	-10.5	
92.60	346.8	13.2	11.8	2.0	-55.6	69.2	17.3	85.1	-271.0	-2482.3	797.7	-15.0	
92.65	347.1	13.5	11.5	2.0	-55.0	69.3	20.6	82.3	-269.5	-2419.9	874.2	-15.5	
92.70	347.4	13.3	11.0	2.0	-54.1	69.4	24.7	78.3	-268.7	-2321.1	953.6	-16.1	
92.75	347.7	13.7	9.2	2.0	-51.8	69.5	24.4	73.2	-269.7	-2142.4	964.8	-20.2	
92.80	348.0	13.9	7.7	2.0	-49.3	69.6	23.1	67.0	-271.2	-1962.8	943.2	-22.9	
92.85	348.3	14.0	8.7	2.0	-47.8	69.7	23.5	63.8	-271.5	-1871.9	901.0	-17.9	
92.90	348.6	14.1	10.9	2.0	-46.9	69.8	22.1	65.1	-270.6	-1845.6	775.0	-9.5	
92.95	348.9	14.2	11.7	2.0	-45.5	69.9	18.1	65.1	-270.9	-1806.6	589.7	-5.2	
93.00	349.2	14.1	11.8	2.0	-43.4	70.0	12.0	60.6	-272.9	-1715.2	373.2	-2.8	
93.05	349.5	14.4	12.0	2.0	-41.3	70.1	4.9	56.2	-274.8	-1608.3	128.6	0.0	
93.10	349.8	14.8	13.1	2.0	-40.1	70.2	-0.3	55.0	-275.4	-1518.7	-118.3	4.9	
93.15	350.2	15.2	14.9	2.0	-39.7	70.3	-3.7	54.2	-274.8	-1454.0	-355.0	11.3	
93.20	350.5	14.9	16.3	2.0	-39.6	70.4	-8.2	51.1	-274.6	-1375.9	-593.0	16.4	
93.25	350.7	14.7	17.6	2.0	-39.8	70.5	-13.5	48.2	-275.9	-1289.4	-801.1	20.5	
93.30	351.0	14.6	19.9	2.0	-40.3	70.6	-15.6	48.4	-277.3	-1243.6	-927.7	27.9	
93.35	351.3	14.5	22.1	2.0	-40.4	70.7	-14.1	49.0	-276.5	-1204.8	-985.8	35.5	
93.40	351.6	14.6	22.7	2.0	-39.9	70.8	-12.7	47.3	-275.1	-1131.6	-1023.1	38.0	
93.45	351.9	14.9	21.8	2.0	-39.0	70.9	-14.1	43.7	-276.3	-1026.1	-1053.2	36.0	
93.50	352.2	14.9	20.6	2.0	-38.3	71.0	-15.8	39.9	-278.8	-959.8	-1055.6	32.4	
93.55	352.5	14.9	19.5	2.0	-37.8	71.1	-14.8	37.9	-278.8	-951.0	-1017.4	29.1	
93.60	352.8	14.9	18.3	2.0	-37.2	71.2	-12.6	37.9	-276.1	-959.9	-950.7	25.5	
93.65	353.1	14.5	16.6	2.0	-36.0	71.3	-9.8	38.2	-275.7	-975.5	-803.8	21.0	
93.70	353.3	14.6	14.5	2.0	-34.6	71.4	-5.8	38.4	-278.6	-1012.1	-556.0	15.2	
93.75	353.6	14.8	12.3	2.0	-33.8	71.5	0.2	39.1	-279.5	-1061.4	-256.0	8.4	
93.80	353.9	14.9	10.6	2.0	-34.1	71.6	8.7	39.5	-276.7	-1111.3	74.0	2.2	
93.85	354.2	14.6	9.6	2.0	-35.9	71.7	17.2	39.8	-275.2	-1165.7	422.5	-3.0	
93.90	354.5	14.1	8.3	2.0	-38.5	71.8	22.7	41.0	-277.7	-1214.0	748.3	-10.1	
93.95	354.8	13.9	6.1	2.0	-40.7	71.9	25.3	41.9	-279.2	-1245.5	988.1	-19.7	
94.00	355.1	13.6	4.1	2.0	-42.5	72.0	27.7	40.8	-277.1	-1278.4	1159.6	-28.5	
94.05	355.4	13.3	2.9	2.0	-44.2	72.1	30.9	38.9	-275.8	-1297.3	1322.1	-34.4	
94.10	355.6	12.7	1.6	2.0	-45.5	72.2	32.1	37.7	-277.8	-1288.0	1459.8	-39.9	
94.15	355.9	12.4	-0.5	2.0	-45.9	72.3	32.3	35.5	-279.7	-1235.6	1551.2	-47.6	
94.20	356.2	12.0	-1.0	2.0	-45.9	72.4	33.5	32.7	-278.9	-1177.7	1597.6	-49.2	
94.25	356.5	11.5	0.0	2.0	-45.8	72.5	35.1	32.8	-277.9	-1163.1	1594.9	-45.7	
94.30	356.8	11.7	2.0	2.0	-45.2	72.6	35.1	34.8	-278.5	-1181.8	1525.4	-38.2	
94.35	357.1	11.6	3.1	2.0	-43.2	72.7	31.7	34.3	-278.5	-1164.8	1349.0	-32.5	
94.40	357.3	11.5	3.2	2.0	-39.6	72.8	25.7	32.0	-277.8	-1085.1	1081.1	-28.8	
94.45	357.6	11.5	3.9	2.0	-36.1	72.9	19.7	30.5	-278.3	-1006.2	790.1	-22.6	
94.50	357.9	11.3	5.7	2.0	-33.4	73.0	15.0	29.2	-279.6	-956.9	503.6	-13.8	
94.55	358.2	11.2	7.0	2.0	-30.8	73.1	8.5	25.9	-279.3	-885.0	165.4	-6.7	
94.60	358.4	11.5	7.6	2.0	-29.3	73.2	-0.6	21.3	-278.5	-779.3	-212.8	-3.3	
94.65	358.7	11.4	10.2	2.0	-30.4	73.3	-8.0	19.5	-280.4	-715.6	-526.9	4.7	
94.70	359.0	11.2	13.8	2.0	-32.5	73.4	-11.5	20.9	-282.0	-706.8	-760.6	14.8	
94.75	359.2	11.3	16.5	2.0	-34.3	73.5	-13.1	21.1	-279.9	-665.5	-961.2	22.5	
94.80	359.5	11.5	17.0	2.0	-35.3	73.6	-15.4	17.3	-277.7	-561.4	-1125.7	23.0	
94.85	359.8	11.6	17.4	2.0	-35.8	73.7	-17.9	12.7	-279.8	-456.6	-1208.8	23.9	
94.90	0.0	11.4	18.0	2.0	-36.0	73.8	-19.8	10.5	-282.6	-403.0	-1242.7	25.8	
94.95	0.3	11.2	18.2	2.0	-36.2	73.9	-19.8	11.8	-281.4	-404.4	-1256.0	26.3	
95.00	0.6	11.1	17.5	2.0	-36.2	74.0	-20.4	12.7	-279.0	-410.6	-1255.9	23.8	
95.05	0.8	11.2	16.0	2.0	-35.2	74.1	-21.4	11.4	-281.1	-388.8	-1178.5	19.6	
95.10	1.1	11.1	13.4	2.0	-32.9	74.2	-20.8	7.4	-284.3	-330.5	-1022.7	12.9	
95.15	1.4	10.9	10.1	2.0	-29.8	74.3	-16.6	3.3	-283.2	-256.9	-813.6	4.7	
95.20	1.6	10.6	7.2	2.0	-26.1	74.4	-9.2	2.2	-280.0	-230.6	-551.8	-1.5	
95.25	1.9	10.5	4.8	2.0	-22.7	74.5	-2.3	3.2	-280.2	-249.8	-254.8	-6.2	
95.30	2.1	10.9	3.4	2.0	-21.8	74.6	1.3	4.7	-282.3	-282.8	9.1	-10.3	
95.35	2.4	11.4	2.2	2.0	-23.3	74.7	5.0	5.8	-282.3	-304.4	241.9	-15.7	
95.40	2.6	11.1	1.9	2.0	-25.7	74.8	10.3	6.2	-280.2	-327.4	457.0	-19.2	
95.45	2.9	11.1	1.2	2.0	-28.2	74.9	15.3	5.9	-279.3	-334.2	654.3	-24.1	
95.50	3.1	11.2	-0.4	2.0	-29.6	75.0	16.4	4.0	-280.6	-295.9	788.7	-30.9	
95.55	3.4	11.2	-2.0	2.0	-30.4	75.1	15.9	1.5	-281.7	-251.0	863.1	-37.1	
95.60	3.6	11.0	-2.2	2.0	-31.0	75.2	17.0	0.9	-280.8	-261.6	910.9	-38.7	
95.65	3.9	10.6	-1.1	2.0	-31.8	75.3	19.6	2.9	-279.3	-318.6	945.4	-35.5	
95.70	4.1	10.4	-0.4	2.0	-31.9	75.4	20.4	3.8	-278.7	-348.5	944.3	-33.4	
95.75	4.4	10.4	-0.6	2.0	-31.3	75.5	19.4	1.3	-279.3	-308.2	910.2	-33.3	
95.80	4.6	10.5	-0.6	2.0	-30.3	75.6	18.4	-2.0	-280.0	-239.4	854.2	-32.5	
95.85	4.8	10.8	-0.1	2.0	-29.0	75.7	18.0	-3.2	-279.7	-179.0	766.4	-29.3	
95.90	5.1	11.1	0.6	2.0	-27.0	75.8	16.6	-4.2	-278.7	-134.4	625.6	-24.9	
95.95	5.3	11.1	0.6	2.0	-24.1	75.9	12.2	-7.5	-278.9	-82.2	420.4	-21.9	
96.00	5.6	10.9	0.2	2.0	-20.3	76.0	4.0	-10.2	-280.3	-34.3	148.9	-19.5	
96.05	5.8	10.7	0.9	2.0	-19.9	76.1	-3.2	-11.4	-281.5	-15.0	-119.4	-16.9	
96.10	6.0	10.4	3.5	2.0	-23.0	76.2	-7.3	-12.7	-281.0	-14.4	-347.2	-11.0	
96.15	6.3	10.2	5.9	2.0	-25.7	76.3	-10.3	-14.7	-280.2	14.3	-542.5	-5.5	
96.20	6.5	9.9	7.5	2.0	-28.3	76.4	-14.6	-16.8	-281.2	75.6	-722.9	-2.5	
96.25	6.7	10.3	9.1	2.0	-30.6	76.5	-18.4	-19.1	-282.9	126.3	-876.2	0.6	
96.30	7.0	10.7	10.9	2.0	-32.3	76.6	-19.7	-20.1	-282.8	148.9	-997.8	5.1	
96.35	7.2	10.8	12.5	2.0	-33.9	76.7	-20.6	-19.9	-281.0	167.2	-1118.2	9.1	
96.40	7.4	10.8	13.0	2.0	-35.5	76.8	-22.7	-20.9	-280.3	210.6	-1224.5	9.3	
96.45	7.6	10.8	13.3	2.0	-36.7	76.9	-25.6	-24.3	-281.5	279.7	-1295.1	8.9	
96.50	7.9	10.8	13.0	2.0	-37.3	77.0	-27.2	-27.3	-282.5	339.8	-1313.9	7.3	
96.55	8.1	11.7	12.5	2.0	-36.9	77.1	-25.8	-28.2	-281.9	397.2	-1265.5	6.2	
96.60	8.3	12.6	11.8	2.0	-35.7	77.2	-22.6	-27.9	-281.0	459.9	-1158.5	4.8	
96.65	8.5	13.2	10.5	2.0	-34.5	77.3	-19.7	-29.6	-281.3	536.5	-1019.5	1.8	
96.70	8.7	12.7	8.7	2.0	-33.2	77.4	-17.1	-33.1	-281.7	604.5	-863.1	-3.5	
96.75	8.9	12.5	7.0	2.0	-31.5	77.5	-13.4	-33.9	-280.6	620.9	-686.0	-7.3	
96.80	9.1	12.7	5.6	2.0	-29.0	77.6	-7.2	-31.3	-278.4	590.9	-463.3	-9.6	
96.85	9.3	13.2	4.5	2.0	-26.9	77.7	-0.1	-30.0	-277.2	568.5	-198.8	-11.5	
96.90	9.5	13.1	2.7	2.0	-27.1	77.8	4.5	-31.7	-277.6	603.6	51.4	-17.9	
96.95	9.7	12.6	0.7	2.0	-28.6	77.9	6.2	-34.1	-278.3	667.6	255.0	-26.3	
97.00	9.9	12.9	-0.6	2.0	-30.0	78.0	9.6	-34.6	-278.6	675.7	461.0	-32.2	
97.05	10.1	13.1	-1.0	2.0	-31.5	78.1	14.4	-34.0	-277.8	651.8	654.0	-35.0	
97.10	10.3	13.2	-1.7	2.0	-32.7	78.2	16.0	-33.8	-276.6	664.8	771.2	-38.7	
97.15	10.5	13.4	-2.8	2.0	-33.9	78.3	15.6	-35.0	-277.0	699.5	851.5	-43.5	
97.20	10.7	13.5	-2.6	2.0	-35.4	78.4	18.4	-37.9	-277.8	726.5	966.5	-44.2	
97.25	10.9	13.4	-2.5	2.0	-37.1	78.5	23.1	-41.4	-276.6	784.8	1066.9	-45.8	
97.30	11.1	13.2	-2.6	2.0	-38.5	78.6	25.5	-44.9	-274.5	898.1	1099.4	-47.5	
97.35	11.3	13.1	-2.4	2.0	-39.5	78.7	25.3	-49.0	-275.5	1010.4	1084.8	-47.9	
97.40	11.5	13.1	-2.0	2.0	-39.6	78.8	23.3	-52.6	-278.3	1077.9	1011.2	-46.6	
97.45	11.7	13.5	-2.0	2.0	-38.1	78.9	18.4	-53.2	-278.0	1105.0	804.0	-45.0	
97.50	11.9	13.3	-1.7	2.0	-35.8	79.0	12.2	-51.4	-275.8	1088.1	521.9	-41.7	
97.55	12.1	13.1	-0.4	2.0	-34.1	79.1	7.4	-51.1	-276.2	1049.2	270.3	-35.6	
97.60	12.3	13.5	0.9	2.0	-33.7	79.2	1.6	-52.2	-278.0	1045.2	23.8	-30.5	
97.65	12.5	13.3	2.1	2.0	-34.5	79.3	-3.9	-53.4	-277.8	1079.1	-223.9	-27.3	
97.70	12.7	13.0	4.2	2.0	-35.2	79.4	-4.9	-54.6	-276.4	1087.3	-393.9	-20.8	
97.75	12.9	12.9	6.4	2.0	-35.5	79.5	-3.8	-54.9	-276.2	1066.2	-505.2	-13.4	
97.80	13.0	13.0	8.0	2.0	-36.7	79.6	-6.8	-54.8	-276.2	1080.1	-666.7	-9.2	
97.85	13.2	13.0	9.2	2.0	-38.5	79.7	-11.6	-55.0	-275.8	1118.3	-840.4	-6.9	
97.90	13.4	12.5	10.4	2.0	-39.4	79.8	-13.8	-54.6	-275.8	1128.8	-945.3	-3.8	
97.95	13.6	12.3	11.1	2.0	-39.9	79.9	-14.1	-53.4	-275.7	1142.8	-986.0	-1.7	
98.00	13.7	12.3	10.7	2.0	-40.8	80.0	-15.4	-54.7	-275.0	1211.9	-1003.8	-4.1	
98.05	13.9	12.3	9.1	2.0	-42.1	80.1	-16.2	-60.9	-275.1	1343.3	-962.5	-10.8	
98.10	14.1	11.4	7.8	2.0	-42.6	80.2	-14.7	-66.1	-276.8	1453.2	-831.8	-15.9	
98.15	14.3	10.7	6.9	2.0	-41.8	80.3	-10.5	-65.5	-277.5	1488.3	-643.4	-18.2	
98.20	14.4	10.4	6.1	2.0	-40.4	80.4	-5.2	-63.1	-274.9	1454.4	-455.3	-19.6	
98.25	14.6	10.6	4.7	2.0	-38.9	80.5	-0.4	-62.6	-272.7	1392.9	-263.5	-22.7	
98.30	14.8	10.8	2.9	2.0	-38.0	80.6	2.6	-62.7	-273.5	1347.8	-57.1	-28.0	
98.35	14.9	10.7	1.7	2.0	-37.8	80.7	6.1	-61.5	-274.6	1325.9	165.4	-32.1	
98.40	15.1	10.8	1.0	2.0	-38.4	80.8	12.2	-61.3	-273.1	1314.8	402.6	-35.1	
98.45	15.3	10.9	0.2	2.0	-39.4	80.9	18.1	-61.9	-271.4	1309.6	627.3	-38.7	
98.50	15.5	11.1	-1.6	2.0	-40.4	81.0	19.4	-62.2	-272.3	1310.8	774.0	-45.9	
98.55	15.6	11.1	-2.8	2.0	-41.0	81.1	18.2	-62.9	-274.0	1311.3	861.1	-50.7	
98.60	15.8	11.0	-3.2	2.0	-41.6	81.2	20.1	-63.8	-273.5	1299.8	947.5	-52.5	
98.65	16.0	10.9	-2.8	2.0	-42.2	81.3	24.0	-63.0	-271.1	1297.2	1029.2	-51.8	
98.70	16.1	11.3	-3.0	2.0	-43.2	81.4	26.1	-63.8	-269.8	1354.6	1073.2	-53.4	
98.75	16.3	11.7	-3.5	2.0	-44.8	81.5	26.9	-69.3	-271.0	1461.9	1104.7	-56.9	
98.80	16.5	12.0	-3.1	2.0	-46.3	81.6	28.4	-74.7	-272.2	1558.9	1128.0	-56.9	
98.85	16.6	11.9	-2.4	2.0	-46.7	81.7	29.2	-75.3	-271.0	1616.2	1095.9	-54.8	
98.90	16.8	12.1	-1.2	2.0	-45.9	81.8	28.8	-73.0	-269.6	1614.8	1010.5	-50.0	
98.95	16.9	12.3	0.2	2.0	-44.6	81.9	26.2	-72.3	-270.4	1579.6	873.4	-43.9	
99.00	17.1	12.0	0.2	2.0	-42.8	82.0	19.2	-72.4	-271.7	1547.3	646.0	-42.1	
99.05	17.2	11.9	0.1	2.0	-41.5	82.1	11.7	-71.8	-271.6	1532.2	391.7	-41.2	
99.10	17.4	11.8	0.8	2.0	-40.7	82.2	9.0	-71.7	-270.5	1514.6	207.0	-38.1	
99.15	17.5	11.5	2.4	2.0	-40.6	82.3	8.4	-72.7	-270.2	1509.7	81.8	-32.4	
99.20	17.7	11.7	3.2	2.0	-40.6	82.4	4.8	-73.1	-271.0	1515.5	-59.1	-29.8	
99.25	17.8	11.9	3.4	2.0	-40.7	82.5	0.4	-73.1	-271.6	1505.2	-201.7	-28.9	
99.30	17.9	11.8	4.8	2.0	-40.3	82.6	-1.9	-72.3	-271.3	1457.9	-319.5	-23.9	
99.35	18.1	11.8	6.5	2.0	-39.8	82.7	-3.0	-69.2	-270.6	1398.6	-428.4	-17.5	
99.40	18.2	11.8	7.3	2.0	-40.2	82.8	-5.9	-67.3	-270.2	1396.6	-553.9	-15.2	
99.45	18.4	11.9	6.8	2.0	-41.8	82.9	-10.4	-70.2	-270.5	1462.5	-678.4	-18.3	
99.50	18.5	11.8	6.3	2.0	-43.5	83.0	-13.7	-75.5	-271.8	1553.3	-754.1	-21.9	
99.55	18.6	11.8	6.3	2.0	-44.4	83.1	-13.8	-78.3	-272.7	1618.5	-753.1	-22.9	
99.60	18.8	11.9	6.3	2.0	-44.6	83.2	-11.4	-79.3	-271.7	1654.5	-701.5	-23.1	
99.65	18.9	11.7	5.8	2.0	-44.4	83.3	-8.7	-80.5	-270.4	1667.4	-627.2	-24.4	
99.70	19.1	11.5	5.5	2.0	-43.8	83.4	-8.4	-79.7	-271.0	1646.6	-558.3	-24.9	
99.75	19.2	11.3	5.0	2.0	-42.5	83.5	-7.5	-75.8	-272.1	1582.3	-466.9	-25.2	
99.80	19.3	11.1	4.7	2.0	-41.5	83.6	-3.4	-73.8	-270.4	1538.0	-349.4	-25.2	
99.85	19.5	11.1	4.4	2.0	-41.6	83.7	0.5	-75.4	-267.4	1571.8	-230.8	-26.5	
99.90	19.6	11.4	2.9	2.0	-42.5	83.8	2.7	-77.3	-268.5	1642.6	-91.1	-32.6	
99.95	19.7	11.9	1.9	2.0	-43.2	83.9	4.3	-78.8	-271.4	1695.7	70.1	-36.6	
100.00	19.8	11.4	1.4	2.0	-43.6	84.0	8.4	-80.7	-270.7	1704.2	236.9	-38.9	
100.05	20.0	10.7	1.0	2.0	-43.7	84.1	12.9	-80.6	-267.6	1686.4	387.0	-40.5	
100.10	20.1	10.1	0.3	2.0	-43.9	84.2	14.9	-77.8	-267.2	1673.6	517.9	-43.0	
100.15	20.2	10.2	0.0	2.0	-44.8	84.3	16.5	-77.4	-269.4	1691.0	653.0	-44.7	
100.20	20.3	10.2	-0.6	2.0	-46.1	84.4	19.0	-81.0	-268.7	1747.8	759.3	-48.0	
100.25	20.4	10.1	-1.3	2.0	-47.6	84.5	21.7	-84.2	-265.9	1828.6	834.6	-52.1	
100.30	20.5	10.0	-1.9	2.0	-48.8	84.6	23.0	-84.7	-266.0	1891.3	906.5	-55.4	
100.35	20.7	10.1	-2.0	2.0	-49.6	84.7	22.7	-86.3	-268.2	1927.9	946.6	-56.3	
100.40	20.8	10.4	-1.9	2.0	-49.6	84.8	20.4	-88.4	-268.7	1945.9	903.1	-56.0	
100.45	20.9	10.3	-1.9	2.0	-48.5	84.9	16.6	-86.4	-267.7	1915.3	793.7	-54.9	
100.50	21.0	10.5	-1.3	2.0	-47.1	85.0	14.4	-83.0	-267.6	1850.8	690.4	-51.5	
100.55	21.1	10.6	-0.3	2.0	-46.3	85.1	12.9	-84.1	-267.2	1825.0	572.6	-47.5	
100.60	21.2	10.7	0.1	2.0	-46.6	85.2	9.2	-87.8	-266.9	1879.5	412.9	-46.4	
100.65	21.3	10.7	0.3	2.0	-47.0	85.3	5.2	-88.8	-267.8	1939.0	260.7	-45.9	
100.70	21.4	10.7	1.5	2.0	-46.9	85.4	4.4	-88.5	-268.3	1942.2	146.4	-41.9	
100.75	21.5	10.8	3.2	2.0	-46.5	85.5	4.1	-89.3	-266.9	1918.6	10.9	-35.5	
100.80	21.6	11.2	4.1	2.0	-46.6	85.6	-0.7	-89.2	-266.1	1916.0	-192.5	-32.4	
100.85	21.7	11.4	4.6	2.0	-47.1	85.7	-7.8	-88.0	-268.1	1924.4	-402.7	-31.3	
100.90	21.8	11.4	5.5	2.0	-47.8	85.8	-12.0	-88.2	-269.6	1927.9	-571.3	-28.9	
100.95	21.9	11.5	6.4	2.0	-48.9	85.9	-13.9	-90.1	-267.7	1956.9	-737.3	-26.8	
101.00	22.0	11.7	7.1	2.0	-50.3	86.0	-16.2	-91.3	-265.6	2012.9	-880.2	-25.8	
101.05	22.1	11.8	7.5	2.0	-51.2	86.1	-17.6	-92.3	-267.3	2060.1	-924.2	-25.4	
101.10	22.2	12.0	8.1	2.0	-51.5	86.2	-16.6	-94.3	-269.4	2090.2	-889.8	-23.7	
101.15	22.3	12.0	8.7	2.0	-51.3	86.3	-14.6	-94.5	-267.8	2097.3	-851.9	-21.6	
101.20	22.4	11.8	9.0	2.0	-50.6	86.4	-12.1	-91.8	-265.6	2072.7	-786.6	-19.8	
101.25	22.5	12.0	8.6	2.0	-49.6	86.5	-9.1	-90.7	-265.9	2039.2	-674.5	-20.2	
101.30	22.6	11.5	7.1	2.0	-49.6	86.6	-8.3	-93.0	-266.4	2055.6	-586.0	-25.1	
101.35	22.7	10.8	5.6	2.0	-50.2	86.7	-9.6	-95.3	-265.5	2116.2	-527.7	-31.0	
101.40	22.7	10.9	4.3	2.0	-50.0	86.8	-7.3	-94.5	-265.0	2135.3	-389.6	-35.2	
101.45	22.8	11.1	3.6	2.0	-49.4	86.9	-2.2	-93.5	-264.9	2119.9	-183.2	-37.2	
101.50	22.9	11.4	2.6	2.0	-49.5	87.0	1.0	-94.2	-264.3	2135.5	2.7	-40.5	
101.55	23.0	11.8	1.8	2.0	-50.4	87.1	3.1	-95.2	-264.5	2187.6	182.2	-44.2	
101.60	23.1	12.2	0.7	2.0	-51.4	87.2	7.6	-96.3	-265.3	2230.0	398.3	-49.1	
101.65	23.1	12.2	0.2	2.0	-52.7	87.3	13.6	-98.8	-264.0	2280.9	593.3	-52.0	
101.70	23.2	11.5	-0.3	2.0	-54.2	87.4	17.3	-101.6	-261.7	2362.0	712.6	-55.2	
101.75	23.3	11.7	-0.7	2.0	-55.5	87.5	18.4	-103.4	-261.5	2435.2	788.5	-58.1	
101.80	23.4	11.8	-0.7	2.0	-56.3	87.6	19.8	-104.3	-262.9	2465.7	873.2	-58.8	
101.85	23.4	11.5	-0.8	2.0	-56.2	87.7	20.7	-104.1	-262.4	2444.4	911.9	-59.1	
101.90	23.5	11.5	-1.5	2.0	-55.7	87.8	19.7	-102.3	-261.2	2418.3	889.4	-61.0	
101.95	23.6	11.8	-1.3	2.0	-55.1	87.9	18.4	-100.3	-262.1	2386.6	861.1	-59.6	
102.00	23.6	12.4	-0.6	2.0	-55.0	88.0	18.3	-101.0	-263.8	2379.9	834.2	-57.2	
102.05	23.7	12.4	-0.5	2.0	-55.0	88.1	16.6	-103.1	-262.7	2409.5	727.9	-56.8	
102.10	23.8	12.4	-0.3	2.0	-54.7	88.2	13.5	-104.2	-260.8	2433.4	572.2	-55.9	
102.15	23.8	12.5	0.9	2.0	-54.0	88.3	12.7	-103.8	-261.1	2402.2	466.9	-51.1	
102.20	23.9	12.3	2.1	2.0	-53.4	88.4	12.6	-103.5	-261.5	2368.8	373.8	-46.1	
102.25	24.0	12.3	3.0	2.0	-53.2	88.5	10.1	-103.1	-260.7	2376.9	238.0	-43.1	
102.30	24.0	12.5	4.0	2.0	-53.2	88.6	6.7	-102.4	-261.0	2390.4	100.9	-39.4	
102.35	24.1	12.4	4.8	2.0	-53.3	88.7	4.3	-104.0	-262.5	2393.6	-16.8	-37.0	
102.40	24.2	12.4	5.0	2.0	-54.0	88.8	1.2	-107.2	-262.4	2428.4	-162.9	-36.7	
102.45	24.2	12.5	4.5	2.0	-55.2	88.9	-3.7	-109.7	-261.0	2494.3	-342.0	-39.8	
102.50	24.3	13.3	4.6	2.0	-56.0	89.0	-7.2	-110.1	-261.7	2538.5	-457.3	-40.1	
102.55	24.3	13.8	5.4	2.0	-55.8	89.1	-7.4	-109.6	-262.9	2518.5	-497.2	-37.4	
102.60	24.4	14.0	5.7	2.0	-55.6	89.2	-7.2	-110.0	-261.1	2496.0	-532.9	-35.9	
102.65	24.4	13.8	5.6	2.0	-55.7	89.3	-7.9	-109.6	-259.2	2496.8	-550.6	-36.6	
102.70	24.5	13.8	5.8	2.0	-55.3	89.4	-5.8	-108.0	-261.0	2491.9	-458.5	-35.3	
102.75	24.5	13.8	6.6	2.0	-55.1	89.5	-1.2	-107.7	-262.5	2501.2	-318.3	-32.6	
102.80	24.6	13.4	6.3	2.0	-55.9	89.6	1.1	-109.6	-259.6	2560.0	-260.1	-34.1	
102.85	24.6	13.4	5.2	2.0	-56.6	89.7	1.3	-111.5	-257.2	2612.1	-224.7	-38.6	
102.90	24.7	13.4	4.2	2.0	-56.4	89.8	2.6	-111.6	-259.3	2606.7	-120.2	-42.0	
102.95	24.7	13.6	3.7	2.0	-56.3	89.9	5.1	-110.6	-260.6	2599.4	12.9	-43.4	
103.00	24.8	13.8	2.8	2.0	-56.7	90.0	7.6	-109.7	-258.0	2634.2	122.5	-47.0	
103.05	24.8	14.1	1.8	2.0	-57.5	90.1	10.6	-110.3	-256.7	2685.1	264.7	-51.3	
103.10	24.9	14.2	1.5	2.0	-58.7	90.2	15.1	-112.9	-259.3	2731.9	472.8	-53.4	
103.15	24.9	13.9	1.1	2.0	-60.1	90.3	19.1	-115.4	-260.3	2792.4	653.1	-56.4	
103.20	25.0	13.5	-21.2	1.5	-61.2	90.4	21.7	-116.3	-257.0	2854.6	768.8	-69.2	
103.25	25.0	13.2	-16.2	1.1	-61.8	90.5	26.4	-115.1	-255.8	2856.0	918.5	-69.1	
103.30	25.0	13.4	-11.8	0.8	-62.0	90.5	30.5	-114.5	-257.7	2816.8	1073.1	-66.6	
103.35	25.1	13.4	-9.6	0.6	-61.8	90.6	30.1	-114.3	-257.9	2782.1	1123.0	-67.9	
103.40	25.1	13.2	-8.5	0.5	-61.5	90.6	28.2	-113.7	-256.8	2761.7	1119.8	-70.8	
103.45	25.2	13.0	-7.1	0.3	-60.9	90.6	29.1	-112.4	-257.6	2700.5	1161.2	-70.3	
103.50	25.2	13.2	-5.5	0.3	-60.3	90.6	30.1	-112.3	-259.2	2636.7	1188.6	-68.2	
103.55	25.2	13.8	-5.3	0.2	-59.4	90.7	27.6	-112.2	-258.5	2590.8	1118.2	-69.3	
103.60	25.3	13.7	-5.2	0.1	-58.2	90.7	24.3	-110.8	-257.4	2541.5	1014.2	-69.9	
103.65	25.3	13.6	-3.8	0.1	-57.0	90.7	24.3	-109.3	-258.1	2473.9	960.1	-65.3	
103.70	25.3	13.6	-2.2	0.1	-56.1	90.7	24.2	-109.1	-258.1	2431.3	872.2	-60.2	
103.75	25.4	13.7	-1.6	0.1	-55.3	90.7	20.5	-109.0	-256.8	2428.2	700.6	-58.2	
103.80	25.4	13.8	-1.2	0.0	-54.9	90.7	16.4	-109.2	-257.2	2437.4	532.4	-57.2	
103.85	25.4	13.8	-0.2	0.0	-54.5	90.7	13.6	-110.5	-259.1	2432.9	389.9	-53.7	
103.90	25.5	13.9	1.1	0.0	-54.4	90.7	10.5	-111.5	-259.7	2441.2	220.7	-49.6	
103.95	25.5	13.8	1.7	0.0	-54.3	90.7	6.2	-111.0	-258.7	2450.2	21.0	-47.8	
104.00	25.5	13.6	2.4	0.0	-54.1	90.7	2.7	-110.9	-258.2	2432.8	-148.5	-45.5	
104.05	25.5	13.5	3.6	0.0	-54.2	90.7	1.0	-111.9	-258.8	2429.4	-259.0	-41.5	
104.10	25.6	13.7	4.6	0.0	-54.5	90.7	-0.0	-111.1	-259.2	2440.3	-329.9	-38.4	
104.15	25.6	14.0	5.1	0.0	-54.4	90.7	-0.8	-108.3	-258.4	2440.2	-376.0	-36.6	
104.20	25.6	14.2	5.8	0.0	-54.4	90.7	0.7	-107.2	-258.1	2439.9	-360.6	-34.2	
104.25	25.6	14.2	6.5	0.0	-54.4	90.7	3.3	-108.0	-258.7	2447.6	-307.5	-31.9	
104.30	25.6	14.1	6.2	0.0	-54.7	90.7	3.6	-108.4	-258.6	2472.9	-271.9	-33.4	
104.35	25.7	13.8	5.0	0.0	-55.0	90.7	3.1	-108.0	-258.2	2498.8	-227.0	-37.8	
104.40	25.7	13.5	4.2	0.0	-55.0	90.7	4.6	-107.8	-258.8	2505.9	-125.6	-40.4	
104.45	25.7	13.3	3.9	0.0	-55.3	90.7	7.2	-108.8	-259.3	2529.8	1.7	-41.8	
104.50	25.7	13.2	3.2	0.0	-56.3	90.7	9.2	-110.1	-258.6	2599.5	132.7	-45.4	
104.55	25.8	12.8	1.9	0.0	-57.7	90.7	11.6	-111.7	-258.3	2688.6	299.4	-51.2	
104.60	25.8	12.6	1.2	0.0	-59.4	90.7	15.9	-113.8	-259.3	2774.4	513.2	-55.1	
104.65	25.8	12.4	0.9	0.0	-60.8	90.7	20.2	-114.6	-259.8	2837.8	707.2	-57.8	
104.70	25.8	12.4	0.1	0.0	-61.6	90.7	23.3	-114.2	-258.5	2865.0	849.5	-61.2	
104.75	25.8	12.3	-0.4	0.0	-62.1	90.7	25.5	-114.5	-257.5	2870.4	959.9	-63.6	
104.80	25.9	12.2	-0.7	0.0	-62.8	90.7	26.3	-115.9	-258.4	2885.3	1042.0	-65.2	
104.85	25.9	12.1	-1.3	0.0	-63.3	90.7	25.9	-117.4	-259.4	2907.4	1084.8	-67.9	
104.90	25.9	11.8	-2.1	0.0	-63.4	90.7	25.3	-117.9	-259.0	2911.6	1092.0	-70.5	
104.95	25.9	11.5	-2.2	0.0	-63.1	90.7	25.8	-117.7	-258.6	2891.3	1087.7	-70.8	
105.00	25.9	11.9	-2.0	0.0	-62.2	90.7	24.5	-116.6	-259.0	2847.0	1029.9	-69.1	
105.05	25.9	12.2	-1.4	0.0	-61.1	90.7	22.1	-115.4	-259.2	2792.8	931.9	-66.1	
105.10	25.9	12.5	-0.9	0.0	-59.8	90.7	20.6	-113.4	-259.1	2728.4	838.6	-62.8	
105.15	25.9	12.5	-0.2	0.0	-58.8	90.7	19.9	-111.2	-258.5	2685.4	742.4	-59.4	
105.20	26.0	12.3	0.4	0.0	-58.1	90.7	17.2	-110.2	-258.0	2671.8	587.1	-56.6	
105.25	26.0	11.9	1.1	0.0	-57.5	90.7	13.0	-110.8	-258.6	2658.2	402.8	-53.7	
105.30	26.0	11.3	1.9	0.0	-56.7	90.7	9.0	-111.2	-259.7	2619.6	224.0	-50.2	
105.35	26.0	11.6	2.6	0.0	-56.1	90.7	5.1	-110.4	-259.7	2584.9	42.3	-47.2	
105.40	26.0	11.7	3.3	0.0	-55.5	90.7	1.4	-108.8	-258.9	2543.1	-134.1	-44.0	
105.45	26.0	11.9	4.4	0.0	-54.9	90.7	-1.5	-107.3	-259.8	2489.0	-266.6	-39.8	
105.50	26.0	12.2	5.4	0.0	-54.6	90.7	-3.3	-106.8	-261.3	2458.8	-357.5	-36.1	
105.55	26.0	12.4	5.7	0.0	-55.0	90.7	-5.3	-107.5	-260.7	2471.4	-453.3	-35.5	
105.60	26.0	12.3	5.9	0.0	-55.4	90.7	-6.2	-108.0	-259.8	2488.4	-516.0	-35.3	
105.65	26.0	11.9	6.1	0.0	-55.1	90.7	-6.1	-107.1	-260.5	2466.3	-517.7	-34.3	
105.70	26.0	11.8	5.7	0.0	-54.4	90.7	-7.0	-104.9	-260.9	2419.8	-519.8	-34.9	
105.75	26.0	11.5	5.1	0.0	-53.9	90.7	-8.3	-103.5	-259.8	2378.3	-531.3	-36.3	
105.80	26.0	10.8	5.0	0.0	-53.2	90.7	-7.3	-102.8	-259.5	2341.3	-481.5	-36.1	
105.85	26.0	11.0	4.8	0.0	-52.7	90.7	-4.7	-102.6	-260.7	2323.6	-362.4	-36.1	
105.90	26.0	11.4	3.8	0.0	-53.1	90.7	-2.9	-104.6	-260.7	2365.9	-246.6	-40.1	
105.95	26.0	11.6	3.1	0.0	-54.3	90.7	-1.4	-108.3	-259.9	2450.6	-139.9	-43.5	
106.00	26.0	12.0	2.9	0.0	-54.9	90.7	1.9	-110.2	-260.3	2499.9	11.7	-44.9	
106.05	26.0	12.2	2.8	0.0	-54.9	90.7	6.8	-108.4	-260.7	2494.3	194.5	-45.4	
106.10	26.0	12.0	1.9	0.0	-54.9	90.7	10.1	-106.1	-258.5	2487.6	324.3	-48.4	
106.15	26.0	11.7	0.9	0.0	-55.5	90.7	12.0	-107.0	-256.6	2518.6	423.6	-52.5	
106.20	26.0	11.8	0.3	0.0	-56.3	90.7	13.9	-108.4	-258.3	2549.6	555.4	-55.1	
106.25	26.0	12.4	-0.1	0.0	-57.3	90.7	15.9	-109.8	-259.9	2586.9	679.6	-57.8	
106.30	26.0	12.1	-1.1	0.0	-58.3	90.7	17.7	-111.8	-258.3	2644.2	749.6	-62.2	
106.35	26.0	12.0	-1.4	0.0	-59.0	90.7	19.3	-113.3	-256.8	2678.4	798.7	-63.7	
106.40	26.0	12.0	-1.1	0.0	-59.0	90.7	19.7	-112.4	-259.0	2665.9	854.9	-62.9	
106.45	26.0	12.1	-1.2	0.0	-58.7	90.7	18.6	-110.8	-260.4	2643.0	859.2	-62.9	
106.50	26.0	12.2	-1.2	0.0	-58.1	90.7	17.9	-110.4	-257.9	2621.0	797.5	-62.4	
106.55	26.0	12.4	-0.6	0.0	-57.5	90.7	18.3	-109.8	-256.0	2591.3	740.6	-59.6	
106.60	26.0	12.5	0.1	0.0	-57.2	90.7	18.2	-108.5	-257.9	2581.1	710.0	-57.1	
106.65	26.0	12.9	-0.1	0.0	-57.3	90.7	16.0	-108.3	-259.2	2604.6	637.4	-57.6	
106.70	26.0	13.3	0.0	0.0	-57.5	90.7	13.0	-110.5	-258.1	2640.3	508.8	-57.4	
106.75	26.0	13.3	0.9	0.0	-57.1	90.7	11.1	-111.9	-258.3	2632.6	389.9	-54.0	
106.80	26.0	13.5	1.9	0.0	-56.1	90.7	8.5	-109.8	-259.9	2576.5	267.7	-49.6	
106.85	25.9	13.7	2.2	0.0	-55.4	90.7	4.0	-108.3	-259.3	2537.7	86.5	-47.8	
106.90	25.9	13.5	2.7	0.0	-55.2	90.7	-0.2	-108.9	-257.8	2521.9	-99.4	-45.8	
106.95	25.9	13.1	3.3	0.0	-55.1	90.7	-3.1	-108.9	-258.9	2507.7	-227.3	-43.7	
107.00	25.9	12.8	3.9	0.0	-55.1	90.7	-4.9	-107.5	-260.5	2498.5	-314.7	-41.6	
107.05	25.9	13.0	4.7	0.0	-55.4	90.7	-5.0	-107.8	-259.1	2513.4	-393.3	-39.4	
107.10	25.9	12.9	5.6	0.0	-56.2	90.7	-4.5	-110.5	-257.2	2556.5	-449.8	-36.9	
107.15	25.9	12.8	6.1	0.0	-56.3	90.7	-4.2	-110.6	-258.6	2564.3	-449.9	-35.5	
107.20	25.9	12.9	6.4	0.0	-55.9	90.7	-4.2	-108.5	-260.0	2543.2	-434.9	-34.0	
107.25	25.9	12.6	6.2	0.0	-55.6	90.7	-4.3	-107.7	-257.7	2522.4	-448.8	-34.3	
107.30	25.9	12.3	5.9	0.0	-55.5	90.7	-3.2	-108.2	-255.7	2511.9	-430.9	-35.2	
107.35	25.8	11.9	5.5	0.0	-55.5	90.7	-1.5	-109.2	-257.4	2525.7	-343.0	-36.6	
107.40	25.8	11.9	4.7	0.0	-56.5	90.7	-0.0	-111.3	-258.8	2603.4	-231.4	-40.5	
107.45	25.8	12.0	3.1	0.0	-57.7	90.7	1.7	-114.3	-257.5	2697.3	-119.3	-47.0	
107.50	25.8	12.4	2.1	0.0	-58.1	90.7	5.0	-115.8	-256.8	2728.8	34.8	-51.0	
107.55	25.8	12.6	1.8	0.0	-57.7	90.7	9.9	-113.7	-258.1	2692.5	235.1	-51.5	
107.60	25.8	12.6	1.8	0.0	-57.4	90.7	13.5	-110.6	-257.5	2651.3	403.5	-51.3	
107.65	25.8	12.4	1.0	0.0	-57.4	90.7	16.7	-108.9	-255.2	2629.3	551.5	-54.0	
107.70	25.8	12.1	0.3	0.0	-57.7	90.7	20.6	-108.1	-255.4	2614.8	731.3	-56.8	
107.75	25.8	12.1	-0.1	0.0	-58.5	90.7	23.8	-108.1	-257.4	2620.9	903.3	-58.9	
107.80	25.8	12.4	-0.9	0.0	-59.3	90.7	25.0	-109.1	-257.4	2646.4	1000.3	-62.4	
107.85	25.8	12.2	-1.9	0.0	-60.0	90.7	25.5	-110.8	-256.3	2679.3	1046.3	-66.5	
107.90	25.8	12.0	-2.4	0.0	-60.1	90.7	26.4	-111.0	-257.4	2666.3	1095.9	-68.3	
107.95	25.8	11.9	-2.4	0.0	-59.5	90.7	26.1	-109.8	-258.4	2614.9	1103.6	-67.9	
108.00	25.7	12.1	-2.7	0.0	-59.0	90.7	24.6	-109.1	-257.2	2601.9	1051.0	-68.4	
108.05	25.7	11.7	-2.7	0.0	-58.9	90.7	23.8	-109.0	-256.2	2616.8	994.0	-68.2	
108.10	25.7	11.0	-1.8	0.0	-58.8	90.7	24.0	-108.9	-257.4	2622.8	954.0	-65.1	
108.15	25.7	10.6	-0.7	0.0	-58.6	90.7	23.7	-109.2	-258.1	2635.0	878.0	-61.0	
108.20	25.7	10.5	-0.1	0.0	-57.9	90.7	21.5	-109.1	-256.8	2622.1	740.4	-58.3	
108.25	25.7	10.7	0.5	0.0	-56.7	90.7	18.7	-108.0	-256.7	2569.4	595.8	-55.1	
108.30	25.7	11.1	1.1	0.0	-55.0	90.7	15.2	-105.5	-258.0	2478.3	434.3	-51.2	
108.35	25.6	11.2	2.1	0.0	-53.5	90.7	10.4	-103.5	-258.1	2401.0	225.6	-46.3	
108.40	25.6	11.2	3.2	0.0	-52.7	90.7	7.6	-103.1	-256.7	2355.9	42.1	-41.9	
108.45	25.6	11.2	4.2	0.0	-52.6	90.7	6.6	-104.2	-256.1	2341.9	-76.2	-38.1	
108.50	25.6	11.2	4.8	0.0	-52.7	90.7	4.5	-104.4	-257.3	2347.2	-158.2	-36.2	
108.55	25.6	11.2	5.0	0.0	-52.7	90.7	1.9	-103.5	-258.5	2342.4	-227.7	-35.5	
108.60	25.6	11.1	4.8	0.0	-52.1	90.7	1.8	-101.3	-257.9	2296.9	-266.1	-35.5	
108.65	25.6	10.9	5.4	0.0	-51.5	90.7	3.2	-98.5	-257.0	2262.3	-267.8	-32.9	
108.70	25.5	10.7	5.6	0.0	-51.6	90.7	3.4	-97.5	-257.2	2269.3	-261.5	-32.4	
108.75	25.5	10.2	4.6	0.0	-52.6	90.7	1.4	-101.5	-258.2	2331.2	-264.6	-36.6	
108.80	25.5	10.2	3.2	0.0	-53.7	90.7	0.1	-105.6	-259.2	2410.9	-230.6	-42.7	
108.85	25.5	10.3	2.5	0.0	-54.5	90.7	1.7	-107.3	-259.3	2473.4	-135.4	-45.8	
108.90	25.5	10.4	2.7	0.0	-54.9	90.7	6.6	-107.6	-259.1	2507.7	22.1	-45.8	
108.95	25.5	10.0	2.6	0.0	-55.0	90.7	9.8	-106.6	-259.1	2509.2	171.7	-46.2	
109.00	25.5	9.6	1.6	0.0	-54.8	90.7	11.1	-104.5	-259.7	2483.4	309.3	-49.1	
109.05	25.5	9.3	1.4	0.0	-54.6	90.7	13.2	-102.7	-260.0	2450.7	455.5	-49.7	
109.10	25.5	9.6	1.1	0.0	-55.1	90.7	17.6	-102.6	-259.5	2456.9	609.7	-51.4	
109.15	25.4	9.6	0.2	0.0	-56.2	90.7	20.4	-103.8	-258.4	2511.5	712.6	-55.5	
109.20	25.4	9.3	-0.4	0.0	-57.5	90.7	21.3	-105.5	-259.0	2584.1	791.6	-58.8	
109.25	25.4	9.2	-1.3	0.0	-58.1	90.7	21.1	-107.6	-260.1	2611.1	843.3	-62.7	
109.30	25.4	9.6	-1.7	0.0	-58.4	90.7	21.2	-109.1	-259.8	2615.8	874.8	-64.1	
109.35	25.4	10.0	-1.6	0.0	-58.3	90.7	21.9	-107.7	-259.0	2609.2	899.2	-63.7	
109.40	25.3	10.0	-0.9	0.0	-58.3	90.7	23.8	-105.2	-259.1	2601.3	937.9	-61.5	
109.45	25.3	10.1	-0.2	0.0	-58.6	90.7	25.3	-105.9	-259.5	2617.6	947.6	-59.5	
109.50	25.3	10.0	-0.2	0.0	-59.0	90.7	24.3	-108.8	-259.4	2661.4	894.1	-59.9	
109.55	25.3	9.8	-0.5	0.0	-58.9	90.7	21.2	-108.6	-259.3	2682.7	794.9	-60.7	
109.60	25.2	9.8	0.1	0.0	-58.3	90.7	19.2	-106.5	-259.6	2669.9	697.7	-57.8	
109.65	25.2	9.8	1.4	0.0	-57.3	90.7	18.6	-104.6	-259.4	2625.5	599.6	-52.6	
109.70	25.2	10.1	2.1	0.0	-56.4	90.7	16.3	-103.9	-259.0	2581.9	466.0	-49.0	
109.75	25.2	9.8	2.0	0.0	-55.4	90.7	11.4	-103.2	-259.2	2537.5	306.6	-48.6	
109.80	25.1	9.6	2.3	0.0	-54.4	90.7	8.0	-101.9	-260.4	2478.4	189.5	-46.6	
109.85	25.1	9.6	3.4	0.0	-53.6	90.7	7.5	-100.1	-261.5	2421.0	121.3	-42.0	
109.90	25.1	9.5	3.9	0.0	-53.2	90.7	6.6	-99.9	-260.9	2394.0	27.9	-39.7	
109.95	25.1	9.4	3.8	0.0	-53.1	90.7	3.3	-100.7	-260.7	2386.5	-99.5	-40.1	
