Time[s]	Rotor azimuth angle[deg]	Hub wind speed magnitude[m/s]	ACTTORQUE1[Nm]	PITRAT1[deg/s]	PITFRIC1[kNm]	PITCH1[deg]	Blade root 1 Fx[KN]	Blade root 1 Fy[KN]	Blade root 1 Fz[KN]	Blade root 1 Mx[kNm]	Blade root 1 My[kNm]	Blade root 1 Mz[kNm]	
END_OF_HEADER
50.00	292.1	10.4	-46.9	-0.0	251.2	-0.3	330.7	258.7	555.8	-5218.7	15363.8	90.2	
50.05	294.8	10.2	-49.5	-0.0	250.3	-0.3	342.4	237.6	554.7	-4869.4	15418.4	80.5	
50.10	297.4	10.1	-50.6	-0.0	248.0	-0.3	341.6	224.0	543.5	-4477.6	15388.6	74.2	
50.15	300.1	10.0	-46.5	-0.0	244.3	-0.3	324.1	223.0	522.6	-4259.8	15223.0	84.5	
50.20	302.7	10.0	-39.7	-0.0	238.5	-0.3	302.8	213.7	504.8	-4052.7	14907.5	102.2	
50.25	305.4	10.2	-38.0	-0.0	233.1	-0.3	296.1	200.0	496.5	-3666.1	14635.7	102.6	
50.30	308.0	10.4	-40.6	-0.0	229.8	-0.3	297.0	187.0	487.2	-3378.3	14471.4	90.5	
50.35	310.7	10.6	-41.2	-0.0	228.3	-0.3	292.8	181.9	470.1	-3397.4	14385.1	86.8	
50.40	313.3	10.9	-42.7	-0.0	229.6	-0.3	292.8	188.7	454.3	-3464.6	14469.1	83.1	
50.45	316.0	11.2	-44.0	-0.0	230.8	-0.3	297.1	183.7	447.4	-3407.4	14580.3	79.9	
50.50	318.7	11.1	-43.2	-0.0	229.9	-0.3	299.1	166.1	445.8	-3177.5	14586.6	81.7	
50.55	321.3	10.8	-42.2	-0.0	228.7	-0.3	298.0	153.5	440.7	-2845.6	14583.0	83.7	
50.60	324.0	10.2	-41.9	-0.0	229.8	-0.3	296.9	143.3	429.0	-2571.2	14747.9	86.0	
50.65	326.6	10.1	-44.2	-0.0	234.8	-0.3	304.7	128.4	417.3	-2301.2	15182.7	83.2	
50.70	329.3	10.3	-49.7	-0.0	243.3	-0.3	326.3	114.4	412.5	-1948.2	15836.2	72.8	
50.75	332.0	10.6	-53.6	-0.0	251.0	-0.3	346.0	98.6	408.9	-1637.5	16420.4	66.8	
50.80	334.6	11.0	-54.5	-0.0	255.4	-0.3	353.6	91.9	402.5	-1467.6	16760.5	68.4	
50.85	337.3	11.0	-53.8	-0.0	257.2	-0.3	353.6	98.4	397.8	-1427.9	16902.8	72.5	
50.90	340.0	10.4	-51.7	-0.0	258.2	-0.3	352.4	90.4	396.3	-1327.6	16997.0	80.9	
50.95	342.7	10.2	-53.2	-0.0	260.6	-0.3	359.0	67.6	397.3	-948.1	17196.5	77.9	
51.00	345.4	10.0	-55.6	-0.0	262.4	-0.3	363.7	51.4	397.5	-484.0	17344.2	71.4	
51.05	348.0	9.8	-54.1	-0.0	261.6	-0.3	357.3	39.8	392.4	-160.5	17318.1	75.9	
51.10	350.7	9.9	-53.8	-0.0	260.6	-0.3	350.4	25.4	386.0	272.5	17268.1	76.0	
51.15	353.4	10.1	-57.5	-0.0	260.9	-0.3	352.0	-0.6	384.8	897.4	17267.5	63.3	
51.20	356.0	10.4	-59.8	-0.0	260.3	-0.3	354.1	-30.2	388.0	1449.9	17177.0	55.2	
51.25	358.7	10.4	-58.2	-0.0	258.2	-0.3	350.2	-36.0	389.5	1765.0	16992.0	58.3	
51.30	1.3	10.0	-56.8	-0.0	255.5	-0.3	340.3	-33.4	386.3	1940.1	16804.2	60.6	
51.35	4.0	9.6	-59.7	-0.0	256.4	-0.3	338.4	-44.4	382.8	2193.8	16847.4	51.5	
51.40	6.7	9.6	-67.0	-0.0	262.4	-0.3	354.1	-57.7	387.8	2600.8	17192.8	32.6	
51.45	9.3	9.6	-72.5	-0.0	269.4	-0.3	372.2	-69.7	397.2	2980.3	17598.5	20.6	
51.50	12.0	9.6	-72.3	-0.0	273.5	-0.3	375.4	-94.7	400.1	3452.5	17801.2	25.4	
51.55	14.7	9.7	-73.5	-0.0	276.6	-0.3	371.9	-122.7	399.3	4140.7	17878.7	24.4	
51.60	17.3	9.6	-75.2	-0.0	278.8	-0.3	368.8	-146.8	405.8	4816.2	17864.8	20.7	
51.65	20.0	9.6	-76.3	-0.0	281.0	-0.3	369.6	-164.4	416.1	5219.7	17892.0	19.1	
51.70	22.7	9.8	-79.8	-0.0	285.3	-0.3	375.5	-175.3	420.1	5506.4	18111.7	11.5	
51.75	25.4	9.3	-86.3	-0.0	291.5	-0.3	384.3	-188.5	418.0	5794.7	18474.2	-4.8	
51.80	28.1	9.1	-91.3	-0.0	296.0	-0.3	391.2	-199.2	420.9	5975.2	18739.1	-17.3	
51.85	30.8	9.1	-94.1	-0.0	297.5	-0.3	395.0	-197.8	432.9	6093.6	18804.8	-25.5	
51.90	33.5	9.9	-94.1	-0.0	297.1	-0.3	391.1	-203.2	442.5	6316.0	18695.0	-26.1	
51.95	36.2	10.3	-92.3	-0.0	296.7	-0.3	382.1	-226.1	445.7	6728.9	18499.8	-20.3	
52.00	38.8	10.5	-92.1	-0.0	297.8	-0.3	378.0	-243.6	451.5	7200.1	18390.3	-18.4	
52.05	41.5	10.8	-94.1	-0.0	299.0	-0.3	377.6	-247.6	461.4	7424.7	18382.7	-24.0	
52.10	44.2	11.0	-95.7	-0.0	300.2	-0.3	378.2	-250.1	468.7	7418.2	18470.6	-28.3	
52.15	46.9	11.2	-99.7	-0.0	303.8	-0.3	385.1	-255.5	473.9	7477.1	18709.2	-38.4	
52.20	49.7	11.2	-103.0	-0.0	307.5	-0.3	394.7	-262.0	481.6	7508.4	18955.3	-46.1	
52.25	52.4	11.1	-102.6	-0.0	307.9	-0.3	398.9	-264.9	494.9	7435.6	18990.9	-44.2	
52.30	55.0	11.1	-101.0	-0.0	306.6	-0.3	398.4	-262.4	510.9	7399.3	18890.9	-40.1	
52.35	57.7	11.0	-100.1	-0.0	306.1	-0.3	394.5	-269.9	523.1	7482.1	18805.9	-37.4	
52.40	60.4	10.8	-99.7	-0.0	306.8	-0.3	391.0	-287.2	532.8	7729.2	18732.6	-35.5	
52.45	63.1	10.5	-100.4	-0.0	308.5	-0.3	392.5	-299.9	545.5	8024.3	18706.3	-36.0	
52.50	65.8	10.3	-100.9	-0.0	309.9	-0.3	393.7	-307.3	559.7	8280.1	18681.4	-36.4	
52.55	68.5	10.1	-102.7	-0.0	311.6	-0.3	393.3	-310.3	573.6	8492.3	18712.6	-40.9	
52.60	71.2	9.9	-106.2	-0.0	313.8	-0.3	394.6	-310.6	586.7	8608.2	18828.4	-50.7	
52.65	73.9	9.2	-108.0	-0.0	314.9	-0.3	396.9	-312.4	601.6	8623.0	18893.0	-55.7	
52.70	76.6	9.2	-110.2	-0.0	315.6	-0.3	402.1	-313.6	620.3	8668.4	18898.1	-62.6	
52.75	79.3	9.4	-114.4	-0.0	317.3	-0.3	409.6	-314.3	638.5	8797.2	18942.2	-75.3	
52.80	82.0	9.6	-118.0	-0.0	319.3	-0.3	415.7	-317.0	653.5	8902.8	19028.3	-85.7	
52.85	84.7	9.6	-119.3	-0.0	320.7	-0.3	419.8	-322.4	665.6	8955.0	19089.4	-88.7	
52.90	87.4	9.6	-119.9	-0.0	320.7	-0.3	420.4	-333.6	678.5	9091.7	18985.4	-90.9	
52.95	90.1	9.6	-119.8	-0.0	318.0	-0.3	414.4	-342.0	692.2	9281.3	18656.4	-93.2	
53.00	92.8	9.4	-115.2	-0.0	312.5	-0.3	398.8	-341.1	705.5	9341.8	18183.3	-83.0	
53.05	95.6	9.2	-107.7	-0.0	306.3	-0.3	377.3	-336.1	714.2	9183.4	17800.6	-63.4	
53.10	98.3	9.1	-103.9	-0.0	301.9	-0.3	360.4	-328.5	721.7	8978.8	17575.8	-54.7	
53.15	101.0	8.9	-104.5	-0.0	298.1	-0.3	353.8	-319.5	734.1	8841.0	17352.8	-60.5	
53.20	103.7	8.7	-102.7	-0.0	294.0	-0.3	353.0	-310.7	750.5	8660.4	17099.4	-58.4	
53.25	106.5	8.5	-102.1	-0.0	292.2	-0.3	357.2	-300.5	766.4	8481.7	17038.9	-58.4	
53.30	109.2	8.6	-103.6	-0.0	294.9	-0.3	363.7	-298.2	776.4	8438.9	17268.1	-60.8	
53.35	111.9	8.5	-105.3	-0.0	299.4	-0.3	372.4	-301.2	782.0	8368.8	17645.4	-62.0	
53.40	114.7	8.1	-108.0	-0.0	303.7	-0.3	390.3	-291.8	794.0	8180.2	18054.8	-67.1	
53.45	117.4	8.2	-110.8	-0.0	307.4	-0.3	412.7	-281.7	811.7	7964.1	18399.8	-73.1	
53.50	120.2	8.4	-111.2	-0.0	309.4	-0.3	425.1	-283.3	826.1	7749.4	18608.4	-72.4	
53.55	122.9	8.8	-109.7	-0.0	309.1	-0.3	426.9	-273.9	838.5	7468.4	18698.3	-67.5	
53.60	125.6	8.7	-104.7	-0.0	304.9	-0.3	419.9	-254.9	850.3	7039.0	18568.9	-54.5	
53.65	128.4	8.5	-97.4	-0.0	298.1	-0.3	407.2	-245.2	862.8	6607.2	18219.3	-36.3	
53.70	131.1	8.3	-96.0	-0.0	294.1	-0.3	403.4	-241.2	879.1	6524.5	17931.4	-35.4	
53.75	133.9	7.8	-94.6	-0.0	290.7	-0.3	399.2	-241.0	893.4	6519.6	17657.8	-34.1	
53.80	136.6	7.6	-86.5	-0.0	283.3	-0.3	381.0	-233.8	902.1	6245.5	17213.9	-13.7	
53.85	139.3	7.5	-79.2	-0.0	275.1	-0.3	362.6	-211.2	911.0	5894.9	16760.2	3.2	
53.90	142.1	8.0	-76.7	-0.0	269.4	-0.3	354.2	-195.7	919.9	5581.4	16450.8	6.2	
53.95	144.9	8.3	-76.2	-0.0	266.2	-0.3	356.8	-184.1	931.5	5193.2	16319.8	4.7	
54.00	147.6	8.4	-77.4	-0.0	265.7	-0.3	368.6	-160.2	946.6	4755.4	16400.6	-0.1	
54.05	150.4	8.5	-79.1	-0.0	266.4	-0.3	377.3	-143.0	956.0	4355.9	16551.2	-5.1	
54.10	153.2	8.4	-78.1	-0.0	265.7	-0.3	375.9	-134.4	958.6	4050.9	16585.0	-2.4	
54.15	156.0	8.3	-75.8	-0.0	264.0	-0.3	372.7	-120.3	967.5	3863.8	16512.2	3.9	
54.20	158.7	8.4	-71.9	-0.0	261.9	-0.3	367.8	-114.6	980.4	3671.4	16405.9	15.0	
54.25	161.5	8.3	-68.6	-0.0	261.2	-0.3	362.4	-111.5	986.2	3508.9	16399.0	25.8	
54.30	164.3	8.3	-67.0	-0.0	262.3	-0.3	359.2	-102.4	985.5	3317.7	16542.5	32.2	
54.35	167.1	8.4	-64.9	-0.0	263.6	-0.3	360.0	-91.1	985.4	2885.7	16730.6	40.7	
54.40	169.9	8.4	-68.1	-0.0	265.9	-0.3	370.6	-72.7	992.6	2459.8	16949.0	32.3	
54.45	172.7	8.4	-73.4	-0.0	268.2	-0.3	383.0	-54.1	1000.5	2170.6	17134.6	16.4	
54.50	175.5	8.2	-72.6	-0.0	267.1	-0.3	381.1	-43.5	1001.0	1817.2	17094.9	17.7	
54.55	178.3	8.3	-68.1	-0.0	263.3	-0.3	370.7	-27.0	999.7	1444.4	16879.9	29.7	
54.60	181.1	8.5	-64.1	-0.0	258.8	-0.3	361.0	-12.0	1000.9	1239.7	16586.0	38.9	
54.65	183.9	8.8	-61.7	-0.0	254.6	-0.3	353.5	-11.5	1001.2	1143.9	16298.8	42.9	
54.70	186.7	9.0	-60.7	-0.0	252.2	-0.3	350.8	1.1	1002.4	996.5	16133.9	43.8	
54.75	189.5	9.1	-59.1	-0.0	251.5	-0.3	349.6	27.2	1000.2	578.7	16099.6	48.7	
54.80	192.3	8.8	-56.7	-0.0	252.3	-0.3	349.4	43.1	993.4	-27.5	16172.1	57.7	
54.85	195.2	8.9	-59.5	-0.0	255.7	-0.3	360.0	61.4	992.5	-539.3	16380.7	51.3	
54.90	198.0	9.1	-61.0	-0.0	257.9	-0.3	369.8	84.2	996.9	-975.0	16485.3	48.7	
54.95	200.8	9.2	-57.0	-0.0	255.2	-0.3	361.4	99.4	996.2	-1412.7	16260.0	59.4	
55.00	203.6	9.4	-52.6	-0.0	250.5	-0.3	344.9	113.8	989.1	-1713.2	15915.7	69.9	
55.05	206.4	9.3	-49.0	-0.0	246.6	-0.3	332.0	124.0	981.6	-1872.4	15629.2	78.2	
55.10	209.2	8.9	-48.0	-0.0	244.7	-0.3	327.9	124.6	975.4	-2081.1	15476.6	80.1	
55.15	212.0	9.0	-48.4	-0.0	245.4	-0.3	333.3	133.9	970.9	-2386.7	15466.3	79.2	
55.20	214.9	9.0	-50.8	-0.0	248.4	-0.3	341.6	152.1	963.6	-2831.2	15581.8	74.0	
55.25	217.7	8.9	-52.9	-0.0	252.1	-0.3	347.3	169.3	953.3	-3384.4	15725.6	70.5	
55.30	220.5	8.8	-52.9	-0.0	254.1	-0.3	349.3	189.5	948.1	-3886.5	15736.5	72.4	
55.35	223.4	8.9	-49.9	-0.0	254.1	-0.3	347.5	209.8	947.4	-4302.3	15600.6	82.7	
55.40	226.2	9.1	-47.1	-0.0	254.1	-0.3	343.4	219.2	942.6	-4663.9	15501.1	92.6	
55.45	229.1	9.1	-46.9	-0.0	255.8	-0.3	340.0	225.2	931.3	-4907.5	15562.1	94.8	
55.50	232.0	9.2	-48.0	-0.0	257.6	-0.3	340.2	230.9	920.5	-5005.9	15675.0	92.8	
55.55	234.8	9.4	-46.7	-0.0	257.9	-0.3	341.3	233.8	915.8	-5100.7	15667.0	97.4	
55.60	237.7	9.3	-43.1	-0.0	257.6	-0.3	338.4	238.7	911.2	-5295.6	15581.1	109.7	
55.65	240.6	9.1	-41.6	-0.0	259.6	-0.3	336.0	247.7	901.1	-5565.3	15640.1	116.7	
55.70	243.4	9.1	-42.5	-0.0	262.9	-0.3	338.2	254.8	889.2	-5775.7	15828.0	116.9	
55.75	246.3	9.4	-45.1	-0.0	267.4	-0.3	348.9	264.5	880.7	-5974.6	16079.3	112.5	
55.80	249.2	9.3	-48.8	-0.0	272.3	-0.3	365.8	277.0	875.8	-6155.7	16344.6	104.6	
55.85	252.1	9.3	-52.4	-0.0	276.0	-0.3	378.4	280.6	865.7	-6196.3	16598.1	96.1	
55.90	254.9	9.4	-53.1	-0.0	276.8	-0.3	378.2	272.7	848.6	-6065.6	16737.3	94.5	
55.95	257.8	9.1	-48.9	-0.0	274.0	-0.3	369.4	269.0	833.5	-5873.0	16623.6	106.0	
56.00	260.7	9.2	-43.5	-0.0	269.3	-0.3	359.0	271.0	823.6	-5753.6	16321.8	120.1	
56.05	263.6	9.4	-40.4	-0.0	265.7	-0.3	350.0	266.1	811.4	-5649.3	16109.0	127.1	
56.10	266.5	9.3	-41.9	-0.0	266.2	-0.3	348.9	262.3	793.4	-5579.4	16197.4	122.4	
56.15	269.3	9.3	-43.2	-0.0	270.0	-0.3	353.9	271.8	776.0	-5740.4	16430.6	121.6	
56.20	272.2	9.4	-40.9	-0.0	272.6	-0.3	355.6	284.7	764.2	-6019.1	16519.0	132.2	
56.25	275.1	9.3	-40.2	-0.0	273.6	-0.3	355.5	291.4	752.3	-6125.4	16559.5	135.5	
56.30	278.1	9.2	-40.7	-0.0	273.6	-0.3	354.5	287.4	739.2	-6022.0	16615.9	133.9	
56.35	281.0	9.1	-41.7	-0.0	273.3	-0.3	355.0	279.7	729.3	-5900.0	16656.7	130.2	
56.40	283.9	8.8	-43.2	-0.0	272.9	-0.3	359.2	271.0	723.2	-5748.6	16688.9	124.7	
56.45	286.8	8.8	-45.6	-0.0	272.1	-0.3	363.5	255.1	714.1	-5467.4	16747.2	115.7	
56.50	289.8	9.0	-48.6	-0.0	272.8	-0.3	365.5	244.3	698.1	-5348.1	16865.5	106.0	
56.55	292.7	9.6	-51.2	-0.0	273.7	-0.3	367.9	251.1	683.4	-5455.2	16899.1	98.1	
56.60	295.7	9.4	-49.9	-0.0	271.6	-0.3	364.2	263.5	675.0	-5724.8	16638.3	100.3	
56.65	298.7	9.5	-44.8	-0.0	265.9	-0.3	347.9	260.1	666.8	-5959.9	16145.6	112.1	
56.70	301.6	9.9	-40.5	-0.0	260.3	-0.3	330.9	255.7	654.5	-6039.7	15724.7	121.4	
56.75	304.6	10.0	-37.8	-0.0	255.5	-0.3	320.9	257.8	646.7	-5973.5	15387.7	125.6	
56.80	307.5	10.0	-35.1	-0.0	250.6	-0.3	315.4	250.3	645.1	-5729.4	15113.7	129.9	
56.85	310.5	9.8	-35.4	-0.0	246.3	-0.3	315.3	226.8	641.5	-5084.2	15049.3	124.8	
56.90	313.4	9.8	-37.2	-0.0	244.6	-0.3	316.7	201.0	629.7	-4359.5	15189.9	116.9	
56.95	316.4	9.7	-35.3	-0.0	244.1	-0.3	312.5	183.6	617.0	-3974.6	15304.0	123.1	
57.00	319.3	9.5	-35.8	-0.0	245.6	-0.3	314.6	179.7	609.5	-3779.3	15476.4	122.9	
57.05	322.3	9.6	-40.8	-0.0	250.6	-0.3	328.2	176.1	602.8	-3548.0	15895.8	110.7	
57.10	325.3	9.5	-47.1	-0.0	258.0	-0.3	345.6	164.5	595.7	-3296.5	16493.7	96.1	
57.15	328.2	9.3	-52.5	-0.0	266.7	-0.3	364.4	154.6	589.5	-3051.5	17175.1	86.6	
57.20	331.2	9.4	-58.2	-0.0	274.8	-0.3	382.2	139.7	584.9	-2620.8	17836.1	74.9	
57.25	334.2	9.2	-61.3	-0.0	279.7	-0.3	391.2	106.4	579.0	-1921.0	18309.4	69.3	
57.30	337.1	8.9	-62.8	-0.0	282.9	-0.3	396.4	72.9	572.4	-1129.4	18631.3	67.2	
57.35	340.1	9.2	101.9	-0.0	-286.3	-0.3	404.0	53.3	569.3	-441.1	18905.0	63.4	
57.40	343.1	9.5	102.3	-0.0	-288.7	-0.3	407.8	34.6	563.5	31.1	19091.9	62.5	
57.45	346.1	9.8	103.4	-0.0	-289.6	-0.3	406.1	19.9	553.6	333.3	19177.5	65.4	
57.50	349.1	10.4	105.1	-0.0	-289.1	-0.3	403.8	12.7	549.6	562.4	19145.1	71.5	
57.55	352.1	10.4	105.8	-0.0	-287.4	-0.3	402.7	13.1	554.9	673.1	19010.0	75.7	
57.60	355.1	10.1	103.5	-0.0	-285.8	-0.3	401.7	10.2	560.6	881.3	18880.7	69.6	
57.65	358.1	9.5	101.6	-0.0	-285.9	-0.3	401.4	-2.9	562.0	1303.6	18862.2	62.7	
57.70	1.1	9.8	102.3	-0.0	-287.3	-0.3	401.8	-31.9	564.5	1840.8	18917.7	64.0	
57.75	4.1	10.1	103.8	-0.0	-291.2	-0.3	408.8	-56.8	570.7	2338.2	19120.7	65.2	
57.80	7.1	10.0	102.5	-0.0	-298.8	-0.3	424.3	-69.3	572.5	2714.6	19606.5	53.2	
57.85	10.2	9.9	100.4	-0.0	-307.8	-0.3	438.7	-89.2	568.1	3065.3	20191.8	36.9	
57.90	13.2	9.9	99.2	-0.0	-315.4	-0.3	453.6	-104.9	569.9	3339.8	20678.6	25.3	
57.95	16.2	10.0	101.6	-0.0	-318.0	-0.3	460.8	-110.2	581.0	3378.3	20836.4	30.8	
58.00	19.2	9.8	105.1	-0.0	-315.7	-0.3	452.6	-115.3	590.3	3353.0	20675.9	45.0	
58.05	22.3	9.7	103.6	-0.0	-313.9	-0.3	441.9	-123.0	592.9	3536.2	20535.3	41.8	
58.10	25.3	9.8	100.4	-0.0	-314.2	-0.3	436.9	-135.3	599.2	3890.6	20491.3	30.4	
58.15	28.3	9.7	97.6	-0.0	-316.1	-0.3	440.8	-147.1	613.9	4260.4	20530.7	18.9	
58.20	31.4	9.6	95.7	-0.0	-319.5	-0.3	449.4	-165.7	628.1	4782.2	20624.8	9.2	
58.25	34.4	9.7	94.8	-0.0	-322.6	-0.3	451.3	-198.4	634.0	5489.7	20644.7	2.9	
58.30	37.4	9.4	95.2	-0.0	-323.9	-0.3	446.2	-223.8	639.2	6012.2	20573.7	2.9	
58.35	40.5	9.3	94.6	-0.0	-324.2	-0.3	445.1	-224.7	654.9	6256.7	20515.9	0.5	
58.40	43.5	9.3	93.7	-0.0	-324.9	-0.3	447.1	-218.2	674.9	6361.0	20522.9	-3.2	
58.45	46.6	9.3	94.8	-0.0	-326.9	-0.3	446.7	-231.9	686.2	6474.6	20623.7	-1.3	
58.50	49.6	9.4	93.9	-0.0	-331.7	-0.3	452.7	-249.1	696.3	6744.6	20868.7	-9.4	
58.55	52.7	9.3	90.3	-0.0	-337.8	-0.3	462.8	-257.3	714.3	7143.4	21167.6	-27.9	
58.60	55.8	8.8	91.0	-0.0	-343.0	-0.3	464.3	-276.3	731.1	7620.2	21372.7	-30.7	
58.65	58.9	8.8	92.6	-0.0	-349.4	-0.3	464.8	-299.0	743.5	8284.7	21594.4	-31.4	
58.70	61.9	9.0	91.4	-0.0	-357.7	-0.3	475.8	-320.1	755.2	8962.9	21924.7	-43.9	
58.75	65.0	9.3	87.3	-0.0	-364.4	-0.3	491.6	-339.3	768.3	9371.7	22218.2	-64.7	
58.80	68.1	9.7	81.2	-0.0	-368.5	-0.3	507.6	-340.3	782.2	9483.6	22456.5	-89.8	
58.85	71.2	9.9	75.4	-0.0	-370.7	-0.3	518.4	-325.9	793.6	9369.2	22667.5	-111.8	
58.90	74.3	9.7	75.7	-0.0	-369.9	-0.3	518.7	-317.8	802.4	9113.5	22712.7	-110.1	
58.95	77.4	9.8	77.8	-0.0	-367.9	-0.3	517.8	-313.1	816.5	8973.7	22604.0	-100.9	
59.00	80.5	10.0	78.5	-0.0	-366.3	-0.3	518.3	-313.8	834.7	9006.5	22444.1	-96.7	
59.05	83.6	9.6	79.8	-0.0	-364.1	-0.3	511.1	-324.3	850.9	9110.5	22207.2	-90.0	
59.10	86.7	9.3	81.4	-0.0	-362.3	-0.3	502.3	-336.8	866.4	9301.4	21969.4	-83.0	
59.15	89.8	9.0	83.5	-0.0	-359.6	-0.3	491.2	-345.1	882.2	9415.1	21699.6	-73.0	
59.20	92.9	9.1	84.1	-0.0	-355.4	-0.3	480.5	-341.8	896.9	9284.5	21433.0	-66.6	
59.25	96.0	8.9	84.3	-0.0	-348.4	-0.3	468.2	-327.5	909.4	8837.5	21095.8	-59.0	
59.30	99.1	8.6	83.8	-0.0	-341.3	-0.3	460.0	-314.2	926.1	8341.9	20750.3	-53.8	
59.35	102.2	8.4	84.2	-0.0	-334.1	-0.3	450.6	-301.5	946.3	7887.1	20371.7	-45.2	
59.40	105.3	8.3	85.6	-0.0	-327.9	-0.3	440.3	-288.7	964.4	7501.7	20053.9	-34.2	
59.45	108.4	8.2	86.2	-0.0	-323.5	-0.3	432.4	-279.5	982.8	7374.4	19765.1	-27.7	
59.50	111.5	8.2	84.2	-0.0	-321.7	-0.3	431.6	-284.8	1005.2	7525.6	19535.5	-32.5	
59.55	114.7	8.4	82.8	-0.0	-321.6	-0.3	435.1	-293.7	1028.0	7747.8	19394.9	-37.2	
59.60	117.9	8.3	88.8	-0.0	-313.3	-0.3	429.7	-256.3	1053.6	6586.5	19210.4	-8.6	
59.65	121.0	7.9	85.6	-0.0	-317.1	-0.3	441.5	-267.1	1062.8	6469.1	19498.3	-23.2	
59.70	124.1	7.8	80.4	-0.0	-320.1	-0.3	446.1	-221.9	1090.9	6501.3	19759.1	-44.1	
59.75	127.4	7.8	115.1	0.5	-310.3	-0.3	426.4	-230.1	1090.0	5559.0	19319.2	20.0	
59.80	130.6	7.9	109.5	0.9	-308.5	-0.3	428.2	-197.4	1110.3	5189.8	19305.1	18.9	
59.85	133.7	8.2	98.5	1.2	-313.5	-0.2	438.3	-177.0	1143.1	5296.7	19638.9	-11.5	
59.90	137.0	8.4	100.0	1.4	-311.5	-0.1	435.5	-225.5	1141.4	4719.4	19571.8	5.0	
59.95	140.2	8.5	95.2	1.5	-311.8	-0.1	444.4	-205.0	1152.4	4676.8	19602.3	-5.1	
60.00	143.3	8.5	92.0	1.7	-310.7	0.0	439.2	-162.3	1176.2	5083.8	19458.5	-9.7	
60.05	146.5	8.6	94.7	1.7	-304.0	0.1	423.6	-177.7	1172.5	4939.7	19005.7	9.9	
60.10	149.7	8.8	88.7	1.8	-301.4	0.2	427.5	-152.9	1178.7	4632.4	18887.4	-5.2	
60.15	152.9	9.0	87.3	1.9	-297.5	0.3	423.3	-117.6	1196.4	3955.8	18767.6	-3.9	
60.20	156.2	8.8	91.3	1.9	-286.2	0.4	400.4	-112.3	1201.1	2869.6	18163.4	22.7	
60.25	159.4	8.5	84.7	1.9	-279.1	0.5	395.6	-60.0	1218.7	2421.1	17719.1	8.3	
60.30	162.6	8.4	85.3	1.9	-271.8	0.6	382.4	-22.8	1242.2	2092.2	17240.2	18.6	
60.35	165.9	8.2	93.2	2.0	-262.1	0.7	358.9	-37.2	1251.8	1310.0	16636.3	56.1	
60.40	169.2	8.1	90.3	2.0	-260.9	0.8	361.7	-31.4	1259.7	930.6	16562.0	47.7	
60.45	172.5	8.1	89.8	2.0	-260.3	0.9	361.4	-37.7	1263.1	904.0	16514.1	46.9	
60.50	175.8	8.7	88.4	2.0	-254.3	1.0	347.7	-44.9	1264.3	636.7	16106.6	48.2	
60.55	179.1	9.0	83.6	2.0	-249.6	1.0	343.8	2.5	1275.1	266.2	15768.1	36.9	
60.60	182.3	9.0	82.5	2.0	-246.9	1.1	339.7	41.7	1275.0	-517.8	15568.8	36.0	
60.65	185.6	8.7	79.8	2.0	-246.0	1.2	337.9	50.3	1268.1	-1481.0	15444.5	27.6	
60.70	188.9	8.6	69.9	2.0	-247.1	1.3	349.0	90.8	1277.9	-2105.4	15387.6	-7.3	
60.75	192.2	8.7	73.5	2.0	-241.9	1.4	340.1	134.8	1290.2	-2662.3	14878.7	10.2	
60.80	195.5	8.8	82.1	2.0	-232.5	1.5	309.5	160.6	1289.3	-3146.8	14103.7	49.2	
60.85	198.9	9.1	80.2	2.0	-225.5	1.6	283.9	180.5	1289.0	-3290.8	13566.3	49.5	
60.90	202.2	9.4	80.4	2.0	-221.2	1.7	271.7	162.9	1290.1	-3461.7	13243.6	54.8	
60.95	205.6	9.4	81.2	2.0	-220.2	1.8	269.9	147.7	1290.7	-3724.1	13125.0	58.4	
61.00	209.0	9.6	78.5	2.0	-224.1	1.9	277.1	173.5	1291.0	-3935.6	13310.8	45.5	
61.05	212.4	9.6	83.0	2.0	-229.9	2.0	285.5	195.2	1280.2	-4464.0	13555.5	54.9	
61.10	215.8	9.6	83.6	2.0	-237.5	2.1	300.8	207.1	1273.1	-5094.0	13889.7	49.6	
61.15	219.2	10.0	76.0	2.0	-247.6	2.2	324.4	224.8	1278.8	-5650.1	14398.7	13.4	
61.20	222.6	9.9	75.7	2.0	-254.5	2.3	341.5	233.0	1277.6	-6178.1	14694.7	5.4	
61.25	226.0	9.4	76.7	2.0	-254.9	2.4	342.5	246.5	1267.4	-6289.6	14662.1	8.5	
61.30	229.4	9.4	74.6	2.0	-248.7	2.5	325.7	260.4	1263.2	-5975.9	14302.0	7.3	
61.35	232.9	9.4	75.9	2.0	-240.8	2.6	312.1	256.9	1256.8	-5796.0	13771.0	19.7	
61.40	236.3	9.4	72.9	2.0	-236.2	2.7	312.7	258.6	1245.8	-5751.0	13420.0	14.0	
61.45	239.7	9.4	66.1	2.0	-232.6	2.8	302.9	265.8	1234.6	-5818.6	13112.5	-5.6	
61.50	243.1	9.6	67.3	2.0	-229.0	2.9	288.4	276.9	1220.7	-6204.7	12650.7	1.9	
61.55	246.6	9.6	73.7	2.0	-226.6	3.0	276.2	312.4	1207.5	-6709.9	12134.4	26.6	
61.60	250.0	9.5	76.9	2.0	-225.7	3.1	260.2	332.6	1203.4	-7109.4	11814.0	38.4	
61.65	253.5	9.7	75.2	2.0	-228.6	3.2	262.3	324.4	1195.0	-7383.7	11930.0	29.5	
61.70	257.0	9.7	70.3	2.0	-233.9	3.3	285.9	313.6	1181.7	-7403.3	12375.0	7.4	
61.75	260.5	9.8	66.1	2.0	-234.9	3.4	292.7	301.8	1172.5	-7206.7	12601.0	-8.2	
61.80	264.0	9.8	67.3	2.0	-233.1	3.5	287.8	292.8	1157.1	-7008.3	12596.7	-2.0	
61.85	267.4	9.6	67.2	2.0	-233.4	3.6	287.1	302.3	1131.2	-6899.3	12690.8	-2.9	
61.90	270.9	9.4	68.1	2.0	-233.9	3.7	271.5	304.1	1107.5	-7070.6	12691.7	-0.1	
61.95	274.4	9.4	73.1	2.0	-234.3	3.8	260.5	304.0	1092.6	-7433.6	12553.8	16.6	
62.00	277.9	9.5	76.5	2.0	-238.8	3.9	273.2	327.3	1080.6	-7815.5	12643.0	23.7	
62.05	281.4	9.7	75.4	2.0	-242.7	4.0	284.2	347.5	1073.7	-7930.8	12850.6	15.9	
62.10	284.9	10.0	68.0	2.0	-242.8	4.1	296.4	348.8	1071.3	-7754.6	12936.1	-9.3	
62.15	288.4	10.0	60.0	2.0	-239.8	4.2	310.0	332.2	1068.2	-7523.3	12825.5	-33.8	
62.20	292.0	9.7	57.4	2.0	-233.9	4.3	299.3	308.9	1061.9	-7307.1	12516.4	-36.7	
62.25	295.6	9.5	58.2	2.0	-225.6	4.4	273.9	287.1	1046.3	-6969.3	12116.4	-25.9	
62.30	299.1	9.8	59.3	2.0	-217.5	4.5	255.1	276.1	1027.4	-6572.7	11723.3	-14.0	
62.35	302.7	9.9	62.5	2.0	-212.1	4.6	241.4	268.7	1019.3	-6368.3	11420.4	2.5	
62.40	306.3	10.0	65.2	2.0	-210.5	4.7	240.0	251.8	1018.7	-6270.9	11385.1	13.4	
62.45	309.8	10.2	62.1	2.0	-215.0	4.8	259.1	239.2	1008.4	-6133.0	11836.5	-1.7	
62.50	313.4	10.1	60.0	2.0	-221.4	4.9	277.8	232.4	991.1	-5937.0	12463.3	-15.6	
62.55	317.0	10.0	58.7	2.0	-226.4	5.0	298.9	236.7	985.3	-5549.6	12991.9	-25.0	
62.60	320.5	9.9	55.2	2.0	-229.3	5.1	326.1	231.2	991.0	-4944.8	13411.6	-39.9	
62.65	324.1	9.8	52.5	2.0	-229.1	5.2	333.0	199.6	985.9	-4305.2	13647.4	-48.8	
62.70	327.6	10.2	52.2	2.0	-224.0	5.3	316.5	164.2	967.7	-3666.4	13549.1	-45.0	
62.75	331.2	10.5	53.8	2.0	-214.2	5.4	294.2	145.1	957.6	-3074.2	13025.3	-29.6	
62.80	334.8	10.4	57.1	2.0	-202.3	5.5	269.1	128.2	958.7	-2526.9	12309.9	-6.2	
62.85	338.4	10.1	57.0	2.0	-195.1	5.6	255.8	112.3	953.2	-1959.0	11922.1	0.7	
62.90	342.0	9.9	51.5	2.0	-194.7	5.7	261.7	86.1	941.0	-1476.8	11986.1	-18.1	
62.95	345.6	9.8	44.6	2.0	-198.5	5.8	279.0	68.7	934.5	-1287.1	12263.6	-45.3	
63.00	349.2	9.6	41.3	2.0	-197.7	5.9	283.3	62.5	940.7	-1104.8	12205.6	-55.8	
63.05	352.8	9.8	37.4	2.0	-191.4	6.0	273.8	45.0	944.4	-624.9	11803.2	-63.1	
63.10	356.4	10.0	33.2	2.0	-181.6	6.1	251.8	16.3	942.8	97.6	11145.5	-67.7	
63.15	0.0	9.9	29.8	2.0	-171.7	6.2	230.9	-6.6	946.3	726.3	10436.9	-69.6	
63.20	3.7	9.9	28.8	2.0	-164.4	6.3	215.1	-32.0	953.1	1276.1	9857.9	-65.5	
63.25	7.3	10.0	26.2	2.0	-163.0	6.4	210.5	-56.6	952.0	1844.7	9656.6	-73.1	
63.30	10.9	10.1	23.9	2.0	-164.1	6.5	211.5	-74.0	945.7	2395.4	9612.9	-81.9	
63.35	14.6	10.0	21.9	2.0	-162.1	6.6	207.1	-78.8	950.8	2702.5	9375.2	-87.0	
63.40	18.2	10.2	22.7	2.0	-156.6	6.7	194.9	-76.7	961.9	2655.7	8985.3	-78.7	
63.45	21.9	10.5	23.2	2.0	-153.4	6.8	187.1	-84.5	970.0	2721.0	8715.5	-73.9	
63.50	25.5	10.6	18.0	2.0	-154.8	6.9	185.7	-107.5	977.3	3064.5	8681.7	-93.2	
63.55	29.2	10.7	14.2	2.0	-157.6	7.0	186.1	-123.1	992.7	3492.4	8700.9	-108.9	
63.60	32.8	10.8	13.1	2.0	-160.5	7.1	192.3	-134.0	1009.0	3842.3	8747.5	-115.7	
63.65	36.5	10.9	12.3	2.0	-163.9	7.2	192.0	-160.4	1015.0	4259.0	8784.0	-121.6	
63.70	40.2	10.9	8.2	2.0	-168.4	7.3	186.5	-197.9	1016.5	4878.2	8768.8	-140.3	
63.75	43.8	10.8	4.8	2.0	-169.5	7.4	178.9	-216.6	1024.4	5305.0	8576.1	-153.1	
63.80	47.5	10.5	7.8	2.0	-164.5	7.5	164.4	-210.6	1039.0	5236.3	8210.3	-137.7	
63.85	51.1	10.6	10.2	2.0	-160.4	7.6	151.6	-201.2	1058.2	5287.2	7834.1	-125.4	
63.90	54.7	10.6	8.6	2.0	-160.6	7.7	151.2	-209.5	1074.5	5580.0	7609.5	-131.0	
63.95	58.4	10.6	8.5	2.0	-160.4	7.8	152.8	-229.3	1094.8	5797.8	7344.4	-131.3	
64.00	62.0	10.5	8.9	2.0	-159.7	7.9	155.9	-227.4	1125.3	6020.4	7065.0	-129.2	
64.05	65.7	11.1	7.3	2.0	-161.6	8.0	153.7	-232.5	1147.4	6397.8	6888.5	-136.7	
64.10	69.4	11.4	6.6	2.0	-166.5	8.1	142.5	-263.5	1156.5	6960.2	6754.4	-143.8	
64.15	73.0	11.2	5.2	2.0	-172.8	8.2	139.3	-287.3	1173.2	7560.4	6712.7	-154.9	
64.20	76.7	10.7	5.1	2.0	-176.9	8.3	151.1	-292.7	1196.9	7851.4	6777.7	-159.3	
64.25	80.4	10.4	5.3	2.0	-180.8	8.4	164.1	-300.0	1214.4	8020.7	6949.2	-162.7	
64.30	84.0	10.2	2.3	2.0	-186.0	8.5	173.3	-310.2	1223.1	8212.3	7256.9	-178.2	
64.35	87.7	10.1	-0.3	2.0	-187.1	8.6	180.9	-306.1	1234.8	8231.4	7345.6	-188.2	
64.40	91.4	10.3	1.3	2.0	-180.7	8.7	179.1	-296.3	1256.4	8002.2	6888.2	-176.2	
64.45	95.1	10.7	3.3	2.0	-171.6	8.8	160.9	-285.9	1278.6	7808.8	6102.6	-160.2	
64.50	98.7	11.0	3.4	2.0	-164.2	8.9	130.8	-285.5	1288.8	7735.4	5302.3	-152.6	
64.55	102.4	10.7	5.7	2.0	-156.5	9.0	92.5	-288.8	1291.8	7624.2	4448.8	-137.0	
64.60	106.1	10.5	8.0	2.0	-150.1	9.1	65.3	-280.4	1306.9	7548.3	3630.2	-122.6	
64.65	109.8	10.5	8.0	2.0	-145.7	9.2	55.1	-278.4	1327.7	7486.9	2935.0	-118.2	
64.70	113.5	10.9	2.9	2.0	-142.0	9.3	55.3	-271.6	1343.7	7351.4	2504.5	-132.2	
64.75	117.1	11.1	-1.7	2.0	-135.6	9.4	49.7	-256.4	1352.8	6973.8	2218.9	-141.5	
64.80	120.8	10.9	-3.5	2.0	-123.9	9.5	36.0	-231.8	1360.9	6239.5	1849.0	-136.1	
64.85	124.5	11.1	-3.3	2.0	-112.1	9.6	21.1	-199.9	1377.4	5531.9	1376.8	-123.4	
64.90	128.2	11.2	-4.0	2.0	-104.0	9.7	12.7	-187.0	1393.1	4995.6	1105.2	-117.8	
64.95	131.8	11.3	-7.9	2.0	-100.9	9.8	21.4	-185.6	1409.8	4721.9	1170.4	-127.9	
65.00	135.5	11.3	-16.6	2.0	-102.5	9.9	47.4	-183.9	1435.1	4748.2	1424.8	-159.5	
65.05	139.2	11.4	-24.2	2.0	-103.3	10.0	63.0	-189.4	1455.9	4731.5	1533.1	-186.5	
65.10	142.8	11.6	-27.9	2.0	-99.4	10.1	59.3	-177.8	1460.4	4476.9	1475.6	-195.2	
65.15	146.5	11.7	-28.4	2.0	-91.9	10.2	42.5	-153.0	1457.6	4076.5	1147.5	-189.3	
65.20	150.1	11.8	-24.8	2.0	-83.2	10.3	19.4	-140.5	1461.8	3589.0	489.4	-168.3	
65.25	153.7	11.9	-22.6	2.0	-75.1	10.4	6.4	-105.1	1473.9	3098.9	-155.6	-152.7	
65.30	157.4	12.3	-20.7	2.0	-66.9	10.5	-6.3	-66.5	1482.2	2487.8	-708.0	-138.0	
65.35	161.0	12.0	-16.6	2.0	-60.6	10.6	-22.7	-51.4	1481.5	1795.1	-1167.1	-117.6	
65.40	164.7	11.9	-15.4	2.0	-59.7	10.7	-29.4	-31.3	1487.3	1441.6	-1538.4	-112.6	
65.45	168.3	12.1	-15.5	2.0	-60.6	10.8	-28.8	-20.3	1496.6	1215.0	-1825.0	-113.7	
65.50	172.0	12.1	-16.9	2.0	-62.9	10.9	-32.2	-13.3	1500.8	1071.5	-2110.7	-121.0	
65.55	175.6	12.0	-20.0	2.0	-63.8	11.0	-36.0	6.4	1493.7	842.3	-2285.8	-132.4	
65.60	179.3	11.9	-22.2	2.0	-63.4	11.1	-38.5	13.9	1483.9	312.8	-2379.8	-139.5	
65.65	183.0	12.1	-27.2	2.0	-63.8	11.2	-34.4	22.8	1481.9	-104.6	-2429.9	-157.3	
65.70	186.6	12.2	-30.3	2.0	-65.6	11.3	-30.2	40.2	1480.4	-488.1	-2492.0	-169.6	
65.75	190.3	12.2	-25.9	2.0	-71.1	11.4	-36.5	61.1	1473.1	-1195.4	-2645.7	-160.0	
65.80	193.9	12.4	-20.2	2.0	-78.3	11.5	-38.1	100.7	1464.0	-1978.5	-2698.6	-147.7	
65.85	197.6	12.6	-19.3	2.0	-84.5	11.6	-36.2	128.4	1461.2	-2571.8	-2720.4	-150.7	
65.90	201.2	12.7	-23.0	2.0	-89.1	11.7	-37.5	133.2	1458.2	-2975.4	-2786.7	-168.2	
65.95	204.8	12.7	-26.7	2.0	-93.6	11.8	-43.1	147.0	1453.1	-3221.8	-2970.3	-185.1	
66.00	208.4	12.7	-21.4	2.0	-102.2	11.9	-58.2	172.9	1445.5	-3644.4	-3353.1	-175.7	
66.05	212.0	12.4	-14.9	2.0	-111.0	12.0	-73.0	188.6	1436.4	-4153.3	-3702.8	-162.0	
66.10	215.7	12.0	-18.3	2.0	-114.4	12.1	-69.5	203.2	1422.1	-4493.6	-3662.1	-177.0	
66.15	219.3	12.0	-23.4	2.0	-117.0	12.2	-55.4	214.8	1408.3	-4928.3	-3399.8	-197.4	
66.20	222.9	12.0	-23.2	2.0	-122.8	12.3	-44.3	233.0	1399.9	-5490.0	-3259.1	-202.4	
66.25	226.5	12.0	-19.7	2.0	-128.4	12.4	-37.0	258.1	1391.2	-5917.6	-3250.0	-196.0	
66.30	230.1	12.1	-18.3	2.0	-131.7	12.5	-38.7	263.9	1373.6	-6166.3	-3294.2	-194.4	
66.35	233.7	12.1	-21.8	2.0	-133.0	12.6	-47.6	268.9	1350.2	-6252.8	-3350.9	-208.0	
66.40	237.2	12.0	-23.4	2.0	-135.8	12.7	-56.6	285.0	1330.3	-6391.6	-3458.7	-216.1	
66.45	240.8	11.8	-19.0	2.0	-140.6	12.8	-65.3	292.8	1312.6	-6676.0	-3662.2	-205.8	
66.50	244.4	11.7	-17.0	2.0	-142.0	12.9	-65.7	292.4	1291.5	-6765.2	-3767.2	-200.4	
66.55	248.0	11.6	-18.7	2.0	-140.5	13.0	-59.3	286.1	1268.9	-6700.8	-3731.1	-204.8	
66.60	251.6	11.4	-17.0	2.0	-142.6	13.1	-55.7	296.7	1248.7	-6861.9	-3731.5	-200.8	
66.65	255.1	11.4	-8.9	2.0	-148.7	13.2	-57.9	320.2	1234.0	-7267.5	-3825.9	-179.2	
66.70	258.7	11.3	-3.6	2.0	-151.5	13.3	-61.3	325.6	1219.8	-7473.1	-3879.9	-163.9	
66.75	262.3	11.3	-4.6	2.0	-148.9	13.4	-58.9	316.2	1200.6	-7369.8	-3754.3	-164.8	
66.80	265.8	11.7	-8.0	2.0	-145.4	13.5	-51.1	312.4	1180.1	-7231.6	-3491.7	-172.8	
66.85	269.4	11.8	-10.6	2.0	-143.4	13.6	-40.7	321.9	1164.1	-7176.8	-3225.7	-179.8	
66.90	272.9	11.6	-11.0	2.0	-141.0	13.7	-30.2	320.3	1147.7	-7153.2	-2884.7	-178.7	
66.95	276.5	11.4	-14.8	2.0	-135.9	13.8	-17.4	304.1	1127.5	-6987.7	-2398.9	-186.6	
67.00	280.0	11.4	-20.8	2.0	-130.4	13.9	-3.4	290.0	1107.5	-6769.8	-1898.3	-201.9	
67.05	283.6	11.6	-23.2	2.0	-129.0	14.0	6.1	290.9	1088.1	-6739.5	-1634.1	-208.6	
67.10	287.1	12.0	-22.7	2.0	-129.5	14.1	9.5	296.6	1070.7	-6783.7	-1601.8	-207.5	
67.15	290.6	11.9	-23.0	2.0	-127.7	14.2	12.7	290.1	1053.9	-6692.4	-1540.5	-206.8	
67.20	294.1	11.5	-23.9	2.0	-125.2	14.3	11.4	282.4	1034.7	-6553.4	-1483.0	-207.5	
67.25	297.6	11.1	-20.5	2.0	-126.0	14.4	0.2	278.9	1009.0	-6622.7	-1561.2	-196.5	
67.30	301.1	11.3	-15.0	2.0	-126.8	14.5	-14.8	277.1	982.9	-6641.9	-1836.4	-178.1	
67.35	304.6	11.6	-15.4	2.0	-122.8	14.6	-19.4	269.1	968.0	-6274.8	-2112.5	-175.7	
67.40	308.1	11.8	-17.5	2.0	-116.2	14.7	-14.1	243.9	961.8	-5802.0	-2198.5	-176.3	
67.45	311.5	11.9	-19.2	2.0	-110.4	14.8	-12.3	227.6	947.9	-5407.9	-2164.9	-176.5	
67.50	315.0	12.4	-17.8	2.0	-107.8	14.9	-25.5	219.8	916.0	-5208.4	-2235.2	-168.9	
67.55	318.5	12.7	-12.4	2.0	-107.4	15.0	-46.2	204.1	889.3	-5062.0	-2604.2	-150.1	
67.60	321.9	12.8	-10.1	2.0	-104.7	15.1	-51.8	193.4	888.2	-4610.4	-3035.6	-139.4	
67.65	325.4	12.3	-12.3	2.0	-97.9	15.2	-39.2	173.9	890.7	-3980.5	-3138.6	-140.1	
67.70	328.8	12.3	-13.3	2.0	-90.4	15.3	-32.3	151.2	874.0	-3391.4	-3079.4	-136.2	
67.75	332.3	12.6	-12.0	2.0	-85.4	15.4	-33.7	139.3	846.6	-2932.1	-3088.0	-126.8	
67.80	335.7	12.9	-8.8	2.0	-84.0	15.5	-41.6	114.7	834.4	-2479.9	-3415.5	-114.0	
67.85	339.2	13.1	-5.1	2.0	-85.1	15.6	-52.5	85.7	834.4	-1748.6	-4003.5	-102.7	
67.90	342.6	13.2	1.5	2.0	-91.9	15.7	-77.8	69.5	826.4	-972.5	-4785.6	-86.8	
67.95	346.0	12.7	13.7	2.0	-102.0	15.8	-113.9	60.5	803.7	-677.7	-5549.7	-55.0	
68.00	349.4	12.7	20.7	2.0	-107.1	15.9	-131.8	56.6	786.0	-613.4	-5914.4	-36.0	
68.05	352.8	12.6	17.2	2.0	-104.5	16.0	-121.4	45.1	783.3	-336.0	-5786.6	-45.4	
68.10	356.2	12.2	10.5	2.0	-99.3	16.1	-103.6	19.4	782.1	78.9	-5470.9	-63.4	
68.15	359.6	11.6	8.7	2.0	-96.7	16.2	-97.3	10.2	772.0	338.0	-5292.0	-66.8	
68.20	2.9	11.2	10.9	2.0	-97.5	16.3	-101.9	10.5	761.8	432.9	-5342.4	-60.1	
68.25	6.3	11.0	11.1	2.0	-102.2	16.4	-115.0	-8.9	762.2	686.8	-5632.2	-64.0	
68.30	9.7	10.8	6.7	2.0	-107.4	16.5	-126.3	-38.0	764.7	1142.3	-5912.4	-84.4	
68.35	13.0	10.8	6.4	2.0	-110.4	16.6	-135.4	-57.4	759.2	1314.6	-6067.5	-88.3	
68.40	16.4	11.0	7.2	2.0	-109.8	16.7	-138.5	-61.7	751.8	1262.3	-6020.7	-84.9	
68.45	19.7	11.4	-0.6	2.0	-106.8	16.8	-129.0	-64.8	750.4	1529.5	-5753.1	-108.8	
68.50	23.0	11.6	-6.0	2.0	-106.0	16.9	-117.0	-88.8	752.9	2019.5	-5520.7	-126.7	
68.55	26.3	11.8	-1.1	2.0	-108.7	17.0	-111.2	-111.1	758.5	2375.8	-5563.4	-112.5	
68.60	29.6	11.8	8.9	2.0	-113.8	17.1	-112.7	-116.2	769.0	2618.8	-5853.8	-83.4	
68.65	32.9	11.4	15.4	2.0	-119.9	17.2	-118.6	-127.7	775.2	2979.3	-6146.7	-66.8	
68.70	36.1	11.1	16.1	2.0	-127.5	17.3	-125.2	-143.9	777.0	3599.2	-6423.5	-72.3	
68.75	39.4	11.1	21.9	2.0	-136.5	17.4	-132.5	-161.6	783.4	4141.7	-6825.0	-61.2	
68.80	42.7	11.1	33.4	2.0	-144.7	17.5	-141.4	-181.4	793.8	4440.1	-7291.3	-29.9	
68.85	45.9	11.1	38.8	2.0	-152.8	17.6	-151.5	-195.2	801.8	4873.9	-7676.4	-19.7	
68.90	49.2	11.2	41.2	2.0	-159.4	17.7	-162.9	-211.5	800.9	5325.8	-7909.4	-18.0	
68.95	52.4	10.6	46.4	2.0	-165.3	17.8	-172.6	-224.5	802.2	5667.1	-8156.1	-5.9	
69.00	55.7	10.4	52.5	2.0	-172.0	17.9	-172.2	-232.3	815.8	6097.2	-8437.2	8.4	
69.05	58.9	10.6	56.6	2.0	-178.1	18.0	-166.8	-254.5	830.2	6556.3	-8609.4	16.0	
69.10	62.1	10.2	58.5	2.0	-180.3	18.1	-161.1	-269.8	832.4	6933.9	-8483.0	20.5	
69.15	65.4	10.0	60.5	2.0	-178.9	18.2	-157.2	-267.6	827.9	7129.9	-8192.9	28.7	
69.20	68.6	10.1	64.7	2.0	-177.6	18.3	-154.8	-270.1	829.0	7153.0	-8036.8	44.6	
69.25	71.7	10.8	67.5	2.0	-180.9	18.4	-151.9	-278.4	842.4	7376.6	-8139.0	50.7	
69.30	74.9	10.7	68.7	2.0	-185.5	18.5	-153.1	-286.2	855.0	7633.0	-8331.9	50.4	
69.35	78.1	10.4	69.8	2.0	-187.3	18.6	-162.1	-290.4	854.6	7644.0	-8473.0	52.4	
69.40	81.3	10.3	71.5	2.0	-188.2	18.7	-173.5	-285.5	854.0	7555.4	-8642.1	57.3	
69.45	84.4	10.1	72.5	2.0	-189.9	18.8	-176.8	-285.8	863.3	7523.1	-8816.5	59.2	
69.50	87.5	10.0	72.1	2.0	-190.6	18.9	-169.9	-289.4	878.1	7509.1	-8888.8	56.8	
69.55	90.6	9.8	69.8	2.0	-189.6	19.0	-162.8	-287.0	891.1	7436.8	-8860.0	50.0	
69.60	93.7	9.6	65.7	2.0	-187.0	19.1	-164.1	-283.9	898.1	7179.4	-8819.6	38.5	
69.65	96.8	9.5	64.5	2.0	-184.7	19.2	-168.4	-280.4	904.2	6882.1	-8832.4	36.7	
69.70	99.9	9.6	62.6	2.0	-184.8	19.3	-170.2	-273.7	917.5	6721.2	-8966.8	30.2	
69.75	103.0	9.7	60.7	2.0	-185.6	19.4	-171.3	-270.1	933.1	6569.4	-9148.5	22.8	
69.80	106.0	9.9	58.3	2.0	-184.3	19.5	-172.2	-260.2	943.1	6328.8	-9213.3	15.7	
69.85	109.1	10.3	57.4	2.0	-181.4	19.6	-176.5	-247.2	945.9	6025.7	-9179.6	15.7	
69.90	112.1	10.1	57.3	2.0	-180.5	19.7	-183.0	-245.2	949.5	5814.9	-9221.6	16.2	
69.95	115.2	9.9	58.4	2.0	-182.9	19.8	-186.0	-243.6	962.5	5770.0	-9452.2	17.5	
70.00	118.2	9.8	62.3	2.0	-184.9	19.9	-184.2	-236.5	979.0	5650.3	-9707.5	29.0	
70.05	121.2	9.8	65.8	2.0	-184.1	20.0	-180.4	-222.6	988.3	5430.4	-9799.8	41.7	
70.10	124.2	9.9	67.0	2.0	-183.6	20.1	-180.6	-214.0	990.6	5358.0	-9818.7	46.3	
70.15	127.2	10.1	68.2	2.0	-183.2	20.2	-180.6	-214.9	989.4	5304.2	-9811.2	50.8	
70.20	130.2	10.0	72.0	2.0	-183.9	20.3	-178.8	-208.3	994.2	5247.8	-9913.2	63.2	
70.25	133.1	9.9	75.9	2.0	-186.5	20.4	-181.1	-200.1	1003.4	5223.3	-10153.6	74.1	
70.30	136.1	9.9	78.3	2.0	-189.7	20.5	-189.4	-201.7	1005.9	5224.4	-10405.4	79.2	
70.35	139.0	10.0	85.1	2.0	-192.0	20.6	-201.1	-192.7	1002.6	5153.9	-10628.7	100.1	
70.40	142.0	9.9	93.8	2.0	-191.1	20.7	-206.2	-170.6	1002.5	4787.0	-10757.8	131.0	
70.45	144.9	9.6	99.3	2.0	-189.2	20.8	-202.9	-155.4	1008.1	4411.9	-10799.4	151.7	
70.50	147.8	9.7	98.5	2.0	-188.6	20.9	-198.3	-151.7	1012.8	4300.6	-10808.0	149.5	
70.55	150.7	9.7	99.1	2.0	-188.1	21.0	-199.3	-148.1	1012.1	4089.2	-10853.9	152.2	
70.60	153.6	9.8	102.4	2.0	-186.9	21.1	-202.3	-132.0	1010.1	3717.3	-10918.1	164.5	
70.65	156.5	10.1	101.7	2.0	-185.5	21.2	-199.7	-117.9	1010.8	3537.0	-10893.7	163.5	
70.70	159.4	10.1	95.3	2.0	-183.6	21.3	-192.2	-122.3	1010.9	3550.9	-10752.2	143.5	
70.75	162.2	10.1	88.4	2.0	-180.1	21.4	-182.7	-121.7	1008.5	3440.2	-10534.1	123.4	
70.80	165.0	10.3	86.8	2.0	-175.0	21.5	-176.8	-101.4	1004.9	2927.9	-10335.7	122.9	
70.85	167.9	10.3	87.7	2.0	-170.1	21.6	-176.2	-74.1	998.5	2150.6	-10190.1	131.1	
70.90	170.7	10.1	85.2	2.0	-166.3	21.7	-175.9	-48.5	989.9	1520.5	-10046.1	126.2	
70.95	173.5	10.1	81.3	2.0	-163.3	21.8	-174.9	-27.1	984.0	977.7	-9908.1	115.7	
71.00	176.2	10.1	79.5	2.0	-160.1	21.9	-170.7	-1.6	983.0	295.4	-9728.0	112.7	
71.05	179.0	10.2	74.9	2.0	-155.9	22.0	-162.2	28.6	981.9	-381.3	-9419.1	101.1	
71.10	181.8	10.3	62.8	2.0	-150.1	22.1	-153.2	37.9	975.9	-810.9	-8978.1	65.5	
71.15	184.5	10.3	50.5	2.0	-143.5	22.2	-144.1	36.6	967.2	-1112.0	-8479.5	29.9	
71.20	187.3	10.3	42.4	2.0	-139.0	22.3	-136.4	56.3	962.1	-1554.5	-8068.7	6.4	
71.25	190.0	10.2	39.0	2.0	-137.0	22.4	-131.9	86.7	959.3	-2228.9	-7717.3	-3.1	
71.30	192.7	10.7	32.9	2.0	-134.2	22.5	-127.6	106.0	950.3	-2801.3	-7284.3	-21.3	
71.35	195.4	10.9	22.8	2.0	-129.5	22.6	-120.4	113.2	936.8	-3109.1	-6784.7	-51.2	
71.40	198.1	11.0	17.6	2.0	-125.5	22.7	-108.0	114.5	930.0	-3409.1	-6325.7	-65.0	
71.45	200.8	11.0	17.6	2.0	-123.7	22.8	-94.1	129.2	931.3	-3686.6	-6006.5	-63.3	
71.50	203.5	10.7	15.5	2.0	-122.3	22.9	-86.6	143.2	928.9	-3731.2	-5821.1	-68.9	
71.55	206.2	10.3	14.2	2.0	-121.1	23.0	-90.7	139.7	915.7	-3638.0	-5788.8	-72.4	
71.60	208.8	10.3	18.1	2.0	-122.3	23.1	-98.6	141.0	900.6	-3582.8	-5924.6	-60.3	
71.65	211.5	10.4	26.8	2.0	-125.7	23.2	-103.7	152.6	892.9	-3689.8	-6124.5	-33.7	
71.70	214.1	10.4	32.8	2.0	-127.7	23.3	-105.1	164.4	884.3	-3787.8	-6216.2	-15.1	
71.75	216.7	10.0	33.8	2.0	-126.9	23.4	-106.9	172.9	864.4	-3672.0	-6206.4	-11.0	
71.80	219.3	10.1	36.9	2.0	-126.6	23.5	-109.8	175.2	842.4	-3563.3	-6248.7	0.2	
71.85	221.9	10.4	44.0	2.0	-128.2	23.6	-108.1	176.0	833.3	-3535.1	-6411.4	23.0	
71.90	224.5	10.5	47.2	2.0	-129.1	23.7	-102.0	180.9	828.9	-3428.8	-6550.5	33.0	
71.95	227.0	10.4	45.4	2.0	-128.4	23.8	-101.4	180.8	811.0	-3272.8	-6583.9	27.3	
72.00	229.6	10.2	45.2	2.0	-128.3	23.9	-107.6	179.6	779.8	-3218.7	-6624.2	26.9	
72.05	232.1	10.2	49.8	2.0	-131.6	24.0	-113.1	189.1	754.8	-3371.8	-6808.0	39.5	
72.10	234.6	10.2	55.9	2.0	-137.2	24.1	-115.8	201.2	742.1	-3702.7	-7087.9	54.7	
72.15	237.2	10.2	57.4	2.0	-141.9	24.2	-120.7	208.7	726.2	-4043.1	-7295.4	55.2	
72.20	239.7	10.3	55.9	2.0	-145.0	24.3	-129.1	216.7	697.6	-4403.4	-7345.6	46.9	
72.25	242.2	10.2	56.4	2.0	-148.3	24.4	-134.1	227.9	671.1	-4858.9	-7335.2	45.5	
72.30	244.6	10.1	57.1	2.0	-152.1	24.5	-128.3	246.0	660.9	-5305.6	-7345.0	43.8	
72.35	247.1	9.9	53.9	2.0	-154.8	24.6	-117.5	258.8	657.0	-5660.6	-7310.3	30.2	
72.40	249.6	9.9	47.2	2.0	-156.0	24.7	-114.0	259.4	641.0	-5998.2	-7174.7	5.9	
72.45	252.0	10.0	42.8	2.0	-157.9	24.8	-117.2	265.4	614.8	-6436.0	-6978.0	-11.0	
72.50	254.5	10.2	42.8	2.0	-161.9	24.9	-116.9	282.7	595.1	-7031.5	-6778.1	-15.1	
72.55	256.9	10.4	42.0	2.0	-165.6	25.0	-109.3	299.9	586.7	-7547.4	-6587.7	-21.6	
72.60	259.3	10.3	36.2	2.0	-165.7	25.1	-97.8	305.0	578.7	-7793.6	-6308.5	-41.6	
72.65	261.7	10.1	28.5	2.0	-163.9	25.2	-88.6	299.7	562.8	-7968.1	-5920.7	-66.2	
72.70	264.1	10.0	24.8	2.0	-163.7	25.3	-80.9	302.4	545.3	-8232.5	-5534.1	-78.4	
72.75	266.5	9.9	21.6	2.0	-164.8	25.4	-74.7	312.9	534.4	-8430.4	-5353.8	-90.5	
72.80	268.8	9.8	18.6	2.0	-164.8	25.5	-72.0	313.1	527.5	-8424.5	-5377.0	-100.9	
72.85	271.2	9.8	17.1	2.0	-164.6	25.6	-76.4	307.8	514.6	-8362.3	-5483.3	-105.8	
72.90	273.5	9.8	18.8	2.0	-165.2	25.7	-86.5	305.6	495.3	-8382.2	-5556.1	-100.7	
72.95	275.8	9.7	23.6	2.0	-164.7	25.8	-91.8	306.3	476.2	-8364.8	-5531.2	-83.8	
73.00	278.1	9.6	26.0	2.0	-162.4	25.9	-89.9	309.9	460.5	-8203.2	-5469.7	-73.2	
73.05	280.4	9.7	29.1	2.0	-158.0	26.0	-86.1	301.3	447.8	-7880.8	-5417.3	-57.9	
73.10	282.7	9.8	33.1	2.0	-152.5	26.1	-84.6	285.6	432.8	-7466.3	-5387.0	-39.0	
73.15	285.0	10.1	37.8	2.0	-148.4	26.2	-89.8	280.1	414.5	-7030.9	-5491.6	-18.7	
73.20	287.2	10.3	43.8	2.0	-146.0	26.3	-96.8	278.6	397.0	-6633.6	-5707.4	4.4	
73.25	289.5	10.3	49.5	2.0	-143.7	26.4	-102.0	272.4	384.1	-6190.5	-5965.4	26.3	
73.30	291.7	9.9	52.5	2.0	-139.8	26.5	-103.6	257.3	372.0	-5700.1	-6098.5	40.3	
73.35	293.9	9.8	52.7	2.0	-134.5	26.6	-103.4	235.6	354.0	-5239.5	-6075.6	46.3	
73.40	296.1	9.7	51.5	2.0	-129.9	26.7	-102.9	222.0	331.7	-4820.7	-6038.0	47.0	
73.45	298.3	9.6	52.4	2.0	-127.4	26.8	-101.8	216.5	315.6	-4499.4	-6083.9	52.3	
73.50	300.6	9.5	54.9	2.0	-126.3	26.9	-101.5	207.9	305.7	-4321.8	-6141.9	62.3	
73.55	302.7	9.5	55.7	2.0	-124.7	27.0	-105.0	199.2	292.3	-4173.5	-6139.3	66.5	
73.60	304.9	9.5	52.7	2.0	-122.5	27.1	-109.0	193.1	271.5	-4083.2	-6024.7	58.6	
73.65	307.1	9.5	50.6	2.0	-120.3	27.2	-107.8	190.3	254.5	-4087.7	-5850.9	53.3	
73.70	309.2	9.2	47.9	2.0	-117.5	27.3	-95.4	195.1	247.5	-4128.8	-5569.6	46.9	
73.75	311.4	8.5	44.0	2.0	-113.1	27.4	-79.0	194.7	240.4	-4201.6	-5126.1	37.8	
73.80	313.5	8.6	37.9	2.0	-108.3	27.5	-67.6	190.1	223.3	-4298.1	-4606.6	21.8	
73.85	315.6	8.8	32.6	2.0	-105.9	27.6	-63.0	190.4	203.7	-4457.9	-4217.3	6.2	
73.90	317.8	8.9	30.3	2.0	-106.9	27.7	-59.5	192.9	194.3	-4737.6	-4028.3	-2.9	
73.95	319.9	8.9	27.1	2.0	-108.5	27.8	-58.5	191.9	191.6	-4918.6	-4001.9	-15.6	
74.00	322.0	8.7	21.6	2.0	-107.8	27.9	-61.4	184.0	182.1	-4909.2	-3982.6	-33.8	
74.05	324.0	8.4	17.0	2.0	-107.1	28.0	-66.5	174.4	165.5	-4927.0	-3930.8	-48.9	
74.10	326.1	8.2	15.0	2.0	-107.9	28.1	-66.0	174.6	153.1	-5066.5	-3865.8	-56.5	
74.15	328.2	8.1	15.5	2.0	-109.3	28.2	-62.1	177.0	148.4	-5196.6	-3859.7	-56.1	
74.20	330.2	8.0	14.8	2.0	-109.1	28.3	-61.9	169.3	141.6	-5161.9	-3925.7	-58.4	
74.25	332.2	8.0	14.7	2.0	-108.1	28.4	-69.0	160.0	129.4	-4956.7	-4113.0	-57.8	
74.30	334.3	8.1	18.3	2.0	-108.6	28.5	-77.8	153.2	120.7	-4751.8	-4419.0	-45.6	
74.35	336.3	8.4	24.9	2.0	-109.9	28.6	-85.3	145.5	118.9	-4513.2	-4816.9	-24.5	
74.40	338.3	8.5	28.3	2.0	-110.0	28.7	-93.8	131.8	116.9	-4066.3	-5240.8	-13.0	
74.45	340.3	8.2	31.0	2.0	-108.9	28.8	-101.5	110.4	108.9	-3529.1	-5564.3	-2.6	
74.50	342.3	7.7	36.1	2.0	-108.2	28.9	-107.1	92.5	99.6	-3039.2	-5817.1	15.8	
74.55	344.2	7.8	43.4	2.0	-108.6	29.0	-111.2	82.8	93.6	-2562.7	-6091.9	40.4	
74.60	346.2	8.2	50.5	2.0	-110.1	29.1	-117.2	70.8	87.9	-2051.0	-6414.2	63.3	
74.65	348.1	8.6	55.8	2.0	-112.1	29.2	-124.7	54.5	80.7	-1465.2	-6732.5	79.4	
74.70	350.1	8.9	59.8	2.0	-113.1	29.3	-127.3	38.2	75.1	-859.5	-6930.4	92.1	
74.75	352.0	9.0	63.5	2.0	-113.2	29.4	-124.9	20.4	72.4	-309.6	-7004.2	104.9	
74.80	353.9	9.0	65.6	2.0	-112.5	29.5	-120.2	4.2	68.4	214.6	-6978.8	112.6	
74.85	355.9	9.1	65.8	2.0	-112.0	29.6	-118.1	-10.3	60.8	674.8	-6919.0	114.0	
74.90	357.7	9.3	66.9	2.0	-111.2	29.7	-117.5	-21.9	53.1	953.2	-6830.6	118.3	
74.95	359.6	9.4	67.7	2.0	-110.1	29.8	-117.7	-26.8	47.2	1082.3	-6727.5	122.4	
75.00	1.5	9.4	66.8	2.0	-108.4	29.9	-118.7	-30.0	41.2	1129.7	-6584.6	121.0	
75.05	3.3	9.5	63.3	2.0	-105.4	30.0	-118.2	-34.4	34.3	1147.3	-6359.5	111.7	
75.10	5.2	9.6	57.4	2.0	-101.3	30.1	-113.7	-38.0	29.7	1213.2	-6039.4	95.7	
75.15	7.0	9.7	50.3	2.0	-95.6	30.2	-104.1	-42.6	28.9	1232.5	-5620.4	77.1	
75.20	8.9	9.7	43.6	2.0	-88.7	30.3	-92.2	-48.0	28.2	1167.3	-5126.5	60.8	
75.25	10.7	9.6	36.3	2.0	-81.6	30.4	-81.3	-52.4	25.4	1068.2	-4621.3	43.0	
75.30	12.5	9.3	28.1	2.0	-75.3	30.5	-71.9	-57.9	24.2	989.8	-4161.2	21.2	
75.35	14.3	9.2	21.6	2.0	-70.3	30.6	-64.3	-63.5	26.0	938.5	-3790.5	3.7	
75.40	16.1	9.3	17.2	2.0	-66.7	30.7	-60.1	-66.7	27.9	884.5	-3522.5	-7.7	
75.45	17.9	9.6	13.7	2.0	-64.2	30.8	-58.5	-71.2	27.1	882.7	-3320.9	-17.1	
75.50	19.7	9.6	10.1	2.0	-62.6	30.9	-56.6	-79.5	26.9	979.6	-3148.7	-27.8	
75.55	21.5	9.4	7.2	2.0	-61.9	31.0	-53.3	-86.9	30.4	1128.2	-3024.5	-37.2	
75.60	23.2	9.4	6.6	2.0	-62.0	31.1	-51.1	-91.8	35.0	1263.7	-2967.0	-39.3	
75.65	25.0	9.2	8.2	2.0	-62.9	31.2	-51.2	-96.0	36.4	1423.6	-2958.8	-34.7	
75.70	26.7	9.1	9.4	2.0	-65.1	31.3	-52.2	-102.1	36.9	1686.6	-2988.1	-32.9	
75.75	28.5	9.0	11.4	2.0	-68.7	31.4	-52.5	-111.1	40.7	2025.1	-3064.4	-29.7	
75.80	30.2	8.9	14.6	2.0	-73.4	31.5	-53.3	-122.7	45.1	2396.8	-3201.2	-23.5	
75.85	31.9	8.6	19.3	2.0	-79.7	31.6	-56.8	-136.7	46.5	2818.2	-3418.2	-13.4	
75.90	33.7	8.1	24.4	2.0	-86.9	31.7	-60.7	-153.1	46.3	3288.7	-3670.2	-3.3	
75.95	35.4	7.9	28.7	2.0	-94.7	31.8	-63.8	-168.5	47.8	3816.4	-3921.9	3.7	
76.00	37.1	7.9	32.5	2.0	-101.8	31.9	-67.7	-179.6	50.4	4282.3	-4166.5	9.9	
76.05	38.8	8.4	37.4	2.0	-107.5	32.0	-73.9	-188.6	50.1	4610.7	-4393.5	21.1	
76.10	40.5	8.3	41.9	2.0	-112.3	32.1	-79.5	-197.2	47.3	4911.7	-4567.3	31.6	
76.15	42.1	8.1	45.5	2.0	-117.8	32.2	-83.2	-208.9	47.5	5271.0	-4743.0	38.3	
76.20	43.8	7.8	48.0	2.0	-123.8	32.3	-86.5	-220.7	50.8	5628.9	-4962.1	41.1	
76.25	45.5	7.3	50.7	2.0	-128.8	32.4	-93.0	-225.4	51.7	5875.4	-5224.4	45.4	
76.30	47.1	7.0	54.8	2.0	-132.6	32.5	-101.5	-228.5	50.5	5989.7	-5506.3	55.4	
76.35	48.7	6.9	57.7	2.0	-135.4	32.7	-108.7	-233.2	51.9	6006.7	-5758.4	62.7	
76.40	50.4	7.1	58.4	2.0	-136.3	32.7	-111.1	-235.0	56.1	5964.8	-5884.5	64.1	
76.45	52.0	7.2	56.8	2.0	-134.6	32.8	-109.9	-233.7	59.5	5827.1	-5849.9	60.5	
76.50	53.6	7.2	56.1	2.0	-131.4	32.9	-106.6	-233.0	61.7	5641.6	-5693.5	61.1	
76.55	55.2	7.4	54.6	2.0	-128.2	33.0	-101.7	-231.7	66.7	5504.9	-5492.4	59.3	
76.60	56.8	7.7	49.8	2.0	-125.3	33.1	-94.5	-234.2	74.6	5439.0	-5247.1	45.5	
76.65	58.4	8.0	44.1	2.0	-122.7	33.3	-88.1	-238.8	81.4	5404.5	-4971.4	28.9	
76.70	59.9	7.8	39.0	2.0	-119.3	33.4	-82.7	-240.5	84.9	5341.1	-4652.0	14.8	
76.75	61.5	7.8	34.6	2.0	-115.1	33.5	-74.1	-242.8	87.9	5252.6	-4263.8	3.6	
76.80	63.1	7.9	29.0	2.0	-111.4	33.6	-62.3	-245.9	93.5	5207.5	-3865.9	-11.9	
76.85	64.6	8.2	25.3	2.0	-108.7	33.7	-52.5	-248.1	100.4	5186.8	-3526.1	-21.8	
76.90	66.2	8.5	22.7	2.0	-105.2	33.8	-44.3	-248.7	104.9	5088.6	-3198.2	-27.4	
76.95	67.7	8.7	20.9	2.0	-101.7	33.9	-36.6	-246.7	108.6	4970.7	-2893.6	-30.0	
77.00	69.2	8.7	19.6	2.0	-100.2	34.0	-31.6	-245.2	116.6	4929.6	-2731.1	-33.0	
77.05	70.7	8.5	18.6	2.0	-100.0	34.1	-29.7	-245.5	125.2	4939.0	-2675.8	-36.0	
77.10	72.3	8.4	18.7	2.0	-100.5	34.2	-33.0	-243.9	129.4	4970.1	-2686.9	-36.2	
77.15	73.8	8.3	20.1	2.0	-102.0	34.3	-41.0	-243.5	131.2	5050.7	-2772.5	-32.9	
77.20	75.2	8.3	21.2	2.0	-105.1	34.4	-49.7	-247.3	134.3	5215.7	-2916.6	-32.1	
77.25	76.7	8.5	23.1	2.0	-109.6	34.5	-56.4	-252.7	139.9	5482.1	-3098.5	-30.5	
77.30	78.2	8.8	26.0	2.0	-114.2	34.6	-60.0	-259.8	145.7	5760.7	-3258.1	-25.0	
77.35	79.7	9.1	28.9	2.0	-118.0	34.7	-61.7	-267.2	150.5	6005.8	-3359.4	-18.9	
77.40	81.2	9.3	31.1	2.0	-121.8	34.8	-61.1	-272.6	156.1	6276.9	-3414.0	-15.0	
77.45	82.6	9.4	33.2	2.0	-125.3	34.9	-58.7	-278.3	161.9	6540.2	-3444.7	-11.2	
77.50	84.1	9.3	35.5	2.0	-128.7	35.0	-56.6	-283.1	167.8	6791.3	-3489.8	-6.7	
77.55	85.5	9.2	38.2	2.0	-132.2	35.1	-56.3	-286.5	173.7	7034.2	-3562.2	-1.1	
77.60	87.0	9.2	40.2	2.0	-135.6	35.2	-58.1	-293.1	178.2	7263.3	-3628.0	2.3	
77.65	88.4	9.3	41.0	2.0	-139.5	35.3	-62.6	-299.7	181.8	7526.9	-3705.7	1.3	
77.70	89.8	9.7	40.9	2.0	-143.1	35.4	-67.0	-306.5	184.8	7756.9	-3791.4	-2.7	
77.75	91.2	10.0	42.1	2.0	-145.5	35.5	-68.2	-314.1	188.8	7898.0	-3868.9	-0.9	
77.80	92.6	9.8	42.9	2.0	-147.0	35.6	-67.5	-316.4	195.3	7975.4	-3941.9	0.3	
77.85	94.0	9.7	42.6	2.0	-146.0	35.7	-65.3	-312.9	200.1	7903.2	-3930.8	0.1	
77.90	95.4	9.6	42.7	2.0	-142.1	35.8	-62.1	-305.9	201.4	7653.7	-3812.6	4.4	
77.95	96.8	9.2	43.0	2.0	-137.1	35.9	-59.2	-293.8	204.0	7328.3	-3695.3	10.6	
78.00	98.2	9.4	41.9	2.0	-132.2	36.0	-55.1	-283.0	210.9	6991.9	-3601.9	11.8	
78.05	99.6	9.6	40.0	2.0	-127.7	36.1	-51.3	-275.8	218.0	6683.3	-3489.2	9.5	
78.10	101.0	9.8	37.1	2.0	-123.9	36.2	-51.3	-268.1	221.3	6454.7	-3351.0	3.4	
78.15	102.3	9.4	33.8	2.0	-121.0	36.3	-50.8	-268.0	223.0	6306.4	-3159.1	-5.0	
78.20	103.7	9.0	29.5	2.0	-119.1	36.4	-46.9	-273.3	227.5	6227.5	-2951.4	-17.8	
78.25	105.0	8.9	25.4	2.0	-117.1	36.5	-39.6	-274.4	234.5	6156.1	-2730.0	-29.9	
78.30	106.4	8.8	21.6	2.0	-113.4	36.6	-30.4	-271.5	238.8	5988.1	-2430.3	-39.3	
78.35	107.7	8.7	20.1	2.0	-109.0	36.7	-23.0	-265.9	241.2	5776.7	-2103.7	-39.9	
78.40	109.1	8.3	18.3	2.0	-105.1	36.8	-16.7	-260.2	244.7	5578.8	-1822.3	-42.4	
78.45	110.4	8.5	15.8	2.0	-102.1	36.9	-9.3	-257.0	251.7	5405.9	-1623.5	-47.8	
78.50	111.7	8.6	16.0	2.0	-100.2	37.0	-5.2	-251.9	260.0	5288.9	-1551.4	-45.3	
78.55	113.0	8.7	16.2	2.0	-99.6	37.1	-6.1	-245.8	265.9	5248.0	-1574.4	-44.1	
78.60	114.3	8.5	17.1	2.0	-100.6	37.2	-10.3	-246.6	269.8	5299.2	-1643.9	-41.9	
78.65	115.6	8.6	18.1	2.0	-102.8	37.3	-16.3	-250.7	274.4	5419.2	-1768.9	-40.6	
78.70	116.8	8.8	19.6	2.0	-105.0	37.4	-21.1	-250.5	280.5	5537.2	-1929.2	-37.7	
78.75	118.1	8.9	22.0	2.0	-106.5	37.5	-23.9	-248.8	285.3	5610.5	-2050.5	-31.0	
78.80	119.3	8.9	24.1	2.0	-107.8	37.6	-26.2	-246.1	288.6	5696.2	-2122.6	-25.2	
78.85	120.6	8.9	26.2	2.0	-109.3	37.7	-27.0	-244.6	293.0	5808.3	-2153.0	-19.4	
78.90	121.8	9.0	28.2	2.0	-110.4	37.8	-24.7	-245.1	298.9	5895.7	-2143.9	-13.7	
78.95	123.1	9.2	29.6	2.0	-110.9	37.9	-21.7	-241.7	304.5	5941.2	-2138.5	-9.4	
79.00	124.3	9.4	30.1	2.0	-111.1	38.0	-19.7	-237.8	308.9	5973.2	-2127.3	-7.9	
79.05	125.6	9.3	30.0	2.0	-112.0	38.1	-18.3	-240.1	311.9	6046.2	-2083.6	-9.0	
79.10	126.8	9.7	29.1	2.0	-113.3	38.2	-17.8	-243.1	314.7	6159.6	-2025.0	-13.3	
79.15	128.0	10.2	28.3	2.0	-113.5	38.3	-17.1	-243.6	316.5	6197.5	-1960.7	-16.4	
79.20	129.2	10.4	27.5	2.0	-112.3	38.4	-16.0	-241.7	317.4	6124.0	-1895.3	-17.9	
79.25	130.4	10.7	26.6	2.0	-110.7	38.5	-17.4	-237.8	319.3	6015.8	-1878.0	-19.4	
79.30	131.7	11.0	25.7	2.0	-108.9	38.6	-19.3	-236.6	321.0	5879.7	-1849.3	-20.6	
79.35	132.9	11.3	24.8	2.0	-106.5	38.7	-20.2	-233.2	321.7	5711.7	-1809.0	-21.2	
79.40	134.0	11.4	24.3	2.0	-103.4	38.8	-19.4	-221.7	323.2	5506.8	-1785.7	-19.9	
79.45	135.2	11.5	24.0	2.0	-99.9	38.9	-15.3	-211.5	325.8	5274.1	-1737.5	-17.4	
79.50	136.4	11.4	23.1	2.0	-96.7	39.0	-10.5	-205.3	329.4	5062.1	-1667.7	-17.3	
79.55	137.6	11.1	21.8	2.0	-93.8	39.1	-8.0	-198.9	332.0	4870.6	-1593.6	-18.9	
79.60	138.8	10.7	21.4	2.0	-90.0	39.2	-5.9	-192.4	332.7	4625.0	-1493.9	-16.7	
79.65	139.9	10.5	20.9	2.0	-86.4	39.3	-3.3	-184.9	335.8	4381.0	-1421.2	-14.8	
79.70	141.1	10.5	19.6	2.0	-84.0	39.4	-1.9	-177.6	341.8	4210.7	-1398.6	-16.7	
79.75	142.2	10.5	17.8	2.0	-81.7	39.5	-1.2	-175.6	345.9	4046.8	-1350.4	-20.6	
79.80	143.4	10.3	16.1	2.0	-79.1	39.6	-1.8	-173.9	346.0	3871.3	-1275.5	-23.9	
79.85	144.5	10.9	13.9	2.0	-76.4	39.7	-1.4	-168.2	347.2	3690.3	-1223.1	-28.7	
79.90	145.7	11.4	12.4	2.0	-73.5	39.8	1.6	-162.7	351.1	3486.2	-1181.5	-31.0	
79.95	146.8	12.0	11.3	2.0	-70.8	39.9	4.5	-155.2	354.4	3302.3	-1150.3	-32.2	
80.00	147.9	12.1	9.8	2.0	-68.1	40.0	6.6	-146.5	355.8	3129.2	-1102.6	-34.3	
80.05	149.0	11.9	10.1	2.0	-65.2	40.1	9.6	-141.3	358.0	2933.9	-1034.6	-30.4	
80.10	150.1	11.5	10.3	2.0	-62.9	40.2	11.8	-136.5	362.2	2768.4	-1010.4	-27.5	
80.15	151.2	11.7	10.0	2.0	-61.6	40.3	11.8	-130.2	365.1	2665.9	-1040.9	-27.2	
80.20	152.3	11.8	10.7	2.0	-60.9	40.4	9.2	-127.3	365.1	2593.6	-1106.0	-24.2	
80.25	153.4	11.9	12.0	2.0	-61.2	40.5	3.8	-123.5	364.6	2575.7	-1229.6	-20.0	
80.30	154.5	11.9	13.6	2.0	-62.2	40.6	-2.6	-119.7	365.0	2588.9	-1398.2	-15.5	
80.35	155.6	11.8	14.8	2.0	-63.1	40.7	-6.9	-119.2	364.9	2589.4	-1534.9	-12.4	
80.40	156.6	11.6	15.4	2.0	-63.8	40.8	-9.3	-116.0	365.3	2598.7	-1637.2	-10.8	
80.45	157.7	11.9	16.3	2.0	-63.6	40.9	-9.0	-111.1	367.0	2574.9	-1671.5	-7.5	
80.50	158.7	11.7	18.0	2.0	-62.1	41.0	-5.8	-106.5	368.7	2491.1	-1614.1	-0.4	
80.55	159.8	11.4	18.8	2.0	-60.6	41.1	-2.6	-99.6	369.4	2430.8	-1532.0	4.0	
80.60	160.8	10.9	19.2	2.0	-59.2	41.2	-0.1	-94.1	369.5	2381.8	-1451.6	6.5	
80.65	161.9	10.7	19.4	2.0	-58.0	41.3	1.9	-91.8	370.3	2325.9	-1379.1	8.5	
80.70	162.9	10.7	19.2	2.0	-57.7	41.4	1.4	-90.2	371.4	2322.8	-1344.4	8.2	
80.75	164.0	10.8	18.1	2.0	-57.9	41.5	-0.7	-91.2	371.2	2352.6	-1317.7	4.3	
80.80	165.0	10.8	15.9	2.0	-57.8	41.6	-1.3	-93.0	370.1	2375.0	-1252.9	-3.4	
80.85	166.0	10.8	13.8	2.0	-56.9	41.7	-0.0	-90.8	371.0	2348.2	-1161.7	-9.4	
80.90	167.0	10.8	12.3	2.0	-54.4	41.8	4.2	-88.5	372.9	2221.0	-1006.9	-12.4	
80.95	168.1	11.0	10.7	2.0	-50.9	41.9	9.0	-83.8	373.0	2025.7	-817.6	-14.2	
81.00	169.1	11.2	9.2	2.0	-46.8	42.0	12.0	-73.4	371.2	1793.2	-642.9	-15.4	
81.05	170.1	11.3	8.4	2.0	-41.9	42.1	16.3	-60.8	370.5	1499.3	-462.1	-13.2	
81.10	171.0	11.4	8.0	2.0	-37.2	42.2	21.0	-47.0	372.2	1208.4	-298.0	-9.8	
81.15	172.0	11.3	6.8	2.0	-33.7	42.3	23.8	-36.0	373.2	990.3	-153.2	-10.4	
81.20	173.0	11.1	4.8	2.0	-31.3	42.4	25.6	-31.4	371.9	830.0	1.9	-14.8	
81.25	174.0	11.2	2.8	2.0	-29.8	42.5	27.2	-28.3	370.6	702.9	143.1	-20.1	
81.30	175.0	10.9	1.2	2.0	-28.5	42.6	28.8	-23.4	370.9	576.6	245.2	-24.4	
81.35	175.9	10.5	-0.2	2.0	-26.9	42.7	29.8	-17.1	370.9	407.1	312.7	-27.7	
81.40	176.9	10.4	-1.4	2.0	-25.3	42.8	28.6	-9.4	368.5	201.9	351.3	-30.2	
81.45	177.9	10.4	-2.1	2.0	-25.0	42.9	28.2	-2.7	366.0	-12.7	393.4	-32.3	
81.50	178.9	10.3	-2.2	2.0	-26.5	43.0	30.3	2.0	366.2	-221.8	444.8	-33.9	
81.55	179.8	10.1	-2.1	2.0	-28.2	43.1	33.1	8.0	368.1	-382.2	479.7	-35.5	
81.60	180.8	10.1	-2.2	2.0	-29.2	43.2	34.6	14.0	368.4	-472.8	492.8	-36.9	
81.65	181.7	10.3	-1.7	2.0	-29.2	43.3	34.3	15.1	365.8	-501.0	465.2	-35.0	
81.70	182.7	10.5	-1.5	2.0	-27.6	43.4	30.5	14.8	364.6	-477.8	318.4	-32.7	
81.75	183.6	10.5	-1.1	2.0	-25.8	43.5	24.4	15.1	365.4	-447.7	68.9	-29.6	
81.80	184.6	10.5	1.2	2.0	-26.2	43.6	17.5	17.0	364.2	-452.8	-203.7	-22.1	
81.85	185.5	10.5	4.3	2.0	-28.1	43.7	10.8	20.2	360.7	-456.1	-456.8	-13.3	
81.90	186.4	10.4	6.8	2.0	-29.9	43.8	7.2	21.6	358.7	-426.0	-659.2	-6.5	
81.95	187.3	10.3	8.7	2.0	-31.4	43.9	7.3	21.8	360.0	-389.9	-809.1	-1.7	
82.00	188.3	10.4	10.8	2.0	-33.1	44.0	8.0	25.0	361.0	-409.8	-927.3	4.1	
82.05	189.2	10.1	13.3	2.0	-34.7	44.1	7.7	30.5	358.9	-485.8	-1014.2	11.0	
82.10	190.1	9.8	15.7	2.0	-36.1	44.2	6.0	33.7	355.5	-545.6	-1098.5	17.7	
82.15	191.0	9.5	16.9	2.0	-37.7	44.3	2.9	36.2	353.5	-585.9	-1205.8	20.2	
82.20	191.9	9.1	17.9	2.0	-39.6	44.4	-0.2	41.5	352.2	-674.0	-1301.9	21.9	
82.25	192.7	9.1	19.3	2.0	-41.4	44.5	-2.5	48.6	349.0	-853.5	-1335.8	24.7	
82.30	193.6	9.4	19.2	2.0	-42.5	44.6	-3.5	54.4	344.7	-1043.7	-1290.6	23.3	
82.35	194.5	9.2	17.3	2.0	-42.8	44.7	-0.8	57.2	342.9	-1214.5	-1153.1	16.6	
82.40	195.4	9.1	15.4	2.0	-43.5	44.8	5.7	61.7	342.8	-1431.9	-931.0	9.3	
82.45	196.2	8.8	14.8	2.0	-45.8	44.9	12.8	71.2	341.7	-1732.1	-672.0	5.0	
82.50	197.1	8.4	14.3	2.0	-49.1	45.0	18.3	80.8	339.0	-2036.3	-416.2	0.1	
82.55	198.0	8.2	12.8	2.0	-51.9	45.1	21.2	86.6	336.6	-2267.3	-204.0	-8.1	
82.60	198.8	8.2	11.2	2.0	-54.5	45.2	22.0	92.1	334.5	-2453.5	-37.7	-16.1	
82.65	199.7	8.2	10.6	2.0	-57.1	45.3	23.5	98.8	332.2	-2632.6	128.1	-20.7	
82.70	200.5	8.5	10.0	2.0	-59.1	45.4	26.7	102.9	330.2	-2756.4	300.8	-24.7	
82.75	201.4	8.7	8.0	2.0	-59.4	45.5	29.8	102.4	329.1	-2754.8	450.5	-32.0	
82.80	202.2	8.9	6.1	2.0	-59.3	45.6	32.2	101.2	327.6	-2731.3	569.1	-38.4	
82.85	203.0	9.1	7.0	2.0	-60.7	45.7	35.4	106.1	325.3	-2800.4	671.1	-36.6	
82.90	203.8	9.2	10.3	2.0	-63.1	45.8	38.7	114.5	324.6	-2948.9	719.8	-27.7	
82.95	204.7	9.2	12.8	2.0	-64.7	45.9	39.5	120.5	325.4	-3061.8	688.4	-20.7	
83.00	205.5	8.9	13.4	2.0	-65.2	46.0	36.6	124.4	323.7	-3111.1	600.8	-19.0	
83.05	206.3	8.6	14.5	2.0	-65.6	46.1	31.9	128.3	319.7	-3161.2	483.1	-15.7	
83.10	207.1	8.5	16.0	2.0	-65.8	46.2	27.3	131.5	318.2	-3190.1	313.7	-10.9	
83.15	207.9	8.7	16.3	2.0	-64.5	46.3	22.6	130.5	318.5	-3113.5	97.0	-8.7	
83.20	208.8	8.9	15.5	2.0	-62.5	46.4	16.8	126.0	315.6	-2978.0	-103.1	-9.3	
83.25	209.6	9.0	16.0	2.0	-61.4	46.5	11.6	123.8	309.1	-2900.2	-241.5	-6.6	
83.30	210.3	9.2	18.0	2.0	-61.7	46.6	9.6	128.6	304.5	-2903.1	-338.6	-0.0	
83.35	211.1	9.3	21.1	2.0	-62.8	46.7	11.9	135.1	304.2	-2958.8	-390.3	9.5	
83.40	211.9	9.3	23.5	2.0	-63.8	46.8	15.6	138.1	302.8	-3030.0	-377.1	17.0	
83.45	212.7	8.9	24.9	2.0	-64.7	46.9	17.3	141.4	297.6	-3093.7	-336.2	21.0	
83.50	213.5	8.7	25.8	2.0	-65.7	47.0	19.6	143.8	293.2	-3170.2	-285.5	22.9	
83.55	214.3	8.8	25.7	2.0	-66.5	47.1	21.9	144.8	292.3	-3228.0	-282.6	21.6	
83.60	215.1	8.7	24.4	2.0	-66.5	47.2	19.9	145.5	290.0	-3223.4	-357.7	17.3	
83.65	215.8	8.6	23.5	2.0	-66.6	47.3	14.9	144.0	283.3	-3232.9	-442.6	14.1	
83.70	216.6	8.4	23.3	2.0	-67.7	47.4	10.5	144.1	276.3	-3318.3	-499.0	12.1	
83.75	217.4	8.2	23.1	2.0	-69.8	47.5	8.5	149.8	273.3	-3459.2	-533.3	9.6	
83.80	218.1	8.4	23.9	2.0	-72.6	47.6	9.9	156.8	272.8	-3655.2	-504.3	9.4	
83.85	218.9	8.5	26.0	2.0	-75.8	47.7	13.1	164.0	270.3	-3892.5	-390.0	13.3	
83.90	219.6	8.3	27.4	2.0	-78.6	47.8	18.7	171.6	266.8	-4101.0	-213.3	15.5	
83.95	220.4	8.1	28.0	2.0	-81.0	47.9	26.8	176.6	266.4	-4270.9	-11.1	15.2	
84.00	221.1	8.2	27.6	2.0	-83.0	48.0	33.3	180.0	267.0	-4400.4	163.2	11.8	
84.05	221.9	8.4	26.6	2.0	-84.5	48.1	34.9	184.5	264.1	-4495.4	280.3	6.9	
84.10	222.6	8.5	25.9	2.0	-85.8	48.2	33.8	186.7	258.9	-4592.7	361.9	3.2	
84.15	223.3	8.5	24.5	2.0	-87.0	48.3	31.4	188.0	255.7	-4678.2	406.0	-2.8	
84.20	224.1	8.3	22.2	2.0	-87.8	48.4	29.3	190.5	254.8	-4731.0	440.9	-11.7	
84.25	224.8	8.6	20.7	2.0	-88.8	48.5	29.6	192.0	252.3	-4796.6	537.5	-17.7	
84.30	225.5	8.7	20.2	2.0	-89.9	48.6	33.4	192.1	248.4	-4859.3	700.1	-20.7	
84.35	226.2	8.5	19.9	2.0	-90.9	48.7	39.6	194.0	246.2	-4900.4	870.9	-22.5	
84.40	226.9	8.4	20.3	2.0	-92.4	48.8	46.9	198.4	245.5	-4964.1	1044.9	-22.8	
84.45	227.7	8.0	21.6	2.0	-94.4	48.9	51.6	204.7	242.3	-5064.5	1193.0	-20.3	
84.50	228.4	7.6	23.6	2.0	-96.0	49.0	51.8	210.9	237.1	-5161.4	1251.7	-15.0	
84.55	229.1	7.7	25.1	2.0	-96.6	49.1	49.5	214.1	233.8	-5212.8	1206.9	-10.3	
84.60	229.8	7.4	25.2	2.0	-96.2	49.2	45.7	214.7	232.0	-5212.7	1101.6	-9.7	
84.65	230.5	7.1	24.5	2.0	-95.0	49.3	39.4	214.4	228.1	-5151.8	963.7	-11.1	
84.70	231.2	7.0	23.4	2.0	-92.8	49.4	33.3	210.8	221.5	-5029.5	828.7	-12.5	
84.75	231.9	7.0	23.0	2.0	-90.3	49.5	29.5	204.7	216.1	-4877.7	681.4	-11.2	
84.80	232.6	7.2	23.9	2.0	-88.4	49.6	27.9	202.8	213.7	-4764.5	513.1	-6.5	
84.85	233.2	7.5	26.6	2.0	-88.3	49.7	27.1	206.7	211.6	-4758.3	369.7	3.2	
84.90	233.9	7.5	30.6	2.0	-89.0	49.8	25.8	211.6	207.5	-4810.3	268.4	15.9	
84.95	234.6	7.4	34.0	2.0	-89.4	49.9	25.2	214.6	204.1	-4836.5	186.3	27.5	
85.00	235.3	7.1	36.5	2.0	-89.2	50.0	26.0	216.4	202.8	-4817.8	103.0	36.2	
85.05	236.0	7.0	38.2	2.0	-88.9	50.1	27.1	218.2	201.4	-4792.0	32.5	42.1	
85.10	236.7	7.1	38.3	2.0	-88.1	50.2	25.8	217.5	197.4	-4740.5	-43.3	43.3	
85.15	237.3	6.9	36.3	2.0	-86.5	50.3	20.9	211.6	192.3	-4637.3	-159.3	38.1	
85.20	238.0	6.9	34.5	2.0	-85.8	50.4	14.7	206.6	187.9	-4595.2	-301.8	32.7	
85.25	238.7	7.0	34.8	2.0	-87.5	50.5	10.1	210.2	184.9	-4713.8	-414.3	32.1	
85.30	239.4	7.1	36.2	2.0	-90.7	50.6	8.1	219.2	182.0	-4930.1	-445.6	33.6	
85.35	240.0	7.1	36.6	2.0	-93.7	50.7	9.3	225.1	179.1	-5144.0	-373.9	32.1	
85.40	240.7	7.0	35.8	2.0	-95.9	50.8	14.1	227.0	176.4	-5320.8	-205.6	27.0	
85.45	241.3	6.8	35.0	2.0	-98.2	50.9	22.3	230.6	174.0	-5485.0	33.1	21.9	
85.50	242.0	6.8	35.4	2.0	-100.6	51.0	32.3	235.2	171.5	-5647.9	304.6	20.7	
85.55	242.6	7.0	34.8	2.0	-102.5	51.1	39.8	238.4	168.8	-5763.8	539.7	16.8	
85.60	243.3	7.4	32.7	2.0	-103.7	51.2	42.4	240.6	165.0	-5827.5	710.8	8.7	
85.65	243.9	7.5	30.6	2.0	-105.2	51.3	42.0	242.4	159.5	-5922.0	860.4	-0.2	
85.70	244.6	7.7	29.3	2.0	-107.3	51.4	41.3	246.1	154.9	-6056.5	989.2	-6.6	
85.75	245.2	8.2	27.8	2.0	-108.9	51.5	42.4	249.7	152.9	-6148.3	1108.5	-13.3	
85.80	245.8	8.3	25.8	2.0	-110.0	51.6	46.2	249.7	150.7	-6199.7	1270.4	-21.4	
85.85	246.5	8.4	24.4	2.0	-110.9	51.7	50.2	247.6	146.5	-6240.6	1453.4	-27.0	
85.90	247.1	8.4	23.6	2.0	-111.8	51.8	53.1	248.8	142.2	-6280.9	1575.9	-30.8	
85.95	247.7	8.3	24.3	2.0	-112.8	51.9	55.9	251.6	140.9	-6335.3	1611.5	-29.2	
86.00	248.3	8.2	26.8	2.0	-113.6	52.0	57.4	254.4	140.0	-6397.5	1585.5	-21.6	
86.05	249.0	8.1	29.1	2.0	-113.8	52.1	55.0	258.0	137.1	-6425.1	1517.0	-13.9	
86.10	249.6	7.5	30.7	2.0	-113.0	52.2	50.1	259.8	133.1	-6385.8	1427.2	-7.8	
86.15	250.2	7.3	31.2	2.0	-111.1	52.3	45.7	258.7	129.5	-6269.1	1322.0	-3.9	
86.20	250.8	7.4	30.8	2.0	-107.9	52.4	43.0	254.6	127.6	-6061.8	1183.7	-2.1	
86.25	251.4	7.6	30.7	2.0	-104.1	52.5	39.7	248.1	126.2	-5825.9	1010.7	1.4	
86.30	252.0	7.9	31.9	2.0	-101.4	52.6	34.2	244.5	122.8	-5662.6	822.0	8.1	
86.35	252.6	8.2	33.8	2.0	-99.8	52.7	27.4	244.9	118.3	-5570.1	609.1	16.3	
86.40	253.3	8.3	36.3	2.0	-98.6	52.8	21.8	245.6	116.0	-5505.5	371.0	26.0	
86.45	253.9	8.3	39.1	2.0	-97.9	52.9	18.5	245.7	114.9	-5461.3	153.8	36.4	
86.50	254.5	8.4	41.5	2.0	-97.5	53.0	16.9	247.2	111.9	-5435.8	2.2	44.9	
86.55	255.1	8.7	43.7	2.0	-97.0	53.1	16.9	247.5	108.1	-5398.3	-75.4	52.9	
86.60	255.7	8.6	44.0	2.0	-95.9	53.2	17.8	244.1	104.8	-5324.5	-107.6	55.3	
86.65	256.2	8.7	43.2	2.0	-94.8	53.3	18.0	241.0	101.3	-5251.4	-138.4	53.4	
86.70	256.8	8.8	43.7	2.0	-95.0	53.4	16.4	242.3	97.0	-5263.7	-173.0	55.0	
86.75	257.4	8.6	44.8	2.0	-96.3	53.5	14.2	246.4	92.3	-5360.1	-187.5	57.3	
86.80	258.0	8.4	44.9	2.0	-98.0	53.6	11.7	250.0	88.2	-5477.1	-189.6	56.3	
86.85	258.6	8.3	43.6	2.0	-99.5	53.7	10.8	251.9	84.6	-5592.3	-150.7	50.2	
86.90	259.2	7.9	42.1	2.0	-101.4	53.8	12.7	253.8	80.7	-5732.9	-35.5	43.0	
86.95	259.7	7.7	41.1	2.0	-103.6	53.9	17.8	256.5	77.2	-5893.9	142.2	37.5	
87.00	260.3	7.6	39.6	2.0	-105.9	54.0	25.6	258.8	75.2	-6048.3	359.6	30.0	
87.05	260.9	7.8	38.2	2.0	-108.5	54.1	32.9	260.5	73.5	-6225.3	589.1	22.6	
87.10	261.5	8.0	37.1	2.0	-111.4	54.2	37.1	263.5	69.8	-6414.8	802.4	15.9	
87.15	262.0	8.0	35.6	2.0	-113.7	54.3	39.3	266.7	66.0	-6558.7	965.6	8.4	
87.20	262.6	7.8	33.9	2.0	-115.1	54.4	41.0	268.1	64.2	-6648.3	1080.9	1.2	
87.25	263.2	7.7	33.2	2.0	-116.4	54.5	42.0	270.8	62.9	-6722.6	1166.1	-2.5	
87.30	263.7	7.8	32.2	2.0	-117.9	54.6	42.1	275.0	59.6	-6811.0	1269.7	-7.4	
87.35	264.3	8.0	30.5	2.0	-118.9	54.7	41.7	276.1	55.4	-6867.8	1371.4	-14.2	
87.40	264.9	7.9	29.2	2.0	-118.9	54.8	41.2	273.6	53.1	-6872.5	1408.9	-18.6	
87.45	265.4	7.9	29.4	2.0	-118.9	54.9	42.7	273.2	52.7	-6877.0	1406.0	-17.9	
87.50	266.0	8.0	31.6	2.0	-119.6	55.0	44.4	276.3	51.1	-6918.6	1392.7	-11.2	
87.55	266.5	8.0	33.2	2.0	-119.6	55.1	44.1	279.0	48.5	-6929.1	1341.6	-5.7	
87.60	267.0	8.0	34.1	2.0	-118.6	55.2	41.4	277.2	46.6	-6875.6	1220.7	-1.3	
87.65	267.6	7.8	35.3	2.0	-117.2	55.3	38.8	274.0	45.1	-6806.4	1086.6	3.9	
87.70	268.1	7.6	37.2	2.0	-116.1	55.4	36.6	274.5	42.4	-6739.9	974.7	11.7	
87.75	268.7	7.6	38.8	2.0	-114.4	55.5	33.5	276.2	39.0	-6626.2	861.0	18.9	
87.80	269.2	7.6	39.0	2.0	-111.8	55.6	29.2	272.4	35.8	-6457.9	723.5	22.2	
87.85	269.7	7.6	39.4	2.0	-109.0	55.7	24.2	266.6	32.2	-6284.8	559.8	26.3	
87.90	270.2	7.7	40.0	2.0	-107.0	55.8	18.7	263.9	28.6	-6160.1	370.5	30.4	
87.95	270.8	7.8	41.4	2.0	-105.7	55.9	14.3	262.6	24.9	-6075.4	197.4	36.2	
88.00	271.3	7.9	43.7	2.0	-104.9	56.0	11.4	262.6	20.9	-6018.3	55.3	45.1	
88.05	271.8	8.0	45.0	2.0	-103.7	56.1	10.5	261.0	17.5	-5936.2	-45.5	50.7	
88.10	272.3	8.1	45.5	2.0	-102.4	56.2	11.1	257.4	14.5	-5849.0	-97.4	53.7	
88.15	272.9	8.0	45.8	2.0	-101.6	56.3	12.1	255.9	10.9	-5798.6	-103.6	55.7	
88.20	273.4	7.7	46.3	2.0	-101.5	56.4	13.1	256.5	7.2	-5788.3	-92.6	57.6	
88.25	273.9	7.7	46.7	2.0	-101.4	56.5	13.0	256.2	4.5	-5783.1	-92.8	59.0	
88.30	274.4	8.2	46.2	2.0	-100.9	56.6	11.0	254.9	1.4	-5753.5	-103.0	57.7	
88.35	274.9	8.5	45.2	2.0	-100.6	56.7	8.2	255.1	-2.7	-5726.6	-102.5	54.6	
88.40	275.4	8.8	44.5	2.0	-100.6	56.8	6.7	255.7	-6.6	-5726.9	-72.5	52.2	
88.45	275.9	8.8	43.7	2.0	-101.0	56.9	7.9	255.6	-8.8	-5754.4	-7.6	49.0	
88.50	276.4	8.5	42.8	2.0	-101.6	57.0	11.2	255.6	-9.9	-5798.5	92.5	45.5	
88.55	276.9	8.6	42.2	2.0	-102.9	57.1	15.3	257.4	-12.3	-5883.3	249.0	41.9	
88.60	277.4	9.0	42.1	2.0	-105.3	57.2	20.3	261.8	-15.5	-6035.6	447.4	39.3	
88.65	277.9	9.2	42.2	2.0	-107.8	57.3	25.8	265.6	-17.0	-6201.6	616.9	37.2	
88.70	278.4	9.1	41.4	2.0	-109.7	57.4	29.9	266.8	-17.1	-6328.3	724.8	32.4	
88.75	278.9	9.0	40.1	2.0	-110.9	57.5	32.1	266.7	-18.9	-6408.1	820.9	26.9	
88.80	279.4	8.8	38.5	2.0	-111.6	57.6	33.0	266.5	-22.6	-6439.4	926.2	20.5	
88.85	279.9	8.8	36.4	2.0	-111.7	57.7	33.5	265.9	-26.1	-6437.7	1016.2	13.2	
88.90	280.4	8.9	34.8	2.0	-112.0	57.8	33.9	265.3	-28.7	-6450.3	1080.9	7.4	
88.95	280.9	9.0	34.0	2.0	-112.9	57.9	34.7	266.3	-31.5	-6502.7	1134.7	4.0	
89.00	281.3	8.8	33.8	2.0	-114.0	58.0	35.9	267.3	-34.7	-6568.6	1197.0	2.0	
89.05	281.8	8.6	34.2	2.0	-115.0	58.1	37.5	267.4	-38.0	-6629.6	1272.0	2.5	
89.10	282.3	8.6	34.7	2.0	-115.5	58.2	40.1	268.1	-41.1	-6648.8	1329.0	3.7	
89.15	282.8	8.3	35.4	2.0	-115.2	58.3	42.3	267.8	-43.2	-6626.8	1322.4	6.2	
89.20	283.2	8.2	36.1	2.0	-114.7	58.4	42.6	265.7	-45.1	-6606.5	1259.0	9.1	
89.25	283.7	8.4	36.8	2.0	-114.1	58.5	39.6	264.7	-47.9	-6583.1	1140.7	12.1	
89.30	284.1	8.4	36.9	2.0	-113.2	58.6	34.3	264.3	-51.7	-6538.9	990.7	13.5	
89.35	284.6	8.3	37.8	2.0	-112.0	58.7	28.3	263.3	-55.4	-6472.6	831.8	17.8	
89.40	285.1	8.2	39.4	2.0	-110.7	58.8	23.3	262.8	-58.5	-6391.1	671.5	24.5	
89.45	285.5	8.6	41.1	2.0	-109.4	58.9	20.0	262.1	-61.0	-6306.4	527.6	31.6	
89.50	286.0	8.9	42.0	2.0	-107.6	59.0	17.3	258.3	-63.3	-6192.4	393.9	36.4	
89.55	286.4	9.1	41.8	2.0	-105.4	59.1	14.3	253.1	-65.2	-6049.8	241.8	38.0	
89.60	286.9	9.0	43.5	2.0	-104.2	59.2	11.2	251.7	-67.6	-5959.9	87.6	45.0	
89.65	287.3	8.9	46.0	2.0	-104.0	59.3	9.5	253.4	-70.2	-5937.1	-30.6	54.0	
89.70	287.8	8.8	48.3	2.0	-103.9	59.4	8.3	255.1	-72.0	-5928.6	-153.2	61.8	
89.75	288.2	8.9	49.3	2.0	-103.7	59.5	6.1	254.6	-73.4	-5904.9	-282.9	65.5	
89.80	288.7	9.0	49.6	2.0	-103.2	59.6	4.2	251.9	-75.3	-5872.4	-363.1	67.2	
89.85	289.1	8.9	49.5	2.0	-102.4	59.7	3.5	247.7	-77.4	-5820.1	-386.7	67.6	
89.90	289.6	8.9	49.2	2.0	-101.7	59.8	3.6	245.8	-79.5	-5766.0	-386.5	67.4	
89.95	290.0	8.9	47.8	2.0	-100.9	59.9	4.4	244.8	-81.5	-5714.4	-362.2	63.2	
90.00	290.5	8.9	46.1	2.0	-100.3	60.0	5.6	242.4	-83.8	-5673.6	-300.9	57.9	
90.05	290.9	9.1	45.3	2.0	-100.2	60.1	6.8	240.0	-86.5	-5677.7	-202.9	55.3	
90.10	291.3	9.1	44.6	2.0	-100.7	60.2	8.8	240.0	-89.4	-5716.5	-77.9	52.5	
90.15	291.8	9.0	43.9	2.0	-101.7	60.3	13.0	241.9	-91.9	-5784.5	75.9	49.1	
90.20	292.2	9.3	42.8	2.0	-102.9	60.4	18.3	244.0	-93.9	-5857.0	241.6	44.2	
90.25	292.6	9.5	41.7	2.0	-103.8	60.5	22.1	244.1	-95.5	-5917.7	390.8	39.3	
90.30	293.0	9.4	40.3	2.0	-104.8	60.6	25.1	243.9	-97.4	-5978.2	544.8	33.7	
90.35	293.5	9.0	38.1	2.0	-105.2	60.7	28.4	243.0	-100.1	-5996.0	714.8	25.4	
90.40	293.9	8.8	36.7	2.0	-105.4	60.8	31.3	242.5	-102.6	-5984.0	869.9	20.6	
90.45	294.3	8.7	35.6	2.0	-105.6	60.9	34.3	242.2	-104.9	-5976.8	1018.1	16.7	
90.50	294.7	9.0	35.1	2.0	-106.1	61.0	36.6	242.2	-107.3	-5991.4	1147.1	14.4	
90.55	295.1	9.1	34.3	2.0	-106.7	61.1	36.8	242.6	-109.5	-6014.4	1233.9	10.9	
90.60	295.6	9.2	34.1	2.0	-107.2	61.2	35.7	243.8	-111.4	-6037.7	1289.4	9.9	
90.65	296.0	9.5	34.4	2.0	-107.7	61.3	36.4	245.6	-113.5	-6051.1	1353.6	10.5	
90.70	296.4	9.3	34.6	2.0	-107.5	61.4	38.1	246.1	-114.7	-6029.6	1381.5	11.3	
90.75	296.8	9.0	34.1	2.0	-106.5	61.5	39.0	244.2	-114.9	-5961.0	1351.0	10.8	
90.80	297.2	8.9	34.1	2.0	-105.3	61.6	37.9	241.2	-115.7	-5895.8	1275.8	11.7	
90.85	297.6	8.8	35.2	2.0	-104.9	61.7	36.2	239.6	-117.6	-5885.2	1203.0	16.0	
90.90	298.0	8.7	36.9	2.0	-104.6	61.8	34.3	240.0	-119.7	-5877.5	1117.9	22.2	
90.95	298.4	8.8	37.7	2.0	-103.6	61.9	31.4	241.4	-120.6	-5816.1	995.3	25.9	
91.00	298.8	8.9	38.6	2.0	-102.0	62.0	29.0	239.2	-121.7	-5717.2	886.1	30.4	
91.05	299.2	8.8	39.1	2.0	-100.1	62.1	26.3	234.5	-124.1	-5604.7	783.5	34.2	
91.10	299.6	8.5	39.1	2.0	-97.9	62.2	21.0	230.0	-126.3	-5472.0	600.7	36.5	
91.15	300.0	8.5	39.2	2.0	-95.7	62.3	17.0	225.3	-127.4	-5335.4	400.9	38.8	
91.20	300.4	8.5	40.1	2.0	-94.2	62.4	15.1	222.7	-128.9	-5240.1	253.5	43.5	
91.25	300.8	8.6	41.3	2.0	-93.3	62.5	13.9	222.8	-131.8	-5169.9	163.3	48.4	
91.30	301.2	8.8	42.7	2.0	-93.0	62.6	13.6	223.0	-134.9	-5146.9	115.7	53.7	
91.35	301.6	9.2	43.7	2.0	-92.9	62.7	13.6	220.7	-136.3	-5146.5	63.5	57.0	
91.40	302.0	9.7	44.1	2.0	-92.8	62.8	12.5	218.8	-137.0	-5145.4	-10.1	58.6	
91.45	302.4	9.9	44.9	2.0	-93.0	62.9	10.4	218.3	-139.2	-5155.5	-76.0	61.1	
91.50	302.8	10.0	45.7	2.0	-93.3	63.0	8.3	218.8	-143.0	-5172.2	-119.2	63.6	
91.55	303.2	10.0	44.8	2.0	-93.0	63.1	6.1	218.2	-145.8	-5150.9	-175.6	60.9	
91.60	303.6	10.0	43.1	2.0	-92.4	63.2	4.0	214.6	-146.5	-5108.9	-228.8	55.5	
91.65	303.9	9.9	42.6	2.0	-92.9	63.3	3.0	212.6	-148.1	-5154.5	-206.1	53.3	
91.70	304.3	10.0	43.3	2.0	-94.3	63.4	3.2	216.0	-152.1	-5255.2	-115.0	54.3	
91.75	304.7	10.3	43.1	2.0	-95.5	63.5	4.8	221.0	-154.6	-5326.3	-26.0	52.4	
91.80	305.1	9.8	41.9	2.0	-95.6	63.6	8.5	220.6	-153.9	-5335.2	58.7	48.2	
91.85	305.5	9.5	41.3	2.0	-95.6	63.7	12.2	217.6	-153.1	-5344.3	145.7	46.2	
91.90	305.9	9.5	40.6	2.0	-96.1	63.8	15.3	216.7	-154.8	-5382.2	248.0	43.3	
91.95	306.2	9.7	39.3	2.0	-96.3	63.9	18.6	215.7	-156.6	-5390.9	358.3	38.5	
92.00	306.6	10.0	37.3	2.0	-96.0	64.0	21.9	213.8	-156.2	-5358.8	464.7	32.2	
92.05	307.0	10.1	36.7	2.0	-96.1	64.1	23.8	214.3	-156.4	-5358.0	582.0	30.0	
92.10	307.3	9.6	37.7	2.0	-97.3	64.2	23.6	217.3	-159.6	-5418.4	703.5	32.0	
92.15	307.7	9.5	36.8	2.0	-98.0	64.3	22.7	218.5	-162.7	-5461.6	778.4	28.2	
92.20	308.1	9.7	34.8	2.0	-97.5	64.4	21.9	216.4	-162.3	-5427.4	778.8	22.1	
92.25	308.4	9.4	33.4	2.0	-96.5	64.5	22.8	213.4	-161.4	-5356.9	797.2	18.3	
92.30	308.8	9.3	33.0	2.0	-96.0	64.6	25.9	212.0	-164.0	-5304.9	894.4	17.1	
92.35	309.2	9.2	32.8	2.0	-95.8	64.7	29.1	211.3	-166.8	-5270.5	983.8	16.8	
92.40	309.5	9.1	32.0	2.0	-95.1	64.8	31.0	208.3	-166.5	-5222.2	1010.8	14.9	
92.45	309.9	9.0	33.3	2.0	-95.4	64.9	31.7	207.5	-166.7	-5241.0	1025.5	18.9	
92.50	310.2	9.0	36.0	2.0	-96.8	65.0	32.2	211.4	-170.3	-5329.6	1055.2	27.0	
92.55	310.6	9.0	36.6	2.0	-96.6	65.1	29.0	213.4	-173.5	-5320.0	981.9	29.1	
92.60	310.9	9.0	35.0	2.0	-94.2	65.2	23.1	209.5	-174.2	-5179.9	815.1	26.0	
92.65	311.2	8.8	34.0	2.0	-91.5	65.3	18.8	202.7	-176.1	-5014.2	682.3	25.3	
92.70	311.6	8.5	34.7	2.0	-89.9	65.4	16.2	199.3	-179.8	-4912.8	586.3	29.3	
92.75	311.9	8.7	34.6	2.0	-88.1	65.5	13.8	196.2	-181.5	-4792.1	470.3	30.6	
92.80	312.3	8.9	33.8	2.0	-85.9	65.6	11.2	191.3	-181.0	-4658.0	340.9	30.0	
92.85	312.6	9.1	35.8	2.0	-85.3	65.7	10.0	189.5	-183.1	-4618.9	276.9	37.5	
92.90	313.0	9.2	39.9	2.0	-86.2	65.8	9.0	193.6	-187.0	-4674.2	215.0	50.7	
92.95	313.3	9.3	41.8	2.0	-86.1	65.9	7.8	195.1	-187.3	-4669.0	75.3	57.2	
93.00	313.6	9.4	41.2	2.0	-84.5	66.0	6.1	189.5	-184.6	-4562.3	-106.8	56.9	
93.05	314.0	9.3	40.8	2.0	-82.6	66.1	3.3	183.5	-185.7	-4431.6	-228.8	57.3	
93.10	314.3	9.5	41.0	2.0	-81.2	66.2	0.7	181.4	-190.5	-4324.6	-282.5	59.6	
93.15	314.7	9.7	40.3	2.0	-79.8	66.3	-0.8	178.1	-191.8	-4220.7	-355.6	58.6	
93.20	315.0	9.6	40.0	2.0	-78.8	66.4	-2.3	174.3	-189.6	-4149.6	-448.7	58.5	
93.25	315.3	9.8	40.7	2.0	-79.0	66.5	-4.3	174.8	-191.0	-4159.8	-473.7	60.8	
93.30	315.7	10.0	42.1	2.0	-79.9	66.6	-5.4	177.6	-196.0	-4216.2	-435.4	64.6	
93.35	316.0	10.1	41.6	2.0	-79.9	66.7	-4.6	177.6	-197.7	-4218.0	-405.1	63.0	
93.40	316.3	10.1	40.1	2.0	-79.0	66.8	-1.1	174.9	-195.3	-4163.8	-359.8	58.6	
93.45	316.6	10.2	39.6	2.0	-78.5	66.9	4.6	172.7	-195.2	-4141.6	-221.8	57.5	
93.50	317.0	10.4	38.7	2.0	-78.3	67.0	9.5	171.0	-198.6	-4135.0	-32.3	54.6	
93.55	317.3	10.3	35.8	2.0	-77.5	67.1	11.7	168.5	-200.8	-4081.6	114.7	45.3	
93.60	317.6	10.2	33.3	2.0	-77.3	67.2	13.6	166.2	-200.5	-4063.2	236.8	37.1	
93.65	317.9	10.3	33.7	2.0	-78.5	67.3	16.6	167.1	-201.8	-4142.7	398.3	37.2	
93.70	318.2	10.5	33.9	2.0	-80.0	67.4	17.3	170.9	-205.8	-4228.3	535.2	36.4	
93.75	318.5	10.5	31.7	2.0	-80.3	67.5	15.8	171.9	-208.2	-4231.6	602.1	28.4	
93.80	318.8	10.4	29.2	2.0	-79.9	67.6	16.3	168.6	-208.3	-4204.8	683.8	20.2	
93.85	319.1	10.4	28.1	2.0	-79.9	67.7	19.7	166.5	-209.6	-4183.3	827.2	16.7	
93.90	319.4	10.3	27.2	2.0	-80.1	67.8	23.1	167.1	-211.4	-4161.3	959.1	13.5	
93.95	319.7	10.0	27.3	2.0	-80.3	67.9	26.3	167.2	-211.7	-4155.2	1058.1	13.4	
94.00	320.0	10.3	28.2	2.0	-80.9	68.0	29.7	166.7	-212.1	-4171.9	1152.2	15.9	
94.05	320.3	10.3	29.4	2.0	-81.4	68.1	31.4	168.1	-213.4	-4196.4	1195.7	19.6	
94.10	320.6	10.4	30.2	2.0	-81.2	68.2	30.4	168.6	-214.6	-4190.2	1157.8	22.5	
94.15	320.9	10.2	30.0	2.0	-80.2	68.3	28.6	165.8	-215.2	-4141.9	1079.0	22.6	
94.20	321.2	10.3	29.0	2.0	-78.2	68.4	25.6	161.4	-215.7	-4023.7	961.0	21.4	
94.25	321.5	10.5	27.5	2.0	-75.7	68.5	22.3	157.7	-216.9	-3875.7	831.0	18.7	
94.30	321.8	10.5	27.3	2.0	-73.9	68.6	19.5	152.9	-217.8	-3771.8	699.8	19.7	
94.35	322.1	10.5	28.1	2.0	-72.6	68.7	17.4	149.0	-217.8	-3711.1	571.8	23.8	
94.40	322.4	10.4	30.6	2.0	-72.1	68.8	14.7	148.7	-218.3	-3690.5	441.0	32.9	
94.45	322.7	10.7	32.9	2.0	-72.4	68.9	13.2	150.6	-220.0	-3715.6	337.9	40.7	
94.50	323.0	10.9	35.0	2.0	-72.6	69.0	12.5	152.0	-221.6	-3737.5	232.3	47.4	
94.55	323.3	11.0	35.3	2.0	-71.7	69.1	10.7	149.9	-221.8	-3680.3	103.0	49.3	
94.60	323.6	10.7	35.1	2.0	-69.8	69.2	7.6	144.6	-222.3	-3551.2	-27.5	50.7	
94.65	323.9	10.7	34.9	2.0	-68.1	69.3	5.0	139.5	-224.3	-3433.7	-139.0	51.8	
94.70	324.2	10.7	34.7	2.0	-67.0	69.4	2.4	137.6	-226.3	-3349.4	-254.4	52.2	
94.75	324.5	10.7	34.4	2.0	-66.3	69.5	-0.6	136.7	-226.6	-3287.0	-370.4	51.8	
94.80	324.8	10.3	34.8	2.0	-65.9	69.6	-2.2	134.5	-227.0	-3258.8	-420.8	53.5	
94.85	325.0	10.2	36.1	2.0	-65.8	69.7	-2.4	133.6	-229.7	-3252.8	-383.1	58.0	
94.90	325.3	10.5	35.9	2.0	-65.3	69.8	-0.9	133.7	-232.5	-3221.5	-293.0	58.1	
94.95	325.6	10.5	34.5	2.0	-64.0	69.9	2.0	131.3	-232.7	-3138.8	-207.3	54.6	
95.00	325.9	10.4	32.5	2.0	-62.7	70.0	4.6	128.2	-232.1	-3056.9	-135.4	48.8	
95.05	326.1	10.3	31.5	2.0	-62.3	70.1	4.8	127.4	-233.8	-3022.3	-85.9	46.0	
95.10	326.4	10.5	31.2	2.0	-62.4	70.2	5.1	128.1	-235.7	-3032.5	-29.4	44.8	
95.15	326.7	10.7	31.1	2.0	-62.6	70.3	6.9	127.8	-235.0	-3046.2	43.3	44.1	
95.20	327.0	10.7	30.5	2.0	-63.0	70.4	9.0	128.7	-233.9	-3070.9	141.2	41.8	
95.25	327.2	10.5	29.8	2.0	-63.7	70.5	12.2	130.9	-236.2	-3103.1	317.1	38.7	
95.30	327.5	10.2	29.2	2.0	-64.3	70.6	17.4	131.4	-238.9	-3110.4	547.1	35.9	
95.35	327.8	10.0	27.2	2.0	-64.0	70.7	22.0	127.7	-237.7	-3060.4	725.7	29.6	
95.40	328.0	9.8	25.1	2.0	-63.3	70.8	24.4	123.9	-236.1	-2987.9	837.1	22.7	
95.45	328.3	9.8	23.5	2.0	-63.3	70.9	25.5	122.9	-237.7	-2963.8	920.8	17.4	
95.50	328.6	9.9	23.6	2.0	-64.0	71.0	26.7	124.4	-239.4	-2994.3	991.7	17.0	
95.55	328.9	10.1	23.4	2.0	-64.5	71.1	27.8	125.9	-237.8	-3018.4	1025.3	15.8	
95.60	329.1	10.2	22.6	2.0	-64.6	71.2	29.6	124.3	-236.9	-3011.3	1084.9	13.1	
95.65	329.4	10.3	22.9	2.0	-65.2	71.3	31.6	122.9	-239.9	-3019.5	1194.0	13.3	
95.70	329.6	10.2	22.5	2.0	-65.4	71.4	32.7	122.5	-242.6	-3002.9	1268.9	12.0	
95.75	329.9	10.2	21.8	2.0	-64.8	71.5	34.0	120.4	-241.7	-2949.2	1282.0	10.0	
95.80	330.2	10.2	21.2	2.0	-63.9	71.6	34.7	117.7	-240.5	-2903.4	1248.9	8.9	
95.85	330.4	10.3	21.4	2.0	-63.2	71.7	31.8	117.8	-242.3	-2883.9	1156.0	10.3	
95.90	330.7	10.5	22.2	2.0	-62.6	71.8	27.1	118.5	-244.9	-2883.3	1030.0	13.7	
95.95	330.9	10.6	23.2	2.0	-61.9	71.9	23.4	116.5	-244.6	-2881.0	880.9	17.7	
96.00	331.2	10.7	23.2	2.0	-60.9	72.0	20.8	113.2	-244.0	-2854.8	736.3	18.8	
96.05	331.4	11.1	23.7	2.0	-60.1	72.1	17.9	112.3	-246.9	-2819.4	621.3	21.3	
96.10	331.7	11.3	24.8	2.0	-58.9	72.2	14.8	110.1	-250.1	-2759.2	509.1	26.2	
96.15	331.9	11.3	25.2	2.0	-57.3	72.3	12.2	105.7	-249.9	-2673.6	352.9	29.1	
96.20	332.2	11.4	26.0	2.0	-56.2	72.4	9.3	104.9	-248.7	-2613.2	163.9	32.9	
96.25	332.4	11.5	28.2	2.0	-56.0	72.5	6.6	106.3	-249.5	-2596.4	1.4	40.7	
96.30	332.6	11.6	30.7	2.0	-55.8	72.6	4.9	105.8	-250.8	-2581.7	-116.5	49.6	
96.35	332.9	11.1	31.0	2.0	-54.8	72.7	2.8	103.0	-250.1	-2510.5	-228.7	51.7	
96.40	333.1	11.1	30.4	2.0	-53.9	72.8	1.5	101.4	-250.2	-2434.2	-294.1	50.4	
96.45	333.4	11.3	31.0	2.0	-53.6	72.9	2.1	100.9	-252.5	-2411.6	-292.2	52.9	
96.50	333.6	10.9	30.8	2.0	-53.2	73.0	1.5	98.1	-253.5	-2389.9	-310.2	52.6	
96.55	333.9	10.8	29.7	2.0	-52.6	73.1	-1.8	95.1	-252.4	-2341.6	-390.6	49.4	
96.60	334.1	10.8	28.9	2.0	-52.4	73.2	-4.4	94.6	-252.3	-2314.0	-440.8	46.8	
96.65	334.3	10.9	28.9	2.0	-52.3	73.3	-2.8	94.9	-253.5	-2316.8	-380.5	46.9	
96.70	334.6	10.9	28.2	2.0	-51.8	73.4	0.8	95.3	-253.4	-2293.6	-254.6	45.2	
96.75	334.8	10.9	26.4	2.0	-50.7	73.5	3.5	95.2	-252.1	-2227.5	-118.7	40.0	
96.80	335.0	11.2	24.9	2.0	-50.2	73.6	8.5	93.4	-253.3	-2190.2	99.9	35.4	
96.85	335.3	11.1	24.0	2.0	-50.2	73.7	14.3	91.4	-255.7	-2166.5	356.4	32.3	
96.90	335.5	11.1	23.1	2.0	-49.9	73.8	17.7	90.6	-255.7	-2107.7	542.8	29.3	
96.95	335.7	11.3	21.5	2.0	-49.7	73.9	19.9	89.9	-254.5	-2058.0	670.9	24.2	
97.00	335.9	11.3	20.1	2.0	-50.2	74.0	21.6	88.2	-255.4	-2058.9	783.6	18.9	
97.05	336.1	11.4	18.7	2.0	-50.5	74.1	20.0	88.1	-257.1	-2059.7	838.4	13.7	
97.10	336.3	11.6	17.1	2.0	-50.6	74.2	19.0	88.5	-257.4	-2042.4	889.4	8.2	
97.15	336.6	11.5	16.6	2.0	-51.2	74.3	22.2	87.1	-257.2	-2042.4	1009.6	5.6	
97.20	336.8	11.3	16.7	2.0	-52.1	74.4	26.2	86.6	-258.6	-2042.4	1152.3	5.3	
97.25	337.0	10.9	17.1	2.0	-52.7	74.5	27.6	88.7	-260.4	-2030.2	1237.3	5.9	
97.30	337.2	10.7	17.6	2.0	-52.8	74.6	29.2	88.2	-260.8	-2021.2	1277.1	7.6	
97.35	337.4	10.4	18.2	2.0	-52.6	74.7	30.5	86.5	-259.8	-2025.8	1250.3	10.0	
97.40	337.6	10.1	18.3	2.0	-51.7	74.8	28.0	87.4	-259.0	-2014.0	1127.5	11.1	
97.45	337.8	10.0	18.7	2.0	-50.6	74.9	24.1	87.8	-259.5	-2001.1	982.9	13.5	
97.50	338.0	9.8	19.1	2.0	-49.4	75.0	21.3	83.8	-260.5	-1971.6	860.3	16.0	
97.55	338.3	9.6	18.3	2.0	-47.7	75.1	17.0	81.0	-261.5	-1905.7	707.7	15.2	
97.60	338.5	9.6	18.1	2.0	-46.0	75.2	13.1	79.6	-262.5	-1822.7	562.1	16.3	
97.65	338.7	9.8	19.2	2.0	-44.8	75.3	12.3	76.4	-263.1	-1769.0	466.4	21.0	
97.70	338.9	10.0	20.9	2.0	-43.7	75.4	10.9	74.3	-263.2	-1715.4	346.3	28.1	
97.75	339.1	10.1	21.6	2.0	-42.7	75.5	6.5	75.1	-263.2	-1668.4	161.6	31.3	
97.80	339.3	10.2	22.7	2.0	-42.8	75.6	3.3	75.3	-262.9	-1683.2	-6.0	35.1	
97.85	339.5	10.1	25.1	2.0	-43.2	75.7	2.2	74.1	-262.7	-1711.5	-120.9	42.8	
97.90	339.7	9.8	26.2	2.0	-43.1	75.8	0.5	75.0	-263.3	-1691.8	-214.1	46.7	
97.95	339.9	9.4	25.3	2.0	-42.5	75.9	-2.2	74.5	-264.9	-1635.9	-292.1	44.4	
98.00	340.1	9.2	24.7	2.0	-41.8	76.0	-3.8	70.3	-266.8	-1580.6	-332.3	43.1	
98.05	340.3	9.4	24.8	2.0	-41.2	76.1	-6.0	66.2	-267.4	-1534.2	-386.9	44.0	
98.10	340.5	9.5	24.3	2.0	-41.2	76.2	-9.0	65.9	-266.9	-1512.4	-471.0	42.4	
98.15	340.7	9.5	23.6	2.0	-41.2	76.3	-9.7	66.2	-267.0	-1498.3	-499.8	39.9	
98.20	340.9	9.4	23.5	2.0	-40.7	76.4	-9.1	65.8	-267.9	-1472.4	-462.0	39.9	
98.25	341.1	9.5	23.8	2.0	-39.6	76.5	-7.1	65.3	-268.7	-1417.6	-361.8	42.1	
98.30	341.3	9.4	22.9	2.0	-38.3	76.6	-3.0	63.0	-268.8	-1356.1	-216.9	40.3	
98.35	341.5	9.4	21.0	2.0	-37.2	76.7	1.7	59.5	-269.1	-1295.7	-59.1	34.8	
98.40	341.7	9.9	19.5	2.0	-36.5	76.8	4.3	57.8	-270.1	-1249.9	72.3	30.3	
98.45	341.9	10.2	19.0	2.0	-36.6	76.9	6.1	58.1	-270.9	-1242.7	179.3	28.5	
98.50	342.1	10.3	18.4	2.0	-37.1	77.0	8.0	58.2	-270.1	-1266.0	257.3	26.2	
98.55	342.3	10.5	17.4	2.0	-37.7	77.1	9.0	58.3	-269.0	-1301.2	313.5	22.2	
98.60	342.5	10.4	16.6	2.0	-38.3	77.2	9.2	58.8	-269.5	-1323.1	388.9	18.9	
98.65	342.7	10.4	15.7	2.0	-38.8	77.3	11.7	58.6	-270.8	-1318.1	529.1	15.0	
98.70	342.9	10.4	14.7	2.0	-39.2	77.4	16.5	56.4	-271.1	-1268.4	709.6	11.4	
98.75	343.1	10.2	13.9	2.0	-39.7	77.5	20.6	54.8	-270.6	-1211.2	868.3	8.1	
98.80	343.3	10.0	14.0	2.0	-40.4	77.6	22.6	54.7	-271.2	-1186.8	978.7	7.7	
98.85	343.5	10.2	14.3	2.0	-40.9	77.7	23.5	54.4	-272.0	-1195.0	1033.1	8.2	
98.90	343.7	10.1	13.8	2.0	-40.9	77.8	23.8	53.8	-271.1	-1203.5	1026.8	6.6	
98.95	343.9	10.2	12.7	2.0	-40.3	77.9	23.7	53.0	-269.5	-1172.5	995.6	3.2	
99.00	344.1	10.5	12.1	2.0	-39.7	78.0	22.7	51.7	-270.0	-1132.0	976.7	1.9	
99.05	344.2	10.4	11.9	2.0	-39.2	78.1	22.2	49.0	-272.3	-1086.9	979.5	1.6	
99.10	344.4	10.5	11.8	2.0	-38.3	78.2	21.6	46.4	-274.1	-1026.8	958.7	2.3	
99.15	344.6	10.6	11.7	2.0	-37.0	78.3	18.9	45.6	-273.4	-994.1	854.7	3.1	
99.20	344.8	10.7	12.7	2.0	-35.8	78.4	16.1	44.8	-273.4	-984.5	728.1	7.6	
99.25	345.0	10.7	14.1	2.0	-34.7	78.5	12.9	44.5	-275.0	-979.5	589.3	13.7	
99.30	345.2	10.7	14.6	2.0	-33.2	78.6	9.2	44.8	-275.5	-940.6	420.0	17.1	
99.35	345.3	10.7	14.7	2.0	-31.6	78.7	6.2	43.6	-273.9	-884.9	244.2	18.9	
99.40	345.5	10.6	15.3	2.0	-30.6	78.8	5.0	40.5	-273.5	-841.7	119.7	22.0	
99.45	345.7	10.4	16.3	2.0	-29.8	78.9	3.8	38.4	-276.1	-792.1	38.2	26.1	
99.50	345.9	10.1	16.7	2.0	-28.9	79.0	0.8	36.8	-277.9	-723.7	-72.3	28.5	
99.55	346.1	10.0	17.3	2.0	-28.4	79.1	-2.5	34.5	-277.2	-663.4	-212.3	31.0	
99.60	346.2	10.0	18.4	2.0	-28.6	79.2	-4.1	33.5	-277.1	-639.8	-324.2	34.6	
99.65	346.4	10.0	19.2	2.0	-29.2	79.3	-6.6	34.4	-277.9	-621.5	-439.2	36.8	
99.70	346.6	10.3	19.0	2.0	-29.3	79.4	-9.1	33.1	-277.2	-556.0	-533.6	35.9	
99.75	346.8	10.7	18.3	2.0	-28.2	79.5	-8.3	29.0	-276.1	-454.1	-530.9	34.6	
99.80	347.0	11.1	17.5	2.0	-26.1	79.6	-5.2	25.9	-276.8	-341.1	-432.8	34.0	
99.85	347.2	11.5	16.6	2.0	-24.2	79.7	-2.1	25.6	-277.9	-265.3	-303.5	32.8	
99.90	347.3	11.6	15.8	2.0	-22.8	79.8	0.6	24.9	-277.6	-243.5	-183.3	31.5	
99.95	347.5	11.4	14.6	2.0	-22.2	79.9	2.6	23.6	-277.0	-251.2	-80.2	28.0	
100.00	347.7	11.2	13.6	2.0	-22.4	80.0	3.2	25.4	-277.8	-268.6	12.7	24.4	
100.05	347.9	11.2	13.1	2.0	-23.0	80.1	4.7	27.7	-278.5	-278.6	127.3	21.9	
100.10	348.1	11.3	11.9	2.0	-23.8	80.2	8.0	25.6	-277.1	-263.1	264.5	16.9	
100.15	348.3	11.2	10.0	2.0	-25.1	80.3	11.4	22.3	-276.0	-214.5	423.4	9.3	
100.20	348.4	11.2	8.9	2.0	-27.3	80.4	14.6	22.2	-277.8	-158.3	622.5	3.3	
100.25	348.6	11.6	9.3	2.0	-30.2	80.5	18.9	22.3	-279.4	-143.0	840.1	1.6	
100.30	348.8	11.7	10.0	2.0	-32.6	80.6	23.5	20.6	-278.4	-165.3	1012.2	1.8	
100.35	349.0	11.8	9.7	2.0	-33.9	80.7	25.5	20.5	-277.6	-196.5	1105.7	-0.5	
100.40	349.1	11.9	9.1	2.0	-34.6	80.8	25.2	22.7	-278.7	-228.5	1145.6	-3.3	
100.45	349.3	11.9	8.7	2.0	-34.9	80.9	25.6	21.8	-279.3	-213.9	1170.2	-5.0	
100.50	349.5	12.1	7.9	2.0	-34.6	81.0	26.3	17.4	-278.2	-139.8	1169.5	-7.6	
100.55	349.7	12.5	6.8	2.0	-33.9	81.1	25.1	14.7	-278.2	-65.2	1131.2	-10.7	
100.60	349.8	12.6	6.5	2.0	-33.4	81.2	24.1	13.5	-279.9	-34.1	1094.3	-11.0	
100.65	350.0	12.5	7.3	2.0	-32.6	81.3	23.7	12.2	-280.5	-35.5	1039.7	-7.5	
100.70	350.2	12.3	7.8	2.0	-31.2	81.4	21.9	12.4	-279.7	-28.4	933.7	-4.3	
100.75	350.3	11.9	8.7	2.0	-29.4	81.5	19.0	15.5	-280.2	-45.1	799.5	0.6	
100.80	350.5	11.7	10.2	2.0	-27.8	81.6	17.4	17.2	-281.2	-90.2	674.0	7.1	
100.85	350.7	11.4	10.9	2.0	-25.6	81.7	15.4	14.7	-280.4	-72.2	518.7	11.9	
100.90	350.8	11.0	9.6	2.0	-22.7	81.8	10.9	11.4	-278.8	17.1	322.1	10.3	
100.95	351.0	10.9	9.0	2.0	-20.6	81.9	6.2	9.7	-280.1	82.6	156.9	10.4	
101.00	351.2	11.0	10.5	2.0	-19.3	82.0	4.4	10.1	-282.8	49.5	54.5	16.9	
101.05	351.3	11.0	12.6	2.0	-19.5	82.1	2.3	12.2	-282.1	-33.1	-77.8	23.9	
101.10	351.5	10.9	13.6	2.0	-21.7	82.2	-1.3	14.0	-280.0	-85.5	-234.0	25.1	
101.15	351.7	11.0	13.8	2.0	-22.9	82.3	-4.3	14.1	-281.0	-85.7	-330.1	24.5	
101.20	351.9	11.4	14.3	2.0	-23.1	82.4	-4.8	13.5	-283.6	-71.5	-342.6	26.1	
101.25	352.0	11.7	14.9	2.0	-23.0	82.5	-4.1	12.9	-283.1	-31.5	-344.0	28.3	
101.30	352.2	11.9	13.9	2.0	-22.7	82.6	-2.6	10.5	-280.6	34.3	-336.1	25.0	
101.35	352.4	12.0	12.7	2.0	-22.2	82.7	-1.7	6.6	-280.5	66.6	-299.1	21.5	
101.40	352.5	11.5	11.8	2.0	-21.5	82.8	-2.4	4.7	-283.3	77.8	-244.3	18.9	
101.45	352.7	11.2	10.8	2.0	-20.8	82.9	-2.5	6.0	-284.6	94.5	-178.4	16.4	
101.50	352.9	11.1	10.1	2.0	-19.8	83.0	0.4	6.2	-282.6	92.3	-87.7	14.9	
101.55	353.0	11.4	9.3	2.0	-19.4	83.1	4.3	3.4	-281.0	96.2	29.5	12.7	
101.60	353.2	11.4	8.0	2.0	-20.7	83.2	4.9	1.4	-282.5	142.7	138.8	6.8	
101.65	353.3	11.2	6.8	2.0	-22.7	83.3	5.3	-0.5	-284.5	239.4	257.0	0.6	
101.70	353.5	11.2	6.8	2.0	-25.3	83.4	10.9	-3.0	-283.3	300.2	430.6	-2.1	
101.75	353.6	11.1	7.3	2.0	-27.6	83.5	17.1	-3.8	-281.2	326.0	599.9	-2.5	
101.80	353.8	11.1	7.2	2.0	-28.8	83.6	18.1	-1.8	-281.5	334.0	697.5	-3.9	
101.85	353.9	11.4	6.6	2.0	-29.6	83.7	17.2	-1.7	-283.7	339.1	767.9	-6.9	
101.90	354.1	11.2	6.4	2.0	-30.6	83.8	18.8	-4.1	-283.8	341.4	842.0	-8.7	
101.95	354.3	10.9	6.0	2.0	-31.5	83.9	21.1	-4.2	-281.9	360.6	895.7	-10.7	
102.00	354.4	10.9	6.0	2.0	-32.0	84.0	21.7	-2.1	-281.3	392.0	928.3	-11.5	
102.05	354.6	10.9	6.2	2.0	-32.6	84.1	22.0	-3.6	-283.0	418.2	963.8	-11.3	
102.10	354.7	11.1	5.9	2.0	-32.5	84.2	21.1	-6.5	-284.0	425.9	952.6	-12.4	
102.15	354.9	11.2	5.4	2.0	-31.6	84.3	19.0	-5.4	-282.9	431.2	883.2	-13.0	
102.20	355.0	11.1	5.8	2.0	-30.6	84.4	17.8	-2.1	-282.0	416.7	812.0	-10.8	
102.25	355.2	11.0	7.5	2.0	-30.0	84.5	18.3	-1.2	-283.1	389.9	767.6	-4.1	
102.30	355.3	10.9	7.8	2.0	-28.7	84.6	15.4	-2.8	-284.1	408.2	654.1	-2.0	
102.35	355.5	11.0	6.7	2.0	-27.0	84.7	9.9	-4.2	-283.9	457.3	474.0	-3.9	
102.40	355.6	11.2	6.9	2.0	-25.6	84.8	6.2	-5.5	-283.2	467.9	310.4	-1.9	
102.45	355.8	11.5	8.2	2.0	-25.0	84.9	6.4	-7.4	-283.9	462.8	220.8	3.2	
102.50	355.9	11.6	9.1	2.0	-24.4	85.0	4.7	-6.5	-284.8	457.0	108.2	6.7	
102.55	356.1	11.6	9.4	2.0	-23.8	85.1	-0.5	-4.3	-284.6	429.1	-69.8	8.6	
102.60	356.2	11.6	10.1	2.0	-24.1	85.2	-3.7	-5.9	-284.9	391.9	-211.3	10.5	
102.65	356.4	11.7	11.3	2.0	-24.6	85.3	-4.5	-8.0	-285.6	370.6	-301.5	14.2	
102.70	356.5	11.7	11.9	2.0	-25.7	85.4	-5.9	-8.0	-285.4	404.1	-393.9	15.1	
102.75	356.6	11.7	12.1	2.0	-26.9	85.5	-7.7	-7.9	-284.7	442.0	-477.9	14.6	
102.80	356.8	11.7	12.4	2.0	-27.4	85.6	-8.2	-10.1	-285.0	443.1	-513.7	15.2	
102.85	356.9	11.9	12.3	2.0	-27.2	85.7	-8.0	-11.7	-286.0	423.7	-508.7	15.1	
102.90	357.1	11.9	12.1	2.0	-27.0	85.8	-8.0	-11.3	-285.3	425.9	-491.0	14.6	
102.95	357.2	11.7	11.3	2.0	-26.4	85.9	-6.3	-11.3	-284.4	440.6	-421.2	12.3	
103.00	357.3	11.7	10.5	2.0	-25.6	86.0	-3.3	-13.1	-285.3	456.8	-294.9	10.5	
103.05	357.5	11.9	9.7	2.0	-25.4	86.1	-1.9	-14.6	-286.7	490.5	-178.9	7.8	
103.10	357.6	12.4	8.2	2.0	-25.7	86.2	-1.3	-16.4	-285.9	536.3	-90.4	2.4	
103.15	357.7	12.6	6.7	2.0	-26.1	86.3	1.5	-18.7	-284.3	566.3	29.0	-3.2	
103.20	357.9	12.8	6.1	2.0	-26.9	86.4	6.1	-19.1	-284.8	590.5	205.5	-6.0	
103.25	358.0	13.1	5.5	2.0	-27.9	86.5	8.4	-17.2	-285.6	600.9	355.3	-9.1	
103.30	358.2	13.0	4.6	2.0	-28.5	86.6	9.8	-15.5	-285.1	573.5	477.7	-12.7	
103.35	358.3	12.7	4.4	2.0	-29.6	86.7	13.8	-15.5	-285.0	531.9	635.4	-14.5	
103.40	358.4	12.3	4.3	2.0	-31.1	86.8	17.5	-15.1	-285.1	512.3	779.1	-16.3	
103.45	358.6	12.5	3.7	2.0	-32.2	86.9	17.8	-15.9	-284.7	556.0	844.1	-19.6	
103.50	358.7	12.3	2.9	2.0	-32.9	87.0	17.7	-16.9	-285.3	594.2	882.3	-23.0	
103.55	358.8	12.1	2.7	2.0	-33.2	87.1	18.6	-17.8	-286.1	591.9	904.6	-24.1	
103.60	358.9	12.3	2.7	2.0	-32.5	87.2	18.5	-17.9	-285.0	550.9	865.6	-23.2	
103.65	359.1	12.1	2.7	2.0	-31.3	87.3	17.3	-17.3	-283.6	510.3	797.4	-22.0	
103.70	359.2	11.9	3.0	2.0	-30.6	87.4	16.1	-16.6	-284.6	490.7	749.5	-20.3	
103.75	359.3	11.9	3.4	2.0	-30.1	87.5	15.3	-16.7	-286.4	484.5	705.5	-18.5	
103.80	359.4	11.9	3.5	2.0	-29.1	87.6	14.0	-17.6	-286.0	474.1	617.0	-16.9	
103.85	359.6	11.8	4.4	2.0	-27.9	87.7	12.8	-18.9	-284.9	469.8	503.8	-12.6	
103.90	359.7	11.5	4.2	2.0	-26.8	87.8	11.5	-19.6	-284.9	462.6	387.5	-12.5	
103.95	359.8	11.4	4.2	2.0	-25.9	87.9	7.2	-20.6	-285.4	488.0	228.5	-11.4	
104.00	359.9	11.4	4.8	2.0	-25.2	88.0	2.8	-19.7	-286.4	484.6	71.6	-8.8	
104.05	360.0	11.0	5.7	2.0	-24.5	88.1	1.5	-19.0	-286.3	443.9	-40.3	-4.9	
104.10	0.1	11.2	6.7	2.0	-24.4	88.2	0.4	-19.3	-284.8	408.3	-140.6	-1.2	
104.15	0.2	11.3	7.0	2.0	-24.9	88.3	-1.6	-20.0	-285.2	423.0	-212.8	-0.8	
104.20	0.3	11.2	7.3	2.0	-25.5	88.4	-3.3	-20.2	-287.5	450.0	-241.5	-0.4	
104.25	0.4	11.1	7.8	2.0	-25.4	88.5	-3.1	-19.2	-288.1	442.6	-249.0	1.3	
104.30	0.6	11.1	7.6	2.0	-25.3	88.6	-1.5	-18.4	-286.2	442.7	-248.0	0.9	
104.35	0.7	11.1	7.5	2.0	-25.5	88.7	-0.7	-18.5	-284.8	460.5	-247.7	0.3	
104.40	0.8	10.9	7.9	2.0	-26.1	88.8	-2.2	-20.5	-285.6	502.0	-246.2	1.0	
104.45	0.9	10.9	7.3	2.0	-26.7	88.9	-2.1	-22.2	-287.7	567.5	-192.6	-1.7	
104.50	1.0	11.1	6.6	2.0	-27.1	89.0	-0.6	-22.3	-287.2	612.6	-128.5	-4.6	
104.55	1.1	11.2	7.1	2.0	-27.3	89.1	2.1	-22.7	-285.2	643.0	-49.0	-3.0	
104.60	1.2	11.3	5.5	2.0	-28.1	89.2	4.1	-25.3	-285.3	692.8	53.1	-9.3	
104.65	1.3	11.3	4.8	2.0	-29.3	89.3	4.9	-26.9	-287.3	766.4	159.7	-12.8	
104.70	1.4	11.3	5.1	2.0	-30.5	89.4	6.1	-28.1	-287.3	830.2	247.4	-13.0	
104.75	1.6	11.5	5.0	2.0	-31.5	89.5	10.5	-30.4	-285.5	866.0	356.0	-14.3	
104.80	1.7	11.8	4.8	2.0	-32.4	89.6	14.2	-33.3	-283.9	885.8	450.1	-16.0	
104.85	1.8	12.2	3.9	2.0	-33.4	89.7	14.4	-35.6	-284.3	931.4	515.9	-20.2	
104.90	1.9	12.5	3.8	2.0	-34.2	89.8	14.0	-36.0	-285.9	958.3	582.0	-21.2	
104.95	2.0	12.6	3.8	2.0	-34.7	89.9	17.0	-35.2	-286.5	932.8	682.3	-21.7	
105.00	2.1	12.5	3.7	2.0	-34.8	90.0	20.2	-33.7	-284.9	883.7	752.1	-22.0	
105.05	2.2	12.7	3.5	2.0	-34.9	90.1	19.7	-35.1	-283.2	891.2	754.9	-22.8	
105.10	2.3	13.0	2.6	2.0	-35.2	90.2	17.6	-37.6	-284.6	918.2	753.4	-26.1	
105.15	2.4	13.2	2.9	2.0	-35.9	90.3	16.9	-39.4	-286.6	963.4	771.1	-26.0	
105.20	2.5	13.3	3.2	2.0	-36.6	90.4	19.0	-39.6	-285.6	1010.1	793.6	-25.7	
105.25	2.6	13.3	-18.3	1.5	-36.7	90.4	20.4	-39.7	-283.2	1023.4	785.1	-34.5	
105.30	2.7	13.1	-13.5	1.1	-36.5	90.5	18.6	-41.3	-283.7	1037.9	742.6	-34.5	
105.35	2.7	12.5	-9.4	0.8	-36.0	90.6	14.0	-42.2	-286.4	1046.6	668.7	-32.3	
105.40	2.8	12.1	-6.6	0.6	-35.7	90.6	13.1	-39.9	-287.5	1047.5	628.2	-31.3	
105.45	2.9	12.0	-3.2	0.5	-35.2	90.6	15.1	-36.9	-285.6	1036.9	594.4	-26.1	
105.50	3.0	12.0	-1.5	0.3	-34.8	90.6	15.8	-36.6	-284.1	1039.1	530.0	-25.1	
105.55	3.1	12.0	-0.8	0.3	-34.3	90.7	9.9	-38.9	-285.0	1054.1	383.6	-25.8	
105.60	3.2	11.9	0.2	0.2	-33.5	90.7	4.3	-39.0	-287.5	1033.5	252.1	-24.4	
105.65	3.3	11.7	2.0	0.1	-32.5	90.7	5.1	-36.2	-287.8	978.6	198.5	-19.5	
105.70	3.4	12.0	4.3	0.1	-31.2	90.7	7.2	-32.7	-285.0	901.5	134.1	-11.8	
105.75	3.5	12.6	5.3	0.1	-30.4	90.7	4.7	-32.4	-284.0	852.6	11.5	-8.7	
105.80	3.6	12.6	5.2	0.1	-30.4	90.7	-0.7	-34.4	-287.1	836.0	-116.5	-10.0	
105.85	3.7	12.5	5.7	0.0	-30.5	90.7	-2.8	-34.8	-288.8	822.2	-194.1	-9.0	
105.90	3.8	12.4	7.0	0.0	-30.5	90.7	-0.9	-33.7	-285.7	821.9	-234.4	-5.1	
105.95	3.9	12.5	8.2	0.0	-30.2	90.7	2.1	-32.1	-283.0	807.9	-234.4	-0.9	
106.00	4.0	12.7	8.3	0.0	-30.1	90.7	1.9	-32.3	-285.0	799.8	-216.7	-0.8	
106.05	4.1	12.7	7.6	0.0	-30.6	90.7	-0.5	-34.9	-287.4	828.5	-207.2	-3.8	
106.10	4.2	12.5	6.5	0.0	-31.7	90.7	0.1	-38.6	-286.2	914.6	-162.2	-8.9	
106.15	4.2	12.4	6.6	0.0	-32.9	90.7	3.8	-41.5	-284.1	1010.5	-65.3	-9.7	
106.20	4.3	12.3	6.4	0.0	-33.9	90.7	6.6	-43.9	-284.8	1081.6	51.6	-11.9	
106.25	4.4	12.3	5.4	0.0	-35.0	90.7	6.1	-47.5	-286.3	1147.7	131.7	-16.4	
106.30	4.5	12.9	4.1	0.0	-36.1	90.7	5.8	-50.3	-285.8	1208.0	211.7	-22.0	
106.35	4.6	13.4	3.7	0.0	-36.6	90.7	9.2	-49.3	-284.4	1221.0	349.7	-23.7	
106.40	4.7	13.6	4.7	0.0	-37.3	90.7	14.2	-47.2	-284.1	1216.4	533.9	-21.1	
106.45	4.8	13.5	4.9	0.0	-38.6	90.7	17.8	-46.0	-284.8	1238.1	706.4	-21.7	
106.50	4.9	13.3	4.3	0.0	-40.1	90.7	18.3	-47.6	-285.1	1297.6	811.5	-25.3	
106.55	5.0	13.0	3.4	0.0	-41.5	90.7	19.4	-50.3	-284.8	1359.0	892.7	-29.9	
106.60	5.1	12.8	3.0	0.0	-42.7	90.7	21.0	-51.8	-285.0	1422.3	957.4	-32.5	
106.65	5.2	13.0	3.2	0.0	-43.0	90.7	21.3	-50.8	-284.7	1447.4	966.0	-31.9	
106.70	5.2	13.4	2.7	0.0	-42.8	90.7	19.6	-51.4	-284.0	1465.5	912.2	-33.7	
106.75	5.3	13.0	2.3	0.0	-42.4	90.7	16.8	-52.6	-284.2	1476.7	831.8	-34.6	
106.80	5.4	12.7	2.8	0.0	-42.2	90.7	15.5	-52.4	-285.2	1489.6	770.8	-32.6	
106.85	5.5	12.7	3.5	0.0	-42.2	90.7	15.2	-52.2	-284.8	1525.3	703.5	-30.1	
106.90	5.6	13.2	4.3	0.0	-42.3	90.7	13.9	-53.8	-283.8	1574.5	602.7	-27.5	
106.95	5.7	13.3	6.0	0.0	-42.3	90.7	12.4	-55.1	-284.9	1607.3	497.3	-21.7	
107.00	5.8	13.1	6.6	0.0	-41.9	90.7	9.4	-54.6	-286.1	1616.9	350.0	-19.3	
107.05	5.9	12.7	6.9	0.0	-41.4	90.7	5.5	-53.7	-284.9	1615.2	158.9	-17.8	
107.10	6.0	12.4	7.7	0.0	-40.9	90.7	2.3	-52.7	-283.5	1585.7	-24.0	-14.5	
107.15	6.1	12.3	8.3	0.0	-40.9	90.7	-0.6	-53.2	-284.4	1578.5	-169.5	-12.6	
107.20	6.2	12.3	8.9	0.0	-41.7	90.7	-4.0	-54.9	-285.5	1609.5	-296.3	-11.1	
107.25	6.3	12.1	9.5	0.0	-42.5	90.7	-6.6	-57.1	-284.8	1644.1	-400.0	-9.9	
107.30	6.3	11.9	10.0	0.0	-42.8	90.7	-6.7	-57.9	-284.8	1656.7	-439.6	-8.5	
107.35	6.4	11.9	10.9	0.0	-42.6	90.7	-6.7	-56.8	-286.2	1638.5	-450.7	-5.2	
107.40	6.5	11.9	11.0	0.0	-42.3	90.7	-7.7	-55.9	-286.2	1611.7	-479.1	-4.7	
107.45	6.6	12.0	10.8	0.0	-42.1	90.7	-8.8	-55.8	-284.5	1582.9	-514.7	-4.8	
107.50	6.7	12.2	10.4	0.0	-41.9	90.7	-9.0	-55.8	-284.0	1573.0	-502.3	-6.2	
107.55	6.8	12.5	10.1	0.0	-41.7	90.7	-7.7	-54.9	-285.1	1580.8	-429.0	-7.1	
107.60	6.8	12.6	9.5	0.0	-41.8	90.7	-5.3	-55.1	-285.2	1612.4	-324.7	-9.2	
107.65	6.9	12.5	8.6	0.0	-41.8	90.7	-3.1	-56.8	-284.1	1629.3	-221.4	-12.4	
107.70	7.0	12.4	7.4	0.0	-41.6	90.7	-1.2	-57.8	-284.5	1623.8	-103.7	-16.1	
107.75	7.1	12.1	7.2	0.0	-41.5	90.7	1.6	-57.1	-285.8	1620.3	38.8	-16.8	
107.80	7.2	11.8	6.9	0.0	-41.5	90.7	4.2	-56.2	-284.9	1610.8	159.2	-17.9	
107.85	7.3	12.1	5.9	0.0	-41.7	90.7	6.4	-56.4	-283.3	1618.7	261.5	-21.5	
107.90	7.4	12.3	5.3	0.0	-42.2	90.7	8.5	-56.6	-283.7	1632.5	370.6	-23.9	
107.95	7.4	12.5	5.1	0.0	-42.5	90.7	10.3	-56.5	-284.7	1628.7	469.0	-25.0	
108.00	7.5	12.8	4.7	0.0	-42.7	90.7	12.5	-57.6	-283.5	1612.5	551.2	-26.5	
108.05	7.6	12.7	4.6	0.0	-42.8	90.7	15.4	-57.6	-282.2	1585.0	642.1	-27.1	
108.10	7.7	12.4	4.6	0.0	-42.7	90.7	17.2	-54.8	-283.4	1546.2	732.9	-26.9	
108.15	7.8	12.2	4.4	0.0	-42.4	90.7	18.1	-52.3	-284.6	1498.9	791.3	-27.3	
108.20	7.9	12.4	4.4	0.0	-42.3	90.7	18.8	-53.8	-283.3	1484.3	797.2	-27.3	
108.25	8.0	12.5	3.6	0.0	-42.5	90.7	18.0	-56.9	-281.5	1505.6	759.3	-30.2	
108.30	8.1	12.5	2.9	0.0	-42.9	90.7	16.0	-57.7	-282.7	1560.0	719.2	-33.0	
108.35	8.1	12.5	3.2	0.0	-43.3	90.7	14.2	-58.5	-284.5	1610.5	671.2	-32.5	
108.40	8.2	12.5	3.2	0.0	-43.2	90.7	13.3	-61.3	-283.7	1629.7	596.3	-32.1	
108.45	8.3	12.4	3.2	0.0	-42.7	90.7	10.9	-62.7	-282.3	1619.0	482.3	-31.8	
108.50	8.4	12.6	3.8	0.0	-42.1	90.7	7.6	-61.6	-283.2	1609.3	376.5	-29.1	
108.55	8.5	12.5	4.6	0.0	-41.9	90.7	6.5	-60.1	-284.9	1613.2	311.2	-26.2	
108.60	8.6	12.4	5.6	0.0	-42.3	90.7	6.1	-61.0	-283.9	1649.6	229.1	-23.0	
108.65	8.6	12.6	6.0	0.0	-42.9	90.7	3.9	-63.2	-282.1	1704.8	100.9	-22.3	
108.70	8.7	12.7	6.8	0.0	-43.2	90.7	0.4	-62.9	-283.1	1729.0	-27.7	-19.9	
108.75	8.8	12.6	7.8	0.0	-43.3	90.7	-2.0	-62.6	-284.6	1737.1	-132.0	-16.7	
108.80	8.9	12.6	8.5	0.0	-43.5	90.7	-2.8	-62.5	-283.6	1739.8	-228.3	-14.3	
108.85	9.0	12.4	8.9	0.0	-43.8	90.7	-5.3	-61.9	-282.1	1750.3	-345.3	-13.4	
108.90	9.0	12.1	9.1	0.0	-44.4	90.7	-8.0	-61.5	-283.3	1773.7	-427.7	-13.3	
108.95	9.1	12.3	9.5	0.0	-45.3	90.7	-8.4	-64.0	-284.6	1832.0	-457.7	-12.8	
109.00	9.2	12.3	10.0	0.0	-46.4	90.7	-7.6	-66.4	-283.1	1902.2	-477.6	-12.1	
109.05	9.3	12.5	10.4	0.0	-46.5	90.7	-6.2	-64.9	-281.7	1918.6	-464.9	-10.6	
109.10	9.4	13.0	11.1	0.0	-45.4	90.7	-4.3	-61.6	-282.4	1861.2	-409.2	-7.4	
109.15	9.5	13.3	11.2	0.0	-44.2	90.7	-2.3	-59.8	-282.7	1787.6	-335.6	-5.7	
109.20	9.5	13.3	10.3	0.0	-44.0	90.7	-0.4	-60.1	-281.4	1780.9	-256.2	-8.6	
109.25	9.6	12.9	9.6	0.0	-44.7	90.7	1.9	-61.3	-280.8	1844.7	-141.6	-11.7	
109.30	9.7	12.7	8.7	0.0	-45.5	90.7	5.2	-62.0	-282.6	1907.6	19.2	-15.5	
109.35	9.8	12.7	7.8	0.0	-46.1	90.7	8.3	-64.0	-283.1	1943.3	165.1	-19.3	
109.40	9.9	13.1	6.4	0.0	-46.7	90.7	10.1	-66.4	-281.3	1965.1	267.7	-24.7	
109.45	10.0	13.2	4.8	0.0	-46.9	90.7	10.5	-65.8	-280.4	1965.9	369.3	-30.5	
109.50	10.1	13.2	4.2	0.0	-47.1	90.7	12.9	-64.4	-281.8	1952.5	529.2	-32.6	
109.55	10.1	13.2	4.5	0.0	-48.0	90.7	17.6	-65.5	-282.4	1953.4	713.7	-32.4	
109.60	10.2	13.2	4.2	0.0	-49.1	90.7	22.0	-67.7	-280.9	1976.5	864.7	-34.8	
109.65	10.3	13.1	3.1	0.0	-50.3	90.7	23.4	-71.1	-280.0	2017.8	958.2	-39.7	
109.70	10.4	12.7	2.1	0.0	-51.3	90.7	24.4	-74.2	-281.6	2055.2	1044.5	-44.2	
109.75	10.5	12.4	2.0	0.0	-51.6	90.7	24.8	-74.1	-282.9	2049.9	1090.0	-44.6	
109.80	10.5	12.4	2.0	0.0	-50.8	90.7	24.7	-70.7	-281.8	2006.6	1073.4	-44.0	
109.85	10.6	12.5	2.2	0.0	-48.9	90.7	24.1	-66.0	-279.8	1895.6	1008.0	-41.5	
109.90	10.7	12.6	2.5	0.0	-46.8	90.7	21.7	-62.9	-279.7	1780.2	912.1	-38.2	
109.95	10.8	12.5	2.2	0.0	-45.9	90.7	19.0	-63.0	-281.1	1743.0	823.2	-38.4	
