Time[s]	Rotor azimuth angle[deg]	Hub wind speed magnitude[m/s]	ACTTORQUE1[Nm]	PITRAT1[deg/s]	PITFRIC1[kNm]	PITCH1[deg]	Blade root 1 Fx[KN]	Blade root 1 Fy[KN]	Blade root 1 Fz[KN]	Blade root 1 Mx[kNm]	Blade root 1 My[kNm]	Blade root 1 Mz[kNm]	
END_OF_HEADER
50.00	285.0	12.2	-42.8	-0.0	236.8	-0.3	304.1	259.8	596.3	-5524.9	14121.3	89.8	
50.05	287.7	12.1	-51.4	-0.0	242.1	-0.3	327.8	244.4	583.9	-5145.7	14674.6	65.7	
50.10	290.3	12.2	96.1	0.2	-246.0	-0.3	344.7	232.7	573.3	-4828.7	15075.1	58.2	
50.15	293.0	12.3	86.6	0.2	-245.6	-0.3	345.8	226.4	562.4	-4596.4	15136.0	58.2	
50.20	295.7	12.3	-59.2	-0.0	242.2	-0.3	335.6	224.1	546.9	-4316.2	14990.6	61.3	
50.25	298.3	12.4	-46.3	-0.0	235.7	-0.3	315.8	214.6	529.4	-4116.5	14614.0	75.8	
50.30	301.0	12.9	-39.1	-0.0	227.9	-0.3	296.4	206.8	517.5	-4075.9	14082.7	93.1	
50.35	303.7	13.1	-35.3	-0.0	222.0	-0.3	286.3	209.4	509.1	-3995.7	13672.2	100.6	
50.40	306.3	13.0	-35.0	-0.0	218.9	-0.3	282.2	206.1	497.7	-3806.1	13504.5	98.4	
50.45	309.0	12.9	-35.8	-0.0	218.6	-0.3	283.1	195.0	484.0	-3613.7	13568.0	95.6	
50.50	311.6	12.8	-37.9	-0.0	221.8	-0.3	293.3	186.0	473.5	-3439.4	13858.0	91.6	
50.55	314.3	12.7	100.8	0.2	-225.9	-0.3	304.6	173.1	465.5	-3239.0	14218.8	95.6	
50.60	317.0	12.6	93.2	0.1	-229.2	-0.3	310.1	154.1	455.6	-2976.8	14554.6	96.7	
50.65	319.6	12.4	-46.2	-0.0	232.8	-0.3	315.2	138.8	444.7	-2644.2	14912.1	96.9	
50.70	322.3	12.3	-39.5	-0.0	237.0	-0.3	323.4	128.7	437.3	-2337.5	15274.4	100.3	
50.75	325.0	12.3	-42.4	-0.0	241.7	-0.3	335.0	120.6	433.3	-2075.9	15649.4	95.3	
50.80	327.6	12.2	-46.1	-0.0	246.9	-0.3	347.0	107.2	427.4	-1723.3	16078.7	87.9	
50.85	330.3	12.1	-49.0	-0.0	252.1	-0.3	354.7	90.5	418.7	-1319.6	16504.9	83.4	
50.90	333.0	12.1	-50.6	-0.0	257.5	-0.3	362.1	85.0	411.6	-978.3	16925.7	83.4	
50.95	335.6	12.5	-53.0	-0.0	262.8	-0.3	371.2	83.4	407.5	-694.6	17321.3	80.5	
51.00	338.3	12.6	-56.0	-0.0	266.1	-0.3	376.3	64.1	404.3	-306.9	17585.1	73.8	
51.05	341.0	12.2	-58.1	-0.0	267.4	-0.3	377.6	41.9	400.9	174.2	17689.5	67.7	
51.10	343.7	12.4	-55.6	-0.0	265.4	-0.3	370.3	31.9	398.4	488.5	17562.1	74.5	
51.15	346.4	12.4	-50.2	-0.0	261.7	-0.3	357.3	20.5	395.9	761.5	17312.9	89.2	
51.20	349.0	12.4	-50.0	-0.0	261.8	-0.3	354.3	4.6	392.2	1211.6	17305.9	89.9	
51.25	351.7	12.7	-53.6	-0.0	266.6	-0.3	363.5	-16.0	387.8	1669.5	17608.6	82.5	
51.30	354.4	12.7	-56.8	-0.0	272.4	-0.3	374.9	-33.7	385.7	1969.3	17982.6	77.5	
51.35	357.1	12.7	-61.1	-0.0	277.0	-0.3	383.9	-42.2	386.9	2294.3	18268.3	67.3	
51.40	359.7	12.8	-65.2	-0.0	280.7	-0.3	388.4	-56.5	384.9	2703.0	18476.2	56.9	
51.45	2.4	12.9	-67.3	-0.0	283.4	-0.3	390.0	-73.7	382.9	3067.4	18613.6	52.3	
51.50	5.0	12.9	-70.8	-0.0	286.3	-0.3	396.4	-80.6	386.8	3325.9	18772.1	43.2	
51.55	7.7	12.8	-75.6	-0.0	289.9	-0.3	404.0	-88.9	390.5	3567.3	18976.2	30.4	
51.60	10.3	12.4	-80.8	-0.0	294.2	-0.3	410.5	-108.3	388.4	3942.3	19199.4	16.8	
51.65	13.0	12.1	-84.5	-0.0	297.6	-0.3	416.8	-122.6	387.8	4326.1	19349.6	7.4	
51.70	15.7	11.8	-82.1	-0.0	296.7	-0.3	413.2	-135.0	392.9	4615.6	19207.9	14.7	
51.75	18.3	11.9	-79.2	-0.0	294.4	-0.3	405.1	-154.5	397.7	4948.7	18949.7	22.5	
51.80	21.0	12.1	-80.1	-0.0	293.8	-0.3	401.4	-170.4	400.3	5341.7	18782.2	18.9	
51.85	23.7	12.4	-80.7	-0.0	292.9	-0.3	399.3	-182.7	406.9	5576.9	18631.6	16.1	
51.90	26.3	12.3	-82.3	-0.0	292.5	-0.3	400.3	-190.2	417.9	5711.6	18531.5	9.9	
51.95	29.0	12.3	-86.3	-0.0	293.3	-0.3	401.6	-195.0	426.5	5936.5	18511.2	-3.0	
52.00	31.7	12.8	-87.9	-0.0	293.3	-0.3	395.6	-208.0	429.8	6224.0	18410.3	-8.4	
52.05	34.4	12.9	-86.4	-0.0	292.2	-0.3	388.8	-222.4	437.3	6539.5	18204.0	-4.3	
52.10	37.0	13.0	-87.5	-0.0	292.5	-0.3	387.8	-233.9	449.0	6875.7	18075.9	-8.0	
52.15	39.7	13.2	-92.1	-0.0	295.4	-0.3	390.1	-249.5	455.0	7274.9	18122.3	-20.7	
52.20	42.4	12.9	-95.1	-0.0	299.3	-0.3	392.0	-262.4	458.6	7702.1	18233.4	-27.1	
52.25	45.1	12.7	-96.2	-0.0	301.8	-0.3	392.1	-270.4	467.5	7944.7	18311.3	-28.4	
52.30	47.8	12.7	-96.0	-0.0	304.0	-0.3	394.8	-275.1	478.2	8000.9	18447.5	-25.6	
52.35	50.5	12.6	-100.1	-0.0	309.2	-0.3	405.2	-277.6	484.5	8083.9	18805.4	-34.5	
52.40	53.2	12.5	-106.7	-0.0	315.1	-0.3	416.1	-283.2	489.0	8176.0	19202.6	-51.3	
52.45	55.9	12.9	-109.7	-0.0	317.4	-0.3	424.7	-283.8	500.0	8176.8	19362.8	-59.3	
52.50	58.5	12.7	-110.0	-0.0	316.4	-0.3	429.0	-280.6	517.2	8180.4	19254.5	-61.2	
52.55	61.2	12.7	-108.9	-0.0	314.2	-0.3	423.6	-295.0	529.7	8364.0	18977.7	-59.6	
52.60	63.9	12.9	-106.4	-0.0	312.1	-0.3	413.3	-317.1	538.2	8619.0	18662.1	-53.3	
52.65	66.6	13.2	-105.9	-0.0	310.2	-0.3	409.2	-320.9	552.6	8777.2	18421.3	-53.4	
52.70	69.3	13.2	-105.9	-0.0	308.4	-0.3	408.3	-320.4	568.4	8790.5	18253.3	-55.3	
52.75	71.9	13.1	-107.0	-0.0	307.7	-0.3	406.3	-328.3	578.2	8790.6	18169.9	-59.5	
52.80	74.6	13.0	-108.3	-0.0	307.3	-0.3	405.3	-325.8	587.7	8744.3	18163.9	-64.4	
52.85	77.3	12.9	-107.5	-0.0	305.1	-0.3	402.4	-315.6	602.6	8574.1	18074.5	-63.9	
52.90	79.9	12.8	-107.7	-0.0	303.2	-0.3	400.9	-309.6	619.7	8461.8	17968.8	-66.4	
52.95	82.6	12.5	-108.3	-0.0	303.1	-0.3	400.1	-312.8	635.2	8567.5	17891.6	-68.7	
53.00	85.3	12.3	-108.2	-0.0	302.8	-0.3	395.4	-322.0	649.7	8743.3	17760.6	-68.6	
53.05	88.0	12.2	-104.5	-0.0	301.0	-0.3	388.5	-322.5	665.5	8787.3	17591.3	-57.7	
53.10	90.7	12.0	-103.1	-0.0	301.0	-0.3	387.7	-320.9	681.1	8824.1	17563.9	-52.8	
53.15	93.4	11.9	-102.9	-0.0	301.7	-0.3	385.6	-333.1	693.6	8945.5	17529.7	-51.5	
53.20	96.1	11.8	-106.2	-0.0	303.9	-0.3	390.6	-341.5	703.8	9039.0	17629.5	-60.7	
53.25	98.8	11.9	-108.1	-0.0	305.2	-0.3	398.3	-334.0	715.9	8989.6	17752.0	-65.8	
53.30	101.5	12.1	-107.2	-0.0	304.1	-0.3	397.5	-325.1	727.1	8803.4	17768.8	-63.8	
53.35	104.2	12.1	-106.8	-0.0	303.3	-0.3	391.4	-322.8	735.6	8709.6	17752.7	-63.3	
53.40	106.9	11.7	-109.1	-0.0	303.5	-0.3	390.6	-321.3	744.7	8739.4	17758.8	-71.0	
53.45	109.6	11.3	-110.0	-0.0	303.0	-0.3	394.8	-316.2	757.8	8732.4	17705.2	-74.5	
53.50	112.3	11.2	-110.4	-0.0	302.0	-0.3	399.5	-307.3	772.5	8662.1	17649.7	-77.0	
53.55	115.0	11.4	-110.0	-0.0	302.4	-0.3	402.5	-305.5	783.7	8642.9	17676.0	-75.2	
53.60	117.7	11.6	-110.4	-0.0	301.9	-0.3	399.7	-309.6	792.4	8614.8	17638.6	-77.2	
53.65	120.3	11.6	-106.2	-0.0	297.2	-0.3	389.8	-300.6	801.1	8329.4	17416.7	-67.3	
53.70	123.0	11.5	-98.7	-0.0	289.2	-0.3	375.7	-275.4	813.4	7885.0	17034.2	-49.6	
53.75	125.7	11.4	-93.2	-0.0	283.8	-0.3	365.9	-260.4	824.2	7509.2	16800.1	-36.0	
53.80	128.4	11.4	-91.7	-0.0	283.3	-0.3	365.2	-260.4	834.3	7254.3	16863.0	-31.6	
53.85	131.1	11.5	-92.1	-0.0	283.9	-0.3	372.9	-249.4	848.4	6910.3	17046.0	-32.3	
53.90	133.8	11.5	-90.4	-0.0	283.4	-0.3	378.8	-230.0	862.4	6441.3	17191.1	-26.9	
53.95	136.5	11.6	-90.6	-0.0	284.0	-0.3	383.7	-220.3	873.7	6180.5	17332.0	-26.9	
54.00	139.2	11.6	-92.4	-0.0	284.9	-0.3	390.8	-220.5	885.9	6089.2	17404.2	-32.3	
54.05	141.9	11.4	-90.8	-0.0	282.0	-0.3	392.6	-212.9	901.4	5792.2	17271.8	-29.6	
54.10	144.6	11.3	-87.0	-0.0	277.3	-0.3	387.9	-191.2	911.2	5293.3	17094.1	-21.4	
54.15	147.3	11.3	-82.9	-0.0	273.1	-0.3	378.2	-167.9	911.5	4814.1	16962.4	-11.5	
54.20	150.0	11.6	-80.1	-0.0	269.6	-0.3	372.5	-153.9	916.1	4458.1	16813.0	-5.4	
54.25	152.8	10.9	-79.2	-0.0	266.7	-0.3	375.9	-139.8	931.3	4136.5	16657.1	-5.2	
54.30	155.5	10.5	-77.4	-0.0	263.5	-0.3	376.9	-125.2	943.8	3728.1	16507.0	-2.3	
54.35	158.2	10.3	-73.1	-0.0	260.6	-0.3	370.7	-114.6	946.8	3341.6	16390.4	9.8	
54.40	161.0	9.9	-71.5	-0.0	259.7	-0.3	370.1	-101.4	949.0	3037.3	16396.0	14.2	
54.45	163.7	9.6	-70.8	-0.0	259.0	-0.3	374.3	-91.1	960.3	2781.5	16370.5	15.8	
54.50	166.5	9.3	-69.5	-0.0	256.9	-0.3	374.3	-87.7	972.1	2536.3	16241.3	18.2	
54.55	169.2	9.5	-65.9	-0.0	253.9	-0.3	366.4	-75.5	973.1	2205.9	16096.7	27.9	
54.60	172.0	9.3	-60.0	-0.0	249.1	-0.3	350.6	-56.3	970.2	1801.1	15838.6	43.0	
54.65	174.7	8.9	-57.2	-0.0	244.6	-0.3	338.8	-41.4	973.6	1539.9	15560.1	48.3	
54.70	177.5	8.6	-59.0	-0.0	242.6	-0.3	338.0	-30.3	981.3	1417.6	15416.8	39.9	
54.75	180.2	8.8	-60.2	-0.0	241.4	-0.3	338.1	-20.0	983.8	1204.2	15342.8	34.5	
54.80	183.0	9.0	-60.2	-0.0	239.8	-0.3	333.9	-3.9	981.6	826.5	15267.8	33.2	
54.85	185.8	8.8	-62.6	-0.0	240.2	-0.3	336.2	15.3	981.3	516.8	15298.7	25.4	
54.90	188.5	9.1	-65.3	-0.0	241.3	-0.3	344.1	25.2	983.8	313.5	15361.8	17.1	
54.95	191.3	9.4	-63.7	-0.0	240.6	-0.3	347.4	29.5	985.0	88.8	15304.2	21.9	
55.00	194.0	9.6	-61.9	-0.0	239.0	-0.3	345.7	42.9	980.9	-195.8	15187.1	26.5	
55.05	196.8	9.7	-60.8	-0.0	236.7	-0.3	338.1	62.3	974.4	-521.2	15022.3	28.0	
55.10	199.5	9.7	-57.7	-0.0	232.6	-0.3	324.2	77.6	968.6	-846.7	14731.4	34.5	
55.15	202.3	9.6	-52.0	-0.0	228.8	-0.3	312.6	91.2	963.2	-1262.3	14435.1	50.2	
55.20	205.1	9.3	-48.9	-0.0	227.6	-0.3	310.1	104.2	958.7	-1726.3	14296.1	59.6	
55.25	207.8	9.2	-51.5	-0.0	228.8	-0.3	312.9	121.6	953.0	-2128.5	14313.8	52.1	
55.30	210.6	9.4	-53.9	-0.0	230.1	-0.3	312.8	144.6	945.0	-2594.7	14315.2	45.1	
55.35	213.4	9.8	-51.3	-0.0	230.2	-0.3	309.0	163.8	938.7	-3183.2	14191.9	53.9	
55.40	216.1	10.0	-50.0	-0.0	230.8	-0.3	310.4	175.6	936.0	-3682.1	14103.7	59.2	
55.45	218.9	10.2	-51.8	-0.0	232.2	-0.3	313.2	187.3	929.6	-4011.8	14101.8	54.3	
55.50	221.7	10.6	-51.3	-0.0	232.5	-0.3	308.4	196.6	918.3	-4344.0	14034.3	56.5	
55.55	224.5	10.8	-49.5	-0.0	231.8	-0.3	299.0	212.0	909.2	-4733.2	13859.3	62.0	
55.60	227.3	11.0	-48.9	-0.0	230.8	-0.3	292.6	225.1	904.5	-5066.6	13650.8	63.0	
55.65	230.1	11.0	-48.9	-0.0	229.3	-0.3	288.2	227.1	899.0	-5298.0	13454.5	61.4	
55.70	233.0	10.8	-50.7	-0.0	228.8	-0.3	283.9	235.8	888.9	-5540.0	13316.8	54.9	
55.75	235.8	10.4	-50.6	-0.0	228.2	-0.3	277.1	250.9	879.2	-5879.0	13112.6	54.7	
55.80	238.6	9.9	-49.2	-0.0	226.4	-0.3	272.9	267.2	873.7	-6101.8	12837.1	57.5	
55.85	241.4	9.8	-50.0	-0.0	225.1	-0.3	275.3	277.9	868.8	-6200.3	12652.0	53.3	
55.90	244.2	9.8	-48.7	-0.0	223.2	-0.3	273.7	269.5	859.3	-6319.2	12469.3	56.1	
55.95	247.0	9.8	-47.6	-0.0	222.1	-0.3	271.5	268.6	847.5	-6369.6	12367.9	58.6	
56.00	249.8	9.9	-48.6	-0.0	222.9	-0.3	272.3	278.3	837.0	-6341.2	12433.4	56.1	
56.05	252.6	10.1	-48.6	-0.0	223.8	-0.3	273.9	276.1	826.3	-6228.9	12576.7	57.1	
56.10	255.4	10.3	-50.9	-0.0	226.2	-0.3	282.2	273.1	814.3	-6044.0	12863.8	51.5	
56.15	258.3	10.2	-54.0	-0.0	230.5	-0.3	290.4	273.6	799.1	-6048.8	13216.7	45.1	
56.20	261.1	10.1	-55.5	-0.0	234.5	-0.3	292.7	276.0	780.9	-6220.4	13470.7	44.0	
56.25	263.9	9.8	-55.6	-0.0	235.9	-0.3	293.8	288.2	763.5	-6288.8	13547.2	45.1	
56.30	266.7	9.8	-51.3	-0.0	234.2	-0.3	292.3	288.7	749.3	-6286.6	13417.0	58.1	
56.35	269.5	9.7	-45.4	-0.0	231.2	-0.3	290.6	278.6	738.4	-6231.7	13229.9	75.4	
56.40	272.3	9.6	-45.5	-0.0	231.6	-0.3	295.9	277.9	726.8	-6130.9	13303.3	75.2	
56.45	275.2	9.4	-46.9	-0.0	234.0	-0.3	298.7	274.5	710.5	-6093.3	13537.5	73.0	
56.50	278.0	9.4	-46.0	-0.0	237.0	-0.3	301.8	269.9	695.7	-6056.9	13817.7	79.0	
56.55	280.8	9.6	-47.5	-0.0	241.4	-0.3	316.3	270.5	686.9	-5886.8	14224.7	78.3	
56.60	283.7	9.7	-49.9	-0.0	246.4	-0.3	332.0	267.0	678.5	-5744.3	14662.6	74.9	
56.65	286.5	9.9	-50.6	-0.0	250.6	-0.3	339.9	259.6	666.5	-5764.6	15004.8	76.8	
56.70	289.4	10.2	-51.6	-0.0	255.6	-0.3	347.4	261.1	653.9	-5859.9	15361.9	78.5	
56.75	292.3	9.9	-50.7	-0.0	260.0	-0.3	353.6	260.5	645.2	-5893.6	15694.3	85.8	
56.80	295.2	9.8	-49.7	-0.0	262.5	-0.3	358.2	249.1	638.3	-5774.3	15962.3	91.9	
56.85	298.0	10.0	-51.3	-0.0	264.3	-0.3	364.8	243.5	630.1	-5530.7	16186.8	88.2	
56.90	300.9	10.1	-52.4	-0.0	263.9	-0.3	365.8	235.5	621.7	-5293.6	16252.6	83.8	
56.95	303.8	10.4	-49.7	-0.0	261.4	-0.3	359.2	223.2	612.7	-5093.9	16160.5	90.7	
57.00	306.7	10.8	-46.0	-0.0	258.1	-0.3	348.7	220.5	600.5	-4989.4	15976.0	100.1	
57.05	309.6	10.5	-42.0	-0.0	253.8	-0.3	338.6	214.0	588.7	-4839.2	15726.4	109.6	
57.10	312.5	10.2	-41.5	-0.0	249.3	-0.3	336.9	204.6	583.5	-4500.2	15498.3	106.8	
57.15	315.3	10.0	-42.2	-0.0	245.9	-0.3	340.7	192.7	583.2	-4072.4	15360.3	100.9	
57.20	318.2	10.6	-42.2	-0.0	245.5	-0.3	342.6	178.2	576.9	-3741.7	15427.8	100.4	
57.25	321.1	10.9	-40.9	-0.0	247.9	-0.3	343.2	167.2	562.5	-3440.6	15712.1	107.3	
57.30	324.0	11.0	-42.6	-0.0	250.9	-0.3	348.2	152.8	551.0	-3007.7	16041.7	104.6	
57.35	326.8	11.1	-45.6	-0.0	252.6	-0.3	357.3	131.9	549.0	-2452.0	16267.7	96.1	
57.40	329.7	11.2	-48.5	-0.0	254.1	-0.3	365.2	117.6	548.4	-1926.4	16446.2	87.4	
57.45	332.6	11.2	-51.5	-0.0	257.2	-0.3	369.1	108.3	538.8	-1600.3	16719.2	80.5	
57.50	335.5	11.1	-52.3	-0.0	260.8	-0.3	369.1	87.1	525.4	-1355.2	17046.7	81.3	
57.55	338.4	11.1	-55.1	-0.0	265.0	-0.3	376.9	70.0	520.2	-978.5	17381.2	75.8	
57.60	341.3	11.2	-58.3	-0.0	266.8	-0.3	384.8	58.5	523.6	-542.5	17518.9	66.9	
57.65	344.2	11.4	-55.4	-0.0	263.4	-0.3	373.8	41.6	522.8	-143.8	17301.8	73.0	
57.70	347.1	11.6	-51.7	-0.0	258.2	-0.3	354.6	21.6	515.1	328.2	16975.0	80.7	
57.75	350.1	11.9	-50.0	-0.0	255.5	-0.3	344.4	2.4	510.9	780.4	16793.4	83.9	
57.80	353.0	12.4	-52.0	-0.0	257.7	-0.3	350.8	-13.7	513.2	1146.8	16916.8	79.2	
57.85	355.9	12.7	-60.8	-0.0	265.7	-0.3	373.8	-24.3	514.9	1536.7	17421.6	57.0	
57.90	358.8	12.8	-69.1	-0.0	274.4	-0.3	394.6	-33.6	511.9	1836.1	17999.3	37.1	
57.95	1.7	12.6	-73.1	-0.0	279.3	-0.3	401.5	-42.9	509.7	2028.4	18323.3	28.4	
58.00	4.7	12.8	-73.6	-0.0	281.7	-0.3	403.8	-47.8	513.4	2218.2	18474.4	29.1	
58.05	7.6	13.1	-75.8	-0.0	284.5	-0.3	408.4	-54.9	518.4	2395.7	18652.3	24.3	
58.10	10.5	13.4	-76.2	-0.0	288.0	-0.3	414.4	-64.0	521.5	2508.3	18879.0	26.4	
58.15	13.5	13.5	-76.7	-0.0	291.5	-0.3	420.2	-78.1	523.4	2660.4	19097.4	28.2	
58.20	16.4	13.5	-77.1	-0.0	294.6	-0.3	426.5	-102.3	526.2	2991.2	19255.2	30.1	
58.25	19.4	13.4	-77.8	-0.0	296.5	-0.3	433.2	-124.3	532.9	3364.9	19292.4	29.5	
58.30	22.3	13.7	-78.0	-0.0	295.8	-0.3	434.4	-137.4	542.3	3666.3	19160.2	28.0	
58.35	25.3	13.6	-75.8	-0.0	293.0	-0.3	425.5	-149.0	549.0	3948.8	18895.7	32.7	
58.40	28.2	13.4	-75.9	-0.0	291.0	-0.3	418.4	-160.7	555.5	4281.6	18673.3	30.5	
58.45	31.2	13.0	-77.3	-0.0	289.6	-0.3	415.9	-169.8	566.5	4526.2	18497.8	24.1	
58.50	34.1	12.8	-76.5	-0.0	287.2	-0.3	409.8	-177.9	581.9	4778.3	18236.3	24.4	
58.55	37.0	12.8	-78.5	-0.0	287.1	-0.3	405.6	-191.2	594.5	5193.1	18105.5	17.5	
58.60	40.0	12.6	-82.8	-0.0	288.9	-0.3	400.6	-208.2	605.2	5673.0	18079.2	4.5	
58.65	42.9	12.4	-85.1	-0.0	290.4	-0.3	394.4	-215.4	620.4	6022.3	18080.3	-1.9	
58.70	45.9	12.1	-86.8	-0.0	293.2	-0.3	390.1	-225.1	639.3	6412.0	18155.1	-4.6	
58.75	48.9	11.9	-90.8	-0.0	300.2	-0.3	392.9	-252.0	652.5	7001.6	18439.0	-11.5	
58.80	51.8	12.2	-96.5	-0.0	310.4	-0.3	407.6	-273.3	661.3	7500.0	18992.8	-21.0	
58.85	54.8	12.4	-102.2	-0.0	320.7	-0.3	428.3	-279.3	673.3	7749.5	19656.5	-30.0	
58.90	57.8	12.4	-108.8	-0.0	330.0	-0.3	447.4	-283.9	687.9	7938.4	20275.1	-43.3	
58.95	60.8	12.5	-115.6	-0.0	338.1	-0.3	463.0	-296.4	699.0	8136.8	20784.0	-58.7	
59.00	63.8	12.7	-116.0	-0.0	341.3	-0.3	467.6	-310.3	711.7	8329.3	20915.3	-56.9	
59.05	66.8	12.8	-115.1	-0.0	340.7	-0.3	464.6	-315.6	729.2	8525.2	20772.0	-54.5	
59.10	69.8	13.1	-119.7	-0.0	342.0	-0.3	463.4	-317.7	742.1	8792.5	20754.5	-68.8	
59.15	72.9	13.0	-122.4	-0.0	343.3	-0.3	458.7	-322.5	748.5	8990.7	20779.2	-76.9	
59.20	75.9	12.6	-123.7	-0.0	343.6	-0.3	458.6	-326.6	756.0	9043.1	20764.8	-81.2	
59.25	78.9	12.5	-126.7	-0.0	342.3	-0.3	465.7	-324.4	771.4	9032.1	20635.2	-92.7	
59.30	81.9	12.5	-127.3	-0.0	337.6	-0.3	462.7	-319.6	787.8	8911.6	20306.2	-99.3	
59.35	84.9	12.7	-123.1	-0.0	331.6	-0.3	448.8	-311.8	799.8	8632.0	19974.1	-90.9	
59.40	87.9	12.7	-116.6	-0.0	326.3	-0.3	436.3	-293.6	813.8	8186.3	19781.0	-73.8	
59.45	90.9	12.6	-110.8	-0.0	321.9	-0.3	428.8	-287.3	834.4	7846.5	19573.5	-58.3	
59.50	94.0	12.5	-108.3	-0.0	320.5	-0.3	428.0	-304.9	856.4	7899.6	19385.7	-51.4	
59.55	97.0	12.2	-108.9	-0.0	320.1	-0.3	428.6	-315.2	876.6	8057.2	19246.8	-53.7	
59.60	100.0	11.9	-104.9	-0.0	317.6	-0.3	420.1	-309.6	893.4	8062.8	19064.6	-42.4	
59.65	103.0	11.7	-103.0	-0.0	316.9	-0.3	412.3	-304.8	905.3	7950.8	19070.7	-36.6	
59.70	106.0	11.9	-105.8	-0.0	318.6	-0.3	415.1	-305.7	918.9	7811.9	19241.7	-44.7	
59.75	109.1	11.9	-108.9	-0.0	318.8	-0.3	425.3	-304.1	940.0	7618.6	19298.7	-55.0	
59.80	112.1	12.0	-108.5	-0.0	316.5	-0.3	432.2	-289.2	965.5	7417.6	19177.6	-56.0	
59.85	115.1	12.1	-105.7	-0.0	311.6	-0.3	426.1	-265.5	986.6	7272.4	18873.2	-51.4	
59.90	118.1	12.5	-101.6	-0.0	307.1	-0.3	410.9	-254.5	1001.3	7171.3	18596.2	-41.8	
59.95	121.2	12.9	-101.5	-0.0	307.3	-0.3	405.5	-256.4	1016.3	7263.8	18576.7	-41.1	
60.00	124.2	13.0	-105.7	-0.0	311.3	-0.3	413.6	-262.0	1032.0	7462.2	18778.3	-51.4	
60.05	127.3	12.7	-109.9	-0.0	316.5	-0.3	426.4	-264.7	1043.5	7537.6	19122.6	-60.7	
60.10	130.3	12.6	-110.8	-0.0	321.1	-0.3	432.8	-260.4	1053.4	7553.7	19474.4	-59.2	
60.15	133.4	12.7	-108.3	-0.0	325.0	-0.3	436.1	-249.6	1062.8	7366.8	19858.2	-46.9	
60.20	136.5	13.0	-107.9	-0.0	330.0	-0.3	449.5	-240.4	1072.2	7009.7	20363.3	-40.2	
60.25	139.5	13.2	-111.7	-0.0	335.3	-0.3	470.4	-230.1	1083.8	6668.8	20844.4	-48.2	
60.30	142.6	13.5	-114.3	-0.0	338.2	-0.3	486.2	-217.3	1092.3	6307.5	21153.0	-54.3	
60.35	145.7	12.8	-113.3	-0.0	338.7	-0.3	492.6	-200.8	1096.4	5889.8	21307.3	-50.3	
60.40	148.8	12.7	-111.6	-0.0	338.8	-0.3	498.5	-184.5	1101.0	5590.9	21394.6	-44.3	
60.45	151.8	12.8	-108.2	-0.0	335.5	-0.3	495.2	-178.1	1108.9	5404.4	21194.9	-35.8	
60.50	154.9	13.2	-101.2	-0.0	327.1	-0.3	480.3	-173.2	1116.3	5123.9	20652.6	-20.2	
60.55	158.0	13.4	-93.5	-0.0	315.3	-0.3	459.2	-152.7	1124.1	4722.1	19901.5	-5.7	
60.60	161.0	13.4	-85.6	-0.0	302.2	-0.3	435.1	-127.8	1131.4	4195.8	19091.9	8.5	
60.65	164.1	12.9	-76.6	-0.0	289.3	-0.3	409.8	-101.3	1137.6	3498.6	18325.8	26.3	
60.70	167.2	12.9	-71.4	-0.0	280.1	-0.3	395.3	-72.5	1144.3	2776.9	17799.6	35.1	
60.75	170.3	12.9	-67.2	-0.0	273.4	-0.3	385.6	-48.1	1151.2	2009.9	17428.1	42.6	
60.80	173.4	12.8	-64.5	-0.0	269.2	-0.3	379.9	-31.5	1157.6	1409.9	17181.6	47.6	
60.85	176.5	13.0	-66.6	-0.0	268.7	-0.3	383.6	-19.9	1163.1	1112.5	17155.9	40.2	
60.90	179.6	13.4	-68.8	-0.0	269.2	-0.3	389.8	-14.5	1166.5	866.2	17186.8	33.1	
60.95	182.7	14.0	-67.6	-0.0	267.8	-0.3	391.6	-4.7	1168.7	536.0	17088.4	35.7	
61.00	185.8	14.1	-67.2	-0.0	265.8	-0.3	391.2	16.7	1167.5	110.8	16943.2	35.0	
61.05	188.9	14.2	-67.2	-0.0	263.1	-0.3	386.9	40.4	1161.1	-448.5	16745.4	32.6	
61.10	192.0	14.3	-64.4	-0.0	258.4	-0.3	378.0	60.7	1156.2	-1088.4	16383.9	37.2	
61.15	195.1	14.1	-61.5	-0.0	252.9	-0.3	368.6	84.3	1157.0	-1655.3	15926.5	41.9	
61.20	198.2	13.8	-59.3	-0.0	248.2	-0.3	359.0	109.5	1155.6	-2124.9	15524.3	44.7	
61.25	201.3	13.5	-56.4	-0.0	243.6	-0.3	344.4	126.2	1148.4	-2457.6	15148.3	50.0	
61.30	204.5	13.5	-53.2	-0.0	239.7	-0.3	334.3	138.1	1143.7	-2604.2	14848.1	57.2	
61.35	207.6	13.4	-49.5	-0.0	236.5	-0.3	332.7	137.3	1146.3	-2605.0	14604.2	66.6	
61.40	210.7	13.3	-49.9	-0.0	236.5	-0.3	337.5	134.4	1144.2	-2740.5	14572.2	65.3	
61.45	213.9	13.1	-53.3	-0.0	240.8	-0.3	345.4	148.8	1134.0	-3112.4	14795.4	57.7	
61.50	217.1	13.2	-52.3	-0.0	251.9	-0.3	347.2	203.9	1126.0	-4831.4	15134.8	72.4	
61.55	220.3	13.5	-58.1	-0.0	258.5	-0.3	356.6	200.2	1124.7	-5363.8	15466.5	59.0	
61.60	223.4	13.3	-67.5	-0.0	267.2	-0.3	396.9	241.2	1125.3	-5439.5	15966.0	35.6	
61.65	226.7	13.3	122.2	0.5	-260.2	-0.3	356.3	215.0	1124.0	-5951.0	15367.4	94.6	
61.70	229.9	13.4	119.3	0.9	-257.0	-0.2	340.2	234.6	1117.6	-5926.9	15129.7	104.3	
61.75	233.0	13.5	108.5	1.2	-261.4	-0.2	365.2	265.4	1103.3	-5693.3	15470.3	75.2	
61.80	236.2	13.7	110.1	1.4	-257.6	-0.1	337.0	218.7	1090.4	-6043.7	15192.9	93.6	
61.85	239.4	13.7	108.8	1.5	-258.8	-0.0	339.5	233.2	1080.3	-6118.7	15234.8	94.6	
61.90	242.5	13.4	105.3	1.7	-265.5	0.0	374.7	286.4	1067.4	-6044.9	15634.5	81.2	
61.95	245.7	12.9	110.4	1.7	-266.6	0.1	356.6	285.7	1058.5	-6486.4	15601.8	101.3	
62.00	248.9	12.4	109.1	1.8	-273.1	0.2	357.6	318.3	1055.9	-6874.1	15902.4	93.3	
62.05	252.1	12.0	107.4	1.9	-282.6	0.3	390.1	340.3	1047.7	-7180.6	16434.9	80.1	
62.10	255.4	12.2	112.6	1.9	-282.5	0.4	379.2	302.3	1037.4	-7337.0	16473.7	99.6	
62.15	258.6	12.2	110.2	1.9	-282.1	0.5	376.3	310.2	1027.1	-6941.5	16614.6	92.7	
62.20	261.8	11.8	110.7	1.9	-285.4	0.6	394.0	330.9	1009.5	-6866.4	16843.9	91.9	
62.25	265.1	11.9	117.1	2.0	-285.8	0.7	379.5	295.9	993.1	-7198.9	16852.9	114.5	
62.30	268.4	12.0	115.3	2.0	-288.9	0.8	378.7	281.2	981.0	-7207.0	17146.1	105.7	
62.35	271.7	12.1	115.7	2.0	-292.4	0.9	394.5	286.2	965.5	-7407.9	17313.3	103.9	
62.40	275.0	12.9	124.0	2.0	-289.4	1.0	376.5	289.6	956.9	-7788.6	16943.4	135.4	
62.45	278.3	13.0	125.3	2.0	-288.1	1.1	366.0	327.6	955.4	-7811.1	16774.5	141.6	
62.50	281.6	12.8	122.5	2.0	-289.4	1.2	381.4	332.6	944.0	-7750.4	16868.6	130.9	
62.55	284.9	12.5	119.9	2.0	-286.2	1.3	381.5	301.3	934.3	-7521.5	16783.6	125.0	
62.60	288.2	12.5	115.5	2.0	-281.5	1.4	376.5	300.6	931.5	-6970.2	16650.7	114.7	
62.65	291.5	12.7	115.4	2.0	-277.4	1.5	378.6	295.5	923.5	-6515.8	16513.3	118.7	
62.70	294.8	13.2	116.3	2.0	-275.6	1.6	376.2	281.0	916.9	-6029.9	16589.1	123.4	
62.75	298.2	12.8	112.9	2.0	-279.9	1.7	382.8	276.7	916.2	-5637.1	17059.1	107.6	
62.80	301.5	12.4	109.2	2.0	-287.5	1.8	409.7	257.4	910.2	-5729.0	17607.3	87.4	
62.85	304.9	12.2	103.7	2.0	-292.9	1.9	430.0	247.1	900.7	-5746.5	18001.9	62.9	
62.90	308.3	11.5	101.5	2.0	-293.5	2.0	426.0	250.2	887.7	-5449.9	18153.2	54.8	
62.95	311.7	11.0	106.0	2.0	-287.0	2.1	409.5	223.3	872.8	-5146.0	17825.9	76.9	
63.00	315.0	10.9	107.4	2.0	-276.7	2.2	391.4	200.4	867.7	-4676.2	17237.4	92.0	
63.05	318.4	11.0	106.9	2.0	-265.7	2.3	366.9	182.3	865.0	-4151.5	16601.7	101.2	
63.10	321.8	11.1	107.3	2.0	-255.3	2.4	343.9	148.9	849.1	-3797.0	15999.6	113.0	
63.15	325.2	11.2	102.3	2.0	-249.5	2.5	340.5	144.4	839.6	-3274.6	15686.3	101.6	
63.20	328.6	11.9	96.3	2.0	-246.9	2.6	345.0	153.7	844.1	-2812.8	15550.0	83.7	
63.25	332.0	12.0	93.1	2.0	-247.0	2.7	350.8	149.6	838.1	-2817.8	15548.2	72.5	
63.30	335.4	11.8	88.3	2.0	-250.4	2.8	361.6	148.6	824.3	-2791.2	15800.3	52.8	
63.35	338.8	11.8	85.4	2.0	-252.4	2.9	367.1	136.9	821.1	-2565.4	15991.2	40.7	
63.40	342.2	12.0	82.1	2.0	-250.2	3.0	369.5	115.2	830.1	-2297.0	15869.5	31.5	
63.45	345.6	12.0	77.0	2.0	-245.3	3.1	366.2	98.4	839.4	-1795.8	15576.0	19.1	
63.50	349.1	11.9	74.1	2.0	-240.4	3.2	354.7	70.4	836.6	-1119.9	15325.9	13.8	
63.55	352.6	11.6	68.4	2.0	-237.5	3.3	351.0	26.5	831.5	-574.1	15166.5	-2.7	
63.60	356.1	11.6	59.5	2.0	-235.3	3.4	357.4	-13.3	836.1	-67.7	14986.9	-31.0	
63.65	359.6	11.8	56.0	2.0	-232.1	3.5	359.3	-33.2	838.7	335.1	14734.8	-39.8	
63.70	3.0	11.6	57.0	2.0	-225.0	3.6	342.7	-33.3	832.5	533.8	14241.3	-29.2	
63.75	6.4	11.6	54.8	2.0	-217.0	3.7	323.0	-20.2	829.1	553.2	13695.3	-28.7	
63.80	9.9	11.8	52.4	2.0	-209.6	3.8	310.5	-21.1	838.5	676.9	13158.6	-29.6	
63.85	13.4	11.9	47.7	2.0	-203.0	3.9	303.4	-41.5	853.0	1067.1	12632.5	-39.3	
63.90	16.9	11.9	43.8	2.0	-195.5	4.0	288.9	-57.3	863.9	1611.9	12027.9	-45.2	
63.95	20.4	11.9	45.8	2.0	-187.4	4.1	267.3	-66.6	869.3	2154.0	11378.7	-30.1	
64.00	23.9	12.2	45.8	2.0	-181.7	4.2	247.8	-77.0	876.5	2672.2	10865.2	-24.5	
64.05	27.4	12.2	41.3	2.0	-179.9	4.3	235.8	-98.8	890.7	3178.4	10586.3	-38.2	
64.10	30.9	12.0	40.1	2.0	-181.0	4.4	234.4	-133.9	902.9	3454.7	10527.1	-43.2	
64.15	34.5	11.7	40.2	2.0	-184.9	4.5	244.6	-155.4	912.9	3537.8	10742.2	-46.9	
64.20	38.0	11.2	36.3	2.0	-190.7	4.6	255.9	-162.7	930.9	3803.3	11060.7	-66.1	
64.25	41.5	11.5	33.9	2.0	-195.7	4.7	264.0	-173.9	949.8	4117.4	11295.5	-79.3	
64.30	45.1	11.9	36.0	2.0	-198.9	4.8	266.3	-186.8	964.8	4405.6	11406.3	-75.4	
64.35	48.6	11.9	36.5	2.0	-203.2	4.9	266.5	-206.1	979.9	4815.6	11547.1	-77.8	
64.40	52.1	11.5	36.1	2.0	-209.6	5.0	271.0	-235.3	992.5	5357.2	11754.3	-85.8	
64.45	55.6	11.3	36.5	2.0	-216.1	5.1	278.3	-248.8	1006.4	5889.7	11987.5	-90.9	
64.50	59.1	11.3	36.2	2.0	-219.9	5.2	277.3	-245.5	1029.4	6385.0	12052.2	-95.8	
64.55	62.7	11.3	38.9	2.0	-221.0	5.3	275.8	-236.0	1049.8	6459.0	12112.5	-87.6	
64.60	66.2	11.4	42.1	2.0	-222.3	5.4	282.2	-233.9	1070.0	6396.4	12224.7	-77.9	
64.65	69.8	11.4	36.2	2.0	-226.1	5.5	291.8	-254.0	1097.7	6679.2	12312.9	-101.9	
64.70	73.4	11.1	31.5	2.0	-228.9	5.6	299.3	-272.2	1122.5	7009.7	12287.0	-120.7	
64.75	77.0	11.3	32.5	2.0	-225.9	5.7	293.1	-262.5	1140.9	6977.6	12065.6	-114.3	
64.80	80.6	11.3	34.2	2.0	-222.5	5.8	272.9	-255.3	1158.0	6941.3	11840.8	-105.2	
64.85	84.2	10.9	29.9	2.0	-225.7	5.9	263.8	-283.6	1173.7	7299.0	11847.4	-122.9	
64.90	87.8	11.3	24.9	2.0	-231.0	6.0	272.8	-313.8	1188.5	7651.5	11984.7	-145.3	
64.95	91.4	11.8	21.6	2.0	-232.1	6.1	278.9	-316.6	1209.7	7719.9	11996.5	-157.9	
65.00	95.0	12.3	19.9	2.0	-232.7	6.2	282.9	-303.1	1226.4	7708.1	12068.8	-164.5	
65.05	98.6	12.7	20.9	2.0	-234.6	6.3	291.0	-289.8	1234.1	7667.6	12270.8	-162.8	
65.10	102.2	12.9	19.9	2.0	-234.5	6.4	297.4	-289.0	1250.7	7697.3	12220.4	-166.3	
65.15	105.8	13.2	17.6	2.0	-226.7	6.5	291.9	-285.4	1276.3	7565.6	11595.2	-166.2	
65.20	109.4	13.5	18.0	2.0	-211.9	6.6	269.5	-267.7	1298.3	7265.5	10533.1	-150.0	
65.25	113.0	13.3	22.5	2.0	-196.7	6.7	225.8	-251.6	1317.4	7075.2	9381.6	-119.3	
65.30	116.6	13.0	27.8	2.0	-184.8	6.8	181.3	-247.7	1333.3	6906.3	8468.4	-89.3	
65.35	120.2	12.8	29.8	2.0	-176.9	6.9	163.9	-246.7	1352.9	6664.2	7918.7	-74.8	
65.40	123.9	12.8	22.9	2.0	-175.0	7.0	175.4	-246.0	1378.5	6546.9	7780.7	-96.4	
65.45	127.5	12.9	16.6	2.0	-173.5	7.1	185.1	-239.8	1396.1	6307.5	7809.8	-116.4	
65.50	131.2	13.0	15.1	2.0	-172.7	7.2	192.1	-229.9	1404.4	5927.2	8031.2	-120.9	
65.55	134.8	12.6	14.7	2.0	-172.6	7.3	201.4	-210.2	1417.7	5462.0	8355.4	-121.9	
65.60	138.4	12.2	15.0	2.0	-169.4	7.4	202.5	-182.6	1434.2	4865.9	8486.3	-118.0	
65.65	142.1	11.8	11.5	2.0	-166.7	7.5	208.3	-161.0	1444.4	4290.1	8588.8	-127.3	
65.70	145.7	11.3	5.2	2.0	-168.4	7.6	224.8	-144.0	1456.8	4001.0	8845.1	-150.4	
65.75	149.3	11.1	0.7	2.0	-170.5	7.7	241.3	-135.8	1473.0	3845.0	9040.5	-168.0	
65.80	153.0	11.0	-0.8	2.0	-165.4	7.8	238.1	-128.8	1483.3	3636.9	8721.9	-168.1	
65.85	156.6	11.0	-2.9	2.0	-153.2	7.9	213.2	-104.8	1485.7	3364.7	7936.7	-163.1	
65.90	160.3	10.4	1.1	2.0	-137.0	8.0	176.1	-80.0	1483.2	2729.7	7011.9	-133.1	
65.95	163.9	10.2	0.9	2.0	-124.0	8.1	155.0	-52.0	1486.8	2010.0	6318.5	-121.0	
66.00	167.6	10.3	-5.3	2.0	-114.8	8.2	146.6	-37.1	1497.0	1513.6	5764.2	-132.9	
66.05	171.3	10.7	-10.0	2.0	-106.1	8.3	138.4	-28.5	1504.2	1026.1	5225.0	-140.5	
66.10	174.9	10.7	-13.4	2.0	-98.4	8.4	130.4	0.7	1505.1	481.4	4746.1	-144.3	
66.15	178.6	10.5	-16.9	2.0	-91.5	8.5	119.8	33.1	1503.9	-46.4	4266.5	-149.7	
66.20	182.3	10.0	-18.3	2.0	-84.0	8.6	107.4	34.3	1506.9	-358.4	3716.5	-146.9	
66.25	186.0	10.3	-20.8	2.0	-77.6	8.7	101.0	39.4	1508.2	-541.1	3211.5	-149.1	
66.30	189.6	10.6	-22.1	2.0	-70.2	8.8	82.2	59.1	1500.9	-959.0	2550.8	-146.2	
66.35	193.3	10.5	-20.5	2.0	-66.6	8.9	57.7	78.4	1488.6	-1633.3	1852.1	-136.9	
66.40	197.0	10.2	-23.2	2.0	-67.1	9.0	46.0	107.2	1487.2	-2083.2	1294.7	-146.6	
66.45	200.6	10.2	-22.4	2.0	-72.0	9.1	39.6	129.3	1486.8	-2625.7	876.8	-149.0	
66.50	204.3	10.4	-16.0	2.0	-81.2	9.2	34.3	151.1	1476.1	-3356.7	652.9	-136.0	
66.55	208.0	10.6	-15.4	2.0	-89.6	9.3	41.2	186.0	1463.1	-3880.5	804.6	-142.4	
66.60	211.6	11.2	-20.5	2.0	-95.6	9.4	46.6	199.0	1456.9	-4257.8	1007.2	-165.9	
66.65	215.3	11.7	-21.0	2.0	-101.6	9.5	49.6	208.8	1452.5	-4689.9	1064.1	-173.6	
66.70	219.0	11.1	-15.2	2.0	-110.5	9.6	48.0	241.7	1445.5	-5299.7	1007.6	-162.8	
66.75	222.7	11.0	-12.1	2.0	-119.6	9.7	41.4	253.0	1433.8	-5970.2	1029.3	-161.1	
66.80	226.4	11.0	-20.2	2.0	-125.7	9.8	48.1	257.2	1418.4	-6373.5	1362.9	-194.9	
66.85	230.0	11.3	-28.8	2.0	-130.9	9.9	65.4	270.0	1407.5	-6651.0	1739.7	-229.6	
66.90	233.7	11.5	-28.6	2.0	-137.7	10.0	76.2	286.5	1403.6	-7106.5	1829.3	-235.9	
66.95	237.4	11.4	-26.9	2.0	-142.0	10.1	79.4	293.1	1393.7	-7430.0	1810.3	-234.3	
67.00	241.1	11.2	-30.2	2.0	-142.4	10.2	75.6	294.2	1371.9	-7462.5	1879.5	-246.1	
67.05	244.8	11.2	-27.8	2.0	-145.4	10.3	64.3	309.0	1346.1	-7670.1	1915.7	-240.9	
67.10	248.4	11.5	-19.2	2.0	-149.2	10.4	60.9	334.0	1332.8	-7931.3	1798.4	-215.1	
67.15	252.1	11.9	-17.3	2.0	-146.8	10.5	67.3	336.2	1325.9	-7778.9	1643.4	-206.0	
67.20	255.8	12.0	-20.4	2.0	-139.5	10.6	70.8	309.0	1313.5	-7332.1	1481.4	-209.4	
67.25	259.5	11.9	-21.3	2.0	-135.1	10.7	69.7	299.4	1295.7	-7077.3	1279.3	-208.4	
67.30	263.1	11.9	-15.2	2.0	-136.1	10.8	62.1	315.3	1275.6	-7170.9	1013.9	-188.4	
67.35	266.8	12.5	-11.3	2.0	-135.0	10.9	52.6	326.0	1260.6	-7107.0	751.0	-174.0	
67.40	270.5	12.5	-12.7	2.0	-130.4	11.0	47.3	310.1	1244.5	-6826.2	651.2	-174.1	
67.45	274.2	12.2	-11.9	2.0	-128.5	11.1	40.2	295.5	1222.7	-6739.0	677.8	-169.4	
67.50	277.9	11.8	-7.2	2.0	-130.7	11.2	35.2	306.5	1198.5	-6876.1	865.8	-155.4	
67.55	281.5	11.7	-8.2	2.0	-129.4	11.3	46.4	304.9	1180.8	-6725.9	1259.4	-157.7	
67.60	285.2	11.8	-17.5	2.0	-123.0	11.4	75.0	284.8	1168.7	-6147.1	1829.0	-183.0	
67.65	288.8	12.1	-22.0	2.0	-121.4	11.5	98.6	267.3	1157.4	-5860.0	2375.1	-196.9	
67.70	292.5	12.6	-19.9	2.0	-124.9	11.6	108.1	259.0	1140.2	-5990.8	2817.8	-193.1	
67.75	296.1	12.6	-18.9	2.0	-128.0	11.7	107.7	264.0	1108.5	-6047.1	3248.8	-193.0	
67.80	299.8	12.7	-18.8	2.0	-128.4	11.8	105.7	266.0	1079.2	-5951.2	3520.5	-192.9	
67.85	303.4	13.2	-16.6	2.0	-127.0	11.9	104.9	266.9	1067.6	-5882.8	3444.9	-184.1	
67.90	307.1	13.2	-18.3	2.0	-124.6	12.0	106.5	262.1	1060.6	-5818.3	3224.7	-187.5	
67.95	310.7	13.2	-23.3	2.0	-119.5	12.1	99.3	241.4	1043.0	-5622.4	2939.2	-199.6	
68.00	314.4	13.3	-29.1	2.0	-111.4	12.2	88.4	215.4	1023.2	-5258.4	2507.3	-211.4	
68.05	318.0	13.2	-29.3	2.0	-101.7	12.3	70.6	196.6	1019.0	-4877.7	1709.4	-202.2	
68.10	321.6	13.2	-22.2	2.0	-95.9	12.4	46.6	198.0	1018.5	-4666.1	848.9	-172.2	
68.15	325.3	13.3	-17.3	2.0	-92.3	12.5	28.2	190.9	999.5	-4497.0	429.3	-151.7	
68.20	328.9	13.1	-20.9	2.0	-86.4	12.6	26.8	164.4	973.7	-4130.9	525.0	-158.0	
68.25	332.5	13.3	-23.3	2.0	-81.0	12.7	40.1	146.1	965.3	-3724.5	805.4	-160.9	
68.30	336.2	13.6	-20.2	2.0	-76.3	12.8	53.0	135.7	968.5	-3325.6	964.6	-145.5	
68.35	339.8	13.9	-21.4	2.0	-67.1	12.9	56.9	122.3	957.4	-2617.9	1012.8	-140.5	
68.40	343.4	14.1	-27.6	2.0	-54.3	13.0	49.5	99.3	939.7	-1731.1	845.7	-149.0	
68.45	347.0	14.0	-27.6	2.0	-44.6	13.1	43.3	68.0	939.2	-1156.2	539.0	-139.3	
68.50	350.6	13.8	-26.6	2.0	-37.2	13.2	44.4	49.1	948.2	-687.0	319.3	-128.4	
68.55	354.2	13.3	-28.3	2.0	-30.0	13.3	40.9	27.8	935.1	-121.7	242.7	-127.4	
68.60	357.9	13.0	-26.5	2.0	-31.1	13.4	29.0	2.9	909.6	412.1	120.9	-122.1	
68.65	1.4	12.9	-21.7	2.0	-36.9	13.5	24.6	0.5	903.9	876.4	-118.7	-111.3	
68.70	5.0	12.9	-15.7	2.0	-42.7	13.6	18.7	-15.4	913.1	1165.8	-624.2	-96.7	
68.75	8.6	13.0	-11.8	2.0	-53.9	13.7	-3.1	-43.1	909.9	1541.4	-1450.7	-94.4	
68.80	12.2	13.2	-9.0	2.0	-69.5	13.8	-29.6	-63.0	896.8	2162.8	-2401.5	-100.5	
68.85	15.7	13.5	-1.1	2.0	-87.5	13.9	-57.0	-88.5	898.1	2716.5	-3568.7	-91.2	
68.90	19.3	13.7	8.7	2.0	-102.1	14.0	-78.2	-95.4	909.7	2972.8	-4661.1	-72.3	
68.95	22.9	13.7	18.3	2.0	-111.8	14.1	-96.6	-91.3	912.7	3069.0	-5432.9	-49.1	
69.00	26.4	13.6	22.9	2.0	-118.2	14.2	-111.8	-115.7	902.2	3203.6	-5822.0	-39.7	
69.05	30.0	13.9	20.7	2.0	-121.2	14.3	-111.9	-138.1	899.6	3406.8	-5912.0	-50.0	
69.10	33.5	14.0	23.5	2.0	-123.9	14.4	-111.2	-135.6	917.7	3492.0	-6094.5	-43.4	
69.15	37.1	13.8	26.7	2.0	-125.5	14.5	-111.6	-138.4	934.0	3506.4	-6203.4	-34.0	
69.20	40.6	14.0	22.7	2.0	-127.6	14.6	-114.0	-155.7	937.5	3854.2	-6129.7	-49.9	
69.25	44.1	13.8	11.0	2.0	-127.6	14.7	-107.6	-177.0	939.5	4233.1	-5819.3	-89.7	
69.30	47.7	13.2	5.0	2.0	-125.3	14.8	-95.4	-188.9	952.7	4322.4	-5501.6	-108.2	
69.35	51.2	12.9	1.9	2.0	-124.6	14.9	-79.6	-198.8	968.9	4532.7	-5231.5	-118.0	
69.40	54.7	12.7	2.0	2.0	-125.9	15.0	-74.2	-215.4	976.2	4785.8	-5075.1	-119.0	
69.45	58.2	12.6	6.5	2.0	-128.2	15.1	-84.0	-224.8	978.0	4908.9	-5144.1	-105.8	
69.50	61.7	12.3	13.9	2.0	-133.2	15.2	-101.0	-217.9	987.7	5042.0	-5527.1	-85.4	
69.55	65.2	12.3	23.5	2.0	-141.3	15.3	-120.8	-223.7	1005.8	5196.6	-6137.0	-60.7	
69.60	68.6	12.2	31.3	2.0	-149.9	15.4	-134.5	-236.2	1022.5	5450.5	-6685.3	-42.5	
69.65	72.1	12.0	35.6	2.0	-157.3	15.5	-143.4	-243.9	1035.1	5838.6	-7043.1	-35.3	
69.70	75.6	11.7	38.6	2.0	-162.8	15.6	-152.2	-253.3	1040.7	6149.9	-7269.4	-30.1	
69.75	79.1	11.8	42.4	2.0	-165.9	15.7	-154.8	-252.9	1050.0	6354.1	-7387.2	-20.3	
69.80	82.5	12.1	43.6	2.0	-170.2	15.8	-144.7	-259.1	1071.5	6764.5	-7443.5	-20.5	
69.85	86.0	11.7	43.0	2.0	-176.1	15.9	-131.4	-283.8	1093.1	7322.5	-7443.1	-28.5	
69.90	89.4	11.6	44.4	2.0	-179.4	16.0	-124.6	-299.7	1101.6	7671.5	-7378.6	-26.8	
69.95	92.8	11.8	47.7	2.0	-182.1	16.1	-130.6	-295.4	1108.7	7834.4	-7504.1	-18.4	
70.00	96.3	11.6	52.6	2.0	-184.9	16.2	-141.6	-291.0	1115.9	7868.1	-7766.8	-4.5	
70.05	99.7	11.4	57.0	2.0	-186.8	16.3	-144.7	-293.4	1124.6	7900.8	-7917.6	8.8	
70.10	103.1	11.3	57.4	2.0	-187.8	16.4	-142.3	-289.3	1135.0	7972.2	-7956.6	9.3	
70.15	106.5	11.7	58.4	2.0	-186.4	16.5	-145.2	-289.4	1143.2	7731.1	-8035.3	13.9	
70.20	109.9	11.7	58.4	2.0	-186.0	16.6	-153.2	-284.2	1153.1	7459.3	-8231.6	14.4	
70.25	113.3	11.8	57.7	2.0	-186.7	16.7	-160.6	-267.3	1165.7	7301.8	-8480.8	11.2	
70.30	116.6	12.1	61.3	2.0	-186.3	16.8	-168.7	-260.7	1174.8	6998.6	-8686.7	24.2	
70.35	120.0	12.3	62.1	2.0	-184.4	16.9	-169.5	-250.1	1181.6	6713.0	-8756.0	28.9	
70.40	123.4	12.6	58.7	2.0	-181.4	17.0	-160.8	-237.9	1189.6	6458.0	-8703.4	20.1	
70.45	126.7	12.8	55.6	2.0	-176.4	17.1	-151.0	-227.9	1193.3	6044.5	-8582.5	14.4	
70.50	130.1	12.5	53.0	2.0	-170.7	17.2	-144.3	-207.1	1196.6	5512.1	-8493.3	11.4	
70.55	133.4	12.3	53.0	2.0	-166.9	17.3	-144.5	-187.8	1206.8	4903.8	-8576.6	15.1	
70.60	136.7	12.1	51.0	2.0	-165.3	17.4	-149.2	-168.7	1220.3	4390.3	-8736.4	9.9	
70.65	140.1	12.0	47.7	2.0	-162.9	17.5	-154.9	-152.6	1226.6	3837.6	-8817.8	1.0	
70.70	143.4	11.8	42.9	2.0	-160.0	17.6	-156.7	-143.7	1230.4	3325.4	-8800.6	-12.6	
70.75	146.7	11.5	35.5	2.0	-158.2	17.7	-152.9	-136.1	1239.9	3094.2	-8754.2	-36.1	
70.80	150.0	11.0	29.8	2.0	-154.9	17.8	-147.1	-126.9	1242.8	2766.9	-8636.9	-52.6	
70.85	153.3	10.9	28.2	2.0	-150.2	17.9	-142.6	-104.9	1235.6	2255.1	-8469.9	-53.3	
70.90	156.6	10.9	28.3	2.0	-147.2	18.0	-140.9	-78.3	1230.5	1741.1	-8411.4	-50.1	
70.95	159.8	10.8	32.1	2.0	-148.5	18.1	-145.8	-73.8	1238.0	1355.2	-8565.6	-38.3	
71.00	163.1	10.5	36.9	2.0	-150.3	18.2	-149.5	-62.5	1249.5	1098.8	-8741.5	-23.6	
71.05	166.3	10.2	41.2	2.0	-149.3	18.3	-147.9	-33.8	1249.7	799.3	-8726.4	-7.8	
71.10	169.6	10.1	42.3	2.0	-147.3	18.4	-144.9	-18.6	1242.3	574.8	-8614.4	-2.1	
71.15	172.8	10.0	38.3	2.0	-145.2	18.5	-136.0	-9.2	1240.1	607.6	-8480.6	-13.8	
71.20	176.0	10.1	36.1	2.0	-145.0	18.6	-131.0	-8.0	1241.6	676.7	-8477.2	-21.2	
71.25	179.2	10.5	41.4	2.0	-148.1	18.7	-140.7	-2.7	1231.7	497.4	-8700.9	-5.8	
71.30	182.4	11.1	50.6	2.0	-153.3	18.8	-159.5	19.8	1211.3	166.9	-9067.2	20.5	
71.35	185.6	11.6	57.8	2.0	-158.5	18.9	-173.0	36.3	1200.9	-81.5	-9423.7	40.0	
71.40	188.8	12.0	59.1	2.0	-162.2	19.0	-176.0	47.1	1202.4	-236.3	-9681.4	40.9	
71.45	191.9	11.9	64.4	2.0	-162.9	19.1	-172.0	63.3	1196.9	-659.3	-9714.0	58.1	
71.50	195.1	11.6	66.5	2.0	-160.7	19.2	-163.0	82.7	1177.4	-1216.6	-9511.0	67.7	
71.55	198.2	11.3	63.7	2.0	-157.2	19.3	-150.9	98.9	1158.7	-1517.6	-9224.6	61.5	
71.60	201.4	10.9	56.3	2.0	-155.4	19.4	-144.1	104.9	1150.5	-1690.0	-9067.8	37.7	
71.65	204.5	10.9	52.2	2.0	-157.5	19.5	-149.2	117.1	1144.8	-2003.7	-9136.8	21.5	
71.70	207.6	11.0	52.8	2.0	-161.9	19.6	-163.0	136.5	1128.9	-2526.6	-9293.6	19.3	
71.75	210.8	11.3	52.8	2.0	-164.1	19.7	-172.7	150.0	1105.7	-3114.7	-9255.9	17.2	
71.80	213.9	11.2	44.3	2.0	-161.8	19.8	-164.2	167.1	1089.6	-3614.9	-8881.2	-9.7	
71.85	217.0	11.1	36.1	2.0	-158.0	19.9	-141.4	191.5	1081.4	-4238.2	-8276.5	-34.1	
71.90	220.0	11.4	32.7	2.0	-156.3	20.0	-118.1	214.6	1069.0	-5033.9	-7647.1	-44.1	
71.95	223.1	11.6	31.1	2.0	-157.0	20.1	-102.7	233.1	1051.2	-5753.9	-7170.0	-50.1	
72.00	226.2	11.6	25.3	2.0	-158.7	20.2	-98.2	242.5	1039.1	-6200.9	-6952.1	-71.8	
72.05	229.2	11.5	20.0	2.0	-161.6	20.3	-101.9	253.3	1031.0	-6501.4	-6929.2	-92.7	
72.10	232.3	11.9	18.8	2.0	-165.1	20.4	-106.7	274.0	1016.6	-6818.0	-6924.7	-100.6	
72.15	235.3	12.0	17.8	2.0	-167.0	20.5	-108.3	282.7	996.2	-7106.9	-6827.6	-106.0	
72.20	238.3	11.9	11.5	2.0	-165.5	20.6	-102.6	273.3	977.1	-7190.4	-6640.1	-125.9	
72.25	241.4	11.9	5.2	2.0	-163.9	20.7	-92.3	268.4	962.3	-7221.3	-6473.1	-146.1	
72.30	244.4	11.5	8.7	2.0	-167.1	20.8	-88.0	282.8	946.0	-7534.9	-6454.8	-137.2	
72.35	247.3	11.0	20.0	2.0	-173.4	20.9	-93.1	308.0	928.7	-7931.9	-6629.1	-104.8	
72.40	250.3	11.1	23.4	2.0	-177.5	21.0	-103.6	317.8	913.6	-8089.7	-6882.9	-97.1	
72.45	253.3	10.9	23.6	2.0	-176.8	21.1	-111.8	306.4	897.6	-7950.5	-7016.2	-95.8	
72.50	256.3	10.6	24.0	2.0	-174.5	21.2	-113.9	304.2	878.4	-7692.7	-7065.9	-92.2	
72.55	259.2	10.7	27.3	2.0	-172.4	21.3	-115.4	304.2	856.3	-7415.4	-7151.4	-78.5	
72.60	262.1	10.7	31.9	2.0	-168.2	21.4	-117.4	290.4	835.7	-6923.6	-7271.6	-58.7	
72.65	265.1	10.6	32.2	2.0	-162.1	21.5	-116.2	273.6	814.4	-6269.3	-7323.3	-51.7	
72.70	268.0	10.3	34.1	2.0	-158.1	21.6	-112.7	262.0	792.2	-5892.3	-7304.4	-41.0	
72.75	270.9	10.4	40.7	2.0	-156.5	21.7	-108.0	260.9	771.4	-5788.7	-7265.2	-16.8	
72.80	273.7	10.6	46.0	2.0	-156.0	21.8	-107.2	266.1	752.9	-5687.2	-7298.9	2.0	
72.85	276.6	10.8	49.3	2.0	-154.2	21.9	-109.2	260.6	732.4	-5545.1	-7275.6	15.0	
72.90	279.5	11.1	50.3	2.0	-152.3	22.0	-114.5	255.5	708.2	-5337.0	-7280.6	20.3	
72.95	282.3	11.3	51.6	2.0	-151.8	22.1	-119.5	257.7	686.4	-5208.5	-7333.5	25.3	
73.00	285.2	11.4	52.2	2.0	-151.9	22.2	-124.7	253.1	668.0	-5212.3	-7368.5	27.3	
73.05	288.0	11.3	47.7	2.0	-149.2	22.3	-125.6	243.5	645.8	-5129.3	-7222.6	14.5	
73.10	290.8	11.1	40.5	2.0	-143.8	22.4	-120.0	231.8	620.6	-5001.2	-6880.8	-4.8	
73.15	293.6	10.8	36.4	2.0	-139.3	22.5	-109.8	227.6	598.3	-5034.8	-6487.9	-14.5	
73.20	296.3	11.0	35.5	2.0	-137.5	22.6	-97.2	238.3	581.8	-5230.7	-6147.0	-15.7	
73.25	299.1	11.1	32.4	2.0	-135.9	22.7	-85.7	246.8	566.7	-5428.6	-5806.5	-24.7	
73.30	301.9	11.3	28.0	2.0	-133.9	22.8	-79.5	244.3	545.8	-5626.9	-5441.0	-37.9	
73.35	304.6	11.4	23.8	2.0	-132.4	22.9	-76.0	240.9	523.5	-5778.6	-5157.6	-50.9	
73.40	307.3	11.2	20.2	2.0	-132.3	23.0	-72.6	238.5	509.4	-5851.0	-5096.1	-62.9	
73.45	310.0	10.8	17.0	2.0	-132.3	23.1	-72.8	229.5	499.0	-5795.8	-5208.1	-74.1	
73.50	312.7	10.6	12.0	2.0	-131.3	23.2	-77.4	220.6	482.3	-5659.1	-5296.5	-90.1	
73.55	315.4	10.5	10.8	2.0	-130.1	23.3	-83.4	209.1	462.3	-5627.4	-5255.8	-93.2	
73.60	318.1	10.7	12.0	2.0	-129.1	23.4	-84.6	200.3	448.1	-5682.8	-5133.4	-87.8	
73.65	320.8	10.9	12.8	2.0	-127.5	23.5	-77.6	202.3	439.5	-5688.0	-4956.9	-83.5	
73.70	323.4	11.1	12.1	2.0	-124.2	23.6	-68.0	199.3	428.4	-5593.0	-4725.9	-82.7	
73.75	326.1	11.4	11.0	2.0	-119.3	23.7	-61.0	193.1	414.1	-5329.4	-4516.0	-81.7	
73.80	328.7	11.1	11.0	2.0	-114.0	23.8	-55.2	182.9	403.4	-4980.3	-4374.1	-76.3	
73.85	331.3	10.9	13.0	2.0	-109.6	23.9	-53.1	159.9	397.7	-4596.2	-4404.9	-65.0	
73.90	333.9	11.0	13.4	2.0	-106.3	24.0	-57.9	139.6	388.0	-4068.4	-4645.6	-60.5	
73.95	336.5	11.5	17.3	2.0	-105.7	24.1	-71.5	119.0	373.9	-3470.2	-5102.6	-46.2	
74.00	339.1	11.5	23.4	2.0	-108.7	24.2	-90.5	99.1	364.6	-2921.8	-5721.2	-28.5	
74.05	341.7	11.4	29.8	2.0	-112.0	24.3	-103.5	86.5	358.8	-2304.9	-6261.0	-9.8	
74.10	344.3	11.6	35.6	2.0	-113.4	24.4	-109.5	65.3	349.6	-1805.8	-6564.3	8.7	
74.15	346.8	11.7	42.5	2.0	-113.2	24.5	-110.6	49.8	334.5	-1449.1	-6671.0	32.8	
74.20	349.4	11.7	49.7	2.0	-112.4	24.6	-107.1	45.6	322.7	-1042.8	-6702.8	58.3	
74.25	351.9	11.9	57.7	2.0	-112.4	24.7	-103.8	31.8	320.1	-622.3	-6785.5	85.7	
74.30	354.4	11.8	64.4	2.0	-114.0	24.8	-104.9	19.0	315.7	-180.3	-6940.0	106.9	
74.35	356.9	11.6	68.4	2.0	-116.5	24.9	-111.5	12.3	303.7	265.3	-7122.4	118.4	
74.40	359.4	11.6	70.2	2.0	-119.0	25.0	-118.1	-7.6	293.1	665.4	-7274.6	122.0	
74.45	1.9	11.3	69.8	2.0	-121.1	25.1	-118.9	-25.7	291.0	1051.8	-7383.2	118.4	
74.50	4.4	11.0	67.8	2.0	-123.0	25.2	-118.3	-38.5	287.7	1357.4	-7469.0	109.7	
74.55	6.8	11.2	66.8	2.0	-125.1	25.3	-124.1	-54.0	275.6	1411.5	-7599.3	104.2	
74.60	9.3	11.6	64.2	2.0	-128.4	25.4	-133.4	-61.8	265.6	1388.4	-7829.6	91.9	
74.65	11.7	11.9	62.1	2.0	-132.1	25.5	-139.5	-68.1	267.3	1318.2	-8099.4	81.0	
74.70	14.2	11.5	61.3	2.0	-135.0	25.6	-141.9	-73.8	272.1	1228.5	-8315.3	75.4	
74.75	16.6	11.5	61.6	2.0	-137.4	25.7	-146.8	-74.3	268.6	1240.3	-8489.4	73.9	
74.80	19.0	11.5	61.6	2.0	-138.8	25.8	-151.6	-79.5	260.7	1255.9	-8582.8	72.8	
74.85	21.4	11.3	62.3	2.0	-140.3	25.9	-155.1	-85.7	261.0	1326.6	-8669.0	73.4	
74.90	23.8	11.3	61.7	2.0	-141.5	26.0	-156.9	-89.1	265.9	1462.9	-8727.4	70.1	
74.95	26.1	11.4	64.3	2.0	-141.7	26.1	-159.2	-98.1	265.8	1558.2	-8701.6	79.0	
75.00	28.5	11.8	65.0	2.0	-139.2	26.2	-154.6	-106.0	262.3	1724.4	-8478.2	83.9	
75.05	30.8	12.0	62.8	2.0	-136.3	26.3	-145.2	-112.3	268.6	2003.4	-8202.6	79.2	
75.10	33.1	11.9	61.3	2.0	-132.6	26.4	-131.7	-125.6	279.0	2217.0	-7851.7	77.8	
75.15	35.5	11.7	59.2	2.0	-130.2	26.5	-123.3	-138.0	283.1	2464.7	-7570.4	73.2	
75.20	37.8	11.8	55.6	2.0	-129.5	26.6	-118.7	-152.3	282.0	2802.2	-7372.0	61.5	
75.25	40.1	11.8	53.9	2.0	-131.7	26.7	-118.9	-173.4	285.5	3191.9	-7336.3	53.5	
75.30	42.4	11.4	52.4	2.0	-136.1	26.8	-124.2	-183.9	291.7	3607.3	-7472.7	43.7	
75.35	44.7	11.2	55.1	2.0	-141.3	26.9	-136.5	-194.4	292.9	3922.6	-7703.2	47.9	
75.40	47.0	11.1	60.8	2.0	-146.4	27.0	-149.2	-209.6	289.9	4213.7	-7921.6	62.2	
75.45	49.2	11.3	65.1	2.0	-151.8	27.1	-153.3	-221.3	293.2	4716.5	-8063.5	71.6	
75.50	51.5	11.3	68.6	2.0	-155.8	27.2	-146.4	-232.4	302.9	5250.8	-8068.4	79.7	
75.55	53.7	11.3	73.3	2.0	-158.0	27.3	-137.2	-237.5	309.2	5652.9	-7985.0	93.7	
75.60	55.9	11.2	76.5	2.0	-159.5	27.4	-132.8	-237.9	311.2	5979.7	-7891.4	103.1	
75.65	58.1	11.0	77.4	2.0	-161.2	27.5	-131.7	-249.0	313.2	6262.4	-7796.3	104.7	
75.70	60.3	11.2	77.5	2.0	-162.8	27.6	-132.6	-255.8	318.4	6492.9	-7737.6	103.1	
75.75	62.5	12.0	78.9	2.0	-163.1	27.7	-135.1	-249.4	324.3	6592.1	-7699.9	107.6	
75.80	64.7	11.5	75.5	2.0	-161.7	27.8	-134.7	-249.9	327.7	6581.8	-7556.6	97.5	
75.85	66.8	11.2	72.4	2.0	-161.8	27.9	-134.2	-263.4	334.0	6690.9	-7417.5	86.8	
75.90	69.0	11.1	64.2	2.0	-161.9	28.0	-130.6	-280.0	341.5	6813.8	-7253.5	58.6	
75.95	71.2	11.2	57.9	2.0	-160.3	28.1	-127.9	-289.0	347.6	6737.3	-7124.1	38.4	
76.00	73.3	11.2	55.8	2.0	-157.9	28.2	-128.2	-284.2	351.5	6567.3	-7053.1	33.7	
76.05	75.5	11.3	52.4	2.0	-155.5	28.3	-129.4	-277.7	354.8	6412.7	-6963.1	24.5	
76.10	77.6	11.3	49.4	2.0	-152.7	28.4	-129.6	-278.0	358.5	6277.3	-6796.5	16.7	
76.15	79.7	11.5	47.2	2.0	-148.1	28.5	-126.9	-271.9	362.4	6080.5	-6527.1	14.0	
76.20	81.8	11.7	46.6	2.0	-142.4	28.6	-121.2	-263.1	368.2	5833.8	-6205.2	17.4	
76.25	83.9	11.8	46.3	2.0	-138.6	28.7	-110.7	-262.0	376.4	5786.7	-5855.8	20.4	
76.30	86.0	11.8	43.6	2.0	-138.1	28.8	-97.3	-266.7	386.6	6020.2	-5553.7	11.5	
76.35	88.0	11.6	41.3	2.0	-138.6	28.9	-86.0	-271.5	395.7	6236.0	-5352.1	3.3	
76.40	90.1	11.3	41.3	2.0	-137.5	29.0	-80.3	-269.6	402.6	6215.0	-5262.1	4.3	
76.45	92.2	11.4	42.8	2.0	-135.9	29.1	-79.1	-264.8	407.4	6078.9	-5246.5	10.9	
76.50	94.2	11.6	42.0	2.0	-135.6	29.2	-80.9	-266.2	412.4	5988.0	-5299.6	8.7	
76.55	96.3	11.7	41.5	2.0	-137.4	29.3	-85.3	-271.1	419.4	6009.5	-5446.3	5.1	
76.60	98.3	11.4	42.3	2.0	-139.0	29.4	-91.7	-270.1	426.5	5975.9	-5651.8	6.3	
76.65	100.3	11.0	44.0	2.0	-140.6	29.5	-98.7	-266.7	433.2	5912.2	-5885.5	10.6	
76.70	102.3	10.8	45.3	2.0	-143.4	29.6	-105.3	-268.3	439.3	5964.4	-6104.8	12.1	
76.75	104.3	10.9	46.2	2.0	-147.1	29.7	-110.8	-276.8	444.6	6107.8	-6311.5	11.5	
76.80	106.3	11.1	50.5	2.0	-150.0	29.8	-116.6	-277.2	450.0	6159.0	-6552.0	23.4	
76.85	108.3	11.3	57.9	2.0	-150.6	29.9	-123.2	-261.2	454.1	6035.1	-6770.0	48.2	
76.90	110.3	11.2	63.8	2.0	-148.8	30.0	-126.6	-241.0	456.6	5811.5	-6843.6	70.2	
76.95	112.2	11.2	67.0	2.0	-147.0	30.1	-124.3	-233.6	462.1	5688.3	-6798.0	82.9	
77.00	114.2	11.5	67.7	2.0	-146.3	30.2	-118.3	-238.7	470.7	5707.8	-6699.8	86.0	
77.05	116.1	11.4	67.1	2.0	-146.0	30.3	-111.3	-243.8	478.6	5774.3	-6592.0	84.2	
77.10	118.1	11.3	65.2	2.0	-146.1	30.4	-104.4	-246.4	482.7	5917.5	-6476.0	77.7	
77.15	120.0	11.1	61.9	2.0	-148.2	30.5	-101.3	-253.4	486.6	6164.8	-6431.6	64.5	
77.20	121.9	11.6	58.4	2.0	-149.9	30.6	-102.1	-261.4	491.8	6288.2	-6452.9	50.6	
77.25	123.9	12.0	57.1	2.0	-147.9	30.7	-103.9	-260.2	494.1	6128.5	-6397.4	48.0	
77.30	125.8	12.2	55.9	2.0	-142.0	30.8	-102.4	-249.7	491.7	5763.6	-6176.8	49.9	
77.35	127.7	12.2	53.6	2.0	-135.2	30.9	-95.0	-237.8	491.4	5426.2	-5844.4	48.6	
77.40	129.5	12.0	50.6	2.0	-129.1	31.0	-83.2	-224.8	496.6	5176.5	-5499.1	44.8	
77.45	131.4	11.8	48.5	2.0	-123.1	31.1	-72.4	-210.6	504.0	4904.8	-5192.7	43.3	
77.50	133.2	11.7	47.3	2.0	-117.3	31.2	-68.0	-196.8	507.6	4582.5	-4947.5	45.0	
77.55	135.1	11.7	44.4	2.0	-112.9	31.3	-69.2	-186.8	508.8	4310.9	-4776.1	39.5	
77.60	136.9	11.7	40.8	2.0	-109.4	31.4	-71.2	-180.7	512.1	4071.0	-4650.1	30.8	
77.65	138.7	11.7	37.1	2.0	-105.4	31.5	-70.0	-171.9	518.6	3806.2	-4511.3	22.1	
77.70	140.6	11.8	33.2	2.0	-100.3	31.6	-66.0	-160.1	522.3	3518.6	-4292.6	13.6	
77.75	142.4	12.0	27.8	2.0	-94.9	31.7	-61.4	-152.0	521.4	3241.7	-4020.8	0.6	
77.80	144.2	12.0	22.2	2.0	-90.6	31.8	-56.1	-152.0	522.4	3069.5	-3749.9	-14.4	
77.85	146.0	11.9	18.0	2.0	-87.9	31.9	-50.3	-154.3	528.6	2993.6	-3539.9	-26.1	
77.90	147.8	11.9	16.0	2.0	-85.7	32.0	-45.4	-151.7	535.1	2917.2	-3393.8	-30.7	
77.95	149.6	12.1	16.5	2.0	-83.6	32.1	-43.0	-141.2	537.5	2840.0	-3287.0	-26.9	
78.00	151.3	12.2	17.1	2.0	-81.5	32.2	-40.1	-131.8	537.9	2811.5	-3142.0	-22.7	
78.05	153.1	12.1	17.5	2.0	-79.5	32.3	-34.1	-129.1	538.6	2810.5	-2951.8	-19.3	
78.10	154.8	11.7	18.4	2.0	-77.9	32.4	-27.2	-127.0	539.8	2814.2	-2799.0	-14.8	
78.15	156.6	12.0	20.6	2.0	-77.3	32.5	-25.1	-119.5	538.1	2798.3	-2781.8	-6.8	
78.20	158.3	12.3	24.2	2.0	-78.0	32.6	-29.8	-109.6	534.7	2741.5	-2946.4	5.0	
78.25	160.0	12.6	27.9	2.0	-81.0	32.7	-40.0	-102.3	534.7	2706.6	-3290.6	14.9	
78.30	161.7	12.3	31.1	2.0	-84.8	32.8	-50.4	-99.0	538.4	2666.9	-3681.9	21.8	
78.35	163.4	12.0	33.4	2.0	-87.1	32.9	-56.9	-97.1	541.4	2542.8	-3969.6	27.4	
78.40	165.2	11.7	34.2	2.0	-86.8	33.0	-57.9	-91.1	540.8	2370.2	-4060.3	30.6	
78.45	166.9	11.7	33.5	2.0	-83.8	33.1	-53.1	-82.7	537.3	2178.3	-3948.2	31.1	
78.50	168.5	11.6	32.0	2.0	-79.8	33.2	-46.0	-75.7	533.6	1978.1	-3744.3	30.0	
78.55	170.2	11.5	30.6	2.0	-76.4	33.3	-42.0	-67.5	530.4	1788.3	-3588.1	28.6	
78.60	171.9	11.5	29.7	2.0	-74.0	33.4	-42.4	-59.5	527.6	1561.2	-3518.2	28.0	
78.65	173.5	11.6	28.7	2.0	-72.7	33.5	-45.0	-54.7	525.6	1357.0	-3501.2	25.7	
78.70	175.2	11.5	26.0	2.0	-71.9	33.6	-46.7	-49.0	525.0	1258.6	-3484.1	17.3	
78.75	176.8	10.8	22.8	2.0	-69.1	33.7	-41.8	-43.8	524.7	1116.5	-3331.5	9.2	
78.80	178.5	10.8	19.7	2.0	-63.8	33.8	-30.9	-35.2	524.2	832.5	-3040.1	4.0	
78.85	180.1	10.9	16.9	2.0	-57.7	33.9	-19.7	-22.1	522.3	447.4	-2707.9	0.3	
78.90	181.7	11.1	14.4	2.0	-52.8	34.0	-12.0	-12.0	517.9	25.6	-2410.6	-3.4	
78.95	183.3	11.1	13.7	2.0	-50.9	34.1	-10.9	1.4	512.5	-375.9	-2259.1	-3.7	
79.00	184.9	11.2	15.0	2.0	-52.5	34.2	-14.6	18.9	509.6	-743.8	-2260.4	-1.0	
79.05	186.4	11.4	15.2	2.0	-55.1	34.3	-18.7	33.6	509.5	-1017.2	-2314.0	-3.0	
79.10	188.0	11.4	13.9	2.0	-55.8	34.4	-20.5	39.4	509.3	-1131.2	-2302.1	-8.1	
79.15	189.6	11.6	9.6	2.0	-54.0	34.5	-17.2	39.9	506.1	-1181.4	-2133.3	-21.0	
79.20	191.1	11.9	6.3	2.0	-52.0	34.6	-8.7	44.4	502.8	-1334.9	-1846.4	-30.4	
79.25	192.7	11.9	6.6	2.0	-51.2	34.7	2.4	53.3	501.6	-1586.2	-1522.5	-28.6	
79.30	194.2	11.8	6.8	2.0	-52.1	34.8	10.5	63.2	500.1	-1852.4	-1252.9	-28.8	
79.35	195.7	11.6	7.4	2.0	-54.0	34.9	12.1	73.2	494.9	-2086.9	-1082.9	-28.5	
79.40	197.3	11.5	8.6	2.0	-56.0	35.0	10.2	81.3	488.1	-2282.0	-995.1	-26.4	
79.45	198.8	11.6	9.3	2.0	-56.8	35.1	9.5	86.6	485.5	-2347.6	-954.5	-25.0	
79.50	200.3	12.0	7.3	2.0	-55.3	35.2	12.1	86.9	485.1	-2248.9	-901.0	-30.3	
79.55	201.8	11.5	4.3	2.0	-52.8	35.3	15.1	82.5	480.7	-2094.9	-806.4	-37.9	
79.60	203.3	11.0	2.8	2.0	-51.3	35.4	16.2	82.3	472.0	-2020.7	-708.2	-41.8	
79.65	204.8	10.5	4.1	2.0	-52.1	35.5	16.8	89.3	464.7	-2081.4	-659.1	-37.9	
79.70	206.3	10.1	8.6	2.0	-54.6	35.6	17.0	99.6	460.7	-2242.0	-688.9	-24.9	
79.75	207.7	9.9	13.4	2.0	-57.2	35.7	15.1	109.5	455.6	-2400.2	-776.2	-11.1	
79.80	209.2	9.9	17.8	2.0	-59.4	35.8	11.7	117.6	447.5	-2519.7	-873.6	1.8	
79.85	210.7	9.8	20.0	2.0	-60.8	35.9	10.9	124.8	440.2	-2595.2	-932.0	7.9	
79.90	212.1	9.4	20.0	2.0	-61.2	36.0	12.5	128.7	436.4	-2601.7	-976.1	7.6	
79.95	213.6	9.0	19.0	2.0	-60.6	36.1	14.5	126.9	432.8	-2553.2	-1013.6	4.5	
80.00	215.0	8.8	18.6	2.0	-60.2	36.2	14.6	124.1	425.3	-2522.7	-1027.8	3.8	
80.05	216.4	9.1	19.3	2.0	-61.0	36.3	13.5	128.7	415.4	-2593.2	-1004.2	5.3	
80.10	217.8	9.5	20.4	2.0	-63.4	36.4	13.8	137.9	407.6	-2788.1	-950.3	6.6	
80.15	219.3	9.7	20.7	2.0	-66.3	36.5	15.0	145.2	401.5	-3013.5	-901.4	4.9	
80.20	220.7	9.6	20.4	2.0	-69.1	36.6	15.7	150.7	393.6	-3230.5	-869.1	1.0	
80.25	222.1	9.5	21.1	2.0	-72.4	36.7	16.2	156.2	384.7	-3491.1	-837.0	-0.1	
80.30	223.5	9.7	20.9	2.0	-76.2	36.8	18.4	165.1	378.2	-3772.7	-794.3	-4.3	
80.35	224.9	10.2	20.0	2.0	-79.9	36.9	21.0	175.1	373.9	-4035.0	-767.8	-11.1	
80.40	226.2	10.8	19.7	2.0	-83.7	37.0	20.7	182.2	367.9	-4306.6	-780.2	-16.0	
80.45	227.6	11.1	20.8	2.0	-88.2	37.1	18.3	189.8	359.1	-4636.7	-798.6	-16.7	
80.50	229.0	11.3	22.7	2.0	-93.4	37.2	14.7	200.8	350.6	-5008.8	-815.0	-15.4	
80.55	230.4	11.3	23.4	2.0	-97.8	37.3	12.2	212.2	344.8	-5316.7	-822.7	-17.6	
80.60	231.7	11.2	23.1	2.0	-101.0	37.4	10.9	221.0	337.8	-5538.9	-826.8	-21.5	
80.65	233.1	10.8	23.9	2.0	-103.2	37.5	9.7	225.8	329.0	-5705.2	-823.6	-21.1	
80.70	234.4	10.6	23.3	2.0	-104.6	37.6	11.4	228.1	322.0	-5812.3	-800.8	-24.8	
80.75	235.7	10.6	21.9	2.0	-105.9	37.7	14.4	231.4	318.0	-5908.8	-770.5	-30.6	
80.80	237.1	10.7	21.7	2.0	-107.5	37.8	16.8	235.3	313.1	-6027.0	-733.9	-33.0	
80.85	238.4	10.8	22.5	2.0	-109.1	37.9	18.8	239.1	305.6	-6149.1	-689.1	-31.9	
80.90	239.7	10.7	23.8	2.0	-110.5	38.0	21.0	242.0	298.6	-6256.5	-651.4	-28.8	
80.95	241.0	11.3	24.3	2.0	-111.5	38.1	23.3	244.5	293.9	-6330.6	-615.0	-28.0	
81.00	242.4	11.5	23.5	2.0	-111.5	38.2	24.2	246.1	287.5	-6337.0	-569.9	-30.7	
81.05	243.7	11.0	22.5	2.0	-110.4	38.3	22.9	242.6	277.9	-6271.8	-546.8	-33.0	
81.10	244.9	11.4	22.2	2.0	-108.4	38.4	19.7	236.9	268.5	-6139.7	-600.8	-32.1	
81.15	246.2	11.9	22.6	2.0	-106.8	38.5	15.4	237.2	261.7	-6005.3	-748.1	-29.3	
81.20	247.5	12.5	24.8	2.0	-106.9	38.6	10.7	243.2	255.5	-5982.2	-901.8	-21.8	
81.25	248.8	12.9	28.4	2.0	-108.1	38.7	5.4	248.8	246.9	-6043.0	-1004.8	-10.6	
81.30	250.1	13.2	30.9	2.0	-108.5	38.8	2.1	250.2	237.0	-6068.6	-1057.2	-2.4	
81.35	251.3	13.4	32.9	2.0	-108.4	38.9	3.1	249.5	230.5	-6068.3	-1084.0	4.6	
81.40	252.6	13.3	35.2	2.0	-108.7	39.0	6.6	254.3	225.7	-6080.0	-1094.5	12.0	
81.45	253.8	13.0	37.3	2.0	-109.2	39.1	8.1	262.6	217.8	-6100.4	-1076.1	18.9	
81.50	255.1	12.7	37.4	2.0	-108.5	39.2	7.0	262.4	207.5	-6062.9	-1020.1	19.8	
81.55	256.3	12.9	35.0	2.0	-106.4	39.3	4.3	255.5	199.4	-5936.6	-993.7	13.8	
81.60	257.6	12.7	33.2	2.0	-105.2	39.4	2.7	252.5	195.0	-5854.3	-992.5	8.6	
81.65	258.8	12.6	33.6	2.0	-105.9	39.5	3.2	254.8	189.8	-5912.6	-935.2	9.3	
81.70	260.0	12.7	32.9	2.0	-106.3	39.6	4.8	257.3	181.4	-5967.2	-806.4	6.6	
81.75	261.2	13.0	30.0	2.0	-105.2	39.7	6.7	254.1	172.5	-5916.5	-656.3	-2.3	
81.80	262.5	12.9	26.9	2.0	-104.5	39.8	12.7	250.5	165.4	-5897.7	-465.2	-12.3	
81.85	263.7	12.3	27.4	2.0	-106.2	39.9	21.6	254.5	158.9	-6028.1	-236.3	-12.3	
81.90	264.9	12.8	28.2	2.0	-108.7	40.0	30.5	260.3	152.1	-6205.1	11.4	-11.8	
81.95	266.1	13.2	26.4	2.0	-109.3	40.1	35.1	259.3	145.0	-6256.2	203.3	-18.6	
82.00	267.3	13.4	23.9	2.0	-109.1	40.2	35.3	257.7	138.9	-6245.8	291.3	-27.2	
82.05	268.5	13.2	24.7	2.0	-110.8	40.3	33.1	262.5	133.2	-6366.5	300.4	-26.0	
82.10	269.7	12.9	26.9	2.0	-113.3	40.4	29.5	269.3	127.2	-6541.9	266.1	-21.1	
82.15	270.8	12.7	24.8	2.0	-113.3	40.5	25.6	267.8	120.0	-6555.1	216.4	-28.1	
82.20	272.0	12.7	21.2	2.0	-111.3	40.6	23.4	259.2	112.4	-6439.8	194.4	-38.6	
82.25	273.2	12.7	20.1	2.0	-110.2	40.7	25.4	255.0	104.4	-6370.8	242.0	-41.1	
82.30	274.3	12.7	22.5	2.0	-110.7	40.8	30.7	258.2	97.5	-6401.4	324.3	-33.4	
82.35	275.5	12.8	24.7	2.0	-111.2	40.9	34.9	262.4	92.1	-6429.5	366.6	-26.5	
82.40	276.6	12.6	24.6	2.0	-110.3	41.0	35.2	260.2	87.4	-6366.5	341.1	-26.0	
82.45	277.8	12.4	25.0	2.0	-108.8	41.1	33.2	256.3	82.5	-6275.8	281.0	-23.0	
82.50	278.9	12.2	27.7	2.0	-108.4	41.2	30.5	256.5	76.4	-6250.6	215.8	-13.4	
82.55	280.0	12.0	29.7	2.0	-107.8	41.3	27.6	258.8	69.1	-6206.5	127.6	-5.8	
82.60	281.1	11.9	28.6	2.0	-105.4	41.4	24.3	256.3	61.5	-6043.9	8.0	-7.4	
82.65	282.3	11.9	26.6	2.0	-102.6	41.5	21.1	245.9	54.4	-5864.9	-100.0	-11.3	
82.70	283.4	11.7	26.0	2.0	-101.1	41.6	18.1	237.9	47.1	-5778.7	-192.2	-11.8	
82.75	284.5	11.7	27.2	2.0	-101.4	41.7	13.0	239.3	39.1	-5796.4	-334.0	-8.1	
82.80	285.6	11.7	29.4	2.0	-102.4	41.8	8.2	243.0	32.7	-5856.7	-504.1	-1.4	
82.85	286.7	12.1	32.0	2.0	-102.9	41.9	4.1	243.3	28.9	-5880.1	-689.6	7.1	
82.90	287.8	12.5	34.2	2.0	-103.3	42.0	2.3	243.3	25.2	-5896.1	-817.9	14.2	
82.95	288.9	12.7	36.4	2.0	-104.0	42.1	2.6	244.3	19.6	-5943.0	-866.0	21.0	
83.00	290.0	13.2	36.3	2.0	-103.7	42.2	4.3	245.1	12.5	-5926.5	-858.0	21.0	
83.05	291.1	13.0	35.2	2.0	-102.5	42.3	6.1	242.2	6.4	-5855.5	-821.4	18.4	
83.10	292.1	12.4	35.0	2.0	-101.2	42.4	7.2	236.2	1.6	-5779.7	-773.4	19.0	
83.15	293.2	12.3	34.6	2.0	-100.3	42.5	6.5	233.6	-4.2	-5720.8	-755.2	18.5	
83.20	294.3	12.4	34.3	2.0	-100.5	42.6	4.0	234.8	-10.1	-5723.3	-784.3	17.2	
83.25	295.3	12.6	34.4	2.0	-101.4	42.7	2.4	235.8	-14.4	-5781.7	-816.3	16.5	
83.30	296.4	12.4	33.8	2.0	-102.2	42.8	3.8	235.0	-17.8	-5844.0	-782.6	13.7	
83.35	297.5	12.2	32.6	2.0	-102.7	42.9	7.5	232.4	-22.8	-5906.3	-672.5	9.2	
83.40	298.5	12.0	30.7	2.0	-103.6	43.0	13.2	231.5	-30.3	-5986.6	-511.0	1.8	
83.45	299.6	11.7	29.6	2.0	-105.1	43.1	17.5	234.7	-36.8	-6090.8	-403.6	-3.6	
83.50	300.6	11.5	29.4	2.0	-106.3	43.2	19.4	234.8	-40.8	-6183.8	-348.1	-5.5	
83.55	301.6	11.4	29.6	2.0	-107.1	43.3	16.5	231.9	-45.1	-6246.7	-359.3	-5.4	
83.60	302.7	11.1	28.8	2.0	-107.3	43.4	9.9	233.1	-51.8	-6253.7	-425.0	-8.6	
83.65	303.7	11.0	28.3	2.0	-107.4	43.5	6.6	234.3	-57.6	-6250.2	-448.2	-10.2	
83.70	304.7	11.0	28.2	2.0	-106.6	43.6	7.6	230.0	-60.0	-6199.6	-405.6	-9.6	
83.75	305.7	11.2	26.5	2.0	-104.4	43.7	10.9	224.5	-63.2	-6052.3	-305.5	-13.4	
83.80	306.8	11.4	24.4	2.0	-101.8	43.8	14.8	216.0	-70.0	-5879.9	-151.6	-18.1	
83.85	307.8	11.5	23.8	2.0	-99.4	43.9	18.2	209.0	-77.0	-5717.7	-36.5	-17.7	
83.90	308.8	11.1	24.3	2.0	-97.2	44.0	19.5	207.6	-80.1	-5547.7	-51.7	-13.8	
83.95	309.8	10.9	26.0	2.0	-95.0	44.1	18.3	204.8	-81.8	-5387.6	-143.2	-5.7	
84.00	310.8	10.6	27.3	2.0	-92.6	44.2	14.8	200.5	-85.8	-5212.5	-250.3	1.3	
84.05	311.8	10.4	27.9	2.0	-89.9	44.3	9.8	198.5	-91.2	-5005.8	-360.4	5.9	
84.10	312.8	10.2	28.7	2.0	-87.4	44.4	8.6	193.2	-95.5	-4822.7	-403.4	11.2	
84.15	313.7	10.3	29.3	2.0	-84.7	44.5	11.0	186.8	-98.8	-4636.6	-395.1	16.0	
84.20	314.7	10.7	28.0	2.0	-81.1	44.6	12.6	180.4	-103.4	-4380.7	-392.2	15.1	
84.25	315.7	11.1	27.2	2.0	-77.9	44.7	11.4	171.9	-109.3	-4150.9	-404.1	15.4	
84.30	316.7	11.2	28.1	2.0	-76.0	44.8	8.6	166.1	-114.9	-4016.1	-447.9	20.5	
84.35	317.6	11.1	29.1	2.0	-74.7	44.9	4.9	165.2	-118.7	-3909.0	-544.4	25.2	
84.40	318.6	11.2	28.8	2.0	-73.3	45.0	2.9	162.8	-121.3	-3793.0	-617.0	25.5	
84.45	319.5	11.4	27.4	2.0	-71.4	45.1	3.4	158.5	-124.7	-3664.5	-597.8	22.6	
84.50	320.5	11.7	26.4	2.0	-69.7	45.2	5.9	154.1	-130.0	-3560.1	-470.6	20.8	
84.55	321.4	12.3	25.1	2.0	-68.1	45.3	11.2	147.5	-135.6	-3470.9	-272.3	18.2	
84.60	322.4	12.6	22.6	2.0	-66.2	45.4	16.4	141.1	-139.9	-3350.1	-113.2	11.5	
84.65	323.3	12.5	20.6	2.0	-64.8	45.5	19.0	138.5	-143.6	-3252.6	-16.8	5.8	
84.70	324.3	12.3	19.9	2.0	-64.4	45.6	18.0	135.0	-148.6	-3224.0	35.9	3.8	
84.75	325.2	11.8	20.3	2.0	-64.4	45.7	15.0	133.0	-154.4	-3227.8	42.4	5.3	
84.80	326.1	11.2	19.5	2.0	-64.2	45.8	12.9	132.3	-157.9	-3214.0	11.1	2.6	
84.85	327.0	11.1	17.7	2.0	-64.0	45.9	13.1	130.0	-160.1	-3201.0	-4.4	-3.4	
84.90	327.9	10.9	16.8	2.0	-64.4	46.0	15.7	128.8	-163.8	-3231.9	47.5	-6.6	
84.95	328.9	10.8	17.8	2.0	-65.6	46.1	16.8	128.6	-168.8	-3319.9	89.3	-4.5	
85.00	329.8	10.6	18.5	2.0	-66.8	46.2	17.5	127.5	-173.2	-3411.4	92.2	-3.3	
85.05	330.7	10.7	18.8	2.0	-67.5	46.3	15.5	127.4	-175.1	-3463.1	-12.4	-2.9	
85.10	331.6	10.9	19.3	2.0	-68.0	46.4	12.2	128.8	-176.6	-3497.5	-148.1	-1.7	
85.15	332.5	11.1	20.5	2.0	-67.9	46.5	9.3	127.2	-179.9	-3482.5	-235.4	2.5	
85.20	333.4	10.9	19.8	2.0	-66.2	46.6	8.0	120.6	-183.3	-3368.3	-273.0	1.9	
85.25	334.3	10.5	16.4	2.0	-63.2	46.7	10.2	111.0	-184.6	-3168.0	-264.5	-6.8	
85.30	335.2	10.3	13.5	2.0	-59.9	46.8	13.4	100.4	-185.2	-2951.6	-244.7	-13.4	
85.35	336.0	10.8	13.3	2.0	-57.9	46.9	14.8	93.9	-188.7	-2814.2	-239.0	-12.2	
85.40	336.9	11.1	15.1	2.0	-57.0	47.0	12.9	91.1	-193.8	-2742.6	-301.7	-5.3	
85.45	337.8	11.0	16.0	2.0	-56.3	47.1	8.4	88.4	-195.9	-2677.5	-473.6	-1.6	
85.50	338.7	11.0	16.4	2.0	-55.9	47.2	4.2	85.2	-196.0	-2607.2	-675.0	0.3	
85.55	339.5	11.0	17.5	2.0	-55.7	47.3	1.3	83.6	-197.9	-2557.2	-817.3	4.2	
85.60	340.4	10.9	18.7	2.0	-55.1	47.4	-0.4	81.8	-201.8	-2493.6	-880.5	9.2	
85.65	341.2	10.3	17.9	2.0	-53.0	47.5	-0.1	75.9	-204.0	-2336.7	-891.5	8.3	
85.70	342.1	10.0	16.2	2.0	-50.1	47.6	0.5	66.8	-204.2	-2116.0	-908.1	5.4	
85.75	342.9	10.1	16.1	2.0	-48.3	47.7	-0.5	60.7	-205.7	-1974.9	-942.3	6.8	
85.80	343.8	10.7	17.8	2.0	-48.0	47.8	-4.8	60.1	-209.0	-1905.1	-1018.5	13.1	
85.85	344.6	10.9	19.0	2.0	-47.2	47.9	-9.6	57.5	-211.4	-1796.0	-1097.7	17.9	
85.90	345.4	11.0	17.9	2.0	-45.2	48.0	-12.2	52.3	-212.6	-1620.2	-1114.4	16.3	
85.95	346.3	11.1	16.1	2.0	-42.4	48.1	-10.4	50.0	-214.8	-1439.0	-1009.7	13.0	
86.00	347.1	11.4	15.8	2.0	-39.1	48.2	-4.8	45.7	-217.1	-1293.4	-800.2	15.3	
86.05	347.9	11.6	12.7	2.0	-35.8	48.3	2.6	38.3	-218.0	-1163.8	-569.0	7.9	
86.10	348.8	11.0	9.9	2.0	-33.0	48.4	6.5	32.6	-217.4	-1009.8	-422.6	1.0	
86.15	349.6	10.8	7.6	2.0	-30.7	48.5	8.2	27.1	-218.0	-878.3	-326.4	-4.5	
86.20	350.4	10.7	7.4	2.0	-29.5	48.6	8.3	23.0	-219.7	-812.0	-262.8	-4.1	
86.25	351.2	10.6	6.7	2.0	-28.4	48.7	7.2	21.2	-220.6	-737.5	-237.5	-5.4	
86.30	352.0	10.5	5.0	2.0	-27.0	48.8	7.7	17.4	-221.2	-660.0	-179.5	-10.0	
86.35	352.9	10.5	3.2	2.0	-25.1	48.9	8.6	10.2	-222.7	-547.1	-97.1	-14.3	
86.40	353.7	10.8	1.1	2.0	-23.5	49.0	7.8	6.6	-224.8	-439.8	-32.9	-19.9	
86.45	354.5	10.9	1.8	2.0	-22.9	49.1	9.3	6.9	-226.7	-389.4	53.3	-16.8	
86.50	355.3	10.9	2.6	2.0	-23.2	49.2	14.0	8.0	-226.3	-366.0	153.4	-14.1	
86.55	356.1	10.9	2.3	2.0	-22.4	49.3	16.9	5.8	-223.8	-268.3	202.9	-14.6	
86.60	356.9	11.0	1.4	2.0	-21.5	49.4	18.0	-1.2	-223.7	-115.7	242.9	-16.7	
86.65	357.7	10.8	1.6	2.0	-22.3	49.5	19.8	-7.6	-226.9	5.6	314.6	-16.7	
86.70	358.4	10.4	2.0	2.0	-22.9	49.6	20.6	-10.0	-228.2	118.5	331.0	-16.1	
86.75	359.2	10.4	1.5	2.0	-23.1	49.7	18.9	-14.1	-227.1	254.7	261.9	-18.0	
86.80	360.0	10.5	1.1	2.0	-24.1	49.8	14.8	-21.9	-228.5	405.9	154.0	-20.5	
86.85	0.8	10.6	1.8	2.0	-25.1	49.9	9.0	-27.4	-232.5	499.3	21.6	-18.9	
86.90	1.5	10.3	3.2	2.0	-25.8	50.0	4.0	-29.5	-233.0	533.3	-142.7	-14.9	
86.95	2.3	10.4	4.4	2.0	-26.8	50.1	2.3	-30.4	-230.3	560.4	-274.0	-11.7	
87.00	3.1	10.6	5.0	2.0	-27.6	50.2	2.1	-31.0	-229.6	599.9	-336.6	-10.3	
87.05	3.8	10.7	6.2	2.0	-28.2	50.3	2.1	-31.9	-232.6	640.5	-342.9	-6.8	
87.10	4.6	10.8	7.2	2.0	-28.8	50.4	1.8	-35.0	-234.5	666.0	-365.7	-4.1	
87.15	5.4	10.8	7.7	2.0	-29.8	50.5	-0.0	-36.8	-233.1	686.7	-468.4	-3.2	
87.20	6.1	10.5	8.5	2.0	-31.5	50.6	-5.0	-37.4	-231.8	713.2	-645.0	-2.2	
87.25	6.9	10.6	10.2	2.0	-33.7	50.7	-11.7	-39.5	-233.6	744.5	-833.5	1.3	
87.30	7.6	11.0	10.7	2.0	-36.2	50.8	-16.5	-43.9	-235.6	822.0	-986.2	0.7	
87.35	8.4	11.5	10.1	2.0	-38.5	50.9	-17.9	-49.9	-233.8	954.3	-1083.4	-3.7	
87.40	9.1	11.4	9.7	2.0	-39.9	51.0	-16.2	-57.0	-231.2	1069.5	-1099.8	-6.7	
87.45	9.9	11.2	9.5	2.0	-39.9	51.1	-12.5	-61.5	-232.3	1125.2	-1021.3	-7.4	
87.50	10.6	10.9	9.9	2.0	-39.9	51.2	-10.0	-62.1	-234.6	1186.6	-950.2	-5.8	
87.55	11.4	11.3	10.6	2.0	-40.4	51.3	-8.2	-63.0	-233.9	1248.3	-928.4	-4.0	
87.60	12.1	11.5	11.9	2.0	-40.5	51.4	-6.9	-62.9	-231.6	1255.3	-941.0	0.2	
87.65	12.8	11.6	12.1	2.0	-40.4	51.5	-8.3	-60.0	-231.1	1219.7	-987.5	1.1	
87.70	13.5	11.8	11.8	2.0	-40.5	51.6	-11.4	-60.3	-232.2	1187.4	-1030.6	0.0	
87.75	14.3	11.8	11.0	2.0	-40.8	51.7	-12.9	-64.6	-232.6	1192.5	-1040.4	-3.2	
87.80	15.0	11.6	9.0	2.0	-41.1	51.8	-13.5	-66.5	-231.2	1212.9	-1042.6	-10.1	
87.85	15.7	11.6	8.0	2.0	-40.3	51.9	-12.4	-66.5	-230.1	1169.7	-1005.4	-13.0	
87.90	16.4	11.7	7.7	2.0	-39.1	52.0	-11.8	-68.4	-229.9	1078.1	-959.0	-12.6	
87.95	17.1	11.8	6.5	2.0	-38.6	52.1	-13.9	-69.5	-229.8	1036.7	-947.9	-16.3	
88.00	17.8	12.1	5.5	2.0	-38.0	52.2	-15.0	-69.1	-229.2	995.7	-924.2	-19.2	
88.05	18.5	11.9	4.6	2.0	-36.9	52.3	-12.4	-68.2	-228.0	960.5	-845.8	-21.0	
88.10	19.2	11.5	4.5	2.0	-37.1	52.4	-11.5	-67.9	-225.9	1015.6	-801.5	-21.5	
88.15	19.9	11.0	3.9	2.0	-38.4	52.5	-11.3	-73.1	-225.3	1166.0	-737.0	-24.9	
88.20	20.6	10.7	2.9	2.0	-39.9	52.6	-9.9	-80.8	-226.4	1328.0	-637.1	-29.8	
88.25	21.3	10.8	2.6	2.0	-41.8	52.7	-9.5	-85.5	-226.1	1486.9	-605.3	-32.9	
88.30	22.0	11.3	3.6	2.0	-44.0	52.8	-10.1	-90.4	-223.8	1625.5	-655.9	-31.6	
88.35	22.7	11.5	5.0	2.0	-45.9	52.9	-11.9	-94.9	-222.6	1733.5	-743.6	-28.7	
88.40	23.4	11.5	6.2	2.0	-47.7	53.0	-15.8	-94.8	-223.4	1835.8	-849.9	-26.5	
88.45	24.0	11.3	7.0	2.0	-49.0	53.1	-17.1	-95.1	-223.4	1911.4	-911.2	-25.0	
88.50	24.7	11.3	7.9	2.0	-50.2	53.2	-14.8	-99.4	-220.8	1989.4	-938.7	-22.9	
88.55	25.4	11.2	9.2	2.0	-52.2	53.3	-14.3	-103.7	-217.6	2112.5	-1005.5	-20.6	
88.60	26.1	11.1	9.7	2.0	-54.3	53.4	-15.4	-108.4	-217.1	2248.6	-1070.2	-21.0	
88.65	26.7	11.7	10.4	2.0	-56.2	53.5	-16.8	-113.0	-217.8	2362.7	-1122.9	-20.6	
88.70	27.4	12.2	10.9	2.0	-58.2	53.6	-20.3	-113.5	-216.6	2480.0	-1230.6	-20.7	
88.75	28.1	12.5	11.8	2.0	-60.3	53.7	-24.2	-114.9	-214.7	2590.9	-1350.0	-19.7	
88.80	28.7	12.8	12.8	2.0	-61.5	53.8	-25.9	-118.9	-214.7	2659.2	-1387.6	-17.5	
88.85	29.4	12.9	13.2	2.0	-62.5	53.9	-26.4	-121.1	-214.9	2745.7	-1363.9	-17.2	
88.90	30.0	12.9	12.3	2.0	-63.4	54.0	-23.5	-123.7	-213.1	2868.7	-1263.3	-21.3	
88.95	30.7	13.0	11.6	2.0	-63.3	54.1	-17.1	-127.4	-211.0	2922.5	-1092.2	-23.6	
89.00	31.3	13.0	11.0	2.0	-63.2	54.2	-12.4	-129.9	-208.8	2956.0	-952.8	-25.3	
89.05	32.0	13.0	10.0	2.0	-63.8	54.3	-9.7	-134.4	-206.3	3022.6	-854.4	-29.3	
89.10	32.6	13.1	8.8	2.0	-64.3	54.4	-6.5	-141.5	-204.5	3075.3	-720.9	-34.1	
89.15	33.3	13.3	7.2	2.0	-64.7	54.5	-6.0	-142.3	-203.9	3127.6	-603.4	-39.8	
89.20	33.9	13.3	5.9	2.0	-65.0	54.6	-6.9	-141.1	-204.3	3172.4	-507.9	-44.8	
89.25	34.5	12.6	5.5	2.0	-65.4	54.7	-6.2	-145.8	-203.9	3206.7	-421.0	-46.7	
89.30	35.2	12.6	4.6	2.0	-65.9	54.8	-6.2	-148.8	-201.2	3237.7	-388.5	-50.0	
89.35	35.8	12.7	3.8	2.0	-65.5	54.9	-6.3	-147.3	-198.2	3217.8	-354.6	-52.4	
89.40	36.4	12.6	3.6	2.0	-64.6	55.0	-4.0	-147.3	-196.5	3163.0	-264.1	-52.4	
89.45	37.0	12.6	3.6	2.0	-64.1	55.1	-1.1	-146.8	-194.6	3132.5	-184.3	-51.6	
89.50	37.7	12.6	3.6	2.0	-64.4	55.2	1.6	-147.0	-191.5	3154.2	-150.9	-52.1	
89.55	38.3	12.6	4.0	2.0	-64.9	55.3	4.7	-151.7	-188.2	3181.4	-142.9	-51.1	
89.60	38.9	12.9	4.3	2.0	-65.5	55.4	5.2	-154.9	-186.5	3217.1	-166.1	-50.6	
89.65	39.6	13.0	4.3	2.0	-66.4	55.5	1.4	-155.0	-186.2	3284.7	-251.5	-51.5	
89.70	40.2	13.1	4.7	2.0	-67.9	55.6	-2.0	-158.4	-185.1	3376.3	-361.0	-51.7	
89.75	40.8	13.3	5.2	2.0	-70.1	55.7	-3.6	-164.2	-181.8	3514.6	-474.0	-52.1	
89.80	41.4	13.5	5.6	2.0	-72.7	55.8	-3.6	-169.9	-178.3	3695.8	-540.4	-53.5	
89.85	42.0	13.7	6.2	2.0	-74.8	55.9	-1.4	-175.7	-177.3	3840.1	-508.6	-53.6	
89.90	42.7	12.8	6.6	2.0	-76.2	56.0	0.6	-179.4	-177.2	3945.3	-454.1	-53.4	
89.95	43.3	12.3	6.8	2.0	-77.0	56.1	0.9	-180.2	-174.7	4004.6	-487.1	-53.6	
90.00	43.9	12.4	8.5	2.0	-76.8	56.2	0.9	-180.7	-171.0	3976.7	-576.2	-47.7	
90.05	44.5	12.8	9.7	2.0	-75.9	56.3	-1.5	-178.3	-168.6	3896.4	-687.5	-42.7	
90.10	45.1	12.9	9.7	2.0	-75.4	56.4	-7.0	-174.5	-167.6	3845.9	-805.3	-42.1	
90.15	45.7	12.9	8.7	2.0	-76.1	56.5	-10.7	-177.6	-165.6	3872.6	-893.7	-46.3	
90.20	46.3	13.0	8.6	2.0	-77.8	56.6	-12.3	-186.0	-162.1	3962.4	-972.8	-48.2	
90.25	46.9	13.2	8.2	2.0	-79.1	56.7	-13.6	-190.8	-159.4	4038.9	-1024.0	-51.0	
90.30	47.5	13.4	8.2	2.0	-79.7	56.8	-14.6	-191.8	-158.2	4084.3	-1017.7	-51.4	
90.35	48.1	13.1	8.2	2.0	-80.4	56.9	-15.2	-193.3	-156.6	4142.5	-995.8	-52.3	
90.40	48.7	12.8	8.6	2.0	-81.2	57.0	-15.8	-194.1	-153.7	4205.3	-1002.9	-51.8	
90.45	49.3	12.5	9.6	2.0	-81.7	57.1	-14.8	-193.7	-150.9	4248.0	-993.0	-48.7	
90.50	49.9	12.3	10.5	2.0	-82.1	57.2	-10.4	-195.5	-148.2	4293.4	-915.9	-45.9	
90.55	50.5	12.2	10.4	2.0	-83.6	57.3	-6.2	-200.5	-144.1	4419.0	-839.2	-48.0	
90.60	51.1	12.1	9.7	2.0	-86.2	57.4	-1.9	-208.6	-140.9	4608.0	-748.6	-52.8	
90.65	51.7	12.2	9.7	2.0	-88.0	57.5	1.7	-216.0	-139.8	4739.5	-654.1	-54.7	
90.70	52.3	12.1	9.8	2.0	-88.5	57.6	3.0	-217.2	-138.5	4781.2	-617.0	-54.7	
90.75	52.9	12.2	9.4	2.0	-88.2	57.7	0.6	-214.2	-134.8	4763.1	-674.2	-55.8	
90.80	53.5	12.4	9.1	2.0	-87.8	57.8	-2.6	-214.3	-132.1	4728.9	-726.4	-56.6	
90.85	54.0	12.2	8.0	2.0	-87.7	57.9	-5.7	-215.6	-132.7	4713.1	-715.8	-60.4	
90.90	54.6	12.0	7.7	2.0	-87.8	58.0	-7.2	-214.2	-131.6	4728.7	-686.7	-61.4	
90.95	55.2	12.0	7.7	2.0	-87.6	58.1	-3.9	-213.4	-127.2	4734.4	-622.0	-61.4	
91.00	55.8	12.1	7.9	2.0	-87.4	58.2	0.5	-213.7	-122.6	4728.2	-537.2	-60.2	
91.05	56.4	12.2	7.1	2.0	-87.4	58.3	2.5	-214.7	-120.6	4739.9	-435.4	-62.9	
91.10	56.9	12.2	6.9	2.0	-87.7	58.4	3.1	-217.5	-120.1	4759.1	-329.7	-64.1	
91.15	57.5	12.4	7.0	2.0	-87.8	58.5	4.1	-217.9	-117.9	4773.8	-269.1	-63.7	
91.20	58.1	12.4	7.0	2.0	-88.5	58.6	5.6	-216.9	-114.0	4836.9	-255.4	-64.6	
91.25	58.7	12.3	7.2	2.0	-90.2	58.7	6.3	-220.7	-110.8	4955.3	-249.3	-65.5	
91.30	59.2	12.0	6.1	2.0	-92.9	58.8	5.0	-229.8	-110.3	5132.9	-210.7	-71.8	
91.35	59.8	12.0	5.0	2.0	-95.5	58.9	2.7	-235.9	-109.8	5316.9	-173.3	-78.5	
91.40	60.4	12.1	5.0	2.0	-97.0	59.0	4.3	-238.2	-106.7	5423.5	-126.7	-80.0	
91.45	60.9	12.0	6.1	2.0	-97.5	59.1	8.4	-239.9	-102.1	5465.4	-87.4	-76.7	
91.50	61.5	11.6	6.7	2.0	-98.0	59.2	8.0	-239.9	-98.9	5502.3	-108.6	-75.1	
91.55	62.1	11.4	7.1	2.0	-98.2	59.3	4.5	-239.3	-98.8	5518.8	-149.2	-73.8	
91.60	62.6	11.7	8.2	2.0	-98.1	59.4	2.3	-239.8	-98.5	5511.2	-203.3	-69.9	
91.65	63.2	11.7	9.2	2.0	-98.3	59.5	1.5	-238.6	-94.8	5523.9	-320.3	-66.8	
91.70	63.8	11.9	9.6	2.0	-99.0	59.6	0.2	-238.2	-90.8	5569.7	-455.0	-65.9	
91.75	64.3	12.4	9.6	2.0	-99.9	59.7	-1.1	-241.9	-89.7	5627.8	-524.6	-67.0	
91.80	64.9	12.4	9.4	2.0	-101.2	59.8	-4.1	-246.0	-89.1	5704.5	-586.7	-68.8	
91.85	65.4	12.3	9.2	2.0	-102.3	59.9	-6.5	-248.5	-86.5	5777.1	-659.1	-70.8	
91.90	66.0	12.4	9.9	2.0	-103.1	60.0	-6.2	-249.7	-83.7	5831.2	-696.9	-69.2	
91.95	66.5	12.3	10.7	2.0	-103.9	60.1	-5.5	-249.3	-82.0	5895.1	-712.3	-67.2	
92.00	67.1	12.2	11.7	2.0	-105.4	60.2	-5.9	-250.8	-80.9	5999.8	-724.3	-65.2	
92.05	67.6	12.2	11.3	2.0	-106.7	60.3	-5.1	-255.8	-79.9	6088.7	-697.5	-68.0	
92.10	68.2	12.1	11.1	2.0	-107.3	60.4	-3.5	-258.8	-78.4	6136.9	-654.7	-69.3	
92.15	68.7	12.3	11.5	2.0	-107.3	60.5	-2.6	-257.4	-76.0	6138.8	-639.6	-67.9	
92.20	69.3	12.4	11.8	2.0	-106.6	60.6	-1.2	-256.8	-73.4	6092.0	-614.4	-66.0	
92.25	69.8	12.2	11.8	2.0	-105.5	60.7	-0.1	-256.4	-71.2	6018.6	-564.6	-65.0	
92.30	70.3	12.5	10.8	2.0	-104.1	60.8	-1.6	-253.0	-69.7	5928.6	-530.0	-67.0	
92.35	70.9	12.8	9.7	2.0	-102.6	60.9	-3.9	-250.8	-69.2	5819.9	-500.3	-69.3	
92.40	71.4	12.7	8.4	2.0	-101.5	61.0	-5.3	-251.1	-67.6	5741.6	-500.2	-72.6	
92.45	71.9	12.5	7.8	2.0	-101.3	61.1	-6.3	-251.1	-64.5	5724.6	-523.0	-74.4	
92.50	72.5	12.6	7.4	2.0	-100.9	61.2	-6.5	-250.0	-62.7	5700.9	-493.1	-75.4	
92.55	73.0	13.0	7.2	2.0	-100.4	61.3	-5.7	-249.2	-61.8	5668.3	-421.6	-75.7	
92.60	73.5	13.1	7.2	2.0	-100.2	61.4	-5.2	-250.0	-59.3	5658.7	-383.8	-75.4	
92.65	74.0	13.0	7.7	2.0	-100.0	61.5	-2.7	-251.9	-56.0	5644.5	-345.5	-73.5	
92.70	74.5	12.7	8.5	2.0	-99.7	61.6	2.0	-252.1	-53.4	5622.0	-273.1	-70.6	
92.75	75.1	12.7	7.9	2.0	-100.0	61.7	5.4	-251.4	-50.8	5654.8	-218.7	-73.0	
92.80	75.6	12.8	7.2	2.0	-101.3	61.8	7.0	-254.4	-48.7	5745.4	-189.2	-76.6	
92.85	76.1	13.1	7.1	2.0	-102.4	61.9	7.0	-259.1	-47.4	5813.7	-197.2	-77.9	
92.90	76.6	12.9	7.2	2.0	-102.6	62.0	4.9	-261.0	-46.2	5826.7	-261.8	-78.1	
92.95	77.2	13.0	7.5	2.0	-102.4	62.1	1.8	-259.5	-44.1	5808.0	-351.3	-76.5	
93.00	77.7	13.2	7.4	2.0	-102.3	62.2	-0.4	-259.8	-41.5	5803.9	-420.5	-76.9	
93.05	78.2	13.2	7.4	2.0	-102.4	62.3	-2.5	-259.5	-40.1	5811.6	-449.9	-77.2	
93.10	78.7	13.1	7.9	2.0	-102.2	62.4	-4.0	-257.0	-39.9	5803.4	-457.3	-75.0	
93.15	79.2	13.1	8.5	2.0	-102.0	62.5	-1.5	-257.3	-37.5	5782.3	-453.7	-72.8	
93.20	79.7	13.1	8.8	2.0	-102.1	62.6	1.9	-259.7	-33.2	5792.2	-457.2	-72.0	
93.25	80.2	12.9	8.9	2.0	-102.7	62.7	2.2	-259.7	-31.0	5838.9	-450.3	-72.1	
93.30	80.7	12.7	9.1	2.0	-103.1	62.8	0.8	-258.8	-31.7	5876.2	-411.8	-72.0	
93.35	81.2	12.7	9.6	2.0	-104.1	62.9	0.1	-260.2	-30.6	5942.4	-408.0	-71.1	
93.40	81.7	12.5	9.4	2.0	-105.8	63.0	-0.4	-263.7	-25.2	6061.1	-476.1	-73.4	
93.45	82.2	12.4	9.4	2.0	-107.4	63.1	0.1	-267.2	-20.5	6173.2	-496.3	-75.0	
93.50	82.7	12.3	9.5	2.0	-108.5	63.2	0.6	-269.7	-20.4	6257.4	-419.1	-75.8	
93.55	83.2	12.7	9.0	2.0	-110.3	63.3	-0.1	-273.4	-20.7	6390.0	-349.9	-79.5	
93.60	83.7	12.9	8.6	2.0	-112.2	63.4	0.0	-277.3	-18.0	6523.9	-342.5	-82.8	
93.65	84.2	12.6	8.9	2.0	-112.7	63.5	2.2	-279.7	-14.5	6560.0	-348.0	-82.0	
93.70	84.6	12.5	9.5	2.0	-112.2	63.6	2.5	-277.6	-12.7	6523.8	-351.1	-79.4	
93.75	85.1	12.5	9.6	2.0	-111.8	63.7	1.0	-274.7	-11.1	6505.9	-358.9	-79.0	
93.80	85.6	12.4	9.4	2.0	-111.6	63.8	1.6	-274.1	-8.1	6493.4	-337.2	-79.4	
93.85	86.1	12.6	10.0	2.0	-110.7	63.9	4.6	-272.4	-4.8	6440.7	-277.5	-76.6	
93.90	86.6	13.0	9.9	2.0	-109.7	64.0	7.5	-268.2	-1.9	6374.9	-219.5	-75.6	
93.95	87.0	13.5	9.2	2.0	-109.7	64.1	9.3	-268.7	0.6	6377.9	-173.4	-78.0	
94.00	87.5	13.7	8.7	2.0	-111.0	64.2	10.0	-274.5	2.4	6457.6	-119.9	-81.2	
94.05	88.0	13.4	8.6	2.0	-112.1	64.3	9.0	-277.0	3.1	6540.1	-72.7	-82.5	
94.10	88.4	12.7	8.7	2.0	-112.5	64.4	8.8	-274.8	4.7	6571.4	-41.3	-82.5	
94.15	88.9	12.3	8.2	2.0	-112.4	64.5	10.2	-273.8	8.3	6564.9	-27.7	-84.2	
94.20	89.4	12.4	8.0	2.0	-112.6	64.6	11.2	-275.6	12.5	6574.2	-9.9	-85.1	
94.25	89.8	12.8	8.2	2.0	-112.8	64.7	12.3	-277.5	14.2	6582.3	73.6	-84.6	
94.30	90.3	12.7	8.2	2.0	-112.8	64.8	16.4	-277.6	14.7	6577.9	224.6	-84.7	
94.35	90.8	12.7	7.8	2.0	-113.0	64.9	21.0	-276.3	17.6	6586.3	320.2	-86.2	
94.40	91.2	12.6	7.6	2.0	-112.9	65.0	24.1	-276.2	22.0	6572.5	345.1	-86.7	
94.45	91.7	12.7	7.8	2.0	-112.1	65.1	24.5	-277.3	24.2	6506.0	355.8	-85.4	
94.50	92.1	12.5	7.6	2.0	-111.2	65.2	20.3	-276.5	24.3	6443.6	326.2	-85.2	
94.55	92.6	12.3	7.0	2.0	-110.7	65.3	15.0	-273.9	26.0	6414.0	245.9	-86.5	
94.60	93.0	11.7	6.7	2.0	-110.1	65.4	12.9	-272.3	29.3	6373.8	170.4	-87.2	
94.65	93.5	11.6	7.2	2.0	-109.5	65.5	13.1	-271.1	33.0	6332.0	113.1	-84.9	
94.70	93.9	11.6	6.9	2.0	-109.2	65.6	12.3	-269.5	35.5	6311.2	71.5	-85.4	
94.75	94.4	11.4	6.0	2.0	-109.1	65.7	12.4	-270.2	37.1	6303.5	84.9	-88.6	
94.80	94.8	11.3	6.8	2.0	-109.1	65.8	14.3	-271.5	39.2	6294.6	121.4	-85.8	
94.85	95.2	11.2	7.6	2.0	-108.8	65.9	16.4	-269.9	41.8	6276.8	130.3	-82.9	
94.90	95.7	11.4	8.3	2.0	-108.5	66.0	18.4	-267.9	45.2	6257.6	99.7	-80.2	
94.95	96.1	11.3	8.3	2.0	-108.9	66.1	18.8	-269.7	49.2	6282.2	23.9	-80.3	
95.00	96.5	11.3	7.7	2.0	-109.8	66.2	16.2	-272.2	52.0	6337.7	-57.4	-83.2	
95.05	97.0	11.3	7.9	2.0	-110.1	66.3	13.7	-272.2	52.6	6360.2	-85.9	-82.8	
95.10	97.4	11.4	8.2	2.0	-110.0	66.4	14.0	-271.1	54.1	6357.3	-85.2	-81.9	
95.15	97.8	11.4	8.0	2.0	-109.9	66.5	15.4	-270.8	57.4	6347.4	-86.3	-82.5	
95.20	98.2	11.3	7.8	2.0	-109.5	66.6	15.5	-270.5	59.8	6317.2	-69.0	-82.7	
95.25	98.7	11.1	7.7	2.0	-109.0	66.7	14.7	-270.7	60.1	6276.2	-24.9	-82.5	
95.30	99.1	10.9	7.4	2.0	-108.7	66.8	14.0	-270.2	60.9	6256.1	-4.2	-83.4	
95.35	99.5	10.8	7.2	2.0	-108.6	66.9	14.3	-268.4	64.6	6246.2	-33.2	-83.8	
95.40	99.9	10.8	7.5	2.0	-108.0	67.0	16.3	-266.2	69.2	6202.4	-45.8	-82.2	
95.45	100.4	10.9	7.8	2.0	-107.0	67.1	17.7	-264.3	71.5	6137.0	-11.6	-80.2	
95.50	100.8	10.9	7.4	2.0	-106.8	67.2	17.1	-264.0	72.5	6118.7	36.6	-81.5	
95.55	101.2	11.1	7.1	2.0	-107.2	67.3	17.6	-265.7	74.0	6139.9	103.2	-82.7	
95.60	101.6	10.9	6.9	2.0	-107.6	67.4	20.3	-267.9	76.6	6164.5	185.2	-83.9	
95.65	102.0	10.5	7.0	2.0	-108.0	67.5	21.6	-266.9	79.0	6188.8	228.4	-84.1	
95.70	102.4	10.5	6.3	2.0	-108.5	67.6	20.2	-266.3	80.5	6230.5	222.5	-86.9	
95.75	102.8	10.3	5.8	2.0	-109.2	67.7	18.1	-269.3	82.1	6276.4	209.1	-89.4	
95.80	103.2	10.1	5.8	2.0	-109.3	67.8	16.0	-269.8	83.7	6281.1	191.5	-89.4	
95.85	103.6	9.7	6.5	2.0	-108.6	67.9	16.2	-265.6	86.2	6235.7	182.8	-86.4	
95.90	104.0	9.9	6.7	2.0	-107.5	68.0	20.1	-261.8	89.3	6161.0	224.7	-84.6	
95.95	104.4	10.2	6.8	2.0	-106.9	68.1	23.6	-260.0	92.3	6114.0	286.9	-83.7	
96.00	104.8	10.4	6.5	2.0	-106.5	68.2	24.2	-259.3	93.9	6084.9	336.9	-84.3	
96.05	105.2	10.4	6.7	2.0	-105.7	68.3	24.8	-258.4	94.2	6018.0	393.9	-82.6	
96.10	105.6	10.5	7.1	2.0	-104.8	68.4	25.9	-256.5	95.5	5953.4	408.1	-80.4	
96.15	106.0	10.7	6.6	2.0	-104.7	68.5	25.2	-254.9	99.1	5953.1	346.6	-82.0	
96.20	106.4	10.8	6.0	2.0	-105.1	68.6	23.1	-255.8	101.5	5980.6	294.9	-84.6	
96.25	106.8	10.8	5.2	2.0	-105.3	68.7	19.8	-257.3	101.4	5993.2	275.1	-87.4	
96.30	107.2	10.7	4.7	2.0	-105.5	68.8	16.3	-257.8	101.7	6013.9	230.1	-89.3	
96.35	107.6	11.0	4.8	2.0	-105.6	68.9	16.3	-257.9	103.9	6015.5	195.3	-89.2	
96.40	108.0	11.0	4.9	2.0	-105.5	69.0	19.3	-258.3	107.1	6004.0	196.9	-88.8	
96.45	108.4	10.8	5.4	2.0	-105.5	69.1	21.1	-258.0	108.4	6007.2	227.7	-87.0	
96.50	108.8	11.0	6.1	2.0	-105.6	69.2	21.3	-257.7	107.9	6009.9	266.8	-84.7	
96.55	109.1	11.2	6.5	2.0	-105.6	69.3	21.9	-258.9	108.9	6010.3	262.7	-83.4	
96.60	109.5	11.4	6.1	2.0	-105.3	69.4	21.8	-258.0	112.5	5991.0	177.8	-84.2	
96.65	109.9	11.6	6.6	2.0	-104.5	69.5	20.1	-254.5	115.5	5941.5	78.8	-81.9	
96.70	110.3	11.5	7.1	2.0	-103.7	69.6	16.9	-251.9	115.5	5883.2	9.6	-79.3	
96.75	110.7	11.4	6.5	2.0	-103.5	69.7	11.2	-252.2	115.3	5870.1	-81.0	-81.1	
96.80	111.0	11.3	6.2	2.0	-103.4	69.8	6.0	-252.1	116.5	5861.1	-177.3	-82.0	
96.85	111.4	11.2	6.7	2.0	-102.6	69.9	5.8	-250.1	117.8	5802.4	-208.2	-79.4	
96.90	111.8	11.1	7.5	2.0	-101.7	70.0	8.7	-247.4	119.1	5740.9	-189.8	-75.8	
96.95	112.2	11.0	7.5	2.0	-101.7	70.1	10.5	-246.7	121.3	5740.6	-165.1	-75.9	
97.00	112.5	11.3	7.1	2.0	-102.0	70.2	11.3	-247.8	123.2	5764.6	-120.7	-77.5	
97.05	112.9	11.4	7.5	2.0	-101.7	70.3	13.1	-247.0	123.7	5741.1	-53.7	-75.8	
97.10	113.3	11.3	7.6	2.0	-100.8	70.4	15.2	-243.7	125.1	5685.3	-29.4	-74.7	
97.15	113.6	11.4	7.3	2.0	-100.3	70.5	16.7	-242.0	128.1	5647.7	-34.5	-75.1	
97.20	114.0	11.5	6.7	2.0	-100.5	70.6	17.4	-244.1	130.3	5652.5	-1.0	-77.6	
97.25	114.4	11.8	6.6	2.0	-100.9	70.7	16.7	-245.5	129.2	5679.2	89.6	-78.2	
97.30	114.7	12.3	5.3	2.0	-100.7	70.8	16.3	-244.4	127.6	5669.9	179.6	-82.4	
97.35	115.1	12.4	4.8	2.0	-100.5	70.9	17.6	-244.6	130.1	5646.2	220.2	-84.0	
97.40	115.5	12.3	4.6	2.0	-99.9	71.0	18.7	-244.6	134.0	5600.1	226.3	-84.0	
97.45	115.8	11.8	4.3	2.0	-98.9	71.1	17.7	-241.5	134.7	5535.7	248.4	-84.2	
97.50	116.2	11.5	3.9	2.0	-98.3	71.2	16.9	-238.9	133.6	5491.4	298.8	-84.9	
97.55	116.5	11.5	3.9	2.0	-98.0	71.3	17.9	-238.1	135.5	5467.4	335.8	-84.5	
97.60	116.9	11.8	4.2	2.0	-97.5	71.4	20.5	-236.7	139.1	5427.5	364.6	-82.9	
97.65	117.2	12.4	5.1	2.0	-96.8	71.5	23.8	-234.8	140.4	5373.3	421.4	-79.3	
97.70	117.6	12.8	5.6	2.0	-96.6	71.6	25.3	-234.3	140.1	5357.7	476.6	-77.4	
97.75	118.0	12.8	4.9	2.0	-97.3	71.7	23.1	-236.3	141.1	5409.7	464.4	-80.4	
97.80	118.3	12.7	4.6	2.0	-98.1	71.8	20.6	-238.5	142.7	5465.3	415.7	-82.2	
97.85	118.7	12.4	4.4	2.0	-98.3	71.9	19.0	-238.5	143.6	5485.9	342.3	-83.4	
97.90	119.0	12.0	4.3	2.0	-98.8	72.0	16.3	-238.4	144.8	5528.7	229.9	-84.0	
97.95	119.3	11.9	4.5	2.0	-99.8	72.1	13.3	-239.8	146.6	5599.5	129.2	-84.3	
98.00	119.7	11.8	5.3	2.0	-100.5	72.2	13.0	-241.9	147.2	5650.2	118.5	-82.4	
98.05	120.0	11.6	6.3	2.0	-100.6	72.3	15.2	-241.0	147.0	5661.1	154.9	-79.0	
98.10	120.4	11.7	6.8	2.0	-100.2	72.4	19.0	-237.2	148.4	5634.3	185.0	-77.0	
98.15	120.7	11.6	7.4	2.0	-99.5	72.5	21.8	-234.3	151.3	5585.8	184.2	-74.2	
98.20	121.0	11.5	7.9	2.0	-98.8	72.6	21.6	-234.2	153.3	5538.5	155.0	-71.8	
98.25	121.4	11.5	7.7	2.0	-98.3	72.7	18.8	-233.3	153.1	5501.5	102.3	-71.8	
98.30	121.7	11.5	7.3	2.0	-97.7	72.8	15.0	-230.5	153.2	5469.4	20.1	-72.8	
98.35	122.0	11.5	7.1	2.0	-97.2	72.9	13.6	-229.5	155.6	5429.4	-44.7	-72.9	
98.40	122.4	11.0	6.6	2.0	-96.7	73.0	12.6	-229.2	158.4	5387.5	-87.9	-74.1	
98.45	122.7	11.1	6.0	2.0	-96.1	73.1	11.0	-227.6	158.1	5348.5	-74.6	-75.3	
98.50	123.0	11.3	5.9	2.0	-95.7	73.2	11.7	-227.2	156.9	5323.7	15.3	-75.5	
98.55	123.4	11.2	6.1	2.0	-95.9	73.3	15.7	-229.0	158.9	5326.4	132.2	-74.8	
98.60	123.7	11.4	6.0	2.0	-96.2	73.4	19.6	-228.8	163.1	5341.6	210.8	-75.6	
98.65	124.0	11.6	6.1	2.0	-96.2	73.5	23.2	-227.4	165.1	5339.3	288.3	-75.2	
98.70	124.4	11.3	5.9	2.0	-96.1	73.6	25.8	-228.3	165.3	5327.0	370.9	-75.7	
98.75	124.7	11.0	5.6	2.0	-96.3	73.7	24.9	-230.0	166.6	5335.0	395.2	-77.0	
98.80	125.0	10.9	4.8	2.0	-96.3	73.8	23.4	-230.2	168.5	5332.6	386.1	-79.7	
98.85	125.3	10.9	4.4	2.0	-95.5	73.9	24.3	-228.1	168.8	5279.1	412.1	-80.4	
98.90	125.6	10.7	4.4	2.0	-94.5	74.0	25.5	-224.7	168.9	5206.2	449.5	-79.4	
98.95	126.0	10.2	4.1	2.0	-93.8	74.1	24.9	-222.5	170.9	5153.8	458.3	-79.5	
99.00	126.3	9.6	3.9	2.0	-93.0	74.2	24.8	-221.7	173.2	5092.7	482.0	-79.5	
99.05	126.6	9.0	4.0	2.0	-91.9	74.3	26.5	-220.0	173.6	5006.5	539.1	-78.1	
99.10	126.9	8.5	4.3	2.0	-91.0	74.4	27.7	-216.5	174.4	4945.2	567.0	-76.1	
99.15	127.2	8.2	4.6	2.0	-90.6	74.5	28.4	-214.2	177.1	4926.1	552.6	-74.8	
99.20	127.5	8.2	4.6	2.0	-90.5	74.6	29.1	-214.1	179.4	4913.9	524.6	-74.6	
99.25	127.8	8.3	4.5	2.0	-90.0	74.7	28.6	-212.8	179.2	4888.2	496.4	-74.5	
99.30	128.1	8.6	4.2	2.0	-89.5	74.8	26.7	-209.8	179.1	4857.6	455.6	-74.9	
99.35	128.4	8.7	4.9	2.0	-89.0	74.9	26.6	-208.8	181.7	4827.6	422.4	-72.3	
99.40	128.7	8.9	5.6	2.0	-88.6	75.0	28.7	-208.4	184.8	4792.3	423.5	-69.4	
99.45	129.0	9.3	5.3	2.0	-88.3	75.1	28.8	-206.7	186.0	4776.8	419.9	-70.1	
99.50	129.3	9.5	5.1	2.0	-88.3	75.2	27.8	-206.3	186.3	4778.1	418.3	-70.6	
99.55	129.6	9.3	5.3	2.0	-88.3	75.3	27.7	-208.1	187.8	4773.1	411.0	-70.2	
99.60	130.0	8.9	4.9	2.0	-88.0	75.4	27.0	-208.0	189.9	4755.1	359.6	-71.3	
99.65	130.3	9.0	4.7	2.0	-87.2	75.5	25.1	-204.6	191.0	4707.8	288.9	-71.1	
99.70	130.6	9.3	5.2	2.0	-86.1	75.6	24.0	-201.8	191.2	4633.9	259.2	-68.4	
99.75	130.9	9.6	5.2	2.0	-85.3	75.7	24.0	-200.8	192.9	4575.3	254.9	-67.6	
99.80	131.2	9.8	4.8	2.0	-84.9	75.8	24.2	-199.3	195.6	4548.0	260.5	-68.5	
99.85	131.5	9.6	4.7	2.0	-84.6	75.9	25.7	-197.5	196.8	4522.6	309.0	-68.4	
99.90	131.8	9.4	4.8	2.0	-84.6	76.0	27.9	-198.3	197.6	4515.0	366.3	-68.2	
99.95	132.0	9.1	4.5	2.0	-85.2	76.1	28.7	-200.7	199.7	4548.9	381.8	-69.8	
100.00	132.3	8.9	4.3	2.0	-85.6	76.2	27.6	-200.5	201.1	4579.1	371.4	-70.9	
100.05	132.6	8.9	4.7	2.0	-85.2	76.3	26.9	-198.2	200.6	4556.2	387.0	-69.0	
100.10	132.9	9.0	5.0	2.0	-84.5	76.4	27.1	-195.8	201.0	4506.3	407.9	-67.4	
100.15	133.2	9.0	4.7	2.0	-84.0	76.5	26.7	-193.5	203.7	4480.1	401.3	-68.1	
100.20	133.5	9.0	4.2	2.0	-83.6	76.6	27.1	-190.5	205.4	4452.5	424.7	-69.3	
100.25	133.8	9.1	4.5	2.0	-82.9	76.7	30.3	-187.6	205.4	4395.2	513.8	-67.3	
100.30	134.0	9.7	4.9	2.0	-82.3	76.8	33.2	-186.3	206.7	4345.1	586.0	-65.5	
100.35	134.3	10.3	4.6	2.0	-81.8	76.9	33.4	-184.9	209.1	4305.3	586.7	-66.0	
100.40	134.6	10.8	4.3	2.0	-80.6	77.0	33.1	-181.7	210.0	4225.7	578.2	-65.8	
100.45	134.9	10.9	4.7	2.0	-79.3	77.1	34.0	-179.0	209.9	4125.9	597.4	-63.3	
100.50	135.2	10.8	4.5	2.0	-78.6	77.2	33.6	-177.6	211.5	4080.6	589.9	-63.1	
100.55	135.5	10.6	3.8	2.0	-78.7	77.3	31.9	-177.1	214.1	4089.3	564.0	-65.5	
100.60	135.8	10.7	3.7	2.0	-78.7	77.4	32.2	-177.4	214.8	4088.1	591.4	-66.2	
100.65	136.0	10.7	3.8	2.0	-78.6	77.5	33.3	-177.0	215.3	4073.5	631.2	-65.7	
100.70	136.3	10.7	3.5	2.0	-78.5	77.6	32.9	-176.3	217.3	4069.6	625.9	-66.4	
100.75	136.6	10.8	3.1	2.0	-78.3	77.7	33.0	-176.6	219.2	4052.5	624.3	-67.8	
100.80	136.9	11.0	3.4	2.0	-78.0	77.8	33.8	-177.2	219.3	4019.8	645.9	-66.4	
100.85	137.2	11.2	3.2	2.0	-77.5	77.9	33.2	-175.7	219.2	3987.6	636.9	-66.5	
100.90	137.5	11.2	2.9	2.0	-76.8	78.0	32.2	-173.5	220.7	3947.9	592.1	-66.8	
100.95	137.8	11.2	2.8	2.0	-76.1	78.1	33.1	-173.5	222.8	3897.8	568.8	-66.7	
101.00	138.1	11.2	2.7	2.0	-75.7	78.2	33.9	-173.8	223.7	3863.3	568.9	-66.5	
101.05	138.3	11.3	2.5	2.0	-75.7	78.3	32.5	-173.0	224.1	3862.4	563.1	-67.0	
101.10	138.6	11.6	2.7	2.0	-75.5	78.4	32.1	-171.1	224.9	3851.3	568.9	-66.2	
101.15	138.9	12.0	3.3	2.0	-74.8	78.5	33.3	-168.7	225.6	3800.5	588.1	-63.5	
101.20	139.2	12.7	3.6	2.0	-73.8	78.6	32.8	-165.5	225.8	3740.6	577.1	-61.6	
101.25	139.5	12.9	3.5	2.0	-73.4	78.7	30.2	-164.0	226.1	3722.4	532.9	-61.4	
101.30	139.7	13.1	3.0	2.0	-73.7	78.8	28.9	-165.2	226.4	3743.9	510.8	-63.2	
101.35	140.0	13.3	3.0	2.0	-74.1	78.9	29.0	-165.3	226.6	3776.5	507.4	-64.0	
101.40	140.3	12.8	3.2	2.0	-74.3	79.0	29.1	-163.0	227.6	3795.9	489.0	-63.3	
101.45	140.6	12.5	3.5	2.0	-74.0	79.1	29.9	-161.2	229.7	3778.5	468.1	-62.1	
101.50	140.8	12.4	4.0	2.0	-73.5	79.2	31.3	-161.0	231.3	3742.9	470.9	-59.7	
101.55	141.1	12.3	4.9	2.0	-73.2	79.3	31.6	-159.5	231.1	3720.7	498.4	-56.3	
101.60	141.4	12.3	5.8	2.0	-73.3	79.4	32.0	-157.2	230.9	3724.0	538.6	-53.5	
101.65	141.6	12.3	5.7	2.0	-73.5	79.5	33.8	-156.9	232.2	3738.2	570.3	-53.8	
101.70	141.9	12.4	5.2	2.0	-73.7	79.6	33.8	-158.0	233.7	3752.9	555.9	-55.9	
101.75	142.2	12.6	4.4	2.0	-73.6	79.7	30.0	-157.3	234.1	3752.1	484.2	-58.5	
101.80	142.5	12.8	4.1	2.0	-73.1	79.8	26.0	-157.0	234.0	3729.1	414.7	-59.1	
101.85	142.7	12.6	4.3	2.0	-72.6	79.9	24.1	-157.2	234.9	3697.2	374.7	-58.0	
101.90	143.0	12.4	3.9	2.0	-72.2	80.0	23.8	-155.3	236.5	3671.2	351.3	-58.9	
101.95	143.3	12.2	3.8	2.0	-71.9	80.1	25.3	-153.2	237.0	3648.2	371.8	-58.8	
102.00	143.6	12.0	4.3	2.0	-72.0	80.2	29.7	-155.4	237.7	3642.1	466.0	-57.4	
102.05	143.8	11.9	4.4	2.0	-73.0	80.3	33.7	-159.7	238.9	3682.2	575.3	-57.7	
102.10	144.1	12.0	4.5	2.0	-73.6	80.4	34.2	-158.7	239.0	3720.0	636.0	-58.2	
102.15	144.4	12.4	4.6	2.0	-73.1	80.5	34.2	-155.5	238.1	3691.3	661.2	-57.4	
102.20	144.6	12.4	4.5	2.0	-72.2	80.6	33.8	-155.2	238.8	3628.5	624.8	-56.9	
102.25	144.9	12.3	3.3	2.0	-71.5	80.7	29.4	-154.5	240.8	3596.2	505.5	-60.2	
102.30	145.2	12.2	2.5	2.0	-71.3	80.8	24.2	-152.6	240.3	3596.9	420.8	-62.6	
102.35	145.4	11.9	2.7	2.0	-71.4	80.9	24.7	-153.0	238.2	3600.4	469.4	-62.1	
102.40	145.7	11.5	3.0	2.0	-71.7	81.0	28.4	-154.3	238.4	3610.1	552.0	-61.5	
102.45	145.9	11.1	2.7	2.0	-71.9	81.1	30.2	-153.4	240.6	3615.2	581.9	-62.6	
102.50	146.2	11.5	3.0	2.0	-71.3	81.2	32.1	-151.2	241.5	3571.8	622.8	-60.9	
102.55	146.4	11.9	4.2	2.0	-70.8	81.3	35.1	-150.7	240.7	3517.1	691.9	-56.4	
102.60	146.7	12.2	4.9	2.0	-70.5	81.4	34.0	-148.2	241.2	3509.4	674.0	-53.8	
102.65	146.9	12.4	4.5	2.0	-70.2	81.5	30.1	-143.5	242.9	3515.8	566.3	-54.7	
102.70	147.1	12.5	4.5	2.0	-69.6	81.6	28.9	-142.7	243.4	3483.4	489.1	-54.2	
102.75	147.4	12.6	4.4	2.0	-69.1	81.7	28.2	-144.3	243.2	3447.9	437.7	-54.1	
102.80	147.6	12.7	3.6	2.0	-69.1	81.8	23.9	-143.6	243.4	3459.9	361.5	-56.6	
102.85	147.9	12.5	3.5	2.0	-69.1	81.9	22.3	-142.7	243.6	3463.7	347.8	-57.0	
102.90	148.1	12.3	4.7	2.0	-68.2	82.0	25.9	-141.6	243.5	3390.8	415.1	-52.2	
102.95	148.3	12.3	5.1	2.0	-67.1	82.1	28.2	-139.7	245.0	3311.6	432.8	-49.6	
103.00	148.6	12.1	4.6	2.0	-66.6	82.2	26.5	-138.3	247.1	3278.8	375.7	-50.7	
103.05	148.8	12.2	4.5	2.0	-66.4	82.3	26.4	-139.2	247.2	3267.3	368.1	-50.9	
103.10	149.0	12.7	4.8	2.0	-66.4	82.4	28.6	-139.3	246.6	3258.5	418.4	-49.8	
103.15	149.3	12.2	4.6	2.0	-66.6	82.5	29.0	-137.9	247.7	3273.4	433.5	-50.7	
103.20	149.5	12.0	3.8	2.0	-66.7	82.6	28.1	-138.1	249.1	3280.7	427.1	-53.5	
103.25	149.7	11.9	3.2	2.0	-66.3	82.7	28.2	-139.1	248.3	3242.1	455.4	-55.4	
103.30	150.0	11.7	2.8	2.0	-65.7	82.8	28.4	-138.5	247.1	3195.8	503.4	-56.1	
103.35	150.2	11.4	2.6	2.0	-65.7	82.9	28.9	-137.3	248.2	3185.7	551.4	-56.9	
103.40	150.4	11.0	2.4	2.0	-66.0	83.0	31.2	-137.8	249.6	3193.6	623.8	-57.8	
103.45	150.6	10.8	2.3	2.0	-66.1	83.1	33.9	-138.1	249.3	3182.7	704.9	-58.3	
103.50	150.8	10.5	2.1	2.0	-65.8	83.2	34.5	-136.2	248.8	3151.5	748.9	-58.7	
103.55	151.0	10.3	1.8	2.0	-65.3	83.3	35.1	-134.7	249.9	3110.6	769.4	-59.0	
103.60	151.3	10.4	1.7	2.0	-64.4	83.4	36.3	-132.2	251.7	3046.9	785.6	-58.5	
103.65	151.5	10.4	2.2	2.0	-63.5	83.5	36.7	-128.4	251.1	2979.7	802.5	-56.1	
103.70	151.7	10.5	2.5	2.0	-62.8	83.6	35.6	-125.5	249.9	2936.1	796.5	-54.0	
103.75	151.9	10.3	2.3	2.0	-62.6	83.7	34.6	-126.0	251.1	2926.1	761.5	-54.7	
103.80	152.1	10.4	1.5	2.0	-62.8	83.8	34.9	-127.7	253.5	2943.7	731.3	-57.6	
103.85	152.3	10.4	1.8	2.0	-62.9	83.9	35.5	-126.1	253.8	2955.9	730.7	-56.9	
103.90	152.5	10.3	2.8	2.0	-62.6	84.0	35.3	-123.4	252.7	2944.1	735.3	-53.2	
103.95	152.7	10.4	3.3	2.0	-62.2	84.1	34.4	-123.6	254.0	2918.4	696.4	-50.8	
104.00	152.9	10.4	3.3	2.0	-61.6	84.2	32.7	-124.0	256.2	2889.3	619.4	-50.4	
104.05	153.1	10.1	3.5	2.0	-61.0	84.3	31.0	-121.8	255.9	2863.3	558.4	-49.0	
104.10	153.2	10.2	3.9	2.0	-60.6	84.4	30.6	-119.2	254.9	2845.3	526.9	-47.3	
104.15	153.4	10.4	3.8	2.0	-60.5	84.5	30.9	-119.7	256.6	2844.9	487.2	-47.4	
104.20	153.6	10.6	3.4	2.0	-60.3	84.6	30.6	-120.6	258.9	2834.4	441.6	-48.8	
104.25	153.8	10.6	3.3	2.0	-59.7	84.7	30.0	-119.0	257.9	2788.3	436.7	-48.3	
104.30	154.0	10.3	3.8	2.0	-58.7	84.8	30.7	-116.1	256.5	2721.4	470.1	-45.7	
104.35	154.2	10.0	4.1	2.0	-58.1	84.9	32.2	-114.6	258.0	2668.0	493.1	-44.2	
104.40	154.4	9.7	3.9	2.0	-57.5	85.0	33.0	-113.2	259.8	2625.1	498.9	-44.3	
104.45	154.6	9.4	3.6	2.0	-56.9	85.1	32.8	-111.0	258.8	2583.3	514.0	-44.4	
104.50	154.8	8.9	3.2	2.0	-56.8	85.2	32.7	-111.4	257.6	2566.9	541.4	-45.8	
104.55	154.9	9.1	2.6	2.0	-57.1	85.3	33.0	-113.2	258.8	2579.4	561.0	-48.1	
104.60	155.1	9.2	2.1	2.0	-57.3	85.4	33.7	-112.8	260.4	2591.6	590.9	-50.2	
104.65	155.3	9.1	2.1	2.0	-57.1	85.5	35.5	-109.9	260.1	2567.0	661.1	-50.0	
104.70	155.5	9.1	2.4	2.0	-56.6	85.6	37.8	-107.2	259.9	2511.3	741.6	-48.3	
104.75	155.7	9.4	2.4	2.0	-56.2	85.7	38.6	-106.1	261.0	2464.3	787.8	-47.9	
104.80	155.8	9.7	2.3	2.0	-56.0	85.8	38.8	-104.8	261.8	2437.0	818.2	-47.9	
104.85	156.0	9.7	2.5	2.0	-55.9	85.9	40.3	-103.1	261.4	2417.3	864.2	-47.4	
104.90	156.2	9.6	2.2	2.0	-55.9	86.0	41.8	-102.3	261.9	2412.1	891.9	-48.4	
104.95	156.3	9.4	1.7	2.0	-55.9	86.1	41.2	-102.2	263.8	2414.6	872.9	-50.1	
105.00	156.5	8.9	1.5	2.0	-55.5	86.2	39.9	-101.6	264.7	2390.9	855.7	-50.5	
105.05	156.7	8.7	2.0	2.0	-54.7	86.3	40.1	-99.5	264.2	2328.5	874.5	-47.9	
105.10	156.8	8.6	2.6	2.0	-53.8	86.4	41.0	-95.4	265.1	2254.7	894.9	-44.8	
105.15	157.0	8.4	3.0	2.0	-53.1	86.5	41.7	-92.5	266.8	2204.5	903.6	-42.9	
105.20	157.1	8.2	3.1	2.0	-52.8	86.6	41.9	-92.3	266.6	2180.3	908.6	-42.3	
105.25	157.3	7.9	2.6	2.0	-52.8	86.7	41.2	-93.9	265.5	2183.4	891.0	-43.9	
105.30	157.5	7.6	1.9	2.0	-53.0	86.8	40.1	-95.8	266.2	2212.8	841.6	-46.6	
105.35	157.6	8.1	1.7	2.0	-53.0	86.9	39.4	-95.8	268.1	2228.9	791.4	-47.3	
105.40	157.8	8.8	2.2	2.0	-52.3	87.0	39.2	-93.2	268.3	2191.8	768.4	-44.8	
105.45	158.0	9.1	2.6	2.0	-51.1	87.1	38.3	-89.7	267.4	2115.3	744.4	-42.0	
105.50	158.1	9.3	2.5	2.0	-50.2	87.2	37.4	-88.8	267.9	2056.3	711.6	-41.6	
105.55	158.3	9.4	2.4	2.0	-49.9	87.3	37.7	-89.1	269.1	2035.3	706.3	-41.6	
105.60	158.4	9.5	3.1	2.0	-50.1	87.4	39.4	-88.0	268.3	2031.2	746.4	-39.5	
105.65	158.6	9.3	3.4	2.0	-50.0	87.5	40.1	-86.7	266.6	2020.9	768.0	-38.3	
105.70	158.7	9.2	2.4	2.0	-49.7	87.6	38.4	-88.7	267.2	2015.1	708.9	-41.3	
105.75	158.9	9.1	1.6	2.0	-49.1	87.7	35.4	-90.2	269.1	1996.0	615.8	-43.7	
105.80	159.1	9.0	2.0	2.0	-48.3	87.8	34.1	-87.5	269.0	1952.5	578.3	-41.4	
105.85	159.2	9.0	3.0	2.0	-47.6	87.9	34.9	-82.9	268.2	1903.9	593.3	-37.4	
105.90	159.3	9.3	3.0	2.0	-47.2	88.0	35.9	-80.9	269.3	1881.0	599.5	-36.9	
105.95	159.5	9.5	2.9	2.0	-47.2	88.1	35.5	-81.4	270.7	1877.4	590.2	-37.4	
106.00	159.6	9.5	3.3	2.0	-47.2	88.2	36.3	-81.6	269.8	1865.8	628.4	-35.9	
106.05	159.8	9.4	3.8	2.0	-47.5	88.3	38.2	-81.7	269.3	1866.4	684.6	-34.6	
106.10	159.9	9.4	3.4	2.0	-47.9	88.4	38.8	-81.8	271.3	1887.5	699.2	-36.2	
106.15	160.1	9.4	3.1	2.0	-47.6	88.5	37.2	-80.2	272.4	1877.5	679.8	-37.0	
106.20	160.2	9.3	3.3	2.0	-46.6	88.6	35.7	-78.0	271.5	1813.6	668.3	-35.1	
106.25	160.4	9.2	3.1	2.0	-45.7	88.7	35.5	-76.8	271.8	1744.7	665.3	-35.1	
106.30	160.5	9.1	2.5	2.0	-45.5	88.8	35.3	-75.9	273.3	1729.5	668.7	-36.9	
106.35	160.7	9.1	2.5	2.0	-45.9	88.9	35.8	-74.2	272.9	1749.1	715.4	-37.4	
106.40	160.8	9.1	2.8	2.0	-46.5	89.0	38.6	-73.4	271.4	1753.2	804.4	-36.8	
106.45	161.0	9.1	2.6	2.0	-46.6	89.1	41.3	-74.0	272.1	1728.3	861.3	-37.8	
106.50	161.1	9.0	2.1	2.0	-46.4	89.2	41.4	-75.1	274.6	1706.8	866.7	-39.3	
106.55	161.3	8.9	2.1	2.0	-46.2	89.3	41.1	-74.2	274.5	1680.1	891.1	-39.1	
106.60	161.4	9.1	2.7	2.0	-46.2	89.4	41.9	-72.9	272.4	1653.0	942.8	-36.9	
106.65	161.6	8.9	2.1	2.0	-46.3	89.5	42.2	-73.8	272.7	1658.3	949.5	-39.2	
106.70	161.7	8.6	1.1	2.0	-46.5	89.6	40.6	-75.6	274.5	1691.1	904.2	-42.6	
106.75	161.9	8.6	1.0	2.0	-46.6	89.7	38.9	-76.6	273.3	1713.5	883.7	-43.2	
106.80	162.0	8.5	1.4	2.0	-46.6	89.8	38.9	-76.3	270.9	1714.9	895.7	-42.0	
106.85	162.1	8.4	1.2	2.0	-46.4	89.9	38.7	-75.0	272.0	1706.7	874.9	-42.3	
106.90	162.3	8.7	1.5	2.0	-45.7	90.0	38.1	-73.0	274.6	1678.2	834.8	-40.7	
106.95	162.4	8.7	2.3	2.0	-45.1	90.1	38.8	-72.1	274.2	1630.6	829.3	-37.2	
107.00	162.6	8.8	2.6	2.0	-44.8	90.2	39.5	-72.5	272.9	1604.6	825.0	-36.0	
107.05	162.7	8.9	2.2	2.0	-45.1	90.3	38.4	-74.4	274.3	1645.0	779.5	-37.5	
107.10	162.8	9.1	2.5	2.0	-45.0	90.4	36.8	-73.3	275.4	1669.4	729.5	-36.5	
107.15	163.0	9.2	-18.3	1.5	-44.2	90.5	35.9	-71.0	273.5	1623.3	700.4	-42.0	
107.20	163.1	9.2	-12.8	1.1	-42.7	90.5	33.5	-69.2	272.9	1542.6	620.5	-38.4	
107.25	163.2	9.2	-9.9	0.8	-41.6	90.6	29.5	-68.4	275.4	1500.8	502.3	-39.5	
107.30	163.4	9.2	-6.6	0.6	-41.5	90.6	27.3	-67.5	276.0	1508.1	457.8	-37.3	
107.35	163.5	9.3	-3.1	0.5	-42.0	90.7	29.4	-66.8	273.7	1533.5	517.4	-32.6	
107.40	163.6	9.1	-1.3	0.3	-42.9	90.7	32.4	-68.7	274.1	1582.2	568.4	-32.5	
107.45	163.8	9.2	-0.8	0.3	-43.9	90.7	32.9	-72.3	277.0	1643.7	564.1	-35.4	
107.50	163.9	9.4	0.2	0.2	-44.2	90.7	33.1	-72.8	276.6	1660.4	591.5	-35.3	
107.55	164.0	9.2	1.7	0.1	-43.9	90.7	35.1	-69.3	273.6	1614.8	664.6	-31.9	
107.60	164.2	9.2	2.3	0.1	-43.3	90.7	35.6	-67.2	273.9	1572.6	672.2	-31.0	
107.65	164.3	9.2	1.7	0.1	-43.1	90.7	33.3	-68.9	277.1	1574.5	605.4	-33.7	
107.70	164.4	9.0	1.6	0.1	-43.3	90.7	30.9	-71.1	276.6	1599.9	573.8	-35.1	
107.75	164.6	8.7	1.1	0.0	-43.7	90.7	31.4	-71.0	273.3	1623.3	618.8	-38.1	
107.80	164.7	8.6	1.3	0.0	-44.3	90.7	32.9	-71.1	273.6	1651.9	663.8	-38.5	
107.85	164.8	8.8	1.7	0.0	-44.6	90.7	34.5	-71.5	276.1	1650.6	696.1	-37.7	
107.90	165.0	8.8	2.3	0.0	-44.2	90.7	36.1	-70.0	275.8	1600.3	748.3	-35.5	
107.95	165.1	8.9	2.6	0.0	-43.8	90.7	37.2	-67.9	273.5	1551.6	798.1	-34.4	
108.00	165.2	9.1	2.5	0.0	-44.1	90.7	37.4	-68.2	274.6	1569.5	801.4	-35.0	
108.05	165.3	9.3	2.5	0.0	-44.5	90.7	37.7	-67.8	277.7	1607.0	784.1	-35.6	
108.10	165.4	9.6	2.8	0.0	-44.6	90.7	38.0	-67.8	277.1	1621.8	785.4	-34.8	
108.15	165.6	9.9	2.8	0.0	-44.5	90.7	36.7	-69.1	275.0	1616.3	770.6	-34.8	
108.20	165.7	9.7	2.0	0.0	-44.2	90.7	34.2	-70.0	276.1	1617.0	717.4	-37.2	
108.25	165.8	9.5	2.0	0.0	-43.8	90.7	33.6	-67.4	277.5	1595.7	702.8	-36.7	
108.30	165.9	9.4	3.2	0.0	-43.2	90.7	35.9	-62.8	276.2	1529.0	761.5	-32.0	
108.35	166.0	9.3	4.0	0.0	-42.6	90.7	37.3	-61.2	275.8	1465.9	790.3	-28.9	
108.40	166.1	9.2	3.2	0.0	-42.1	90.7	35.2	-63.2	277.9	1448.8	736.1	-31.1	
108.45	166.2	9.1	2.5	0.0	-41.8	90.7	33.6	-63.9	278.5	1443.1	697.7	-33.3	
108.50	166.4	8.7	3.0	0.0	-41.5	90.7	35.7	-61.3	276.7	1408.6	733.7	-31.1	
108.55	166.5	8.6	3.4	0.0	-41.0	90.7	37.7	-58.7	276.7	1354.8	754.3	-29.2	
108.60	166.6	8.7	3.0	0.0	-39.9	90.7	35.9	-57.9	278.7	1297.6	697.2	-29.5	
108.65	166.7	8.9	2.2	0.0	-38.9	90.7	33.2	-58.2	278.0	1241.3	647.5	-31.3	
108.70	166.8	9.0	2.2	0.0	-38.5	90.7	33.4	-57.4	275.3	1199.7	667.6	-31.0	
108.75	166.9	9.0	2.6	0.0	-38.8	90.7	35.1	-56.7	275.8	1209.7	696.8	-30.0	
108.80	167.0	9.1	2.5	0.0	-39.3	90.7	35.8	-57.1	278.5	1248.3	688.6	-30.7	
108.85	167.1	9.2	2.1	0.0	-39.4	90.7	35.2	-58.8	277.7	1259.9	679.7	-32.3	
108.90	167.2	9.2	1.8	0.0	-39.2	90.7	34.2	-60.6	275.1	1242.8	675.7	-33.0	
108.95	167.3	9.3	1.7	0.0	-38.8	90.7	33.5	-59.6	276.1	1225.5	650.5	-33.0	
109.00	167.4	9.3	2.0	0.0	-38.5	90.7	34.4	-56.8	278.4	1208.4	640.3	-31.5	
109.05	167.5	9.4	2.7	0.0	-38.1	90.7	36.0	-53.4	277.9	1166.3	666.1	-28.7	
109.10	167.6	9.4	2.7	0.0	-37.7	90.7	35.7	-53.1	276.2	1133.8	672.3	-28.5	
109.15	167.7	9.5	2.0	0.0	-37.4	90.7	33.3	-53.9	277.3	1130.2	632.2	-30.5	
109.20	167.8	9.5	2.2	0.0	-37.2	90.7	33.3	-52.2	278.8	1117.0	626.3	-29.7	
109.25	167.9	9.3	2.9	0.0	-37.0	90.7	36.7	-48.5	278.2	1071.7	688.4	-27.1	
109.30	168.0	9.0	3.3	0.0	-36.7	90.7	38.5	-46.1	278.4	1028.1	720.5	-25.5	
109.35	168.1	8.8	2.8	0.0	-36.3	90.7	35.9	-46.4	279.5	1021.6	680.9	-26.8	
109.40	168.2	9.0	2.8	0.0	-36.3	90.7	34.4	-47.4	279.4	1028.2	666.0	-26.8	
109.45	168.3	9.2	3.3	0.0	-36.8	90.7	37.1	-46.4	278.7	1031.4	726.3	-25.5	
109.50	168.4	9.4	3.9	0.0	-37.7	90.7	39.8	-45.0	279.7	1069.2	780.1	-24.4	
109.55	168.5	9.7	3.1	0.0	-38.1	90.7	39.2	-43.7	281.2	1114.7	781.4	-27.7	
109.60	168.6	9.8	2.5	0.0	-38.4	90.7	38.5	-45.2	280.3	1124.5	795.6	-29.7	
109.65	168.7	9.6	2.6	0.0	-38.6	90.7	39.6	-47.5	278.6	1110.3	840.3	-29.7	
109.70	168.8	9.3	2.5	0.0	-38.7	90.7	40.4	-45.4	279.6	1106.8	861.6	-30.3	
109.75	168.9	9.8	2.5	0.0	-38.9	90.7	41.3	-42.9	281.1	1112.7	878.4	-30.2	
109.80	169.0	10.2	2.6	0.0	-39.0	90.7	42.9	-43.1	280.4	1091.6	917.3	-30.3	
109.85	169.1	10.3	2.3	0.0	-38.7	90.7	42.4	-44.0	279.0	1051.0	922.5	-30.6	
109.90	169.1	10.4	1.8	0.0	-37.8	90.7	40.4	-42.1	279.6	1004.3	886.9	-31.5	
109.95	169.2	10.3	2.3	0.0	-37.1	90.7	41.4	-38.4	281.0	931.4	889.5	-29.1	
