Time[s]	Rotor azimuth angle[deg]	Hub wind speed magnitude[m/s]	ACTTORQUE1[Nm]	PITRAT1[deg/s]	PITFRIC1[kNm]	PITCH1[deg]	Blade root 1 Fx[KN]	Blade root 1 Fy[KN]	Blade root 1 Fz[KN]	Blade root 1 Mx[kNm]	Blade root 1 My[kNm]	Blade root 1 Mz[kNm]	
END_OF_HEADER
50.00	300.9	10.3	-43.1	-1.9	252.8	-0.0	353.9	199.1	478.7	-3452.9	16082.8	102.3	
50.05	303.4	10.5	-45.4	-2.0	252.8	-0.1	353.4	169.9	465.5	-2949.7	16234.6	105.5	
50.10	306.0	10.8	-48.6	-2.1	252.9	-0.2	353.2	157.5	451.4	-2565.7	16330.2	106.5	
50.15	308.6	11.2	-17.0	-1.6	253.4	-0.3	352.8	161.6	438.9	-2627.0	16370.5	125.5	
50.20	311.2	11.8	-24.8	-1.2	257.0	-0.4	358.7	169.3	426.9	-2941.5	16574.4	119.9	
50.25	313.8	12.1	-31.6	-0.9	263.0	-0.4	370.1	171.1	415.4	-3171.2	16973.5	115.7	
50.30	316.3	12.3	-33.9	-0.7	267.0	-0.5	374.9	166.4	406.2	-3339.7	17245.0	121.7	
50.35	318.9	12.4	-31.9	-0.5	267.4	-0.5	373.6	164.7	401.6	-3332.0	17287.5	136.4	
50.40	321.5	12.6	-31.7	-0.4	266.8	-0.5	374.0	158.0	400.5	-2964.7	17315.3	141.9	
50.45	324.1	12.6	-32.4	-0.2	268.1	-0.5	378.7	129.8	398.0	-2353.7	17533.3	141.8	
50.50	326.7	12.5	-37.6	-0.2	273.2	-0.6	391.7	95.7	394.5	-1639.6	17994.9	132.5	
50.55	329.3	12.4	-45.0	-0.1	280.2	-0.6	408.9	79.6	390.8	-1065.8	18529.6	116.7	
50.60	331.9	12.5	-47.4	-0.0	284.0	-0.6	414.4	74.5	384.4	-800.5	18824.8	114.4	
50.65	334.5	12.8	117.8	0.0	-285.1	-0.6	411.8	76.4	377.9	-649.9	18926.0	113.9	
50.70	337.2	13.1	115.6	0.0	-286.5	-0.6	412.0	78.4	375.4	-498.1	19032.6	106.4	
50.75	339.8	13.2	115.2	0.1	-287.5	-0.6	412.6	68.2	376.6	-342.8	19120.7	104.9	
50.80	342.4	13.2	115.1	0.1	-289.0	-0.6	413.9	51.3	376.8	27.0	19237.9	103.9	
50.85	345.0	12.9	113.7	0.1	-291.5	-0.5	416.0	32.8	375.2	701.2	19411.0	97.2	
50.90	347.6	13.1	113.3	0.1	-294.6	-0.5	417.3	3.9	372.0	1461.4	19609.7	93.2	
50.95	350.2	13.4	112.9	0.1	-299.4	-0.5	423.6	-23.6	369.1	2164.3	19892.7	87.1	
51.00	352.8	13.8	111.5	0.1	-305.0	-0.5	432.5	-43.1	364.9	2676.1	20229.1	77.0	
51.05	355.5	13.6	112.5	0.1	-308.9	-0.5	435.9	-57.0	356.1	2845.6	20497.2	76.8	
51.10	358.1	13.4	113.7	0.1	-311.4	-0.5	438.6	-56.0	351.4	2768.3	20695.7	78.8	
51.15	0.7	13.6	113.6	0.1	-313.6	-0.5	446.1	-50.0	356.8	2669.9	20851.2	76.3	
51.20	3.3	13.7	113.5	0.1	-314.8	-0.5	451.2	-55.1	364.7	2688.3	20921.1	74.8	
51.25	5.9	13.8	113.4	0.1	-315.4	-0.5	450.2	-69.9	367.7	2934.9	20923.8	74.0	
51.30	8.5	14.0	114.0	0.1	-316.2	-0.5	446.8	-94.2	368.7	3426.9	20907.5	75.1	
51.35	11.2	13.8	114.0	0.1	-317.0	-0.5	444.1	-121.6	377.0	4141.3	20824.5	74.5	
51.40	13.8	13.6	112.9	0.1	-318.3	-0.5	442.0	-145.3	386.9	4837.4	20749.1	69.3	
51.45	16.4	13.6	111.7	0.1	-321.0	-0.5	441.6	-162.4	387.3	5298.5	20834.6	62.5	
51.50	19.1	13.8	110.2	0.1	-325.1	-0.5	447.1	-171.6	385.9	5493.7	21077.9	53.5	
51.55	21.7	13.8	107.0	0.1	-329.6	-0.5	459.8	-174.7	394.5	5556.3	21367.8	37.9	
51.60	24.4	13.7	103.5	0.1	-333.6	-0.5	472.9	-175.0	409.3	5648.3	21610.5	21.7	
51.65	27.0	13.7	101.9	0.1	-336.6	-0.5	477.5	-178.2	418.0	5890.4	21756.7	13.4	
51.70	29.7	13.7	100.8	0.1	-339.0	-0.4	473.4	-192.6	421.9	6360.8	21806.7	7.3	
51.75	32.4	13.8	98.7	0.1	-341.9	-0.4	469.8	-213.1	427.9	6914.6	21849.0	-3.0	
51.80	35.1	14.1	96.8	0.1	-345.2	-0.4	469.4	-234.5	435.7	7450.7	21895.6	-12.7	
51.85	37.7	14.4	95.3	0.1	-348.1	-0.4	469.1	-253.5	441.2	7964.0	21918.5	-20.8	
51.90	40.4	14.4	95.0	0.1	-348.6	-0.4	463.8	-269.9	444.0	8270.3	21838.2	-22.3	
51.95	43.1	14.1	95.6	0.1	-347.0	-0.4	458.8	-274.4	451.5	8298.9	21697.0	-18.7	
52.00	45.8	14.1	92.8	0.1	-345.9	-0.4	458.8	-269.5	464.9	8206.5	21638.2	-24.0	
52.05	48.5	14.1	90.8	0.1	-346.3	-0.4	458.9	-269.4	476.3	8138.6	21682.8	-31.9	
52.10	51.1	14.1	89.3	0.0	-348.5	-0.4	461.2	-274.5	485.7	8255.6	21801.1	-40.0	
52.15	53.8	14.0	88.2	0.0	-351.4	-0.4	465.1	-285.5	498.4	8552.4	21879.9	-47.1	
52.20	56.5	13.6	87.7	0.0	-354.1	-0.4	469.4	-299.4	512.6	8870.1	21929.0	-52.0	
52.25	59.2	13.2	87.3	0.0	-356.8	-0.4	472.8	-312.2	525.1	9171.1	21978.8	-56.2	
52.30	61.8	12.8	87.2	0.0	-357.8	-0.4	471.6	-322.9	537.3	9373.1	21949.2	-57.9	
52.35	64.5	12.7	87.0	0.0	-356.9	-0.4	469.2	-328.0	551.3	9369.5	21868.6	-57.9	
52.40	67.2	13.0	86.2	0.0	-355.8	-0.4	472.2	-323.0	568.4	9259.3	21811.2	-59.5	
52.45	69.9	13.0	87.7	0.0	-354.2	-0.4	474.4	-320.8	584.3	9106.4	21729.7	-52.8	
52.50	72.6	12.9	87.2	0.0	-352.3	-0.4	473.3	-325.9	599.9	9018.7	21586.7	-52.9	
52.55	75.3	12.7	85.3	0.0	-350.7	-0.4	473.3	-328.8	615.6	9036.8	21430.3	-57.7	
52.60	78.0	12.6	84.3	0.0	-349.2	-0.4	472.4	-331.2	630.4	9170.3	21236.2	-59.8	
52.65	80.7	12.6	83.6	0.0	-347.0	-0.4	467.7	-339.5	645.0	9421.1	20928.8	-59.8	
52.70	83.4	12.6	82.3	0.0	-344.4	-0.4	461.4	-347.8	659.2	9650.4	20596.4	-62.0	
52.75	86.1	12.6	81.3	0.0	-341.7	-0.4	454.1	-351.0	672.0	9725.4	20336.4	-62.6	
52.80	88.8	12.5	82.2	0.0	-338.7	-0.4	443.0	-349.9	683.1	9663.7	20135.0	-56.6	
52.85	91.6	12.3	82.5	0.0	-335.3	-0.4	431.6	-340.8	695.0	9505.1	19958.7	-51.9	
52.90	94.3	12.0	83.6	0.0	-331.5	-0.4	421.4	-328.0	707.2	9316.6	19776.0	-44.5	
52.95	97.0	12.1	83.5	0.0	-328.1	-0.4	413.6	-317.3	720.5	9163.6	19590.1	-41.5	
53.00	99.8	12.2	82.0	0.0	-326.9	-0.4	414.4	-313.4	733.9	9045.4	19538.2	-45.4	
53.05	102.5	12.0	80.5	0.0	-328.3	-0.4	422.5	-319.8	748.2	9021.8	19621.9	-51.9	
53.10	105.3	11.9	78.8	0.0	-331.7	-0.4	434.2	-332.2	763.7	9153.2	19776.2	-61.2	
53.15	108.0	11.9	77.6	0.0	-333.8	-0.4	442.5	-336.0	778.7	9248.0	19862.3	-67.3	
53.20	110.8	12.1	77.8	0.0	-332.9	-0.4	444.1	-326.4	793.7	9135.8	19843.6	-65.7	
53.25	113.5	12.3	79.6	0.0	-331.0	-0.4	440.4	-319.1	808.4	8913.4	19795.1	-57.6	
53.30	116.3	12.3	81.4	0.0	-329.1	-0.4	434.2	-318.3	821.1	8682.8	19749.0	-49.6	
53.35	119.0	12.2	82.4	0.0	-326.2	-0.4	429.0	-308.3	832.2	8389.8	19660.1	-43.2	
53.40	121.8	12.3	82.2	0.0	-321.2	-0.4	424.5	-284.3	844.5	7983.0	19461.5	-38.9	
53.45	124.5	12.4	80.5	0.0	-315.6	-0.4	420.7	-261.1	859.6	7570.8	19210.4	-39.3	
53.50	127.3	12.5	77.7	0.0	-312.2	-0.4	420.5	-251.0	874.6	7286.4	19051.9	-45.4	
53.55	130.0	12.5	74.6	0.0	-309.4	-0.4	422.4	-247.5	889.2	7021.4	18910.2	-53.2	
53.60	132.8	12.1	73.5	0.0	-302.8	-0.4	416.7	-235.6	901.9	6599.2	18553.3	-50.4	
53.65	135.6	11.9	73.9	0.0	-292.3	-0.4	400.5	-214.6	915.0	6173.3	17930.2	-38.5	
53.70	138.3	12.1	74.7	0.0	-282.1	-0.4	381.2	-199.6	925.1	5806.7	17306.1	-25.6	
53.75	141.1	12.2	76.4	0.0	-274.0	-0.4	365.7	-194.2	931.7	5406.3	16836.6	-11.8	
53.80	143.9	12.2	77.9	0.0	-267.1	-0.4	356.1	-179.6	939.2	4834.2	16503.6	0.4	
53.85	146.7	12.1	79.7	0.0	-261.1	-0.4	349.1	-157.6	944.9	4176.7	16259.2	12.4	
53.90	149.5	12.4	78.6	0.0	-256.3	-0.4	344.1	-139.7	951.8	3738.8	16018.3	13.5	
53.95	152.3	12.6	77.1	0.0	-252.0	-0.4	340.9	-129.3	964.5	3523.4	15745.8	12.8	
54.00	155.1	12.6	76.7	0.0	-248.0	-0.4	337.8	-123.4	978.4	3331.8	15480.6	15.4	
54.05	158.0	12.5	76.2	0.0	-245.8	-0.4	338.2	-112.5	985.9	3113.6	15363.4	15.7	
54.10	160.8	12.5	75.8	0.0	-243.9	-0.4	336.2	-104.3	988.8	2948.5	15256.9	16.3	
54.15	163.6	12.5	74.8	0.0	-242.1	-0.4	336.0	-99.2	995.3	2843.6	15140.2	14.8	
54.20	166.4	12.9	73.8	0.0	-241.6	-0.4	341.5	-86.4	1007.7	2740.9	15105.6	11.6	
54.25	169.2	13.2	75.1	0.0	-241.0	-0.4	341.2	-68.9	1014.5	2501.4	15107.0	16.8	
54.30	172.1	13.4	79.1	0.0	-240.3	-0.4	334.4	-56.5	1011.6	2163.4	15129.5	31.1	
54.35	174.9	13.1	80.0	0.0	-241.8	-0.4	336.9	-48.2	1013.4	1963.8	15271.3	32.9	
54.40	177.7	13.1	79.1	0.0	-245.1	-0.4	348.7	-39.2	1022.2	1815.5	15505.1	26.3	
54.45	180.5	13.4	80.2	0.0	-248.6	-0.4	357.7	-27.4	1027.0	1602.9	15764.2	26.8	
54.50	183.4	13.3	82.5	0.0	-253.2	-0.4	365.3	-12.7	1021.3	1382.8	16119.2	30.0	
54.55	186.2	13.2	85.6	0.0	-257.7	-0.4	373.0	-5.6	1016.0	1203.1	16455.5	36.1	
54.60	189.0	13.1	86.5	0.0	-262.3	-0.4	384.9	3.5	1017.8	960.6	16785.2	34.7	
54.65	191.8	13.0	88.4	0.0	-267.3	-0.4	396.4	27.8	1018.6	552.7	17143.4	36.3	
54.70	194.6	12.8	95.1	0.0	-271.4	-0.4	400.2	51.0	1010.1	-15.0	17454.8	55.1	
54.75	197.5	12.5	101.0	0.0	-275.3	-0.4	404.4	64.7	1001.5	-520.5	17731.1	71.5	
54.80	200.3	12.5	101.7	0.0	-280.1	-0.4	417.3	83.1	1002.7	-875.1	18036.4	69.0	
54.85	203.2	12.3	103.6	0.0	-282.5	-0.4	422.0	100.5	1004.9	-1265.2	18163.9	73.1	
54.90	206.0	12.1	110.9	0.0	-281.7	-0.4	412.4	107.6	997.1	-1710.0	18097.9	98.9	
54.95	208.9	12.1	116.3	0.0	-282.6	-0.4	408.4	118.2	987.8	-2079.7	18140.5	116.6	
55.00	211.7	12.4	117.5	0.0	-286.2	-0.4	414.7	133.6	985.7	-2440.6	18338.9	117.2	
55.05	214.6	12.7	118.3	0.0	-290.0	-0.4	422.3	144.7	985.8	-2883.8	18533.8	116.2	
55.10	217.5	12.7	120.8	0.0	-294.5	-0.4	431.3	159.3	980.8	-3347.2	18767.1	120.1	
55.15	220.4	12.9	123.3	0.0	-298.2	-0.4	435.0	174.4	971.1	-3794.5	18946.6	124.9	
55.20	223.3	13.0	124.7	0.0	-299.5	-0.4	433.8	189.1	964.2	-4119.7	18968.3	128.6	
55.25	226.1	12.8	123.7	0.0	-298.6	-0.4	434.7	199.2	962.4	-4260.6	18859.3	126.2	
55.30	229.0	12.7	122.8	0.0	-296.3	-0.4	433.3	204.9	959.3	-4383.7	18650.8	125.2	
55.35	231.9	12.8	123.4	0.0	-293.3	-0.4	427.8	210.4	952.5	-4481.3	18407.4	130.2	
55.40	234.8	13.1	121.5	0.0	-290.1	-0.4	421.7	216.5	944.3	-4418.2	18182.6	127.1	
55.45	237.7	13.0	120.9	0.0	-285.0	-0.4	410.0	219.4	936.3	-4383.0	17827.8	129.9	
55.50	240.6	13.0	123.1	0.0	-279.1	-0.4	395.6	222.4	928.6	-4482.9	17386.0	143.6	
55.55	243.5	13.4	123.5	0.0	-276.9	-0.4	389.1	228.0	916.0	-4532.0	17218.3	147.1	
55.60	246.4	13.2	121.6	0.0	-278.4	-0.4	389.4	227.4	898.4	-4469.7	17366.3	139.1	
55.65	249.3	12.9	120.8	0.0	-280.4	-0.4	392.2	229.4	882.2	-4473.3	17523.3	134.4	
55.70	252.2	12.5	121.5	0.0	-281.4	-0.4	398.7	240.3	872.7	-4533.6	17562.0	135.7	
55.75	255.1	12.6	122.0	0.0	-281.4	-0.4	401.5	243.2	862.2	-4537.5	17551.5	137.3	
55.80	258.0	12.6	121.4	0.0	-281.0	-0.4	397.7	235.3	844.7	-4471.5	17576.0	135.7	
55.85	261.0	12.6	123.5	0.0	-280.3	-0.4	392.0	234.0	827.6	-4462.3	17555.2	143.6	
55.90	263.9	12.5	127.8	0.0	-280.8	-0.4	390.1	244.1	815.0	-4584.4	17563.2	158.0	
55.95	266.8	12.4	128.5	0.0	-284.2	-0.4	397.5	248.9	803.1	-4670.0	17785.8	156.9	
56.00	269.7	12.2	125.3	0.0	-290.9	-0.4	415.8	244.2	788.0	-4650.2	18286.3	139.3	
56.05	272.7	12.3	124.1	0.0	-296.7	-0.4	431.6	238.4	775.4	-4731.8	18695.4	129.4	
56.10	275.6	12.2	124.8	0.0	-300.4	-0.4	440.2	247.5	765.7	-5004.7	18886.5	128.0	
56.15	278.6	11.9	124.1	0.0	-302.4	-0.4	443.5	259.0	754.4	-5192.4	18982.6	123.5	
56.20	281.5	12.0	124.7	0.0	-301.9	-0.4	437.7	257.9	742.3	-5267.4	18945.1	126.3	
56.25	284.5	12.2	127.9	0.0	-299.6	-0.4	427.8	251.4	732.0	-5403.5	18774.2	139.3	
56.30	287.5	12.4	131.6	0.0	-297.0	-0.4	417.6	251.2	722.4	-5642.1	18527.3	154.7	
56.35	290.4	12.7	134.9	0.0	-293.7	-0.4	403.7	256.1	710.2	-5829.9	18243.6	169.4	
56.40	293.4	12.7	136.4	0.0	-289.9	-0.4	390.2	256.0	697.4	-5837.9	17991.4	178.4	
56.45	296.4	12.7	136.9	0.0	-288.7	-0.4	388.0	254.0	689.0	-5797.3	17920.1	181.2	
56.50	299.3	12.8	137.5	0.0	-288.5	-0.4	390.9	247.2	684.7	-5736.6	17935.1	183.6	
56.55	302.3	12.8	135.3	0.0	-288.3	-0.4	393.8	234.7	678.4	-5528.0	17998.9	176.2	
56.60	305.3	12.7	132.0	0.0	-288.0	-0.4	394.7	229.1	666.2	-5217.2	18081.2	165.3	
56.65	308.3	12.6	131.9	0.0	-286.6	-0.4	391.1	225.3	655.8	-4917.8	18085.8	166.1	
56.70	311.2	12.3	131.7	0.0	-285.8	-0.4	392.4	213.8	652.4	-4521.4	18138.2	166.5	
56.75	314.2	12.2	127.1	0.0	-286.7	-0.4	401.5	196.0	648.3	-3952.8	18345.8	149.7	
56.80	317.2	12.4	124.3	0.0	-290.0	-0.4	410.0	177.8	634.2	-3449.6	18711.8	136.6	
56.85	320.2	12.5	122.5	0.0	-295.6	-0.4	421.2	164.9	620.5	-3073.5	19197.2	124.9	
56.90	323.2	12.5	120.0	0.0	-300.3	-0.4	436.5	145.3	617.5	-2556.7	19616.5	111.5	
56.95	326.2	12.5	118.2	0.0	-302.1	-0.4	444.8	118.2	616.0	-1933.5	19821.4	103.9	
57.00	329.2	12.6	118.0	0.0	-300.9	-0.4	440.5	97.8	606.3	-1419.7	19808.0	104.2	
57.05	332.2	12.8	118.0	0.0	-297.9	-0.4	430.5	88.8	595.8	-1036.8	19647.8	107.3	
57.10	335.2	12.9	118.2	0.0	-295.5	-0.4	424.0	76.8	591.7	-732.4	19512.1	110.3	
57.15	338.2	12.9	118.1	0.0	-296.5	-0.4	425.9	58.2	588.7	-399.7	19596.4	108.8	
57.20	341.2	12.8	117.4	0.0	-299.9	-0.4	432.2	46.1	582.2	-66.9	19852.9	103.1	
57.25	344.2	12.9	118.0	0.0	-302.9	-0.4	436.0	35.6	575.6	192.7	20076.0	102.2	
57.30	347.3	13.0	119.6	0.0	-305.0	-0.4	439.2	25.9	576.5	419.4	20220.5	105.5	
57.35	350.3	12.7	120.0	0.0	-308.5	-0.4	447.7	14.5	581.0	698.5	20456.4	103.3	
57.40	353.4	12.5	120.2	0.0	-313.9	-0.4	458.5	-2.4	582.1	973.6	20820.2	98.6	
57.45	356.4	12.5	119.9	0.0	-319.3	-0.4	467.9	-12.1	581.7	1186.0	21187.4	92.4	
57.50	359.5	12.1	119.5	0.0	-323.3	-0.4	474.4	-16.1	583.7	1328.6	21467.7	86.7	
57.55	2.5	12.0	121.1	0.0	-323.9	-0.4	470.5	-32.0	588.2	1486.0	21508.5	91.8	
57.60	5.6	12.1	123.4	0.0	-324.1	-0.4	465.7	-48.5	591.6	1717.4	21507.9	99.6	
57.65	8.7	12.2	124.1	0.0	-324.6	-0.4	463.1	-59.5	595.3	1985.6	21527.3	101.5	
57.70	11.7	12.5	122.7	0.0	-325.4	-0.4	462.7	-75.2	600.0	2332.3	21545.5	95.9	
57.75	14.8	12.8	118.7	0.0	-327.6	-0.4	468.8	-94.6	608.0	2825.6	21616.6	80.1	
57.80	17.9	12.5	114.6	0.0	-330.2	-0.4	477.5	-115.9	616.5	3300.6	21707.9	63.3	
57.85	21.0	12.2	111.1	0.0	-331.4	-0.4	481.9	-131.8	624.6	3683.5	21704.8	50.1	
57.90	24.1	12.2	108.8	0.0	-330.6	-0.4	479.7	-143.1	632.8	4065.8	21565.3	42.8	
57.95	27.1	12.3	107.5	0.0	-327.8	-0.4	469.6	-159.5	641.1	4448.4	21283.0	41.1	
58.00	30.2	12.7	105.3	0.0	-327.3	-0.4	465.7	-170.2	652.6	4917.4	21125.3	34.3	
58.05	33.3	13.0	100.7	0.0	-329.3	-0.4	467.7	-180.1	668.2	5462.1	21123.5	16.3	
58.10	36.4	12.7	97.5	0.0	-331.6	-0.4	465.1	-206.3	679.5	6005.8	21123.4	2.9	
58.15	39.5	12.7	96.7	0.0	-334.2	-0.4	463.1	-227.6	688.7	6540.9	21143.1	-2.4	
58.20	42.6	12.7	95.8	0.0	-337.5	-0.4	466.3	-239.3	703.1	7017.5	21214.6	-8.7	
58.25	45.7	12.6	93.7	0.0	-342.1	-0.4	471.8	-255.8	719.0	7429.2	21391.8	-20.5	
58.30	48.8	12.7	90.2	0.0	-348.8	-0.4	480.2	-270.6	731.4	7790.2	21747.5	-39.1	
58.35	51.9	12.6	88.6	0.0	-354.6	-0.4	486.8	-278.1	740.8	8006.6	22093.2	-50.5	
58.40	55.1	12.1	90.4	0.0	-356.7	-0.4	484.8	-290.9	751.6	8159.4	22184.7	-46.3	
58.45	58.2	12.3	89.5	0.0	-358.4	-0.4	485.0	-302.7	767.3	8490.7	22167.3	-51.2	
58.50	61.3	12.5	85.9	0.0	-360.9	-0.4	491.3	-307.1	783.9	8862.4	22184.2	-65.8	
58.55	64.5	12.8	87.1	0.0	-363.1	-0.4	496.5	-319.7	793.9	8946.0	22287.1	-64.2	
58.60	67.7	12.9	96.3	0.0	-357.2	-0.4	499.7	-284.3	815.2	7314.4	22440.6	-26.8	
58.65	70.9	13.3	91.0	0.0	-369.4	-0.4	539.8	-301.2	831.8	7260.1	23281.8	-57.2	
58.70	74.1	13.8	80.7	0.0	-379.4	-0.4	557.4	-268.6	873.3	7587.9	23930.2	-102.2	
58.75	77.3	13.5	126.0	0.5	-370.6	-0.4	528.8	-304.4	867.6	6982.5	23450.6	-2.9	
58.80	80.5	13.1	125.7	0.9	-365.9	-0.3	516.7	-279.0	887.8	6953.2	23145.2	17.1	
58.85	83.7	12.7	114.9	1.2	-365.2	-0.3	502.3	-271.2	930.6	7161.7	23042.9	-7.0	
58.90	87.0	12.7	120.5	1.4	-360.2	-0.2	494.2	-333.2	926.2	6542.7	22759.9	26.7	
58.95	90.2	12.8	113.1	1.5	-359.0	-0.2	511.6	-305.9	941.9	6535.8	22649.6	9.1	
59.00	93.4	12.8	102.9	1.7	-352.7	-0.1	496.1	-263.1	985.6	6824.5	22141.9	-14.4	
59.05	96.6	13.3	105.5	1.7	-341.9	0.0	474.8	-272.2	992.6	6390.4	21455.4	9.1	
59.10	99.8	13.6	95.0	1.8	-339.9	0.1	484.2	-246.0	1011.9	6365.9	21300.8	-21.9	
59.15	103.1	13.8	89.3	1.9	-334.2	0.2	460.1	-245.6	1051.2	6433.2	20862.6	-33.7	
59.20	106.3	14.0	94.1	1.9	-324.2	0.3	439.6	-269.8	1066.9	6187.3	20153.9	-5.8	
59.25	109.6	14.1	86.8	1.9	-322.4	0.4	454.6	-226.9	1095.1	6497.5	19912.2	-28.0	
59.30	112.8	14.3	86.5	1.9	-320.6	0.5	440.4	-219.7	1132.5	6792.0	19688.2	-26.3	
59.35	116.2	14.5	93.6	2.0	-318.3	0.6	435.3	-255.5	1144.6	6435.7	19571.2	1.3	
59.40	119.6	14.6	87.3	2.0	-324.7	0.7	471.8	-244.1	1164.0	6269.6	20042.9	-26.5	
59.45	122.9	14.6	87.8	2.0	-327.0	0.8	471.8	-250.1	1193.1	6229.2	20203.3	-26.8	
59.50	126.2	14.4	94.3	2.0	-326.1	0.9	466.4	-256.6	1206.8	6028.7	20185.0	-3.0	
59.55	129.6	14.3	90.7	2.0	-332.2	1.0	492.5	-217.0	1225.3	6054.4	20625.0	-21.5	
59.60	132.9	14.4	94.0	2.0	-335.2	1.1	490.8	-219.5	1242.9	5877.4	20900.0	-13.1	
59.65	136.3	14.9	95.3	2.0	-336.6	1.2	497.2	-232.6	1247.9	5553.6	21063.9	-10.0	
59.70	139.7	15.3	84.7	2.0	-339.3	1.3	526.2	-202.0	1262.7	5598.5	21201.2	-48.8	
59.75	143.0	15.6	87.3	2.0	-331.4	1.4	506.6	-186.9	1284.1	5493.5	20670.4	-31.8	
59.80	146.4	15.7	93.2	2.0	-320.1	1.5	479.2	-159.2	1295.5	4923.4	20030.2	-0.3	
59.85	149.9	15.6	91.1	2.0	-313.4	1.6	473.9	-109.4	1307.6	4167.6	19730.4	-0.8	
59.90	153.3	15.4	94.5	2.0	-307.0	1.7	457.1	-108.9	1321.1	3323.6	19434.4	17.3	
59.95	156.7	15.1	95.8	2.0	-302.6	1.8	451.0	-110.7	1333.9	2716.5	19198.6	26.2	
60.00	160.2	15.4	91.8	2.0	-298.0	1.9	452.4	-73.4	1352.3	2339.0	18901.1	17.1	
60.05	163.7	15.5	98.2	2.0	-288.9	2.0	426.7	-60.5	1362.2	1878.6	18334.9	48.0	
60.10	167.1	15.3	103.3	2.0	-282.2	2.1	405.6	-62.1	1366.1	1491.4	17911.7	72.6	
60.15	170.6	15.2	98.5	2.0	-281.1	2.2	409.6	-51.8	1375.2	1118.6	17842.3	57.2	
60.20	174.1	14.7	98.8	2.0	-279.7	2.3	412.0	-51.4	1389.8	618.6	17741.1	59.7	
60.25	177.6	13.8	97.4	2.0	-279.3	2.4	419.5	-24.1	1397.0	137.4	17705.1	55.0	
60.30	181.1	13.6	88.2	2.0	-280.4	2.5	431.4	23.8	1400.2	-229.2	17753.0	22.2	
60.35	184.5	13.4	87.6	2.0	-279.3	2.6	432.2	50.7	1402.8	-778.6	17641.7	21.4	
60.40	188.0	13.3	88.0	2.0	-276.1	2.7	429.1	70.5	1412.5	-1274.9	17361.0	26.1	
60.45	191.5	12.8	85.6	2.0	-269.0	2.8	412.1	92.3	1423.1	-1497.4	16832.1	25.0	
60.50	195.0	12.6	90.7	2.0	-258.8	2.9	376.4	107.2	1417.6	-1778.6	16123.6	52.7	
60.55	198.6	12.5	95.6	2.0	-253.5	3.0	357.4	128.0	1405.8	-2090.1	15727.6	74.7	
60.60	202.1	12.5	89.9	2.0	-254.5	3.1	368.1	139.6	1414.6	-2161.8	15742.8	54.2	
60.65	205.7	12.3	83.7	2.0	-258.1	3.2	390.7	128.5	1424.7	-2381.9	15928.3	29.2	
60.70	209.3	12.1	82.8	2.0	-260.3	3.3	401.8	129.2	1418.2	-2895.5	15981.6	24.1	
60.75	212.9	12.0	82.5	2.0	-258.2	3.4	388.4	153.5	1407.9	-3460.1	15728.3	25.0	
60.80	216.5	12.1	83.5	2.0	-256.3	3.5	374.4	181.6	1399.7	-4102.2	15439.5	30.5	
60.85	220.1	12.1	81.3	2.0	-257.3	3.6	378.2	205.9	1393.5	-4607.6	15335.3	21.7	
60.90	223.7	12.1	75.7	2.0	-256.9	3.7	379.5	214.0	1390.3	-4861.5	15207.4	3.1	
60.95	227.3	11.6	76.3	2.0	-253.0	3.8	368.6	213.3	1380.9	-5157.9	14834.8	8.9	
61.00	230.9	11.5	80.6	2.0	-247.7	3.9	354.9	234.1	1370.4	-5472.6	14301.8	29.1	
61.05	234.6	11.6	77.6	2.0	-243.2	4.0	337.9	259.4	1367.4	-5645.0	13871.4	23.2	
61.10	238.2	11.7	70.4	2.0	-240.7	4.1	329.7	269.3	1364.8	-5770.8	13617.4	0.9	
61.15	241.8	11.6	67.3	2.0	-242.8	4.2	344.3	284.4	1358.2	-6191.9	13540.3	-11.9	
61.20	245.5	11.6	65.9	2.0	-247.2	4.3	355.9	298.8	1350.3	-6854.7	13545.2	-21.2	
61.25	249.2	11.6	59.4	2.0	-248.2	4.4	355.4	305.6	1339.3	-7255.4	13416.1	-44.3	
61.30	252.8	11.7	53.2	2.0	-245.8	4.5	353.1	319.0	1325.3	-7506.0	13052.6	-63.0	
61.35	256.5	11.4	56.2	2.0	-238.6	4.6	324.4	325.4	1316.1	-7868.7	12263.7	-45.9	
61.40	260.3	11.0	61.8	2.0	-231.5	4.7	285.2	321.3	1304.9	-8208.2	11500.3	-19.4	
61.45	263.9	10.9	58.3	2.0	-226.2	4.8	266.1	311.3	1288.3	-8109.6	11161.9	-26.2	
61.50	267.6	10.9	55.3	2.0	-222.5	4.9	254.7	300.4	1269.8	-7850.7	11074.6	-32.6	
61.55	271.3	10.8	58.4	2.0	-222.3	5.0	251.8	309.6	1257.1	-7807.7	11084.7	-21.9	
61.60	275.0	10.8	61.3	2.0	-227.4	5.1	275.6	327.2	1244.1	-7907.6	11391.2	-17.0	
61.65	278.6	11.4	55.5	2.0	-230.4	5.2	295.1	316.9	1228.9	-7724.1	11782.5	-39.7	
61.70	282.3	11.5	50.0	2.0	-233.1	5.3	307.0	315.0	1212.6	-7512.4	12154.1	-61.5	
61.75	286.0	11.5	53.0	2.0	-237.2	5.4	324.5	330.8	1203.0	-7583.5	12400.0	-55.3	
61.80	289.8	11.3	57.2	2.0	-237.8	5.5	331.4	327.5	1201.8	-7459.9	12521.4	-41.4	
61.85	293.5	11.1	53.3	2.0	-235.5	5.6	329.3	302.8	1194.7	-6875.2	12725.7	-52.5	
61.90	297.3	11.3	48.5	2.0	-230.8	5.7	325.7	273.2	1181.5	-6225.7	12745.9	-64.4	
61.95	301.0	11.7	53.4	2.0	-226.6	5.8	312.1	260.1	1172.6	-6050.0	12543.8	-43.4	
62.00	304.8	12.0	57.0	2.0	-222.5	5.9	294.0	247.2	1165.1	-5783.6	12407.0	-26.8	
62.05	308.6	12.2	54.2	2.0	-222.8	6.0	294.1	224.7	1147.7	-5409.1	12655.8	-36.7	
62.10	312.4	12.3	53.5	2.0	-226.4	6.1	303.8	211.5	1129.9	-5274.7	13026.0	-42.8	
62.15	316.2	12.4	54.8	2.0	-226.8	6.2	304.5	215.4	1127.9	-5265.9	13056.6	-38.9	
62.20	320.0	12.4	58.2	2.0	-224.9	6.3	300.4	217.3	1125.5	-5234.1	12916.3	-25.2	
62.25	323.8	12.5	56.4	2.0	-221.8	6.4	296.3	211.6	1113.8	-4857.6	12844.6	-28.1	
62.30	327.5	12.4	47.1	2.0	-215.4	6.5	286.1	199.6	1105.3	-4226.2	12610.0	-53.8	
62.35	331.3	12.4	45.0	2.0	-206.7	6.6	274.5	178.3	1105.8	-3748.9	12138.0	-52.1	
62.40	335.1	12.7	43.5	2.0	-197.8	6.7	262.4	154.1	1107.0	-3282.6	11642.4	-48.4	
62.45	338.9	13.0	40.0	2.0	-191.8	6.8	252.4	134.1	1097.7	-2748.5	11378.0	-54.4	
62.50	342.8	13.6	36.1	2.0	-188.9	6.9	250.1	119.9	1087.1	-2348.9	11277.0	-65.1	
62.55	346.6	13.9	32.7	2.0	-185.8	7.0	250.4	99.1	1089.0	-2035.5	11119.1	-73.7	
62.60	350.4	13.8	27.3	2.0	-184.0	7.1	258.8	74.1	1096.1	-1622.9	11043.2	-90.3	
62.65	354.3	13.5	18.1	2.0	-181.3	7.2	265.0	47.9	1097.6	-1118.1	10897.1	-119.1	
62.70	358.1	13.0	9.5	2.0	-173.5	7.3	255.9	17.0	1099.0	-422.2	10390.5	-140.7	
62.75	1.9	13.5	10.9	2.0	-160.8	7.4	230.1	-2.2	1102.3	203.0	9510.9	-123.5	
62.80	5.8	14.0	15.7	2.0	-145.5	7.5	193.9	-23.6	1105.5	672.0	8429.0	-91.5	
62.85	9.6	14.4	15.6	2.0	-133.2	7.6	160.6	-44.4	1106.4	1120.7	7524.7	-79.6	
62.90	13.4	14.1	12.5	2.0	-126.5	7.7	140.6	-57.9	1109.7	1680.4	6940.4	-83.5	
62.95	17.3	13.8	11.9	2.0	-128.0	7.8	143.6	-76.8	1115.7	2268.0	6855.3	-87.2	
63.00	21.1	13.7	12.5	2.0	-135.1	7.9	165.6	-101.5	1131.9	2927.0	7073.0	-92.4	
63.05	25.0	13.7	9.1	2.0	-144.4	8.0	194.0	-121.3	1154.9	3658.3	7382.6	-113.1	
63.10	28.9	13.3	6.8	2.0	-151.7	8.1	205.6	-142.8	1164.7	4179.8	7647.6	-128.2	
63.15	32.8	13.0	5.5	2.0	-155.8	8.2	195.7	-165.5	1167.2	4593.6	7751.0	-136.9	
63.20	36.6	13.0	8.3	2.0	-158.8	8.3	182.7	-177.1	1176.6	5005.6	7761.8	-130.3	
63.25	40.5	12.7	11.5	2.0	-162.6	8.4	175.2	-193.0	1190.4	5365.6	7836.0	-123.1	
63.30	44.4	12.4	9.0	2.0	-168.3	8.5	172.0	-213.0	1201.0	5703.3	8067.4	-137.4	
63.35	48.3	12.2	5.4	2.0	-174.8	8.6	180.9	-220.6	1204.2	5853.0	8513.8	-156.1	
63.40	52.2	12.3	3.6	2.0	-179.9	8.7	191.6	-240.8	1214.0	6108.7	8717.5	-167.5	
63.45	56.1	12.4	-0.1	2.0	-183.9	8.8	202.1	-264.8	1235.4	6636.3	8597.2	-184.2	
63.50	60.0	12.4	-0.5	2.0	-185.0	8.9	205.1	-278.0	1258.2	7180.1	8181.6	-186.8	
63.55	63.8	12.2	5.4	2.0	-181.5	9.0	198.9	-269.8	1270.9	7223.1	7822.8	-162.9	
63.60	67.7	12.3	8.2	2.0	-180.5	9.1	194.1	-261.7	1284.7	7240.3	7722.0	-152.3	
63.65	71.6	12.3	4.3	2.0	-182.3	9.2	195.3	-279.8	1306.6	7498.3	7573.5	-167.5	
63.70	75.5	12.4	4.9	2.0	-179.6	9.3	190.2	-291.7	1324.4	7498.7	7236.3	-162.7	
63.75	79.3	12.3	8.4	2.0	-173.9	9.4	171.7	-283.4	1345.8	7513.0	6630.7	-145.0	
63.80	83.2	12.4	7.3	2.0	-170.8	9.5	153.2	-278.7	1366.2	7693.2	6092.8	-145.8	
63.85	87.1	12.5	3.5	2.0	-170.4	9.6	146.3	-286.0	1380.3	7797.3	5863.7	-158.5	
63.90	91.0	12.2	-7.3	2.0	-168.8	9.7	148.1	-285.9	1401.0	7739.6	5717.1	-193.9	
63.95	94.9	12.0	-11.1	2.0	-163.9	9.8	149.6	-286.6	1423.0	7413.3	5495.7	-201.9	
64.00	98.8	11.9	-12.4	2.0	-159.3	9.9	146.8	-288.5	1442.3	7187.5	5191.7	-202.0	
64.05	102.7	11.6	-14.3	2.0	-154.2	10.0	134.3	-275.7	1463.8	7090.8	4708.8	-203.3	
64.10	106.6	11.6	-10.3	2.0	-144.6	10.1	112.7	-260.8	1480.7	6688.3	4085.6	-179.8	
64.15	110.5	11.7	-4.7	2.0	-134.1	10.2	89.2	-248.6	1495.7	6211.3	3415.8	-150.3	
64.20	114.4	11.6	-5.3	2.0	-129.0	10.3	71.4	-248.7	1510.7	6056.8	2872.8	-147.2	
64.25	118.3	11.7	-7.9	2.0	-126.1	10.4	56.5	-254.3	1522.4	6027.8	2353.2	-153.3	
64.30	122.2	11.9	-8.0	2.0	-121.7	10.5	51.4	-234.0	1538.0	5861.1	1992.3	-149.3	
64.35	126.1	11.8	-7.9	2.0	-117.9	10.6	59.8	-198.6	1555.5	5610.9	2073.5	-144.9	
64.40	130.0	11.8	-10.1	2.0	-117.4	10.7	74.9	-198.1	1567.4	5418.6	2385.3	-152.1	
64.45	133.9	11.8	-16.7	2.0	-118.2	10.8	96.6	-206.2	1583.6	5301.2	2641.4	-175.5	
64.50	137.8	12.0	-20.7	2.0	-115.4	10.9	114.9	-189.5	1607.2	5037.5	2684.0	-186.5	
64.55	141.7	12.0	-20.6	2.0	-110.2	11.0	117.6	-171.2	1624.3	4722.3	2497.9	-180.8	
64.60	145.6	12.0	-21.0	2.0	-106.7	11.1	109.4	-154.7	1626.1	4558.8	2352.6	-178.6	
64.65	149.5	12.1	-24.6	2.0	-103.7	11.2	104.4	-143.4	1623.8	4325.5	2386.3	-188.0	
64.70	153.4	11.9	-25.0	2.0	-97.6	11.3	97.9	-144.2	1631.8	3858.6	2275.3	-183.3	
64.75	157.3	12.0	-24.2	2.0	-89.1	11.4	84.5	-128.7	1635.7	3377.1	1940.4	-172.0	
64.80	161.2	12.2	-22.5	2.0	-80.2	11.5	54.5	-104.8	1629.0	3081.7	1270.7	-157.5	
64.85	165.0	12.2	-16.7	2.0	-71.5	11.6	22.2	-90.1	1626.5	2713.4	457.1	-128.9	
64.90	168.9	12.1	-15.7	2.0	-63.7	11.7	16.9	-58.4	1640.5	2244.9	12.0	-117.8	
64.95	172.8	11.9	-22.0	2.0	-54.8	11.8	26.1	-24.1	1651.9	1632.5	20.0	-130.2	
65.00	176.6	12.3	-25.7	2.0	-44.8	11.9	31.1	-3.9	1642.5	851.5	272.3	-133.2	
65.05	180.5	12.4	-26.5	2.0	-41.5	12.0	37.7	23.3	1631.0	162.0	598.9	-132.4	
65.10	184.3	12.5	-27.9	2.0	-46.7	12.1	47.3	58.7	1630.2	-403.6	828.3	-142.4	
65.15	188.2	12.2	-28.6	2.0	-51.1	12.2	44.7	80.3	1630.7	-910.9	793.1	-149.2	
65.20	192.0	11.9	-32.5	2.0	-53.6	12.3	35.0	88.4	1621.3	-1220.9	666.1	-165.3	
65.25	195.9	11.6	-34.7	2.0	-57.2	12.4	26.6	91.0	1611.2	-1588.2	534.4	-176.4	
65.30	199.7	11.2	-34.0	2.0	-65.8	12.5	26.3	99.2	1606.6	-2248.6	508.5	-182.4	
65.35	203.6	11.1	-34.7	2.0	-77.6	12.6	36.4	141.2	1603.6	-2987.9	730.4	-196.8	
65.40	207.4	11.1	-35.2	2.0	-91.9	12.7	51.0	186.6	1594.3	-3848.2	1180.7	-212.6	
65.45	211.3	11.2	-33.5	2.0	-105.6	12.8	67.9	203.9	1580.6	-4717.6	1682.6	-220.7	
65.50	215.1	11.5	-34.7	2.0	-114.1	12.9	86.1	214.6	1572.5	-5260.6	1947.8	-233.1	
65.55	219.0	11.3	-35.9	2.0	-116.4	13.0	90.6	222.4	1571.2	-5501.4	1717.9	-239.6	
65.60	222.8	10.8	-35.1	2.0	-115.1	13.1	71.6	232.1	1561.5	-5563.5	1062.0	-235.5	
65.65	226.6	10.5	-34.5	2.0	-112.9	13.2	41.5	247.3	1539.5	-5480.4	336.0	-231.4	
65.70	230.5	10.9	-31.4	2.0	-113.9	13.3	19.8	247.8	1519.8	-5577.6	-270.9	-221.6	
65.75	234.3	11.3	-28.0	2.0	-117.8	13.4	13.0	247.0	1512.3	-5842.0	-749.3	-213.8	
65.80	238.2	11.2	-25.2	2.0	-124.2	13.5	16.1	270.2	1498.0	-6247.0	-964.9	-210.8	
65.85	242.0	11.3	-19.7	2.0	-131.2	13.6	18.2	295.3	1473.9	-6705.1	-1064.1	-198.8	
65.90	245.8	11.4	-18.1	2.0	-133.7	13.7	17.8	307.3	1451.9	-6836.3	-1339.4	-195.9	
65.95	249.6	11.4	-17.9	2.0	-133.8	13.8	9.9	305.0	1436.8	-6716.6	-1935.0	-195.2	
66.00	253.4	11.0	-16.5	2.0	-134.8	13.9	-5.1	291.7	1422.1	-6580.6	-2702.3	-191.5	
66.05	257.2	10.9	-17.2	2.0	-134.9	14.0	-28.5	280.3	1398.9	-6303.9	-3415.5	-193.8	
66.10	261.0	11.0	-15.2	2.0	-135.9	14.1	-54.9	277.5	1365.9	-6142.0	-3888.9	-188.2	
66.15	264.8	10.8	-9.4	2.0	-138.7	14.2	-74.6	283.4	1331.1	-6195.5	-4184.6	-171.1	
66.20	268.5	10.6	-4.4	2.0	-141.5	14.3	-78.3	288.4	1305.0	-6358.7	-4332.1	-156.5	
66.25	272.3	10.4	-5.7	2.0	-143.1	14.4	-67.0	296.6	1285.5	-6528.4	-4299.3	-162.8	
66.30	276.0	10.4	-6.8	2.0	-144.4	14.5	-50.7	306.8	1264.6	-6781.4	-4068.5	-167.8	
66.35	279.8	10.6	-5.9	2.0	-144.6	14.6	-39.5	302.3	1244.4	-7002.8	-3774.6	-164.8	
66.40	283.5	10.6	-7.3	2.0	-141.9	14.7	-27.5	299.5	1222.9	-7008.9	-3380.8	-167.0	
66.45	287.3	10.6	-12.5	2.0	-138.3	14.8	-18.2	304.8	1204.3	-6848.6	-3075.9	-181.3	
66.50	291.0	10.9	-18.3	2.0	-134.2	14.9	-8.3	294.3	1186.8	-6703.1	-2754.4	-197.0	
66.55	294.8	11.2	-29.1	2.0	-128.8	15.0	-5.5	277.0	1169.1	-6425.1	-2514.0	-228.8	
66.60	298.5	11.4	-35.3	2.0	-126.7	15.1	-18.7	258.3	1148.7	-6313.4	-2557.2	-247.7	
66.65	302.2	11.5	-31.3	2.0	-129.9	15.2	-37.9	249.2	1122.1	-6537.6	-2748.4	-237.2	
66.70	305.9	11.1	-27.3	2.0	-132.4	15.3	-48.7	275.2	1094.7	-6617.0	-2908.3	-226.3	
66.75	309.6	10.9	-23.5	2.0	-134.0	15.4	-51.9	279.7	1076.2	-6701.7	-2998.7	-214.6	
66.80	313.4	10.9	-22.4	2.0	-133.1	15.5	-48.7	254.4	1071.1	-6705.5	-3016.8	-210.1	
66.85	317.1	10.5	-28.2	2.0	-127.6	15.6	-44.8	242.2	1064.2	-6270.7	-3067.8	-224.4	
66.90	320.8	10.5	-27.2	2.0	-124.0	15.7	-54.1	227.5	1044.6	-5894.3	-3312.8	-217.4	
66.95	324.4	10.7	-20.4	2.0	-122.6	15.8	-71.6	221.6	1023.7	-5479.8	-3816.8	-192.7	
67.00	328.1	10.6	-20.2	2.0	-116.9	15.9	-75.6	205.4	1017.1	-4631.3	-4257.4	-186.4	
67.05	331.8	10.4	-22.3	2.0	-110.0	16.0	-72.7	154.5	1018.8	-3769.6	-4542.9	-186.5	
67.10	335.4	10.4	-22.4	2.0	-104.7	16.1	-68.6	128.1	1000.7	-3205.7	-4582.4	-181.7	
67.15	339.1	10.9	-14.8	2.0	-103.5	16.2	-75.9	125.3	973.2	-2868.7	-4713.3	-154.2	
67.20	342.7	11.2	-3.0	2.0	-106.2	16.3	-93.9	110.0	960.6	-2487.5	-5177.0	-116.4	
67.25	346.3	11.5	4.6	2.0	-107.9	16.4	-101.6	92.6	959.0	-1850.5	-5590.2	-92.0	
67.30	349.9	11.7	10.1	2.0	-108.6	16.5	-105.6	72.5	955.7	-1207.8	-5850.3	-74.1	
67.35	353.6	12.2	13.2	2.0	-108.7	16.6	-109.8	42.7	942.4	-740.6	-5973.9	-63.4	
67.40	357.2	12.6	12.9	2.0	-106.5	16.7	-104.3	13.2	928.0	-158.2	-5905.6	-62.2	
67.45	0.8	12.8	10.9	2.0	-106.5	16.8	-93.4	-16.7	927.9	726.7	-5891.2	-69.2	
67.50	4.4	12.5	9.9	2.0	-110.8	16.9	-88.1	-49.8	934.1	1590.4	-6033.3	-76.8	
67.55	7.9	12.8	14.8	2.0	-114.9	17.0	-92.8	-67.0	924.6	2012.0	-6196.6	-64.2	
67.60	11.5	13.1	23.7	2.0	-117.4	17.1	-104.7	-69.6	909.5	2045.7	-6364.3	-36.1	
67.65	15.1	13.0	28.9	2.0	-119.8	17.2	-111.9	-83.9	909.0	2135.5	-6480.0	-20.7	
67.70	18.7	12.7	27.9	2.0	-121.6	17.3	-108.7	-104.2	913.6	2498.4	-6455.7	-25.7	
67.75	22.3	12.7	27.6	2.0	-123.7	17.4	-107.3	-111.7	914.8	2884.6	-6456.6	-29.0	
67.80	25.8	13.0	29.3	2.0	-126.7	17.5	-111.7	-114.8	914.8	3152.7	-6566.6	-26.0	
67.85	29.3	13.0	30.0	2.0	-130.1	17.6	-115.0	-131.6	916.4	3506.2	-6625.2	-27.2	
67.90	32.9	12.9	28.6	2.0	-133.2	17.7	-110.0	-159.5	918.9	4055.0	-6518.2	-35.2	
67.95	36.4	12.7	25.9	2.0	-135.8	17.8	-101.1	-180.9	922.1	4545.4	-6373.3	-46.9	
68.00	39.9	12.6	27.7	2.0	-137.1	17.9	-96.7	-186.6	924.4	4797.9	-6295.7	-42.0	
68.05	43.4	12.6	31.3	2.0	-138.2	18.0	-99.8	-187.4	924.6	4950.2	-6277.4	-30.7	
68.10	46.9	12.7	29.8	2.0	-140.7	18.1	-108.5	-196.3	922.8	5130.7	-6327.8	-38.3	
68.15	50.4	12.6	30.4	2.0	-145.5	18.2	-124.8	-213.0	926.1	5229.2	-6624.6	-41.2	
68.20	53.8	12.5	35.5	2.0	-151.9	18.3	-138.6	-221.6	940.0	5357.7	-7076.5	-30.0	
68.25	57.3	12.4	38.6	2.0	-160.0	18.4	-148.7	-230.1	954.6	5715.4	-7510.8	-27.5	
68.30	60.7	12.7	39.0	2.0	-168.5	18.5	-161.2	-251.5	961.7	6175.3	-7876.7	-34.7	
68.35	64.1	12.8	40.7	2.0	-174.9	18.6	-165.0	-265.6	965.2	6643.8	-8065.9	-35.4	
68.40	67.6	12.6	45.2	2.0	-180.0	18.7	-155.5	-274.1	977.2	7079.8	-8172.8	-24.8	
68.45	71.0	12.1	51.7	2.0	-182.8	18.8	-140.9	-290.1	990.3	7374.3	-8157.9	-5.4	
68.50	74.3	12.2	57.2	2.0	-185.0	18.9	-134.1	-294.2	994.0	7673.8	-8096.2	11.3	
68.55	77.7	12.1	63.9	2.0	-187.4	19.0	-143.2	-289.7	994.0	7808.3	-8223.5	32.0	
68.60	81.1	11.8	73.8	2.0	-189.2	19.1	-155.1	-282.2	1000.8	7696.5	-8515.4	64.1	
68.65	84.4	12.0	78.9	2.0	-192.9	19.2	-155.7	-276.8	1020.1	7808.1	-8785.2	78.0	
68.70	87.8	11.9	75.2	2.0	-197.8	19.3	-153.2	-296.3	1036.4	8091.6	-8951.8	60.5	
68.75	91.1	11.7	68.6	2.0	-200.2	19.4	-154.9	-316.8	1039.8	8188.2	-9026.6	35.3	
68.80	94.5	11.6	66.7	2.0	-198.0	19.5	-160.8	-302.6	1041.8	7911.8	-9085.1	31.1	
68.85	97.8	11.5	69.1	2.0	-193.2	19.6	-168.5	-285.5	1046.2	7314.1	-9148.9	44.2	
68.90	101.1	11.7	68.7	2.0	-190.8	19.7	-176.0	-281.2	1051.0	6941.3	-9205.1	44.9	
68.95	104.4	12.0	64.0	2.0	-189.2	19.8	-177.4	-279.1	1056.4	6821.7	-9137.9	30.4	
69.00	107.7	11.9	61.5	2.0	-184.9	19.9	-171.5	-271.0	1063.7	6502.2	-8996.8	26.1	
69.05	111.0	11.6	58.9	2.0	-181.0	20.0	-163.2	-257.3	1077.1	6188.0	-8904.0	21.2	
69.10	114.3	11.6	55.0	2.0	-180.6	20.1	-161.7	-252.4	1086.9	6094.0	-8942.2	8.3	
69.15	117.5	11.6	53.9	2.0	-181.3	20.2	-166.2	-251.2	1090.1	5949.7	-9095.3	3.6	
69.20	120.8	11.6	57.3	2.0	-180.2	20.3	-172.2	-227.0	1095.7	5479.0	-9336.0	16.6	
69.25	124.0	11.9	62.3	2.0	-177.8	20.4	-178.2	-194.5	1104.3	4784.6	-9576.1	36.2	
69.30	127.2	12.0	63.6	2.0	-177.0	20.5	-181.9	-186.4	1111.9	4382.2	-9699.3	41.3	
69.35	130.4	11.9	60.0	2.0	-176.3	20.6	-178.7	-190.2	1115.1	4352.1	-9653.9	29.6	
69.40	133.6	11.8	57.3	2.0	-176.1	20.7	-172.9	-188.1	1121.5	4321.0	-9665.7	20.7	
69.45	136.8	11.9	57.0	2.0	-178.7	20.8	-170.7	-182.1	1136.3	4269.5	-9909.7	17.0	
69.50	140.0	12.2	55.5	2.0	-183.5	20.9	-177.2	-178.8	1146.1	4338.1	-10260.5	7.0	
69.55	143.1	12.8	57.3	2.0	-187.9	21.0	-194.1	-177.3	1137.5	4294.1	-10611.8	8.8	
69.60	146.3	13.0	64.1	2.0	-189.5	21.1	-208.0	-162.0	1126.3	3942.7	-10881.9	30.6	
69.65	149.4	13.1	70.6	2.0	-188.6	21.2	-208.6	-131.3	1129.2	3482.7	-11016.3	53.6	
69.70	152.5	13.2	75.2	2.0	-186.5	21.3	-202.7	-110.2	1135.3	3073.6	-11014.5	71.6	
69.75	155.6	13.3	79.8	2.0	-184.6	21.4	-201.3	-97.1	1130.7	2739.2	-10981.3	89.4	
69.80	158.7	13.2	83.9	2.0	-184.2	21.5	-202.5	-83.5	1124.3	2514.6	-11018.8	103.8	
69.85	161.8	12.7	87.0	2.0	-185.8	21.6	-202.5	-77.5	1128.2	2353.6	-11181.2	112.8	
69.90	164.8	12.2	86.9	2.0	-189.5	21.7	-205.2	-75.9	1137.1	2368.2	-11456.5	108.8	
69.95	167.9	11.8	85.0	2.0	-192.1	21.8	-213.6	-67.6	1130.1	2302.5	-11660.9	99.5	
70.00	170.9	11.8	84.7	2.0	-190.0	21.9	-218.7	-53.3	1109.4	1882.5	-11585.4	100.7	
70.05	173.9	11.4	83.7	2.0	-184.2	22.0	-210.3	-34.9	1098.7	1358.9	-11261.3	103.1	
70.10	177.0	11.2	76.7	2.0	-176.0	22.1	-189.3	-21.0	1098.4	916.1	-10749.5	87.3	
70.15	180.0	11.1	69.0	2.0	-167.7	22.2	-170.1	-6.6	1092.6	454.6	-10214.7	69.3	
70.20	182.9	11.3	66.0	2.0	-162.3	22.3	-161.4	16.2	1079.6	-133.3	-9843.5	64.4	
70.25	185.9	11.4	66.5	2.0	-160.5	22.4	-159.5	37.4	1075.3	-779.0	-9674.2	67.8	
70.30	188.9	11.3	61.3	2.0	-159.3	22.5	-156.1	55.0	1077.4	-1326.3	-9516.1	51.0	
70.35	191.8	11.2	51.6	2.0	-156.3	22.6	-152.6	69.7	1069.9	-1772.6	-9214.7	20.9	
70.40	194.7	11.1	42.7	2.0	-150.6	22.7	-145.1	85.1	1050.9	-2299.8	-8666.1	-3.9	
70.45	197.6	11.1	34.5	2.0	-144.0	22.8	-130.2	104.0	1035.8	-2835.5	-7989.9	-25.4	
70.50	200.5	11.2	25.8	2.0	-137.4	22.9	-109.4	121.6	1029.8	-3260.8	-7298.7	-48.7	
70.55	203.4	11.3	18.5	2.0	-132.5	23.0	-93.1	133.5	1021.9	-3629.3	-6712.4	-69.1	
70.60	206.3	11.4	13.3	2.0	-130.9	23.1	-87.4	142.7	1009.3	-3980.0	-6363.5	-85.3	
70.65	209.1	11.3	13.5	2.0	-132.1	23.2	-87.0	156.3	997.0	-4311.0	-6230.0	-85.9	
70.70	212.0	11.4	16.6	2.0	-134.2	23.3	-84.1	171.2	989.0	-4597.0	-6182.8	-77.2	
70.75	214.8	11.6	18.4	2.0	-134.2	23.4	-79.2	179.4	977.3	-4682.9	-6113.4	-71.0	
70.80	217.6	11.3	17.7	2.0	-132.0	23.5	-73.4	181.8	957.1	-4595.0	-5984.2	-71.3	
70.85	220.4	11.3	18.6	2.0	-130.6	23.6	-70.4	184.2	937.2	-4496.6	-5939.5	-66.7	
70.90	223.2	11.5	25.0	2.0	-132.4	23.7	-75.4	185.6	922.3	-4459.9	-6140.9	-46.7	
70.95	225.9	11.9	32.9	2.0	-136.5	23.8	-90.4	187.5	905.6	-4347.0	-6585.5	-23.6	
71.00	228.7	11.8	41.5	2.0	-141.9	23.9	-110.6	193.2	885.1	-4163.0	-7147.5	0.7	
71.05	231.4	11.7	51.8	2.0	-148.1	24.0	-126.6	204.2	868.3	-4133.9	-7660.3	29.8	
71.10	234.2	12.1	61.8	2.0	-153.0	24.1	-133.7	218.1	853.8	-4280.7	-7965.8	59.0	
71.15	236.9	12.0	68.0	2.0	-154.6	24.2	-132.8	228.5	833.5	-4501.7	-7966.7	79.0	
71.20	239.7	11.9	68.5	2.0	-153.3	24.3	-127.4	225.9	809.3	-4628.2	-7820.4	81.9	
71.25	242.4	12.0	65.6	2.0	-152.5	24.4	-122.8	220.2	791.4	-4536.0	-7845.4	72.7	
71.30	245.1	11.8	66.0	2.0	-154.9	24.5	-123.9	221.5	779.3	-4411.7	-8131.2	71.7	
71.35	247.7	11.7	67.7	2.0	-159.6	24.6	-131.9	224.0	762.3	-4476.2	-8494.2	72.7	
71.40	250.4	11.7	66.6	2.0	-163.9	24.7	-143.2	223.0	738.2	-4651.0	-8769.5	64.6	
71.45	253.1	11.8	63.8	2.0	-166.9	24.8	-150.0	226.2	713.0	-4975.7	-8853.0	52.1	
71.50	255.7	11.9	63.3	2.0	-169.5	24.9	-147.2	244.0	692.3	-5518.5	-8736.8	47.6	
71.55	258.3	12.1	63.9	2.0	-172.6	25.0	-139.9	267.8	673.6	-6201.3	-8508.0	46.6	
71.60	260.9	12.3	63.0	2.0	-176.1	25.1	-136.3	287.7	652.9	-6907.9	-8251.0	40.1	
71.65	263.5	12.4	58.0	2.0	-179.7	25.2	-134.9	303.1	633.2	-7556.7	-8003.8	19.4	
71.70	266.1	12.5	52.3	2.0	-183.6	25.3	-132.0	316.6	620.2	-8154.6	-7795.3	-4.2	
71.75	268.6	12.8	44.5	2.0	-186.1	25.4	-128.5	324.2	609.1	-8575.2	-7610.4	-33.4	
71.80	271.2	12.9	34.8	2.0	-185.9	25.5	-125.1	325.4	591.7	-8812.7	-7335.3	-66.5	
71.85	273.7	12.8	24.0	2.0	-184.3	25.6	-120.3	325.8	568.0	-8990.8	-6949.3	-101.8	
71.90	276.2	12.7	16.2	2.0	-183.3	25.7	-114.4	327.3	548.5	-9173.8	-6607.3	-127.6	
71.95	278.8	12.8	12.8	2.0	-183.6	25.8	-111.0	326.4	535.7	-9345.7	-6433.5	-139.8	
72.00	281.3	12.8	12.3	2.0	-183.5	25.9	-113.4	319.9	523.6	-9363.1	-6434.0	-141.4	
72.05	283.7	12.9	14.5	2.0	-181.8	26.0	-119.6	314.4	505.6	-9184.8	-6497.8	-131.9	
72.10	286.2	12.7	19.6	2.0	-178.8	26.1	-123.7	313.2	489.0	-8863.9	-6580.5	-111.6	
72.15	288.7	12.7	26.4	2.0	-174.5	26.2	-121.3	309.6	477.6	-8438.7	-6629.7	-83.8	
72.20	291.1	12.9	32.1	2.0	-168.6	26.3	-118.6	294.3	466.1	-7900.0	-6668.6	-58.3	
72.25	293.5	12.6	37.3	2.0	-161.5	26.4	-120.7	273.3	447.2	-7213.3	-6739.4	-33.3	
72.30	295.9	12.5	45.0	2.0	-155.1	26.5	-122.3	261.7	426.8	-6481.7	-6856.2	-0.5	
72.35	298.3	12.6	55.5	2.0	-150.9	26.6	-123.6	253.8	413.3	-5810.6	-7063.1	39.7	
72.40	300.7	12.6	65.1	2.0	-148.5	26.7	-128.2	242.3	402.7	-5172.6	-7355.4	75.1	
72.45	303.1	12.5	70.9	2.0	-147.1	26.8	-137.3	225.6	386.7	-4591.6	-7657.5	96.2	
72.50	305.5	12.4	74.5	2.0	-146.5	26.9	-147.1	205.8	367.2	-4136.2	-7913.4	109.3	
72.55	307.9	12.1	76.5	2.0	-145.6	27.0	-150.7	192.6	350.3	-3739.4	-8082.8	117.0	
72.60	310.2	12.0	76.7	2.0	-144.3	27.1	-150.0	180.5	336.4	-3377.0	-8173.1	119.0	
72.65	312.6	12.2	75.5	2.0	-141.7	27.2	-148.6	164.5	318.1	-3054.5	-8149.4	117.4	
72.70	314.9	12.2	72.1	2.0	-138.6	27.3	-146.3	153.1	296.7	-2825.1	-8029.7	108.9	
72.75	317.2	12.2	69.1	2.0	-136.0	27.4	-141.9	145.9	279.9	-2805.2	-7862.9	101.4	
72.80	319.5	12.5	67.1	2.0	-133.8	27.5	-137.5	142.8	266.6	-2940.3	-7666.4	96.6	
72.85	321.8	12.3	63.7	2.0	-131.1	27.6	-133.9	143.0	250.2	-3062.8	-7414.2	87.7	
72.90	324.0	12.0	59.4	2.0	-127.6	27.7	-128.7	143.5	232.7	-3201.8	-7094.8	76.1	
72.95	326.3	11.7	54.4	2.0	-124.2	27.8	-118.9	147.9	220.7	-3440.2	-6716.9	62.6	
73.00	328.5	11.8	48.0	2.0	-120.8	27.9	-106.5	151.4	211.8	-3732.6	-6276.8	43.9	
73.05	330.7	12.0	40.0	2.0	-116.5	28.0	-95.6	146.9	200.7	-3959.1	-5794.0	20.7	
73.10	333.0	12.3	31.6	2.0	-112.8	28.1	-87.1	139.9	189.1	-4161.9	-5347.7	-4.4	
73.15	335.2	12.4	25.4	2.0	-111.6	28.2	-82.7	139.8	182.0	-4394.2	-5060.1	-24.4	
73.20	337.4	12.4	21.1	2.0	-112.2	28.3	-80.6	142.5	179.8	-4635.7	-4890.6	-39.8	
73.25	339.6	12.4	16.1	2.0	-111.4	28.4	-80.2	136.2	174.8	-4759.2	-4715.1	-56.1	
73.30	341.8	12.4	9.7	2.0	-108.0	28.5	-78.7	123.3	166.9	-4681.8	-4485.9	-74.7	
73.35	344.0	12.5	4.7	2.0	-103.2	28.6	-71.6	109.6	164.1	-4504.6	-4214.9	-87.1	
73.40	346.1	12.7	1.7	2.0	-97.7	28.7	-60.9	99.5	163.5	-4242.8	-3952.8	-92.0	
73.45	348.3	12.6	-0.5	2.0	-91.1	28.8	-54.2	85.1	158.5	-3766.4	-3790.2	-92.9	
73.50	350.4	12.3	0.2	2.0	-84.9	28.9	-54.7	64.9	151.8	-3144.8	-3793.4	-84.1	
73.55	352.5	11.8	5.9	2.0	-81.0	29.0	-56.1	48.9	149.4	-2535.7	-3914.5	-60.6	
73.60	354.7	11.6	15.1	2.0	-78.7	29.1	-56.4	38.6	149.8	-1898.1	-4093.4	-27.0	
73.65	356.8	11.5	21.9	2.0	-77.3	29.2	-57.4	23.0	146.5	-1143.9	-4270.2	-2.2	
73.70	358.8	11.6	27.4	2.0	-78.0	29.3	-61.8	1.5	138.3	-304.7	-4472.2	16.1	
73.75	0.9	11.4	35.3	2.0	-81.8	29.4	-67.0	-19.1	131.3	479.0	-4728.9	39.5	
73.80	3.0	11.2	43.8	2.0	-87.9	29.5	-70.4	-39.4	128.3	1200.5	-5048.1	62.5	
73.85	5.0	10.9	51.2	2.0	-97.1	29.6	-78.7	-61.8	124.8	1967.7	-5487.3	78.6	
73.90	7.1	11.0	56.3	2.0	-107.7	29.7	-93.0	-82.3	115.4	2694.8	-5985.5	85.6	
73.95	9.1	11.2	62.6	2.0	-116.8	29.8	-108.0	-96.4	107.0	3172.1	-6463.9	98.2	
74.00	11.1	11.5	70.6	2.0	-123.0	29.9	-118.6	-104.1	105.1	3422.5	-6828.8	119.2	
74.05	13.1	11.6	73.2	2.0	-125.6	30.0	-119.2	-115.3	101.9	3679.9	-6889.6	125.7	
74.10	15.1	11.9	69.7	2.0	-125.1	30.1	-113.8	-130.9	92.9	3970.1	-6668.1	114.2	
74.15	17.1	12.4	67.7	2.0	-123.0	30.2	-107.9	-139.0	86.3	4145.0	-6369.5	109.3	
74.20	19.1	12.5	66.7	2.0	-118.8	30.3	-97.2	-137.9	86.1	4121.4	-6023.9	110.3	
74.25	21.0	12.9	64.3	2.0	-114.9	30.4	-88.5	-142.9	86.9	4076.7	-5694.8	105.8	
74.30	23.0	13.3	57.6	2.0	-112.5	30.5	-84.9	-154.8	84.6	4149.8	-5390.1	85.2	
74.35	24.9	12.7	48.7	2.0	-109.0	30.6	-80.4	-164.3	80.8	4155.7	-5023.6	58.3	
74.40	26.8	12.4	41.3	2.0	-102.6	30.7	-72.0	-161.1	81.0	3922.1	-4608.9	39.1	
74.45	28.8	12.2	34.0	2.0	-95.1	30.8	-58.6	-157.1	83.0	3650.7	-4131.2	21.5	
74.50	30.7	12.4	25.5	2.0	-89.5	30.9	-47.5	-166.0	83.2	3482.6	-3682.3	-2.0	
74.55	32.6	12.2	16.5	2.0	-84.7	31.0	-40.4	-173.4	82.8	3314.7	-3322.0	-28.1	
74.60	34.5	12.0	12.9	2.0	-79.2	31.1	-36.3	-165.7	86.1	2984.8	-3093.3	-35.0	
74.65	36.3	12.1	12.4	2.0	-74.1	31.2	-32.7	-153.0	93.1	2617.2	-2951.9	-31.6	
74.70	38.2	12.1	10.4	2.0	-72.2	31.3	-30.3	-151.2	99.8	2525.9	-2838.3	-36.3	
74.75	40.1	11.9	6.7	2.0	-71.9	31.4	-27.3	-159.8	102.3	2661.8	-2646.0	-48.8	
74.80	41.9	11.5	3.7	2.0	-70.3	31.5	-19.9	-165.6	103.3	2756.2	-2339.5	-57.7	
74.85	43.7	11.3	4.3	2.0	-69.1	31.6	-12.7	-165.4	108.4	2844.7	-2087.0	-54.5	
74.90	45.6	11.0	4.8	2.0	-71.2	31.7	-8.8	-172.5	114.6	3097.9	-1947.8	-54.6	
74.95	47.4	10.5	5.4	2.0	-76.3	31.8	-10.4	-187.4	118.0	3492.3	-1949.8	-57.9	
75.00	49.2	10.8	8.1	2.0	-81.7	31.9	-17.1	-197.1	122.2	3836.3	-2110.7	-53.9	
75.05	51.0	11.0	12.6	2.0	-85.9	32.0	-23.6	-201.4	130.2	4046.4	-2335.7	-42.6	
75.10	52.8	10.8	16.3	2.0	-91.3	32.1	-26.3	-212.4	138.3	4365.2	-2523.0	-35.5	
75.15	54.6	10.9	18.2	2.0	-99.5	32.2	-28.5	-232.6	143.2	4902.2	-2703.2	-37.1	
75.20	56.4	10.9	21.0	2.0	-109.0	32.3	-31.9	-256.8	145.6	5519.8	-2931.3	-36.9	
75.25	58.1	10.7	26.9	2.0	-118.0	32.4	-37.5	-271.7	149.3	6052.9	-3274.3	-25.5	
75.30	59.9	10.6	34.9	2.0	-127.1	32.5	-47.6	-279.4	154.8	6535.3	-3754.1	-7.4	
75.35	61.6	10.8	42.9	2.0	-136.9	32.6	-62.1	-289.7	159.3	7010.9	-4322.0	10.5	
75.40	63.4	11.1	51.1	2.0	-145.8	32.7	-78.7	-298.8	161.7	7397.3	-4896.7	29.8	
75.45	65.1	11.5	59.2	2.0	-152.1	32.8	-91.2	-298.7	164.7	7637.1	-5376.4	51.1	
75.50	66.8	11.7	65.6	2.0	-155.8	32.9	-98.1	-294.0	168.7	7754.2	-5702.3	69.2	
75.55	68.5	11.8	69.0	2.0	-158.8	33.0	-100.2	-292.8	171.8	7885.6	-5899.6	78.2	
75.60	70.2	11.8	70.4	2.0	-161.3	33.1	-99.6	-298.8	173.9	8005.1	-6030.6	80.3	
75.65	71.9	11.8	71.0	2.0	-162.5	33.2	-98.9	-306.0	177.1	8008.3	-6134.8	81.3	
75.70	73.7	11.8	70.2	2.0	-161.7	33.3	-98.4	-304.6	182.2	7882.4	-6200.9	79.3	
75.75	75.4	11.7	67.2	2.0	-159.0	33.4	-98.5	-300.5	186.1	7651.2	-6175.6	71.5	
75.80	77.0	11.9	62.5	2.0	-154.8	33.5	-99.0	-297.8	187.2	7375.2	-6024.6	59.8	
75.85	78.7	12.2	55.4	2.0	-149.3	33.6	-95.2	-295.0	189.2	7088.1	-5735.2	40.7	
75.90	80.4	12.2	47.4	2.0	-142.1	33.7	-84.9	-294.5	193.6	6736.8	-5311.9	20.7	
75.95	82.1	12.2	40.1	2.0	-134.3	33.8	-75.0	-290.6	197.7	6359.6	-4850.4	3.5	
76.00	83.7	12.2	33.5	2.0	-126.7	33.9	-66.2	-281.6	200.0	6018.5	-4394.2	-11.7	
76.05	85.3	12.1	28.5	2.0	-119.7	34.0	-56.1	-276.0	204.5	5694.7	-3976.2	-22.0	
76.10	86.9	11.9	25.1	2.0	-113.8	34.1	-46.4	-269.0	214.0	5400.0	-3643.9	-27.5	
76.15	88.5	11.7	21.9	2.0	-108.4	34.2	-39.5	-259.4	224.3	5115.9	-3377.6	-33.2	
76.20	90.1	11.6	19.0	2.0	-103.1	34.3	-37.0	-254.5	231.2	4802.2	-3144.4	-37.8	
76.25	91.7	11.7	17.4	2.0	-99.3	34.4	-38.3	-248.2	237.9	4582.0	-2980.1	-39.7	
76.30	93.3	11.8	16.6	2.0	-98.1	34.5	-38.2	-243.9	247.8	4529.5	-2891.1	-41.2	
76.35	94.8	11.9	16.2	2.0	-98.5	34.6	-36.2	-245.4	258.0	4586.1	-2846.0	-42.9	
76.40	96.4	11.8	16.1	2.0	-100.5	34.7	-37.6	-244.6	265.4	4741.1	-2869.1	-45.4	
76.45	98.0	11.9	16.9	2.0	-103.4	34.8	-41.8	-247.9	272.1	4932.5	-2942.6	-45.5	
76.50	99.5	12.1	18.1	2.0	-106.3	34.9	-44.0	-255.5	280.0	5111.1	-3017.0	-44.3	
76.55	101.1	11.9	21.2	2.0	-109.9	35.0	-48.4	-257.9	288.6	5332.0	-3150.0	-37.2	
76.60	102.6	11.8	24.2	2.0	-113.2	35.1	-52.0	-257.0	294.8	5546.3	-3276.4	-30.0	
76.65	104.1	12.0	27.7	2.0	-116.7	35.2	-52.9	-259.8	298.7	5788.0	-3360.7	-21.7	
76.70	105.7	12.3	30.8	2.0	-121.4	35.3	-53.0	-265.6	304.9	6111.5	-3470.4	-15.6	
76.75	107.2	12.4	33.2	2.0	-126.1	35.4	-52.4	-274.5	309.3	6440.5	-3555.8	-12.0	
76.80	108.7	12.5	35.8	2.0	-130.3	35.5	-53.4	-281.0	308.8	6731.9	-3638.2	-7.4	
76.85	110.2	12.4	38.7	2.0	-134.4	35.6	-57.8	-280.8	308.6	6991.9	-3804.5	-1.4	
76.90	111.7	12.4	41.8	2.0	-138.0	35.7	-62.7	-282.4	312.1	7178.6	-4012.8	5.5	
76.95	113.2	12.3	44.9	2.0	-140.5	35.8	-66.7	-285.5	316.7	7285.2	-4184.0	13.6	
77.00	114.7	11.8	46.1	2.0	-141.5	35.9	-70.5	-283.4	317.9	7314.9	-4279.3	16.9	
77.05	116.2	11.7	46.9	2.0	-140.3	36.0	-70.8	-280.7	317.6	7218.4	-4280.8	20.6	
77.10	117.7	11.9	46.6	2.0	-138.2	36.1	-65.3	-276.9	321.7	7087.1	-4211.3	21.7	
77.15	119.2	12.5	45.4	2.0	-135.4	36.2	-58.7	-268.7	327.8	6934.2	-4101.9	20.3	
77.20	120.6	12.4	43.9	2.0	-130.8	36.3	-54.5	-260.0	328.6	6666.8	-3921.8	20.0	
77.25	122.1	12.2	42.0	2.0	-125.5	36.4	-53.6	-250.4	328.3	6336.6	-3752.3	18.6	
77.30	123.5	12.1	38.6	2.0	-120.4	36.5	-52.8	-241.4	334.5	5983.7	-3631.0	12.2	
77.35	125.0	11.7	35.2	2.0	-114.7	36.6	-50.1	-234.4	344.5	5580.0	-3491.9	6.2	
77.40	126.4	11.3	30.6	2.0	-108.5	36.7	-47.2	-224.7	350.8	5181.3	-3287.3	-3.6	
77.45	127.8	11.1	25.6	2.0	-101.7	36.8	-43.4	-213.6	352.6	4790.9	-2998.6	-13.9	
77.50	129.2	11.2	21.0	2.0	-94.7	36.9	-35.4	-206.4	357.0	4400.2	-2663.9	-22.7	
77.55	130.7	11.4	15.9	2.0	-88.5	37.0	-23.6	-200.6	365.9	4068.2	-2328.4	-33.9	
77.60	132.1	11.5	11.4	2.0	-82.5	37.1	-13.6	-192.7	372.4	3744.2	-2021.6	-43.4	
77.65	133.5	11.4	7.5	2.0	-76.7	37.2	-8.7	-184.2	374.1	3407.0	-1769.0	-50.8	
77.70	134.9	11.7	5.4	2.0	-72.7	37.3	-8.2	-175.4	378.2	3156.3	-1651.3	-54.2	
77.75	136.2	12.4	3.6	2.0	-70.6	37.4	-7.4	-169.8	386.7	3007.5	-1611.8	-58.2	
77.80	137.6	12.5	2.8	2.0	-69.0	37.5	-6.4	-165.8	392.6	2894.4	-1575.7	-59.2	
77.85	139.0	12.6	2.3	2.0	-67.7	37.6	-6.6	-159.1	392.1	2834.3	-1522.7	-59.8	
77.90	140.4	12.7	2.0	2.0	-67.4	37.7	-5.2	-156.7	391.5	2860.2	-1450.3	-60.4	
77.95	141.7	12.5	3.0	2.0	-67.9	37.8	-1.8	-156.5	395.0	2921.2	-1408.1	-57.5	
78.00	143.1	12.3	5.2	2.0	-68.6	37.9	-0.2	-151.8	399.6	2963.2	-1455.9	-50.6	
78.05	144.4	12.2	8.4	2.0	-69.0	38.0	-3.5	-145.2	401.2	2948.2	-1593.9	-40.0	
78.10	145.7	12.6	11.5	2.0	-70.2	38.1	-10.9	-141.9	401.1	2950.8	-1792.3	-30.6	
78.15	147.1	12.6	13.7	2.0	-72.8	38.2	-17.7	-142.2	404.5	3041.4	-2008.6	-25.8	
78.20	148.4	12.3	16.3	2.0	-75.7	38.3	-21.0	-144.7	408.8	3176.7	-2175.3	-19.9	
78.25	149.7	12.5	17.8	2.0	-78.3	38.4	-23.3	-145.2	408.6	3331.2	-2293.4	-17.1	
78.30	151.1	13.0	18.6	2.0	-81.2	38.5	-25.8	-145.2	406.1	3532.2	-2389.3	-17.2	
78.35	152.4	13.4	20.2	2.0	-84.0	38.6	-27.6	-149.3	406.8	3722.2	-2472.2	-14.6	
78.40	153.7	13.1	22.7	2.0	-86.2	38.7	-29.1	-152.6	410.3	3851.5	-2549.0	-8.1	
78.45	155.0	13.0	24.8	2.0	-87.0	38.8	-30.8	-148.8	412.0	3890.2	-2611.9	-1.8	
78.50	156.2	12.9	26.0	2.0	-86.4	38.9	-30.3	-142.9	411.8	3856.1	-2619.0	2.8	
78.55	157.5	13.2	26.7	2.0	-85.0	39.0	-26.9	-135.4	413.9	3785.1	-2569.5	6.7	
78.60	158.8	13.3	26.8	2.0	-82.2	39.1	-21.7	-125.3	417.0	3646.0	-2456.6	9.8	
78.65	160.0	13.3	26.4	2.0	-77.9	39.2	-17.3	-115.6	415.8	3402.7	-2287.2	12.6	
78.70	161.3	13.0	24.6	2.0	-72.7	39.3	-15.9	-105.0	412.3	3066.7	-2141.8	11.9	
78.75	162.5	12.7	21.9	2.0	-67.6	39.4	-16.0	-92.4	412.2	2689.5	-2058.9	7.7	
78.80	163.8	12.6	18.8	2.0	-62.2	39.5	-15.8	-81.5	415.6	2267.0	-1977.2	2.4	
78.85	165.1	12.5	14.9	2.0	-56.1	39.6	-13.3	-71.1	416.5	1846.6	-1801.4	-5.0	
78.90	166.3	12.4	9.1	2.0	-49.4	39.7	-8.0	-61.1	414.8	1468.3	-1501.9	-18.0	
78.95	167.5	12.2	3.1	2.0	-41.3	39.8	2.8	-53.4	414.8	1065.0	-1076.3	-30.6	
79.00	168.8	11.9	-3.0	2.0	-32.2	39.9	16.6	-42.0	416.8	605.0	-594.5	-42.5	
79.05	170.0	12.1	-8.6	2.0	-23.2	40.0	28.5	-29.2	416.6	126.7	-122.9	-52.7	
79.10	171.3	11.9	-10.5	2.0	-25.8	40.1	36.4	-20.5	414.0	-261.5	272.2	-62.0	
79.15	172.5	11.4	-11.8	2.0	-30.7	40.2	41.6	-13.8	413.6	-509.1	535.8	-71.2	
79.20	173.7	11.4	-12.8	2.0	-33.7	40.3	45.5	-9.5	415.8	-678.9	678.6	-77.6	
79.25	174.9	11.5	-14.0	2.0	-35.2	40.4	47.0	-6.4	417.0	-789.6	718.5	-83.3	
79.30	176.2	11.7	-15.8	2.0	-34.8	40.5	45.4	-6.1	415.2	-805.4	665.5	-89.1	
79.35	177.4	11.9	-16.2	2.0	-32.8	40.6	41.3	-8.9	414.6	-754.5	502.1	-88.4	
79.40	178.6	11.7	-12.5	2.0	-30.9	40.7	35.7	-5.2	415.1	-742.0	243.0	-74.0	
79.45	179.7	11.2	-7.6	2.0	-30.3	40.8	30.4	2.7	414.0	-751.4	-48.7	-56.6	
79.50	180.9	10.8	-2.4	2.0	-30.5	40.9	23.4	7.8	412.8	-680.4	-380.9	-38.7	
79.55	182.1	10.6	2.5	2.0	-31.8	41.0	15.8	10.2	413.1	-511.7	-741.6	-23.3	
79.60	183.2	10.7	9.1	2.0	-34.7	41.1	9.4	10.5	412.8	-319.6	-1083.1	-3.4	
79.65	184.4	10.7	15.7	2.0	-38.0	41.2	4.0	10.3	410.4	-84.1	-1386.4	15.9	
79.70	185.5	10.4	20.0	2.0	-41.8	41.3	-1.3	10.0	407.8	231.8	-1670.3	26.9	
79.75	186.6	10.1	23.0	2.0	-45.4	41.4	-5.4	9.2	406.1	504.2	-1894.9	33.6	
79.80	187.8	10.0	26.3	2.0	-47.8	41.5	-8.5	10.6	403.4	602.6	-2048.7	42.4	
79.85	188.9	10.5	28.7	2.0	-49.0	41.6	-11.7	12.6	398.2	577.1	-2141.2	49.6	
79.90	190.0	11.1	28.8	2.0	-49.2	41.7	-13.9	12.8	393.8	523.7	-2168.2	49.6	
79.95	191.2	11.4	26.3	2.0	-47.9	41.8	-11.7	14.6	391.8	451.7	-2085.4	42.6	
80.00	192.3	11.3	24.3	2.0	-45.0	41.9	-6.1	21.6	389.2	284.8	-1887.5	38.3	
80.05	193.4	11.3	22.4	2.0	-40.9	42.0	1.1	29.5	383.5	26.1	-1581.8	36.1	
80.10	194.5	11.2	18.8	2.0	-37.2	42.1	7.4	35.5	379.1	-234.7	-1261.0	27.3	
80.15	195.6	11.1	14.1	2.0	-34.7	42.2	13.7	41.3	378.5	-518.8	-938.9	13.9	
80.20	196.7	11.2	12.0	2.0	-35.8	42.3	20.1	53.6	376.5	-952.6	-574.2	5.4	
80.25	197.8	11.5	11.8	2.0	-41.5	42.4	25.8	71.3	371.1	-1488.5	-172.2	-0.8	
80.30	198.9	11.8	10.3	2.0	-48.0	42.5	32.0	83.7	367.1	-1940.8	221.1	-12.5	
80.35	200.0	11.9	7.5	2.0	-53.7	42.6	39.7	90.1	368.1	-2286.8	575.5	-28.0	
80.40	201.1	11.8	5.9	2.0	-60.2	42.7	48.3	96.2	369.3	-2668.4	921.7	-39.9	
80.45	202.2	11.5	5.2	2.0	-67.4	42.8	55.3	106.7	366.3	-3085.7	1251.7	-49.4	
80.50	203.2	11.4	3.3	2.0	-73.0	42.9	59.4	116.9	363.5	-3416.6	1495.6	-61.6	
80.55	204.3	11.5	0.8	2.0	-76.8	43.0	62.9	121.4	364.8	-3641.7	1651.8	-74.0	
80.60	205.4	11.5	1.3	2.0	-80.1	43.1	64.9	126.4	366.3	-3854.4	1740.7	-75.5	
80.65	206.4	11.6	2.7	2.0	-83.3	43.2	66.3	135.5	362.7	-4063.1	1821.0	-74.2	
80.70	207.5	11.6	3.6	2.0	-85.5	43.3	66.3	142.2	358.0	-4201.4	1871.4	-73.0	
80.75	208.6	11.6	2.7	2.0	-84.4	43.4	65.7	142.2	356.4	-4135.9	1830.5	-75.1	
80.80	209.6	11.5	1.9	2.0	-81.5	43.5	64.1	140.3	356.1	-3967.3	1672.3	-74.9	
80.85	210.7	11.5	4.7	2.0	-79.5	43.6	61.0	140.3	353.3	-3897.6	1450.7	-63.3	
80.90	211.7	11.5	8.4	2.0	-77.8	43.7	54.8	143.8	348.9	-3868.5	1153.4	-48.8	
80.95	212.8	11.8	10.6	2.0	-75.2	43.8	45.4	144.4	345.9	-3767.5	773.4	-38.8	
81.00	213.8	12.0	12.7	2.0	-72.4	43.9	35.3	141.4	341.9	-3638.5	367.4	-28.7	
81.05	214.8	12.2	17.0	2.0	-70.9	44.0	25.7	143.5	335.8	-3543.2	-59.0	-12.5	
81.10	215.9	12.6	22.4	2.0	-70.1	44.1	18.2	146.5	329.8	-3454.4	-460.0	6.6	
81.15	216.9	12.7	25.2	2.0	-68.5	44.2	12.3	143.3	326.2	-3281.9	-807.5	18.1	
81.20	217.9	12.8	26.1	2.0	-66.5	44.3	5.6	138.4	321.7	-3041.3	-1120.6	23.1	
81.25	219.0	12.7	28.8	2.0	-65.8	44.4	-0.5	136.3	315.1	-2884.5	-1386.8	33.0	
81.30	220.0	12.8	33.4	2.0	-66.5	44.5	-3.4	137.6	309.6	-2838.5	-1593.4	48.1	
81.35	221.0	12.8	36.0	2.0	-67.2	44.6	-4.9	141.8	306.7	-2793.2	-1760.5	56.2	
81.40	222.0	13.0	36.7	2.0	-67.9	44.7	-7.0	143.4	302.9	-2785.9	-1867.8	58.2	
81.45	223.0	13.0	38.6	2.0	-69.8	44.8	-10.3	146.3	295.3	-2916.8	-1918.5	62.6	
81.50	224.0	12.7	41.0	2.0	-72.7	44.9	-12.3	153.1	289.0	-3133.6	-1954.2	68.2	
81.55	225.0	12.1	41.6	2.0	-75.2	45.0	-11.1	157.7	288.0	-3345.8	-1952.5	67.7	
81.60	225.9	11.9	39.6	2.0	-77.1	45.1	-9.1	162.2	287.2	-3536.7	-1873.9	58.9	
81.65	226.9	11.7	37.6	2.0	-79.4	45.2	-7.8	170.3	281.6	-3798.5	-1686.3	49.9	
81.70	227.9	11.3	36.5	2.0	-82.7	45.3	-3.2	179.1	275.4	-4165.7	-1382.5	42.7	
81.75	228.8	11.5	34.6	2.0	-86.4	45.4	4.2	188.2	272.9	-4525.6	-1045.6	32.2	
81.80	229.8	12.0	31.3	2.0	-90.2	45.5	11.0	198.3	271.2	-4851.0	-711.8	17.4	
81.85	230.7	12.5	29.4	2.0	-94.8	45.6	17.1	208.9	265.2	-5214.7	-338.7	6.2	
81.90	231.7	12.5	27.7	2.0	-99.7	45.7	22.6	220.1	258.2	-5567.4	20.5	-4.5	
81.95	232.6	12.4	25.3	2.0	-103.6	45.8	29.3	226.9	255.0	-5833.0	331.2	-16.9	
82.00	233.6	12.3	21.5	2.0	-106.5	45.9	37.1	228.2	254.2	-6027.2	606.9	-32.8	
82.05	234.5	12.1	19.0	2.0	-109.6	46.0	43.1	231.7	250.4	-6221.0	854.3	-44.3	
82.10	235.4	12.1	18.5	2.0	-113.4	46.1	47.2	239.2	244.3	-6459.9	1082.8	-50.0	
82.15	236.3	12.1	18.9	2.0	-117.4	46.2	51.0	247.0	239.2	-6706.6	1283.5	-52.4	
82.20	237.3	12.3	18.5	2.0	-120.1	46.3	52.1	253.5	235.4	-6881.6	1385.5	-56.7	
82.25	238.2	12.3	19.2	2.0	-121.8	46.4	49.9	258.2	230.8	-7002.3	1379.2	-55.7	
82.30	239.1	12.1	21.0	2.0	-122.4	46.5	47.7	260.3	225.2	-7058.7	1315.8	-50.3	
82.35	240.0	11.9	21.8	2.0	-121.0	46.6	45.7	260.1	221.2	-6979.7	1188.0	-46.1	
82.40	240.9	12.0	21.9	2.0	-118.0	46.7	42.8	257.9	218.7	-6788.2	1007.3	-42.9	
82.45	241.8	12.3	22.8	2.0	-114.9	46.8	39.2	253.7	214.6	-6600.6	804.2	-36.5	
82.50	242.8	12.3	26.2	2.0	-112.6	46.9	34.5	251.2	209.6	-6463.7	539.7	-22.8	
82.55	243.7	12.2	30.4	2.0	-110.4	47.0	28.9	248.2	206.1	-6331.2	208.9	-6.1	
82.60	244.6	12.0	33.8	2.0	-108.1	47.1	21.9	245.4	202.9	-6167.2	-146.8	7.8	
82.65	245.5	11.7	37.0	2.0	-106.0	47.2	12.5	246.5	196.8	-5990.5	-515.6	21.1	
82.70	246.4	11.7	41.0	2.0	-104.0	47.3	3.4	244.8	190.0	-5808.1	-884.5	36.7	
82.75	247.3	11.7	43.8	2.0	-101.3	47.4	-2.9	236.4	186.8	-5560.8	-1243.6	49.1	
82.80	248.2	11.8	44.7	2.0	-98.4	47.5	-8.2	229.3	184.7	-5277.2	-1554.6	54.9	
82.85	249.0	11.4	45.5	2.0	-96.3	47.6	-12.8	225.6	178.4	-5063.8	-1737.0	60.0	
82.90	249.9	10.9	48.0	2.0	-95.3	47.7	-16.2	225.7	169.5	-4958.9	-1837.3	69.3	
82.95	250.8	10.7	50.5	2.0	-95.3	47.8	-17.8	227.5	163.6	-4916.1	-1931.8	78.1	
83.00	251.6	10.8	52.6	2.0	-96.3	47.9	-18.1	231.1	159.9	-4970.8	-1989.2	84.4	
83.05	252.5	11.0	53.9	2.0	-98.0	48.0	-17.6	236.8	153.3	-5122.7	-1916.2	87.1	
83.10	253.3	11.3	53.3	2.0	-99.3	48.1	-16.3	243.3	144.0	-5285.5	-1725.2	83.5	
83.15	254.2	11.1	50.7	2.0	-100.1	48.2	-10.3	245.8	138.2	-5420.8	-1463.6	74.0	
83.20	255.0	10.9	47.0	2.0	-101.1	48.3	-0.2	246.5	136.1	-5569.6	-1156.9	60.2	
83.25	255.9	11.2	43.2	2.0	-103.5	48.4	7.7	252.4	132.2	-5798.0	-812.9	44.9	
83.30	256.7	11.0	39.8	2.0	-107.1	48.5	13.0	259.2	124.4	-6106.4	-403.4	29.3	
83.35	257.5	10.9	36.0	2.0	-111.0	48.6	18.6	262.6	117.0	-6405.6	25.5	12.5	
83.40	258.4	10.8	31.8	2.0	-114.6	48.7	25.4	267.4	112.9	-6651.3	400.4	-5.4	
83.45	259.2	11.1	28.6	2.0	-118.5	48.8	34.8	273.4	109.9	-6899.3	781.9	-20.1	
83.50	260.0	11.3	26.6	2.0	-122.6	48.9	44.9	278.4	105.7	-7140.7	1194.3	-31.4	
83.55	260.9	11.4	23.3	2.0	-125.7	49.0	53.2	280.7	101.2	-7296.1	1588.1	-45.6	
83.60	261.7	11.3	19.3	2.0	-127.6	49.1	61.3	278.2	98.1	-7366.6	1935.1	-61.2	
83.65	262.5	11.1	17.1	2.0	-129.3	49.2	69.1	277.2	96.0	-7423.7	2203.2	-70.8	
83.70	263.3	10.8	17.4	2.0	-131.1	49.3	74.4	282.1	93.0	-7500.3	2366.0	-71.5	
83.75	264.2	10.7	18.6	2.0	-131.9	49.4	76.2	284.9	89.9	-7539.4	2417.7	-67.9	
83.80	265.0	10.7	19.0	2.0	-130.6	49.5	72.8	282.5	86.2	-7475.7	2342.9	-65.4	
83.85	265.8	10.8	19.0	2.0	-127.6	49.6	65.6	277.9	81.3	-7313.8	2158.9	-62.4	
83.90	266.6	11.2	20.3	2.0	-124.4	49.7	60.1	274.3	76.3	-7142.6	1940.8	-54.8	
83.95	267.4	11.3	23.0	2.0	-121.3	49.8	56.9	271.9	73.3	-6972.8	1689.8	-42.1	
84.00	268.2	11.2	25.5	2.0	-117.3	49.9	52.2	269.1	70.9	-6747.3	1397.5	-29.9	
84.05	269.0	11.0	27.4	2.0	-113.1	50.0	44.6	263.4	65.1	-6502.5	1110.9	-19.1	
84.10	269.8	11.0	31.0	2.0	-109.6	50.1	36.2	257.8	57.6	-6304.2	805.2	-3.3	
84.15	270.6	11.0	36.2	2.0	-107.1	50.2	28.8	259.2	53.1	-6152.3	420.0	17.4	
84.20	271.4	10.8	40.8	2.0	-104.7	50.3	22.8	259.0	50.5	-5992.7	13.6	35.4	
84.25	272.2	10.6	44.1	2.0	-102.8	50.4	14.6	256.2	45.6	-5844.8	-367.4	48.8	
84.30	273.0	10.3	46.0	2.0	-100.9	50.5	3.1	253.5	36.8	-5689.1	-707.7	56.9	
84.35	273.7	9.7	47.9	2.0	-99.8	50.6	-6.3	249.1	29.2	-5577.7	-998.7	64.5	
84.40	274.5	9.9	49.2	2.0	-98.9	50.7	-9.3	243.9	25.5	-5483.1	-1222.4	69.9	
84.45	275.3	10.4	49.6	2.0	-97.8	50.8	-10.1	242.0	22.5	-5367.8	-1389.2	72.4	
84.50	276.1	11.0	49.4	2.0	-96.8	50.9	-10.5	238.9	16.2	-5286.4	-1434.2	72.8	
84.55	276.9	10.5	49.9	2.0	-96.6	51.0	-10.2	235.9	9.1	-5299.1	-1401.5	74.6	
84.60	277.6	9.9	50.1	2.0	-97.7	51.1	-9.1	238.7	5.2	-5383.2	-1382.6	74.3	
84.65	278.4	9.6	50.4	2.0	-99.9	51.2	-5.6	243.9	3.4	-5556.1	-1317.6	73.2	
84.70	279.2	9.9	50.5	2.0	-102.6	51.3	-0.8	248.6	-0.0	-5792.3	-1147.2	70.7	
84.75	280.0	10.0	49.2	2.0	-104.9	51.4	2.6	254.1	-4.7	-5986.0	-923.8	63.9	
84.80	280.7	9.9	45.9	2.0	-106.5	51.5	7.2	254.6	-8.7	-6138.7	-651.6	51.1	
84.85	281.5	10.0	41.6	2.0	-108.3	51.6	14.9	253.4	-10.2	-6299.1	-356.8	34.6	
84.90	282.2	10.1	38.0	2.0	-110.8	51.7	20.5	257.8	-12.0	-6481.9	-100.1	19.6	
84.95	283.0	10.2	34.9	2.0	-113.6	51.8	24.9	261.5	-16.0	-6682.4	201.7	6.3	
85.00	283.7	10.0	31.4	2.0	-115.7	51.9	29.4	260.0	-20.5	-6820.4	530.4	-8.0	
85.05	284.5	9.7	27.7	2.0	-117.6	52.0	33.5	262.6	-23.6	-6926.1	804.7	-22.5	
85.10	285.2	9.4	26.6	2.0	-120.7	52.1	40.2	270.1	-25.8	-7102.2	1081.3	-29.2	
85.15	286.0	9.4	27.3	2.0	-124.3	52.2	49.0	274.4	-28.0	-7303.5	1391.6	-30.5	
85.20	286.7	9.2	25.3	2.0	-125.4	52.3	54.9	274.1	-31.0	-7336.7	1647.4	-38.6	
85.25	287.4	9.0	21.9	2.0	-124.7	52.4	57.4	269.8	-35.0	-7243.2	1828.5	-49.4	
85.30	288.1	9.1	21.7	2.0	-124.8	52.5	59.7	267.2	-38.8	-7222.4	1942.7	-50.4	
85.35	288.9	9.5	23.1	2.0	-124.3	52.6	58.8	269.4	-42.1	-7190.1	1905.9	-45.1	
85.40	289.6	9.6	23.2	2.0	-122.1	52.7	53.8	268.4	-45.1	-7060.2	1752.5	-42.4	
85.45	290.3	9.2	23.1	2.0	-119.0	52.8	47.4	260.5	-49.5	-6877.9	1589.6	-39.7	
85.50	291.0	9.3	24.0	2.0	-115.7	52.9	40.3	255.2	-55.7	-6681.3	1404.4	-33.2	
85.55	291.7	9.5	26.7	2.0	-112.9	53.0	35.2	254.7	-60.1	-6509.3	1183.9	-21.2	
85.60	292.4	9.9	29.9	2.0	-109.7	53.1	34.5	250.3	-61.5	-6310.2	968.5	-7.2	
85.65	293.1	10.0	31.9	2.0	-105.2	53.2	31.7	242.9	-63.3	-6023.7	714.5	4.3	
85.70	293.8	10.0	34.1	2.0	-100.8	53.3	25.8	236.8	-67.7	-5731.0	457.7	16.1	
85.75	294.5	9.9	37.2	2.0	-97.0	53.4	21.5	230.0	-72.6	-5472.6	218.4	30.5	
85.80	295.2	9.5	39.5	2.0	-93.3	53.5	17.1	225.1	-74.8	-5205.4	-96.1	42.5	
85.85	295.9	9.3	41.1	2.0	-89.5	53.6	11.4	219.0	-76.2	-4922.9	-432.8	51.6	
85.90	296.6	9.2	43.2	2.0	-86.7	53.7	4.3	210.0	-79.8	-4699.7	-710.3	61.7	
85.95	297.3	9.7	43.9	2.0	-84.3	53.8	-3.1	202.4	-85.7	-4494.5	-927.3	66.2	
86.00	298.0	9.8	44.0	2.0	-82.4	53.9	-8.4	199.6	-89.6	-4305.0	-1110.9	68.5	
86.05	298.7	9.7	45.2	2.0	-81.5	54.0	-9.3	197.7	-90.7	-4212.1	-1225.3	73.5	
86.10	299.4	9.7	46.1	2.0	-81.8	54.1	-8.9	197.5	-93.5	-4227.4	-1240.0	76.5	
86.15	300.0	10.2	46.7	2.0	-82.8	54.2	-11.6	199.3	-99.2	-4294.7	-1232.4	77.5	
86.20	300.7	10.4	46.1	2.0	-83.7	54.3	-13.4	199.3	-103.7	-4367.2	-1218.2	74.5	
86.25	301.4	9.8	45.7	2.0	-85.5	54.4	-11.3	203.1	-105.5	-4509.1	-1167.1	71.5	
86.30	302.0	9.8	46.9	2.0	-88.6	54.5	-7.7	213.1	-107.7	-4752.7	-1052.6	72.4	
86.35	302.7	10.0	47.0	2.0	-91.8	54.6	-4.4	219.9	-112.6	-5010.8	-852.3	69.7	
86.40	303.3	10.4	43.5	2.0	-93.5	54.7	-1.2	218.5	-117.5	-5177.8	-603.4	55.7	
86.45	304.0	10.9	38.6	2.0	-94.4	54.8	2.3	215.4	-120.2	-5278.1	-351.4	38.0	
86.50	304.6	11.3	35.9	2.0	-96.6	54.9	8.5	216.9	-122.5	-5445.3	-61.9	26.7	
86.55	305.3	11.5	34.6	2.0	-99.6	55.0	15.3	222.2	-126.4	-5647.1	236.0	19.1	
86.60	305.9	11.0	31.4	2.0	-101.5	55.1	19.3	224.8	-130.8	-5770.7	476.9	6.2	
86.65	306.5	10.7	28.0	2.0	-103.1	55.2	21.6	222.7	-133.5	-5873.8	667.9	-7.0	
86.70	307.2	10.5	26.3	2.0	-105.6	55.3	26.0	222.3	-136.1	-6033.6	884.6	-15.2	
86.75	307.8	10.4	25.7	2.0	-108.1	55.4	33.1	226.8	-138.7	-6170.0	1112.6	-19.9	
86.80	308.4	10.5	23.8	2.0	-109.2	55.5	41.6	228.0	-140.9	-6196.8	1349.2	-27.4	
86.85	309.0	10.5	21.4	2.0	-108.6	55.6	48.4	222.4	-142.3	-6116.8	1547.8	-35.0	
86.90	309.7	10.2	20.5	2.0	-107.9	55.7	51.0	217.2	-144.4	-6043.5	1658.0	-37.3	
86.95	310.3	10.2	20.7	2.0	-107.1	55.8	49.7	213.1	-147.7	-6002.2	1626.3	-36.0	
87.00	310.9	10.4	21.0	2.0	-105.5	55.9	43.7	210.9	-149.3	-5942.4	1395.3	-33.5	
87.05	311.5	10.8	21.3	2.0	-102.7	56.0	33.4	210.3	-150.2	-5804.1	1050.9	-29.6	
87.10	312.1	11.0	23.8	2.0	-100.2	56.1	24.8	208.2	-154.0	-5662.7	794.7	-18.7	
87.15	312.7	11.4	26.6	2.0	-97.6	56.2	19.3	204.6	-159.1	-5496.9	606.2	-6.2	
87.20	313.3	12.1	27.2	2.0	-93.6	56.3	15.3	198.7	-160.7	-5233.7	368.1	-0.4	
87.25	313.9	12.0	28.4	2.0	-89.6	56.4	12.5	190.9	-160.0	-4960.8	95.3	7.8	
87.30	314.5	11.9	32.7	2.0	-87.3	56.5	10.1	187.5	-162.1	-4800.4	-141.5	24.8	
87.35	315.1	11.8	37.7	2.0	-85.8	56.6	3.7	188.6	-166.5	-4659.5	-420.2	43.8	
87.40	315.7	11.3	40.2	2.0	-83.5	56.7	-4.7	185.8	-169.3	-4448.2	-753.4	54.5	
87.45	316.2	11.1	42.1	2.0	-81.6	56.8	-12.6	179.2	-170.2	-4245.2	-1091.2	63.0	
87.50	316.8	11.1	44.6	2.0	-80.6	56.9	-19.3	175.6	-173.9	-4098.3	-1348.3	72.6	
87.55	317.4	10.8	46.0	2.0	-79.6	57.0	-24.8	172.9	-179.8	-3958.1	-1520.5	78.4	
87.60	318.0	10.7	45.3	2.0	-77.9	57.1	-29.1	165.8	-183.1	-3779.9	-1667.3	77.5	
87.65	318.5	10.7	44.0	2.0	-76.8	57.2	-32.0	159.8	-184.3	-3641.9	-1789.6	74.3	
87.70	319.1	11.0	44.9	2.0	-77.2	57.3	-31.7	160.0	-187.7	-3665.0	-1805.2	77.0	
87.75	319.7	11.1	46.3	2.0	-77.9	57.4	-28.7	160.6	-191.6	-3757.9	-1736.7	80.9	
87.80	320.2	11.0	45.2	2.0	-77.6	57.5	-24.6	158.9	-192.5	-3778.2	-1634.5	77.6	
87.85	320.8	11.0	42.2	2.0	-76.4	57.6	-18.2	156.6	-193.3	-3773.3	-1433.9	68.4	
87.90	321.4	11.0	40.6	2.0	-75.8	57.7	-10.8	155.2	-196.9	-3826.3	-1143.7	63.7	
87.95	321.9	11.1	38.2	2.0	-75.7	57.8	-4.9	156.5	-201.3	-3886.1	-864.5	55.3	
88.00	322.5	11.1	34.4	2.0	-75.6	57.9	-0.7	155.5	-202.7	-3925.8	-637.2	42.4	
88.05	323.0	11.2	30.0	2.0	-75.1	58.0	4.6	150.1	-201.8	-3935.9	-384.6	27.7	
88.10	323.6	11.2	27.7	2.0	-75.9	58.1	9.6	149.7	-203.8	-4009.9	-81.3	19.1	
88.15	324.1	10.8	25.5	2.0	-77.7	58.2	15.1	152.4	-208.1	-4133.0	256.0	9.9	
88.20	324.7	10.5	21.9	2.0	-78.9	58.3	20.9	152.2	-209.5	-4193.5	552.7	-3.9	
88.25	325.2	10.4	18.8	2.0	-80.1	58.4	27.2	152.1	-208.2	-4232.2	827.2	-15.4	
88.30	325.7	10.3	18.1	2.0	-82.3	58.5	34.4	154.1	-209.8	-4317.9	1146.1	-20.1	
88.35	326.3	10.1	18.3	2.0	-84.8	58.6	40.4	157.1	-213.7	-4418.5	1425.3	-22.0	
88.40	326.8	10.0	16.8	2.0	-85.8	58.7	42.0	159.3	-214.8	-4451.8	1543.6	-28.0	
88.45	327.3	10.0	15.9	2.0	-85.9	58.8	41.7	159.4	-213.5	-4455.2	1567.8	-31.5	
88.50	327.8	10.0	17.4	2.0	-86.3	58.9	41.5	158.4	-215.1	-4479.0	1588.1	-26.7	
88.55	328.4	10.0	16.9	2.0	-85.3	59.0	38.8	156.6	-219.2	-4417.9	1545.3	-27.1	
88.60	328.9	9.8	15.3	2.0	-81.9	59.1	32.0	151.0	-220.5	-4233.9	1355.8	-29.5	
88.65	329.4	9.5	14.8	2.0	-78.5	59.2	26.7	144.6	-220.9	-4046.6	1138.1	-27.7	
88.70	329.9	9.3	17.8	2.0	-76.3	59.3	22.9	143.7	-223.9	-3931.3	934.7	-15.3	
88.75	330.4	9.2	20.1	2.0	-74.1	59.4	19.0	142.8	-227.1	-3813.7	694.4	-5.0	
88.80	331.0	9.2	21.2	2.0	-70.8	59.5	14.1	135.7	-227.1	-3630.5	379.4	2.0	
88.85	331.5	9.5	22.6	2.0	-67.7	59.6	9.2	128.3	-226.2	-3434.5	54.7	9.9	
88.90	332.0	10.0	25.5	2.0	-65.4	59.7	5.9	125.3	-228.4	-3264.5	-204.3	22.2	
88.95	332.5	9.8	28.3	2.0	-63.0	59.8	4.5	121.5	-231.7	-3072.4	-411.2	34.2	
89.00	333.0	10.2	28.7	2.0	-60.1	59.9	0.1	114.7	-232.4	-2815.4	-678.2	38.5	
89.05	333.5	10.9	28.9	2.0	-57.7	60.0	-7.6	106.3	-233.4	-2563.6	-977.8	41.6	
89.10	334.0	10.5	30.7	2.0	-57.5	60.1	-14.2	100.1	-237.1	-2450.0	-1217.2	47.9	
89.15	334.5	10.0	32.8	2.0	-58.8	60.2	-20.0	100.4	-239.7	-2440.6	-1428.2	53.7	
89.20	335.0	9.5	33.7	2.0	-59.2	60.3	-22.7	100.7	-239.0	-2390.7	-1564.2	56.5	
89.25	335.5	9.5	33.1	2.0	-58.5	60.4	-20.8	97.7	-238.3	-2359.9	-1541.6	55.2	
89.30	336.0	9.9	32.3	2.0	-57.3	60.5	-16.1	95.8	-241.0	-2361.0	-1367.9	53.6	
89.35	336.6	10.5	30.7	2.0	-56.0	60.6	-11.2	94.6	-243.2	-2372.3	-1152.1	49.2	
89.40	337.1	10.7	28.2	2.0	-54.9	60.7	-5.1	91.5	-242.8	-2395.2	-923.8	42.0	
89.45	337.5	10.9	25.5	2.0	-54.5	60.8	-0.8	90.9	-242.6	-2432.4	-718.4	33.0	
89.50	338.0	10.9	23.3	2.0	-54.8	60.9	-0.7	94.2	-245.3	-2488.6	-551.7	25.0	
89.55	338.5	10.7	21.9	2.0	-56.0	61.0	-0.9	97.3	-248.4	-2601.1	-376.8	19.0	
89.60	339.0	10.0	20.4	2.0	-57.4	61.1	1.9	99.1	-248.6	-2726.3	-163.5	12.5	
89.65	339.5	9.5	17.2	2.0	-58.0	61.2	6.2	99.5	-247.0	-2774.8	84.3	0.9	
89.70	340.0	9.5	13.8	2.0	-58.1	61.3	13.8	96.0	-248.2	-2752.1	434.2	-10.6	
89.75	340.5	9.6	12.0	2.0	-58.7	61.4	23.2	92.9	-251.1	-2716.7	819.3	-17.7	
89.80	340.9	9.8	10.7	2.0	-59.6	61.5	30.6	93.2	-251.3	-2681.4	1096.7	-22.9	
89.85	341.4	9.8	10.3	2.0	-60.7	61.6	35.5	93.9	-248.8	-2700.5	1240.2	-25.1	
89.90	341.9	9.9	10.6	2.0	-61.7	61.7	37.2	93.3	-248.8	-2750.7	1310.5	-25.3	
89.95	342.3	9.8	10.1	2.0	-61.3	61.8	34.3	93.0	-251.7	-2727.1	1305.0	-26.6	
90.00	342.8	9.6	8.8	2.0	-59.9	61.9	32.5	91.9	-253.4	-2614.6	1294.8	-29.5	
90.05	343.2	9.6	8.9	2.0	-58.2	62.0	35.4	87.2	-252.4	-2463.9	1332.5	-27.8	
90.10	343.7	9.6	9.3	2.0	-56.6	62.1	37.7	82.4	-252.7	-2321.6	1350.4	-24.6	
90.15	344.2	9.7	8.1	2.0	-53.9	62.2	34.4	76.9	-255.3	-2165.1	1259.6	-26.2	
90.20	344.6	9.9	6.9	2.0	-51.1	62.3	30.0	70.9	-256.9	-2029.2	1102.8	-27.6	
90.25	345.1	9.9	8.0	2.0	-48.4	62.4	26.5	66.9	-255.3	-1914.0	907.8	-20.8	
90.30	345.5	9.8	10.3	2.0	-46.2	62.5	24.0	67.5	-254.0	-1820.1	724.9	-10.9	
90.35	346.0	10.1	12.3	2.0	-44.2	62.6	21.7	67.1	-256.3	-1709.3	587.8	-1.9	
90.40	346.5	10.2	12.3	2.0	-41.3	62.7	17.1	61.3	-258.9	-1549.7	426.3	0.7	
90.45	346.9	10.2	11.2	2.0	-38.2	62.8	11.2	54.3	-259.3	-1376.8	219.2	0.1	
90.50	347.4	10.0	11.6	2.0	-36.1	62.9	6.7	50.9	-259.8	-1243.8	23.4	3.8	
90.55	347.8	10.1	14.0	2.0	-35.0	63.0	0.6	49.8	-261.4	-1151.9	-201.2	13.1	
90.60	348.3	10.1	15.2	2.0	-34.6	63.1	-5.6	49.9	-263.7	-1052.0	-427.0	17.4	
90.65	348.7	10.0	16.3	2.0	-35.1	63.2	-11.2	49.2	-263.9	-970.4	-651.5	20.9	
90.70	349.2	10.0	17.9	2.0	-36.0	63.3	-13.3	46.9	-263.1	-954.5	-795.8	25.5	
90.75	349.6	9.9	19.4	2.0	-36.5	63.4	-14.3	44.4	-263.3	-948.4	-871.4	30.0	
90.80	350.1	9.5	19.8	2.0	-36.3	63.5	-14.0	43.8	-265.0	-926.0	-877.5	31.5	
90.85	350.5	9.9	19.6	2.0	-35.8	63.6	-11.7	43.7	-266.3	-911.3	-839.3	31.6	
90.90	351.0	10.1	19.5	2.0	-35.6	63.7	-9.9	42.0	-266.3	-915.8	-819.3	31.4	
90.95	351.4	10.1	18.4	2.0	-35.8	63.8	-11.0	39.6	-265.8	-916.7	-847.5	27.5	
91.00	351.8	10.1	17.5	2.0	-35.8	63.9	-12.7	36.7	-266.2	-917.6	-855.9	24.4	
91.05	352.3	10.2	16.1	2.0	-35.2	64.0	-11.7	34.8	-267.3	-932.5	-778.4	20.1	
91.10	352.7	10.5	14.5	2.0	-34.2	64.1	-8.2	35.3	-267.0	-957.1	-626.4	15.7	
91.15	353.1	10.4	12.4	2.0	-32.8	64.2	-1.1	35.4	-267.0	-972.9	-363.1	9.6	
91.20	353.6	10.3	10.1	2.0	-32.6	64.3	6.8	34.0	-267.8	-1019.9	-41.5	2.2	
91.25	354.0	10.3	8.7	2.0	-33.7	64.4	13.7	31.0	-268.2	-1079.5	268.5	-3.8	
91.30	354.4	10.1	6.9	2.0	-35.3	64.5	20.2	27.3	-268.0	-1100.4	546.5	-11.6	
91.35	354.8	10.2	5.1	2.0	-36.6	64.6	24.1	24.6	-267.4	-1095.0	745.7	-19.0	
91.40	355.3	10.2	2.2	2.0	-37.3	64.7	25.9	23.9	-267.6	-1069.1	876.0	-29.8	
91.45	355.7	9.8	0.6	2.0	-38.0	64.8	25.6	24.2	-268.1	-1061.6	956.3	-36.0	
91.50	356.1	10.0	-0.2	2.0	-38.2	64.9	24.5	21.2	-268.4	-1042.8	1014.3	-38.9	
91.55	356.5	10.4	-1.0	2.0	-38.3	65.0	23.8	18.2	-269.5	-1000.4	1078.7	-41.6	
91.60	356.9	10.9	-1.1	2.0	-38.5	65.1	23.3	19.6	-271.1	-963.7	1126.9	-42.2	
91.65	357.3	10.6	-0.1	2.0	-38.8	65.2	25.5	22.3	-272.1	-923.6	1177.6	-39.1	
91.70	357.7	10.6	1.8	2.0	-38.0	65.3	26.6	21.6	-271.3	-857.0	1143.6	-31.8	
91.75	358.1	10.8	1.8	2.0	-34.9	65.4	22.9	17.5	-269.8	-730.3	972.3	-28.8	
91.80	358.5	10.6	2.8	2.0	-31.3	65.5	16.4	14.4	-270.0	-633.2	722.4	-21.6	
91.85	358.9	10.6	3.9	2.0	-28.2	65.6	12.0	13.6	-271.5	-558.8	478.5	-14.7	
91.90	359.3	10.6	4.9	2.0	-24.6	65.7	5.9	12.8	-270.6	-439.8	173.8	-7.6	
91.95	359.7	10.7	5.6	2.0	-22.3	65.8	-1.9	10.1	-270.3	-276.0	-148.8	-3.2	
92.00	0.1	11.1	8.4	2.0	-24.1	65.9	-8.6	7.0	-273.3	-162.5	-411.0	4.8	
92.05	0.5	11.5	10.6	2.0	-26.9	66.0	-13.2	2.0	-274.9	-40.4	-645.1	9.5	
92.10	0.9	11.6	12.6	2.0	-29.8	66.1	-15.2	-3.0	-272.8	113.2	-858.9	13.4	
92.15	1.3	11.4	14.1	2.0	-32.4	66.2	-15.9	-7.6	-271.1	263.6	-1026.9	15.9	
92.20	1.7	11.2	15.3	2.0	-34.6	66.3	-17.5	-11.6	-272.4	384.5	-1152.7	18.0	
92.25	2.1	11.1	16.8	2.0	-36.3	66.4	-19.2	-14.6	-273.1	449.6	-1253.4	21.3	
92.30	2.5	10.9	18.4	2.0	-37.0	66.5	-19.2	-18.6	-271.3	453.9	-1304.5	26.1	
92.35	2.9	10.8	16.8	2.0	-36.7	66.6	-17.7	-21.7	-271.0	454.2	-1270.7	21.1	
92.40	3.3	10.9	15.6	2.0	-36.2	66.7	-17.8	-24.0	-272.7	511.1	-1202.6	17.2	
92.45	3.7	10.7	13.5	2.0	-35.3	66.8	-16.4	-29.1	-274.1	580.4	-1082.4	10.9	
92.50	4.1	10.6	11.0	2.0	-33.7	66.9	-12.4	-33.9	-273.8	617.5	-909.9	4.1	
92.55	4.4	10.8	7.9	2.0	-31.9	67.0	-8.2	-35.4	-272.8	640.3	-720.9	-4.9	
92.60	4.8	10.3	5.2	2.0	-30.1	67.1	-4.4	-37.7	-271.7	638.8	-513.6	-12.4	
92.65	5.2	10.0	3.1	2.0	-28.0	67.2	1.0	-39.7	-271.8	612.1	-249.9	-17.5	
92.70	5.6	9.9	1.8	2.0	-26.8	67.3	6.8	-36.8	-272.9	571.0	41.5	-20.7	
92.75	5.9	10.2	1.0	2.0	-26.9	67.4	11.6	-32.8	-272.8	504.0	300.6	-23.4	
92.80	6.3	10.2	0.1	2.0	-28.5	67.5	17.2	-32.7	-271.9	446.1	541.2	-28.0	
92.85	6.7	10.0	-0.5	2.0	-30.5	67.6	20.2	-35.5	-271.6	454.2	710.9	-32.0	
92.90	7.0	10.2	-1.8	2.0	-32.1	67.7	20.8	-37.6	-272.2	498.5	818.0	-38.2	
92.95	7.4	10.2	-2.5	2.0	-33.2	67.8	21.5	-38.2	-272.4	530.8	894.5	-41.9	
93.00	7.8	10.0	-2.8	2.0	-33.9	67.9	23.0	-38.6	-270.9	561.5	936.6	-43.5	
93.05	8.1	9.9	-2.1	2.0	-34.2	68.0	23.8	-39.1	-269.5	584.2	944.7	-41.3	
93.10	8.5	10.0	-1.4	2.0	-34.4	68.1	23.4	-40.5	-270.3	617.6	936.7	-39.2	
93.15	8.8	10.2	-1.6	2.0	-34.1	68.2	21.6	-40.6	-271.2	647.8	888.8	-39.7	
93.20	9.2	10.3	-1.0	2.0	-33.6	68.3	20.5	-39.5	-270.7	701.8	807.7	-36.9	
93.25	9.5	10.5	0.7	2.0	-33.1	68.4	20.7	-39.7	-269.3	756.1	706.0	-30.8	
93.30	9.9	10.7	2.0	2.0	-32.8	68.5	19.3	-43.2	-268.8	825.0	563.1	-26.0	
93.35	10.2	10.6	1.9	2.0	-33.1	68.6	13.8	-48.7	-269.1	951.4	350.0	-26.7	
93.40	10.6	10.6	1.8	2.0	-34.2	68.7	8.4	-54.6	-268.9	1080.7	120.8	-28.1	
93.45	10.9	10.7	3.3	2.0	-35.3	68.8	4.5	-59.1	-267.8	1153.0	-94.6	-23.8	
93.50	11.3	10.7	5.2	2.0	-36.6	68.9	0.8	-61.0	-268.2	1214.8	-277.9	-18.7	
93.55	11.6	10.6	5.8	2.0	-38.1	69.0	-3.5	-61.7	-269.4	1284.2	-444.8	-18.0	
93.60	12.0	10.7	7.0	2.0	-40.2	69.1	-7.4	-66.2	-269.3	1379.6	-606.3	-16.2	
93.65	12.3	11.3	8.2	2.0	-42.1	69.2	-9.3	-71.7	-268.8	1462.7	-732.0	-14.0	
93.70	12.6	11.4	9.3	2.0	-43.3	69.3	-9.9	-73.0	-269.2	1514.2	-810.2	-11.3	
93.75	13.0	11.5	10.0	2.0	-44.0	69.4	-10.9	-71.3	-268.6	1543.5	-875.9	-9.7	
93.80	13.3	11.9	10.1	2.0	-45.1	69.5	-11.0	-74.1	-266.8	1613.2	-918.3	-10.6	
93.85	13.7	11.7	10.5	2.0	-46.2	69.6	-11.1	-79.4	-266.8	1680.0	-926.6	-10.2	
93.90	14.0	11.4	10.6	2.0	-46.0	69.7	-11.0	-81.3	-268.9	1679.8	-891.0	-9.7	
93.95	14.3	11.3	9.8	2.0	-45.3	69.8	-11.5	-80.2	-268.7	1635.3	-870.1	-11.7	
94.00	14.7	11.2	8.7	2.0	-45.0	69.9	-10.0	-80.5	-267.0	1638.8	-815.4	-15.1	
94.05	15.0	11.1	8.3	2.0	-44.7	70.0	-7.5	-81.3	-266.9	1662.4	-705.2	-16.4	
94.10	15.3	11.0	7.3	2.0	-44.1	70.1	-4.4	-81.5	-268.4	1676.1	-535.1	-19.0	
94.15	15.7	11.3	6.2	2.0	-43.5	70.2	-0.7	-81.4	-267.4	1673.7	-362.2	-22.3	
94.20	16.0	11.2	5.0	2.0	-42.7	70.3	5.6	-81.2	-263.8	1644.6	-156.3	-25.6	
94.25	16.3	10.9	4.5	2.0	-42.2	70.4	12.7	-80.2	-262.4	1618.1	105.5	-26.7	
94.30	16.6	10.4	3.6	2.0	-43.2	70.5	17.0	-79.8	-264.3	1648.8	370.2	-30.7	
94.35	16.9	10.5	1.7	2.0	-44.8	70.6	20.7	-81.1	-265.4	1699.8	608.1	-39.1	
94.40	17.2	11.0	0.5	2.0	-46.0	70.7	25.0	-84.0	-263.2	1720.7	779.2	-44.2	
94.45	17.6	11.1	-0.3	2.0	-46.6	70.8	27.7	-86.2	-261.4	1704.9	898.2	-47.6	
94.50	17.9	11.0	-1.6	2.0	-47.0	70.9	27.0	-86.0	-262.1	1692.0	984.6	-52.5	
94.55	18.2	10.7	-3.1	2.0	-47.9	71.0	26.3	-85.9	-262.7	1720.2	1063.2	-58.5	
94.60	18.5	10.2	-3.5	2.0	-48.7	71.1	29.1	-87.1	-260.9	1731.7	1152.7	-60.6	
94.65	18.8	10.4	-2.7	2.0	-49.2	71.2	33.6	-87.7	-258.7	1708.4	1249.5	-58.5	
94.70	19.1	10.6	-2.6	2.0	-50.2	71.3	35.0	-89.4	-258.2	1749.8	1307.3	-59.1	
94.75	19.4	10.4	-2.9	2.0	-51.7	71.4	33.4	-94.0	-259.2	1875.0	1303.0	-61.5	
94.80	19.7	10.1	-2.7	2.0	-52.7	71.5	31.7	-98.3	-260.6	2000.1	1239.8	-62.1	
94.85	20.0	10.0	-1.6	2.0	-52.2	71.6	28.0	-97.5	-260.3	2057.7	1060.5	-57.5	
94.90	20.3	10.1	-0.8	2.0	-50.8	71.7	20.5	-95.7	-258.8	2091.2	760.2	-53.6	
94.95	20.6	10.1	-0.1	2.0	-50.3	71.8	11.4	-98.1	-258.4	2142.3	416.7	-50.7	
95.00	20.9	10.1	1.4	2.0	-50.6	71.9	3.7	-101.6	-259.6	2194.0	109.4	-45.8	
95.05	21.2	10.4	3.1	2.0	-51.6	72.0	-0.2	-102.5	-260.7	2264.1	-119.0	-40.9	
95.10	21.5	10.2	5.0	2.0	-52.8	72.1	-1.7	-102.9	-259.5	2334.4	-319.9	-35.5	
95.15	21.8	10.0	7.1	2.0	-54.5	72.2	-2.7	-106.7	-258.1	2420.8	-517.1	-30.0	
95.20	22.1	9.7	9.5	2.0	-56.0	72.3	-6.8	-108.8	-259.3	2474.1	-743.6	-23.2	
95.25	22.4	9.4	11.7	2.0	-56.8	72.4	-13.0	-106.3	-260.9	2453.2	-992.8	-16.5	
95.30	22.7	9.4	13.1	2.0	-57.6	72.5	-18.2	-103.7	-259.4	2418.5	-1241.6	-12.6	
95.35	23.0	9.5	14.4	2.0	-58.8	72.6	-22.6	-102.6	-257.0	2400.5	-1460.0	-9.2	
95.40	23.3	9.2	15.1	2.0	-59.8	72.7	-26.0	-102.6	-257.5	2415.0	-1581.2	-8.1	
95.45	23.5	9.1	15.1	2.0	-60.5	72.8	-27.5	-105.5	-259.3	2460.9	-1584.3	-8.6	
95.50	23.8	8.9	13.6	2.0	-60.2	72.9	-24.4	-109.8	-259.2	2497.5	-1463.8	-13.7	
95.55	24.1	8.8	12.2	2.0	-59.5	73.0	-19.4	-113.5	-257.1	2521.0	-1292.3	-17.7	
95.60	24.4	8.9	11.2	2.0	-58.3	73.1	-14.5	-115.0	-256.1	2512.5	-1085.9	-19.6	
95.65	24.6	9.0	9.8	2.0	-56.3	73.2	-9.0	-113.6	-256.7	2460.6	-819.6	-22.8	
95.70	24.9	9.0	7.9	2.0	-54.9	73.3	-3.6	-111.6	-255.7	2433.7	-544.4	-27.6	
95.75	25.2	9.2	5.8	2.0	-54.3	73.4	1.6	-111.9	-252.8	2432.8	-276.4	-34.2	
95.80	25.5	9.2	3.7	2.0	-53.9	73.5	7.2	-114.2	-252.1	2411.8	32.6	-41.0	
95.85	25.7	9.1	1.1	2.0	-54.4	73.6	11.9	-117.0	-253.4	2413.8	353.0	-50.7	
95.90	26.0	9.4	-1.7	2.0	-55.9	73.7	16.4	-119.9	-253.3	2464.8	647.4	-61.8	
95.95	26.2	9.6	-3.3	2.0	-57.6	73.8	21.6	-122.6	-251.7	2507.5	907.7	-69.1	
96.00	26.5	9.4	-4.2	2.0	-58.2	73.9	25.8	-121.9	-251.4	2468.4	1125.0	-72.6	
96.05	26.8	9.1	-4.7	2.0	-58.2	74.0	27.7	-119.0	-251.8	2403.1	1270.6	-74.2	
96.10	27.0	8.8	-5.3	2.0	-58.5	74.1	28.3	-118.6	-250.2	2397.5	1334.0	-76.7	
96.15	27.3	8.7	-4.8	2.0	-59.2	74.2	29.6	-119.5	-248.2	2437.0	1369.1	-75.6	
96.20	27.5	9.0	-3.3	2.0	-59.8	74.3	31.7	-117.2	-248.6	2470.6	1409.2	-71.1	
96.25	27.7	9.0	-2.1	2.0	-60.1	74.4	32.9	-114.6	-249.4	2508.7	1402.0	-67.4	
96.30	28.0	8.8	-1.9	2.0	-60.3	74.5	30.6	-117.7	-248.1	2587.3	1266.5	-66.9	
96.35	28.2	8.6	-2.0	2.0	-60.3	74.6	24.2	-122.8	-247.0	2685.7	1012.5	-67.3	
96.40	28.5	8.5	-0.6	2.0	-59.6	74.7	16.9	-122.9	-248.8	2725.4	733.7	-61.8	
96.45	28.7	8.5	1.1	2.0	-59.0	74.8	12.0	-121.4	-249.8	2745.7	462.5	-55.2	
96.50	29.0	8.5	2.7	2.0	-60.1	74.9	5.8	-123.6	-247.1	2857.8	126.4	-50.8	
96.55	29.2	8.7	3.3	2.0	-61.7	75.0	-3.4	-126.9	-245.7	2962.8	-238.3	-50.2	
96.60	29.4	8.7	5.1	2.0	-62.4	75.1	-8.3	-128.9	-249.1	2983.8	-472.7	-44.9	
96.65	29.7	8.5	7.8	2.0	-63.3	75.2	-10.7	-130.9	-249.1	3004.2	-687.7	-36.7	
96.70	29.9	8.9	9.5	2.0	-65.2	75.3	-13.4	-133.2	-243.9	3081.4	-932.7	-32.5	
96.75	30.2	9.1	10.7	2.0	-66.7	75.4	-16.4	-134.2	-243.2	3140.0	-1104.8	-29.9	
96.80	30.4	9.0	12.3	2.0	-67.7	75.5	-20.1	-135.3	-247.2	3169.1	-1220.7	-25.6	
96.85	30.6	9.1	12.6	2.0	-69.3	75.6	-24.1	-138.6	-246.7	3229.8	-1368.2	-26.1	
96.90	30.8	9.1	12.2	2.0	-70.9	75.7	-27.1	-142.1	-242.1	3292.8	-1507.8	-29.0	
96.95	31.1	9.0	12.1	2.0	-71.2	75.8	-28.1	-143.4	-242.0	3306.8	-1527.5	-29.6	
97.00	31.3	9.4	11.9	2.0	-70.7	75.9	-28.6	-143.2	-245.4	3292.1	-1459.0	-29.8	
97.05	31.5	9.7	10.8	2.0	-70.6	76.0	-28.4	-145.2	-244.4	3308.4	-1387.8	-33.7	
97.10	31.7	9.7	9.1	2.0	-70.4	76.1	-24.4	-147.9	-239.9	3340.2	-1259.8	-39.2	
97.15	32.0	9.6	8.4	2.0	-69.2	76.2	-17.3	-147.9	-238.9	3334.8	-1011.5	-40.5	
97.20	32.2	9.4	7.8	2.0	-68.1	76.3	-9.9	-147.2	-240.6	3327.4	-703.0	-41.2	
97.25	32.4	9.2	6.3	2.0	-68.2	76.4	-4.3	-149.6	-239.1	3375.6	-445.1	-46.7	
97.30	32.6	9.2	4.4	2.0	-68.3	76.5	0.5	-150.8	-236.7	3407.7	-200.4	-53.3	
97.35	32.8	9.0	3.7	2.0	-67.4	76.6	6.1	-147.1	-237.7	3349.7	89.9	-54.8	
97.40	33.0	8.9	2.9	2.0	-66.5	76.7	10.6	-143.1	-238.0	3277.5	335.1	-56.4	
97.45	33.2	9.4	1.1	2.0	-66.7	76.8	13.3	-143.9	-235.3	3271.7	505.9	-62.8	
97.50	33.4	9.6	-0.7	2.0	-67.4	76.9	16.4	-145.8	-234.2	3284.9	699.8	-69.9	
97.55	33.6	9.7	-1.7	2.0	-68.2	77.0	21.1	-145.7	-235.8	3280.0	943.5	-74.1	
97.60	33.8	9.4	-2.2	2.0	-69.1	77.1	26.8	-145.5	-235.5	3282.5	1156.6	-76.7	
97.65	34.0	9.7	-2.8	2.0	-69.8	77.2	30.6	-146.4	-232.5	3291.7	1277.7	-79.4	
97.70	34.2	10.0	-3.4	2.0	-69.8	77.3	32.3	-145.8	-231.5	3266.4	1349.3	-81.5	
97.75	34.4	10.2	-2.7	2.0	-69.3	77.4	32.3	-144.3	-232.7	3212.9	1380.7	-78.6	
97.80	34.6	10.3	-2.3	2.0	-69.0	77.5	31.8	-144.7	-231.6	3206.2	1349.3	-77.1	
97.85	34.8	10.3	-2.3	2.0	-69.2	77.6	30.4	-146.6	-228.9	3259.5	1250.5	-77.3	
97.90	35.0	10.2	-2.1	2.0	-69.7	77.7	27.6	-149.3	-228.7	3335.2	1120.5	-77.0	
97.95	35.2	10.6	-1.7	2.0	-69.8	77.8	23.1	-152.2	-230.2	3393.7	945.3	-75.5	
98.00	35.4	10.7	-1.1	2.0	-70.0	77.9	18.3	-156.5	-229.2	3452.2	716.7	-73.8	
98.05	35.6	10.4	-0.8	2.0	-69.8	78.0	13.6	-158.8	-226.8	3475.9	466.3	-72.4	
98.10	35.8	10.2	-0.0	2.0	-69.4	78.1	7.9	-158.4	-226.5	3472.1	217.0	-69.5	
98.15	36.0	9.9	1.4	2.0	-69.5	78.2	2.7	-158.1	-227.0	3483.6	-37.5	-64.6	
98.20	36.2	9.6	3.4	2.0	-70.6	78.3	-1.1	-161.1	-225.7	3546.8	-298.1	-58.9	
98.25	36.4	9.5	4.9	2.0	-71.9	78.4	-4.2	-164.0	-224.0	3613.0	-526.7	-55.1	
98.30	36.6	9.4	6.1	2.0	-72.9	78.5	-8.2	-164.8	-224.0	3659.3	-725.0	-51.9	
98.35	36.8	9.3	7.2	2.0	-74.0	78.6	-12.2	-165.1	-225.2	3698.6	-893.6	-49.2	
98.40	37.0	9.1	8.7	2.0	-74.7	78.7	-15.3	-165.2	-225.1	3711.8	-1047.2	-44.9	
98.45	37.2	9.0	9.9	2.0	-74.7	78.8	-17.4	-162.9	-223.7	3680.7	-1178.7	-40.5	
98.50	37.3	9.0	10.3	2.0	-74.4	78.9	-18.7	-160.5	-222.7	3643.5	-1253.6	-39.1	
98.55	37.5	9.0	9.9	2.0	-75.0	79.0	-19.4	-162.7	-222.6	3678.1	-1262.4	-40.9	
98.60	37.7	9.1	8.9	2.0	-76.0	79.1	-18.6	-166.9	-223.1	3768.7	-1189.1	-45.6	
98.65	37.9	9.4	8.2	2.0	-76.5	79.2	-15.9	-168.0	-223.4	3845.3	-1054.1	-48.2	
98.70	38.1	9.7	7.6	2.0	-76.2	79.3	-11.6	-166.4	-222.5	3870.6	-881.6	-50.2	
98.75	38.2	9.7	7.2	2.0	-75.3	79.4	-6.7	-165.5	-221.0	3850.7	-687.4	-50.7	
98.80	38.4	9.6	6.2	2.0	-74.4	79.5	-3.8	-165.1	-220.6	3809.7	-485.2	-53.0	
98.85	38.6	9.9	4.8	2.0	-73.5	79.6	-1.0	-162.6	-221.1	3777.2	-248.5	-56.9	
98.90	38.8	10.0	3.7	2.0	-73.5	79.7	4.3	-161.0	-220.3	3783.3	11.1	-60.6	
98.95	38.9	10.1	2.4	2.0	-74.1	79.8	12.2	-162.8	-218.1	3815.1	285.2	-65.9	
99.00	39.1	10.3	0.9	2.0	-75.4	79.9	18.1	-166.9	-217.1	3875.4	542.0	-72.2	
99.05	39.3	10.4	-1.0	2.0	-77.1	80.0	22.0	-172.0	-217.2	3947.3	778.7	-80.6	
99.10	39.5	10.4	-2.4	2.0	-78.5	80.1	25.9	-176.2	-216.6	3993.9	994.6	-86.8	
99.15	39.6	10.4	-2.8	2.0	-79.1	80.2	30.1	-175.4	-215.5	3990.5	1182.5	-88.6	
99.20	39.8	10.1	-2.8	2.0	-79.1	80.3	33.1	-171.6	-214.6	3959.4	1317.6	-88.5	
99.25	40.0	9.9	-2.6	2.0	-79.1	80.4	34.6	-170.7	-213.6	3944.2	1387.5	-88.1	
99.30	40.2	10.1	-3.2	2.0	-79.8	80.5	34.8	-174.1	-212.7	3976.9	1409.8	-90.7	
99.35	40.3	10.0	-3.7	2.0	-80.7	80.6	34.2	-177.0	-212.6	4044.2	1402.1	-93.2	
99.40	40.5	9.9	-3.3	2.0	-81.1	80.7	34.5	-176.6	-212.9	4086.0	1388.5	-92.3	
99.45	40.7	9.9	-2.4	2.0	-80.8	80.8	35.3	-176.5	-211.9	4080.3	1331.7	-89.2	
99.50	40.8	9.8	-2.1	2.0	-80.3	80.9	34.3	-178.4	-210.3	4070.1	1209.2	-87.3	
99.55	41.0	9.6	-2.0	2.0	-79.7	81.0	30.4	-179.6	-210.8	4066.1	1050.2	-86.5	
99.60	41.2	9.2	-1.5	2.0	-79.0	81.1	25.6	-179.8	-212.2	4058.2	878.8	-84.1	
99.65	41.3	9.5	-0.6	2.0	-78.9	81.2	22.3	-180.1	-212.0	4082.4	695.8	-80.9	
99.70	41.5	9.7	0.7	2.0	-79.0	81.3	18.9	-178.9	-211.1	4123.2	488.7	-76.6	
99.75	41.7	9.9	1.6	2.0	-79.1	81.4	14.0	-177.4	-211.7	4155.1	281.1	-73.4	
99.80	41.8	10.2	2.6	2.0	-79.4	81.5	8.3	-178.9	-212.9	4182.4	79.2	-70.5	
99.85	42.0	10.3	3.7	2.0	-79.5	81.6	3.8	-180.2	-213.2	4191.7	-103.5	-66.8	
99.90	42.1	10.2	4.3	2.0	-79.3	81.7	0.3	-177.8	-212.5	4176.9	-268.3	-64.7	
99.95	42.3	9.6	5.3	2.0	-79.0	81.8	-2.2	-174.0	-212.2	4149.3	-396.9	-60.6	
100.00	42.4	9.6	6.3	2.0	-78.7	81.9	-4.0	-173.1	-212.5	4124.1	-499.9	-57.3	
100.05	42.6	9.6	6.4	2.0	-79.1	82.0	-6.5	-175.6	-212.1	4127.8	-609.7	-57.1	
100.10	42.7	9.4	6.5	2.0	-79.8	82.1	-8.8	-178.6	-211.2	4161.2	-703.3	-57.4	
100.15	42.9	9.4	6.4	2.0	-80.2	82.2	-9.7	-179.8	-210.7	4183.1	-743.8	-58.2	
100.20	43.0	9.6	6.3	2.0	-80.4	82.3	-9.8	-179.2	-210.3	4196.0	-740.9	-58.7	
100.25	43.2	9.9	6.3	2.0	-80.6	82.4	-10.1	-179.0	-209.8	4219.9	-725.7	-59.2	
100.30	43.3	9.8	6.2	2.0	-80.4	82.5	-10.1	-178.5	-209.1	4212.9	-693.4	-59.1	
100.35	43.5	9.8	6.0	2.0	-80.1	82.6	-8.8	-178.8	-208.7	4198.4	-623.8	-59.5	
100.40	43.6	10.0	5.6	2.0	-80.1	82.7	-6.6	-179.8	-208.0	4210.4	-524.4	-61.0	
100.45	43.8	10.4	4.6	2.0	-80.5	82.8	-3.6	-181.7	-206.7	4244.7	-411.1	-64.7	
100.50	43.9	10.5	4.0	2.0	-80.6	82.9	0.4	-183.5	-206.0	4264.0	-259.1	-67.0	
100.55	44.1	10.5	3.4	2.0	-80.2	83.0	5.0	-183.8	-205.8	4238.9	-73.9	-68.4	
100.60	44.2	10.8	1.8	2.0	-79.7	83.1	8.6	-183.8	-204.3	4202.7	84.8	-73.4	
100.65	44.4	10.8	1.0	2.0	-79.4	83.2	12.1	-184.2	-202.9	4167.9	248.6	-76.0	
100.70	44.5	10.6	0.7	2.0	-78.9	83.3	15.9	-182.3	-204.0	4118.8	452.6	-76.6	
100.75	44.7	10.6	-0.1	2.0	-78.8	83.4	19.1	-179.4	-205.0	4090.9	644.0	-79.1	
100.80	44.8	10.6	-1.1	2.0	-79.7	83.5	21.0	-179.7	-203.6	4138.0	769.0	-83.5	
100.85	44.9	10.4	-1.9	2.0	-81.0	83.6	23.6	-183.0	-202.7	4207.4	886.2	-87.4	
100.90	45.1	10.1	-2.2	2.0	-81.9	83.7	26.4	-185.2	-203.6	4242.6	1018.5	-89.4	
100.95	45.2	10.2	-2.5	2.0	-82.2	83.8	28.1	-183.7	-204.0	4241.1	1129.4	-90.7	
101.00	45.3	10.2	-2.7	2.0	-82.3	83.9	28.9	-182.3	-203.0	4229.2	1193.7	-91.7	
101.05	45.5	9.8	-2.6	2.0	-82.0	84.0	29.4	-182.0	-202.5	4199.7	1219.8	-91.0	
101.10	45.6	9.5	-2.4	2.0	-81.6	84.1	29.0	-182.1	-203.2	4170.7	1211.8	-89.7	
101.15	45.7	9.5	-2.1	2.0	-81.3	84.2	27.5	-181.9	-202.9	4166.0	1151.0	-88.6	
101.20	45.9	9.6	-2.2	2.0	-81.4	84.3	25.4	-182.9	-201.5	4201.8	1039.5	-88.9	
101.25	46.0	10.0	-2.0	2.0	-81.3	84.4	22.2	-183.7	-201.0	4225.2	899.7	-88.3	
101.30	46.1	10.0	-1.4	2.0	-80.8	84.5	17.6	-183.6	-201.4	4223.7	728.4	-85.5	
101.35	46.2	9.8	-0.5	2.0	-80.3	84.6	12.8	-183.9	-200.6	4220.0	518.3	-81.9	
101.40	46.4	9.8	0.5	2.0	-80.0	84.7	8.5	-184.5	-199.0	4214.6	297.3	-78.2	
101.45	46.5	9.8	1.6	2.0	-79.8	84.8	4.0	-184.2	-199.0	4210.8	89.3	-74.2	
101.50	46.6	9.8	2.8	2.0	-79.8	84.9	-0.6	-183.5	-199.5	4211.9	-126.2	-70.2	
101.55	46.7	10.2	3.8	2.0	-80.3	85.0	-4.4	-185.6	-198.4	4233.0	-356.1	-67.2	
101.60	46.8	10.3	4.6	2.0	-81.4	85.1	-8.1	-189.5	-196.4	4282.0	-587.5	-65.6	
101.65	47.0	10.4	5.0	2.0	-82.3	85.2	-11.8	-190.9	-195.9	4317.5	-777.9	-65.2	
101.70	47.1	10.5	6.4	2.0	-82.8	85.3	-14.0	-190.9	-196.3	4325.9	-904.0	-60.8	
101.75	47.2	10.5	7.1	2.0	-82.8	85.4	-15.0	-189.9	-195.7	4309.3	-986.5	-58.5	
101.80	47.3	10.6	7.7	2.0	-82.6	85.5	-16.4	-188.2	-195.0	4290.0	-1048.8	-56.3	
101.85	47.4	10.9	8.0	2.0	-82.6	85.6	-18.3	-187.1	-195.2	4279.3	-1089.8	-55.0	
101.90	47.6	11.0	8.0	2.0	-82.8	85.7	-19.2	-187.7	-195.5	4289.8	-1098.6	-55.2	
101.95	47.7	11.1	7.7	2.0	-82.9	85.8	-18.5	-187.9	-195.0	4309.6	-1065.2	-56.7	
102.00	47.8	11.3	6.7	2.0	-83.1	85.9	-16.4	-188.3	-193.9	4342.6	-979.2	-59.9	
102.05	47.9	11.1	6.0	2.0	-83.3	86.0	-14.1	-189.2	-193.6	4385.9	-846.6	-62.8	
102.10	48.0	10.8	5.6	2.0	-83.4	86.1	-10.3	-190.5	-193.9	4417.3	-659.9	-64.3	
102.15	48.1	10.5	5.4	2.0	-83.2	86.2	-4.8	-191.0	-193.6	4435.4	-432.5	-64.8	
102.20	48.2	10.7	4.9	2.0	-83.4	86.3	0.7	-191.3	-192.7	4467.6	-190.0	-66.7	
102.25	48.3	10.6	3.9	2.0	-84.0	86.4	5.2	-192.1	-191.7	4516.3	29.1	-70.7	
102.30	48.4	10.4	3.1	2.0	-84.9	86.5	8.9	-193.6	-191.4	4570.1	232.0	-74.1	
102.35	48.5	10.5	2.3	2.0	-85.6	86.6	11.8	-194.5	-191.2	4604.7	414.1	-77.6	
102.40	48.6	10.7	0.7	2.0	-85.7	86.7	14.5	-194.3	-189.6	4601.3	558.7	-83.3	
102.45	48.7	11.0	0.2	2.0	-85.8	86.8	17.6	-194.8	-187.6	4588.4	694.1	-85.2	
102.50	48.8	11.5	0.1	2.0	-85.8	86.9	20.6	-194.7	-187.4	4565.1	851.4	-85.3	
102.55	48.9	11.9	-0.2	2.0	-85.9	87.0	23.5	-194.3	-187.2	4545.3	996.5	-86.5	
102.60	49.0	12.2	-0.4	2.0	-86.5	87.1	26.0	-196.0	-185.8	4559.4	1089.8	-87.8	
102.65	49.1	12.0	-0.7	2.0	-86.7	87.2	27.3	-196.6	-184.7	4563.7	1127.4	-88.9	
102.70	49.2	12.1	-0.9	2.0	-86.5	87.3	28.0	-197.4	-184.1	4552.7	1116.0	-89.6	
102.75	49.3	12.3	-0.8	2.0	-86.4	87.4	28.5	-199.3	-182.6	4551.9	1067.7	-89.1	
102.80	49.4	12.4	-1.2	2.0	-86.1	87.5	25.8	-198.7	-181.6	4554.5	964.8	-90.1	
102.85	49.5	12.3	-0.8	2.0	-85.9	87.6	21.8	-197.6	-182.4	4563.0	849.5	-88.7	
102.90	49.6	12.3	-0.2	2.0	-85.8	87.7	20.2	-199.5	-183.3	4568.3	746.0	-86.4	
102.95	49.7	12.4	0.5	2.0	-86.0	87.8	18.5	-202.3	-182.2	4598.5	611.2	-84.4	
103.00	49.8	12.6	0.6	2.0	-86.4	87.9	14.8	-203.2	-181.4	4649.0	447.3	-84.5	
103.05	49.9	12.5	1.3	2.0	-86.5	88.0	10.8	-202.7	-183.2	4667.4	302.2	-82.1	
103.10	50.0	12.0	2.2	2.0	-86.3	88.1	8.3	-204.2	-184.2	4650.6	159.9	-78.7	
103.15	50.1	12.1	2.2	2.0	-85.8	88.2	5.2	-204.4	-182.3	4619.0	-41.7	-78.1	
103.20	50.2	12.4	2.9	2.0	-85.2	88.3	0.5	-201.2	-181.3	4579.7	-249.2	-75.3	
103.25	50.2	12.8	4.4	2.0	-84.8	88.4	-2.2	-198.9	-183.1	4544.3	-374.1	-69.7	
103.30	50.3	12.9	5.5	2.0	-85.1	88.5	-3.4	-200.1	-183.5	4556.5	-473.3	-66.3	
103.35	50.4	12.9	5.5	2.0	-85.9	88.6	-5.8	-200.5	-182.0	4600.6	-588.3	-66.9	
103.40	50.5	12.9	5.9	2.0	-86.4	88.7	-7.8	-199.9	-181.7	4635.8	-658.5	-66.0	
103.45	50.6	13.0	6.6	2.0	-86.8	88.8	-6.8	-200.7	-182.1	4657.0	-666.5	-64.1	
103.50	50.6	12.8	6.9	2.0	-87.3	88.9	-6.3	-202.0	-181.0	4692.4	-686.9	-63.6	
103.55	50.7	12.5	6.6	2.0	-87.8	89.0	-8.2	-201.1	-179.7	4731.3	-715.9	-65.1	
103.60	50.8	12.8	6.7	2.0	-88.1	89.1	-8.5	-200.8	-180.0	4757.6	-684.8	-65.2	
103.65	50.9	13.1	7.0	2.0	-88.7	89.2	-5.4	-204.0	-180.0	4804.6	-593.7	-64.8	
103.70	50.9	13.4	6.4	2.0	-89.6	89.3	-2.7	-206.3	-178.1	4881.8	-500.3	-67.5	
103.75	51.0	12.8	5.6	2.0	-90.7	89.4	0.1	-207.7	-176.6	4968.6	-371.4	-71.4	
103.80	51.1	12.6	5.7	2.0	-91.3	89.5	5.4	-210.2	-176.7	5025.2	-165.7	-71.9	
103.85	51.1	12.5	5.4	2.0	-91.6	89.6	10.5	-211.7	-176.7	5043.7	47.5	-72.9	
103.90	51.2	12.1	4.1	2.0	-91.8	89.7	13.5	-211.3	-175.0	5057.7	207.7	-77.7	
103.95	51.3	11.7	3.4	2.0	-92.1	89.8	17.2	-210.6	-173.7	5068.6	381.9	-80.3	
104.00	51.4	11.6	3.4	2.0	-92.2	89.9	21.9	-209.6	-174.8	5057.1	600.9	-80.7	
104.05	51.4	11.9	2.8	2.0	-92.5	90.0	25.0	-209.5	-175.3	5051.5	780.5	-82.7	
104.10	51.5	12.0	1.1	2.0	-92.8	90.1	26.3	-210.2	-174.1	5056.5	897.9	-89.0	
104.15	51.6	12.0	-0.1	2.0	-93.1	90.2	27.6	-211.2	-174.2	5053.6	1022.6	-93.4	
104.20	51.7	12.1	-0.5	2.0	-93.7	90.3	30.8	-213.3	-176.1	5060.6	1171.4	-95.6	
104.25	51.7	12.3	-0.5	2.0	-94.5	90.4	33.7	-214.4	-176.0	5094.8	1269.8	-96.4	
104.30	51.8	12.5	-22.4	1.5	-94.9	90.5	34.3	-213.7	-175.1	5117.2	1314.7	-106.9	
104.35	51.9	12.8	-16.7	1.1	-94.8	90.5	35.4	-213.5	-175.5	5097.6	1358.9	-103.8	
104.40	51.9	12.6	-12.3	0.8	-94.5	90.6	36.6	-213.9	-176.9	5060.7	1385.7	-100.5	
104.45	52.0	12.3	-9.4	0.6	-94.2	90.6	35.4	-213.5	-176.5	5050.3	1336.1	-99.6	
104.50	52.1	12.0	-7.3	0.5	-93.5	90.6	33.0	-211.4	-175.5	5033.2	1232.6	-98.5	
104.55	52.1	12.0	-5.3	0.3	-92.3	90.6	31.1	-210.0	-176.0	4968.0	1123.6	-95.7	
104.60	52.2	12.2	-3.9	0.3	-90.7	90.7	27.6	-209.8	-177.1	4877.9	978.7	-93.0	
104.65	52.3	12.5	-3.2	0.2	-89.4	90.7	21.4	-209.6	-176.1	4825.6	747.1	-92.3	
104.70	52.3	12.3	-2.6	0.1	-88.7	90.7	16.3	-209.2	-175.1	4800.6	520.5	-91.3	
104.75	52.4	12.2	-0.7	0.1	-87.7	90.7	14.2	-207.3	-176.0	4743.0	365.8	-85.5	
104.80	52.4	12.4	1.4	0.1	-86.7	90.7	12.7	-205.3	-175.7	4683.8	207.5	-78.5	
104.85	52.5	12.8	2.4	0.1	-86.1	90.7	8.8	-203.8	-173.4	4652.1	-7.0	-75.5	
104.90	52.5	12.9	3.3	0.0	-85.8	90.7	5.0	-202.7	-173.3	4625.4	-178.0	-72.4	
104.95	52.6	12.9	4.6	0.0	-85.4	90.7	3.9	-202.4	-175.1	4595.9	-279.3	-68.2	
105.00	52.6	13.0	5.9	0.0	-85.6	90.7	2.0	-202.6	-174.6	4600.0	-412.0	-64.4	
105.05	52.7	13.0	6.1	0.0	-86.1	90.7	-1.2	-203.2	-172.6	4616.5	-564.6	-64.5	
105.10	52.7	12.9	5.6	0.0	-86.2	90.7	-3.4	-204.4	-172.7	4615.8	-650.7	-66.5	
105.15	52.8	13.0	5.7	0.0	-86.2	90.7	-4.9	-205.3	-174.4	4608.3	-674.8	-66.1	
105.20	52.8	13.1	5.8	0.0	-86.0	90.7	-6.3	-204.0	-175.1	4597.0	-668.5	-65.7	
105.25	52.9	13.1	5.6	0.0	-85.6	90.7	-6.2	-201.5	-174.4	4574.0	-631.2	-66.0	
105.30	53.0	13.0	5.8	0.0	-84.9	90.7	-3.7	-200.1	-174.2	4539.8	-538.5	-64.8	
105.35	53.0	13.5	5.7	0.0	-84.7	90.7	-0.9	-200.5	-174.9	4537.2	-411.2	-65.1	
105.40	53.1	13.9	5.1	0.0	-85.4	90.7	0.9	-201.9	-175.1	4591.5	-283.7	-67.7	
105.45	53.1	13.9	4.4	0.0	-86.1	90.7	3.6	-202.7	-175.2	4652.6	-128.6	-70.9	
105.50	53.2	13.9	2.9	0.0	-86.7	90.7	7.8	-204.5	-175.3	4693.4	52.6	-76.7	
105.55	53.2	14.0	2.4	0.0	-87.5	90.7	12.3	-207.4	-174.6	4742.1	220.8	-79.2	
105.60	53.3	14.2	2.7	0.0	-88.6	90.7	15.5	-209.4	-174.1	4807.2	384.4	-79.2	
105.65	53.3	14.5	1.6	0.0	-89.5	90.7	18.6	-209.4	-175.4	4857.8	575.1	-84.2	
105.70	53.4	14.6	0.8	0.0	-91.0	90.7	21.4	-211.8	-176.0	4934.5	746.7	-88.2	
105.75	53.4	14.7	0.1	0.0	-92.4	90.7	23.3	-214.3	-175.2	5021.4	858.5	-92.1	
105.80	53.5	14.4	-0.5	0.0	-93.4	90.7	24.1	-214.9	-174.3	5085.3	923.5	-95.1	
105.85	53.5	14.3	-0.7	0.0	-93.7	90.7	25.5	-213.9	-174.1	5097.9	988.7	-96.2	
105.90	53.6	14.2	-0.5	0.0	-93.6	90.7	27.5	-213.6	-173.5	5078.6	1044.9	-95.4	
105.95	53.6	13.8	-0.7	0.0	-93.2	90.7	27.7	-213.3	-172.2	5050.5	1059.3	-95.7	
106.00	53.6	13.6	-0.8	0.0	-92.8	90.7	27.4	-212.1	-171.7	5019.3	1058.4	-95.5	
106.05	53.7	13.5	0.1	0.0	-92.6	90.7	29.0	-211.7	-171.5	5001.7	1068.3	-92.3	
106.10	53.7	13.4	1.1	0.0	-92.9	90.7	31.0	-214.1	-170.8	5019.7	1057.2	-89.1	
106.15	53.7	13.2	1.3	0.0	-92.9	90.7	29.7	-214.8	-169.8	5040.9	976.4	-88.5	
106.20	53.8	13.1	1.2	0.0	-92.6	90.7	25.5	-213.8	-169.9	5042.4	847.6	-88.6	
106.25	53.8	13.6	1.3	0.0	-91.7	90.7	20.3	-212.1	-171.0	5005.0	688.2	-87.3	
106.30	53.8	13.6	1.6	0.0	-90.8	90.7	15.2	-210.7	-171.3	4961.1	486.3	-85.4	
106.35	53.9	13.6	2.1	0.0	-90.3	90.7	11.2	-209.9	-170.8	4943.3	286.5	-83.2	
106.40	53.9	13.4	2.4	0.0	-90.2	90.7	7.8	-209.8	-171.1	4945.7	131.2	-82.0	
106.45	54.0	13.7	2.7	0.0	-90.5	90.7	5.0	-211.6	-172.0	4964.3	7.3	-81.3	
106.50	54.0	13.6	2.6	0.0	-91.0	90.7	1.9	-214.3	-172.7	4988.3	-127.9	-82.0	
106.55	54.0	13.2	3.5	0.0	-90.7	90.7	0.1	-214.4	-173.2	4962.8	-242.7	-78.6	
106.60	54.1	13.2	4.9	0.0	-89.6	90.7	0.5	-211.6	-172.8	4881.4	-326.3	-72.6	
106.65	54.1	13.2	6.0	0.0	-88.4	90.7	-0.7	-208.0	-171.7	4798.5	-423.0	-67.9	
106.70	54.1	13.3	5.8	0.0	-87.8	90.7	-4.7	-206.0	-172.0	4748.3	-537.6	-68.1	
106.75	54.1	13.3	5.6	0.0	-87.7	90.7	-9.0	-206.0	-173.6	4723.8	-640.5	-68.7	
106.80	54.2	13.4	5.8	0.0	-87.7	90.7	-10.1	-207.2	-173.6	4713.2	-702.4	-67.9	
106.85	54.2	13.5	5.7	0.0	-87.7	90.7	-9.3	-207.3	-171.5	4706.1	-725.8	-68.2	
106.90	54.2	13.3	5.4	0.0	-87.5	90.7	-8.4	-206.9	-170.2	4701.4	-701.4	-69.0	
106.95	54.3	13.1	4.6	0.0	-87.3	90.7	-7.8	-207.6	-170.9	4693.1	-631.4	-71.6	
107.00	54.3	12.9	4.7	0.0	-87.1	90.7	-6.5	-208.8	-171.6	4684.9	-532.9	-71.1	
107.05	54.3	12.7	4.8	0.0	-87.0	90.7	-3.2	-209.3	-170.0	4690.8	-421.2	-70.6	
107.10	54.3	13.2	4.1	0.0	-87.1	90.7	1.5	-208.3	-167.6	4709.2	-293.0	-73.1	
107.15	54.3	13.5	3.8	0.0	-87.6	90.7	5.3	-209.0	-166.9	4749.4	-141.2	-74.5	
107.20	54.4	13.6	3.0	0.0	-88.3	90.7	7.3	-211.4	-167.4	4803.1	7.0	-77.9	
107.25	54.4	13.1	2.2	0.0	-88.9	90.7	8.7	-212.2	-167.5	4838.3	148.1	-81.2	
107.30	54.4	12.6	1.6	0.0	-88.7	90.7	11.7	-210.4	-166.5	4824.4	305.0	-83.4	
107.35	54.4	12.2	1.2	0.0	-88.5	90.7	16.4	-209.4	-165.1	4794.3	476.6	-84.3	
107.40	54.5	11.8	0.5	0.0	-88.8	90.7	19.9	-210.8	-164.3	4800.4	627.8	-87.0	
107.45	54.5	11.8	-0.3	0.0	-89.7	90.7	21.2	-212.4	-165.1	4842.8	766.8	-90.6	
107.50	54.5	12.1	-0.7	0.0	-90.6	90.7	23.7	-213.6	-166.0	4880.8	915.1	-92.9	
107.55	54.5	12.5	-0.6	0.0	-91.0	90.7	28.3	-213.9	-165.2	4885.4	1049.0	-93.1	
107.60	54.6	12.7	-0.9	0.0	-91.0	90.7	30.3	-212.8	-164.2	4874.5	1100.8	-94.2	
107.65	54.6	12.6	-1.2	0.0	-90.9	90.7	29.2	-212.6	-164.5	4872.4	1091.7	-95.2	
107.70	54.6	12.7	-1.3	0.0	-90.8	90.7	27.9	-213.1	-165.8	4868.1	1070.6	-95.3	
107.75	54.6	12.6	-0.8	0.0	-90.6	90.7	26.9	-212.0	-166.4	4856.6	1039.7	-93.3	
107.80	54.6	12.4	-0.7	0.0	-90.1	90.7	26.5	-209.9	-165.6	4843.1	978.6	-92.4	
107.85	54.7	12.6	-0.3	0.0	-89.8	90.7	25.6	-210.0	-164.7	4833.4	882.5	-90.6	
107.90	54.7	12.5	-0.3	0.0	-89.3	90.7	23.1	-211.8	-164.9	4815.0	757.1	-90.3	
107.95	54.7	12.4	0.1	0.0	-88.7	90.7	20.0	-212.4	-165.9	4788.0	627.4	-88.3	
108.00	54.7	12.4	0.8	0.0	-87.9	90.7	17.4	-210.3	-166.2	4744.0	499.1	-85.1	
108.05	54.8	12.5	1.3	0.0	-86.7	90.7	14.2	-207.0	-165.3	4682.5	331.4	-82.1	
108.10	54.8	12.6	2.0	0.0	-86.1	90.7	10.9	-207.6	-164.0	4644.9	131.5	-79.3	
108.15	54.8	12.8	2.7	0.0	-86.2	90.7	7.5	-210.1	-163.8	4644.5	-53.4	-76.7	
108.20	54.8	13.2	3.3	0.0	-86.7	90.7	4.3	-210.7	-163.9	4677.1	-195.7	-75.4	
108.25	54.8	13.5	3.7	0.0	-87.3	90.7	2.4	-210.2	-163.2	4722.6	-295.6	-74.4	
108.30	54.9	13.5	4.5	0.0	-87.6	90.7	2.1	-210.5	-162.4	4742.6	-360.4	-72.1	
108.35	54.9	13.5	5.3	0.0	-87.4	90.7	1.4	-210.8	-162.6	4721.6	-416.7	-69.3	
108.40	54.9	13.5	5.3	0.0	-87.0	90.7	-0.9	-209.9	-162.3	4688.0	-490.4	-68.9	
108.45	54.9	13.7	5.4	0.0	-86.9	90.7	-2.6	-209.2	-162.0	4675.3	-524.6	-68.2	
108.50	54.9	13.7	4.9	0.0	-87.1	90.7	-2.5	-209.3	-162.4	4693.0	-506.9	-70.3	
108.55	55.0	13.6	4.2	0.0	-88.1	90.7	-2.7	-212.0	-162.7	4761.4	-483.6	-73.6	
108.60	55.0	13.4	3.6	0.0	-89.1	90.7	-2.5	-215.0	-162.5	4835.5	-451.1	-76.7	
108.65	55.0	13.1	3.6	0.0	-89.5	90.7	-0.1	-215.7	-162.6	4867.1	-360.2	-77.2	
108.70	55.0	12.9	3.8	0.0	-89.3	90.7	4.6	-214.2	-162.3	4865.9	-207.3	-76.2	
108.75	55.1	13.0	3.9	0.0	-89.1	90.7	8.8	-211.4	-162.2	4863.7	-30.0	-75.7	
108.80	55.1	12.6	3.7	0.0	-89.4	90.7	11.6	-210.3	-163.0	4886.7	136.9	-76.8	
108.85	55.1	12.5	3.2	0.0	-90.0	90.7	14.1	-211.5	-163.6	4924.6	273.3	-79.0	
108.90	55.1	12.6	2.7	0.0	-90.9	90.7	17.5	-214.0	-162.9	4976.4	392.8	-81.7	
108.95	55.2	12.6	2.0	0.0	-91.8	90.7	20.9	-215.7	-162.1	5026.7	517.7	-84.9	
109.00	55.2	12.6	0.9	0.0	-92.4	90.7	22.8	-216.1	-162.8	5056.4	645.5	-89.2	
109.05	55.2	12.7	-0.2	0.0	-92.9	90.7	23.7	-217.7	-163.6	5076.3	749.9	-93.6	
109.10	55.3	12.6	-0.6	0.0	-93.3	90.7	25.6	-219.2	-163.5	5081.3	850.9	-95.2	
109.15	55.3	12.2	-0.2	0.0	-93.5	90.7	29.7	-218.2	-162.9	5077.8	979.4	-94.1	
109.20	55.3	11.9	0.3	0.0	-94.1	90.7	34.0	-216.8	-161.9	5099.0	1105.6	-93.1	
109.25	55.3	12.1	0.5	0.0	-95.1	90.7	36.4	-218.2	-161.1	5153.5	1185.4	-93.4	
109.30	55.3	12.5	0.2	0.0	-95.9	90.7	36.5	-221.0	-161.5	5200.3	1222.6	-95.1	
109.35	55.4	12.7	-0.5	0.0	-96.0	90.7	35.8	-221.8	-162.3	5204.7	1226.8	-97.5	
109.40	55.4	12.5	-1.0	0.0	-95.4	90.7	34.7	-220.5	-161.4	5172.1	1188.5	-98.7	
109.45	55.4	12.0	-1.2	0.0	-94.5	90.7	33.4	-218.7	-160.2	5123.1	1119.5	-98.7	
109.50	55.4	11.6	-1.1	0.0	-93.6	90.7	31.3	-217.9	-160.6	5073.9	1050.9	-97.3	
109.55	55.5	11.8	-1.3	0.0	-93.0	90.7	28.3	-217.8	-161.9	5039.3	979.2	-97.5	
109.60	55.5	11.8	-1.3	0.0	-92.7	90.7	26.1	-217.9	-161.7	5032.2	894.1	-97.1	
109.65	55.5	11.9	-0.6	0.0	-92.2	90.7	25.6	-216.6	-161.2	5015.3	810.8	-94.2	
109.70	55.5	11.8	0.5	0.0	-91.4	90.7	25.2	-214.7	-161.6	4974.1	720.0	-89.5	
109.75	55.5	11.8	1.0	0.0	-90.4	90.7	22.1	-213.4	-161.8	4922.1	568.4	-87.1	
109.80	55.6	11.9	1.0	0.0	-89.2	90.7	16.3	-211.5	-162.1	4859.0	366.8	-85.7	
109.85	55.6	12.0	1.4	0.0	-88.0	90.7	11.2	-209.6	-163.3	4783.7	180.1	-83.2	
109.90	55.6	12.0	2.0	0.0	-87.1	90.7	8.3	-208.6	-163.8	4720.9	19.2	-80.1	
109.95	55.6	11.7	2.2	0.0	-87.0	90.7	5.6	-209.5	-163.2	4706.8	-145.5	-79.3	
