Time[s]	Rotor azimuth angle[deg]	Hub wind speed magnitude[m/s]	ACTTORQUE1[Nm]	PITRAT1[deg/s]	PITFRIC1[kNm]	PITCH1[deg]	Blade root 1 Fx[KN]	Blade root 1 Fy[KN]	Blade root 1 Fz[KN]	Blade root 1 Mx[kNm]	Blade root 1 My[kNm]	Blade root 1 Mz[kNm]	
END_OF_HEADER
50.00	315.7	13.3	36.8	0.2	-182.4	5.6	256.1	204.4	475.9	-4685.6	10339.6	-47.9	
50.05	318.3	13.3	38.0	0.1	-180.7	5.6	261.1	192.9	473.0	-4329.3	10360.8	-44.1	
50.10	321.0	13.3	37.6	0.0	-176.5	5.6	254.1	176.9	463.0	-3816.5	10282.2	-33.9	
50.15	323.7	13.5	-57.4	-0.1	171.0	5.6	240.8	157.1	452.8	-3257.0	10106.2	-14.5	
50.20	326.4	13.1	-48.0	-0.0	164.0	5.6	227.5	132.2	448.1	-2620.3	9824.3	-2.4	
50.25	329.1	12.9	48.4	0.0	-157.8	5.6	217.4	105.7	442.8	-1924.0	9573.6	-1.1	
50.30	331.8	13.0	49.9	0.2	-153.5	5.6	207.3	82.7	431.4	-1401.0	9397.6	-0.1	
50.35	334.5	13.1	50.5	0.3	-152.0	5.6	202.4	72.9	418.7	-1095.5	9355.0	3.4	
50.40	337.2	13.5	47.9	0.4	-152.0	5.6	203.1	70.0	413.4	-835.3	9387.6	5.1	
50.45	339.9	14.1	44.6	0.3	-153.3	5.7	207.5	60.9	411.8	-578.2	9506.8	5.7	
50.50	342.6	14.0	43.1	0.2	-156.1	5.7	212.5	51.7	407.3	-297.2	9725.5	7.3	
50.55	345.2	13.6	42.4	0.1	-159.6	5.7	218.9	43.8	401.6	64.2	9986.5	2.5	
50.60	347.9	13.0	-52.8	-0.0	162.4	5.7	224.9	30.3	398.6	462.1	10181.5	-7.2	
50.65	350.6	13.1	-52.3	-0.0	164.7	5.7	229.1	15.5	397.7	904.4	10320.7	-11.5	
50.70	353.3	13.4	48.8	0.0	-166.4	5.7	229.3	-3.1	394.1	1328.6	10401.6	-9.3	
50.75	356.0	13.7	51.8	0.2	-166.2	5.7	224.4	-23.2	389.1	1608.2	10362.9	-3.5	
50.80	358.8	13.4	46.8	0.2	-166.0	5.7	224.4	-34.5	387.7	1766.5	10324.5	-10.3	
50.85	1.4	13.4	40.0	0.1	-165.7	5.7	226.3	-42.0	389.0	1812.1	10278.9	-22.2	
50.90	4.2	13.3	37.7	0.1	-165.1	5.7	226.9	-48.2	390.1	1748.2	10239.7	-25.6	
50.95	6.9	13.3	-62.1	-0.1	165.2	5.7	229.0	-50.3	392.5	1701.6	10245.6	-26.2	
51.00	9.6	13.5	-63.6	-0.3	166.8	5.7	234.7	-55.0	396.9	1776.8	10334.3	-28.9	
51.05	12.3	13.8	-64.0	-0.4	169.4	5.7	239.4	-71.7	397.3	1962.3	10474.4	-33.1	
51.10	15.0	14.1	-66.0	-0.5	171.8	5.6	241.5	-90.6	399.2	2306.0	10562.2	-38.7	
51.15	17.6	13.8	-66.7	-0.7	173.3	5.6	241.2	-106.7	405.7	2678.4	10563.7	-34.9	
51.20	20.3	13.7	-69.0	-1.0	175.1	5.6	242.7	-121.8	414.3	3044.4	10581.4	-28.5	
51.25	23.0	13.7	-73.1	-1.3	179.4	5.5	250.0	-132.2	421.3	3454.8	10755.3	-33.1	
51.30	25.7	13.8	-70.1	-1.4	184.5	5.5	256.3	-148.2	427.2	3832.6	10985.9	-35.2	
51.35	28.4	13.7	-63.3	-1.4	188.8	5.4	260.5	-160.1	435.5	4047.9	11224.9	-27.7	
51.40	31.1	13.4	-63.0	-1.4	195.0	5.3	269.8	-163.8	447.2	4329.9	11573.5	-25.3	
51.45	33.8	13.4	-68.4	-1.4	202.9	5.2	278.5	-183.2	456.8	4952.0	11908.7	-33.0	
51.50	36.5	13.5	-73.8	-1.4	210.5	5.2	282.5	-214.0	464.5	5760.3	12107.1	-40.9	
51.55	39.2	13.4	-74.5	-1.4	217.3	5.1	285.9	-236.0	474.0	6494.3	12253.4	-38.8	
51.60	41.9	13.2	-75.9	-1.4	223.7	5.0	288.0	-256.4	481.0	7089.2	12423.1	-35.6	
51.65	44.6	12.8	-88.6	-1.6	232.7	4.9	295.9	-282.3	485.8	7823.4	12692.0	-46.9	
51.70	47.3	12.2	-103.3	-2.0	242.3	4.9	309.5	-303.2	491.8	8560.4	13001.4	-62.1	
51.75	50.0	11.6	-104.1	-2.4	248.7	4.7	321.2	-312.4	501.7	8987.6	13233.6	-60.9	
51.80	52.7	11.4	-94.8	-2.6	252.2	4.6	325.6	-311.6	511.3	9140.3	13431.3	-52.2	
51.85	55.4	11.5	-86.3	-2.5	255.4	4.5	323.1	-315.1	514.9	9270.7	13627.2	-49.5	
51.90	58.1	11.9	-85.9	-2.4	257.9	4.4	317.0	-325.4	520.4	9518.4	13672.9	-51.3	
51.95	60.8	12.3	-91.8	-2.4	258.5	4.3	310.0	-332.6	535.5	9838.7	13482.9	-49.9	
52.00	63.4	12.5	-96.0	-2.6	258.6	4.1	302.8	-341.4	549.8	10087.1	13293.5	-49.7	
52.05	66.1	12.6	-98.0	-2.7	261.5	4.0	298.8	-350.7	556.3	10282.6	13394.1	-58.9	
52.10	68.8	12.4	-101.0	-2.8	265.8	3.9	300.1	-353.7	559.3	10308.4	13773.5	-70.8	
52.15	71.5	12.3	-103.0	-2.9	268.4	3.7	306.8	-354.4	567.6	10071.7	14162.2	-70.7	
52.20	74.2	12.2	-105.9	-3.1	271.0	3.6	322.6	-344.8	581.9	9729.5	14607.1	-67.7	
52.25	76.9	12.5	-107.2	-3.3	275.6	3.4	342.2	-333.1	597.4	9460.4	15163.4	-69.0	
52.30	79.6	12.6	-105.1	-3.4	280.8	3.2	357.0	-330.6	608.7	9163.1	15760.0	-67.7	
52.35	82.2	12.5	-102.5	-3.4	284.9	3.1	368.6	-328.0	621.1	8809.1	16283.5	-61.3	
52.40	84.9	12.7	-101.7	-3.5	288.2	2.9	379.4	-323.7	637.7	8554.6	16666.9	-55.9	
52.45	87.6	12.6	-106.9	-3.6	292.1	2.7	387.0	-329.7	653.3	8611.9	16920.0	-57.8	
52.50	90.3	12.5	-105.8	-3.7	295.6	2.5	390.1	-338.6	667.6	8812.8	17076.5	-54.8	
52.55	93.0	12.3	-102.0	-3.8	298.0	2.3	392.1	-340.0	682.8	8854.3	17240.4	-42.6	
52.60	95.6	12.4	-93.0	-3.7	300.5	2.2	394.9	-337.3	697.3	8721.6	17504.4	-30.9	
52.65	98.3	12.5	-94.3	-3.6	304.4	2.0	400.5	-335.5	710.6	8681.6	17831.6	-33.0	
52.70	101.0	12.5	-105.1	-3.7	307.5	1.8	405.7	-334.8	727.3	8766.5	18032.0	-39.7	
52.75	103.7	12.4	-101.9	-3.8	307.9	1.6	404.4	-327.6	745.7	8792.6	18054.2	-31.7	
52.80	106.3	12.2	-100.5	-3.8	309.6	1.4	402.5	-315.2	762.1	8862.7	18175.5	-28.0	
52.85	109.0	12.1	-105.2	-3.9	315.9	1.2	406.1	-317.8	773.1	9125.8	18557.9	-39.7	
52.90	111.7	12.6	-111.2	-3.9	325.4	1.0	417.4	-339.8	783.6	9529.7	19073.1	-52.1	
52.95	114.4	13.0	-119.3	-3.9	335.9	0.8	440.6	-350.9	799.4	9954.2	19660.0	-70.6	
53.00	117.1	12.3	-126.6	-3.9	345.8	0.6	464.0	-349.2	813.0	10279.8	20265.5	-86.6	
53.05	119.8	12.0	-131.5	-4.0	354.5	0.4	480.3	-350.3	819.0	10467.9	20851.9	-95.3	
53.10	122.4	12.1	-133.1	-4.0	361.0	0.2	493.4	-347.5	826.1	10452.8	21375.2	-94.8	
53.15	125.1	12.5	-89.7	-3.0	363.7	0.1	499.6	-340.2	837.1	10185.0	21718.6	-64.1	
53.20	127.8	12.5	-94.8	-2.3	364.2	-0.1	500.2	-324.2	845.0	9796.8	21959.3	-52.5	
53.25	130.5	12.4	-101.0	-1.8	365.2	-0.2	500.6	-302.4	850.5	9541.7	22186.1	-51.3	
53.30	133.2	12.4	-104.1	-1.3	365.8	-0.2	500.1	-290.8	858.1	9285.8	22357.4	-45.4	
53.35	135.9	12.4	-105.2	-1.0	367.2	-0.3	503.4	-289.1	867.4	9007.0	22573.9	-37.5	
53.40	138.6	12.4	-109.3	-0.7	369.9	-0.3	511.6	-283.9	876.4	8841.2	22835.6	-37.6	
53.45	141.2	12.6	-112.1	-0.6	370.4	-0.4	515.7	-279.0	881.4	8677.6	22929.9	-38.5	
53.50	143.9	12.3	-110.6	-0.4	365.7	-0.4	512.2	-264.3	887.0	8220.5	22743.7	-32.1	
53.55	146.6	12.0	-104.7	-0.3	357.8	-0.4	505.6	-233.9	897.0	7470.8	22421.2	-15.2	
53.60	149.3	11.9	-95.6	-0.2	348.5	-0.4	491.2	-208.5	902.7	6610.0	22028.4	10.5	
53.65	152.0	12.1	-87.9	-0.2	340.1	-0.4	476.0	-193.4	903.0	5868.0	21639.2	31.0	
53.70	154.7	12.3	-83.7	-0.1	333.4	-0.4	470.3	-166.3	907.3	5179.1	21334.1	40.7	
53.75	157.4	12.4	-79.8	-0.1	327.1	-0.5	466.8	-139.8	919.0	4578.1	21002.2	48.9	
53.80	160.0	12.6	-77.6	-0.1	322.0	-0.5	461.9	-132.7	930.4	4334.9	20669.2	52.3	
53.85	162.7	12.7	-75.5	-0.0	317.8	-0.5	455.4	-131.3	936.2	4310.2	20367.1	52.9	
53.90	165.4	12.3	108.3	0.0	-312.1	-0.5	446.1	-121.0	941.6	4151.4	19994.5	55.4	
53.95	168.1	11.8	107.9	0.0	-306.0	-0.5	437.7	-102.0	947.9	3804.8	19626.6	61.2	
54.00	170.8	11.4	107.4	0.1	-301.6	-0.5	432.5	-84.7	953.0	3448.0	19371.5	64.8	
54.05	173.5	11.5	106.0	0.1	-300.4	-0.5	435.0	-71.3	954.9	3083.5	19340.9	61.7	
54.10	176.2	11.6	106.4	0.1	-300.2	-0.5	439.2	-51.1	957.4	2619.0	19388.2	63.6	
54.15	179.0	11.8	108.8	0.1	-299.6	-0.4	439.7	-34.0	960.4	2210.1	19389.6	72.9	
54.20	181.7	11.5	109.7	0.1	-299.4	-0.4	440.5	-31.2	960.9	2114.8	19386.8	76.5	
54.25	184.4	11.1	109.3	0.1	-299.0	-0.4	440.8	-35.4	960.5	2265.9	19339.4	75.5	
54.30	187.1	10.6	109.0	0.1	-297.7	-0.4	438.8	-36.9	961.9	2384.0	19225.1	76.3	
54.35	189.8	10.8	109.3	0.1	-297.6	-0.4	439.8	-26.6	960.6	2330.0	19229.4	77.5	
54.40	192.6	11.1	110.8	0.1	-298.9	-0.4	443.0	-12.2	953.5	2129.1	19350.2	81.1	
54.45	195.3	11.4	112.4	0.1	-301.4	-0.4	450.6	0.7	944.8	1724.2	19565.3	84.5	
54.50	198.0	11.3	110.1	0.1	-304.9	-0.4	463.7	26.1	943.2	1092.8	19835.3	72.9	
54.55	200.8	11.5	107.9	0.1	-305.6	-0.4	467.0	61.3	945.3	397.1	19894.4	68.2	
54.60	203.5	12.2	109.8	0.1	-301.8	-0.4	454.3	79.4	941.4	-99.3	19642.7	77.4	
54.65	206.2	12.2	113.8	0.0	-294.9	-0.4	434.3	80.0	934.1	-317.9	19176.9	97.7	
54.70	209.0	12.0	115.3	0.0	-288.7	-0.4	420.7	84.6	930.4	-463.0	18742.5	108.5	
54.75	211.7	11.7	114.1	0.0	-285.2	-0.4	414.7	93.1	926.2	-749.8	18484.9	107.5	
54.80	214.5	11.5	112.8	0.0	-284.8	-0.4	414.7	106.2	915.7	-1238.0	18426.4	103.1	
54.85	217.2	11.4	114.6	0.0	-285.8	-0.4	418.4	123.5	903.4	-1898.5	18436.3	108.1	
54.90	219.9	11.8	117.7	0.0	-286.4	-0.4	421.0	143.0	895.6	-2713.1	18361.9	118.0	
54.95	222.7	12.2	118.5	0.0	-287.7	-0.4	424.0	171.9	892.4	-3489.7	18289.8	119.4	
55.00	225.4	12.5	119.7	0.0	-288.5	-0.4	422.7	202.3	888.6	-4140.4	18186.7	122.7	
55.05	228.2	12.9	123.8	0.0	-287.4	-0.4	413.6	215.5	881.4	-4657.5	17988.6	137.6	
55.10	230.9	13.3	125.7	0.0	-286.6	-0.4	408.2	221.8	873.7	-4921.0	17862.6	145.0	
55.15	233.7	13.5	124.6	0.0	-285.3	-0.4	404.5	227.5	866.3	-4972.2	17759.3	142.6	
55.20	236.5	13.1	125.2	0.0	-282.4	-0.4	396.4	226.3	858.7	-4980.7	17552.6	147.4	
55.25	239.3	12.8	126.7	0.0	-280.7	-0.4	389.2	236.8	849.8	-5157.6	17383.0	154.4	
55.30	242.1	12.6	127.3	0.0	-281.4	-0.4	385.6	249.3	839.5	-5512.4	17322.9	155.6	
55.35	244.9	12.6	125.5	0.0	-282.3	-0.4	385.8	251.2	829.8	-5775.1	17312.9	148.5	
55.40	247.7	13.0	121.5	0.0	-282.0	-0.4	390.6	260.2	824.3	-5796.0	17258.8	135.3	
55.45	250.5	12.9	120.1	0.0	-279.7	-0.4	389.2	271.4	819.7	-5805.9	17059.0	132.6	
55.50	253.3	12.6	121.2	0.0	-276.6	-0.4	379.7	271.2	810.8	-5776.7	16852.7	139.5	
55.55	256.1	12.6	119.1	0.0	-273.8	-0.4	371.9	262.5	798.9	-5460.6	16778.1	135.1	
55.60	258.9	12.3	117.0	0.0	-270.8	-0.4	366.2	249.2	786.8	-5082.9	16706.5	130.7	
55.65	261.7	12.1	116.6	0.0	-268.3	-0.4	362.5	246.0	776.6	-4867.2	16602.8	131.9	
55.70	264.5	12.3	115.7	0.0	-268.1	-0.4	363.1	254.2	766.4	-4767.4	16608.0	129.2	
55.75	267.3	12.2	116.3	0.0	-269.9	-0.4	365.5	253.2	752.4	-4809.5	16745.2	129.3	
55.80	270.2	11.9	117.0	0.0	-273.8	-0.4	374.6	253.2	739.1	-4982.8	16986.8	127.7	
55.85	273.0	11.7	114.7	0.0	-279.3	-0.4	392.3	266.1	728.4	-5205.0	17295.4	114.6	
55.90	275.8	11.5	114.5	0.0	-282.0	-0.4	400.0	277.7	719.0	-5427.7	17410.8	111.0	
55.95	278.7	11.6	116.6	0.0	-281.6	-0.4	395.0	274.3	708.4	-5526.1	17372.1	118.8	
56.00	281.5	11.8	120.1	0.0	-279.7	-0.4	383.3	266.9	695.3	-5501.5	17281.4	132.5	
56.05	284.3	11.8	123.9	0.0	-278.0	-0.4	371.8	259.5	680.7	-5463.8	17212.1	147.6	
56.10	287.2	11.4	126.0	0.0	-277.6	-0.4	368.5	252.5	668.1	-5426.9	17224.9	155.0	
56.15	290.0	10.9	126.1	0.0	-279.2	-0.4	375.3	247.5	659.0	-5362.2	17374.6	153.5	
56.20	292.9	10.5	126.3	0.0	-283.6	-0.4	385.6	245.2	647.6	-5505.8	17662.8	150.1	
56.25	295.8	10.4	127.0	0.0	-289.9	-0.4	397.1	253.6	633.1	-5841.0	18028.9	145.9	
56.30	298.6	10.7	127.1	0.0	-295.5	-0.4	409.3	263.7	621.5	-6090.1	18350.4	140.8	
56.35	301.5	11.4	128.9	0.0	-297.6	-0.4	415.5	256.6	615.9	-6167.8	18490.0	144.8	
56.40	304.4	11.1	130.4	0.0	-296.9	-0.4	415.7	243.0	613.2	-6047.5	18500.7	150.9	
56.45	307.3	11.0	129.6	0.0	-295.2	-0.4	412.2	240.1	607.6	-5744.0	18482.1	149.7	
56.50	310.2	10.9	128.5	0.0	-291.2	-0.4	401.3	221.9	598.7	-5301.4	18358.1	150.1	
56.55	313.1	10.5	126.7	0.0	-286.2	-0.4	392.6	196.1	590.8	-4707.1	18195.1	148.6	
56.60	316.0	10.4	124.2	0.0	-283.0	-0.4	392.8	184.4	587.3	-4183.9	18095.1	143.4	
56.65	318.9	10.4	121.9	0.0	-280.0	-0.4	390.5	176.5	582.2	-3869.4	17948.7	138.5	
56.70	321.8	10.4	117.9	0.0	-275.8	-0.4	382.6	168.3	573.1	-3508.0	17740.4	129.0	
56.75	324.8	10.4	115.5	0.0	-270.2	-0.4	371.1	157.6	567.7	-3106.5	17430.5	126.4	
56.80	327.7	10.7	114.2	0.0	-263.6	-0.4	359.4	140.3	570.3	-2687.1	17043.0	128.6	
56.85	330.6	11.2	110.3	0.0	-259.9	-0.4	356.6	130.5	571.3	-2148.2	16858.0	118.7	
56.90	333.6	11.1	107.4	0.0	-259.9	-0.4	357.8	112.5	562.9	-1496.0	16950.4	108.8	
56.95	336.5	11.1	107.7	0.0	-263.5	-0.4	363.4	82.5	552.1	-822.7	17278.2	106.2	
57.00	339.4	11.2	106.8	0.0	-270.2	-0.4	379.7	58.5	548.0	-128.0	17773.6	96.6	
57.05	342.4	11.3	103.8	0.0	-277.0	-0.4	397.4	37.8	544.8	429.2	18245.3	79.4	
57.10	345.3	11.3	103.6	0.0	-281.2	-0.4	403.3	23.1	537.3	710.0	18544.1	74.5	
57.15	348.3	11.2	107.1	0.0	-282.9	-0.4	400.3	22.9	530.8	757.7	18685.7	84.7	
57.20	351.2	11.0	111.4	0.0	-283.1	-0.4	395.4	18.5	531.9	737.5	18714.7	99.4	
57.25	354.2	11.0	112.1	0.0	-285.9	-0.4	401.5	5.2	538.6	826.8	18907.0	98.8	
57.30	357.1	11.1	109.7	0.0	-292.7	-0.4	416.8	-4.6	544.7	1071.2	19355.3	83.9	
57.35	0.1	11.1	110.6	0.0	-299.9	-0.4	426.8	-27.5	542.7	1460.1	19851.8	79.9	
57.40	3.0	10.5	113.2	0.0	-305.5	-0.4	430.8	-58.5	538.7	1920.0	20222.7	83.1	
57.45	6.0	10.0	112.3	0.0	-310.1	-0.4	438.5	-74.6	543.2	2309.6	20497.9	75.3	
57.50	9.0	9.5	110.3	0.0	-312.3	-0.4	443.1	-84.6	552.3	2539.2	20613.1	66.4	
57.55	12.0	9.5	113.3	0.0	-311.6	-0.4	438.4	-93.9	558.4	2598.4	20549.6	77.2	
57.60	15.0	9.8	117.2	0.0	-311.2	-0.4	435.3	-99.0	562.8	2604.5	20521.9	91.3	
57.65	18.0	10.5	117.4	0.0	-312.9	-0.4	438.2	-103.9	572.5	2650.5	20627.0	90.1	
57.70	21.0	10.1	112.8	0.0	-318.2	-0.4	450.4	-109.5	585.7	2930.5	20945.8	69.2	
57.75	24.0	10.0	110.0	0.0	-324.8	-0.4	462.3	-122.3	596.5	3497.5	21316.3	52.9	
57.80	27.0	10.0	111.4	0.0	-330.3	-0.4	468.4	-149.8	604.8	4200.5	21568.0	52.0	
57.85	30.0	10.0	112.0	0.0	-334.4	-0.4	469.5	-182.1	615.5	5042.1	21661.1	50.1	
57.90	33.1	9.8	109.8	0.0	-337.8	-0.4	466.1	-204.8	626.3	5807.1	21703.0	39.2	
57.95	36.1	9.5	108.5	0.0	-340.4	-0.4	460.3	-220.0	632.1	6347.2	21751.5	32.2	
58.00	39.1	9.4	107.6	0.0	-344.9	-0.4	466.7	-225.6	639.0	6687.5	21974.8	24.4	
58.05	42.2	9.5	103.5	0.0	-351.7	-0.4	484.3	-232.9	652.5	6963.8	22357.4	3.7	
58.10	45.2	9.7	96.8	0.0	-359.0	-0.4	502.1	-248.3	666.4	7255.8	22769.0	-26.8	
58.15	48.3	9.6	92.3	0.0	-363.3	-0.4	509.2	-259.2	678.0	7617.7	22947.9	-46.5	
58.20	51.3	9.3	91.6	0.0	-362.8	-0.4	501.8	-270.0	690.9	8045.1	22757.6	-48.4	
58.25	54.3	8.8	92.4	0.0	-360.1	-0.4	488.0	-289.6	707.2	8603.2	22328.3	-43.0	
58.30	57.4	8.9	90.1	0.0	-358.8	-0.4	481.5	-307.8	724.9	9202.9	21954.1	-49.5	
58.35	60.4	9.3	88.8	0.0	-357.5	-0.4	476.3	-321.1	739.4	9477.2	21702.6	-52.7	
58.40	63.5	9.8	88.9	0.0	-355.9	-0.4	469.0	-328.9	750.3	9372.4	21614.5	-50.6	
58.45	66.6	10.4	86.8	0.0	-356.4	-0.4	468.1	-321.7	763.8	9133.0	21764.7	-58.3	
58.50	69.6	10.7	84.2	0.0	-356.7	-0.4	469.4	-308.2	783.1	8877.0	21892.3	-67.7	
58.55	72.7	10.7	85.8	0.0	-354.1	-0.4	465.8	-304.7	802.5	8565.6	21806.4	-59.4	
58.60	75.8	10.5	86.8	0.0	-352.2	-0.4	465.0	-302.2	823.2	8394.2	21705.6	-54.2	
58.65	78.9	10.5	87.7	0.0	-352.9	-0.4	466.4	-309.2	842.4	8505.7	21688.0	-51.8	
58.70	82.0	10.5	87.7	0.0	-354.6	-0.4	466.4	-324.0	856.5	8680.3	21723.5	-53.5	
58.75	85.1	10.2	88.4	0.0	-356.9	-0.4	472.9	-322.3	869.5	8714.7	21874.7	-53.5	
58.80	88.2	9.9	90.7	0.0	-359.6	-0.4	482.5	-315.5	883.9	8591.4	22110.2	-48.3	
58.85	91.3	9.6	91.0	0.0	-362.7	-0.4	492.4	-317.0	897.9	8385.9	22405.6	-50.2	
58.90	94.4	9.8	89.3	0.0	-365.6	-0.4	503.9	-310.2	914.2	8138.1	22692.5	-58.8	
58.95	97.5	9.9	90.2	0.0	-365.8	-0.4	510.0	-295.5	932.4	7753.1	22836.8	-56.1	
59.00	100.7	9.9	94.2	0.0	-364.2	-0.4	507.0	-290.7	949.9	7563.8	22776.6	-40.8	
59.05	103.8	9.9	93.4	0.0	-365.9	-0.4	510.5	-285.7	966.0	7706.3	22847.4	-45.2	
59.10	106.9	9.9	91.0	0.0	-369.3	-0.4	519.0	-294.1	982.7	8044.9	22952.7	-57.0	
59.15	110.1	10.1	91.5	0.0	-370.9	-0.4	523.8	-311.2	1001.5	8356.9	22919.8	-56.8	
59.20	113.3	10.1	101.0	0.0	-361.5	-0.4	512.0	-278.6	1029.7	7185.0	22619.6	-14.9	
59.25	116.5	10.4	97.6	0.0	-365.7	-0.4	522.3	-298.4	1042.0	7220.9	22880.4	-30.8	
59.30	119.6	11.0	89.9	0.0	-368.5	-0.4	523.7	-257.3	1075.9	7457.7	23054.0	-60.0	
59.35	122.8	10.7	124.5	0.5	-356.8	-0.4	500.6	-267.1	1074.7	6626.1	22434.4	5.7	
59.40	126.0	10.8	121.4	0.9	-351.8	-0.3	499.2	-239.6	1096.0	6351.8	22144.3	16.7	
59.45	129.1	11.3	111.4	1.2	-354.2	-0.3	506.1	-217.6	1129.8	6531.6	22263.7	-7.8	
59.50	132.3	11.4	112.1	1.4	-350.9	-0.2	502.2	-258.7	1124.8	6027.2	22104.0	7.2	
59.55	135.5	11.6	104.1	1.5	-348.8	-0.2	507.0	-231.2	1137.5	6016.6	21954.9	-11.3	
59.60	138.6	11.7	99.5	1.7	-344.8	-0.1	493.9	-187.8	1167.5	6270.2	21637.4	-18.1	
59.65	141.9	11.9	103.5	1.7	-335.7	0.0	470.8	-199.4	1168.6	5925.5	21065.4	8.6	
59.70	145.1	12.0	95.9	1.8	-334.3	0.1	481.6	-168.0	1179.1	5640.4	21034.2	-13.5	
59.75	148.3	12.1	94.1	1.9	-331.4	0.2	482.9	-134.9	1199.5	4962.7	20989.8	-14.6	
59.80	151.6	12.0	100.8	1.9	-320.9	0.3	466.1	-133.9	1204.8	3817.1	20461.3	20.5	
59.85	154.8	11.6	98.4	1.9	-314.6	0.4	462.7	-91.4	1222.7	3266.8	20098.4	19.9	
59.90	158.1	10.9	104.8	1.9	-309.0	0.5	446.1	-59.9	1239.4	2725.6	19804.2	48.1	
59.95	161.4	10.3	116.5	2.0	-302.1	0.6	426.2	-63.3	1242.2	1818.5	19433.8	96.1	
60.00	164.8	10.2	113.2	2.0	-304.4	0.7	442.3	-54.1	1255.7	1366.7	19589.8	82.7	
60.05	168.1	10.3	111.3	2.0	-309.0	0.8	458.9	-61.2	1269.9	1172.4	19889.8	72.0	
60.10	171.4	10.3	114.1	2.0	-309.5	0.9	460.0	-54.6	1276.8	658.5	19944.9	81.5	
60.15	174.7	9.6	115.7	2.0	-309.3	1.0	458.8	-5.0	1285.3	-27.9	19952.0	87.1	
60.20	178.0	9.0	121.1	2.0	-307.5	1.1	450.1	25.9	1290.6	-672.9	19822.2	107.6	
60.25	181.3	8.8	119.2	2.0	-306.6	1.2	450.7	36.1	1297.0	-1215.8	19719.2	102.4	
60.30	184.6	9.0	110.8	2.0	-307.6	1.3	462.1	64.9	1311.9	-1532.8	19718.0	72.4	
60.35	188.0	9.2	113.1	2.0	-304.9	1.4	458.5	91.4	1319.7	-1761.4	19485.9	83.3	
60.40	191.3	9.3	115.2	2.0	-300.8	1.5	448.9	100.9	1319.0	-1797.8	19189.9	94.6	
60.45	194.7	9.4	109.0	2.0	-297.1	1.6	444.3	105.5	1326.0	-1591.5	18932.6	77.2	
60.50	198.1	9.6	107.8	2.0	-293.1	1.7	442.4	102.1	1334.0	-1703.6	18621.9	76.9	
60.55	201.5	9.9	107.5	2.0	-287.4	1.8	432.3	107.5	1333.6	-2139.6	18170.9	81.4	
60.60	205.0	9.9	103.0	2.0	-279.7	1.9	409.4	127.6	1330.8	-2537.0	17577.5	73.9	
60.65	208.4	9.7	103.3	2.0	-273.1	2.0	390.9	144.6	1318.0	-3034.6	17037.6	81.4	
60.70	211.8	9.7	101.4	2.0	-269.5	2.1	388.3	158.9	1312.1	-3427.0	16680.9	78.5	
60.75	215.3	10.1	93.2	2.0	-269.5	2.2	395.1	176.2	1315.0	-3689.3	16587.8	50.2	
60.80	218.7	10.0	87.7	2.0	-269.3	2.3	400.7	178.5	1307.0	-3872.0	16514.3	31.8	
60.85	222.1	9.8	84.4	2.0	-266.0	2.4	397.8	185.3	1293.6	-3939.8	16253.5	23.7	
60.90	225.6	9.4	86.8	2.0	-258.3	2.5	373.5	204.0	1290.3	-4105.4	15649.6	39.7	
60.95	229.1	9.7	91.7	2.0	-252.1	2.6	353.7	230.2	1286.4	-4621.3	15032.3	62.8	
61.00	232.5	9.7	93.0	2.0	-250.3	2.7	346.6	256.4	1276.7	-5225.5	14663.9	69.0	
61.05	236.0	9.6	91.2	2.0	-251.3	2.8	337.1	271.6	1269.0	-5870.2	14498.2	61.9	
61.10	239.5	9.8	90.7	2.0	-256.1	2.9	344.9	288.8	1264.4	-6583.6	14540.1	55.2	
61.15	243.1	9.9	89.0	2.0	-263.1	3.0	368.0	307.8	1260.8	-7170.5	14758.7	42.5	
61.20	246.6	10.0	86.2	2.0	-266.9	3.1	374.8	305.6	1258.3	-7443.5	14933.0	29.1	
61.25	250.2	10.3	82.1	2.0	-269.2	3.2	379.8	306.3	1250.5	-7499.2	15089.4	12.8	
61.30	253.7	9.9	80.7	2.0	-271.1	3.3	383.8	308.7	1239.8	-7762.2	15117.4	5.9	
61.35	257.3	9.6	80.6	2.0	-269.6	3.4	365.3	297.8	1230.3	-8132.5	14869.0	7.0	
61.40	260.9	9.4	77.8	2.0	-268.9	3.5	357.2	308.0	1217.2	-8362.3	14689.5	-1.8	
61.45	264.4	9.5	74.6	2.0	-270.1	3.6	366.2	331.8	1200.8	-8601.1	14593.7	-14.0	
61.50	268.0	9.9	76.1	2.0	-267.7	3.7	355.8	338.4	1192.5	-8882.0	14234.2	-6.4	
61.55	271.5	10.3	77.7	2.0	-264.2	3.8	344.2	346.0	1183.8	-8987.0	13865.4	2.4	
61.60	275.1	10.4	75.3	2.0	-257.7	3.9	337.2	348.2	1172.5	-8784.9	13436.7	0.9	
61.65	278.7	10.9	75.7	2.0	-246.6	4.0	307.8	341.5	1164.4	-8475.9	12730.0	13.2	
61.70	282.3	11.0	76.5	2.0	-234.3	4.1	277.2	340.5	1158.8	-8036.7	11975.2	28.3	
61.75	285.9	10.9	74.8	2.0	-225.4	4.2	265.9	326.9	1152.1	-7603.8	11526.0	31.4	
61.80	289.5	10.9	72.5	2.0	-221.1	4.3	259.7	302.9	1141.9	-7217.9	11477.2	27.6	
61.85	293.2	11.2	68.9	2.0	-223.4	4.4	269.0	288.3	1128.5	-6942.5	11876.3	13.2	
61.90	296.8	11.5	64.6	2.0	-229.8	4.5	298.7	282.1	1115.0	-6727.5	12508.2	-8.2	
61.95	300.5	11.5	61.5	2.0	-233.1	4.6	317.1	270.1	1106.7	-6360.6	12966.4	-22.1	
62.00	304.2	11.5	59.2	2.0	-232.9	4.7	321.3	255.3	1100.5	-5897.5	13186.0	-29.7	
62.05	307.8	11.4	57.1	2.0	-231.0	4.8	320.3	237.0	1086.9	-5532.7	13243.4	-34.9	
62.10	311.5	11.4	55.2	2.0	-227.7	4.9	311.5	221.9	1071.4	-5123.1	13203.3	-38.1	
62.15	315.2	11.7	55.0	2.0	-225.2	5.0	306.2	215.9	1059.3	-4663.9	13202.2	-36.2	
62.20	318.8	11.4	56.3	2.0	-224.7	5.1	314.1	197.3	1050.6	-4289.3	13304.8	-31.3	
62.25	322.5	11.2	54.0	2.0	-226.9	5.2	330.8	186.8	1044.6	-3900.7	13577.1	-41.6	
62.30	326.2	11.1	50.5	2.0	-228.2	5.3	338.8	180.3	1038.5	-3696.6	13725.5	-54.9	
62.35	329.9	11.2	51.1	2.0	-223.7	5.4	325.6	173.9	1032.6	-3730.7	13415.2	-48.2	
62.40	333.6	11.0	55.5	2.0	-215.6	5.5	298.2	171.6	1031.0	-3680.9	12871.0	-25.0	
62.45	337.3	10.6	59.3	2.0	-208.7	5.6	274.7	156.6	1028.0	-3487.9	12466.3	-5.0	
62.50	341.1	11.0	55.3	2.0	-205.4	5.7	271.0	137.0	1022.5	-3194.4	12336.1	-15.6	
62.55	344.8	11.4	45.3	2.0	-202.2	5.8	275.3	108.9	1024.2	-2678.2	12230.0	-46.6	
62.60	348.6	11.5	42.3	2.0	-198.8	5.9	276.1	75.0	1028.9	-2235.2	12077.2	-53.4	
62.65	352.3	11.2	43.6	2.0	-196.3	6.0	275.9	50.2	1029.6	-1863.9	11967.2	-46.6	
62.70	356.0	11.2	43.3	2.0	-194.7	6.1	276.9	33.7	1031.3	-1415.3	11912.6	-46.2	
62.75	359.8	10.9	40.7	2.0	-195.2	6.2	283.7	17.7	1038.5	-949.1	11976.4	-55.4	
62.80	3.5	10.2	38.7	2.0	-198.3	6.3	296.0	5.1	1047.2	-477.2	12192.1	-65.2	
62.85	7.3	9.9	38.1	2.0	-200.5	6.4	301.3	-10.0	1056.6	151.3	12349.8	-69.8	
62.90	11.0	10.1	38.9	2.0	-200.5	6.5	296.3	-34.9	1060.6	894.1	12319.9	-66.8	
62.95	14.8	10.6	36.6	2.0	-198.4	6.6	287.2	-61.9	1070.4	1815.6	12066.4	-72.7	
63.00	18.6	10.6	33.4	2.0	-197.3	6.7	280.8	-84.6	1085.5	2757.9	11786.6	-82.6	
63.05	22.3	10.4	32.5	2.0	-198.0	6.8	277.3	-110.2	1098.0	3529.9	11609.1	-86.3	
63.10	26.1	10.0	29.9	2.0	-201.0	6.9	276.8	-141.2	1108.2	4257.2	11555.7	-98.3	
63.15	29.9	9.7	28.3	2.0	-204.0	7.0	275.8	-170.9	1118.1	4804.2	11537.9	-106.8	
63.20	33.8	9.9	28.8	2.0	-204.1	7.1	270.8	-183.9	1129.2	5120.7	11391.8	-105.2	
63.25	37.6	10.2	31.2	2.0	-204.5	7.2	265.1	-189.0	1138.4	5373.9	11303.0	-97.2	
63.30	41.4	10.5	27.7	2.0	-209.0	7.3	262.8	-208.1	1146.8	5872.4	11402.4	-114.0	
63.35	45.2	10.9	22.5	2.0	-216.9	7.4	270.3	-237.1	1154.3	6501.4	11654.8	-139.6	
63.40	49.0	11.1	18.8	2.0	-222.2	7.5	278.5	-261.7	1168.9	7049.0	11708.5	-157.5	
63.45	52.8	11.1	15.5	2.0	-223.8	7.6	281.9	-269.9	1187.7	7485.4	11536.2	-170.5	
63.50	56.6	10.8	14.0	2.0	-222.9	7.7	277.5	-277.8	1202.4	7887.1	11155.5	-174.9	
63.55	60.4	11.3	9.3	2.0	-218.2	7.8	262.8	-284.5	1215.7	8081.9	10576.1	-186.3	
63.60	64.2	11.8	10.7	2.0	-206.2	7.9	231.6	-275.8	1231.9	7778.4	9744.9	-169.3	
63.65	68.0	11.7	18.3	2.0	-191.7	8.0	198.2	-260.1	1246.8	7222.9	8896.3	-128.9	
63.70	71.9	11.3	22.1	2.0	-182.3	8.1	172.3	-254.5	1260.9	6924.0	8279.8	-106.4	
63.75	75.7	11.1	21.1	2.0	-178.3	8.2	152.4	-262.5	1279.6	6956.4	7844.1	-105.8	
63.80	79.6	11.2	17.0	2.0	-174.9	8.3	147.4	-260.0	1304.6	6905.2	7541.6	-116.6	
63.85	83.4	11.3	13.1	2.0	-173.6	8.4	154.7	-270.1	1336.2	6942.9	7286.8	-128.7	
63.90	87.3	11.2	6.9	2.0	-175.9	8.5	163.1	-291.7	1358.8	7079.1	7285.1	-152.1	
63.95	91.1	11.0	1.0	2.0	-180.1	8.6	176.7	-298.7	1372.6	7199.6	7537.6	-176.5	
64.00	95.0	10.8	-0.6	2.0	-180.7	8.7	192.7	-280.1	1387.5	6936.7	7850.6	-182.8	
64.05	98.8	11.0	-2.0	2.0	-179.5	8.8	208.8	-263.0	1410.1	6493.3	8104.3	-186.3	
64.10	102.7	11.4	-6.0	2.0	-180.4	8.9	223.7	-259.1	1435.3	6396.2	8220.1	-200.9	
64.15	106.5	11.7	-7.8	2.0	-180.7	9.0	226.9	-266.0	1453.5	6480.0	8137.4	-207.3	
64.20	110.4	11.9	-2.8	2.0	-176.0	9.1	209.4	-268.5	1469.6	6482.4	7687.2	-185.8	
64.25	114.2	12.0	1.5	2.0	-170.2	9.2	190.6	-250.8	1490.9	6622.1	7055.7	-165.2	
64.30	118.1	12.0	1.4	2.0	-165.9	9.3	173.6	-246.6	1509.1	6793.7	6468.2	-161.3	
64.35	121.9	12.0	-0.3	2.0	-161.2	9.4	151.5	-251.1	1522.4	6878.8	5854.0	-162.2	
64.40	125.8	12.1	0.9	2.0	-152.4	9.5	133.0	-242.1	1532.6	6500.4	5340.5	-149.3	
64.45	129.7	11.9	3.3	2.0	-141.4	9.6	118.2	-219.2	1547.2	5923.1	4831.9	-130.0	
64.50	133.5	12.0	3.0	2.0	-132.6	9.7	104.6	-196.0	1563.1	5560.1	4324.6	-122.2	
64.55	137.4	12.0	-1.0	2.0	-125.6	9.8	93.3	-182.5	1576.0	5276.8	3893.7	-128.9	
64.60	141.3	11.8	-4.7	2.0	-120.5	9.9	94.1	-169.1	1592.5	4924.4	3755.8	-136.6	
64.65	145.1	11.3	-8.9	2.0	-120.6	10.0	108.2	-157.0	1607.5	4712.9	4024.8	-151.3	
64.70	149.0	10.9	-11.7	2.0	-123.0	10.1	119.7	-157.5	1605.3	4561.4	4433.7	-163.2	
64.75	152.8	10.8	-14.7	2.0	-122.9	10.2	129.4	-140.1	1598.1	4306.4	4707.4	-173.4	
64.80	156.7	11.4	-19.1	2.0	-118.8	10.3	136.5	-114.5	1606.8	4008.6	4591.7	-184.3	
64.85	160.5	11.6	-24.3	2.0	-107.3	10.4	119.4	-109.5	1622.3	3620.7	3819.5	-190.7	
64.90	164.4	11.6	-23.2	2.0	-87.7	10.5	76.0	-92.3	1623.3	2825.0	2690.5	-167.4	
64.95	168.3	11.7	-17.7	2.0	-65.7	10.6	36.8	-35.9	1615.4	1602.9	1845.0	-126.5	
65.00	172.1	12.4	-16.4	2.0	-54.7	10.7	27.7	19.4	1613.9	337.5	1625.8	-111.1	
65.05	176.0	13.0	-26.1	2.0	-59.7	10.8	48.2	39.8	1627.1	-345.0	1916.5	-149.3	
65.10	179.8	13.4	-35.0	2.0	-67.1	10.9	72.4	42.3	1635.8	-669.0	2338.9	-187.4	
65.15	183.7	13.2	-32.5	2.0	-73.0	11.0	79.5	54.9	1627.9	-1280.6	2550.8	-184.5	
65.20	187.6	13.0	-30.3	2.0	-73.7	11.1	71.0	73.7	1622.8	-1679.3	2357.5	-177.9	
65.25	191.4	12.9	-36.7	2.0	-69.9	11.2	59.9	72.0	1628.6	-1730.8	1976.3	-196.0	
65.30	195.3	13.2	-41.1	2.0	-72.3	11.3	63.1	82.5	1631.3	-2008.6	1916.8	-213.6	
65.35	199.1	13.5	-36.9	2.0	-83.6	11.4	76.8	124.6	1624.7	-2758.2	2176.9	-210.3	
65.40	203.0	13.7	-29.7	2.0	-97.7	11.5	92.0	155.7	1608.2	-3692.1	2550.4	-199.6	
65.45	206.8	13.6	-31.5	2.0	-103.0	11.6	105.4	161.0	1597.6	-4031.4	2726.9	-211.1	
65.50	210.6	13.1	-32.7	2.0	-102.3	11.7	106.2	174.5	1593.7	-4092.3	2468.8	-214.5	
65.55	214.5	12.8	-23.6	2.0	-103.0	11.8	83.3	199.6	1582.0	-4447.3	1819.7	-184.1	
65.60	218.3	12.6	-18.4	2.0	-101.0	11.9	67.9	215.1	1564.0	-4450.9	1318.9	-164.1	
65.65	222.2	12.3	-29.5	2.0	-92.1	12.0	61.1	200.2	1554.3	-3921.9	899.1	-193.5	
65.70	226.0	12.4	-34.7	2.0	-87.9	12.1	53.2	181.1	1550.3	-3751.7	339.1	-207.0	
65.75	229.9	12.6	-25.7	2.0	-95.6	12.2	40.8	205.3	1537.1	-4294.5	-224.8	-183.7	
65.80	233.7	12.5	-14.4	2.0	-107.0	12.3	27.5	246.9	1507.4	-5049.2	-489.3	-156.6	
65.85	237.5	12.4	-11.8	2.0	-113.7	12.4	17.1	261.5	1476.2	-5540.5	-514.6	-154.2	
65.90	241.3	12.3	-14.0	2.0	-116.8	12.5	24.4	272.4	1458.8	-5759.8	-430.4	-164.8	
65.95	245.1	12.2	-11.5	2.0	-121.9	12.6	41.3	286.8	1454.5	-6107.2	-393.0	-161.4	
66.00	249.0	12.1	-13.8	2.0	-123.6	12.7	48.7	277.5	1447.7	-6261.8	-420.0	-170.8	
66.05	252.8	12.0	-27.0	2.0	-119.4	12.8	38.0	267.5	1424.3	-5995.3	-458.3	-212.2	
66.10	256.6	11.8	-31.9	2.0	-119.7	12.9	17.0	272.8	1393.4	-6018.7	-605.8	-229.1	
66.15	260.4	12.5	-23.3	2.0	-127.7	13.0	3.7	299.3	1369.9	-6543.2	-860.1	-207.6	
66.20	264.2	12.6	-17.1	2.0	-135.9	13.1	10.2	319.8	1350.7	-7125.2	-848.2	-194.7	
66.25	268.0	12.4	-21.4	2.0	-141.3	13.2	25.2	316.6	1326.9	-7588.9	-498.3	-214.8	
66.30	271.8	12.5	-28.0	2.0	-144.9	13.3	39.7	317.6	1297.5	-7896.1	-162.1	-241.0	
66.35	275.6	12.4	-28.3	2.0	-147.7	13.4	38.4	330.6	1284.3	-8060.9	-538.2	-244.8	
66.40	279.4	12.4	-22.9	2.0	-152.5	13.5	21.6	340.4	1283.2	-8309.2	-1362.3	-230.9	
66.45	283.2	12.6	-23.2	2.0	-153.7	13.6	-6.4	338.6	1270.1	-8269.7	-2072.0	-233.2	
66.50	287.0	12.7	-28.8	2.0	-151.3	13.7	-32.7	322.9	1238.1	-8078.3	-2353.7	-250.2	
66.55	290.8	12.7	-29.2	2.0	-149.6	13.8	-46.2	306.8	1209.6	-7961.0	-2509.2	-249.9	
66.60	294.5	12.6	-27.0	2.0	-147.2	13.9	-37.1	305.7	1198.0	-7746.0	-2642.8	-239.9	
66.65	298.3	12.3	-29.2	2.0	-141.8	14.0	-16.4	301.3	1188.4	-7363.5	-2579.2	-242.0	
66.70	302.0	12.1	-34.6	2.0	-133.7	14.1	-3.5	281.0	1165.1	-6877.9	-2339.5	-252.4	
66.75	305.8	12.0	-33.4	2.0	-128.0	14.2	-7.5	262.2	1140.8	-6513.7	-2298.1	-242.8	
66.80	309.5	12.4	-23.1	2.0	-126.7	14.3	-20.7	253.4	1130.3	-6321.3	-2610.5	-205.9	
66.85	313.3	12.9	-15.3	2.0	-123.0	14.4	-32.5	244.9	1118.9	-5877.4	-2979.9	-175.4	
66.90	317.0	13.1	-17.6	2.0	-113.2	14.5	-42.6	227.9	1098.1	-4905.5	-3285.9	-173.6	
66.95	320.7	13.1	-18.6	2.0	-105.2	14.6	-53.6	197.4	1076.4	-4040.5	-3582.8	-169.1	
67.00	324.5	13.6	-12.5	2.0	-103.6	14.7	-61.1	174.6	1063.6	-3659.2	-3900.3	-146.7	
67.05	328.2	13.6	-8.8	2.0	-103.3	14.8	-70.3	161.1	1049.8	-3248.1	-4264.0	-133.5	
67.10	331.9	13.5	-7.3	2.0	-102.2	14.9	-87.0	130.3	1024.1	-2673.2	-4637.4	-127.3	
67.15	335.6	13.7	-1.4	2.0	-102.0	15.0	-96.2	117.6	1002.5	-2240.3	-4880.8	-106.7	
67.20	339.3	13.9	6.0	2.0	-103.3	15.1	-95.8	119.6	1006.1	-1932.9	-5103.1	-82.5	
67.25	342.9	14.0	6.4	2.0	-101.7	15.2	-93.2	96.5	1005.0	-1642.1	-5143.6	-79.7	
67.30	346.6	13.8	-1.7	2.0	-96.7	15.3	-94.1	76.5	982.0	-1149.7	-4944.8	-102.7	
67.35	350.3	13.7	-7.1	2.0	-91.6	15.4	-95.5	64.2	958.5	-842.0	-4647.3	-115.9	
67.40	353.9	13.6	-3.2	2.0	-86.5	15.5	-87.9	50.0	955.9	-773.5	-4311.4	-97.6	
67.45	357.6	13.4	-7.8	2.0	-79.0	15.6	-68.0	40.2	962.9	-284.2	-3862.2	-105.6	
67.50	1.2	13.0	-17.9	2.0	-72.4	15.7	-58.1	10.2	955.3	202.8	-3432.7	-134.0	
67.55	4.8	12.6	-19.7	2.0	-69.6	15.8	-62.5	-15.5	940.0	235.3	-3211.7	-137.1	
67.60	8.5	12.4	-20.2	2.0	-67.2	15.9	-58.7	-7.6	942.3	192.4	-3049.7	-136.7	
67.65	12.1	12.3	-23.6	2.0	-66.1	16.0	-51.8	-19.1	952.3	415.5	-2941.4	-147.1	
67.70	15.7	11.9	-31.0	2.0	-67.9	16.1	-50.6	-52.4	950.7	951.9	-2906.4	-174.5	
67.75	19.3	11.7	-31.2	2.0	-71.6	16.2	-57.8	-62.9	943.2	1281.8	-3052.1	-178.8	
67.80	22.9	12.3	-23.9	2.0	-76.0	16.3	-67.2	-68.5	945.8	1288.3	-3370.1	-157.9	
67.85	26.5	12.3	-19.1	2.0	-84.3	16.4	-74.7	-85.7	958.1	1707.5	-3808.5	-149.7	
67.90	30.1	12.0	-18.2	2.0	-97.7	16.5	-86.0	-115.2	965.8	2565.9	-4397.8	-160.0	
67.95	33.7	11.5	-8.0	2.0	-113.6	16.6	-111.9	-142.5	965.7	3175.7	-5312.7	-141.2	
68.00	37.3	11.0	9.6	2.0	-129.2	16.7	-136.8	-145.5	972.6	3614.8	-6353.5	-96.2	
68.05	40.9	10.6	23.6	2.0	-142.7	16.8	-148.0	-156.2	980.3	4264.8	-7101.2	-61.8	
68.10	44.4	10.6	32.2	2.0	-155.0	16.9	-151.5	-197.1	980.5	5125.3	-7536.9	-44.4	
68.15	48.0	11.2	40.6	2.0	-164.5	17.0	-150.2	-226.6	981.3	5904.7	-7783.5	-25.0	
68.20	51.5	11.6	50.1	2.0	-172.6	17.1	-155.2	-236.2	990.8	6366.9	-8143.7	-0.4	
68.25	55.0	11.7	61.1	2.0	-179.7	17.2	-171.0	-238.3	1001.1	6600.8	-8598.2	29.9	
68.30	58.6	11.5	66.4	2.0	-187.4	17.3	-186.4	-245.9	1006.4	7036.1	-8938.6	40.4	
68.35	62.1	11.7	67.1	2.0	-194.6	17.4	-196.2	-266.4	1008.1	7510.6	-9170.1	35.6	
68.40	65.6	12.0	69.2	2.0	-198.7	17.5	-196.4	-285.7	1011.6	7736.9	-9324.1	38.8	
68.45	69.1	12.1	69.6	2.0	-201.8	17.6	-188.5	-291.2	1021.0	7981.4	-9413.7	37.1	
68.50	72.6	12.0	67.9	2.0	-205.3	17.7	-184.5	-307.0	1027.8	8271.9	-9459.4	27.9	
68.55	76.0	12.0	65.1	2.0	-206.9	17.8	-182.6	-320.6	1030.1	8467.2	-9407.2	16.7	
68.60	79.5	12.1	64.9	2.0	-203.6	17.9	-179.7	-306.5	1039.1	8208.1	-9345.9	19.1	
68.65	82.9	11.9	66.8	2.0	-197.9	18.0	-183.2	-292.5	1055.7	7485.1	-9412.4	31.4	
68.70	86.4	11.7	66.5	2.0	-194.2	18.1	-189.0	-280.0	1068.3	6999.3	-9443.7	34.0	
68.75	89.8	11.7	61.9	2.0	-190.3	18.2	-185.2	-269.3	1072.1	6843.9	-9227.8	22.3	
68.80	93.2	12.0	58.6	2.0	-186.5	18.3	-176.3	-266.1	1079.7	6660.9	-9024.7	14.6	
68.85	96.6	12.2	52.4	2.0	-182.9	18.4	-163.6	-256.7	1095.9	6494.7	-8845.4	-3.1	
68.90	100.0	12.5	45.2	2.0	-179.0	18.5	-152.2	-259.7	1108.2	6355.0	-8583.4	-23.9	
68.95	103.4	12.4	37.9	2.0	-175.8	18.6	-152.1	-267.7	1114.4	6152.5	-8397.6	-45.5	
69.00	106.8	12.3	36.5	2.0	-172.8	18.7	-158.7	-255.9	1125.8	5777.3	-8401.0	-47.5	
69.05	110.1	12.1	39.1	2.0	-169.2	18.8	-160.6	-229.5	1141.5	5265.6	-8475.1	-35.0	
69.10	113.5	12.5	39.7	2.0	-167.0	18.9	-157.2	-212.7	1153.4	4988.1	-8491.2	-30.8	
69.15	116.9	13.0	35.3	2.0	-167.9	19.0	-156.4	-218.1	1160.1	5031.0	-8523.3	-46.8	
69.20	120.2	13.6	35.3	2.0	-171.5	19.1	-162.5	-228.8	1164.4	5115.2	-8744.5	-50.3	
69.25	123.5	13.8	44.6	2.0	-176.9	19.2	-176.5	-222.5	1169.5	5054.5	-9231.6	-23.8	
69.30	126.8	13.7	57.5	2.0	-183.4	19.3	-196.1	-201.3	1174.7	4925.7	-9861.3	14.0	
69.35	130.1	13.5	68.3	2.0	-189.4	19.4	-211.0	-187.8	1181.4	4880.1	-10380.7	45.0	
69.40	133.4	13.7	76.3	2.0	-193.8	19.5	-213.9	-189.6	1190.9	4919.9	-10706.5	68.3	
69.45	136.7	13.7	81.3	2.0	-196.9	19.6	-209.7	-185.0	1202.0	4949.6	-10960.4	82.2	
69.50	140.0	13.7	89.2	2.0	-199.2	19.7	-208.5	-170.6	1207.2	4801.6	-11246.8	106.9	
69.55	143.2	13.9	98.2	2.0	-201.7	19.8	-214.2	-154.2	1203.2	4589.9	-11554.7	135.3	
69.60	146.5	13.6	102.9	2.0	-205.0	19.9	-221.4	-147.8	1198.6	4517.6	-11852.7	148.3	
69.65	149.8	12.9	104.8	2.0	-209.5	20.0	-228.2	-151.6	1200.6	4447.7	-12211.2	150.2	
69.70	153.0	12.2	105.9	2.0	-213.1	20.1	-233.6	-146.2	1204.9	4234.1	-12566.6	150.5	
69.75	156.2	12.0	104.9	2.0	-213.8	20.2	-237.7	-129.9	1199.5	3927.0	-12745.8	146.3	
69.80	159.4	11.9	100.8	2.0	-211.2	20.3	-237.1	-119.6	1187.2	3560.8	-12670.3	134.7	
69.85	162.6	11.9	97.2	2.0	-205.8	20.4	-226.7	-106.8	1181.2	3116.9	-12417.3	127.9	
69.90	165.8	11.7	93.9	2.0	-199.7	20.5	-212.7	-83.0	1183.4	2519.8	-12148.0	122.6	
69.95	169.0	11.6	91.4	2.0	-193.8	20.6	-204.5	-53.3	1178.5	1706.6	-11892.0	120.0	
70.00	172.1	11.9	88.2	2.0	-189.3	20.7	-203.9	-22.3	1164.0	924.2	-11664.1	113.3	
70.05	175.3	12.0	85.9	2.0	-186.2	20.8	-204.1	0.9	1158.5	251.5	-11470.7	108.5	
70.10	178.4	12.0	80.7	2.0	-182.0	20.9	-195.9	14.4	1162.7	-358.8	-11169.2	94.9	
70.15	181.5	11.8	71.1	2.0	-176.4	21.0	-183.0	33.3	1161.1	-865.4	-10743.9	67.6	
70.20	184.6	12.1	59.7	2.0	-170.3	21.1	-173.1	47.6	1147.0	-1332.8	-10260.2	34.7	
70.25	187.7	12.4	50.8	2.0	-165.3	21.2	-165.0	60.6	1133.5	-1780.3	-9832.5	8.9	
70.30	190.8	12.7	45.4	2.0	-163.2	21.3	-158.5	80.6	1131.5	-2294.0	-9558.8	-7.3	
70.35	193.8	12.9	46.2	2.0	-162.5	21.4	-153.0	100.3	1132.2	-2953.0	-9301.1	-3.9	
70.40	196.9	13.1	40.8	2.0	-158.8	21.5	-142.6	120.3	1121.4	-3455.4	-8827.3	-18.8	
70.45	199.9	13.4	33.5	2.0	-152.8	21.6	-128.8	129.8	1109.8	-3675.2	-8264.9	-38.0	
70.50	203.0	13.8	28.1	2.0	-147.4	21.7	-112.0	129.9	1107.5	-3810.5	-7787.4	-51.1	
70.55	206.0	14.0	27.5	2.0	-144.5	21.8	-101.2	140.6	1103.5	-3855.0	-7512.9	-50.0	
70.60	209.0	14.0	25.9	2.0	-141.6	21.9	-100.0	142.4	1086.7	-3746.2	-7336.2	-52.6	
70.65	211.9	13.8	24.9	2.0	-139.3	22.0	-107.3	140.9	1059.8	-3598.2	-7228.8	-53.7	
70.70	214.9	13.5	29.4	2.0	-139.0	22.1	-112.2	157.2	1038.7	-3600.6	-7168.3	-38.2	
70.75	217.8	13.4	37.9	2.0	-140.1	22.2	-109.7	176.1	1030.3	-3825.3	-7109.1	-10.1	
70.80	220.8	13.5	43.6	2.0	-139.5	22.3	-103.0	186.2	1023.9	-3989.1	-6953.2	10.2	
70.85	223.7	13.4	43.2	2.0	-136.3	22.4	-95.0	194.4	1007.7	-4064.0	-6622.0	12.0	
70.90	226.7	13.4	42.3	2.0	-133.0	22.5	-86.4	202.4	984.7	-4295.7	-6182.4	12.2	
70.95	229.6	13.5	40.3	2.0	-130.7	22.6	-74.6	214.6	967.0	-4481.4	-5821.7	7.8	
71.00	232.5	13.6	33.5	2.0	-127.4	22.7	-64.8	214.4	954.2	-4314.6	-5658.8	-12.4	
71.05	235.4	13.5	26.3	2.0	-124.5	22.8	-64.4	197.5	933.6	-4101.4	-5621.4	-34.3	
71.10	238.2	12.9	24.4	2.0	-124.6	22.9	-73.7	194.7	904.2	-4117.4	-5647.2	-40.9	
71.15	241.1	12.9	25.3	2.0	-126.5	23.0	-82.2	207.1	878.2	-4324.7	-5645.1	-39.6	
71.20	244.0	12.8	26.1	2.0	-127.8	23.1	-79.8	214.6	860.9	-4585.6	-5557.0	-38.4	
71.25	246.8	12.7	26.4	2.0	-129.1	23.2	-70.3	228.2	846.8	-4825.2	-5460.8	-38.6	
71.30	249.6	12.3	30.4	2.0	-133.1	23.3	-65.9	243.9	829.0	-5284.4	-5413.8	-28.8	
71.35	252.4	12.4	36.2	2.0	-139.0	23.4	-66.1	261.8	805.4	-5911.6	-5353.7	-14.6	
71.40	255.2	12.8	38.4	2.0	-144.2	23.5	-66.6	289.0	780.8	-6381.2	-5326.9	-12.3	
71.45	258.0	13.1	37.8	2.0	-148.1	23.6	-69.5	296.8	762.7	-6652.9	-5448.8	-18.4	
71.50	260.8	13.2	33.2	2.0	-151.6	23.7	-78.2	286.6	748.6	-6766.5	-5768.7	-37.4	
71.55	263.6	13.2	27.7	2.0	-156.0	23.8	-94.5	282.9	731.0	-6850.3	-6192.2	-60.7	
71.60	266.3	13.2	25.4	2.0	-161.1	23.9	-115.5	281.3	708.2	-7018.1	-6590.4	-74.1	
71.65	269.1	13.2	24.7	2.0	-165.9	24.0	-129.3	289.1	684.1	-7221.3	-6872.7	-81.2	
71.70	271.8	13.3	22.5	2.0	-168.8	24.1	-127.3	293.8	667.2	-7415.2	-6989.6	-91.5	
71.75	274.5	13.4	23.6	2.0	-169.7	24.2	-115.4	284.9	656.0	-7609.9	-6952.4	-88.9	
71.80	277.2	13.1	23.7	2.0	-169.4	24.3	-103.2	286.8	637.0	-7763.8	-6776.4	-87.9	
71.85	279.9	12.7	27.5	2.0	-168.8	24.4	-97.1	300.5	609.2	-7881.7	-6547.5	-74.4	
71.90	282.5	12.6	32.6	2.0	-166.8	24.5	-94.7	305.4	587.2	-7779.6	-6444.7	-55.0	
71.95	285.2	12.3	34.4	2.0	-163.2	24.6	-93.9	295.1	577.4	-7357.6	-6573.1	-45.1	
72.00	287.8	12.0	35.0	2.0	-159.7	24.7	-98.6	272.6	567.7	-6842.8	-6831.4	-39.5	
72.05	290.4	11.9	37.3	2.0	-158.2	24.8	-111.4	255.3	546.0	-6432.1	-7135.0	-30.0	
72.10	293.1	11.9	41.1	2.0	-158.1	24.9	-126.1	246.5	519.4	-6075.9	-7467.5	-17.2	
72.15	295.6	11.8	46.8	2.0	-158.0	25.0	-131.0	237.8	499.6	-5747.4	-7746.1	2.7	
72.20	298.2	11.6	53.6	2.0	-157.5	25.1	-127.1	231.1	485.6	-5466.4	-7941.6	26.7	
72.25	300.8	12.1	57.8	2.0	-157.4	25.2	-126.3	223.0	467.1	-5286.7	-8103.2	41.0	
72.30	303.3	12.3	63.3	2.0	-158.8	25.3	-134.0	216.7	444.3	-5229.1	-8290.7	58.5	
72.35	305.9	12.2	69.8	2.0	-160.5	25.4	-143.9	214.2	425.7	-5131.5	-8506.3	79.1	
72.40	308.4	12.5	75.3	2.0	-161.2	25.5	-151.0	209.3	415.7	-4897.6	-8709.1	97.4	
72.45	310.9	12.6	75.7	2.0	-158.7	25.6	-151.9	201.0	403.0	-4524.4	-8725.8	101.3	
72.50	313.4	12.5	70.6	2.0	-152.9	25.7	-146.2	191.2	383.0	-4160.7	-8478.5	89.6	
72.55	315.9	11.8	64.6	2.0	-145.1	25.8	-132.9	176.6	363.3	-3950.2	-7998.3	76.7	
72.60	318.3	11.5	58.0	2.0	-136.7	25.9	-116.3	159.6	349.6	-3780.2	-7463.8	62.5	
72.65	320.8	11.6	52.0	2.0	-130.1	26.0	-103.1	148.6	337.8	-3695.6	-7007.8	48.4	
72.70	323.2	12.1	50.3	2.0	-127.2	26.1	-98.4	152.0	323.0	-3845.8	-6693.5	45.3	
72.75	325.7	12.1	50.3	2.0	-126.6	26.2	-98.7	164.0	307.9	-4118.8	-6451.7	46.1	
72.80	328.1	12.0	46.5	2.0	-125.0	26.3	-96.4	163.2	299.4	-4322.0	-6178.5	34.6	
72.85	330.5	12.1	38.2	2.0	-120.9	26.4	-89.9	147.9	292.8	-4350.4	-5841.1	10.1	
72.90	332.9	12.0	29.3	2.0	-116.4	26.5	-83.5	139.5	283.4	-4249.9	-5544.6	-15.8	
72.95	335.3	11.7	24.6	2.0	-113.9	26.6	-83.7	136.5	269.7	-4183.0	-5374.5	-29.4	
73.00	337.7	11.4	23.4	2.0	-112.5	26.7	-87.4	131.5	255.7	-4094.0	-5331.0	-32.1	
73.05	340.0	11.5	20.4	2.0	-111.9	26.8	-92.6	120.6	249.4	-3919.3	-5438.8	-41.9	
73.10	342.4	11.5	18.7	2.0	-112.0	26.9	-95.9	101.6	249.8	-3777.4	-5587.3	-47.7	
73.15	344.8	11.3	20.6	2.0	-112.6	27.0	-98.1	94.4	248.0	-3700.3	-5703.4	-42.0	
73.20	347.1	11.4	24.9	2.0	-112.0	27.1	-99.2	97.7	239.7	-3587.8	-5717.8	-26.7	
73.25	349.5	11.6	27.9	2.0	-108.5	27.2	-97.2	91.4	231.0	-3276.2	-5628.4	-12.9	
73.30	351.8	11.9	26.5	2.0	-102.3	27.3	-90.2	73.6	228.4	-2647.7	-5492.5	-11.5	
73.35	354.1	11.9	24.1	2.0	-95.9	27.4	-79.8	49.4	228.8	-1902.8	-5344.1	-13.2	
73.40	356.4	11.9	25.6	2.0	-92.5	27.5	-77.6	21.6	224.5	-1218.0	-5326.6	-4.8	
73.45	358.7	12.2	29.8	2.0	-92.9	27.6	-83.2	-0.1	214.7	-464.1	-5469.8	9.3	
73.50	0.9	12.3	35.7	2.0	-96.3	27.7	-89.5	-23.1	208.9	329.1	-5715.3	26.3	
73.55	3.2	12.3	41.4	2.0	-100.7	27.8	-90.4	-43.6	208.0	1054.8	-5942.4	41.3	
73.60	5.5	12.0	48.7	2.0	-105.2	27.9	-91.3	-53.5	203.1	1607.2	-6159.2	62.0	
73.65	7.7	11.7	56.0	2.0	-109.8	28.0	-97.2	-66.5	191.0	1958.7	-6392.0	82.6	
73.70	9.9	11.3	63.2	2.0	-115.9	28.1	-107.3	-80.8	180.8	2269.1	-6735.6	101.2	
73.75	12.2	10.9	70.0	2.0	-123.3	28.2	-116.5	-91.1	180.5	2595.5	-7177.1	117.0	
73.80	14.4	10.9	77.7	2.0	-130.7	28.3	-125.8	-101.5	182.2	2867.9	-7625.9	136.1	
73.85	16.6	11.0	80.7	2.0	-136.4	28.4	-134.9	-109.4	176.5	3116.4	-7961.9	140.5	
73.90	18.7	10.8	80.7	2.0	-140.7	28.5	-142.2	-119.8	169.9	3379.3	-8169.0	136.4	
73.95	20.9	10.9	79.3	2.0	-143.2	28.6	-143.3	-137.7	168.5	3622.5	-8236.1	128.8	
74.00	23.1	11.0	78.1	2.0	-143.8	28.7	-140.9	-148.0	168.2	3778.8	-8199.6	124.1	
74.05	25.2	11.1	76.0	2.0	-141.1	28.8	-135.8	-147.5	162.3	3768.9	-7992.2	120.0	
74.10	27.3	11.2	73.4	2.0	-136.0	28.9	-129.7	-146.0	156.1	3624.9	-7656.4	115.8	
74.15	29.5	11.1	67.2	2.0	-130.1	29.0	-119.5	-147.2	159.4	3476.7	-7249.0	100.5	
74.20	31.6	10.9	60.1	2.0	-124.0	29.1	-105.5	-153.3	168.9	3337.1	-6804.7	82.4	
74.25	33.7	10.7	54.0	2.0	-117.6	29.2	-92.7	-162.3	174.7	3181.5	-6329.8	67.9	
74.30	35.8	10.5	47.1	2.0	-111.0	29.3	-81.0	-165.5	173.8	3133.8	-5802.2	50.8	
74.35	37.8	10.4	38.1	2.0	-106.3	29.4	-72.0	-165.5	174.8	3213.9	-5356.4	24.7	
74.40	39.9	10.1	29.8	2.0	-103.3	29.5	-68.0	-171.7	178.2	3218.8	-5076.4	-1.0	
74.45	42.0	9.9	26.1	2.0	-101.5	29.6	-70.5	-177.7	179.5	3102.5	-4959.8	-12.0	
74.50	44.0	10.2	24.0	2.0	-100.4	29.7	-75.9	-182.3	180.4	2979.2	-4918.5	-17.9	
74.55	46.1	10.4	23.0	2.0	-99.9	29.8	-77.3	-188.1	186.7	2966.3	-4855.1	-20.8	
74.60	48.1	10.5	22.0	2.0	-99.3	29.9	-71.7	-185.7	196.9	3107.7	-4719.3	-23.8	
74.65	50.1	10.4	21.9	2.0	-98.7	30.0	-60.6	-187.6	205.3	3350.7	-4489.0	-23.5	
74.70	52.1	10.4	23.3	2.0	-99.6	30.1	-50.2	-202.1	211.6	3689.0	-4260.7	-19.8	
74.75	54.1	10.7	23.5	2.0	-102.9	30.2	-45.2	-215.9	217.3	4127.7	-4136.1	-22.3	
74.80	56.1	11.4	25.8	2.0	-107.1	30.3	-49.1	-222.5	219.6	4518.2	-4155.4	-18.6	
74.85	58.0	11.7	31.4	2.0	-112.2	30.4	-61.9	-222.2	218.0	4857.3	-4347.6	-4.4	
74.90	60.0	11.9	37.8	2.0	-119.3	30.5	-77.5	-222.0	220.0	5248.7	-4687.8	10.5	
74.95	61.9	12.5	41.8	2.0	-126.8	30.6	-87.0	-236.3	228.0	5676.7	-4984.3	16.8	
75.00	63.9	12.6	43.7	2.0	-133.6	30.7	-91.5	-258.0	236.2	6090.6	-5183.2	16.4	
75.05	65.8	12.8	44.9	2.0	-139.0	30.8	-95.0	-269.8	241.6	6434.1	-5345.9	15.1	
75.10	67.7	13.0	48.0	2.0	-143.9	30.9	-97.1	-278.6	244.0	6754.0	-5500.9	20.7	
75.15	69.7	13.0	50.8	2.0	-149.0	31.0	-96.3	-284.8	248.9	7072.5	-5685.3	25.3	
75.20	71.6	13.1	53.2	2.0	-152.8	31.1	-96.3	-285.1	255.6	7298.1	-5851.9	30.0	
75.25	73.5	13.4	56.2	2.0	-153.7	31.2	-99.9	-287.0	257.3	7317.8	-5916.0	39.2	
75.30	75.4	13.5	57.7	2.0	-153.4	31.3	-106.0	-290.3	256.4	7266.4	-5923.0	44.7	
75.35	77.2	13.5	59.2	2.0	-155.0	31.4	-111.5	-293.6	259.0	7372.5	-5956.2	48.4	
75.40	79.1	13.2	59.6	2.0	-157.8	31.5	-111.3	-300.0	266.1	7595.4	-5987.8	46.9	
75.45	81.0	13.4	58.8	2.0	-159.7	31.6	-105.5	-302.6	273.8	7780.6	-5963.8	42.1	
75.50	82.8	13.6	57.3	2.0	-158.5	31.7	-98.5	-302.1	277.8	7760.0	-5859.1	38.3	
75.55	84.7	13.7	55.1	2.0	-153.9	31.8	-91.1	-301.4	279.0	7480.3	-5660.6	35.3	
75.60	86.5	13.5	52.2	2.0	-147.1	31.9	-83.4	-294.1	282.0	7028.6	-5442.4	32.1	
75.65	88.4	13.7	50.2	2.0	-139.2	32.0	-77.8	-280.3	287.1	6467.3	-5253.8	33.0	
75.70	90.2	13.9	48.9	2.0	-131.9	32.1	-76.5	-264.0	292.6	5906.7	-5121.1	35.9	
75.75	92.0	13.7	46.9	2.0	-126.2	32.2	-76.3	-251.5	298.4	5490.8	-4992.6	34.7	
75.80	93.8	13.6	39.7	2.0	-123.5	32.3	-75.4	-253.8	306.6	5284.0	-4899.6	12.9	
75.85	95.6	13.5	32.6	2.0	-123.5	32.4	-75.1	-266.5	316.6	5252.9	-4861.0	-11.6	
75.90	97.4	13.2	27.4	2.0	-123.2	32.5	-73.4	-273.6	323.4	5274.0	-4766.8	-29.0	
75.95	99.2	12.8	25.7	2.0	-120.4	32.6	-69.2	-269.4	325.5	5205.4	-4548.2	-32.1	
76.00	101.0	12.4	26.5	2.0	-115.8	32.7	-63.9	-256.8	328.8	5015.9	-4296.3	-24.9	
76.05	102.7	12.0	26.9	2.0	-111.7	32.8	-59.0	-244.7	336.7	4813.2	-4099.8	-19.3	
76.10	104.4	11.8	28.4	2.0	-108.8	32.9	-57.7	-239.3	346.2	4623.1	-4000.1	-11.4	
76.15	106.2	11.7	31.1	2.0	-107.6	33.0	-60.7	-234.9	354.1	4499.7	-4003.6	-0.7	
76.20	107.9	11.6	33.5	2.0	-109.2	33.1	-64.2	-229.6	362.0	4606.8	-4082.6	5.9	
76.25	109.6	11.3	34.4	2.0	-114.5	33.2	-63.5	-234.1	371.9	5032.0	-4170.6	3.7	
76.30	111.3	11.1	33.8	2.0	-121.4	33.3	-61.7	-250.2	381.8	5569.3	-4255.4	-5.4	
76.35	113.0	10.9	33.8	2.0	-126.5	33.4	-63.7	-263.2	387.6	5940.3	-4328.8	-10.4	
76.40	114.7	11.2	35.7	2.0	-128.7	33.5	-69.5	-268.6	388.6	6087.5	-4373.6	-6.3	
76.45	116.4	11.7	39.5	2.0	-129.8	33.6	-75.9	-268.5	388.7	6165.5	-4398.5	5.9	
76.50	118.0	12.1	42.5	2.0	-131.5	33.7	-78.9	-263.0	393.8	6297.5	-4450.1	14.5	
76.55	119.7	12.2	45.2	2.0	-132.8	33.8	-75.6	-257.6	402.3	6428.0	-4451.7	22.4	
76.60	121.4	11.9	46.7	2.0	-133.2	33.9	-69.5	-256.6	408.2	6539.7	-4357.3	27.2	
76.65	123.0	11.5	46.2	2.0	-133.9	34.0	-65.1	-258.3	410.4	6677.1	-4235.2	24.7	
76.70	124.6	11.1	45.0	2.0	-134.7	34.1	-60.7	-262.3	412.2	6817.7	-4106.7	19.9	
76.75	126.3	10.7	44.9	2.0	-134.5	34.2	-57.2	-260.1	414.9	6854.7	-4022.4	19.5	
76.80	127.9	10.4	46.4	2.0	-131.7	34.3	-56.8	-248.1	417.2	6679.8	-3973.1	27.5	
76.85	129.5	10.3	46.5	2.0	-127.0	34.4	-57.9	-237.6	416.9	6344.2	-3889.9	32.7	
76.90	131.1	10.3	44.8	2.0	-122.7	34.5	-58.8	-233.9	417.3	6040.4	-3779.9	31.0	
76.95	132.8	10.3	41.2	2.0	-119.6	34.6	-58.4	-231.9	420.4	5824.2	-3692.7	22.0	
77.00	134.4	10.2	38.0	2.0	-115.7	34.7	-54.5	-226.1	423.5	5560.4	-3583.2	14.7	
77.05	136.0	10.0	35.1	2.0	-110.5	34.8	-48.5	-212.6	426.3	5242.7	-3429.8	10.0	
77.10	137.5	9.8	31.5	2.0	-104.9	34.9	-41.2	-200.5	429.3	4919.1	-3209.3	3.3	
77.15	139.1	9.7	26.9	2.0	-98.6	35.0	-32.0	-197.2	433.5	4567.7	-2902.9	-6.5	
77.20	140.7	9.9	22.1	2.0	-91.4	35.1	-23.0	-191.5	437.6	4158.5	-2561.4	-15.7	
77.25	142.3	9.7	20.3	2.0	-83.4	35.2	-15.3	-176.7	440.5	3698.9	-2233.7	-13.8	
77.30	143.8	9.4	19.0	2.0	-76.7	35.3	-9.3	-164.5	442.3	3303.3	-1967.9	-11.5	
77.35	145.3	9.6	15.5	2.0	-73.7	35.4	-7.7	-154.4	446.9	3138.9	-1860.7	-20.5	
77.40	146.9	9.5	12.2	2.0	-72.4	35.5	-8.8	-149.5	452.0	3037.2	-1847.2	-30.6	
77.45	148.4	9.2	11.3	2.0	-69.9	35.6	-10.5	-148.4	454.6	2818.9	-1842.0	-31.1	
77.50	149.9	9.2	10.3	2.0	-67.8	35.7	-12.8	-141.7	456.3	2640.0	-1861.1	-32.4	
77.55	151.4	9.0	9.3	2.0	-66.5	35.8	-11.2	-137.7	459.5	2540.3	-1851.1	-34.7	
77.60	152.9	8.9	8.9	2.0	-65.1	35.9	-6.0	-132.9	463.9	2454.2	-1802.9	-34.5	
77.65	154.4	9.6	9.9	2.0	-62.7	36.0	-2.2	-119.7	466.3	2312.0	-1755.7	-28.7	
77.70	155.9	9.7	12.9	2.0	-60.0	36.1	-0.2	-109.0	466.4	2133.6	-1699.1	-15.6	
77.75	157.4	9.7	14.2	2.0	-59.5	36.2	-0.9	-108.4	466.7	2097.9	-1689.8	-10.9	
77.80	158.9	9.4	14.6	2.0	-62.1	36.3	-4.9	-109.9	467.9	2267.8	-1778.8	-12.1	
77.85	160.3	9.6	15.9	2.0	-64.8	36.4	-8.4	-107.7	468.3	2460.9	-1876.7	-10.3	
77.90	161.8	9.6	17.5	2.0	-66.7	36.5	-9.1	-103.9	467.3	2622.3	-1913.7	-6.6	
77.95	163.2	9.4	18.3	2.0	-68.7	36.6	-9.2	-104.3	467.2	2807.8	-1917.4	-6.0	
78.00	164.6	8.9	16.9	2.0	-69.9	36.7	-7.5	-110.6	466.2	2930.4	-1856.3	-11.9	
78.05	166.1	8.6	16.5	2.0	-68.6	36.8	-4.8	-108.9	463.7	2884.8	-1761.1	-11.9	
78.10	167.5	8.6	18.4	2.0	-65.5	36.9	-2.6	-95.2	461.6	2702.1	-1691.0	-2.2	
78.15	168.9	8.4	20.6	2.0	-62.5	37.0	-2.3	-81.1	460.8	2491.5	-1672.6	8.4	
78.20	170.3	8.1	21.3	2.0	-60.9	37.1	-4.8	-71.2	460.5	2358.9	-1703.6	12.2	
78.25	171.7	7.5	19.6	2.0	-59.3	37.2	-8.8	-64.9	459.8	2210.3	-1737.4	7.9	
78.30	173.0	7.5	19.2	2.0	-56.6	37.3	-11.3	-61.2	458.1	1979.3	-1709.9	9.2	
78.35	174.4	7.7	17.5	2.0	-53.6	37.4	-10.0	-54.2	458.1	1793.9	-1603.2	6.7	
78.40	175.8	8.3	13.7	2.0	-50.1	37.5	-5.1	-46.9	457.7	1648.2	-1405.1	-3.0	
78.45	177.2	8.6	9.8	2.0	-45.0	37.6	2.2	-39.7	454.4	1419.9	-1110.6	-11.3	
78.50	178.5	9.0	6.8	2.0	-38.5	37.7	9.1	-28.1	451.0	1073.9	-805.7	-15.0	
78.55	179.9	9.4	3.9	2.0	-31.5	37.8	16.6	-18.1	450.0	647.8	-517.7	-18.0	
78.60	181.2	9.1	0.0	2.0	-25.8	37.9	23.9	-9.6	450.6	296.9	-264.2	-25.7	
78.65	182.6	9.0	-3.9	2.0	-21.3	38.0	29.1	3.4	448.8	-2.0	-45.9	-34.7	
78.70	183.9	9.0	-3.2	2.0	-26.4	38.1	33.1	16.3	445.4	-379.2	152.5	-37.5	
78.75	185.2	9.6	-3.0	2.0	-31.7	38.2	37.1	26.8	444.2	-730.7	300.7	-42.0	
78.80	186.6	9.7	-4.8	2.0	-35.4	38.3	39.7	29.4	443.7	-980.8	384.6	-51.8	
78.85	187.9	9.4	-6.4	2.0	-38.4	38.4	39.2	30.1	440.1	-1227.6	391.5	-60.3	
78.90	189.2	9.1	-4.9	2.0	-42.4	38.5	33.7	44.1	434.2	-1555.3	264.5	-59.3	
78.95	190.5	9.2	0.1	2.0	-47.5	38.6	29.4	62.3	430.2	-1923.7	95.2	-47.1	
79.00	191.8	9.6	3.4	2.0	-51.4	38.7	26.9	71.7	430.4	-2195.6	-78.4	-39.5	
79.05	193.1	9.5	3.9	2.0	-53.1	38.8	24.7	75.2	430.1	-2309.0	-233.2	-39.8	
79.10	194.4	9.3	5.5	2.0	-55.1	38.9	22.9	78.6	426.4	-2439.8	-351.4	-36.2	
79.15	195.7	9.1	9.0	2.0	-56.7	39.0	21.7	84.2	422.6	-2532.3	-481.8	-25.8	
79.20	197.0	9.1	10.5	2.0	-56.1	39.1	20.0	87.4	422.1	-2426.5	-690.3	-20.2	
79.25	198.3	9.0	10.9	2.0	-54.1	39.2	15.6	82.1	421.2	-2191.1	-957.9	-16.5	
79.30	199.5	8.9	12.7	2.0	-53.1	39.3	8.4	76.8	414.9	-1987.5	-1226.0	-9.5	
79.35	200.8	9.1	16.1	2.0	-53.6	39.4	2.0	77.0	407.5	-1880.4	-1459.4	1.8	
79.40	202.1	8.8	19.5	2.0	-54.5	39.5	-1.3	76.3	404.4	-1805.8	-1660.6	12.5	
79.45	203.3	8.5	22.5	2.0	-55.4	39.6	-3.9	77.2	403.1	-1700.4	-1861.6	21.8	
79.50	204.5	8.0	25.9	2.0	-56.4	39.7	-5.9	81.9	397.9	-1637.6	-1999.4	32.4	
79.55	205.8	8.0	30.2	2.0	-57.5	39.8	-5.4	89.3	391.3	-1704.1	-2030.8	46.3	
79.60	207.0	8.1	32.7	2.0	-58.5	39.9	-3.4	97.1	388.6	-1794.9	-2028.6	53.7	
79.65	208.2	8.6	32.5	2.0	-59.0	40.0	-2.0	99.5	387.7	-1845.8	-2025.5	52.4	
79.70	209.4	8.9	32.2	2.0	-59.5	40.1	-3.6	98.9	382.1	-1926.9	-2011.9	50.9	
79.75	210.6	9.3	32.1	2.0	-60.7	40.2	-7.1	104.7	372.8	-2070.7	-1981.5	49.6	
79.80	211.8	9.8	31.1	2.0	-62.1	40.3	-8.0	114.8	366.4	-2262.9	-1886.4	44.8	
79.85	213.0	9.7	28.7	2.0	-63.6	40.4	-5.2	124.0	363.2	-2516.8	-1691.9	34.9	
79.90	214.2	9.7	25.4	2.0	-65.4	40.5	-0.1	132.1	357.7	-2833.5	-1380.8	21.7	
79.95	215.4	9.7	22.9	2.0	-68.4	40.6	7.6	140.7	350.5	-3217.7	-968.1	10.2	
80.00	216.5	9.8	21.2	2.0	-72.5	40.7	20.0	150.9	347.3	-3612.1	-471.5	0.1	
80.05	217.7	9.8	19.4	2.0	-77.5	40.8	35.2	163.7	347.4	-3972.0	65.0	-10.8	
80.10	218.9	9.6	17.4	2.0	-83.0	40.9	47.6	175.3	344.3	-4314.0	582.1	-23.1	
80.15	220.0	9.5	15.8	2.0	-88.5	41.0	54.0	182.3	336.9	-4637.9	997.6	-34.2	
80.20	221.2	9.3	13.2	2.0	-92.6	41.1	56.8	186.1	331.6	-4887.8	1264.6	-47.1	
80.25	222.3	9.0	10.8	2.0	-95.7	41.2	57.6	190.6	329.8	-5076.9	1408.0	-58.6	
80.30	223.5	8.5	9.4	2.0	-98.3	41.3	55.8	196.2	325.9	-5247.4	1498.7	-66.1	
80.35	224.6	8.2	8.5	2.0	-100.3	41.4	53.2	202.1	319.0	-5382.4	1554.6	-71.3	
80.40	225.8	8.1	7.9	2.0	-101.3	41.5	54.6	203.1	315.6	-5454.3	1573.8	-74.1	
80.45	226.9	8.4	8.2	2.0	-101.7	41.6	59.0	201.6	316.9	-5494.3	1539.8	-73.7	
80.50	228.1	8.4	10.1	2.0	-102.1	41.7	60.1	205.2	315.5	-5536.0	1441.7	-67.3	
80.55	229.2	8.3	14.4	2.0	-102.6	41.8	56.4	213.2	308.6	-5598.5	1290.9	-53.3	
80.60	230.3	8.3	19.1	2.0	-101.8	41.9	49.2	218.8	301.5	-5590.7	1032.7	-36.1	
80.65	231.4	8.5	22.2	2.0	-98.9	42.0	40.3	220.8	298.0	-5427.4	645.5	-22.6	
80.70	232.6	8.7	24.4	2.0	-95.2	42.1	31.0	217.5	294.4	-5192.6	227.1	-11.3	
80.75	233.7	9.2	26.7	2.0	-91.6	42.2	21.0	213.0	286.7	-4950.5	-141.1	-0.0	
80.80	234.8	9.2	28.4	2.0	-88.1	42.3	12.5	209.3	278.2	-4682.5	-470.9	9.3	
80.85	235.9	9.2	29.9	2.0	-85.6	42.4	7.3	204.6	272.8	-4469.2	-772.1	17.1	
80.90	237.0	9.6	33.2	2.0	-85.3	42.5	4.9	204.8	268.9	-4393.0	-1032.3	28.7	
80.95	238.1	9.8	37.0	2.0	-87.2	42.6	1.9	211.0	262.3	-4472.3	-1244.1	39.8	
81.00	239.2	10.0	40.9	2.0	-89.9	42.7	-0.7	215.2	254.8	-4642.5	-1380.7	50.5	
81.05	240.2	10.4	42.3	2.0	-92.0	42.8	-2.5	218.1	249.0	-4773.0	-1475.5	53.3	
81.10	241.3	10.8	41.7	2.0	-93.1	42.9	-3.1	222.0	244.0	-4839.7	-1530.7	50.0	
81.15	242.4	11.1	40.7	2.0	-93.7	43.0	-2.2	221.4	238.0	-4903.8	-1496.5	45.9	
81.20	243.5	11.2	38.3	2.0	-93.8	43.1	-2.7	220.2	230.7	-4942.9	-1424.1	37.5	
81.25	244.5	11.3	34.2	2.0	-93.9	43.2	-3.2	220.1	223.5	-4987.0	-1312.3	23.6	
81.30	245.6	11.2	31.8	2.0	-95.4	43.3	-0.5	221.4	217.5	-5152.1	-1124.7	13.7	
81.35	246.6	10.9	30.9	2.0	-98.4	43.4	3.3	228.2	210.8	-5409.0	-893.0	7.5	
81.40	247.7	10.9	30.8	2.0	-102.2	43.5	8.0	239.0	203.8	-5707.7	-636.2	3.4	
81.45	248.7	10.7	31.1	2.0	-106.6	43.6	15.7	249.2	198.9	-6040.1	-333.5	0.2	
81.50	249.7	10.2	30.4	2.0	-110.6	43.7	25.3	257.6	195.5	-6329.8	-17.3	-6.4	
81.55	250.7	9.9	28.7	2.0	-113.7	43.8	32.7	263.4	191.3	-6543.8	254.6	-15.3	
81.60	251.8	10.3	26.6	2.0	-115.9	43.9	37.8	264.6	186.5	-6696.0	476.8	-24.8	
81.65	252.8	10.8	22.9	2.0	-117.0	44.0	40.9	264.0	182.2	-6767.0	633.2	-38.2	
81.70	253.8	10.5	20.8	2.0	-117.7	44.1	41.8	265.4	177.9	-6812.4	737.4	-46.2	
81.75	254.8	10.0	20.6	2.0	-119.5	44.2	41.8	268.6	172.4	-6927.7	851.2	-48.6	
81.80	255.8	9.6	21.0	2.0	-121.9	44.3	39.9	275.3	165.1	-7085.4	960.7	-49.8	
81.85	256.8	9.4	20.9	2.0	-123.7	44.4	39.1	281.2	159.3	-7193.9	1061.1	-51.9	
81.90	257.8	9.3	21.3	2.0	-125.0	44.5	42.3	283.1	155.9	-7272.7	1176.0	-51.8	
81.95	258.8	9.1	22.9	2.0	-126.1	44.6	45.6	285.9	151.4	-7341.4	1254.8	-47.4	
82.00	259.8	8.7	24.3	2.0	-126.3	44.7	46.2	288.6	145.7	-7350.0	1244.0	-43.0	
82.05	260.7	8.3	24.4	2.0	-124.6	44.8	45.1	284.4	141.0	-7255.3	1123.3	-40.7	
82.10	261.7	8.3	24.4	2.0	-122.2	44.9	42.9	279.6	137.7	-7122.0	916.8	-38.4	
82.15	262.7	8.6	26.3	2.0	-120.5	45.0	37.8	277.9	132.2	-7034.2	681.0	-30.1	
82.20	263.7	9.0	28.6	2.0	-119.2	45.1	30.1	275.9	123.5	-6967.5	470.9	-21.2	
82.25	264.7	9.0	29.2	2.0	-116.2	45.2	21.0	270.1	114.5	-6775.3	231.3	-16.0	
82.30	265.6	8.9	29.8	2.0	-111.8	45.3	14.5	263.3	107.7	-6476.6	-39.6	-9.7	
82.35	266.6	9.2	32.3	2.0	-108.1	45.4	12.2	256.8	102.9	-6207.1	-298.5	2.9	
82.40	267.5	9.4	35.9	2.0	-105.3	45.5	9.2	254.5	97.5	-5989.0	-561.9	17.8	
82.45	268.5	9.4	38.9	2.0	-103.1	45.6	4.2	253.9	91.0	-5798.5	-817.8	30.5	
82.50	269.5	9.3	42.6	2.0	-102.1	45.7	1.1	250.9	85.1	-5699.9	-1021.9	44.1	
82.55	270.4	9.4	47.1	2.0	-102.7	45.8	-0.2	251.6	80.2	-5715.2	-1193.9	59.1	
82.60	271.3	9.7	50.3	2.0	-103.7	45.9	-2.3	256.7	75.0	-5747.6	-1359.6	69.1	
82.65	272.3	9.8	51.5	2.0	-104.2	46.0	-5.3	256.1	68.4	-5758.1	-1483.4	72.5	
82.70	273.2	10.1	50.4	2.0	-104.1	46.1	-10.4	252.4	60.9	-5745.3	-1590.5	68.8	
82.75	274.2	10.4	49.0	2.0	-104.6	46.2	-15.8	251.3	54.4	-5763.8	-1687.4	63.6	
82.80	275.1	10.5	47.4	2.0	-105.5	46.3	-19.4	249.5	49.0	-5830.3	-1729.1	57.3	
82.85	276.0	10.1	45.2	2.0	-106.7	46.4	-21.0	252.4	43.7	-5929.9	-1690.9	48.4	
82.90	276.9	9.8	43.4	2.0	-108.4	46.5	-19.3	258.4	37.5	-6093.1	-1520.9	40.6	
82.95	277.8	10.0	43.2	2.0	-110.9	46.6	-12.3	264.3	31.9	-6346.3	-1207.8	37.6	
83.00	278.7	10.4	42.5	2.0	-114.0	46.7	-2.4	272.0	27.0	-6624.2	-830.2	31.9	
83.05	279.6	10.8	41.0	2.0	-117.2	46.8	8.3	280.2	22.2	-6888.0	-443.4	23.7	
83.10	280.5	11.1	38.3	2.0	-120.1	46.9	18.0	282.1	16.7	-7112.2	-69.7	11.5	
83.15	281.4	11.0	34.3	2.0	-121.1	47.0	24.1	280.6	12.4	-7196.3	204.7	-3.5	
83.20	282.3	10.7	29.7	2.0	-121.1	47.1	26.6	277.6	9.1	-7195.3	385.3	-19.0	
83.25	283.2	10.2	26.1	2.0	-121.6	47.2	28.6	275.2	4.6	-7232.2	560.3	-31.9	
83.30	284.1	10.3	23.3	2.0	-122.5	47.3	29.0	275.9	-1.1	-7289.7	702.3	-42.5	
83.35	285.0	10.2	20.5	2.0	-122.9	47.4	29.7	274.5	-5.3	-7313.9	817.2	-52.6	
83.40	285.8	9.9	19.6	2.0	-122.9	47.5	31.9	270.0	-9.3	-7309.6	937.3	-55.6	
83.45	286.7	9.9	20.7	2.0	-123.3	47.6	34.7	271.9	-15.6	-7309.2	1050.5	-52.2	
83.50	287.6	9.8	23.6	2.0	-123.8	47.7	38.1	278.3	-21.7	-7311.9	1111.5	-42.6	
83.55	288.4	9.7	26.4	2.0	-123.0	47.8	41.2	278.6	-24.6	-7249.6	1079.8	-32.4	
83.60	289.3	10.3	27.2	2.0	-120.3	47.9	40.9	272.2	-25.8	-7083.2	936.7	-26.9	
83.65	290.1	10.5	28.7	2.0	-117.4	48.0	36.0	266.4	-29.0	-6903.5	723.2	-19.0	
83.70	291.0	10.6	31.2	2.0	-115.3	48.1	28.9	264.1	-35.3	-6770.3	497.5	-8.0	
83.75	291.8	10.9	32.6	2.0	-112.4	48.2	21.0	261.3	-41.1	-6568.2	215.0	-0.4	
83.80	292.7	11.0	32.6	2.0	-108.1	48.3	11.6	253.3	-44.5	-6272.4	-141.5	3.6	
83.85	293.5	10.8	33.1	2.0	-104.4	48.4	1.7	242.6	-48.7	-6000.4	-488.3	9.1	
83.90	294.4	10.0	35.6	2.0	-102.2	48.5	-7.9	238.1	-55.8	-5809.8	-788.6	20.0	
83.95	295.2	10.0	38.3	2.0	-100.6	48.6	-13.8	237.1	-62.5	-5644.1	-1031.3	30.8	
84.00	296.1	10.0	40.4	2.0	-98.4	48.7	-14.6	232.2	-64.9	-5444.7	-1222.8	40.4	
84.05	296.9	9.8	42.9	2.0	-96.5	48.8	-14.0	227.7	-65.6	-5268.7	-1389.3	50.7	
84.10	297.7	9.9	46.5	2.0	-96.6	48.9	-14.7	228.8	-70.1	-5241.2	-1497.8	62.9	
84.15	298.5	10.0	49.8	2.0	-98.0	49.0	-17.2	231.0	-77.5	-5316.3	-1587.7	72.9	
84.20	299.4	10.3	50.6	2.0	-98.7	49.1	-22.1	231.2	-82.4	-5311.3	-1753.3	75.1	
84.25	300.2	10.9	49.7	2.0	-98.3	49.2	-26.1	227.4	-85.3	-5233.3	-1914.2	72.2	
84.30	301.0	11.3	48.8	2.0	-98.1	49.3	-27.7	222.6	-90.9	-5203.7	-1959.8	69.6	
84.35	301.8	11.3	47.5	2.0	-98.2	49.4	-29.1	220.4	-97.9	-5224.7	-1940.3	65.0	
84.40	302.6	11.0	44.4	2.0	-98.1	49.5	-28.6	217.5	-102.0	-5247.1	-1880.9	54.4	
84.45	303.4	10.7	41.1	2.0	-97.9	49.6	-23.1	212.0	-103.2	-5299.9	-1718.2	43.4	
84.50	304.2	10.6	39.8	2.0	-98.5	49.7	-14.9	212.5	-105.6	-5430.2	-1447.3	38.0	
84.55	305.0	10.6	39.3	2.0	-100.2	49.8	-6.5	219.6	-110.9	-5614.8	-1106.6	34.8	
84.60	305.7	10.4	37.6	2.0	-101.8	49.9	3.5	223.7	-115.4	-5780.1	-737.9	27.4	
84.65	306.5	10.0	34.8	2.0	-102.9	50.0	12.7	224.3	-117.0	-5891.7	-411.8	16.7	
84.70	307.3	9.7	32.1	2.0	-103.9	50.1	18.9	223.6	-119.3	-5978.1	-110.1	6.4	
84.75	308.1	9.6	29.1	2.0	-104.8	50.2	23.7	221.7	-124.0	-6049.1	205.3	-4.8	
84.80	308.8	9.6	25.0	2.0	-104.6	50.3	26.6	219.9	-127.7	-6022.4	452.0	-18.9	
84.85	309.6	9.7	20.6	2.0	-103.8	50.4	28.5	217.2	-129.3	-5950.4	628.0	-33.0	
84.90	310.3	9.8	18.5	2.0	-104.2	50.5	29.7	216.0	-131.4	-5966.1	771.5	-40.8	
84.95	311.1	9.6	18.8	2.0	-105.5	50.6	28.8	217.2	-135.1	-6046.3	874.3	-41.1	
85.00	311.8	8.8	19.5	2.0	-106.1	50.7	28.3	217.3	-138.7	-6071.7	953.8	-39.1	
85.05	312.6	8.8	19.9	2.0	-105.4	50.8	30.5	214.8	-140.9	-6012.0	1026.2	-37.1	
85.10	313.3	9.0	21.3	2.0	-104.3	50.9	33.2	215.4	-142.9	-5917.3	1057.1	-31.0	
85.15	314.1	9.2	23.1	2.0	-102.3	51.0	34.8	215.6	-146.2	-5764.6	1049.4	-23.0	
85.20	314.8	9.6	23.9	2.0	-98.4	51.1	34.0	207.1	-148.0	-5505.2	958.6	-16.4	
85.25	315.5	10.0	23.4	2.0	-93.2	51.2	29.1	194.9	-148.2	-5174.2	742.8	-13.0	
85.30	316.3	10.3	24.3	2.0	-88.4	51.3	20.9	188.0	-150.8	-4867.6	443.6	-5.1	
85.35	317.0	10.3	26.7	2.0	-84.9	51.4	13.2	185.9	-156.3	-4624.5	142.9	6.9	
85.40	317.7	10.3	29.4	2.0	-81.7	51.5	6.6	182.0	-160.3	-4390.0	-157.9	19.1	
85.45	318.4	10.3	30.2	2.0	-77.9	51.6	1.4	173.2	-161.5	-4104.5	-437.1	25.7	
85.50	319.2	10.0	31.2	2.0	-74.6	51.7	-2.5	162.3	-164.0	-3855.9	-653.7	32.6	
85.55	319.9	9.8	33.3	2.0	-72.6	51.8	-3.5	156.1	-169.8	-3692.2	-786.2	41.9	
85.60	320.6	9.8	35.6	2.0	-71.1	51.9	-3.2	154.5	-172.6	-3543.7	-932.2	50.9	
85.65	321.3	9.2	37.2	2.0	-69.8	52.0	-4.1	150.4	-171.3	-3393.7	-1120.1	57.9	
85.70	322.0	8.8	37.9	2.0	-68.9	52.1	-8.0	144.8	-173.5	-3278.9	-1293.3	61.3	
85.75	322.7	8.8	38.1	2.0	-69.2	52.2	-13.6	143.9	-180.9	-3246.9	-1412.0	61.7	
85.80	323.4	8.6	38.5	2.0	-69.6	52.3	-15.9	142.3	-185.8	-3264.0	-1451.4	62.4	
85.85	324.1	8.2	37.2	2.0	-68.9	52.4	-13.8	137.3	-185.8	-3242.3	-1406.1	58.7	
85.90	324.8	7.8	34.9	2.0	-68.0	52.5	-11.8	134.8	-187.7	-3223.7	-1291.0	51.9	
85.95	325.5	8.0	33.1	2.0	-68.1	52.6	-9.8	134.9	-194.6	-3301.6	-1089.4	45.5	
86.00	326.2	8.2	31.7	2.0	-69.2	52.7	-7.0	135.0	-198.9	-3441.2	-892.0	39.7	
86.05	326.9	8.4	29.7	2.0	-70.4	52.8	-3.0	135.3	-196.4	-3568.0	-743.6	31.6	
86.10	327.6	8.6	27.3	2.0	-71.6	52.9	1.9	135.5	-194.9	-3693.8	-556.1	22.1	
86.15	328.3	8.7	25.9	2.0	-73.4	53.0	6.2	138.7	-200.5	-3848.8	-291.5	15.6	
86.20	328.9	8.9	24.6	2.0	-75.3	53.1	9.2	143.9	-207.1	-3986.2	-41.7	9.1	
86.25	329.6	9.0	23.0	2.0	-76.8	53.2	13.0	145.7	-207.6	-4090.7	140.5	2.2	
86.30	330.3	9.3	21.6	2.0	-78.0	53.3	16.5	143.9	-206.1	-4181.5	264.9	-4.0	
86.35	330.9	9.7	20.8	2.0	-79.2	53.4	15.5	144.5	-209.0	-4257.6	326.8	-7.8	
86.40	331.6	9.9	20.2	2.0	-79.9	53.5	15.0	145.7	-213.6	-4305.3	389.5	-10.6	
86.45	332.2	9.9	19.4	2.0	-79.5	53.6	17.6	143.4	-213.1	-4274.6	440.4	-13.0	
86.50	332.9	9.8	17.5	2.0	-77.9	53.7	20.9	138.8	-210.0	-4161.8	463.4	-17.7	
86.55	333.5	9.5	17.7	2.0	-76.7	53.8	22.9	134.9	-212.0	-4077.7	510.3	-16.1	
86.60	334.2	9.4	18.2	2.0	-75.7	53.9	23.5	129.9	-217.5	-4001.0	556.9	-13.0	
86.65	334.8	9.4	17.8	2.0	-73.3	54.0	21.5	125.0	-219.7	-3841.1	480.4	-12.0	
86.70	335.5	9.5	17.8	2.0	-70.6	54.1	18.8	121.0	-218.5	-3667.3	315.6	-9.4	
86.75	336.1	9.2	19.4	2.0	-68.6	54.2	15.5	118.7	-219.6	-3538.6	145.0	-1.9	
86.80	336.8	9.1	20.5	2.0	-66.5	54.3	10.6	117.0	-223.5	-3383.4	-21.3	4.0	
86.85	337.4	9.1	19.6	2.0	-62.9	54.4	7.3	108.4	-225.2	-3133.7	-164.3	4.5	
86.90	338.0	9.1	18.7	2.0	-59.2	54.5	7.0	96.9	-224.4	-2878.9	-263.2	4.9	
86.95	338.7	9.6	19.7	2.0	-56.9	54.6	5.6	92.4	-225.3	-2702.9	-368.2	10.7	
87.00	339.3	10.1	22.1	2.0	-56.0	54.7	0.7	93.8	-229.6	-2600.6	-509.3	19.9	
87.05	339.9	10.0	24.4	2.0	-55.4	54.8	-6.2	92.3	-233.4	-2515.2	-699.5	28.3	
87.10	340.5	10.2	25.1	2.0	-54.6	54.9	-12.9	88.1	-234.1	-2384.4	-918.1	31.7	
87.15	341.2	10.8	25.5	2.0	-53.4	55.0	-17.5	83.5	-234.0	-2221.6	-1096.2	34.2	
87.20	341.8	11.6	25.9	2.0	-51.8	55.1	-18.4	77.6	-235.8	-2062.8	-1162.9	37.1	
87.25	342.4	11.7	24.9	2.0	-49.5	55.2	-18.5	72.2	-238.3	-1864.6	-1183.1	36.1	
87.30	343.0	11.5	22.9	2.0	-47.0	55.3	-18.8	67.8	-239.7	-1643.3	-1198.7	31.7	
87.35	343.6	11.1	22.8	2.0	-45.8	55.4	-17.1	64.6	-240.5	-1556.0	-1171.9	32.4	
87.40	344.2	10.9	24.2	2.0	-46.0	55.5	-15.8	64.8	-241.6	-1601.1	-1139.7	37.2	
87.45	344.9	10.7	25.0	2.0	-46.7	55.6	-17.5	66.8	-242.5	-1654.7	-1145.5	39.1	
87.50	345.5	10.5	24.1	2.0	-46.3	55.7	-17.6	65.0	-243.9	-1650.5	-1097.9	36.4	
87.55	346.1	10.1	22.6	2.0	-44.5	55.8	-13.6	60.4	-244.9	-1599.4	-960.7	33.1	
87.60	346.7	9.8	19.6	2.0	-42.6	55.9	-8.4	58.0	-244.9	-1540.1	-792.6	24.7	
87.65	347.3	9.6	16.7	2.0	-40.8	56.0	-4.2	53.8	-245.0	-1476.5	-623.5	16.5	
87.70	347.9	9.7	13.5	2.0	-39.2	56.1	-1.1	46.8	-246.3	-1434.4	-453.4	7.1	
87.75	348.5	9.8	10.5	2.0	-38.4	56.2	0.7	44.6	-248.5	-1419.2	-304.3	-2.5	
87.80	349.0	9.9	10.1	2.0	-38.8	56.3	3.5	47.3	-249.4	-1466.3	-150.8	-4.1	
87.85	349.6	9.6	10.4	2.0	-39.7	56.4	9.2	49.2	-249.6	-1532.6	56.4	-4.1	
87.90	350.2	9.5	9.2	2.0	-40.0	56.5	13.7	48.1	-250.0	-1534.5	257.3	-8.6	
87.95	350.8	9.6	6.4	2.0	-39.7	56.6	17.4	44.1	-250.9	-1473.1	448.2	-17.8	
88.00	351.4	9.6	4.3	2.0	-39.6	56.7	22.2	37.9	-251.8	-1397.1	639.3	-24.8	
88.05	351.9	9.6	3.6	2.0	-39.5	56.8	24.8	34.9	-251.7	-1342.7	747.9	-27.1	
88.10	352.5	9.5	2.6	2.0	-38.7	56.9	24.0	33.7	-251.8	-1273.8	756.0	-29.8	
88.15	353.1	9.2	1.6	2.0	-37.3	57.0	19.8	30.9	-253.2	-1203.8	683.4	-31.7	
88.20	353.6	9.3	1.9	2.0	-35.8	57.1	14.0	28.9	-255.5	-1153.0	567.5	-29.3	
88.25	354.2	9.3	2.5	2.0	-34.8	57.2	9.1	29.2	-256.7	-1127.2	440.8	-26.2	
88.30	354.7	8.7	3.4	2.0	-33.6	57.3	7.7	29.2	-257.0	-1064.3	352.1	-22.0	
88.35	355.3	8.9	4.0	2.0	-31.9	57.4	7.3	27.0	-257.1	-958.9	275.0	-18.1	
88.40	355.9	9.0	4.5	2.0	-29.6	57.5	6.2	23.5	-257.6	-813.9	173.2	-14.2	
88.45	356.4	8.8	5.1	2.0	-27.3	57.6	4.4	19.1	-258.0	-674.1	29.5	-9.7	
88.50	357.0	8.9	6.6	2.0	-25.9	57.7	1.1	14.9	-257.3	-560.0	-174.6	-3.2	
88.55	357.5	9.2	8.7	2.0	-26.3	57.8	-3.9	12.9	-256.5	-449.8	-423.8	3.7	
88.60	358.1	9.7	11.1	2.0	-28.0	57.9	-9.8	9.8	-257.3	-322.1	-668.5	10.0	
88.65	358.6	9.7	12.9	2.0	-29.9	58.0	-14.7	4.0	-259.4	-173.3	-865.5	14.4	
88.70	359.2	9.7	12.9	2.0	-31.9	58.1	-18.2	-1.7	-260.5	-13.5	-1021.9	12.6	
88.75	359.7	9.9	13.3	2.0	-33.5	58.2	-19.6	-5.8	-260.1	100.9	-1135.0	12.3	
88.80	0.3	10.3	13.9	2.0	-34.0	58.3	-18.2	-9.4	-259.6	162.9	-1170.1	13.8	
88.85	0.8	10.8	14.3	2.0	-33.9	58.4	-16.0	-11.9	-260.0	212.6	-1155.7	15.0	
88.90	1.4	11.3	13.7	2.0	-33.5	58.5	-14.0	-13.2	-259.8	238.5	-1122.2	13.6	
88.95	1.9	10.8	13.4	2.0	-32.7	58.6	-11.6	-14.6	-258.9	191.5	-1067.0	13.5	
89.00	2.4	10.9	13.2	2.0	-31.5	58.7	-10.0	-13.5	-258.6	84.3	-996.3	13.9	
89.05	3.0	11.2	11.4	2.0	-30.3	58.8	-9.8	-13.5	-259.7	33.9	-911.0	8.7	
89.10	3.5	11.6	8.5	2.0	-29.0	58.9	-9.6	-17.5	-260.6	43.1	-801.6	0.3	
89.15	4.0	11.8	5.8	2.0	-27.2	59.0	-7.6	-21.4	-260.7	65.1	-656.1	-7.3	
89.20	4.6	11.8	3.2	2.0	-24.9	59.1	-4.2	-22.5	-260.5	62.2	-480.1	-14.0	
89.25	5.1	11.7	0.3	2.0	-22.3	59.2	0.3	-24.8	-260.2	54.9	-270.3	-21.3	
89.30	5.6	11.5	-2.5	2.0	-20.0	59.3	4.0	-27.6	-259.7	71.3	-63.7	-28.4	
89.35	6.1	11.2	-3.6	2.0	-21.0	59.4	8.1	-27.5	-259.7	83.9	149.4	-33.3	
89.40	6.7	10.9	-2.6	2.0	-23.8	59.5	13.9	-25.4	-259.7	60.1	373.9	-32.9	
89.45	7.2	10.8	-2.2	2.0	-26.2	59.6	18.8	-24.9	-259.1	71.1	553.8	-33.9	
89.50	7.7	10.6	-3.1	2.0	-27.4	59.7	19.1	-27.0	-258.6	151.3	625.9	-38.1	
89.55	8.2	10.0	-3.8	2.0	-27.9	59.8	17.3	-31.8	-259.1	244.1	623.1	-41.0	
89.60	8.7	10.2	-3.3	2.0	-27.9	59.9	16.2	-34.7	-259.5	316.4	579.5	-39.3	
89.65	9.2	10.4	-3.0	2.0	-27.4	60.0	14.8	-36.1	-258.2	397.0	478.3	-37.8	
89.70	9.7	10.8	-3.1	2.0	-27.1	60.1	11.5	-38.9	-256.4	496.1	336.9	-37.6	
89.75	10.2	10.3	-2.2	2.0	-27.7	60.2	7.9	-42.5	-257.3	596.5	215.1	-35.3	
89.80	10.7	10.0	-0.8	2.0	-28.8	60.3	7.3	-45.2	-259.2	691.9	149.9	-31.7	
89.85	11.2	10.0	1.0	2.0	-30.4	60.4	7.8	-48.0	-257.7	819.8	66.6	-26.9	
89.90	11.7	9.8	3.0	2.0	-32.9	60.5	7.1	-52.7	-255.2	1003.1	-54.6	-22.8	
89.95	12.2	9.8	4.5	2.0	-35.2	60.6	4.3	-55.4	-256.0	1153.2	-195.7	-19.8	
90.00	12.7	9.8	6.1	2.0	-37.5	60.7	-0.0	-57.6	-257.8	1280.3	-371.0	-16.6	
90.05	13.2	10.1	7.3	2.0	-40.5	60.8	-4.0	-62.8	-256.3	1444.1	-567.5	-15.6	
90.10	13.7	10.3	8.9	2.0	-43.8	60.9	-8.7	-68.8	-254.0	1613.6	-762.7	-13.4	
90.15	14.2	10.4	9.5	2.0	-46.1	61.0	-12.2	-72.0	-256.1	1734.0	-871.4	-13.3	
90.20	14.7	10.3	10.8	2.0	-47.3	61.1	-13.7	-74.1	-258.9	1799.1	-923.9	-10.3	
90.25	15.1	10.3	11.8	2.0	-48.3	61.2	-15.2	-76.6	-257.6	1838.4	-1002.5	-7.8	
90.30	15.6	10.3	11.5	2.0	-48.8	61.3	-17.1	-77.2	-255.5	1839.4	-1078.2	-9.4	
90.35	16.1	10.3	11.8	2.0	-48.3	61.4	-18.2	-75.4	-256.0	1780.6	-1102.3	-7.6	
90.40	16.6	10.6	12.0	2.0	-47.1	61.5	-18.0	-73.5	-256.5	1693.5	-1082.3	-6.0	
90.45	17.0	10.9	11.1	2.0	-46.3	61.6	-16.6	-73.7	-254.6	1656.6	-1036.7	-8.2	
90.50	17.5	11.2	9.5	2.0	-45.6	61.7	-14.5	-74.7	-253.1	1648.3	-942.7	-13.1	
90.55	18.0	11.1	7.6	2.0	-44.4	61.8	-12.5	-75.5	-254.3	1617.1	-805.2	-18.4	
90.60	18.4	10.9	6.6	2.0	-43.4	61.9	-11.5	-77.5	-255.4	1585.7	-683.1	-20.9	
90.65	18.9	10.7	4.9	2.0	-42.9	62.0	-10.3	-79.5	-254.5	1575.5	-583.5	-26.0	
90.70	19.4	11.0	2.9	2.0	-42.7	62.1	-7.0	-81.7	-253.1	1594.7	-454.0	-32.6	
90.75	19.8	11.1	2.0	2.0	-42.4	62.2	-2.4	-84.6	-251.9	1600.7	-296.9	-35.4	
90.80	20.3	11.0	1.1	2.0	-42.2	62.3	2.5	-86.6	-251.0	1609.3	-124.6	-38.5	
90.85	20.8	10.9	-0.1	2.0	-42.4	62.4	7.6	-87.2	-250.2	1620.9	62.3	-42.6	
90.90	21.2	10.9	-0.9	2.0	-42.4	62.5	13.4	-87.4	-249.1	1604.2	262.1	-45.6	
90.95	21.7	10.9	-1.6	2.0	-42.8	62.6	17.7	-88.1	-248.1	1598.3	422.8	-48.3	
91.00	22.1	10.6	-2.3	2.0	-43.5	62.7	19.0	-89.6	-247.8	1622.3	505.8	-51.5	
91.05	22.5	10.4	-2.7	2.0	-44.0	62.8	17.7	-92.3	-247.7	1650.1	508.6	-53.2	
91.10	23.0	10.3	-3.2	2.0	-44.1	62.9	14.6	-93.5	-246.8	1680.5	438.4	-54.9	
91.15	23.4	10.5	-3.0	2.0	-44.3	63.0	11.1	-93.4	-245.1	1719.6	330.8	-54.7	
91.20	23.9	11.0	-2.2	2.0	-44.7	63.1	8.6	-95.2	-243.9	1762.2	244.9	-52.2	
91.25	24.3	11.6	-1.4	2.0	-45.3	63.2	6.9	-96.4	-243.8	1812.4	192.4	-50.0	
91.30	24.7	11.6	-0.0	2.0	-46.0	63.3	6.3	-96.7	-243.3	1871.4	158.0	-46.1	
91.35	25.1	11.7	1.4	2.0	-47.2	63.4	7.8	-99.0	-241.9	1956.2	144.2	-42.5	
91.40	25.6	11.9	2.9	2.0	-49.2	63.5	7.6	-103.4	-240.2	2098.5	82.0	-39.4	
91.45	26.0	12.1	3.8	2.0	-51.7	63.6	4.8	-107.8	-240.0	2280.4	-30.3	-38.9	
91.50	26.4	12.3	4.2	2.0	-54.6	63.7	0.7	-112.8	-240.3	2475.0	-180.4	-40.2	
91.55	26.8	12.6	5.6	2.0	-57.5	63.8	-4.9	-118.4	-239.0	2657.0	-385.1	-38.3	
91.60	27.2	12.9	6.6	2.0	-60.3	63.9	-10.9	-122.7	-238.1	2824.7	-596.5	-37.8	
91.65	27.7	13.0	7.9	2.0	-62.6	64.0	-15.7	-125.4	-238.8	2953.0	-754.3	-35.3	
91.70	28.1	13.0	9.0	2.0	-64.1	64.1	-18.0	-127.6	-239.5	3035.8	-851.9	-33.1	
91.75	28.5	12.9	10.1	2.0	-65.2	64.2	-18.3	-129.7	-238.1	3095.5	-921.5	-30.4	
91.80	28.9	12.9	11.0	2.0	-65.7	64.3	-17.1	-131.3	-236.1	3124.0	-965.2	-27.8	
91.85	29.4	12.9	12.1	2.0	-66.0	64.4	-16.0	-133.0	-235.2	3130.8	-995.4	-24.4	
91.90	29.8	12.9	12.2	2.0	-66.5	64.5	-15.8	-134.5	-234.5	3155.8	-1028.2	-24.7	
91.95	30.2	13.2	12.0	2.0	-67.1	64.6	-17.2	-134.7	-233.0	3189.9	-1078.5	-26.0	
92.00	30.6	13.4	12.0	2.0	-67.2	64.7	-17.4	-134.9	-231.8	3192.2	-1089.7	-26.0	
92.05	31.0	13.5	11.5	2.0	-66.7	64.8	-17.2	-135.6	-231.3	3166.6	-1055.4	-27.3	
92.10	31.4	13.2	9.9	2.0	-66.8	64.9	-17.2	-137.4	-231.0	3189.0	-981.8	-32.6	
92.15	31.8	13.4	8.3	2.0	-66.9	65.0	-14.6	-140.7	-230.4	3233.3	-837.9	-38.4	
92.20	32.3	13.6	6.8	2.0	-66.7	65.1	-8.7	-144.8	-229.1	3253.5	-627.3	-43.2	
92.25	32.7	13.3	5.9	2.0	-66.8	65.2	-2.7	-147.6	-227.1	3288.5	-407.7	-46.5	
92.30	33.1	12.8	4.7	2.0	-67.2	65.3	2.8	-149.5	-225.5	3334.0	-180.7	-51.2	
92.35	33.5	12.5	3.4	2.0	-67.2	65.4	8.5	-150.9	-224.3	3337.1	55.7	-55.7	
92.40	33.9	12.5	2.6	2.0	-67.1	65.5	12.9	-151.1	-222.4	3318.7	252.3	-58.1	
92.45	34.2	12.2	1.9	2.0	-66.8	65.6	15.8	-149.6	-220.6	3282.1	418.7	-60.4	
92.50	34.6	11.8	1.1	2.0	-66.1	65.7	18.2	-148.7	-219.6	3211.3	575.7	-62.3	
92.55	35.0	11.3	-0.1	2.0	-65.9	65.8	19.4	-148.9	-219.2	3169.7	707.3	-66.5	
92.60	35.4	10.9	-1.6	2.0	-66.5	65.9	18.7	-150.4	-217.9	3199.4	766.4	-72.1	
92.65	35.8	10.6	-2.3	2.0	-67.0	66.0	18.0	-153.8	-216.4	3225.6	781.5	-74.9	
92.70	36.2	10.5	-2.3	2.0	-67.3	66.1	17.4	-155.7	-215.5	3238.8	774.3	-75.2	
92.75	36.6	10.6	-2.1	2.0	-67.3	66.2	14.5	-154.2	-214.3	3267.6	696.1	-74.4	
92.80	37.0	10.8	-1.1	2.0	-67.4	66.3	11.9	-153.3	-212.7	3301.3	587.3	-71.1	
92.85	37.3	11.0	0.8	2.0	-67.6	66.4	11.2	-154.0	-211.5	3331.6	489.5	-64.9	
92.90	37.7	10.6	2.4	2.0	-68.2	66.5	10.8	-154.6	-210.5	3388.5	388.8	-60.1	
92.95	38.1	10.2	3.5	2.0	-70.0	66.6	9.8	-158.0	-209.0	3532.5	260.1	-58.1	
93.00	38.5	10.0	4.3	2.0	-73.0	66.7	8.4	-165.7	-207.9	3742.4	110.2	-58.4	
93.05	38.9	10.0	5.6	2.0	-76.2	66.8	6.3	-173.8	-208.0	3966.2	-60.4	-57.0	
93.10	39.2	10.1	6.9	2.0	-78.8	66.9	1.3	-177.7	-208.1	4137.0	-288.4	-55.1	
93.15	39.6	10.2	7.7	2.0	-80.8	67.0	-5.4	-180.6	-207.2	4255.9	-560.4	-54.4	
93.20	40.0	10.2	8.7	2.0	-82.2	67.1	-13.1	-183.0	-205.9	4311.0	-852.1	-52.3	
93.25	40.4	10.3	10.6	2.0	-83.1	67.2	-19.8	-182.0	-205.5	4319.5	-1099.2	-46.6	
93.30	40.7	10.4	12.3	2.0	-83.1	67.3	-22.1	-179.4	-205.2	4293.8	-1232.2	-41.0	
93.35	41.1	10.3	13.2	2.0	-83.2	67.4	-20.7	-179.2	-203.2	4289.6	-1272.1	-37.8	
93.40	41.5	10.1	13.3	2.0	-83.7	67.5	-19.3	-181.8	-200.9	4324.7	-1275.3	-38.2	
93.45	41.8	10.0	13.0	2.0	-84.0	67.6	-18.9	-184.4	-200.7	4350.5	-1247.3	-39.5	
93.50	42.2	10.2	13.6	2.0	-83.4	67.7	-18.3	-185.5	-200.9	4313.1	-1203.5	-36.8	
93.55	42.6	10.2	13.5	2.0	-82.4	67.8	-17.7	-183.6	-198.4	4248.3	-1175.2	-36.0	
93.60	42.9	10.2	12.5	2.0	-82.0	67.9	-19.1	-181.0	-195.1	4226.0	-1169.9	-39.1	
93.65	43.3	10.1	11.3	2.0	-82.0	68.0	-19.8	-182.9	-194.8	4249.7	-1087.3	-43.3	
93.70	43.6	10.3	8.6	2.0	-82.5	68.1	-17.4	-188.3	-196.2	4314.8	-902.0	-52.9	
93.75	44.0	10.3	7.8	2.0	-83.8	68.2	-12.6	-193.8	-194.7	4441.7	-677.6	-56.9	
93.80	44.3	10.0	6.2	2.0	-84.9	68.3	-3.7	-198.1	-191.2	4547.0	-401.3	-63.6	
93.85	44.7	10.4	5.8	2.0	-84.9	68.4	5.0	-199.7	-190.1	4560.0	-92.6	-65.1	
93.90	45.0	10.6	5.1	2.0	-84.2	68.5	9.7	-197.9	-190.7	4508.9	159.5	-66.8	
93.95	45.4	10.7	3.7	2.0	-83.3	68.6	11.8	-194.9	-189.0	4441.4	309.5	-70.5	
94.00	45.7	10.6	3.1	2.0	-82.4	68.7	14.9	-193.7	-185.7	4368.8	412.9	-71.6	
94.05	46.1	10.6	2.9	2.0	-81.6	68.8	18.3	-191.8	-184.4	4300.8	521.0	-71.5	
94.10	46.4	10.6	2.1	2.0	-81.5	68.9	19.2	-190.5	-185.0	4285.7	613.7	-74.3	
94.15	46.8	10.5	0.9	2.0	-82.1	69.0	19.2	-193.1	-184.7	4318.8	679.3	-79.0	
94.20	47.1	10.5	-0.4	2.0	-82.6	69.1	20.8	-197.2	-183.3	4334.7	743.4	-84.1	
94.25	47.5	10.4	0.1	2.0	-82.2	69.2	22.0	-195.9	-182.2	4295.2	794.4	-82.0	
94.30	47.8	10.2	0.9	2.0	-81.3	69.3	21.9	-191.3	-181.3	4242.5	809.2	-78.2	
94.35	48.1	10.3	1.2	2.0	-81.5	69.4	21.3	-191.3	-179.4	4262.9	772.8	-77.4	
94.40	48.5	10.4	1.5	2.0	-83.0	69.5	19.7	-195.7	-177.7	4382.9	692.5	-77.8	
94.45	48.8	10.5	1.9	2.0	-85.1	69.6	17.9	-199.9	-177.8	4540.8	609.9	-78.6	
94.50	49.1	10.4	2.9	2.0	-87.1	69.7	17.1	-203.8	-178.2	4693.0	531.0	-77.1	
94.55	49.5	10.2	3.7	2.0	-89.1	69.8	15.9	-208.9	-176.4	4842.9	399.2	-76.4	
94.60	49.8	9.6	4.6	2.0	-90.8	69.9	12.2	-213.9	-174.5	4967.9	218.6	-75.1	
94.65	50.1	9.6	5.8	2.0	-91.3	70.0	7.6	-215.2	-175.0	5011.1	53.2	-71.3	
94.70	50.4	9.6	6.9	2.0	-91.3	70.1	2.3	-214.3	-175.0	5010.3	-127.7	-67.5	
94.75	50.7	9.4	7.6	2.0	-91.8	70.2	-3.2	-214.4	-172.2	5039.1	-368.6	-65.6	
94.80	51.1	9.8	8.6	2.0	-92.7	70.3	-8.1	-215.9	-169.7	5083.8	-617.6	-63.2	
94.85	51.4	10.1	9.8	2.0	-93.6	70.4	-12.2	-216.7	-170.4	5121.8	-797.9	-60.0	
94.90	51.7	10.0	10.6	2.0	-94.6	70.5	-16.7	-216.9	-171.3	5169.5	-950.0	-58.2	
94.95	52.0	9.9	11.1	2.0	-95.8	70.6	-19.8	-218.5	-169.5	5226.6	-1096.9	-57.6	
95.00	52.3	9.7	12.1	2.0	-96.2	70.7	-20.3	-220.0	-167.3	5237.6	-1200.1	-54.6	
95.05	52.6	9.4	13.4	2.0	-95.8	70.8	-20.1	-218.3	-166.6	5200.2	-1250.5	-49.8	
95.10	52.9	9.6	14.3	2.0	-95.7	70.9	-19.1	-217.1	-165.7	5191.5	-1248.6	-46.5	
95.15	53.2	9.5	13.6	2.0	-96.4	71.0	-17.1	-219.7	-163.8	5254.4	-1202.9	-49.8	
95.20	53.6	9.0	12.9	2.0	-97.5	71.1	-14.3	-224.0	-163.1	5348.5	-1105.9	-53.1	
95.25	53.9	9.5	12.2	2.0	-98.0	71.2	-10.9	-226.7	-164.0	5411.2	-960.5	-56.3	
95.30	54.2	9.6	10.9	2.0	-98.2	71.3	-7.4	-228.1	-163.3	5444.2	-805.1	-60.7	
95.35	54.5	9.5	9.5	2.0	-97.9	71.4	-4.2	-228.9	-160.9	5446.4	-643.5	-65.2	
95.40	54.8	9.2	8.3	2.0	-96.8	71.5	-1.4	-227.3	-160.0	5386.9	-436.1	-68.2	
95.45	55.1	8.9	7.0	2.0	-95.1	71.6	1.9	-223.8	-160.7	5277.8	-181.3	-71.1	
95.50	55.4	8.7	5.5	2.0	-94.0	71.7	6.8	-223.3	-159.3	5199.6	70.0	-75.2	
95.55	55.7	8.9	4.1	2.0	-93.9	71.8	12.8	-224.9	-155.9	5187.5	303.6	-79.8	
95.60	56.0	8.8	3.1	2.0	-94.0	71.9	18.5	-224.3	-155.0	5167.5	563.8	-83.5	
95.65	56.2	8.6	2.4	2.0	-93.8	72.0	23.9	-222.8	-156.0	5119.6	841.9	-85.7	
95.70	56.5	8.5	1.2	2.0	-93.9	72.1	27.0	-223.2	-154.5	5096.2	1029.1	-89.8	
95.75	56.8	8.8	0.4	2.0	-94.1	72.2	28.1	-223.5	-151.3	5091.5	1122.1	-92.8	
95.80	57.1	9.0	0.6	2.0	-94.3	72.3	30.1	-223.4	-149.8	5081.8	1216.4	-92.1	
95.85	57.4	9.1	1.1	2.0	-94.8	72.4	31.9	-223.1	-149.6	5099.6	1303.0	-91.0	
95.90	57.6	9.5	0.3	2.0	-96.1	72.5	30.5	-225.0	-147.6	5201.2	1287.4	-95.1	
95.95	57.9	9.8	-0.5	2.0	-98.0	72.6	28.2	-231.1	-145.8	5357.0	1203.5	-99.8	
96.00	58.2	10.1	0.3	2.0	-99.3	72.7	26.7	-236.6	-146.2	5459.6	1110.7	-98.3	
96.05	58.5	10.0	1.6	2.0	-99.4	72.8	24.4	-236.4	-146.2	5493.5	969.8	-93.9	
96.10	58.7	10.0	2.6	2.0	-98.9	72.9	20.6	-233.4	-143.4	5503.9	746.4	-89.8	
96.15	59.0	10.2	4.2	2.0	-98.2	73.0	16.6	-232.4	-141.3	5484.1	512.2	-84.0	
96.20	59.3	10.4	5.9	2.0	-97.5	73.1	12.4	-232.4	-141.7	5448.9	293.2	-77.3	
96.25	59.6	10.5	7.0	2.0	-97.7	73.2	8.0	-233.2	-141.3	5468.0	57.3	-73.8	
96.30	59.8	10.4	7.5	2.0	-98.8	73.3	4.5	-235.7	-138.6	5546.0	-192.2	-73.1	
96.35	60.1	10.0	8.4	2.0	-100.2	73.4	1.9	-238.8	-136.9	5631.0	-413.4	-71.4	
96.40	60.4	9.9	9.7	2.0	-101.3	73.5	-2.1	-240.6	-137.8	5689.4	-604.0	-68.1	
96.45	60.6	9.9	10.1	2.0	-102.3	73.6	-8.6	-242.1	-138.0	5735.5	-814.6	-67.5	
96.50	60.9	10.3	10.3	2.0	-103.2	73.7	-14.4	-243.3	-136.7	5770.7	-1004.6	-67.8	
96.55	61.2	10.3	11.3	2.0	-103.5	73.8	-17.2	-242.4	-136.2	5774.4	-1107.9	-64.7	
96.60	61.4	10.2	12.2	2.0	-103.8	73.9	-17.5	-242.1	-136.5	5794.7	-1135.3	-61.8	
96.65	61.7	9.9	12.0	2.0	-104.9	74.0	-16.4	-245.9	-134.9	5875.3	-1129.8	-63.8	
96.70	61.9	10.2	11.0	2.0	-106.1	74.1	-14.4	-250.9	-132.6	5962.3	-1076.2	-68.5	
96.75	62.2	10.2	10.6	2.0	-106.1	74.2	-11.5	-252.4	-132.1	5976.4	-953.8	-69.6	
96.80	62.4	9.8	10.5	2.0	-105.1	74.3	-7.8	-250.8	-131.0	5927.2	-805.8	-69.0	
96.85	62.7	9.5	9.9	2.0	-104.1	74.4	-4.9	-249.6	-128.2	5879.0	-675.3	-70.2	
96.90	62.9	9.5	9.1	2.0	-103.4	74.5	-3.2	-248.2	-125.9	5840.0	-535.5	-72.2	
96.95	63.2	9.6	8.2	2.0	-102.7	74.6	-1.6	-246.8	-126.3	5806.8	-351.3	-74.5	
97.00	63.4	9.9	7.2	2.0	-102.8	74.7	1.1	-248.1	-126.0	5823.7	-150.3	-78.1	
97.05	63.7	10.3	5.6	2.0	-103.7	74.8	4.9	-250.8	-123.0	5886.1	25.7	-84.6	
97.10	63.9	10.8	4.4	2.0	-104.2	74.9	9.3	-251.0	-120.3	5924.2	209.4	-89.2	
97.15	64.1	10.7	4.5	2.0	-104.0	75.0	15.0	-249.5	-119.6	5896.0	435.8	-88.7	
97.20	64.4	10.3	4.2	2.0	-103.5	75.1	20.2	-248.8	-118.2	5845.9	643.5	-89.1	
97.25	64.6	9.6	3.3	2.0	-103.4	75.2	24.2	-248.6	-115.0	5821.9	793.7	-92.1	
97.30	64.9	9.3	2.9	2.0	-103.5	75.3	27.8	-247.8	-113.9	5804.1	941.0	-93.5	
97.35	65.1	9.4	3.2	2.0	-104.0	75.4	32.3	-249.0	-114.2	5814.1	1091.5	-92.9	
97.40	65.3	9.5	2.9	2.0	-105.0	75.5	35.0	-250.9	-113.0	5870.1	1169.4	-95.1	
97.45	65.6	9.7	1.8	2.0	-105.7	75.6	34.3	-251.8	-111.0	5921.2	1172.6	-99.4	
97.50	65.8	10.0	1.5	2.0	-105.6	75.7	32.7	-252.3	-110.9	5916.5	1165.6	-100.5	
97.55	66.0	10.3	1.6	2.0	-105.0	75.8	31.2	-252.0	-110.9	5872.0	1135.3	-99.4	
97.60	66.3	10.6	1.7	2.0	-104.6	75.9	29.2	-251.3	-109.0	5864.7	1056.7	-98.9	
97.65	66.5	10.6	1.8	2.0	-104.7	76.0	27.2	-250.7	-107.3	5888.3	976.0	-98.4	
97.70	66.7	10.4	2.4	2.0	-104.8	76.1	26.0	-251.6	-108.0	5906.0	920.1	-96.6	
97.75	67.0	9.9	3.0	2.0	-105.1	76.2	23.7	-254.4	-108.4	5933.3	810.1	-94.6	
97.80	67.2	10.4	3.1	2.0	-105.7	76.3	20.5	-258.1	-106.2	5990.8	624.2	-95.0	
97.85	67.4	10.7	3.9	2.0	-106.1	76.4	17.8	-259.6	-103.9	6040.6	441.2	-92.6	
97.90	67.7	10.4	5.0	2.0	-106.3	76.5	15.0	-258.3	-103.8	6067.5	297.3	-89.3	
97.95	67.9	10.4	6.0	2.0	-106.5	76.6	10.2	-257.4	-102.9	6094.8	104.9	-85.9	
98.00	68.1	10.7	6.4	2.0	-107.2	76.7	4.7	-260.0	-100.9	6139.5	-128.7	-85.1	
98.05	68.3	11.3	7.1	2.0	-108.0	76.8	0.3	-263.1	-100.2	6184.7	-320.3	-83.5	
98.10	68.5	11.0	8.0	2.0	-109.1	76.9	-2.5	-264.8	-100.5	6251.8	-457.1	-81.6	
98.15	68.7	10.8	8.7	2.0	-110.2	77.0	-5.3	-264.7	-99.4	6329.8	-591.1	-80.4	
98.20	69.0	10.7	9.1	2.0	-110.7	77.1	-8.3	-264.5	-98.1	6356.0	-726.2	-79.4	
98.25	69.2	10.8	9.6	2.0	-110.4	77.2	-10.5	-264.8	-96.9	6317.0	-849.5	-77.6	
98.30	69.4	10.8	10.2	2.0	-109.8	77.3	-11.5	-263.8	-94.5	6260.9	-944.4	-74.7	
98.35	69.6	10.8	10.8	2.0	-109.2	77.4	-10.6	-261.3	-92.2	6223.4	-955.4	-72.2	
98.40	69.8	10.7	10.9	2.0	-109.1	77.5	-7.0	-260.2	-91.2	6231.6	-862.5	-71.8	
98.45	70.0	10.8	10.9	2.0	-109.4	77.6	-3.7	-261.1	-91.0	6269.8	-736.6	-71.9	
98.50	70.2	11.1	10.2	2.0	-109.7	77.7	-1.6	-263.1	-90.8	6299.5	-614.9	-74.5	
98.55	70.4	11.0	9.0	2.0	-109.8	77.8	0.7	-265.1	-89.5	6313.9	-495.5	-79.1	
98.60	70.7	11.0	7.8	2.0	-109.7	77.9	2.9	-264.9	-88.4	6317.2	-353.3	-82.9	
98.65	70.9	11.1	7.1	2.0	-109.5	78.0	4.9	-262.9	-88.0	6313.9	-176.7	-85.2	
98.70	71.1	11.1	6.2	2.0	-109.3	78.1	7.7	-261.9	-87.5	6303.7	17.7	-87.9	
98.75	71.3	11.1	4.9	2.0	-109.1	78.2	11.6	-262.7	-86.7	6282.9	226.5	-92.2	
98.80	71.5	11.0	3.8	2.0	-109.1	78.3	16.7	-264.3	-85.6	6267.5	456.9	-96.1	
98.85	71.7	10.7	3.1	2.0	-109.6	78.4	23.0	-265.8	-84.6	6278.3	707.5	-99.0	
98.90	71.9	10.5	2.9	2.0	-110.4	78.5	29.5	-266.5	-84.5	6298.3	972.6	-100.6	
98.95	72.1	10.5	2.7	2.0	-111.1	78.6	34.6	-266.9	-84.1	6306.8	1193.9	-101.8	
99.00	72.3	10.7	1.9	2.0	-111.3	78.7	36.8	-267.2	-82.3	6305.9	1310.5	-104.8	
99.05	72.5	10.4	1.4	2.0	-111.2	78.8	36.7	-266.8	-80.6	6285.7	1347.6	-106.3	
99.10	72.7	10.4	1.4	2.0	-110.9	78.9	36.3	-266.1	-79.9	6264.3	1367.0	-106.1	
99.15	72.9	10.7	1.2	2.0	-111.1	79.0	35.6	-265.8	-79.1	6283.7	1357.7	-107.1	
99.20	73.1	10.2	0.5	2.0	-111.7	79.1	33.4	-266.8	-78.1	6342.7	1299.2	-110.0	
99.25	73.3	10.0	0.7	2.0	-112.2	79.2	31.6	-269.2	-77.6	6385.3	1230.8	-109.9	
99.30	73.5	10.2	1.3	2.0	-112.2	79.3	31.1	-271.3	-77.4	6397.6	1152.5	-107.6	
99.35	73.7	10.3	1.9	2.0	-112.2	79.4	29.8	-271.8	-75.6	6418.5	1015.5	-105.8	
99.40	73.9	10.1	2.7	2.0	-112.1	79.5	27.2	-270.9	-73.6	6445.2	839.5	-103.0	
99.45	74.0	9.9	4.3	2.0	-112.0	79.6	25.3	-270.4	-73.6	6451.3	686.0	-97.3	
99.50	74.2	9.9	5.5	2.0	-111.6	79.7	22.2	-269.5	-74.0	6443.2	509.0	-92.8	
99.55	74.4	9.7	5.7	2.0	-111.4	79.8	16.4	-267.8	-73.0	6448.0	263.5	-91.7	
99.60	74.6	9.4	6.2	2.0	-111.6	79.9	12.1	-268.9	-71.7	6468.8	38.6	-90.3	
99.65	74.8	9.4	7.3	2.0	-112.0	80.0	10.0	-271.3	-72.0	6492.4	-104.1	-87.1	
99.70	75.0	9.4	7.8	2.0	-112.1	80.1	5.8	-269.3	-72.8	6505.0	-232.5	-85.3	
99.75	75.1	9.4	7.8	2.0	-112.3	80.2	1.1	-267.6	-72.3	6512.3	-382.7	-85.5	
99.80	75.3	9.2	8.0	2.0	-112.4	80.3	-1.2	-270.5	-71.3	6503.6	-509.7	-84.9	
99.85	75.5	9.5	8.6	2.0	-112.1	80.4	-3.5	-271.0	-71.2	6473.3	-603.2	-82.6	
99.90	75.7	9.8	8.6	2.0	-112.0	80.5	-5.5	-268.9	-71.1	6467.8	-653.3	-82.4	
99.95	75.9	9.8	8.3	2.0	-112.3	80.6	-5.3	-269.1	-70.6	6493.3	-639.9	-83.8	
100.00	76.0	9.3	8.4	2.0	-112.7	80.7	-3.9	-271.1	-70.3	6519.2	-588.5	-83.7	
100.05	76.2	8.7	8.4	2.0	-112.7	80.8	-2.8	-271.7	-69.8	6521.0	-536.6	-84.0	
100.10	76.4	8.2	8.0	2.0	-112.4	80.9	-0.8	-271.6	-68.2	6509.2	-473.3	-85.0	
100.15	76.5	8.3	7.7	2.0	-112.1	81.0	2.8	-271.2	-67.1	6492.1	-350.7	-85.7	
100.20	76.7	8.6	7.3	2.0	-111.9	81.1	4.9	-270.0	-67.5	6488.0	-205.5	-86.8	
100.25	76.9	8.9	6.5	2.0	-112.0	81.2	5.6	-270.1	-67.9	6500.0	-87.7	-89.8	
100.30	77.0	9.4	5.4	2.0	-112.2	81.3	7.5	-272.8	-66.6	6511.2	10.3	-93.6	
100.35	77.2	9.5	4.6	2.0	-112.4	81.4	11.1	-275.1	-64.6	6515.5	122.5	-96.7	
100.40	77.4	9.4	4.3	2.0	-112.6	81.5	14.6	-274.2	-63.4	6526.5	268.3	-97.6	
100.45	77.5	9.7	3.8	2.0	-112.7	81.6	17.8	-272.4	-62.4	6532.6	432.4	-99.7	
100.50	77.7	10.2	3.6	2.0	-112.4	81.7	21.2	-271.3	-61.7	6500.7	594.4	-100.1	
100.55	77.8	10.7	3.5	2.0	-111.5	81.8	24.6	-269.2	-61.1	6426.1	727.6	-99.5	
100.60	78.0	10.8	3.6	2.0	-110.8	81.9	28.2	-267.9	-59.4	6366.2	838.0	-98.4	
100.65	78.2	10.7	3.5	2.0	-110.9	82.0	32.4	-267.9	-57.3	6356.4	956.9	-99.0	
100.70	78.3	10.5	2.7	2.0	-111.7	82.1	35.3	-268.7	-56.4	6391.1	1073.1	-102.6	
100.75	78.5	10.0	2.0	2.0	-112.5	82.2	35.3	-270.3	-57.0	6434.1	1149.5	-105.5	
100.80	78.6	10.2	1.6	2.0	-112.7	82.3	34.2	-272.3	-56.9	6441.8	1160.9	-107.3	
100.85	78.8	10.6	1.3	2.0	-112.3	82.4	33.8	-273.7	-55.3	6420.6	1127.5	-107.8	
100.90	78.9	10.6	1.2	2.0	-111.9	82.5	33.0	-271.8	-54.4	6401.1	1092.9	-107.9	
100.95	79.1	10.0	1.4	2.0	-112.0	82.6	30.6	-269.7	-55.5	6419.9	1064.4	-107.2	
101.00	79.2	9.6	1.8	2.0	-112.6	82.7	28.4	-271.5	-56.9	6464.2	1022.1	-106.5	
101.05	79.4	10.0	1.8	2.0	-113.0	82.8	27.2	-275.1	-56.1	6500.3	937.3	-106.9	
101.10	79.5	9.9	1.9	2.0	-112.9	82.9	26.1	-275.8	-53.8	6505.6	821.2	-106.5	
101.15	79.7	9.8	2.7	2.0	-112.3	83.0	24.8	-274.0	-52.9	6479.3	714.2	-102.9	
101.20	79.8	9.9	3.7	2.0	-111.8	83.1	22.5	-273.5	-52.9	6455.2	597.7	-99.2	
101.25	80.0	9.7	4.0	2.0	-111.5	83.2	18.1	-274.3	-52.6	6448.6	427.0	-97.7	
101.30	80.1	9.7	4.0	2.0	-111.1	83.3	11.9	-272.9	-52.4	6429.7	214.4	-97.3	
101.35	80.3	9.8	4.8	2.0	-110.6	83.4	7.4	-271.2	-52.0	6401.8	4.4	-94.2	
101.40	80.4	9.8	5.7	2.0	-110.6	83.5	4.7	-271.6	-50.1	6400.6	-186.1	-91.0	
101.45	80.5	9.8	6.4	2.0	-111.2	83.6	1.0	-271.5	-48.5	6437.8	-356.5	-89.1	
101.50	80.7	9.6	7.4	2.0	-111.8	83.7	-2.9	-271.3	-49.0	6476.1	-475.3	-86.3	
101.55	80.8	9.2	8.3	2.0	-112.1	83.8	-4.1	-272.9	-49.1	6493.0	-552.0	-83.8	
101.60	80.9	8.5	8.7	2.0	-112.7	83.9	-3.5	-275.4	-46.7	6520.9	-631.9	-83.0	
101.65	81.0	7.9	8.6	2.0	-113.4	84.0	-3.1	-275.3	-44.1	6567.9	-704.3	-84.0	
101.70	81.2	7.4	8.9	2.0	-113.8	84.1	-2.5	-274.7	-44.6	6607.9	-693.4	-83.3	
101.75	81.3	7.4	9.4	2.0	-114.3	84.2	-2.0	-276.6	-45.8	6643.9	-640.2	-82.1	
101.80	81.4	7.4	8.5	2.0	-114.7	84.3	-2.2	-278.0	-43.8	6672.7	-628.2	-85.6	
101.85	81.5	7.3	7.5	2.0	-114.6	84.4	-1.3	-277.4	-41.2	6674.7	-580.5	-88.8	
101.90	81.7	7.3	7.6	2.0	-114.0	84.5	2.5	-275.7	-41.1	6643.4	-422.6	-88.1	
101.95	81.8	7.3	7.4	2.0	-114.0	84.6	6.2	-276.2	-41.0	6647.9	-234.3	-88.6	
102.00	81.9	7.4	6.3	2.0	-114.6	84.7	8.1	-278.3	-39.6	6694.2	-70.4	-93.1	
102.05	82.0	7.4	4.9	2.0	-114.7	84.8	10.4	-278.1	-39.4	6697.9	120.0	-97.8	
102.10	82.2	7.5	4.6	2.0	-114.2	84.9	15.1	-276.6	-40.0	6656.2	334.9	-98.3	
102.15	82.3	7.7	4.3	2.0	-114.1	85.0	20.0	-277.0	-38.5	6637.0	511.8	-99.4	
102.20	82.4	7.4	3.4	2.0	-114.7	85.1	23.6	-278.8	-36.2	6668.0	669.7	-103.1	
102.25	82.5	6.9	2.5	2.0	-115.5	85.2	26.6	-279.1	-36.8	6700.0	864.1	-106.9	
102.30	82.6	6.2	2.4	2.0	-116.1	85.3	30.1	-279.5	-38.0	6718.4	1059.3	-107.8	
102.35	82.7	6.3	2.0	2.0	-116.9	85.4	33.7	-282.4	-36.4	6751.6	1180.7	-110.1	
102.40	82.8	6.5	1.6	2.0	-117.6	85.5	36.7	-284.5	-34.0	6786.3	1252.9	-112.1	
102.45	83.0	6.8	1.5	2.0	-117.9	85.6	38.3	-283.6	-34.6	6795.2	1341.4	-112.7	
102.50	83.1	6.8	1.4	2.0	-117.9	85.7	37.9	-282.1	-35.9	6791.3	1392.8	-113.2	
102.55	83.2	7.2	0.9	2.0	-117.8	85.8	36.0	-282.6	-34.6	6788.3	1341.5	-114.8	
102.60	83.3	7.7	0.8	2.0	-117.1	85.9	34.6	-282.8	-32.3	6755.7	1241.6	-114.5	
102.65	83.4	7.3	1.4	2.0	-115.9	86.0	34.2	-280.4	-31.2	6687.2	1162.8	-111.2	
102.70	83.5	7.2	1.8	2.0	-114.8	86.1	33.2	-277.6	-30.2	6630.0	1076.9	-108.6	
102.75	83.6	7.3	1.9	2.0	-114.1	86.2	30.4	-276.4	-28.7	6596.4	950.4	-107.7	
102.80	83.7	7.3	2.4	2.0	-113.4	86.3	28.1	-276.9	-27.9	6564.3	825.7	-105.3	
102.85	83.8	7.1	3.4	2.0	-112.6	86.4	26.3	-275.9	-28.0	6517.3	698.7	-101.0	
102.90	83.9	7.1	3.7	2.0	-112.0	86.5	23.5	-274.5	-26.7	6493.2	518.6	-99.4	
102.95	84.0	7.6	4.0	2.0	-111.9	86.6	19.5	-274.8	-25.0	6503.9	316.0	-98.3	
103.00	84.0	7.8	4.6	2.0	-112.1	86.7	14.7	-275.9	-25.8	6522.6	145.4	-96.4	
103.05	84.1	7.9	4.9	2.0	-112.5	86.8	8.9	-276.7	-27.5	6549.8	-22.3	-95.7	
103.10	84.2	7.8	5.0	2.0	-113.1	86.9	4.0	-278.1	-27.0	6587.0	-201.8	-95.9	
103.15	84.3	7.9	5.6	2.0	-113.6	87.0	2.4	-279.8	-25.5	6614.2	-332.2	-94.3	
103.20	84.4	8.1	6.4	2.0	-113.6	87.1	2.4	-279.0	-25.4	6613.6	-389.3	-91.6	
103.25	84.5	8.4	6.7	2.0	-113.5	87.2	1.7	-277.7	-26.0	6607.6	-414.8	-90.5	
103.30	84.6	8.5	6.6	2.0	-113.4	87.3	0.8	-278.2	-25.9	6596.9	-433.4	-90.7	
103.35	84.7	8.5	6.8	2.0	-113.1	87.4	1.5	-278.9	-25.3	6575.8	-430.2	-89.6	
103.40	84.8	8.6	7.0	2.0	-112.8	87.5	3.5	-277.7	-24.6	6557.2	-390.2	-88.9	
103.45	84.9	9.0	6.7	2.0	-112.8	87.6	4.7	-276.0	-24.0	6566.4	-341.8	-89.7	
103.50	85.0	9.0	6.0	2.0	-113.4	87.7	5.3	-277.9	-23.1	6612.8	-287.6	-93.0	
103.55	85.0	8.8	5.5	2.0	-114.1	87.8	6.1	-280.7	-22.7	6660.8	-195.6	-95.1	
103.60	85.1	9.1	5.2	2.0	-114.5	87.9	7.6	-280.3	-23.4	6691.7	-60.3	-96.6	
103.65	85.2	9.0	4.7	2.0	-114.9	88.0	10.5	-278.5	-22.8	6725.1	73.9	-98.7	
103.70	85.3	8.8	4.5	2.0	-115.6	88.1	15.2	-279.7	-21.3	6774.8	223.9	-100.3	
103.75	85.4	8.5	4.6	2.0	-116.7	88.2	20.6	-282.9	-20.5	6841.1	415.3	-100.9	
103.80	85.4	8.5	4.2	2.0	-118.1	88.3	24.8	-284.9	-21.0	6922.4	618.5	-103.8	
103.85	85.5	8.7	3.2	2.0	-119.2	88.4	27.7	-284.6	-20.5	6989.4	783.6	-108.3	
103.90	85.6	8.7	3.0	2.0	-119.8	88.5	31.8	-285.9	-18.9	7018.8	929.1	-109.6	
103.95	85.7	8.6	3.4	2.0	-120.1	88.6	36.2	-287.4	-17.8	7011.1	1064.5	-108.2	
104.00	85.7	8.6	3.3	2.0	-120.0	88.7	37.8	-285.6	-17.5	6992.7	1169.1	-108.7	
104.05	85.8	9.0	2.5	2.0	-119.9	88.8	37.1	-282.6	-17.7	6981.4	1241.7	-111.4	
104.10	85.9	9.0	2.1	2.0	-119.7	88.9	37.5	-282.0	-17.9	6961.4	1307.5	-112.4	
104.15	85.9	8.9	2.3	2.0	-119.4	89.0	38.8	-282.6	-18.3	6924.3	1352.0	-111.5	
104.20	86.0	9.1	1.6	2.0	-118.7	89.1	38.3	-281.3	-17.2	6881.7	1323.8	-113.3	
104.25	86.1	9.4	1.0	2.0	-118.2	89.2	37.2	-280.3	-16.2	6852.1	1274.3	-114.8	
104.30	86.2	9.4	1.3	2.0	-118.0	89.3	36.1	-281.4	-17.4	6837.8	1245.1	-113.4	
104.35	86.2	9.0	1.7	2.0	-117.9	89.4	33.5	-282.8	-18.8	6846.2	1165.5	-112.2	
104.40	86.3	8.7	1.6	2.0	-117.8	89.5	30.3	-283.4	-18.7	6861.4	1014.1	-112.4	
104.45	86.4	8.5	2.1	2.0	-117.5	89.6	29.2	-283.8	-18.1	6860.1	862.6	-110.3	
104.50	86.4	8.3	2.9	2.0	-117.2	89.7	28.2	-284.0	-18.5	6851.6	728.2	-107.3	
104.55	86.5	8.2	3.3	2.0	-117.1	89.8	24.3	-283.4	-19.0	6855.7	570.6	-105.7	
104.60	86.5	8.0	3.4	2.0	-116.6	89.9	19.0	-281.9	-19.7	6834.3	395.7	-105.0	
104.65	86.6	7.8	3.8	2.0	-115.3	90.0	15.2	-280.3	-20.8	6750.6	232.0	-102.1	
104.70	86.7	7.5	4.7	2.0	-113.6	90.1	13.1	-278.5	-20.3	6635.8	61.4	-97.5	
104.75	86.7	7.7	4.8	2.0	-112.3	90.2	10.3	-276.1	-18.5	6545.1	-125.3	-95.9	
104.80	86.8	8.0	4.6	2.0	-111.5	90.3	6.4	-273.5	-18.5	6483.1	-271.9	-95.7	
104.85	86.8	7.8	4.8	2.0	-111.0	90.4	3.9	-273.4	-20.3	6440.8	-342.8	-94.4	
104.90	86.9	7.8	-16.4	1.5	-110.6	90.5	2.6	-274.3	-20.4	6408.2	-400.7	-101.9	
104.95	86.9	8.0	-10.7	1.1	-109.9	90.5	2.2	-271.7	-18.2	6358.4	-466.1	-98.4	
105.00	87.0	8.3	-6.2	0.8	-109.1	90.6	4.5	-268.7	-16.1	6306.7	-460.9	-94.5	
105.05	87.0	8.3	-2.4	0.6	-108.8	90.6	7.1	-267.9	-16.3	6293.9	-370.6	-90.1	
105.10	87.1	8.3	-0.1	0.5	-109.4	90.6	7.2	-269.1	-17.5	6341.3	-271.0	-89.7	
105.15	87.1	8.4	0.1	0.3	-110.5	90.7	6.2	-272.1	-17.3	6417.9	-209.4	-95.3	
105.20	87.2	8.2	0.2	0.3	-111.4	90.7	8.1	-275.6	-16.7	6473.5	-114.8	-99.4	
105.25	87.2	7.9	0.8	0.2	-112.1	90.7	12.4	-278.3	-16.2	6519.5	29.7	-101.0	
105.30	87.3	7.6	1.0	0.1	-113.0	90.7	15.1	-279.4	-15.7	6587.5	178.5	-103.4	
105.35	87.3	7.3	0.6	0.1	-114.0	90.7	15.8	-280.3	-16.1	6650.8	329.5	-107.3	
105.40	87.3	7.2	0.4	0.1	-114.1	90.7	17.9	-280.0	-17.5	6647.5	511.5	-109.1	
105.45	87.4	7.4	1.0	0.1	-113.6	90.7	22.8	-277.8	-17.3	6602.6	690.1	-107.7	
105.50	87.4	7.7	1.5	0.0	-113.3	90.7	28.0	-274.3	-15.4	6569.9	830.4	-106.1	
105.55	87.5	8.3	1.7	0.0	-113.6	90.7	32.5	-273.4	-14.7	6575.8	972.0	-106.2	
105.60	87.5	9.0	1.7	0.0	-114.6	90.7	35.4	-276.3	-16.0	6618.4	1113.0	-107.8	
105.65	87.6	9.1	0.8	0.0	-115.5	90.7	36.0	-278.9	-16.5	6668.0	1191.4	-111.9	
105.70	87.6	9.1	0.2	0.0	-115.8	90.7	36.1	-278.3	-15.9	6685.9	1220.1	-114.7	
105.75	87.6	9.1	0.6	0.0	-115.3	90.7	37.5	-275.5	-16.0	6655.3	1238.0	-112.8	
105.80	87.7	9.6	1.1	0.0	-114.8	90.7	37.9	-274.2	-15.8	6624.7	1219.0	-110.8	
105.85	87.7	10.0	1.0	0.0	-114.9	90.7	35.1	-274.8	-15.3	6642.3	1152.6	-111.3	
105.90	87.7	10.2	0.7	0.0	-115.3	90.7	31.8	-274.9	-16.0	6682.2	1094.6	-112.6	
105.95	87.8	10.2	1.0	0.0	-115.9	90.7	31.1	-275.7	-17.0	6729.1	1049.2	-112.1	
106.00	87.8	10.0	1.8	0.0	-116.3	90.7	31.8	-278.0	-15.7	6768.8	961.0	-109.9	
106.05	87.8	9.8	2.3	0.0	-116.3	90.7	31.6	-279.7	-13.1	6782.3	829.9	-108.1	
106.10	87.9	9.9	2.7	0.0	-115.5	90.7	29.6	-278.3	-12.5	6744.7	711.0	-106.2	
106.15	87.9	10.0	3.3	0.0	-114.1	90.7	26.2	-274.9	-14.5	6656.1	619.6	-102.9	
106.20	87.9	10.0	3.4	0.0	-112.8	90.7	22.4	-273.3	-14.9	6568.8	488.1	-100.9	
106.25	87.9	9.9	3.6	0.0	-111.9	90.7	18.7	-272.9	-12.4	6518.3	300.3	-99.6	
106.30	88.0	9.6	3.9	0.0	-111.3	90.7	15.9	-272.0	-11.9	6480.4	159.8	-98.1	
106.35	88.0	9.4	4.1	0.0	-110.7	90.7	12.8	-270.4	-13.3	6441.3	55.3	-96.8	
106.40	88.0	9.2	3.4	0.0	-110.6	90.7	7.6	-270.9	-13.0	6431.3	-95.4	-99.0	
106.45	88.1	8.8	3.3	0.0	-110.4	90.7	3.0	-272.2	-12.7	6411.3	-225.9	-99.1	
106.50	88.1	8.7	4.0	0.0	-109.6	90.7	2.6	-270.9	-13.8	6353.6	-270.6	-95.9	
106.55	88.1	9.1	5.0	0.0	-109.1	90.7	4.3	-268.6	-13.6	6316.1	-290.4	-92.0	
106.60	88.2	9.2	5.1	0.0	-109.1	90.7	4.7	-268.0	-11.9	6325.0	-318.9	-91.6	
106.65	88.2	9.3	4.9	0.0	-109.7	90.7	5.0	-270.4	-11.8	6360.0	-311.2	-92.9	
106.70	88.2	9.2	4.9	0.0	-110.3	90.7	6.5	-274.0	-13.3	6399.3	-258.3	-93.3	
106.75	88.2	9.3	4.8	0.0	-110.9	90.7	7.5	-275.9	-13.7	6438.6	-212.3	-94.5	
106.80	88.3	9.6	4.2	0.0	-111.1	90.7	8.4	-274.8	-11.5	6459.0	-194.6	-96.8	
106.85	88.3	9.9	4.0	0.0	-110.6	90.7	10.0	-272.0	-10.9	6429.5	-134.8	-96.7	
106.90	88.3	10.1	4.1	0.0	-109.7	90.7	10.8	-269.7	-12.7	6369.6	-29.1	-95.6	
106.95	88.3	10.3	3.6	0.0	-109.4	90.7	10.9	-269.5	-13.0	6347.6	56.5	-97.2	
107.00	88.3	10.6	2.7	0.0	-109.7	90.7	12.8	-270.3	-11.5	6363.4	148.0	-100.3	
107.05	88.4	11.1	2.6	0.0	-109.8	90.7	18.0	-270.0	-10.7	6369.3	309.8	-101.0	
107.10	88.4	11.5	2.5	0.0	-110.1	90.7	24.2	-270.0	-10.1	6380.9	494.6	-101.4	
107.15	88.4	11.6	2.0	0.0	-111.0	90.7	27.8	-272.1	-8.3	6433.0	628.9	-104.2	
107.20	88.4	11.1	1.8	0.0	-111.8	90.7	29.3	-273.1	-7.5	6472.9	759.4	-105.6	
107.25	88.4	10.8	2.3	0.0	-112.0	90.7	32.3	-271.6	-8.7	6470.4	927.3	-104.0	
107.30	88.5	10.6	2.0	0.0	-112.3	90.7	36.0	-270.1	-8.0	6475.9	1045.0	-105.3	
107.35	88.5	10.6	1.5	0.0	-113.0	90.7	36.7	-271.2	-5.1	6524.4	1083.3	-107.9	
107.40	88.5	10.3	1.1	0.0	-113.8	90.7	35.9	-273.2	-4.6	6574.5	1132.7	-109.9	
107.45	88.5	9.9	0.5	0.0	-114.4	90.7	35.6	-274.2	-6.5	6597.3	1208.1	-112.5	
107.50	88.5	9.4	-0.3	0.0	-114.4	90.7	34.4	-274.0	-6.8	6598.9	1225.4	-115.4	
107.55	88.5	9.5	-0.7	0.0	-114.2	90.7	34.0	-274.4	-4.5	6590.6	1182.9	-116.6	
107.60	88.6	9.7	-0.2	0.0	-113.8	90.7	35.7	-274.7	-3.6	6562.5	1167.3	-114.6	
107.65	88.6	9.7	0.4	0.0	-113.2	90.7	36.4	-273.0	-5.2	6520.3	1170.6	-111.8	
107.70	88.6	9.8	0.2	0.0	-112.8	90.7	34.3	-272.0	-5.5	6505.2	1100.7	-112.1	
107.75	88.6	9.7	0.4	0.0	-112.5	90.7	31.9	-272.7	-4.9	6500.9	987.3	-111.1	
107.80	88.6	9.6	1.4	0.0	-111.9	90.7	30.7	-272.2	-5.7	6467.0	884.9	-107.1	
107.85	88.7	9.5	2.0	0.0	-111.2	90.7	29.2	-270.6	-6.0	6437.7	749.2	-104.3	
107.90	88.7	9.5	1.8	0.0	-110.7	90.7	25.0	-269.8	-5.0	6427.3	553.1	-104.4	
107.95	88.7	9.5	1.9	0.0	-110.4	90.7	19.9	-271.4	-5.5	6410.5	376.6	-103.8	
108.00	88.7	9.5	2.2	0.0	-109.6	90.7	15.0	-270.9	-7.3	6358.1	221.2	-102.2	
108.05	88.7	9.4	2.3	0.0	-109.1	90.7	11.2	-269.5	-8.0	6326.8	61.6	-101.1	
108.10	88.8	9.4	2.7	0.0	-109.3	90.7	8.9	-270.2	-6.6	6339.4	-95.6	-100.1	
108.15	88.8	9.4	3.7	0.0	-109.8	90.7	8.0	-272.8	-5.4	6368.0	-205.2	-97.2	
108.20	88.8	9.4	4.5	0.0	-109.9	90.7	7.5	-273.1	-6.2	6371.8	-255.8	-94.3	
108.25	88.8	9.4	4.5	0.0	-109.8	90.7	5.7	-271.1	-6.5	6368.4	-305.0	-94.3	
108.30	88.8	9.8	4.9	0.0	-109.7	90.7	4.7	-270.0	-5.2	6360.7	-361.9	-92.9	
108.35	88.8	9.6	5.3	0.0	-109.4	90.7	5.4	-270.1	-3.7	6338.2	-394.9	-91.1	
108.40	88.8	9.4	5.7	0.0	-109.2	90.7	5.8	-269.1	-3.3	6325.0	-392.1	-89.5	
108.45	88.8	9.2	5.3	0.0	-109.4	90.7	5.0	-268.0	-4.0	6346.8	-359.2	-91.2	
108.50	88.8	9.4	4.7	0.0	-110.1	90.7	4.0	-270.1	-4.3	6396.4	-310.6	-93.8	
108.55	88.8	9.9	4.4	0.0	-110.6	90.7	5.0	-272.7	-4.3	6428.9	-222.6	-95.3	
108.60	88.8	10.6	4.0	0.0	-110.6	90.7	8.4	-272.5	-4.0	6436.5	-94.5	-96.7	
108.65	88.9	10.1	3.5	0.0	-110.7	90.7	12.7	-270.1	-3.2	6447.7	51.2	-98.5	
108.70	88.9	9.9	3.3	0.0	-111.0	90.7	16.0	-269.8	-2.8	6473.3	207.7	-99.7	
108.75	88.9	9.9	3.2	0.0	-111.5	90.7	19.1	-271.1	-3.7	6494.3	380.1	-100.3	
108.80	88.9	9.7	3.1	0.0	-111.9	90.7	22.8	-271.2	-4.3	6509.8	548.7	-101.2	
108.85	88.9	9.9	2.8	0.0	-112.3	90.7	27.2	-270.8	-3.4	6532.2	699.3	-102.7	
108.90	88.9	10.2	2.6	0.0	-113.0	90.7	31.7	-271.5	-2.5	6564.4	843.9	-104.1	
108.95	88.9	10.9	2.0	0.0	-113.4	90.7	34.6	-272.4	-3.5	6570.8	992.3	-106.5	
109.00	88.9	11.4	1.3	0.0	-113.3	90.7	35.3	-271.7	-5.3	6542.6	1101.7	-108.9	
109.05	88.9	11.7	0.6	0.0	-112.7	90.7	35.6	-270.3	-5.7	6489.4	1166.1	-110.8	
109.10	89.0	11.3	-0.0	0.0	-112.0	90.7	37.1	-269.4	-5.1	6431.0	1210.1	-112.2	
109.15	89.0	11.0	0.1	0.0	-111.6	90.7	38.1	-267.5	-5.5	6392.9	1251.3	-111.2	
109.20	89.0	10.7	-0.2	0.0	-111.4	90.7	37.8	-267.0	-6.4	6378.6	1257.0	-112.2	
109.25	89.0	10.1	-0.6	0.0	-111.5	90.7	36.5	-270.1	-6.0	6386.1	1212.1	-113.7	
109.30	89.0	9.7	-0.9	0.0	-111.3	90.7	35.7	-271.7	-6.3	6374.3	1167.1	-114.4	
109.35	89.0	9.5	-0.2	0.0	-110.5	90.7	35.1	-269.4	-6.8	6331.6	1107.5	-111.1	
109.40	89.0	9.4	0.5	0.0	-109.5	90.7	34.9	-267.2	-5.9	6277.9	1010.6	-107.8	
109.45	89.0	9.6	1.1	0.0	-108.6	90.7	33.3	-267.4	-5.2	6230.2	898.5	-104.8	
109.50	89.0	9.9	1.5	0.0	-107.9	90.7	28.9	-267.3	-6.2	6193.3	763.6	-102.7	
109.55	89.0	10.2	1.3	0.0	-107.4	90.7	23.5	-267.5	-6.4	6175.9	581.8	-102.8	
109.60	89.0	10.2	1.1	0.0	-107.1	90.7	19.3	-268.4	-5.9	6165.8	395.2	-103.3	
109.65	89.0	10.2	1.5	0.0	-106.9	90.7	16.0	-269.1	-6.4	6160.2	234.2	-101.9	
109.70	89.0	10.2	2.0	0.0	-106.8	90.7	11.7	-268.7	-7.0	6155.7	61.4	-100.0	
109.75	89.0	10.3	2.3	0.0	-106.6	90.7	7.2	-268.1	-7.1	6141.5	-103.7	-98.7	
109.80	89.0	10.5	3.0	0.0	-106.1	90.7	5.4	-266.8	-7.6	6105.3	-208.2	-95.7	
109.85	89.0	11.0	4.3	0.0	-105.6	90.7	5.9	-264.4	-7.7	6068.6	-271.6	-90.9	
109.90	89.0	11.3	5.2	0.0	-105.5	90.7	6.0	-263.5	-6.9	6068.0	-336.9	-87.7	
109.95	89.0	11.3	5.4	0.0	-106.0	90.7	6.0	-264.0	-6.4	6095.9	-380.3	-87.6	
