Time[s]	Rotor azimuth angle[deg]	Hub wind speed magnitude[m/s]	ACTTORQUE1[Nm]	PITRAT1[deg/s]	PITFRIC1[kNm]	PITCH1[deg]	Blade root 1 Fx[KN]	Blade root 1 Fy[KN]	Blade root 1 Fz[KN]	Blade root 1 Mx[kNm]	Blade root 1 My[kNm]	Blade root 1 Mz[kNm]	
END_OF_HEADER
50.00	304.7	19.0	-56.3	-0.4	147.5	21.2	232.0	165.2	440.5	-3015.0	8332.7	-43.5	
50.05	307.2	19.0	-52.6	-0.5	146.2	21.2	221.8	166.3	420.3	-2670.7	8386.3	-25.6	
50.10	309.7	19.2	-45.6	-0.5	141.9	21.2	212.4	138.2	407.0	-2212.4	8264.6	-15.2	
50.15	312.3	19.5	-39.0	-0.4	134.4	21.1	204.7	120.3	408.3	-1874.3	7808.4	-9.3	
50.20	314.8	19.9	-33.1	-0.3	126.2	21.1	194.7	116.1	410.2	-1730.6	7238.4	-0.3	
50.25	317.3	20.3	-30.5	-0.2	120.1	21.1	181.1	106.8	399.0	-1559.6	6861.5	5.8	
50.30	319.9	20.6	-31.0	-0.2	117.8	21.1	173.5	94.5	386.7	-1083.8	6818.5	3.9	
50.35	322.4	20.9	-32.4	-0.1	120.1	21.1	179.0	85.4	381.9	-714.3	7047.3	3.5	
50.40	324.9	21.1	-30.6	-0.0	125.1	21.1	190.6	75.7	374.7	-591.2	7422.2	5.5	
50.45	327.5	21.8	38.9	0.1	-129.7	21.1	199.0	67.7	362.3	-274.5	7786.4	-7.1	
50.50	330.0	21.8	33.5	0.1	-134.1	21.1	204.9	51.1	351.2	191.8	8127.9	-16.5	
50.55	332.5	21.5	-46.1	-0.0	138.3	21.1	212.8	35.7	350.7	582.9	8415.3	-8.3	
50.60	335.1	20.8	-48.3	-0.2	143.6	21.1	226.0	30.0	353.5	896.9	8753.9	-6.0	
50.65	337.8	20.5	-33.1	-0.2	156.1	21.1	239.6	69.6	350.0	-1431.3	9574.4	48.7	
50.70	340.5	20.4	-54.4	-0.2	167.1	21.1	266.3	30.6	348.3	-1100.8	10402.7	-18.3	
50.75	343.0	20.3	-89.3	-0.3	174.3	21.1	302.6	64.6	364.4	-453.1	10867.3	-125.2	
50.80	345.8	20.6	61.6	0.3	-164.5	21.1	254.3	-32.0	359.4	-1303.7	10212.6	-27.2	
50.85	348.4	21.1	48.1	0.7	-150.6	21.1	221.2	46.9	358.0	-668.9	9306.7	-40.7	
50.90	351.0	21.6	27.3	1.1	-144.3	21.1	211.0	47.9	358.0	-398.1	8871.8	-91.6	
50.95	353.7	21.4	32.2	1.3	-145.8	21.2	204.8	-86.2	357.3	-990.1	8921.8	-65.9	
51.00	356.4	21.4	11.6	1.5	-152.8	21.3	245.4	-41.9	375.2	49.7	9415.3	-135.8	
51.05	358.9	21.8	8.0	1.6	-158.8	21.3	269.5	-46.6	377.6	371.1	9790.6	-148.5	
51.10	1.6	21.9	30.2	1.7	-156.1	21.4	260.8	-46.8	365.7	279.5	9621.1	-65.2	
51.15	4.2	21.3	29.2	1.8	-151.2	21.5	263.6	55.4	388.4	1044.0	9163.2	-60.2	
51.20	6.9	20.1	28.5	1.8	-141.3	21.6	245.1	-21.4	404.2	813.3	8491.7	-50.5	
51.25	9.7	19.2	27.9	1.9	-131.0	21.7	221.7	-88.1	409.2	1091.2	7694.2	-40.5	
51.30	12.4	18.8	21.0	1.9	-123.1	21.8	210.8	-49.3	418.0	2037.7	6936.3	-55.0	
51.35	15.1	19.0	23.3	1.9	-111.4	21.9	179.2	-101.8	423.2	1920.9	6071.0	-34.4	
51.40	17.9	19.5	14.1	2.0	-104.2	22.0	163.5	-104.0	448.6	2606.2	5227.5	-57.9	
51.45	20.7	19.8	-1.1	2.0	-105.4	22.1	165.1	-124.2	464.8	3380.4	4812.7	-110.7	
51.50	23.5	20.0	-4.6	2.0	-103.6	22.2	147.7	-218.0	456.2	2939.0	4747.9	-120.6	
51.55	26.3	20.0	-7.9	2.0	-105.4	22.3	157.3	-171.9	462.5	3067.3	4926.9	-133.4	
51.60	29.1	20.5	-2.5	2.0	-109.5	22.4	181.8	-141.9	473.9	3200.1	5209.4	-118.9	
51.65	31.8	20.9	1.5	2.0	-110.9	22.5	168.9	-193.0	477.5	3349.6	5142.8	-106.1	
51.70	34.6	20.8	-4.0	2.0	-114.4	22.6	164.1	-177.8	495.9	4293.4	4794.4	-128.4	
51.75	37.4	20.5	4.1	2.0	-115.1	22.7	175.2	-214.9	510.9	4514.1	4492.7	-101.2	
51.80	40.2	20.3	6.4	2.0	-114.0	22.8	156.3	-253.1	526.9	4807.0	3937.1	-92.0	
51.85	43.0	20.0	0.4	2.0	-118.5	22.9	140.6	-224.3	546.0	5786.0	3258.0	-117.4	
51.90	45.9	20.6	8.7	2.0	-117.1	23.0	143.4	-247.5	541.1	5808.1	2852.0	-87.3	
51.95	48.7	21.4	11.4	2.0	-109.6	23.1	125.1	-236.9	550.1	5431.2	2434.8	-70.5	
52.00	51.6	22.0	5.1	2.0	-105.1	23.2	114.9	-207.3	573.2	5276.1	2123.8	-87.8	
52.05	54.5	21.6	4.7	2.0	-102.3	23.3	118.3	-255.9	574.4	4975.9	1932.6	-86.1	
52.10	57.4	21.0	2.0	2.0	-102.4	23.4	88.9	-259.5	584.5	5187.9	1353.7	-95.5	
52.15	60.2	20.4	2.8	2.0	-102.3	23.5	71.5	-235.7	615.2	5356.9	797.9	-92.9	
52.20	63.1	20.4	4.8	2.0	-102.1	23.6	96.9	-259.1	637.7	5218.7	849.5	-85.7	
52.25	66.0	20.2	-8.9	2.0	-109.9	23.7	110.0	-267.1	647.3	5686.2	1319.6	-140.3	
52.30	68.9	20.0	-17.3	2.0	-115.8	23.8	112.8	-291.5	642.8	5929.6	1866.5	-175.3	
52.35	71.8	19.8	-13.8	2.0	-115.5	23.9	138.8	-305.1	642.2	5730.6	2167.5	-162.7	
52.40	74.7	19.3	-12.2	2.0	-110.5	24.0	132.1	-258.8	665.3	5591.7	1762.1	-152.3	
52.45	77.5	18.8	-9.6	2.0	-103.3	24.1	92.4	-252.3	688.5	5290.1	897.5	-136.1	
52.50	80.4	18.8	-5.3	2.0	-101.0	24.2	72.3	-269.1	697.9	5154.8	96.6	-119.3	
52.55	83.3	18.9	-6.0	2.0	-102.8	24.3	57.3	-261.8	717.8	5276.2	-549.2	-123.3	
52.60	86.1	18.8	-2.6	2.0	-104.5	24.4	52.8	-276.7	751.7	5263.5	-1049.1	-113.5	
52.65	89.0	18.1	-0.1	2.0	-107.9	24.5	77.4	-279.7	774.2	5447.7	-1230.2	-108.4	
52.70	91.9	18.3	1.7	2.0	-113.9	24.6	73.8	-281.5	776.8	5872.0	-1386.6	-108.0	
52.75	94.8	18.6	8.5	2.0	-117.7	24.7	40.9	-309.5	775.1	5995.7	-1803.3	-88.5	
52.80	97.7	18.9	14.3	2.0	-119.9	24.8	37.1	-296.5	791.3	5986.5	-2413.2	-70.8	
52.85	100.6	18.9	18.2	2.0	-123.2	24.9	26.0	-278.6	820.8	5941.2	-3184.9	-60.8	
52.90	103.5	19.3	24.8	2.0	-128.2	25.0	-4.4	-298.2	839.6	5920.4	-3822.0	-43.1	
52.95	106.4	19.7	27.1	2.0	-128.5	25.1	-5.9	-294.4	846.3	5871.0	-3956.7	-35.4	
53.00	109.3	19.2	29.0	2.0	-124.1	25.2	1.8	-277.3	856.4	5559.6	-3891.2	-24.6	
53.05	112.2	19.2	29.8	2.0	-121.1	25.3	-3.5	-266.7	872.9	5210.8	-4012.9	-18.9	
53.10	115.1	19.7	24.1	2.0	-120.7	25.4	5.7	-256.2	886.3	5111.9	-4119.7	-37.9	
53.15	118.1	20.8	21.9	2.0	-119.2	25.5	2.8	-262.3	893.1	4870.8	-4202.3	-44.1	
53.20	121.0	20.9	26.2	2.0	-116.8	25.6	-22.1	-260.5	895.6	4517.5	-4319.0	-26.8	
53.25	123.9	20.7	24.9	2.0	-113.9	25.7	-22.7	-235.4	902.5	4320.2	-4302.6	-28.5	
53.30	126.8	20.1	17.9	2.0	-112.7	25.8	-11.0	-228.0	922.3	4241.2	-4266.5	-51.1	
53.35	129.7	20.7	14.4	2.0	-111.6	25.9	-12.0	-229.4	945.9	4148.1	-4205.5	-62.2	
53.40	132.6	21.0	12.4	2.0	-104.1	26.0	-0.7	-218.1	956.3	3816.4	-3778.8	-61.6	
53.45	135.5	21.1	9.1	2.0	-93.8	26.1	15.4	-201.8	951.8	3379.4	-3181.9	-62.8	
53.50	138.4	20.8	7.1	2.0	-89.7	26.2	12.4	-185.0	954.0	3197.4	-2984.0	-65.4	
53.55	141.3	20.5	3.2	2.0	-87.7	26.3	26.0	-178.2	972.8	3146.3	-2819.4	-76.8	
53.60	144.2	20.3	-0.2	2.0	-85.1	26.4	48.0	-176.0	994.9	3120.7	-2512.1	-85.8	
53.65	147.1	20.0	-1.7	2.0	-84.1	26.5	42.0	-171.3	1007.1	3155.6	-2348.5	-89.7	
53.70	149.9	19.9	-6.3	2.0	-80.4	26.6	40.7	-168.0	1003.8	3024.7	-2071.6	-101.9	
53.75	152.8	19.5	-8.7	2.0	-76.9	26.7	50.8	-156.2	1012.3	2881.2	-1841.7	-106.9	
53.80	155.7	18.7	-6.3	2.0	-73.5	26.8	57.2	-135.0	1031.9	2704.1	-1719.2	-95.2	
53.85	158.5	19.3	-4.2	2.0	-67.6	26.9	61.8	-118.3	1036.1	2328.7	-1542.3	-82.2	
53.90	161.4	19.7	-5.0	2.0	-61.4	27.0	56.0	-103.4	1024.2	1841.0	-1502.0	-78.4	
53.95	164.3	19.9	-2.2	2.0	-57.2	27.1	42.3	-88.5	1020.7	1283.5	-1688.0	-64.8	
54.00	167.1	20.3	-1.1	2.0	-56.9	27.2	42.8	-77.5	1035.2	945.2	-1886.3	-60.7	
54.05	170.0	20.4	-5.6	2.0	-60.3	27.3	50.5	-76.0	1050.7	1169.4	-2036.0	-79.4	
54.10	172.9	20.3	-9.3	2.0	-64.2	27.4	52.4	-90.3	1046.0	1517.4	-2125.4	-96.1	
54.15	175.7	20.6	-9.2	2.0	-67.1	27.5	42.6	-89.8	1030.8	1476.3	-2445.5	-98.6	
54.20	178.6	21.2	-4.0	2.0	-71.6	27.6	22.7	-70.0	1026.6	1008.1	-3117.1	-85.2	
54.25	181.4	21.8	7.8	2.0	-79.5	27.7	-4.0	-53.1	1023.9	468.9	-3913.4	-52.7	
54.30	184.2	22.1	19.7	2.0	-86.0	27.8	-25.5	-31.0	1007.2	203.4	-4480.9	-18.5	
54.35	187.0	21.9	28.4	2.0	-88.1	27.9	-33.3	-0.1	988.6	-101.4	-4673.7	9.4	
54.40	189.9	21.6	37.2	2.0	-86.6	28.0	-21.3	27.7	988.9	-693.6	-4503.5	41.1	
54.45	192.7	21.3	36.5	2.0	-84.5	28.1	-4.6	44.4	1000.9	-1025.0	-4235.8	40.7	
54.50	195.5	21.3	28.9	2.0	-80.8	28.2	2.5	36.2	1000.0	-1063.5	-3964.0	18.3	
54.55	198.2	21.5	25.0	2.0	-77.7	28.3	5.0	39.3	982.4	-1333.7	-3633.6	8.2	
54.60	201.0	21.9	24.3	2.0	-78.4	28.4	8.4	75.6	970.9	-1857.2	-3349.6	4.9	
54.65	203.8	21.8	17.5	2.0	-80.1	28.5	11.6	98.1	970.0	-2464.8	-3011.3	-20.1	
54.70	206.6	21.5	4.3	2.0	-78.9	28.6	15.7	91.1	962.3	-2865.5	-2535.8	-64.2	
54.75	209.4	20.9	-9.4	2.0	-76.8	28.7	26.6	85.2	943.8	-3154.2	-1915.5	-108.9	
54.80	212.1	21.0	-14.3	2.0	-79.0	28.8	41.9	93.5	936.2	-3595.7	-1294.9	-128.2	
54.85	214.9	20.7	-15.1	2.0	-83.0	28.9	63.0	117.7	937.4	-3977.3	-689.8	-134.7	
54.90	217.6	20.5	-15.8	2.0	-87.2	29.0	82.7	142.2	925.4	-4268.2	-11.2	-141.4	
54.95	220.3	20.7	-15.5	2.0	-91.4	29.1	92.7	152.9	897.4	-4524.4	635.5	-144.5	
55.00	223.0	20.9	-11.9	2.0	-95.8	29.2	94.3	168.4	878.0	-4795.0	881.3	-136.5	
55.05	225.7	21.1	-3.3	2.0	-100.8	29.3	94.4	186.9	873.2	-5152.9	734.4	-111.9	
55.10	228.4	21.4	2.9	2.0	-104.0	29.4	77.6	204.4	866.4	-5416.1	311.2	-94.1	
55.15	231.1	21.3	5.2	2.0	-104.3	29.5	51.8	215.9	848.8	-5455.5	-116.8	-86.6	
55.20	233.7	21.2	7.3	2.0	-104.2	29.6	41.4	217.1	830.3	-5453.5	-326.7	-79.1	
55.25	236.4	21.2	6.1	2.0	-102.9	29.7	44.5	215.0	821.0	-5360.6	-429.8	-81.8	
55.30	239.1	20.7	2.9	2.0	-99.9	29.8	53.1	212.9	814.0	-5132.2	-533.5	-90.2	
55.35	241.8	20.6	1.8	2.0	-97.5	29.9	55.6	202.7	795.5	-4971.1	-660.0	-91.2	
55.40	244.5	21.3	6.7	2.0	-98.3	30.0	42.2	205.9	768.6	-5028.7	-830.7	-75.3	
55.45	247.2	21.0	15.4	2.0	-101.5	30.1	29.1	225.2	751.6	-5199.1	-1045.6	-48.5	
55.50	249.8	20.8	20.4	2.0	-102.3	30.2	31.1	226.1	750.2	-5224.9	-1209.7	-32.3	
55.55	252.5	21.0	17.2	2.0	-98.3	30.3	38.0	215.2	746.1	-4951.8	-1171.3	-39.3	
55.60	255.1	21.0	11.4	2.0	-93.8	30.4	42.8	202.4	726.6	-4716.9	-872.3	-54.6	
55.65	257.8	21.1	10.8	2.0	-93.7	30.5	50.0	199.7	699.9	-4789.5	-482.8	-56.5	
55.70	260.4	21.2	9.4	2.0	-92.9	30.6	52.7	207.3	679.8	-4731.0	-389.3	-60.7	
55.75	263.0	21.4	6.4	2.0	-90.4	30.7	48.4	203.7	663.7	-4547.9	-586.6	-68.4	
55.80	265.6	21.6	7.9	2.0	-90.3	30.8	45.8	199.6	642.2	-4550.2	-700.7	-63.1	
55.85	268.1	21.8	10.9	2.0	-94.0	30.9	39.3	211.5	616.8	-4829.1	-646.4	-56.7	
55.90	270.7	21.4	11.2	2.0	-97.4	31.0	40.3	216.6	597.4	-5118.2	-382.4	-59.0	
55.95	273.3	21.4	6.1	2.0	-95.5	31.1	57.4	210.2	586.7	-5002.8	-47.9	-74.6	
56.00	275.8	21.6	4.3	2.0	-93.5	31.2	73.7	208.2	574.1	-4846.2	269.0	-78.7	
56.05	278.3	21.3	9.4	2.0	-96.9	31.3	76.7	214.1	550.0	-5073.5	608.0	-64.7	
56.10	280.8	20.9	12.5	2.0	-99.4	31.4	71.1	226.3	518.9	-5224.8	838.0	-56.6	
56.15	283.3	20.4	8.5	2.0	-95.8	31.5	64.6	216.6	495.1	-4992.6	901.0	-66.8	
56.20	285.8	19.9	5.8	2.0	-90.9	31.6	66.4	196.0	483.1	-4668.3	949.0	-71.0	
56.25	288.4	19.2	3.5	2.0	-87.4	31.7	79.7	188.1	473.8	-4365.4	1149.0	-75.4	
56.30	290.9	18.5	-2.6	2.0	-86.1	31.8	98.8	180.9	460.0	-4140.7	1553.0	-94.9	
56.35	293.4	18.8	-8.1	2.0	-85.3	31.9	108.4	168.3	443.1	-4003.9	1816.6	-113.2	
56.40	295.9	18.8	-10.1	2.0	-83.8	32.0	109.0	157.8	430.8	-3967.7	1692.2	-118.3	
56.45	298.4	18.7	-4.6	2.0	-83.2	32.1	99.6	151.2	424.4	-4146.7	1167.6	-99.0	
56.50	300.9	18.9	2.0	2.0	-83.1	32.2	76.6	159.0	409.2	-4307.5	402.8	-76.4	
56.55	303.3	19.5	5.9	2.0	-83.3	32.3	55.0	177.5	386.9	-4323.3	-241.6	-63.0	
56.60	305.8	20.2	9.5	2.0	-83.0	32.4	40.7	174.9	373.8	-4279.7	-669.7	-50.4	
56.65	308.2	20.5	13.6	2.0	-81.0	32.5	31.2	158.1	369.6	-4134.5	-933.4	-34.3	
56.70	310.7	19.8	16.2	2.0	-79.1	32.6	22.1	150.8	361.2	-3966.0	-1155.6	-23.5	
56.75	313.1	19.1	19.7	2.0	-79.1	32.7	11.3	150.2	343.8	-3903.9	-1398.9	-11.4	
56.80	315.5	19.3	25.5	2.0	-79.5	32.8	7.0	159.0	331.5	-3846.5	-1586.1	8.1	
56.85	317.9	19.2	27.6	2.0	-76.0	32.9	16.2	155.6	331.9	-3587.4	-1543.2	18.7	
56.90	320.3	19.2	17.9	2.0	-65.6	33.0	39.3	116.2	329.8	-3031.1	-1068.7	-4.2	
56.95	322.7	19.0	2.9	2.0	-54.9	33.1	64.6	85.0	314.8	-2445.8	-321.0	-45.0	
57.00	325.1	19.6	-3.2	2.0	-51.9	33.2	86.8	76.3	297.0	-2178.9	441.5	-62.8	
57.05	327.5	19.9	-3.6	2.0	-51.1	33.3	101.8	65.3	287.0	-1921.6	983.5	-63.5	
57.10	329.8	19.8	-8.3	2.0	-45.4	33.4	99.8	50.6	279.9	-1349.7	1119.3	-73.7	
57.15	332.2	19.3	-11.8	2.0	-39.8	33.5	88.5	33.4	268.9	-900.8	1063.2	-80.4	
57.20	334.5	19.1	-9.2	2.0	-38.9	33.6	80.0	31.4	252.8	-909.8	1018.0	-70.4	
57.25	336.8	19.4	-4.3	2.0	-40.2	33.7	75.7	41.6	238.9	-1072.7	1001.0	-55.0	
57.30	339.2	19.7	-3.9	2.0	-38.4	33.8	74.8	26.6	230.8	-956.8	965.2	-51.8	
57.35	341.5	19.9	-6.6	2.0	-34.4	33.9	72.8	11.8	226.7	-733.4	789.2	-57.0	
57.40	343.8	20.1	-1.5	2.0	-33.4	34.0	65.9	24.7	222.4	-897.6	472.7	-38.5	
57.45	346.1	20.4	8.4	2.0	-36.4	34.1	58.1	39.2	216.1	-1241.6	146.8	-7.5	
57.50	348.5	20.4	7.1	2.0	-33.4	34.2	47.7	27.1	214.5	-1038.0	-236.5	-8.9	
57.55	350.8	20.1	-1.7	2.0	-27.5	34.3	43.8	-6.8	217.5	-424.2	-488.3	-33.2	
57.60	353.1	19.6	-4.5	2.0	-26.5	34.4	48.5	-27.8	218.8	-33.6	-536.5	-42.1	
57.65	355.4	19.3	-3.7	2.0	-26.0	34.5	52.7	-27.4	211.0	172.0	-467.2	-38.8	
57.70	357.7	19.3	-4.6	2.0	-28.2	34.6	54.3	-40.2	196.2	544.3	-353.9	-43.8	
57.75	0.0	19.5	-7.5	2.0	-35.2	34.7	56.4	-67.6	189.8	1071.8	-339.5	-60.9	
57.80	2.3	20.1	-6.4	2.0	-39.9	34.8	62.0	-82.2	193.9	1368.0	-433.6	-61.9	
57.85	4.6	20.8	0.1	2.0	-40.6	34.9	63.5	-82.9	194.8	1341.7	-626.7	-40.1	
57.90	6.9	21.4	3.6	2.0	-41.8	35.0	60.3	-85.0	185.0	1343.2	-834.0	-29.4	
57.95	9.1	21.5	3.1	2.0	-46.8	35.1	50.8	-96.1	178.6	1543.1	-1188.5	-36.0	
58.00	11.4	21.6	5.3	2.0	-52.5	35.2	40.5	-110.0	182.0	1664.8	-1661.4	-34.2	
58.05	13.6	22.1	12.6	2.0	-56.5	35.3	27.6	-111.9	184.4	1539.9	-2166.8	-13.1	
58.10	15.8	22.4	18.4	2.0	-60.6	35.4	10.8	-109.9	177.2	1438.5	-2620.2	2.8	
58.15	18.1	22.6	19.4	2.0	-66.9	35.5	-7.9	-118.4	172.6	1562.4	-3070.7	-0.3	
58.20	20.3	22.7	20.3	2.0	-71.9	35.6	-13.5	-127.6	178.0	1723.4	-3380.3	-2.2	
58.25	22.5	23.1	23.9	2.0	-73.7	35.7	-8.3	-130.4	188.2	1728.4	-3518.4	8.2	
58.30	24.7	23.6	25.3	2.0	-72.9	35.8	2.5	-137.8	192.5	1733.5	-3416.0	14.1	
58.35	26.9	24.2	21.1	2.0	-72.5	35.9	11.6	-156.5	192.6	1929.2	-3213.4	-0.2	
58.40	29.1	23.7	16.2	2.0	-75.2	36.0	14.3	-175.9	196.3	2231.0	-3187.7	-19.6	
58.45	31.3	23.3	19.1	2.0	-78.6	36.1	10.6	-176.1	203.9	2292.0	-3451.2	-13.1	
58.50	33.5	23.1	27.3	2.0	-83.9	36.2	-3.0	-171.0	210.4	2179.4	-3994.4	9.8	
58.55	35.7	23.4	30.5	2.0	-91.4	36.3	-23.0	-180.0	213.2	2227.5	-4572.9	13.4	
58.60	37.9	23.2	28.3	2.0	-99.1	36.4	-40.2	-199.4	213.8	2532.3	-5000.9	-1.9	
58.65	40.1	22.9	28.0	2.0	-103.4	36.5	-43.9	-213.5	214.4	2733.3	-5214.3	-7.4	
58.70	42.3	23.1	37.6	2.0	-104.6	36.6	-38.8	-206.3	219.3	2659.2	-5379.4	24.4	
58.75	44.5	23.2	45.3	2.0	-105.2	36.7	-31.8	-193.2	226.6	2593.3	-5500.0	50.4	
58.80	46.7	23.2	45.9	2.0	-107.0	36.8	-31.7	-196.9	232.6	2712.0	-5581.6	50.6	
58.85	48.8	23.5	44.9	2.0	-108.8	36.9	-41.9	-201.4	234.2	2717.3	-5702.5	45.5	
58.90	51.0	23.8	48.9	2.0	-108.9	37.0	-55.5	-187.5	238.4	2297.1	-5924.2	59.0	
58.95	53.1	24.0	55.1	2.0	-110.2	37.1	-63.9	-173.9	251.4	1919.7	-6179.6	78.9	
59.00	55.3	24.3	47.6	2.0	-113.8	37.2	-70.8	-183.3	264.2	2169.0	-6341.1	49.5	
59.05	57.5	24.7	39.4	2.0	-115.3	37.3	-74.3	-205.9	262.1	2701.7	-6183.8	20.1	
59.10	59.6	24.9	31.3	2.0	-114.9	37.4	-75.3	-216.8	260.3	2856.3	-6051.5	-7.3	
59.15	61.7	24.8	34.1	2.0	-114.9	37.5	-70.3	-215.4	272.1	2810.2	-6069.3	2.1	
59.20	63.9	24.6	30.9	2.0	-117.9	37.6	-63.2	-228.1	292.0	3087.9	-6142.1	-11.9	
59.25	66.0	24.3	27.8	2.0	-121.9	37.7	-59.8	-251.6	301.1	3627.3	-6111.0	-26.3	
59.30	68.0	24.0	31.4	2.0	-122.1	37.8	-60.8	-250.1	301.0	3760.6	-6045.8	-14.1	
59.35	70.1	23.9	38.4	2.0	-120.1	37.9	-61.3	-228.0	312.6	3366.7	-6168.1	11.7	
59.40	72.2	23.8	44.8	2.0	-122.8	38.0	-64.5	-219.2	334.8	3133.6	-6517.3	31.1	
59.45	74.3	23.7	44.7	2.0	-128.5	38.1	-78.5	-231.1	342.5	3298.2	-6866.4	24.8	
59.50	76.4	23.7	46.9	2.0	-133.1	38.2	-98.8	-239.9	335.8	3528.0	-7095.1	27.9	
59.55	78.4	23.7	53.0	2.0	-136.0	38.3	-110.5	-231.2	337.0	3524.4	-7350.8	46.0	
59.60	80.5	23.7	56.3	2.0	-141.3	38.4	-114.1	-222.0	357.0	3609.3	-7760.7	51.8	
59.65	82.6	23.3	53.0	2.0	-149.2	38.5	-120.3	-238.4	378.8	3950.0	-8187.3	32.8	
59.70	84.6	23.3	49.3	2.0	-152.8	38.6	-128.0	-260.1	381.5	4176.3	-8296.1	16.6	
59.75	86.7	23.6	52.6	2.0	-150.2	38.7	-131.1	-256.1	376.2	4009.9	-8173.9	30.4	
59.80	88.7	24.4	54.7	2.0	-145.2	38.8	-116.8	-237.8	381.4	3777.6	-7933.5	42.7	
59.85	90.8	24.1	53.2	2.0	-143.8	38.9	-101.0	-230.0	397.3	3822.8	-7824.5	38.9	
59.90	92.9	23.9	49.1	2.0	-143.8	39.0	-95.5	-243.3	403.5	3995.2	-7699.1	24.9	
59.95	94.9	24.4	49.4	2.0	-142.0	39.1	-101.9	-255.4	396.3	3987.8	-7509.1	27.6	
60.00	96.9	24.9	49.0	2.0	-141.9	39.2	-112.8	-253.0	393.2	4033.6	-7474.7	26.1	
60.05	98.9	25.4	47.5	2.0	-144.7	39.3	-120.8	-240.7	404.8	4227.2	-7628.7	18.2	
60.10	100.9	25.6	48.2	2.0	-145.3	39.4	-117.5	-241.2	419.8	4357.6	-7592.7	20.3	
60.15	102.8	25.2	48.2	2.0	-142.1	39.5	-109.3	-249.2	428.1	4358.1	-7296.1	23.2	
60.20	104.8	24.9	44.4	2.0	-136.7	39.6	-101.0	-248.2	428.2	4306.9	-6856.5	15.8	
60.25	106.8	24.9	42.0	2.0	-130.7	39.7	-90.3	-241.0	428.9	4159.9	-6448.3	13.6	
60.30	108.7	25.1	42.9	2.0	-125.1	39.8	-73.4	-224.2	439.3	3965.5	-6134.1	22.1	
60.35	110.7	25.0	44.5	2.0	-121.6	39.9	-61.7	-213.6	458.6	3834.3	-5939.6	31.2	
60.40	112.6	24.5	42.0	2.0	-118.8	40.0	-58.4	-225.8	470.7	3783.4	-5663.7	25.4	
60.45	114.6	23.6	34.3	2.0	-116.0	40.1	-62.3	-234.5	473.8	3820.8	-5344.7	1.9	
60.50	116.5	23.5	26.9	2.0	-113.8	40.2	-58.9	-236.1	482.1	3914.9	-5054.9	-21.3	
60.55	118.4	23.7	24.9	2.0	-111.7	40.3	-45.5	-243.4	500.4	3956.1	-4782.1	-26.2	
60.60	120.4	23.7	20.0	2.0	-108.9	40.4	-30.1	-244.3	513.1	4054.5	-4409.2	-40.1	
60.65	122.3	24.3	12.7	2.0	-103.8	40.5	-23.1	-240.4	512.4	4011.5	-3933.6	-60.3	
60.70	124.2	25.1	8.2	2.0	-95.0	40.6	-16.2	-237.6	508.0	3663.7	-3356.5	-67.0	
60.75	126.2	25.8	7.6	2.0	-85.6	40.7	-5.6	-218.4	515.2	3167.4	-2916.4	-59.5	
60.80	128.1	26.2	6.2	2.0	-78.2	40.8	7.8	-197.4	530.9	2748.7	-2621.5	-57.1	
60.85	130.0	26.4	3.9	2.0	-73.4	40.9	17.5	-188.8	540.8	2555.5	-2315.5	-59.9	
60.90	131.9	26.2	0.2	2.0	-72.3	41.0	13.9	-185.9	539.9	2631.8	-2117.7	-71.6	
60.95	133.8	26.6	-5.0	2.0	-71.7	41.1	12.1	-184.2	536.6	2677.9	-1989.9	-88.8	
61.00	135.7	26.6	-4.7	2.0	-70.7	41.2	13.2	-179.7	541.4	2551.1	-2041.5	-86.8	
61.05	137.6	26.0	-4.5	2.0	-70.9	41.3	14.0	-173.5	549.8	2462.9	-2186.1	-86.2	
61.10	139.5	25.4	-3.7	2.0	-71.2	41.4	6.9	-169.8	551.3	2424.6	-2279.7	-83.8	
61.15	141.4	25.1	0.3	2.0	-69.5	41.5	-1.5	-164.5	544.6	2290.8	-2267.6	-68.5	
61.20	143.3	25.1	6.0	2.0	-67.6	41.6	-4.7	-150.9	544.6	2078.4	-2324.8	-47.2	
61.25	145.2	24.8	8.7	2.0	-69.1	41.7	1.3	-144.2	561.1	2075.0	-2484.2	-39.3	
61.30	147.1	24.5	9.1	2.0	-73.2	41.8	5.2	-150.4	578.9	2288.7	-2671.3	-42.1	
61.35	149.0	24.5	11.1	2.0	-75.3	41.9	1.5	-150.4	577.0	2463.0	-2732.2	-37.3	
61.40	150.8	24.9	14.6	2.0	-74.1	42.0	-2.4	-140.2	564.4	2417.4	-2704.5	-23.9	
61.45	152.7	24.9	17.5	2.0	-74.7	42.1	-1.0	-137.2	570.2	2356.2	-2819.3	-14.7	
61.50	154.6	24.6	17.3	2.0	-79.0	42.2	-0.1	-145.4	588.8	2494.6	-3080.6	-19.6	
61.55	156.4	24.5	18.0	2.0	-81.8	42.3	-8.8	-148.8	588.6	2522.9	-3311.7	-19.9	
61.60	158.3	24.5	22.0	2.0	-80.4	42.4	-18.9	-134.2	571.0	2261.7	-3438.6	-4.8	
61.65	160.1	24.8	26.5	2.0	-80.6	42.5	-22.5	-118.2	571.2	2077.4	-3621.8	10.4	
61.70	161.9	25.1	28.4	2.0	-82.5	42.6	-15.2	-117.4	591.8	2031.0	-3795.5	14.9	
61.75	163.8	25.1	26.9	2.0	-81.0	42.7	-8.9	-114.5	596.8	1832.3	-3778.7	11.5	
61.80	165.6	25.0	27.4	2.0	-74.9	42.8	-7.6	-98.6	576.5	1362.3	-3544.6	19.2	
61.85	167.4	24.9	29.8	2.0	-69.7	42.9	-7.9	-78.4	564.7	824.9	-3377.7	32.4	
61.90	169.2	24.2	29.0	2.0	-67.3	43.0	-2.0	-60.2	574.9	410.6	-3317.8	32.3	
61.95	171.0	23.5	27.3	2.0	-65.4	43.1	2.3	-41.9	581.3	-24.8	-3242.9	28.4	
62.00	172.8	24.1	24.9	2.0	-63.6	43.2	-4.4	-25.7	566.9	-519.3	-3121.2	22.0	
62.05	174.6	24.1	18.4	2.0	-62.1	43.3	-9.4	-18.0	553.1	-941.7	-2936.8	0.9	
62.10	176.4	24.1	9.8	2.0	-60.7	43.4	-1.3	-15.0	563.7	-1225.6	-2721.1	-27.0	
62.15	178.2	24.1	4.8	2.0	-59.2	43.5	11.9	-7.5	579.8	-1503.7	-2433.3	-42.7	
62.20	180.0	24.2	3.2	2.0	-58.5	43.6	19.6	7.9	571.2	-1949.0	-2002.2	-47.4	
62.25	181.8	24.4	0.8	2.0	-58.5	43.7	19.2	21.3	551.3	-2267.0	-1616.3	-55.6	
62.30	183.6	24.6	-4.1	2.0	-57.4	43.8	22.8	20.3	553.3	-2295.3	-1414.0	-71.5	
62.35	185.3	24.6	-5.2	2.0	-56.3	43.9	30.9	15.2	568.8	-2230.5	-1313.6	-74.2	
62.40	187.1	24.7	-3.7	2.0	-54.4	44.0	33.5	19.7	564.4	-2109.5	-1207.7	-67.1	
62.45	188.8	24.8	-2.3	2.0	-51.3	44.1	29.0	26.3	546.6	-1891.8	-1151.0	-59.2	
62.50	190.5	24.4	-1.7	2.0	-48.3	44.2	26.9	25.6	545.5	-1573.0	-1224.6	-54.1	
62.55	192.2	23.9	0.6	2.0	-47.0	44.3	30.4	26.9	558.6	-1296.6	-1356.2	-45.1	
62.60	193.8	23.5	7.8	2.0	-48.0	44.4	32.2	37.7	558.3	-1319.2	-1400.8	-21.4	
62.65	195.5	23.4	15.3	2.0	-48.8	44.5	30.7	48.1	543.2	-1450.5	-1332.4	3.6	
62.70	197.2	23.6	18.2	2.0	-47.9	44.6	28.8	49.6	534.6	-1387.4	-1309.6	14.5	
62.75	198.9	24.1	17.8	2.0	-47.2	44.7	34.4	52.3	537.6	-1301.8	-1297.4	13.8	
62.80	200.6	24.2	20.1	2.0	-48.3	44.8	37.3	57.7	535.7	-1381.0	-1316.1	20.8	
62.85	202.2	24.3	19.4	2.0	-48.5	44.9	32.1	54.5	524.1	-1399.4	-1356.6	18.1	
62.90	203.9	24.3	12.3	2.0	-46.5	45.0	25.6	42.1	512.1	-1248.9	-1360.2	-4.2	
62.95	205.6	24.1	5.8	2.0	-45.6	45.1	22.9	42.8	506.6	-1215.9	-1301.3	-25.7	
63.00	207.2	24.3	5.0	2.0	-46.7	45.2	28.7	56.1	501.3	-1484.6	-1061.1	-29.4	
63.05	208.9	24.8	7.5	2.0	-48.1	45.3	40.7	65.0	492.7	-1781.2	-674.2	-22.4	
63.10	210.5	24.7	6.5	2.0	-48.7	45.4	53.2	62.9	483.6	-1924.1	-228.4	-26.2	
63.15	212.2	25.4	4.9	2.0	-51.7	45.5	65.2	65.0	477.2	-2131.3	203.8	-34.7	
63.20	213.8	26.3	8.7	2.0	-58.4	45.6	76.6	84.6	472.5	-2516.3	583.4	-28.4	
63.25	215.4	26.8	12.4	2.0	-64.9	45.7	84.7	103.4	467.2	-2901.8	858.2	-22.4	
63.30	217.1	26.6	11.5	2.0	-67.8	45.8	86.7	104.4	464.8	-3105.1	938.0	-28.4	
63.35	218.7	26.4	6.7	2.0	-68.3	45.9	83.0	98.1	462.5	-3180.9	897.8	-45.4	
63.40	220.3	26.6	3.9	2.0	-70.4	46.0	76.5	99.5	456.0	-3361.1	888.8	-57.1	
63.45	222.0	26.5	2.6	2.0	-73.0	46.1	74.4	106.2	449.4	-3544.9	919.6	-64.1	
63.50	223.6	26.2	3.0	2.0	-74.4	46.2	79.2	108.7	448.3	-3634.5	942.0	-64.2	
63.55	225.2	25.2	4.2	2.0	-75.8	46.3	86.3	109.5	446.0	-3711.5	1024.6	-61.5	
63.60	226.8	24.9	4.3	2.0	-77.5	46.4	90.4	115.2	436.3	-3780.0	1209.6	-62.8	
63.65	228.3	24.8	6.3	2.0	-80.3	46.5	91.8	126.7	426.3	-3923.2	1366.0	-58.7	
63.70	229.9	25.0	9.8	2.0	-81.8	46.6	92.1	133.7	421.5	-4041.5	1347.7	-48.1	
63.75	231.5	24.6	13.9	2.0	-81.3	46.7	89.8	140.1	417.5	-4049.9	1145.0	-33.5	
63.80	233.0	24.3	16.1	2.0	-80.5	46.8	81.9	146.5	408.2	-4047.0	912.3	-25.3	
63.85	234.6	24.2	16.3	2.0	-80.1	46.9	70.2	151.6	394.3	-4068.7	730.9	-24.1	
63.90	236.1	24.4	15.9	2.0	-79.4	47.0	60.5	152.0	382.6	-4070.8	523.8	-24.7	
63.95	237.6	24.3	17.0	2.0	-78.6	47.1	58.4	146.2	377.3	-4056.5	277.0	-20.3	
64.00	239.2	24.0	17.9	2.0	-77.5	47.2	56.4	142.3	369.8	-4000.7	48.9	-16.2	
64.05	240.7	23.8	19.9	2.0	-78.3	47.3	51.0	152.1	356.7	-4046.8	-98.5	-9.9	
64.10	242.2	23.8	22.6	2.0	-79.4	47.4	47.2	161.2	344.0	-4114.1	-188.5	-1.7	
64.15	243.7	24.0	24.3	2.0	-78.9	47.5	44.2	160.9	335.7	-4076.5	-332.1	4.7	
64.20	245.2	24.4	26.5	2.0	-78.3	47.6	41.1	157.1	329.2	-4031.4	-505.5	12.7	
64.25	246.7	24.8	30.3	2.0	-78.2	47.7	40.2	158.5	319.7	-4019.1	-577.2	25.9	
64.30	248.1	25.0	31.7	2.0	-76.7	47.8	41.0	161.9	309.5	-3904.0	-540.4	32.3	
64.35	249.6	24.8	30.3	2.0	-73.8	47.9	44.2	157.8	302.3	-3716.9	-423.7	30.1	
64.40	251.1	23.9	29.1	2.0	-71.4	48.0	52.1	149.2	294.9	-3571.2	-223.8	28.6	
64.45	252.6	23.6	26.9	2.0	-70.3	48.1	56.8	145.3	285.9	-3510.0	-73.4	21.9	
64.50	254.1	24.0	24.8	2.0	-71.2	48.2	57.0	144.7	278.5	-3586.5	14.5	14.0	
64.55	255.5	24.4	27.7	2.0	-73.8	48.3	57.8	147.4	271.8	-3773.7	119.8	21.4	
64.60	257.0	24.6	26.9	2.0	-75.8	48.4	55.5	154.1	261.8	-3918.6	205.9	16.4	
64.65	258.4	24.7	25.8	2.0	-77.5	48.5	52.3	159.1	251.7	-4034.2	266.6	11.0	
64.70	259.8	24.7	23.9	2.0	-80.0	48.6	55.4	161.8	245.1	-4210.2	382.4	2.1	
64.75	261.3	24.6	25.4	2.0	-83.3	48.7	63.8	164.6	241.0	-4425.6	627.0	3.9	
64.80	262.7	24.3	25.5	2.0	-87.6	48.8	70.0	171.0	233.0	-4671.4	988.8	-0.2	
64.85	264.1	23.7	23.8	2.0	-92.0	48.9	71.3	179.6	219.0	-4914.0	1350.8	-10.4	
64.90	265.5	23.6	23.0	2.0	-94.1	49.0	71.7	188.4	205.2	-4991.4	1602.6	-15.3	
64.95	266.9	23.5	21.1	2.0	-94.5	49.1	72.9	190.5	199.1	-4988.9	1699.9	-22.2	
65.00	268.3	23.4	20.9	2.0	-96.4	49.2	74.7	193.9	193.2	-5102.6	1782.9	-24.6	
65.05	269.7	23.6	21.5	2.0	-98.2	49.3	74.5	200.7	180.7	-5186.0	1925.0	-24.5	
65.10	271.1	23.9	18.8	2.0	-97.6	49.4	76.6	195.6	169.1	-5086.8	2109.7	-32.9	
65.15	272.5	24.3	16.6	2.0	-95.7	49.5	86.9	181.9	165.1	-4866.7	2320.9	-38.6	
65.20	273.9	24.6	17.7	2.0	-95.3	49.6	99.3	176.8	160.9	-4709.1	2566.8	-34.7	
65.25	275.3	24.8	19.4	2.0	-96.3	49.7	105.7	179.5	149.3	-4636.9	2820.5	-29.6	
65.30	276.7	24.7	17.1	2.0	-93.6	49.8	103.7	170.9	136.9	-4392.4	2889.4	-34.9	
65.35	278.1	24.8	13.4	2.0	-87.0	49.9	99.9	154.6	132.5	-3953.3	2733.0	-40.8	
65.40	279.5	24.8	14.2	2.0	-80.0	50.0	97.2	138.4	129.8	-3502.9	2543.7	-31.2	
65.45	280.9	24.8	13.4	2.0	-74.7	50.1	93.0	133.4	122.3	-3139.6	2397.6	-28.7	
65.50	282.3	24.5	13.2	2.0	-69.3	50.2	88.9	128.8	111.8	-2731.8	2290.5	-24.1	
65.55	283.7	24.4	14.4	2.0	-63.4	50.3	88.3	112.2	106.6	-2280.4	2191.0	-14.0	
65.60	285.0	24.3	15.7	2.0	-59.6	50.4	92.0	97.3	103.2	-1966.6	2138.7	-5.6	
65.65	286.4	23.8	18.8	2.0	-58.0	50.5	93.9	99.7	93.7	-1811.3	2106.2	6.5	
65.70	287.8	23.9	22.2	2.0	-55.7	50.6	88.3	104.4	80.3	-1721.4	1969.7	20.4	
65.75	289.1	24.4	23.4	2.0	-50.4	50.7	78.4	98.7	70.5	-1503.8	1677.9	29.8	
65.80	290.4	24.2	22.3	2.0	-42.6	50.8	66.9	89.6	66.6	-1168.1	1246.8	33.9	
65.85	291.8	23.6	21.4	2.0	-36.4	50.9	56.6	80.9	60.3	-948.7	863.3	37.1	
65.90	293.1	23.1	21.6	2.0	-33.6	51.0	49.8	83.1	49.4	-864.2	653.4	40.7	
65.95	294.4	23.0	21.1	2.0	-32.8	51.1	43.9	91.8	37.8	-841.9	577.2	39.7	
66.00	295.7	22.7	25.5	2.0	-35.0	51.2	45.1	92.5	27.0	-947.1	722.7	52.5	
66.05	297.0	22.5	28.5	2.0	-38.5	51.3	49.3	92.3	17.6	-1115.8	933.3	59.5	
66.10	298.3	22.6	27.9	2.0	-39.7	51.4	50.5	96.2	7.3	-1157.4	1026.9	55.9	
66.15	299.6	22.9	26.2	2.0	-39.6	51.5	50.6	95.0	-1.3	-1143.1	1039.5	50.2	
66.20	300.9	23.1	24.3	2.0	-39.3	51.6	50.8	89.8	-7.6	-1146.1	1016.6	44.2	
66.25	302.2	23.2	21.6	2.0	-39.0	51.7	50.3	87.3	-12.5	-1138.1	1000.2	35.3	
66.30	303.4	22.8	18.9	2.0	-41.1	51.8	55.2	84.7	-17.6	-1228.5	1123.6	23.8	
66.35	304.7	22.4	18.0	2.0	-46.5	51.9	62.9	82.5	-27.8	-1474.5	1432.4	15.3	
66.40	306.0	22.3	16.7	2.0	-52.2	52.0	72.7	83.8	-36.2	-1654.0	1825.2	5.1	
66.45	307.3	22.2	16.1	2.0	-57.1	52.1	84.6	81.6	-39.0	-1741.1	2209.7	-1.8	
66.50	308.6	22.2	14.7	2.0	-61.6	52.2	96.5	76.4	-41.8	-1811.4	2557.5	-11.1	
66.55	309.9	22.5	12.0	2.0	-63.5	52.3	100.4	77.3	-47.4	-1793.9	2731.6	-22.2	
66.60	311.1	23.0	9.2	2.0	-63.7	52.4	98.2	74.3	-50.1	-1797.8	2751.1	-32.0	
66.65	312.4	23.4	7.8	2.0	-64.3	52.5	95.5	69.0	-50.8	-1944.4	2722.7	-37.4	
66.70	313.7	23.5	6.6	2.0	-64.5	52.6	89.7	73.8	-55.0	-2117.9	2611.9	-41.6	
66.75	315.0	23.5	6.6	2.0	-65.6	52.7	86.9	82.4	-61.6	-2296.6	2548.7	-43.0	
66.80	316.2	23.7	8.1	2.0	-67.3	52.8	89.2	84.0	-66.8	-2417.3	2596.4	-39.4	
66.85	317.5	24.0	9.7	2.0	-67.4	52.9	90.9	83.5	-71.2	-2424.1	2595.4	-34.0	
66.90	318.7	24.4	10.0	2.0	-64.7	53.0	88.1	80.6	-76.2	-2338.2	2409.1	-30.3	
66.95	319.9	24.5	10.6	2.0	-60.1	53.1	81.1	74.8	-80.1	-2236.5	2040.9	-23.8	
67.00	321.2	24.4	12.6	2.0	-53.7	53.2	68.8	70.5	-81.5	-2097.7	1504.6	-10.4	
67.05	322.4	24.5	14.8	2.0	-48.5	53.3	54.2	70.8	-83.4	-2002.5	944.2	2.4	
67.10	323.6	25.1	16.9	2.0	-46.3	53.4	41.5	70.4	-90.0	-1992.4	516.1	11.8	
67.15	324.9	25.8	18.5	2.0	-44.6	53.5	32.5	67.9	-98.8	-1927.4	232.5	18.8	
67.20	326.1	25.8	19.4	2.0	-42.0	53.6	29.6	63.3	-103.8	-1760.2	65.5	24.6	
67.25	327.3	25.9	21.8	2.0	-39.2	53.7	30.3	53.0	-107.1	-1572.9	-45.2	35.6	
67.30	328.5	26.0	22.7	2.0	-36.5	53.8	27.6	45.2	-113.0	-1365.5	-252.5	41.5	
67.35	329.7	26.0	23.2	2.0	-35.1	53.9	21.5	43.2	-117.8	-1151.5	-582.7	44.6	
67.40	330.9	25.9	26.2	2.0	-35.8	54.0	19.4	38.7	-116.4	-1062.8	-845.6	54.0	
67.45	332.1	25.7	28.1	2.0	-35.6	54.1	21.0	29.9	-113.7	-995.9	-933.2	60.7	
67.50	333.3	25.2	25.9	2.0	-33.3	54.2	21.9	24.6	-119.5	-842.6	-851.1	55.5	
67.55	334.5	24.6	22.8	2.0	-30.3	54.3	25.1	22.1	-129.5	-741.9	-608.9	47.8	
67.60	335.7	24.1	20.8	2.0	-28.9	54.4	32.1	19.3	-133.4	-771.2	-328.3	42.5	
67.65	336.9	23.6	19.6	2.0	-28.8	54.5	36.4	18.1	-132.8	-809.1	-156.7	38.5	
67.70	338.1	24.1	15.2	2.0	-28.0	54.6	33.4	13.0	-135.2	-767.7	-113.3	24.3	
67.75	339.2	24.4	10.5	2.0	-27.1	54.7	30.7	4.9	-140.0	-719.2	-39.4	8.8	
67.80	340.4	24.3	7.5	2.0	-27.3	54.8	35.3	4.8	-141.0	-700.1	166.6	-1.6	
67.85	341.6	24.0	6.7	2.0	-30.3	54.9	48.0	10.1	-137.5	-721.1	555.6	-7.3	
67.90	342.8	23.8	6.7	2.0	-36.9	55.0	64.2	8.6	-139.0	-757.3	1134.5	-13.8	
67.95	343.9	23.6	5.3	2.0	-43.6	55.1	74.0	7.0	-147.0	-763.5	1670.0	-25.3	
68.00	345.1	23.5	4.4	2.0	-48.1	55.2	76.3	11.5	-152.9	-864.1	1978.0	-32.9	
68.05	346.2	23.4	6.3	2.0	-50.7	55.3	76.4	15.6	-153.0	-1104.8	2083.5	-29.3	
68.10	347.4	23.3	5.9	2.0	-49.9	55.4	69.7	17.6	-152.2	-1217.3	1968.1	-29.7	
68.15	348.6	23.2	0.4	2.0	-45.9	55.5	59.1	9.4	-153.5	-1041.6	1762.8	-44.4	
68.20	349.7	23.3	-4.9	2.0	-43.2	55.6	55.2	-8.1	-155.5	-774.6	1685.9	-60.2	
68.25	350.9	23.6	-6.8	2.0	-42.8	55.7	57.6	-17.7	-157.1	-606.1	1706.6	-66.3	
68.30	352.0	24.2	-6.2	2.0	-43.6	55.8	63.3	-18.3	-157.9	-586.2	1754.3	-64.8	
68.35	353.2	24.6	-3.0	2.0	-43.5	55.9	65.5	-23.6	-158.0	-627.8	1721.9	-53.9	
68.40	354.4	24.9	0.3	2.0	-40.8	56.0	58.9	-25.8	-159.8	-648.2	1505.3	-39.6	
68.45	355.5	24.9	3.0	2.0	-36.6	56.1	50.5	-23.2	-164.7	-611.7	1198.2	-26.2	
68.50	356.7	25.2	3.9	2.0	-31.5	56.2	47.0	-28.4	-163.0	-434.4	859.9	-18.1	
68.55	357.8	25.5	2.1	2.0	-25.4	56.3	44.8	-47.0	-154.9	52.0	474.5	-18.2	
68.60	359.0	26.0	1.4	2.0	-28.6	56.4	38.4	-69.8	-153.2	672.0	90.4	-23.9	
68.65	0.1	25.8	3.2	2.0	-34.9	56.5	31.5	-88.2	-162.0	1086.6	-202.2	-23.7	
68.70	1.2	25.7	7.1	2.0	-37.8	56.6	24.0	-91.2	-166.6	1200.4	-552.3	-13.5	
68.75	2.4	25.5	11.2	2.0	-40.8	56.7	17.2	-85.7	-161.2	1244.4	-964.2	-2.3	
68.80	3.5	25.1	16.8	2.0	-43.5	56.8	13.9	-87.8	-159.3	1282.5	-1230.7	14.1	
68.85	4.6	24.6	20.8	2.0	-45.6	56.9	9.6	-91.5	-166.5	1338.9	-1377.7	25.6	
68.90	5.8	23.9	22.8	2.0	-47.9	57.0	7.9	-90.8	-171.1	1483.3	-1474.1	30.2	
68.95	6.9	24.3	22.9	2.0	-50.3	57.1	12.7	-97.3	-164.9	1662.6	-1522.9	28.4	
69.00	8.0	24.5	22.4	2.0	-52.8	57.2	13.6	-105.7	-160.0	1809.7	-1611.2	24.2	
69.05	9.1	24.5	22.1	2.0	-54.0	57.3	1.8	-102.1	-166.8	1779.7	-1786.9	22.1	
69.10	10.2	24.8	22.7	2.0	-52.3	57.4	-9.9	-90.9	-174.7	1493.5	-1909.1	25.7	
69.15	11.3	24.8	22.9	2.0	-48.9	57.5	-10.7	-82.9	-171.6	1139.9	-1868.1	29.6	
69.20	12.4	24.8	19.5	2.0	-45.5	57.6	-8.1	-78.6	-165.6	954.2	-1697.5	21.4	
69.25	13.5	24.8	14.3	2.0	-41.1	57.7	-3.0	-82.1	-169.3	908.3	-1324.5	8.1	
69.30	14.7	24.7	9.4	2.0	-37.2	57.8	8.4	-95.0	-175.1	958.5	-829.4	-5.1	
69.35	15.7	24.5	4.3	2.0	-36.1	57.9	19.6	-101.4	-169.2	1051.2	-499.3	-21.2	
69.40	16.8	23.8	-1.3	2.0	-36.6	58.0	27.2	-103.8	-159.0	1149.2	-329.3	-41.0	
69.45	17.9	24.2	-5.8	2.0	-35.9	58.1	28.2	-108.1	-157.8	1115.2	-206.6	-55.9	
69.50	19.0	24.6	-9.1	2.0	-34.6	58.2	21.7	-109.9	-163.0	1014.4	-162.9	-65.8	
69.55	20.1	24.5	-11.6	2.0	-33.5	58.3	20.0	-109.4	-162.9	940.0	-93.1	-73.4	
69.60	21.2	24.0	-12.6	2.0	-33.3	58.4	25.9	-111.9	-156.6	924.5	43.0	-76.6	
69.65	22.2	24.0	-13.4	2.0	-34.0	58.5	29.8	-113.4	-154.5	967.8	124.0	-80.1	
69.70	23.3	24.7	-13.8	2.0	-32.7	58.6	24.4	-109.2	-155.9	891.2	-31.0	-80.0	
69.75	24.4	25.6	-11.6	2.0	-32.4	58.7	15.5	-108.2	-152.1	767.0	-422.4	-72.3	
69.80	25.4	26.5	-2.8	2.0	-35.6	58.8	5.2	-103.0	-141.8	642.3	-950.3	-45.2	
69.85	26.5	27.2	-9.7	2.0	-39.0	58.9	2.7	-97.5	-136.7	623.0	-1283.3	-72.3	
69.90	27.5	26.5	-6.1	2.0	-41.9	59.0	1.0	-102.1	-136.6	714.3	-1468.1	-62.7	
69.95	28.6	25.9	-3.5	2.0	-45.1	59.1	-0.8	-115.3	-137.3	943.5	-1577.5	-57.3	
70.00	29.6	25.6	-2.5	2.0	-47.9	59.2	-5.8	-118.9	-137.1	1096.9	-1716.1	-56.3	
70.05	30.7	26.4	-0.1	2.0	-51.1	59.3	-12.4	-119.6	-137.4	1208.1	-1926.3	-51.3	
70.10	31.7	27.3	3.1	2.0	-56.5	59.4	-23.8	-121.8	-136.6	1323.1	-2324.6	-45.9	
70.15	32.7	28.1	7.1	2.0	-64.3	59.5	-42.1	-119.3	-134.6	1403.8	-2941.3	-39.8	
70.20	33.8	28.2	10.5	2.0	-70.9	59.6	-59.6	-111.3	-131.7	1331.1	-3516.2	-34.9	
70.25	34.8	27.6	13.4	2.0	-75.0	59.7	-68.1	-111.6	-129.5	1319.4	-3836.7	-28.8	
70.30	35.9	26.9	12.5	2.0	-76.4	59.8	-66.8	-120.4	-127.6	1427.8	-3896.9	-33.5	
70.35	36.9	27.3	14.5	2.0	-76.8	59.9	-64.7	-129.4	-127.2	1534.9	-3861.6	-26.8	
70.40	37.9	27.2	15.6	2.0	-75.4	60.0	-61.3	-129.3	-130.3	1551.4	-3743.9	-21.7	
70.45	38.9	27.1	17.2	2.0	-75.7	60.1	-64.0	-123.2	-128.6	1503.3	-3807.0	-16.6	
70.50	39.9	27.1	18.3	2.0	-79.3	60.2	-72.4	-122.2	-121.1	1489.4	-4096.8	-16.5	
70.55	40.9	26.5	20.2	2.0	-83.6	60.3	-84.8	-122.7	-116.1	1466.6	-4430.0	-14.4	
70.60	41.9	26.3	18.8	2.0	-85.9	60.4	-93.9	-121.5	-116.3	1489.6	-4593.3	-21.2	
70.65	42.9	26.8	15.8	2.0	-86.1	60.5	-92.6	-126.0	-113.1	1672.4	-4541.1	-31.9	
70.70	43.8	26.8	12.8	2.0	-84.3	60.6	-81.1	-136.5	-106.2	1925.6	-4288.1	-40.4	
70.75	44.8	26.7	11.0	2.0	-80.5	60.7	-67.8	-143.9	-103.1	2091.4	-3887.0	-42.9	
70.80	45.8	26.5	9.4	2.0	-75.1	60.8	-58.5	-143.9	-104.4	2049.8	-3453.3	-42.7	
70.85	46.7	27.3	7.0	2.0	-70.6	60.9	-51.4	-139.0	-100.8	1971.5	-3129.5	-46.7	
70.90	47.7	27.9	4.8	2.0	-68.6	61.0	-44.5	-138.7	-91.2	2018.0	-2931.8	-52.0	
70.95	48.7	28.1	2.8	2.0	-66.8	61.1	-38.0	-142.4	-86.3	2081.8	-2717.7	-57.0	
71.00	49.6	28.0	1.0	2.0	-65.1	61.2	-37.1	-142.3	-86.6	2128.6	-2513.5	-61.7	
71.05	50.6	27.8	-3.1	2.0	-63.1	61.3	-35.6	-140.5	-84.8	2193.3	-2267.9	-73.8	
71.10	51.5	27.8	-8.0	2.0	-61.4	61.4	-27.5	-149.4	-80.6	2328.4	-1893.9	-88.9	
71.15	52.5	29.0	-11.5	2.0	-58.9	61.5	-17.6	-156.1	-80.1	2408.4	-1433.0	-98.3	
71.20	53.4	29.5	-13.4	2.0	-56.0	61.6	-9.3	-155.2	-81.3	2387.9	-995.2	-102.2	
71.25	54.4	29.3	-14.5	2.0	-55.4	61.7	-1.1	-162.5	-78.0	2430.6	-677.6	-105.1	
71.30	55.4	28.0	-16.0	2.0	-56.9	61.8	3.0	-170.0	-71.6	2557.3	-559.8	-111.8	
71.35	56.3	27.7	-16.2	2.0	-58.5	61.9	1.5	-171.2	-69.2	2685.1	-548.1	-114.3	
71.40	57.2	27.8	-15.2	2.0	-59.7	62.0	-1.0	-172.4	-70.6	2765.7	-556.5	-111.9	
71.45	58.2	28.2	-14.0	2.0	-61.5	62.1	-4.9	-175.0	-69.9	2881.0	-650.8	-109.4	
71.50	59.1	28.3	-15.0	2.0	-64.5	62.2	-10.0	-175.9	-66.7	3072.1	-805.4	-115.8	
71.55	60.0	28.1	-12.4	2.0	-67.2	62.3	-11.8	-180.7	-65.0	3252.1	-897.2	-109.8	
71.60	60.9	27.6	-8.9	2.0	-69.4	62.4	-10.1	-190.6	-66.5	3389.3	-915.1	-100.0	
71.65	61.9	27.2	-8.6	2.0	-73.7	62.5	-13.6	-198.8	-64.2	3643.5	-1123.5	-103.3	
71.70	62.8	26.8	-6.8	2.0	-79.5	62.6	-18.6	-206.0	-57.1	3949.2	-1521.4	-102.7	
71.75	63.7	26.4	-3.3	2.0	-83.4	62.7	-22.7	-210.6	-52.5	4083.2	-1928.4	-94.6	
71.80	64.5	26.3	1.3	2.0	-85.9	62.8	-34.3	-203.3	-51.1	4068.2	-2407.7	-81.5	
71.85	65.4	26.3	4.6	2.0	-89.3	62.9	-49.5	-196.3	-49.2	4049.9	-2918.9	-73.5	
71.90	66.3	26.2	6.9	2.0	-92.5	63.0	-57.4	-198.4	-43.3	4042.8	-3316.3	-68.7	
71.95	67.2	26.2	9.1	2.0	-94.0	63.1	-60.1	-200.2	-39.3	4001.3	-3529.8	-62.9	
72.00	68.0	26.4	10.3	2.0	-93.5	63.2	-59.8	-195.7	-39.4	3950.9	-3557.0	-58.0	
72.05	68.9	26.7	10.9	2.0	-93.4	63.3	-58.6	-194.1	-36.0	3919.9	-3583.5	-56.1	
72.10	69.8	26.6	9.2	2.0	-93.8	63.4	-58.9	-196.7	-29.5	3903.3	-3647.1	-62.1	
72.15	70.6	27.0	8.5	2.0	-94.2	63.5	-61.0	-198.1	-29.0	3943.3	-3640.5	-65.1	
72.20	71.5	27.6	7.6	2.0	-93.8	63.6	-61.8	-197.6	-31.0	3986.5	-3549.9	-67.8	
72.25	72.3	27.9	6.7	2.0	-92.6	63.7	-58.4	-198.4	-28.7	3979.6	-3418.9	-69.7	
72.30	73.2	27.9	5.1	2.0	-90.9	63.8	-54.4	-199.2	-23.3	3934.3	-3280.4	-73.3	
72.35	74.1	27.8	3.5	2.0	-86.8	63.9	-49.6	-196.1	-20.5	3764.5	-3017.3	-74.8	
72.40	74.9	27.6	1.9	2.0	-79.9	64.0	-41.3	-193.1	-23.7	3493.5	-2535.2	-73.5	
72.45	75.8	27.8	-2.6	2.0	-75.3	64.1	-34.7	-193.3	-24.1	3344.8	-2135.3	-84.1	
72.50	76.6	28.1	-7.8	2.0	-73.5	64.2	-28.3	-196.8	-18.3	3324.1	-1907.9	-100.4	
72.55	77.5	28.1	-10.4	2.0	-70.2	64.3	-20.1	-196.4	-13.5	3182.8	-1665.3	-105.8	
72.60	78.3	28.3	-11.1	2.0	-65.7	64.4	-14.7	-192.1	-13.9	2950.7	-1384.0	-103.8	
72.65	79.1	28.4	-13.9	2.0	-63.2	64.5	-16.5	-186.9	-11.9	2826.3	-1248.6	-110.8	
72.70	80.0	28.1	-16.8	2.0	-61.3	64.6	-15.6	-185.8	-6.2	2733.6	-1119.3	-119.1	
72.75	80.8	27.1	-16.2	2.0	-58.0	64.7	-7.6	-184.2	-2.2	2559.0	-890.0	-113.7	
72.80	81.6	26.5	-15.4	2.0	-55.7	64.8	-0.2	-179.7	1.8	2451.6	-723.0	-108.7	
72.85	82.4	26.6	-17.0	2.0	-56.8	64.9	3.4	-180.2	8.5	2541.6	-676.4	-115.1	
72.90	83.2	27.0	-18.3	2.0	-59.6	65.0	6.1	-190.0	14.9	2730.6	-656.2	-122.5	
72.95	84.0	27.4	-17.7	2.0	-62.2	65.1	9.0	-197.5	17.7	2911.1	-616.8	-123.0	
73.00	84.8	27.7	-16.1	2.0	-64.4	65.2	8.6	-198.4	20.8	3069.5	-660.7	-119.5	
73.05	85.6	27.9	-15.3	2.0	-67.1	65.3	8.6	-203.7	27.8	3232.4	-789.4	-119.5	
73.10	86.4	28.2	-13.6	2.0	-69.0	65.4	5.6	-204.8	34.7	3317.5	-986.3	-115.8	
73.15	87.2	28.4	-10.3	2.0	-68.8	65.5	-1.8	-199.2	36.9	3261.6	-1159.9	-104.1	
73.20	88.0	28.6	-7.3	2.0	-68.2	65.6	-5.4	-195.9	39.4	3179.7	-1263.5	-93.4	
73.25	88.7	28.6	-6.8	2.0	-69.7	65.7	-7.3	-195.1	46.1	3227.7	-1432.5	-93.1	
73.30	89.5	28.5	-6.2	2.0	-72.0	65.8	-11.1	-193.5	51.9	3326.1	-1637.8	-93.2	
73.35	90.3	28.2	-4.4	2.0	-72.6	65.9	-14.8	-195.0	54.3	3282.8	-1806.3	-87.8	
73.40	91.1	28.2	-3.4	2.0	-73.3	66.0	-18.0	-197.7	56.8	3238.6	-1964.8	-85.1	
73.45	91.9	28.3	-3.9	2.0	-75.7	66.1	-27.2	-196.4	62.0	3291.7	-2213.9	-89.1	
73.50	92.7	28.0	-3.3	2.0	-77.6	66.2	-36.4	-196.3	64.7	3334.1	-2393.8	-88.9	
73.55	93.5	28.1	-0.8	2.0	-77.8	66.3	-39.6	-197.1	64.5	3308.0	-2444.9	-80.4	
73.60	94.3	28.2	0.9	2.0	-79.3	66.4	-40.6	-198.1	68.5	3358.7	-2559.0	-76.1	
73.65	95.1	28.5	1.1	2.0	-81.5	66.5	-40.1	-200.4	75.0	3459.6	-2684.1	-77.8	
73.70	95.8	28.2	1.8	2.0	-82.5	66.6	-36.9	-203.8	78.5	3534.5	-2697.3	-76.5	
73.75	96.6	27.6	2.4	2.0	-82.6	66.7	-35.5	-203.2	78.3	3594.9	-2630.7	-74.5	
73.80	97.4	27.3	3.0	2.0	-82.8	66.8	-35.5	-201.5	80.2	3631.3	-2613.2	-72.6	
73.85	98.2	27.4	3.9	2.0	-82.6	66.9	-33.3	-202.0	87.6	3550.7	-2678.7	-69.3	
73.90	98.9	27.5	4.8	2.0	-81.2	67.0	-32.9	-198.1	95.1	3344.1	-2785.0	-64.9	
73.95	99.7	27.3	5.4	2.0	-79.7	67.1	-38.3	-190.6	98.4	3148.5	-2853.0	-61.0	
74.00	100.5	27.7	4.0	2.0	-78.0	67.2	-43.0	-186.3	98.8	3011.9	-2827.4	-64.1	
74.05	101.2	27.6	2.8	2.0	-77.0	67.3	-42.2	-188.1	102.6	2947.2	-2775.8	-67.3	
74.10	102.0	26.6	1.1	2.0	-76.2	67.4	-38.4	-186.7	111.4	2870.9	-2765.7	-72.3	
74.15	102.7	26.1	-0.7	2.0	-74.2	67.5	-35.4	-180.0	119.1	2730.2	-2713.6	-76.5	
74.20	103.5	25.6	-1.9	2.0	-70.5	67.6	-29.0	-179.3	121.3	2625.4	-2432.8	-77.0	
74.25	104.2	25.2	-3.8	2.0	-67.9	67.7	-22.2	-182.6	125.4	2615.7	-2118.0	-80.8	
74.30	104.9	25.0	-6.4	2.0	-66.1	67.8	-15.7	-182.7	134.2	2626.5	-1878.9	-88.0	
74.35	105.7	25.2	-6.7	2.0	-62.0	67.9	-5.8	-174.8	140.5	2475.8	-1581.8	-84.9	
74.40	106.4	25.8	-7.1	2.0	-57.8	68.0	3.0	-167.7	141.8	2324.9	-1252.7	-82.3	
74.45	107.2	25.6	-10.3	2.0	-58.5	68.1	6.3	-172.8	145.8	2464.7	-1025.7	-93.7	
74.50	107.9	25.5	-15.2	2.0	-61.7	68.2	7.9	-185.3	149.9	2760.0	-810.6	-113.8	
74.55	108.6	25.4	-17.6	2.0	-62.8	68.3	11.9	-189.1	149.1	2900.2	-526.1	-123.2	
74.60	109.4	25.2	-18.6	2.0	-62.0	68.4	16.9	-184.9	150.4	2880.1	-311.3	-125.7	
74.65	110.1	24.6	-20.5	2.0	-62.2	68.5	18.9	-185.7	159.2	2890.5	-272.0	-132.5	
74.70	110.8	24.1	-22.1	2.0	-62.5	68.6	18.1	-187.4	165.1	2909.4	-209.8	-138.2	
74.75	111.5	24.0	-20.6	2.0	-61.7	68.7	17.1	-185.2	160.0	2868.4	-15.3	-132.4	
74.80	112.2	24.3	-19.5	2.0	-60.7	68.8	16.6	-178.0	156.7	2813.0	65.4	-127.6	
74.85	112.9	24.5	-20.0	2.0	-60.3	68.9	18.8	-172.2	165.0	2789.0	-86.4	-129.0	
74.90	113.6	24.1	-19.3	2.0	-59.6	69.0	20.4	-167.8	172.8	2732.5	-270.1	-126.0	
74.95	114.3	24.2	-17.5	2.0	-58.6	69.1	14.7	-162.2	170.8	2661.1	-388.1	-118.6	
75.00	115.0	24.0	-15.7	2.0	-59.2	69.2	4.4	-159.8	167.3	2692.1	-543.4	-112.9	
75.05	115.7	23.4	-13.8	2.0	-61.7	69.3	-3.0	-163.7	173.4	2798.6	-842.5	-109.1	
75.10	116.3	23.9	-12.0	2.0	-64.7	69.4	-6.0	-166.8	182.3	2907.5	-1171.7	-105.8	
75.15	117.0	24.4	-8.5	2.0	-68.1	69.5	-8.9	-167.1	185.3	3070.9	-1419.0	-97.3	
75.20	117.7	25.0	-6.0	2.0	-72.1	69.6	-13.2	-173.0	183.2	3312.2	-1593.8	-92.7	
75.25	118.4	24.5	-4.8	2.0	-76.8	69.7	-17.7	-183.9	185.1	3563.6	-1807.4	-93.2	
75.30	119.0	24.3	-2.8	2.0	-79.1	69.8	-22.3	-183.9	191.2	3600.1	-2088.7	-88.8	
75.35	119.7	24.2	1.6	2.0	-77.9	69.9	-23.9	-173.9	193.4	3405.1	-2275.7	-72.3	
75.40	120.4	24.2	5.2	2.0	-76.2	70.0	-24.6	-165.5	196.4	3166.2	-2428.6	-58.3	
75.45	121.1	24.1	4.9	2.0	-77.1	70.1	-29.4	-166.7	202.4	3086.4	-2618.1	-60.4	
75.50	121.7	24.3	4.4	2.0	-77.6	70.2	-36.1	-168.3	206.1	3013.0	-2743.2	-62.3	
75.55	122.4	24.7	5.3	2.0	-75.4	70.3	-34.9	-168.0	203.4	2862.4	-2662.9	-57.0	
75.60	123.1	24.6	5.5	2.0	-73.5	70.4	-31.2	-165.3	203.8	2733.3	-2605.8	-54.7	
75.65	123.8	24.5	3.3	2.0	-73.0	70.5	-30.8	-162.8	209.5	2649.6	-2641.1	-61.8	
75.70	124.4	25.0	0.3	2.0	-70.4	70.6	-31.5	-158.9	211.0	2486.6	-2539.2	-69.4	
75.75	125.1	25.1	-0.3	2.0	-64.8	70.7	-29.3	-151.9	206.5	2229.0	-2236.2	-66.0	
75.80	125.7	25.0	-1.6	2.0	-60.1	70.8	-26.9	-145.8	205.7	2023.4	-1967.7	-65.7	
75.85	126.4	24.7	-5.9	2.0	-57.2	70.9	-17.9	-145.5	211.1	1964.2	-1710.1	-77.4	
75.90	127.0	24.6	-9.5	2.0	-54.9	71.0	-3.5	-150.7	216.6	1994.9	-1358.8	-87.4	
75.95	127.7	24.7	-11.8	2.0	-52.5	71.1	9.5	-153.5	216.4	2037.0	-890.1	-93.2	
76.00	128.3	24.9	-13.1	2.0	-50.6	71.2	15.0	-150.8	213.5	2031.4	-478.9	-95.6	
76.05	129.0	24.4	-14.6	2.0	-48.2	71.3	18.0	-146.5	212.5	1900.5	-216.0	-98.2	
76.10	129.6	24.1	-16.6	2.0	-45.0	71.4	21.3	-139.7	216.1	1684.5	-92.3	-102.1	
76.15	130.2	24.1	-19.2	2.0	-43.0	71.5	21.2	-131.7	219.9	1557.3	-34.4	-108.8	
76.20	130.8	24.3	-19.3	2.0	-42.9	71.6	18.4	-128.2	220.7	1560.4	49.4	-109.3	
76.25	131.4	24.2	-20.1	2.0	-44.6	71.7	18.9	-132.4	220.9	1668.2	197.2	-113.5	
76.30	132.0	23.9	-21.0	2.0	-47.1	71.8	21.0	-137.6	222.6	1826.2	278.4	-119.1	
76.35	132.6	23.6	-20.4	2.0	-47.7	71.9	23.3	-136.3	226.9	1877.5	245.2	-117.7	
76.40	133.2	23.9	-17.3	2.0	-46.2	72.0	26.7	-131.1	231.4	1775.0	211.2	-105.7	
76.45	133.8	24.3	-13.4	2.0	-44.8	72.1	26.4	-125.9	233.4	1690.0	164.0	-90.9	
76.50	134.4	24.1	-11.5	2.0	-45.0	72.2	18.2	-120.5	233.9	1731.9	-31.4	-84.5	
76.55	135.0	23.6	-9.7	2.0	-47.1	72.3	11.8	-122.4	235.2	1865.3	-287.8	-80.5	
76.60	135.6	23.2	-8.0	2.0	-50.7	72.4	9.5	-130.7	239.6	2053.9	-570.1	-78.2	
76.65	136.2	23.0	-6.9	2.0	-56.3	72.5	4.7	-140.6	244.5	2351.7	-921.2	-79.9	
76.70	136.8	22.8	-6.2	2.0	-61.4	72.6	-2.7	-148.0	245.2	2619.5	-1226.9	-82.9	
76.75	137.4	23.0	-3.2	2.0	-63.9	72.7	-9.3	-150.5	241.1	2729.8	-1414.2	-75.0	
76.80	138.0	23.6	-0.3	2.0	-64.4	72.8	-15.6	-145.8	239.2	2674.5	-1612.7	-65.5	
76.85	138.5	23.2	2.1	2.0	-64.4	72.9	-19.1	-139.0	241.4	2542.3	-1841.8	-57.2	
76.90	139.1	22.7	4.8	2.0	-64.1	73.0	-19.7	-134.0	242.4	2402.5	-2011.4	-47.5	
76.95	139.7	22.3	6.5	2.0	-64.3	73.1	-22.2	-132.2	240.5	2336.6	-2123.8	-42.0	
77.00	140.2	22.4	7.3	2.0	-65.7	73.2	-24.5	-135.2	239.6	2407.3	-2190.5	-40.7	
77.05	140.8	22.5	7.8	2.0	-67.2	73.3	-25.5	-139.1	240.9	2476.1	-2256.6	-40.5	
77.10	141.4	22.7	7.2	2.0	-66.5	73.4	-25.4	-134.3	240.6	2377.4	-2303.6	-41.8	
77.15	141.9	23.0	7.8	2.0	-63.6	73.5	-25.4	-122.3	239.1	2111.4	-2312.0	-36.9	
77.20	142.5	23.1	5.8	2.0	-61.0	73.6	-25.3	-118.2	240.4	1932.4	-2224.4	-41.1	
77.25	143.0	23.1	4.0	2.0	-59.2	73.7	-22.7	-121.0	241.5	1975.1	-1984.6	-45.4	
77.30	143.5	23.1	2.1	2.0	-57.0	73.8	-15.3	-120.9	238.6	2091.8	-1610.4	-49.8	
77.35	144.0	23.2	0.6	2.0	-54.6	73.9	-2.3	-120.8	238.9	2152.8	-1192.9	-52.4	
77.40	144.5	23.4	-1.5	2.0	-53.3	74.0	7.5	-123.9	247.2	2155.5	-918.2	-58.5	
77.45	145.1	23.7	-5.6	2.0	-52.5	74.1	11.0	-126.9	253.8	2141.3	-741.2	-71.6	
77.50	145.6	24.0	-7.1	2.0	-51.0	74.2	10.6	-125.0	250.8	2104.6	-496.4	-75.5	
77.55	146.1	24.2	-7.4	2.0	-49.4	74.3	13.4	-119.4	247.7	2047.8	-210.4	-74.9	
77.60	146.5	24.0	-8.2	2.0	-48.6	74.4	21.2	-115.0	253.4	2007.0	18.4	-76.8	
77.65	147.0	24.2	-9.5	2.0	-48.3	74.5	28.5	-112.9	260.2	1969.9	192.0	-81.0	
77.70	147.5	24.3	-12.2	2.0	-47.7	74.6	31.1	-110.0	258.9	1903.9	383.9	-89.4	
77.75	148.0	24.1	-12.9	2.0	-47.5	74.7	31.4	-107.5	255.5	1839.9	587.7	-91.9	
77.80	148.5	24.3	-11.3	2.0	-46.6	74.8	34.3	-102.8	259.7	1727.0	733.2	-85.5	
77.85	149.0	24.5	-10.7	2.0	-44.9	74.9	40.2	-94.4	267.1	1557.9	817.6	-81.6	
77.90	149.4	24.9	-10.9	2.0	-43.5	75.0	43.7	-88.5	267.8	1418.2	872.0	-80.8	
77.95	149.9	25.3	-9.9	2.0	-43.0	75.1	40.5	-88.6	263.9	1375.3	869.1	-77.0	
78.00	150.4	25.5	-10.8	2.0	-43.7	75.2	35.5	-95.0	262.1	1475.1	796.1	-80.8	
78.05	150.9	25.5	-12.1	2.0	-44.5	75.3	33.3	-96.5	263.8	1595.4	668.6	-86.1	
78.10	151.3	25.8	-10.8	2.0	-44.1	75.4	33.2	-92.5	263.0	1622.6	555.7	-81.4	
78.15	151.8	26.1	-9.8	2.0	-43.3	75.5	30.3	-88.8	261.7	1617.1	386.2	-77.0	
78.20	152.2	26.2	-9.6	2.0	-43.5	75.6	25.7	-90.5	264.1	1667.3	167.2	-76.3	
78.25	152.7	25.1	-8.1	2.0	-44.3	75.7	24.0	-95.7	265.7	1720.8	28.6	-72.0	
78.30	153.1	24.6	-4.7	2.0	-44.2	75.8	25.0	-94.1	264.9	1720.6	-42.7	-60.3	
78.35	153.5	24.9	-3.2	2.0	-44.1	75.9	26.6	-89.7	264.9	1715.9	-154.7	-55.1	
78.40	154.0	25.4	-0.8	2.0	-44.7	76.0	22.4	-88.1	267.4	1733.3	-396.5	-47.4	
78.45	154.4	25.4	-0.2	2.0	-45.5	76.1	13.6	-87.6	267.7	1702.9	-706.4	-46.3	
78.50	154.8	25.1	2.4	2.0	-46.0	76.2	3.6	-84.1	264.5	1612.8	-1002.6	-38.0	
78.55	155.2	25.1	3.6	2.0	-47.3	76.3	-3.7	-82.1	265.9	1548.8	-1267.4	-35.0	
78.60	155.6	25.3	4.2	2.0	-49.7	76.4	-7.1	-84.1	272.9	1583.9	-1478.9	-35.3	
78.65	156.0	25.5	4.4	2.0	-50.6	76.5	-7.3	-83.4	275.6	1632.5	-1533.9	-35.6	
78.70	156.4	24.9	5.7	2.0	-48.8	76.6	-2.2	-80.4	272.2	1602.9	-1382.4	-29.3	
78.75	156.8	25.1	6.3	2.0	-46.7	76.7	5.7	-79.6	273.5	1551.2	-1188.2	-25.1	
78.80	157.2	25.8	5.4	2.0	-45.9	76.8	12.5	-83.6	281.0	1565.0	-1031.5	-27.2	
78.85	157.6	26.9	3.6	2.0	-44.8	76.9	16.3	-82.6	282.8	1584.6	-833.6	-32.4	
78.90	158.0	27.2	2.4	2.0	-42.7	77.0	18.1	-73.8	277.3	1552.6	-586.7	-34.6	
78.95	158.4	27.2	0.6	2.0	-41.2	77.1	19.1	-70.5	277.0	1504.6	-400.7	-39.3	
79.00	158.7	27.3	-2.9	2.0	-40.5	77.2	20.6	-73.8	283.9	1461.6	-267.7	-50.6	
79.05	159.1	27.1	-6.5	2.0	-39.7	77.3	22.9	-75.4	284.9	1419.5	-34.0	-62.0	
79.10	159.5	26.9	-8.1	2.0	-39.6	77.4	28.2	-73.0	278.5	1374.4	347.3	-67.5	
79.15	159.8	26.8	-9.5	2.0	-40.4	77.5	36.1	-67.9	275.6	1298.5	724.5	-72.9	
79.20	160.2	26.9	-10.2	2.0	-41.1	77.6	45.7	-60.1	279.7	1161.5	1013.4	-76.2	
79.25	160.6	26.9	-9.0	2.0	-41.2	77.7	54.5	-50.8	282.9	914.1	1250.7	-72.2	
79.30	160.9	26.8	-7.8	2.0	-41.7	77.8	58.7	-45.6	280.9	685.9	1429.7	-68.6	
79.35	161.3	26.1	-9.3	2.0	-41.4	77.9	56.2	-44.1	279.3	597.0	1452.2	-73.1	
79.40	161.6	26.0	-11.5	2.0	-39.7	78.0	52.5	-37.3	280.8	533.9	1362.2	-79.2	
79.45	162.0	26.4	-10.1	2.0	-38.2	78.1	53.6	-30.8	282.8	389.5	1295.8	-73.0	
79.50	162.3	26.2	-8.0	2.0	-36.4	78.2	52.5	-31.6	282.7	262.8	1196.1	-63.7	
79.55	162.7	25.9	-11.3	2.0	-32.8	78.3	41.7	-33.8	281.1	278.1	934.9	-71.5	
79.60	163.0	25.7	-12.8	2.0	-29.2	78.4	31.1	-33.6	279.6	311.0	654.3	-73.2	
79.65	163.3	25.4	-9.7	2.0	-26.7	78.5	31.1	-29.3	281.0	218.9	496.0	-60.0	
79.70	163.7	25.4	-5.8	2.0	-24.0	78.6	33.6	-23.1	285.4	101.5	324.9	-43.7	
79.75	164.0	25.4	-5.5	2.0	-20.7	78.7	28.1	-22.2	288.9	97.8	27.3	-39.5	
79.80	164.3	25.4	-5.1	2.0	-22.9	78.8	19.7	-25.8	288.4	117.8	-257.0	-40.3	
79.85	164.6	24.8	-2.9	2.0	-24.6	78.9	17.5	-25.7	286.8	56.0	-409.7	-34.5	
79.90	165.0	24.4	0.9	2.0	-25.9	79.0	18.8	-16.4	288.5	-90.9	-522.0	-22.9	
79.95	165.3	24.4	3.8	2.0	-28.1	79.1	17.9	-6.3	291.9	-267.7	-656.6	-15.0	
80.00	165.6	24.3	5.2	2.0	-30.1	79.2	13.2	-5.1	292.1	-424.2	-770.1	-12.3	
80.05	165.9	24.2	4.7	2.0	-31.2	79.3	6.4	-8.3	288.3	-510.2	-827.3	-15.1	
80.10	166.3	24.3	3.3	2.0	-31.2	79.4	2.8	-6.2	286.1	-552.5	-820.9	-20.0	
80.15	166.6	24.5	2.6	2.0	-30.4	79.5	8.6	-2.8	289.4	-591.9	-696.8	-21.5	
80.20	166.9	24.5	1.8	2.0	-29.2	79.6	15.7	-4.2	293.0	-609.9	-517.7	-23.2	
80.25	167.2	24.3	-0.1	2.0	-27.6	79.7	15.7	-5.6	289.2	-579.9	-351.7	-28.0	
80.30	167.5	24.6	-2.5	2.0	-26.2	79.8	15.2	-3.5	283.6	-553.7	-171.5	-34.8	
80.35	167.8	24.4	-2.9	2.0	-26.6	79.9	23.7	-0.2	286.0	-579.8	89.0	-36.7	
80.40	168.2	24.0	-2.1	2.0	-28.4	80.0	36.4	-1.2	291.7	-554.3	396.7	-35.7	
80.45	168.5	24.0	-3.6	2.0	-29.6	80.1	41.2	-4.2	291.3	-413.8	637.7	-42.0	
80.50	168.8	23.9	-6.2	2.0	-30.7	80.2	40.6	-10.9	286.5	-215.7	814.1	-52.0	
80.55	169.1	23.7	-7.5	2.0	-31.9	80.3	41.7	-16.1	286.2	-100.5	924.7	-57.8	
80.60	169.4	23.6	-7.5	2.0	-32.1	80.4	42.7	-15.0	289.7	-110.2	930.7	-57.9	
80.65	169.7	23.9	-7.2	2.0	-31.3	80.5	40.6	-7.7	290.9	-215.4	859.6	-56.0	
80.70	170.0	24.2	-6.8	2.0	-30.2	80.6	35.0	-1.4	288.9	-323.0	755.7	-53.4	
80.75	170.3	24.2	-5.6	2.0	-29.3	80.7	30.4	2.0	288.5	-392.3	665.7	-48.4	
80.80	170.6	23.8	-3.9	2.0	-29.4	80.8	31.1	5.9	290.6	-450.1	626.8	-42.8	
80.85	170.9	23.6	-1.3	2.0	-30.8	80.9	36.6	11.7	294.0	-562.7	641.0	-35.1	
80.90	171.2	23.9	-0.2	2.0	-31.6	81.0	40.2	13.9	296.4	-641.3	637.6	-32.3	
80.95	171.5	23.5	-1.2	2.0	-30.6	81.1	37.1	13.2	296.3	-622.1	557.8	-34.6	
81.00	171.8	23.3	-1.4	2.0	-29.8	81.2	32.7	17.0	294.5	-633.0	459.1	-34.7	
81.05	172.1	23.3	1.5	2.0	-30.8	81.3	32.3	23.2	292.8	-757.0	392.4	-25.7	
81.10	172.4	24.2	3.8	2.0	-32.1	81.4	31.2	28.2	293.8	-907.6	272.7	-19.0	
81.15	172.7	25.0	2.0	2.0	-31.7	81.5	23.2	26.5	295.9	-931.8	58.4	-24.8	
81.20	173.0	25.9	-1.2	2.0	-30.6	81.6	15.9	22.1	293.6	-876.4	-54.9	-34.8	
81.25	173.3	25.7	-1.3	2.0	-30.0	81.7	17.4	22.0	288.9	-829.4	24.3	-34.6	
81.30	173.6	25.7	-0.1	2.0	-30.2	81.8	25.4	23.1	289.8	-806.3	172.3	-30.5	
81.35	173.9	25.7	-0.6	2.0	-30.3	81.9	32.5	19.9	295.5	-770.1	275.4	-32.4	
81.40	174.2	24.4	-1.3	2.0	-30.9	82.0	33.7	17.8	294.7	-787.3	360.2	-35.4	
81.45	174.5	24.1	0.0	2.0	-32.9	82.1	33.7	21.3	286.2	-900.1	471.7	-32.7	
81.50	174.8	24.4	1.5	2.0	-34.7	82.2	34.2	27.3	284.2	-1037.0	482.0	-29.4	
81.55	175.1	24.3	1.1	2.0	-35.1	82.3	33.0	28.4	291.7	-1121.6	336.6	-31.3	
81.60	175.4	24.5	-1.0	2.0	-34.1	82.4	27.9	24.1	294.2	-1097.5	167.1	-37.6	
81.65	175.7	24.6	-3.7	2.0	-32.1	82.5	20.4	19.2	287.7	-988.7	73.7	-45.0	
81.70	176.0	24.7	-4.6	2.0	-30.6	82.6	18.9	16.3	285.2	-881.1	78.2	-46.3	
81.75	176.3	24.8	-3.3	2.0	-30.4	82.7	25.4	13.9	291.1	-843.2	150.7	-41.9	
81.80	176.5	24.8	-0.9	2.0	-32.0	82.8	33.1	15.7	295.0	-913.1	261.8	-35.2	
81.85	176.8	24.9	0.8	2.0	-33.2	82.9	34.6	18.9	291.5	-980.2	347.5	-30.6	
81.90	177.1	25.1	1.0	2.0	-32.7	83.0	30.6	19.9	287.7	-952.1	331.4	-29.3	
81.95	177.3	25.3	-0.6	2.0	-31.2	83.1	29.1	19.5	290.7	-858.2	258.4	-33.2	
82.00	177.6	25.5	-1.6	2.0	-30.0	83.2	30.7	19.2	294.5	-775.4	194.0	-35.5	
82.05	177.8	26.0	-2.9	2.0	-28.7	83.3	29.1	17.0	294.0	-699.2	120.9	-38.8	
82.10	178.1	26.3	-4.9	2.0	-27.6	83.4	23.9	13.0	292.3	-645.4	53.3	-44.3	
82.15	178.3	26.5	-5.0	2.0	-27.9	83.5	22.2	12.5	290.1	-671.3	93.4	-45.0	
82.20	178.5	26.5	-2.5	2.0	-30.6	83.6	28.1	23.4	289.4	-809.6	263.7	-39.1	
82.25	178.8	26.3	1.2	2.0	-34.2	83.7	38.4	34.2	291.5	-955.1	498.1	-30.1	
82.30	179.0	25.8	3.9	2.0	-36.4	83.8	45.4	36.2	292.6	-1005.9	693.2	-22.9	
82.35	179.2	25.6	3.0	2.0	-36.1	83.9	44.8	33.7	289.7	-920.0	786.8	-25.8	
82.40	179.4	25.2	0.0	2.0	-35.2	84.0	42.5	33.8	287.5	-812.7	809.5	-35.1	
82.45	179.7	24.6	-1.4	2.0	-35.4	84.1	44.7	36.0	289.1	-796.9	835.5	-40.2	
82.50	179.9	24.6	-0.8	2.0	-35.9	84.2	47.1	36.5	292.0	-825.0	848.1	-38.7	
82.55	180.1	24.9	-1.8	2.0	-35.7	84.3	44.4	35.3	290.0	-820.7	842.2	-41.9	
82.60	180.4	25.3	-3.4	2.0	-35.1	84.4	40.4	32.0	285.3	-762.1	857.2	-46.6	
82.65	180.6	25.2	-4.3	2.0	-35.1	84.5	42.6	28.5	284.7	-661.9	945.1	-49.9	
82.70	180.8	25.4	-2.9	2.0	-36.1	84.6	51.4	25.5	288.2	-515.9	1091.6	-46.1	
82.75	181.0	25.6	-1.6	2.0	-36.4	84.7	55.4	22.9	289.6	-388.7	1154.0	-42.0	
82.80	181.2	24.7	-2.7	2.0	-35.0	84.8	51.2	18.6	287.7	-345.7	1080.9	-44.2	
82.85	181.5	24.2	-3.5	2.0	-32.9	84.9	44.4	15.9	286.7	-373.3	926.1	-44.9	
82.90	181.7	24.2	-0.8	2.0	-32.0	85.0	41.0	23.7	289.2	-505.3	775.6	-34.7	
82.95	181.9	25.1	2.2	2.0	-33.3	85.1	43.7	35.6	291.4	-672.0	735.3	-25.8	
83.00	182.1	25.6	1.8	2.0	-33.8	85.2	44.8	37.4	290.0	-737.6	717.1	-27.5	
83.05	182.3	25.7	-0.5	2.0	-32.1	85.3	39.7	27.7	287.5	-690.2	622.4	-33.9	
83.10	182.5	25.3	-1.8	2.0	-30.7	85.4	34.7	20.5	287.3	-675.9	518.7	-37.0	
83.15	182.6	25.5	-0.4	2.0	-32.0	85.5	37.7	23.6	287.7	-756.6	542.8	-33.3	
83.20	182.8	25.6	2.6	2.0	-34.9	85.6	44.4	36.3	288.4	-927.7	626.6	-26.1	
83.25	183.0	25.2	3.8	2.0	-35.9	85.7	42.4	43.4	289.4	-1032.4	572.6	-22.8	
83.30	183.2	25.0	3.0	2.0	-35.6	85.8	34.5	44.9	287.7	-1081.5	441.3	-25.1	
83.35	183.3	25.0	3.2	2.0	-35.6	85.9	33.0	44.5	284.0	-1098.3	430.0	-24.7	
83.40	183.5	25.1	4.1	2.0	-36.1	86.0	39.5	46.2	284.2	-1073.8	530.8	-22.0	
83.45	183.6	25.1	3.6	2.0	-35.7	86.1	45.2	45.9	287.1	-979.1	621.3	-23.4	
83.50	183.8	24.9	1.9	2.0	-35.2	86.2	45.6	43.3	286.1	-895.7	681.4	-28.8	
83.55	183.9	24.5	1.2	2.0	-35.7	86.3	43.3	41.3	280.7	-919.4	729.5	-31.4	
83.60	184.1	24.0	2.3	2.0	-37.4	86.4	43.9	44.9	280.7	-1053.7	754.7	-29.5	
83.65	184.2	24.0	3.6	2.0	-39.4	86.5	47.5	52.1	286.9	-1194.5	768.3	-27.0	
83.70	184.4	24.3	5.1	2.0	-41.1	86.6	49.4	60.0	288.3	-1299.2	799.5	-23.5	
83.75	184.5	24.6	5.0	2.0	-41.7	86.7	47.4	63.5	281.7	-1331.1	831.0	-24.5	
83.80	184.7	25.1	3.2	2.0	-40.5	86.8	43.1	60.4	280.5	-1285.8	764.8	-29.6	
83.85	184.9	25.7	2.2	2.0	-39.7	86.9	42.9	54.7	286.5	-1265.1	694.7	-32.1	
83.90	185.0	25.3	4.3	2.0	-41.5	87.0	47.6	56.8	288.3	-1374.0	746.6	-26.6	
83.95	185.2	25.1	7.0	2.0	-44.0	87.1	49.6	63.7	285.1	-1531.5	821.1	-20.0	
84.00	185.3	24.8	7.1	2.0	-46.0	87.2	47.0	68.1	286.6	-1701.4	802.9	-21.7	
84.05	185.5	24.3	7.1	2.0	-47.8	87.3	45.5	68.4	289.1	-1857.3	787.3	-23.3	
84.10	185.6	24.7	8.7	2.0	-49.2	87.4	48.6	68.8	286.9	-1938.6	867.3	-19.3	
84.15	185.8	25.2	8.3	2.0	-49.1	87.5	51.1	69.5	285.7	-1894.3	933.2	-20.5	
84.20	185.9	25.2	4.2	2.0	-47.6	87.6	50.2	66.0	287.7	-1777.4	930.7	-33.1	
84.25	186.1	25.5	0.9	2.0	-46.9	87.7	47.3	65.0	286.3	-1731.8	917.8	-43.9	
84.30	186.2	26.1	1.5	2.0	-48.3	87.8	44.2	71.2	281.3	-1847.1	907.3	-43.1	
84.35	186.4	27.1	4.5	2.0	-51.5	87.9	45.7	79.2	282.0	-2085.8	916.6	-36.1	
84.40	186.5	27.0	7.2	2.0	-54.9	88.0	49.7	84.7	288.3	-2322.0	948.5	-30.2	
84.45	186.6	26.6	8.1	2.0	-56.5	88.1	50.9	87.3	286.5	-2414.0	1031.3	-28.6	
84.50	186.8	26.0	8.6	2.0	-57.4	88.2	51.2	90.7	277.6	-2433.4	1152.6	-28.0	
84.55	186.9	25.6	9.1	2.0	-58.3	88.3	54.4	90.9	276.7	-2472.2	1209.9	-26.9	
84.60	187.0	25.5	9.4	2.0	-58.5	88.4	56.5	86.7	282.7	-2528.0	1136.2	-26.2	
84.65	187.2	25.7	9.8	2.0	-58.9	88.5	50.8	90.8	283.3	-2634.0	956.7	-25.3	
84.70	187.3	25.8	11.6	2.0	-59.8	88.6	43.1	101.0	277.8	-2742.2	792.7	-20.0	
84.75	187.4	26.0	14.0	2.0	-61.1	88.7	39.6	109.8	277.4	-2855.5	658.0	-12.9	
84.80	187.6	26.2	15.5	2.0	-61.5	88.8	39.0	112.0	282.8	-2906.1	529.8	-8.4	
84.85	187.7	26.1	16.5	2.0	-60.8	88.9	37.8	111.9	284.8	-2868.9	433.5	-4.2	
84.90	187.8	25.9	16.6	2.0	-58.7	89.0	36.7	105.7	280.1	-2731.5	413.0	-1.7	
84.95	188.0	25.5	14.9	2.0	-56.7	89.1	36.8	98.0	278.2	-2607.4	395.2	-5.4	
85.00	188.1	24.9	14.8	2.0	-55.9	89.2	36.5	95.4	282.0	-2566.4	294.5	-5.1	
85.05	188.2	24.8	15.6	2.0	-57.4	89.3	32.2	100.8	284.3	-2674.6	114.9	-3.9	
85.10	188.3	24.4	17.7	2.0	-59.4	89.4	27.1	106.0	283.8	-2819.0	-42.5	1.3	
85.15	188.5	23.4	14.8	1.9	-58.9	89.5	24.8	103.9	284.9	-2792.0	-109.7	3.9	
85.20	188.6	23.5	-0.6	1.5	-56.2	89.6	25.5	100.3	286.2	-2593.9	-54.6	-4.5	
85.25	188.7	23.9	2.3	1.2	-54.1	89.6	31.0	103.6	284.1	-2422.2	146.7	-5.2	
85.30	188.8	24.5	4.6	0.9	-53.8	89.7	39.9	103.1	284.1	-2355.5	407.3	-6.4	
85.35	189.0	24.9	4.7	0.7	-52.9	89.7	45.2	92.3	284.9	-2270.4	607.2	-12.4	
85.40	189.1	25.1	2.8	0.6	-52.1	89.8	43.2	89.4	283.0	-2179.9	719.8	-23.5	
85.45	189.2	25.3	3.4	0.5	-52.9	89.8	42.5	95.8	280.4	-2189.2	844.0	-26.4	
85.50	189.3	24.9	3.9	0.3	-55.4	89.8	47.5	99.5	281.2	-2305.0	1005.7	-27.2	
85.55	189.4	24.9	3.0	0.3	-56.2	89.8	49.3	95.7	283.7	-2342.2	1091.3	-34.9	
85.60	189.6	25.1	0.3	0.2	-55.5	89.8	46.8	92.1	281.4	-2261.7	1164.1	-46.4	
85.65	189.7	24.8	-0.4	0.1	-55.3	89.8	49.3	91.0	275.9	-2148.7	1351.8	-50.5	
85.70	189.8	25.2	2.6	0.1	-56.9	89.8	58.8	91.3	275.8	-2110.9	1585.0	-43.4	
85.75	189.9	25.8	5.9	0.1	-59.2	89.8	65.7	96.2	280.4	-2204.2	1705.3	-35.4	
85.80	190.0	25.5	8.2	0.1	-60.9	89.8	64.3	103.7	281.0	-2356.9	1685.5	-30.0	
85.85	190.1	25.2	9.1	0.0	-61.4	89.9	58.9	108.5	279.0	-2468.2	1588.7	-28.3	
85.90	190.2	25.0	9.2	0.0	-60.0	89.9	55.5	106.4	279.2	-2438.8	1461.2	-27.0	
85.95	190.3	25.5	8.6	0.0	-57.5	89.9	51.4	103.3	281.3	-2342.5	1262.2	-26.9	
86.00	190.4	26.0	8.0	0.0	-55.3	89.9	45.7	100.8	281.1	-2294.5	1023.8	-27.2	
86.05	190.5	26.2	7.7	0.0	-53.2	89.9	38.9	95.4	278.9	-2246.5	776.0	-26.3	
86.10	190.6	25.7	8.2	0.0	-51.6	89.9	32.5	91.6	278.4	-2206.2	533.9	-23.0	
86.15	190.7	25.7	10.8	0.0	-51.8	89.9	30.1	95.7	279.7	-2244.3	358.4	-14.5	
86.20	190.8	25.6	15.7	0.0	-54.0	89.9	31.2	103.5	281.3	-2407.6	245.6	0.2	
86.25	190.9	25.4	20.4	0.0	-57.4	89.9	32.4	108.4	284.5	-2655.6	139.0	12.9	
86.30	191.0	26.5	22.9	0.0	-60.1	89.9	31.4	110.8	286.3	-2853.5	45.5	18.7	
86.35	191.1	27.4	23.5	0.0	-61.6	89.9	28.2	114.6	284.4	-2962.7	-25.5	19.1	
86.40	191.2	27.9	24.0	0.0	-62.8	89.9	27.7	119.3	281.2	-3039.6	-31.4	19.7	
86.45	191.3	27.8	24.5	0.0	-63.6	89.9	29.2	120.0	280.9	-3101.3	-33.4	20.5	
86.50	191.4	27.7	22.7	0.0	-63.6	89.9	26.0	117.3	281.7	-3107.4	-104.3	14.4	
86.55	191.5	27.5	20.8	0.0	-63.8	89.9	21.4	117.1	279.2	-3127.0	-134.3	7.7	
86.60	191.6	27.7	20.4	0.0	-64.9	89.9	22.8	119.4	277.0	-3206.0	-23.4	5.0	
86.65	191.7	27.7	20.2	0.0	-65.5	89.9	27.9	120.6	280.1	-3239.8	148.9	3.9	
86.70	191.8	27.3	19.1	0.0	-65.1	89.9	36.1	120.4	281.9	-3184.0	410.8	0.5	
86.75	191.9	26.8	18.6	0.0	-65.2	89.9	45.1	119.0	279.0	-3126.4	741.3	-1.3	
86.80	192.0	26.5	18.2	0.0	-66.3	89.9	52.2	114.9	276.2	-3141.9	1019.1	-4.0	
86.85	192.1	26.3	15.8	0.0	-66.9	89.9	54.6	113.5	277.9	-3143.4	1151.8	-12.8	
86.90	192.1	25.6	13.3	0.0	-66.9	89.9	52.1	115.7	278.9	-3129.8	1176.2	-21.1	
86.95	192.2	25.6	13.8	0.0	-68.3	89.9	50.1	120.7	277.0	-3228.2	1191.4	-21.0	
87.00	192.3	25.8	15.1	0.0	-70.5	89.9	46.9	125.1	277.3	-3413.5	1138.5	-18.6	
87.05	192.4	25.8	14.1	0.0	-71.5	89.9	43.8	127.3	281.2	-3511.1	1064.2	-23.0	
87.10	192.5	26.0	13.3	0.0	-71.6	89.9	44.1	127.0	283.6	-3507.4	1089.4	-26.1	
87.15	192.6	26.1	14.1	0.0	-71.7	89.9	50.0	124.1	281.0	-3466.5	1252.7	-23.2	
87.20	192.6	25.7	16.5	0.0	-71.9	89.9	56.4	122.0	278.4	-3418.9	1403.8	-15.1	
87.25	192.7	25.6	17.1	0.0	-71.5	89.9	58.9	119.5	280.3	-3393.3	1400.2	-12.8	
87.30	192.8	25.7	17.2	0.0	-70.9	89.9	58.1	117.2	284.4	-3398.2	1275.9	-11.9	
87.35	192.9	25.8	17.1	0.0	-69.9	89.9	53.2	117.1	284.7	-3391.6	1086.5	-11.1	
87.40	193.0	25.5	16.5	0.0	-68.3	89.9	43.7	118.0	282.8	-3343.6	833.9	-11.5	
87.45	193.0	25.3	15.2	0.0	-66.7	89.9	38.1	117.7	282.3	-3268.4	651.2	-14.6	
87.50	193.1	25.0	13.9	0.0	-64.6	89.9	36.6	113.1	282.7	-3141.9	533.8	-17.0	
87.55	193.1	25.2	14.5	0.0	-62.6	89.9	34.5	108.4	280.9	-3023.2	453.6	-12.9	
87.60	193.2	25.7	15.4	0.0	-63.1	89.9	36.1	110.7	275.9	-3052.9	478.5	-10.4	
87.65	193.3	26.5	17.6	0.0	-64.7	89.9	39.0	117.2	274.6	-3151.8	505.0	-4.5	
87.70	193.3	26.3	19.8	0.0	-65.9	89.9	38.8	120.9	278.4	-3237.9	406.2	2.2	
87.75	193.4	26.0	22.1	0.0	-66.9	89.9	38.7	121.1	279.5	-3325.5	288.2	9.0	
87.80	193.4	25.6	23.3	0.0	-67.8	89.9	37.3	121.6	277.4	-3403.9	187.9	12.1	
87.85	193.5	25.0	22.5	0.0	-67.6	89.9	34.1	119.3	278.4	-3404.6	74.4	9.6	
87.90	193.5	24.9	22.2	0.0	-67.2	89.9	32.6	120.2	278.3	-3375.8	30.3	9.1	
87.95	193.6	25.2	24.0	0.0	-67.8	89.9	34.1	125.3	274.1	-3404.6	87.4	14.5	
88.00	193.7	25.6	25.8	0.0	-69.4	89.9	35.6	130.9	271.8	-3510.9	141.0	19.3	
88.05	193.7	26.1	26.0	0.0	-70.8	89.9	32.9	132.9	275.2	-3609.5	83.4	18.4	
88.10	193.8	26.5	24.1	0.0	-71.4	89.9	29.0	133.7	278.0	-3654.5	13.3	11.2	
88.15	193.8	26.6	23.7	0.0	-72.0	89.9	28.4	134.2	275.7	-3702.0	56.4	9.4	
88.20	193.9	26.9	23.8	0.0	-73.0	89.9	32.1	134.8	275.3	-3766.3	176.3	8.6	
88.25	194.0	27.3	22.9	0.0	-73.2	89.9	35.5	132.9	280.1	-3777.5	262.7	5.3	
88.30	194.0	27.2	22.4	0.0	-73.5	89.9	39.8	130.9	281.8	-3785.0	416.7	3.5	
88.35	194.1	27.4	22.3	0.0	-74.9	89.9	45.3	133.2	277.8	-3848.5	673.9	1.8	
88.40	194.2	27.7	22.0	0.0	-76.4	89.9	49.0	135.9	275.1	-3915.8	887.4	-0.9	
88.45	194.2	28.1	21.5	0.0	-77.5	89.9	50.1	137.7	277.4	-3973.1	974.6	-3.7	
88.50	194.3	28.3	20.9	0.0	-78.1	89.9	50.5	137.8	279.9	-4003.3	1015.3	-6.4	
88.55	194.4	28.6	19.8	0.0	-78.8	89.9	52.5	137.4	278.0	-4029.5	1127.3	-10.7	
88.60	194.4	29.1	17.4	0.0	-78.9	89.9	52.3	136.5	276.8	-4024.3	1197.8	-19.3	
88.65	194.5	29.5	15.9	0.0	-78.3	89.9	52.2	133.2	276.8	-3973.5	1236.8	-23.8	
88.70	194.6	29.5	15.7	0.0	-78.5	89.9	56.9	132.0	275.8	-3949.3	1358.5	-24.6	
88.75	194.6	29.1	16.2	0.0	-79.0	89.9	62.8	132.0	274.6	-3932.1	1482.8	-23.3	
88.80	194.7	29.1	16.4	0.0	-78.0	89.9	63.5	129.9	274.1	-3858.8	1478.2	-21.5	
88.85	194.7	29.1	16.4	0.0	-76.2	89.9	60.0	129.6	273.1	-3763.1	1364.9	-19.9	
88.90	194.7	29.2	16.9	0.0	-74.9	89.9	56.1	132.1	271.9	-3711.5	1220.3	-16.9	
88.95	194.8	28.7	17.9	0.0	-74.4	89.9	51.7	135.1	272.2	-3726.9	1029.0	-13.1	
89.00	194.8	28.3	19.5	0.0	-74.0	89.9	46.4	134.6	273.0	-3757.3	785.2	-7.0	
89.05	194.9	28.0	21.6	0.0	-73.9	89.9	41.7	135.0	271.6	-3791.7	573.6	0.1	
89.10	194.9	28.1	23.8	0.0	-74.5	89.9	39.1	138.7	270.5	-3850.7	443.2	7.0	
89.15	195.0	28.1	25.2	0.0	-74.8	89.9	38.7	140.1	271.0	-3874.9	350.6	11.9	
89.20	195.0	28.0	27.2	0.0	-74.4	89.9	39.0	140.1	272.7	-3850.7	252.2	19.0	
89.25	195.1	27.8	28.9	0.0	-74.3	89.9	37.9	143.6	273.9	-3837.4	157.7	25.0	
89.30	195.1	27.7	29.4	0.0	-74.1	89.9	34.5	145.1	274.5	-3824.3	57.9	26.7	
89.35	195.2	27.5	29.7	0.0	-74.0	89.9	29.5	144.9	274.8	-3822.8	-67.9	27.8	
89.40	195.2	27.3	30.7	0.0	-74.5	89.9	26.5	148.0	274.0	-3846.9	-144.2	31.1	
89.45	195.3	27.3	31.1	0.0	-74.9	89.9	26.0	150.7	273.0	-3874.2	-131.1	31.7	
89.50	195.3	27.5	28.8	0.0	-74.6	89.9	25.9	149.5	273.1	-3855.3	-73.1	24.3	
89.55	195.4	27.9	25.9	0.0	-73.2	89.9	26.6	144.7	271.7	-3763.2	26.9	15.9	
89.60	195.5	28.5	24.4	0.0	-72.2	89.9	31.5	139.4	270.4	-3694.8	207.6	11.5	
89.65	195.5	28.8	22.9	0.0	-72.8	89.9	39.4	138.3	272.6	-3718.7	454.2	5.8	
89.70	195.6	28.8	22.4	0.0	-74.9	89.9	45.5	143.7	275.4	-3821.4	678.7	2.0	
89.75	195.6	28.6	23.2	0.0	-77.4	89.9	46.8	151.7	274.1	-3959.8	837.5	2.2	
89.80	195.7	28.3	23.2	0.0	-80.1	89.9	47.1	157.7	270.8	-4122.5	976.4	-0.4	
89.85	195.8	28.0	23.5	0.0	-82.7	89.9	48.5	160.9	270.2	-4290.3	1082.0	-2.2	
89.90	195.8	27.6	23.0	0.0	-83.9	89.9	48.8	162.5	270.3	-4370.8	1117.9	-4.8	
89.95	195.9	27.6	21.2	0.0	-84.0	89.9	45.0	165.3	268.5	-4382.1	1075.8	-11.0	
90.00	195.9	27.9	20.9	0.0	-83.9	89.9	43.4	164.1	266.5	-4384.3	1059.3	-12.0	
90.05	196.0	28.7	22.1	0.0	-83.7	89.9	45.9	159.1	267.6	-4383.4	1069.3	-7.8	
90.10	196.1	28.9	23.4	0.0	-83.1	89.9	47.4	156.6	271.6	-4350.9	1021.9	-2.6	
90.15	196.1	28.7	25.0	0.0	-82.3	89.9	50.2	158.0	272.6	-4279.8	1018.7	3.4	
90.20	196.2	28.2	26.4	0.0	-81.6	89.9	54.4	157.8	270.8	-4204.8	1082.7	9.2	
90.25	196.2	28.1	26.6	0.0	-79.8	89.9	53.5	154.2	270.2	-4089.4	1037.6	11.6	
90.30	196.3	27.9	25.3	0.0	-77.1	89.9	44.5	152.4	270.6	-3950.1	789.6	9.8	
90.35	196.4	27.1	25.6	0.0	-75.7	89.9	37.9	153.5	270.1	-3887.1	556.7	12.0	
90.40	196.4	27.5	25.6	0.0	-75.4	89.9	35.1	152.3	271.0	-3883.6	396.1	12.4	
90.45	196.5	28.0	24.0	0.0	-74.3	89.9	27.6	149.6	273.3	-3828.8	188.3	7.9	
90.50	196.6	28.1	22.9	0.0	-73.2	89.9	20.1	149.8	271.5	-3752.5	50.2	5.4	
90.55	196.6	27.2	25.0	0.0	-73.0	89.9	26.1	149.7	269.6	-3730.7	166.6	12.7	
90.60	196.7	26.5	27.9	0.0	-73.7	89.9	39.1	147.1	274.1	-3768.6	383.2	22.0	
90.65	196.8	25.9	28.7	0.0	-74.0	89.9	45.5	148.0	276.7	-3762.4	534.4	24.6	
90.70	196.9	25.8	27.8	0.0	-73.3	89.9	45.1	148.0	273.0	-3695.0	626.0	22.2	
90.75	197.0	25.7	26.2	0.0	-72.7	89.9	44.7	145.7	269.8	-3649.2	692.5	17.1	
90.80	197.0	25.9	24.0	0.0	-71.9	89.9	46.0	143.4	272.2	-3584.1	713.5	10.5	
90.85	197.1	26.0	21.0	0.0	-70.8	89.9	41.2	145.0	276.7	-3516.0	596.3	1.4	
90.90	197.2	26.2	19.0	0.0	-69.8	89.9	34.3	143.4	273.4	-3468.3	520.9	-4.6	
90.95	197.3	26.5	17.4	0.0	-69.6	89.9	32.9	140.1	267.2	-3450.2	608.5	-9.9	
91.00	197.4	26.9	15.3	0.0	-69.2	89.9	34.2	138.6	267.6	-3407.9	701.5	-16.6	
91.05	197.4	27.1	15.4	0.0	-68.9	89.9	37.7	138.1	271.0	-3363.2	770.7	-15.9	
91.10	197.5	27.0	18.6	0.0	-70.1	89.9	45.6	137.4	269.5	-3419.0	912.9	-6.1	
91.15	197.6	26.6	20.5	0.0	-71.9	89.9	50.1	136.6	268.5	-3537.5	986.3	-1.6	
91.20	197.7	26.7	20.3	0.0	-73.1	89.9	46.1	142.0	272.4	-3646.2	874.0	-3.3	
91.25	197.7	26.8	21.3	0.0	-74.6	89.9	43.3	148.1	274.5	-3770.3	752.5	-1.5	
91.30	197.8	26.8	24.5	0.0	-76.6	89.9	45.1	150.0	271.8	-3930.5	713.1	7.6	
91.35	197.9	27.1	24.8	0.0	-78.0	89.9	40.2	152.6	272.1	-4059.6	564.2	7.2	
91.40	198.0	27.1	23.0	0.0	-78.1	89.9	29.9	154.6	274.1	-4090.5	348.6	0.9	
91.45	198.0	26.6	23.2	0.0	-77.8	89.9	27.1	153.6	271.5	-4079.6	307.6	1.8	
91.50	198.1	26.8	26.3	0.0	-78.4	89.9	32.8	153.9	267.7	-4108.5	416.5	11.8	
91.55	198.2	26.9	26.1	0.0	-78.8	89.9	35.0	154.2	271.1	-4134.1	420.1	10.7	
91.60	198.3	26.8	24.3	0.0	-78.2	89.9	32.0	150.2	276.5	-4106.6	324.5	5.1	
91.65	198.4	28.1	25.3	0.0	-77.0	89.9	34.7	143.1	274.1	-4028.8	389.1	9.9	
91.70	198.4	28.5	27.6	0.0	-76.7	89.9	42.6	140.8	270.1	-3990.6	577.1	18.0	
91.75	198.5	28.2	25.5	0.0	-76.3	89.9	47.9	142.0	274.2	-3928.1	683.7	11.2	
91.80	198.6	27.8	21.9	0.0	-74.8	89.9	47.3	140.1	278.2	-3818.0	697.1	0.2	
91.85	198.7	28.1	21.4	0.0	-74.1	89.9	46.4	134.3	272.1	-3764.0	786.8	-0.7	
91.90	198.8	28.6	20.1	0.0	-73.0	89.9	45.4	129.4	265.5	-3678.2	883.9	-4.0	
91.95	198.8	28.7	17.5	0.0	-72.0	89.9	44.0	131.6	269.6	-3594.8	889.2	-11.9	
92.00	198.9	28.5	18.0	0.0	-73.3	89.9	46.8	135.1	274.6	-3664.5	938.8	-11.5	
92.05	199.0	28.3	20.1	0.0	-75.3	89.9	50.7	135.3	271.0	-3782.1	1071.3	-6.2	
92.10	199.1	28.7	19.7	0.0	-76.5	89.9	48.5	136.7	268.7	-3866.4	1114.5	-8.8	
92.15	199.2	28.9	18.4	0.0	-76.8	89.9	49.9	139.3	272.6	-3864.1	1154.1	-13.4	
92.20	199.2	29.1	20.0	0.0	-76.1	89.9	57.9	138.4	276.3	-3766.6	1273.9	-7.6	
92.25	199.3	29.1	21.4	0.0	-74.7	89.9	65.1	134.5	273.7	-3606.2	1412.9	-1.2	
92.30	199.4	29.4	19.8	0.0	-71.8	89.9	61.9	126.8	271.8	-3412.2	1374.0	-3.9	
92.35	199.5	29.6	16.5	0.0	-69.0	89.9	52.8	120.6	272.4	-3280.4	1187.5	-12.2	
92.40	199.6	29.3	17.1	0.0	-67.6	89.9	48.2	119.4	270.9	-3229.8	1045.7	-9.0	
92.45	199.6	29.5	20.1	0.0	-68.1	89.9	48.9	127.2	270.4	-3266.9	978.7	0.9	
92.50	199.7	29.7	20.6	0.0	-67.2	89.9	46.4	130.1	272.9	-3222.7	861.6	3.4	
92.55	199.8	29.6	17.4	0.0	-63.5	89.9	40.6	118.2	273.9	-3006.0	721.6	-3.7	
92.60	199.9	29.5	15.9	0.0	-59.6	89.9	39.3	104.4	269.6	-2750.6	701.7	-5.0	
92.65	200.0	29.5	16.0	0.0	-58.0	89.9	44.4	101.7	266.7	-2608.7	783.6	-3.2	
92.70	200.1	29.7	16.9	0.0	-57.8	89.9	50.5	103.3	270.9	-2567.9	818.7	0.1	
92.75	200.2	29.5	18.8	0.0	-58.9	89.9	49.8	108.8	273.6	-2659.6	747.0	5.8	
92.80	200.3	29.1	20.7	0.0	-60.3	89.9	44.2	113.0	267.9	-2793.8	649.0	10.8	
92.85	200.4	28.5	21.7	0.0	-61.5	89.9	39.1	116.0	264.4	-2904.1	544.3	13.0	
92.90	200.4	28.6	21.6	0.0	-60.9	89.9	39.0	117.0	269.6	-2868.3	465.2	13.1	
92.95	200.5	28.5	21.2	0.0	-59.3	89.9	42.1	115.2	273.1	-2745.8	475.7	13.3	
93.00	200.6	28.2	20.2	0.0	-58.2	89.9	43.6	112.7	267.3	-2647.3	569.6	11.3	
93.05	200.7	28.7	19.4	0.0	-57.7	89.9	43.7	111.9	262.5	-2591.8	661.2	9.1	
93.10	200.7	29.2	18.4	0.0	-57.1	89.9	43.7	113.4	267.1	-2540.2	665.2	5.9	
93.15	200.8	29.6	19.3	0.0	-57.8	89.9	47.3	117.6	271.4	-2563.5	698.7	8.6	
93.20	200.9	29.0	22.3	0.0	-59.3	89.9	52.9	123.6	267.3	-2635.1	808.9	17.4	
93.25	201.0	28.3	22.5	0.0	-59.8	89.9	49.3	126.1	265.1	-2684.8	748.5	17.6	
93.30	201.0	27.6	19.6	0.0	-59.8	89.9	41.4	124.9	269.5	-2739.3	574.7	7.6	
93.35	201.1	27.9	20.0	0.0	-61.2	89.9	40.5	126.2	271.1	-2846.8	556.5	7.4	
93.40	201.2	28.3	23.0	0.0	-64.0	89.9	46.5	134.9	265.8	-3000.2	721.2	15.1	
93.45	201.3	28.6	23.9	0.0	-65.6	89.9	49.5	141.3	264.9	-3083.1	820.9	16.3	
93.50	201.4	28.5	21.9	0.0	-65.2	89.9	50.2	135.8	269.3	-3055.3	834.9	10.0	
93.55	201.5	28.9	21.1	0.0	-65.1	89.9	51.9	128.2	268.4	-3049.3	900.7	7.3	
93.60	201.6	28.8	21.7	0.0	-66.5	89.9	52.6	130.6	263.6	-3125.7	998.1	7.9	
93.65	201.6	27.4	21.8	0.0	-68.7	89.9	53.5	140.2	265.9	-3250.6	1061.8	6.2	
93.70	201.7	26.6	22.3	0.0	-70.8	89.9	56.2	145.5	270.5	-3378.6	1119.0	5.9	
93.75	201.8	26.4	23.3	0.0	-72.7	89.9	56.2	147.5	267.8	-3502.0	1185.0	7.3	
93.80	201.9	26.7	21.9	0.0	-72.9	89.9	53.1	145.5	260.8	-3511.7	1242.4	2.3	
93.85	202.0	25.7	18.1	0.0	-71.4	89.9	53.3	139.1	260.2	-3388.9	1299.2	-9.3	
93.90	202.1	24.9	16.1	0.0	-70.6	89.9	58.8	133.6	262.5	-3289.8	1408.8	-15.2	
93.95	202.2	24.2	17.0	0.0	-70.8	89.9	62.8	133.0	259.8	-3258.0	1508.7	-12.5	
94.00	202.3	24.8	17.5	0.0	-71.2	89.9	60.6	135.5	257.7	-3304.3	1488.3	-11.3	
94.05	202.4	25.4	18.2	0.0	-72.9	89.9	58.8	139.3	261.6	-3452.3	1427.2	-10.3	
94.10	202.5	26.2	21.4	0.0	-74.8	89.9	63.8	143.4	264.8	-3570.7	1477.0	-1.5	
94.15	202.6	26.3	23.9	0.0	-76.1	89.9	67.7	151.9	262.9	-3616.2	1553.6	6.1	
94.20	202.7	26.3	23.5	0.0	-75.5	89.9	64.4	154.8	259.6	-3590.7	1494.0	5.2	
94.25	202.8	26.3	22.0	0.0	-73.9	89.9	58.1	149.0	259.6	-3558.0	1310.6	1.6	
94.30	202.9	26.8	21.8	0.0	-72.9	89.9	52.9	144.2	259.7	-3562.2	1111.5	2.1	
94.35	203.0	26.9	23.5	0.0	-73.4	89.9	46.5	150.1	258.6	-3655.1	892.2	7.2	
94.40	203.1	26.7	25.5	0.0	-73.9	89.9	39.2	156.7	259.3	-3729.0	642.4	13.5	
94.45	203.2	26.2	27.7	0.0	-73.7	89.9	35.3	159.3	262.3	-3739.7	436.3	21.5	
94.50	203.3	26.3	29.6	0.0	-72.5	89.9	34.8	155.8	262.4	-3664.1	333.4	29.2	
94.55	203.4	26.6	30.4	0.0	-70.7	89.9	36.6	152.7	260.3	-3539.9	324.0	33.7	
94.60	203.5	26.8	31.0	0.0	-69.3	89.9	39.9	153.5	260.2	-3425.3	348.7	37.0	
94.65	203.6	27.1	32.6	0.0	-69.3	89.9	42.7	155.2	260.0	-3416.5	359.8	42.5	
94.70	203.7	27.3	33.5	0.0	-70.7	89.9	39.2	158.3	257.4	-3525.0	286.4	44.4	
94.75	203.8	27.3	33.0	0.0	-72.7	89.9	32.3	162.1	256.1	-3680.1	140.3	40.5	
94.80	203.9	27.6	31.3	0.0	-73.0	89.9	29.0	160.7	257.9	-3712.7	46.5	34.4	
94.85	204.1	27.7	28.8	0.0	-71.4	89.9	27.6	155.9	259.1	-3605.8	53.3	27.5	
94.90	204.2	27.6	26.3	0.0	-69.3	89.9	28.9	151.8	255.5	-3454.4	192.4	21.0	
94.95	204.3	27.4	25.6	0.0	-68.9	89.9	32.9	149.3	252.2	-3412.7	391.0	18.8	
95.00	204.5	27.0	26.1	0.0	-70.6	89.9	42.9	149.4	254.0	-3499.0	661.0	18.9	
95.05	204.6	26.5	27.6	0.0	-73.9	89.9	53.2	156.8	257.2	-3656.2	951.8	20.8	
95.10	204.7	26.4	27.7	0.0	-75.8	89.9	57.8	164.2	255.4	-3704.3	1193.6	19.4	
95.15	204.8	26.4	25.4	0.0	-75.4	89.9	57.6	164.4	253.0	-3631.8	1330.1	11.9	
95.20	205.0	26.4	21.6	0.0	-73.9	89.9	57.2	156.2	255.4	-3518.4	1362.7	0.3	
95.25	205.1	27.0	18.4	0.0	-72.5	89.9	57.3	150.9	258.2	-3417.7	1369.7	-9.3	
95.30	205.2	26.7	17.5	0.0	-71.5	89.9	57.4	151.4	256.9	-3315.3	1423.5	-11.4	
95.35	205.4	26.3	16.2	0.0	-70.7	89.9	56.1	150.4	254.4	-3223.8	1480.1	-15.0	
95.40	205.5	26.4	16.2	0.0	-70.6	89.9	54.5	150.2	253.0	-3207.2	1515.0	-15.2	
95.45	205.6	26.9	18.0	0.0	-70.9	89.9	53.4	151.1	252.6	-3237.8	1495.3	-9.2	
95.50	205.8	27.3	20.7	0.0	-71.3	89.9	56.0	153.0	254.5	-3274.4	1468.3	-0.2	
95.55	205.9	27.4	22.8	0.0	-69.9	89.9	61.7	148.6	257.3	-3160.6	1463.0	8.3	
95.60	206.1	27.7	22.1	0.0	-66.7	89.9	60.6	140.8	258.8	-2968.0	1366.0	9.0	
95.65	206.2	27.6	20.0	0.0	-64.3	89.9	53.2	137.5	256.0	-2862.8	1189.2	4.3	
95.70	206.3	27.1	22.4	0.0	-65.1	89.9	46.7	140.0	253.9	-3004.2	985.9	11.7	
95.75	206.5	27.1	27.2	0.0	-68.8	89.9	47.3	145.5	256.0	-3315.8	853.0	24.6	
95.80	206.6	27.2	30.0	0.0	-71.9	89.9	44.7	153.2	258.1	-3572.8	703.7	31.2	
95.85	206.8	27.5	30.4	0.0	-72.7	89.9	33.2	156.8	254.0	-3667.2	487.5	31.6	
95.90	206.9	27.7	29.6	0.0	-72.6	89.9	27.6	154.8	247.5	-3689.6	378.2	29.1	
95.95	207.1	28.0	29.9	0.0	-72.7	89.9	30.7	150.2	249.3	-3709.4	337.2	30.1	
96.00	207.3	28.4	30.5	0.0	-74.0	89.9	32.8	152.1	257.1	-3802.7	244.6	30.6	
96.05	207.4	28.0	31.5	0.0	-75.6	89.9	32.3	158.5	256.2	-3913.0	223.1	32.5	
96.10	207.6	27.9	33.7	0.0	-76.5	89.9	32.4	160.1	248.9	-3973.6	290.7	39.2	
96.15	207.7	28.1	34.2	0.0	-76.9	89.9	34.8	155.7	248.7	-4011.4	339.2	40.6	
96.20	207.9	28.3	33.7	0.0	-77.7	89.9	37.4	156.1	253.1	-4070.0	349.7	38.1	
96.25	208.1	28.4	32.4	0.0	-78.5	89.9	39.9	160.9	251.7	-4108.6	407.6	32.8	
96.30	208.2	28.4	30.4	0.0	-77.2	89.9	39.1	155.1	248.8	-4026.5	447.3	27.0	
96.35	208.4	28.9	26.5	0.0	-75.5	89.9	33.1	147.6	250.0	-3926.4	396.9	15.5	
96.40	208.5	28.8	25.3	0.0	-76.0	89.9	29.7	148.8	250.2	-3961.7	382.7	11.0	
96.45	208.7	28.3	28.4	0.0	-79.5	89.9	33.9	157.5	251.7	-4194.6	468.2	18.0	
96.50	208.8	27.3	31.8	0.0	-83.2	89.9	41.6	163.5	256.6	-4433.0	606.9	25.8	
96.55	209.0	27.2	32.0	0.0	-84.4	89.9	42.2	165.4	257.5	-4503.5	699.8	25.3	
96.60	209.1	27.1	32.0	0.0	-85.2	89.9	40.8	170.1	251.6	-4533.1	813.1	24.8	
96.65	209.3	27.0	33.0	0.0	-86.8	89.9	46.3	174.0	249.9	-4611.5	976.7	26.5	
96.70	209.4	27.5	32.8	0.0	-86.9	89.9	52.9	170.8	257.2	-4608.3	1037.8	25.8	
96.75	209.6	28.2	29.9	0.0	-84.7	89.9	52.7	164.1	260.7	-4459.1	1008.8	18.1	
96.80	209.7	29.2	26.9	0.0	-82.3	89.9	45.6	160.8	254.1	-4302.5	979.3	10.1	
96.85	209.9	29.2	26.1	0.0	-81.9	89.9	42.0	158.9	248.7	-4278.7	985.6	7.6	
96.90	210.0	29.0	27.6	0.0	-84.4	89.9	47.4	164.3	253.4	-4443.2	1030.2	10.3	
96.95	210.2	28.6	28.8	0.0	-86.4	89.9	54.5	170.3	256.5	-4541.4	1132.4	12.6	
97.00	210.3	28.0	27.5	0.0	-85.3	89.9	53.0	171.6	252.1	-4442.4	1187.7	9.3	
97.05	210.5	28.1	25.6	0.0	-82.3	89.9	50.5	163.2	245.7	-4227.1	1227.8	5.6	
97.10	210.6	28.6	25.3	0.0	-80.2	89.9	53.3	157.0	245.2	-4072.4	1264.2	6.5	
97.15	210.7	28.9	25.1	0.0	-79.7	89.9	57.9	158.6	250.7	-4017.8	1247.5	6.6	
97.20	210.9	29.0	25.9	0.0	-79.9	89.9	57.3	163.2	254.1	-4049.7	1160.7	9.1	
97.25	211.0	28.9	26.6	0.0	-79.2	89.9	50.9	160.6	249.1	-4041.5	1040.2	12.0	
97.30	211.2	28.7	27.9	0.0	-78.5	89.9	45.6	157.8	243.5	-4029.6	926.8	17.4	
97.35	211.3	29.0	27.9	0.0	-78.3	89.9	46.3	160.8	244.8	-4020.8	852.8	17.4	
97.40	211.5	29.3	27.8	0.0	-77.3	89.9	48.9	155.8	250.4	-3972.5	771.2	18.0	
97.45	211.6	28.8	28.3	0.0	-75.9	89.9	47.7	147.7	250.8	-3906.8	676.6	21.3	
97.50	211.7	28.2	28.3	0.0	-75.7	89.9	40.8	149.2	244.8	-3910.0	569.3	21.4	
97.55	211.9	27.8	30.0	0.0	-77.7	89.9	39.1	159.9	244.4	-4043.1	521.2	25.4	
97.60	212.0	27.7	32.2	0.0	-80.2	89.9	44.3	167.2	253.3	-4205.6	486.0	30.5	
97.65	212.2	27.4	34.3	0.0	-81.7	89.9	43.7	168.2	256.8	-4322.7	401.1	36.1	
97.70	212.3	27.1	34.4	0.0	-82.0	89.9	36.9	169.1	248.3	-4362.3	351.1	36.0	
97.75	212.4	27.1	31.9	0.0	-81.3	89.9	33.1	170.7	242.2	-4311.3	355.5	28.2	
97.80	212.5	26.9	31.4	0.0	-80.6	89.9	36.4	170.0	247.1	-4249.0	364.5	27.0	
97.85	212.6	26.8	31.2	0.0	-80.5	89.9	39.5	168.8	251.1	-4241.3	377.4	26.7	
97.90	212.8	26.9	31.4	0.0	-81.6	89.9	38.2	172.9	246.5	-4312.2	436.1	26.1	
97.95	212.9	26.8	30.8	0.0	-83.1	89.9	36.4	176.5	243.3	-4407.7	509.6	22.8	
98.00	213.0	26.9	30.4	0.0	-84.0	89.9	38.7	176.9	246.9	-4466.2	595.7	20.2	
98.05	213.1	27.3	30.5	0.0	-84.2	89.9	45.5	176.2	246.6	-4452.4	771.1	20.6	
98.10	213.2	27.2	30.2	0.0	-84.4	89.9	49.8	176.6	241.7	-4431.5	932.0	19.4	
98.15	213.3	27.1	27.7	0.0	-83.5	89.9	49.2	174.3	239.7	-4362.5	969.7	11.6	
98.20	213.4	27.0	25.4	0.0	-81.8	89.9	44.8	167.1	239.2	-4275.3	896.3	5.5	
98.25	213.6	26.1	25.8	0.0	-82.6	89.9	41.9	168.9	236.4	-4340.0	866.2	5.8	
98.30	213.7	25.5	27.3	0.0	-84.3	89.9	43.1	178.4	234.0	-4437.1	898.8	9.4	
98.35	213.8	25.1	28.0	0.0	-84.5	89.9	46.0	181.3	237.6	-4441.5	893.5	11.5	
98.40	213.9	25.2	28.5	0.0	-83.7	89.9	47.9	173.3	239.0	-4403.4	885.3	14.3	
98.45	214.0	25.5	29.9	0.0	-84.3	89.9	47.0	170.1	233.3	-4450.6	928.3	18.4	
98.50	214.1	25.8	32.1	0.0	-86.3	89.9	49.9	179.5	230.2	-4564.9	1014.2	23.9	
98.55	214.2	25.6	32.1	0.0	-86.7	89.9	55.9	183.7	236.2	-4566.4	1034.5	23.4	
98.60	214.3	25.4	32.0	0.0	-85.3	89.9	55.0	179.8	240.4	-4488.7	944.3	24.7	
98.65	214.4	25.2	30.0	0.0	-83.4	89.9	45.8	177.0	234.5	-4387.1	821.0	19.5	
98.70	214.5	25.5	29.1	0.0	-82.8	89.9	37.7	178.7	231.7	-4365.1	689.0	17.1	
98.75	214.6	25.8	28.9	0.0	-82.7	89.9	39.9	181.2	238.2	-4352.1	647.3	16.5	
98.80	214.7	26.1	30.5	0.0	-82.8	89.9	45.6	186.9	241.4	-4324.0	715.4	21.7	
98.85	214.8	26.6	32.1	0.0	-82.7	89.9	44.2	189.3	234.9	-4306.2	774.5	27.4	
98.90	214.9	26.5	33.1	0.0	-83.4	89.9	41.8	185.2	229.3	-4370.1	807.5	30.2	
98.95	215.0	26.7	33.1	0.0	-83.6	89.9	45.2	180.1	233.1	-4393.5	838.1	30.0	
99.00	215.1	27.5	33.2	0.0	-83.9	89.9	52.0	183.7	237.8	-4373.0	933.9	30.0	
99.05	215.1	27.8	32.8	0.0	-83.7	89.9	56.5	190.7	234.5	-4302.2	1089.9	28.7	
99.10	215.2	28.2	31.5	0.0	-83.2	89.9	55.7	190.5	229.4	-4248.4	1153.2	25.1	
99.15	215.3	28.9	29.4	0.0	-82.5	89.9	52.4	184.1	229.1	-4233.7	1095.1	18.3	
99.20	215.4	28.9	27.9	0.0	-83.0	89.9	49.4	185.7	229.9	-4277.2	1059.1	12.9	
99.25	215.5	29.1	29.1	0.0	-84.6	89.9	50.9	195.6	227.6	-4352.9	1151.1	15.3	
99.30	215.6	29.5	30.3	0.0	-84.9	89.9	52.5	198.0	222.9	-4349.6	1234.9	19.1	
99.35	215.7	30.2	29.4	0.0	-83.7	89.9	47.7	192.7	219.9	-4291.6	1163.3	17.1	
99.40	215.8	30.8	28.6	0.0	-83.1	89.9	42.1	189.3	220.7	-4299.2	1008.7	15.3	
99.45	215.9	31.2	30.6	0.0	-83.4	89.9	45.2	187.1	223.6	-4336.6	961.9	21.5	
99.50	216.0	31.5	32.7	0.0	-84.2	89.9	54.4	189.0	225.5	-4360.4	1060.5	28.1	
99.55	216.1	31.1	32.5	0.0	-83.0	89.9	52.3	191.0	226.0	-4279.0	1005.3	28.5	
99.60	216.2	30.3	32.0	0.0	-81.3	89.9	44.2	188.5	221.7	-4189.4	868.2	28.7	
99.65	216.3	29.3	33.9	0.0	-81.6	89.9	45.4	187.6	218.9	-4227.5	831.2	34.8	
99.70	216.5	28.8	35.3	0.0	-80.4	89.9	45.6	183.4	225.1	-4172.2	655.3	40.6	
99.75	216.6	28.5	33.3	0.0	-77.4	89.9	34.3	181.2	228.0	-3992.8	349.0	37.0	
99.80	216.7	28.0	32.0	0.0	-75.8	89.9	23.2	181.8	219.9	-3889.1	195.9	34.2	
99.85	216.8	27.5	32.7	0.0	-75.4	89.9	22.1	179.2	216.2	-3876.0	138.6	36.9	
99.90	216.9	27.1	33.1	0.0	-74.7	89.9	25.2	174.8	225.3	-3830.8	21.9	38.9	
99.95	217.0	27.2	34.2	0.0	-74.1	89.9	27.0	173.3	232.4	-3781.5	-28.1	43.3	
100.00	217.1	27.3	36.5	0.0	-73.8	89.9	31.8	170.6	225.3	-3766.8	173.8	51.5	
100.05	217.2	27.2	37.2	0.0	-73.2	89.9	37.0	167.0	217.9	-3710.9	403.6	54.4	
100.10	217.3	26.7	35.4	0.0	-71.7	89.9	39.1	168.8	222.5	-3581.7	450.2	49.9	
100.15	217.4	26.8	35.5	0.0	-71.6	89.9	42.2	173.6	228.7	-3551.3	472.2	50.5	
100.20	217.5	26.8	35.5	0.0	-72.7	89.9	44.2	173.8	224.7	-3621.5	576.7	49.4	
100.25	217.6	27.0	31.9	0.0	-72.7	89.9	38.3	171.5	217.8	-3632.4	602.7	36.9	
100.30	217.7	27.4	30.2	0.0	-72.6	89.9	29.3	177.8	219.6	-3627.8	527.3	31.0	
100.35	217.8	27.1	29.1	0.0	-73.3	89.9	33.1	183.9	220.5	-3630.1	690.8	26.6	
100.40	217.9	26.6	31.6	0.0	-74.7	89.9	49.0	182.4	217.6	-3646.7	1060.6	33.8	
100.45	218.1	26.6	29.8	0.0	-72.2	89.9	55.9	168.5	217.8	-3432.0	1215.3	30.1	
100.50	218.2	26.4	24.9	0.0	-68.0	89.9	51.5	155.7	218.8	-3139.1	1215.1	17.5	
100.55	218.3	26.2	24.3	0.0	-67.1	89.9	53.7	151.9	216.5	-3006.7	1368.2	16.3	
100.60	218.4	26.4	26.6	0.0	-68.1	89.9	63.7	152.6	215.5	-2985.4	1553.0	23.1	
100.65	218.5	26.1	27.7	0.0	-67.9	89.9	61.2	156.4	219.1	-3016.1	1435.1	27.4	
100.70	218.7	25.7	25.5	0.0	-67.0	89.9	49.7	159.0	220.7	-3050.6	1201.4	20.4	
100.75	218.8	25.1	22.8	0.0	-65.6	89.9	42.8	152.2	217.1	-3005.8	1103.6	12.6	
100.80	219.0	25.2	23.9	0.0	-63.9	89.9	41.2	145.1	213.9	-2899.3	1073.0	18.1	
100.85	219.1	25.3	25.0	0.0	-63.1	89.9	39.8	147.2	217.2	-2865.2	970.4	22.7	
100.90	219.2	25.3	27.6	0.0	-65.3	89.9	39.1	153.4	221.6	-3055.2	856.8	29.5	
100.95	219.4	26.0	30.7	0.0	-68.8	89.9	37.1	153.6	221.7	-3357.4	757.3	36.4	
101.00	219.5	26.2	33.8	0.0	-71.7	89.9	34.3	156.4	221.7	-3596.7	630.7	44.2	
101.05	219.7	25.8	36.6	0.0	-74.0	89.9	35.9	170.4	223.6	-3737.1	593.3	51.6	
101.10	219.8	26.0	37.8	0.0	-75.2	89.9	41.9	180.9	225.2	-3776.8	675.7	54.6	
101.15	219.9	26.0	38.0	0.0	-74.1	89.9	43.6	176.3	224.5	-3709.4	662.5	56.5	
101.20	220.0	25.9	36.8	0.0	-71.2	89.9	36.3	166.4	222.7	-3555.0	463.3	55.2	
101.25	220.2	26.5	34.2	0.0	-68.6	89.9	29.3	164.9	219.9	-3385.1	318.0	48.6	
101.30	220.3	26.4	32.7	0.0	-67.5	89.9	29.7	168.3	220.3	-3290.8	325.6	44.7	
101.35	220.4	26.1	31.3	0.0	-65.9	89.9	29.4	166.4	221.5	-3176.3	292.6	41.6	
101.40	220.6	26.4	30.1	0.0	-64.5	89.9	24.1	162.0	218.0	-3089.7	190.1	38.8	
101.45	220.7	26.2	29.8	0.0	-64.4	89.9	22.3	160.7	214.5	-3092.8	168.9	38.0	
101.50	220.9	25.9	29.9	0.0	-64.4	89.9	31.1	159.0	216.4	-3078.7	313.4	38.4	
101.55	221.0	26.0	30.2	0.0	-63.4	89.9	39.9	158.4	219.4	-2981.4	471.4	40.1	
101.60	221.2	26.1	30.7	0.0	-62.8	89.9	38.6	161.2	216.7	-2920.1	509.8	42.5	
101.65	221.3	26.3	31.7	0.0	-64.0	89.9	36.8	164.6	211.1	-3005.7	549.3	44.7	
101.70	221.4	26.7	32.9	0.0	-66.2	89.9	37.9	167.6	214.1	-3165.2	517.7	46.9	
101.75	221.6	26.9	34.6	0.0	-68.1	89.9	37.9	171.1	221.2	-3310.0	405.3	50.8	
101.80	221.7	27.0	34.8	0.0	-69.7	89.9	36.7	178.1	219.2	-3414.2	418.3	49.6	
101.85	221.9	27.3	34.0	0.0	-70.8	89.9	33.9	182.4	214.4	-3476.2	517.5	45.9	
101.90	222.0	27.1	31.9	0.0	-70.4	89.9	34.3	175.7	216.7	-3453.1	596.1	39.1	
101.95	222.2	27.0	30.4	0.0	-69.1	89.9	40.1	166.5	221.1	-3349.6	698.0	35.2	
102.00	222.3	27.2	30.1	0.0	-68.1	89.9	45.8	165.3	221.8	-3231.6	852.6	35.4	
102.05	222.5	27.8	29.4	0.0	-67.0	89.9	50.0	164.4	220.2	-3092.0	1042.1	34.0	
102.10	222.6	28.1	26.6	0.0	-64.7	89.9	49.5	157.1	221.1	-2900.0	1112.4	26.6	
102.15	222.8	27.9	23.7	0.0	-62.6	89.9	45.7	154.6	220.1	-2758.1	1087.3	18.6	
102.20	222.9	27.9	24.1	0.0	-63.4	89.9	47.2	161.6	216.9	-2771.2	1152.2	19.4	
102.25	223.0	27.7	25.5	0.0	-64.9	89.9	53.1	166.8	219.6	-2835.1	1232.4	22.7	
102.30	223.2	27.0	25.2	0.0	-64.2	89.9	54.5	163.8	223.8	-2784.8	1241.0	22.2	
102.35	223.3	26.5	24.5	0.0	-64.0	89.9	53.2	161.9	218.2	-2720.5	1352.6	20.0	
102.40	223.4	26.1	25.7	0.0	-65.8	89.9	56.5	166.3	211.3	-2760.7	1550.8	22.6	
102.45	223.6	25.9	27.5	0.0	-67.7	89.9	63.9	170.8	215.7	-2855.5	1625.2	26.7	
102.50	223.7	26.1	28.3	0.0	-67.8	89.9	64.8	171.0	222.0	-2924.6	1503.2	29.5	
102.55	223.8	25.7	29.3	0.0	-67.6	89.9	58.2	172.3	215.4	-2981.7	1378.9	32.8	
102.60	224.0	25.1	29.6	0.0	-67.7	89.9	50.1	176.2	207.0	-3046.7	1256.8	33.9	
102.65	224.1	25.7	29.2	0.0	-66.6	89.9	44.0	175.5	209.6	-3051.9	1008.5	33.6	
102.70	224.2	25.8	29.7	0.0	-65.0	89.9	41.0	173.9	213.0	-3007.0	755.0	37.1	
102.75	224.4	25.5	32.9	0.0	-64.9	89.9	40.2	177.5	208.9	-3014.3	633.3	48.0	
102.80	224.5	25.0	34.1	0.0	-63.1	89.9	39.5	174.7	205.0	-2901.4	557.5	54.0	
102.85	224.7	24.8	33.8	0.0	-60.9	89.9	36.9	167.9	208.1	-2779.1	390.2	55.3	
102.90	224.8	24.7	35.2	0.0	-60.9	89.9	37.0	168.9	208.2	-2793.8	290.6	60.0	
102.95	225.0	24.7	39.4	0.0	-63.3	89.9	35.9	175.9	205.2	-2960.5	210.7	72.2	
103.00	225.1	23.8	39.8	0.0	-64.5	89.9	30.8	176.6	207.0	-3061.9	1.3	72.2	
103.05	225.3	23.0	37.9	0.0	-64.3	89.9	22.1	173.5	209.7	-3047.4	-276.6	65.7	
103.10	225.4	23.1	37.5	0.0	-64.3	89.9	16.8	175.0	204.9	-3033.6	-373.3	64.4	
103.15	225.6	23.1	39.0	0.0	-65.2	89.9	17.7	180.5	201.3	-3095.4	-321.3	68.8	
103.20	225.7	23.2	39.5	0.0	-65.6	89.9	20.6	182.1	206.6	-3120.3	-313.9	70.1	
103.25	225.9	23.4	37.8	0.0	-64.3	89.9	20.7	178.7	209.1	-3025.2	-307.8	65.3	
103.30	226.0	23.6	38.6	0.0	-63.9	89.9	24.1	177.7	203.5	-3015.2	-116.0	68.6	
103.35	226.2	23.8	38.5	0.0	-63.7	89.9	33.4	175.2	200.9	-3006.1	187.7	68.6	
103.40	226.3	24.1	35.6	0.0	-62.3	89.9	39.5	171.7	205.6	-2881.8	376.7	59.9	
103.45	226.5	24.3	34.1	0.0	-61.0	89.9	42.3	168.5	204.8	-2759.9	534.9	56.0	
103.50	226.6	24.2	34.6	0.0	-62.0	89.9	47.7	167.0	196.4	-2785.9	792.5	56.9	
103.55	226.8	23.9	33.8	0.0	-64.1	89.9	51.8	169.4	194.8	-2879.7	985.0	52.0	
103.60	226.9	24.2	29.9	0.0	-64.4	89.9	49.8	174.7	200.3	-2876.4	1030.8	38.0	
103.65	227.0	24.7	28.9	0.0	-65.3	89.9	49.8	181.9	196.8	-2859.3	1194.7	34.0	
103.70	227.2	25.2	31.8	0.0	-67.8	89.9	56.0	186.0	187.6	-2932.5	1474.4	41.2	
103.75	227.3	25.2	31.7	0.0	-69.1	89.9	61.0	184.6	188.9	-2989.2	1579.2	39.9	
103.80	227.5	25.3	29.5	0.0	-69.2	89.9	61.0	185.6	196.1	-3015.3	1522.4	32.1	
103.85	227.6	25.6	31.1	0.0	-70.8	89.9	63.5	188.9	193.2	-3096.1	1617.8	35.8	
103.90	227.8	25.9	35.1	0.0	-73.4	89.9	67.7	188.7	185.0	-3231.7	1787.7	46.9	
103.95	227.9	25.7	35.4	0.0	-74.2	89.9	66.1	190.2	185.9	-3323.6	1736.1	47.1	
104.00	228.1	25.4	35.0	0.0	-74.1	89.9	61.3	196.2	191.5	-3402.1	1521.6	46.0	
104.05	228.2	25.3	36.6	0.0	-74.4	89.9	59.0	198.2	190.5	-3482.6	1376.9	51.1	
104.10	228.4	25.6	37.7	0.0	-74.1	89.9	56.4	195.8	186.2	-3510.3	1279.7	55.4	
104.15	228.5	25.9	35.4	0.0	-72.5	89.9	46.4	195.0	185.0	-3465.2	1046.0	49.0	
104.20	228.7	26.1	33.8	0.0	-71.6	89.9	36.6	197.7	185.4	-3469.5	762.8	44.3	
104.25	228.8	26.3	36.9	0.0	-72.9	89.9	38.3	200.0	184.3	-3582.7	650.1	54.0	
104.30	229.0	26.5	40.1	0.0	-74.2	89.9	42.2	201.1	183.7	-3693.8	592.2	63.4	
104.35	229.2	26.4	41.0	0.0	-74.5	89.9	37.7	203.9	185.9	-3726.5	420.3	66.4	
104.40	229.3	26.4	40.5	0.0	-74.1	89.9	31.8	204.0	185.0	-3712.3	300.5	64.9	
104.45	229.5	26.2	42.1	0.0	-74.1	89.9	34.5	200.8	181.1	-3724.5	334.5	70.3	
104.50	229.6	25.6	42.9	0.0	-73.7	89.9	38.7	197.6	180.8	-3699.7	307.8	73.5	
104.55	229.8	25.1	40.9	0.0	-71.8	89.9	33.2	195.2	184.6	-3578.0	105.4	68.7	
104.60	229.9	25.1	39.0	0.0	-70.6	89.9	26.5	192.8	181.3	-3499.7	20.2	63.1	
104.65	230.1	25.4	38.5	0.0	-70.3	89.9	24.3	189.3	172.0	-3489.8	80.6	62.0	
104.70	230.2	25.2	40.5	0.0	-71.9	89.9	21.2	191.9	171.3	-3605.7	18.7	67.1	
104.75	230.3	24.8	41.3	0.0	-74.2	89.9	22.7	202.2	176.6	-3747.6	-18.2	67.6	
104.80	230.5	24.6	43.2	0.0	-76.3	89.9	28.7	211.3	176.8	-3875.8	114.1	72.0	
104.85	230.6	24.8	44.2	0.0	-76.9	89.9	33.5	208.7	172.6	-3919.2	302.9	74.9	
104.90	230.7	25.8	42.0	0.0	-75.9	89.9	31.7	200.7	171.1	-3862.9	375.8	68.5	
104.95	230.9	26.6	40.9	0.0	-76.1	89.9	32.3	202.2	171.2	-3865.7	449.8	64.4	
105.00	231.0	26.2	42.5	0.0	-77.8	89.9	40.2	208.3	171.3	-3955.2	612.5	68.0	
105.05	231.2	25.7	44.8	0.0	-79.6	89.9	44.7	211.5	171.6	-4063.4	698.5	74.1	
105.10	231.3	25.2	43.0	0.0	-79.6	89.9	38.3	210.9	171.1	-4082.6	640.6	67.8	
105.15	231.4	24.7	40.0	0.0	-79.7	89.9	30.6	211.9	167.9	-4091.4	635.1	57.6	
105.20	231.6	24.3	38.8	0.0	-79.7	89.9	32.8	212.2	166.8	-4069.4	760.3	53.3	
105.25	231.7	23.8	38.0	0.0	-78.9	89.9	39.9	210.0	171.1	-3989.3	860.8	51.7	
105.30	231.9	23.3	37.6	0.0	-77.6	89.9	45.3	206.1	173.5	-3867.8	955.7	51.4	
105.35	232.0	22.7	36.9	0.0	-77.0	89.9	46.3	201.3	170.5	-3809.0	1079.9	49.5	
105.40	232.1	22.4	36.5	0.0	-77.8	89.9	47.2	199.3	167.5	-3835.0	1209.0	47.5	
105.45	232.3	22.5	36.6	0.0	-78.8	89.9	50.7	202.3	169.6	-3881.3	1282.6	46.8	
105.50	232.4	22.7	38.8	0.0	-80.7	89.9	54.7	211.2	172.7	-3985.3	1317.0	52.7	
105.55	232.5	22.9	39.7	0.0	-81.7	89.9	55.4	216.1	172.0	-4051.5	1315.2	54.7	
105.60	232.7	23.2	37.0	0.0	-79.8	89.9	49.3	209.9	171.1	-3964.9	1195.7	47.2	
105.65	232.8	23.2	34.6	0.0	-78.0	89.9	43.9	200.5	171.6	-3877.6	1107.2	40.7	
105.70	233.0	23.1	34.2	0.0	-77.4	89.9	44.7	199.3	169.5	-3821.4	1156.5	40.0	
105.75	233.1	22.9	35.3	0.0	-77.3	89.9	45.6	204.7	166.9	-3797.3	1166.5	44.0	
105.80	233.2	23.1	36.9	0.0	-77.3	89.9	45.5	203.9	168.3	-3829.9	1065.7	49.2	
105.85	233.4	23.6	37.6	0.0	-77.6	89.9	43.6	198.2	169.8	-3899.0	943.5	51.5	
105.90	233.5	24.1	37.4	0.0	-77.4	89.9	39.3	196.2	166.2	-3917.5	869.1	51.0	
105.95	233.6	24.1	37.3	0.0	-76.4	89.9	35.6	198.9	164.1	-3851.7	762.9	51.7	
106.00	233.8	24.3	38.2	0.0	-74.8	89.9	36.7	198.0	166.2	-3755.7	647.0	56.2	
106.05	233.9	24.6	39.7	0.0	-73.8	89.9	38.3	196.0	167.4	-3694.3	549.8	62.4	
106.10	234.0	25.0	39.0	0.0	-73.0	89.9	33.7	196.1	165.8	-3653.2	406.1	61.0	
106.15	234.1	25.2	38.1	0.0	-72.0	89.9	25.7	195.3	164.7	-3601.5	230.5	58.8	
106.20	234.2	25.3	39.6	0.0	-72.0	89.9	21.6	196.0	164.3	-3606.1	134.9	64.0	
106.25	234.4	25.3	41.9	0.0	-73.0	89.9	22.6	199.1	162.2	-3676.2	127.5	71.0	
106.30	234.5	25.8	43.4	0.0	-73.3	89.9	19.1	199.5	162.6	-3699.0	-9.6	75.7	
106.35	234.6	26.4	42.2	0.0	-72.8	89.9	14.6	195.1	166.3	-3668.2	-197.5	71.9	
106.40	234.7	27.1	41.6	0.0	-71.9	89.9	15.1	188.7	166.4	-3617.3	-204.5	71.0	
106.45	234.8	27.1	42.4	0.0	-71.2	89.9	17.6	189.4	162.7	-3571.6	-82.4	74.3	
106.50	234.9	27.1	43.0	0.0	-70.7	89.9	19.2	195.4	163.2	-3517.0	-34.8	76.8	
106.55	235.1	27.2	44.3	0.0	-70.9	89.9	24.2	197.5	167.9	-3515.4	-20.1	81.4	
106.60	235.2	27.5	45.9	0.0	-70.9	89.9	31.2	196.1	168.9	-3518.1	92.6	86.5	
106.65	235.3	27.5	44.8	0.0	-69.8	89.9	30.5	194.4	166.5	-3436.3	178.6	84.0	
106.70	235.4	27.5	42.7	0.0	-67.8	89.9	29.7	193.6	165.5	-3282.8	272.7	78.9	
106.75	235.5	27.7	38.6	0.0	-65.8	89.9	32.9	190.3	166.7	-3127.1	391.5	66.7	
106.80	235.6	27.7	37.5	0.0	-65.4	89.9	36.6	186.2	166.8	-3088.5	502.3	63.5	
106.85	235.7	27.5	38.2	0.0	-66.0	89.9	37.5	186.2	167.0	-3119.6	575.5	65.2	
106.90	235.8	27.0	35.4	0.0	-66.1	89.9	38.5	187.5	169.3	-3110.2	657.5	55.4	
106.95	235.8	26.8	33.9	0.0	-66.1	89.9	41.6	187.3	169.8	-3065.7	826.1	50.3	
107.00	235.9	26.7	36.0	0.0	-67.5	89.9	46.0	189.7	165.4	-3099.8	1043.2	56.0	
107.05	236.0	26.6	35.7	0.0	-67.8	89.9	48.4	193.1	164.7	-3083.9	1141.7	54.7	
107.10	236.1	26.7	34.6	0.0	-66.8	89.9	51.5	191.2	169.6	-2995.5	1162.3	51.9	
107.15	236.2	26.7	35.1	0.0	-66.0	89.9	55.5	184.6	170.3	-2913.6	1237.7	54.4	
107.20	236.3	26.2	35.6	0.0	-66.5	89.9	55.5	184.6	165.1	-2915.1	1328.6	55.7	
107.25	236.4	25.6	35.5	0.0	-67.8	89.9	52.2	194.1	163.3	-3002.5	1324.9	54.0	
107.30	236.4	25.1	34.7	0.0	-67.7	89.9	50.2	198.7	169.1	-3022.1	1225.7	51.5	
107.35	236.5	24.8	35.3	0.0	-67.3	89.9	52.8	193.0	169.8	-3001.1	1222.7	53.8	
107.40	236.6	25.4	34.4	0.0	-65.7	89.9	52.2	187.1	163.2	-2891.5	1233.4	52.5	
107.45	236.7	25.3	30.2	0.0	-61.3	89.9	44.0	179.7	161.2	-2634.6	1055.3	42.3	
107.50	236.8	24.5	26.9	0.0	-57.8	89.9	40.1	172.4	164.5	-2445.0	873.5	34.5	
107.55	236.9	24.3	30.7	0.0	-58.5	89.9	41.1	170.0	163.8	-2526.5	807.1	46.8	
107.60	237.0	24.5	36.1	0.0	-61.6	89.9	40.8	178.3	161.7	-2775.3	730.3	62.3	
107.65	237.0	25.1	37.4	0.0	-63.0	89.9	34.2	188.7	166.3	-2902.9	487.9	65.3	
107.70	237.1	25.8	38.6	0.0	-62.9	89.9	33.4	190.4	169.5	-2904.4	363.5	69.5	
107.75	237.2	26.1	39.4	0.0	-60.9	89.9	37.3	180.4	164.4	-2778.5	389.7	74.3	
107.80	237.2	26.3	41.0	0.0	-59.2	89.9	35.5	174.9	160.8	-2686.7	277.9	81.4	
107.85	237.3	26.5	38.4	0.0	-57.4	89.9	27.2	174.5	164.4	-2565.8	-37.0	74.4	
107.90	237.4	26.3	39.1	0.0	-57.7	89.9	24.1	177.5	166.6	-2571.7	-213.3	76.5	
107.95	237.4	25.9	42.3	0.0	-59.0	89.9	24.6	180.4	161.4	-2663.0	-198.0	86.3	
108.00	237.5	26.3	42.7	0.0	-59.5	89.9	18.1	185.2	159.8	-2679.3	-315.0	87.3	
108.05	237.5	26.8	40.7	0.0	-58.6	89.9	9.5	182.5	164.2	-2582.0	-548.5	81.2	
108.10	237.6	27.4	41.6	0.0	-57.6	89.9	14.0	174.3	163.3	-2528.3	-526.3	85.4	
108.15	237.7	27.9	41.9	0.0	-56.0	89.9	21.7	168.2	159.1	-2453.2	-393.6	87.7	
108.20	237.7	27.4	40.2	0.0	-55.6	89.9	19.9	169.8	158.6	-2416.8	-392.6	82.5	
108.25	237.8	26.8	41.8	0.0	-57.7	89.9	19.5	177.2	157.7	-2572.3	-306.2	85.7	
108.30	237.9	26.6	43.7	0.0	-61.1	89.9	25.8	183.1	155.3	-2826.2	-93.4	89.1	
108.35	237.9	26.8	45.0	0.0	-62.9	89.9	30.2	188.4	156.0	-2947.3	28.4	91.4	
108.40	238.0	26.8	42.9	0.0	-61.9	89.9	29.9	189.1	159.6	-2863.4	46.5	85.5	
108.45	238.0	26.4	40.4	0.0	-60.1	89.9	32.7	183.9	157.9	-2739.0	212.5	78.6	
108.50	238.1	25.6	37.6	0.0	-58.4	89.9	36.9	176.4	152.3	-2601.5	458.2	70.7	
108.55	238.1	25.1	33.3	0.0	-56.2	89.9	34.8	170.5	151.2	-2430.8	540.5	58.3	
108.60	238.2	24.8	32.3	0.0	-55.9	89.9	35.3	169.4	150.8	-2379.6	656.5	55.2	
108.65	238.3	24.6	34.3	0.0	-58.3	89.9	43.9	171.7	148.6	-2470.8	938.1	59.6	
108.70	238.3	24.5	34.6	0.0	-60.0	89.9	49.5	170.8	149.2	-2523.8	1147.2	58.6	
108.75	238.4	24.5	33.1	0.0	-60.4	89.9	50.1	170.1	150.7	-2505.2	1257.1	53.3	
108.80	238.5	24.7	31.4	0.0	-60.6	89.9	53.9	169.2	148.3	-2423.6	1435.2	47.2	
108.85	238.5	25.0	29.7	0.0	-60.5	89.9	59.9	166.0	147.6	-2334.2	1574.9	41.4	
108.90	238.6	25.5	29.3	0.0	-59.9	89.9	61.9	161.9	149.3	-2298.2	1557.3	40.6	
108.95	238.6	25.6	30.4	0.0	-60.6	89.9	57.7	165.0	148.6	-2425.1	1445.9	43.9	
109.00	238.7	25.3	34.0	0.0	-64.3	89.9	54.4	178.7	144.6	-2730.4	1406.5	52.4	
109.05	238.7	24.7	38.9	0.0	-68.2	89.9	52.0	193.7	145.0	-3050.3	1329.7	65.3	
109.10	238.7	24.4	39.4	0.0	-70.0	89.9	48.3	200.9	148.4	-3246.5	1153.6	65.3	
109.15	238.8	24.3	39.9	0.0	-71.1	89.9	44.1	205.1	147.5	-3379.7	988.1	65.8	
109.20	238.8	24.3	42.4	0.0	-71.0	89.9	39.6	202.4	143.9	-3422.5	839.2	74.4	
109.25	238.9	24.4	41.8	0.0	-69.2	89.9	36.1	194.0	143.9	-3349.7	641.4	74.2	
109.30	238.9	24.5	41.6	0.0	-67.1	89.9	31.8	188.8	143.8	-3247.5	403.5	75.6	
109.35	239.0	24.6	42.1	0.0	-66.2	89.9	28.4	190.9	139.0	-3196.2	223.7	78.4	
109.40	239.0	24.5	46.1	0.0	-66.7	89.9	24.0	194.7	137.9	-3232.2	-22.4	91.4	
109.45	239.1	24.8	47.6	0.0	-67.4	89.9	16.7	193.5	141.3	-3265.8	-352.4	96.2	
109.50	239.1	25.0	48.3	0.0	-68.3	89.9	9.5	195.2	140.2	-3304.3	-572.9	97.5	
109.55	239.2	25.1	49.1	0.0	-68.6	89.9	7.8	199.6	134.2	-3314.7	-615.2	100.0	
109.60	239.2	24.4	48.8	0.0	-67.4	89.9	9.0	196.5	133.2	-3218.5	-668.2	100.3	
109.65	239.3	24.4	48.3	0.0	-66.7	89.9	9.3	191.6	136.0	-3154.8	-765.8	99.1	
109.70	239.4	24.8	47.2	0.0	-67.0	89.9	9.5	189.9	132.5	-3187.9	-749.2	95.1	
109.75	239.4	24.3	48.2	0.0	-68.2	89.9	9.0	191.0	128.9	-3297.7	-679.2	97.3	
109.80	239.5	24.1	48.4	0.0	-69.8	89.9	8.4	192.4	132.7	-3416.9	-657.3	96.3	
109.85	239.5	24.0	48.6	0.0	-70.7	89.9	9.1	195.9	136.3	-3487.5	-606.8	96.2	
109.90	239.6	24.1	50.2	0.0	-71.2	89.9	13.4	200.8	132.6	-3535.9	-404.5	101.1	
109.95	239.7	24.4	50.0	0.0	-70.9	89.9	21.3	201.3	131.5	-3536.4	-141.0	100.6	
