Time[s]	Rotor azimuth angle[deg]	Hub wind speed magnitude[m/s]	ACTTORQUE1[Nm]	PITRAT1[deg/s]	PITFRIC1[kNm]	PITCH1[deg]	Blade root 1 Fx[KN]	Blade root 1 Fy[KN]	Blade root 1 Fz[KN]	Blade root 1 Mx[kNm]	Blade root 1 My[kNm]	Blade root 1 Mz[kNm]	
END_OF_HEADER
50.00	290.4	21.1	-51.2	-0.4	171.1	23.0	260.4	124.0	600.3	-1614.6	10389.9	-5.2	
50.05	293.1	21.1	-50.9	-0.4	164.1	23.0	249.8	129.9	585.6	-1188.5	9944.2	-13.3	
50.10	295.9	21.1	-45.3	-0.3	159.1	22.9	250.2	128.5	574.9	-1028.8	9585.3	-8.2	
50.15	298.6	20.6	-37.4	-0.2	156.1	22.9	251.8	127.5	562.4	-1136.0	9352.0	12.7	
50.20	301.3	20.8	-35.4	-0.0	153.0	22.9	248.8	123.0	545.2	-1038.1	9156.9	14.7	
50.25	304.1	21.2	47.5	0.1	-146.9	22.9	240.2	102.9	527.8	-857.6	8771.7	1.5	
50.30	306.8	21.7	37.2	0.1	-138.7	22.9	234.3	103.3	523.8	-758.9	8176.7	-7.9	
50.35	309.5	21.8	-44.9	-0.1	131.3	22.9	224.5	118.1	525.3	-833.2	7613.7	-2.2	
50.40	312.3	21.6	-40.8	-0.2	127.5	22.9	210.3	108.6	510.6	-968.0	7366.2	3.0	
50.45	315.0	21.0	-47.2	-0.3	127.3	22.9	207.4	85.6	486.4	-760.7	7434.3	-26.4	
50.50	317.7	21.6	-55.4	-0.3	127.7	22.9	216.5	68.6	474.5	-469.4	7490.0	-60.1	
50.55	320.4	22.1	-56.4	-0.3	127.1	22.9	224.4	59.2	471.4	-479.0	7426.9	-63.7	
50.60	323.1	22.5	-55.4	-0.4	126.6	22.9	222.6	64.3	456.5	-502.4	7400.5	-57.8	
50.65	326.0	22.7	-39.6	-0.3	135.9	22.8	207.8	107.1	432.2	-2767.1	7649.7	-4.3	
50.70	328.8	22.6	-54.0	-0.2	134.1	22.8	204.1	69.3	422.5	-2612.3	7627.5	-61.9	
50.75	331.5	22.5	-83.4	-0.2	131.7	22.8	238.9	107.0	437.9	-2047.3	7454.4	-158.9	
50.80	334.3	22.1	31.4	0.4	-122.2	22.8	203.0	26.4	447.0	-2782.3	6611.9	-86.1	
50.85	337.1	22.6	17.5	0.8	-105.9	22.9	170.7	89.6	436.0	-2118.8	5591.8	-99.3	
50.90	339.7	23.4	-0.2	1.1	-95.6	22.9	152.9	90.0	419.0	-1873.8	4917.5	-136.0	
50.95	342.6	23.7	8.2	1.3	-92.2	23.0	121.8	-10.0	413.9	-2649.1	4438.8	-93.9	
51.00	345.3	23.5	-3.3	1.5	-86.7	23.0	127.5	49.3	422.5	-2146.2	4186.5	-120.0	
51.05	348.0	23.1	-4.2	1.6	-84.8	23.1	134.5	48.0	419.5	-1996.7	4081.0	-115.8	
51.10	350.7	22.6	12.6	1.7	-79.3	23.2	118.8	23.6	402.2	-1693.2	3847.8	-48.5	
51.15	353.4	22.3	8.7	1.8	-71.3	23.3	124.5	82.7	413.4	-418.6	3482.3	-50.5	
51.20	356.2	22.3	4.3	1.8	-65.0	23.4	132.3	10.7	436.1	-240.0	3050.1	-57.2	
51.25	359.0	22.4	1.2	1.9	-56.4	23.5	121.1	-29.8	445.5	24.2	2421.4	-57.5	
51.30	1.7	22.0	-4.5	1.9	-49.0	23.6	106.0	8.6	436.9	577.6	1834.5	-68.4	
51.35	4.5	22.0	-1.4	1.9	-39.8	23.7	79.4	-47.1	425.1	254.3	1252.1	-47.3	
51.40	7.3	22.9	-6.7	2.0	-36.7	23.8	70.8	-45.4	441.3	764.1	724.5	-61.9	
51.45	10.1	22.8	-15.2	2.0	-41.3	23.9	79.6	-44.3	460.1	1213.2	625.7	-95.1	
51.50	12.9	22.4	-21.1	2.0	-41.8	24.0	77.4	-121.5	449.0	890.1	892.7	-115.3	
51.55	15.8	22.1	-29.7	2.0	-48.8	24.1	86.9	-112.8	438.6	1395.9	1142.6	-151.6	
51.60	18.6	22.0	-27.7	2.0	-57.6	24.1	107.8	-128.7	452.2	2053.2	1216.9	-153.5	
51.65	21.3	21.6	-25.3	2.0	-60.4	24.2	102.7	-165.9	472.9	2320.2	931.5	-147.8	
51.70	24.1	20.8	-24.1	2.0	-61.0	24.3	91.1	-114.9	481.4	2617.5	566.1	-144.1	
51.75	26.9	20.6	-11.5	2.0	-55.7	24.4	89.7	-130.0	471.0	2184.2	559.4	-95.4	
51.80	29.7	20.8	-8.3	2.0	-55.5	24.5	85.5	-163.0	474.2	2093.5	539.0	-84.4	
51.85	32.5	21.2	-11.4	2.0	-63.4	24.6	94.6	-146.8	500.1	2753.5	248.7	-102.6	
51.90	35.4	21.5	-1.4	2.0	-64.0	24.7	96.8	-172.0	512.0	2719.6	-314.2	-68.9	
51.95	38.2	21.5	3.9	2.0	-66.2	24.8	55.0	-159.6	509.9	2680.2	-1322.8	-53.0	
52.00	41.0	21.6	3.6	2.0	-75.2	24.9	12.8	-148.0	516.8	2852.5	-2391.2	-62.8	
52.05	43.9	22.4	6.6	2.0	-84.2	25.0	3.4	-200.1	536.0	2789.3	-3194.7	-61.5	
52.10	46.8	22.3	6.1	2.0	-91.2	25.1	-12.3	-188.6	560.2	2827.3	-3855.7	-70.3	
52.15	49.6	21.8	8.8	2.0	-92.1	25.2	-24.1	-171.7	573.9	2582.7	-4148.2	-61.8	
52.20	52.5	21.6	13.8	2.0	-88.9	25.3	-10.6	-196.0	577.4	2221.0	-3995.3	-41.6	
52.25	55.3	21.4	12.1	2.0	-90.2	25.4	-15.2	-183.6	588.5	2425.3	-4023.8	-48.8	
52.30	58.2	21.3	15.2	2.0	-94.0	25.5	-25.5	-195.0	607.1	2535.8	-4231.3	-41.7	
52.35	61.1	21.4	16.1	2.0	-98.2	25.6	-17.7	-209.9	619.2	2700.8	-4452.3	-42.9	
52.40	63.9	20.9	15.1	2.0	-106.6	25.7	-28.4	-203.9	626.4	3451.7	-4718.2	-54.6	
52.45	66.8	20.7	15.6	2.0	-115.7	25.8	-43.5	-238.6	639.9	4099.9	-4937.7	-62.2	
52.50	69.6	20.7	19.2	2.0	-120.9	25.9	-23.1	-260.3	659.4	4523.9	-5003.9	-55.0	
52.55	72.5	20.7	25.2	2.0	-124.9	26.0	-10.8	-254.7	682.9	4800.2	-5159.5	-38.6	
52.60	75.3	20.7	35.5	2.0	-130.0	26.1	-23.1	-274.7	706.6	4789.7	-5583.6	-8.2	
52.65	78.2	20.8	45.2	2.0	-134.2	26.2	-24.9	-262.0	715.8	4809.2	-6014.6	21.0	
52.70	81.1	20.7	55.3	2.0	-135.8	26.3	-41.0	-227.0	714.6	4644.8	-6417.9	53.9	
52.75	83.9	20.6	66.2	2.0	-140.8	26.4	-64.4	-235.0	721.4	4503.1	-6919.1	86.4	
52.80	86.8	20.6	64.1	2.0	-150.9	26.5	-55.4	-258.4	744.1	5047.8	-7379.1	69.2	
52.85	89.7	20.9	59.6	2.0	-162.5	26.6	-55.6	-295.0	766.7	5731.1	-7817.9	42.0	
52.90	92.5	21.4	63.4	2.0	-168.8	26.7	-88.4	-306.8	770.7	5790.6	-8289.3	48.9	
52.95	95.3	21.9	69.0	2.0	-169.7	26.8	-101.1	-275.8	769.5	5702.4	-8524.6	67.3	
53.00	98.2	21.9	72.3	2.0	-170.6	26.9	-100.0	-275.1	782.1	5682.1	-8611.8	77.8	
53.05	101.0	22.0	73.7	2.0	-168.7	27.0	-94.5	-286.9	802.4	5447.8	-8549.2	84.1	
53.10	103.9	21.9	72.0	2.0	-161.6	27.1	-68.9	-271.0	815.5	5046.2	-8225.9	85.5	
53.15	106.8	21.2	67.8	2.0	-152.2	27.2	-53.3	-261.7	812.4	4527.1	-7754.8	80.4	
53.20	109.6	21.2	65.9	2.0	-148.6	27.3	-64.3	-250.9	808.1	4321.5	-7588.4	77.8	
53.25	112.4	21.1	61.9	2.0	-152.6	27.4	-69.8	-243.8	824.3	4521.1	-7827.6	60.1	
53.30	115.2	20.8	60.5	2.0	-157.5	27.5	-77.9	-257.1	845.6	4546.8	-8173.5	50.2	
53.35	118.0	19.9	58.0	2.0	-161.2	27.6	-102.0	-258.4	856.1	4547.0	-8451.1	38.0	
53.40	120.8	19.1	54.0	2.0	-159.0	27.7	-104.6	-254.2	857.1	4473.3	-8312.0	26.2	
53.45	123.6	18.4	52.2	2.0	-152.3	27.8	-86.4	-248.4	858.9	4281.7	-7876.5	27.0	
53.50	126.3	18.2	44.9	2.0	-144.9	27.9	-76.0	-215.3	868.9	3861.3	-7567.4	9.1	
53.55	129.1	18.3	64.5	2.0	-136.7	28.0	-62.9	-194.0	880.9	3377.0	-7183.2	84.7	
53.60	131.9	18.4	64.3	2.0	-129.8	28.1	-54.5	-181.0	882.4	3088.2	-6791.0	90.9	
53.65	134.6	18.3	62.5	2.0	-127.4	28.2	-68.0	-171.9	884.4	3019.1	-6635.9	87.1	
53.70	137.3	18.5	60.5	2.0	-125.6	28.3	-66.6	-180.5	903.2	3083.9	-6410.0	81.9	
53.75	140.1	18.3	47.8	2.0	-122.8	28.4	-45.7	-183.3	928.3	3469.7	-5953.0	41.3	
53.80	142.8	17.8	32.5	2.0	-117.9	28.5	-30.3	-183.3	935.4	3789.4	-5310.5	-6.5	
53.85	145.5	18.9	19.9	2.0	-108.1	28.6	-16.5	-183.4	923.6	3599.4	-4545.0	-40.0	
53.90	148.3	19.1	12.0	2.0	-96.8	28.7	-1.3	-170.8	918.8	3116.1	-3891.6	-55.6	
53.95	151.0	19.0	8.7	2.0	-89.2	28.8	2.7	-160.9	928.6	2639.5	-3554.7	-59.1	
54.00	153.7	19.3	8.3	2.0	-84.9	28.9	-5.8	-147.2	932.4	2172.9	-3529.0	-56.4	
54.05	156.4	19.3	7.5	2.0	-80.1	29.0	-19.3	-102.1	923.8	1606.1	-3570.7	-54.3	
54.10	159.1	19.2	15.0	2.0	-75.0	29.1	-26.0	-72.3	920.1	1214.8	-3399.9	-23.6	
54.15	161.7	18.8	8.1	2.0	-71.9	29.2	-8.0	-87.6	933.9	1480.6	-2986.6	-44.1	
54.20	164.4	18.7	-6.1	2.0	-71.9	29.3	22.1	-111.8	947.2	2121.9	-2450.2	-92.7	
54.25	167.1	18.3	-6.8	2.0	-70.1	29.4	31.7	-111.7	936.5	2272.4	-2120.0	-93.4	
54.30	169.7	17.6	2.4	2.0	-66.2	29.5	21.1	-85.9	915.4	1942.8	-2163.9	-57.9	
54.35	172.4	17.7	11.2	2.0	-66.6	29.6	5.9	-60.0	913.8	1688.7	-2511.7	-28.2	
54.40	175.0	17.5	17.9	2.0	-67.7	29.7	-1.5	-46.2	928.9	1451.1	-2782.5	-6.4	
54.45	177.7	17.1	20.2	2.0	-62.4	29.8	4.4	-29.8	931.0	972.2	-2603.9	6.9	
54.50	180.4	16.6	17.3	2.0	-54.5	29.9	15.2	-18.7	920.9	485.0	-2156.6	5.1	
54.55	183.0	16.6	8.8	2.0	-48.1	30.0	37.5	-25.0	919.9	455.1	-1596.7	-17.7	
54.60	185.6	16.7	-2.1	2.0	-47.3	30.1	58.1	-44.7	928.5	820.8	-1269.4	-54.6	
54.65	188.3	16.5	-9.1	2.0	-49.6	30.2	58.5	-54.7	924.8	1046.4	-1304.0	-80.7	
54.70	190.9	15.5	-8.3	2.0	-51.1	30.3	36.8	-43.2	903.7	835.3	-1668.6	-79.4	
54.75	193.5	15.0	-4.3	2.0	-52.3	30.4	17.7	-30.8	887.2	397.5	-1998.7	-67.1	
54.80	196.1	15.4	-5.3	2.0	-51.2	30.5	19.8	-22.6	886.5	81.0	-1964.7	-69.3	
54.85	198.6	16.0	-6.3	2.0	-46.0	30.6	38.9	-5.8	882.8	-227.6	-1535.7	-67.5	
54.90	201.1	16.1	-1.2	2.0	-43.9	30.7	54.7	27.2	865.4	-873.5	-1012.7	-48.0	
54.95	203.6	15.6	7.1	2.0	-50.6	30.8	59.7	66.8	847.7	-1661.3	-640.4	-26.2	
55.00	206.2	15.4	9.6	2.0	-56.2	30.9	59.2	94.8	844.5	-2069.4	-530.5	-23.1	
55.05	208.7	15.5	11.2	2.0	-58.4	31.0	54.4	101.0	844.7	-2218.7	-602.4	-20.1	
55.10	211.2	15.7	13.1	2.0	-59.9	31.1	45.1	98.9	835.9	-2358.4	-602.0	-15.0	
55.15	213.7	16.0	9.5	2.0	-59.8	31.2	47.7	106.5	822.7	-2398.5	-253.2	-27.2	
55.20	216.2	16.1	1.3	2.0	-60.5	31.3	68.0	107.6	811.6	-2393.3	495.1	-56.1	
55.25	218.7	15.8	-7.1	2.0	-64.4	31.4	90.2	101.3	803.3	-2383.5	1308.3	-88.8	
55.30	221.2	15.1	-10.0	2.0	-70.2	31.5	107.1	101.0	788.4	-2458.6	1951.6	-104.6	
55.35	223.7	15.1	-7.5	2.0	-75.6	31.6	118.1	102.9	768.9	-2653.7	2337.3	-101.5	
55.40	226.2	15.4	-5.7	2.0	-77.2	31.7	120.0	109.6	758.1	-2740.6	2402.6	-96.7	
55.45	228.6	16.1	-6.4	2.0	-74.4	31.8	116.3	118.2	755.2	-2572.4	2262.7	-96.5	
55.50	231.1	16.2	-7.0	2.0	-70.8	31.9	111.2	113.6	746.8	-2379.2	2111.9	-94.8	
55.55	233.5	16.2	-3.1	2.0	-68.2	32.0	104.0	111.0	728.1	-2258.1	2003.0	-78.7	
55.60	235.9	16.6	2.3	2.0	-66.1	32.1	101.7	117.0	710.3	-2110.5	1938.3	-58.2	
55.65	238.3	16.7	3.5	2.0	-63.3	32.2	103.4	118.3	696.2	-1927.4	1833.9	-51.2	
55.70	240.6	16.6	5.2	2.0	-57.9	32.3	89.5	123.6	674.8	-1747.2	1463.4	-40.1	
55.75	243.0	16.2	14.0	2.0	-55.6	32.4	67.2	144.8	648.2	-1888.5	933.3	-7.6	
55.80	245.4	16.4	26.3	2.0	-59.6	32.5	54.0	165.2	631.9	-2340.1	444.0	30.6	
55.85	247.7	16.7	29.5	2.0	-63.7	32.6	44.6	177.7	628.3	-2664.9	60.4	37.4	
55.90	250.1	17.2	26.1	2.0	-67.5	32.7	37.4	183.8	616.5	-2950.7	-15.2	22.0	
55.95	252.4	18.2	26.1	2.0	-73.6	32.8	40.0	193.3	593.3	-3395.3	228.7	16.1	
56.00	254.8	18.5	26.0	2.0	-78.6	32.9	50.6	203.1	573.4	-3717.5	533.4	10.5	
56.05	257.1	17.5	16.4	2.0	-77.4	33.0	66.5	189.4	562.6	-3611.9	805.1	-21.2	
56.10	259.4	17.1	1.2	2.0	-73.3	33.1	82.8	163.9	545.1	-3270.6	1122.0	-69.2	
56.15	261.7	16.6	-5.0	2.0	-74.5	33.2	89.4	155.9	515.2	-3279.8	1426.7	-91.7	
56.20	264.0	16.1	-1.5	2.0	-80.7	33.3	88.3	163.8	490.3	-3727.3	1582.9	-85.8	
56.25	266.3	16.7	-0.9	2.0	-84.3	33.4	86.5	175.0	477.9	-4036.0	1506.4	-87.4	
56.30	268.6	17.4	-1.6	2.0	-86.5	33.5	79.5	186.0	466.0	-4264.4	1312.4	-92.1	
56.35	270.8	17.9	5.2	2.0	-91.1	33.6	71.4	198.3	447.3	-4649.1	1185.3	-73.2	
56.40	273.1	17.6	15.8	2.0	-95.8	33.7	73.8	211.2	431.0	-4996.9	1146.8	-41.6	
56.45	275.3	17.3	17.4	2.0	-95.6	33.8	78.3	212.2	424.4	-5026.6	944.1	-35.8	
56.50	277.5	16.8	13.2	2.0	-92.4	33.9	82.0	205.6	415.8	-4831.3	745.9	-46.9	
56.55	279.7	17.0	15.0	2.0	-92.2	34.0	80.5	209.1	397.6	-4839.1	637.0	-40.7	
56.60	281.9	16.9	21.7	2.0	-95.9	34.1	74.3	218.3	379.6	-5125.3	588.2	-21.4	
56.65	284.1	16.2	22.7	2.0	-95.7	34.2	63.4	211.2	371.1	-5161.5	405.4	-17.9	
56.70	286.3	15.6	14.7	2.0	-90.4	34.3	53.3	196.7	365.7	-4829.6	61.8	-40.1	
56.75	288.5	15.3	11.9	2.0	-87.8	34.4	47.4	190.4	356.7	-4653.1	-221.5	-46.9	
56.80	290.7	15.3	17.5	2.0	-88.9	34.5	46.5	196.4	343.2	-4733.0	-262.9	-29.0	
56.85	292.9	15.1	16.9	2.0	-86.6	34.6	53.3	195.8	327.3	-4574.8	-99.1	-28.8	
56.90	295.0	15.1	7.7	2.0	-80.4	34.7	61.6	170.4	311.5	-4178.1	68.4	-53.8	
56.95	297.2	15.3	4.7	2.0	-77.6	34.8	66.3	156.7	295.8	-4011.7	131.5	-61.6	
57.00	299.3	16.1	12.5	2.0	-80.1	34.9	64.0	169.2	281.5	-4184.1	25.2	-37.2	
57.05	301.4	16.5	21.9	2.0	-82.1	35.0	49.7	176.0	267.3	-4328.6	-287.2	-6.8	
57.10	303.5	16.5	22.2	2.0	-79.3	35.1	26.3	172.4	248.2	-4095.9	-743.3	-2.9	
57.15	305.6	16.4	20.6	2.0	-76.6	35.2	7.9	167.8	233.7	-3790.7	-1246.6	-5.9	
57.20	307.7	16.0	24.8	2.0	-77.5	35.3	3.1	160.4	228.1	-3758.1	-1596.1	7.8	
57.25	309.7	15.4	28.3	2.0	-76.9	35.4	5.2	153.6	219.4	-3693.3	-1704.7	20.2	
57.30	311.8	15.1	24.4	2.0	-71.4	35.5	11.8	141.5	203.3	-3355.7	-1550.6	12.4	
57.35	313.8	15.2	21.5	2.0	-65.6	35.6	26.3	131.1	185.6	-3065.6	-1200.7	8.1	
57.40	315.9	15.6	25.4	2.0	-65.0	35.7	39.3	137.9	177.8	-3081.8	-968.6	22.1	
57.45	318.0	15.6	31.3	2.0	-67.4	35.8	42.6	139.5	176.2	-3259.5	-981.1	40.2	
57.50	320.0	15.8	28.2	2.0	-67.5	35.9	31.7	126.0	166.2	-3264.4	-1165.7	29.3	
57.55	322.1	16.0	22.3	2.0	-66.8	36.0	13.8	121.6	149.1	-3127.4	-1446.7	9.7	
57.60	324.1	16.3	22.2	2.0	-68.9	36.1	6.3	122.8	139.5	-3233.2	-1605.8	7.5	
57.65	326.2	16.4	21.8	2.0	-70.7	36.2	15.5	124.3	137.7	-3420.7	-1518.9	4.2	
57.70	328.2	16.4	12.9	2.0	-69.1	36.3	27.0	115.4	132.6	-3395.0	-1322.7	-24.9	
57.75	330.3	16.0	2.1	2.0	-66.7	36.4	34.5	90.0	119.6	-3371.4	-1075.7	-59.6	
57.80	332.3	15.6	-0.2	2.0	-68.1	36.5	36.8	80.9	110.6	-3519.7	-1061.8	-68.9	
57.85	334.3	15.5	4.2	2.0	-72.3	36.6	32.5	95.1	112.2	-3701.9	-1396.7	-57.8	
57.90	336.4	16.2	10.7	2.0	-76.2	36.7	20.1	103.7	112.6	-3801.0	-1867.8	-39.6	
57.95	338.3	16.1	14.1	2.0	-77.3	36.8	3.8	106.6	99.6	-3713.8	-2217.9	-28.8	
58.00	340.3	15.8	16.2	2.0	-76.4	36.9	-5.1	99.3	86.6	-3614.7	-2308.2	-20.9	
58.05	342.3	15.7	18.3	2.0	-73.9	37.0	1.2	82.5	87.3	-3521.8	-2201.4	-10.9	
58.10	344.3	15.6	16.8	2.0	-69.5	37.1	9.6	71.7	90.0	-3192.7	-2138.2	-11.8	
58.15	346.2	15.6	15.3	2.0	-65.6	37.2	10.0	64.3	83.8	-2839.1	-2171.9	-13.1	
58.20	348.2	16.0	17.7	2.0	-64.0	37.3	7.2	58.2	73.3	-2667.8	-2239.7	-3.2	
58.25	350.2	15.7	21.0	2.0	-65.1	37.4	-0.1	55.0	74.3	-2524.6	-2537.7	7.1	
58.30	352.2	15.6	19.9	2.0	-66.4	37.5	-7.3	37.6	83.2	-2339.8	-2891.1	2.0	
58.35	354.1	15.8	16.7	2.0	-66.6	37.6	-14.0	19.4	81.2	-2118.8	-3121.2	-9.2	
58.40	356.1	15.8	16.1	2.0	-66.6	37.7	-20.9	15.4	67.9	-1933.3	-3248.0	-11.2	
58.45	358.0	15.6	20.4	2.0	-66.5	37.8	-24.7	4.0	61.0	-1688.5	-3383.4	3.4	
58.50	360.0	15.3	23.0	2.0	-69.0	37.9	-30.0	-17.0	66.7	-1238.1	-3741.3	10.0	
58.55	1.8	15.8	26.0	2.0	-73.3	38.0	-37.8	-29.1	69.0	-778.4	-4147.0	15.9	
58.60	3.7	16.4	31.2	2.0	-77.9	38.1	-48.8	-32.7	62.7	-537.4	-4509.2	29.2	
58.65	5.6	17.1	38.5	2.0	-81.3	38.2	-57.4	-30.6	55.2	-281.8	-4783.4	50.7	
58.70	7.5	17.4	43.7	2.0	-81.8	38.3	-54.4	-32.8	55.9	58.6	-4827.9	68.3	
58.75	9.4	17.8	45.6	2.0	-80.1	38.4	-43.7	-42.2	60.2	354.2	-4690.8	76.5	
58.80	11.3	18.2	46.6	2.0	-78.7	38.5	-39.3	-44.7	57.2	512.2	-4574.0	81.4	
58.85	13.2	17.9	44.5	2.0	-79.6	38.6	-46.1	-48.9	48.5	568.0	-4623.1	73.2	
58.90	15.1	17.5	40.8	2.0	-85.2	38.7	-61.4	-65.1	47.6	747.1	-4960.0	54.9	
58.95	17.0	17.2	38.1	2.0	-93.2	38.8	-78.2	-78.2	54.1	1029.6	-5460.5	37.4	
59.00	18.9	17.3	36.5	2.0	-98.1	38.9	-91.9	-80.4	55.4	1113.0	-5785.6	27.2	
59.05	20.7	18.1	34.5	2.0	-96.5	39.0	-96.5	-82.6	44.2	1114.7	-5657.7	22.0	
59.10	22.6	18.7	27.7	2.0	-90.0	39.1	-88.3	-88.6	33.5	1178.8	-5157.9	5.0	
59.15	24.4	19.0	20.0	2.0	-82.1	39.2	-69.8	-95.2	35.2	1223.0	-4547.7	-13.6	
59.20	26.2	18.7	18.7	2.0	-74.9	39.3	-49.7	-100.0	41.0	1134.4	-4019.9	-10.8	
59.25	28.0	18.1	19.6	2.0	-71.2	39.4	-42.4	-100.0	42.8	1028.2	-3764.1	-4.0	
59.30	29.8	17.5	19.2	2.0	-72.0	39.5	-48.4	-103.3	44.0	1065.5	-3802.9	-6.2	
59.35	31.6	17.8	15.9	2.0	-75.4	39.6	-57.9	-110.9	49.6	1197.6	-3996.0	-21.0	
59.40	33.4	17.7	14.8	2.0	-78.3	39.7	-61.7	-118.7	57.3	1318.8	-4153.6	-27.7	
59.45	35.2	17.6	13.5	2.0	-79.5	39.8	-59.4	-130.8	59.5	1522.3	-4145.8	-33.2	
59.50	37.0	17.7	9.9	2.0	-79.4	39.9	-50.7	-152.5	55.8	1862.4	-3948.9	-45.6	
59.55	38.7	17.8	8.1	2.0	-81.4	40.0	-45.6	-170.7	55.2	2240.1	-3865.3	-53.6	
59.60	40.5	17.9	11.0	2.0	-84.5	40.1	-44.6	-176.9	61.0	2446.6	-3987.5	-46.7	
59.65	42.2	18.2	18.6	2.0	-88.6	40.2	-49.8	-176.8	72.4	2461.1	-4328.9	-24.9	
59.70	43.9	18.1	25.4	2.0	-93.6	40.3	-58.7	-173.1	82.5	2530.5	-4720.2	-6.3	
59.75	45.6	17.8	29.3	2.0	-97.1	40.4	-67.7	-168.7	86.7	2653.1	-4949.4	3.5	
59.80	47.4	17.6	31.6	2.0	-97.8	40.5	-69.9	-169.8	87.8	2787.1	-4930.3	10.6	
59.85	49.1	16.9	32.1	2.0	-97.6	40.6	-61.5	-176.3	92.6	2968.8	-4792.4	12.5	
59.90	50.8	16.5	31.3	2.0	-97.8	40.7	-54.7	-184.7	98.2	3112.4	-4689.9	9.5	
59.95	52.6	16.5	29.8	2.0	-98.9	40.8	-57.5	-193.9	96.5	3246.1	-4666.9	3.4	
60.00	54.3	16.1	28.6	2.0	-103.5	40.9	-76.5	-196.5	94.7	3355.0	-4987.4	-5.4	
60.05	56.0	16.6	29.6	2.0	-109.8	41.0	-95.6	-198.9	98.1	3443.5	-5462.9	-8.0	
60.10	57.7	17.5	32.5	2.0	-117.7	41.1	-109.2	-210.9	109.4	3590.9	-6006.9	-6.1	
60.15	59.4	18.3	33.5	2.0	-122.8	41.2	-111.3	-223.4	117.7	3803.3	-6276.8	-7.7	
60.20	61.1	18.2	33.7	2.0	-123.3	41.3	-109.1	-231.4	116.4	3919.2	-6232.5	-7.6	
60.25	62.8	18.0	34.1	2.0	-122.7	41.4	-107.0	-234.1	112.5	3997.4	-6128.3	-5.7	
60.30	64.4	18.4	39.5	2.0	-124.8	41.5	-109.7	-231.4	112.6	4072.7	-6271.0	10.8	
60.35	66.0	18.3	50.3	2.0	-129.1	41.6	-118.5	-224.0	118.8	4018.1	-6693.1	43.5	
60.40	67.6	18.4	59.6	2.0	-135.9	41.7	-136.7	-211.4	125.9	4005.2	-7289.3	68.7	
60.45	69.2	18.9	64.0	2.0	-143.2	41.8	-155.5	-206.4	129.8	4216.3	-7780.6	76.5	
60.50	70.8	19.3	65.6	2.0	-148.7	41.9	-162.7	-217.1	135.7	4486.3	-8058.6	76.7	
60.55	72.4	19.5	67.3	2.0	-151.7	42.0	-159.6	-226.6	147.5	4651.3	-8196.7	79.3	
60.60	74.0	19.4	67.6	2.0	-151.5	42.1	-148.8	-232.9	158.6	4709.6	-8143.7	80.6	
60.65	75.6	19.5	65.0	2.0	-148.9	42.2	-137.7	-242.0	162.0	4697.2	-7912.7	74.3	
60.70	77.2	19.8	60.2	2.0	-146.3	42.3	-134.4	-243.8	162.4	4667.3	-7699.6	60.5	
60.75	78.8	20.3	57.7	2.0	-144.3	42.4	-135.2	-241.0	166.3	4567.7	-7582.2	53.6	
60.80	80.3	19.9	55.2	2.0	-141.9	42.5	-132.4	-239.8	176.8	4446.2	-7446.2	47.6	
60.85	81.9	19.4	52.3	2.0	-137.6	42.6	-123.0	-238.2	188.7	4405.6	-7099.8	41.9	
60.90	83.4	19.1	44.8	2.0	-129.8	42.7	-107.5	-240.6	193.9	4423.2	-6386.3	23.9	
60.95	85.0	19.4	34.5	2.0	-122.1	42.8	-89.5	-251.1	197.2	4523.0	-5567.9	-3.7	
61.00	86.5	19.5	26.4	2.0	-116.8	42.9	-69.9	-264.8	202.6	4697.9	-4842.4	-26.1	
61.05	88.0	19.4	20.4	2.0	-112.1	43.0	-52.3	-270.3	209.3	4729.2	-4288.5	-42.2	
61.10	89.5	20.0	17.6	2.0	-107.3	43.1	-44.3	-259.8	213.2	4597.2	-3932.1	-46.7	
61.15	91.0	20.3	16.4	2.0	-102.0	43.2	-47.6	-243.6	212.5	4326.6	-3703.6	-45.8	
61.20	92.5	20.7	14.9	2.0	-98.4	43.3	-55.4	-236.6	214.4	4074.8	-3604.2	-47.4	
61.25	94.0	21.1	12.1	2.0	-96.9	43.4	-56.8	-232.8	224.4	3974.9	-3541.6	-55.5	
61.30	95.5	20.8	9.3	2.0	-95.5	43.5	-53.9	-228.4	236.8	3951.5	-3414.0	-63.5	
61.35	96.9	20.2	7.1	2.0	-93.4	43.6	-48.0	-225.8	243.4	3990.1	-3127.2	-69.2	
61.40	98.4	20.0	4.4	2.0	-93.5	43.7	-44.5	-229.7	245.8	4182.0	-2856.8	-78.5	
61.45	99.9	20.2	2.2	2.0	-96.5	43.8	-43.8	-241.4	250.3	4470.8	-2768.5	-89.1	
61.50	101.3	20.5	4.1	2.0	-99.2	43.9	-43.4	-246.2	257.8	4647.0	-2839.9	-85.0	
61.55	102.8	20.6	8.4	2.0	-98.5	44.0	-44.4	-232.0	264.8	4575.5	-2921.6	-69.6	
61.60	104.2	20.3	12.3	2.0	-97.5	44.1	-48.0	-220.4	267.8	4521.5	-2918.0	-55.3	
61.65	105.7	20.1	11.6	2.0	-99.9	44.2	-47.3	-227.1	273.1	4734.2	-2869.6	-60.0	
61.70	107.1	20.5	11.0	2.0	-104.5	44.3	-38.4	-242.5	285.9	5090.5	-2849.7	-66.7	
61.75	108.5	21.1	10.7	2.0	-107.5	44.4	-26.4	-251.8	297.9	5325.9	-2829.7	-70.7	
61.80	109.9	21.5	12.6	2.0	-110.2	44.5	-21.9	-254.2	302.8	5526.9	-2869.5	-66.8	
61.85	111.4	20.8	13.8	2.0	-114.1	44.6	-26.5	-258.8	303.2	5767.7	-3013.5	-66.7	
61.90	112.8	20.3	15.8	2.0	-116.1	44.7	-35.3	-260.1	304.9	5818.7	-3223.8	-61.9	
61.95	114.2	20.2	21.1	2.0	-115.0	44.8	-44.4	-251.0	308.1	5597.9	-3468.3	-42.7	
62.00	115.6	21.1	23.4	2.0	-112.4	44.9	-48.7	-235.6	310.7	5301.0	-3636.7	-31.9	
62.05	117.0	21.8	23.3	2.0	-112.0	45.0	-49.8	-230.7	314.1	5222.2	-3720.1	-31.9	
62.10	118.3	22.2	23.4	2.0	-113.5	45.1	-45.9	-239.8	320.9	5342.2	-3695.1	-33.2	
62.15	119.7	22.1	24.0	2.0	-112.8	45.2	-35.5	-242.3	327.2	5377.8	-3535.9	-30.4	
62.20	121.1	21.8	23.6	2.0	-109.5	45.3	-25.1	-233.6	328.5	5216.2	-3375.8	-28.6	
62.25	122.5	21.3	22.1	2.0	-106.6	45.4	-20.3	-227.5	328.1	5033.6	-3295.5	-30.7	
62.30	123.8	20.7	20.4	2.0	-104.6	45.5	-23.3	-227.5	331.4	4852.6	-3283.7	-34.7	
62.35	125.2	21.2	18.1	2.0	-101.0	45.6	-26.6	-227.8	334.1	4581.9	-3188.9	-38.8	
62.40	126.6	21.6	17.9	2.0	-95.5	45.7	-25.8	-215.5	331.7	4276.8	-2960.0	-33.9	
62.45	127.9	21.4	14.1	2.0	-91.3	45.8	-21.1	-206.3	332.5	4080.1	-2732.8	-42.8	
62.50	129.3	21.3	7.5	2.0	-89.6	45.9	-9.6	-214.0	341.8	4084.4	-2438.7	-63.8	
62.55	130.6	21.0	3.4	2.0	-87.4	46.0	-0.2	-219.7	350.2	4062.5	-2079.4	-75.7	
62.60	131.9	20.7	1.1	2.0	-82.3	46.1	8.3	-213.8	347.8	3865.4	-1642.8	-78.7	
62.65	133.2	21.3	-0.1	2.0	-76.9	46.2	15.8	-203.4	344.2	3583.3	-1319.2	-77.1	
62.70	134.6	21.4	-2.2	2.0	-72.5	46.3	21.1	-191.4	352.4	3304.4	-1191.6	-80.1	
62.75	135.9	20.8	-2.9	2.0	-67.6	46.4	25.1	-180.6	363.4	2973.2	-1081.1	-77.5	
62.80	137.2	20.3	-2.6	2.0	-62.4	46.5	23.7	-173.0	363.9	2636.8	-938.2	-71.2	
62.85	138.4	19.8	-4.7	2.0	-60.3	46.6	19.9	-166.6	358.7	2522.3	-848.1	-76.4	
62.90	139.7	19.5	-7.9	2.0	-62.3	46.7	23.1	-167.5	364.0	2667.0	-859.5	-89.3	
62.95	141.0	19.8	-8.4	2.0	-64.3	46.8	27.9	-169.1	378.8	2769.3	-975.1	-93.2	
63.00	142.3	20.1	-6.0	2.0	-63.1	46.9	24.2	-160.2	383.1	2646.4	-1109.5	-83.7	
63.05	143.5	20.1	-3.5	2.0	-61.3	47.0	13.4	-150.0	374.4	2473.8	-1264.0	-73.4	
63.10	144.8	20.0	-0.4	2.0	-60.9	47.1	3.3	-140.2	373.7	2327.4	-1510.0	-62.2	
63.15	146.0	19.9	3.6	2.0	-60.4	47.2	4.1	-128.3	383.3	2192.2	-1689.7	-48.2	
63.20	147.3	19.8	7.7	2.0	-58.9	47.3	10.9	-117.3	389.0	2048.7	-1724.8	-32.5	
63.25	148.6	19.6	8.4	2.0	-59.4	47.4	11.8	-116.5	385.5	2074.5	-1760.2	-30.7	
63.30	149.8	19.6	5.9	2.0	-63.7	47.5	2.2	-124.1	385.4	2250.8	-2016.8	-43.3	
63.35	151.1	19.6	6.5	2.0	-67.8	47.6	-6.9	-126.3	390.7	2337.2	-2364.0	-45.5	
63.40	152.3	19.6	11.4	2.0	-69.1	47.7	-14.8	-116.3	393.7	2162.7	-2687.3	-30.1	
63.45	153.6	20.1	14.4	2.0	-69.9	47.8	-23.2	-109.6	393.3	1987.8	-2913.0	-20.6	
63.50	154.8	20.5	12.2	2.0	-71.0	47.9	-27.3	-114.7	391.5	2055.9	-2947.4	-29.2	
63.55	156.1	20.6	10.2	2.0	-69.3	48.0	-20.8	-122.4	390.9	2094.1	-2736.1	-34.2	
63.60	157.3	20.3	10.7	2.0	-64.0	48.1	-5.3	-119.4	392.1	1943.4	-2363.4	-27.2	
63.65	158.5	20.3	9.7	2.0	-59.8	48.2	5.3	-108.3	395.4	1777.5	-2121.1	-26.6	
63.70	159.8	21.0	7.1	2.0	-58.2	48.3	6.0	-104.4	398.0	1668.5	-2069.8	-33.9	
63.75	161.0	20.7	5.8	2.0	-57.9	48.4	-0.8	-103.1	397.6	1538.3	-2148.7	-38.0	
63.80	162.2	20.3	6.5	2.0	-57.3	48.5	-10.4	-91.0	396.6	1282.1	-2292.9	-34.9	
63.85	163.3	19.9	6.4	2.0	-55.3	48.6	-12.4	-76.4	397.0	985.5	-2321.1	-33.3	
63.90	164.5	20.1	4.6	2.0	-52.3	48.7	-8.4	-67.6	399.2	761.2	-2184.1	-36.3	
63.95	165.7	20.3	0.3	2.0	-46.7	48.8	3.4	-67.7	398.8	646.1	-1777.5	-45.8	
64.00	166.9	20.6	-2.7	2.0	-40.2	48.9	15.6	-67.0	397.0	527.2	-1297.1	-49.6	
64.05	168.0	20.8	-3.0	2.0	-34.1	49.0	27.5	-60.9	398.3	328.1	-880.7	-44.5	
64.10	169.2	20.9	-4.5	2.0	-30.5	49.1	34.8	-47.3	404.0	89.7	-686.3	-46.0	
64.15	170.3	20.9	-4.4	2.0	-30.2	49.2	32.0	-33.0	408.3	-101.4	-690.3	-45.4	
64.20	171.5	20.4	-4.8	2.0	-30.0	49.3	25.5	-29.7	405.4	-218.1	-674.5	-46.4	
64.25	172.6	20.5	-5.5	2.0	-29.1	49.4	22.4	-28.2	402.1	-322.6	-565.0	-48.0	
64.30	173.8	20.7	-7.8	2.0	-27.2	49.5	31.3	-21.2	403.5	-418.9	-279.9	-54.0	
64.35	175.0	20.7	-9.0	2.0	-27.6	49.6	45.7	-21.1	407.2	-480.2	93.9	-58.5	
64.40	176.1	20.3	-10.7	2.0	-29.2	49.7	53.5	-26.1	406.7	-454.2	376.2	-66.0	
64.45	177.3	20.3	-12.6	2.0	-29.5	49.8	50.5	-24.4	401.9	-463.7	419.3	-72.9	
64.50	178.5	20.8	-9.1	2.0	-30.3	49.9	41.3	-16.2	403.6	-685.8	199.9	-61.5	
64.55	179.6	21.2	-4.8	2.0	-32.7	50.0	32.9	-7.4	410.7	-915.2	-139.5	-49.3	
64.60	180.8	21.4	-3.6	2.0	-33.9	50.1	22.1	2.0	411.2	-930.6	-479.6	-46.3	
64.65	181.9	21.5	-5.0	2.0	-32.9	50.2	17.8	1.0	402.9	-801.1	-581.2	-49.9	
64.70	183.0	21.6	-4.7	2.0	-31.4	50.3	23.6	-4.0	400.2	-706.2	-498.7	-47.6	
64.75	184.2	22.1	-2.4	2.0	-30.2	50.4	32.5	-4.0	406.8	-605.1	-423.7	-38.3	
64.80	185.3	22.7	0.3	2.0	-30.0	50.5	37.8	-5.3	408.7	-607.7	-364.8	-28.9	
64.85	186.4	23.2	1.0	2.0	-29.6	50.6	35.1	-7.1	401.2	-568.2	-389.0	-26.2	
64.90	187.5	23.5	2.3	2.0	-30.4	50.7	23.6	1.5	396.1	-460.9	-642.3	-22.5	
64.95	188.6	23.7	6.1	2.0	-32.8	50.8	20.2	10.8	399.5	-497.9	-835.7	-11.7	
65.00	189.8	23.5	8.9	2.0	-34.3	50.9	22.6	14.7	401.5	-606.0	-881.8	-3.7	
65.05	190.9	24.1	7.1	2.0	-33.9	51.0	21.3	16.1	395.7	-620.4	-845.0	-9.5	
65.10	192.0	24.6	4.5	2.0	-32.1	51.1	24.1	9.1	388.1	-656.5	-648.4	-16.9	
65.15	193.1	24.5	4.0	2.0	-32.1	51.2	34.4	10.3	386.3	-815.0	-358.0	-18.2	
65.20	194.2	24.6	4.4	2.0	-33.8	51.3	45.0	26.6	389.3	-963.2	-117.6	-18.7	
65.25	195.3	24.6	4.7	2.0	-35.6	51.4	51.4	31.5	388.9	-1075.3	97.9	-19.3	
65.30	196.4	24.5	5.1	2.0	-37.5	51.5	50.5	27.5	382.6	-1219.5	236.1	-20.2	
65.35	197.4	25.0	4.4	2.0	-39.7	51.6	44.8	34.5	375.5	-1395.1	250.8	-24.7	
65.40	198.5	25.0	4.8	2.0	-42.9	51.7	42.0	47.1	374.4	-1621.9	248.3	-26.5	
65.45	199.6	24.7	5.8	2.0	-45.9	51.8	44.1	57.4	374.5	-1814.8	306.5	-26.2	
65.50	200.7	24.1	6.3	2.0	-47.2	51.9	47.0	61.6	370.8	-1879.4	431.2	-25.7	
65.55	201.8	23.8	5.1	2.0	-48.2	52.0	52.6	55.4	367.6	-1894.3	649.4	-30.6	
65.60	202.9	23.7	4.0	2.0	-50.1	52.1	60.0	51.3	368.1	-1961.3	868.2	-36.5	
65.65	203.9	24.6	5.0	2.0	-52.1	52.2	64.5	56.4	368.5	-2065.5	948.2	-34.9	
65.70	205.0	24.9	9.2	2.0	-53.7	52.3	63.9	64.3	365.6	-2221.4	868.1	-22.2	
65.75	206.1	24.9	11.6	2.0	-53.1	52.4	59.6	66.1	360.4	-2229.0	725.0	-13.3	
65.80	207.1	24.8	9.1	2.0	-51.2	52.5	50.0	69.4	354.1	-2146.2	557.1	-20.1	
65.85	208.2	25.1	9.3	2.0	-51.2	52.6	46.4	74.4	350.0	-2154.3	494.0	-19.2	
65.90	209.2	25.2	11.4	2.0	-52.1	52.7	52.3	75.1	350.0	-2208.5	536.5	-12.9	
65.95	210.3	24.5	12.3	2.0	-52.0	52.8	56.7	75.3	351.4	-2179.5	565.3	-9.8	
66.00	211.3	24.1	12.6	2.0	-51.7	52.9	56.3	76.4	348.6	-2139.2	625.5	-8.5	
66.05	212.3	23.8	14.3	2.0	-53.5	53.0	57.7	84.0	342.2	-2224.2	775.2	-4.3	
66.10	213.3	23.8	16.7	2.0	-55.7	53.1	60.3	93.3	336.1	-2345.8	863.5	1.6	
66.15	214.4	23.7	17.7	2.0	-55.7	53.2	61.2	92.1	333.0	-2361.2	825.9	5.1	
66.20	215.4	23.7	15.4	2.0	-53.3	53.3	57.7	85.7	330.2	-2227.4	726.5	-0.5	
66.25	216.4	23.9	14.5	2.0	-52.5	53.4	51.9	87.4	323.9	-2183.3	699.5	-2.8	
66.30	217.4	24.0	16.2	2.0	-55.1	53.5	51.6	98.8	316.6	-2318.2	845.0	0.6	
66.35	218.4	23.9	17.9	2.0	-57.6	53.6	56.8	103.7	315.8	-2421.6	1031.7	3.8	
66.40	219.5	23.7	15.0	2.0	-57.2	53.7	62.4	96.4	316.8	-2327.8	1190.2	-5.6	
66.45	220.5	23.4	12.2	2.0	-56.9	53.8	65.6	89.8	310.3	-2210.4	1376.6	-15.0	
66.50	221.5	23.5	14.6	2.0	-59.4	53.9	69.5	94.7	298.2	-2276.3	1607.9	-9.3	
66.55	222.5	23.8	18.1	2.0	-61.3	54.0	71.4	105.9	290.1	-2349.8	1710.0	0.7	
66.60	223.5	23.6	16.4	2.0	-59.1	54.1	66.4	108.9	289.4	-2255.5	1558.2	-2.7	
66.65	224.4	23.8	15.8	2.0	-56.7	54.2	59.8	105.1	287.0	-2203.2	1344.8	-2.6	
66.70	225.5	24.1	19.8	2.0	-58.3	54.3	57.4	109.5	282.4	-2387.0	1255.9	9.7	
66.75	226.5	24.4	23.0	2.0	-61.7	54.4	60.8	122.0	281.2	-2606.5	1308.1	17.2	
66.80	227.5	24.6	22.2	2.0	-63.8	54.5	63.1	129.3	281.1	-2732.1	1376.3	12.3	
66.85	228.5	24.9	22.6	2.0	-64.7	54.6	63.7	127.2	275.8	-2800.2	1410.4	12.8	
66.90	229.5	25.3	25.1	2.0	-65.4	54.7	63.7	126.9	268.1	-2878.4	1377.3	20.8	
66.95	230.5	25.2	28.5	2.0	-67.8	54.8	61.0	138.4	264.4	-3107.8	1255.3	29.9	
67.00	231.5	25.0	29.9	2.0	-70.4	54.9	57.3	152.2	263.5	-3330.7	1128.8	32.2	
67.05	232.5	25.1	28.5	2.0	-70.4	55.0	48.7	153.9	263.2	-3387.1	957.8	27.4	
67.10	233.5	25.6	26.9	2.0	-69.2	55.1	46.5	143.9	260.6	-3329.7	932.9	23.2	
67.15	234.5	25.9	27.4	2.0	-70.8	55.2	57.1	143.6	258.3	-3371.0	1171.8	23.2	
67.20	235.5	25.5	27.5	2.0	-75.6	55.3	74.0	156.2	257.1	-3538.0	1592.9	18.8	
67.25	236.5	24.7	26.4	2.0	-79.9	55.4	86.0	160.6	253.5	-3683.0	1984.6	10.9	
67.30	237.5	24.3	23.7	2.0	-81.4	55.5	87.8	149.8	244.8	-3744.7	2166.4	-0.1	
67.35	238.5	24.7	20.2	2.0	-81.0	55.6	81.8	141.4	235.3	-3793.2	2098.8	-11.7	
67.40	239.5	24.6	19.6	2.0	-81.5	55.7	76.3	149.5	232.2	-3912.9	1923.7	-14.1	
67.45	240.4	24.3	19.5	2.0	-82.7	55.8	74.2	164.9	233.5	-4037.8	1789.4	-15.7	
67.50	241.4	23.9	17.8	2.0	-82.9	55.9	69.9	166.4	228.1	-4075.4	1742.4	-21.6	
67.55	242.4	22.8	16.3	2.0	-83.2	56.0	66.8	159.7	218.0	-4104.8	1812.3	-27.1	
67.60	243.4	22.0	17.0	2.0	-85.3	56.1	71.7	159.4	210.7	-4199.2	1989.6	-26.9	
67.65	244.4	21.8	21.6	2.0	-88.9	56.2	80.3	170.3	206.3	-4382.4	2149.0	-14.8	
67.70	245.3	21.6	26.7	2.0	-90.2	56.3	83.9	182.3	202.2	-4473.3	2114.5	1.4	
67.75	246.3	22.1	29.2	2.0	-87.2	56.4	77.2	181.1	197.3	-4362.0	1855.6	13.1	
67.80	247.2	23.5	31.4	2.0	-83.9	56.5	64.4	179.2	191.4	-4255.9	1504.1	23.9	
67.85	248.2	23.4	33.1	2.0	-83.0	56.6	53.5	185.4	188.2	-4277.7	1182.3	30.8	
67.90	249.2	23.1	33.3	2.0	-81.8	56.7	50.5	187.3	190.2	-4234.3	946.3	32.5	
67.95	250.2	22.7	32.0	2.0	-77.8	56.8	54.1	174.3	191.1	-3970.8	890.0	32.0	
68.00	251.1	22.7	30.5	2.0	-73.1	56.9	58.0	161.6	184.2	-3617.2	1010.7	31.5	
68.05	252.1	22.7	30.8	2.0	-72.0	57.0	62.8	162.6	174.1	-3459.4	1234.2	33.7	
68.10	253.1	22.7	34.9	2.0	-73.4	57.1	69.2	170.1	171.5	-3497.0	1350.1	46.3	
68.15	254.0	23.0	35.5	2.0	-73.1	57.2	70.4	170.6	176.1	-3507.8	1246.6	48.8	
68.20	255.0	23.5	35.0	2.0	-71.4	57.3	65.7	162.0	172.9	-3430.7	1163.3	48.8	
68.25	256.0	24.1	33.2	2.0	-70.1	57.4	57.2	156.4	161.5	-3361.8	1172.0	44.0	
68.30	256.9	24.0	30.5	2.0	-70.4	57.5	53.1	161.0	155.3	-3387.5	1155.9	34.1	
68.35	257.9	23.9	28.3	2.0	-71.8	57.6	59.9	165.8	157.6	-3472.1	1161.7	25.2	
68.40	258.9	23.9	28.7	2.0	-74.0	57.7	67.6	165.5	155.8	-3603.9	1280.3	24.5	
68.45	259.8	24.0	27.9	2.0	-76.3	57.8	66.3	165.1	143.4	-3730.9	1473.2	19.3	
68.50	260.7	23.8	25.9	2.0	-77.9	57.9	63.3	165.2	130.4	-3800.0	1651.2	11.1	
68.55	261.7	23.7	27.2	2.0	-80.2	58.0	67.3	170.6	125.0	-3922.3	1759.9	13.1	
68.60	262.6	24.0	30.7	2.0	-82.4	58.1	74.0	181.0	122.8	-4066.7	1764.4	23.1	
68.65	263.5	23.4	30.9	2.0	-82.9	58.2	72.7	186.9	115.1	-4140.9	1675.1	23.0	
68.70	264.4	22.8	28.9	2.0	-82.8	58.3	65.4	185.6	105.9	-4187.7	1573.7	16.4	
68.75	265.3	22.8	28.5	2.0	-83.0	58.4	61.5	180.9	96.9	-4237.0	1561.2	14.8	
68.80	266.2	21.7	29.8	2.0	-84.2	58.5	63.0	185.0	90.4	-4324.9	1565.7	18.2	
68.85	267.1	20.7	30.7	2.0	-85.4	58.6	66.0	192.2	86.6	-4417.8	1508.6	20.1	
68.90	268.0	20.1	32.5	2.0	-86.4	58.7	68.4	194.7	82.6	-4505.3	1471.2	25.2	
68.95	268.9	20.5	34.8	2.0	-87.9	58.8	66.3	197.7	76.4	-4627.3	1454.9	31.7	
69.00	269.8	21.0	36.2	2.0	-90.9	58.9	60.6	207.4	68.2	-4849.7	1457.5	33.4	
69.05	270.7	21.4	35.7	2.0	-92.3	59.0	57.1	211.4	63.3	-4964.8	1407.9	30.3	
69.10	271.6	21.8	33.8	2.0	-90.3	59.1	57.7	206.5	64.1	-4858.3	1281.2	25.5	
69.15	272.5	21.8	32.5	2.0	-87.3	59.2	59.8	196.9	64.5	-4670.6	1199.7	24.3	
69.20	273.4	21.7	31.4	2.0	-85.5	59.3	60.8	188.2	58.6	-4545.3	1239.0	22.4	
69.25	274.3	22.4	29.9	2.0	-85.0	59.4	58.8	188.1	50.9	-4508.2	1255.6	17.6	
69.30	275.2	22.4	29.2	2.0	-85.2	59.5	55.4	189.3	46.5	-4554.7	1156.0	15.2	
69.35	276.0	22.0	32.3	2.0	-86.2	59.6	53.8	187.7	44.7	-4678.2	1013.0	24.5	
69.40	276.9	21.2	35.8	2.0	-87.7	59.7	51.1	190.0	41.0	-4816.0	875.6	35.3	
69.45	277.8	20.7	36.4	2.0	-88.0	59.8	45.1	196.6	33.4	-4850.9	745.8	37.1	
69.50	278.6	20.5	35.9	2.0	-87.4	59.9	40.0	198.1	26.4	-4829.7	618.3	35.7	
69.55	279.5	21.0	35.7	2.0	-86.4	60.0	38.8	193.4	24.4	-4784.5	475.7	36.3	
69.60	280.3	20.3	37.0	2.0	-85.7	60.1	37.3	191.2	22.2	-4750.3	345.4	41.2	
69.65	281.1	19.9	37.7	2.0	-86.2	60.2	33.9	195.7	13.8	-4789.1	296.0	43.1	
69.70	281.9	19.9	39.5	2.0	-86.5	60.3	28.8	201.1	2.6	-4805.9	281.7	49.2	
69.75	282.7	19.7	40.5	2.0	-85.6	60.4	24.5	201.1	-4.6	-4744.7	223.1	53.3	
69.80	283.5	19.8	41.9	2.0	-84.8	60.5	26.5	195.8	-6.6	-4696.1	178.4	59.1	
69.85	284.3	20.2	42.1	2.0	-83.5	60.6	27.2	196.0	-10.8	-4597.1	135.8	61.0	
69.90	285.1	20.9	39.5	2.0	-81.3	60.7	26.3	197.2	-18.8	-4418.3	186.0	54.3	
69.95	285.9	21.5	38.2	2.0	-79.5	60.8	29.9	189.3	-24.2	-4284.0	369.9	51.5	
70.00	286.7	21.9	37.5	2.0	-78.3	60.9	35.8	182.8	-27.3	-4187.3	564.7	50.6	
70.05	287.5	22.2	36.1	2.0	-78.3	61.0	36.8	186.4	-32.1	-4159.4	659.1	45.7	
70.10	288.3	21.9	37.0	2.0	-79.3	61.1	38.0	188.0	-40.3	-4196.3	798.3	47.8	
70.15	289.1	21.5	35.2	2.0	-79.5	61.2	39.5	185.4	-45.2	-4197.6	911.6	41.2	
70.20	289.9	21.6	31.8	2.0	-77.9	61.3	38.1	179.5	-45.9	-4086.5	919.8	31.3	
70.25	290.7	21.2	28.1	2.0	-76.5	61.4	38.2	172.7	-49.0	-3982.8	978.3	20.0	
70.30	291.5	21.3	26.8	2.0	-77.2	61.5	39.3	171.1	-52.9	-4010.6	1070.1	14.7	
70.35	292.3	22.4	27.6	2.0	-79.1	61.6	37.9	176.2	-54.4	-4138.7	1098.9	15.7	
70.40	293.1	22.1	29.2	2.0	-81.2	61.7	35.4	182.0	-55.5	-4293.7	1083.9	18.9	
70.45	293.9	21.7	30.8	2.0	-83.3	61.8	34.7	187.7	-59.9	-4426.9	1110.6	22.6	
70.50	294.6	21.3	32.2	2.0	-83.7	61.9	35.3	189.2	-65.3	-4435.5	1161.0	26.8	
70.55	295.4	21.5	32.3	2.0	-82.2	62.0	37.6	184.6	-67.2	-4331.9	1169.8	28.7	
70.60	296.2	21.8	31.0	2.0	-79.6	62.1	38.8	176.2	-67.8	-4175.0	1077.0	26.6	
70.65	296.9	22.0	29.2	2.0	-78.0	62.2	35.7	173.8	-71.9	-4091.2	928.1	22.2	
70.70	297.7	22.1	31.4	2.0	-78.3	62.3	30.9	174.9	-79.0	-4133.2	812.2	29.6	
70.75	298.5	22.2	34.5	2.0	-79.3	62.4	25.4	177.2	-83.2	-4233.1	647.9	39.0	
70.80	299.2	22.2	36.1	2.0	-80.1	62.5	18.4	181.7	-86.7	-4306.4	406.8	43.8	
70.85	299.9	21.4	37.8	2.0	-81.2	62.6	12.1	187.4	-94.3	-4382.8	216.7	48.6	
70.90	300.7	21.1	39.4	2.0	-81.7	62.7	10.3	187.2	-100.5	-4423.7	121.0	53.7	
70.95	301.4	21.0	39.5	2.0	-80.0	62.8	10.8	178.5	-102.6	-4316.7	68.0	55.7	
71.00	302.2	21.1	38.2	2.0	-78.1	62.9	12.4	173.1	-106.4	-4185.1	60.1	53.2	
71.05	302.9	21.1	37.5	2.0	-77.4	63.0	13.7	175.4	-113.9	-4118.0	71.8	51.5	
71.10	303.6	21.2	38.3	2.0	-77.3	63.1	13.6	177.4	-118.1	-4102.6	67.6	54.1	
71.15	304.4	21.6	39.4	2.0	-77.0	63.2	13.2	172.2	-117.4	-4097.1	66.3	58.1	
71.20	305.1	21.9	39.3	2.0	-77.1	63.3	11.5	170.5	-119.7	-4105.1	70.4	58.0	
71.25	305.9	22.2	37.4	2.0	-77.1	63.4	9.8	173.2	-128.1	-4094.9	120.8	51.2	
71.30	306.6	22.5	35.5	2.0	-76.5	63.5	10.5	170.6	-132.8	-4051.6	164.1	45.5	
71.35	307.4	22.9	32.7	2.0	-74.8	63.6	14.0	161.2	-129.9	-3951.6	165.0	37.6	
71.40	308.1	23.3	31.1	2.0	-74.2	63.7	12.5	155.9	-129.7	-3920.5	108.8	32.5	
71.45	308.9	23.8	30.7	2.0	-74.5	63.8	9.8	156.4	-136.6	-3942.2	117.5	30.8	
71.50	309.6	24.3	30.5	2.0	-75.3	63.9	12.4	157.1	-141.0	-3987.6	188.5	29.6	
71.55	310.4	24.5	31.4	2.0	-75.6	64.0	17.4	155.4	-137.0	-4020.3	211.5	32.1	
71.60	311.1	24.3	30.9	2.0	-75.0	64.1	18.9	153.3	-135.1	-3980.0	206.0	31.0	
71.65	311.8	23.9	30.8	2.0	-74.5	64.2	17.2	151.1	-142.3	-3939.3	241.8	31.4	
71.70	312.6	23.5	31.8	2.0	-74.1	64.3	18.1	149.8	-148.2	-3904.2	284.7	35.0	
71.75	313.3	23.2	31.8	2.0	-73.1	64.4	20.8	147.4	-147.6	-3837.3	245.4	36.2	
71.80	314.0	23.1	30.5	2.0	-72.5	64.5	24.0	147.0	-146.5	-3802.1	196.8	32.0	
71.85	314.7	22.8	31.1	2.0	-74.0	64.6	24.6	149.0	-152.7	-3899.2	256.5	32.7	
71.90	315.4	22.2	30.8	2.0	-74.4	64.7	21.5	146.2	-159.8	-3925.6	336.4	31.2	
71.95	316.1	22.1	28.0	2.0	-72.7	64.8	20.4	138.1	-161.6	-3819.2	368.3	23.5	
72.00	316.8	21.6	26.4	2.0	-72.1	64.9	25.8	134.8	-162.3	-3768.0	437.4	18.7	
72.05	317.5	20.9	28.1	2.0	-73.7	65.0	30.2	139.4	-165.2	-3864.8	511.5	22.7	
72.10	318.2	20.6	29.3	2.0	-75.5	65.1	27.7	140.0	-168.2	-3996.2	512.8	25.3	
72.15	318.9	20.2	26.8	2.0	-75.6	65.2	22.1	133.3	-173.1	-4025.6	492.3	16.5	
72.20	319.6	19.9	24.9	2.0	-75.4	65.3	19.6	131.8	-179.7	-4009.7	510.0	10.1	
72.25	320.3	19.5	24.8	2.0	-74.7	65.4	25.2	133.5	-181.7	-3933.5	611.7	10.3	
72.30	321.0	19.6	23.3	2.0	-72.0	65.5	31.9	126.3	-178.7	-3725.1	713.8	7.9	
72.35	321.7	20.1	20.0	2.0	-67.9	65.6	30.8	115.7	-181.2	-3432.8	745.4	0.8	
72.40	322.4	20.6	17.8	2.0	-64.7	65.7	26.7	108.8	-189.1	-3210.7	717.5	-3.7	
72.45	323.1	20.7	19.8	2.0	-64.0	65.8	27.8	106.4	-190.0	-3174.9	651.8	4.0	
72.50	323.8	20.9	23.6	2.0	-64.4	65.9	29.3	110.1	-183.2	-3225.7	507.6	16.5	
72.55	324.5	21.4	26.1	2.0	-64.6	66.0	29.1	115.9	-183.6	-3230.8	440.4	25.0	
72.60	325.2	22.1	25.5	2.0	-63.1	66.1	28.8	113.1	-191.6	-3111.9	520.0	24.2	
72.65	325.9	22.7	23.7	2.0	-60.5	66.2	30.3	105.0	-194.9	-2911.7	611.5	20.8	
72.70	326.6	22.3	21.4	2.0	-57.6	66.3	33.6	96.8	-189.6	-2710.7	602.1	16.0	
72.75	327.3	22.0	20.5	2.0	-55.9	66.4	34.8	94.2	-187.0	-2609.6	524.3	14.4	
72.80	328.0	21.8	20.8	2.0	-55.9	66.5	29.8	95.9	-193.5	-2622.4	405.8	15.4	
72.85	328.7	21.6	23.9	2.0	-58.0	66.6	19.2	103.4	-198.1	-2785.2	185.7	23.9	
72.90	329.4	21.3	26.0	2.0	-60.9	66.7	13.5	112.8	-197.2	-2990.5	-4.3	28.4	
72.95	330.0	21.0	27.9	2.0	-63.4	66.8	18.1	119.1	-198.0	-3155.5	50.0	32.5	
73.00	330.7	21.0	26.0	2.0	-62.7	66.9	27.8	113.0	-201.6	-3103.9	303.1	26.4	
73.05	331.4	20.9	21.4	2.0	-59.2	67.0	35.1	98.1	-205.3	-2820.2	581.8	14.4	
73.10	332.1	21.1	17.4	2.0	-55.9	67.1	40.1	85.3	-208.9	-2535.9	789.8	3.9	
73.15	332.7	21.8	16.2	2.0	-55.5	67.2	44.5	82.3	-210.8	-2477.4	874.5	0.2	
73.20	333.4	21.6	15.1	2.0	-55.0	67.3	39.9	82.3	-209.2	-2501.2	712.1	-3.0	
73.25	334.0	21.6	13.4	2.0	-54.0	67.5	28.8	80.2	-210.1	-2495.0	493.4	-7.9	
73.30	334.7	22.1	13.8	2.0	-54.2	67.6	25.5	77.5	-218.5	-2504.9	524.6	-7.0	
73.35	335.3	22.5	13.4	2.0	-55.1	67.7	30.3	79.4	-225.2	-2516.4	715.2	-9.2	
73.40	336.0	23.0	12.2	2.0	-55.5	67.8	37.9	77.8	-222.9	-2481.0	909.5	-13.8	
73.45	336.7	23.5	11.8	2.0	-56.1	67.9	43.2	68.9	-220.5	-2490.8	1059.1	-15.5	
73.50	337.3	22.9	11.1	2.0	-57.5	68.0	42.4	67.9	-227.3	-2578.0	1111.4	-19.3	
73.55	338.0	22.4	12.3	2.0	-59.0	68.1	38.5	78.1	-232.0	-2721.8	995.4	-16.7	
73.60	338.6	22.3	14.3	2.0	-59.7	68.2	36.8	84.0	-224.5	-2845.7	759.1	-10.5	
73.65	339.3	22.8	15.7	2.0	-59.7	68.3	34.2	81.1	-217.2	-2906.4	539.2	-5.7	
73.70	339.9	22.9	14.5	2.0	-58.8	68.4	26.1	80.1	-224.1	-2869.3	418.5	-9.1	
73.75	340.6	22.9	12.7	2.0	-57.2	68.5	23.8	81.5	-236.0	-2724.6	474.8	-13.7	
73.80	341.2	23.5	11.9	2.0	-54.9	68.6	31.3	76.6	-234.3	-2531.6	573.6	-14.1	
73.85	341.9	24.0	12.3	2.0	-52.9	68.7	35.5	72.7	-226.0	-2402.2	534.7	-10.8	
73.90	342.5	24.3	14.1	2.0	-52.7	68.8	28.5	74.0	-229.8	-2416.6	371.6	-4.1	
73.95	343.2	23.8	15.6	2.0	-53.5	68.9	20.3	74.4	-239.1	-2495.2	199.0	-0.0	
74.00	343.8	23.1	14.9	2.0	-52.5	69.0	18.8	70.5	-234.8	-2442.8	20.4	-1.2	
74.05	344.5	22.8	13.4	2.0	-50.3	69.1	22.2	67.6	-225.4	-2292.5	-71.9	-4.5	
74.10	345.1	23.2	14.4	2.0	-49.5	69.2	25.8	67.5	-230.6	-2220.8	41.7	0.1	
74.15	345.7	24.4	14.6	2.0	-49.0	69.3	25.9	62.7	-243.8	-2180.2	206.8	1.2	
74.20	346.3	25.1	11.9	2.0	-47.3	69.4	20.5	54.0	-245.4	-2083.6	140.8	-6.5	
74.25	347.0	25.1	11.2	2.0	-47.6	69.5	14.6	53.8	-239.3	-2120.3	-81.2	-9.3	
74.30	347.6	25.2	16.2	2.0	-52.0	69.6	11.7	64.9	-241.3	-2414.8	-229.1	3.5	
74.35	348.2	25.6	18.9	2.0	-56.1	69.7	5.1	75.8	-248.5	-2672.1	-373.5	8.9	
74.40	348.8	26.2	13.7	2.0	-54.9	69.8	-4.0	72.5	-247.8	-2552.8	-571.1	-7.8	
74.45	349.4	26.4	9.1	2.0	-50.7	69.9	-2.6	58.6	-243.7	-2275.7	-569.6	-19.6	
74.50	350.0	26.7	8.1	2.0	-47.8	70.0	9.4	48.5	-246.5	-2133.0	-289.8	-20.0	
74.55	350.6	27.0	9.6	2.0	-47.1	70.1	17.0	49.1	-252.2	-2080.7	-60.4	-14.0	
74.60	351.2	27.4	9.4	2.0	-45.8	70.2	15.4	48.9	-251.0	-1985.9	-62.6	-13.4	
74.65	351.8	27.8	9.0	2.0	-44.7	70.3	11.3	44.2	-248.2	-1916.1	-168.1	-13.7	
74.70	352.4	28.3	9.2	2.0	-45.1	70.4	5.3	46.3	-251.2	-1924.0	-304.3	-13.6	
74.75	353.0	28.7	10.1	2.0	-45.3	70.5	-0.1	51.0	-252.8	-1901.7	-446.3	-10.6	
74.80	353.6	28.9	7.2	2.0	-41.8	70.6	1.4	38.6	-248.0	-1659.4	-479.6	-17.2	
74.85	354.2	29.0	2.4	2.0	-36.1	70.7	3.5	21.4	-246.5	-1278.8	-408.8	-27.9	
74.90	354.8	29.0	1.3	2.0	-32.7	70.8	3.2	20.2	-253.9	-1049.2	-268.1	-28.1	
74.95	355.4	28.7	3.9	2.0	-33.6	70.9	9.8	29.5	-259.0	-1116.9	-61.5	-20.3	
75.00	356.0	28.8	6.5	2.0	-36.1	71.0	16.6	34.6	-252.3	-1289.3	-7.7	-13.9	
75.05	356.6	29.2	7.0	2.0	-37.7	71.1	11.3	36.9	-245.5	-1407.5	-183.8	-13.8	
75.10	357.2	28.9	7.2	2.0	-38.9	71.2	3.6	38.7	-250.9	-1477.1	-276.9	-14.1	
75.15	357.8	28.5	8.6	2.0	-38.8	71.3	2.8	38.3	-257.2	-1471.4	-232.2	-9.2	
75.20	358.3	28.1	6.3	2.0	-35.2	71.4	5.7	30.2	-253.6	-1224.9	-209.5	-13.5	
75.25	358.9	27.9	0.9	2.0	-31.5	71.5	5.3	21.6	-250.3	-958.8	-244.3	-28.6	
75.30	359.5	27.3	-2.1	2.0	-30.1	71.6	-0.7	13.8	-256.7	-849.8	-303.5	-37.2	
75.35	360.0	26.5	-1.7	2.0	-29.4	71.7	-7.1	7.3	-263.3	-765.9	-385.9	-35.2	
75.40	0.5	25.9	-1.6	2.0	-28.3	71.8	-8.5	3.2	-259.6	-608.9	-492.7	-33.9	
75.45	1.1	25.8	-0.6	2.0	-27.5	71.9	-4.6	4.1	-253.7	-505.4	-528.6	-29.6	
75.50	1.6	25.6	1.0	2.0	-26.4	72.0	-1.2	2.4	-255.9	-444.4	-481.8	-23.1	
75.55	2.2	25.1	1.2	2.0	-25.3	72.1	-1.7	-5.5	-260.8	-307.9	-471.7	-21.3	
75.60	2.7	25.0	1.3	2.0	-26.0	72.2	-4.0	-14.8	-260.3	-157.6	-565.6	-21.5	
75.65	3.3	25.1	1.0	2.0	-27.9	72.3	-6.0	-20.7	-257.9	-55.7	-712.1	-24.5	
75.70	3.8	25.4	1.8	2.0	-30.7	72.4	-11.6	-16.1	-260.2	-102.8	-921.1	-24.4	
75.75	4.3	26.0	5.5	2.0	-35.0	72.5	-21.8	-8.9	-263.0	-226.4	-1220.3	-16.2	
75.80	4.9	25.9	8.2	2.0	-38.8	72.6	-28.2	-11.3	-260.4	-301.5	-1481.3	-10.6	
75.85	5.4	25.1	7.5	2.0	-40.6	72.7	-29.8	-12.3	-257.0	-331.7	-1609.2	-14.7	
75.90	6.0	25.8	7.4	2.0	-39.8	72.8	-27.9	-8.3	-258.2	-340.0	-1553.2	-14.5	
75.95	6.5	26.0	8.4	2.0	-36.9	72.9	-20.4	-6.6	-260.6	-385.2	-1343.9	-7.9	
76.00	7.0	25.8	9.9	2.0	-35.1	73.0	-14.5	-5.0	-259.7	-484.1	-1178.5	-1.0	
76.05	7.6	25.4	8.2	2.0	-34.7	73.1	-14.9	-1.8	-258.2	-532.1	-1132.8	-6.5	
76.10	8.1	25.0	7.4	2.0	-34.8	73.2	-17.0	1.1	-258.4	-552.6	-1118.8	-9.5	
76.15	8.6	24.8	5.8	2.0	-33.8	73.3	-16.7	-1.9	-259.1	-502.1	-1063.2	-13.8	
76.20	9.1	25.4	2.1	2.0	-32.5	73.4	-17.4	-8.7	-258.0	-337.7	-1015.6	-25.4	
76.25	9.6	25.9	-3.1	2.0	-30.9	73.5	-17.9	-12.8	-257.6	-159.4	-927.8	-41.7	
76.30	10.2	26.2	-7.1	2.0	-28.2	73.6	-14.3	-16.7	-258.3	-77.5	-729.6	-52.5	
76.35	10.7	26.2	-8.6	2.0	-24.5	73.7	-7.5	-23.7	-260.0	6.4	-447.8	-53.9	
76.40	11.2	26.4	-10.4	2.0	-21.4	73.8	-1.1	-26.4	-261.0	99.3	-176.5	-57.1	
76.45	11.6	26.4	-11.4	2.0	-20.7	73.9	3.1	-26.5	-260.1	150.6	5.2	-59.7	
76.50	12.1	26.0	-10.1	2.0	-20.7	74.0	7.2	-26.4	-258.3	101.3	109.8	-55.4	
76.55	12.6	26.3	-8.4	2.0	-19.4	74.1	6.6	-22.1	-257.6	7.2	69.4	-48.1	
76.60	13.1	26.5	-8.7	2.0	-19.5	74.2	2.2	-21.3	-256.1	36.7	-74.5	-49.3	
76.65	13.5	26.1	-9.6	2.0	-22.2	74.3	-1.0	-29.3	-254.4	167.9	-199.9	-55.3	
76.70	14.0	25.8	-10.4	2.0	-24.6	74.4	-1.7	-37.0	-255.4	325.5	-265.0	-60.3	
76.75	14.5	25.6	-8.6	2.0	-26.4	74.5	-3.3	-38.6	-257.6	423.2	-350.4	-55.7	
76.80	14.9	25.7	-7.1	2.0	-28.2	74.6	-4.2	-44.2	-257.4	485.8	-464.0	-52.4	
76.85	15.4	25.1	-5.1	2.0	-30.4	74.7	-5.4	-51.5	-255.4	527.3	-624.2	-48.0	
76.90	15.8	24.7	-2.2	2.0	-32.4	74.8	-9.2	-49.8	-255.3	528.7	-815.2	-39.9	
76.95	16.3	24.6	-0.3	2.0	-33.4	74.9	-12.2	-41.7	-256.2	450.0	-966.8	-34.4	
77.00	16.7	25.2	1.5	2.0	-34.6	75.0	-12.4	-40.9	-254.2	420.1	-1085.8	-29.3	
77.05	17.2	25.4	2.5	2.0	-36.5	75.1	-12.6	-44.2	-251.4	498.2	-1199.1	-27.9	
77.10	17.7	25.0	2.9	2.0	-37.5	75.2	-13.5	-46.2	-252.3	545.2	-1252.1	-27.4	
77.15	18.1	24.3	2.8	2.0	-37.2	75.3	-12.9	-49.5	-255.9	559.6	-1207.4	-27.7	
77.20	18.6	24.1	2.2	2.0	-36.7	75.4	-12.7	-48.5	-256.0	569.1	-1167.2	-29.2	
77.25	19.0	24.5	1.0	2.0	-36.8	75.5	-13.7	-46.9	-254.5	630.8	-1147.1	-33.2	
77.30	19.4	24.1	1.2	2.0	-35.6	75.6	-13.0	-46.5	-256.9	591.2	-1069.8	-31.6	
77.35	19.9	24.1	1.8	2.0	-34.4	75.7	-13.4	-46.1	-258.9	485.9	-1020.5	-28.2	
77.40	20.3	24.4	-0.2	2.0	-34.0	75.8	-14.7	-45.1	-255.9	451.7	-1004.5	-34.8	
77.45	20.7	24.0	-2.6	2.0	-32.4	75.9	-10.0	-45.5	-252.7	484.6	-855.2	-41.5	
77.50	21.1	23.9	-4.5	2.0	-29.4	76.0	-0.8	-46.6	-254.6	502.4	-567.0	-44.9	
77.55	21.5	23.9	-5.5	2.0	-26.7	76.1	4.1	-44.6	-256.2	427.9	-358.1	-45.5	
77.60	21.9	23.4	-6.5	2.0	-24.8	76.2	6.0	-43.4	-252.3	314.9	-279.3	-47.0	
77.65	22.3	23.3	-6.9	2.0	-23.3	76.3	9.2	-47.9	-247.9	219.6	-197.1	-47.2	
77.70	22.7	23.4	-9.6	2.0	-22.4	76.4	8.9	-50.5	-249.8	196.0	-100.3	-55.6	
77.75	23.1	23.4	-11.7	2.0	-23.8	76.5	3.0	-49.9	-253.2	307.6	-99.9	-64.0	
77.80	23.5	23.7	-12.7	2.0	-26.5	76.6	2.3	-54.4	-251.3	501.6	-126.1	-70.0	
77.85	23.9	24.2	-11.9	2.0	-28.7	76.7	5.4	-63.9	-246.1	643.0	-156.0	-69.5	
77.90	24.2	24.4	-10.8	2.0	-29.5	76.8	7.2	-66.8	-245.2	697.0	-147.6	-66.8	
77.95	24.6	24.5	-9.9	2.0	-29.3	76.9	8.0	-62.9	-246.8	695.2	-96.9	-63.3	
78.00	25.0	24.6	-9.7	2.0	-29.0	77.0	13.4	-62.4	-245.8	684.5	26.9	-62.5	
78.05	25.3	24.6	-8.3	2.0	-29.1	77.1	19.1	-62.9	-243.0	677.7	121.4	-57.5	
78.10	25.7	24.4	-7.1	2.0	-29.5	77.2	22.3	-63.9	-243.0	693.0	158.8	-53.8	
78.15	26.1	24.2	-6.7	2.0	-30.7	77.3	23.5	-70.4	-243.8	771.6	147.4	-53.8	
78.20	26.5	24.3	-8.8	2.0	-32.8	77.4	19.7	-79.0	-242.9	923.2	36.4	-62.9	
78.25	26.8	24.2	-10.6	2.0	-34.7	77.5	11.5	-80.9	-243.5	1055.1	-143.7	-71.2	
78.30	27.2	23.9	-11.0	2.0	-35.3	77.6	4.6	-76.8	-246.0	1083.8	-293.1	-73.1	
78.35	27.6	23.4	-8.3	2.0	-34.4	77.7	3.8	-70.1	-246.9	1017.5	-338.5	-63.0	
78.40	27.9	23.5	-6.7	2.0	-33.8	77.8	7.2	-69.1	-244.4	989.4	-291.4	-56.9	
78.45	28.3	23.6	-6.9	2.0	-34.8	77.9	11.3	-75.3	-242.8	1077.1	-169.2	-58.6	
78.50	28.7	23.7	-7.1	2.0	-36.7	78.0	13.3	-79.9	-246.6	1213.0	-7.8	-61.2	
78.55	29.0	24.0	-6.8	2.0	-39.0	78.1	17.5	-86.5	-248.5	1362.4	116.0	-62.3	
78.60	29.4	24.2	-6.0	2.0	-40.3	78.2	21.0	-91.2	-243.5	1448.9	85.4	-61.0	
78.65	29.7	24.5	-6.7	2.0	-39.6	78.3	18.3	-90.9	-238.1	1407.6	-74.1	-62.7	
78.70	30.1	25.0	-7.5	2.0	-38.1	78.4	9.7	-87.0	-240.0	1288.0	-227.0	-63.9	
78.75	30.4	25.1	-8.3	2.0	-37.2	78.5	3.3	-85.4	-244.0	1208.2	-283.5	-65.8	
78.80	30.7	25.0	-9.3	2.0	-37.7	78.6	0.9	-86.3	-240.8	1234.1	-324.3	-69.5	
78.85	31.1	25.0	-8.1	2.0	-39.1	78.7	3.6	-88.2	-236.1	1351.7	-294.4	-67.0	
78.90	31.4	24.5	-6.7	2.0	-40.2	78.8	11.5	-93.5	-237.9	1442.7	-104.6	-63.2	
78.95	31.7	23.6	-9.1	2.0	-41.2	78.9	13.3	-99.6	-237.0	1505.9	-16.8	-72.5	
79.00	32.1	22.4	-10.8	2.0	-43.3	79.0	9.5	-106.3	-231.1	1650.0	-108.8	-80.3	
79.05	32.4	22.7	-9.4	2.0	-45.0	79.1	12.5	-111.1	-227.9	1761.3	-128.2	-77.4	
79.10	32.7	23.0	-6.5	2.0	-44.6	79.2	17.7	-109.1	-229.6	1736.2	-59.0	-66.8	
79.15	33.0	22.4	-6.7	2.0	-43.9	79.3	16.2	-102.5	-228.4	1701.1	-86.5	-66.7	
79.20	33.3	22.2	-8.8	2.0	-45.9	79.4	7.8	-106.3	-225.2	1836.3	-232.2	-76.2	
79.25	33.6	22.1	-8.4	2.0	-47.9	79.5	5.5	-117.6	-229.5	1955.8	-215.0	-76.9	
79.30	33.9	22.1	-9.1	2.0	-48.8	79.6	7.6	-119.0	-234.1	2022.4	-132.1	-80.0	
79.35	34.2	21.5	-9.8	2.0	-49.8	79.7	4.8	-112.4	-229.0	2115.3	-242.0	-83.4	
79.40	34.5	21.2	-9.7	2.0	-49.2	79.8	2.6	-108.1	-224.3	2067.0	-364.6	-82.6	
79.45	34.9	21.0	-8.1	2.0	-46.1	79.9	2.6	-107.1	-227.6	1821.9	-381.4	-73.8	
79.50	35.2	20.5	-6.9	2.0	-43.3	80.0	-1.6	-101.1	-230.0	1608.4	-443.9	-67.1	
79.55	35.4	19.9	-6.4	2.0	-42.0	80.1	-6.3	-91.0	-227.0	1503.7	-540.4	-63.8	
79.60	35.7	19.6	-4.1	2.0	-40.3	80.2	-1.2	-86.9	-225.9	1406.6	-473.5	-54.2	
79.65	36.0	20.2	-1.0	2.0	-38.9	80.3	3.0	-87.2	-229.5	1316.7	-398.0	-42.4	
79.70	36.3	20.2	-2.1	2.0	-39.5	80.4	-4.1	-87.2	-229.5	1314.8	-538.1	-46.8	
79.75	36.6	20.1	-5.0	2.0	-41.8	80.5	-14.1	-90.0	-223.5	1371.8	-797.7	-59.0	
79.80	36.9	20.3	-4.1	2.0	-42.8	80.6	-15.8	-95.5	-220.6	1362.5	-927.1	-57.0	
79.85	37.1	20.7	-2.1	2.0	-42.5	80.7	-13.2	-94.5	-222.8	1348.9	-914.0	-49.8	
79.90	37.4	20.9	-2.5	2.0	-44.0	80.8	-16.2	-94.1	-221.3	1456.9	-960.7	-52.6	
79.95	37.7	20.6	-4.9	2.0	-46.0	80.9	-18.5	-102.9	-217.9	1587.8	-985.1	-62.9	
80.00	38.0	20.7	-6.7	2.0	-46.0	81.0	-18.7	-113.7	-220.7	1586.3	-927.2	-68.9	
80.05	38.3	20.5	-6.1	2.0	-46.3	81.1	-19.0	-120.1	-223.0	1584.3	-930.2	-67.1	
80.10	38.5	20.1	-5.6	2.0	-47.0	81.2	-20.6	-116.6	-215.2	1557.9	-1097.9	-66.3	
80.15	38.8	20.1	-5.1	2.0	-45.8	81.3	-19.4	-109.9	-208.3	1407.8	-1194.0	-63.3	
80.20	39.1	19.8	-3.1	2.0	-44.5	81.4	-18.4	-111.0	-207.8	1271.5	-1191.7	-55.2	
80.25	39.3	19.1	-1.7	2.0	-44.7	81.5	-23.7	-112.1	-209.3	1237.0	-1234.7	-50.4	
80.30	39.6	18.8	-4.0	2.0	-44.5	81.6	-26.4	-111.3	-209.1	1235.9	-1216.4	-58.3	
80.35	39.8	18.6	-3.2	2.0	-42.4	81.7	-18.6	-110.8	-209.0	1208.6	-1018.4	-53.5	
80.40	40.1	18.7	-1.9	2.0	-41.7	81.8	-11.4	-112.4	-209.6	1271.5	-848.6	-48.1	
80.45	40.4	19.0	-3.5	2.0	-44.7	81.9	-17.0	-116.9	-209.7	1485.5	-909.5	-56.7	
80.50	40.6	19.8	-6.3	2.0	-48.2	82.0	-25.3	-124.0	-210.0	1687.8	-1036.7	-69.8	
80.55	40.9	20.4	-5.2	2.0	-50.1	82.1	-24.7	-129.2	-209.0	1818.0	-1074.9	-67.9	
80.60	41.1	20.0	-4.3	2.0	-51.9	82.2	-20.8	-128.4	-204.7	1964.1	-1107.5	-66.7	
80.65	41.4	19.8	-3.6	2.0	-54.1	82.3	-18.1	-128.8	-202.7	2176.1	-1060.7	-66.4	
80.70	41.6	19.4	-2.4	2.0	-55.6	82.4	-14.3	-134.2	-207.9	2373.8	-840.4	-64.0	
80.75	41.8	18.9	-1.8	2.0	-57.8	82.5	-10.6	-143.8	-213.9	2582.1	-611.7	-64.0	
80.80	42.1	17.9	-2.0	2.0	-59.9	82.6	-9.7	-148.4	-212.3	2736.8	-574.7	-66.7	
80.85	42.3	17.4	-1.1	2.0	-59.4	82.7	-6.9	-142.3	-208.1	2713.5	-600.4	-63.2	
80.90	42.5	17.6	-0.2	2.0	-57.4	82.8	-6.0	-133.8	-206.9	2582.4	-625.3	-57.9	
80.95	42.7	18.9	-1.5	2.0	-56.9	82.9	-14.3	-128.6	-205.3	2505.6	-812.9	-62.1	
81.00	43.0	19.4	-2.4	2.0	-58.5	83.0	-22.8	-129.9	-201.9	2552.1	-1017.6	-66.6	
81.05	43.2	19.3	-2.1	2.0	-58.9	83.1	-20.9	-133.0	-201.1	2597.3	-982.5	-66.2	
81.10	43.4	19.2	-1.9	2.0	-59.1	83.2	-13.0	-135.8	-201.4	2667.3	-800.1	-65.7	
81.15	43.6	19.1	-1.7	2.0	-61.1	83.3	-9.6	-140.8	-199.5	2833.9	-698.5	-66.8	
81.20	43.8	19.0	-1.7	2.0	-62.6	83.4	-10.1	-146.0	-199.4	2950.5	-639.1	-68.2	
81.25	44.1	19.0	-0.8	2.0	-62.3	83.5	-10.5	-146.9	-202.0	2935.3	-569.9	-65.1	
81.30	44.3	19.3	-1.0	2.0	-62.1	83.6	-9.8	-146.9	-198.4	2919.4	-619.4	-65.7	
81.35	44.5	19.5	-1.1	2.0	-63.6	83.7	-11.4	-148.0	-190.6	2998.2	-787.9	-67.6	
81.40	44.8	19.3	-1.3	2.0	-65.3	83.8	-9.2	-153.8	-189.4	3108.2	-794.0	-69.7	
81.45	45.0	19.4	-1.7	2.0	-65.6	83.9	-6.4	-157.4	-194.2	3156.8	-638.3	-71.3	
81.50	45.2	19.5	-4.7	2.0	-66.0	84.0	-5.8	-159.8	-195.7	3199.0	-519.7	-82.2	
81.55	45.5	19.1	-5.4	2.0	-66.6	84.1	-4.0	-165.0	-193.9	3243.9	-455.8	-85.2	
81.60	45.7	18.8	-4.6	2.0	-65.7	84.2	0.8	-168.0	-195.7	3175.9	-339.3	-81.4	
81.65	45.9	18.6	-4.6	2.0	-63.8	84.3	1.4	-163.1	-199.4	3050.4	-255.5	-79.5	
81.70	46.1	18.6	-6.6	2.0	-62.8	84.4	-4.3	-156.1	-198.3	2989.5	-341.7	-85.4	
81.75	46.3	19.0	-7.6	2.0	-63.1	84.5	-6.9	-156.7	-194.5	2998.1	-452.3	-89.3	
81.80	46.5	19.1	-7.3	2.0	-62.6	84.6	-3.7	-158.2	-195.5	2963.0	-414.0	-87.9	
81.85	46.7	18.6	-6.8	2.0	-61.9	84.7	-0.5	-156.2	-198.1	2924.7	-305.7	-85.4	
81.90	47.0	17.9	-6.6	2.0	-61.4	84.8	1.6	-152.3	-196.9	2907.0	-225.9	-84.0	
81.95	47.2	17.3	-6.2	2.0	-61.1	84.9	6.7	-154.2	-195.5	2885.4	-94.9	-82.5	
82.00	47.3	16.8	-5.3	2.0	-60.7	85.0	12.9	-155.4	-197.3	2850.9	85.8	-79.0	
82.05	47.5	16.6	-5.4	2.0	-61.2	85.1	14.1	-153.7	-197.2	2889.4	145.2	-79.7	
82.10	47.7	16.9	-6.9	2.0	-62.1	85.2	12.3	-154.1	-192.1	2961.4	59.1	-85.8	
82.15	47.9	18.2	-8.2	2.0	-63.0	85.3	11.9	-159.1	-188.1	3019.4	-24.0	-91.2	
82.20	48.1	18.4	-8.6	2.0	-63.2	85.4	9.6	-160.1	-189.3	3032.9	-58.0	-92.6	
82.25	48.2	18.3	-8.5	2.0	-62.9	85.5	5.9	-156.1	-191.7	3017.6	-59.6	-92.2	
82.30	48.4	17.9	-7.9	2.0	-62.2	85.6	4.7	-154.0	-189.9	2975.2	-59.1	-89.2	
82.35	48.6	18.5	-7.7	2.0	-62.3	85.7	9.1	-158.9	-187.5	2969.5	-2.3	-88.8	
82.40	48.8	18.5	-7.3	2.0	-62.6	85.8	10.9	-160.2	-187.0	2990.4	28.5	-87.7	
82.45	48.9	17.7	-7.0	2.0	-63.1	85.9	13.5	-158.9	-185.4	3033.9	64.6	-87.2	
82.50	49.1	18.0	-6.5	2.0	-63.4	86.0	18.4	-159.1	-181.1	3053.2	102.3	-85.6	
82.55	49.3	18.1	-6.0	2.0	-63.1	86.1	21.4	-159.9	-177.9	3031.7	118.3	-83.7	
82.60	49.4	18.1	-6.2	2.0	-63.0	86.2	19.0	-159.8	-179.1	3019.1	112.0	-84.3	
82.65	49.6	18.4	-8.0	2.0	-63.7	86.3	13.4	-161.1	-182.3	3068.9	80.6	-91.2	
82.70	49.8	18.1	-8.4	2.0	-65.0	86.4	10.2	-164.2	-184.0	3164.0	54.8	-94.0	
82.75	49.9	17.5	-8.5	2.0	-66.1	86.5	8.8	-165.8	-185.9	3238.5	33.9	-95.3	
82.80	50.1	17.8	-9.3	2.0	-66.7	86.6	7.0	-166.3	-186.3	3280.3	-33.3	-98.6	
82.85	50.2	18.3	-9.7	2.0	-67.6	86.7	6.0	-168.1	-184.7	3344.4	-101.3	-101.0	
82.90	50.4	18.7	-9.3	2.0	-69.0	86.8	9.3	-172.4	-184.1	3438.2	-53.8	-100.8	
82.95	50.5	18.2	-7.8	2.0	-69.8	86.9	14.7	-171.6	-184.9	3502.7	68.6	-96.5	
83.00	50.7	17.8	-6.0	2.0	-70.5	87.0	21.6	-170.2	-184.2	3550.2	206.7	-91.1	
83.05	50.8	17.5	-5.0	2.0	-70.9	87.1	26.9	-171.7	-183.1	3565.9	318.1	-87.9	
83.10	50.9	16.6	-4.9	2.0	-71.0	87.2	26.3	-172.1	-184.8	3566.7	349.5	-87.8	
83.15	51.1	16.4	-5.6	2.0	-71.2	87.3	21.0	-171.7	-187.7	3593.1	282.0	-90.5	
83.20	51.2	16.5	-7.2	2.0	-71.3	87.4	16.1	-171.5	-186.8	3610.1	148.5	-96.1	
83.25	51.3	17.5	-8.5	2.0	-71.0	87.5	12.9	-171.0	-182.5	3599.6	4.3	-100.3	
83.30	51.4	17.8	-9.2	2.0	-70.5	87.6	10.9	-170.7	-179.5	3560.7	-68.7	-102.2	
83.35	51.5	17.8	-9.5	2.0	-70.2	87.7	9.4	-170.8	-179.1	3541.4	-53.1	-103.0	
83.40	51.6	17.4	-8.3	2.0	-70.4	87.8	13.4	-171.5	-178.7	3549.4	102.1	-99.0	
83.45	51.7	17.5	-6.0	2.0	-69.5	87.9	21.5	-166.7	-176.1	3481.1	315.9	-90.2	
83.50	51.8	17.8	-3.9	2.0	-68.3	88.0	29.6	-160.4	-174.4	3381.6	516.3	-81.8	
83.55	51.9	18.0	-4.4	2.0	-67.5	88.1	33.3	-158.3	-172.9	3313.4	591.6	-82.4	
83.60	52.0	17.6	-5.3	2.0	-67.9	88.2	31.1	-163.0	-171.5	3344.4	525.9	-86.1	
83.65	52.1	17.5	-7.6	2.0	-68.2	88.3	25.9	-167.5	-171.5	3372.6	440.8	-94.4	
83.70	52.2	17.7	-9.3	2.0	-68.3	88.4	23.4	-169.5	-170.8	3381.1	394.3	-100.1	
83.75	52.3	18.9	-9.8	2.0	-67.9	88.5	23.1	-168.2	-169.3	3353.9	396.9	-101.5	
83.80	52.4	19.9	-9.9	2.0	-67.3	88.6	24.6	-166.5	-170.3	3300.0	499.7	-101.4	
83.85	52.5	20.6	-10.5	2.0	-66.7	88.7	25.1	-166.0	-173.7	3221.6	638.2	-102.6	
83.90	52.6	20.8	-11.9	2.0	-66.3	88.8	24.6	-167.6	-176.3	3169.2	736.0	-107.1	
83.95	52.7	20.4	-12.2	2.0	-65.8	88.9	24.9	-165.6	-176.4	3128.1	771.7	-107.7	
84.00	52.8	19.6	-11.1	2.0	-65.2	89.0	28.2	-160.1	-175.0	3090.4	772.2	-103.3	
84.05	52.9	19.0	-9.6	2.0	-64.5	89.1	30.5	-158.0	-174.5	3058.0	719.5	-97.3	
84.10	53.0	18.8	-11.5	2.0	-63.8	89.2	26.3	-164.6	-172.5	3025.8	544.6	-103.5	
84.15	53.1	18.9	-12.3	2.0	-63.7	89.3	20.4	-169.8	-173.5	3024.1	420.2	-105.8	
84.20	53.2	19.7	-11.4	2.0	-63.0	89.4	16.6	-163.8	-178.4	2985.6	416.6	-102.0	
84.25	53.2	20.0	-9.5	2.0	-62.7	89.5	18.5	-161.5	-179.1	2968.5	415.0	-95.4	
84.30	53.3	20.1	-8.2	2.0	-62.5	89.6	19.2	-163.3	-175.1	2967.2	282.4	-90.5	
84.35	53.3	20.4	-8.6	2.0	-61.4	89.7	12.4	-158.6	-174.3	2913.5	71.9	-90.8	
84.40	53.4	20.1	-13.9	1.9	-60.0	89.7	5.3	-152.4	-177.7	2823.0	-78.8	-94.1	
84.45	53.4	19.9	-27.6	1.5	-59.7	89.8	3.7	-155.1	-175.0	2787.3	-231.1	-98.4	
84.50	53.5	20.0	-22.2	1.1	-61.2	89.9	3.0	-162.3	-168.6	2855.5	-435.2	-94.6	
84.55	53.5	20.6	-18.1	0.9	-62.4	89.9	0.8	-164.5	-167.7	2926.2	-562.6	-91.7	
84.60	53.6	20.5	-14.5	0.6	-61.4	90.0	-0.7	-160.0	-171.0	2854.2	-573.6	-83.1	
84.65	53.6	20.1	-10.3	0.5	-60.4	90.0	0.2	-160.8	-169.6	2775.2	-577.9	-74.9	
84.70	53.6	20.3	-8.2	0.4	-60.1	90.0	-0.8	-159.9	-165.5	2743.1	-653.9	-72.7	
84.75	53.7	19.9	-6.1	0.3	-59.5	90.0	-3.1	-153.5	-165.0	2698.8	-716.5	-69.0	
84.80	53.7	19.4	-3.5	0.2	-59.1	90.1	-2.9	-150.6	-166.4	2678.1	-694.9	-62.4	
84.85	53.8	19.8	-4.6	0.1	-60.4	90.1	-0.9	-157.2	-164.8	2767.3	-669.4	-69.8	
84.90	53.8	20.0	-7.3	0.1	-62.8	90.1	-5.4	-163.8	-163.7	2925.8	-701.1	-83.1	
84.95	53.8	20.3	-8.4	0.1	-64.4	90.1	-7.2	-167.4	-166.7	3064.7	-599.2	-89.6	
85.00	53.9	20.9	-7.3	0.1	-65.1	90.1	-1.9	-169.7	-169.0	3142.9	-389.8	-87.7	
85.05	53.9	20.5	-6.4	0.0	-65.5	90.1	4.0	-170.7	-168.0	3183.8	-225.2	-85.4	
85.10	53.9	20.4	-5.6	0.0	-64.8	90.1	5.9	-164.7	-168.5	3153.0	-110.8	-82.6	
85.15	54.0	20.9	-5.7	0.0	-63.6	90.1	7.4	-159.5	-171.0	3077.2	16.5	-82.2	
85.20	54.0	20.6	-6.1	0.0	-63.8	90.1	11.6	-163.6	-170.4	3083.1	122.3	-84.0	
85.25	54.0	20.3	-6.7	0.0	-65.9	90.1	12.7	-168.6	-169.2	3224.0	164.6	-88.4	
85.30	54.0	20.0	-6.5	0.0	-67.7	90.1	13.7	-168.1	-171.6	3350.5	263.3	-89.6	
85.35	54.1	19.5	-6.8	0.0	-67.6	90.1	18.4	-167.6	-173.0	3330.1	425.5	-90.5	
85.40	54.1	19.3	-8.5	0.0	-66.3	90.1	17.9	-168.5	-169.7	3229.6	439.2	-95.2	
85.45	54.1	19.5	-9.6	0.0	-64.7	90.1	9.1	-164.0	-169.1	3136.4	314.2	-97.5	
85.50	54.1	20.3	-9.2	0.0	-63.1	90.1	5.1	-156.4	-173.8	3039.4	263.1	-94.6	
85.55	54.1	21.0	-8.3	0.0	-62.1	90.1	7.2	-155.0	-172.2	2971.9	186.4	-90.5	
85.60	54.1	21.4	-8.6	0.0	-62.7	90.1	7.1	-160.5	-164.1	3011.2	4.9	-92.0	
85.65	54.1	20.8	-9.4	0.0	-63.6	90.1	2.0	-162.0	-163.1	3073.5	-138.7	-95.8	
85.70	54.1	20.6	-7.8	0.0	-63.5	90.1	-1.9	-159.1	-169.5	3067.6	-151.4	-90.2	
85.75	54.1	20.4	-5.7	0.0	-63.2	90.1	0.5	-163.2	-170.0	3032.2	-166.6	-82.7	
85.80	54.2	19.9	-4.1	0.0	-63.4	90.1	3.8	-168.5	-161.5	3029.8	-307.6	-77.5	
85.85	54.2	19.4	-3.2	0.0	-63.3	90.1	2.2	-164.1	-158.7	3021.3	-432.8	-74.3	
85.90	54.2	19.2	-2.5	0.0	-62.5	90.1	-1.0	-156.6	-164.2	2976.6	-458.3	-71.0	
85.95	54.2	19.6	-2.1	0.0	-62.8	90.1	-3.1	-158.5	-165.4	2978.3	-545.4	-70.0	
86.00	54.2	19.8	-3.3	0.0	-64.0	90.1	-9.3	-161.3	-161.2	3007.8	-791.2	-75.2	
86.05	54.2	19.7	-2.6	0.0	-63.6	90.1	-14.4	-157.1	-161.6	2942.7	-937.9	-72.5	
86.10	54.2	19.5	-1.4	0.0	-61.7	90.1	-12.2	-152.6	-166.2	2829.3	-861.4	-66.6	
86.15	54.2	18.9	-3.0	0.0	-61.5	90.1	-12.0	-154.9	-166.3	2818.3	-823.7	-71.8	
86.20	54.2	19.1	-4.7	0.0	-62.8	90.1	-17.2	-158.7	-166.7	2898.0	-856.2	-79.1	
86.25	54.3	20.0	-4.1	0.0	-62.4	90.1	-15.5	-157.3	-171.2	2894.4	-763.6	-76.5	
86.30	54.3	19.9	-1.8	0.0	-61.1	90.1	-4.9	-156.4	-171.6	2836.5	-601.9	-67.4	
86.35	54.3	20.2	-2.3	0.0	-60.9	90.1	4.5	-157.9	-164.7	2842.6	-510.5	-69.0	
86.40	54.3	20.9	-3.6	0.0	-61.9	90.1	6.4	-158.4	-163.5	2933.7	-400.2	-74.3	
86.45	54.4	21.3	-3.8	0.0	-62.3	90.1	4.9	-157.7	-173.1	2980.9	-168.7	-75.5	
86.50	54.4	21.0	-4.7	0.0	-62.7	90.1	6.6	-162.2	-176.2	2999.6	7.6	-78.9	
86.55	54.4	20.4	-6.1	0.0	-63.0	90.1	9.5	-165.9	-168.0	3013.3	18.1	-84.0	
86.60	54.4	20.5	-8.0	0.0	-61.8	90.1	8.1	-157.7	-165.9	2954.8	25.0	-89.4	
86.65	54.4	20.5	-8.5	0.0	-61.2	90.1	5.0	-153.8	-172.6	2909.1	107.8	-90.2	
86.70	54.4	20.5	-10.2	0.0	-62.0	90.1	5.1	-162.8	-173.9	2943.6	153.7	-97.0	
86.75	54.5	20.9	-12.1	0.0	-63.1	90.1	5.4	-169.2	-167.1	3016.5	133.1	-104.7	
86.80	54.5	21.3	-11.2	0.0	-62.0	90.1	11.5	-159.9	-165.7	2946.6	298.2	-100.4	
86.85	54.5	21.8	-8.3	0.0	-60.0	90.1	21.8	-152.8	-166.4	2777.9	527.1	-88.4	
86.90	54.5	22.5	-6.9	0.0	-58.7	90.1	27.8	-155.9	-163.0	2646.1	613.1	-82.5	
86.95	54.5	22.8	-9.2	0.0	-57.6	90.1	24.7	-156.4	-160.7	2574.1	570.4	-89.0	
87.00	54.5	23.2	-10.5	0.0	-56.7	90.1	20.0	-150.1	-162.8	2533.2	521.5	-92.6	
87.05	54.5	23.8	-10.0	0.0	-56.5	90.1	18.9	-149.3	-164.4	2531.9	457.4	-90.8	
87.10	54.6	23.9	-10.3	0.0	-57.0	90.1	17.1	-155.7	-161.7	2580.5	269.3	-92.3	
87.15	54.6	24.0	-11.7	0.0	-57.8	90.1	10.4	-159.7	-160.8	2649.7	45.5	-98.1	
87.20	54.6	24.6	-12.1	0.0	-58.1	90.1	3.6	-157.0	-166.0	2671.9	-36.3	-99.7	
87.25	54.6	24.6	-10.2	0.0	-59.2	90.1	6.6	-161.1	-168.6	2739.8	18.6	-94.2	
87.30	54.7	24.2	-7.5	0.0	-61.0	90.1	13.6	-166.4	-165.5	2862.3	54.3	-86.8	
87.35	54.7	23.3	-6.2	0.0	-62.0	90.1	15.4	-163.8	-166.6	2949.6	55.6	-83.2	
87.40	54.7	23.5	-6.5	0.0	-62.3	90.1	16.1	-163.4	-169.4	2969.3	14.9	-84.7	
87.45	54.7	23.5	-5.5	0.0	-62.4	90.1	18.5	-168.5	-168.1	2961.0	-74.3	-81.1	
87.50	54.8	23.3	-5.8	0.0	-61.4	90.1	15.3	-163.8	-167.7	2893.8	-198.9	-81.3	
87.55	54.8	23.1	-6.5	0.0	-58.9	90.1	8.7	-150.1	-171.8	2737.4	-297.3	-81.1	
87.60	54.8	22.8	-6.5	0.0	-56.4	90.1	6.2	-145.0	-174.3	2548.0	-369.1	-78.8	
87.65	54.8	22.2	-6.6	0.0	-55.2	90.1	6.3	-150.3	-171.9	2427.9	-431.1	-77.9	
87.70	54.9	21.9	-7.1	0.0	-54.3	90.1	5.1	-148.5	-170.8	2370.3	-410.7	-78.6	
87.75	54.9	21.5	-7.1	0.0	-53.1	90.1	7.4	-139.7	-172.7	2326.6	-235.0	-77.3	
87.80	54.9	20.9	-6.3	0.0	-52.9	90.1	13.2	-140.7	-172.3	2324.0	-50.7	-74.6	
87.85	54.9	20.6	-7.3	0.0	-53.8	90.1	18.0	-148.7	-167.6	2369.5	-1.4	-78.8	
87.90	55.0	20.4	-8.0	0.0	-54.9	90.1	20.3	-150.4	-164.4	2447.1	38.8	-82.4	
87.95	55.0	20.3	-8.0	0.0	-56.1	90.1	24.5	-148.7	-164.7	2531.7	216.9	-83.7	
88.00	55.0	20.3	-8.1	0.0	-57.9	90.1	29.0	-151.4	-164.2	2639.1	405.2	-85.7	
88.05	55.1	20.9	-9.7	0.0	-60.0	90.1	27.6	-158.4	-163.3	2771.6	471.4	-93.2	
88.10	55.1	22.0	-11.3	0.0	-60.9	90.1	22.8	-162.1	-165.2	2822.4	509.0	-99.7	
88.15	55.2	21.7	-11.9	0.0	-60.5	90.1	22.7	-163.4	-165.2	2772.6	577.4	-101.4	
88.20	55.2	21.2	-12.6	0.0	-60.0	90.1	28.3	-162.2	-162.4	2717.3	680.8	-103.1	
88.25	55.2	20.7	-13.2	0.0	-59.8	90.1	29.0	-157.3	-161.4	2698.7	737.0	-105.2	
88.30	55.3	20.6	-14.0	0.0	-59.8	90.1	29.4	-154.9	-163.9	2678.3	819.3	-107.7	
88.35	55.3	20.5	-13.6	0.0	-59.4	90.1	33.8	-155.6	-164.3	2610.2	914.9	-106.2	
88.40	55.4	20.4	-12.5	0.0	-58.7	90.1	38.7	-152.3	-162.1	2537.8	977.0	-101.6	
88.45	55.4	19.9	-11.3	0.0	-58.9	90.1	42.3	-149.4	-161.8	2539.6	1032.6	-97.7	
88.50	55.5	20.0	-10.3	0.0	-59.6	90.1	42.5	-150.7	-164.4	2583.6	1058.1	-95.0	
88.55	55.5	20.3	-12.5	0.0	-59.8	90.1	36.2	-152.3	-168.0	2635.1	954.0	-102.7	
88.60	55.5	20.6	-13.6	0.0	-59.8	90.1	30.3	-153.2	-166.8	2705.5	748.1	-106.4	
88.65	55.6	20.3	-13.1	0.0	-59.7	90.1	28.2	-152.3	-165.7	2738.4	605.4	-104.6	
88.70	55.6	19.9	-12.6	0.0	-59.7	90.1	26.7	-152.0	-168.1	2747.1	540.7	-102.9	
88.75	55.7	19.7	-12.5	0.0	-60.5	90.1	23.2	-155.8	-168.7	2822.3	416.0	-103.5	
88.80	55.7	19.7	-12.9	0.0	-61.3	90.1	21.6	-159.1	-167.2	2889.8	307.8	-105.5	
88.85	55.7	19.9	-11.2	0.0	-60.5	90.1	23.2	-155.6	-167.4	2833.0	313.1	-98.9	
88.90	55.7	20.3	-9.6	0.0	-58.7	90.1	25.5	-149.6	-166.4	2721.4	292.7	-91.8	
88.95	55.8	20.2	-9.6	0.0	-57.3	90.1	20.7	-146.0	-163.4	2643.0	94.8	-90.2	
89.00	55.8	19.9	-10.2	0.0	-56.5	90.1	13.0	-147.0	-161.2	2578.7	-157.1	-91.5	
89.05	55.8	19.5	-9.5	0.0	-55.3	90.1	9.6	-145.4	-162.2	2483.0	-285.9	-87.8	
89.10	55.9	20.3	-9.1	0.0	-54.9	90.1	10.7	-145.1	-162.0	2450.6	-311.8	-86.2	
89.15	55.9	20.9	-9.8	0.0	-56.1	90.1	9.6	-149.1	-159.1	2525.2	-360.4	-89.9	
89.20	55.9	21.3	-10.3	0.0	-57.0	90.1	8.5	-153.1	-158.6	2584.9	-359.4	-92.2	
89.25	56.0	21.5	-10.0	0.0	-56.6	90.1	11.1	-155.8	-161.4	2558.0	-250.7	-91.1	
89.30	56.0	21.3	-9.9	0.0	-55.0	90.1	9.4	-150.3	-160.6	2453.8	-234.8	-88.9	
89.35	56.0	21.0	-9.7	0.0	-53.7	90.1	7.9	-142.7	-157.8	2369.4	-278.8	-87.0	
89.40	56.1	20.7	-11.2	0.0	-53.0	90.1	9.8	-142.9	-154.7	2318.5	-288.7	-91.3	
89.45	56.1	21.0	-12.4	0.0	-52.5	90.1	9.9	-144.1	-155.8	2285.8	-241.2	-95.2	
89.50	56.1	21.7	-14.1	0.0	-52.0	90.1	7.0	-141.7	-159.0	2252.1	-182.6	-100.4	
89.55	56.2	22.8	-13.4	0.0	-50.3	90.1	10.3	-137.7	-158.5	2143.6	-66.1	-96.4	
89.60	56.2	23.1	-11.0	0.0	-48.1	90.1	19.6	-136.1	-157.1	1976.1	167.1	-85.9	
89.65	56.3	22.9	-12.8	0.0	-47.2	90.1	25.5	-134.1	-158.1	1879.1	375.7	-91.3	
89.70	56.3	22.3	-14.5	0.0	-48.4	90.1	20.4	-135.4	-159.5	1961.8	408.4	-98.0	
89.75	56.4	22.5	-16.5	0.0	-50.5	90.1	17.9	-140.9	-160.9	2103.3	410.3	-107.2	
89.80	56.4	22.1	-15.9	0.0	-51.8	90.1	20.3	-146.0	-160.6	2187.7	432.6	-106.5	
89.85	56.4	21.3	-16.0	0.0	-51.5	90.1	22.0	-141.9	-158.8	2176.9	414.8	-106.3	
89.90	56.5	21.0	-18.0	0.0	-50.5	90.1	17.4	-134.3	-157.7	2145.8	329.5	-112.2	
89.95	56.5	21.2	-17.7	0.0	-51.0	90.1	15.6	-139.1	-159.0	2172.6	316.4	-111.8	
90.00	56.5	21.5	-15.8	0.0	-51.3	90.1	19.7	-145.4	-161.0	2151.7	420.1	-105.4	
90.05	56.6	21.8	-14.4	0.0	-50.4	90.1	20.4	-140.0	-160.2	2084.6	476.8	-99.7	
90.10	56.6	21.7	-14.7	0.0	-49.9	90.1	19.2	-134.8	-156.3	2076.0	422.0	-100.2	
90.15	56.6	21.7	-14.8	0.0	-50.7	90.1	20.3	-143.8	-153.9	2134.2	321.8	-101.6	
90.20	56.7	22.0	-14.4	0.0	-51.7	90.1	16.5	-152.3	-154.6	2207.0	165.5	-101.3	
90.25	56.7	22.7	-15.4	0.0	-51.9	90.1	7.5	-148.4	-153.9	2237.3	-46.9	-104.7	
90.30	56.7	23.2	-15.1	0.0	-51.8	90.1	4.2	-142.8	-151.4	2241.6	-172.2	-103.6	
90.35	56.8	22.9	-13.6	0.0	-52.1	90.1	4.2	-145.3	-150.1	2252.2	-241.3	-98.6	
90.40	56.8	22.8	-11.6	0.0	-53.2	90.1	1.3	-150.5	-150.6	2314.0	-332.6	-93.0	
90.45	56.9	22.8	-10.8	0.0	-55.2	90.1	-1.1	-152.5	-151.8	2451.6	-382.0	-92.1	
90.50	56.9	22.9	-9.9	0.0	-57.8	90.1	0.4	-156.6	-150.8	2635.5	-376.7	-91.9	
90.55	56.9	23.0	-9.7	0.0	-60.9	90.1	4.3	-165.2	-148.7	2851.4	-373.3	-94.2	
90.60	57.0	22.8	-9.5	0.0	-64.1	90.1	3.3	-174.3	-149.3	3058.0	-453.8	-96.9	
90.65	57.1	22.5	-10.0	0.0	-65.9	90.1	-1.3	-177.7	-152.0	3167.2	-561.5	-100.4	
90.70	57.1	22.1	-10.1	0.0	-65.4	90.1	-4.7	-171.9	-153.4	3131.5	-638.9	-100.0	
90.75	57.2	22.2	-9.1	0.0	-64.3	90.1	-2.6	-167.7	-152.1	3056.7	-639.6	-95.6	
90.80	57.2	22.5	-8.9	0.0	-63.9	90.1	-1.1	-167.5	-151.7	3038.1	-603.3	-94.5	
90.85	57.3	23.0	-9.1	0.0	-64.7	90.1	-5.1	-169.3	-156.3	3096.3	-563.5	-96.1	
90.90	57.3	22.9	-10.2	0.0	-65.8	90.1	-6.0	-171.9	-158.5	3176.8	-521.1	-100.9	
90.95	57.3	22.6	-9.4	0.0	-65.4	90.1	-0.5	-170.2	-154.7	3165.3	-461.7	-97.7	
91.00	57.4	22.2	-7.2	0.0	-63.1	90.1	5.3	-161.1	-152.6	3031.3	-352.2	-88.0	
91.05	57.4	22.3	-8.5	0.0	-61.0	90.1	3.7	-151.3	-154.7	2905.3	-308.3	-90.2	
91.10	57.4	22.3	-9.6	0.0	-60.5	90.1	-4.0	-150.3	-155.9	2851.8	-406.7	-93.5	
91.15	57.5	21.9	-8.9	0.0	-60.5	90.1	-6.3	-155.2	-155.8	2834.7	-458.3	-91.0	
91.20	57.5	22.0	-8.8	0.0	-60.7	90.1	-1.3	-156.3	-155.2	2855.4	-405.2	-91.0	
91.25	57.5	22.7	-8.7	0.0	-61.8	90.1	1.0	-155.9	-152.9	2946.0	-376.3	-91.6	
91.30	57.6	24.2	-8.8	0.0	-63.6	90.1	-1.3	-160.9	-150.4	3065.8	-393.4	-93.9	
91.35	57.6	23.9	-8.4	0.0	-63.7	90.1	-1.1	-165.4	-152.0	3062.5	-352.2	-92.5	
91.40	57.6	24.0	-7.2	0.0	-61.7	90.1	1.1	-161.1	-154.3	2934.7	-267.7	-86.4	
91.45	57.7	24.6	-7.1	0.0	-59.2	90.1	2.3	-149.2	-150.5	2777.9	-270.5	-83.6	
91.50	57.7	23.5	-7.1	0.0	-57.8	90.1	3.5	-144.6	-145.1	2681.2	-330.3	-82.0	
91.55	57.8	22.7	-6.6	0.0	-57.4	90.1	2.3	-150.1	-148.6	2634.4	-346.0	-80.0	
91.60	57.8	22.2	-6.4	0.0	-58.1	90.1	-3.5	-157.5	-154.7	2656.1	-390.1	-80.2	
91.65	57.9	22.7	-8.8	0.0	-58.9	90.1	-6.4	-160.0	-152.5	2692.4	-500.1	-89.0	
91.70	57.9	23.1	-9.6	0.0	-58.3	90.1	-0.5	-160.6	-146.9	2648.8	-488.9	-91.2	
91.75	58.0	23.4	-6.7	0.0	-54.8	90.1	8.0	-154.5	-148.7	2427.9	-303.5	-77.7	
91.80	58.0	23.4	-5.9	0.0	-50.7	90.1	6.8	-143.1	-153.1	2155.5	-214.4	-71.0	
91.85	58.1	23.6	-7.8	0.0	-47.9	90.1	0.9	-134.2	-153.3	1962.5	-255.1	-74.6	
91.90	58.1	23.8	-6.7	0.0	-46.3	90.1	4.4	-133.9	-153.7	1852.5	-172.7	-69.2	
91.95	58.2	25.0	-6.9	0.0	-46.6	90.1	10.8	-137.3	-154.7	1867.7	-73.3	-70.4	
92.00	58.2	25.6	-10.7	0.0	-48.7	90.1	8.7	-140.1	-155.1	2013.2	-104.3	-85.3	
92.05	58.3	25.9	-13.1	0.0	-50.6	90.1	3.1	-143.9	-157.1	2146.3	-150.2	-95.7	
92.10	58.3	25.6	-12.8	0.0	-50.7	90.1	4.6	-149.1	-159.4	2138.6	-89.0	-94.6	
92.15	58.4	25.2	-10.8	0.0	-49.0	90.1	9.1	-144.8	-159.8	2021.7	8.1	-86.1	
92.20	58.4	24.6	-9.7	0.0	-47.1	90.1	12.3	-135.4	-157.6	1910.5	85.8	-80.4	
92.25	58.4	24.0	-9.3	0.0	-47.3	90.1	16.9	-136.5	-155.0	1917.5	165.1	-79.3	
92.30	58.5	23.3	-8.7	0.0	-49.6	90.1	20.8	-146.5	-156.0	2044.9	261.1	-79.4	
92.35	58.5	22.8	-8.5	0.0	-52.4	90.1	22.7	-153.4	-159.5	2223.3	378.0	-81.6	
92.40	58.6	22.7	-9.6	0.0	-54.3	90.1	23.1	-153.3	-157.9	2366.5	383.9	-87.1	
92.45	58.6	22.3	-10.4	0.0	-54.6	90.1	21.8	-154.7	-151.9	2408.2	257.7	-90.3	
92.50	58.6	21.9	-9.4	0.0	-53.9	90.1	18.7	-157.3	-150.9	2361.5	137.3	-86.0	
92.55	58.7	21.5	-9.7	0.0	-52.7	90.1	13.5	-152.8	-154.1	2285.6	49.2	-86.0	
92.60	58.7	21.5	-10.2	0.0	-52.6	90.1	9.7	-148.2	-152.1	2294.2	-41.5	-87.8	
92.65	58.8	21.4	-9.2	0.0	-54.5	90.1	12.5	-153.7	-148.1	2424.0	-32.3	-86.2	
92.70	58.8	20.9	-6.9	0.0	-57.6	90.1	18.4	-164.4	-149.3	2624.7	66.5	-81.2	
92.75	58.8	20.1	-8.7	0.0	-60.1	90.1	19.8	-168.1	-152.8	2796.2	122.4	-90.0	
92.80	58.9	20.0	-8.9	0.0	-61.8	90.1	18.0	-168.2	-152.0	2923.9	102.2	-92.3	
92.85	58.9	21.0	-8.1	0.0	-62.4	90.1	19.5	-169.7	-148.8	2973.4	79.3	-90.3	
92.90	58.9	21.0	-6.7	0.0	-62.8	90.1	21.6	-169.5	-149.9	2999.1	88.5	-85.7	
92.95	59.0	20.9	-6.3	0.0	-63.5	90.1	17.9	-166.0	-152.4	3065.1	34.7	-85.2	
93.00	59.0	20.6	-7.3	0.0	-64.7	90.1	15.3	-166.3	-150.8	3159.0	-56.0	-89.9	
93.05	59.1	20.6	-6.9	0.0	-65.6	90.1	18.6	-170.4	-150.0	3215.1	-22.8	-89.5	
93.10	59.1	20.6	-6.0	0.0	-65.8	90.1	21.3	-170.2	-153.1	3226.1	93.6	-86.3	
93.15	59.1	20.5	-6.1	0.0	-65.9	90.1	20.7	-166.4	-155.8	3240.2	182.5	-86.7	
93.20	59.2	20.6	-6.3	0.0	-66.5	90.1	21.4	-168.1	-155.0	3270.9	228.8	-88.1	
93.25	59.2	20.4	-6.4	0.0	-66.7	90.1	24.7	-171.4	-154.9	3274.7	296.0	-88.7	
93.30	59.2	20.0	-5.4	0.0	-66.3	90.1	25.5	-168.6	-156.6	3247.7	343.8	-84.8	
93.35	59.3	19.9	-6.8	0.0	-66.0	90.1	23.7	-164.7	-155.3	3237.1	295.9	-89.3	
93.40	59.3	20.0	-7.5	0.0	-66.3	90.1	21.7	-167.4	-152.2	3266.0	205.6	-92.2	
93.45	59.3	20.3	-6.9	0.0	-66.6	90.1	22.1	-171.1	-153.0	3276.0	201.6	-90.3	
93.50	59.4	20.3	-6.8	0.0	-67.0	90.1	25.2	-173.9	-153.5	3292.1	270.7	-90.4	
93.55	59.4	20.3	-7.5	0.0	-67.3	90.1	26.6	-174.5	-149.6	3311.4	330.1	-93.2	
93.60	59.4	20.1	-8.5	0.0	-67.7	90.1	28.0	-177.5	-147.5	3319.2	427.4	-96.7	
93.65	59.4	19.3	-8.3	0.0	-67.5	90.1	28.0	-181.4	-150.6	3283.8	508.2	-96.0	
93.70	59.5	18.9	-9.3	0.0	-66.9	90.1	24.6	-183.6	-150.8	3237.0	454.0	-98.9	
93.75	59.5	18.8	-10.8	0.0	-66.0	90.1	21.6	-182.9	-145.3	3190.6	313.3	-103.0	
93.80	59.5	19.1	-10.9	0.0	-65.3	90.1	22.5	-182.4	-142.6	3144.7	274.9	-102.7	
93.85	59.6	19.0	-10.3	0.0	-64.5	90.1	21.4	-179.0	-146.1	3087.2	310.1	-99.8	
93.90	59.6	18.9	-10.9	0.0	-63.6	90.1	17.4	-176.0	-147.4	3034.3	268.4	-101.2	
93.95	59.6	18.8	-10.6	0.0	-63.1	90.1	19.3	-179.3	-142.5	2993.6	211.4	-99.3	
94.00	59.6	19.7	-9.1	0.0	-62.5	90.1	28.1	-181.9	-140.0	2928.9	328.7	-93.8	
94.05	59.7	20.2	-7.4	0.0	-61.5	90.1	31.9	-173.1	-144.2	2851.7	500.2	-87.0	
94.10	59.7	20.3	-7.9	0.0	-60.3	90.1	27.3	-163.9	-147.5	2780.8	495.2	-87.5	
94.15	59.7	20.3	-9.2	0.0	-58.5	90.1	23.0	-165.7	-145.9	2666.0	346.3	-90.2	
94.20	59.8	20.1	-9.4	0.0	-56.9	90.1	21.8	-171.2	-144.8	2544.7	209.2	-89.0	
94.25	59.8	19.9	-9.3	0.0	-56.8	90.1	20.0	-170.0	-145.2	2549.3	131.3	-88.9	
94.30	59.8	19.7	-10.9	0.0	-58.6	90.1	15.8	-167.7	-145.1	2695.0	101.2	-96.0	
94.35	59.9	19.7	-11.6	0.0	-61.2	90.1	13.9	-175.6	-146.9	2861.7	133.0	-100.9	
94.40	59.9	19.7	-10.3	0.0	-62.9	90.1	15.3	-185.8	-149.5	2956.3	177.6	-98.1	
94.45	59.9	19.8	-8.4	0.0	-63.4	90.1	16.8	-183.9	-147.8	3003.2	178.7	-92.1	
94.50	60.0	19.5	-8.2	0.0	-63.4	90.1	20.4	-174.4	-142.6	3031.6	217.7	-91.5	
94.55	60.0	19.1	-6.4	0.0	-63.9	90.1	24.9	-172.1	-141.0	3066.0	315.2	-85.9	
94.60	60.0	19.0	-6.5	0.0	-65.2	90.1	22.7	-180.0	-142.7	3145.5	312.0	-87.5	
94.65	60.0	18.4	-9.1	0.0	-67.3	90.1	13.4	-189.5	-142.4	3287.9	162.3	-98.4	
94.70	60.1	18.1	-10.3	0.0	-68.7	90.1	11.4	-192.4	-138.7	3391.0	82.4	-104.1	
94.75	60.1	18.0	-9.0	0.0	-69.1	90.1	16.8	-191.6	-136.3	3426.7	137.5	-100.0	
94.80	60.1	18.2	-7.1	0.0	-69.3	90.1	16.5	-189.4	-138.1	3441.4	167.8	-93.8	
94.85	60.1	18.4	-8.0	0.0	-69.5	90.1	8.6	-188.7	-139.0	3462.9	73.9	-97.0	
94.90	60.2	18.6	-9.0	0.0	-68.9	90.1	3.8	-186.7	-137.3	3424.6	-9.7	-99.7	
94.95	60.2	18.4	-7.2	0.0	-68.8	90.1	6.9	-185.4	-133.9	3427.6	-3.5	-93.7	
95.00	60.2	18.3	-5.0	0.0	-71.2	90.1	12.5	-188.2	-130.7	3604.1	17.0	-88.5	
95.05	60.3	18.2	-4.8	0.0	-74.9	90.1	13.1	-193.3	-131.3	3869.2	5.1	-91.5	
95.10	60.3	17.8	-4.3	0.0	-77.9	90.1	8.9	-200.3	-134.1	4068.4	-30.1	-92.8	
95.15	60.4	17.4	-5.0	0.0	-79.2	90.1	7.5	-207.2	-135.9	4143.6	-62.3	-96.4	
95.20	60.4	17.1	-4.7	0.0	-80.0	90.1	6.4	-210.3	-135.1	4195.6	-133.9	-96.3	
95.25	60.4	17.2	-4.8	0.0	-80.5	90.1	3.3	-207.0	-135.7	4243.8	-215.6	-96.9	
95.30	60.5	17.6	-4.6	0.0	-82.4	90.1	2.1	-210.4	-135.7	4370.8	-278.6	-98.0	
95.35	60.5	18.0	-4.4	0.0	-85.2	90.1	1.7	-220.6	-135.1	4549.3	-320.4	-100.3	
95.40	60.6	18.3	-5.1	0.0	-86.7	90.1	-0.3	-221.4	-136.4	4665.4	-315.5	-104.2	
95.45	60.6	17.7	-4.8	0.0	-86.3	90.1	-0.0	-214.5	-136.6	4656.7	-283.5	-102.7	
95.50	60.7	17.2	-4.4	0.0	-84.9	90.1	3.3	-210.9	-135.9	4562.9	-239.2	-100.0	
95.55	60.7	17.0	-3.3	0.0	-83.3	90.1	3.6	-209.6	-137.1	4446.9	-231.2	-94.5	
95.60	60.7	18.2	-3.6	0.0	-82.2	90.1	0.7	-206.8	-138.6	4366.5	-273.2	-94.7	
95.65	60.8	18.7	-4.1	0.0	-81.4	90.1	-0.8	-204.6	-137.0	4312.6	-311.8	-95.4	
95.70	60.8	18.7	-4.0	0.0	-81.1	90.1	1.4	-205.6	-133.6	4289.2	-306.9	-94.8	
95.75	60.9	18.9	-4.0	0.0	-81.4	90.1	2.8	-206.8	-133.1	4309.2	-303.0	-95.0	
95.80	60.9	19.1	-4.5	0.0	-81.6	90.1	0.7	-205.5	-133.2	4324.9	-328.3	-97.0	
95.85	60.9	19.3	-4.5	0.0	-81.8	90.1	1.4	-207.6	-132.6	4338.0	-273.8	-97.2	
95.90	60.9	19.7	-4.4	0.0	-82.2	90.1	3.7	-211.6	-132.4	4359.8	-180.1	-97.4	
95.95	61.0	19.3	-5.0	0.0	-82.5	90.1	1.0	-210.3	-134.1	4389.7	-152.8	-99.6	
96.00	61.0	19.0	-4.8	0.0	-82.0	90.1	-3.7	-204.9	-134.8	4363.1	-201.0	-98.4	
96.05	61.0	19.9	-4.7	0.0	-80.6	90.1	-1.6	-203.9	-131.5	4258.1	-252.0	-96.7	
96.10	61.1	20.4	-4.8	0.0	-79.0	90.1	1.7	-204.5	-128.2	4137.4	-294.7	-95.6	
96.15	61.1	20.8	-5.0	0.0	-77.6	90.1	-1.0	-199.7	-128.4	4042.7	-322.6	-94.6	
96.20	61.1	20.9	-3.8	0.0	-75.4	90.1	-2.0	-192.0	-131.5	3902.8	-256.6	-88.4	
96.25	61.2	20.6	-1.5	0.0	-73.0	90.1	5.6	-191.4	-132.6	3723.5	-100.3	-78.0	
96.30	61.2	20.6	-3.2	0.0	-71.4	90.1	12.4	-192.9	-131.3	3602.5	-0.7	-82.2	
96.35	61.3	21.1	-3.9	0.0	-71.4	90.1	10.9	-191.3	-130.9	3604.5	-9.2	-84.9	
96.40	61.3	21.5	-4.9	0.0	-72.4	90.1	8.6	-193.3	-134.3	3675.4	11.3	-89.3	
96.45	61.4	21.3	-5.3	0.0	-73.9	90.1	7.3	-199.0	-137.5	3770.0	14.8	-92.1	
96.50	61.4	20.3	-5.9	0.0	-75.6	90.1	3.6	-202.6	-137.0	3888.6	-116.5	-96.0	
96.55	61.5	20.6	-6.9	0.0	-76.4	90.1	-0.2	-201.8	-136.7	3942.8	-251.8	-100.2	
96.60	61.5	20.8	-6.8	0.0	-75.9	90.1	1.4	-201.7	-137.8	3905.2	-206.5	-99.1	
96.65	61.6	20.7	-6.0	0.0	-75.8	90.1	5.2	-204.4	-140.1	3897.1	-43.2	-96.5	
96.70	61.6	21.1	-5.3	0.0	-76.6	90.1	6.4	-204.1	-142.1	3955.9	76.5	-94.7	
96.75	61.6	20.8	-4.3	0.0	-77.2	90.1	9.3	-202.5	-143.3	4000.5	173.1	-92.0	
96.80	61.6	19.7	-3.4	0.0	-76.9	90.1	17.7	-203.9	-141.4	3969.3	272.2	-88.6	
96.85	61.7	19.7	-3.8	0.0	-76.6	90.1	20.8	-204.3	-137.2	3951.1	252.0	-89.7	
96.90	61.7	19.5	-5.4	0.0	-77.1	90.1	14.0	-201.9	-136.6	3998.4	143.1	-95.7	
96.95	61.7	19.0	-5.7	0.0	-77.4	90.1	7.7	-199.3	-141.5	4027.5	117.4	-96.9	
97.00	61.7	18.4	-5.2	0.0	-77.5	90.1	10.0	-200.9	-142.1	4030.2	155.5	-95.2	
97.05	61.8	18.1	-4.9	0.0	-77.3	90.1	11.9	-199.2	-137.6	4025.7	130.7	-94.0	
97.10	61.8	18.1	-4.7	0.0	-77.7	90.1	10.1	-195.3	-136.8	4066.8	123.0	-93.7	
97.15	61.8	18.3	-4.0	0.0	-79.2	90.1	11.3	-198.4	-140.2	4162.4	212.5	-92.8	
97.20	61.8	18.2	-3.7	0.0	-81.7	90.1	15.0	-206.3	-140.5	4327.8	290.4	-94.6	
97.25	61.8	18.0	-4.0	0.0	-84.5	90.1	17.1	-210.4	-136.8	4526.1	287.0	-98.3	
97.30	61.9	18.2	-4.2	0.0	-86.5	90.1	19.6	-210.7	-135.5	4677.9	297.7	-100.8	
97.35	61.9	18.3	-3.1	0.0	-87.5	90.1	23.3	-212.7	-136.6	4747.1	345.7	-98.1	
97.40	61.9	18.4	-3.1	0.0	-87.7	90.1	22.7	-215.4	-138.0	4752.1	340.7	-98.4	
97.45	61.9	18.5	-3.8	0.0	-87.7	90.1	17.5	-214.5	-139.1	4755.5	257.5	-100.7	
97.50	62.0	19.7	-2.9	0.0	-86.5	90.1	15.0	-207.6	-141.3	4687.4	229.8	-96.4	
97.55	62.0	20.7	-1.6	0.0	-84.3	90.1	17.9	-201.1	-143.0	4535.3	284.3	-89.8	
97.60	62.0	19.8	-3.0	0.0	-82.7	90.1	19.6	-199.2	-140.8	4424.5	253.7	-92.9	
97.65	62.1	19.3	-4.1	0.0	-82.0	90.1	15.5	-197.6	-139.6	4380.2	166.1	-96.1	
97.70	62.1	19.1	-4.2	0.0	-81.1	90.1	13.9	-193.9	-145.2	4315.1	231.2	-95.5	
97.75	62.1	19.3	-2.8	0.0	-80.3	90.1	18.6	-193.1	-147.2	4252.4	329.0	-90.1	
97.80	62.1	19.0	-2.7	0.0	-80.0	90.1	21.7	-191.9	-143.4	4230.3	318.2	-89.2	
97.85	62.2	18.7	-2.8	0.0	-80.3	90.1	20.5	-193.7	-142.9	4250.2	279.5	-89.8	
97.90	62.2	18.4	-2.1	0.0	-81.3	90.1	21.5	-200.3	-145.9	4308.6	306.8	-88.6	
97.95	62.2	18.0	-2.8	0.0	-82.5	90.1	23.6	-205.3	-144.8	4382.3	331.2	-92.1	
98.00	62.3	17.8	-5.1	0.0	-83.0	90.1	23.2	-205.7	-141.7	4419.5	334.4	-100.5	
98.05	62.3	17.9	-6.1	0.0	-82.1	90.1	21.1	-202.8	-142.1	4358.1	324.8	-102.9	
98.10	62.3	17.8	-5.1	0.0	-80.3	90.1	20.2	-202.2	-143.2	4225.7	309.6	-97.9	
98.15	62.3	17.5	-4.9	0.0	-79.0	90.1	20.1	-203.5	-141.0	4126.4	292.1	-95.7	
98.20	62.3	17.2	-6.4	0.0	-77.7	90.1	19.2	-198.8	-138.2	4042.7	289.2	-99.8	
98.25	62.4	17.4	-7.1	0.0	-75.8	90.1	18.6	-189.6	-139.1	3918.7	340.1	-100.1	
98.30	62.4	17.4	-5.8	0.0	-73.3	90.1	19.8	-186.0	-140.1	3740.2	374.3	-93.1	
98.35	62.4	17.0	-5.2	0.0	-70.5	90.1	24.6	-187.6	-135.5	3522.9	348.1	-88.4	
98.40	62.4	17.1	-5.1	0.0	-67.6	90.1	26.8	-183.6	-131.5	3320.7	338.9	-85.2	
98.45	62.5	17.4	-6.4	0.0	-65.8	90.1	27.0	-175.5	-133.3	3191.1	451.1	-87.7	
98.50	62.5	17.8	-7.0	0.0	-65.8	90.1	28.8	-176.4	-136.3	3163.0	595.8	-89.7	
98.55	62.5	18.4	-7.6	0.0	-66.5	90.1	30.4	-183.3	-136.6	3182.2	654.2	-92.5	
98.60	62.6	18.2	-9.0	0.0	-66.2	90.1	27.9	-183.6	-134.7	3174.0	601.9	-97.2	
98.65	62.6	17.8	-9.6	0.0	-65.3	90.1	26.7	-178.0	-134.4	3125.0	587.8	-98.2	
98.70	62.6	18.2	-9.3	0.0	-65.4	90.1	28.1	-175.7	-135.0	3125.3	644.6	-97.3	
98.75	62.7	17.8	-10.6	0.0	-66.7	90.1	26.0	-175.6	-135.8	3218.6	662.7	-103.2	
98.80	62.7	17.4	-11.7	0.0	-67.9	90.1	22.0	-177.4	-138.3	3309.5	646.5	-107.9	
98.85	62.7	17.6	-10.7	0.0	-67.9	90.1	24.3	-179.8	-139.7	3297.2	666.8	-104.5	
98.90	62.8	17.4	-8.9	0.0	-66.7	90.1	30.3	-179.6	-136.6	3198.3	695.2	-97.1	
98.95	62.8	17.3	-8.6	0.0	-65.7	90.1	32.4	-176.4	-133.8	3128.2	702.9	-95.2	
99.00	62.8	17.2	-8.2	0.0	-65.6	90.1	28.7	-174.1	-136.0	3137.2	675.3	-93.6	
99.05	62.9	17.2	-6.5	0.0	-66.0	90.1	24.8	-176.1	-139.0	3177.0	606.8	-88.4	
99.10	62.9	17.3	-6.3	0.0	-65.6	90.1	22.3	-178.3	-136.9	3166.7	429.2	-87.1	
99.15	62.9	17.3	-5.8	0.0	-64.5	90.1	20.7	-176.1	-130.8	3122.5	181.3	-84.4	
99.20	62.9	16.0	-4.8	0.0	-64.0	90.1	15.3	-172.2	-129.1	3100.6	-19.1	-80.4	
99.25	63.0	15.3	-4.6	0.0	-64.9	90.1	8.4	-174.0	-133.3	3162.1	-138.7	-80.8	
99.30	63.0	15.2	-5.0	0.0	-67.4	90.1	2.5	-181.7	-133.7	3318.4	-287.3	-84.5	
99.35	63.0	15.6	-3.9	0.0	-69.1	90.1	0.9	-186.1	-129.7	3428.9	-407.4	-82.5	
99.40	63.0	15.8	-3.0	0.0	-69.6	90.1	3.2	-186.6	-126.5	3453.2	-477.4	-80.0	
99.45	63.1	16.0	-0.4	0.0	-70.6	90.1	4.9	-190.2	-124.7	3513.0	-546.6	-72.0	
99.50	63.1	16.4	1.1	0.0	-72.4	90.1	1.1	-194.9	-124.8	3621.1	-625.1	-68.5	
99.55	63.1	16.4	-1.0	0.0	-73.6	90.1	-1.7	-196.7	-126.1	3707.8	-651.5	-77.1	
99.60	63.2	16.4	-1.3	0.0	-74.3	90.1	-1.8	-196.2	-126.3	3761.3	-657.0	-78.8	
99.65	63.2	16.3	-0.1	0.0	-75.0	90.1	1.0	-197.4	-125.3	3815.3	-634.7	-75.3	
99.70	63.3	16.5	-0.2	0.0	-75.9	90.1	1.2	-199.3	-123.4	3882.2	-633.9	-76.6	
99.75	63.3	16.6	-1.6	0.0	-76.5	90.1	-0.4	-199.4	-123.9	3934.7	-573.1	-81.9	
99.80	63.3	16.4	-2.2	0.0	-76.7	90.1	-0.4	-200.2	-126.6	3968.5	-415.6	-84.4	
99.85	63.4	16.2	-2.5	0.0	-76.4	90.1	2.3	-198.3	-127.2	3959.3	-251.7	-85.0	
99.90	63.4	16.5	-3.5	0.0	-76.2	90.1	5.2	-196.7	-125.3	3956.4	-160.4	-88.2	
99.95	63.5	17.2	-4.0	0.0	-76.3	90.1	8.7	-196.2	-125.3	3967.8	-34.6	-90.0	
100.00	63.5	17.3	-3.8	0.0	-76.9	90.1	11.7	-197.4	-127.8	4006.6	156.8	-89.9	
100.05	63.5	17.7	-3.8	0.0	-77.9	90.1	13.7	-198.8	-127.9	4069.0	309.7	-90.9	
100.10	63.6	18.1	-4.5	0.0	-79.5	90.1	13.0	-200.1	-125.8	4178.0	396.0	-94.9	
100.15	63.6	17.0	-5.3	0.0	-80.8	90.1	14.7	-201.6	-123.8	4269.7	461.1	-98.9	
100.20	63.6	16.1	-4.4	0.0	-82.5	90.1	18.8	-206.9	-121.9	4376.3	519.8	-97.7	
100.25	63.7	15.7	-4.9	0.0	-83.5	90.1	20.3	-208.1	-120.4	4443.9	560.1	-100.3	
100.30	63.7	15.8	-6.2	0.0	-83.6	90.1	17.0	-205.1	-120.3	4466.7	557.3	-105.0	
100.35	63.8	16.6	-6.0	0.0	-82.6	90.1	12.7	-200.6	-122.3	4406.4	514.4	-103.3	
100.40	63.8	17.3	-5.0	0.0	-81.1	90.1	10.8	-200.2	-123.2	4298.3	427.0	-98.2	
100.45	63.8	17.4	-3.7	0.0	-79.7	90.1	9.8	-199.9	-119.9	4212.2	276.7	-92.5	
100.50	63.9	17.2	-4.6	0.0	-79.3	90.1	9.3	-200.0	-115.4	4189.2	135.4	-94.9	
100.55	63.9	17.1	-4.4	0.0	-79.3	90.1	6.8	-202.0	-115.5	4188.4	41.4	-94.3	
100.60	64.0	17.4	-2.8	0.0	-79.4	90.1	3.7	-203.9	-118.2	4188.8	-35.8	-89.0	
100.65	64.0	18.2	-0.7	0.0	-78.6	90.1	2.5	-200.8	-117.2	4129.1	-169.3	-80.8	
100.70	64.1	18.8	-0.2	0.0	-77.1	90.1	2.9	-196.7	-113.5	4026.7	-328.3	-78.0	
100.75	64.2	19.3	1.0	0.0	-76.0	90.1	1.4	-195.3	-113.1	3934.5	-443.4	-72.6	
100.80	64.2	19.7	1.6	0.0	-76.6	90.1	-2.2	-198.9	-116.2	3956.2	-506.0	-70.9	
100.85	64.3	19.5	0.6	0.0	-78.2	90.1	-7.7	-202.2	-118.3	4057.0	-571.0	-76.1	
100.90	64.3	18.9	-1.6	0.0	-78.9	90.1	-12.1	-202.6	-118.1	4097.0	-659.4	-84.3	
100.95	64.4	18.5	-1.7	0.0	-79.0	90.1	-12.4	-206.3	-116.6	4082.8	-752.6	-84.9	
101.00	64.5	18.3	-0.8	0.0	-78.7	90.1	-11.8	-208.7	-116.7	4036.2	-807.3	-81.3	
101.05	64.5	18.2	-2.0	0.0	-77.9	90.1	-14.3	-204.3	-117.8	3987.5	-834.0	-84.9	
101.10	64.6	18.6	-2.0	0.0	-76.4	90.1	-15.7	-196.3	-120.4	3903.5	-778.9	-83.3	
101.15	64.7	18.8	0.2	0.0	-73.9	90.1	-12.3	-189.7	-123.5	3750.1	-654.1	-73.2	
101.20	64.7	18.9	0.2	0.0	-71.9	90.1	-7.1	-186.7	-121.6	3615.6	-606.2	-71.2	
101.25	64.8	19.1	1.1	0.0	-71.3	90.1	-4.0	-185.7	-117.2	3581.0	-583.2	-67.6	
101.30	64.9	19.3	0.5	0.0	-71.3	90.1	-0.8	-185.9	-118.4	3602.0	-446.1	-69.5	
101.35	64.9	19.3	0.1	0.0	-72.3	90.1	-1.8	-188.4	-122.6	3676.2	-309.8	-71.8	
101.40	65.0	19.2	-0.6	0.0	-72.9	90.1	-3.4	-190.7	-123.5	3717.8	-272.4	-75.0	
101.45	65.1	20.0	-1.4	0.0	-72.5	90.1	-3.0	-190.9	-120.7	3687.1	-298.4	-77.3	
101.50	65.1	20.5	-1.9	0.0	-71.9	90.1	0.4	-190.5	-117.8	3647.0	-276.3	-78.2	
101.55	65.2	20.3	-1.5	0.0	-73.0	90.1	-0.2	-190.9	-117.7	3735.7	-245.6	-78.0	
101.60	65.3	20.5	-4.2	0.0	-75.4	90.1	-0.7	-194.0	-120.0	3905.4	-155.4	-89.8	
101.65	65.3	20.7	-3.6	0.0	-77.2	90.1	0.9	-197.9	-119.4	4034.9	-76.9	-89.7	
101.70	65.4	20.9	-3.5	0.0	-77.8	90.1	7.3	-201.6	-116.2	4071.6	8.6	-89.9	
101.75	65.5	20.8	-1.8	0.0	-78.0	90.1	11.3	-203.0	-113.2	4086.8	45.2	-84.3	
101.80	65.6	20.7	-2.8	0.0	-78.2	90.1	13.7	-203.5	-113.4	4102.1	83.6	-87.7	
101.85	65.6	20.8	-2.2	0.0	-78.3	90.1	14.5	-204.0	-115.3	4099.6	156.6	-85.9	
101.90	65.7	21.3	-1.7	0.0	-77.4	90.1	14.7	-200.9	-117.9	4034.8	211.0	-83.3	
101.95	65.8	21.6	-2.5	0.0	-76.6	90.1	13.6	-198.1	-118.4	3984.3	176.6	-85.3	
102.00	65.9	21.6	-2.8	0.0	-76.6	90.1	13.4	-198.8	-116.6	3984.7	95.6	-86.3	
102.05	65.9	21.4	-2.6	0.0	-77.5	90.1	15.2	-203.3	-117.2	4045.7	96.7	-86.5	
102.10	66.0	21.2	-3.4	0.0	-78.9	90.1	13.5	-204.8	-119.2	4144.4	91.0	-90.5	
102.15	66.1	20.9	-3.1	0.0	-79.4	90.1	9.3	-201.9	-122.5	4190.6	79.5	-90.1	
102.20	66.2	20.7	-2.2	0.0	-78.4	90.1	9.5	-198.9	-124.5	4116.1	89.6	-85.9	
102.25	66.2	20.2	-1.3	0.0	-77.1	90.1	13.2	-198.4	-122.6	4024.4	56.3	-81.7	
102.30	66.3	19.6	-0.9	0.0	-77.0	90.1	14.6	-197.4	-120.6	4017.5	15.4	-80.0	
102.35	66.4	19.2	-1.8	0.0	-77.7	90.1	16.0	-196.5	-122.8	4073.1	87.2	-83.8	
102.40	66.4	18.7	-1.0	0.0	-79.0	90.1	17.0	-199.3	-124.7	4160.6	166.0	-82.6	
102.45	66.5	18.2	-1.5	0.0	-79.9	90.1	16.5	-204.0	-123.9	4214.3	149.3	-85.2	
102.50	66.6	17.7	-1.4	0.0	-79.5	90.1	13.8	-203.3	-122.2	4191.6	43.6	-84.4	
102.55	66.6	17.6	-0.6	0.0	-78.0	90.1	13.9	-197.8	-121.8	4093.2	-8.5	-80.2	
102.60	66.7	17.8	0.4	0.0	-76.6	90.1	14.8	-194.0	-121.3	3996.5	-1.7	-75.3	
102.65	66.7	18.1	-0.1	0.0	-76.1	90.1	11.1	-193.2	-120.3	3961.6	-42.8	-76.4	
102.70	66.8	18.4	-0.2	0.0	-75.9	90.1	6.0	-191.6	-121.1	3951.0	-105.4	-76.7	
102.75	66.9	18.6	1.2	0.0	-75.3	90.1	8.1	-191.4	-122.3	3910.1	-77.4	-71.2	
102.80	66.9	18.2	2.5	0.0	-75.2	90.1	16.1	-194.8	-118.2	3896.1	-27.2	-66.7	
102.85	67.0	18.4	2.4	0.0	-76.0	90.1	21.2	-197.9	-113.1	3946.4	23.5	-67.7	
102.90	67.0	18.8	0.4	0.0	-76.5	90.1	20.0	-197.0	-116.4	3983.1	134.5	-75.2	
102.95	67.1	18.8	-0.3	0.0	-76.6	90.1	18.9	-198.1	-120.4	3979.6	229.9	-77.6	
103.00	67.2	19.0	-0.6	0.0	-76.6	90.1	22.2	-201.0	-116.2	3973.5	231.3	-78.5	
103.05	67.2	19.2	-1.3	0.0	-76.6	90.1	24.6	-198.6	-111.9	3985.6	217.1	-81.2	
103.10	67.3	19.3	-1.7	0.0	-76.8	90.1	23.7	-192.9	-114.8	4012.4	281.1	-82.8	
103.15	67.4	19.5	-2.2	0.0	-78.1	90.1	22.5	-197.3	-118.7	4086.4	367.8	-85.5	
103.20	67.4	19.7	-4.1	0.0	-79.2	90.1	22.4	-204.4	-118.3	4143.2	432.9	-93.4	
103.25	67.5	19.4	-4.3	0.0	-78.8	90.1	24.3	-201.8	-118.3	4109.6	539.2	-93.6	
103.30	67.6	19.5	-2.7	0.0	-77.3	90.1	29.2	-193.8	-119.3	3989.9	675.4	-86.4	
103.35	67.6	19.4	-2.2	0.0	-76.5	90.1	35.1	-195.6	-116.5	3909.8	754.1	-84.0	
103.40	67.7	19.0	-3.1	0.0	-77.0	90.1	36.1	-201.3	-114.3	3931.7	770.9	-87.6	
103.45	67.7	19.8	-2.8	0.0	-77.2	90.1	33.9	-196.8	-117.6	3948.4	822.1	-86.7	
103.50	67.8	20.4	-2.9	0.0	-76.5	90.1	33.7	-189.4	-121.0	3896.8	890.8	-86.5	
103.55	67.9	20.5	-2.7	0.0	-75.3	90.1	36.5	-189.3	-116.4	3820.6	848.4	-84.6	
103.60	67.9	19.6	-2.6	0.0	-74.6	90.1	36.7	-190.4	-112.1	3782.7	756.2	-83.6	
103.65	68.0	19.0	-2.7	0.0	-74.9	90.1	31.0	-187.9	-115.3	3817.4	725.9	-84.2	
103.70	68.0	18.5	-2.2	0.0	-76.0	90.1	27.2	-188.9	-117.9	3902.5	722.9	-83.7	
103.75	68.1	17.7	-2.7	0.0	-77.6	90.1	28.5	-198.1	-113.6	4010.0	654.0	-86.8	
103.80	68.1	17.7	-2.8	0.0	-78.3	90.1	29.2	-203.9	-109.1	4071.3	547.3	-88.0	
103.85	68.2	18.1	-2.9	0.0	-78.1	90.1	27.3	-201.3	-110.3	4065.7	473.3	-87.9	
103.90	68.2	18.1	-2.2	0.0	-78.0	90.1	27.1	-203.8	-110.2	4064.2	401.4	-85.6	
103.95	68.3	18.5	-2.3	0.0	-77.8	90.1	27.0	-208.1	-105.5	4049.5	287.0	-85.9	
104.00	68.3	18.9	-2.3	0.0	-76.5	90.1	24.2	-202.3	-105.3	3971.0	228.3	-84.5	
104.05	68.4	18.1	-0.5	0.0	-74.6	90.1	19.8	-193.8	-107.9	3857.1	169.6	-76.4	
104.10	68.4	17.8	-0.9	0.0	-73.9	90.1	18.6	-196.1	-104.7	3802.0	31.2	-77.1	
104.15	68.5	18.1	-1.5	0.0	-73.9	90.1	15.8	-200.3	-100.0	3791.7	-132.2	-79.2	
104.20	68.5	19.1	-0.5	0.0	-72.6	90.1	12.3	-192.6	-102.4	3708.6	-167.0	-74.4	
104.25	68.6	18.8	-0.9	0.0	-70.3	90.1	11.0	-184.7	-107.0	3555.8	-133.4	-73.5	
104.30	68.6	18.4	-1.6	0.0	-69.3	90.1	11.9	-189.1	-103.1	3468.9	-198.8	-74.8	
104.35	68.7	18.1	-1.2	0.0	-68.8	90.1	11.8	-191.3	-99.1	3422.4	-285.2	-72.9	
104.40	68.7	18.8	0.3	0.0	-66.9	90.1	11.0	-181.2	-103.7	3313.0	-223.0	-66.1	
104.45	68.8	19.3	0.7	0.0	-66.0	90.1	12.8	-178.2	-106.7	3255.9	-120.7	-63.5	
104.50	68.9	19.6	-0.6	0.0	-67.2	90.1	13.3	-186.2	-101.0	3323.6	-180.2	-69.1	
104.55	68.9	19.5	-1.8	0.0	-68.2	90.1	10.1	-187.7	-99.2	3394.9	-239.7	-74.3	
104.60	69.0	19.5	-1.7	0.0	-68.0	90.1	9.9	-182.1	-104.8	3391.6	-124.6	-73.8	
104.65	69.0	19.6	-1.4	0.0	-68.4	90.1	13.3	-183.6	-104.2	3424.0	-36.1	-73.1	
104.70	69.1	20.1	-3.4	0.0	-69.5	90.1	15.5	-189.6	-97.5	3496.2	-35.9	-81.1	
104.75	69.1	19.8	-3.2	0.0	-69.6	90.1	14.3	-187.2	-98.2	3503.9	54.0	-80.7	
104.80	69.2	19.3	-2.3	0.0	-68.3	90.1	14.8	-180.5	-104.4	3414.3	231.7	-76.3	
104.85	69.2	19.1	-2.8	0.0	-67.8	90.1	17.9	-181.9	-101.0	3373.1	266.3	-77.4	
104.90	69.3	19.4	-3.7	0.0	-68.0	90.1	19.1	-185.6	-93.1	3389.6	180.9	-80.6	
104.95	69.3	20.1	-3.7	0.0	-67.4	90.1	18.3	-182.8	-92.9	3354.9	174.0	-80.1	
105.00	69.4	21.1	-2.9	0.0	-66.8	90.1	17.9	-180.3	-95.7	3304.9	233.5	-76.7	
105.05	69.4	20.7	-2.8	0.0	-66.8	90.1	17.2	-183.5	-91.2	3307.6	204.9	-76.3	
105.10	69.5	20.8	-2.5	0.0	-67.0	90.1	16.1	-183.3	-87.6	3327.6	182.5	-75.8	
105.15	69.5	21.5	-1.2	0.0	-66.4	90.1	16.6	-175.4	-92.1	3293.9	283.4	-70.4	
105.20	69.6	20.7	-0.0	0.0	-66.3	90.1	17.5	-173.8	-93.2	3280.7	323.5	-66.4	
105.25	69.7	20.4	-3.0	0.0	-67.6	90.1	16.1	-181.9	-86.9	3377.0	189.0	-78.0	
105.30	69.7	20.3	-4.3	0.0	-69.9	90.1	11.6	-189.8	-86.1	3530.5	85.1	-84.8	
105.35	69.8	20.5	-3.6	0.0	-71.9	90.1	7.4	-191.9	-92.3	3672.5	91.8	-84.1	
105.40	69.9	21.4	-3.1	0.0	-74.2	90.1	8.8	-197.4	-90.6	3834.1	51.0	-84.7	
105.45	69.9	22.2	-3.1	0.0	-75.3	90.1	10.4	-200.3	-84.5	3912.7	-79.4	-86.0	
105.50	70.0	21.8	-1.3	0.0	-74.6	90.1	10.9	-196.6	-86.6	3867.8	-92.3	-79.1	
105.55	70.1	21.4	2.5	0.0	-73.5	90.1	9.9	-193.5	-92.7	3792.3	-30.8	-65.1	
105.60	70.2	21.4	-0.3	0.0	-73.3	90.1	7.1	-193.2	-93.6	3771.0	-82.3	-74.2	
105.65	70.2	22.1	-1.2	0.0	-73.8	90.1	2.9	-193.6	-91.0	3804.1	-239.5	-78.0	
105.70	70.3	21.6	-0.3	0.0	-73.3	90.1	2.4	-191.9	-91.8	3764.4	-333.2	-74.3	
105.75	70.4	21.7	-0.1	0.0	-73.0	90.1	3.2	-194.6	-91.8	3729.7	-408.6	-73.3	
105.80	70.5	22.7	-1.6	0.0	-73.7	90.1	-1.7	-195.7	-88.8	3763.0	-555.6	-79.4	
105.85	70.5	23.1	-1.7	0.0	-74.2	90.1	-7.1	-193.0	-90.3	3798.8	-610.6	-80.1	
105.90	70.6	23.1	0.5	0.0	-73.6	90.1	-6.0	-189.1	-95.9	3769.3	-514.5	-71.9	
105.95	70.7	22.7	2.6	0.0	-73.8	90.1	0.2	-192.4	-92.6	3787.6	-487.9	-65.0	
106.00	70.7	23.7	1.8	0.0	-75.4	90.1	2.2	-196.0	-85.5	3887.6	-566.6	-69.1	
106.05	70.8	24.4	0.7	0.0	-77.0	90.1	1.0	-196.7	-87.4	4018.3	-527.8	-74.5	
106.10	70.9	24.8	1.0	0.0	-79.0	90.1	2.3	-203.0	-91.6	4162.3	-415.2	-75.6	
106.15	71.0	24.6	0.5	0.0	-80.8	90.1	3.0	-210.1	-87.5	4274.0	-434.6	-79.2	
106.20	71.0	24.7	0.2	0.0	-80.3	90.1	2.1	-206.7	-83.1	4246.7	-490.1	-79.5	
106.25	71.1	24.8	1.8	0.0	-77.8	90.1	3.5	-198.0	-85.5	4087.5	-403.2	-71.5	
106.30	71.2	24.3	1.4	0.0	-75.7	90.1	6.4	-194.1	-87.9	3950.9	-271.4	-70.9	
106.35	71.3	23.6	-0.6	0.0	-75.9	90.1	4.7	-196.3	-86.7	3961.6	-237.5	-77.8	
106.40	71.3	23.2	-2.3	0.0	-76.7	90.1	4.7	-196.4	-86.9	4024.2	-162.1	-84.7	
106.45	71.4	23.6	-1.8	0.0	-76.8	90.1	11.1	-196.4	-88.4	4035.6	8.6	-82.9	
106.50	71.5	23.7	-1.2	0.0	-75.9	90.1	17.3	-195.2	-86.6	3969.3	111.2	-80.2	
106.55	71.6	23.6	-2.3	0.0	-75.2	90.1	17.4	-195.1	-83.4	3918.3	84.3	-83.1	
106.60	71.7	23.5	-3.1	0.0	-74.7	90.1	15.6	-195.3	-86.9	3872.1	148.0	-85.3	
106.65	71.8	22.9	-2.3	0.0	-74.3	90.1	17.2	-193.6	-93.2	3832.3	330.4	-82.1	
106.70	71.9	22.2	-1.8	0.0	-74.4	90.1	19.7	-191.5	-93.4	3840.2	397.8	-80.6	
106.75	71.9	21.5	-2.0	0.0	-74.1	90.1	19.3	-191.2	-89.7	3830.1	308.7	-81.0	
106.80	72.0	21.3	-2.5	0.0	-73.9	90.1	20.2	-197.3	-91.7	3793.7	319.2	-82.4	
106.85	72.1	21.5	-4.5	0.0	-74.1	90.1	19.1	-198.6	-95.0	3799.7	359.1	-89.6	
106.90	72.2	22.2	-5.6	0.0	-74.0	90.1	14.8	-191.7	-94.9	3815.2	319.7	-93.2	
106.95	72.3	22.4	-4.7	0.0	-72.5	90.1	15.1	-188.0	-95.2	3717.2	312.6	-88.6	
107.00	72.4	22.4	-3.1	0.0	-70.7	90.1	19.6	-190.3	-96.0	3567.8	305.5	-81.2	
107.05	72.4	22.2	-3.1	0.0	-70.4	90.1	20.1	-193.5	-94.2	3542.9	222.0	-80.9	
107.10	72.5	21.8	-3.4	0.0	-71.6	90.1	19.0	-192.9	-93.2	3641.6	211.7	-83.4	
107.15	72.6	21.6	-2.2	0.0	-73.0	90.1	20.8	-191.9	-96.0	3738.0	305.1	-80.4	
107.20	72.6	21.9	-0.1	0.0	-74.0	90.1	23.6	-195.7	-96.8	3799.1	315.7	-74.5	
107.25	72.7	22.2	-2.1	0.0	-74.9	90.1	22.1	-203.2	-91.2	3865.5	134.9	-82.2	
107.30	72.7	22.1	-2.0	0.0	-75.8	90.1	19.6	-205.6	-88.0	3932.0	-2.5	-82.7	
107.35	72.8	21.2	-1.5	0.0	-76.6	90.1	19.2	-201.6	-92.3	3997.1	65.6	-81.7	
107.40	72.8	21.2	-1.2	0.0	-78.3	90.1	16.9	-201.7	-95.4	4125.1	114.3	-82.3	
107.45	72.9	21.5	-1.8	0.0	-79.9	90.1	12.9	-205.1	-92.9	4241.1	14.4	-86.2	
107.50	72.9	22.0	-2.4	0.0	-79.5	90.1	13.4	-204.3	-90.8	4212.7	-40.3	-87.8	
107.55	73.0	22.5	-1.2	0.0	-78.3	90.1	17.7	-201.8	-91.1	4124.7	21.1	-82.3	
107.60	73.0	22.4	-0.4	0.0	-78.3	90.1	21.7	-201.5	-89.3	4125.3	86.8	-79.5	
107.65	73.1	21.9	-0.4	0.0	-79.4	90.1	22.4	-202.3	-88.7	4207.7	146.8	-80.8	
107.70	73.1	20.9	-0.8	0.0	-80.2	90.1	23.6	-203.5	-92.6	4258.9	263.2	-83.0	
107.75	73.2	20.6	-0.4	0.0	-81.0	90.1	26.9	-206.6	-94.1	4298.3	332.0	-82.5	
107.80	73.2	20.9	-0.5	0.0	-82.4	90.1	30.7	-210.4	-89.9	4399.1	327.5	-84.3	
107.85	73.3	21.4	-0.9	0.0	-83.9	90.1	32.1	-209.6	-88.5	4508.9	391.8	-87.1	
107.90	73.3	21.8	-2.0	0.0	-85.2	90.1	30.0	-208.3	-93.8	4596.1	524.7	-92.0	
107.95	73.3	22.1	-3.1	0.0	-86.2	90.1	25.4	-211.3	-96.8	4664.5	536.5	-97.0	
108.00	73.4	22.2	-4.5	0.0	-87.0	90.1	23.3	-217.0	-93.7	4717.1	445.0	-102.3	
108.05	73.4	22.2	-4.5	0.0	-87.4	90.1	27.4	-218.8	-91.3	4743.8	456.4	-103.0	
108.10	73.4	22.4	-4.1	0.0	-88.0	90.1	32.9	-216.6	-92.7	4778.4	604.1	-102.2	
108.15	73.5	23.6	-4.3	0.0	-89.3	90.1	33.5	-218.2	-93.3	4856.3	708.1	-104.2	
108.20	73.5	24.1	-4.5	0.0	-90.0	90.1	33.6	-222.5	-91.9	4889.0	757.5	-105.4	
108.25	73.5	24.1	-3.4	0.0	-88.6	90.1	37.3	-220.3	-91.1	4774.5	822.6	-100.1	
108.30	73.5	23.4	-2.1	0.0	-85.9	90.1	41.8	-211.6	-88.8	4590.6	850.7	-93.0	
108.35	73.5	22.7	-2.9	0.0	-84.3	90.1	42.8	-206.9	-84.5	4496.0	790.4	-94.4	
108.40	73.5	21.8	-4.1	0.0	-84.3	90.1	39.5	-209.1	-83.9	4502.9	722.9	-98.3	
108.45	73.5	21.0	-4.8	0.0	-84.2	90.1	33.7	-210.4	-88.1	4490.3	702.8	-100.7	
108.50	73.5	21.3	-5.7	0.0	-83.1	90.1	28.8	-208.9	-88.3	4421.8	627.8	-102.6	
108.55	73.5	21.7	-6.5	0.0	-81.7	90.1	28.1	-208.0	-81.9	4339.4	497.2	-103.9	
108.60	73.6	21.7	-6.8	0.0	-81.0	90.1	30.4	-209.6	-78.3	4289.2	462.3	-104.5	
108.65	73.6	22.0	-6.4	0.0	-81.5	90.1	30.0	-211.2	-81.0	4318.6	517.9	-103.7	
108.70	73.6	22.1	-6.5	0.0	-82.8	90.1	27.0	-213.4	-83.6	4407.4	536.0	-105.1	
108.75	73.6	22.0	-7.3	0.0	-83.4	90.1	26.9	-215.9	-82.1	4451.2	503.8	-108.3	
108.80	73.6	22.5	-5.1	0.0	-82.0	90.1	31.1	-211.3	-79.5	4357.4	492.9	-99.7	
108.85	73.6	22.5	-3.5	0.0	-79.3	90.1	34.2	-202.3	-78.9	4176.0	493.9	-91.4	
108.90	73.6	22.0	-3.7	0.0	-77.4	90.1	31.7	-198.9	-78.6	4049.6	436.0	-90.3	
108.95	73.6	21.4	-4.5	0.0	-77.2	90.1	26.8	-203.4	-78.5	4028.9	376.7	-92.7	
109.00	73.6	21.3	-5.0	0.0	-76.8	90.1	23.6	-203.7	-80.9	3997.9	381.1	-93.9	
109.05	73.6	21.4	-5.6	0.0	-75.5	90.1	24.4	-197.8	-81.7	3911.3	391.1	-94.7	
109.10	73.6	21.6	-6.0	0.0	-74.1	90.1	25.5	-196.7	-78.2	3821.0	299.4	-94.6	
109.15	73.6	21.2	-5.7	0.0	-72.7	90.1	23.0	-198.4	-76.7	3720.5	183.3	-92.3	
109.20	73.6	20.9	-5.7	0.0	-71.3	90.1	17.8	-194.5	-82.3	3621.9	173.4	-91.0	
109.25	73.6	20.8	-5.4	0.0	-70.3	90.1	14.8	-188.4	-84.9	3563.1	185.3	-88.8	
109.30	73.6	21.3	-4.9	0.0	-70.1	90.1	16.7	-187.9	-80.0	3552.4	125.5	-86.9	
109.35	73.6	22.0	-4.5	0.0	-70.7	90.1	20.3	-194.5	-75.7	3586.0	66.9	-86.1	
109.40	73.7	22.9	-4.1	0.0	-72.2	90.1	21.8	-202.0	-76.1	3672.1	65.9	-86.4	
109.45	73.7	23.2	-4.9	0.0	-74.2	90.1	20.6	-206.2	-75.9	3814.7	88.8	-91.0	
109.50	73.7	23.6	-5.7	0.0	-76.4	90.1	20.0	-211.1	-74.5	3966.7	139.1	-95.9	
109.55	73.7	24.1	-5.2	0.0	-76.9	90.1	19.9	-211.0	-75.9	3997.5	200.1	-94.6	
109.60	73.7	23.9	-4.3	0.0	-75.6	90.1	18.7	-206.0	-76.0	3917.3	179.2	-90.3	
109.65	73.7	24.0	-4.9	0.0	-74.4	90.1	17.0	-203.9	-71.9	3842.1	92.5	-91.4	
109.70	73.7	24.3	-5.0	0.0	-74.6	90.1	16.9	-205.0	-69.3	3853.1	96.6	-91.9	
109.75	73.7	23.6	-4.5	0.0	-75.2	90.1	15.8	-201.7	-71.4	3902.0	185.8	-90.7	
109.80	73.7	23.0	-5.0	0.0	-75.9	90.1	13.6	-201.5	-73.4	3955.3	219.7	-93.1	
109.85	73.8	22.6	-5.0	0.0	-76.4	90.1	15.5	-207.8	-70.2	3980.4	162.6	-93.7	
109.90	73.8	22.6	-4.3	0.0	-76.3	90.1	21.1	-211.7	-67.4	3965.0	155.2	-91.1	
109.95	73.8	22.9	-3.2	0.0	-75.7	90.1	23.8	-205.7	-69.9	3924.4	249.6	-86.6	
