Time[s]	Rotor azimuth angle[deg]	Hub wind speed magnitude[m/s]	ACTTORQUE1[Nm]	PITRAT1[deg/s]	PITFRIC1[kNm]	PITCH1[deg]	Blade root 1 Fx[KN]	Blade root 1 Fy[KN]	Blade root 1 Fz[KN]	Blade root 1 Mx[kNm]	Blade root 1 My[kNm]	Blade root 1 Mz[kNm]	
END_OF_HEADER
50.00	320.6	25.6	-46.9	-0.6	144.4	24.0	254.5	37.0	433.1	-426.0	8699.3	-41.4	
50.05	323.3	25.7	-50.2	-0.5	141.2	23.9	249.1	28.1	422.1	19.5	8498.3	-45.6	
50.10	325.9	25.8	-53.0	-0.4	139.1	23.9	244.1	23.7	413.1	584.2	8342.2	-46.5	
50.15	328.5	24.8	-51.8	-0.4	138.6	23.9	241.6	-0.3	409.8	1236.5	8244.0	-43.9	
50.20	331.2	24.5	-47.5	-0.3	140.1	23.9	245.7	-19.7	405.1	1692.2	8266.5	-35.6	
50.25	333.8	25.0	-44.4	-0.1	141.2	23.9	252.0	-9.6	399.2	1809.5	8317.5	-29.3	
50.30	336.4	25.0	-44.4	-0.1	139.6	23.9	247.8	1.5	389.9	1651.0	8241.6	-17.5	
50.35	339.1	24.8	-41.4	-0.2	134.6	23.8	229.0	2.5	379.9	1548.9	7943.8	1.6	
50.40	341.7	24.2	-33.8	-0.3	127.2	23.8	203.2	-2.7	373.8	1603.2	7438.4	24.4	
50.45	344.4	23.7	-28.3	-0.3	120.1	23.8	183.4	-12.4	373.8	1693.5	6923.8	30.8	
50.50	347.0	23.4	-32.6	-0.4	117.5	23.8	178.2	-23.7	377.9	1955.7	6660.2	8.9	
50.55	349.7	23.3	-41.4	-0.4	120.9	23.8	185.1	-38.1	375.9	2219.7	6822.3	-24.0	
50.60	352.4	23.9	-48.7	-0.3	129.3	23.8	205.3	-62.7	372.2	2415.3	7350.1	-49.4	
50.65	355.2	24.7	-37.3	-0.2	135.1	23.8	227.0	-37.6	380.2	79.0	8126.2	-5.9	
50.70	358.0	25.5	-59.6	-0.0	143.1	23.8	250.6	-70.1	389.3	162.1	8634.2	-76.0	
50.75	0.6	25.4	-5.0	0.1	-143.0	23.8	257.7	-18.0	403.6	440.4	8609.1	-174.1	
50.80	3.4	26.1	31.0	0.6	-137.1	23.8	230.9	-90.9	393.4	-477.8	8199.1	-93.6	
50.85	6.2	26.8	19.0	0.9	-129.6	23.8	221.4	-33.4	402.7	534.9	7693.1	-111.4	
50.90	8.8	27.0	-1.1	1.2	-129.4	23.9	219.1	-60.3	421.8	1402.2	7542.5	-168.1	
50.95	11.7	26.4	6.8	1.4	-134.3	23.9	223.8	-181.9	414.7	1074.0	7793.2	-136.9	
51.00	14.4	25.7	-3.3	1.6	-138.8	24.0	245.5	-122.6	415.3	1961.3	8015.4	-169.4	
51.05	17.1	25.3	-0.5	1.7	-137.1	24.1	238.5	-127.4	425.5	2296.0	7796.4	-153.4	
51.10	19.8	24.6	19.2	1.8	-129.4	24.2	226.0	-138.2	434.2	2414.3	7152.5	-74.2	
51.15	22.6	24.4	20.7	1.8	-123.5	24.3	221.6	-43.3	456.2	3075.1	6513.6	-60.3	
51.20	25.3	24.6	24.7	1.9	-113.2	24.3	186.6	-87.4	459.5	2327.0	6041.2	-34.2	
51.25	28.2	24.2	25.2	1.9	-107.1	24.4	169.8	-110.7	463.5	2062.1	5655.6	-24.9	
51.30	31.0	23.9	14.1	1.9	-105.7	24.5	168.0	-84.1	482.4	2874.4	5201.8	-60.6	
51.35	33.8	23.7	9.8	1.9	-102.0	24.6	136.7	-159.6	493.3	3180.1	4602.0	-71.0	
51.40	36.6	23.6	3.4	2.0	-102.8	24.7	128.2	-159.9	510.9	3962.0	4036.1	-93.1	
51.45	39.5	23.5	-5.9	2.0	-107.1	24.8	137.2	-170.3	524.8	4545.3	3807.1	-128.6	
51.50	42.3	23.4	-15.7	2.0	-109.6	24.9	119.4	-270.9	521.8	4518.8	3774.8	-164.6	
51.55	45.2	23.0	-26.7	2.0	-114.9	25.0	118.2	-269.9	531.2	5266.7	3434.3	-207.2	
51.60	48.0	22.8	-18.6	2.0	-113.5	25.1	132.5	-257.2	542.4	5440.6	2948.4	-178.1	
51.65	50.8	22.7	-1.5	2.0	-103.9	25.2	100.0	-259.1	550.6	5057.3	2142.7	-109.5	
51.70	53.5	22.1	2.6	2.0	-104.0	25.3	72.9	-210.0	565.6	5501.4	1273.8	-95.5	
51.75	56.4	22.9	13.2	2.0	-104.1	25.4	75.7	-244.5	568.9	5503.6	782.3	-59.1	
51.80	59.2	23.4	19.8	2.0	-106.1	25.5	57.5	-269.6	585.9	5639.3	52.9	-38.4	
51.85	62.0	22.6	19.9	2.0	-116.9	25.6	51.8	-238.0	621.4	6448.3	-953.6	-48.8	
51.90	64.9	22.4	29.0	2.0	-121.2	25.7	56.1	-268.8	630.2	6526.5	-1732.2	-21.7	
51.95	67.7	22.6	27.3	2.0	-121.0	25.8	10.9	-252.6	627.3	6275.8	-2627.5	-27.5	
52.00	70.6	23.0	22.1	2.0	-117.2	25.9	-35.4	-206.0	637.6	5563.5	-3616.0	-41.4	
52.05	73.5	23.2	29.9	2.0	-114.0	26.0	-53.6	-233.1	652.5	4389.0	-4505.1	-11.5	
52.10	76.4	23.0	21.8	2.0	-117.0	26.1	-86.3	-222.5	671.7	3879.8	-5223.4	-42.2	
52.15	79.3	22.5	13.2	2.0	-112.9	26.2	-98.6	-189.8	681.5	3384.5	-5265.8	-67.5	
52.20	82.2	22.9	4.4	2.0	-101.9	26.3	-63.9	-196.5	686.7	2887.8	-4618.4	-86.9	
52.25	85.1	22.8	-14.5	2.0	-98.6	26.4	-37.0	-208.2	707.8	3308.0	-3964.0	-148.5	
52.30	88.0	22.5	-29.8	2.0	-98.6	26.5	-10.7	-254.2	734.3	3730.4	-3349.5	-200.8	
52.35	90.9	21.8	-30.8	2.0	-94.2	26.6	22.8	-288.4	747.3	3567.3	-2860.8	-199.8	
52.40	93.7	22.7	-24.6	2.0	-92.1	26.7	-1.4	-237.6	750.9	3383.6	-3052.3	-176.6	
52.45	96.5	24.0	-11.1	2.0	-91.1	26.8	-52.8	-196.7	754.9	2801.9	-3625.1	-129.3	
52.50	99.4	25.3	5.5	2.0	-92.1	26.9	-59.7	-182.2	771.0	2298.8	-4076.6	-73.1	
52.55	102.3	24.5	9.7	2.0	-98.1	27.0	-52.5	-174.5	807.5	2559.6	-4453.2	-64.7	
52.60	105.1	24.0	8.5	2.0	-104.2	27.1	-41.8	-216.1	839.0	2988.3	-4574.4	-75.1	
52.65	108.0	23.7	5.4	2.0	-108.2	27.2	-15.0	-224.6	850.4	3417.6	-4610.4	-89.5	
52.70	110.8	23.6	13.9	2.0	-117.3	27.3	-36.3	-194.3	864.0	3582.6	-5421.9	-69.7	
52.75	113.6	23.5	35.7	2.0	-131.3	27.4	-94.0	-194.5	880.7	3281.2	-6734.4	-8.8	
52.80	116.5	23.6	48.3	2.0	-147.3	27.5	-128.0	-187.8	893.6	3375.5	-7976.7	18.6	
52.85	119.4	23.8	54.3	2.0	-161.0	27.6	-152.2	-188.5	905.8	3614.6	-8941.1	25.3	
52.90	122.2	23.4	64.4	2.0	-169.0	27.7	-170.8	-201.9	918.7	3487.8	-9565.3	52.1	
52.95	125.1	23.0	70.8	2.0	-171.4	27.8	-158.2	-185.7	930.9	3399.1	-9841.1	71.6	
53.00	128.0	22.7	74.6	2.0	-172.5	27.9	-150.7	-175.5	934.9	3291.6	-9998.3	83.8	
53.05	130.8	23.3	78.4	2.0	-173.4	28.0	-157.9	-176.7	928.4	3189.1	-10093.7	95.6	
53.10	133.7	23.7	79.0	2.0	-175.6	28.1	-154.0	-160.8	932.1	3200.9	-10301.4	95.6	
53.15	136.6	23.8	83.4	2.0	-178.2	28.2	-150.3	-163.2	952.2	2971.0	-10562.8	108.3	
53.20	139.5	23.4	89.1	2.0	-180.9	28.3	-163.3	-165.3	965.3	2726.3	-10801.1	124.8	
53.25	142.3	23.0	82.8	2.0	-177.7	28.4	-162.0	-149.0	957.5	2500.7	-10644.4	106.5	
53.30	145.2	22.4	76.9	2.0	-167.5	28.5	-144.7	-136.3	950.9	1992.5	-10037.3	96.5	
53.35	148.0	21.1	69.0	2.0	-155.4	28.6	-121.5	-125.9	961.2	1656.8	-9227.3	81.6	
53.40	150.8	20.7	56.0	2.0	-144.4	28.7	-96.6	-122.6	972.6	1435.0	-8469.6	47.9	
53.45	153.7	20.6	46.4	2.0	-135.6	28.8	-88.2	-116.5	961.9	885.7	-7909.5	23.8	
53.50	156.4	20.6	44.0	2.0	-131.4	28.9	-96.9	-88.5	952.4	370.9	-7688.6	19.6	
53.55	159.2	20.2	42.1	2.0	-128.7	29.0	-94.4	-66.2	969.0	41.0	-7526.0	15.7	
53.60	162.0	20.4	36.5	2.0	-122.3	29.1	-75.6	-65.8	994.8	-288.6	-7058.5	2.9	
53.65	164.8	21.6	28.2	2.0	-110.8	29.2	-52.5	-49.0	997.8	-673.0	-6236.4	-14.1	
53.70	167.6	22.7	16.1	2.0	-95.8	29.3	-16.9	-30.9	989.5	-1186.4	-5116.5	-40.5	
53.75	170.4	23.5	7.3	2.0	-87.5	29.4	10.5	-25.3	996.3	-1560.6	-4375.6	-62.6	
53.80	173.1	23.8	5.2	2.0	-88.1	29.5	8.0	-12.9	1008.1	-1661.4	-4411.5	-70.1	
53.85	175.8	23.3	10.6	2.0	-98.0	29.6	-29.1	-0.8	1006.1	-1823.6	-5108.7	-61.4	
53.90	178.6	22.9	20.6	2.0	-108.5	29.7	-67.1	21.1	990.3	-2092.2	-5744.1	-37.9	
53.95	181.3	22.5	26.6	2.0	-110.8	29.8	-76.9	33.8	988.6	-2156.3	-5862.6	-19.5	
54.00	184.0	21.7	20.9	2.0	-103.1	29.9	-56.1	20.5	998.3	-1888.0	-5410.7	-31.4	
54.05	186.8	21.7	11.5	2.0	-89.3	30.0	-19.5	17.3	994.2	-1624.4	-4500.3	-49.9	
54.10	189.5	21.8	13.7	2.0	-78.6	30.1	13.2	41.0	974.6	-1714.7	-3543.3	-31.6	
54.15	192.2	22.0	21.8	2.0	-73.9	30.2	32.3	60.5	961.1	-1925.0	-2942.3	0.9	
54.20	194.9	21.6	23.4	2.0	-74.9	30.3	26.2	73.0	963.6	-1950.2	-2981.3	5.4	
54.25	197.7	21.5	25.3	2.0	-76.9	30.4	14.7	78.4	960.4	-1997.5	-3129.3	10.1	
54.30	200.4	22.0	27.4	2.0	-78.8	30.5	3.2	83.6	946.2	-2152.3	-3201.2	15.2	
54.35	203.1	21.3	21.6	2.0	-76.5	30.6	4.0	88.6	930.3	-2115.3	-3008.2	-2.5	
54.40	205.9	20.6	9.0	2.0	-68.6	30.7	26.3	69.5	923.2	-1780.2	-2571.9	-37.7	
54.45	208.6	19.8	-3.1	2.0	-62.4	30.8	48.7	39.8	918.2	-1409.9	-2298.9	-73.0	
54.50	211.3	19.3	-5.3	2.0	-64.2	30.9	46.7	39.6	903.1	-1477.4	-2436.1	-82.4	
54.55	214.0	19.2	6.8	2.0	-73.6	31.0	26.8	64.6	880.4	-2073.0	-2884.5	-50.2	
54.60	216.6	19.4	21.4	2.0	-86.2	31.1	-0.8	96.9	862.0	-2688.2	-3532.7	-12.5	
54.65	219.3	20.1	29.5	2.0	-96.1	31.2	-25.6	123.5	851.9	-2963.5	-4164.0	5.1	
54.70	221.9	20.6	37.1	2.0	-101.0	31.3	-29.9	136.2	842.2	-3184.7	-4427.3	26.3	
54.75	224.5	20.9	41.9	2.0	-100.5	31.4	-12.3	146.2	826.9	-3410.1	-4194.4	43.3	
54.80	227.1	20.4	38.7	2.0	-96.7	31.5	5.7	155.3	809.6	-3477.2	-3736.4	36.1	
54.85	229.7	20.4	31.2	2.0	-93.1	31.6	19.5	148.5	793.8	-3502.3	-3367.7	14.1	
54.90	232.2	20.8	28.6	2.0	-95.6	31.7	18.7	150.5	776.5	-3704.0	-3444.8	2.6	
54.95	234.8	21.3	32.2	2.0	-104.1	31.8	-1.8	163.8	757.4	-4203.5	-3827.8	6.4	
55.00	237.3	21.3	34.3	2.0	-111.9	31.9	-19.7	174.1	738.9	-4778.0	-4039.5	5.8	
55.05	239.9	21.4	29.4	2.0	-114.1	32.0	-16.8	196.8	715.0	-5136.1	-3777.5	-13.2	
55.10	242.4	22.1	18.6	2.0	-113.6	32.1	1.0	208.2	694.5	-5469.0	-3159.2	-49.5	
55.15	244.9	21.5	10.5	2.0	-113.9	32.2	27.3	202.1	683.7	-5866.4	-2459.2	-78.0	
55.20	247.4	20.7	1.6	2.0	-115.1	32.3	54.9	203.0	673.2	-6195.4	-1780.8	-109.6	
55.25	249.9	20.1	-3.3	2.0	-119.1	32.4	57.5	211.6	655.2	-6598.4	-1335.8	-130.6	
55.30	252.4	19.7	-0.2	2.0	-124.4	32.5	41.4	228.3	634.4	-7002.1	-1275.4	-125.2	
55.35	254.9	19.6	7.1	2.0	-128.4	32.6	27.1	254.5	618.1	-7192.9	-1558.5	-104.1	
55.40	257.4	19.8	13.1	2.0	-129.9	32.7	19.4	262.0	611.9	-7235.1	-1815.6	-84.9	
55.45	259.8	19.8	11.7	2.0	-127.3	32.8	18.4	246.8	606.7	-7084.4	-1785.8	-87.0	
55.50	262.3	19.5	9.7	2.0	-123.4	32.9	26.5	239.4	590.2	-6893.9	-1447.1	-90.0	
55.55	264.8	19.1	14.0	2.0	-121.6	33.0	40.7	237.8	573.1	-6851.1	-963.4	-73.6	
55.60	267.2	19.6	19.3	2.0	-116.9	33.1	57.4	236.5	572.8	-6514.0	-774.0	-50.7	
55.65	269.7	19.8	17.7	2.0	-108.9	33.2	76.0	231.3	581.2	-5895.7	-790.6	-48.2	
55.70	272.1	19.6	18.1	2.0	-104.8	33.3	80.3	221.1	572.2	-5625.7	-657.0	-42.7	
55.75	274.6	19.4	19.1	2.0	-101.9	33.4	74.5	214.7	544.5	-5483.5	-374.6	-36.5	
55.80	277.0	19.6	15.2	2.0	-95.7	33.5	78.1	201.2	526.6	-5068.4	-226.9	-43.6	
55.85	279.4	20.1	12.4	2.0	-89.9	33.6	85.3	180.0	518.8	-4682.3	-228.6	-47.3	
55.90	281.8	20.3	12.9	2.0	-87.9	33.7	78.9	186.2	499.2	-4525.3	-387.1	-43.5	
55.95	284.2	20.4	15.7	2.0	-89.3	33.8	59.6	193.5	466.9	-4624.2	-659.2	-35.4	
56.00	286.6	20.4	17.8	2.0	-90.6	33.9	34.0	178.3	441.2	-4701.6	-1183.3	-29.5	
56.05	289.0	19.4	17.3	2.0	-89.9	34.0	13.9	161.8	432.7	-4437.7	-1981.4	-30.5	
56.10	291.3	18.4	19.4	2.0	-89.0	34.1	13.6	153.8	426.8	-4115.3	-2514.0	-22.6	
56.15	293.6	17.5	23.8	2.0	-88.6	34.2	17.4	161.2	403.0	-4040.4	-2570.7	-6.8	
56.20	295.9	16.9	31.7	2.0	-89.2	34.3	11.6	179.0	370.0	-4128.9	-2455.2	19.5	
56.25	298.2	16.8	38.3	2.0	-88.8	34.4	7.0	172.0	345.6	-4198.0	-2358.2	42.6	
56.30	300.5	17.0	40.6	2.0	-86.6	34.5	9.4	155.4	337.0	-4054.4	-2385.7	52.9	
56.35	302.8	17.0	42.5	2.0	-83.0	34.6	12.5	156.0	332.2	-3716.4	-2422.7	62.7	
56.40	305.1	16.9	41.7	2.0	-76.4	34.7	22.1	153.3	322.3	-3353.7	-2085.2	66.8	
56.45	307.3	16.8	31.3	2.0	-64.4	34.8	40.2	133.6	312.4	-2756.3	-1398.4	43.1	
56.50	309.6	17.0	14.0	2.0	-50.8	34.9	64.1	102.6	304.2	-2055.1	-535.7	-2.8	
56.55	311.9	17.0	3.6	2.0	-47.2	35.0	95.9	76.3	292.2	-1798.9	427.6	-34.7	
56.60	314.2	16.9	2.8	2.0	-54.1	35.1	116.5	85.7	276.4	-2043.6	1110.5	-44.7	
56.65	316.4	16.4	2.5	2.0	-59.1	35.2	114.2	104.6	262.7	-2317.1	1352.6	-50.7	
56.70	318.6	16.0	1.3	2.0	-61.5	35.3	101.4	102.2	248.7	-2552.3	1392.8	-57.0	
56.75	320.9	15.8	-0.6	2.0	-64.2	35.4	89.5	106.4	236.5	-2838.0	1328.2	-66.2	
56.80	323.1	15.5	-3.2	2.0	-66.6	35.5	80.2	109.6	232.1	-3105.5	1201.2	-77.5	
56.85	325.3	15.9	-8.3	2.0	-66.3	35.6	78.7	96.0	231.4	-3117.3	1213.6	-94.8	
56.90	327.5	16.2	-11.3	2.0	-64.8	35.7	78.6	95.5	218.0	-2917.4	1414.3	-103.6	
56.95	329.6	15.6	-10.0	2.0	-65.0	35.8	78.5	102.4	196.9	-2761.0	1724.6	-99.2	
57.00	331.7	15.4	-5.9	2.0	-64.3	35.9	80.1	94.5	184.4	-2599.0	1919.6	-84.7	
57.05	333.9	15.3	-6.5	2.0	-60.7	36.0	83.0	90.0	183.5	-2272.4	1895.9	-82.9	
57.10	336.0	15.3	-3.0	2.0	-57.8	36.1	83.3	83.5	180.7	-2046.4	1849.3	-68.2	
57.15	338.1	15.6	3.7	2.0	-56.8	36.2	84.4	75.1	166.0	-1869.4	1955.8	-43.9	
57.20	340.2	15.9	3.0	2.0	-52.5	36.3	88.6	63.9	156.5	-1254.8	2042.3	-42.1	
57.25	342.3	16.2	-1.6	2.0	-49.3	36.4	99.7	32.1	157.9	-505.0	2107.3	-54.6	
57.30	344.4	15.6	-4.8	2.0	-46.6	36.5	103.2	1.6	155.4	-3.9	1968.8	-63.1	
57.35	346.5	15.0	-6.2	2.0	-39.4	36.6	85.2	-16.4	140.1	311.0	1448.5	-60.7	
57.40	348.5	14.2	-5.6	2.0	-30.1	36.7	55.0	-40.7	123.1	584.6	611.7	-49.3	
57.45	350.6	14.3	-1.8	2.0	-31.5	36.8	27.8	-55.4	118.5	894.8	-390.6	-37.8	
57.50	352.7	14.7	5.5	2.0	-40.4	36.9	10.4	-46.3	122.3	1132.5	-1255.8	-21.7	
57.55	354.7	15.1	13.5	2.0	-43.9	37.0	6.9	-43.8	118.1	1189.4	-1570.0	2.3	
57.60	356.8	16.0	18.7	2.0	-43.6	37.1	14.2	-56.0	106.5	1310.4	-1394.0	20.7	
57.65	358.8	16.1	18.3	2.0	-44.8	37.2	29.3	-69.9	105.0	1632.0	-1076.3	18.1	
57.70	0.9	16.0	19.2	2.0	-46.9	37.3	43.0	-80.5	112.9	1863.2	-882.7	18.9	
57.75	2.9	16.5	21.3	2.0	-48.9	37.4	40.1	-74.2	112.1	2017.6	-960.5	24.4	
57.80	4.9	16.5	21.2	2.0	-52.4	37.5	21.6	-69.6	102.4	2217.9	-1234.9	20.5	
57.85	7.0	16.4	17.2	2.0	-56.9	37.6	8.3	-89.6	96.9	2452.2	-1418.5	2.1	
57.90	9.0	16.3	8.2	2.0	-59.6	37.7	9.3	-107.9	101.0	2635.6	-1392.3	-31.3	
57.95	11.1	16.3	0.3	2.0	-57.2	37.8	18.4	-113.9	100.4	2563.5	-1067.7	-56.3	
58.00	13.1	16.7	-2.9	2.0	-51.5	37.9	25.5	-113.5	87.2	2265.8	-639.8	-61.5	
58.05	15.1	17.5	-5.4	2.0	-46.6	38.0	27.9	-103.4	78.8	1973.8	-402.1	-65.0	
58.10	17.1	17.5	-6.1	2.0	-42.9	38.1	31.9	-96.4	85.2	1710.4	-356.3	-63.9	
58.15	19.1	18.0	-8.1	2.0	-39.9	38.2	32.1	-92.7	93.9	1453.4	-451.9	-67.6	
58.20	21.1	19.1	-10.5	2.0	-38.2	38.3	22.9	-90.3	93.3	1232.0	-688.3	-74.1	
58.25	23.1	20.0	-11.5	2.0	-41.8	38.4	7.7	-101.3	91.2	1225.7	-1116.7	-81.1	
58.30	25.1	20.5	-9.9	2.0	-49.2	38.5	-8.0	-116.4	98.0	1300.6	-1738.2	-83.2	
58.35	27.0	20.7	-6.7	2.0	-55.5	38.6	-19.1	-119.2	107.0	1265.1	-2307.3	-78.5	
58.40	29.0	20.6	-4.7	2.0	-59.7	38.7	-26.9	-114.7	108.7	1170.2	-2709.7	-75.9	
58.45	30.9	21.1	-4.8	2.0	-65.0	38.8	-33.9	-127.8	109.6	1227.8	-3080.9	-81.5	
58.50	32.9	21.7	-2.6	2.0	-72.0	38.9	-36.2	-148.0	117.3	1465.0	-3483.0	-80.8	
58.55	34.8	21.7	4.9	2.0	-80.1	39.0	-37.5	-160.9	130.0	1776.2	-3965.4	-63.3	
58.60	36.7	21.4	14.2	2.0	-88.9	39.1	-44.3	-166.5	139.6	2075.3	-4533.7	-40.2	
58.65	38.6	21.2	24.2	2.0	-97.0	39.2	-55.0	-165.7	142.9	2417.0	-5038.2	-14.0	
58.70	40.5	21.5	31.7	2.0	-103.3	39.3	-62.7	-173.0	145.6	2801.7	-5347.3	5.6	
58.75	42.4	20.6	38.4	2.0	-108.3	39.4	-65.4	-190.2	149.2	3171.7	-5508.9	23.6	
58.80	44.4	19.8	41.1	2.0	-111.8	39.5	-68.4	-200.8	150.6	3425.5	-5627.6	29.4	
58.85	46.3	19.7	42.5	2.0	-114.9	39.6	-75.3	-201.8	149.6	3598.2	-5789.8	31.0	
58.90	48.2	19.7	42.6	2.0	-118.2	39.7	-83.2	-205.8	147.5	3802.2	-5940.5	28.0	
58.95	50.1	19.9	44.1	2.0	-123.4	39.8	-94.3	-213.2	150.0	4042.8	-6207.8	27.8	
59.00	52.0	20.5	44.1	2.0	-126.5	39.9	-101.6	-216.6	155.8	4042.5	-6461.9	24.9	
59.05	53.9	21.6	46.1	2.0	-125.6	40.0	-99.2	-212.7	160.9	3851.5	-6511.2	32.5	
59.10	55.8	22.0	45.4	2.0	-124.0	40.1	-94.8	-214.0	165.4	3797.9	-6400.5	31.8	
59.15	57.7	21.7	42.0	2.0	-121.5	40.2	-86.7	-226.3	165.0	3860.5	-6113.0	22.6	
59.20	59.5	21.3	40.0	2.0	-119.5	40.3	-83.6	-225.5	165.3	3883.3	-5920.0	17.7	
59.25	61.4	21.4	39.9	2.0	-118.2	40.4	-83.7	-218.5	167.8	3870.6	-5832.5	18.9	
59.30	63.2	21.9	38.6	2.0	-118.0	40.5	-85.8	-222.5	172.3	3879.5	-5791.2	14.3	
59.35	65.0	22.4	35.0	2.0	-120.7	40.6	-94.2	-230.7	178.4	4041.1	-5878.3	-0.6	
59.40	66.8	22.7	33.4	2.0	-121.5	40.7	-100.8	-234.4	186.7	4016.0	-5946.0	-6.7	
59.45	68.7	23.0	34.0	2.0	-118.3	40.8	-98.7	-226.5	196.1	3748.3	-5844.9	-1.7	
59.50	70.5	23.2	32.8	2.0	-114.6	40.9	-90.9	-212.7	209.4	3582.4	-5660.3	-1.9	
59.55	72.3	23.2	29.9	2.0	-110.2	41.0	-80.9	-212.2	223.2	3431.6	-5363.3	-7.4	
59.60	74.1	23.3	27.2	2.0	-104.6	41.1	-73.0	-214.3	230.6	3209.8	-4998.5	-11.2	
59.65	75.9	23.2	24.1	2.0	-100.7	41.2	-68.2	-212.1	234.6	3116.9	-4720.6	-17.9	
59.70	77.6	23.1	21.5	2.0	-101.3	41.3	-63.8	-218.9	244.6	3284.3	-4634.1	-27.7	
59.75	79.4	23.1	19.6	2.0	-106.0	41.4	-62.5	-230.6	259.1	3671.6	-4731.6	-38.8	
59.80	81.2	23.0	13.2	2.0	-109.0	41.5	-59.0	-238.0	268.0	4032.7	-4702.6	-63.6	
59.85	83.0	23.5	12.1	2.0	-108.4	41.6	-55.5	-244.6	271.9	4164.0	-4492.4	-66.9	
59.90	84.7	23.8	9.6	2.0	-105.4	41.7	-51.8	-248.1	275.7	4098.3	-4230.0	-72.4	
59.95	86.5	23.7	9.3	2.0	-103.1	41.8	-49.5	-245.1	281.5	3983.7	-4107.9	-71.3	
60.00	88.3	23.9	14.2	2.0	-101.4	41.9	-47.9	-238.0	287.4	3804.6	-4124.1	-52.7	
60.05	90.0	24.2	17.6	2.0	-101.2	42.0	-51.4	-229.4	289.1	3696.2	-4225.2	-40.8	
60.10	91.8	24.4	20.2	2.0	-104.4	42.1	-62.3	-222.8	290.8	3780.7	-4480.5	-35.1	
60.15	93.6	24.8	20.2	2.0	-107.5	42.2	-66.4	-224.7	296.1	3925.2	-4653.9	-38.1	
60.20	95.3	24.9	22.5	2.0	-109.7	42.3	-67.8	-233.0	304.5	4040.9	-4735.3	-32.4	
60.25	97.1	24.6	23.0	2.0	-110.0	42.4	-67.7	-237.0	309.6	4175.4	-4630.0	-31.2	
60.30	98.8	24.4	20.0	2.0	-110.6	42.5	-59.9	-249.8	309.0	4522.0	-4312.6	-42.0	
60.35	100.5	24.3	19.5	2.0	-113.9	42.6	-51.2	-269.7	313.7	4936.3	-4137.6	-47.1	
60.40	102.3	24.4	20.0	2.0	-118.5	42.7	-49.4	-277.0	323.1	5215.5	-4309.3	-50.0	
60.45	104.0	24.2	23.6	2.0	-121.5	42.8	-57.2	-269.4	328.4	5182.0	-4710.7	-40.4	
60.50	105.7	23.9	28.8	2.0	-123.3	42.9	-72.2	-259.6	328.5	4971.6	-5144.8	-24.5	
60.55	107.4	23.5	29.9	2.0	-125.9	43.0	-88.5	-250.6	329.7	4865.6	-5523.9	-23.1	
60.60	109.0	23.7	32.6	2.0	-128.2	43.1	-93.3	-250.7	337.5	4837.7	-5770.4	-16.3	
60.65	110.7	23.9	36.0	2.0	-129.0	43.2	-90.7	-251.1	352.0	4676.0	-5963.4	-5.3	
60.70	112.4	24.0	39.1	2.0	-129.5	43.3	-92.2	-240.7	362.8	4541.3	-6137.5	4.5	
60.75	114.0	23.7	41.4	2.0	-128.8	43.4	-95.2	-234.0	365.5	4414.9	-6177.7	13.4	
60.80	115.7	23.9	44.3	2.0	-126.5	43.5	-96.6	-229.6	366.7	4240.2	-6103.8	25.6	
60.85	117.3	24.3	47.5	2.0	-125.1	43.6	-95.2	-220.6	373.8	4139.5	-6065.8	37.8	
60.90	118.9	24.9	46.4	2.0	-121.5	43.7	-85.6	-207.8	384.3	3938.5	-5916.1	37.8	
60.95	120.6	24.9	42.1	2.0	-115.4	43.8	-73.0	-198.9	390.9	3707.7	-5554.8	29.1	
61.00	122.3	24.8	33.7	2.0	-108.8	43.9	-62.6	-198.0	394.0	3589.9	-5039.5	6.8	
61.05	123.9	25.0	25.2	2.0	-102.2	44.0	-49.3	-207.9	400.9	3483.1	-4465.9	-15.8	
61.10	125.6	25.5	15.9	2.0	-94.8	44.1	-31.6	-212.2	410.2	3303.4	-3884.6	-40.2	
61.15	127.2	25.8	7.3	2.0	-87.9	44.2	-17.1	-206.8	414.3	3121.9	-3362.4	-62.8	
61.20	128.9	25.7	0.1	2.0	-81.6	44.3	-8.9	-207.3	412.7	2930.7	-2894.0	-81.3	
61.25	130.5	25.1	-5.3	2.0	-75.9	44.4	-5.8	-206.4	409.9	2714.2	-2495.1	-94.1	
61.30	132.1	24.6	-7.4	2.0	-71.2	44.5	-7.3	-197.1	411.6	2476.9	-2272.5	-96.5	
61.35	133.7	24.3	-8.1	2.0	-65.5	44.6	-3.6	-178.3	414.0	2156.1	-2055.9	-93.2	
61.40	135.3	24.5	-8.1	2.0	-61.3	44.7	1.8	-164.4	417.4	1934.5	-1884.0	-89.2	
61.45	136.8	25.0	-9.0	2.0	-61.4	44.8	4.0	-164.2	426.1	1968.4	-1846.1	-92.1	
61.50	138.4	25.8	-6.6	2.0	-62.2	44.9	5.9	-165.6	436.5	2051.2	-1830.2	-85.0	
61.55	139.9	25.6	-1.8	2.0	-60.1	45.0	11.8	-154.4	440.2	1965.1	-1727.8	-66.4	
61.60	141.5	25.5	3.0	2.0	-57.4	45.1	16.7	-137.2	444.3	1788.8	-1691.0	-47.2	
61.65	143.0	25.5	3.8	2.0	-57.7	45.2	16.0	-130.8	453.0	1750.7	-1782.0	-44.6	
61.70	144.6	25.6	4.9	2.0	-59.9	45.3	8.0	-133.2	460.7	1823.0	-1931.6	-43.2	
61.75	146.2	25.2	8.2	2.0	-61.5	45.4	-1.3	-136.9	463.2	1866.3	-2038.1	-33.3	
61.80	147.7	24.3	9.9	2.0	-64.3	45.5	-7.3	-140.5	467.6	2025.3	-2156.2	-30.2	
61.85	149.3	24.6	8.0	2.0	-69.1	45.6	-6.5	-146.8	477.3	2392.3	-2273.1	-41.8	
61.90	150.8	24.9	4.7	2.0	-72.3	45.7	-6.4	-151.0	486.1	2619.2	-2347.6	-56.2	
61.95	152.4	25.2	6.4	2.0	-70.6	45.8	-5.6	-144.7	483.7	2557.1	-2260.2	-48.6	
62.00	153.9	25.1	8.3	2.0	-66.0	45.9	-2.4	-130.4	478.1	2276.1	-2117.7	-37.6	
62.05	155.5	25.1	9.8	2.0	-62.4	46.0	2.5	-119.9	479.9	1960.0	-2096.8	-28.7	
62.10	157.0	25.2	11.0	2.0	-60.4	46.1	4.8	-104.3	484.8	1672.0	-2191.6	-22.5	
62.15	158.6	24.7	14.6	2.0	-58.5	46.2	2.6	-88.6	484.5	1340.9	-2296.5	-8.4	
62.20	160.1	24.5	16.4	2.0	-57.7	46.3	-0.6	-84.0	481.6	1092.9	-2378.1	-1.5	
62.25	161.6	24.4	15.5	2.0	-60.5	46.4	-7.1	-87.0	482.2	1127.2	-2585.8	-7.3	
62.30	163.2	24.3	10.0	2.0	-63.9	46.5	-11.6	-92.4	484.8	1141.3	-2836.9	-29.5	
62.35	164.7	24.6	9.4	2.0	-65.0	46.6	-17.7	-83.8	482.0	852.7	-3043.2	-32.7	
62.40	166.3	25.3	11.4	2.0	-63.5	46.7	-22.9	-62.2	474.7	445.5	-3082.8	-24.5	
62.45	167.8	26.3	14.3	2.0	-59.7	46.8	-18.1	-54.0	472.0	59.7	-2850.5	-10.7	
62.50	169.3	25.9	13.8	2.0	-54.7	46.9	-6.1	-45.4	476.1	-290.3	-2484.5	-7.2	
62.55	170.8	25.5	10.1	2.0	-49.2	47.0	9.6	-26.4	478.1	-647.1	-2035.0	-14.5	
62.60	172.4	25.7	7.1	2.0	-44.8	47.1	27.8	-14.7	478.9	-974.2	-1511.1	-20.6	
62.65	173.9	25.3	3.0	2.0	-42.8	47.2	39.9	-13.6	484.7	-1120.2	-1157.4	-32.7	
62.70	175.4	25.2	-2.2	2.0	-42.7	47.3	42.3	-16.8	490.1	-1188.6	-1051.5	-50.4	
62.75	176.9	25.2	-5.6	2.0	-45.9	47.4	35.1	-16.9	489.4	-1462.1	-1134.6	-65.1	
62.80	178.4	26.2	-7.0	2.0	-51.7	47.5	20.8	-4.7	484.0	-1896.6	-1376.7	-75.6	
62.85	179.9	26.1	-6.8	2.0	-58.6	47.6	5.7	12.9	483.2	-2348.3	-1681.4	-81.9	
62.90	181.4	25.2	-3.7	2.0	-64.6	47.7	-1.6	24.8	486.7	-2749.3	-1835.4	-77.2	
62.95	182.9	24.5	1.8	2.0	-68.5	47.8	0.1	36.8	487.5	-3102.6	-1768.9	-62.5	
63.00	184.3	25.0	5.2	2.0	-71.2	47.9	10.5	54.4	485.9	-3405.8	-1498.4	-53.4	
63.05	185.8	26.2	5.4	2.0	-71.1	48.0	25.0	62.0	489.1	-3483.2	-1176.4	-52.6	
63.10	187.3	26.8	4.5	2.0	-69.3	48.1	33.4	62.2	493.6	-3375.0	-1010.7	-53.8	
63.15	188.7	26.9	7.5	2.0	-68.7	48.2	31.4	68.9	491.8	-3296.6	-1058.2	-42.8	
63.20	190.2	26.9	15.2	2.0	-69.6	48.3	29.3	78.4	485.0	-3335.5	-1118.4	-17.6	
63.25	191.7	26.8	17.3	2.0	-70.2	48.4	25.2	81.0	482.5	-3347.0	-1218.5	-11.0	
63.30	193.2	26.1	11.7	2.0	-68.6	48.5	22.1	80.2	480.8	-3201.3	-1263.7	-28.4	
63.35	194.7	25.7	6.0	2.0	-65.7	48.6	26.3	70.0	475.0	-3051.7	-1117.9	-44.9	
63.40	196.2	25.7	3.7	2.0	-63.0	48.7	35.6	53.8	471.2	-2946.5	-907.2	-50.2	
63.45	197.7	26.2	3.3	2.0	-61.9	48.8	40.0	49.0	474.6	-2869.0	-868.5	-50.5	
63.50	199.2	26.5	4.5	2.0	-63.3	48.9	40.8	57.4	476.6	-2966.3	-849.0	-48.0	
63.55	200.7	26.4	10.1	2.0	-67.0	49.0	37.4	69.5	470.6	-3252.7	-765.0	-32.3	
63.60	202.2	26.3	12.5	2.0	-69.1	49.1	31.3	84.2	462.9	-3401.5	-734.4	-26.3	
63.65	203.7	26.4	14.1	2.0	-68.8	49.2	31.3	90.7	463.9	-3360.0	-696.1	-20.5	
63.70	205.2	26.6	13.9	2.0	-65.5	49.3	45.1	82.5	467.3	-3163.8	-389.0	-17.9	
63.75	206.6	26.8	10.3	2.0	-60.4	49.4	57.0	77.0	460.9	-2800.4	22.6	-25.0	
63.80	208.1	26.4	5.5	2.0	-55.2	49.5	63.6	68.6	451.0	-2389.5	402.4	-36.3	
63.85	209.5	25.6	4.3	2.0	-51.7	49.6	69.7	57.1	447.9	-2074.3	639.5	-36.9	
63.90	211.0	25.9	5.3	2.0	-49.9	49.7	73.4	60.8	447.9	-1892.2	697.2	-31.8	
63.95	212.4	25.7	10.5	2.0	-51.5	49.8	71.8	76.6	443.9	-1993.4	711.4	-15.6	
64.00	213.9	25.2	13.9	2.0	-55.4	49.9	67.9	87.5	432.9	-2247.5	838.4	-7.7	
64.05	215.3	25.0	11.0	2.0	-56.2	50.0	61.4	90.7	420.7	-2293.3	918.6	-18.3	
64.10	216.8	25.1	8.8	2.0	-55.6	50.1	61.4	91.2	414.8	-2236.0	954.8	-25.3	
64.15	218.2	25.6	10.5	2.0	-56.5	50.2	72.4	88.8	411.9	-2224.7	1106.2	-20.5	
64.20	219.6	26.6	11.2	2.0	-56.4	50.3	79.4	92.8	404.7	-2091.6	1308.4	-18.0	
64.25	221.0	26.9	9.5	2.0	-56.7	50.4	81.3	97.3	391.7	-1924.6	1567.8	-24.2	
64.30	222.4	26.8	9.2	2.0	-58.6	50.5	85.5	92.7	382.4	-1911.6	1816.9	-27.0	
64.35	223.8	26.2	12.4	2.0	-59.7	50.6	88.3	94.9	378.1	-1955.5	1880.5	-17.3	
64.40	225.2	25.2	14.3	2.0	-59.8	50.7	88.5	100.1	373.2	-1988.5	1847.2	-10.7	
64.45	226.7	24.6	14.6	2.0	-60.3	50.8	87.8	99.0	363.6	-2019.6	1878.9	-10.3	
64.50	228.1	24.4	11.9	2.0	-58.6	50.9	81.9	99.2	353.3	-1928.6	1819.8	-17.9	
64.55	229.5	24.5	9.1	2.0	-56.3	51.0	77.6	99.2	348.1	-1833.4	1677.7	-24.9	
64.60	230.9	24.1	11.2	2.0	-56.3	51.1	81.8	93.4	345.9	-1918.2	1597.6	-17.9	
64.65	232.3	23.4	14.5	2.0	-58.2	51.2	84.6	98.5	342.5	-2141.3	1524.0	-8.3	
64.70	233.7	22.9	15.0	2.0	-59.5	51.3	82.4	104.5	336.2	-2286.7	1466.9	-8.1	
64.75	235.1	22.9	15.6	2.0	-59.9	51.4	79.3	105.0	327.8	-2361.2	1428.9	-6.5	
64.80	236.4	23.3	18.4	2.0	-60.5	51.5	74.8	113.9	320.9	-2493.9	1272.7	2.5	
64.85	237.8	24.0	23.6	2.0	-61.9	51.6	72.2	124.3	317.4	-2686.2	1040.9	19.2	
64.90	239.1	24.3	26.1	2.0	-61.8	51.7	71.7	122.2	315.1	-2748.5	867.9	27.7	
64.95	240.5	24.2	23.3	2.0	-58.4	51.8	65.0	113.0	308.2	-2559.9	745.3	21.6	
65.00	241.8	23.1	21.3	2.0	-55.6	51.9	59.0	108.1	293.1	-2357.0	783.8	17.6	
65.05	243.1	23.6	23.5	2.0	-55.7	52.0	62.2	113.3	280.3	-2313.8	909.7	24.9	
65.10	244.4	24.5	26.9	2.0	-56.7	52.1	69.5	120.7	277.9	-2347.4	946.1	35.8	
65.15	245.7	25.1	25.9	2.0	-56.1	52.2	72.4	116.5	274.5	-2305.9	965.1	32.6	
65.20	247.0	26.3	23.7	2.0	-56.4	52.3	70.4	111.8	262.0	-2304.8	1083.3	25.0	
65.25	248.3	27.4	25.6	2.0	-59.5	52.4	70.5	116.0	247.0	-2456.8	1305.4	28.4	
65.30	249.6	28.1	27.5	2.0	-62.9	52.5	75.3	126.0	239.5	-2625.1	1473.9	31.6	
65.35	250.9	27.7	28.2	2.0	-65.3	52.6	80.9	140.5	238.0	-2752.7	1529.9	31.4	
65.40	252.1	27.5	29.3	2.0	-69.0	52.7	83.1	151.2	232.1	-2966.4	1669.7	31.5	
65.45	253.4	27.6	30.3	2.0	-73.6	52.8	79.6	157.2	220.3	-3217.5	1918.6	30.6	
65.50	254.7	28.4	28.9	2.0	-76.7	52.9	73.7	165.5	213.0	-3386.6	2086.6	22.5	
65.55	256.0	28.3	26.2	2.0	-78.0	53.0	75.2	167.5	212.8	-3406.1	2224.7	12.1	
65.60	257.3	27.7	25.0	2.0	-77.8	53.1	80.2	163.0	213.9	-3313.5	2346.1	7.9	
65.65	258.5	27.9	23.1	2.0	-76.8	53.2	82.6	157.4	209.6	-3120.1	2492.3	2.7	
65.70	259.8	27.6	20.3	2.0	-75.8	53.3	83.8	149.0	201.6	-2881.7	2691.4	-6.2	
65.75	261.1	27.2	17.9	2.0	-75.2	53.4	90.0	138.0	195.3	-2639.1	2909.2	-13.9	
65.80	262.4	27.2	17.2	2.0	-74.6	53.5	98.9	133.9	193.5	-2429.4	3022.2	-15.5	
65.85	263.7	27.3	20.2	2.0	-75.6	53.6	108.2	137.9	193.2	-2376.4	3119.3	-6.1	
65.90	264.9	27.6	24.7	2.0	-78.2	53.7	113.4	144.0	188.3	-2425.8	3305.0	6.7	
65.95	266.2	28.0	25.4	2.0	-78.1	53.8	109.9	143.9	181.2	-2340.7	3372.4	9.1	
66.00	267.4	27.7	22.9	2.0	-74.7	53.9	104.6	136.3	179.1	-2134.5	3233.6	4.0	
66.05	268.7	27.4	23.3	2.0	-71.4	54.0	102.9	129.1	176.6	-2024.8	3040.4	8.6	
66.10	269.9	27.8	24.7	2.0	-68.0	54.1	95.7	131.3	169.2	-1960.0	2787.7	16.6	
66.15	271.2	27.0	23.3	2.0	-65.0	54.2	84.2	132.7	157.3	-1892.7	2581.7	14.9	
66.20	272.4	26.4	23.9	2.0	-63.6	54.3	75.7	129.5	144.6	-1881.9	2495.8	18.5	
66.25	273.6	26.7	25.9	2.0	-62.6	54.4	72.7	130.1	136.6	-1847.7	2436.1	26.3	
66.30	274.8	26.5	29.9	2.0	-62.8	54.5	76.5	137.0	132.0	-1841.3	2437.6	39.8	
66.35	276.1	26.2	33.8	2.0	-64.7	54.6	85.7	139.3	124.4	-1847.1	2601.2	51.4	
66.40	277.3	25.6	32.0	2.0	-64.1	54.7	91.0	131.8	115.7	-1645.3	2696.3	45.8	
66.45	278.5	25.1	26.3	2.0	-59.8	54.8	90.4	112.4	109.5	-1251.2	2597.7	30.5	
66.50	279.7	24.9	22.6	2.0	-56.1	54.9	89.2	92.2	102.0	-969.9	2475.8	21.3	
66.55	280.9	25.0	23.4	2.0	-54.1	55.0	86.9	91.3	90.8	-915.1	2347.0	26.1	
66.60	282.1	25.5	24.3	2.0	-53.3	55.1	84.5	101.8	80.0	-952.7	2257.4	30.3	
66.65	283.3	25.7	23.8	2.0	-53.2	55.2	82.9	99.3	72.2	-937.5	2272.8	28.4	
66.70	284.5	25.7	23.3	2.0	-53.1	55.3	78.7	93.4	65.8	-924.4	2293.2	27.0	
66.75	285.7	26.0	25.0	2.0	-53.9	55.4	77.4	95.0	58.2	-1010.0	2335.3	32.0	
66.80	286.9	26.4	26.4	2.0	-55.4	55.5	83.8	99.5	56.3	-1156.9	2362.4	35.3	
66.85	288.1	26.8	26.8	2.0	-54.9	55.6	88.6	105.7	58.8	-1204.1	2270.0	37.0	
66.90	289.3	26.3	27.2	2.0	-55.0	55.7	86.7	113.3	54.2	-1288.8	2218.4	38.5	
66.95	290.5	25.7	30.2	2.0	-57.6	55.8	83.6	115.5	42.4	-1549.7	2301.1	45.9	
67.00	291.7	25.2	30.5	2.0	-58.9	55.9	81.1	115.8	35.3	-1733.5	2305.5	45.7	
67.05	292.9	25.1	27.8	2.0	-59.6	56.0	82.6	121.8	35.3	-1826.9	2275.2	35.8	
67.10	294.1	24.9	26.7	2.0	-62.7	56.1	89.0	124.4	32.2	-1948.2	2460.1	29.1	
67.15	295.2	24.8	25.8	2.0	-64.9	56.2	89.7	120.0	20.9	-1909.0	2724.0	23.5	
67.20	296.4	25.4	19.8	2.0	-63.3	56.3	85.3	106.9	11.0	-1576.2	2836.3	4.6	
67.25	297.6	25.4	15.4	2.0	-61.3	56.4	87.8	87.7	8.3	-1317.4	2842.8	-8.4	
67.30	298.7	25.0	15.2	2.0	-61.7	56.5	96.8	84.6	5.6	-1333.0	2861.4	-9.4	
67.35	299.8	24.2	16.4	2.0	-62.3	56.6	97.3	96.1	-3.4	-1444.8	2832.9	-6.0	
67.40	301.0	24.3	17.2	2.0	-64.0	56.7	92.2	99.7	-16.7	-1589.9	2886.6	-5.0	
67.45	302.1	24.8	20.3	2.0	-67.6	56.8	90.0	102.6	-29.7	-1860.9	3034.1	2.3	
67.50	303.3	25.7	23.3	2.0	-70.0	56.9	88.5	115.0	-35.6	-2173.9	3006.8	10.0	
67.55	304.4	26.4	24.2	2.0	-69.7	57.0	86.9	118.9	-37.6	-2372.5	2810.2	13.6	
67.60	305.6	26.5	22.2	2.0	-66.9	57.1	82.3	111.9	-41.1	-2370.3	2563.4	9.2	
67.65	306.7	25.9	20.1	2.0	-62.8	57.2	72.6	106.8	-47.7	-2201.2	2323.1	6.3	
67.70	307.8	25.2	20.2	2.0	-60.2	57.3	67.3	103.9	-53.5	-2089.2	2176.4	9.1	
67.75	309.0	24.9	19.7	2.0	-59.2	57.4	69.1	98.6	-57.7	-2065.3	2104.8	8.4	
67.80	310.1	25.4	18.9	2.0	-59.0	57.5	72.0	101.0	-61.8	-2058.6	2069.2	5.8	
67.85	311.3	25.5	19.7	2.0	-59.9	57.6	76.0	100.4	-67.5	-2013.3	2193.0	7.9	
67.90	312.5	25.5	20.6	2.0	-59.7	57.7	81.4	88.8	-73.0	-1776.0	2387.5	10.9	
67.95	313.6	25.3	17.6	2.0	-56.3	57.8	83.4	78.1	-76.3	-1362.7	2366.8	4.1	
68.00	314.8	24.6	12.9	2.0	-51.5	57.9	85.0	71.4	-76.5	-1029.5	2145.0	-7.2	
68.05	316.0	24.4	10.8	2.0	-47.3	58.0	86.3	59.3	-74.0	-896.7	1881.7	-10.1	
68.10	317.1	24.6	9.7	2.0	-43.7	58.1	80.5	49.1	-74.4	-825.6	1643.3	-10.6	
68.15	318.3	25.1	9.9	2.0	-42.9	58.2	70.8	50.9	-86.1	-869.5	1563.4	-9.0	
68.20	319.4	25.6	12.2	2.0	-45.5	58.3	68.5	56.8	-101.1	-1070.1	1655.0	-3.6	
68.25	320.6	26.2	15.0	2.0	-47.2	58.4	68.6	66.9	-106.4	-1282.3	1627.1	4.3	
68.30	321.7	26.8	15.1	2.0	-46.1	58.5	66.7	69.9	-107.2	-1344.7	1468.4	5.9	
68.35	322.8	27.0	12.5	2.0	-42.2	58.6	58.3	55.1	-112.2	-1278.4	1173.5	0.7	
68.40	323.9	26.9	8.9	2.0	-37.3	58.7	42.9	49.6	-122.5	-1201.0	715.9	-6.8	
68.45	325.0	26.7	9.6	2.0	-35.4	58.8	35.6	54.1	-128.7	-1219.0	309.8	-2.6	
68.50	326.1	26.4	14.2	2.0	-38.4	58.9	42.6	55.9	-125.8	-1467.3	116.8	10.4	
68.55	327.2	26.1	14.8	2.0	-40.2	59.0	48.5	52.1	-127.6	-1595.3	97.6	10.6	
68.60	328.3	26.1	13.0	2.0	-39.6	59.1	43.2	45.7	-143.8	-1558.3	152.8	5.2	
68.65	329.4	26.4	14.7	2.0	-40.7	59.2	42.8	37.2	-160.0	-1627.8	290.6	9.7	
68.70	330.5	26.3	15.4	2.0	-39.5	59.3	42.1	29.7	-158.4	-1575.2	121.9	13.3	
68.75	331.5	25.1	13.4	2.0	-36.8	59.4	30.6	29.4	-152.5	-1348.1	-407.1	9.2	
68.80	332.6	23.9	12.5	2.0	-38.5	59.5	14.5	29.1	-158.6	-1259.2	-920.2	4.3	
68.85	333.6	23.6	14.3	2.0	-41.5	59.6	3.3	27.5	-168.5	-1340.0	-1195.2	7.8	
68.90	334.7	24.6	14.6	2.0	-41.7	59.7	5.4	25.8	-167.6	-1381.6	-1172.4	8.5	
68.95	335.7	25.4	15.6	2.0	-40.1	59.8	21.7	21.6	-162.6	-1483.3	-807.1	13.4	
69.00	336.8	25.7	17.6	2.0	-41.7	59.9	39.4	26.6	-170.2	-1729.1	-268.7	18.8	
69.05	337.8	25.6	18.0	2.0	-44.7	60.0	44.7	39.9	-183.4	-1932.0	39.4	17.0	
69.10	338.9	25.3	16.9	2.0	-45.9	60.1	39.3	40.5	-181.1	-2030.9	-92.0	12.1	
69.15	340.0	25.1	15.3	2.0	-47.3	60.2	28.7	32.1	-170.1	-2129.2	-501.8	5.2	
69.20	341.0	25.0	15.0	2.0	-50.6	60.3	13.0	37.0	-169.4	-2264.8	-928.3	1.1	
69.25	342.1	25.2	13.8	2.0	-51.9	60.4	3.6	41.4	-177.0	-2300.9	-1059.9	-4.3	
69.30	343.1	25.8	9.3	2.0	-48.9	60.5	8.8	32.7	-180.3	-2182.4	-803.1	-16.9	
69.35	344.1	26.0	4.6	2.0	-45.0	60.6	19.4	23.9	-180.6	-2006.7	-377.6	-29.2	
69.40	345.1	24.6	4.5	2.0	-45.2	60.7	32.3	24.3	-185.2	-2019.2	129.3	-29.7	
69.45	346.2	24.3	7.3	2.0	-47.2	60.8	41.5	22.6	-189.6	-2100.9	460.5	-22.1	
69.50	347.2	24.4	5.9	2.0	-45.9	60.9	38.1	23.2	-188.9	-2035.9	338.6	-25.7	
69.55	348.2	24.8	4.8	2.0	-44.1	61.0	27.1	27.3	-184.8	-1944.7	-74.1	-27.6	
69.60	349.2	25.0	6.5	2.0	-43.5	61.1	21.1	22.9	-181.8	-1885.4	-387.1	-21.0	
69.65	350.2	25.1	7.5	2.0	-40.8	61.2	18.3	10.2	-181.9	-1668.0	-534.6	-15.2	
69.70	351.2	25.2	3.6	2.0	-36.0	61.3	15.4	-5.1	-186.2	-1275.8	-565.7	-23.5	
69.75	352.2	25.6	0.8	2.0	-31.9	61.4	18.7	-21.2	-194.7	-941.3	-456.1	-29.2	
69.80	353.1	26.3	2.9	2.0	-31.0	61.5	19.2	-25.8	-202.0	-822.7	-494.4	-21.2	
69.85	354.1	27.3	10.0	2.0	-34.8	61.6	8.9	-18.5	-202.7	-905.0	-909.5	-0.5	
69.90	355.1	26.8	16.9	2.0	-42.4	61.7	-8.0	-19.8	-198.5	-995.6	-1569.2	15.6	
69.95	356.1	26.4	20.6	2.0	-50.2	61.8	-24.4	-26.1	-197.1	-958.4	-2210.7	20.4	
70.00	357.1	26.2	21.8	2.0	-54.7	61.9	-32.7	-24.3	-199.6	-807.1	-2613.6	20.1	
70.05	358.1	26.2	23.0	2.0	-54.8	62.0	-26.8	-26.2	-198.8	-690.8	-2661.5	24.2	
70.10	359.0	26.7	24.8	2.0	-52.4	62.1	-15.0	-40.4	-196.9	-539.7	-2494.2	32.8	
70.15	360.0	27.0	26.5	2.0	-51.8	62.2	-15.7	-49.2	-200.6	-388.3	-2453.2	39.1	
70.20	0.9	26.6	25.0	2.0	-52.0	62.3	-20.5	-45.2	-209.6	-408.2	-2464.8	33.7	
70.25	1.9	26.9	26.9	2.0	-53.8	62.4	-25.7	-35.2	-212.3	-501.6	-2595.6	38.7	
70.30	2.8	27.0	25.7	2.0	-57.5	62.5	-35.0	-29.3	-206.5	-396.2	-2898.2	30.6	
70.35	3.8	26.5	23.5	2.0	-60.1	62.6	-43.2	-34.7	-204.7	-223.0	-3084.0	20.6	
70.40	4.7	25.9	19.5	2.0	-59.1	62.7	-44.8	-43.6	-210.6	-130.6	-2990.0	8.0	
70.45	5.7	25.7	15.7	2.0	-55.5	62.8	-41.3	-40.5	-214.6	-150.6	-2726.0	-1.5	
70.50	6.6	26.1	11.8	2.0	-49.5	62.9	-30.2	-26.9	-214.0	-361.7	-2302.7	-8.9	
70.55	7.5	26.7	11.4	2.0	-44.6	63.0	-19.8	-12.3	-214.2	-752.0	-1863.5	-5.4	
70.60	8.4	26.5	11.9	2.0	-43.6	63.1	-18.4	0.3	-216.7	-1113.6	-1595.4	-2.9	
70.65	9.3	25.7	10.1	2.0	-44.5	63.2	-21.5	5.4	-215.2	-1344.6	-1485.6	-9.9	
70.70	10.2	24.5	4.5	2.0	-42.9	63.3	-18.4	1.7	-211.2	-1368.7	-1310.0	-27.3	
70.75	11.1	24.0	-2.8	2.0	-39.2	63.4	-14.0	-2.2	-210.7	-1203.8	-1100.7	-49.0	
70.80	11.9	23.9	-10.3	2.0	-36.4	63.5	-16.1	-7.0	-212.2	-985.4	-1004.1	-71.6	
70.85	12.8	24.0	-13.0	2.0	-34.4	63.6	-16.2	-22.6	-213.5	-832.9	-898.8	-79.0	
70.90	13.7	23.9	-12.3	2.0	-34.3	63.7	-13.0	-27.3	-212.8	-927.3	-769.3	-76.3	
70.95	14.5	23.9	-10.9	2.0	-34.9	63.8	-10.1	-13.1	-210.5	-1128.0	-645.6	-72.3	
71.00	15.4	23.4	-10.0	2.0	-34.5	63.9	-2.4	-8.8	-208.1	-1208.5	-460.9	-68.8	
71.05	16.3	23.3	-10.0	2.0	-32.8	64.0	5.8	-18.6	-206.9	-1081.4	-326.9	-67.2	
71.10	17.1	23.5	-11.5	2.0	-30.9	64.1	5.7	-28.8	-204.5	-843.2	-453.3	-70.3	
71.15	18.0	24.3	-10.7	2.0	-31.3	64.2	5.9	-33.1	-201.4	-739.0	-644.5	-68.2	
71.20	18.9	24.9	-9.1	2.0	-33.9	64.3	2.4	-36.7	-200.2	-758.3	-893.5	-65.0	
71.25	19.8	25.3	-8.4	2.0	-39.2	64.4	-14.5	-34.6	-202.8	-797.7	-1351.9	-68.0	
71.30	20.6	25.4	-5.2	2.0	-46.3	64.5	-33.2	-28.3	-208.4	-938.0	-1854.2	-64.2	
71.35	21.5	25.8	3.2	2.0	-53.0	64.6	-42.6	-24.0	-207.7	-1196.7	-2281.7	-42.0	
71.40	22.4	25.8	8.5	2.0	-57.2	64.7	-43.9	-21.7	-201.9	-1319.6	-2575.6	-28.0	
71.45	23.2	24.8	10.2	2.0	-59.0	64.8	-46.0	-21.9	-200.2	-1259.6	-2753.9	-24.1	
71.50	24.1	24.0	9.0	2.0	-58.3	64.9	-43.5	-28.8	-205.3	-1133.9	-2740.9	-27.4	
71.55	24.9	23.7	11.1	2.0	-58.0	65.0	-41.3	-35.2	-207.1	-945.6	-2780.3	-19.9	
71.60	25.8	23.9	12.9	2.0	-59.4	65.1	-41.6	-38.9	-202.7	-728.8	-2948.6	-15.0	
71.65	26.6	24.1	15.0	2.0	-60.7	65.2	-42.6	-42.5	-201.1	-631.8	-3067.9	-9.4	
71.70	27.4	24.3	14.9	2.0	-63.0	65.3	-51.2	-44.9	-205.8	-571.4	-3227.0	-12.0	
71.75	28.2	24.4	13.6	2.0	-67.4	65.4	-67.3	-43.9	-208.3	-476.9	-3538.9	-20.6	
71.80	29.0	24.2	14.3	2.0	-70.9	65.5	-76.3	-45.3	-206.3	-441.6	-3790.8	-21.8	
71.85	29.8	24.5	16.5	2.0	-71.3	65.6	-73.4	-46.4	-203.1	-532.7	-3812.3	-14.6	
71.90	30.6	25.3	15.7	2.0	-69.7	65.7	-68.0	-44.1	-199.6	-575.6	-3709.8	-15.9	
71.95	31.4	26.1	12.5	2.0	-67.1	65.8	-63.2	-45.8	-196.0	-591.3	-3517.3	-24.2	
72.00	32.1	26.5	11.0	2.0	-63.1	65.9	-55.2	-48.0	-194.6	-671.0	-3208.6	-25.4	
72.05	32.9	26.5	10.5	2.0	-59.8	66.0	-48.6	-40.5	-191.6	-793.0	-2953.8	-23.6	
72.10	33.6	26.7	9.6	2.0	-58.0	66.1	-45.6	-34.7	-183.7	-835.6	-2824.2	-25.0	
72.15	34.4	26.2	6.7	2.0	-55.8	66.2	-43.0	-40.6	-176.3	-736.7	-2677.6	-32.7	
72.20	35.1	25.3	1.0	2.0	-52.6	66.3	-42.8	-49.3	-176.2	-541.1	-2457.7	-49.1	
72.25	35.9	25.2	-4.5	2.0	-49.0	66.4	-43.3	-54.6	-178.6	-309.4	-2209.6	-64.5	
72.30	36.7	25.3	-8.5	2.0	-45.1	66.5	-37.2	-62.4	-176.3	-126.2	-1926.8	-74.1	
72.35	37.4	25.6	-13.4	2.0	-41.7	66.6	-27.8	-70.5	-169.3	47.4	-1668.3	-87.6	
72.40	38.2	25.7	-18.1	2.0	-38.1	66.7	-20.2	-76.6	-168.0	273.4	-1357.8	-100.4	
72.45	39.0	25.9	-20.4	2.0	-33.5	66.8	-11.0	-81.1	-171.0	418.2	-936.2	-103.5	
72.50	39.7	26.4	-20.3	2.0	-30.3	66.9	-1.8	-79.0	-167.2	461.2	-650.7	-100.1	
72.55	40.5	26.6	-19.1	2.0	-28.5	67.0	2.7	-71.4	-159.4	387.2	-572.2	-94.0	
72.60	41.2	26.4	-17.2	2.0	-26.9	67.1	5.2	-70.4	-157.4	232.0	-523.9	-86.0	
72.65	42.0	25.9	-18.3	2.0	-26.7	67.2	2.5	-74.0	-159.8	159.2	-524.2	-89.5	
72.70	42.8	25.8	-19.4	2.0	-29.1	67.3	-7.3	-74.3	-160.0	234.2	-682.8	-95.8	
72.75	43.5	25.3	-19.2	2.0	-30.8	67.4	-11.6	-72.3	-159.0	241.3	-825.2	-96.8	
72.80	44.3	24.9	-14.8	2.0	-33.0	67.5	-14.2	-72.3	-158.5	169.5	-1011.0	-83.7	
72.85	45.0	25.5	-14.4	2.0	-37.9	67.6	-23.7	-75.7	-154.5	229.3	-1361.4	-87.3	
72.90	45.8	26.2	-15.4	2.0	-43.3	67.7	-32.9	-86.6	-148.4	399.3	-1713.3	-96.1	
72.95	46.5	26.8	-12.8	2.0	-45.5	67.8	-32.3	-95.2	-146.1	447.2	-1847.9	-89.4	
73.00	47.3	27.3	-8.4	2.0	-46.2	67.9	-28.2	-92.5	-144.3	425.1	-1917.5	-75.0	
73.05	48.0	27.6	-5.8	2.0	-49.1	68.0	-28.6	-91.4	-137.4	513.4	-2136.9	-68.9	
73.10	48.7	27.4	-4.2	2.0	-52.6	68.1	-29.1	-101.1	-131.7	592.0	-2363.5	-66.9	
73.15	49.5	26.6	-0.5	2.0	-55.6	68.2	-32.4	-109.8	-131.4	606.3	-2562.9	-57.4	
73.20	50.2	25.7	0.2	2.0	-59.9	68.3	-42.9	-112.3	-129.6	734.9	-2854.6	-59.3	
73.25	50.9	25.0	-0.4	2.0	-64.7	68.4	-49.8	-118.1	-122.9	937.6	-3158.0	-66.1	
73.30	51.6	24.6	6.0	2.0	-69.0	68.5	-54.0	-126.5	-116.0	1094.4	-3422.8	-48.3	
73.35	52.3	23.4	7.5	2.0	-71.3	68.6	-57.7	-127.1	-113.3	1135.0	-3593.3	-45.5	
73.40	53.0	23.1	8.6	2.0	-71.8	68.7	-60.7	-125.5	-110.4	1110.4	-3640.7	-42.2	
73.45	53.7	23.4	7.3	2.0	-70.3	68.8	-59.4	-127.4	-106.7	1068.6	-3531.8	-45.1	
73.50	54.4	23.4	7.5	2.0	-68.0	68.9	-56.4	-126.4	-107.2	1073.7	-3359.4	-42.2	
73.55	55.2	23.1	9.7	2.0	-66.3	69.0	-51.1	-123.3	-106.8	1105.1	-3229.3	-33.0	
73.60	55.8	22.8	10.3	2.0	-65.2	69.1	-42.4	-127.2	-101.2	1178.3	-3112.4	-29.8	
73.65	56.5	23.1	4.8	2.0	-65.7	69.2	-42.7	-134.5	-94.8	1364.6	-3058.5	-49.0	
73.70	57.2	23.2	0.1	2.0	-66.1	69.3	-51.8	-137.0	-96.2	1563.4	-2977.1	-65.8	
73.75	57.9	23.3	-1.6	2.0	-64.4	69.4	-54.2	-141.8	-101.8	1707.8	-2723.4	-70.0	
73.80	58.6	23.3	-0.4	2.0	-61.4	69.5	-44.3	-143.1	-100.5	1815.1	-2381.6	-62.7	
73.85	59.3	22.6	-4.3	2.0	-58.8	69.6	-31.4	-139.7	-93.0	1946.8	-2041.7	-73.6	
73.90	60.0	22.2	-7.2	2.0	-56.7	69.7	-22.7	-142.2	-91.2	2104.8	-1635.6	-81.3	
73.95	60.6	22.7	-9.0	2.0	-56.1	69.8	-17.3	-152.6	-97.3	2300.1	-1182.4	-87.0	
74.00	61.3	23.2	-10.1	2.0	-57.2	69.9	-13.7	-158.3	-97.8	2488.6	-928.7	-91.8	
74.05	62.0	23.9	-11.0	2.0	-57.7	70.0	-7.9	-155.5	-86.4	2551.2	-903.7	-95.3	
74.10	62.6	24.6	-10.6	2.0	-55.6	70.1	-3.0	-148.0	-76.2	2419.5	-895.2	-92.0	
74.15	63.3	25.1	-9.9	2.0	-53.4	70.2	-6.2	-144.7	-75.1	2260.7	-874.4	-87.3	
74.20	64.0	25.4	-10.4	2.0	-54.3	70.3	-15.9	-152.0	-75.5	2287.8	-929.4	-90.2	
74.25	64.7	25.5	-13.5	2.0	-55.5	70.4	-21.5	-155.7	-72.5	2340.6	-1000.2	-101.8	
74.30	65.3	25.6	-12.1	2.0	-55.4	70.5	-14.4	-152.8	-68.1	2366.3	-958.1	-96.9	
74.35	66.0	25.6	-9.4	2.0	-56.2	70.6	-6.8	-153.3	-61.6	2443.8	-947.0	-88.5	
74.40	66.7	25.6	-9.2	2.0	-59.0	70.7	-9.3	-161.6	-56.5	2613.7	-1029.9	-90.4	
74.45	67.3	25.9	-10.4	2.0	-61.4	70.8	-17.7	-171.0	-56.8	2749.8	-1107.5	-97.0	
74.50	68.0	25.9	-10.7	2.0	-62.8	70.9	-22.4	-175.3	-56.4	2805.6	-1213.9	-99.4	
74.55	68.7	25.7	-8.7	2.0	-64.8	71.0	-20.4	-176.3	-47.9	2887.3	-1407.8	-94.5	
74.60	69.3	25.5	-5.9	2.0	-67.7	71.1	-16.2	-178.5	-38.8	3047.2	-1583.9	-87.9	
74.65	70.0	26.0	-5.0	2.0	-70.8	71.2	-15.6	-187.3	-40.0	3256.6	-1627.0	-88.0	
74.70	70.7	26.6	-4.2	2.0	-73.3	71.3	-21.8	-195.6	-46.9	3436.9	-1613.5	-87.6	
74.75	71.4	26.9	-2.2	2.0	-74.3	71.4	-26.5	-196.5	-49.5	3500.8	-1649.7	-81.7	
74.80	72.0	27.6	-0.5	2.0	-74.3	71.5	-21.9	-196.4	-44.7	3479.8	-1704.8	-76.0	
74.85	72.7	27.9	-0.4	2.0	-73.8	71.6	-19.2	-190.8	-39.3	3439.3	-1757.2	-75.2	
74.90	73.3	27.9	-0.3	2.0	-74.4	71.7	-28.7	-183.0	-41.0	3465.1	-1844.1	-75.4	
74.95	73.9	27.4	-0.4	2.0	-76.4	71.8	-40.4	-186.2	-45.4	3553.2	-1949.7	-77.7	
75.00	74.6	26.8	-1.3	2.0	-78.3	71.9	-43.1	-196.3	-44.0	3622.2	-2066.3	-82.7	
75.05	75.2	26.3	-1.0	2.0	-79.9	72.0	-40.7	-197.3	-37.4	3702.9	-2175.9	-83.3	
75.10	75.8	26.1	0.3	2.0	-79.2	72.1	-35.2	-188.8	-36.1	3716.3	-2097.7	-78.3	
75.15	76.5	25.7	1.2	2.0	-77.3	72.2	-30.5	-186.7	-40.8	3692.7	-1846.1	-73.2	
75.20	77.1	25.2	0.9	2.0	-77.5	72.3	-29.4	-193.8	-40.7	3773.0	-1676.8	-74.5	
75.25	77.7	24.6	-0.2	2.0	-78.9	72.4	-28.1	-198.8	-33.3	3883.4	-1665.7	-79.6	
75.30	78.3	24.7	1.1	2.0	-79.5	72.5	-20.4	-201.0	-25.1	3961.9	-1595.4	-75.7	
75.35	78.9	24.8	1.9	2.0	-80.3	72.6	-14.7	-199.9	-20.0	4078.7	-1475.4	-73.7	
75.40	79.5	24.6	0.4	2.0	-82.8	72.7	-18.8	-200.9	-17.1	4287.6	-1464.1	-81.3	
75.45	80.1	24.3	-1.1	2.0	-84.9	72.8	-25.3	-208.1	-15.5	4429.9	-1476.3	-88.8	
75.50	80.7	23.8	-2.9	2.0	-84.2	72.9	-26.2	-213.5	-15.1	4373.8	-1423.5	-94.0	
75.55	81.3	23.0	-2.5	2.0	-82.1	73.0	-23.8	-210.2	-11.1	4226.4	-1398.4	-90.6	
75.60	81.9	23.8	-2.5	2.0	-79.9	73.1	-18.2	-204.2	-4.7	4099.1	-1334.2	-88.6	
75.65	82.6	24.0	-2.2	2.0	-78.1	73.2	-15.8	-202.2	-2.0	3999.3	-1215.0	-85.6	
75.70	83.2	23.5	-3.6	2.0	-76.3	73.3	-17.3	-202.6	-2.5	3882.8	-1129.8	-88.6	
75.75	83.8	23.9	-4.2	2.0	-74.8	73.4	-17.7	-201.7	1.1	3760.6	-1146.5	-89.1	
75.80	84.4	24.2	-3.3	2.0	-73.9	73.5	-14.1	-200.2	6.4	3689.8	-1156.7	-85.2	
75.85	85.0	24.4	-4.0	2.0	-73.8	73.6	-8.2	-198.7	7.0	3713.3	-1059.9	-87.6	
75.90	85.6	25.2	-4.4	2.0	-74.7	73.7	-7.2	-198.7	4.4	3813.3	-959.6	-89.6	
75.95	86.2	25.7	-4.6	2.0	-75.7	73.8	-9.7	-204.5	2.5	3893.0	-892.9	-91.7	
76.00	86.8	25.8	-6.2	2.0	-76.0	73.9	-10.7	-210.8	2.7	3901.9	-865.4	-97.4	
76.05	87.4	25.1	-7.2	2.0	-74.7	74.0	-9.9	-207.1	4.4	3814.3	-863.9	-99.4	
76.10	88.0	24.8	-6.4	2.0	-73.1	74.1	-9.5	-201.9	5.7	3701.2	-855.4	-95.1	
76.15	88.6	24.8	-6.4	2.0	-73.6	74.2	-8.5	-207.6	7.1	3723.5	-846.9	-95.4	
76.20	89.2	25.8	-8.2	2.0	-75.3	74.3	-10.1	-215.0	8.8	3829.1	-879.9	-103.6	
76.25	89.8	26.2	-8.1	2.0	-75.7	74.4	-12.7	-211.7	8.9	3867.9	-891.0	-103.4	
76.30	90.4	26.1	-6.6	2.0	-73.7	74.5	-6.1	-204.8	10.4	3750.3	-800.6	-96.3	
76.35	90.9	25.2	-4.9	2.0	-71.9	74.6	2.9	-201.6	15.6	3631.0	-731.0	-88.8	
76.40	91.5	24.1	-5.0	2.0	-72.0	74.7	1.1	-200.1	21.8	3631.8	-780.6	-89.3	
76.45	92.1	23.3	-7.2	2.0	-72.7	74.8	-2.9	-201.0	24.6	3682.0	-765.9	-97.3	
76.50	92.6	23.5	-5.4	2.0	-73.7	74.9	-3.6	-203.4	25.7	3769.4	-676.1	-92.3	
76.55	93.2	23.3	-6.1	2.0	-75.9	75.0	-3.5	-205.7	31.4	3917.8	-706.1	-96.8	
76.60	93.7	22.9	-7.7	2.0	-79.3	75.1	-4.9	-211.1	40.0	4133.4	-859.6	-105.8	
76.65	94.3	22.1	-8.0	2.0	-82.1	75.2	-6.2	-221.2	43.5	4303.8	-914.9	-109.6	
76.70	94.8	21.3	-5.8	2.0	-82.7	75.3	-9.3	-225.2	41.3	4344.4	-866.8	-102.5	
76.75	95.3	20.9	-5.1	2.0	-82.5	75.4	-10.6	-220.7	42.8	4349.4	-849.7	-100.1	
76.80	95.9	21.4	-4.6	2.0	-82.1	75.5	-6.5	-212.5	49.8	4329.3	-869.4	-97.8	
76.85	96.4	21.9	-2.9	2.0	-81.6	75.6	1.4	-210.6	55.4	4306.6	-808.7	-91.5	
76.90	96.9	22.1	-1.2	2.0	-81.5	75.7	3.2	-211.3	57.5	4304.5	-760.7	-85.7	
76.95	97.5	22.0	-3.0	2.0	-81.8	75.8	-1.0	-210.4	58.4	4318.3	-800.3	-92.0	
77.00	98.0	21.3	-4.1	2.0	-82.3	75.9	-2.8	-213.9	60.3	4339.0	-855.0	-96.5	
77.05	98.5	20.7	-3.2	2.0	-82.0	76.0	-2.6	-216.2	60.3	4301.2	-878.1	-92.9	
77.10	99.1	20.4	-2.6	2.0	-81.2	76.1	-7.1	-211.3	59.5	4239.2	-962.2	-90.1	
77.15	99.6	21.2	-3.6	2.0	-81.8	76.2	-12.8	-212.0	60.1	4250.3	-1083.6	-94.1	
77.20	100.1	21.8	-5.0	2.0	-84.0	76.3	-14.1	-221.1	61.1	4385.8	-1108.2	-101.2	
77.25	100.6	22.2	-5.1	2.0	-86.7	76.4	-11.0	-227.4	61.6	4601.9	-1011.9	-104.2	
77.30	101.1	22.1	-3.2	2.0	-89.1	76.5	-3.6	-230.3	64.5	4806.7	-858.2	-100.2	
77.35	101.6	22.0	-2.9	2.0	-90.3	76.6	9.0	-233.1	69.8	4911.3	-692.5	-100.1	
77.40	102.1	21.9	-3.2	2.0	-90.7	76.7	17.3	-233.9	74.5	4950.8	-579.5	-101.5	
77.45	102.6	21.1	-2.2	2.0	-90.7	76.8	16.4	-233.5	75.0	4960.7	-497.5	-98.2	
77.50	103.1	21.0	-2.1	2.0	-89.9	76.9	15.3	-233.3	75.1	4907.1	-401.5	-97.0	
77.55	103.6	21.4	-3.7	2.0	-88.7	77.0	16.2	-232.1	78.2	4819.6	-391.3	-101.3	
77.60	104.1	21.9	-6.4	2.0	-87.4	77.1	13.2	-226.7	82.9	4724.7	-495.0	-109.3	
77.65	104.5	22.6	-6.2	2.0	-86.3	77.2	8.9	-225.3	87.6	4642.8	-531.0	-107.7	
77.70	105.0	23.5	-7.7	2.0	-85.5	77.3	9.4	-228.6	92.3	4576.3	-425.9	-111.8	
77.75	105.4	24.0	-9.9	2.0	-84.8	77.4	10.8	-225.5	95.2	4538.1	-287.8	-118.6	
77.80	105.8	23.9	-10.0	2.0	-82.2	77.5	13.6	-212.1	98.1	4384.9	-144.7	-116.6	
77.85	106.3	23.5	-7.0	2.0	-79.4	77.6	22.0	-205.8	104.1	4189.2	49.4	-103.6	
77.90	106.7	23.0	-5.4	2.0	-78.0	77.7	29.3	-204.1	109.9	4076.7	191.5	-96.4	
77.95	107.2	23.1	-7.9	2.0	-78.3	77.8	29.4	-198.7	110.5	4107.7	244.9	-105.4	
78.00	107.6	23.1	-9.5	2.0	-79.4	77.9	26.3	-200.0	108.9	4193.2	272.1	-112.1	
78.05	108.0	22.6	-9.0	2.0	-80.8	78.0	27.7	-209.5	111.8	4268.8	283.2	-111.6	
78.10	108.5	22.2	-8.6	2.0	-81.8	78.1	28.8	-212.8	118.8	4328.3	202.8	-111.3	
78.15	108.9	22.0	-10.9	2.0	-81.5	78.2	26.3	-206.9	120.5	4327.7	129.3	-119.1	
78.20	109.3	21.8	-10.7	2.0	-80.9	78.3	24.0	-204.7	115.8	4288.3	180.7	-117.7	
78.25	109.7	21.0	-9.4	2.0	-80.3	78.4	20.3	-207.1	113.2	4239.7	186.5	-112.4	
78.30	110.1	20.2	-9.2	2.0	-79.6	78.5	17.9	-205.6	114.7	4196.6	59.5	-111.2	
78.35	110.5	19.9	-9.2	2.0	-78.4	78.6	19.1	-200.5	113.9	4124.5	-57.9	-110.0	
78.40	110.9	20.2	-8.3	2.0	-77.5	78.7	19.8	-198.4	112.2	4057.9	-147.4	-105.9	
78.45	111.3	20.6	-7.2	2.0	-77.5	78.8	16.5	-198.8	115.4	4042.6	-319.9	-102.2	
78.50	111.7	21.1	-6.9	2.0	-77.1	78.9	13.0	-199.3	120.4	3992.4	-514.6	-100.8	
78.55	112.1	21.4	-6.6	2.0	-75.0	79.0	12.7	-198.1	122.2	3816.6	-616.9	-97.6	
78.60	112.5	21.8	-5.0	2.0	-72.8	79.1	11.8	-193.8	122.7	3647.4	-691.5	-90.1	
78.65	112.9	22.3	-5.2	2.0	-72.5	79.2	7.0	-189.9	126.1	3601.9	-848.5	-90.5	
78.70	113.3	22.0	-5.5	2.0	-73.4	79.3	4.4	-190.6	128.9	3639.1	-955.4	-92.2	
78.75	113.6	22.0	-4.2	2.0	-74.0	79.4	3.4	-194.0	127.6	3683.0	-945.6	-88.3	
78.80	114.0	22.2	-4.1	2.0	-75.5	79.5	-2.1	-197.2	128.3	3773.2	-1005.1	-89.6	
78.85	114.3	23.1	-5.5	2.0	-77.0	79.6	-6.8	-197.3	135.6	3849.0	-1137.1	-95.8	
78.90	114.7	23.9	-5.7	2.0	-76.6	79.7	-3.4	-196.0	141.6	3816.8	-1123.7	-96.0	
78.95	115.0	24.2	-4.4	2.0	-74.6	79.8	4.0	-193.0	143.1	3716.2	-943.4	-89.5	
79.00	115.4	23.4	-3.9	2.0	-73.8	79.9	8.5	-192.2	144.8	3703.2	-750.7	-87.1	
79.05	115.7	23.1	-5.3	2.0	-74.4	80.0	14.4	-196.5	148.0	3762.4	-547.3	-92.6	
79.10	116.1	22.9	-7.7	2.0	-74.2	80.1	23.8	-198.2	148.7	3773.7	-282.7	-100.5	
79.15	116.4	22.5	-8.2	2.0	-73.9	80.2	30.6	-193.8	147.5	3769.9	-25.9	-102.0	
79.20	116.7	22.7	-9.0	2.0	-74.0	80.3	31.3	-190.0	149.4	3783.4	133.2	-104.8	
79.25	117.1	22.8	-11.3	2.0	-74.1	80.4	28.4	-191.0	151.8	3783.2	225.2	-112.8	
79.30	117.4	22.6	-13.0	2.0	-73.2	80.5	23.5	-189.1	149.5	3723.0	291.5	-118.0	
79.35	117.7	22.9	-14.7	2.0	-71.5	80.6	18.2	-181.5	145.9	3618.2	325.9	-121.9	
79.40	118.1	22.6	-15.4	2.0	-72.0	80.7	22.3	-183.5	148.1	3633.3	426.7	-124.9	
79.45	118.4	22.1	-16.1	2.0	-74.7	80.8	31.9	-192.0	152.1	3781.2	616.2	-129.9	
79.50	118.7	21.8	-16.7	2.0	-77.4	80.9	37.4	-194.2	148.5	3941.0	852.0	-134.6	
79.55	119.1	21.9	-16.5	2.0	-78.9	81.0	40.1	-192.7	142.9	4023.9	1022.8	-135.7	
79.60	119.4	22.1	-15.2	2.0	-79.1	81.1	44.2	-193.5	146.1	4026.6	1037.8	-131.3	
79.65	119.7	22.8	-13.0	2.0	-77.7	81.2	46.4	-189.7	153.1	3947.6	918.6	-122.5	
79.70	120.0	23.1	-12.1	2.0	-75.9	81.3	42.1	-182.2	153.9	3872.8	757.2	-117.5	
79.75	120.3	23.1	-12.6	2.0	-75.5	81.4	32.9	-179.9	150.9	3886.1	562.0	-118.7	
79.80	120.6	22.9	-14.2	2.0	-76.0	81.5	22.1	-183.4	150.1	3952.7	295.2	-124.7	
79.85	120.9	23.4	-16.2	2.0	-76.5	81.6	14.3	-186.9	153.3	3988.0	-9.2	-132.1	
79.90	121.2	23.9	-15.0	2.0	-76.0	81.7	10.9	-185.8	155.5	3948.5	-232.6	-127.5	
79.95	121.5	24.2	-14.3	2.0	-75.4	81.8	8.6	-182.8	154.9	3898.0	-349.2	-124.3	
80.00	121.7	24.3	-13.1	2.0	-75.5	81.9	4.6	-183.1	155.7	3895.8	-485.4	-120.6	
80.05	122.0	24.5	-12.1	2.0	-75.9	82.0	3.6	-183.7	160.2	3901.2	-620.4	-117.4	
80.10	122.3	24.6	-9.0	2.0	-75.7	82.1	7.4	-181.8	165.4	3874.9	-678.8	-106.6	
80.15	122.5	24.7	-7.3	2.0	-75.4	82.2	13.4	-179.2	169.1	3861.4	-664.9	-100.5	
80.20	122.8	24.6	-6.9	2.0	-75.9	82.3	15.0	-178.4	170.3	3895.7	-672.9	-99.4	
80.25	123.1	24.6	-8.4	2.0	-76.0	82.4	11.5	-179.6	167.9	3897.0	-690.7	-104.9	
80.30	123.3	24.8	-9.1	2.0	-74.4	82.5	6.6	-175.8	165.3	3788.8	-709.8	-105.7	
80.35	123.6	25.3	-10.3	2.0	-72.2	82.6	4.9	-172.4	164.6	3633.2	-696.9	-107.7	
80.40	123.9	26.0	-12.2	2.0	-70.8	82.7	5.3	-173.3	165.5	3533.3	-647.5	-112.7	
80.45	124.1	26.3	-14.7	2.0	-71.2	82.8	3.2	-176.9	164.9	3559.0	-576.9	-121.7	
80.50	124.4	25.9	-17.0	2.0	-71.4	82.9	2.0	-179.7	162.6	3593.5	-437.1	-129.9	
80.55	124.7	25.4	-17.4	2.0	-70.1	83.0	9.9	-180.2	161.1	3512.3	-151.8	-129.7	
80.60	124.9	25.6	-17.6	2.0	-68.3	83.1	21.2	-177.4	163.4	3382.9	117.6	-128.6	
80.65	125.2	25.1	-19.0	2.0	-66.1	83.2	28.1	-169.3	165.8	3221.7	303.8	-131.3	
80.70	125.4	24.8	-19.7	2.0	-64.8	83.3	31.8	-163.6	162.5	3113.8	522.5	-132.4	
80.75	125.7	25.1	-20.0	2.0	-65.0	83.4	33.7	-164.3	158.3	3090.5	714.8	-133.7	
80.80	125.9	24.9	-20.5	2.0	-66.3	83.5	33.8	-172.0	161.1	3162.0	738.8	-136.6	
80.85	126.2	24.9	-22.5	2.0	-67.4	83.6	33.9	-177.8	166.7	3234.4	701.6	-144.6	
80.90	126.4	25.2	-23.0	2.0	-67.8	83.7	33.3	-176.3	167.5	3266.0	716.2	-146.9	
80.95	126.6	24.9	-22.4	2.0	-68.5	83.8	32.5	-173.6	165.7	3312.4	771.0	-145.2	
81.00	126.9	24.3	-21.7	2.0	-69.5	83.9	31.5	-177.2	168.5	3376.3	780.4	-144.0	
81.05	127.1	23.5	-20.5	2.0	-70.5	84.0	35.5	-184.0	171.4	3423.3	834.7	-140.9	
81.10	127.3	23.7	-19.6	2.0	-70.2	84.1	38.4	-182.0	171.6	3398.1	830.9	-137.6	
81.15	127.5	23.8	-19.7	2.0	-68.3	84.2	36.1	-175.4	173.2	3306.9	691.2	-136.1	
81.20	127.7	23.8	-18.7	2.0	-66.4	84.3	35.7	-171.8	175.7	3192.1	565.5	-130.8	
81.25	128.0	23.8	-17.2	2.0	-64.0	84.4	33.8	-167.7	177.6	3041.4	414.9	-123.1	
81.30	128.2	23.9	-16.4	2.0	-61.1	84.5	28.9	-160.3	178.9	2868.0	238.2	-117.3	
81.35	128.4	24.0	-14.8	2.0	-59.3	84.6	26.6	-155.1	179.7	2747.0	123.0	-110.2	
81.40	128.6	24.0	-14.2	2.0	-58.7	84.7	28.3	-153.8	180.8	2711.1	84.4	-107.5	
81.45	128.8	24.1	-14.7	2.0	-58.3	84.8	28.2	-149.7	180.4	2691.5	56.9	-108.8	
81.50	129.0	24.2	-14.1	2.0	-57.9	84.9	26.5	-146.9	178.6	2668.6	40.5	-106.3	
81.55	129.2	24.6	-13.2	2.0	-58.1	85.0	27.2	-150.7	177.9	2676.5	49.6	-103.3	
81.60	129.4	23.8	-15.1	2.0	-58.9	85.1	24.4	-155.0	177.9	2723.5	-11.3	-110.6	
81.65	129.6	22.7	-17.0	2.0	-60.2	85.2	18.3	-154.0	177.9	2825.0	-130.5	-118.6	
81.70	129.8	23.5	-17.9	2.0	-61.4	85.3	19.6	-154.3	178.5	2915.0	-131.1	-122.7	
81.75	130.0	23.9	-16.2	2.0	-62.7	85.4	25.9	-163.1	179.4	2988.9	-6.4	-118.4	
81.80	130.2	24.0	-15.8	2.0	-64.0	85.5	27.1	-167.5	179.2	3075.9	78.5	-118.2	
81.85	130.4	23.9	-17.2	2.0	-64.7	85.6	25.7	-164.1	176.8	3136.0	123.6	-123.9	
81.90	130.5	23.6	-16.9	2.0	-64.8	85.7	30.8	-162.7	174.9	3137.3	265.4	-122.9	
81.95	130.7	23.4	-14.5	2.0	-65.0	85.8	37.2	-164.7	178.0	3126.2	407.3	-114.8	
82.00	130.9	23.6	-14.2	2.0	-66.0	85.9	38.3	-165.0	181.9	3193.3	453.5	-114.6	
82.05	131.0	23.9	-16.4	2.0	-67.5	86.0	35.1	-165.2	182.0	3305.3	451.9	-123.7	
82.10	131.2	24.4	-17.3	2.0	-68.7	86.1	33.0	-169.6	180.4	3386.7	483.0	-128.0	
82.15	131.3	25.1	-17.0	2.0	-68.7	86.2	32.9	-173.1	183.2	3374.6	474.7	-127.2	
82.20	131.5	25.7	-17.4	2.0	-68.7	86.3	33.2	-171.6	188.6	3379.8	423.8	-128.3	
82.25	131.6	26.0	-16.8	2.0	-69.3	86.4	35.0	-169.9	188.7	3422.9	474.3	-126.9	
82.30	131.8	25.5	-15.4	2.0	-70.6	86.5	38.1	-172.1	186.0	3499.1	612.8	-123.6	
82.35	131.9	25.3	-13.8	2.0	-71.9	86.6	39.2	-172.4	187.5	3585.6	667.9	-119.3	
82.40	132.0	25.1	-12.6	2.0	-73.4	86.7	42.6	-170.3	192.7	3694.0	672.1	-116.5	
82.45	132.2	25.0	-12.1	2.0	-74.2	86.8	50.0	-171.1	197.1	3738.4	737.8	-115.9	
82.50	132.3	24.3	-11.2	2.0	-74.9	86.9	52.7	-173.4	198.0	3768.4	803.8	-113.3	
82.55	132.4	23.7	-11.4	2.0	-74.9	87.0	45.2	-170.0	196.8	3798.6	745.0	-114.2	
82.60	132.6	23.3	-12.1	2.0	-74.6	87.1	42.0	-166.9	196.2	3792.7	694.8	-116.3	
82.65	132.7	24.2	-12.4	2.0	-73.8	87.2	47.4	-167.3	195.2	3716.0	736.0	-116.2	
82.70	132.8	24.7	-12.6	2.0	-73.2	87.3	48.5	-169.1	194.5	3671.6	727.8	-116.3	
82.75	133.0	24.7	-14.9	2.0	-73.6	87.4	41.8	-170.5	195.1	3721.8	631.5	-124.8	
82.80	133.1	23.8	-15.9	2.0	-74.6	87.5	41.5	-170.4	192.4	3784.0	697.8	-129.2	
82.85	133.2	23.6	-13.1	2.0	-74.7	87.6	48.5	-166.2	188.7	3765.4	890.9	-119.7	
82.90	133.3	24.2	-11.3	2.0	-74.4	87.7	52.0	-164.1	192.9	3735.8	906.3	-113.2	
82.95	133.4	24.6	-12.3	2.0	-74.2	87.8	53.3	-166.6	198.9	3722.2	836.5	-116.5	
83.00	133.5	24.6	-12.1	2.0	-73.4	87.9	54.1	-165.0	196.6	3653.1	887.8	-114.9	
83.05	133.6	24.5	-10.4	2.0	-72.7	88.0	54.3	-159.4	190.5	3587.0	1023.2	-108.5	
83.10	133.7	24.9	-10.2	2.0	-71.6	88.1	51.4	-154.3	191.2	3516.6	1016.6	-106.6	
83.15	133.8	25.9	-11.7	2.0	-70.2	88.2	50.8	-154.2	196.6	3430.6	927.8	-110.3	
83.20	133.9	26.9	-12.7	2.0	-68.7	88.3	50.1	-153.6	197.8	3324.6	875.9	-112.2	
83.25	134.0	27.0	-13.4	2.0	-67.9	88.4	44.4	-150.5	194.9	3285.1	850.0	-113.8	
83.30	134.1	26.8	-14.6	2.0	-68.1	88.5	38.4	-150.2	196.2	3321.0	793.3	-118.2	
83.35	134.2	26.8	-14.8	2.0	-67.7	88.6	39.0	-152.9	201.5	3291.4	735.8	-118.5	
83.40	134.3	27.6	-12.8	2.0	-65.5	88.7	44.5	-148.8	202.3	3117.9	776.4	-109.5	
83.45	134.3	27.2	-10.9	2.0	-64.2	88.8	48.6	-141.1	201.3	3021.1	837.6	-101.5	
83.50	134.4	26.6	-11.0	2.0	-65.5	88.9	49.5	-142.9	205.5	3111.2	824.6	-103.1	
83.55	134.5	26.1	-11.2	2.0	-67.6	89.0	51.3	-149.0	208.5	3242.7	863.5	-106.1	
83.60	134.6	25.7	-10.1	2.0	-69.0	89.1	53.0	-152.5	205.6	3321.6	947.2	-103.8	
83.65	134.6	25.5	-9.9	2.0	-68.4	89.2	50.5	-149.9	206.1	3304.3	886.2	-102.5	
83.70	134.7	25.6	-9.8	2.0	-68.2	89.3	46.6	-149.6	211.1	3324.9	727.5	-101.8	
83.75	134.8	26.0	-8.7	2.0	-67.9	89.4	43.5	-150.0	210.3	3324.2	646.6	-97.8	
83.80	134.9	26.3	-8.6	2.0	-68.5	89.5	40.8	-151.4	203.5	3367.6	667.9	-98.1	
83.85	135.0	26.5	-15.8	1.9	-69.6	89.6	35.2	-155.4	202.9	3458.6	606.5	-108.7	
83.90	135.1	26.8	-28.9	1.5	-70.8	89.7	33.6	-158.7	207.4	3546.9	544.8	-115.6	
83.95	135.1	27.1	-22.1	1.1	-71.5	89.8	41.7	-156.3	206.2	3578.4	692.3	-105.9	
84.00	135.2	27.3	-16.5	0.9	-72.2	89.8	49.7	-152.0	203.8	3599.5	874.1	-96.9	
84.05	135.3	27.2	-15.3	0.7	-73.8	89.9	50.3	-155.6	206.3	3707.0	891.4	-101.6	
84.10	135.4	26.9	-15.9	0.5	-74.2	89.9	48.1	-157.6	208.5	3738.2	859.4	-106.6	
84.15	135.4	26.8	-13.6	0.4	-73.8	89.9	51.1	-155.8	204.6	3691.6	960.1	-104.0	
84.20	135.5	27.7	-11.9	0.3	-73.7	89.9	50.9	-152.6	203.1	3685.7	975.6	-102.3	
84.25	135.6	27.8	-11.6	0.2	-72.8	89.9	46.2	-146.0	205.1	3666.0	874.3	-103.3	
84.30	135.6	27.9	-10.8	0.2	-72.9	89.9	44.0	-146.9	204.3	3682.0	835.4	-103.0	
84.35	135.7	28.0	-10.3	0.1	-74.4	90.0	42.8	-154.9	203.2	3779.7	838.7	-104.9	
84.40	135.8	26.9	-11.0	0.1	-77.4	90.0	40.1	-160.6	206.3	4000.1	810.2	-111.3	
84.45	135.8	26.8	-10.0	0.1	-80.0	90.0	39.9	-160.0	208.3	4191.4	838.0	-111.5	
84.50	135.9	27.8	-7.0	0.0	-79.9	90.0	46.1	-156.1	207.9	4171.5	950.2	-101.8	
84.55	136.0	27.4	-6.0	0.0	-77.7	90.0	51.4	-151.9	210.1	3994.3	1000.2	-96.9	
84.60	136.0	26.6	-6.4	0.0	-75.9	90.0	47.7	-150.2	213.9	3880.4	888.7	-96.6	
84.65	136.1	25.7	-6.6	0.0	-75.1	90.0	42.2	-148.5	212.8	3846.8	807.6	-96.7	
84.70	136.2	25.8	-4.6	0.0	-74.8	90.0	45.1	-146.1	208.4	3816.9	889.8	-89.8	
84.75	136.2	26.1	-5.1	0.0	-75.3	90.0	47.1	-153.5	210.6	3836.0	851.7	-92.2	
84.80	136.3	26.5	-8.8	0.0	-75.8	90.0	43.4	-161.8	216.3	3885.9	669.9	-105.5	
84.85	136.4	27.0	-10.0	0.0	-74.5	90.0	38.6	-161.4	213.9	3805.4	609.5	-108.7	
84.90	136.5	28.0	-8.4	0.0	-72.5	90.0	38.6	-157.3	206.3	3651.3	722.9	-101.1	
84.95	136.5	28.6	-7.4	0.0	-70.9	90.0	37.7	-150.6	206.9	3550.2	713.4	-96.2	
85.00	136.6	28.3	-8.1	0.0	-69.8	90.0	36.4	-143.7	212.8	3496.6	605.6	-97.6	
85.05	136.7	28.3	-7.1	0.0	-69.5	90.0	40.5	-146.4	210.2	3455.7	663.5	-93.6	
85.10	136.7	28.1	-5.7	0.0	-70.6	90.0	41.9	-154.3	204.8	3508.6	742.1	-90.1	
85.15	136.8	27.4	-7.3	0.0	-72.9	90.0	36.9	-160.2	205.8	3678.7	682.8	-97.9	
85.20	136.9	26.7	-9.0	0.0	-74.1	90.0	34.2	-161.1	208.1	3777.3	628.5	-104.9	
85.25	137.0	26.1	-7.1	0.0	-72.2	90.0	38.2	-157.1	205.7	3630.2	692.0	-96.6	
85.30	137.0	25.7	-5.3	0.0	-69.6	90.0	42.5	-153.2	204.2	3428.3	753.3	-87.9	
85.35	137.1	25.6	-7.3	0.0	-69.3	90.0	36.1	-151.3	207.9	3440.1	619.0	-94.5	
85.40	137.2	25.3	-7.8	0.0	-70.5	90.0	30.1	-152.7	207.0	3540.0	554.7	-97.3	
85.45	137.2	25.0	-6.1	0.0	-71.8	90.0	36.0	-157.5	200.8	3599.3	737.9	-92.9	
85.50	137.3	25.7	-4.1	0.0	-72.3	90.0	40.7	-157.5	202.3	3617.3	799.1	-86.3	
85.55	137.3	25.5	-6.8	0.0	-72.8	90.0	36.2	-156.0	211.7	3692.8	598.9	-96.2	
85.60	137.4	24.8	-7.2	0.0	-72.4	90.0	32.3	-154.7	212.4	3683.7	513.3	-97.2	
85.65	137.5	23.9	-5.5	0.0	-71.7	90.0	35.8	-154.2	205.2	3611.4	661.1	-90.7	
85.70	137.5	23.6	-4.6	0.0	-72.4	90.0	38.4	-155.6	205.9	3649.8	711.6	-88.3	
85.75	137.6	23.3	-5.9	0.0	-74.3	90.0	38.6	-156.4	215.0	3798.4	632.9	-94.4	
85.80	137.6	22.5	-6.3	0.0	-74.7	90.0	39.8	-157.1	215.8	3823.6	638.6	-96.2	
85.85	137.7	22.3	-5.8	0.0	-73.6	90.0	42.0	-157.8	208.6	3729.3	715.5	-93.6	
85.90	137.8	22.6	-6.5	0.0	-72.2	90.0	38.3	-154.0	208.8	3646.4	641.6	-94.6	
85.95	137.8	23.6	-6.6	0.0	-70.7	90.0	34.8	-150.2	215.5	3561.9	537.0	-93.6	
86.00	137.9	25.2	-6.2	0.0	-68.3	90.0	37.5	-148.3	215.5	3371.1	585.7	-89.6	
86.05	138.0	26.1	-5.7	0.0	-65.7	90.0	37.6	-142.9	208.6	3175.2	650.1	-85.3	
86.10	138.0	25.5	-7.2	0.0	-64.7	90.0	34.7	-136.7	206.8	3126.3	619.6	-89.5	
86.15	138.1	25.0	-8.3	0.0	-65.2	90.0	37.4	-138.5	211.8	3154.9	626.7	-93.6	
86.20	138.2	24.6	-6.9	0.0	-65.5	90.0	44.0	-144.1	211.3	3120.4	774.1	-89.1	
86.25	138.3	24.3	-7.3	0.0	-64.8	90.0	42.8	-145.0	204.1	3058.1	840.3	-89.8	
86.30	138.3	24.6	-10.3	0.0	-63.8	90.0	36.8	-141.7	202.9	3025.2	723.6	-99.0	
86.35	138.4	24.8	-10.5	0.0	-63.1	90.0	37.8	-142.2	207.5	2975.3	668.6	-99.0	
86.40	138.5	25.1	-8.6	0.0	-62.2	90.0	43.3	-143.9	208.4	2869.2	760.4	-91.7	
86.45	138.6	24.1	-8.4	0.0	-61.1	90.0	44.6	-141.8	204.1	2776.0	835.9	-90.1	
86.50	138.7	24.0	-10.9	0.0	-60.6	90.0	40.1	-140.1	203.0	2753.7	798.8	-97.9	
86.55	138.7	24.8	-12.3	0.0	-60.5	90.0	40.4	-142.0	206.5	2728.8	818.1	-102.6	
86.60	138.8	25.4	-11.2	0.0	-60.2	90.0	46.0	-139.4	207.3	2671.6	934.8	-98.8	
86.65	138.9	26.0	-10.2	0.0	-58.9	90.0	48.7	-130.2	205.8	2568.5	998.3	-93.8	
86.70	138.9	26.4	-10.8	0.0	-57.1	90.0	44.5	-126.2	208.3	2473.4	903.3	-94.0	
86.75	139.0	25.9	-11.9	0.0	-55.2	90.0	38.0	-127.2	211.1	2375.8	756.3	-96.2	
86.80	139.0	25.0	-11.3	0.0	-54.2	90.0	36.8	-125.7	208.7	2311.7	714.0	-92.8	
86.85	139.1	23.8	-10.9	0.0	-54.1	90.0	40.5	-122.4	209.5	2318.2	704.8	-91.7	
86.90	139.2	24.1	-11.6	0.0	-55.2	90.0	44.4	-125.3	216.2	2387.5	687.4	-94.9	
86.95	139.2	23.7	-10.5	0.0	-55.9	90.0	44.2	-130.9	217.8	2419.9	703.7	-91.9	
87.00	139.3	22.9	-10.0	0.0	-55.5	90.0	42.8	-130.7	213.7	2380.0	752.4	-89.7	
87.05	139.4	22.4	-9.8	0.0	-54.9	90.0	42.7	-126.4	212.5	2348.6	744.4	-88.5	
87.10	139.4	22.6	-9.6	0.0	-55.3	90.0	45.2	-125.4	217.7	2390.0	693.1	-88.0	
87.15	139.5	23.0	-9.4	0.0	-56.2	90.0	42.7	-130.1	219.5	2477.0	606.2	-88.5	
87.20	139.6	22.8	-10.7	0.0	-57.0	90.0	35.6	-134.5	214.2	2557.6	517.2	-93.7	
87.25	139.7	21.6	-12.0	0.0	-56.6	90.0	28.5	-131.8	210.5	2561.6	411.6	-97.8	
87.30	139.8	20.3	-10.4	0.0	-55.8	90.0	29.9	-127.7	211.9	2510.6	405.5	-91.6	
87.35	139.8	19.7	-7.1	0.0	-54.2	90.0	38.3	-123.0	214.5	2373.0	504.6	-78.6	
87.40	139.9	19.5	-7.0	0.0	-52.8	90.0	45.3	-119.5	214.9	2243.6	598.0	-76.9	
87.45	140.0	19.1	-8.4	0.0	-53.1	90.0	45.1	-120.7	213.8	2254.9	644.0	-81.9	
87.50	140.1	17.9	-9.5	0.0	-54.5	90.0	41.8	-124.7	212.0	2342.9	695.8	-87.2	
87.55	140.1	18.1	-7.0	0.0	-56.0	90.0	47.3	-126.5	210.5	2402.9	828.4	-80.0	
87.60	140.2	18.9	-6.7	0.0	-56.3	90.0	52.5	-126.5	213.4	2425.0	822.5	-79.2	
87.65	140.3	20.4	-10.0	0.0	-55.9	90.0	45.7	-126.7	216.8	2454.2	626.2	-90.3	
87.70	140.3	21.2	-11.7	0.0	-55.4	90.0	33.9	-126.5	214.4	2459.1	486.9	-95.4	
87.75	140.4	21.5	-10.3	0.0	-55.2	90.0	30.7	-125.2	210.4	2452.0	513.2	-90.7	
87.80	140.4	21.2	-10.4	0.0	-56.0	90.0	35.4	-124.7	213.4	2498.3	554.8	-91.5	
87.85	140.5	21.4	-10.7	0.0	-57.3	90.0	38.3	-125.9	220.2	2590.3	530.5	-94.1	
87.90	140.5	21.3	-9.3	0.0	-57.9	90.0	41.8	-125.9	222.1	2619.1	609.2	-89.8	
87.95	140.6	20.8	-7.4	0.0	-58.0	90.0	47.9	-123.6	219.9	2580.4	778.1	-83.5	
88.00	140.7	21.3	-7.7	0.0	-58.0	90.0	51.1	-122.1	220.6	2557.3	854.8	-84.3	
88.05	140.7	21.4	-7.3	0.0	-57.1	90.0	50.7	-118.5	225.2	2498.2	842.5	-82.1	
88.10	140.8	21.0	-6.0	0.0	-55.2	90.0	50.5	-115.7	227.5	2353.8	829.4	-75.9	
88.15	140.8	20.6	-6.8	0.0	-53.1	90.0	50.0	-111.5	226.3	2213.9	801.8	-76.6	
88.20	140.9	20.6	-10.1	0.0	-52.7	90.0	43.6	-109.5	226.1	2226.9	695.0	-87.2	
88.25	141.0	20.4	-10.7	0.0	-53.7	90.0	37.3	-113.5	227.1	2310.4	657.2	-90.4	
88.30	141.0	19.1	-9.3	0.0	-54.7	90.0	39.4	-119.3	226.4	2340.0	758.8	-86.5	
88.35	141.1	18.6	-9.7	0.0	-54.4	90.0	43.7	-118.7	225.1	2288.2	834.5	-87.5	
88.40	141.2	18.5	-10.9	0.0	-53.5	90.0	44.2	-114.0	224.7	2228.9	851.3	-90.9	
88.45	141.2	18.7	-10.0	0.0	-53.3	90.0	44.9	-114.0	225.6	2187.0	895.2	-87.6	
88.50	141.3	18.4	-9.3	0.0	-53.3	90.0	50.1	-114.3	226.9	2141.3	996.0	-85.1	
88.55	141.4	18.5	-9.8	0.0	-54.5	90.0	52.6	-117.5	225.7	2200.8	1042.9	-88.0	
88.60	141.4	19.5	-11.2	0.0	-55.0	90.0	49.4	-119.5	224.4	2272.4	982.8	-93.5	
88.65	141.5	19.9	-12.0	0.0	-54.5	90.0	46.4	-122.2	225.8	2266.1	890.4	-95.6	
88.70	141.6	20.4	-11.9	0.0	-53.2	90.0	46.9	-120.1	226.4	2176.8	859.6	-94.2	
88.75	141.6	21.1	-11.2	0.0	-50.6	90.0	44.0	-109.5	224.0	2017.8	813.2	-89.2	
88.80	141.7	21.5	-11.0	0.0	-47.9	90.0	39.5	-102.1	221.4	1855.4	745.5	-85.6	
88.85	141.8	21.8	-11.3	0.0	-46.0	90.0	35.1	-104.8	223.1	1746.0	622.1	-84.8	
88.90	141.8	21.9	-12.7	0.0	-45.2	90.0	32.8	-108.8	226.3	1712.4	481.5	-88.7	
88.95	141.9	21.1	-12.5	0.0	-44.8	90.0	33.1	-104.4	226.2	1708.3	410.3	-87.5	
89.00	141.9	20.8	-9.3	0.0	-45.7	90.0	36.0	-104.7	226.1	1777.9	418.5	-77.6	
89.05	142.0	20.5	-8.7	0.0	-47.3	90.0	36.9	-112.8	229.9	1885.1	351.9	-77.3	
89.10	142.0	19.8	-7.0	0.0	-47.9	90.0	30.8	-115.4	231.8	1955.2	180.8	-71.9	
89.15	142.1	20.2	-7.8	0.0	-46.7	90.0	28.4	-106.8	228.6	1891.9	122.9	-73.4	
89.20	142.1	20.6	-2.9	0.0	-45.8	90.0	30.8	-100.1	229.4	1845.0	139.6	-55.7	
89.25	142.2	19.8	-5.1	0.0	-46.0	90.0	32.3	-100.4	234.0	1851.5	111.1	-63.4	
89.30	142.2	19.5	-7.2	0.0	-46.5	90.0	24.0	-102.4	234.7	1893.2	1.0	-71.2	
89.35	142.3	19.4	-8.9	0.0	-46.5	90.0	15.1	-104.4	229.3	1893.8	-69.1	-77.1	
89.40	142.3	19.4	-9.1	0.0	-45.2	90.0	15.2	-104.8	226.9	1795.6	-69.5	-76.3	
89.45	142.4	18.5	-7.9	0.0	-43.3	90.0	20.0	-103.1	231.4	1656.7	-53.4	-70.4	
89.50	142.5	18.3	-7.8	0.0	-41.7	90.0	23.2	-97.7	234.7	1545.3	-7.0	-68.4	
89.55	142.5	18.8	-5.9	0.0	-40.8	90.0	27.3	-93.9	230.1	1474.2	206.2	-61.2	
89.60	142.6	19.2	-3.7	0.0	-41.1	90.0	33.4	-92.5	224.8	1433.8	497.2	-53.8	
89.65	142.7	19.0	-5.0	0.0	-42.9	90.0	37.6	-92.2	229.0	1531.5	604.6	-60.2	
89.70	142.7	18.8	-5.8	0.0	-44.9	90.0	40.2	-91.8	233.4	1666.8	643.3	-64.8	
89.75	142.8	20.5	-4.7	0.0	-46.8	90.0	41.8	-95.6	228.4	1764.6	760.5	-63.0	
89.80	142.9	21.0	-7.2	0.0	-48.4	90.0	35.6	-103.2	224.2	1895.2	736.5	-73.1	
89.85	142.9	21.1	-12.8	0.0	-50.1	90.0	24.3	-111.3	226.3	2067.4	577.7	-94.1	
89.90	143.0	22.1	-12.8	0.0	-50.7	90.0	20.8	-113.7	227.4	2120.0	551.9	-94.8	
89.95	143.1	22.2	-10.3	0.0	-50.7	90.0	30.4	-111.4	224.0	2062.2	750.3	-86.0	
90.00	143.1	22.0	-9.3	0.0	-51.2	90.0	35.4	-110.5	224.5	2069.0	827.0	-83.0	
90.05	143.2	21.8	-10.8	0.0	-51.7	90.0	32.1	-112.0	229.2	2133.8	742.0	-88.9	
90.10	143.2	21.9	-9.5	0.0	-51.7	90.0	32.5	-114.0	230.4	2139.5	712.0	-84.5	
90.15	143.3	21.9	-5.3	0.0	-51.1	90.0	38.8	-111.3	227.3	2067.9	777.5	-69.2	
90.20	143.3	21.8	-3.5	0.0	-49.8	90.0	37.9	-104.1	228.4	2027.6	664.5	-61.9	
90.25	143.4	21.8	-6.5	0.0	-48.4	90.0	28.3	-101.4	234.9	2012.8	314.6	-70.5	
90.30	143.4	21.2	-6.7	0.0	-47.3	90.0	22.7	-105.5	234.4	1945.2	108.0	-70.2	
90.35	143.5	20.1	-5.2	0.0	-46.1	90.0	20.1	-107.5	227.5	1853.3	63.7	-64.0	
90.40	143.5	19.9	-4.3	0.0	-46.1	90.0	14.9	-105.0	229.0	1866.7	-73.7	-61.0	
90.45	143.6	20.0	-4.8	0.0	-47.0	90.0	11.7	-105.7	234.4	1917.4	-223.4	-63.6	
90.50	143.6	20.2	-2.1	0.0	-46.6	90.0	15.9	-108.7	231.2	1883.7	-195.9	-53.9	
90.55	143.7	20.4	-0.9	0.0	-46.2	90.0	18.2	-107.7	227.1	1855.9	-203.0	-49.2	
90.60	143.7	20.1	-1.8	0.0	-47.0	90.0	13.5	-105.6	231.1	1899.9	-369.8	-53.1	
90.65	143.8	19.5	-1.2	0.0	-47.5	90.0	12.2	-107.0	233.7	1919.5	-419.2	-51.8	
90.70	143.8	19.0	-0.9	0.0	-46.5	90.0	18.3	-107.7	228.4	1866.3	-304.7	-49.7	
90.75	143.9	18.7	-1.5	0.0	-46.0	90.0	17.1	-104.6	224.9	1832.4	-313.6	-51.0	
90.80	144.0	18.4	-3.5	0.0	-45.8	90.0	13.6	-104.5	227.9	1810.3	-360.3	-57.8	
90.85	144.0	18.3	-3.1	0.0	-44.6	90.0	19.1	-107.5	228.9	1733.0	-194.4	-55.3	
90.90	144.1	18.1	-2.7	0.0	-42.9	90.0	25.8	-105.8	223.2	1620.0	72.6	-52.1	
90.95	144.1	18.0	-5.4	0.0	-42.2	90.0	22.3	-101.5	220.6	1575.8	154.0	-60.6	
91.00	144.2	18.4	-7.9	0.0	-41.8	90.0	21.0	-100.1	224.7	1550.0	163.7	-68.9	
91.05	144.3	18.8	-7.2	0.0	-41.8	90.0	28.1	-103.6	227.3	1503.0	323.7	-66.4	
91.10	144.3	19.1	-6.4	0.0	-42.9	90.0	33.3	-105.0	224.7	1522.7	534.7	-65.0	
91.15	144.4	19.1	-8.3	0.0	-45.0	90.0	31.2	-104.6	223.7	1671.5	605.6	-73.6	
91.20	144.4	19.6	-10.0	0.0	-47.1	90.0	32.6	-108.2	226.2	1795.8	684.9	-81.5	
91.25	144.5	20.1	-7.9	0.0	-48.7	90.0	41.8	-112.6	227.7	1815.6	888.3	-75.9	
91.30	144.5	20.6	-6.0	0.0	-49.6	90.0	49.1	-107.7	228.9	1802.4	1061.8	-70.2	
91.35	144.6	20.8	-5.5	0.0	-50.5	90.0	51.5	-102.3	231.1	1831.4	1173.8	-69.5	
91.40	144.6	20.6	-5.9	0.0	-51.9	90.0	52.2	-105.9	232.5	1868.0	1282.6	-72.1	
91.45	144.7	19.8	-5.3	0.0	-52.6	90.0	51.8	-110.8	231.5	1876.8	1351.6	-71.0	
91.50	144.7	19.8	-7.2	0.0	-52.2	90.0	49.0	-108.9	230.6	1884.6	1299.6	-76.9	
91.55	144.8	20.1	-9.2	0.0	-51.4	90.0	44.3	-107.3	234.2	1933.6	1125.3	-83.0	
91.60	144.8	20.5	-7.8	0.0	-51.0	90.0	41.3	-109.5	236.1	1959.8	992.0	-77.6	
91.65	144.9	20.2	-7.9	0.0	-50.2	90.0	39.8	-108.3	231.0	1926.2	943.0	-77.1	
91.70	144.9	20.2	-7.9	0.0	-49.5	90.0	35.9	-105.5	228.9	1930.8	847.8	-76.6	
91.75	145.0	20.6	-7.3	0.0	-50.2	90.0	37.4	-109.7	233.6	1997.5	772.9	-75.1	
91.80	145.0	21.5	-6.2	0.0	-51.5	90.0	43.9	-115.4	236.5	2071.0	789.5	-72.9	
91.85	145.1	21.8	-4.6	0.0	-52.1	90.0	47.1	-113.0	232.7	2125.4	800.9	-68.0	
91.90	145.1	21.6	-4.0	0.0	-52.2	90.0	44.1	-111.2	230.0	2188.8	676.7	-66.0	
91.95	145.2	21.8	-4.0	0.0	-51.9	90.0	38.4	-115.7	232.1	2216.0	446.4	-65.5	
92.00	145.2	21.9	-2.9	0.0	-51.2	90.0	30.5	-120.1	231.3	2192.7	203.0	-61.2	
92.05	145.3	22.0	-2.9	0.0	-50.7	90.0	23.1	-115.1	225.8	2180.4	0.4	-60.5	
92.10	145.3	21.7	-3.5	0.0	-51.5	90.0	18.1	-110.0	225.1	2254.1	-185.2	-63.5	
92.15	145.4	21.2	-3.2	0.0	-53.1	90.0	16.1	-113.6	229.4	2349.7	-316.7	-63.9	
92.20	145.4	20.8	-0.7	0.0	-54.2	90.0	17.3	-119.6	229.9	2414.2	-319.9	-56.6	
92.25	145.4	21.5	-1.2	0.0	-54.4	90.0	20.8	-119.0	226.9	2441.4	-248.4	-58.6	
92.30	145.5	22.4	-0.8	0.0	-54.8	90.0	24.0	-115.6	229.0	2482.2	-188.8	-57.5	
92.35	145.5	22.9	1.5	0.0	-54.7	90.0	30.3	-113.6	233.8	2475.6	-80.3	-49.7	
92.40	145.5	21.8	1.6	0.0	-53.3	90.0	35.5	-109.8	233.7	2378.9	31.6	-47.9	
92.45	145.5	21.7	-0.0	0.0	-52.3	90.0	31.4	-108.0	232.4	2317.7	-0.1	-52.5	
92.50	145.6	21.9	-2.3	0.0	-52.7	90.0	26.0	-110.4	234.5	2338.5	-43.4	-60.6	
92.55	145.6	21.7	-3.6	0.0	-53.2	90.0	29.0	-109.9	236.4	2372.3	80.5	-65.5	
92.60	145.6	21.5	-3.2	0.0	-53.4	90.0	31.1	-105.5	235.6	2391.2	264.8	-64.5	
92.65	145.6	21.2	-3.4	0.0	-53.6	90.0	34.1	-102.1	235.2	2383.9	435.3	-65.3	
92.70	145.6	20.5	-4.7	0.0	-54.5	90.0	39.4	-105.5	238.3	2396.6	617.9	-70.6	
92.75	145.6	21.0	-5.2	0.0	-56.3	90.0	46.8	-108.2	240.3	2439.0	885.3	-74.0	
92.80	145.6	21.7	-4.3	0.0	-58.7	90.0	52.5	-107.6	237.5	2515.1	1167.2	-73.5	
92.85	145.7	22.1	-4.4	0.0	-61.0	90.0	57.6	-109.6	235.6	2600.6	1363.3	-76.1	
92.90	145.7	22.3	-6.2	0.0	-62.4	90.0	61.7	-115.8	239.9	2658.2	1434.0	-83.6	
92.95	145.7	22.7	-7.2	0.0	-63.2	90.0	62.3	-119.1	241.7	2695.5	1465.5	-87.9	
93.00	145.7	23.2	-7.5	0.0	-62.9	90.0	60.4	-113.6	237.2	2670.5	1514.2	-88.6	
93.05	145.7	23.0	-7.1	0.0	-62.3	90.0	59.3	-110.8	234.8	2602.2	1548.7	-86.7	
93.10	145.7	23.0	-6.9	0.0	-61.3	90.0	58.9	-112.6	236.9	2519.7	1530.3	-85.0	
93.15	145.7	23.1	-6.8	0.0	-59.4	90.0	56.3	-108.4	236.0	2401.9	1474.7	-82.5	
93.20	145.7	23.2	-6.3	0.0	-57.0	90.0	54.9	-101.8	232.3	2238.9	1439.3	-78.7	
93.25	145.7	23.0	-5.0	0.0	-55.0	90.0	54.9	-101.7	231.6	2107.6	1363.5	-72.3	
93.30	145.7	22.7	-6.2	0.0	-52.5	90.0	51.0	-103.4	234.2	2017.5	1141.9	-73.8	
93.35	145.7	22.6	-8.5	0.0	-49.1	90.0	44.1	-97.9	234.8	1899.9	864.8	-78.2	
93.40	145.7	22.5	-5.7	0.0	-46.3	90.0	41.7	-92.6	233.5	1760.9	683.9	-65.9	
93.45	145.7	22.4	-4.1	0.0	-44.1	90.0	42.5	-92.6	235.0	1639.9	532.0	-58.2	
93.50	145.7	22.4	-4.3	0.0	-42.9	90.0	37.2	-93.9	237.7	1605.0	291.1	-57.5	
93.55	145.7	22.1	-4.1	0.0	-42.4	90.0	29.0	-91.8	236.3	1609.1	76.7	-56.6	
93.60	145.7	21.6	-2.9	0.0	-41.8	90.0	27.0	-89.3	232.9	1571.5	-16.2	-51.6	
93.65	145.7	21.3	-1.6	0.0	-40.9	90.0	27.0	-88.9	234.9	1500.7	-128.2	-46.4	
93.70	145.7	21.9	-2.4	0.0	-41.0	90.0	22.5	-89.6	238.7	1481.3	-308.8	-49.3	
93.75	145.7	22.4	-3.4	0.0	-41.5	90.0	16.3	-89.6	238.0	1488.5	-453.4	-53.0	
93.80	145.6	22.5	-2.7	0.0	-41.2	90.0	15.3	-89.3	235.5	1466.3	-456.9	-50.4	
93.85	145.6	21.6	-1.8	0.0	-40.9	90.0	18.5	-91.6	237.5	1449.0	-396.5	-47.0	
93.90	145.6	21.0	-2.8	0.0	-41.0	90.0	21.6	-92.4	241.4	1466.8	-331.3	-50.5	
93.95	145.6	20.7	-4.2	0.0	-40.6	90.0	23.7	-89.4	240.2	1466.9	-203.9	-54.9	
94.00	145.6	20.4	-3.8	0.0	-39.8	90.0	28.4	-88.1	235.3	1419.9	34.5	-52.6	
94.05	145.6	20.4	-4.0	0.0	-39.8	90.0	33.3	-89.5	235.7	1396.6	237.3	-53.5	
94.10	145.6	20.4	-6.1	0.0	-40.3	90.0	34.0	-88.0	239.1	1417.0	341.4	-61.4	
94.15	145.6	19.8	-7.7	0.0	-40.6	90.0	34.4	-84.7	238.2	1404.4	480.4	-66.9	
94.20	145.6	20.2	-8.0	0.0	-41.8	90.0	36.9	-87.3	233.5	1413.5	684.3	-69.1	
94.25	145.6	20.8	-9.1	0.0	-44.2	90.0	38.0	-93.1	233.6	1534.1	814.1	-75.3	
94.30	145.6	20.6	-11.3	0.0	-46.8	90.0	38.3	-97.1	237.6	1700.5	890.3	-85.8	
94.35	145.6	20.9	-10.4	0.0	-49.0	90.0	42.2	-99.0	235.4	1775.9	1071.2	-84.8	
94.40	145.6	21.6	-8.3	0.0	-50.9	90.0	48.5	-100.0	230.5	1804.9	1284.3	-79.4	
94.45	145.6	22.5	-10.1	0.0	-52.3	90.0	49.5	-101.6	233.0	1892.6	1324.2	-87.1	
94.50	145.6	22.0	-10.9	0.0	-53.2	90.0	48.3	-104.0	237.8	1992.4	1282.2	-90.7	
94.55	145.6	21.8	-9.5	0.0	-53.4	90.0	51.5	-103.8	236.1	1983.0	1326.4	-86.1	
94.60	145.6	22.3	-8.4	0.0	-52.5	90.0	51.8	-102.8	232.8	1918.0	1306.9	-81.5	
94.65	145.6	22.4	-9.8	0.0	-50.3	90.0	44.3	-101.1	236.2	1877.3	1077.4	-83.9	
94.70	145.6	21.8	-11.5	0.0	-48.1	90.0	38.1	-98.8	239.4	1822.8	849.4	-87.5	
94.75	145.6	20.9	-9.7	0.0	-46.4	90.0	38.7	-94.2	235.4	1719.4	797.8	-79.8	
94.80	145.6	21.3	-7.9	0.0	-44.8	90.0	37.8	-90.4	232.8	1639.7	717.9	-71.9	
94.85	145.5	21.8	-7.6	0.0	-43.5	90.0	32.0	-90.8	237.7	1619.4	495.0	-69.6	
94.90	145.5	22.2	-7.7	0.0	-42.4	90.0	28.9	-91.5	240.2	1571.3	329.2	-68.7	
94.95	145.5	22.3	-5.9	0.0	-41.4	90.0	30.3	-90.7	235.7	1509.4	293.3	-61.6	
95.00	145.5	22.5	-5.6	0.0	-40.8	90.0	27.9	-88.7	235.0	1491.5	163.6	-60.0	
95.05	145.5	22.9	-5.0	0.0	-40.7	90.0	22.7	-88.2	239.6	1495.8	-56.4	-57.8	
95.10	145.5	23.2	-4.8	0.0	-40.2	90.0	19.7	-88.7	239.0	1447.0	-186.3	-56.7	
95.15	145.6	22.8	-4.2	0.0	-39.5	90.0	19.0	-88.2	233.3	1390.9	-213.1	-54.0	
95.20	145.6	22.3	-5.0	0.0	-40.3	90.0	17.8	-89.2	232.9	1446.7	-239.9	-57.3	
95.25	145.6	22.5	-4.7	0.0	-42.1	90.0	17.4	-92.8	237.3	1571.3	-229.0	-58.1	
95.30	145.6	22.8	-4.1	0.0	-42.9	90.0	21.5	-95.5	236.0	1638.5	-86.1	-56.8	
95.35	145.6	22.9	-3.5	0.0	-42.8	90.0	24.0	-95.5	230.4	1640.4	52.5	-55.0	
95.40	145.6	22.5	-4.3	0.0	-43.3	90.0	22.3	-97.5	230.4	1670.5	58.6	-58.1	
95.45	145.6	22.2	-5.4	0.0	-44.2	90.0	21.9	-101.2	234.2	1726.2	53.7	-62.9	
95.50	145.6	22.1	-5.3	0.0	-44.5	90.0	25.1	-101.4	232.5	1736.3	167.9	-62.6	
95.55	145.6	22.2	-6.2	0.0	-44.3	90.0	26.7	-98.1	227.6	1716.1	305.4	-65.6	
95.60	145.6	22.9	-7.1	0.0	-44.5	90.0	26.2	-98.0	228.2	1723.1	358.1	-68.8	
95.65	145.6	23.2	-8.5	0.0	-44.8	90.0	27.7	-100.1	232.3	1729.0	402.1	-73.9	
95.70	145.6	23.1	-7.6	0.0	-45.5	90.0	33.8	-100.0	232.8	1729.1	562.8	-71.6	
95.75	145.6	23.2	-5.8	0.0	-46.4	90.0	41.7	-94.4	231.1	1726.1	788.8	-66.4	
95.80	145.6	23.6	-6.0	0.0	-48.2	90.0	43.0	-96.7	233.3	1805.3	904.5	-68.9	
95.85	145.6	24.1	-8.3	0.0	-49.6	90.0	42.6	-104.5	236.0	1889.3	935.7	-78.3	
95.90	145.6	23.3	-7.5	0.0	-50.5	90.0	41.8	-107.9	234.7	1945.3	954.7	-76.3	
95.95	145.6	22.7	-7.6	0.0	-50.4	90.0	42.5	-104.7	233.1	1937.4	980.1	-76.5	
96.00	145.6	22.3	-5.2	0.0	-49.9	90.0	40.6	-100.7	235.9	1933.2	927.0	-67.9	
96.05	145.6	22.7	-7.6	0.0	-49.2	90.0	38.5	-98.1	237.0	1911.3	855.1	-75.1	
96.10	145.6	23.3	-8.7	0.0	-47.7	90.0	36.5	-94.8	234.7	1835.2	795.0	-77.6	
96.15	145.6	23.9	-7.7	0.0	-46.3	90.0	35.7	-93.2	234.4	1753.2	726.6	-72.8	
96.20	145.6	24.3	-5.7	0.0	-46.0	90.0	38.2	-93.0	237.1	1729.1	700.9	-65.5	
96.25	145.6	25.4	-4.8	0.0	-46.5	90.0	40.7	-92.7	238.2	1776.0	685.2	-63.0	
96.30	145.6	26.2	-4.0	0.0	-46.8	90.0	42.4	-92.0	235.6	1803.8	693.1	-60.6	
96.35	145.6	25.9	-3.8	0.0	-46.4	90.0	42.8	-93.9	233.6	1767.3	678.0	-59.3	
96.40	145.6	25.8	-3.2	0.0	-44.9	90.0	39.8	-95.4	235.2	1688.5	561.7	-55.8	
96.45	145.6	25.9	-2.5	0.0	-42.7	90.0	33.7	-91.0	234.4	1584.9	386.9	-51.3	
96.50	145.6	26.5	-4.2	0.0	-41.0	90.0	29.3	-85.8	229.6	1505.0	236.7	-55.5	
96.55	145.6	26.1	-4.1	0.0	-40.6	90.0	24.7	-86.0	229.0	1500.2	75.5	-54.8	
96.60	145.6	25.4	-4.6	0.0	-41.7	90.0	20.9	-92.2	232.1	1565.6	-65.4	-57.6	
96.65	145.6	24.9	-5.2	0.0	-43.0	90.0	20.4	-97.7	230.9	1647.6	-87.8	-61.0	
96.70	145.7	25.5	-5.1	0.0	-43.9	90.0	23.2	-98.9	227.5	1713.5	-26.8	-61.3	
96.75	145.7	26.2	-4.4	0.0	-44.5	90.0	26.4	-100.2	228.9	1753.2	24.8	-59.6	
96.80	145.7	26.8	-2.4	0.0	-43.7	90.0	30.2	-98.5	232.5	1690.6	69.7	-51.9	
96.85	145.7	27.3	-2.3	0.0	-41.6	90.0	34.1	-93.0	232.3	1535.5	120.4	-49.3	
96.90	145.7	28.2	-3.9	0.0	-39.9	90.0	31.8	-90.9	229.8	1420.1	105.5	-53.2	
96.95	145.7	29.5	-3.0	0.0	-39.5	90.0	27.5	-93.1	230.1	1393.4	61.7	-50.0	
97.00	145.7	29.2	-5.6	0.0	-39.7	90.0	26.8	-93.6	233.0	1402.7	42.0	-58.8	
97.05	145.7	28.7	-5.8	0.0	-39.3	90.0	28.9	-89.2	233.3	1383.7	91.4	-59.4	
97.10	145.7	28.2	-5.2	0.0	-38.5	90.0	30.9	-86.1	232.3	1315.7	185.0	-56.5	
97.15	145.7	27.5	-3.8	0.0	-37.7	90.0	30.9	-85.9	234.4	1241.5	247.8	-50.7	
97.20	145.7	27.5	-4.4	0.0	-36.7	90.0	32.3	-82.9	235.5	1157.4	327.5	-52.0	
97.25	145.7	28.2	-3.7	0.0	-36.5	90.0	37.0	-76.8	234.3	1104.8	468.0	-49.1	
97.30	145.7	28.0	-2.8	0.0	-38.3	90.0	45.4	-77.1	234.4	1140.9	658.7	-47.7	
97.35	145.7	27.4	-3.1	0.0	-41.3	90.0	50.9	-86.1	239.0	1304.1	774.2	-52.0	
97.40	145.7	26.6	-5.2	0.0	-44.3	90.0	50.8	-95.5	240.6	1496.4	830.4	-62.3	
97.45	145.7	26.9	-6.5	0.0	-45.7	90.0	50.1	-96.9	235.4	1573.9	923.3	-68.2	
97.50	145.7	27.5	-6.6	0.0	-45.4	90.0	50.2	-93.2	233.4	1511.5	991.0	-68.0	
97.55	145.7	28.0	-6.7	0.0	-43.9	90.0	50.7	-88.5	237.4	1397.0	980.5	-66.9	
97.60	145.7	27.4	-8.0	0.0	-43.0	90.0	51.0	-86.5	238.5	1324.8	963.5	-70.5	
97.65	145.8	27.2	-8.6	0.0	-42.8	90.0	49.2	-85.2	232.0	1285.3	1014.9	-72.2	
97.70	145.8	27.2	-8.5	0.0	-43.9	90.0	47.0	-88.9	228.9	1344.6	1065.4	-72.9	
97.75	145.8	26.7	-8.5	0.0	-44.7	90.0	49.0	-91.5	234.1	1408.6	1058.9	-73.7	
97.80	145.8	26.8	-7.6	0.0	-44.8	90.0	55.8	-88.6	237.5	1376.3	1103.0	-70.8	
97.85	145.9	27.3	-5.0	0.0	-44.3	90.0	60.4	-83.9	234.9	1275.8	1177.6	-61.5	
97.90	145.9	28.2	-5.5	0.0	-43.9	90.0	58.0	-85.1	233.3	1250.8	1155.1	-62.8	
97.95	145.9	28.1	-6.3	0.0	-43.5	90.0	51.7	-89.5	235.7	1321.0	1029.0	-65.2	
98.00	145.9	27.7	-6.0	0.0	-43.6	90.0	49.9	-91.2	235.5	1386.0	949.4	-64.4	
98.05	146.0	27.0	-5.5	0.0	-43.1	90.0	50.5	-88.0	232.9	1392.2	881.9	-62.1	
98.10	146.0	27.1	-6.5	0.0	-42.6	90.0	45.8	-90.3	235.3	1452.7	689.0	-64.9	
98.15	146.0	27.4	-7.7	0.0	-42.2	90.0	35.7	-94.9	239.8	1520.9	423.9	-68.7	
98.20	146.0	27.9	-5.7	0.0	-41.5	90.0	31.6	-93.8	237.4	1494.8	332.5	-61.2	
98.25	146.1	28.0	-2.3	0.0	-39.8	90.0	33.3	-88.2	233.5	1384.5	330.8	-47.9	
98.30	146.1	28.1	-0.9	0.0	-38.4	90.0	35.6	-84.0	239.1	1297.6	227.5	-41.6	
98.35	146.1	28.3	-2.6	0.0	-37.7	90.0	35.3	-83.4	245.1	1257.1	84.3	-46.7	
98.40	146.2	26.7	-1.8	0.0	-36.4	90.0	33.9	-81.0	240.4	1178.2	49.6	-42.5	
98.45	146.2	25.9	-0.3	0.0	-35.0	90.0	31.5	-78.8	234.2	1083.9	38.8	-36.2	
98.50	146.2	25.8	-0.1	0.0	-35.0	90.0	30.0	-80.8	238.9	1074.2	-59.6	-35.3	
98.55	146.3	26.4	-1.6	0.0	-35.7	90.0	28.7	-81.9	244.5	1107.1	-171.1	-41.2	
98.60	146.3	26.3	-1.7	0.0	-35.9	90.0	27.9	-80.2	239.5	1137.9	-145.0	-41.8	
98.65	146.4	25.9	-2.2	0.0	-36.7	90.0	27.0	-82.1	234.0	1204.6	-72.7	-44.1	
98.70	146.4	25.3	-3.6	0.0	-38.8	90.0	26.5	-89.7	238.0	1339.6	-47.6	-51.0	
98.75	146.5	25.1	-4.2	0.0	-40.7	90.0	28.7	-94.4	241.6	1464.9	48.2	-55.0	
98.80	146.5	25.0	-2.9	0.0	-41.9	90.0	33.9	-93.9	236.2	1537.5	283.2	-51.9	
98.85	146.6	25.1	-3.0	0.0	-43.7	90.0	38.4	-94.7	232.9	1626.6	480.8	-54.2	
98.90	146.6	24.9	-6.0	0.0	-45.7	90.0	38.6	-99.4	239.0	1747.9	528.1	-66.4	
98.95	146.7	24.8	-6.0	0.0	-47.0	90.0	40.9	-101.4	241.5	1802.4	658.9	-67.7	
99.00	146.7	24.8	-4.8	0.0	-47.8	90.0	47.3	-97.9	236.2	1760.4	917.3	-64.3	
99.05	146.8	25.3	-5.5	0.0	-48.7	90.0	50.7	-96.8	235.6	1755.9	1062.7	-67.6	
99.10	146.8	25.5	-9.0	0.0	-49.4	90.0	48.6	-100.4	241.0	1803.9	1055.3	-80.3	
99.15	146.9	25.3	-9.1	0.0	-48.9	90.0	48.1	-96.8	240.5	1731.9	1124.4	-80.2	
99.20	146.9	24.1	-7.0	0.0	-48.3	90.0	53.5	-88.6	236.2	1558.7	1310.6	-72.4	
99.25	147.0	23.7	-6.4	0.0	-47.6	90.0	55.3	-84.7	238.6	1445.8	1360.5	-69.6	
99.30	147.0	23.9	-7.6	0.0	-46.2	90.0	50.5	-82.6	243.8	1415.8	1257.0	-72.5	
99.35	147.1	24.5	-7.0	0.0	-45.5	90.0	47.6	-81.0	241.8	1399.2	1207.3	-69.5	
99.40	147.1	24.6	-5.0	0.0	-45.7	90.0	50.1	-80.6	239.1	1404.3	1227.6	-63.0	
99.45	147.2	24.2	-6.5	0.0	-46.1	90.0	49.9	-84.1	243.9	1510.0	1123.5	-68.5	
99.50	147.3	23.0	-7.1	0.0	-46.2	90.0	44.8	-87.8	247.4	1628.8	944.8	-70.4	
99.55	147.3	22.1	-6.4	0.0	-45.5	90.0	41.4	-89.9	241.9	1628.5	841.7	-67.4	
99.60	147.4	21.5	-5.9	0.0	-43.8	90.0	39.2	-90.4	239.2	1551.0	703.3	-63.9	
99.65	147.5	21.5	-6.8	0.0	-42.1	90.0	36.2	-90.3	245.1	1501.6	492.9	-65.3	
99.70	147.5	21.7	-5.1	0.0	-41.7	90.0	33.1	-89.6	247.6	1513.3	351.3	-59.4	
99.75	147.6	22.2	-3.4	0.0	-42.0	90.0	31.6	-91.6	241.6	1541.1	311.8	-53.7	
99.80	147.7	22.9	-4.4	0.0	-42.0	90.0	26.6	-95.1	238.1	1566.0	158.4	-57.3	
99.85	147.8	24.3	-6.2	0.0	-42.2	90.0	19.2	-97.3	242.6	1575.1	-116.8	-63.5	
99.90	147.8	25.2	-4.5	0.0	-41.4	90.0	17.6	-96.2	242.8	1501.0	-247.2	-56.7	
99.95	147.9	25.5	-2.7	0.0	-39.7	90.0	19.6	-92.2	236.9	1393.0	-243.7	-49.2	
100.00	148.0	25.9	-3.3	0.0	-40.1	90.0	16.6	-93.4	236.1	1407.9	-313.7	-51.6	
100.05	148.0	26.0	-3.8	0.0	-41.6	90.0	13.9	-98.1	238.5	1497.3	-358.4	-54.7	
100.10	148.1	25.9	-3.1	0.0	-41.5	90.0	19.4	-96.7	238.6	1517.2	-234.2	-52.2	
100.15	148.1	26.2	-2.2	0.0	-41.4	90.0	28.9	-94.4	238.6	1522.0	-31.6	-48.9	
100.20	148.2	26.6	-2.3	0.0	-42.5	90.0	33.2	-94.2	240.7	1599.5	103.7	-50.6	
100.25	148.2	27.1	-3.2	0.0	-44.1	90.0	29.9	-96.7	241.2	1713.7	155.8	-55.1	
100.30	148.2	27.5	-3.8	0.0	-44.6	90.0	27.3	-97.0	238.8	1743.2	224.4	-57.6	
100.35	148.3	28.0	-4.5	0.0	-45.0	90.0	28.6	-96.8	237.9	1768.2	303.2	-60.6	
100.40	148.3	28.3	-6.1	0.0	-45.9	90.0	29.2	-95.7	241.6	1826.6	328.8	-67.0	
100.45	148.4	28.1	-7.6	0.0	-47.8	90.0	30.7	-98.7	245.1	1941.4	425.0	-74.0	
100.50	148.4	27.6	-7.0	0.0	-49.2	90.0	32.9	-101.0	243.4	1993.6	623.3	-73.1	
100.55	148.5	27.1	-6.9	0.0	-49.7	90.0	38.7	-99.5	241.8	1942.7	860.4	-73.3	
100.60	148.5	27.1	-6.1	0.0	-49.2	90.0	44.4	-93.5	245.0	1833.4	1011.8	-70.2	
100.65	148.6	27.0	-5.5	0.0	-47.8	90.0	50.1	-85.5	248.6	1662.7	1106.2	-66.8	
100.70	148.7	27.2	-5.1	0.0	-46.8	90.0	54.1	-83.3	247.1	1511.6	1192.1	-64.3	
100.75	148.7	27.9	-6.3	0.0	-46.8	90.0	52.0	-87.5	244.8	1500.5	1199.9	-68.4	
100.80	148.8	28.0	-8.7	0.0	-47.9	90.0	46.2	-95.2	245.6	1639.9	1125.4	-77.9	
100.85	148.9	27.6	-10.6	0.0	-49.3	90.0	44.0	-101.9	246.1	1775.4	1083.4	-85.5	
100.90	149.0	26.7	-10.8	0.0	-49.9	90.0	46.5	-102.9	244.7	1813.6	1106.1	-87.0	
100.95	149.0	26.9	-9.8	0.0	-49.9	90.0	45.7	-101.4	243.5	1831.7	1080.7	-83.6	
101.00	149.1	27.0	-11.7	0.0	-48.9	90.0	40.5	-98.4	243.4	1823.7	979.1	-89.2	
101.05	149.1	27.0	-10.8	0.0	-48.0	90.0	39.3	-95.4	241.5	1773.5	951.9	-85.1	
101.10	149.2	27.1	-8.0	0.0	-47.6	90.0	43.3	-95.2	238.7	1709.1	991.6	-75.1	
101.15	149.3	26.9	-8.7	0.0	-46.3	90.0	43.5	-94.0	240.8	1661.9	882.8	-76.3	
101.20	149.3	26.7	-9.9	0.0	-45.1	90.0	39.7	-93.2	244.3	1655.3	692.4	-79.0	
101.25	149.4	26.4	-8.8	0.0	-43.8	90.0	39.6	-92.2	241.6	1569.7	649.4	-73.8	
101.30	149.5	27.2	-6.4	0.0	-42.2	90.0	39.7	-89.8	238.7	1460.1	627.4	-64.3	
101.35	149.5	28.3	-6.7	0.0	-40.5	90.0	36.1	-86.0	241.4	1387.2	476.6	-63.5	
101.40	149.6	27.7	-7.3	0.0	-39.2	90.0	32.9	-83.4	243.9	1341.7	311.9	-64.3	
101.45	149.6	26.7	-6.8	0.0	-37.9	90.0	31.7	-81.6	241.7	1270.7	227.1	-61.1	
101.50	149.7	26.1	-5.5	0.0	-37.1	90.0	29.1	-78.0	239.8	1235.3	152.7	-56.0	
101.55	149.7	27.1	-5.4	0.0	-37.5	90.0	23.9	-77.2	242.6	1275.2	8.5	-56.0	
101.60	149.8	27.1	-6.7	0.0	-38.1	90.0	22.7	-80.5	245.6	1310.4	-86.2	-60.9	
101.65	149.8	26.7	-6.4	0.0	-37.8	90.0	24.1	-82.6	244.1	1282.4	-85.0	-59.6	
101.70	149.9	25.9	-6.5	0.0	-36.6	90.0	24.5	-78.9	243.8	1205.2	-77.7	-58.9	
101.75	150.0	26.3	-6.7	0.0	-35.9	90.0	26.4	-76.2	248.1	1152.8	-55.0	-58.8	
101.80	150.0	26.7	-6.1	0.0	-35.4	90.0	33.0	-76.2	249.3	1101.4	106.4	-56.5	
101.85	150.1	26.5	-5.1	0.0	-35.3	90.0	37.4	-73.3	246.4	1061.9	295.1	-52.7	
101.90	150.2	26.3	-6.7	0.0	-35.4	90.0	37.5	-71.8	245.4	1048.1	382.9	-58.2	
101.95	150.2	26.2	-9.9	0.0	-35.4	90.0	37.0	-74.4	248.7	1032.0	411.1	-69.4	
102.00	150.3	26.2	-11.2	0.0	-35.4	90.0	38.6	-74.2	249.4	978.8	511.6	-74.0	
102.05	150.4	26.0	-10.3	0.0	-35.5	90.0	40.8	-67.8	245.2	903.3	676.9	-70.8	
102.10	150.5	25.6	-10.2	0.0	-35.8	90.0	42.6	-61.2	245.3	841.7	803.9	-70.9	
102.15	150.5	24.8	-13.7	0.0	-36.9	90.0	46.8	-62.6	249.1	798.5	943.2	-83.8	
102.20	150.6	24.4	-13.6	0.0	-38.7	90.0	52.0	-65.7	249.0	737.2	1141.3	-85.5	
102.25	150.7	24.3	-13.3	0.0	-41.0	90.0	55.8	-65.1	244.9	702.6	1354.0	-86.5	
102.30	150.8	24.2	-12.5	0.0	-42.6	90.0	58.7	-62.9	244.2	722.4	1484.9	-85.7	
102.35	150.9	24.2	-13.5	0.0	-43.7	90.0	62.6	-64.1	247.7	762.2	1543.3	-90.1	
102.40	150.9	24.4	-14.7	0.0	-43.6	90.0	62.6	-65.9	247.9	784.4	1519.1	-94.0	
102.45	151.0	24.8	-14.9	0.0	-41.8	90.0	56.5	-62.7	244.3	740.1	1406.3	-93.0	
102.50	151.1	25.8	-15.0	0.0	-39.4	90.0	51.0	-60.5	244.8	664.4	1258.3	-90.9	
102.55	151.1	25.9	-14.8	0.0	-38.0	90.0	50.7	-61.2	248.2	644.8	1145.9	-88.9	
102.60	151.2	25.4	-14.5	0.0	-37.0	90.0	49.7	-59.3	249.3	665.0	1052.1	-86.7	
102.65	151.3	25.3	-13.8	0.0	-35.8	90.0	47.9	-56.3	247.5	646.0	975.9	-83.2	
102.70	151.3	25.1	-12.4	0.0	-34.3	90.0	47.7	-55.2	248.7	560.8	894.3	-76.8	
102.75	151.4	25.2	-10.6	0.0	-32.4	90.0	48.2	-54.3	251.5	452.9	787.5	-68.7	
102.80	151.5	26.7	-8.2	0.0	-29.9	90.0	45.8	-48.8	252.0	374.0	635.8	-58.2	
102.85	151.6	27.0	-7.5	0.0	-27.1	90.0	42.2	-42.4	251.3	309.2	452.0	-52.7	
102.90	151.6	26.6	-8.8	0.0	-25.2	90.0	38.4	-43.4	252.2	319.3	258.1	-55.5	
102.95	151.7	26.1	-9.3	0.0	-25.6	90.0	33.5	-51.5	253.7	420.1	66.1	-57.5	
103.00	151.8	26.0	-9.2	0.0	-27.0	90.0	29.7	-56.9	253.3	523.3	-52.7	-58.5	
103.05	151.9	26.3	-9.2	0.0	-27.7	90.0	28.2	-59.8	252.7	562.2	-85.3	-59.3	
103.10	152.0	27.5	-8.5	0.0	-27.2	90.0	31.0	-57.5	252.7	534.9	-15.3	-56.2	
103.15	152.1	27.4	-7.4	0.0	-26.8	90.0	36.0	-51.3	252.9	506.0	108.3	-52.3	
103.20	152.2	27.1	-7.4	0.0	-27.5	90.0	39.5	-51.6	253.8	509.0	231.5	-52.8	
103.25	152.3	27.2	-7.8	0.0	-29.2	90.0	41.1	-58.0	254.0	563.5	355.7	-56.1	
103.30	152.4	27.5	-8.7	0.0	-31.2	90.0	42.0	-60.5	252.7	658.6	480.5	-61.2	
103.35	152.5	27.5	-9.7	0.0	-32.9	90.0	43.1	-56.6	252.0	736.9	598.8	-66.2	
103.40	152.6	27.0	-10.4	0.0	-33.9	90.0	45.5	-55.8	253.1	744.1	705.0	-69.8	
103.45	152.7	27.4	-11.9	0.0	-34.4	90.0	47.8	-56.3	254.1	686.6	806.7	-75.4	
103.50	152.8	27.8	-13.0	0.0	-35.8	90.0	47.7	-56.6	253.5	697.5	926.0	-80.5	
103.55	152.9	28.4	-12.4	0.0	-38.9	90.0	50.9	-58.8	252.7	782.3	1146.4	-81.4	
103.60	153.0	28.7	-11.3	0.0	-42.9	90.0	60.4	-57.8	253.7	845.9	1441.7	-81.7	
103.65	153.1	29.4	-10.5	0.0	-45.6	90.0	67.9	-54.3	256.4	867.7	1647.9	-81.8	
103.70	153.2	30.3	-10.8	0.0	-45.9	90.0	68.5	-49.4	258.6	829.9	1702.5	-82.9	
103.75	153.3	30.5	-11.0	0.0	-45.1	90.0	65.2	-48.0	258.2	773.9	1668.1	-82.7	
103.80	153.4	30.4	-10.0	0.0	-43.5	90.0	60.5	-47.5	257.5	718.6	1581.0	-78.0	
103.85	153.5	30.2	-11.0	0.0	-41.5	90.0	56.8	-44.9	258.0	687.0	1443.1	-79.2	
103.90	153.6	30.1	-12.9	0.0	-39.4	90.0	53.7	-42.1	259.9	676.7	1276.0	-83.8	
103.95	153.8	29.9	-12.2	0.0	-38.7	90.0	51.6	-46.3	260.9	759.4	1159.6	-80.6	
104.00	153.9	29.8	-12.1	0.0	-38.9	90.0	49.8	-52.3	260.9	895.5	1070.6	-80.5	
104.05	154.0	29.8	-10.9	0.0	-38.7	90.0	49.0	-51.9	260.8	967.8	987.3	-76.0	
104.10	154.1	29.4	-7.3	0.0	-36.9	90.0	49.3	-45.6	261.8	892.3	887.6	-61.8	
104.15	154.2	28.8	-5.5	0.0	-33.2	90.0	47.8	-38.0	263.9	689.8	717.0	-52.0	
104.20	154.3	28.1	-4.7	0.0	-29.2	90.0	40.7	-34.7	263.7	548.6	452.9	-45.4	
104.25	154.4	28.6	-5.0	0.0	-26.4	90.0	31.3	-33.0	260.3	494.2	183.2	-43.6	
104.30	154.6	28.7	-4.5	0.0	-25.5	90.0	25.5	-36.2	258.9	461.1	-20.6	-41.0	
104.35	154.7	28.5	-3.7	0.0	-25.8	90.0	23.1	-43.1	260.8	442.0	-171.5	-38.6	
104.40	154.8	29.0	-6.1	0.0	-26.1	90.0	19.2	-42.9	260.0	409.6	-292.1	-47.1	
104.45	155.0	28.9	-5.7	0.0	-25.4	90.0	17.5	-37.5	257.1	347.6	-312.5	-44.9	
104.50	155.1	28.4	-3.6	0.0	-23.7	90.0	22.4	-33.8	257.5	256.3	-220.0	-36.0	
104.55	155.2	28.2	-2.3	0.0	-22.2	90.0	29.2	-32.6	260.8	196.6	-87.3	-30.1	
104.60	155.4	27.9	-1.6	0.0	-22.1	90.0	30.8	-30.8	260.6	204.9	17.5	-27.6	
104.65	155.5	27.7	-2.5	0.0	-22.8	90.0	29.6	-31.3	258.1	244.6	97.0	-31.4	
104.70	155.6	27.7	-3.2	0.0	-24.7	90.0	30.7	-38.2	258.5	337.1	196.4	-35.7	
104.75	155.8	27.7	-5.5	0.0	-26.7	90.0	33.6	-41.6	261.1	426.0	304.4	-45.4	
104.80	155.9	27.4	-8.8	0.0	-27.1	90.0	31.3	-38.7	262.5	427.2	370.6	-57.2	
104.85	156.0	26.7	-8.6	0.0	-27.4	90.0	30.3	-35.2	260.2	329.7	499.7	-56.8	
104.90	156.2	26.0	-7.2	0.0	-28.8	90.0	34.0	-33.0	260.2	189.5	676.1	-53.5	
104.95	156.3	26.0	-7.2	0.0	-31.0	90.0	40.3	-29.4	263.2	107.0	855.5	-55.8	
105.00	156.5	27.1	-6.4	0.0	-33.7	90.0	46.1	-25.7	264.7	89.5	1052.1	-55.6	
105.05	156.6	27.3	-5.3	0.0	-37.1	90.0	54.0	-28.4	264.1	125.9	1285.2	-55.4	
105.10	156.8	26.9	-6.0	0.0	-38.8	90.0	58.2	-33.4	265.5	151.7	1392.6	-59.3	
105.15	156.9	26.0	-8.7	0.0	-37.9	90.0	55.7	-31.1	268.2	94.8	1337.7	-67.9	
105.20	157.1	26.0	-9.6	0.0	-36.6	90.0	52.5	-25.3	267.5	-13.6	1255.2	-69.5	
105.25	157.3	26.0	-9.5	0.0	-35.6	90.0	50.9	-26.7	267.5	-63.2	1182.1	-68.4	
105.30	157.4	26.1	-10.9	0.0	-34.3	90.0	47.6	-34.0	269.1	-24.7	1083.1	-71.7	
105.35	157.6	25.5	-13.3	0.0	-32.9	90.0	41.6	-38.1	268.4	77.0	980.9	-78.6	
105.40	157.7	25.5	-13.1	0.0	-32.4	90.0	38.4	-37.8	264.1	167.5	943.2	-77.3	
105.45	157.9	26.1	-10.7	0.0	-32.7	90.0	42.4	-35.6	263.5	192.0	955.2	-69.6	
105.50	158.1	27.6	-9.4	0.0	-32.1	90.0	46.2	-37.2	266.9	201.6	892.0	-64.4	
105.55	158.2	28.3	-9.1	0.0	-29.6	90.0	41.9	-37.6	268.4	208.7	703.3	-61.0	
105.60	158.4	28.4	-8.7	0.0	-27.2	90.0	36.0	-37.0	265.9	208.3	528.8	-57.2	
105.65	158.6	28.0	-6.9	0.0	-25.7	90.0	34.6	-35.6	264.4	179.6	424.3	-49.3	
105.70	158.7	28.3	-5.0	0.0	-24.4	90.0	35.8	-34.7	266.9	142.7	332.0	-41.7	
105.75	158.9	28.5	-5.5	0.0	-22.9	90.0	34.8	-36.1	268.5	114.7	217.6	-41.7	
105.80	159.0	28.0	-6.0	0.0	-21.5	90.0	31.4	-34.6	266.9	49.1	141.2	-42.2	
105.85	159.2	27.3	-4.2	0.0	-21.1	90.0	28.7	-30.4	263.0	-30.7	132.5	-35.4	
105.90	159.4	26.9	-3.7	0.0	-20.6	90.0	25.7	-28.4	262.6	-70.8	77.4	-33.2	
105.95	159.5	27.2	-5.2	0.0	-20.3	90.0	21.9	-30.3	265.7	-54.6	-69.4	-38.2	
106.00	159.7	27.2	-6.9	0.0	-21.8	90.0	19.4	-32.4	267.6	4.5	-193.8	-45.5	
106.05	159.8	27.4	-6.6	0.0	-22.2	90.0	19.5	-32.7	267.0	118.3	-190.1	-44.9	
106.10	160.0	28.0	-5.4	0.0	-22.6	90.0	22.7	-32.5	267.1	236.5	-85.5	-41.2	
106.15	160.1	27.6	-5.1	0.0	-23.5	90.0	27.5	-34.3	269.6	307.7	31.8	-41.1	
106.20	160.3	27.4	-5.9	0.0	-24.2	90.0	32.0	-35.7	271.4	310.1	151.8	-44.3	
106.25	160.5	27.2	-5.0	0.0	-25.0	90.0	34.7	-33.9	271.0	277.4	294.3	-42.1	
106.30	160.6	26.4	-4.7	0.0	-26.6	90.0	37.8	-32.6	269.9	263.5	447.5	-42.7	
106.35	160.8	26.6	-6.1	0.0	-27.0	90.0	37.6	-32.6	270.6	246.8	494.6	-47.8	
106.40	160.9	27.7	-8.1	0.0	-26.4	90.0	35.6	-31.6	271.4	197.8	477.9	-54.2	
106.45	161.1	28.0	-8.6	0.0	-26.2	90.0	34.1	-32.4	271.2	144.9	478.0	-55.7	
106.50	161.2	27.9	-9.2	0.0	-26.6	90.0	34.2	-32.0	271.7	99.3	519.9	-58.1	
106.55	161.4	27.4	-9.9	0.0	-27.8	90.0	36.6	-28.1	273.2	69.2	616.0	-61.6	
106.60	161.6	26.8	-7.4	0.0	-30.6	90.0	43.0	-22.9	272.3	20.3	827.3	-55.9	
106.65	161.7	26.7	-4.8	0.0	-33.8	90.0	50.3	-22.1	271.0	-51.0	1050.0	-50.4	
106.70	161.9	27.2	-5.7	0.0	-35.2	90.0	54.0	-23.2	272.5	-117.5	1143.5	-54.8	
106.75	162.1	28.1	-7.5	0.0	-35.6	90.0	55.0	-24.2	273.2	-115.5	1163.7	-61.4	
106.80	162.2	28.4	-8.5	0.0	-36.0	90.0	56.6	-28.1	272.3	-4.2	1197.1	-65.1	
106.85	162.4	28.4	-9.4	0.0	-35.7	90.0	55.0	-31.6	272.1	100.2	1168.7	-68.0	
106.90	162.5	28.1	-11.1	0.0	-33.7	90.0	48.2	-29.9	271.1	85.2	1033.4	-71.8	
106.95	162.7	28.1	-11.6	0.0	-31.6	90.0	43.4	-27.0	270.9	-31.4	897.1	-71.5	
107.00	162.8	28.3	-10.2	0.0	-31.1	90.0	43.4	-23.4	270.8	-170.8	847.7	-66.1	
107.05	163.0	28.4	-7.5	0.0	-31.4	90.0	45.1	-16.9	270.8	-232.7	861.9	-57.1	
107.10	163.1	28.5	-6.2	0.0	-31.9	90.0	48.1	-13.7	271.8	-192.3	900.3	-53.3	
107.15	163.3	28.4	-5.5	0.0	-32.0	90.0	50.7	-13.9	273.7	-164.1	907.3	-50.8	
107.20	163.4	27.5	-4.7	0.0	-31.1	90.0	49.9	-16.3	274.4	-213.7	827.2	-47.3	
107.25	163.6	27.2	-5.8	0.0	-29.3	90.0	46.3	-16.8	275.4	-311.8	655.5	-49.1	
107.30	163.7	27.0	-7.5	0.0	-27.4	90.0	40.9	-13.2	276.2	-396.3	448.3	-53.2	
107.35	163.9	26.6	-6.3	0.0	-27.2	90.0	37.7	-5.6	275.0	-502.8	320.1	-48.8	
107.40	164.0	27.2	-2.6	0.0	-28.5	90.0	35.8	2.0	273.2	-664.8	240.6	-37.6	
107.45	164.2	27.5	-0.9	0.0	-29.2	90.0	33.1	1.3	274.9	-746.5	153.2	-32.2	
107.50	164.4	27.0	-2.4	0.0	-28.9	90.0	30.6	-0.4	276.8	-746.5	92.1	-37.3	
107.55	164.5	27.0	-2.4	0.0	-28.3	90.0	33.6	0.7	275.9	-676.1	176.3	-36.7	
107.60	164.7	27.2	-1.2	0.0	-28.4	90.0	41.6	1.7	276.3	-575.2	362.1	-32.6	
107.65	164.9	27.8	-1.6	0.0	-28.3	90.0	45.4	-4.9	279.4	-463.9	466.3	-33.7	
107.70	165.0	27.6	-3.5	0.0	-27.4	90.0	41.7	-11.8	278.0	-395.9	449.3	-39.3	
107.75	165.2	26.9	-5.6	0.0	-27.2	90.0	38.3	-14.4	274.3	-402.2	429.6	-46.2	
107.80	165.4	26.0	-7.4	0.0	-28.1	90.0	39.4	-10.5	275.4	-484.1	451.4	-53.4	
107.85	165.6	26.4	-7.2	0.0	-29.5	90.0	41.2	-2.8	278.6	-575.8	496.6	-54.2	
107.90	165.7	27.1	-6.3	0.0	-31.3	90.0	40.6	3.1	278.0	-699.5	563.9	-52.9	
107.95	165.9	27.8	-5.6	0.0	-33.4	90.0	41.4	1.1	275.9	-802.7	692.7	-52.7	
108.00	166.1	27.2	-6.3	0.0	-35.0	90.0	46.0	-3.1	276.6	-796.0	856.2	-56.7	
108.05	166.2	27.2	-6.9	0.0	-36.5	90.0	52.9	-1.5	277.9	-713.8	1039.1	-60.2	
108.10	166.4	27.1	-6.4	0.0	-38.6	90.0	60.4	-0.1	278.9	-664.0	1222.6	-60.5	
108.15	166.5	26.0	-6.3	0.0	-39.5	90.0	62.4	-3.9	279.7	-669.3	1289.5	-60.9	
108.20	166.7	26.5	-7.6	0.0	-38.1	90.0	55.0	-5.6	278.7	-696.1	1177.8	-64.3	
108.25	166.8	27.4	-8.7	0.0	-36.4	90.0	47.9	-2.7	277.9	-730.6	1034.3	-66.4	
108.30	167.0	28.2	-8.3	0.0	-36.1	90.0	49.1	-1.1	280.6	-740.2	988.7	-64.6	
108.35	167.1	27.2	-8.1	0.0	-35.8	90.0	52.0	-2.1	283.2	-680.3	997.2	-63.6	
108.40	167.3	26.4	-8.4	0.0	-34.8	90.0	48.9	-4.2	280.5	-591.4	973.0	-63.6	
108.45	167.4	26.2	-7.8	0.0	-34.6	90.0	46.9	-6.4	278.1	-590.9	962.7	-61.3	
108.50	167.6	25.4	-5.6	0.0	-35.8	90.0	50.1	-6.3	281.2	-713.3	972.6	-55.0	
108.55	167.7	25.2	-3.2	0.0	-37.0	90.0	53.5	2.9	283.5	-853.5	963.2	-47.8	
108.60	167.9	25.7	-1.5	0.0	-37.1	90.0	52.9	13.7	282.0	-935.5	899.8	-42.1	
108.65	168.0	26.1	-1.3	0.0	-36.2	90.0	49.0	13.5	281.9	-973.2	764.5	-40.7	
108.70	168.2	26.6	-1.5	0.0	-34.7	90.0	42.0	6.7	283.1	-997.6	570.0	-40.0	
108.75	168.3	27.0	-1.8	0.0	-33.8	90.0	35.9	4.8	281.6	-1015.9	414.5	-40.0	
108.80	168.5	27.0	-1.6	0.0	-34.1	90.0	34.8	11.6	279.7	-1065.8	358.6	-39.7	
108.85	168.7	26.3	-0.1	0.0	-34.5	90.0	38.2	14.4	281.7	-1076.3	381.3	-35.0	
108.90	168.8	25.5	0.3	0.0	-34.4	90.0	41.2	10.6	281.9	-1032.8	443.9	-33.3	
108.95	169.0	26.0	0.3	0.0	-33.3	90.0	38.0	7.3	278.7	-958.0	449.6	-32.3	
109.00	169.1	25.4	-0.4	0.0	-32.2	90.0	35.7	6.3	278.8	-880.0	433.3	-33.6	
109.05	169.3	24.9	-0.6	0.0	-32.1	90.0	41.6	5.3	282.0	-813.1	496.7	-34.3	
109.10	169.4	25.3	-0.8	0.0	-31.8	90.0	44.6	6.8	283.0	-754.7	526.8	-34.4	
109.15	169.6	25.5	-2.1	0.0	-29.9	90.0	38.8	6.6	280.7	-652.2	451.5	-37.1	
109.20	169.7	25.5	-3.6	0.0	-28.5	90.0	32.9	2.6	279.8	-603.1	371.5	-40.8	
109.25	169.9	25.1	-2.2	0.0	-29.6	90.0	35.4	-1.3	281.9	-660.6	420.3	-37.2	
109.30	170.0	24.7	0.5	0.0	-32.0	90.0	40.3	5.0	282.8	-781.1	541.2	-30.2	
109.35	170.1	24.3	0.6	0.0	-33.7	90.0	40.8	18.5	282.4	-875.7	614.8	-31.7	
109.40	170.3	24.1	-0.6	0.0	-34.4	90.0	40.4	21.6	283.0	-900.0	662.1	-36.5	
109.45	170.4	22.8	-0.2	0.0	-34.7	90.0	41.1	14.9	283.9	-893.0	712.9	-35.2	
109.50	170.6	22.7	-0.2	0.0	-33.9	90.0	40.9	10.8	283.7	-808.0	732.5	-34.5	
109.55	170.7	23.4	-3.0	0.0	-32.6	90.0	40.9	12.6	284.7	-663.0	734.8	-42.9	
109.60	170.8	23.6	-4.0	0.0	-32.5	90.0	43.4	13.7	286.1	-574.6	780.3	-46.2	
109.65	171.0	23.9	-3.1	0.0	-33.2	90.0	43.9	13.9	285.8	-613.4	821.9	-43.8	
109.70	171.1	24.1	-1.6	0.0	-34.2	90.0	42.4	17.1	284.8	-691.7	850.5	-39.6	
109.75	171.3	24.2	-1.5	0.0	-35.1	90.0	44.2	18.0	286.2	-699.9	927.9	-40.2	
109.80	171.4	24.1	-2.4	0.0	-36.3	90.0	50.9	12.4	288.0	-590.7	1088.0	-44.4	
109.85	171.5	23.9	-4.1	0.0	-36.6	90.0	53.1	6.9	286.3	-416.4	1185.3	-50.6	
109.90	171.7	23.7	-7.2	0.0	-35.4	90.0	48.4	6.9	282.5	-332.1	1134.5	-60.2	
109.95	171.8	23.4	-7.9	0.0	-34.3	90.0	45.1	9.3	282.1	-424.5	1024.2	-61.6	
