Time[s]	Rotor azimuth angle[deg]	Hub wind speed magnitude[m/s]	ACTTORQUE1[Nm]	PITRAT1[deg/s]	PITFRIC1[kNm]	PITCH1[deg]	Blade root 1 Fx[KN]	Blade root 1 Fy[KN]	Blade root 1 Fz[KN]	Blade root 1 Mx[kNm]	Blade root 1 My[kNm]	Blade root 1 Mz[kNm]	
END_OF_HEADER
50.00	281.0	21.9	12.0	0.1	-159.4	22.4	251.6	181.8	660.9	-4340.4	8462.0	-115.7	
50.05	283.8	21.9	15.5	0.0	-154.3	22.4	241.3	172.0	643.8	-3979.3	8275.4	-99.3	
50.10	286.5	22.1	20.7	0.0	-146.4	22.4	221.9	171.2	623.7	-3488.6	7912.6	-74.2	
50.15	289.2	22.1	26.2	0.0	-139.1	22.4	210.5	173.7	610.1	-3114.3	7506.5	-48.3	
50.20	292.0	22.3	28.9	0.0	-133.8	22.4	211.9	180.9	602.0	-2784.2	7197.2	-33.8	
50.25	294.7	22.6	30.5	0.1	-130.2	22.4	212.5	174.7	590.6	-2482.1	7035.8	-36.7	
50.30	297.5	22.8	23.9	0.1	-127.5	22.4	205.4	157.6	570.7	-2351.9	6929.6	-46.3	
50.35	300.2	23.6	-56.9	-0.1	121.8	22.4	192.1	155.4	556.8	-2346.4	6524.3	-48.6	
50.40	303.0	23.6	-53.1	-0.4	111.0	22.4	171.0	161.9	554.6	-2371.1	5676.8	-36.9	
50.45	305.8	23.0	-43.0	-0.5	101.5	22.4	151.8	157.2	550.0	-2460.1	4899.6	-23.0	
50.50	308.6	23.5	-36.0	-0.5	95.6	22.3	140.0	146.5	537.9	-2423.5	4481.3	-28.3	
50.55	311.3	24.3	-32.2	-0.3	92.8	22.3	132.6	125.5	518.6	-2384.7	4345.8	-41.4	
50.60	314.1	25.3	-33.6	-0.1	90.0	22.3	121.0	104.9	496.8	-2488.9	4136.9	-50.5	
50.65	317.0	25.4	-31.5	-0.1	110.6	22.3	106.3	151.9	476.9	-4798.1	4130.0	-7.4	
50.70	319.8	25.3	-49.0	-0.1	104.8	22.3	105.3	134.3	470.1	-4463.2	3916.7	-65.9	
50.75	322.5	25.2	-72.5	-0.0	102.6	22.3	152.2	174.9	473.7	-3867.0	4035.0	-147.9	
50.80	325.4	25.2	24.5	0.5	-104.7	22.3	131.8	92.5	479.4	-4533.2	3855.3	-86.9	
50.85	328.2	25.1	7.8	0.9	-102.5	22.3	151.6	156.4	477.0	-3893.8	4054.8	-125.2	
50.90	331.0	25.0	-11.5	1.2	-110.3	22.4	202.2	141.3	478.8	-3801.0	4795.3	-186.4	
50.95	333.9	25.0	-5.8	1.4	-120.1	22.4	203.3	40.3	484.2	-4476.2	5356.9	-167.4	
51.00	336.7	24.8	-18.5	1.5	-120.4	22.5	219.1	94.7	477.9	-3779.0	5786.1	-204.3	
51.05	339.5	24.9	-19.2	1.7	-120.7	22.6	228.1	74.1	469.3	-3644.1	5907.9	-201.8	
51.10	342.4	25.5	-11.5	1.7	-107.5	22.7	189.0	42.2	468.3	-3241.3	5134.5	-158.2	
51.15	345.2	26.9	-20.6	1.8	-88.2	22.8	163.2	87.4	476.4	-2115.4	4118.7	-167.5	
51.20	348.1	28.0	-18.1	1.9	-79.7	22.9	149.4	20.0	478.1	-2302.5	3375.4	-148.2	
51.25	351.0	28.1	-12.8	1.9	-69.4	23.0	126.8	7.2	475.8	-2222.4	2546.9	-117.9	
51.30	353.9	27.4	-14.6	1.9	-57.9	23.0	118.5	52.0	481.1	-1748.7	1786.6	-111.5	
51.35	356.7	27.1	-6.1	1.9	-57.7	23.1	104.1	23.1	492.5	-2351.3	970.5	-81.5	
51.40	359.6	27.5	-1.7	2.0	-54.0	23.2	83.2	51.6	501.7	-2276.4	53.6	-61.8	
51.45	2.5	26.8	-1.2	2.0	-47.5	23.3	64.5	37.6	507.5	-1710.3	-703.4	-53.1	
51.50	5.4	26.3	-5.2	2.0	-45.9	23.4	43.4	-58.8	512.2	-1113.7	-1322.8	-64.9	
51.55	8.3	26.1	-13.2	2.0	-46.9	23.5	38.6	-68.5	515.8	295.0	-1763.1	-93.0	
51.60	11.3	26.0	-8.2	2.0	-55.6	23.6	44.3	-88.8	514.0	1421.0	-1920.3	-84.5	
51.65	14.2	26.0	-6.9	2.0	-66.4	23.7	42.4	-142.4	507.7	2312.2	-2012.2	-90.5	
51.70	17.0	26.0	-8.8	2.0	-79.9	23.8	53.0	-154.0	509.3	3465.6	-2079.3	-110.5	
51.75	20.0	26.5	4.9	2.0	-84.4	23.9	67.8	-190.0	515.2	3676.9	-2161.6	-67.7	
51.80	22.8	26.9	18.6	2.0	-85.4	24.0	58.0	-189.9	520.9	3527.6	-2537.7	-21.7	
51.85	25.7	27.1	30.9	2.0	-88.2	24.1	38.6	-136.2	525.6	3502.1	-3171.5	17.8	
51.90	28.6	27.6	50.7	2.0	-90.1	24.2	21.2	-143.6	526.6	2975.2	-3831.7	83.9	
51.95	31.5	28.1	53.8	2.0	-97.8	24.3	-9.0	-149.2	535.4	2894.4	-4576.9	86.7	
52.00	34.4	28.6	45.7	2.0	-104.5	24.4	-23.7	-155.4	547.4	3209.4	-4943.3	52.2	
52.05	37.4	28.3	39.2	2.0	-106.3	24.5	-16.5	-200.6	549.5	3329.0	-4872.4	28.1	
52.10	40.3	27.9	28.2	2.0	-109.6	24.6	-23.7	-205.0	553.9	3691.1	-4899.3	-12.7	
52.15	43.2	27.4	23.0	2.0	-110.3	24.7	-23.7	-210.3	569.9	3804.9	-4842.6	-31.5	
52.20	46.2	26.7	20.1	2.0	-105.0	24.8	4.9	-234.2	587.4	3569.5	-4408.2	-36.2	
52.25	49.1	25.9	6.3	2.0	-97.3	24.9	19.5	-214.1	595.6	3441.4	-3823.4	-75.8	
52.30	52.0	25.6	3.0	2.0	-86.9	25.0	19.0	-204.5	595.2	2849.4	-3330.5	-76.5	
52.35	55.0	26.3	9.4	2.0	-81.8	25.1	34.2	-213.2	599.6	2425.0	-3134.6	-49.6	
52.40	57.9	27.1	7.3	2.0	-87.0	25.2	37.9	-206.6	617.1	2837.2	-3306.5	-62.0	
52.45	60.8	27.2	5.7	2.0	-94.6	25.3	25.5	-223.0	636.4	3230.3	-3653.8	-75.2	
52.50	63.7	26.4	6.6	2.0	-102.2	25.4	24.1	-239.6	648.6	3536.3	-4070.3	-79.5	
52.55	66.6	26.8	10.2	2.0	-108.5	25.5	5.5	-241.4	659.7	3653.1	-4583.1	-73.4	
52.60	69.5	26.5	18.4	2.0	-114.8	25.6	-25.4	-256.4	678.0	3531.3	-5187.5	-51.7	
52.65	72.4	25.8	24.8	2.0	-119.4	25.7	-24.3	-245.1	693.1	3673.7	-5542.0	-34.1	
52.70	75.3	26.9	30.4	2.0	-122.9	25.8	-31.5	-224.3	704.9	3843.6	-5807.2	-18.5	
52.75	78.1	26.7	40.2	2.0	-124.7	25.9	-48.8	-230.2	717.7	3782.2	-5965.3	13.3	
52.80	81.0	25.8	43.9	2.0	-125.3	26.0	-37.2	-228.7	738.9	3904.8	-5931.5	25.3	
52.85	83.9	25.7	36.5	2.0	-125.8	26.1	-29.7	-243.2	758.9	4150.9	-5743.2	-0.7	
52.90	86.8	25.0	31.2	2.0	-130.1	26.2	-48.5	-267.0	772.5	4495.9	-5776.0	-23.1	
52.95	89.7	24.5	31.8	2.0	-137.4	26.3	-53.0	-266.1	788.0	5044.9	-6031.5	-28.3	
53.00	92.6	25.4	35.6	2.0	-145.4	26.4	-64.6	-274.4	805.3	5462.8	-6412.5	-23.0	
53.05	95.4	25.8	37.0	2.0	-153.9	26.5	-81.7	-299.9	818.0	5993.0	-6680.9	-27.0	
53.10	98.3	26.1	34.6	2.0	-156.2	26.6	-67.0	-300.5	820.7	6398.3	-6548.0	-37.5	
53.15	101.2	26.3	38.9	2.0	-152.8	26.7	-42.4	-303.3	819.6	6430.6	-6161.3	-19.2	
53.20	104.1	27.2	44.2	2.0	-153.3	26.8	-34.1	-308.1	831.8	6583.3	-6022.5	-1.6	
53.25	107.0	27.4	51.0	2.0	-155.3	26.9	-24.7	-298.6	848.2	6735.4	-6101.4	19.8	
53.30	109.8	26.8	63.3	2.0	-153.6	27.0	-36.9	-282.7	849.9	6351.2	-6376.2	63.8	
53.35	112.6	25.9	74.8	2.0	-154.7	27.1	-72.8	-258.6	848.9	6019.4	-6875.7	102.0	
53.40	115.5	25.8	77.0	2.0	-159.5	27.2	-82.8	-258.6	859.4	6095.9	-7268.2	104.8	
53.45	118.4	26.2	71.1	2.0	-162.6	27.3	-65.0	-286.6	875.5	6290.8	-7306.2	81.5	
53.50	121.2	26.8	61.8	2.0	-160.9	27.4	-58.3	-279.1	884.1	6247.0	-7200.2	51.3	
53.55	124.1	27.7	55.1	2.0	-152.0	27.5	-55.4	-259.3	876.5	5607.0	-6939.0	37.2	
53.60	126.9	28.3	52.1	2.0	-140.5	27.6	-57.7	-243.9	866.5	4590.0	-6676.5	38.2	
53.65	129.8	27.8	46.6	2.0	-133.8	27.7	-68.1	-219.5	877.1	3828.1	-6621.0	26.2	
53.70	132.6	27.6	41.9	2.0	-128.5	27.8	-64.3	-204.4	900.9	3196.0	-6534.8	15.1	
53.75	135.4	27.5	35.7	2.0	-121.1	27.9	-50.0	-181.6	915.7	2594.2	-6256.9	1.4	
53.80	138.1	27.5	25.5	2.0	-112.9	28.0	-38.4	-159.1	919.5	2358.1	-5755.9	-25.5	
53.85	140.9	27.3	11.8	2.0	-105.6	28.1	-16.4	-173.8	927.2	2327.6	-5126.2	-65.1	
53.90	143.7	27.2	1.5	2.0	-101.7	28.2	3.3	-188.3	942.5	2270.8	-4775.8	-96.6	
53.95	146.5	27.0	3.4	2.0	-99.7	28.3	-0.4	-170.5	950.6	1962.4	-4793.3	-88.1	
54.00	149.2	26.2	13.4	2.0	-96.8	28.4	-13.9	-136.7	946.1	1410.1	-4858.7	-50.8	
54.05	152.0	26.1	22.3	2.0	-94.6	28.5	-21.1	-108.3	943.5	1045.5	-4862.8	-18.2	
54.10	154.7	26.1	25.2	2.0	-93.5	28.6	-18.9	-107.9	957.7	1026.9	-4774.8	-6.9	
54.15	157.5	26.1	23.3	2.0	-91.8	28.7	-4.6	-117.5	977.5	1123.8	-4584.1	-11.8	
54.20	160.2	26.4	21.1	2.0	-90.2	28.8	4.4	-107.1	983.8	1093.7	-4490.2	-17.6	
54.25	163.0	26.7	22.4	2.0	-90.6	28.9	-4.0	-97.8	977.2	1174.6	-4530.6	-13.8	
54.30	165.7	26.7	24.6	2.0	-90.6	29.0	-12.8	-91.9	971.1	1308.9	-4514.6	-6.1	
54.35	168.4	28.0	26.7	2.0	-85.6	29.1	-5.2	-76.9	974.7	1170.6	-4208.6	6.1	
54.40	171.2	28.7	26.4	2.0	-78.1	29.2	5.9	-66.9	978.2	833.7	-3731.6	12.5	
54.45	173.9	28.8	22.3	2.0	-70.2	29.3	15.4	-65.1	970.2	644.9	-3168.5	6.5	
54.50	176.6	28.5	12.4	2.0	-63.7	29.4	26.4	-66.6	959.3	764.3	-2629.4	-21.2	
54.55	179.3	28.3	7.2	2.0	-60.4	29.5	38.7	-66.8	958.6	985.2	-2263.8	-35.7	
54.60	182.0	28.0	4.7	2.0	-59.7	29.6	49.5	-62.9	962.7	1204.9	-2087.2	-43.8	
54.65	184.7	27.5	0.4	2.0	-59.2	29.7	47.9	-55.6	958.2	1238.7	-2043.0	-57.9	
54.70	187.4	27.7	-1.7	2.0	-56.9	29.8	37.0	-53.3	942.3	1050.1	-1994.0	-62.8	
54.75	190.1	28.1	1.2	2.0	-53.7	29.9	29.1	-42.6	928.4	749.2	-1923.6	-49.7	
54.80	192.7	28.0	5.9	2.0	-49.5	30.0	30.2	-18.3	923.8	371.3	-1755.9	-29.3	
54.85	195.3	27.8	9.8	2.0	-44.0	30.1	42.3	11.2	916.0	58.0	-1362.3	-10.3	
54.90	197.9	27.8	11.0	2.0	-38.2	30.2	56.5	26.7	903.4	-66.5	-870.9	-0.5	
54.95	200.5	28.4	3.5	2.0	-33.1	30.3	65.1	24.4	894.4	-67.2	-472.9	-21.0	
55.00	203.1	28.9	1.6	2.0	-32.8	30.4	67.2	32.3	890.9	-351.6	-259.3	-27.2	
55.05	205.7	29.0	5.7	2.0	-38.6	30.5	71.8	57.6	884.2	-835.6	-20.6	-19.1	
55.10	208.3	28.7	4.3	2.0	-43.6	30.6	73.1	77.6	873.9	-1145.9	265.4	-28.9	
55.15	210.9	28.1	-0.1	2.0	-49.4	30.7	75.8	84.3	861.3	-1472.8	638.5	-49.7	
55.20	213.5	27.4	-2.3	2.0	-58.0	30.8	85.8	89.8	846.2	-1965.8	1063.0	-65.9	
55.25	216.1	26.5	-4.1	2.0	-66.1	30.9	96.2	97.4	832.3	-2433.4	1434.7	-80.2	
55.30	218.6	25.1	-9.3	2.0	-70.0	31.0	98.4	96.8	820.9	-2686.3	1597.7	-101.8	
55.35	221.2	24.0	-15.0	2.0	-71.2	31.1	97.9	98.7	804.2	-2781.3	1642.1	-122.7	
55.40	223.7	23.4	-15.0	2.0	-74.1	31.2	89.2	121.7	787.1	-3048.1	1562.2	-125.7	
55.45	226.3	23.9	-9.7	2.0	-80.4	31.3	82.2	146.7	777.2	-3558.0	1495.4	-113.9	
55.50	228.8	23.4	-4.8	2.0	-85.8	31.4	85.7	164.8	769.6	-3933.2	1525.3	-102.3	
55.55	231.3	22.7	-1.8	2.0	-88.9	31.5	89.1	175.9	758.8	-4137.1	1578.0	-95.1	
55.60	233.8	23.0	6.0	2.0	-93.2	31.6	86.0	184.2	744.3	-4494.4	1540.6	-72.5	
55.65	236.3	22.7	15.5	2.0	-97.7	31.7	84.8	209.8	730.9	-4835.0	1389.3	-44.3	
55.70	238.8	22.2	18.8	2.0	-98.8	31.8	83.9	228.9	723.0	-4933.1	1169.7	-34.3	
55.75	241.3	22.0	12.5	2.0	-94.6	31.9	81.4	208.0	717.7	-4727.0	926.2	-51.8	
55.80	243.9	22.4	2.1	2.0	-87.9	32.0	77.6	175.3	706.6	-4375.0	596.1	-80.8	
55.85	246.4	22.8	-2.4	2.0	-86.2	32.1	66.3	165.4	689.3	-4331.6	178.1	-94.6	
55.90	248.8	22.5	-0.3	2.0	-89.4	32.2	46.3	178.6	671.4	-4560.0	-338.7	-90.5	
55.95	251.3	22.7	3.3	2.0	-92.4	32.3	26.9	191.7	652.5	-4706.0	-884.5	-80.9	
56.00	253.7	23.2	6.1	2.0	-92.2	32.4	16.9	187.8	629.9	-4641.5	-1249.2	-71.2	
56.05	256.1	23.9	10.3	2.0	-91.0	32.5	19.1	185.0	610.3	-4519.7	-1425.2	-55.8	
56.10	258.5	24.3	16.4	2.0	-90.6	32.6	28.4	188.3	593.9	-4464.2	-1503.3	-34.4	
56.15	260.9	24.5	21.6	2.0	-89.5	32.7	34.0	193.8	572.5	-4361.9	-1519.3	-15.3	
56.20	263.2	24.3	27.5	2.0	-87.1	32.8	27.4	200.7	546.6	-4117.8	-1661.3	7.3	
56.25	265.6	24.3	35.4	2.0	-86.3	32.9	19.8	197.1	526.5	-3959.0	-1952.2	35.3	
56.30	267.9	24.7	43.8	2.0	-90.1	33.0	13.0	205.5	513.2	-4061.1	-2343.1	60.1	
56.35	270.3	26.0	47.0	2.0	-95.4	33.1	3.1	225.6	497.2	-4293.0	-2637.5	65.8	
56.40	272.6	25.7	43.5	2.0	-96.2	33.2	-2.6	209.6	478.4	-4392.6	-2721.2	53.1	
56.45	275.0	25.3	36.4	2.0	-92.4	33.3	4.3	185.4	460.2	-4251.2	-2560.7	32.5	
56.50	277.3	25.4	30.8	2.0	-89.3	33.4	20.3	178.8	447.0	-4181.3	-2267.6	16.4	
56.55	279.7	24.6	26.2	2.0	-89.5	33.5	38.3	176.4	436.5	-4377.0	-1908.7	0.5	
56.60	282.0	23.9	19.5	2.0	-90.5	33.6	46.5	181.7	418.1	-4565.7	-1617.5	-23.7	
56.65	284.3	23.7	14.2	2.0	-91.7	33.7	45.4	177.5	397.5	-4747.8	-1441.2	-43.1	
56.70	286.6	23.3	13.8	2.0	-94.8	33.8	45.6	169.1	387.2	-5023.4	-1450.3	-47.3	
56.75	288.9	22.9	16.8	2.0	-100.0	33.9	45.6	184.2	382.6	-5324.7	-1685.5	-42.2	
56.80	291.2	22.6	21.6	2.0	-107.7	34.0	40.2	206.6	369.4	-5820.5	-1885.4	-33.7	
56.85	293.5	22.7	26.8	2.0	-114.8	34.1	34.7	217.6	350.5	-6351.3	-1948.5	-22.8	
56.90	295.7	22.6	27.7	2.0	-118.1	34.2	32.6	218.4	339.5	-6589.7	-2044.8	-23.1	
56.95	297.9	21.8	24.6	2.0	-117.5	34.3	32.9	205.2	336.1	-6534.9	-2185.3	-32.9	
57.00	300.2	22.7	21.2	2.0	-116.4	34.4	30.7	200.0	325.9	-6407.4	-2370.3	-43.5	
57.05	302.4	23.5	22.3	2.0	-116.8	34.5	25.3	208.7	308.6	-6374.2	-2519.9	-40.3	
57.10	304.6	23.7	23.4	2.0	-115.8	34.6	23.2	204.1	299.9	-6312.8	-2521.9	-35.4	
57.15	306.8	22.8	18.7	2.0	-110.2	34.7	27.6	184.1	297.3	-5993.3	-2348.3	-45.9	
57.20	308.9	22.3	11.0	2.0	-102.5	34.8	38.8	168.2	286.5	-5571.0	-1932.2	-64.7	
57.25	311.1	22.6	8.5	2.0	-97.4	34.9	51.2	165.4	265.4	-5358.4	-1353.1	-68.0	
57.30	313.2	22.2	10.6	2.0	-94.1	35.0	59.5	167.4	249.5	-5196.6	-916.6	-57.7	
57.35	315.3	21.8	9.3	2.0	-87.8	35.1	62.1	154.0	241.2	-4787.6	-725.7	-55.8	
57.40	317.5	21.2	4.7	2.0	-80.6	35.2	52.7	131.4	227.0	-4297.0	-815.9	-64.5	
57.45	319.6	21.4	4.3	2.0	-77.1	35.3	32.3	124.2	205.7	-3995.0	-1196.0	-62.5	
57.50	321.7	22.0	8.1	2.0	-77.2	35.4	15.0	125.7	191.2	-3835.6	-1692.0	-49.4	
57.55	323.8	22.9	16.6	2.0	-77.4	35.5	1.1	120.2	187.6	-3605.6	-2206.7	-20.4	
57.60	325.9	22.6	18.1	2.0	-75.3	35.6	-7.6	103.4	178.4	-3181.3	-2630.2	-13.1	
57.65	328.0	22.2	21.6	2.0	-76.7	35.7	-19.4	92.7	164.9	-2886.5	-3143.4	-2.6	
57.70	330.2	22.0	32.0	2.0	-82.1	35.8	-32.2	93.0	156.1	-2812.0	-3727.3	27.8	
57.75	332.3	22.7	42.9	2.0	-86.2	35.9	-38.0	90.1	155.9	-2699.2	-4191.3	61.1	
57.80	334.3	22.8	46.4	2.0	-84.7	36.0	-36.8	71.2	153.2	-2203.4	-4406.1	74.7	
57.85	336.4	22.5	44.6	2.0	-81.5	36.1	-37.8	54.2	139.9	-1551.5	-4474.8	71.5	
57.90	338.5	22.5	43.9	2.0	-78.9	36.2	-35.5	45.9	126.3	-1104.0	-4437.3	71.9	
57.95	340.6	22.4	45.1	2.0	-77.4	36.3	-28.5	42.6	124.1	-928.1	-4380.3	77.3	
58.00	342.6	22.5	44.0	2.0	-75.8	36.4	-23.3	37.2	122.9	-861.7	-4299.8	75.4	
58.05	344.7	22.8	41.8	2.0	-73.7	36.5	-23.4	30.0	110.1	-932.9	-4149.5	69.7	
58.10	346.7	23.0	39.2	2.0	-70.5	36.6	-19.6	25.2	92.4	-1124.2	-3879.3	64.0	
58.15	348.7	23.4	33.3	2.0	-68.3	36.7	-8.5	25.9	89.3	-1377.9	-3639.1	45.9	
58.20	350.7	23.8	22.2	2.0	-67.7	36.8	2.0	22.9	96.0	-1604.1	-3503.3	8.6	
58.25	352.7	23.3	11.7	2.0	-67.1	36.9	1.6	10.7	88.0	-1792.1	-3402.6	-26.9	
58.30	354.7	23.1	5.3	2.0	-67.8	37.0	-8.1	2.3	69.3	-2002.5	-3376.0	-49.5	
58.35	356.7	23.4	5.3	2.0	-72.2	37.1	-19.0	1.6	63.3	-2309.5	-3541.5	-54.1	
58.40	358.7	24.2	7.7	2.0	-78.6	37.2	-27.3	5.4	71.3	-2697.5	-3824.4	-52.3	
58.45	0.6	24.1	8.6	2.0	-84.1	37.3	-39.7	13.5	71.5	-2927.7	-4121.1	-54.6	
58.50	2.5	23.5	9.1	2.0	-86.6	37.4	-51.3	16.7	59.4	-3049.1	-4240.9	-55.4	
58.55	4.4	22.9	10.6	2.0	-86.2	37.5	-52.4	11.1	55.8	-3011.5	-4230.2	-49.8	
58.60	6.3	22.9	14.7	2.0	-84.3	37.6	-44.7	9.2	66.9	-2829.0	-4201.6	-33.9	
58.65	8.2	23.1	17.9	2.0	-81.8	37.7	-37.6	2.5	72.7	-2544.3	-4178.9	-20.5	
58.70	10.2	23.0	19.2	2.0	-80.6	37.8	-41.8	-16.7	64.0	-2065.0	-4319.9	-14.6	
58.75	12.1	22.3	21.0	2.0	-85.2	37.9	-56.6	-36.3	60.2	-1447.1	-4860.1	-13.1	
58.80	14.0	21.6	30.7	2.0	-96.2	38.0	-75.6	-54.4	72.2	-992.5	-5737.8	9.1	
58.85	15.9	21.3	43.5	2.0	-108.5	38.1	-97.4	-61.4	80.6	-684.0	-6645.8	40.8	
58.90	17.8	21.0	50.3	2.0	-117.5	38.2	-119.0	-64.0	72.4	-306.1	-7308.0	55.0	
58.95	19.7	20.8	55.5	2.0	-122.7	38.3	-130.7	-83.2	61.7	193.8	-7650.6	67.9	
59.00	21.6	20.5	61.3	2.0	-126.0	38.4	-129.8	-102.5	63.1	761.4	-7836.3	84.5	
59.05	23.5	20.9	68.1	2.0	-128.6	38.5	-123.8	-109.1	68.9	1204.3	-7977.2	105.0	
59.10	25.4	21.0	77.3	2.0	-131.6	38.6	-125.9	-113.3	66.2	1442.5	-8159.9	133.6	
59.15	27.2	20.9	80.3	2.0	-136.3	38.7	-136.7	-115.6	59.2	1791.0	-8425.4	139.5	
59.20	29.1	21.5	82.5	2.0	-141.4	38.8	-148.8	-118.4	60.7	2117.7	-8712.7	142.0	
59.25	30.9	21.7	85.2	2.0	-142.0	38.9	-149.1	-122.5	66.5	2187.2	-8734.1	150.4	
59.30	32.8	21.9	82.7	2.0	-138.0	39.0	-140.8	-122.3	69.9	2209.9	-8432.2	146.0	
59.35	34.6	22.3	74.6	2.0	-131.7	39.1	-129.9	-135.8	69.8	2328.4	-7899.9	124.4	
59.40	36.4	21.7	62.7	2.0	-125.7	39.2	-118.6	-160.5	69.1	2511.0	-7328.9	89.5	
59.45	38.2	20.9	53.9	2.0	-121.8	39.3	-113.5	-162.9	72.5	2540.5	-7005.2	63.3	
59.50	40.0	20.3	49.3	2.0	-118.4	39.4	-112.5	-152.2	80.3	2164.3	-6879.5	50.8	
59.55	41.8	20.6	45.7	2.0	-115.5	39.5	-115.9	-143.3	89.6	1701.0	-6790.4	41.3	
59.60	43.6	20.9	36.5	2.0	-112.0	39.6	-119.2	-146.3	94.6	1588.8	-6525.3	13.3	
59.65	45.4	20.9	25.5	2.0	-104.2	39.7	-107.5	-163.4	95.7	1684.6	-5871.8	-16.6	
59.70	47.1	21.8	20.6	2.0	-95.6	39.8	-89.1	-165.5	102.3	1685.6	-5203.5	-24.9	
59.75	48.9	22.5	18.4	2.0	-88.6	39.9	-70.1	-156.4	115.4	1662.9	-4696.5	-25.3	
59.80	50.7	22.9	14.5	2.0	-85.1	40.0	-60.7	-164.8	124.3	1758.9	-4354.8	-35.3	
59.85	52.4	22.6	9.6	2.0	-86.3	40.1	-68.1	-181.5	123.1	2027.8	-4280.2	-53.4	
59.90	54.2	22.7	10.0	2.0	-89.0	40.2	-78.0	-180.7	121.9	2191.5	-4414.3	-54.8	
59.95	55.9	23.1	16.4	2.0	-92.3	40.3	-78.4	-176.6	131.4	2335.4	-4627.7	-36.1	
60.00	57.7	23.7	19.4	2.0	-96.5	40.4	-70.0	-183.5	144.1	2753.8	-4742.7	-29.7	
60.05	59.4	23.9	16.4	2.0	-101.4	40.5	-63.4	-207.9	145.7	3442.6	-4654.6	-45.2	
60.10	61.1	23.9	17.3	2.0	-105.7	40.6	-67.0	-234.7	139.0	3935.5	-4587.7	-46.4	
60.15	62.8	23.4	23.0	2.0	-109.7	40.7	-70.3	-242.7	137.9	4206.5	-4716.8	-30.6	
60.20	64.5	22.8	30.9	2.0	-116.3	40.8	-73.3	-240.1	150.4	4484.0	-5139.8	-10.1	
60.25	66.2	22.2	37.1	2.0	-125.3	40.9	-80.8	-246.1	160.0	4945.5	-5599.5	2.1	
60.30	67.9	22.0	39.6	2.0	-131.7	41.0	-94.6	-252.4	152.2	5394.7	-5809.4	4.3	
60.35	69.6	21.4	41.7	2.0	-134.5	41.1	-103.5	-259.8	141.2	5700.5	-5785.3	8.6	
60.40	71.2	20.8	43.6	2.0	-136.7	41.2	-99.7	-269.3	147.5	5922.8	-5752.0	12.9	
60.45	72.9	20.1	43.3	2.0	-139.2	41.3	-91.2	-272.9	163.8	6145.7	-5775.2	9.4	
60.50	74.5	20.8	43.4	2.0	-140.2	41.4	-90.6	-277.9	169.7	6228.8	-5776.2	8.8	
60.55	76.2	21.3	43.4	2.0	-140.2	41.5	-101.8	-280.0	166.2	6171.5	-5809.1	8.7	
60.60	77.8	21.0	42.3	2.0	-141.7	41.6	-115.6	-274.8	168.4	6129.1	-6013.5	3.4	
60.65	79.4	20.8	42.6	2.0	-144.3	41.7	-118.9	-277.8	182.2	6090.6	-6297.9	1.9	
60.70	81.0	20.9	43.0	2.0	-145.6	41.8	-114.3	-284.4	193.7	6100.8	-6401.1	2.0	
60.75	82.6	21.2	39.8	2.0	-144.3	41.9	-109.3	-286.1	194.5	6156.0	-6204.4	-7.8	
60.80	84.2	21.5	37.7	2.0	-140.2	42.0	-98.3	-292.3	192.1	6171.3	-5738.6	-10.8	
60.85	85.7	21.4	33.5	2.0	-135.6	42.1	-82.6	-290.2	201.0	6116.3	-5300.5	-20.7	
60.90	87.3	20.9	31.5	2.0	-131.2	42.2	-68.0	-278.1	216.6	5959.9	-5017.5	-23.1	
60.95	88.8	21.4	32.1	2.0	-124.5	42.3	-55.5	-270.6	225.3	5581.0	-4713.6	-14.3	
61.00	90.3	22.0	29.7	2.0	-118.0	42.4	-51.2	-260.8	224.4	5253.7	-4384.9	-16.0	
61.05	91.9	22.7	23.5	2.0	-114.7	42.5	-53.2	-253.4	225.0	5137.4	-4167.5	-34.0	
61.10	93.4	22.8	16.7	2.0	-111.5	42.6	-43.6	-260.1	228.9	5048.7	-3862.0	-54.0	
61.15	95.0	22.9	12.0	2.0	-105.7	42.7	-27.9	-256.6	235.0	4791.5	-3490.6	-64.7	
61.20	96.5	22.8	5.7	2.0	-98.6	42.8	-16.2	-248.4	240.9	4450.6	-3082.2	-79.0	
61.25	98.0	23.2	-1.6	2.0	-90.8	42.9	-9.9	-249.4	243.8	4058.9	-2600.1	-96.3	
61.30	99.5	23.7	-6.9	2.0	-84.6	43.0	-11.5	-246.9	245.6	3743.7	-2227.0	-108.3	
61.35	101.0	24.2	-7.9	2.0	-79.8	43.1	-10.6	-236.9	249.4	3499.2	-1980.0	-106.8	
61.40	102.5	24.9	-6.9	2.0	-77.7	43.2	-5.0	-228.2	259.5	3374.7	-1909.4	-101.3	
61.45	104.0	25.6	-7.3	2.0	-79.5	43.3	0.2	-229.0	268.2	3531.6	-1887.9	-104.6	
61.50	105.5	26.4	-9.3	2.0	-83.3	43.4	-0.7	-239.8	271.4	3833.9	-1849.7	-115.4	
61.55	106.9	26.3	-8.4	2.0	-86.6	43.5	-2.2	-253.7	272.4	4078.5	-1812.7	-115.3	
61.60	108.4	26.2	-3.9	2.0	-89.2	43.6	-2.8	-258.4	280.5	4204.0	-1964.4	-102.7	
61.65	109.8	25.9	2.9	2.0	-92.9	43.7	-6.9	-255.5	293.5	4339.6	-2327.0	-83.0	
61.70	111.3	24.7	8.9	2.0	-97.8	43.8	-14.7	-251.5	301.6	4552.2	-2704.2	-67.3	
61.75	112.7	23.9	13.7	2.0	-104.2	43.9	-24.6	-253.7	304.0	4902.0	-3049.2	-57.2	
61.80	114.1	23.3	18.1	2.0	-111.9	44.0	-32.3	-264.1	309.4	5284.6	-3457.2	-49.9	
61.85	115.5	22.6	23.8	2.0	-118.8	44.1	-38.2	-267.7	318.2	5575.5	-3924.8	-36.9	
61.90	116.9	22.5	29.6	2.0	-123.2	44.2	-39.5	-264.0	323.8	5777.8	-4222.4	-21.6	
61.95	118.3	22.5	33.7	2.0	-125.9	44.3	-39.9	-261.6	324.9	5966.1	-4323.9	-10.1	
62.00	119.7	21.8	37.2	2.0	-127.3	44.4	-43.6	-258.6	326.2	6055.1	-4390.8	0.5	
62.05	121.1	21.9	40.1	2.0	-125.3	44.5	-45.9	-248.5	330.7	5866.0	-4432.4	12.5	
62.10	122.5	22.0	41.5	2.0	-121.2	44.6	-43.5	-237.0	334.3	5566.8	-4365.2	21.2	
62.15	123.9	21.8	38.2	2.0	-118.9	44.7	-43.3	-234.8	335.7	5422.4	-4273.9	12.2	
62.20	125.3	21.4	30.4	2.0	-118.2	44.8	-40.2	-239.4	336.0	5497.6	-4069.8	-13.7	
62.25	126.6	21.1	25.7	2.0	-115.4	44.9	-33.3	-242.4	338.7	5465.8	-3735.6	-27.2	
62.30	128.0	21.0	20.4	2.0	-108.5	45.0	-19.2	-236.7	340.1	5201.3	-3222.0	-38.4	
62.35	129.4	20.8	14.9	2.0	-102.2	45.1	-5.1	-234.6	341.5	4981.9	-2667.7	-51.1	
62.40	130.8	20.5	7.9	2.0	-96.8	45.2	4.8	-237.9	344.1	4773.2	-2128.5	-69.6	
62.45	132.1	20.0	4.9	2.0	-89.1	45.3	14.9	-229.8	347.3	4404.4	-1550.9	-72.2	
62.50	133.4	20.4	4.7	2.0	-80.0	45.4	27.6	-208.9	349.5	3920.0	-958.1	-63.9	
62.55	134.8	20.7	2.6	2.0	-74.5	45.5	37.2	-191.4	350.6	3631.6	-466.7	-65.5	
62.60	136.1	20.6	-2.5	2.0	-74.9	45.6	46.6	-193.4	354.6	3679.8	-37.6	-83.4	
62.65	137.4	21.0	-7.2	2.0	-77.0	45.7	54.7	-203.5	362.2	3780.6	309.3	-101.6	
62.70	138.7	21.8	-7.7	2.0	-77.6	45.8	63.7	-207.6	370.3	3760.7	636.5	-104.0	
62.75	140.0	22.7	-5.3	2.0	-77.0	45.9	70.3	-200.5	374.5	3670.8	921.5	-95.3	
62.80	141.3	22.4	-7.2	2.0	-77.3	46.0	77.4	-193.8	378.3	3633.3	1161.4	-102.0	
62.85	142.6	22.6	-7.3	2.0	-76.5	46.1	79.3	-191.7	386.1	3545.2	1228.1	-101.6	
62.90	143.9	23.0	-5.5	2.0	-73.4	46.2	76.9	-184.9	392.2	3323.6	1201.3	-92.3	
62.95	145.2	22.8	-2.9	2.0	-70.0	46.3	70.0	-173.5	393.3	3129.9	1078.1	-80.0	
63.00	146.5	22.5	-2.5	2.0	-69.9	46.4	64.6	-171.4	394.0	3179.3	927.2	-78.5	
63.05	147.8	22.3	-2.8	2.0	-71.8	46.5	60.9	-172.0	399.2	3376.2	748.9	-81.3	
63.10	149.1	22.5	-1.9	2.0	-73.5	46.6	60.2	-170.1	405.6	3528.8	638.0	-79.9	
63.15	150.3	22.2	1.0	2.0	-74.7	46.7	60.7	-171.7	407.8	3619.7	618.1	-71.2	
63.20	151.6	21.9	1.9	2.0	-76.6	46.8	61.4	-177.4	407.0	3743.4	630.9	-70.1	
63.25	152.9	22.3	2.6	2.0	-79.3	46.9	60.6	-180.6	407.2	3954.1	565.2	-70.3	
63.30	154.2	22.7	4.6	2.0	-81.2	47.0	62.7	-176.4	407.3	4121.8	489.7	-65.5	
63.35	155.4	22.8	10.1	2.0	-81.2	47.1	62.8	-170.1	405.3	4151.3	349.2	-46.5	
63.40	156.7	22.6	12.9	2.0	-81.7	47.2	53.2	-169.0	402.9	4219.2	27.1	-37.5	
63.45	157.9	22.2	12.6	2.0	-83.4	47.3	40.4	-173.5	402.2	4330.0	-365.7	-40.0	
63.50	159.2	21.9	15.3	2.0	-84.6	47.4	33.8	-179.3	403.0	4377.5	-639.2	-32.1	
63.55	160.5	21.6	19.3	2.0	-83.9	47.5	32.7	-170.5	405.4	4324.8	-786.9	-17.6	
63.60	161.7	22.6	21.5	2.0	-82.4	47.6	35.1	-158.6	406.5	4238.1	-818.7	-8.5	
63.65	162.9	23.1	23.9	2.0	-80.8	47.7	34.0	-158.4	405.8	4107.4	-849.1	1.2	
63.70	164.2	23.2	24.9	2.0	-77.5	47.8	26.2	-151.6	404.8	3849.8	-972.5	7.8	
63.75	165.4	23.4	25.7	2.0	-72.5	47.9	19.6	-134.3	404.7	3476.2	-1079.8	15.6	
63.80	166.6	23.4	26.7	2.0	-67.0	48.0	18.6	-121.0	406.5	3085.4	-1071.0	24.8	
63.85	167.9	23.3	23.0	2.0	-63.1	48.1	22.2	-109.9	412.2	2842.8	-937.6	15.8	
63.90	169.1	23.6	17.0	2.0	-59.2	48.2	27.7	-102.0	418.4	2629.4	-668.3	-0.9	
63.95	170.4	23.6	11.9	2.0	-52.9	48.3	41.3	-101.5	420.0	2221.2	-126.1	-12.0	
64.00	171.6	23.3	6.5	2.0	-48.1	48.4	52.9	-98.7	420.7	1809.0	412.5	-25.9	
64.05	172.8	22.3	-0.5	2.0	-46.3	48.5	62.1	-91.2	422.8	1480.5	871.9	-48.1	
64.10	174.0	22.3	-4.0	2.0	-46.0	48.6	71.7	-79.8	423.1	1089.1	1316.9	-59.9	
64.15	175.2	22.7	-4.4	2.0	-46.7	48.7	77.0	-55.9	419.6	624.9	1687.3	-62.0	
64.20	176.4	23.6	-6.1	2.0	-49.3	48.8	80.2	-40.8	417.3	305.3	1986.8	-70.2	
64.25	177.7	23.5	-11.2	2.0	-53.8	48.9	87.5	-45.4	421.2	155.5	2318.0	-92.2	
64.30	178.9	23.5	-13.0	2.0	-59.1	49.0	99.4	-48.5	426.8	46.2	2684.5	-103.6	
64.35	180.1	23.5	-10.2	2.0	-63.3	49.1	108.8	-33.5	425.4	-216.2	2984.7	-98.2	
64.40	181.3	23.8	-6.5	2.0	-66.3	49.2	115.7	-19.0	420.1	-532.2	3171.2	-88.7	
64.45	182.5	24.3	-7.8	2.0	-63.8	49.3	110.1	-12.7	420.3	-569.6	2995.3	-90.7	
64.50	183.7	24.9	-8.6	2.0	-57.8	49.4	97.0	-13.8	422.4	-552.3	2571.3	-87.3	
64.55	184.9	24.8	-3.9	2.0	-52.1	49.5	84.2	-11.8	419.2	-682.0	2130.7	-65.6	
64.60	186.1	24.8	-0.8	2.0	-45.6	49.6	71.8	-1.5	412.7	-644.3	1665.2	-48.2	
64.65	187.4	24.8	-2.3	2.0	-37.8	49.7	62.8	-6.1	415.4	-231.3	1201.0	-45.6	
64.70	188.6	24.6	-3.4	2.0	-33.2	49.8	59.3	-27.4	422.8	286.0	814.1	-44.9	
64.75	189.8	24.7	1.9	2.0	-32.1	49.9	55.3	-33.1	421.9	605.0	491.5	-25.5	
64.80	191.0	24.7	9.8	2.0	-31.5	50.0	52.6	-27.6	414.2	710.6	263.7	2.2	
64.85	192.2	24.5	16.2	2.0	-32.8	50.1	49.9	-29.5	413.1	855.6	-6.5	22.9	
64.90	193.4	24.6	19.2	2.0	-37.8	50.2	41.7	-31.2	415.1	1177.4	-421.1	28.2	
64.95	194.5	24.7	24.0	2.0	-42.1	50.3	29.7	-31.1	408.4	1386.8	-820.3	40.4	
65.00	195.7	24.7	28.4	2.0	-44.9	50.4	20.8	-32.8	398.5	1489.3	-1091.4	52.5	
65.05	196.9	25.4	28.7	2.0	-49.7	50.5	15.3	-38.5	399.6	1757.7	-1315.3	48.9	
65.10	198.0	25.3	27.1	2.0	-52.4	50.6	18.8	-41.9	405.0	2001.6	-1301.5	40.7	
65.15	199.2	23.7	27.1	2.0	-48.7	50.7	27.9	-38.5	398.8	1869.0	-963.1	44.5	
65.20	200.3	23.4	26.6	2.0	-41.0	50.8	36.8	-21.5	386.9	1463.3	-486.4	50.5	
65.25	201.5	23.4	23.9	2.0	-33.5	50.9	46.1	-2.0	383.3	969.1	-30.7	48.5	
65.30	202.6	23.7	20.6	2.0	-29.3	51.0	56.5	9.9	385.6	455.0	412.9	41.5	
65.35	203.8	23.6	19.1	2.0	-32.4	51.1	60.8	29.4	378.1	-74.4	827.2	33.3	
65.40	204.9	23.8	18.8	2.0	-40.5	51.2	62.4	54.6	367.0	-679.9	1231.6	24.0	
65.45	206.1	24.5	15.5	2.0	-48.9	51.3	68.7	64.5	368.0	-1198.2	1605.3	4.2	
65.50	207.2	25.2	7.5	2.0	-54.5	51.4	75.0	60.8	375.5	-1468.5	1916.2	-28.5	
65.55	208.4	25.4	1.8	2.0	-61.5	51.5	80.6	62.6	371.4	-1782.6	2334.7	-55.4	
65.60	209.6	25.2	2.5	2.0	-72.5	51.6	93.1	77.0	357.5	-2275.0	2950.3	-64.0	
65.65	210.7	25.2	3.1	2.0	-81.4	51.7	108.5	90.1	354.0	-2627.5	3457.0	-70.9	
65.70	211.8	25.0	1.5	2.0	-85.7	51.8	120.8	93.4	362.5	-2766.9	3707.6	-80.6	
65.75	213.0	24.7	3.0	2.0	-89.1	51.9	125.3	96.1	360.0	-2974.4	3856.4	-78.7	
65.80	214.2	25.1	5.3	2.0	-90.9	52.0	120.5	103.6	347.5	-3202.6	3854.7	-72.7	
65.85	215.3	24.7	4.9	2.0	-87.5	52.1	113.7	106.7	348.8	-3149.5	3570.4	-70.7	
65.90	216.5	24.0	2.5	2.0	-80.4	52.2	110.1	97.5	360.1	-2829.6	3157.9	-71.8	
65.95	217.6	24.2	3.2	2.0	-74.7	52.3	104.3	91.3	358.6	-2604.4	2820.0	-63.9	
66.00	218.7	23.6	7.1	2.0	-71.6	52.4	94.9	92.7	341.8	-2565.6	2575.3	-47.4	
66.05	219.9	22.9	10.1	2.0	-66.8	52.5	87.1	92.2	336.0	-2449.5	2198.3	-32.2	
66.10	221.0	23.2	12.7	2.0	-59.8	52.6	82.1	85.2	343.8	-2211.8	1688.1	-16.2	
66.15	222.1	23.4	18.7	2.0	-55.6	52.7	74.5	90.9	340.2	-2123.8	1257.7	8.7	
66.20	223.3	23.6	25.5	2.0	-54.7	52.8	64.5	105.7	325.1	-2185.4	972.5	33.0	
66.25	224.4	23.7	29.3	2.0	-51.6	52.9	57.7	103.8	322.1	-2072.0	666.7	49.0	
66.30	225.5	23.9	27.2	2.0	-46.4	53.0	54.1	91.6	327.3	-1784.9	316.9	46.9	
66.35	226.6	24.0	27.4	2.0	-44.0	53.1	50.4	88.1	322.1	-1643.1	85.1	50.2	
66.40	227.7	23.8	29.1	2.0	-43.7	53.2	45.1	89.3	304.8	-1647.1	-0.2	56.0	
66.45	228.8	23.5	28.3	2.0	-42.9	53.3	38.3	91.8	294.0	-1591.5	-131.0	54.2	
66.50	229.9	23.4	24.9	2.0	-41.5	53.4	36.2	91.8	292.5	-1468.7	-251.6	44.0	
66.55	231.0	24.1	26.9	2.0	-42.3	53.5	36.0	93.6	284.1	-1534.6	-221.8	49.9	
66.60	232.1	24.8	29.1	2.0	-43.5	53.6	36.7	96.9	269.3	-1647.4	-74.4	56.4	
66.65	233.2	25.2	26.2	2.0	-42.1	53.7	39.5	94.6	263.5	-1548.4	-1.3	48.0	
66.70	234.3	24.9	23.1	2.0	-40.7	53.8	48.5	92.7	266.4	-1429.3	105.7	38.5	
66.75	235.3	24.1	25.7	2.0	-44.0	53.9	56.1	101.9	260.5	-1618.7	344.3	44.0	
66.80	236.4	23.3	30.9	2.0	-50.8	54.0	57.5	119.4	248.2	-2045.3	583.6	55.3	
66.85	237.4	22.5	31.6	2.0	-55.6	54.1	58.1	128.4	243.4	-2361.6	734.6	52.9	
66.90	238.5	22.2	29.6	2.0	-58.7	54.2	62.4	129.6	245.6	-2545.4	886.7	43.1	
66.95	239.5	22.0	29.1	2.0	-62.6	54.3	68.1	135.8	241.0	-2735.2	1162.2	37.4	
67.00	240.6	21.8	27.0	2.0	-66.6	54.4	69.9	147.4	232.4	-2909.9	1439.2	26.0	
67.05	241.6	20.8	22.5	2.0	-69.4	54.5	73.1	148.7	229.9	-3032.4	1656.3	7.7	
67.10	242.7	20.4	18.4	2.0	-72.4	54.6	78.2	143.2	230.8	-3201.7	1830.9	-9.3	
67.15	243.7	20.5	16.5	2.0	-77.9	54.7	79.5	151.7	227.5	-3558.8	2004.7	-21.4	
67.20	244.7	20.5	18.8	2.0	-85.7	54.8	82.5	166.3	220.4	-4034.4	2283.6	-21.1	
67.25	245.8	20.1	22.0	2.0	-92.2	54.9	89.7	176.3	214.7	-4396.3	2590.0	-16.8	
67.30	246.8	19.6	20.6	2.0	-94.8	55.0	96.6	180.2	211.8	-4484.2	2783.1	-24.1	
67.35	247.8	19.7	17.3	2.0	-95.4	55.1	102.5	176.8	208.1	-4449.3	2924.7	-36.0	
67.40	248.8	19.1	15.2	2.0	-95.5	55.2	108.8	168.1	200.6	-4372.2	3093.0	-43.3	
67.45	249.7	18.7	13.5	2.0	-94.7	55.3	109.4	165.2	192.1	-4275.6	3136.3	-48.3	
67.50	250.7	20.0	12.5	2.0	-93.4	55.4	105.7	166.7	185.8	-4238.2	3037.3	-50.6	
67.55	251.7	20.9	15.4	2.0	-92.4	55.5	100.3	169.8	179.3	-4288.0	2837.7	-39.6	
67.60	252.7	21.3	17.8	2.0	-91.0	55.6	91.4	172.9	172.7	-4386.5	2495.3	-29.8	
67.65	253.6	20.7	20.1	2.0	-89.7	55.7	82.9	173.6	166.1	-4484.7	2122.8	-20.5	
67.70	254.6	20.1	22.9	2.0	-88.4	55.8	77.0	174.5	159.8	-4538.7	1775.8	-9.9	
67.75	255.5	20.1	25.8	2.0	-86.8	55.9	70.7	177.8	151.5	-4538.3	1429.5	1.7	
67.80	256.5	20.7	30.0	2.0	-84.7	56.0	62.7	179.4	142.7	-4492.9	1038.5	18.3	
67.85	257.4	19.9	35.4	2.0	-82.9	56.1	52.4	181.9	137.4	-4446.1	567.7	38.6	
67.90	258.3	19.3	39.3	2.0	-81.6	56.2	42.8	183.6	134.6	-4380.9	127.1	53.4	
67.95	259.3	19.0	42.6	2.0	-80.3	56.3	32.0	185.4	130.2	-4283.4	-247.8	65.9	
68.00	260.2	18.3	45.9	2.0	-79.1	56.4	21.3	187.6	123.2	-4165.0	-550.0	78.4	
68.05	261.1	18.5	47.9	2.0	-77.0	56.5	15.1	184.7	117.9	-3987.6	-779.0	87.3	
68.10	262.0	19.2	48.0	2.0	-74.2	56.6	13.2	175.0	114.8	-3768.6	-925.3	90.7	
68.15	262.9	19.2	46.6	2.0	-71.7	56.7	12.0	169.2	110.6	-3571.2	-1013.7	88.4	
68.20	263.8	19.2	45.7	2.0	-70.8	56.8	9.5	168.0	104.8	-3494.0	-1065.5	86.0	
68.25	264.7	19.2	46.5	2.0	-71.6	56.9	7.5	171.3	99.7	-3555.2	-1057.0	88.1	
68.30	265.6	19.5	46.4	2.0	-73.3	57.0	5.1	177.1	97.4	-3677.9	-1036.6	85.9	
68.35	266.5	19.0	46.2	2.0	-75.6	57.1	6.9	184.6	94.9	-3875.1	-880.0	83.0	
68.40	267.4	18.5	45.9	2.0	-78.3	57.2	13.3	194.0	90.0	-4114.8	-570.8	79.1	
68.45	268.2	18.1	44.3	2.0	-80.5	57.3	22.5	199.7	84.2	-4298.3	-185.6	71.6	
68.50	269.1	19.2	41.2	2.0	-82.8	57.4	32.8	200.7	78.7	-4472.6	227.3	58.7	
68.55	269.9	19.8	38.0	2.0	-87.2	57.5	40.0	208.4	71.2	-4746.5	617.5	43.2	
68.60	270.8	19.8	35.4	2.0	-92.4	57.6	41.9	221.0	62.6	-5067.1	926.0	29.0	
68.65	271.6	19.1	33.9	2.0	-97.8	57.7	42.1	229.7	55.0	-5417.5	1168.8	18.6	
68.70	272.5	18.7	32.8	2.0	-102.6	57.8	45.2	233.8	49.3	-5724.3	1409.2	10.1	
68.75	273.3	18.5	28.5	2.0	-104.5	57.9	51.3	232.8	46.7	-5816.4	1639.7	-6.8	
68.80	274.1	18.0	22.8	2.0	-104.6	58.0	61.3	224.5	44.4	-5743.6	1958.1	-26.4	
68.85	274.9	17.8	19.1	2.0	-104.7	58.1	73.5	214.9	38.7	-5620.3	2363.3	-39.2	
68.90	275.7	17.8	17.6	2.0	-104.6	58.2	85.5	207.7	31.2	-5452.7	2741.3	-44.2	
68.95	276.5	17.7	16.9	2.0	-104.2	58.3	94.0	203.8	26.5	-5297.6	2973.1	-46.2	
69.00	277.3	17.5	17.4	2.0	-103.7	58.4	96.2	204.4	23.3	-5206.7	3047.3	-44.0	
69.05	278.1	17.5	19.9	2.0	-103.3	58.5	91.1	209.0	16.2	-5203.7	3002.9	-35.0	
69.10	278.9	17.9	21.0	2.0	-101.0	58.6	80.3	210.5	9.1	-5141.1	2781.5	-28.8	
69.15	279.7	18.1	19.9	2.0	-95.5	58.7	69.0	201.8	7.5	-4914.9	2380.7	-27.2	
69.20	280.5	18.1	19.5	2.0	-89.6	58.8	60.4	191.6	7.8	-4667.6	1928.3	-22.8	
69.25	281.3	17.9	22.4	2.0	-86.0	58.9	51.0	188.8	3.9	-4558.3	1498.3	-9.2	
69.30	282.1	17.6	27.3	2.0	-84.5	59.0	39.3	190.7	-4.5	-4556.5	1103.1	9.2	
69.35	282.8	17.6	31.9	2.0	-82.4	59.1	28.7	188.7	-10.2	-4484.2	690.6	27.2	
69.40	283.6	17.8	36.0	2.0	-80.0	59.2	19.5	185.8	-10.2	-4360.5	227.7	43.5	
69.45	284.3	17.0	41.5	2.0	-78.4	59.3	10.1	186.8	-13.5	-4233.7	-203.3	64.2	
69.50	285.1	17.0	48.2	2.0	-77.4	59.4	1.5	191.3	-19.9	-4107.5	-592.3	87.9	
69.55	285.8	17.5	50.7	2.0	-74.1	59.5	-4.8	187.2	-22.5	-3784.4	-981.3	99.8	
69.60	286.5	17.8	49.5	2.0	-69.6	59.6	-9.2	171.9	-22.0	-3363.2	-1318.5	100.3	
69.65	287.2	18.6	48.4	2.0	-66.4	59.7	-13.4	159.1	-27.0	-3048.9	-1515.7	99.7	
69.70	287.9	19.4	49.8	2.0	-65.9	59.8	-16.8	159.8	-38.5	-2963.5	-1570.5	105.0	
69.75	288.6	19.4	52.9	2.0	-66.4	59.9	-16.2	162.5	-44.9	-2987.9	-1582.6	115.3	
69.80	289.3	20.4	54.9	2.0	-66.7	60.0	-13.2	161.9	-46.0	-3020.8	-1570.7	121.9	
69.85	290.0	21.3	53.7	2.0	-66.7	60.1	-12.3	162.8	-51.3	-3051.9	-1491.3	117.5	
69.90	290.7	21.0	51.5	2.0	-67.7	60.2	-14.6	166.8	-61.8	-3172.9	-1358.3	109.1	
69.95	291.4	20.9	50.0	2.0	-70.2	60.3	-11.2	169.8	-68.4	-3435.1	-1165.3	101.6	
70.00	292.1	20.7	46.9	2.0	-71.7	60.4	-0.3	167.4	-66.3	-3636.1	-922.5	89.2	
70.05	292.8	19.9	41.2	2.0	-72.1	60.5	8.4	168.1	-67.1	-3731.4	-583.6	69.3	
70.10	293.5	19.0	37.5	2.0	-75.0	60.6	16.6	174.1	-77.9	-3969.1	-6.3	53.9	
70.15	294.2	18.2	37.2	2.0	-80.7	60.7	27.3	181.6	-87.9	-4322.7	635.1	47.0	
70.20	294.8	17.4	33.7	2.0	-85.2	60.8	34.4	187.2	-88.4	-4575.5	1021.7	30.7	
70.25	295.5	18.4	29.1	2.0	-89.0	60.9	39.5	188.8	-86.9	-4804.7	1280.1	11.0	
70.30	296.2	19.2	26.3	2.0	-93.0	61.0	46.5	190.6	-91.3	-4994.6	1651.7	-2.7	
70.35	296.9	19.2	22.7	2.0	-94.2	61.1	49.9	188.8	-96.2	-4961.5	1992.3	-16.3	
70.40	297.5	18.4	17.9	2.0	-92.7	61.2	56.6	179.5	-95.0	-4742.7	2262.3	-31.2	
70.45	298.2	17.8	14.1	2.0	-92.1	61.3	69.0	169.3	-92.9	-4584.7	2511.9	-43.6	
70.50	298.9	17.7	15.0	2.0	-94.0	61.4	78.0	171.6	-95.3	-4629.4	2696.8	-42.4	
70.55	299.5	17.7	17.3	2.0	-95.1	61.5	77.8	175.9	-99.1	-4685.4	2738.0	-35.6	
70.60	300.2	18.3	19.0	2.0	-94.5	61.6	74.3	172.3	-103.0	-4679.5	2675.1	-29.2	
70.65	300.8	19.6	21.2	2.0	-92.7	61.7	70.2	171.1	-109.2	-4627.8	2499.3	-20.0	
70.70	301.5	19.3	23.2	2.0	-89.4	61.8	63.3	173.8	-112.1	-4534.8	2111.6	-9.8	
70.75	302.1	18.9	24.3	2.0	-84.4	61.9	57.7	163.6	-108.6	-4364.5	1632.8	-0.8	
70.80	302.8	18.3	24.2	2.0	-78.6	62.0	50.8	146.4	-109.1	-4104.3	1214.5	4.5	
70.85	303.4	17.6	24.1	2.0	-73.8	62.1	36.9	140.6	-117.6	-3859.1	780.0	9.0	
70.90	304.0	17.7	29.6	2.0	-72.3	62.2	28.1	142.8	-125.7	-3793.7	410.3	29.4	
70.95	304.7	18.7	37.0	2.0	-72.0	62.3	26.0	144.1	-127.3	-3786.2	78.9	55.1	
71.00	305.3	19.4	41.2	2.0	-70.6	62.4	22.7	144.1	-128.3	-3677.7	-258.5	70.9	
71.05	305.9	19.8	43.9	2.0	-69.2	62.5	17.7	142.9	-135.0	-3548.2	-481.3	81.4	
71.10	306.5	19.9	44.7	2.0	-66.2	62.6	12.6	134.2	-142.8	-3316.3	-618.4	87.2	
71.15	307.1	19.9	43.3	2.0	-61.6	62.7	9.0	121.4	-144.1	-2955.7	-785.8	86.9	
71.20	307.8	19.3	40.9	2.0	-57.5	62.8	7.6	111.8	-142.1	-2606.1	-975.1	83.0	
71.25	308.4	18.5	40.1	2.0	-56.4	62.9	5.0	109.4	-145.0	-2460.1	-1111.4	81.1	
71.30	309.0	17.3	39.6	2.0	-55.9	63.0	-0.3	106.6	-153.2	-2410.7	-1142.6	80.2	
71.35	309.6	17.0	38.7	2.0	-55.1	63.1	-5.0	105.0	-158.0	-2367.3	-1088.4	77.6	
71.40	310.2	17.4	38.3	2.0	-53.8	63.2	-1.8	103.8	-157.9	-2349.8	-895.3	77.7	
71.45	310.8	18.2	38.5	2.0	-53.2	63.3	6.5	107.6	-159.9	-2375.3	-596.6	79.2	
71.50	311.4	18.3	35.5	2.0	-51.2	63.4	13.7	108.1	-163.5	-2275.4	-289.4	70.7	
71.55	312.0	17.9	31.1	2.0	-48.4	63.5	19.8	100.5	-161.4	-2106.6	-30.0	58.3	
71.60	312.6	17.0	29.1	2.0	-48.0	63.6	26.5	93.4	-157.8	-2080.8	233.9	51.9	
71.65	313.2	16.3	28.9	2.0	-51.7	63.7	32.6	103.2	-159.8	-2282.7	508.4	47.4	
71.70	313.8	15.9	28.9	2.0	-56.6	63.8	36.1	117.3	-164.3	-2544.0	774.6	42.5	
71.75	314.5	16.0	29.8	2.0	-60.8	63.9	41.6	120.3	-165.6	-2755.0	1107.0	41.4	
71.80	315.1	15.7	27.4	2.0	-64.8	64.0	51.6	118.4	-166.3	-2881.9	1529.9	29.4	
71.85	315.7	15.8	24.0	2.0	-67.8	64.1	60.9	115.0	-168.8	-2912.3	1914.2	14.6	
71.90	316.3	17.1	18.8	2.0	-69.3	64.2	67.4	110.2	-170.6	-2872.4	2171.6	-4.8	
71.95	316.9	17.6	15.2	2.0	-70.5	64.3	73.1	106.3	-170.9	-2837.3	2362.4	-18.3	
72.00	317.5	18.0	14.9	2.0	-72.1	64.4	76.6	105.3	-171.2	-2875.2	2497.5	-21.0	
72.05	318.1	19.0	14.0	2.0	-74.0	64.5	78.1	105.0	-174.7	-2956.3	2615.2	-26.0	
72.10	318.7	19.1	12.6	2.0	-75.8	64.6	79.8	103.8	-179.5	-3048.0	2711.0	-32.6	
72.15	319.3	19.1	11.4	2.0	-76.8	64.7	82.4	103.1	-182.6	-3080.3	2785.2	-37.6	
72.20	319.9	19.3	12.9	2.0	-77.3	64.8	87.3	100.6	-185.4	-3011.9	2903.2	-33.2	
72.25	320.6	19.9	13.0	2.0	-75.7	64.9	88.1	92.8	-187.7	-2848.8	2911.3	-31.1	
72.30	321.2	20.1	10.9	2.0	-71.6	65.0	81.3	85.1	-191.2	-2644.2	2715.8	-34.1	
72.35	321.8	19.7	11.3	2.0	-66.8	65.1	70.1	83.7	-193.7	-2539.8	2342.1	-28.2	
72.40	322.4	20.4	13.3	2.0	-62.3	65.2	58.9	84.4	-193.7	-2511.5	1869.0	-16.7	
72.45	323.0	20.7	15.8	2.0	-58.3	65.3	47.5	85.6	-195.4	-2477.7	1397.2	-4.1	
72.50	323.6	20.7	17.9	2.0	-54.6	65.4	36.7	86.9	-199.3	-2362.9	1002.0	7.0	
72.55	324.2	20.9	21.3	2.0	-51.2	65.5	29.4	81.9	-203.3	-2213.0	721.9	21.9	
72.60	324.8	21.2	25.5	2.0	-48.3	65.6	25.3	77.1	-205.2	-2077.0	452.6	39.3	
72.65	325.4	21.4	27.9	2.0	-46.1	65.7	20.8	78.1	-204.6	-1956.4	91.8	49.8	
72.70	326.0	21.5	29.9	2.0	-44.3	65.8	16.5	75.0	-203.0	-1818.2	-275.2	58.2	
72.75	326.6	21.9	32.3	2.0	-43.3	65.9	9.2	67.8	-201.5	-1673.4	-620.7	67.5	
72.80	327.2	22.3	34.8	2.0	-43.2	66.0	-1.4	65.2	-203.4	-1524.0	-931.2	76.2	
72.85	327.8	22.2	36.0	2.0	-43.2	66.1	-6.5	66.2	-206.8	-1390.5	-1109.6	80.4	
72.90	328.5	21.2	34.6	2.0	-42.0	66.2	-4.2	64.0	-207.6	-1271.1	-1128.2	76.6	
72.95	329.1	20.4	32.4	2.0	-39.4	66.3	-2.2	58.2	-207.9	-1095.0	-1044.6	71.8	
73.00	329.6	19.9	30.2	2.0	-35.9	66.4	-3.5	50.1	-212.0	-902.6	-899.6	67.9	
73.05	330.2	19.5	28.0	2.0	-33.0	66.5	1.2	46.3	-217.6	-846.2	-641.9	62.9	
73.10	330.8	19.2	25.6	2.0	-31.9	66.6	8.6	48.5	-216.8	-869.0	-426.5	56.0	
73.15	331.4	18.9	22.6	2.0	-31.8	66.7	15.4	52.0	-210.8	-919.9	-234.0	45.8	
73.20	332.0	19.2	19.9	2.0	-32.2	66.8	23.4	48.4	-211.0	-975.0	130.2	36.2	
73.25	332.6	19.3	17.2	2.0	-35.0	66.9	31.1	42.8	-219.5	-993.3	649.8	24.2	
73.30	333.2	19.2	14.0	2.0	-38.9	67.0	36.3	41.3	-225.3	-969.4	1106.5	9.3	
73.35	333.8	19.1	12.1	2.0	-43.8	67.1	44.4	43.5	-225.1	-1056.7	1483.1	-2.1	
73.40	334.4	18.8	11.2	2.0	-48.4	67.2	50.9	45.7	-225.7	-1237.9	1766.3	-9.8	
73.45	334.9	18.5	8.3	2.0	-50.8	67.3	49.7	46.8	-230.4	-1316.9	1925.4	-22.3	
73.50	335.5	18.9	4.3	2.0	-51.4	67.4	45.6	42.7	-232.8	-1301.3	2009.6	-36.8	
73.55	336.1	19.2	2.8	2.0	-53.0	67.5	50.1	35.5	-230.3	-1272.4	2177.0	-43.3	
73.60	336.7	20.0	2.8	2.0	-55.2	67.6	60.0	31.3	-228.7	-1187.0	2394.8	-45.7	
73.65	337.3	21.5	2.0	2.0	-56.0	67.7	63.2	31.4	-231.3	-1094.3	2485.5	-49.1	
73.70	337.9	22.4	1.1	2.0	-55.1	67.8	62.1	24.1	-235.4	-1000.8	2465.5	-51.4	
73.75	338.5	22.5	2.1	2.0	-52.0	67.9	55.2	20.3	-236.6	-992.4	2239.2	-44.9	
73.80	339.1	21.8	3.5	2.0	-47.2	68.0	46.3	25.8	-237.9	-1001.7	1849.0	-35.1	
73.85	339.6	20.9	5.7	2.0	-41.8	68.1	37.8	28.8	-237.7	-1027.9	1363.6	-22.1	
73.90	340.2	20.8	7.0	2.0	-35.7	68.2	26.4	26.0	-236.5	-996.9	795.4	-11.6	
73.95	340.8	21.1	8.0	2.0	-30.0	68.3	12.4	20.2	-236.9	-858.9	219.9	-2.6	
74.00	341.4	20.2	11.3	2.0	-28.8	68.4	5.1	16.2	-239.2	-789.0	-181.2	10.1	
74.05	341.9	20.2	16.9	2.0	-29.6	68.5	2.9	13.5	-240.9	-742.1	-466.1	28.4	
74.10	342.5	20.5	21.9	2.0	-31.6	68.6	-2.1	13.7	-241.9	-652.9	-792.5	43.7	
74.15	343.1	20.8	26.3	2.0	-35.4	68.7	-10.9	15.2	-244.3	-587.4	-1159.4	55.0	
74.20	343.6	20.3	30.3	2.0	-38.8	68.8	-17.5	12.2	-246.6	-526.8	-1460.6	65.3	
74.25	344.2	19.8	32.3	2.0	-41.7	68.9	-23.3	5.1	-246.4	-363.0	-1724.7	69.3	
74.30	344.7	19.5	33.6	2.0	-44.3	69.0	-29.3	-1.6	-244.2	-217.3	-1929.7	70.9	
74.35	345.3	19.6	32.2	2.0	-44.5	69.1	-30.5	-9.4	-247.1	-92.5	-1946.0	66.0	
74.40	345.9	19.5	28.9	2.0	-43.1	69.2	-29.8	-11.4	-252.6	4.2	-1840.5	56.1	
74.45	346.4	18.8	24.9	2.0	-41.1	69.3	-28.0	-10.5	-253.7	70.3	-1694.0	44.4	
74.50	346.9	19.5	22.6	2.0	-37.7	69.4	-22.0	-15.7	-252.8	51.3	-1440.9	40.0	
74.55	347.5	20.3	21.3	2.0	-34.1	69.5	-17.7	-17.0	-255.5	-74.2	-1178.7	39.0	
74.60	348.0	21.0	18.5	2.0	-32.5	69.6	-18.7	-7.3	-259.4	-281.6	-1031.6	31.0	
74.65	348.6	20.8	16.4	2.0	-31.5	69.7	-14.5	3.0	-258.7	-533.4	-853.2	24.7	
74.70	349.1	20.7	15.5	2.0	-30.3	69.8	-6.1	8.1	-253.6	-709.0	-604.7	23.0	
74.75	349.7	20.6	12.7	2.0	-28.7	69.9	-1.9	10.3	-253.7	-734.8	-335.6	15.0	
74.80	350.2	21.3	8.5	2.0	-27.3	70.0	3.1	8.3	-258.2	-708.8	4.9	1.8	
74.85	350.8	21.5	4.1	2.0	-27.8	70.1	11.2	1.6	-259.1	-653.5	346.4	-13.9	
74.90	351.3	21.5	2.4	2.0	-30.2	70.2	19.2	4.8	-256.8	-661.1	600.4	-21.9	
74.95	351.9	21.2	2.7	2.0	-32.8	70.3	25.4	11.8	-255.7	-727.4	786.0	-23.4	
75.00	352.5	21.9	1.5	2.0	-34.1	70.4	28.1	8.2	-256.0	-756.7	884.6	-29.0	
75.05	353.0	22.9	-2.4	2.0	-33.3	70.5	25.0	-0.3	-255.1	-727.3	848.7	-41.6	
75.10	353.6	23.5	-3.7	2.0	-32.7	70.6	23.6	-3.3	-253.9	-691.0	820.0	-45.4	
75.15	354.1	23.7	-1.6	2.0	-34.7	70.7	32.1	-1.7	-254.8	-698.5	973.5	-40.2	
75.20	354.7	23.7	-0.4	2.0	-36.3	70.8	38.6	1.6	-255.5	-713.6	1090.2	-37.6	
75.25	355.2	23.6	-2.0	2.0	-34.8	70.9	34.0	2.2	-256.7	-671.8	997.5	-41.6	
75.30	355.8	23.4	-2.6	2.0	-32.8	71.0	26.9	-1.2	-259.2	-695.9	810.8	-41.7	
75.35	356.3	23.6	0.3	2.0	-32.2	71.1	23.9	-3.8	-260.2	-825.7	614.2	-31.2	
75.40	356.9	24.4	0.1	2.0	-30.3	71.2	19.5	-1.5	-258.5	-835.8	339.6	-30.0	
75.45	357.4	25.0	-0.3	2.0	-27.5	71.3	13.7	-4.0	-256.7	-700.9	57.4	-28.7	
75.50	357.9	25.6	1.1	2.0	-25.9	71.4	10.5	-18.4	-259.1	-550.4	-123.2	-22.1	
75.55	358.5	26.4	1.1	2.0	-25.3	71.5	6.6	-31.3	-263.1	-382.7	-288.7	-21.4	
75.60	359.0	26.4	1.4	2.0	-26.8	71.6	0.2	-34.2	-263.6	-242.5	-534.5	-22.0	
75.65	359.5	26.1	4.6	2.0	-29.5	71.7	-3.4	-35.6	-261.2	-195.0	-767.4	-13.7	
75.70	360.0	25.6	8.6	2.0	-31.8	71.8	-5.8	-38.7	-262.0	-127.3	-949.7	-2.2	
75.75	0.5	24.8	11.7	2.0	-35.3	71.9	-15.4	-35.6	-265.0	-17.2	-1220.9	4.8	
75.80	1.0	24.1	13.2	2.0	-38.2	72.0	-22.2	-30.7	-264.1	55.1	-1443.2	7.0	
75.85	1.5	23.8	14.7	2.0	-38.8	72.1	-17.7	-37.7	-260.6	239.1	-1458.7	11.6	
75.90	2.1	25.2	15.2	2.0	-38.6	72.2	-11.4	-46.4	-260.4	470.6	-1365.5	13.7	
75.95	2.6	26.0	13.6	2.0	-39.6	72.3	-13.4	-52.5	-263.3	673.4	-1345.2	7.1	
76.00	3.1	25.5	12.7	2.0	-39.6	72.4	-16.7	-50.5	-265.4	671.4	-1345.4	4.0	
76.05	3.6	25.5	14.0	2.0	-37.4	72.5	-13.4	-42.8	-263.5	482.9	-1276.1	10.7	
76.10	4.2	25.3	14.6	2.0	-35.1	72.6	-7.6	-36.5	-258.5	349.6	-1164.5	14.9	
76.15	4.7	24.8	11.3	2.0	-33.3	72.7	-3.0	-39.9	-256.4	437.5	-975.7	5.4	
76.20	5.2	24.9	6.1	2.0	-32.0	72.8	2.1	-49.4	-258.8	668.9	-661.4	-11.1	
76.25	5.8	24.9	3.4	2.0	-32.0	72.9	11.4	-55.7	-260.1	884.2	-240.4	-20.2	
76.30	6.3	24.8	2.6	2.0	-33.2	73.0	27.1	-57.8	-257.0	961.0	251.8	-24.2	
76.35	6.8	25.2	1.8	2.0	-35.3	73.1	36.4	-55.9	-253.9	942.6	649.6	-29.0	
76.40	7.3	25.3	-1.7	2.0	-37.7	73.2	35.8	-53.7	-257.0	954.1	930.5	-43.6	
76.45	7.9	25.1	-3.8	2.0	-41.0	73.3	37.9	-55.3	-261.2	973.8	1229.1	-53.9	
76.50	8.4	25.5	-4.2	2.0	-44.9	73.4	46.7	-61.4	-257.7	1026.8	1528.5	-59.4	
76.55	8.9	25.7	-5.7	2.0	-48.6	73.5	55.1	-65.3	-251.5	1108.8	1785.0	-68.3	
76.60	9.4	25.7	-7.8	2.0	-52.2	73.6	59.4	-66.7	-252.8	1178.2	2043.6	-79.1	
76.65	9.9	24.8	-10.6	2.0	-55.6	73.7	61.7	-71.8	-257.3	1252.3	2271.9	-91.8	
76.70	10.4	24.4	-11.0	2.0	-57.6	73.8	63.6	-76.8	-257.1	1337.6	2388.2	-95.3	
76.75	10.9	24.2	-8.9	2.0	-57.8	73.9	66.0	-72.6	-252.9	1354.1	2402.9	-88.3	
76.80	11.4	23.2	-7.7	2.0	-57.2	74.0	67.7	-65.1	-252.3	1330.8	2375.0	-83.7	
76.85	11.9	22.9	-7.7	2.0	-55.5	74.1	61.9	-67.1	-254.2	1414.5	2188.4	-81.9	
76.90	12.4	22.8	-8.7	2.0	-52.8	74.2	49.9	-73.4	-254.9	1557.0	1831.3	-82.7	
76.95	12.9	22.3	-7.7	2.0	-50.1	74.3	41.6	-75.7	-254.1	1646.7	1469.7	-76.4	
77.00	13.4	21.4	-5.0	2.0	-48.0	74.4	39.8	-75.3	-253.0	1679.3	1179.5	-65.1	
77.05	13.9	20.9	-2.4	2.0	-47.1	74.5	37.2	-76.7	-251.0	1786.6	872.8	-55.3	
77.10	14.4	22.3	-1.0	2.0	-48.3	74.6	26.1	-83.1	-251.2	2019.6	461.1	-51.7	
77.15	14.9	22.9	0.4	2.0	-49.2	74.7	18.1	-86.4	-256.2	2125.8	142.2	-47.7	
77.20	15.4	23.2	4.9	2.0	-48.1	74.8	15.8	-82.7	-256.8	2054.1	-143.1	-31.3	
77.25	15.9	22.9	7.5	2.0	-48.4	74.9	11.1	-77.0	-250.7	2037.5	-526.4	-22.7	
77.30	16.4	23.5	8.5	2.0	-50.4	75.0	2.5	-77.1	-248.8	2086.6	-878.4	-21.2	
77.35	16.9	23.8	9.1	2.0	-51.8	75.1	-3.9	-79.1	-256.0	2116.3	-1043.3	-20.5	
77.40	17.3	23.4	9.9	2.0	-52.4	75.2	-7.9	-77.2	-259.7	2111.5	-1148.7	-18.3	
77.45	17.8	23.1	10.5	2.0	-52.6	75.3	-8.4	-75.7	-252.6	2083.0	-1252.4	-16.7	
77.50	18.3	22.6	11.0	2.0	-51.3	75.4	-3.2	-77.4	-248.6	2012.9	-1176.6	-13.4	
77.55	18.8	21.8	9.1	2.0	-49.7	75.5	-1.1	-78.2	-254.3	1964.4	-989.2	-18.4	
77.60	19.3	22.4	6.2	2.0	-48.2	75.6	-4.2	-75.2	-257.7	1907.8	-858.2	-26.8	
77.65	19.7	22.5	3.5	2.0	-45.7	75.7	-0.6	-75.2	-253.4	1778.5	-684.5	-33.5	
77.70	20.2	22.4	0.6	2.0	-43.0	75.8	9.1	-77.2	-248.0	1647.3	-420.2	-41.1	
77.75	20.7	22.8	-2.3	2.0	-41.8	75.9	11.7	-75.6	-248.0	1598.9	-191.6	-49.5	
77.80	21.1	23.6	-6.1	2.0	-41.7	76.0	13.3	-75.4	-251.6	1597.4	91.4	-62.5	
77.85	21.6	24.1	-8.9	2.0	-41.7	76.1	19.6	-78.7	-251.1	1536.9	414.4	-72.4	
77.90	22.0	23.1	-10.5	2.0	-41.9	76.2	27.7	-80.1	-246.7	1434.9	694.0	-77.9	
77.95	22.5	22.9	-11.3	2.0	-41.7	76.3	32.1	-76.3	-245.1	1308.7	898.8	-80.5	
78.00	22.9	23.4	-12.6	2.0	-41.7	76.4	35.2	-75.6	-245.3	1168.8	1071.4	-85.1	
78.05	23.4	25.0	-13.9	2.0	-42.3	76.5	38.4	-79.6	-242.8	1096.3	1195.8	-89.9	
78.10	23.8	26.0	-15.3	2.0	-42.6	76.6	38.6	-77.6	-240.4	1093.9	1239.4	-95.2	
78.15	24.3	26.2	-15.6	2.0	-43.3	76.7	39.9	-76.0	-240.8	1125.4	1279.8	-96.7	
78.20	24.7	25.5	-15.1	2.0	-44.7	76.8	44.6	-85.8	-240.2	1204.9	1310.6	-96.7	
78.25	25.1	25.3	-16.5	2.0	-45.0	76.9	41.7	-94.8	-237.7	1351.1	1169.1	-101.7	
78.30	25.6	25.4	-16.1	2.0	-44.5	77.0	34.7	-94.2	-238.5	1455.4	979.8	-99.8	
78.35	26.0	25.7	-11.8	2.0	-42.4	77.1	33.9	-86.5	-242.9	1337.0	909.4	-83.1	
78.40	26.4	25.2	-9.2	2.0	-39.7	77.2	33.9	-82.9	-242.0	1198.4	761.8	-71.2	
78.45	26.8	25.1	-10.7	2.0	-38.0	77.3	22.7	-84.4	-236.2	1253.8	342.1	-74.8	
78.50	27.3	25.3	-11.8	2.0	-39.3	77.4	11.9	-91.5	-237.7	1382.7	-17.9	-79.8	
78.55	27.7	25.5	-9.6	2.0	-40.3	77.5	8.6	-96.0	-244.6	1434.0	-180.5	-73.3	
78.60	28.1	25.7	-7.9	2.0	-42.1	77.6	4.2	-94.8	-243.0	1519.0	-446.0	-69.3	
78.65	28.5	26.1	-7.1	2.0	-45.4	77.7	-4.7	-96.2	-235.9	1622.6	-857.8	-69.8	
78.70	28.8	26.8	-4.3	2.0	-46.8	77.8	-10.0	-100.7	-237.4	1582.8	-1103.3	-61.6	
78.75	29.2	27.1	-0.8	2.0	-48.8	77.9	-17.5	-103.2	-243.5	1617.6	-1281.0	-51.4	
78.80	29.6	27.2	0.7	2.0	-52.9	78.0	-25.7	-101.4	-242.9	1849.2	-1492.4	-50.6	
78.85	29.9	27.1	2.9	2.0	-56.0	78.1	-24.3	-105.7	-236.5	2052.6	-1596.0	-45.9	
78.90	30.3	27.0	5.1	2.0	-57.8	78.2	-20.4	-111.8	-236.3	2203.6	-1606.6	-40.3	
78.95	30.7	27.0	4.5	2.0	-61.2	78.3	-28.8	-114.7	-239.7	2377.9	-1769.4	-45.7	
79.00	31.0	27.1	3.0	2.0	-64.8	78.4	-39.7	-120.1	-236.8	2503.0	-2023.1	-54.6	
79.05	31.4	26.8	3.4	2.0	-65.9	78.5	-37.6	-126.8	-232.4	2554.9	-2064.8	-54.2	
79.10	31.7	27.2	4.0	2.0	-64.5	78.6	-31.3	-124.9	-231.9	2522.2	-1955.2	-50.8	
79.15	32.1	28.0	2.2	2.0	-63.8	78.7	-32.5	-118.9	-231.8	2508.3	-1911.3	-56.1	
79.20	32.4	28.1	-0.0	2.0	-64.1	78.8	-33.5	-124.5	-230.8	2569.5	-1843.5	-64.2	
79.25	32.8	28.3	-0.1	2.0	-62.2	78.9	-28.0	-126.9	-231.4	2535.8	-1634.8	-62.6	
79.30	33.1	28.2	-0.6	2.0	-60.1	79.0	-20.9	-122.5	-231.1	2519.0	-1384.9	-62.2	
79.35	33.4	27.4	-2.4	2.0	-58.5	79.1	-18.2	-115.7	-227.4	2478.9	-1244.4	-66.8	
79.40	33.8	27.5	-3.4	2.0	-57.3	79.2	-15.0	-116.1	-225.1	2451.0	-1097.7	-69.0	
79.45	34.1	28.0	-3.9	2.0	-56.6	79.3	-10.0	-119.9	-225.9	2472.7	-882.5	-69.9	
79.50	34.5	28.6	-5.5	2.0	-56.5	79.4	-3.8	-123.2	-227.1	2536.1	-588.0	-75.5	
79.55	34.8	28.4	-7.6	2.0	-57.6	79.5	5.5	-128.5	-225.8	2663.0	-215.5	-83.6	
79.60	35.1	27.8	-9.8	2.0	-59.8	79.6	13.5	-134.6	-226.1	2815.7	157.2	-93.4	
79.65	35.4	26.8	-11.7	2.0	-62.2	79.7	18.1	-139.0	-229.5	2951.3	449.1	-102.4	
79.70	35.7	27.1	-12.3	2.0	-63.1	79.8	19.3	-142.0	-229.6	2988.6	579.1	-105.2	
79.75	36.0	27.2	-13.2	2.0	-62.7	79.9	21.9	-142.9	-226.1	2934.1	671.9	-107.9	
79.80	36.3	27.2	-15.3	2.0	-61.4	80.0	23.1	-136.2	-224.5	2827.0	773.0	-113.9	
79.85	36.6	26.7	-16.7	2.0	-60.8	80.1	20.5	-131.5	-225.9	2790.2	809.9	-118.1	
79.90	36.9	26.3	-16.2	2.0	-61.0	80.2	20.8	-135.4	-226.8	2782.9	824.2	-116.5	
79.95	37.2	26.1	-15.4	2.0	-60.3	80.3	23.5	-138.5	-224.5	2720.7	824.6	-113.2	
80.00	37.4	26.5	-15.5	2.0	-58.0	80.4	23.8	-132.1	-222.7	2569.0	796.6	-111.1	
80.05	37.7	26.9	-15.1	2.0	-55.2	80.5	19.8	-127.1	-221.8	2411.0	651.9	-107.2	
80.10	38.0	27.2	-14.0	2.0	-52.8	80.6	13.2	-129.1	-220.5	2279.1	360.9	-101.0	
80.15	38.2	27.0	-12.9	2.0	-49.4	80.7	5.1	-125.4	-217.7	2068.3	-26.3	-93.8	
80.20	38.5	26.1	-11.1	2.0	-47.1	80.8	-1.8	-116.3	-214.9	1883.2	-390.7	-85.3	
80.25	38.8	25.0	-9.5	2.0	-47.2	80.9	-7.5	-111.2	-213.2	1819.2	-692.4	-79.8	
80.30	39.0	24.2	-7.1	2.0	-50.7	81.0	-13.6	-120.4	-213.8	1952.3	-971.1	-75.1	
80.35	39.3	23.8	-6.2	2.0	-55.2	81.1	-17.9	-134.3	-216.8	2160.8	-1208.9	-76.3	
80.40	39.5	23.5	-3.9	2.0	-58.2	81.2	-20.6	-137.7	-216.6	2278.3	-1442.1	-71.6	
80.45	39.8	23.4	-1.3	2.0	-59.3	81.3	-19.9	-135.1	-212.5	2262.1	-1635.5	-63.7	
80.50	40.1	23.7	1.7	2.0	-59.3	81.4	-20.1	-132.1	-209.2	2139.2	-1804.6	-53.3	
80.55	40.3	24.1	2.8	2.0	-59.8	81.5	-26.4	-130.5	-211.1	2029.9	-1981.4	-50.3	
80.60	40.6	24.3	2.0	2.0	-61.2	81.6	-32.8	-133.3	-213.2	2008.9	-2131.0	-54.2	
80.65	40.8	24.8	2.3	2.0	-62.0	81.7	-31.4	-139.0	-212.2	2045.4	-2158.4	-54.1	
80.70	41.1	25.3	2.5	2.0	-60.9	81.8	-26.5	-137.7	-211.1	2031.3	-2068.4	-52.3	
80.75	41.3	24.9	1.5	2.0	-58.3	81.9	-24.8	-130.3	-213.0	1931.1	-1922.6	-53.1	
80.80	41.6	25.2	-0.2	2.0	-54.9	82.0	-24.5	-123.6	-215.0	1754.5	-1757.9	-55.4	
80.85	41.8	25.8	-1.8	2.0	-51.5	82.1	-22.6	-120.7	-213.4	1578.6	-1588.5	-57.8	
80.90	42.0	26.7	-4.1	2.0	-48.1	82.2	-17.8	-115.6	-209.3	1442.3	-1382.6	-62.1	
80.95	42.2	26.3	-5.6	2.0	-44.7	82.3	-8.6	-110.3	-206.5	1410.6	-1062.8	-63.9	
81.00	42.5	25.9	-8.0	2.0	-43.4	82.4	1.2	-112.5	-205.7	1519.0	-666.0	-70.9	
81.05	42.7	26.0	-12.1	2.0	-45.2	82.5	8.6	-122.4	-206.9	1745.7	-272.0	-86.6	
81.10	42.9	26.0	-15.0	2.0	-47.5	82.6	12.1	-129.0	-207.0	1918.0	33.8	-99.1	
81.15	43.1	25.9	-15.9	2.0	-48.4	82.7	16.5	-129.0	-206.9	1964.9	316.3	-103.0	
81.20	43.3	25.5	-15.6	2.0	-47.7	82.8	22.6	-122.3	-204.0	1876.2	551.4	-101.2	
81.25	43.5	25.5	-15.7	2.0	-47.5	82.9	27.5	-115.5	-199.6	1817.0	726.5	-101.5	
81.30	43.7	25.6	-17.1	2.0	-48.5	83.0	29.5	-114.6	-196.0	1850.9	855.9	-107.1	
81.35	43.9	25.7	-18.7	2.0	-50.6	83.1	32.5	-119.5	-195.2	1926.4	1022.8	-114.9	
81.40	44.1	25.1	-19.2	2.0	-54.2	83.2	38.7	-127.6	-196.0	2081.3	1238.5	-120.1	
81.45	44.3	24.4	-18.7	2.0	-57.5	83.3	46.2	-133.5	-193.9	2247.7	1403.2	-121.6	
81.50	44.6	23.9	-17.5	2.0	-59.3	83.4	51.1	-138.1	-191.7	2345.2	1481.6	-119.3	
81.55	44.8	23.2	-16.9	2.0	-58.5	83.5	49.5	-135.3	-193.6	2293.2	1470.2	-116.5	
81.60	45.0	22.9	-17.0	2.0	-56.0	83.6	42.3	-128.6	-196.4	2189.2	1322.5	-114.3	
81.65	45.2	23.0	-18.1	2.0	-54.0	83.7	35.3	-126.0	-193.5	2177.1	1052.8	-116.3	
81.70	45.4	22.1	-17.0	2.0	-53.8	83.8	31.2	-130.5	-188.6	2273.9	767.4	-112.3	
81.75	45.6	21.6	-15.4	2.0	-55.9	83.9	30.9	-136.3	-190.8	2452.6	657.4	-108.6	
81.80	45.9	21.4	-13.7	2.0	-59.0	84.0	30.3	-143.3	-196.5	2678.9	635.2	-106.1	
81.85	46.1	22.5	-14.6	2.0	-61.5	84.1	27.4	-152.5	-197.4	2867.8	512.5	-111.8	
81.90	46.3	23.1	-13.4	2.0	-62.0	84.2	24.1	-158.6	-196.5	2915.3	327.0	-108.1	
81.95	46.5	23.3	-10.1	2.0	-60.5	84.3	22.3	-155.2	-199.6	2823.3	171.4	-95.1	
82.00	46.7	22.5	-8.5	2.0	-59.1	84.4	16.3	-147.2	-200.0	2746.0	-90.4	-88.2	
82.05	46.9	22.4	-8.1	2.0	-59.3	84.5	7.6	-144.3	-195.9	2738.5	-453.1	-86.9	
82.10	47.0	22.4	-7.8	2.0	-60.7	84.6	0.0	-148.8	-194.5	2768.9	-767.6	-87.5	
82.15	47.2	21.5	-6.6	2.0	-61.5	84.7	-4.7	-149.1	-197.4	2774.2	-945.2	-84.1	
82.20	47.4	20.7	-5.1	2.0	-62.9	84.8	-7.3	-149.2	-196.5	2840.6	-1069.0	-80.3	
82.25	47.6	20.0	-3.8	2.0	-63.8	84.9	-6.7	-152.3	-192.8	2883.8	-1131.1	-76.7	
82.30	47.7	19.6	-1.8	2.0	-62.5	85.0	-6.1	-152.8	-193.1	2771.8	-1134.5	-68.8	
82.35	47.9	19.9	-1.0	2.0	-59.2	85.1	-7.5	-142.7	-195.0	2521.8	-1156.2	-62.5	
82.40	48.1	20.3	-0.9	2.0	-58.1	85.2	-10.4	-137.1	-189.2	2380.1	-1300.4	-61.0	
82.45	48.2	20.3	-1.4	2.0	-58.5	85.3	-9.1	-141.1	-182.0	2371.0	-1372.1	-63.3	
82.50	48.4	20.4	-1.7	2.0	-58.0	85.4	-6.4	-142.9	-183.5	2386.3	-1254.8	-63.8	
82.55	48.5	20.4	-2.2	2.0	-56.8	85.5	-5.5	-137.7	-186.8	2384.7	-1069.6	-64.4	
82.60	48.7	20.4	-4.5	2.0	-55.3	85.6	-1.6	-136.4	-183.0	2359.1	-860.8	-70.6	
82.65	48.9	19.7	-5.2	2.0	-52.8	85.7	5.2	-135.5	-180.0	2251.6	-587.1	-70.5	
82.70	49.0	19.5	-5.4	2.0	-50.2	85.8	11.6	-130.6	-183.4	2121.7	-248.5	-68.7	
82.75	49.2	19.7	-6.5	2.0	-49.6	85.9	16.3	-129.4	-185.0	2091.0	51.3	-71.9	
82.80	49.4	19.2	-12.0	2.0	-50.7	86.0	19.2	-132.9	-181.3	2152.5	267.8	-91.8	
82.85	49.6	19.2	-14.9	2.0	-52.8	86.1	23.0	-138.2	-179.6	2256.9	492.0	-104.0	
82.90	49.7	19.6	-15.6	2.0	-55.0	86.2	28.4	-142.9	-183.5	2328.8	784.8	-108.6	
82.95	49.9	19.5	-16.6	2.0	-56.5	86.3	33.1	-145.8	-185.2	2339.6	1040.6	-113.5	
83.00	50.1	19.5	-18.3	2.0	-57.5	86.4	37.2	-146.3	-182.0	2322.7	1240.5	-120.2	
83.05	50.3	19.8	-18.4	2.0	-57.9	86.5	40.4	-142.6	-182.6	2248.6	1449.0	-121.0	
83.10	50.4	20.6	-17.1	2.0	-58.3	86.6	41.3	-139.5	-186.7	2186.9	1592.7	-116.9	
83.15	50.6	21.4	-17.3	2.0	-57.6	86.7	39.6	-138.5	-186.5	2158.5	1549.7	-116.9	
83.20	50.7	22.0	-17.9	2.0	-56.0	86.8	36.8	-138.4	-182.0	2146.8	1365.6	-117.4	
83.25	50.9	22.2	-17.7	2.0	-55.0	86.9	34.0	-142.1	-180.1	2160.3	1174.9	-115.6	
83.30	51.1	21.8	-17.7	2.0	-54.9	87.0	30.4	-149.2	-181.1	2216.3	999.1	-115.7	
83.35	51.2	21.7	-16.8	2.0	-54.5	87.1	24.9	-151.8	-181.5	2265.9	798.1	-112.3	
83.40	51.4	21.9	-15.5	2.0	-53.0	87.2	19.9	-148.3	-180.3	2230.4	558.3	-106.1	
83.45	51.5	22.8	-11.4	2.0	-50.4	87.3	15.6	-143.6	-178.5	2100.9	259.1	-89.6	
83.50	51.6	23.0	-6.8	2.0	-48.4	87.4	11.0	-137.4	-177.1	1986.3	-73.6	-71.7	
83.55	51.8	23.1	-4.0	2.0	-49.4	87.5	2.5	-134.7	-174.6	2018.4	-464.1	-63.1	
83.60	51.9	23.6	-4.3	2.0	-52.9	87.6	-6.3	-138.1	-171.7	2170.2	-855.1	-67.8	
83.65	52.0	23.6	-2.3	2.0	-56.6	87.7	-13.2	-143.5	-171.4	2321.3	-1165.2	-64.6	
83.70	52.2	23.6	-1.3	2.0	-58.6	87.8	-16.7	-145.8	-172.2	2372.5	-1367.5	-62.9	
83.75	52.3	24.1	0.4	2.0	-59.7	87.9	-18.9	-146.3	-170.0	2373.4	-1526.5	-58.3	
83.80	52.4	24.3	-0.1	2.0	-60.6	88.0	-23.0	-146.7	-167.7	2357.6	-1669.6	-61.0	
83.85	52.6	24.4	1.7	2.0	-61.0	88.1	-27.7	-144.6	-171.8	2365.2	-1707.6	-55.3	
83.90	52.7	24.3	3.1	2.0	-60.9	88.2	-28.3	-141.2	-176.8	2402.7	-1657.1	-50.3	
83.95	52.9	24.1	2.3	2.0	-62.3	88.3	-26.6	-142.0	-173.4	2517.0	-1672.1	-54.3	
84.00	53.0	23.7	-0.9	2.0	-64.8	88.4	-26.3	-148.6	-166.9	2692.3	-1733.8	-68.0	
84.05	53.1	23.1	-1.4	2.0	-65.9	88.5	-24.0	-154.5	-169.1	2845.9	-1598.4	-70.7	
84.10	53.3	22.6	-1.3	2.0	-65.5	88.6	-19.6	-156.0	-175.5	2969.2	-1272.5	-69.9	
84.15	53.4	22.5	-2.5	2.0	-65.2	88.7	-15.6	-154.8	-175.7	3055.5	-969.7	-73.8	
84.20	53.5	22.9	-3.8	2.0	-65.3	88.8	-11.6	-156.0	-173.1	3119.2	-769.3	-78.4	
84.25	53.7	23.1	-3.5	2.0	-65.3	88.9	-7.5	-160.0	-174.0	3145.9	-619.7	-77.3	
84.30	53.8	22.7	-4.7	2.0	-65.5	89.0	-4.2	-163.3	-176.7	3174.0	-459.8	-81.7	
84.35	53.9	22.1	-8.0	2.0	-66.0	89.1	-5.4	-162.4	-175.4	3221.9	-393.9	-93.5	
84.40	54.1	22.2	-11.7	2.0	-65.5	89.2	-7.3	-160.9	-172.2	3194.7	-375.6	-105.6	
84.45	54.2	22.1	-11.5	2.0	-62.8	89.3	-3.4	-158.4	-171.8	3008.8	-254.3	-102.2	
84.50	54.3	21.9	-10.4	2.0	-59.9	89.4	2.3	-156.3	-168.8	2810.0	-143.8	-95.5	
84.55	54.4	21.7	-10.4	2.0	-58.8	89.5	9.0	-155.6	-163.0	2735.3	8.5	-94.6	
84.60	54.5	21.8	-10.9	2.0	-59.5	89.6	13.9	-155.5	-163.8	2770.2	252.9	-96.9	
84.65	54.6	22.0	-12.2	2.0	-61.0	89.7	15.2	-157.1	-168.1	2859.2	421.8	-99.2	
84.70	54.7	22.2	-31.5	1.5	-62.0	89.8	14.6	-161.8	-165.9	2935.3	360.7	-111.8	
84.75	54.9	22.8	-27.9	1.2	-61.9	89.9	14.0	-164.5	-157.7	2936.0	174.7	-113.1	
84.80	55.0	23.2	-23.5	0.9	-60.8	89.9	14.0	-160.6	-155.6	2871.9	116.0	-107.4	
84.85	55.1	23.1	-20.7	0.7	-59.5	90.0	12.2	-153.6	-159.6	2787.7	189.9	-101.5	
84.90	55.2	23.3	-20.4	0.5	-59.1	90.0	8.2	-153.6	-159.8	2757.2	222.4	-107.6	
84.95	55.3	23.3	-18.8	0.4	-59.5	90.0	8.3	-159.2	-157.8	2765.8	241.8	-108.0	
85.00	55.4	22.8	-15.3	0.3	-59.9	90.0	14.5	-163.8	-160.7	2772.0	357.4	-100.3	
85.05	55.5	23.5	-13.0	0.2	-60.1	90.1	19.5	-164.4	-162.6	2773.1	430.6	-95.9	
85.10	55.6	23.5	-13.6	0.2	-59.8	90.1	18.1	-163.0	-159.2	2769.4	346.9	-99.8	
85.15	55.7	22.8	-13.7	0.1	-57.8	90.1	10.9	-156.4	-159.9	2649.8	210.4	-99.7	
85.20	55.8	23.0	-10.4	0.1	-54.0	90.1	3.6	-145.8	-164.6	2399.6	80.8	-86.1	
85.25	55.9	23.6	-9.6	0.1	-51.1	90.1	2.7	-139.6	-163.4	2199.3	-74.4	-81.5	
85.30	56.0	24.6	-10.0	0.0	-50.5	90.1	2.4	-137.8	-156.8	2144.6	-247.5	-82.8	
85.35	56.1	25.3	-10.3	0.0	-51.5	90.1	1.3	-140.7	-158.5	2214.9	-267.4	-85.2	
85.40	56.3	25.5	-9.9	0.0	-54.1	90.1	-3.6	-147.8	-167.3	2382.5	-247.6	-86.8	
85.45	56.4	25.5	-10.2	0.0	-57.2	90.1	-9.4	-157.3	-169.1	2569.1	-391.1	-91.2	
85.50	56.5	26.0	-9.7	0.0	-58.5	90.1	-7.7	-160.3	-162.8	2627.6	-598.5	-91.0	
85.55	56.5	26.3	-7.8	0.0	-57.9	90.1	-4.2	-154.9	-157.3	2569.1	-742.9	-84.2	
85.60	56.6	26.4	-5.6	0.0	-57.9	90.1	-4.6	-149.9	-157.1	2561.3	-821.8	-76.9	
85.65	56.7	26.2	-4.5	0.0	-60.2	90.1	-9.6	-153.3	-157.7	2702.8	-900.0	-75.4	
85.70	56.8	26.3	-5.2	0.0	-62.6	90.1	-11.1	-159.1	-157.7	2873.9	-910.9	-80.4	
85.75	56.9	26.4	-4.1	0.0	-64.5	90.1	-6.0	-163.7	-155.8	3026.0	-864.9	-78.5	
85.80	56.9	25.2	-2.4	0.0	-66.0	90.1	0.1	-167.0	-152.1	3147.9	-820.1	-74.1	
85.85	57.0	24.6	-3.1	0.0	-66.9	90.1	2.4	-168.3	-150.8	3228.1	-757.0	-77.3	
85.90	57.1	24.3	-4.0	0.0	-66.9	90.1	-1.8	-167.4	-152.4	3243.8	-704.7	-80.4	
85.95	57.2	24.8	-4.6	0.0	-65.6	90.1	-4.4	-163.6	-153.9	3167.4	-640.2	-81.2	
86.00	57.3	24.2	-4.9	0.0	-64.1	90.1	-0.1	-161.5	-150.3	3080.3	-539.4	-80.9	
86.05	57.4	23.4	-3.8	0.0	-64.5	90.1	10.8	-163.3	-145.0	3138.9	-327.8	-77.4	
86.10	57.4	23.3	-4.4	0.0	-67.6	90.1	19.5	-169.5	-144.6	3369.9	-13.9	-82.6	
86.15	57.5	23.2	-6.7	0.0	-71.8	90.1	21.7	-177.9	-149.8	3644.0	307.8	-94.6	
86.20	57.6	23.0	-8.6	0.0	-74.8	90.1	23.8	-185.2	-153.2	3819.2	562.4	-104.4	
86.25	57.7	22.6	-8.8	0.0	-75.0	90.1	30.1	-184.7	-150.9	3810.2	733.9	-105.3	
86.30	57.8	22.4	-7.3	0.0	-73.7	90.1	37.5	-177.6	-147.2	3698.6	868.3	-98.8	
86.35	57.9	22.3	-6.7	0.0	-73.2	90.1	41.3	-170.9	-147.7	3635.0	1022.5	-96.1	
86.40	58.0	22.4	-9.1	0.0	-73.8	90.1	38.0	-169.5	-153.1	3646.3	1154.9	-105.0	
86.45	58.1	22.7	-11.3	0.0	-75.4	90.1	34.3	-178.6	-155.4	3733.0	1207.1	-114.1	
86.50	58.2	22.9	-11.4	0.0	-77.9	90.1	39.4	-190.1	-153.2	3864.1	1292.8	-117.2	
86.55	58.3	23.0	-9.9	0.0	-79.4	90.1	47.6	-189.6	-152.4	3929.2	1444.6	-113.3	
86.60	58.4	23.0	-7.8	0.0	-79.1	90.1	51.4	-182.4	-152.7	3886.6	1529.1	-106.0	
86.65	58.5	23.4	-9.3	0.0	-76.7	90.1	50.0	-178.5	-152.1	3726.1	1477.1	-108.6	
86.70	58.5	24.4	-9.4	0.0	-73.1	90.1	44.8	-175.2	-151.7	3502.4	1338.5	-105.4	
86.75	58.6	24.2	-9.7	0.0	-70.2	90.1	42.9	-169.6	-149.5	3346.7	1185.9	-103.6	
86.80	58.7	23.7	-9.6	0.0	-69.1	90.1	43.4	-166.0	-146.1	3314.8	1053.0	-102.1	
86.85	58.8	22.9	-9.3	0.0	-69.1	90.1	42.3	-169.5	-146.0	3340.7	952.3	-101.2	
86.90	58.8	23.6	-10.9	0.0	-69.1	90.1	37.0	-178.4	-146.6	3354.4	789.0	-106.5	
86.95	58.9	24.2	-11.5	0.0	-67.7	90.1	29.0	-181.2	-146.5	3283.8	598.2	-107.3	
87.00	59.0	24.4	-11.4	0.0	-65.7	90.1	25.3	-176.8	-145.7	3169.5	470.1	-104.9	
87.05	59.0	24.7	-9.4	0.0	-64.1	90.1	26.2	-169.5	-143.6	3082.8	351.1	-96.2	
87.10	59.1	24.6	-7.5	0.0	-63.7	90.1	25.5	-164.4	-142.7	3083.5	205.2	-89.4	
87.15	59.2	24.2	-6.6	0.0	-64.1	90.1	21.0	-166.0	-143.3	3112.6	53.0	-86.6	
87.20	59.2	24.3	-8.3	0.0	-65.2	90.1	15.9	-173.1	-142.6	3178.1	-99.8	-93.6	
87.25	59.3	24.3	-8.8	0.0	-66.0	90.1	12.0	-175.1	-143.0	3228.7	-191.8	-96.2	
87.30	59.4	24.4	-6.6	0.0	-65.9	90.1	12.4	-172.4	-145.8	3231.7	-174.9	-88.6	
87.35	59.4	24.3	-4.0	0.0	-65.0	90.1	13.9	-168.1	-147.3	3168.7	-186.1	-78.6	
87.40	59.5	24.1	-5.2	0.0	-65.0	90.1	12.8	-169.7	-146.2	3159.9	-272.4	-82.8	
87.45	59.6	24.1	-7.0	0.0	-65.7	90.1	7.0	-174.4	-145.0	3187.4	-397.7	-89.5	
87.50	59.6	24.2	-7.6	0.0	-66.5	90.1	7.5	-175.3	-148.6	3254.2	-342.7	-92.7	
87.55	59.7	24.9	-5.7	0.0	-66.9	90.1	12.9	-169.2	-151.3	3305.0	-203.5	-86.4	
87.60	59.8	25.4	-5.3	0.0	-67.6	90.1	17.4	-169.2	-147.3	3368.6	-162.8	-85.9	
87.65	59.8	25.4	-6.1	0.0	-68.5	90.1	19.9	-174.8	-143.9	3421.4	-133.7	-89.5	
87.70	59.9	25.6	-7.0	0.0	-68.5	90.1	20.2	-176.0	-147.3	3417.0	13.8	-92.5	
87.75	60.0	25.7	-8.5	0.0	-68.0	90.1	18.7	-173.1	-151.3	3383.3	179.3	-97.3	
87.80	60.0	25.5	-9.1	0.0	-68.0	90.1	20.2	-171.1	-150.8	3381.7	275.6	-99.1	
87.85	60.1	24.7	-8.9	0.0	-68.4	90.1	26.3	-174.5	-146.1	3392.7	334.9	-98.9	
87.90	60.2	23.9	-10.1	0.0	-68.1	90.1	30.8	-176.6	-143.1	3356.2	435.3	-102.8	
87.95	60.2	23.2	-11.2	0.0	-68.8	90.1	32.4	-175.9	-144.0	3378.8	622.4	-107.3	
88.00	60.3	22.9	-13.1	0.0	-70.8	90.1	34.5	-179.0	-143.4	3483.3	822.6	-115.8	
88.05	60.4	22.1	-13.6	0.0	-72.8	90.1	38.0	-185.2	-141.4	3569.6	1016.6	-119.5	
88.10	60.4	21.2	-13.0	0.0	-72.7	90.1	43.4	-183.9	-141.0	3498.6	1226.2	-117.3	
88.15	60.5	21.4	-14.1	0.0	-70.9	90.1	44.6	-177.9	-140.0	3339.7	1315.5	-119.2	
88.20	60.5	22.0	-16.8	0.0	-69.7	90.1	40.7	-177.4	-137.0	3267.2	1269.4	-127.3	
88.25	60.6	22.4	-17.9	0.0	-69.5	90.1	36.1	-178.3	-137.0	3265.7	1231.7	-131.1	
88.30	60.7	22.0	-18.4	0.0	-69.4	90.1	35.4	-177.0	-140.6	3238.8	1282.1	-132.6	
88.35	60.7	21.8	-19.0	0.0	-69.3	90.1	34.7	-176.3	-140.1	3245.9	1243.2	-134.5	
88.40	60.8	21.5	-19.5	0.0	-69.0	90.1	31.8	-181.0	-134.8	3281.2	1060.6	-135.9	
88.45	60.9	21.1	-16.9	0.0	-69.2	90.1	33.4	-185.6	-136.3	3288.4	1035.5	-127.4	
88.50	60.9	22.0	-14.2	0.0	-69.2	90.1	34.9	-182.4	-142.5	3267.0	1099.2	-117.9	
88.55	61.0	22.4	-15.2	0.0	-68.6	90.1	28.5	-178.0	-142.4	3294.2	917.4	-120.7	
88.60	61.1	22.3	-15.9	0.0	-66.4	90.1	19.1	-176.0	-139.6	3222.0	533.8	-121.1	
88.65	61.1	21.2	-13.7	0.0	-63.3	90.1	13.5	-175.3	-141.0	3030.4	176.4	-110.3	
88.70	61.2	21.6	-11.9	0.0	-61.8	90.1	7.9	-174.1	-142.8	2920.2	-150.1	-102.6	
88.75	61.3	22.7	-12.4	0.0	-62.4	90.1	-1.0	-169.4	-141.1	2942.3	-491.6	-105.0	
88.80	61.3	23.9	-11.5	0.0	-62.8	90.1	-8.5	-166.2	-142.3	2932.2	-721.9	-102.1	
88.85	61.4	23.6	-8.8	0.0	-62.3	90.1	-10.1	-170.7	-147.1	2847.8	-816.2	-92.5	
88.90	61.5	22.9	-5.6	0.0	-62.1	90.1	-10.4	-173.4	-144.8	2774.4	-991.7	-81.5	
88.95	61.5	22.5	-3.9	0.0	-62.9	90.1	-11.7	-170.9	-137.1	2764.5	-1216.8	-76.2	
89.00	61.6	22.7	-2.3	0.0	-63.3	90.1	-11.6	-166.4	-136.3	2785.6	-1262.7	-71.2	
89.05	61.7	22.9	-1.8	0.0	-64.0	90.1	-12.0	-167.1	-140.8	2858.0	-1219.9	-70.1	
89.10	61.7	23.0	-3.3	0.0	-67.3	90.1	-16.8	-175.7	-139.3	3053.2	-1331.2	-78.5	
89.15	61.8	22.7	-4.7	0.0	-70.9	90.1	-20.0	-184.9	-133.3	3280.0	-1445.6	-87.0	
89.20	61.8	22.1	-3.7	0.0	-71.7	90.1	-15.0	-188.0	-133.3	3405.5	-1275.6	-84.5	
89.25	61.9	21.3	-2.5	0.0	-72.0	90.1	-8.0	-187.9	-136.8	3532.3	-938.7	-80.6	
89.30	62.0	22.0	-5.0	0.0	-73.4	90.1	-8.6	-190.3	-134.7	3680.6	-773.9	-90.8	
89.35	62.0	22.0	-7.3	0.0	-73.6	90.1	-10.4	-193.6	-132.2	3706.9	-670.9	-98.8	
89.40	62.1	21.4	-7.3	0.0	-71.6	90.1	-3.2	-191.1	-134.1	3596.7	-415.2	-96.6	
89.45	62.2	21.9	-7.6	0.0	-70.1	90.1	7.5	-187.4	-131.1	3517.3	-165.5	-96.3	
89.50	62.3	22.3	-10.0	0.0	-70.3	90.1	13.2	-186.0	-124.8	3542.6	5.5	-104.6	
89.55	62.4	22.6	-12.0	0.0	-70.2	90.1	13.6	-184.3	-127.8	3532.5	244.1	-111.4	
89.60	62.4	22.7	-12.2	0.0	-70.3	90.1	17.1	-186.6	-135.8	3487.1	567.7	-112.0	
89.65	62.5	22.4	-12.3	0.0	-71.2	90.1	23.1	-191.2	-133.4	3511.9	732.6	-113.5	
89.70	62.6	22.1	-13.2	0.0	-72.4	90.1	26.3	-191.6	-126.0	3599.6	762.6	-117.7	
89.75	62.7	21.8	-12.1	0.0	-72.6	90.1	28.1	-186.5	-129.0	3595.8	897.3	-114.2	
89.80	62.8	22.7	-10.9	0.0	-72.4	90.1	28.1	-184.7	-136.0	3546.5	1020.5	-109.8	
89.85	62.9	23.1	-13.1	0.0	-73.9	90.1	24.4	-189.2	-134.5	3679.6	920.3	-119.0	
89.90	63.0	22.0	-15.0	0.0	-76.5	90.1	22.2	-196.9	-129.0	3907.8	750.7	-128.2	
89.95	63.1	22.1	-13.2	0.0	-78.5	90.1	26.6	-202.9	-132.1	4029.3	802.3	-124.0	
90.00	63.2	22.6	-11.2	0.0	-79.8	90.1	29.8	-209.5	-136.5	4085.3	867.4	-118.3	
90.05	63.3	23.2	-12.0	0.0	-80.9	90.1	27.1	-215.0	-131.5	4187.3	727.9	-121.9	
90.10	63.4	22.8	-11.4	0.0	-80.0	90.1	23.8	-210.8	-128.0	4154.6	601.7	-119.1	
90.15	63.4	22.3	-8.3	0.0	-77.2	90.1	24.5	-203.3	-131.6	3964.6	591.3	-105.8	
90.20	63.5	22.0	-6.4	0.0	-74.7	90.1	23.2	-198.7	-130.1	3806.7	419.5	-96.5	
90.25	63.6	21.3	-7.7	0.0	-73.8	90.1	15.9	-197.5	-122.5	3777.3	68.0	-100.3	
90.30	63.7	20.8	-7.4	0.0	-73.4	90.1	9.4	-194.9	-122.3	3755.2	-127.3	-98.8	
90.35	63.8	20.7	-5.8	0.0	-72.1	90.1	5.6	-192.2	-128.7	3656.0	-170.0	-92.0	
90.40	63.9	20.4	-5.8	0.0	-71.8	90.1	-0.5	-195.6	-127.6	3613.5	-361.3	-91.7	
90.45	63.9	20.1	-6.1	0.0	-72.3	90.1	-5.7	-197.6	-120.3	3614.2	-631.3	-93.2	
90.50	64.0	19.7	-3.8	0.0	-71.9	90.1	-4.2	-195.5	-120.3	3578.2	-690.4	-85.1	
90.55	64.1	19.6	-1.4	0.0	-70.9	90.1	-1.1	-192.3	-122.5	3512.1	-655.3	-75.8	
90.60	64.2	19.4	-2.6	0.0	-72.3	90.1	-1.5	-194.2	-117.7	3604.5	-746.2	-81.2	
90.65	64.3	19.1	-3.1	0.0	-75.4	90.1	-5.3	-198.0	-115.5	3814.0	-844.7	-86.1	
90.70	64.4	19.4	-1.8	0.0	-76.8	90.1	-3.2	-197.9	-122.1	3940.9	-725.8	-82.9	
90.75	64.5	19.9	-0.4	0.0	-77.8	90.1	1.4	-199.5	-124.3	4025.7	-637.8	-79.3	
90.80	64.6	20.5	-2.1	0.0	-79.9	90.1	1.4	-205.3	-117.6	4156.3	-718.6	-86.9	
90.85	64.7	19.9	-4.0	0.0	-80.6	90.1	-2.3	-207.4	-117.2	4208.9	-713.8	-94.4	
90.90	64.8	19.7	-4.6	0.0	-79.6	90.1	-2.8	-205.7	-125.6	4161.0	-522.4	-95.4	
90.95	64.9	19.8	-5.3	0.0	-78.8	90.1	2.8	-205.2	-125.2	4116.4	-369.8	-97.0	
91.00	65.0	19.3	-5.9	0.0	-79.2	90.1	11.3	-205.7	-116.7	4156.0	-273.0	-99.6	
91.05	65.1	19.4	-6.2	0.0	-79.3	90.1	20.0	-204.6	-117.0	4173.0	-17.2	-100.7	
91.10	65.2	19.9	-5.9	0.0	-79.3	90.1	25.0	-204.2	-124.7	4156.9	311.6	-99.6	
91.15	65.3	20.1	-7.0	0.0	-80.5	90.1	26.4	-209.1	-123.8	4215.4	478.2	-104.6	
91.20	65.4	20.9	-8.2	0.0	-80.7	90.1	29.0	-208.2	-118.1	4228.5	584.7	-108.9	
91.25	65.5	21.7	-7.1	0.0	-79.4	90.1	34.5	-198.7	-117.8	4122.5	784.9	-103.9	
91.30	65.6	21.6	-6.4	0.0	-78.6	90.1	37.6	-194.8	-117.7	4040.4	917.1	-100.7	
91.35	65.6	21.9	-9.9	0.0	-79.8	90.1	33.8	-201.7	-113.2	4129.9	863.0	-113.8	
91.40	65.7	22.2	-12.9	0.0	-81.8	90.1	29.2	-209.4	-113.8	4262.0	876.0	-125.9	
91.45	65.8	21.9	-12.5	0.0	-83.4	90.1	32.3	-211.0	-119.6	4325.2	1092.2	-126.4	
91.50	65.9	21.9	-11.3	0.0	-84.8	90.1	39.5	-213.1	-117.9	4386.3	1230.4	-123.7	
91.55	66.0	22.2	-11.8	0.0	-85.1	90.1	42.4	-215.5	-110.0	4421.0	1191.2	-125.6	
91.60	66.0	22.6	-10.5	0.0	-83.8	90.1	40.1	-212.4	-109.6	4332.9	1164.6	-119.9	
91.65	66.1	22.3	-8.6	0.0	-81.0	90.1	37.5	-203.4	-115.4	4135.9	1182.3	-110.7	
91.70	66.2	21.8	-8.8	0.0	-78.8	90.1	36.7	-198.5	-112.6	4026.0	1027.5	-108.9	
91.75	66.3	21.5	-8.7	0.0	-78.2	90.1	34.3	-199.0	-104.7	4042.3	733.0	-108.1	
91.80	66.3	20.6	-8.4	0.0	-77.2	90.1	31.5	-196.6	-108.0	3996.3	610.7	-106.0	
91.85	66.4	20.2	-7.1	0.0	-75.8	90.1	28.2	-195.3	-116.7	3891.7	580.1	-100.2	
91.90	66.5	21.1	-8.2	0.0	-74.6	90.1	22.1	-196.1	-116.0	3825.4	390.7	-102.6	
91.95	66.6	22.4	-8.2	0.0	-74.1	90.1	19.2	-197.6	-111.0	3798.7	196.1	-102.2	
92.00	66.7	23.0	-5.4	0.0	-73.1	90.1	21.5	-194.8	-113.8	3732.8	183.6	-91.7	
92.05	66.7	22.8	-4.5	0.0	-73.2	90.1	20.1	-193.7	-117.2	3743.6	103.7	-88.8	
92.10	66.8	21.8	-6.4	0.0	-75.2	90.1	11.6	-197.5	-115.0	3882.4	-191.7	-97.2	
92.15	66.9	21.7	-5.4	0.0	-77.1	90.1	6.4	-202.8	-114.5	3997.3	-410.7	-95.6	
92.20	67.0	22.5	-3.9	0.0	-77.7	90.1	6.9	-204.9	-118.9	4031.7	-437.3	-91.2	
92.25	67.0	21.7	-4.2	0.0	-77.8	90.1	7.9	-204.1	-118.3	4040.5	-449.6	-92.1	
92.30	67.1	21.8	-4.2	0.0	-77.7	90.1	6.6	-202.2	-113.7	4034.5	-492.5	-92.1	
92.35	67.2	22.5	-3.8	0.0	-76.1	90.1	7.0	-198.7	-114.7	3934.1	-405.0	-89.1	
92.40	67.3	22.4	-2.0	0.0	-73.4	90.1	8.6	-192.4	-119.0	3759.5	-248.3	-80.4	
92.45	67.3	22.9	-3.3	0.0	-72.6	90.1	8.9	-191.3	-115.9	3701.5	-244.3	-84.0	
92.50	67.4	23.4	-6.4	0.0	-73.7	90.1	6.1	-194.9	-109.3	3772.1	-362.1	-95.8	
92.55	67.5	23.4	-6.4	0.0	-74.4	90.1	4.3	-197.0	-111.5	3820.7	-311.8	-96.4	
92.60	67.5	23.9	-5.8	0.0	-74.1	90.1	7.5	-196.1	-116.1	3806.3	-123.3	-94.0	
92.65	67.6	24.3	-7.2	0.0	-74.9	90.1	9.9	-196.9	-110.6	3869.2	-55.1	-99.5	
92.70	67.6	24.1	-7.2	0.0	-76.3	90.1	13.6	-198.0	-104.1	3980.7	43.2	-101.2	
92.75	67.7	24.1	-3.3	0.0	-78.5	90.1	23.1	-200.2	-106.9	4113.0	388.9	-89.7	
92.80	67.7	24.2	-2.2	0.0	-82.3	90.1	32.3	-205.2	-109.8	4342.5	720.0	-89.8	
92.85	67.8	24.3	-5.1	0.0	-87.1	90.1	33.4	-213.5	-104.6	4675.3	789.7	-104.7	
92.90	67.9	24.4	-6.0	0.0	-89.9	90.1	33.4	-217.2	-102.8	4871.5	843.3	-110.3	
92.95	67.9	24.4	-4.8	0.0	-90.0	90.1	35.9	-217.3	-108.1	4851.4	985.6	-106.4	
93.00	68.0	24.4	-6.4	0.0	-89.2	90.1	34.5	-215.5	-107.4	4795.0	972.4	-111.3	
93.05	68.1	23.9	-8.4	0.0	-88.7	90.1	29.1	-214.1	-102.6	4789.9	852.1	-117.7	
93.10	68.1	23.6	-8.3	0.0	-88.1	90.1	27.9	-211.6	-105.6	4742.4	915.7	-116.7	
93.15	68.2	23.4	-6.6	0.0	-87.6	90.1	30.5	-209.1	-112.7	4668.5	1082.9	-110.4	
93.20	68.3	23.5	-6.6	0.0	-87.4	90.1	31.2	-209.8	-109.9	4659.8	1048.0	-110.1	
93.25	68.3	23.3	-7.1	0.0	-87.3	90.1	32.6	-211.8	-104.3	4670.1	938.8	-111.8	
93.30	68.4	22.8	-4.7	0.0	-86.2	90.1	36.8	-209.2	-107.3	4577.7	989.4	-102.2	
93.35	68.5	22.1	-2.5	0.0	-84.3	90.1	36.6	-203.2	-111.2	4442.8	1005.9	-93.0	
93.40	68.6	21.6	-4.0	0.0	-82.6	90.1	29.1	-200.8	-108.8	4366.8	777.6	-96.3	
93.45	68.6	21.3	-6.1	0.0	-81.8	90.1	20.4	-205.3	-106.3	4345.2	465.0	-102.7	
93.50	68.7	21.7	-5.3	0.0	-81.2	90.1	14.1	-209.8	-109.5	4305.4	251.1	-99.4	
93.55	68.8	21.8	-3.7	0.0	-81.8	90.1	7.3	-213.2	-111.7	4344.3	45.3	-94.4	
93.60	68.8	21.7	-6.1	0.0	-83.7	90.1	-0.9	-217.0	-108.2	4472.3	-235.0	-104.6	
93.65	68.9	21.6	-7.4	0.0	-85.0	90.1	-9.3	-218.6	-106.8	4553.0	-473.2	-110.3	
93.70	68.9	21.2	-5.1	0.0	-84.3	90.1	-10.4	-217.0	-109.4	4491.8	-559.1	-101.8	
93.75	69.0	21.4	-1.6	0.0	-83.5	90.1	-6.7	-216.4	-106.2	4421.5	-643.4	-89.0	
93.80	69.0	21.9	-0.2	0.0	-83.4	90.1	-7.1	-212.4	-99.2	4402.5	-807.5	-84.0	
93.85	69.0	22.2	1.2	0.0	-83.8	90.1	-9.4	-211.0	-99.3	4426.6	-877.7	-79.6	
93.90	69.1	22.7	2.6	0.0	-84.3	90.1	-9.2	-215.3	-103.6	4449.7	-871.4	-75.5	
93.95	69.1	22.8	2.1	0.0	-85.3	90.1	-12.0	-219.5	-103.8	4491.9	-992.8	-78.0	
94.00	69.2	21.8	0.4	0.0	-86.1	90.1	-16.6	-219.3	-99.3	4500.4	-1215.7	-84.6	
94.05	69.2	22.2	1.0	0.0	-85.1	90.1	-16.9	-214.2	-98.1	4423.5	-1269.6	-81.7	
94.10	69.2	22.7	2.1	0.0	-83.1	90.1	-14.7	-208.1	-101.2	4320.8	-1140.2	-76.0	
94.15	69.3	22.6	1.0	0.0	-82.6	90.1	-15.4	-204.4	-102.0	4314.0	-1029.2	-79.0	
94.20	69.3	22.2	-0.6	0.0	-83.4	90.1	-15.8	-205.4	-100.3	4402.5	-933.9	-85.5	
94.25	69.4	21.4	0.0	0.0	-83.9	90.1	-9.6	-207.5	-101.5	4474.5	-705.7	-83.8	
94.30	69.4	20.1	1.4	0.0	-84.9	90.1	0.5	-211.6	-103.4	4577.2	-406.9	-80.2	
94.35	69.5	20.5	-0.7	0.0	-86.5	90.1	5.1	-214.0	-102.7	4703.1	-216.6	-88.8	
94.40	69.5	20.5	-2.9	0.0	-88.0	90.1	5.4	-217.3	-102.2	4811.5	-81.6	-98.0	
94.45	69.6	19.9	-3.3	0.0	-87.9	90.1	9.7	-218.3	-102.8	4798.0	122.2	-99.3	
94.50	69.7	19.3	-2.5	0.0	-86.7	90.1	19.3	-215.4	-101.3	4698.1	387.3	-95.2	
94.55	69.7	19.5	-3.9	0.0	-86.4	90.1	24.9	-214.3	-98.0	4661.3	587.0	-99.8	
94.60	69.8	20.2	-6.3	0.0	-87.8	90.1	23.4	-218.7	-98.2	4738.4	725.4	-109.4	
94.65	69.8	20.5	-7.4	0.0	-89.9	90.1	21.9	-226.8	-103.2	4840.8	894.8	-115.3	
94.70	69.9	20.6	-8.3	0.0	-91.7	90.1	23.8	-233.4	-105.5	4932.7	1041.8	-120.3	
94.75	69.9	20.6	-10.5	0.0	-91.8	90.1	23.9	-230.9	-100.7	4957.3	1002.6	-127.8	
94.80	70.0	20.8	-10.8	0.0	-90.4	90.1	22.3	-224.5	-96.4	4893.0	903.2	-127.6	
94.85	70.0	21.0	-9.2	0.0	-88.1	90.1	21.1	-220.0	-97.1	4729.2	871.3	-119.7	
94.90	70.1	21.2	-8.0	0.0	-86.2	90.1	21.1	-218.5	-96.1	4595.5	844.8	-113.7	
94.95	70.1	21.6	-7.8	0.0	-85.1	90.1	20.3	-213.7	-93.3	4536.7	777.9	-112.0	
95.00	70.2	20.9	-6.0	0.0	-84.8	90.1	23.8	-212.9	-92.3	4522.3	753.4	-105.5	
95.05	70.2	19.9	-3.9	0.0	-86.1	90.1	31.1	-224.3	-92.2	4590.3	749.7	-99.6	
95.10	70.3	18.9	-4.2	0.0	-87.6	90.1	29.3	-233.3	-91.2	4699.8	606.6	-102.0	
95.15	70.3	18.1	-5.9	0.0	-87.9	90.1	17.8	-228.2	-91.5	4766.7	349.3	-108.3	
95.20	70.3	17.7	-5.1	0.0	-86.9	90.1	9.5	-220.7	-92.7	4719.9	108.0	-104.5	
95.25	70.4	18.3	-2.9	0.0	-85.1	90.1	5.2	-216.9	-92.0	4598.3	-159.2	-95.0	
95.30	70.4	19.0	-2.6	0.0	-83.8	90.1	-3.5	-210.0	-89.5	4495.3	-522.8	-92.7	
95.35	70.5	19.3	-2.9	0.0	-84.3	90.1	-12.3	-206.6	-89.9	4496.4	-798.6	-94.1	
95.40	70.5	18.7	-2.3	0.0	-86.1	90.1	-12.1	-214.8	-94.8	4610.8	-817.2	-94.0	
95.45	70.6	18.4	-0.1	0.0	-89.1	90.1	-7.2	-225.9	-97.6	4814.2	-735.3	-89.6	
95.50	70.6	18.5	0.4	0.0	-90.7	90.1	-3.7	-225.6	-96.3	4946.3	-723.1	-89.3	
95.55	70.6	19.1	1.7	0.0	-89.8	90.1	-0.6	-220.4	-94.2	4885.1	-756.1	-83.8	
95.60	70.7	18.9	4.4	0.0	-88.1	90.1	3.1	-222.2	-93.4	4747.5	-782.5	-73.2	
95.65	70.7	18.7	3.9	0.0	-87.4	90.1	0.3	-220.5	-93.0	4687.9	-862.5	-74.1	
95.70	70.8	18.9	2.5	0.0	-88.0	90.1	-8.9	-212.7	-94.4	4738.6	-935.5	-79.5	
95.75	70.8	19.2	0.8	0.0	-88.4	90.1	-10.8	-210.5	-97.4	4789.3	-870.5	-85.7	
95.80	70.8	19.4	1.0	0.0	-89.2	90.1	-5.0	-217.6	-97.0	4845.9	-760.2	-85.7	
95.85	70.9	19.6	-0.3	0.0	-90.4	90.1	-0.9	-224.6	-92.4	4934.2	-682.7	-91.4	
95.90	70.9	19.8	-1.0	0.0	-91.2	90.1	0.6	-225.0	-90.3	5011.5	-508.0	-94.6	
95.95	71.0	19.9	-2.1	0.0	-90.5	90.1	6.5	-224.3	-93.4	4984.7	-166.1	-97.6	
96.00	71.0	20.0	-2.1	0.0	-88.9	90.1	13.6	-223.9	-93.5	4861.1	101.8	-96.2	
96.05	71.0	19.1	-3.1	0.0	-86.7	90.1	18.6	-220.1	-88.3	4707.4	198.7	-97.3	
96.10	71.1	18.5	-3.5	0.0	-85.0	90.1	26.0	-217.0	-83.3	4581.2	326.5	-97.1	
96.15	71.1	18.1	-3.4	0.0	-85.2	90.1	33.9	-219.2	-84.4	4558.2	605.4	-96.8	
96.20	71.2	17.7	-5.4	0.0	-86.7	90.1	35.2	-221.7	-88.0	4622.0	872.9	-105.2	
96.25	71.2	17.7	-8.4	0.0	-87.2	90.1	33.9	-219.9	-89.2	4631.5	1043.7	-116.1	
96.30	71.2	18.1	-8.9	0.0	-85.7	90.1	37.5	-214.5	-87.9	4491.4	1186.9	-116.4	
96.35	71.3	18.5	-7.5	0.0	-83.2	90.1	45.1	-208.8	-85.0	4269.2	1331.1	-109.1	
96.40	71.3	18.5	-8.1	0.0	-81.8	90.1	49.3	-203.6	-84.3	4128.6	1451.6	-109.7	
96.45	71.4	18.3	-10.6	0.0	-82.1	90.1	45.1	-201.9	-88.2	4136.7	1524.0	-118.7	
96.50	71.4	17.5	-12.5	0.0	-84.0	90.1	41.0	-209.5	-93.3	4243.6	1569.9	-127.0	
96.55	71.5	17.0	-12.3	0.0	-85.7	90.1	45.7	-219.5	-94.0	4337.3	1601.9	-127.8	
96.60	71.5	16.7	-12.2	0.0	-85.3	90.1	51.2	-218.7	-90.2	4320.5	1551.0	-127.0	
96.65	71.5	16.7	-11.5	0.0	-82.7	90.1	51.2	-210.3	-89.0	4175.4	1462.2	-122.2	
96.70	71.6	17.7	-10.4	0.0	-80.3	90.1	47.7	-207.5	-92.1	4014.4	1381.0	-116.1	
96.75	71.6	18.7	-10.7	0.0	-77.5	90.1	39.1	-206.1	-95.0	3869.6	1184.8	-114.3	
96.80	71.6	18.5	-10.9	0.0	-74.0	90.1	30.3	-197.2	-95.3	3702.1	892.3	-111.4	
96.85	71.7	18.6	-9.2	0.0	-71.1	90.1	28.2	-189.4	-93.7	3557.6	620.4	-102.7	
96.90	71.7	18.9	-7.9	0.0	-70.1	90.1	27.1	-192.0	-91.6	3519.2	340.7	-97.4	
96.95	71.7	19.2	-7.4	0.0	-71.6	90.1	19.3	-201.3	-92.1	3622.2	53.4	-97.1	
97.00	71.8	18.6	-7.6	0.0	-72.8	90.1	7.4	-203.6	-96.0	3699.4	-189.2	-98.8	
97.05	71.8	18.3	-6.7	0.0	-72.5	90.1	2.4	-201.0	-97.9	3666.7	-376.0	-95.4	
97.10	71.8	18.7	-1.7	0.0	-70.8	90.1	4.2	-196.1	-92.9	3526.0	-596.0	-76.8	
97.15	71.8	18.9	0.6	0.0	-69.4	90.1	7.8	-190.5	-87.0	3402.2	-802.8	-67.3	
97.20	71.8	19.2	2.1	0.0	-69.8	90.1	5.2	-187.2	-86.2	3408.1	-928.2	-62.5	
97.25	71.9	19.7	-0.1	0.0	-71.6	90.1	0.7	-189.8	-89.9	3538.8	-926.4	-71.8	
97.30	71.9	20.5	-1.4	0.0	-73.6	90.1	-1.0	-196.6	-90.9	3681.6	-898.8	-78.6	
97.35	71.9	20.9	-1.2	0.0	-74.0	90.1	3.0	-199.0	-88.6	3715.9	-847.8	-77.9	
97.40	71.9	20.8	-1.0	0.0	-72.8	90.1	8.1	-195.7	-86.2	3661.9	-753.8	-76.4	
97.45	72.0	20.1	-2.3	0.0	-72.0	90.1	8.6	-193.7	-86.3	3626.6	-639.3	-80.0	
97.50	72.0	19.6	-4.5	0.0	-72.3	90.1	6.3	-196.0	-89.1	3661.3	-464.4	-87.7	
97.55	72.0	19.5	-6.0	0.0	-72.5	90.1	5.1	-194.7	-93.6	3705.2	-232.0	-93.0	
97.60	72.1	20.2	-6.8	0.0	-73.1	90.1	10.9	-191.9	-93.3	3762.3	-3.9	-96.4	
97.65	72.1	20.6	-6.3	0.0	-74.2	90.1	23.9	-192.3	-88.3	3834.5	237.6	-95.7	
97.70	72.1	21.1	-6.0	0.0	-76.5	90.1	35.1	-197.9	-86.5	3956.9	561.6	-97.0	
97.75	72.2	22.4	-7.2	0.0	-79.6	90.1	37.7	-202.2	-91.7	4120.2	912.3	-104.2	
97.80	72.2	22.4	-7.6	0.0	-82.4	90.1	36.7	-204.9	-96.1	4259.0	1174.6	-108.4	
97.85	72.3	22.6	-9.9	0.0	-83.5	90.1	41.2	-207.4	-95.1	4295.3	1321.7	-117.6	
97.90	72.3	23.5	-10.0	0.0	-83.2	90.1	46.6	-207.0	-91.3	4255.7	1365.9	-117.5	
97.95	72.3	24.0	-10.7	0.0	-82.4	90.1	45.5	-202.4	-92.0	4205.8	1368.5	-119.1	
98.00	72.4	24.3	-12.8	0.0	-81.9	90.1	36.7	-201.0	-94.6	4200.4	1296.1	-125.7	
98.05	72.4	24.4	-14.8	0.0	-82.5	90.1	29.8	-207.5	-95.8	4251.7	1205.3	-133.4	
98.10	72.4	23.4	-13.9	0.0	-82.5	90.1	29.9	-210.3	-95.6	4259.7	1148.7	-130.3	
98.15	72.4	22.6	-11.0	0.0	-81.4	90.1	34.9	-205.5	-93.0	4203.5	1103.8	-119.3	
98.20	72.5	21.9	-9.5	0.0	-80.6	90.1	40.4	-202.8	-87.9	4171.6	1014.5	-113.2	
98.25	72.5	22.0	-8.8	0.0	-80.5	90.1	40.3	-205.5	-87.2	4177.2	903.9	-110.5	
98.30	72.5	21.9	-7.4	0.0	-80.3	90.1	32.5	-207.6	-90.4	4196.6	738.0	-105.6	
98.35	72.5	21.6	-7.5	0.0	-79.6	90.1	23.2	-206.4	-91.8	4185.9	463.3	-105.5	
98.40	72.6	21.2	-7.0	0.0	-78.5	90.1	19.1	-204.4	-87.2	4138.2	132.9	-102.4	
98.45	72.6	21.1	-6.0	0.0	-77.8	90.1	16.9	-205.2	-81.8	4086.1	-161.1	-98.3	
98.50	72.6	21.2	-5.9	0.0	-77.8	90.1	8.9	-204.2	-84.0	4072.1	-354.1	-97.9	
98.55	72.6	21.3	-7.2	0.0	-78.7	90.1	-0.9	-205.7	-89.5	4127.3	-468.4	-103.5	
98.60	72.7	21.0	-7.2	0.0	-80.0	90.1	-5.8	-211.3	-90.8	4196.1	-570.3	-104.8	
98.65	72.7	20.7	-5.6	0.0	-80.1	90.1	-4.2	-211.9	-88.9	4191.1	-654.5	-99.3	
98.70	72.7	20.6	-3.6	0.0	-79.1	90.1	0.8	-205.5	-87.2	4124.2	-682.4	-91.3	
98.75	72.8	21.5	-3.1	0.0	-79.2	90.1	4.1	-204.9	-85.9	4135.9	-684.5	-89.9	
98.80	72.8	22.0	-5.1	0.0	-80.4	90.1	2.1	-210.4	-85.6	4209.0	-702.6	-98.0	
98.85	72.8	22.2	-4.8	0.0	-80.6	90.1	-2.2	-211.9	-89.5	4224.7	-674.6	-97.0	
98.90	72.9	22.4	-4.4	0.0	-79.0	90.1	-1.0	-208.6	-92.7	4118.4	-610.6	-94.2	
98.95	72.9	22.2	-4.4	0.0	-77.7	90.1	1.8	-206.8	-88.1	4020.5	-650.9	-92.8	
99.00	72.9	21.9	-5.5	0.0	-77.0	90.1	0.1	-206.7	-86.4	3967.7	-668.3	-95.9	
99.05	73.0	23.0	-6.8	0.0	-76.1	90.1	-3.6	-205.3	-93.8	3918.1	-529.1	-99.4	
99.10	73.0	23.3	-8.1	0.0	-75.7	90.1	-6.6	-202.8	-96.8	3906.2	-422.3	-103.7	
99.15	73.0	23.5	-8.6	0.0	-76.2	90.1	-3.8	-201.6	-91.4	3955.5	-372.5	-105.8	
99.20	73.1	24.4	-7.8	0.0	-76.6	90.1	5.2	-202.9	-86.1	3993.2	-264.9	-103.3	
99.25	73.1	24.5	-6.9	0.0	-77.6	90.1	13.0	-207.5	-85.3	4059.8	-98.7	-101.4	
99.30	73.1	24.7	-8.6	0.0	-79.9	90.1	13.2	-216.0	-85.9	4210.1	26.9	-109.4	
99.35	73.2	25.4	-9.5	0.0	-81.7	90.1	12.6	-221.4	-86.2	4330.9	150.8	-114.2	
99.40	73.2	25.0	-8.2	0.0	-81.4	90.1	19.6	-218.6	-86.0	4301.3	344.3	-109.6	
99.45	73.2	24.8	-5.5	0.0	-79.9	90.1	29.1	-211.5	-81.3	4194.9	502.0	-98.8	
99.50	73.3	25.3	-6.6	0.0	-79.3	90.1	29.9	-208.9	-76.5	4162.5	503.6	-102.0	
99.55	73.3	25.3	-9.0	0.0	-79.5	90.1	22.5	-211.3	-77.3	4178.6	461.2	-110.6	
99.60	73.3	25.2	-10.2	0.0	-80.3	90.1	16.5	-215.2	-82.1	4214.4	502.7	-115.1	
99.65	73.4	25.0	-10.8	0.0	-81.4	90.1	16.9	-216.3	-82.4	4292.7	551.0	-118.5	
99.70	73.4	25.7	-11.4	0.0	-82.4	90.1	20.3	-215.2	-78.4	4377.6	540.6	-121.5	
99.75	73.4	25.3	-10.7	0.0	-82.5	90.1	23.0	-214.6	-77.4	4379.3	574.2	-119.3	
99.80	73.5	23.7	-9.1	0.0	-82.6	90.1	26.2	-217.1	-79.2	4361.4	692.3	-114.0	
99.85	73.5	23.4	-8.2	0.0	-83.2	90.1	28.2	-218.0	-79.0	4393.3	775.8	-111.6	
99.90	73.6	23.5	-7.2	0.0	-84.0	90.1	29.7	-214.4	-78.5	4450.3	819.4	-108.5	
99.95	73.6	23.8	-5.4	0.0	-84.5	90.1	34.3	-211.8	-78.3	4491.7	843.3	-102.9	
100.00	73.6	23.7	-5.2	0.0	-85.5	90.1	35.3	-216.8	-76.9	4572.6	732.9	-103.4	
100.05	73.7	24.3	-6.4	0.0	-87.1	90.1	27.0	-223.1	-77.4	4711.8	529.2	-109.0	
100.10	73.7	25.0	-7.6	0.0	-87.5	90.1	14.3	-220.9	-83.5	4761.9	361.5	-113.7	
100.15	73.8	24.3	-7.6	0.0	-85.8	90.1	9.0	-215.7	-86.1	4656.5	222.5	-111.9	
100.20	73.8	23.9	-7.4	0.0	-84.6	90.1	8.0	-216.9	-79.7	4572.5	0.9	-110.1	
100.25	73.9	23.9	-7.0	0.0	-84.6	90.1	4.8	-216.1	-76.6	4569.8	-179.4	-108.4	
100.30	73.9	24.8	-4.8	0.0	-85.0	90.1	3.7	-212.7	-80.8	4610.6	-196.4	-101.6	
100.35	73.9	25.0	-3.3	0.0	-86.2	90.1	6.6	-217.3	-82.4	4682.9	-176.3	-97.4	
100.40	74.0	24.8	-2.3	0.0	-88.2	90.1	9.2	-225.7	-78.5	4808.9	-267.5	-96.1	
100.45	74.0	24.2	-1.5	0.0	-89.8	90.1	9.1	-227.3	-75.3	4923.5	-408.4	-94.9	
100.50	74.1	23.7	2.1	0.0	-90.7	90.1	9.6	-227.5	-76.3	4985.4	-460.6	-83.6	
100.55	74.1	23.2	2.0	0.0	-92.0	90.1	7.7	-231.4	-75.9	5066.3	-519.7	-85.0	
100.60	74.1	22.5	-0.9	0.0	-93.9	90.1	0.7	-234.7	-72.9	5183.6	-674.3	-96.8	
100.65	74.1	21.9	-2.0	0.0	-94.6	90.1	-5.0	-233.1	-73.8	5234.5	-749.2	-101.4	
100.70	74.2	21.4	-0.9	0.0	-94.2	90.1	-3.5	-231.4	-75.3	5216.3	-700.1	-97.3	
100.75	74.2	21.0	-0.3	0.0	-94.1	90.1	1.3	-232.2	-72.2	5216.2	-645.2	-95.1	
100.80	74.2	21.5	0.1	0.0	-94.0	90.1	2.3	-229.6	-71.4	5223.7	-547.3	-93.5	
100.85	74.2	21.8	-0.8	0.0	-93.8	90.1	3.4	-228.6	-74.0	5224.3	-354.3	-96.4	
100.90	74.3	21.4	-0.7	0.0	-93.7	90.1	9.8	-231.0	-75.2	5223.0	-113.2	-96.1	
100.95	74.3	21.0	-0.7	0.0	-93.9	90.1	18.1	-231.3	-73.0	5235.1	71.5	-96.4	
101.00	74.3	20.5	-0.6	0.0	-94.3	90.1	24.0	-228.3	-69.3	5271.0	184.5	-96.4	
101.05	74.3	19.9	-0.7	0.0	-94.6	90.1	29.2	-226.9	-69.7	5290.9	352.2	-97.1	
101.10	74.4	20.0	-0.9	0.0	-94.3	90.1	31.6	-226.0	-75.0	5248.6	574.6	-97.4	
101.15	74.4	20.3	-3.0	0.0	-93.7	90.1	29.9	-222.6	-78.3	5188.2	711.9	-104.1	
101.20	74.4	20.5	-3.9	0.0	-92.6	90.1	29.2	-217.5	-77.6	5112.4	781.2	-105.9	
101.25	74.5	21.0	-4.4	0.0	-92.0	90.1	35.4	-217.7	-76.5	5038.8	938.9	-107.2	
101.30	74.5	21.3	-4.8	0.0	-92.3	90.1	41.2	-219.3	-76.7	5015.3	1121.5	-108.9	
101.35	74.6	21.4	-6.8	0.0	-93.6	90.1	39.7	-222.8	-76.9	5089.7	1192.8	-117.0	
101.40	74.6	20.8	-7.9	0.0	-95.0	90.1	37.5	-228.6	-78.5	5177.0	1229.4	-122.1	
101.45	74.6	20.5	-7.3	0.0	-95.0	90.1	41.3	-231.3	-79.6	5142.7	1293.7	-120.2	
101.50	74.7	20.5	-6.9	0.0	-93.2	90.1	46.6	-227.8	-77.7	5012.6	1299.9	-116.8	
101.55	74.7	20.1	-7.0	0.0	-90.5	90.1	47.0	-221.3	-74.1	4840.2	1235.2	-114.6	
101.60	74.8	20.2	-6.9	0.0	-88.3	90.1	46.8	-217.7	-74.1	4677.1	1239.6	-112.1	
101.65	74.8	20.5	-7.3	0.0	-87.3	90.1	46.7	-219.9	-75.2	4589.4	1261.9	-112.5	
101.70	74.8	19.4	-8.0	0.0	-87.0	90.1	43.7	-222.3	-74.5	4576.3	1178.9	-114.4	
101.75	74.9	19.4	-8.5	0.0	-85.7	90.1	40.0	-221.2	-73.2	4525.0	1027.4	-114.8	
101.80	74.9	20.0	-7.8	0.0	-83.6	90.1	38.7	-219.6	-73.2	4394.8	894.4	-110.3	
101.85	74.9	20.3	-9.2	0.0	-81.7	90.1	34.3	-219.4	-73.8	4280.2	726.9	-113.1	
101.90	75.0	20.5	-10.6	0.0	-80.2	90.1	24.8	-217.2	-74.3	4211.1	502.1	-116.7	
101.95	75.0	20.6	-9.7	0.0	-79.3	90.1	19.0	-214.6	-75.9	4164.3	349.6	-112.7	
102.00	75.0	20.9	-6.6	0.0	-78.2	90.1	20.7	-211.1	-76.0	4096.9	296.3	-100.8	
102.05	75.1	20.3	-4.0	0.0	-78.0	90.1	25.3	-210.2	-73.0	4085.5	249.3	-91.7	
102.10	75.1	19.6	-4.3	0.0	-79.4	90.1	26.2	-213.1	-69.5	4193.3	145.4	-94.2	
102.15	75.1	19.3	-3.8	0.0	-81.0	90.1	23.9	-215.8	-72.7	4306.1	115.0	-94.0	
102.20	75.2	19.2	-2.3	0.0	-80.9	90.1	21.4	-215.2	-79.1	4294.5	127.4	-88.9	
102.25	75.2	18.8	-2.3	0.0	-79.3	90.1	19.0	-211.3	-78.9	4183.7	3.8	-87.2	
102.30	75.3	18.2	-3.4	0.0	-77.2	90.1	14.5	-204.8	-74.6	4039.2	-232.2	-88.9	
102.35	75.3	18.1	-3.2	0.0	-76.1	90.1	9.4	-203.7	-74.7	3948.6	-399.5	-87.2	
102.40	75.3	18.5	-3.3	0.0	-76.8	90.1	5.5	-208.1	-77.8	3978.6	-459.6	-88.1	
102.45	75.4	19.4	-4.2	0.0	-78.1	90.1	1.8	-209.6	-80.1	4072.8	-465.3	-92.5	
102.50	75.4	18.4	-5.5	0.0	-79.0	90.1	2.5	-209.5	-80.1	4150.8	-424.0	-97.9	
102.55	75.5	18.6	-4.5	0.0	-79.2	90.1	10.2	-211.0	-77.9	4169.5	-336.2	-94.8	
102.60	75.5	19.6	-2.7	0.0	-79.3	90.1	18.1	-213.0	-76.4	4176.2	-199.5	-88.6	
102.65	75.5	19.8	-1.9	0.0	-79.6	90.1	22.0	-210.3	-77.1	4213.5	-14.5	-86.1	
102.70	75.6	19.6	-2.8	0.0	-79.9	90.1	22.2	-205.3	-78.2	4248.1	136.2	-89.5	
102.75	75.6	19.3	-4.2	0.0	-81.1	90.1	23.9	-209.6	-76.2	4317.3	231.0	-95.6	
102.80	75.7	19.0	-5.3	0.0	-82.8	90.1	25.6	-218.0	-71.5	4429.9	264.4	-100.9	
102.85	75.7	18.3	-7.3	0.0	-85.0	90.1	26.1	-223.0	-70.3	4578.2	330.2	-110.1	
102.90	75.8	17.9	-8.5	0.0	-87.0	90.1	24.4	-225.1	-72.7	4707.2	472.7	-116.3	
102.95	75.8	18.5	-9.4	0.0	-88.2	90.1	24.1	-226.6	-73.7	4771.3	643.9	-120.3	
103.00	75.8	19.3	-9.8	0.0	-88.0	90.1	26.7	-224.6	-72.4	4742.7	790.7	-121.7	
103.05	75.9	20.0	-9.8	0.0	-86.3	90.1	30.3	-216.5	-69.9	4623.1	884.2	-120.0	
103.10	75.9	20.2	-8.6	0.0	-85.2	90.1	35.0	-211.5	-68.5	4526.9	980.4	-114.8	
103.15	76.0	19.8	-8.3	0.0	-85.4	90.1	37.7	-212.0	-68.2	4522.7	1056.2	-113.8	
103.20	76.0	19.6	-9.8	0.0	-85.7	90.1	36.1	-211.7	-69.4	4545.4	1067.4	-119.3	
103.25	76.1	19.6	-10.8	0.0	-85.4	90.1	32.8	-212.3	-71.4	4539.1	1001.0	-122.6	
103.30	76.1	19.9	-9.8	0.0	-84.5	90.1	32.6	-213.5	-71.8	4481.3	904.6	-118.3	
103.35	76.2	19.3	-8.9	0.0	-83.2	90.1	33.1	-213.8	-72.0	4400.0	810.6	-113.8	
103.40	76.2	18.6	-9.9	0.0	-82.0	90.1	28.6	-209.9	-72.4	4339.8	683.1	-115.9	
103.45	76.3	19.3	-11.1	0.0	-80.8	90.1	20.8	-205.6	-74.0	4288.4	532.6	-119.0	
103.50	76.3	18.5	-10.1	0.0	-80.5	90.1	16.0	-207.7	-76.6	4268.6	384.9	-115.0	
103.55	76.4	17.3	-8.5	0.0	-81.1	90.1	12.8	-213.2	-76.0	4313.6	156.8	-110.2	
103.60	76.4	16.9	-9.0	0.0	-81.6	90.1	9.4	-214.1	-72.8	4355.0	-101.3	-112.4	
103.65	76.5	16.8	-9.5	0.0	-81.4	90.1	5.9	-212.5	-71.5	4337.8	-289.5	-114.0	
103.70	76.5	16.9	-7.9	0.0	-81.3	90.1	2.4	-215.0	-73.7	4317.3	-401.0	-108.5	
103.75	76.6	17.2	-6.4	0.0	-80.8	90.1	-2.9	-216.7	-75.1	4249.5	-568.4	-102.9	
103.80	76.6	17.4	-5.1	0.0	-78.8	90.1	-5.1	-213.1	-72.7	4083.1	-755.1	-96.4	
103.85	76.7	17.6	-2.7	0.0	-75.0	90.1	-1.9	-202.0	-68.9	3805.8	-851.7	-84.3	
103.90	76.7	17.7	-0.3	0.0	-71.3	90.1	-1.3	-191.3	-67.4	3537.8	-904.6	-72.4	
103.95	76.7	18.5	0.1	0.0	-69.9	90.1	-6.3	-189.9	-69.0	3416.3	-954.8	-69.5	
104.00	76.8	19.2	-0.5	0.0	-70.5	90.1	-12.1	-192.9	-70.3	3431.7	-1013.2	-72.2	
104.05	76.8	19.9	-2.0	0.0	-72.1	90.1	-12.6	-199.3	-68.7	3533.9	-1029.5	-78.9	
104.10	76.9	20.9	-2.8	0.0	-73.2	90.1	-9.3	-203.8	-65.4	3625.3	-984.3	-82.6	
104.15	76.9	21.0	-3.9	0.0	-73.4	90.1	-7.9	-202.5	-63.8	3671.8	-896.8	-86.7	
104.20	76.9	20.4	-5.5	0.0	-72.5	90.1	-9.5	-197.3	-64.4	3638.0	-785.6	-91.4	
104.25	77.0	19.6	-6.0	0.0	-71.6	90.1	-9.0	-195.9	-65.6	3601.5	-641.7	-92.3	
104.30	77.0	19.1	-5.0	0.0	-71.1	90.1	-3.5	-197.5	-64.7	3590.0	-458.6	-88.3	
104.35	77.1	18.8	-5.6	0.0	-71.8	90.1	5.6	-199.5	-62.0	3661.3	-222.6	-91.1	
104.40	77.1	18.5	-7.7	0.0	-75.1	90.1	14.7	-209.7	-59.7	3883.9	48.5	-101.5	
104.45	77.2	18.3	-9.3	0.0	-79.0	90.1	19.1	-222.6	-61.0	4130.8	320.2	-111.0	
104.50	77.2	18.2	-9.9	0.0	-81.4	90.1	19.6	-225.7	-65.8	4274.8	562.3	-115.2	
104.55	77.2	18.3	-9.6	0.0	-81.4	90.1	22.8	-218.4	-66.2	4269.1	713.8	-114.2	
104.60	77.3	18.6	-9.9	0.0	-78.9	90.1	26.9	-206.3	-61.5	4117.6	737.5	-112.9	
104.65	77.3	18.6	-9.6	0.0	-77.0	90.1	25.8	-198.7	-60.1	3995.7	719.2	-109.8	
104.70	77.4	18.1	-9.6	0.0	-77.1	90.1	20.6	-197.6	-65.4	3999.4	747.4	-109.9	
104.75	77.4	18.6	-10.9	0.0	-78.7	90.1	19.1	-203.8	-68.6	4092.2	797.7	-116.1	
104.80	77.5	18.8	-12.5	0.0	-80.0	90.1	22.8	-211.0	-64.5	4170.9	795.7	-122.9	
104.85	77.5	18.6	-10.8	0.0	-80.4	90.1	27.9	-214.2	-60.8	4192.4	804.8	-117.6	
104.90	77.6	17.9	-8.4	0.0	-79.2	90.1	30.7	-209.8	-62.0	4109.8	834.7	-108.1	
104.95	77.6	18.4	-7.4	0.0	-78.1	90.1	28.2	-207.2	-62.4	4044.8	761.6	-103.5	
105.00	77.7	19.9	-7.3	0.0	-77.3	90.1	21.9	-205.6	-60.5	4028.0	545.7	-102.2	
105.05	77.7	21.4	-6.0	0.0	-76.9	90.1	16.1	-202.2	-59.4	4034.6	293.0	-97.4	
105.10	77.8	21.5	-4.6	0.0	-77.5	90.1	14.2	-203.4	-57.8	4091.3	60.6	-93.3	
105.15	77.9	20.3	-5.5	0.0	-79.9	90.1	11.6	-213.2	-54.2	4239.1	-187.0	-98.7	
105.20	77.9	20.7	-6.7	0.0	-82.4	90.1	3.4	-222.4	-54.2	4392.7	-407.2	-105.3	
105.25	78.0	20.7	-5.7	0.0	-82.5	90.1	-4.3	-222.8	-59.6	4386.2	-491.5	-102.2	
105.30	78.0	20.3	-3.2	0.0	-79.8	90.1	-3.3	-216.6	-61.2	4190.9	-507.8	-90.9	
105.35	78.1	19.4	-3.1	0.0	-76.6	90.1	2.3	-209.3	-54.5	3960.5	-611.5	-87.3	
105.40	78.2	19.0	-2.3	0.0	-74.6	90.1	3.3	-204.0	-49.9	3803.0	-741.5	-82.5	
105.45	78.3	18.9	-2.2	0.0	-73.9	90.1	1.0	-204.2	-53.8	3746.3	-748.2	-81.6	
105.50	78.4	19.6	-2.6	0.0	-74.2	90.1	-0.6	-206.7	-57.2	3763.4	-714.0	-83.2	
105.55	78.4	20.2	-4.0	0.0	-74.0	90.1	0.4	-204.5	-55.4	3762.0	-702.5	-87.9	
105.60	78.5	20.7	-4.9	0.0	-72.8	90.1	3.2	-200.1	-53.4	3686.1	-678.7	-89.6	
105.65	78.6	20.1	-3.8	0.0	-71.4	90.1	7.4	-200.5	-53.8	3597.1	-552.7	-84.3	
105.70	78.7	19.4	-4.4	0.0	-70.4	90.1	10.0	-200.8	-55.2	3542.4	-351.8	-85.5	
105.75	78.8	18.7	-7.0	0.0	-70.7	90.1	10.6	-199.8	-56.0	3587.2	-144.4	-94.8	
105.80	78.9	18.5	-9.5	0.0	-71.5	90.1	13.0	-199.1	-57.2	3648.2	65.3	-104.2	
105.85	79.0	18.0	-10.1	0.0	-72.6	90.1	19.2	-204.0	-57.1	3707.4	248.2	-107.2	
105.90	79.1	17.7	-11.4	0.0	-74.0	90.1	25.3	-208.7	-54.2	3792.3	374.2	-113.1	
105.95	79.2	18.3	-13.3	0.0	-75.8	90.1	27.7	-211.5	-52.5	3907.3	508.6	-121.4	
106.00	79.3	18.7	-13.6	0.0	-77.3	90.1	30.9	-212.4	-54.5	3971.3	765.0	-123.9	
106.05	79.4	18.9	-12.6	0.0	-78.2	90.1	35.5	-212.6	-55.8	3977.0	1024.7	-121.5	
106.10	79.5	18.7	-12.3	0.0	-77.5	90.1	41.2	-207.9	-50.9	3908.0	1141.0	-119.9	
106.15	79.6	18.8	-12.7	0.0	-75.2	90.1	46.7	-199.0	-45.1	3735.3	1205.1	-118.9	
106.20	79.7	18.6	-11.2	0.0	-73.4	90.1	50.5	-192.4	-45.7	3561.5	1332.5	-111.8	
106.25	79.8	17.8	-11.6	0.0	-73.0	90.1	47.6	-192.7	-47.3	3516.6	1369.4	-112.7	
106.30	79.9	17.9	-14.2	0.0	-73.0	90.1	41.8	-195.8	-44.8	3546.4	1270.5	-121.8	
106.35	80.0	18.1	-15.6	0.0	-72.7	90.1	39.1	-197.9	-43.0	3552.1	1178.6	-126.2	
106.40	80.2	18.2	-13.6	0.0	-71.7	90.1	40.6	-196.5	-42.9	3490.1	1130.4	-118.2	
106.45	80.3	18.0	-12.6	0.0	-70.5	90.1	41.2	-195.4	-40.3	3431.9	1035.8	-113.7	
106.50	80.4	18.0	-13.4	0.0	-69.0	90.1	37.6	-191.8	-37.7	3368.7	891.8	-114.9	
106.55	80.5	18.4	-12.7	0.0	-68.0	90.1	33.9	-190.1	-39.5	3322.4	791.1	-111.6	
106.60	80.7	19.0	-10.6	0.0	-67.8	90.1	32.5	-189.1	-42.2	3330.1	692.3	-104.3	
106.65	80.8	18.7	-9.5	0.0	-69.2	90.1	34.1	-193.6	-39.1	3454.0	543.6	-101.7	
106.70	80.9	17.7	-8.9	0.0	-71.2	90.1	34.1	-199.6	-36.8	3606.8	401.3	-101.8	
106.75	81.1	17.9	-7.7	0.0	-72.4	90.1	28.2	-203.1	-39.9	3704.5	278.6	-99.0	
106.80	81.2	17.7	-7.1	0.0	-72.5	90.1	19.7	-206.7	-42.3	3708.0	116.8	-96.7	
106.85	81.3	17.4	-7.2	0.0	-71.4	90.1	14.1	-206.2	-41.0	3629.2	-70.4	-96.1	
106.90	81.5	17.9	-6.6	0.0	-69.2	90.1	11.6	-197.1	-41.0	3490.2	-200.1	-91.7	
106.95	81.6	17.8	-6.9	0.0	-67.2	90.1	8.4	-188.2	-42.4	3350.8	-318.3	-91.0	
107.00	81.7	17.5	-5.3	0.0	-67.0	90.1	4.8	-188.9	-41.0	3316.7	-480.1	-85.1	
107.05	81.9	17.8	-4.6	0.0	-68.2	90.1	2.3	-195.8	-39.9	3374.2	-577.4	-84.1	
107.10	82.0	17.6	-3.0	0.0	-68.4	90.1	1.6	-193.3	-43.1	3402.5	-546.2	-78.9	
107.15	82.1	17.3	-3.3	0.0	-68.3	90.1	3.1	-189.7	-42.7	3402.4	-541.6	-79.6	
107.20	82.3	17.0	-2.7	0.0	-68.6	90.1	5.2	-192.6	-36.3	3410.3	-628.0	-77.8	
107.25	82.4	17.4	-2.2	0.0	-69.6	90.1	5.1	-196.4	-34.8	3465.9	-662.5	-77.1	
107.30	82.5	17.7	-2.2	0.0	-70.8	90.1	0.3	-196.0	-39.1	3560.0	-672.4	-78.4	
107.35	82.6	17.4	-3.4	0.0	-73.5	90.1	-2.8	-202.1	-40.2	3735.5	-713.7	-85.1	
107.40	82.8	17.2	-3.5	0.0	-77.0	90.1	-1.7	-212.4	-35.1	3970.7	-766.8	-89.1	
107.45	82.9	17.1	-2.6	0.0	-78.4	90.1	0.8	-212.4	-34.3	4089.6	-706.4	-87.2	
107.50	83.0	17.2	-3.5	0.0	-77.7	90.1	1.4	-205.9	-36.1	4065.7	-613.5	-89.5	
107.55	83.1	17.5	-3.4	0.0	-77.1	90.1	1.8	-208.3	-32.4	4023.8	-571.5	-88.9	
107.60	83.3	18.2	-3.5	0.0	-76.4	90.1	3.1	-211.8	-30.3	3973.4	-474.7	-88.5	
107.65	83.4	19.2	-3.6	0.0	-75.5	90.1	7.2	-207.1	-34.3	3937.6	-267.8	-87.7	
107.70	83.5	19.3	-3.7	0.0	-76.8	90.1	12.2	-207.7	-33.1	4040.8	-144.6	-89.4	
107.75	83.6	18.9	-4.6	0.0	-80.0	90.1	18.6	-221.3	-26.3	4252.5	-75.9	-96.0	
107.80	83.7	18.4	-3.8	0.0	-82.4	90.1	22.6	-226.9	-27.5	4411.4	124.5	-95.3	
107.85	83.9	18.5	-2.9	0.0	-82.3	90.1	22.3	-215.6	-35.2	4415.5	357.7	-92.1	
107.90	84.0	19.0	-2.0	0.0	-81.9	90.1	22.7	-211.3	-35.0	4392.8	462.1	-88.9	
107.95	84.1	19.4	-4.2	0.0	-82.6	90.1	27.2	-219.6	-29.1	4415.2	499.6	-96.9	
108.00	84.2	19.1	-3.5	0.0	-83.9	90.1	28.4	-222.3	-30.0	4494.1	604.3	-95.8	
108.05	84.3	19.1	-4.3	0.0	-85.7	90.1	25.3	-218.4	-36.8	4617.2	740.5	-100.4	
108.10	84.4	19.0	-6.6	0.0	-88.1	90.1	26.0	-226.8	-35.8	4776.5	771.5	-110.7	
108.15	84.5	18.7	-9.3	0.0	-89.0	90.1	27.4	-236.0	-31.7	4828.6	728.8	-120.9	
108.20	84.6	18.8	-7.9	0.0	-87.0	90.1	25.8	-229.3	-35.0	4684.3	749.3	-114.1	
108.25	84.7	18.7	-6.9	0.0	-83.5	90.1	26.2	-218.2	-37.5	4446.3	769.6	-107.3	
108.30	84.8	18.4	-6.1	0.0	-80.8	90.1	27.1	-214.8	-32.3	4263.5	694.4	-101.9	
108.35	84.9	18.5	-5.2	0.0	-79.2	90.1	26.4	-214.3	-29.4	4155.7	636.6	-97.0	
108.40	85.0	18.5	-4.4	0.0	-78.3	90.1	21.9	-210.4	-33.0	4104.1	580.1	-93.3	
108.45	85.1	18.4	-5.5	0.0	-78.4	90.1	18.2	-212.2	-32.2	4127.8	415.9	-97.3	
108.50	85.2	17.8	-5.2	0.0	-79.4	90.1	16.3	-220.9	-25.4	4201.3	164.0	-97.2	
108.55	85.3	16.8	-3.8	0.0	-80.1	90.1	12.4	-224.8	-24.8	4251.0	-35.3	-93.2	
108.60	85.4	16.1	-2.7	0.0	-80.0	90.1	6.9	-220.5	-29.4	4247.5	-157.8	-89.2	
108.65	85.5	16.7	-2.0	0.0	-80.4	90.1	1.5	-220.7	-26.9	4265.6	-345.1	-87.2	
108.70	85.6	17.0	-3.3	0.0	-81.0	90.1	-1.2	-225.6	-22.8	4281.9	-534.7	-92.2	
108.75	85.7	17.1	-1.1	0.0	-81.1	90.1	-3.1	-225.8	-23.7	4278.7	-636.1	-85.1	
108.80	85.7	17.3	-1.1	0.0	-81.7	90.1	-4.6	-224.0	-23.6	4312.0	-737.2	-85.3	
108.85	85.8	17.7	-1.7	0.0	-83.1	90.1	-6.3	-227.5	-20.4	4383.9	-882.4	-88.8	
108.90	85.9	17.9	-0.7	0.0	-83.8	90.1	-9.3	-231.1	-21.4	4404.3	-977.2	-86.3	
108.95	86.0	17.9	1.0	0.0	-82.6	90.1	-13.5	-226.7	-26.7	4316.4	-1010.9	-79.2	
109.00	86.1	17.9	0.7	0.0	-80.7	90.1	-12.6	-220.3	-25.6	4177.1	-1042.4	-78.1	
109.05	86.2	18.3	1.0	0.0	-78.5	90.1	-6.9	-215.2	-20.9	4038.3	-1009.0	-75.2	
109.10	86.3	19.1	2.0	0.0	-76.2	90.1	-3.0	-208.8	-22.3	3909.4	-863.0	-69.2	
109.15	86.3	19.1	1.9	0.0	-74.7	90.1	-3.6	-204.5	-25.3	3833.5	-739.9	-68.3	
109.20	86.4	18.9	-0.1	0.0	-75.7	90.1	-4.2	-211.3	-24.3	3900.1	-682.2	-76.2	
109.25	86.5	18.4	-2.3	0.0	-77.4	90.1	-2.0	-218.0	-22.1	4025.8	-607.5	-85.2	
109.30	86.6	18.1	-2.2	0.0	-78.2	90.1	1.6	-215.5	-23.6	4113.3	-450.2	-85.8	
109.35	86.7	18.0	-2.5	0.0	-78.8	90.1	5.1	-214.3	-24.6	4175.4	-280.1	-87.4	
109.40	86.7	18.1	-4.4	0.0	-80.0	90.1	7.3	-219.4	-21.8	4260.0	-148.1	-95.0	
109.45	86.8	17.4	-5.1	0.0	-81.6	90.1	9.1	-223.9	-20.8	4371.0	45.3	-99.0	
109.50	86.9	17.5	-5.1	0.0	-84.1	90.1	13.6	-226.8	-21.7	4536.2	304.6	-101.4	
109.55	87.0	17.7	-5.3	0.0	-87.5	90.1	22.4	-234.0	-17.1	4755.4	530.1	-105.5	
109.60	87.0	17.5	-5.2	0.0	-90.5	90.1	30.9	-241.0	-12.0	4940.3	733.0	-108.3	
109.65	87.1	17.5	-6.1	0.0	-91.5	90.1	33.3	-240.6	-12.7	4990.3	914.3	-112.5	
109.70	87.2	17.7	-6.9	0.0	-90.3	90.1	31.0	-233.5	-15.4	4891.6	1011.3	-113.9	
109.75	87.3	18.4	-6.8	0.0	-88.1	90.1	30.8	-229.5	-12.7	4736.4	1006.7	-111.4	
109.80	87.3	19.1	-6.1	0.0	-86.2	90.1	33.6	-227.2	-7.6	4610.1	988.1	-107.0	
109.85	87.4	19.4	-5.3	0.0	-85.3	90.1	33.0	-222.4	-8.6	4546.9	1013.0	-103.6	
109.90	87.5	19.0	-6.5	0.0	-85.6	90.1	28.6	-222.4	-10.9	4571.6	981.3	-107.9	
109.95	87.6	18.6	-7.5	0.0	-86.6	90.1	26.1	-231.3	-8.8	4653.0	871.2	-112.2	
