Time[s]	Rotor azimuth angle[deg]	Hub wind speed magnitude[m/s]	ACTTORQUE1[Nm]	PITRAT1[deg/s]	PITFRIC1[kNm]	PITCH1[deg]	Blade root 1 Fx[KN]	Blade root 1 Fy[KN]	Blade root 1 Fz[KN]	Blade root 1 Mx[kNm]	Blade root 1 My[kNm]	Blade root 1 Mz[kNm]	
END_OF_HEADER
50.00	277.8	18.5	-58.4	-0.1	141.9	18.3	208.7	180.1	610.5	-3320.6	7635.2	-72.4	
50.05	280.5	18.3	-59.3	-0.1	140.3	18.3	209.1	175.9	594.1	-3483.5	7454.4	-72.8	
50.10	283.1	18.3	-63.2	-0.1	137.4	18.3	214.8	176.6	583.2	-3404.8	7240.8	-76.3	
50.15	285.7	18.3	-59.3	-0.1	136.0	18.3	219.3	182.1	572.4	-3415.8	7102.8	-64.0	
50.20	288.4	17.5	-51.8	-0.1	135.2	18.3	215.7	184.1	556.7	-3519.1	7007.6	-46.6	
50.25	291.0	16.7	-54.6	-0.1	132.7	18.3	204.6	191.5	536.4	-3431.4	6867.9	-51.4	
50.30	293.6	17.1	-55.4	-0.2	127.3	18.3	187.4	181.1	518.7	-3287.0	6563.0	-53.9	
50.35	296.2	17.0	-52.3	-0.3	123.0	18.3	182.3	169.9	510.3	-3127.7	6325.6	-38.2	
50.40	298.8	16.8	-51.9	-0.5	122.7	18.3	191.4	175.8	507.7	-2932.7	6354.2	-32.0	
50.45	301.4	17.1	-51.3	-0.7	125.5	18.2	201.5	165.3	497.2	-2822.8	6647.1	-34.0	
50.50	304.0	17.6	-58.5	-0.7	131.1	18.2	216.3	149.1	479.9	-2693.9	7163.5	-57.0	
50.55	306.6	17.7	-66.4	-0.9	136.4	18.2	230.9	144.5	471.4	-2660.4	7574.1	-75.3	
50.60	309.2	16.6	-70.0	-1.1	138.5	18.1	232.6	139.0	463.6	-2825.4	7697.8	-78.6	
50.65	312.0	16.0	-60.7	-1.3	156.4	18.1	209.2	197.2	445.1	-5368.9	7864.6	-23.6	
50.70	314.7	15.5	-69.3	-1.4	153.8	18.0	191.7	181.1	424.9	-5176.0	7862.7	-69.4	
50.75	317.3	15.1	-85.5	-1.3	151.1	17.9	223.5	214.5	423.0	-4525.2	7861.0	-149.3	
50.80	320.0	15.7	-27.9	-0.5	138.1	17.9	165.4	107.9	433.5	-4961.7	6790.8	-65.9	
50.85	322.6	16.6	31.4	0.1	-122.8	17.9	149.5	170.2	432.7	-3968.1	5969.6	-95.9	
50.90	325.2	17.9	15.9	0.6	-118.9	17.9	160.3	167.3	415.5	-3729.2	5768.9	-124.7	
50.95	327.9	16.7	28.9	1.0	-119.8	17.9	128.2	64.0	397.2	-4486.6	5646.3	-65.6	
51.00	330.6	16.1	15.3	1.2	-119.3	18.0	156.9	134.0	398.3	-3702.8	5920.2	-100.2	
51.05	333.1	15.8	13.4	1.4	-118.5	18.0	186.4	130.7	407.6	-3492.2	5901.8	-97.5	
51.10	335.8	15.5	31.1	1.6	-110.3	18.1	156.9	105.5	403.9	-3295.0	5425.7	-22.1	
51.15	338.4	15.5	29.6	1.7	-103.5	18.2	150.6	180.2	404.0	-2232.0	5246.5	-15.9	
51.20	341.1	15.8	30.6	1.8	-100.0	18.3	152.6	108.2	407.0	-2336.0	5064.2	-5.4	
51.25	343.8	16.2	27.3	1.8	-95.8	18.4	150.3	59.7	420.9	-2052.0	4905.1	-9.8	
51.30	346.5	16.2	14.6	1.9	-98.0	18.5	172.2	96.7	429.2	-1144.6	5253.4	-53.7	
51.35	349.2	16.1	12.8	1.9	-101.0	18.6	176.1	29.2	414.9	-1324.2	5508.1	-61.1	
51.40	352.0	15.7	7.4	1.9	-100.1	18.7	170.6	19.9	411.7	-989.2	5533.0	-77.7	
51.45	354.8	15.9	-3.8	1.9	-98.4	18.8	171.7	33.9	427.0	-557.3	5440.7	-113.7	
51.50	357.6	16.3	-8.6	2.0	-97.6	18.9	162.7	-37.4	427.2	-1116.1	5322.0	-128.9	
51.55	0.3	17.1	-15.5	2.0	-96.6	19.0	159.4	-23.1	419.4	-788.6	5328.3	-151.0	
51.60	3.1	17.1	-12.3	2.0	-96.1	19.1	163.1	-25.5	420.1	-197.8	5327.5	-139.2	
51.65	5.8	16.8	-8.1	2.0	-92.9	19.2	157.8	-76.2	433.8	38.2	5052.5	-121.5	
51.70	8.5	16.2	-11.6	2.0	-89.7	19.3	157.1	-36.1	450.7	703.3	4783.6	-130.2	
51.75	11.2	16.9	-1.5	2.0	-86.4	19.4	142.4	-42.1	445.8	638.0	4581.3	-91.9	
51.80	14.0	17.1	6.3	2.0	-84.9	19.5	126.7	-65.9	436.6	510.7	4510.9	-63.5	
51.85	16.7	16.5	5.4	2.0	-87.0	19.6	137.3	-35.3	457.1	1231.3	4521.0	-68.6	
51.90	19.6	15.7	15.3	2.0	-87.0	19.7	144.0	-69.6	475.4	1550.9	4346.2	-34.5	
51.95	22.4	14.8	14.1	2.0	-87.2	19.8	132.6	-91.0	479.9	1922.8	4203.5	-38.8	
52.00	25.2	13.9	3.1	2.0	-93.1	19.9	131.7	-81.4	484.5	2640.2	4345.3	-82.5	
52.05	28.1	14.4	3.2	2.0	-98.4	20.0	142.9	-149.5	491.4	2953.6	4438.6	-87.6	
52.10	30.9	14.3	-5.8	2.0	-104.4	20.1	147.1	-189.5	517.8	3759.3	4241.3	-124.4	
52.15	33.7	14.1	-14.5	2.0	-110.9	20.2	148.7	-196.8	532.6	4570.9	4084.0	-160.9	
52.20	36.6	14.5	-5.0	2.0	-110.0	20.3	143.4	-230.0	518.0	4561.2	3890.8	-127.2	
52.25	39.5	14.3	-5.9	2.0	-109.8	20.4	125.3	-224.8	517.5	4934.8	3455.6	-130.2	
52.30	42.3	14.2	-2.7	2.0	-108.9	20.5	102.9	-234.8	535.5	5317.1	2652.9	-118.2	
52.35	45.2	14.6	11.4	2.0	-106.3	20.6	93.4	-260.4	545.3	5405.0	1750.1	-67.3	
52.40	47.9	14.3	16.9	2.0	-108.2	20.7	71.5	-228.5	553.9	5844.2	989.5	-50.1	
52.45	50.7	13.9	22.5	2.0	-108.8	20.8	40.6	-217.5	564.0	6007.1	419.9	-31.8	
52.50	53.6	13.4	31.6	2.0	-109.1	20.9	40.1	-229.2	580.1	5992.3	107.2	-0.6	
52.55	56.4	13.1	31.8	2.0	-111.9	21.0	49.7	-221.5	606.2	6199.4	80.4	-2.8	
52.60	59.2	12.5	30.2	2.0	-115.1	21.1	45.6	-247.3	630.1	6353.6	80.8	-11.4	
52.65	62.1	11.4	24.9	2.0	-117.2	21.2	63.5	-254.8	635.0	6464.8	415.0	-31.6	
52.70	65.0	11.5	18.5	2.0	-117.7	21.3	67.5	-240.0	638.8	6516.4	658.5	-54.0	
52.75	67.9	11.8	12.4	2.0	-115.3	21.4	59.8	-261.4	648.9	6253.5	797.3	-72.7	
52.80	70.8	12.4	1.9	2.0	-118.4	21.5	84.6	-284.0	670.2	6349.3	1091.3	-111.8	
52.85	73.7	13.1	-11.0	2.0	-123.5	21.6	99.6	-313.7	688.3	6563.2	1440.1	-161.2	
52.90	76.5	13.9	-14.9	2.0	-122.7	21.7	81.1	-334.2	697.3	6416.9	1564.7	-173.9	
52.95	79.3	14.4	-12.3	2.0	-118.3	21.8	78.1	-296.5	706.3	6171.1	1612.7	-160.4	
53.00	82.2	13.9	-8.9	2.0	-114.3	21.9	75.6	-266.5	714.8	5910.7	1705.1	-144.9	
53.05	85.0	13.7	-6.5	2.0	-115.3	22.0	60.7	-272.2	725.3	5955.6	1769.9	-137.7	
53.10	87.8	13.7	-3.6	2.0	-120.6	22.1	79.0	-278.2	736.6	6252.7	2052.8	-133.1	
53.15	90.7	14.0	3.0	2.0	-120.4	22.2	93.5	-272.8	746.7	6156.4	2261.0	-110.3	
53.20	93.5	14.0	6.9	2.0	-117.5	22.3	76.7	-252.6	761.7	6038.6	2126.8	-93.9	
53.25	96.3	14.0	7.1	2.0	-121.4	22.4	69.8	-250.7	780.5	6433.3	1826.5	-97.1	
53.30	99.1	14.0	6.8	2.0	-128.4	22.5	66.4	-284.2	803.5	6953.3	1470.4	-105.2	
53.35	102.0	14.9	11.1	2.0	-133.1	22.6	50.5	-302.1	828.8	7308.8	1192.9	-95.0	
53.40	104.8	15.2	10.1	2.0	-134.7	22.7	56.8	-301.4	838.8	7386.0	1381.9	-99.9	
53.45	107.7	15.2	3.5	2.0	-140.3	22.8	80.1	-302.5	834.1	7664.6	2026.6	-128.4	
53.50	110.5	15.5	-0.9	2.0	-151.7	22.9	99.0	-318.9	838.5	8281.3	2751.0	-154.9	
53.55	113.3	16.7	-1.3	2.0	-161.2	23.0	126.5	-342.8	853.6	8741.9	3276.7	-165.7	
53.60	116.1	17.7	-1.4	2.0	-165.3	23.1	148.0	-350.2	865.8	8943.8	3479.9	-170.1	
53.65	118.9	18.3	3.1	2.0	-163.6	23.2	130.3	-334.1	870.0	8955.0	3265.5	-153.0	
53.70	121.7	18.6	10.5	2.0	-159.9	23.3	109.3	-313.0	869.7	8856.0	2929.9	-124.0	
53.75	124.5	18.4	15.5	2.0	-158.0	23.4	112.2	-305.6	876.6	8788.7	2709.1	-104.8	
53.80	127.2	18.0	17.1	2.0	-158.1	23.5	119.0	-302.6	895.7	8852.2	2482.4	-99.6	
53.85	130.0	18.6	13.1	2.0	-156.0	23.6	129.3	-291.6	902.7	8734.0	2337.0	-111.1	
53.90	132.8	18.9	10.6	2.0	-148.3	23.7	132.7	-278.8	892.7	8220.8	2166.8	-111.8	
53.95	135.6	18.8	11.4	2.0	-135.9	23.8	103.6	-256.6	891.4	7495.7	1555.2	-96.9	
54.00	138.4	17.7	15.0	2.0	-121.7	23.9	63.3	-239.4	903.4	6641.0	450.0	-70.3	
54.05	141.2	17.2	15.7	2.0	-109.2	24.0	24.0	-218.7	912.3	5713.9	-871.7	-55.4	
54.10	144.0	17.2	16.0	2.0	-99.6	24.1	-11.4	-187.9	912.2	4787.2	-1895.0	-44.6	
54.15	146.8	17.8	12.8	2.0	-91.5	24.2	-23.6	-167.2	913.8	3939.8	-2364.8	-47.5	
54.20	149.6	16.8	8.0	2.0	-84.2	24.3	-10.7	-165.2	923.2	3235.9	-2416.9	-56.6	
54.25	152.4	15.7	-0.4	2.0	-78.6	24.4	6.3	-159.5	931.9	2790.0	-2314.5	-79.9	
54.30	155.2	14.8	-7.3	2.0	-73.7	24.5	10.3	-138.4	929.7	2282.8	-2409.0	-98.7	
54.35	157.9	14.6	-7.4	2.0	-69.7	24.6	3.9	-111.8	929.6	1487.4	-2714.8	-95.1	
54.40	160.7	14.6	-2.9	2.0	-71.5	24.7	-11.0	-86.6	942.0	862.2	-3176.6	-81.4	
54.45	163.4	14.8	-1.8	2.0	-76.3	24.8	-23.4	-78.7	952.0	595.8	-3616.4	-82.5	
54.50	166.1	15.0	-0.1	2.0	-78.8	24.9	-28.3	-69.6	947.0	317.0	-3866.1	-79.1	
54.55	168.8	15.3	4.6	2.0	-77.1	25.0	-21.3	-36.3	940.0	29.6	-3857.3	-61.4	
54.60	171.5	15.9	11.3	2.0	-76.5	25.1	-11.3	-18.3	946.7	-134.4	-3858.7	-37.7	
54.65	174.2	17.1	16.0	2.0	-77.4	25.2	-3.1	-22.1	955.0	-215.4	-3914.0	-22.4	
54.70	177.0	17.8	19.3	2.0	-78.7	25.3	0.8	-17.7	952.0	-309.3	-4024.8	-12.4	
54.75	179.7	18.2	26.8	2.0	-81.9	25.4	-4.7	-7.7	946.9	-481.2	-4285.2	10.2	
54.80	182.4	18.5	32.1	2.0	-87.4	25.5	-12.4	3.6	948.1	-598.4	-4678.5	22.6	
54.85	185.1	18.5	35.9	2.0	-95.9	25.6	-26.8	15.6	951.9	-760.6	-5249.8	27.3	
54.90	187.8	18.3	40.8	2.0	-105.2	25.7	-46.3	21.9	945.3	-1063.0	-5855.9	34.8	
54.95	190.5	18.0	42.1	2.0	-112.8	25.8	-64.8	25.6	929.3	-1346.9	-6340.6	31.8	
55.00	193.2	18.2	42.8	2.0	-118.5	25.9	-75.7	34.0	918.4	-1577.0	-6703.1	28.5	
55.05	195.9	18.2	43.4	2.0	-123.3	26.0	-79.9	38.2	916.1	-1697.8	-7036.9	25.8	
55.10	198.6	17.7	47.1	2.0	-127.9	26.1	-84.7	41.7	916.5	-1602.6	-7397.2	33.7	
55.15	201.2	17.6	55.9	2.0	-130.3	26.2	-88.4	51.6	907.3	-1541.1	-7579.9	61.7	
55.20	203.8	17.8	67.7	2.0	-129.2	26.3	-82.5	68.8	891.2	-1752.8	-7440.1	103.3	
55.25	206.4	18.2	74.5	2.0	-126.6	26.4	-70.7	93.7	881.6	-2093.5	-7124.1	129.3	
55.30	209.0	19.1	75.1	2.0	-124.7	26.5	-61.8	117.7	877.8	-2450.0	-6817.0	133.0	
55.35	211.6	19.7	70.6	2.0	-121.7	26.6	-54.4	131.6	865.4	-2768.0	-6422.1	120.7	
55.40	214.2	20.0	62.5	2.0	-119.5	26.7	-55.8	142.4	844.2	-3088.8	-6077.4	95.0	
55.45	216.8	19.6	55.6	2.0	-121.1	26.8	-61.5	157.0	832.9	-3607.5	-5880.8	69.7	
55.50	219.4	19.3	48.5	2.0	-125.0	26.9	-62.8	171.6	833.4	-4291.2	-5722.0	41.4	
55.55	222.0	19.3	34.8	2.0	-126.6	27.0	-60.0	181.1	831.9	-4858.0	-5380.0	-7.3	
55.60	224.6	20.2	12.4	2.0	-123.2	27.1	-47.4	177.3	818.5	-5246.5	-4667.7	-80.7	
55.65	227.1	20.5	-0.4	2.0	-121.4	27.2	-22.8	183.4	803.0	-5812.4	-3709.9	-122.9	
55.70	229.7	20.4	-4.2	2.0	-124.6	27.3	7.1	208.1	792.3	-6575.6	-2625.6	-139.1	
55.75	232.2	21.0	-7.5	2.0	-128.6	27.4	32.3	232.7	783.2	-7139.4	-1572.3	-154.3	
55.80	234.8	21.3	-11.3	2.0	-130.5	27.5	46.0	242.7	766.2	-7395.4	-691.4	-169.3	
55.85	237.3	21.5	-12.6	2.0	-130.5	27.6	52.1	248.9	745.4	-7426.7	-21.8	-173.6	
55.90	239.8	21.4	-9.0	2.0	-129.6	27.7	53.5	258.9	737.2	-7331.2	283.4	-160.5	
55.95	242.3	21.0	-6.2	2.0	-127.0	27.8	59.8	263.9	733.6	-7109.7	401.7	-148.5	
56.00	244.8	20.5	-6.2	2.0	-122.6	27.9	69.1	258.0	720.5	-6786.0	550.6	-143.7	
56.05	247.3	21.0	-7.2	2.0	-118.9	28.0	78.0	251.6	701.4	-6512.5	722.5	-143.7	
56.10	249.8	20.9	-4.5	2.0	-117.6	28.1	87.7	248.3	685.8	-6416.5	777.7	-133.0	
56.15	252.3	20.7	2.8	2.0	-117.1	28.2	90.2	250.8	675.6	-6402.9	560.3	-107.4	
56.20	254.8	20.2	9.6	2.0	-115.0	28.3	78.0	252.7	663.6	-6281.7	112.3	-82.0	
56.25	257.3	20.2	12.2	2.0	-111.3	28.4	60.1	246.5	650.7	-6027.3	-441.7	-69.2	
56.30	259.8	20.3	13.4	2.0	-106.8	28.5	42.5	237.5	638.6	-5667.7	-962.8	-60.8	
56.35	262.3	19.7	13.9	2.0	-101.3	28.6	30.6	225.4	622.9	-5233.5	-1257.5	-53.6	
56.40	264.8	19.8	12.1	2.0	-94.0	28.7	27.5	211.2	601.8	-4693.5	-1370.6	-52.6	
56.45	267.2	20.3	10.3	2.0	-87.1	28.8	29.1	193.2	580.6	-4192.4	-1447.2	-51.6	
56.50	269.7	20.7	13.5	2.0	-84.1	28.9	28.8	180.7	563.2	-3964.6	-1559.0	-37.8	
56.55	272.1	21.5	19.2	2.0	-84.2	29.0	30.7	184.1	545.3	-3948.7	-1622.7	-18.4	
56.60	274.6	22.3	24.2	2.0	-84.6	29.1	30.6	188.3	524.4	-3954.4	-1708.9	-1.5	
56.65	277.0	22.8	27.5	2.0	-84.2	29.2	30.1	186.4	509.9	-3872.3	-1858.9	10.0	
56.70	279.4	23.7	29.3	2.0	-84.8	29.3	32.5	190.3	499.7	-3842.8	-1993.8	15.9	
56.75	281.8	24.4	31.2	2.0	-86.3	29.4	33.1	191.4	480.4	-3987.3	-1987.2	20.8	
56.80	284.2	23.8	29.2	2.0	-86.5	29.5	28.5	190.6	452.4	-4067.1	-1920.4	13.9	
56.85	286.6	23.0	24.0	2.0	-85.5	29.6	28.6	186.3	432.8	-4018.4	-1912.2	-3.1	
56.90	288.9	22.4	21.0	2.0	-86.7	29.7	33.6	180.9	422.3	-4142.8	-1922.5	-14.7	
56.95	291.3	22.7	20.6	2.0	-90.8	29.8	32.8	192.2	406.0	-4482.4	-1855.5	-20.1	
57.00	293.6	22.4	18.4	2.0	-94.7	29.9	31.5	203.1	383.6	-4871.8	-1635.0	-31.4	
57.05	296.0	22.1	14.7	2.0	-99.1	30.0	37.2	205.7	367.5	-5303.6	-1354.1	-48.7	
57.10	298.3	21.9	11.1	2.0	-105.0	30.1	45.9	215.0	364.3	-5774.4	-1169.7	-67.0	
57.15	300.7	21.1	8.9	2.0	-111.5	30.2	53.8	222.8	357.1	-6292.0	-927.6	-81.0	
57.20	303.0	20.7	4.0	2.0	-114.7	30.3	55.4	224.7	335.7	-6578.2	-649.3	-100.8	
57.25	305.4	20.8	-4.4	2.0	-113.5	30.4	51.5	219.2	315.5	-6538.1	-508.3	-128.6	
57.30	307.7	21.0	-11.0	2.0	-109.4	30.5	50.6	193.4	311.5	-6297.0	-519.7	-147.2	
57.35	310.0	21.2	-16.8	2.0	-103.7	30.6	52.2	168.5	315.9	-5919.2	-643.0	-161.2	
57.40	312.3	21.4	-17.5	2.0	-99.5	30.7	47.5	162.6	303.0	-5626.4	-665.2	-159.4	
57.45	314.6	21.2	-13.5	2.0	-96.4	30.8	43.1	159.8	277.4	-5443.6	-501.4	-142.8	
57.50	316.9	21.1	-10.2	2.0	-90.8	30.9	52.6	154.9	266.7	-5041.6	-346.4	-126.0	
57.55	319.1	21.2	-8.0	2.0	-84.3	31.0	70.0	142.5	275.7	-4560.7	-290.6	-111.9	
57.60	321.4	21.7	-1.1	2.0	-79.5	31.1	74.9	126.3	273.6	-4232.9	-306.9	-83.2	
57.65	323.6	21.4	6.3	2.0	-72.9	31.2	64.8	122.7	250.9	-3762.4	-424.3	-51.2	
57.70	325.8	20.5	11.2	2.0	-64.0	31.3	53.3	115.5	235.6	-3081.3	-662.0	-25.3	
57.75	328.0	19.6	12.3	2.0	-55.0	31.4	50.8	91.7	237.3	-2357.4	-933.5	-12.7	
57.80	330.2	19.6	11.6	2.0	-48.5	31.5	47.9	76.6	237.4	-1691.6	-1224.3	-8.7	
57.85	332.5	20.1	10.5	2.0	-44.2	31.6	36.3	51.7	220.2	-1187.0	-1425.9	-8.1	
57.90	334.7	20.4	11.8	2.0	-42.4	31.7	20.9	24.6	200.4	-865.8	-1609.2	-2.0	
57.95	336.9	20.5	12.2	2.0	-42.4	31.8	17.0	17.0	191.0	-550.6	-1776.1	-0.6	
58.00	339.1	20.6	13.3	2.0	-42.3	31.9	22.7	18.6	191.4	-272.9	-1817.1	3.4	
58.05	341.3	20.4	12.5	2.0	-38.9	32.0	35.7	10.1	188.5	-108.1	-1550.2	3.9	
58.10	343.5	21.0	7.1	2.0	-32.5	32.1	51.4	-7.1	177.1	107.0	-1026.7	-8.1	
58.15	345.7	21.4	1.8	2.0	-28.2	32.2	63.2	-33.5	166.4	343.6	-566.4	-21.9	
58.20	347.9	21.3	-0.9	2.0	-28.8	32.3	70.7	-48.7	162.8	549.4	-384.1	-32.1	
58.25	350.1	20.3	-0.8	2.0	-32.1	32.4	64.4	-39.1	160.5	701.6	-644.4	-35.0	
58.30	352.3	19.6	3.1	2.0	-36.5	32.5	40.4	-33.3	150.2	620.5	-1211.3	-25.7	
58.35	354.5	19.0	5.4	2.0	-41.2	32.6	19.5	-37.8	136.9	386.0	-1712.4	-22.8	
58.40	356.7	17.5	7.3	2.0	-46.6	32.7	5.7	-40.9	133.1	52.0	-2165.6	-21.5	
58.45	358.9	17.1	9.7	2.0	-51.4	32.8	3.0	-41.5	139.9	-373.0	-2502.4	-18.0	
58.50	1.1	17.3	14.9	2.0	-55.9	32.9	3.4	-29.2	146.6	-854.5	-2768.5	-4.8	
58.55	3.3	16.9	18.2	2.0	-58.8	33.0	4.4	-19.0	143.3	-1139.6	-2932.8	3.8	
58.60	5.4	17.7	17.6	2.0	-61.9	33.1	0.4	-23.5	141.4	-1131.8	-3179.6	-1.4	
58.65	7.6	18.9	16.3	2.0	-66.5	33.2	-6.7	-37.0	150.0	-976.3	-3542.5	-10.7	
58.70	9.8	19.2	15.4	2.0	-71.3	33.3	-15.8	-50.4	154.3	-848.0	-3896.2	-18.3	
58.75	11.9	18.8	16.6	2.0	-77.2	33.4	-35.2	-56.3	147.0	-682.9	-4350.0	-20.1	
58.80	14.1	18.2	18.6	2.0	-83.3	33.5	-56.0	-61.4	135.4	-503.4	-4799.8	-19.5	
58.85	16.2	17.2	25.1	2.0	-89.2	33.6	-70.7	-60.6	138.5	-364.2	-5226.9	-3.1	
58.90	18.3	17.8	32.0	2.0	-90.9	33.7	-65.8	-59.2	150.9	-243.0	-5367.7	18.8	
58.95	20.5	18.7	35.9	2.0	-89.3	33.8	-51.9	-72.9	158.6	-122.9	-5242.5	34.0	
59.00	22.6	19.6	37.9	2.0	-88.7	33.9	-44.2	-95.2	156.7	271.1	-5145.1	41.4	
59.05	24.7	21.0	38.9	2.0	-91.5	34.0	-45.0	-112.5	157.3	788.3	-5260.3	42.0	
59.10	26.8	22.2	44.3	2.0	-97.5	34.1	-50.2	-129.2	165.5	1346.0	-5555.7	54.5	
59.15	28.8	23.0	50.4	2.0	-106.0	34.2	-60.2	-146.6	169.9	2095.4	-5939.9	67.0	
59.20	30.9	22.3	54.7	2.0	-115.9	34.3	-79.5	-172.0	164.8	2879.4	-6335.4	71.8	
59.25	33.0	21.6	57.4	2.0	-122.5	34.4	-93.7	-192.3	156.9	3480.2	-6525.8	74.4	
59.30	35.0	21.1	60.5	2.0	-124.6	34.5	-93.9	-190.7	160.5	3800.8	-6522.7	83.0	
59.35	37.1	20.9	63.2	2.0	-124.0	34.6	-85.9	-187.9	171.9	3908.9	-6418.2	93.0	
59.40	39.1	20.2	62.8	2.0	-122.7	34.7	-79.7	-192.1	174.7	3964.6	-6257.9	93.0	
59.45	41.1	19.6	60.2	2.0	-121.9	34.8	-77.8	-197.4	170.8	4034.7	-6135.6	84.7	
59.50	43.2	19.8	58.5	2.0	-122.7	34.9	-79.1	-198.2	177.2	4012.2	-6210.1	78.1	
59.55	45.2	19.4	58.1	2.0	-125.1	35.0	-86.7	-195.9	188.5	3929.4	-6460.1	74.3	
59.60	47.3	19.0	54.4	2.0	-128.7	35.1	-99.4	-201.2	191.5	3989.5	-6709.3	58.1	
59.65	49.3	19.2	47.9	2.0	-132.2	35.2	-115.1	-216.9	186.3	4188.3	-6827.0	32.4	
59.70	51.3	19.5	42.3	2.0	-131.7	35.3	-122.9	-226.9	184.4	4327.4	-6655.5	13.4	
59.75	53.3	19.5	36.8	2.0	-126.5	35.4	-110.0	-227.3	189.6	4405.1	-6135.2	-0.1	
59.80	55.3	19.3	32.7	2.0	-119.0	35.5	-88.2	-224.0	197.5	4365.9	-5492.1	-6.9	
59.85	57.3	19.2	28.4	2.0	-112.2	35.6	-70.1	-225.0	201.1	4334.7	-4859.8	-14.6	
59.90	59.3	19.7	25.8	2.0	-106.0	35.7	-54.7	-224.4	201.9	4304.1	-4267.5	-17.4	
59.95	61.3	20.7	25.1	2.0	-99.5	35.8	-39.1	-216.6	208.9	4119.6	-3783.8	-13.5	
60.00	63.2	20.6	24.6	2.0	-94.8	35.9	-23.8	-209.8	222.0	3973.1	-3432.8	-10.2	
60.05	65.2	21.2	20.6	2.0	-94.9	36.0	-14.2	-220.6	234.9	4092.4	-3239.1	-24.2	
60.10	67.2	22.1	12.9	2.0	-98.4	36.1	-9.3	-246.5	242.5	4417.8	-3117.5	-54.3	
60.15	69.1	21.8	6.6	2.0	-101.8	36.2	-13.0	-266.4	247.7	4656.1	-3104.1	-79.2	
60.20	71.1	21.2	3.7	2.0	-103.5	36.3	-23.0	-268.7	252.0	4728.7	-3213.4	-90.9	
60.25	73.0	20.8	2.2	2.0	-105.3	36.4	-37.0	-265.6	255.1	4706.4	-3481.6	-97.6	
60.30	74.9	21.4	6.5	2.0	-107.4	36.5	-52.1	-263.7	260.3	4590.0	-3871.3	-85.0	
60.35	76.8	21.2	11.0	2.0	-108.8	36.6	-60.5	-258.9	271.1	4409.2	-4231.1	-71.0	
60.40	78.7	20.7	18.7	2.0	-108.7	36.7	-60.7	-247.8	284.3	4217.7	-4439.9	-44.4	
60.45	80.6	20.2	26.6	2.0	-107.7	36.8	-57.0	-235.3	294.4	4076.1	-4509.6	-16.3	
60.50	82.5	20.5	31.3	2.0	-108.3	36.9	-49.6	-229.8	301.9	4200.7	-4483.7	-0.8	
60.55	84.4	21.0	33.4	2.0	-112.6	37.0	-40.1	-243.6	313.3	4606.9	-4482.1	2.1	
60.60	86.4	21.8	32.9	2.0	-120.2	37.1	-37.0	-271.8	326.4	5127.3	-4629.7	-7.3	
60.65	88.3	22.0	31.3	2.0	-127.9	37.2	-49.6	-288.2	329.7	5573.6	-4927.1	-20.4	
60.70	90.2	22.2	32.8	2.0	-133.6	37.3	-66.1	-294.0	324.7	5844.6	-5231.6	-21.0	
60.75	92.0	22.4	34.7	2.0	-139.2	37.4	-79.9	-298.7	325.6	6072.8	-5574.0	-20.0	
60.80	93.9	22.8	36.0	2.0	-143.8	37.5	-83.5	-305.5	335.4	6277.4	-5822.9	-20.2	
60.85	95.8	23.3	38.9	2.0	-143.8	37.6	-80.5	-304.2	340.9	6246.9	-5861.4	-10.4	
60.90	97.7	24.0	42.5	2.0	-138.5	37.7	-74.6	-293.1	338.3	5933.2	-5668.5	7.4	
60.95	99.5	23.1	46.1	2.0	-133.3	37.8	-65.8	-283.0	342.5	5644.0	-5448.5	25.0	
61.00	101.3	22.1	46.6	2.0	-132.4	37.9	-55.0	-281.1	355.5	5663.1	-5326.8	27.5	
61.05	103.2	21.3	45.9	2.0	-132.1	38.0	-49.5	-276.3	364.6	5698.2	-5267.2	25.3	
61.10	105.0	21.4	45.6	2.0	-129.3	38.1	-53.4	-259.6	361.7	5517.8	-5223.9	27.4	
61.15	106.8	21.5	43.5	2.0	-128.8	38.2	-66.0	-255.7	363.5	5320.2	-5372.7	20.5	
61.20	108.6	21.5	36.4	2.0	-130.8	38.3	-80.4	-265.3	375.8	5200.2	-5629.6	-5.8	
61.25	110.4	20.2	29.5	2.0	-130.7	38.4	-90.5	-264.5	384.1	5068.3	-5723.0	-29.3	
61.30	112.2	19.1	27.7	2.0	-124.9	38.5	-91.0	-244.2	385.8	4675.2	-5550.2	-29.8	
61.35	113.9	18.3	28.4	2.0	-116.6	38.6	-83.2	-221.1	390.9	4179.4	-5235.8	-19.2	
61.40	115.7	18.8	24.4	2.0	-110.1	38.7	-65.3	-215.2	403.6	3979.2	-4793.3	-26.4	
61.45	117.5	19.5	15.8	2.0	-105.1	38.8	-42.1	-227.3	418.2	3963.9	-4260.6	-50.7	
61.50	119.2	20.3	10.6	2.0	-99.1	38.9	-21.7	-230.1	426.0	3844.0	-3735.3	-62.6	
61.55	121.0	20.8	9.2	2.0	-93.0	39.0	-10.5	-212.3	430.1	3632.1	-3362.5	-61.6	
61.60	122.7	21.5	8.1	2.0	-88.9	39.1	-8.0	-195.6	437.7	3412.3	-3210.1	-61.0	
61.65	124.4	22.1	4.8	2.0	-87.2	39.2	-12.7	-191.0	444.6	3289.0	-3160.9	-70.6	
61.70	126.1	20.8	0.7	2.0	-86.0	39.3	-22.0	-190.7	447.1	3173.5	-3147.2	-83.6	
61.75	127.9	20.3	-1.2	2.0	-84.3	39.4	-28.1	-194.4	449.4	2987.6	-3123.7	-88.3	
61.80	129.6	20.2	-2.2	2.0	-83.2	39.5	-29.1	-195.2	455.4	2870.5	-3107.1	-90.7	
61.85	131.3	20.3	-3.2	2.0	-82.7	39.6	-25.1	-189.1	459.8	2903.1	-3047.6	-93.5	
61.90	133.0	20.3	-1.6	2.0	-81.9	39.7	-17.2	-185.5	463.2	2923.6	-2960.2	-87.3	
61.95	134.7	20.3	1.8	2.0	-80.7	39.8	-10.1	-180.8	467.8	2873.6	-2897.7	-74.5	
62.00	136.4	20.4	4.8	2.0	-79.5	39.9	-6.5	-170.8	473.1	2786.7	-2894.1	-62.9	
62.05	138.1	21.0	7.2	2.0	-78.2	40.0	-4.9	-163.8	477.4	2667.5	-2896.7	-53.4	
62.10	139.8	21.4	9.9	2.0	-78.4	40.1	-8.4	-160.6	478.9	2643.4	-2952.4	-44.6	
62.15	141.4	21.0	12.8	2.0	-80.6	40.2	-15.5	-157.6	479.4	2806.3	-3037.7	-36.5	
62.20	143.1	21.4	14.1	2.0	-84.1	40.3	-20.3	-163.2	478.7	3105.7	-3089.4	-35.8	
62.25	144.7	22.0	12.9	2.0	-88.9	40.4	-24.0	-173.5	480.9	3485.0	-3173.2	-44.8	
62.30	146.4	22.5	11.4	2.0	-92.1	40.5	-22.5	-180.6	484.3	3788.0	-3160.5	-52.9	
62.35	148.0	22.6	11.5	2.0	-90.5	40.6	-15.3	-180.7	487.6	3796.6	-2955.7	-51.1	
62.40	149.6	22.8	12.9	2.0	-85.9	40.7	-0.4	-175.1	491.3	3679.2	-2549.7	-41.8	
62.45	151.2	23.4	12.5	2.0	-80.8	40.8	15.7	-167.0	494.9	3535.1	-2088.3	-37.7	
62.50	152.8	24.3	12.0	2.0	-75.6	40.9	31.3	-155.3	496.9	3345.8	-1677.2	-34.3	
62.55	154.4	25.4	12.0	2.0	-70.9	41.0	37.5	-142.0	498.1	3087.7	-1465.0	-29.6	
62.60	156.0	26.6	11.5	2.0	-68.0	41.1	33.5	-135.1	497.1	2890.2	-1420.6	-28.5	
62.65	157.6	25.4	9.1	2.0	-68.8	41.2	26.8	-142.0	496.0	2928.7	-1440.7	-37.6	
62.70	159.2	24.7	5.9	2.0	-71.6	41.3	20.4	-148.9	497.6	3116.1	-1504.4	-51.3	
62.75	160.8	25.0	3.8	2.0	-70.4	41.4	20.6	-141.6	500.5	3073.4	-1433.6	-57.2	
62.80	162.4	24.8	3.7	2.0	-63.6	41.5	30.1	-124.7	501.1	2689.9	-1117.9	-50.9	
62.85	163.9	24.9	4.4	2.0	-54.4	41.6	41.4	-104.6	502.1	2154.3	-712.3	-39.3	
62.90	165.5	25.2	2.8	2.0	-46.2	41.7	54.0	-89.9	502.4	1645.7	-241.2	-36.4	
62.95	167.1	24.7	1.3	2.0	-39.0	41.8	68.4	-70.7	501.2	1119.2	229.8	-34.4	
63.00	168.7	24.2	1.9	2.0	-33.6	41.9	78.5	-42.3	501.9	527.5	545.7	-27.0	
63.05	170.3	23.9	0.3	2.0	-32.2	42.0	79.7	-31.0	506.7	136.6	647.1	-31.2	
63.10	171.9	24.5	-7.7	2.0	-31.6	42.1	73.5	-43.9	508.9	91.1	602.6	-58.0	
63.15	173.5	25.0	-18.1	2.0	-30.2	42.2	63.9	-56.6	507.1	145.3	484.2	-92.4	
63.20	175.0	25.3	-23.4	2.0	-29.0	42.3	59.9	-55.9	505.8	31.4	424.6	-109.4	
63.25	176.6	25.1	-22.1	2.0	-30.0	42.4	61.2	-42.1	506.2	-282.0	445.8	-106.0	
63.30	178.2	24.9	-18.9	2.0	-33.5	42.5	62.2	-27.2	504.1	-641.3	501.7	-98.4	
63.35	179.7	25.0	-16.7	2.0	-36.9	42.6	65.6	-23.5	498.3	-866.0	627.9	-94.1	
63.40	181.3	25.7	-10.8	2.0	-39.7	42.7	71.4	-17.6	497.8	-1051.2	705.6	-76.7	
63.45	182.8	25.6	-3.6	2.0	-40.3	42.8	77.5	-4.6	503.0	-1131.1	635.2	-52.8	
63.50	184.3	25.7	-0.2	2.0	-36.9	42.9	78.0	4.0	505.1	-950.7	419.9	-37.7	
63.55	185.8	25.9	-1.8	2.0	-28.8	43.0	65.4	-6.3	502.0	-460.8	-1.2	-35.0	
63.60	187.3	25.7	-1.1	2.0	-28.8	43.1	47.4	-20.3	495.4	16.0	-513.3	-32.5	
63.65	188.8	25.6	6.8	2.0	-34.0	43.2	36.0	-20.3	490.2	151.1	-923.0	-10.8	
63.70	190.3	25.8	14.0	2.0	-36.5	43.3	34.6	-13.3	484.1	175.2	-1134.8	11.6	
63.75	191.8	25.8	16.4	2.0	-39.3	43.4	31.9	-12.6	476.3	414.6	-1310.8	16.9	
63.80	193.3	26.4	19.7	2.0	-42.9	43.5	26.9	-14.5	468.9	666.9	-1519.0	24.9	
63.85	194.8	27.0	26.1	2.0	-44.3	43.6	26.4	-4.8	467.1	513.7	-1700.0	45.4	
63.90	196.2	26.6	31.9	2.0	-45.7	43.7	29.3	13.8	471.1	133.3	-1860.0	63.8	
63.95	197.7	25.8	32.7	2.0	-48.3	43.8	23.0	19.0	472.8	-135.1	-2064.5	64.0	
64.00	199.2	25.2	29.0	2.0	-50.1	43.9	10.3	17.3	462.9	-272.2	-2222.6	49.5	
64.05	200.6	25.5	27.7	2.0	-51.7	44.0	2.2	33.4	448.3	-575.4	-2263.4	43.5	
64.10	202.1	25.1	31.3	2.0	-54.8	44.1	0.4	55.5	441.7	-1148.7	-2235.6	52.8	
64.15	203.6	24.3	28.6	2.0	-57.5	44.2	-1.4	64.3	441.8	-1566.6	-2184.9	40.7	
64.20	205.0	23.1	19.8	2.0	-58.5	44.3	-10.5	63.7	435.5	-1781.9	-2120.4	9.5	
64.25	206.4	23.4	15.0	2.0	-58.8	44.4	-11.7	65.0	424.5	-2090.7	-1850.6	-7.3	
64.30	207.9	23.5	15.9	2.0	-60.4	44.5	1.8	79.8	425.7	-2484.8	-1450.7	-5.9	
64.35	209.3	23.3	16.0	2.0	-62.1	44.6	26.2	99.7	436.8	-2780.8	-903.8	-7.3	
64.40	210.7	24.2	11.5	2.0	-62.8	44.7	53.0	105.2	436.5	-2934.0	-105.0	-23.4	
64.45	212.1	24.2	7.3	2.0	-66.5	44.8	72.1	102.0	419.4	-3114.7	766.1	-41.3	
64.50	213.5	23.7	7.0	2.0	-73.3	44.9	84.6	105.6	407.0	-3439.5	1376.9	-49.2	
64.55	214.8	23.0	8.9	2.0	-80.3	45.0	90.3	123.4	409.8	-3882.9	1554.8	-49.6	
64.60	216.2	22.1	8.6	2.0	-84.6	45.1	82.1	142.3	412.9	-4248.3	1394.3	-55.1	
64.65	217.6	21.4	4.9	2.0	-85.8	45.2	60.9	147.1	403.4	-4455.1	1088.9	-69.2	
64.70	219.0	21.6	1.1	2.0	-87.5	45.3	41.4	146.9	390.9	-4676.3	781.5	-83.9	
64.75	220.4	21.9	2.6	2.0	-92.5	45.4	36.6	157.8	392.4	-5065.6	529.6	-83.6	
64.80	221.8	22.1	6.7	2.0	-99.0	45.5	45.2	173.3	399.0	-5505.4	460.2	-76.1	
64.85	223.1	22.1	8.6	2.0	-102.8	45.6	54.2	180.8	391.1	-5765.9	563.3	-73.1	
64.90	224.5	21.6	11.4	2.0	-102.9	45.7	52.6	182.3	373.7	-5779.7	616.6	-63.8	
64.95	225.8	21.2	15.2	2.0	-102.2	45.8	48.9	186.2	365.3	-5735.0	462.3	-49.9	
65.00	227.1	21.1	21.1	2.0	-100.1	45.9	45.7	192.7	369.8	-5576.4	65.5	-27.8	
65.05	228.5	21.3	26.4	2.0	-94.9	46.0	35.0	187.8	370.3	-5181.5	-464.4	-4.1	
65.10	229.8	21.3	25.3	2.0	-86.2	46.1	20.1	164.4	356.5	-4549.2	-854.6	0.8	
65.15	231.1	21.3	21.3	2.0	-76.8	46.2	8.4	143.9	340.5	-3839.4	-1106.9	-3.6	
65.20	232.4	21.1	21.7	2.0	-71.0	46.3	9.8	137.7	333.7	-3348.1	-1267.3	3.5	
65.25	233.8	20.8	27.9	2.0	-69.5	46.4	21.6	135.4	333.8	-3185.3	-1361.5	26.3	
65.30	235.1	20.4	34.1	2.0	-70.1	46.5	25.2	134.4	328.1	-3179.7	-1506.8	46.9	
65.35	236.4	20.8	38.2	2.0	-72.3	46.6	16.2	136.9	316.5	-3272.1	-1702.4	58.7	
65.40	237.7	21.1	43.7	2.0	-77.3	46.7	6.2	149.1	308.7	-3569.2	-1900.9	72.8	
65.45	238.9	21.3	50.8	2.0	-83.6	46.8	-0.1	171.0	308.7	-3898.9	-2159.4	90.8	
65.50	240.2	20.8	54.6	2.0	-88.1	46.9	-4.5	186.1	308.6	-4111.1	-2373.9	99.4	
65.55	241.5	21.4	52.6	2.0	-88.4	47.0	-7.9	184.3	299.0	-4195.4	-2307.4	92.2	
65.60	242.7	22.3	45.7	2.0	-87.2	47.1	-11.8	182.4	283.3	-4258.1	-2020.5	69.6	
65.65	244.0	21.8	40.0	2.0	-87.7	47.2	-9.2	187.8	273.7	-4448.2	-1635.3	49.5	
65.70	245.2	21.2	38.1	2.0	-90.9	47.3	-0.4	199.5	269.8	-4796.5	-1240.6	39.7	
65.75	246.4	20.7	34.6	2.0	-94.0	47.4	7.3	208.9	263.9	-5095.7	-829.8	24.6	
65.80	247.7	20.3	28.2	2.0	-95.1	47.5	15.4	208.7	255.7	-5247.1	-319.6	1.6	
65.85	248.9	20.6	22.4	2.0	-96.4	47.6	26.8	209.7	246.7	-5345.0	253.1	-19.4	
65.90	250.1	21.1	20.5	2.0	-99.3	47.7	43.5	214.5	239.3	-5496.8	801.8	-28.8	
65.95	251.3	21.9	19.9	2.0	-101.8	47.8	65.9	217.1	234.6	-5568.5	1338.7	-33.5	
66.00	252.5	21.4	15.8	2.0	-101.8	47.9	84.5	210.4	227.8	-5412.1	1877.4	-47.5	
66.05	253.7	20.8	13.2	2.0	-103.9	48.0	95.6	205.5	216.3	-5370.9	2449.9	-58.6	
66.10	254.8	20.8	14.3	2.0	-108.4	48.1	97.7	215.9	202.8	-5527.9	2851.4	-59.4	
66.15	256.0	20.8	15.4	2.0	-110.7	48.2	94.9	227.6	196.2	-5661.9	2923.4	-57.8	
66.20	257.2	21.0	16.0	2.0	-110.9	48.3	91.3	228.9	196.5	-5757.9	2770.1	-55.8	
66.25	258.4	21.4	16.4	2.0	-111.4	48.4	83.8	233.8	192.3	-5887.9	2565.2	-55.1	
66.30	259.6	21.4	19.2	2.0	-113.3	48.5	72.2	244.6	181.8	-6116.9	2361.0	-47.3	
66.35	260.8	21.4	21.9	2.0	-116.0	48.6	66.0	248.5	174.0	-6409.8	2150.8	-40.9	
66.40	262.0	21.7	23.6	2.0	-116.6	48.7	63.9	247.7	173.3	-6568.1	1792.1	-35.6	
66.45	263.2	21.3	25.5	2.0	-115.4	48.8	63.5	247.9	174.3	-6568.6	1417.0	-27.8	
66.50	264.4	21.6	28.5	2.0	-114.6	48.9	62.6	246.3	166.3	-6543.4	1296.4	-16.7	
66.55	265.5	23.0	30.8	2.0	-111.9	49.0	57.3	246.1	153.0	-6355.7	1235.5	-6.1	
66.60	266.7	23.8	29.6	2.0	-105.1	49.1	52.5	236.6	145.0	-5912.4	1026.4	-3.6	
66.65	267.9	23.9	27.8	2.0	-96.3	49.2	50.6	213.9	144.9	-5358.1	675.5	-0.8	
66.70	269.0	23.0	27.3	2.0	-87.8	49.3	47.1	194.9	140.6	-4807.2	319.4	6.0	
66.75	270.2	23.0	30.2	2.0	-83.0	49.4	38.6	193.9	125.9	-4470.7	47.0	20.7	
66.80	271.3	22.7	33.4	2.0	-80.8	49.5	35.2	192.6	111.9	-4319.2	-108.5	34.0	
66.85	272.5	22.2	35.6	2.0	-78.9	49.6	37.4	185.5	107.9	-4189.5	-329.7	43.2	
66.90	273.6	21.9	38.2	2.0	-79.0	49.7	39.7	180.6	104.7	-4188.7	-556.5	52.3	
66.95	274.8	21.7	43.8	2.0	-82.6	49.8	36.6	183.5	93.5	-4446.2	-695.5	67.6	
67.00	275.9	21.8	48.1	2.0	-86.7	49.9	27.7	197.0	80.0	-4704.5	-868.4	78.6	
67.05	277.0	21.4	48.8	2.0	-88.3	50.0	15.4	200.8	69.8	-4764.7	-1161.8	79.4	
67.10	278.1	21.3	47.9	2.0	-89.0	50.1	5.4	194.9	65.3	-4753.5	-1478.9	75.5	
67.15	279.2	21.5	47.7	2.0	-89.9	50.2	0.1	198.5	59.6	-4776.3	-1625.3	73.8	
67.20	280.3	21.9	47.2	2.0	-91.3	50.3	0.2	205.8	49.5	-4931.0	-1430.2	70.9	
67.25	281.4	21.7	43.4	2.0	-91.7	50.4	6.1	207.8	40.3	-5070.5	-1001.4	57.4	
67.30	282.5	21.3	38.6	2.0	-91.6	50.5	15.5	208.9	32.6	-5133.2	-519.9	41.0	
67.35	283.6	21.5	37.0	2.0	-93.0	50.6	30.8	211.8	28.4	-5259.0	-4.5	34.1	
67.40	284.7	21.8	35.8	2.0	-95.2	50.7	45.9	212.9	25.4	-5397.5	461.2	27.6	
67.45	285.8	21.9	32.6	2.0	-96.8	50.8	54.0	215.9	21.9	-5470.0	796.0	15.2	
67.50	286.9	21.6	28.1	2.0	-97.2	50.9	61.2	210.0	17.8	-5449.8	1136.2	-0.6	
67.55	288.0	22.2	22.0	2.0	-95.7	51.0	70.2	195.3	16.2	-5283.6	1481.9	-20.2	
67.60	289.1	22.9	15.7	2.0	-94.4	51.1	81.5	185.4	16.5	-5067.2	1881.6	-40.5	
67.65	290.2	22.6	11.7	2.0	-95.4	51.2	93.4	181.0	12.4	-4927.4	2398.3	-55.3	
67.70	291.3	22.1	9.1	2.0	-97.4	51.3	98.4	181.8	2.3	-4852.2	2856.3	-66.1	
67.75	292.4	22.0	9.3	2.0	-99.1	51.4	97.1	182.3	-8.2	-4834.9	3127.1	-67.1	
67.80	293.5	22.9	12.0	2.0	-98.7	51.5	95.3	173.2	-12.9	-4787.9	3186.3	-57.5	
67.85	294.5	23.3	13.0	2.0	-96.3	51.6	96.2	171.5	-12.4	-4659.0	3050.0	-51.7	
67.90	295.6	23.3	13.9	2.0	-94.1	51.7	95.3	178.7	-15.5	-4539.2	2898.5	-46.3	
67.95	296.6	23.0	17.2	2.0	-93.4	51.8	98.5	180.2	-22.3	-4440.3	2928.4	-34.3	
68.00	297.7	23.1	18.7	2.0	-91.4	51.9	104.4	166.9	-27.4	-4215.0	3024.8	-27.3	
68.05	298.8	22.9	16.0	2.0	-86.8	52.0	107.5	150.2	-28.5	-3828.3	3008.9	-31.7	
68.10	299.8	22.3	16.9	2.0	-83.1	52.1	106.0	145.6	-35.1	-3556.2	2921.1	-25.0	
68.15	300.9	23.6	22.2	2.0	-80.6	52.2	98.3	153.2	-48.2	-3435.8	2740.1	-4.5	
68.20	301.9	23.8	24.8	2.0	-74.1	52.3	80.6	152.1	-57.3	-3160.9	2323.2	11.0	
68.25	302.9	23.3	20.9	2.0	-62.9	52.4	63.0	129.0	-57.2	-2602.0	1792.4	9.0	
68.30	304.0	23.4	16.9	2.0	-53.1	52.5	51.7	108.8	-60.1	-2054.9	1393.6	5.0	
68.35	305.0	23.2	18.9	2.0	-49.2	52.6	49.8	109.0	-70.6	-1784.0	1254.5	15.6	
68.40	306.1	22.8	22.2	2.0	-48.1	52.7	54.5	109.2	-77.0	-1693.1	1222.1	28.2	
68.45	307.1	22.7	22.2	2.0	-45.4	52.8	55.9	99.4	-75.0	-1576.9	1071.5	30.8	
68.50	308.2	23.1	24.1	2.0	-44.2	52.9	49.3	97.7	-78.8	-1615.2	850.6	38.5	
68.55	309.2	23.5	31.7	2.0	-47.6	53.0	39.1	113.0	-94.7	-1944.3	632.2	61.3	
68.60	310.2	23.9	36.9	2.0	-49.8	53.1	29.4	125.4	-102.6	-2167.6	240.6	76.9	
68.65	311.3	23.3	35.3	2.0	-47.5	53.2	21.2	119.6	-95.0	-2009.8	-273.9	73.8	
68.70	312.3	22.9	31.1	2.0	-43.5	53.3	16.5	99.7	-92.6	-1715.0	-515.2	63.1	
68.75	313.3	23.2	27.8	2.0	-40.4	53.4	14.9	89.0	-105.1	-1522.6	-423.2	54.9	
68.80	314.4	23.7	26.5	2.0	-39.6	53.5	17.7	89.1	-115.3	-1487.0	-265.3	51.2	
68.85	315.4	23.7	25.1	2.0	-41.1	53.6	28.8	85.5	-110.2	-1623.7	-138.6	44.9	
68.90	316.4	22.9	25.8	2.0	-45.4	53.7	36.6	90.0	-105.6	-1938.2	-32.0	43.1	
68.95	317.4	22.3	29.7	2.0	-52.6	53.8	34.6	106.3	-116.9	-2422.4	171.6	49.4	
69.00	318.4	22.4	32.4	2.0	-58.4	53.9	34.7	112.3	-131.9	-2798.6	485.8	52.7	
69.05	319.4	23.0	27.2	2.0	-59.4	54.0	38.4	111.6	-132.3	-2852.7	590.4	34.0	
69.10	320.4	23.3	20.5	2.0	-60.0	54.1	48.3	112.9	-124.7	-2882.4	637.7	10.4	
69.15	321.4	24.1	19.3	2.0	-64.6	54.2	56.1	111.4	-127.5	-3173.6	860.1	1.9	
69.20	322.4	24.7	19.0	2.0	-69.0	54.3	53.7	111.2	-140.9	-3441.8	1125.0	-3.7	
69.25	323.4	24.2	14.2	2.0	-71.3	54.4	47.2	111.2	-149.1	-3580.9	1248.0	-22.7	
69.30	324.3	24.1	12.8	2.0	-74.9	54.5	52.1	108.8	-146.8	-3837.4	1350.1	-31.0	
69.35	325.3	24.2	15.3	2.0	-79.6	54.6	56.5	120.2	-146.5	-4174.8	1359.8	-27.0	
69.40	326.3	24.3	16.9	2.0	-82.2	54.7	52.2	131.7	-151.6	-4370.6	1297.3	-24.2	
69.45	327.3	25.2	14.4	2.0	-80.4	54.8	45.1	115.1	-156.9	-4290.0	1263.0	-31.1	
69.50	328.2	25.8	11.5	2.0	-75.9	54.9	38.7	100.7	-160.9	-4017.5	1136.0	-36.4	
69.55	329.2	26.1	12.6	2.0	-73.7	55.0	37.4	108.3	-162.0	-3868.0	940.2	-30.5	
69.60	330.2	25.6	17.7	2.0	-73.2	55.1	44.9	109.8	-159.6	-3841.0	844.3	-12.3	
69.65	331.1	25.1	17.4	2.0	-68.6	55.2	40.3	99.0	-158.5	-3570.9	602.6	-8.7	
69.70	332.1	24.6	14.7	2.0	-61.7	55.3	23.5	83.5	-164.0	-3147.3	214.1	-11.2	
69.75	333.1	23.9	19.6	2.0	-58.5	55.4	15.7	72.7	-172.1	-2945.9	-67.8	8.9	
69.80	334.0	24.2	26.0	2.0	-56.6	55.5	13.0	75.5	-169.8	-2755.3	-480.6	32.6	
69.85	335.0	24.8	28.1	2.0	-53.6	55.6	5.9	75.2	-162.7	-2370.8	-1014.9	43.0	
69.90	336.0	24.0	30.2	2.0	-51.7	55.7	-4.8	60.6	-165.8	-2049.5	-1387.4	51.9	
69.95	336.9	23.6	34.1	2.0	-51.8	55.8	-17.6	48.0	-178.3	-1874.1	-1649.5	65.5	
70.00	337.9	23.1	38.0	2.0	-52.8	55.9	-22.8	47.3	-181.0	-1734.1	-1895.8	77.5	
70.05	338.9	22.4	39.2	2.0	-52.8	56.0	-17.6	44.6	-172.2	-1566.1	-2063.1	81.6	
70.10	339.8	21.6	38.8	2.0	-51.6	56.1	-15.1	37.7	-172.6	-1351.9	-2127.6	81.5	
70.15	340.8	20.9	37.8	2.0	-50.2	56.2	-21.7	32.4	-185.6	-1092.7	-2143.0	79.5	
70.20	341.7	20.7	36.9	2.0	-48.3	56.3	-24.8	22.6	-192.9	-886.4	-2094.6	78.5	
70.25	342.6	20.2	34.6	2.0	-46.1	56.4	-17.7	14.5	-187.1	-806.2	-1983.6	72.8	
70.30	343.6	20.0	30.7	2.0	-44.3	56.5	-12.8	18.3	-182.4	-749.5	-1869.1	61.1	
70.35	344.5	20.2	26.8	2.0	-40.5	56.6	-9.3	23.0	-191.5	-730.4	-1548.0	51.4	
70.40	345.4	20.5	22.9	2.0	-35.7	56.7	-4.8	16.6	-201.0	-775.5	-1117.1	42.9	
70.45	346.3	21.6	17.9	2.0	-32.9	56.8	1.1	11.6	-199.3	-852.3	-794.4	28.6	
70.50	347.3	23.6	12.6	2.0	-31.8	56.9	10.4	11.5	-194.8	-958.6	-486.3	11.6	
70.55	348.2	22.7	8.7	2.0	-31.4	57.0	13.9	8.6	-198.5	-1019.8	-206.8	-1.6	
70.60	349.1	22.2	3.5	2.0	-30.2	57.1	11.0	6.3	-208.8	-951.8	-12.3	-18.3	
70.65	350.0	21.9	1.1	2.0	-30.4	57.2	11.5	8.9	-210.9	-949.7	120.7	-26.5	
70.70	350.9	21.4	2.8	2.0	-33.0	57.3	21.6	10.5	-203.8	-1090.9	314.4	-23.4	
70.75	351.8	21.4	2.3	2.0	-35.5	57.4	30.1	13.1	-199.3	-1189.5	522.6	-27.6	
70.80	352.7	21.6	-0.5	2.0	-36.1	57.5	31.6	9.9	-204.6	-1126.8	731.9	-37.8	
70.85	353.6	21.7	-0.9	2.0	-37.9	57.6	37.1	2.5	-211.5	-1061.3	1001.7	-41.0	
70.90	354.5	21.2	0.8	2.0	-38.5	57.7	43.9	2.2	-208.3	-983.2	1116.9	-35.8	
70.95	355.4	20.4	1.2	2.0	-36.4	57.8	46.0	5.4	-201.9	-817.8	1044.7	-32.4	
71.00	356.3	19.9	0.5	2.0	-33.4	57.9	41.7	-2.8	-204.3	-654.8	899.9	-31.8	
71.05	357.2	19.2	-2.3	2.0	-29.0	58.0	29.7	-17.5	-213.2	-478.2	634.7	-36.9	
71.10	358.1	18.6	-4.9	2.0	-24.4	58.1	16.2	-23.4	-215.4	-393.9	235.8	-41.2	
71.15	359.0	18.4	-3.5	2.0	-23.4	58.2	14.9	-25.4	-207.9	-383.3	-57.9	-35.6	
71.20	359.9	18.4	-0.5	2.0	-23.1	58.3	19.0	-29.4	-204.2	-289.1	-202.8	-24.7	
71.25	0.8	18.6	0.5	2.0	-24.1	58.4	12.4	-30.1	-210.7	-103.6	-421.4	-22.4	
71.30	1.6	18.8	3.5	2.0	-27.5	58.5	1.5	-29.3	-219.1	-57.7	-691.5	-15.5	
71.35	2.5	18.7	8.8	2.0	-30.9	58.6	-1.6	-31.0	-218.4	-126.8	-933.7	-0.8	
71.40	3.4	18.5	16.2	2.0	-35.8	58.7	-7.0	-30.4	-210.1	-123.1	-1312.1	20.0	
71.45	4.2	18.0	21.0	2.0	-39.8	58.8	-14.0	-31.5	-210.6	-2.4	-1615.3	32.4	
71.50	5.1	17.9	21.8	2.0	-43.0	58.9	-22.4	-38.0	-220.6	198.8	-1806.7	31.8	
71.55	5.9	18.5	20.4	2.0	-46.4	59.0	-29.9	-39.8	-223.8	376.3	-2027.4	23.7	
71.60	6.8	20.2	20.8	2.0	-49.3	59.1	-29.6	-45.7	-213.9	462.0	-2221.9	22.3	
71.65	7.7	19.1	22.1	2.0	-50.4	59.2	-25.2	-62.6	-207.9	514.1	-2263.3	25.7	
71.70	8.5	18.4	20.8	2.0	-51.6	59.3	-30.7	-70.8	-215.0	659.0	-2284.7	19.7	
71.75	9.4	19.4	17.9	2.0	-51.8	59.4	-34.5	-69.2	-222.3	861.0	-2224.2	9.7	
71.80	10.2	19.7	15.3	2.0	-48.9	59.5	-25.3	-64.0	-216.8	850.2	-2028.6	3.8	
71.85	11.0	19.8	15.4	2.0	-45.7	59.6	-16.7	-56.3	-207.6	733.6	-1852.8	7.1	
71.90	11.9	19.9	13.1	2.0	-44.3	59.7	-18.6	-54.6	-209.4	748.5	-1734.7	0.5	
71.95	12.7	19.2	9.4	2.0	-42.1	59.8	-19.2	-61.1	-214.9	790.5	-1502.4	-9.7	
72.00	13.5	18.5	8.9	2.0	-37.6	59.9	-7.5	-63.6	-213.2	810.8	-1094.5	-7.1	
72.05	14.4	18.0	2.4	2.0	-33.0	60.0	5.8	-53.4	-206.6	758.2	-721.0	-24.7	
72.10	15.2	19.4	-1.6	2.0	-29.4	60.1	13.3	-47.4	-204.7	670.5	-413.5	-34.7	
72.15	16.0	20.1	-6.7	2.0	-28.7	60.2	16.8	-61.4	-208.4	680.3	-110.4	-51.8	
72.20	16.9	20.2	-10.4	2.0	-30.1	60.3	11.7	-73.9	-207.6	759.6	16.8	-65.7	
72.25	17.7	20.2	-13.9	2.0	-29.7	60.4	13.9	-65.3	-204.3	717.7	253.4	-77.6	
72.30	18.5	20.6	-12.9	2.0	-31.8	60.5	27.6	-52.4	-203.1	642.4	692.8	-76.2	
72.35	19.3	21.1	-12.7	2.0	-37.5	60.6	36.8	-60.7	-201.2	868.1	1016.0	-81.2	
72.40	20.1	20.3	-15.1	2.0	-43.7	60.7	34.6	-82.2	-200.2	1333.1	1143.0	-95.4	
72.45	20.9	19.7	-16.1	2.0	-48.9	60.8	35.0	-95.8	-204.1	1625.6	1343.7	-104.2	
72.50	21.6	19.4	-14.0	2.0	-52.0	60.9	44.1	-91.6	-206.8	1700.9	1609.0	-100.0	
72.55	22.4	20.1	-12.3	2.0	-53.0	61.0	43.7	-87.5	-201.8	1899.4	1523.3	-95.3	
72.60	23.2	20.2	-12.7	2.0	-53.6	61.1	30.7	-98.9	-197.9	2203.8	1106.8	-97.3	
72.65	23.9	20.1	-10.6	2.0	-53.2	61.2	17.1	-109.7	-203.0	2310.9	694.0	-89.7	
72.70	24.7	19.7	-7.3	2.0	-50.8	61.3	8.3	-102.5	-203.9	2225.1	330.0	-75.9	
72.75	25.5	19.6	-5.6	2.0	-50.7	61.4	7.1	-99.6	-195.2	2255.7	28.6	-69.8	
72.80	26.2	19.5	-4.7	2.0	-55.4	61.5	7.0	-116.5	-190.4	2560.8	-210.8	-71.7	
72.85	27.0	19.3	-2.3	2.0	-61.9	61.6	-1.7	-133.5	-198.7	2965.6	-483.9	-69.9	
72.90	27.7	19.8	1.6	2.0	-65.3	61.7	-8.2	-137.3	-205.1	3154.2	-775.7	-59.9	
72.95	28.5	20.4	5.3	2.0	-66.7	61.8	-12.1	-133.4	-196.3	3145.8	-1200.6	-48.4	
73.00	29.3	21.0	7.6	2.0	-70.5	61.9	-23.0	-132.4	-188.7	3228.2	-1726.6	-44.3	
73.05	30.0	21.5	9.4	2.0	-75.3	62.0	-39.5	-136.7	-196.1	3348.3	-2186.3	-43.0	
73.10	30.8	21.3	12.2	2.0	-77.9	62.1	-47.0	-142.4	-204.2	3354.5	-2467.0	-36.1	
73.15	31.5	20.5	14.2	2.0	-77.4	62.2	-41.2	-139.1	-196.0	3227.6	-2601.2	-28.7	
73.20	32.3	19.5	14.1	2.0	-75.7	62.3	-31.4	-137.4	-185.4	3123.2	-2566.0	-27.4	
73.25	33.0	19.3	11.7	2.0	-73.6	62.4	-25.8	-147.2	-191.7	3056.8	-2338.1	-33.3	
73.30	33.8	19.6	8.4	2.0	-72.6	62.5	-28.3	-155.9	-202.6	3036.9	-2184.3	-43.9	
73.35	34.5	20.1	6.4	2.0	-71.2	62.6	-30.8	-150.6	-196.7	2892.8	-2227.2	-49.1	
73.40	35.2	19.6	6.9	2.0	-66.3	62.7	-23.1	-138.5	-184.8	2537.2	-2150.5	-42.4	
73.45	35.9	18.7	4.6	2.0	-61.0	62.8	-20.7	-129.2	-184.3	2223.7	-1947.9	-45.2	
73.50	36.6	18.7	-2.2	2.0	-59.2	62.9	-29.6	-132.5	-192.7	2173.2	-1761.8	-66.6	
73.55	37.3	18.8	-8.2	2.0	-58.2	63.0	-30.1	-144.3	-196.2	2232.6	-1500.9	-86.4	
73.60	38.0	18.7	-9.5	2.0	-53.8	63.1	-13.5	-143.3	-189.4	2092.5	-1104.2	-86.4	
73.65	38.7	17.5	-9.5	2.0	-47.3	63.2	3.8	-128.9	-181.2	1799.3	-692.4	-80.0	
73.70	39.4	17.1	-12.6	2.0	-44.1	63.3	8.9	-127.8	-180.8	1644.1	-379.4	-87.3	
73.75	40.1	17.3	-17.9	2.0	-44.8	63.4	2.7	-140.7	-183.5	1679.2	-282.8	-106.3	
73.80	40.8	18.3	-20.3	2.0	-44.9	63.5	-0.1	-144.5	-181.0	1675.2	-297.7	-114.5	
73.85	41.4	18.6	-16.8	2.0	-42.5	63.6	9.1	-134.5	-173.3	1532.9	-250.3	-100.3	
73.90	42.1	19.0	-15.2	2.0	-42.2	63.7	12.8	-129.6	-166.7	1518.1	-301.3	-94.4	
73.95	42.7	19.4	-16.8	2.0	-46.3	63.8	-1.8	-139.3	-168.6	1737.9	-567.8	-103.9	
74.00	43.4	17.8	-16.5	2.0	-49.4	63.9	-16.9	-149.7	-176.4	1843.2	-836.3	-105.9	
74.05	44.0	17.8	-11.7	2.0	-49.9	64.0	-19.8	-145.7	-176.2	1775.5	-1066.4	-89.9	
74.10	44.6	18.8	-6.1	2.0	-51.8	64.1	-17.7	-134.4	-164.2	1788.3	-1385.7	-72.6	
74.15	45.3	19.7	-1.8	2.0	-56.6	64.2	-19.3	-136.0	-156.3	1991.3	-1710.9	-62.9	
74.20	45.9	20.6	0.7	2.0	-61.8	64.3	-24.2	-151.1	-162.5	2284.0	-1898.0	-59.2	
74.25	46.6	21.1	2.6	2.0	-66.6	64.4	-30.1	-162.8	-167.9	2562.9	-2063.3	-57.6	
74.30	47.2	20.0	4.8	2.0	-70.6	64.5	-30.9	-166.8	-160.1	2757.3	-2290.8	-53.9	
74.35	47.8	20.6	8.9	2.0	-73.2	64.6	-29.7	-165.3	-151.9	2845.8	-2512.4	-42.8	
74.40	48.5	21.3	11.6	2.0	-76.0	64.7	-36.1	-165.2	-157.2	2968.9	-2684.2	-36.0	
74.45	49.1	21.2	10.9	2.0	-80.5	64.8	-48.8	-174.8	-165.6	3234.5	-2829.0	-42.9	
74.50	49.7	21.0	8.3	2.0	-85.5	64.9	-54.8	-190.8	-164.6	3594.5	-2910.8	-57.0	
74.55	50.3	20.7	7.2	2.0	-88.5	65.0	-52.8	-200.2	-157.7	3849.6	-2931.5	-63.7	
74.60	50.9	20.0	8.2	2.0	-89.6	65.1	-47.7	-203.6	-155.7	4010.4	-2844.5	-61.4	
74.65	51.5	20.4	9.4	2.0	-90.1	65.2	-46.0	-206.6	-157.6	4139.0	-2706.0	-57.9	
74.70	52.1	20.4	6.9	2.0	-89.7	65.3	-45.8	-204.6	-156.7	4213.2	-2538.9	-66.0	
74.75	52.7	19.9	6.0	2.0	-88.1	65.4	-43.2	-198.9	-154.3	4219.5	-2330.6	-67.4	
74.80	53.2	20.7	6.7	2.0	-85.8	65.5	-37.1	-196.9	-151.2	4145.0	-2128.9	-63.0	
74.85	53.8	20.7	5.5	2.0	-85.3	65.6	-29.4	-200.6	-147.6	4189.7	-1938.4	-66.6	
74.90	54.3	20.1	3.8	2.0	-87.1	65.7	-26.4	-206.0	-143.2	4390.1	-1794.7	-74.1	
74.95	54.9	19.5	1.7	2.0	-88.4	65.8	-24.1	-209.6	-141.7	4562.5	-1581.6	-82.4	
75.00	55.4	19.9	0.3	2.0	-87.7	65.9	-21.4	-209.9	-142.5	4584.9	-1335.9	-86.8	
75.05	56.0	20.7	-0.6	2.0	-86.7	66.0	-21.6	-208.8	-138.9	4535.8	-1256.7	-88.6	
75.10	56.5	21.5	-1.4	2.0	-85.7	66.1	-20.6	-207.9	-133.2	4474.0	-1231.5	-90.4	
75.15	57.0	21.2	-1.8	2.0	-84.4	66.2	-17.1	-205.2	-131.1	4417.0	-1088.0	-90.7	
75.20	57.6	20.8	-3.4	2.0	-82.4	66.3	-10.8	-197.2	-130.9	4341.0	-833.7	-93.9	
75.25	58.1	21.2	-4.7	2.0	-81.1	66.4	-3.0	-196.6	-129.0	4289.2	-572.2	-97.1	
75.30	58.6	21.0	-5.8	2.0	-80.5	66.5	2.7	-204.4	-123.9	4240.0	-439.6	-100.3	
75.35	59.2	20.3	-7.4	2.0	-80.2	66.6	7.0	-209.2	-120.5	4213.3	-365.0	-105.6	
75.40	59.7	18.9	-7.2	2.0	-78.8	66.7	10.9	-207.0	-118.3	4123.5	-268.9	-103.5	
75.45	60.2	18.3	-7.2	2.0	-77.3	66.8	10.3	-202.5	-118.2	4027.2	-167.0	-101.9	
75.50	60.7	18.1	-9.9	2.0	-78.5	66.9	4.2	-202.3	-121.1	4119.5	-153.8	-112.5	
75.55	61.3	18.2	-11.2	2.0	-79.7	67.0	-3.0	-205.6	-119.7	4188.7	-320.5	-118.0	
75.60	61.8	17.9	-8.2	2.0	-78.8	67.1	-0.6	-210.5	-115.5	4105.4	-389.4	-107.0	
75.65	62.3	17.5	-7.8	2.0	-77.7	67.2	3.9	-209.2	-114.4	4035.5	-313.6	-104.5	
75.70	62.8	16.9	-9.3	2.0	-77.6	67.3	2.2	-202.6	-114.1	4046.2	-270.5	-109.5	
75.75	63.3	17.7	-10.2	2.0	-78.1	67.4	-0.9	-207.6	-112.9	4069.2	-329.1	-113.3	
75.80	63.8	18.3	-7.3	2.0	-77.7	67.5	-2.3	-215.9	-110.2	3997.2	-508.6	-102.9	
75.85	64.3	18.7	-4.3	2.0	-76.9	67.6	-5.1	-210.3	-105.6	3907.8	-781.8	-91.5	
75.90	64.8	18.8	-3.6	2.0	-77.9	67.7	-11.2	-205.1	-100.5	3936.5	-1077.2	-90.1	
75.95	65.2	18.9	-3.2	2.0	-80.9	67.8	-18.3	-212.9	-99.3	4081.4	-1313.9	-91.8	
76.00	65.7	19.1	-2.3	2.0	-84.8	67.9	-25.9	-222.4	-100.4	4277.6	-1544.6	-92.5	
76.05	66.2	18.8	0.1	2.0	-86.8	68.0	-30.8	-220.2	-97.5	4361.2	-1772.0	-86.4	
76.10	66.6	19.2	2.6	2.0	-86.6	68.1	-28.7	-214.2	-89.4	4317.5	-1912.5	-77.7	
76.15	67.1	20.2	3.4	2.0	-86.7	68.2	-25.6	-213.3	-83.9	4307.1	-1958.9	-74.8	
76.20	67.6	19.7	3.2	2.0	-87.5	68.3	-31.2	-214.1	-83.9	4340.4	-2032.2	-76.6	
76.25	68.0	19.8	4.1	2.0	-87.7	68.4	-36.6	-213.0	-84.4	4315.6	-2112.9	-73.6	
76.30	68.5	20.5	4.7	2.0	-86.5	68.5	-33.0	-207.6	-79.0	4211.8	-2170.2	-70.4	
76.35	68.9	20.7	5.6	2.0	-86.4	68.6	-27.3	-204.4	-69.3	4193.1	-2230.8	-67.1	
76.40	69.4	20.8	4.2	2.0	-86.3	68.7	-25.3	-207.6	-66.0	4213.4	-2155.4	-71.8	
76.45	69.9	20.9	2.3	2.0	-85.3	68.8	-25.7	-213.8	-71.3	4231.6	-1900.6	-77.4	
76.50	70.3	21.6	-0.3	2.0	-84.1	68.9	-25.1	-213.8	-73.6	4235.2	-1637.7	-85.0	
76.55	70.8	21.2	-2.2	2.0	-82.2	69.0	-18.2	-209.4	-67.2	4189.3	-1413.1	-89.9	
76.60	71.2	20.6	-1.9	2.0	-80.6	69.1	-6.8	-209.5	-60.1	4147.5	-1142.4	-87.2	
76.65	71.7	21.2	-4.9	2.0	-80.8	69.2	-2.1	-213.4	-60.3	4223.5	-846.8	-97.7	
76.70	72.1	22.3	-8.9	2.0	-83.5	69.3	-3.8	-218.8	-64.0	4458.6	-575.2	-114.2	
76.75	72.6	23.3	-11.4	2.0	-85.9	69.4	1.7	-225.5	-63.3	4650.2	-297.6	-125.2	
76.80	73.0	23.2	-10.7	2.0	-85.9	69.5	14.6	-225.5	-58.1	4659.8	-39.4	-122.7	
76.85	73.5	23.2	-10.0	2.0	-84.5	69.6	22.4	-219.2	-54.4	4571.8	151.2	-118.7	
76.90	73.9	23.3	-10.0	2.0	-83.3	69.7	21.8	-217.9	-54.7	4474.2	279.5	-117.6	
76.95	74.3	23.2	-10.8	2.0	-82.6	69.8	18.9	-222.5	-56.7	4405.2	373.2	-119.6	
77.00	74.8	23.2	-11.5	2.0	-81.9	69.9	16.8	-222.4	-54.6	4358.5	348.2	-121.5	
77.05	75.2	23.0	-12.3	2.0	-80.8	70.0	17.0	-215.9	-49.3	4301.5	206.8	-123.1	
77.10	75.6	22.4	-11.4	2.0	-80.2	70.1	16.6	-214.0	-44.1	4272.8	-18.8	-119.2	
77.15	76.0	22.1	-10.9	2.0	-81.3	70.2	9.6	-218.3	-42.7	4338.9	-250.3	-118.7	
77.20	76.4	21.9	-10.1	2.0	-82.1	70.3	0.9	-216.4	-44.5	4391.7	-378.4	-116.6	
77.25	76.8	21.6	-9.9	2.0	-80.9	70.4	-0.2	-209.6	-44.7	4323.9	-413.3	-114.8	
77.30	77.2	22.5	-7.8	2.0	-79.2	70.5	4.3	-204.4	-39.4	4204.0	-503.0	-106.0	
77.35	77.7	23.0	-5.7	2.0	-80.2	70.6	4.8	-208.1	-32.8	4241.0	-716.5	-99.9	
77.40	78.1	22.8	-4.0	2.0	-83.1	70.7	4.1	-219.5	-31.3	4407.6	-848.6	-96.7	
77.45	78.5	22.9	-4.2	2.0	-86.2	70.8	4.6	-229.3	-33.6	4609.5	-857.9	-100.6	
77.50	78.9	22.5	-6.2	2.0	-89.7	70.9	1.4	-233.5	-32.1	4853.8	-970.5	-111.1	
77.55	79.3	21.9	-5.5	2.0	-90.5	71.0	1.0	-232.7	-28.5	4892.4	-1102.6	-109.3	
77.60	79.7	21.7	-2.8	2.0	-87.6	71.1	5.4	-231.3	-27.4	4666.9	-1102.9	-97.3	
77.65	80.1	21.2	-2.8	2.0	-84.2	71.2	0.3	-223.0	-26.6	4415.4	-1145.0	-93.7	
77.70	80.5	20.6	-3.9	2.0	-82.1	71.3	-8.9	-212.9	-28.6	4292.9	-1121.2	-95.4	
77.75	80.9	20.0	-4.0	2.0	-80.7	71.4	-7.9	-212.8	-31.9	4219.1	-944.1	-94.3	
77.80	81.3	19.9	-5.9	2.0	-79.8	71.5	-3.2	-215.6	-29.8	4162.1	-878.3	-100.2	
77.85	81.7	20.0	-8.3	2.0	-80.3	71.6	-4.8	-216.6	-23.1	4163.0	-1029.6	-108.8	
77.90	82.1	19.8	-11.3	2.0	-79.6	71.7	-7.6	-217.2	-22.9	4099.6	-1059.0	-118.4	
77.95	82.5	19.8	-10.9	2.0	-77.4	71.8	-8.7	-217.1	-29.1	3965.0	-911.0	-115.0	
78.00	82.9	20.0	-10.0	2.0	-75.7	71.9	-11.8	-210.3	-30.8	3855.3	-869.5	-110.1	
78.05	83.3	20.7	-8.8	2.0	-74.1	72.0	-11.7	-204.3	-24.8	3735.8	-963.5	-104.4	
78.10	83.7	20.1	-7.6	2.0	-72.5	72.1	-4.4	-202.7	-20.0	3624.1	-946.6	-98.8	
78.15	84.0	19.9	-6.8	2.0	-73.8	72.2	-3.0	-205.3	-19.0	3725.9	-906.8	-97.3	
78.20	84.4	20.3	-8.7	2.0	-78.0	72.3	-5.5	-213.5	-18.5	4031.3	-879.9	-107.8	
78.25	84.7	21.4	-10.4	2.0	-81.1	72.4	-5.1	-219.8	-17.4	4264.9	-847.0	-117.0	
78.30	85.1	22.4	-8.4	2.0	-80.9	72.5	-3.7	-215.0	-16.0	4259.3	-861.5	-109.6	
78.35	85.4	23.3	-6.6	2.0	-78.6	72.6	-3.7	-207.0	-12.5	4089.4	-946.6	-101.3	
78.40	85.8	24.1	-6.1	2.0	-77.0	72.7	-6.5	-203.4	-7.3	3952.5	-1066.1	-98.1	
78.45	86.1	24.4	-5.2	2.0	-77.2	72.8	-11.1	-206.6	-7.7	3952.7	-1080.2	-95.1	
78.50	86.5	24.3	-6.8	2.0	-77.7	72.9	-13.7	-206.2	-10.5	3998.8	-1032.0	-101.1	
78.55	86.8	23.5	-6.5	2.0	-78.9	73.0	-8.8	-208.7	-5.9	4102.0	-1002.5	-101.4	
78.60	87.2	23.2	-5.7	2.0	-80.2	73.1	0.2	-214.1	2.6	4195.7	-977.3	-99.9	
78.65	87.6	22.9	-5.5	2.0	-80.1	73.2	3.6	-213.2	4.1	4205.8	-880.7	-98.9	
78.70	87.9	21.0	-7.1	2.0	-79.7	73.3	0.2	-211.6	-1.3	4217.7	-706.4	-104.1	
78.75	88.2	21.2	-7.2	2.0	-80.6	73.4	-2.7	-213.5	-2.9	4296.7	-577.2	-105.4	
78.80	88.6	21.8	-7.4	2.0	-81.3	73.5	-0.7	-215.0	0.8	4357.8	-524.1	-106.8	
78.85	88.9	22.1	-6.9	2.0	-81.2	73.6	1.8	-212.7	4.0	4356.8	-518.7	-104.8	
78.90	89.3	22.5	-8.1	2.0	-82.9	73.7	0.9	-215.4	5.0	4473.9	-527.4	-110.7	
78.95	89.6	23.1	-9.4	2.0	-87.6	73.8	-2.3	-231.3	4.0	4786.1	-501.0	-119.9	
79.00	90.0	23.8	-11.2	2.0	-91.5	73.9	-4.6	-245.7	1.2	5049.3	-457.3	-129.8	
79.05	90.3	23.9	-10.3	2.0	-92.1	74.0	-4.5	-242.9	0.1	5099.7	-468.1	-127.3	
79.10	90.6	23.9	-7.3	2.0	-90.7	74.1	1.0	-235.2	4.6	5013.0	-509.3	-115.7	
79.15	90.9	24.0	-3.6	2.0	-90.5	74.2	4.8	-236.0	10.3	4986.4	-557.2	-102.8	
79.20	91.2	23.2	-2.9	2.0	-91.7	74.3	1.0	-235.3	8.0	5080.6	-551.1	-101.7	
79.25	91.5	23.0	-2.8	2.0	-93.1	74.4	-5.7	-231.6	2.1	5203.3	-566.7	-102.9	
79.30	91.8	23.3	-1.4	2.0	-94.8	74.5	-4.4	-234.9	5.0	5307.1	-694.8	-99.7	
79.35	92.1	23.5	0.5	2.0	-96.8	74.6	-1.5	-241.7	15.4	5389.1	-950.8	-95.2	
79.40	92.4	23.3	0.9	2.0	-98.2	74.7	-7.7	-239.6	19.1	5455.4	-1186.1	-95.0	
79.45	92.7	22.9	0.9	2.0	-98.6	74.8	-18.0	-234.5	12.9	5488.4	-1264.7	-95.7	
79.50	93.0	22.8	1.8	2.0	-99.0	74.9	-22.1	-237.3	10.9	5509.8	-1278.3	-92.9	
79.55	93.2	22.7	2.0	2.0	-99.2	75.0	-21.7	-236.9	17.6	5483.6	-1405.7	-92.4	
79.60	93.5	22.9	3.9	2.0	-97.7	75.1	-16.7	-228.1	24.2	5368.4	-1484.3	-84.4	
79.65	93.8	23.8	4.1	2.0	-96.6	75.2	-10.0	-226.5	24.2	5316.5	-1379.4	-82.5	
79.70	94.1	24.1	3.0	2.0	-98.3	75.3	-9.9	-234.6	24.3	5453.5	-1269.4	-87.9	
79.75	94.3	24.5	1.4	2.0	-100.1	75.4	-14.0	-239.4	25.6	5590.0	-1213.5	-95.2	
79.80	94.6	25.1	1.4	2.0	-98.0	75.5	-10.4	-234.4	26.3	5467.4	-1087.0	-93.2	
79.85	94.9	25.5	2.4	2.0	-93.7	75.6	-2.3	-225.4	28.8	5185.6	-954.9	-85.5	
79.90	95.1	25.2	1.2	2.0	-91.7	75.7	-0.7	-222.2	33.9	5046.5	-912.1	-87.6	
79.95	95.4	24.3	-1.8	2.0	-92.7	75.8	-4.3	-231.3	32.6	5117.7	-777.0	-99.0	
80.00	95.7	25.0	-3.7	2.0	-93.4	75.9	-3.3	-237.6	26.3	5198.3	-475.5	-106.1	
80.05	96.0	25.7	-4.7	2.0	-93.3	76.0	1.9	-237.2	24.2	5208.3	-235.8	-109.6	
80.10	96.2	26.4	-5.7	2.0	-92.1	76.1	8.4	-233.8	30.9	5124.8	-164.3	-111.5	
80.15	96.5	25.8	-6.7	2.0	-90.3	76.2	12.2	-234.7	36.6	4985.3	-100.7	-113.2	
80.20	96.7	25.0	-7.2	2.0	-88.7	76.3	12.7	-233.6	33.0	4868.6	101.7	-113.4	
80.25	97.0	24.4	-7.6	2.0	-87.6	76.4	9.9	-226.7	28.5	4802.8	277.5	-113.9	
80.30	97.2	24.9	-7.8	2.0	-87.1	76.5	12.6	-223.7	31.8	4765.6	347.6	-113.9	
80.35	97.5	25.1	-7.4	2.0	-86.3	76.6	20.7	-223.1	38.3	4699.2	358.5	-111.7	
80.40	97.7	25.0	-7.3	2.0	-86.4	76.7	24.8	-224.7	40.6	4701.8	352.6	-111.4	
80.45	98.0	24.2	-8.6	2.0	-88.3	76.8	21.4	-230.6	39.8	4830.8	340.7	-117.7	
80.50	98.2	23.8	-8.2	2.0	-89.3	76.9	15.3	-231.6	37.9	4900.8	333.7	-117.3	
80.55	98.4	23.8	-7.3	2.0	-86.8	77.0	13.6	-220.9	37.6	4747.7	293.0	-111.9	
80.60	98.6	24.8	-5.2	2.0	-83.1	77.1	15.0	-208.7	43.7	4510.6	118.6	-100.9	
80.65	98.9	25.0	-5.1	2.0	-81.6	77.2	13.6	-205.9	50.5	4400.3	-104.7	-99.0	
80.70	99.1	25.3	-5.3	2.0	-83.1	77.3	8.1	-213.0	50.1	4486.9	-234.4	-101.2	
80.75	99.3	26.4	-5.4	2.0	-86.3	77.4	5.5	-222.7	47.4	4702.1	-252.1	-104.7	
80.80	99.5	26.5	-5.1	2.0	-88.6	77.5	6.2	-224.7	49.1	4866.1	-317.8	-106.0	
80.85	99.8	26.9	-4.7	2.0	-89.0	77.6	10.5	-223.3	56.4	4879.9	-454.5	-105.0	
80.90	100.0	27.9	-3.4	2.0	-87.7	77.7	12.1	-221.7	61.2	4768.7	-574.3	-99.2	
80.95	100.2	27.6	-2.6	2.0	-86.2	77.8	5.2	-218.9	57.6	4660.0	-625.1	-95.3	
81.00	100.5	27.2	-2.5	2.0	-86.3	77.9	-3.4	-217.3	53.9	4669.7	-665.0	-94.8	
81.05	100.7	26.8	-2.3	2.0	-87.8	78.0	-4.5	-219.1	56.7	4776.0	-713.6	-95.6	
81.10	100.9	27.1	-1.7	2.0	-89.0	78.1	1.5	-221.0	61.0	4858.6	-708.5	-94.9	
81.15	101.1	26.9	-2.4	2.0	-89.9	78.2	5.7	-222.3	62.5	4922.0	-689.6	-98.1	
81.20	101.4	26.0	-4.1	2.0	-91.2	78.3	2.7	-227.2	61.7	5008.9	-693.6	-105.3	
81.25	101.6	25.4	-4.3	2.0	-91.4	78.4	1.4	-234.3	59.8	5017.3	-585.4	-106.3	
81.30	101.8	24.7	-3.9	2.0	-89.7	78.5	4.3	-230.8	58.9	4909.7	-451.1	-103.1	
81.35	102.1	23.9	-3.1	2.0	-87.2	78.6	8.5	-216.9	60.9	4767.8	-397.9	-98.0	
81.40	102.3	23.7	-2.7	2.0	-86.3	78.7	14.5	-213.4	65.9	4704.7	-340.9	-95.4	
81.45	102.5	23.7	-3.0	2.0	-87.7	78.8	19.3	-225.7	67.6	4780.2	-198.4	-97.9	
81.50	102.7	23.9	-4.1	2.0	-89.9	78.9	16.1	-234.0	65.2	4935.2	-88.5	-104.0	
81.55	102.9	23.9	-4.7	2.0	-89.5	79.0	11.3	-224.9	63.8	4927.9	-40.4	-105.7	
81.60	103.1	23.3	-5.4	2.0	-86.0	79.1	15.9	-213.4	66.1	4700.1	22.9	-104.4	
81.65	103.3	22.2	-4.1	2.0	-83.5	79.2	20.9	-211.7	71.4	4508.2	24.2	-97.7	
81.70	103.5	22.3	-4.9	2.0	-83.3	79.3	15.7	-213.4	73.7	4484.3	-36.0	-100.1	
81.75	103.7	21.3	-6.4	2.0	-84.7	79.4	11.6	-218.1	71.8	4578.5	29.2	-106.6	
81.80	103.9	19.7	-5.9	2.0	-86.4	79.5	17.7	-222.2	72.9	4694.4	205.6	-106.6	
81.85	104.1	19.0	-5.0	2.0	-87.4	79.6	26.0	-220.5	80.0	4762.4	273.0	-104.4	
81.90	104.3	19.7	-3.1	2.0	-86.6	79.7	29.1	-213.8	85.9	4716.7	240.9	-97.4	
81.95	104.5	21.1	-2.5	2.0	-84.5	79.8	29.7	-209.2	85.3	4564.5	277.6	-93.2	
82.00	104.7	21.5	-2.5	2.0	-83.4	79.9	26.6	-210.3	81.9	4481.0	337.8	-92.0	
82.05	104.9	21.8	-3.9	2.0	-83.9	80.0	20.1	-210.8	82.7	4526.1	261.7	-97.3	
82.10	105.1	22.1	-4.4	2.0	-84.7	80.1	19.8	-211.1	85.8	4584.7	161.6	-99.9	
82.15	105.3	22.7	-3.4	2.0	-84.6	80.2	25.9	-213.9	87.0	4570.1	166.7	-96.1	
82.20	105.5	22.9	-3.4	2.0	-85.1	80.3	25.3	-218.7	87.7	4591.6	133.9	-96.8	
82.25	105.7	22.9	-4.7	2.0	-85.8	80.4	16.6	-221.4	87.2	4640.1	37.6	-102.0	
82.30	105.9	22.9	-6.7	2.0	-84.9	80.5	15.1	-220.7	84.2	4577.3	69.6	-107.8	
82.35	106.1	22.7	-4.1	2.0	-82.7	80.6	21.3	-214.7	82.9	4427.0	154.7	-96.8	
82.40	106.3	22.3	-2.6	2.0	-81.5	80.7	26.6	-208.5	87.1	4349.2	123.6	-90.5	
82.45	106.5	21.7	-2.9	2.0	-82.3	80.8	25.4	-212.4	90.3	4399.6	32.0	-92.4	
82.50	106.7	21.4	-3.5	2.0	-84.4	80.9	22.1	-222.5	85.4	4530.0	51.3	-96.4	
82.55	106.9	21.6	-4.8	2.0	-86.2	81.0	19.1	-226.8	80.9	4660.7	65.7	-102.7	
82.60	107.1	22.6	-4.9	2.0	-86.8	81.1	19.0	-224.7	84.5	4706.6	-16.4	-103.6	
82.65	107.3	22.4	-4.0	2.0	-84.8	81.2	21.5	-219.5	90.4	4568.9	-115.8	-98.4	
82.70	107.5	22.4	-3.8	2.0	-81.7	81.3	19.9	-212.3	89.8	4353.1	-188.6	-94.7	
82.75	107.6	22.7	-4.6	2.0	-80.0	81.4	10.2	-207.9	84.5	4235.9	-261.7	-95.7	
82.80	107.8	22.4	-4.3	2.0	-80.0	81.5	5.2	-208.7	83.6	4237.9	-290.6	-94.7	
82.85	108.0	21.9	-2.2	2.0	-81.4	81.6	12.9	-212.8	89.0	4322.1	-252.4	-88.8	
82.90	108.2	21.3	-0.2	2.0	-82.6	81.7	22.7	-212.7	93.4	4412.5	-183.7	-83.1	
82.95	108.3	21.5	-2.4	2.0	-83.0	81.8	23.6	-209.8	95.0	4454.3	-178.7	-91.4	
83.00	108.5	21.5	-2.9	2.0	-83.6	81.9	18.8	-213.6	95.1	4486.4	-184.2	-93.6	
83.05	108.7	21.4	-2.0	2.0	-82.6	82.0	15.8	-215.3	95.8	4408.6	-160.6	-89.5	
83.10	108.8	20.8	-0.1	2.0	-80.8	82.1	16.0	-207.4	96.7	4291.5	-129.5	-81.2	
83.15	109.0	20.1	-0.2	2.0	-79.6	82.2	18.1	-197.1	99.2	4230.6	-140.7	-80.3	
83.20	109.2	19.1	-1.5	2.0	-80.2	82.3	16.5	-197.1	101.6	4274.3	-156.3	-85.5	
83.25	109.4	17.8	-3.5	2.0	-82.2	82.4	13.7	-209.7	98.8	4391.0	-96.4	-94.0	
83.30	109.5	18.0	-4.8	2.0	-84.6	82.5	12.3	-222.5	96.1	4540.7	-22.4	-101.1	
83.35	109.7	18.0	-6.3	2.0	-86.0	82.6	15.2	-225.2	98.1	4637.8	36.9	-107.6	
83.40	109.9	17.4	-5.5	2.0	-84.9	82.7	22.1	-216.1	101.6	4575.8	138.5	-103.8	
83.45	110.1	17.9	-3.6	2.0	-82.6	82.8	28.2	-207.5	100.7	4417.3	278.0	-94.8	
83.50	110.3	18.2	-2.9	2.0	-81.2	82.9	27.9	-208.6	98.3	4309.1	332.8	-91.3	
83.55	110.5	18.5	-3.9	2.0	-82.0	83.0	24.3	-215.1	99.0	4351.6	321.6	-95.3	
83.60	110.6	19.4	-4.5	2.0	-83.6	83.1	25.4	-217.3	98.3	4461.1	396.7	-99.1	
83.65	110.8	19.3	-5.0	2.0	-84.5	83.2	30.8	-214.2	96.4	4527.8	504.4	-101.8	
83.70	111.0	18.8	-7.0	2.0	-84.7	83.3	31.5	-213.0	98.4	4547.6	449.2	-108.6	
83.75	111.2	19.5	-8.1	2.0	-84.3	83.4	24.8	-219.6	100.9	4511.5	309.4	-112.2	
83.80	111.3	19.8	-6.9	2.0	-82.4	83.5	18.0	-220.7	98.2	4371.4	264.0	-106.0	
83.85	111.5	19.9	-5.2	2.0	-79.6	83.6	14.6	-209.1	95.5	4195.6	242.4	-97.6	
83.90	111.7	19.5	-5.2	2.0	-77.2	83.7	14.3	-195.1	98.1	4058.9	133.3	-95.1	
83.95	111.8	19.6	-4.9	2.0	-76.8	83.8	17.2	-195.8	104.3	4019.5	21.7	-93.6	
84.00	112.0	19.9	-4.4	2.0	-78.3	83.9	18.1	-206.4	106.6	4100.3	-12.8	-93.3	
84.05	112.1	20.4	-5.2	2.0	-80.7	84.0	13.6	-211.9	103.4	4271.2	-53.9	-98.7	
84.10	112.3	20.8	-4.9	2.0	-82.3	84.1	10.4	-210.2	102.9	4393.6	-125.1	-99.1	
84.15	112.4	21.1	-2.9	2.0	-80.9	84.2	13.1	-203.9	107.8	4299.2	-193.5	-90.9	
84.20	112.6	21.1	-0.2	2.0	-78.6	84.3	12.9	-198.9	112.3	4130.1	-341.5	-79.2	
84.25	112.7	21.8	-0.1	2.0	-78.4	84.4	5.2	-198.2	112.2	4094.5	-532.5	-78.7	
84.30	112.9	22.5	-1.9	2.0	-80.5	84.5	-3.5	-203.7	107.7	4237.8	-607.4	-87.2	
84.35	113.0	23.2	-2.2	2.0	-83.9	84.6	-4.8	-211.7	106.8	4478.5	-580.2	-91.5	
84.40	113.2	23.3	-1.1	2.0	-86.9	84.7	0.1	-216.7	111.5	4684.4	-581.3	-90.6	
84.45	113.3	23.1	-0.5	2.0	-87.6	84.8	4.0	-217.1	114.5	4735.0	-615.3	-89.5	
84.50	113.5	22.6	-1.3	2.0	-87.1	84.9	2.5	-217.5	113.3	4692.8	-639.0	-91.4	
84.55	113.6	21.9	-0.2	2.0	-86.8	85.0	-2.9	-217.5	110.2	4672.4	-618.4	-87.4	
84.60	113.7	21.3	1.4	2.0	-86.1	85.1	-1.7	-213.0	108.7	4649.5	-517.4	-81.3	
84.65	113.9	20.8	2.2	2.0	-85.0	85.2	7.8	-206.1	110.5	4595.2	-367.5	-77.3	
84.70	114.0	20.7	2.6	2.0	-85.4	85.3	16.4	-207.8	114.7	4621.1	-250.7	-76.3	
84.75	114.1	21.1	1.0	2.0	-87.2	85.4	15.2	-215.1	115.1	4741.6	-192.3	-83.9	
84.80	114.3	21.4	-0.9	2.0	-89.1	85.5	10.2	-221.8	109.8	4874.0	-104.9	-92.2	
84.85	114.4	21.2	-2.4	2.0	-90.7	85.6	10.1	-225.7	107.8	4982.8	-9.9	-99.0	
84.90	114.5	20.8	-1.5	2.0	-91.5	85.7	14.3	-225.2	111.6	5046.6	66.5	-96.8	
84.95	114.6	20.4	-2.1	2.0	-90.8	85.8	15.3	-218.8	114.5	5004.7	77.9	-98.1	
85.00	114.8	20.3	-3.2	2.0	-90.1	85.9	13.7	-216.7	114.9	4956.9	79.0	-100.9	
85.05	114.9	19.9	-3.8	2.0	-90.6	86.0	12.6	-221.8	113.5	4985.2	169.7	-103.8	
85.10	115.0	20.0	-3.1	2.0	-93.2	86.1	15.0	-228.7	114.4	5147.2	323.5	-103.9	
85.15	115.1	20.5	-1.9	2.0	-96.2	86.2	23.5	-232.5	118.3	5347.9	478.8	-102.7	
85.20	115.2	20.7	-1.1	2.0	-97.3	86.3	32.0	-230.9	121.9	5425.7	581.2	-101.0	
85.25	115.3	20.8	-0.9	2.0	-96.5	86.4	32.8	-228.0	123.1	5366.3	581.2	-99.6	
85.30	115.4	20.8	-0.4	2.0	-94.8	86.5	27.1	-227.2	123.2	5250.1	500.3	-96.1	
85.35	115.4	19.8	-0.2	2.0	-92.7	86.6	22.6	-224.1	123.8	5105.5	430.6	-93.5	
85.40	115.5	20.1	-0.7	2.0	-90.6	86.7	22.4	-216.7	125.2	4976.1	377.5	-93.2	
85.45	115.6	20.9	-1.5	2.0	-90.1	86.8	21.5	-214.0	126.2	4946.5	297.6	-95.1	
85.50	115.7	20.7	-2.0	2.0	-90.9	86.9	19.0	-218.4	126.9	4998.7	211.2	-97.8	
85.55	115.8	21.2	-2.7	2.0	-91.8	87.0	17.2	-223.4	127.1	5053.7	153.4	-100.9	
85.60	115.9	22.0	-1.6	2.0	-91.5	87.1	17.6	-223.7	124.1	5035.4	165.0	-97.1	
85.65	116.0	22.4	-1.1	2.0	-90.1	87.2	18.2	-219.8	122.2	4940.3	146.1	-93.8	
85.70	116.1	22.7	-0.9	2.0	-88.8	87.3	18.0	-216.9	124.9	4854.3	28.4	-92.1	
85.75	116.2	23.2	-0.8	2.0	-87.6	87.4	19.6	-212.9	125.9	4772.7	-42.8	-90.3	
85.80	116.2	23.8	0.3	2.0	-87.1	87.5	21.4	-211.9	122.7	4740.9	-17.7	-86.2	
85.85	116.3	24.1	0.3	2.0	-88.5	87.6	20.6	-219.5	121.5	4827.9	-12.5	-87.5	
85.90	116.4	24.4	-1.2	2.0	-89.5	87.7	18.4	-222.9	124.4	4887.8	-94.5	-93.6	
85.95	116.5	24.5	-1.8	2.0	-88.0	87.8	18.3	-218.6	124.0	4784.9	-126.0	-94.1	
86.00	116.6	24.4	0.0	2.0	-84.9	87.9	19.5	-212.3	121.0	4573.1	-89.3	-84.9	
86.05	116.6	24.4	-0.5	2.0	-83.1	88.0	16.9	-210.7	122.6	4438.6	-134.2	-85.0	
86.10	116.7	24.9	-1.9	2.0	-82.8	88.1	12.3	-211.9	125.6	4411.4	-215.5	-89.2	
86.15	116.7	25.7	-1.6	2.0	-82.2	88.2	12.1	-209.6	123.2	4375.9	-166.9	-87.6	
86.20	116.8	26.1	-1.0	2.0	-81.9	88.3	18.9	-208.3	121.9	4355.6	-46.4	-85.3	
86.25	116.9	25.6	-1.0	2.0	-82.8	88.4	23.0	-210.0	130.0	4411.2	-51.1	-86.1	
86.30	116.9	24.5	-0.6	2.0	-83.2	88.5	23.6	-211.3	135.7	4437.4	-34.9	-85.3	
86.35	116.9	23.6	-0.2	2.0	-81.9	88.6	24.7	-208.6	131.7	4348.8	118.1	-82.7	
86.40	117.0	23.0	-0.3	2.0	-80.4	88.7	23.6	-203.4	128.3	4247.2	216.4	-81.6	
86.45	117.0	22.4	-1.6	2.0	-79.9	88.8	22.0	-200.4	132.3	4219.1	193.2	-85.3	
86.50	117.1	22.6	-1.0	2.0	-80.0	88.9	26.1	-200.5	136.6	4215.7	254.0	-83.4	
86.55	117.1	23.9	-1.2	2.0	-80.2	89.0	31.4	-200.2	134.3	4216.3	424.9	-84.3	
86.60	117.1	23.5	-3.8	2.0	-81.5	89.1	29.6	-202.0	131.1	4300.1	518.9	-94.3	
86.65	117.2	22.8	-5.2	2.0	-83.2	89.2	28.7	-206.8	133.4	4409.8	557.1	-100.8	
86.70	117.2	21.8	-4.0	2.0	-84.0	89.3	36.3	-208.5	137.3	4444.0	703.4	-97.6	
86.75	117.3	21.8	-2.0	2.0	-83.8	89.4	45.1	-203.3	137.1	4402.6	898.3	-90.5	
86.80	117.3	21.6	-1.8	2.0	-83.1	89.5	47.0	-196.1	134.9	4354.7	949.7	-89.1	
86.85	117.3	21.2	-3.9	2.0	-82.8	89.6	43.3	-197.4	135.4	4350.1	855.0	-96.0	
86.90	117.4	20.6	-13.3	1.8	-82.5	89.7	41.4	-199.9	134.1	4334.3	817.3	-101.2	
86.95	117.4	20.6	-20.5	1.4	-81.7	89.7	42.4	-195.7	130.4	4277.3	855.5	-100.3	
87.00	117.5	21.1	-16.9	1.1	-81.2	89.8	42.2	-193.4	131.1	4254.2	798.4	-99.5	
87.05	117.5	20.9	-16.2	0.8	-80.7	89.8	37.2	-195.5	135.0	4241.5	640.8	-105.8	
87.10	117.6	20.6	-13.6	0.6	-79.8	89.9	33.1	-197.1	133.2	4176.6	572.4	-102.7	
87.15	117.6	20.3	-12.1	0.5	-78.2	89.9	34.0	-193.5	129.1	4066.2	582.8	-98.6	
87.20	117.7	20.5	-9.0	0.4	-78.0	89.9	34.9	-193.4	130.8	4059.2	522.4	-93.1	
87.25	117.7	20.8	-7.0	0.3	-79.4	89.9	36.7	-198.5	135.1	4155.0	445.2	-91.9	
87.30	117.7	21.3	-5.9	0.2	-80.4	90.0	39.7	-198.8	134.3	4227.1	463.4	-91.8	
87.35	117.8	21.4	-4.7	0.1	-80.4	90.0	39.3	-194.8	130.7	4239.0	470.7	-89.9	
87.40	117.8	21.8	-3.5	0.1	-79.8	90.0	36.2	-194.5	134.1	4209.8	356.6	-87.0	
87.45	117.8	22.0	-3.4	0.1	-78.8	90.0	33.9	-197.2	140.3	4128.2	229.9	-87.0	
87.50	117.9	21.8	-2.8	0.1	-76.6	90.0	31.5	-191.2	139.2	3980.1	201.1	-83.4	
87.55	117.9	21.8	-3.2	0.0	-74.8	90.0	27.6	-183.5	135.6	3875.7	185.8	-83.8	
87.60	117.9	22.0	-4.0	0.0	-75.3	90.0	26.1	-189.2	137.5	3895.6	167.2	-87.6	
87.65	118.0	22.4	-3.6	0.0	-76.7	90.0	29.4	-199.1	140.5	3967.2	251.4	-88.1	
87.70	118.0	23.2	-4.8	0.0	-77.3	90.0	33.6	-196.7	139.0	4002.8	417.5	-93.1	
87.75	118.0	23.8	-4.5	0.0	-76.9	90.0	35.7	-187.0	137.1	3985.4	536.4	-91.8	
87.80	118.0	24.0	-2.9	0.0	-76.1	90.0	38.9	-184.5	139.9	3918.8	617.5	-85.5	
87.85	118.1	23.4	-1.6	0.0	-75.0	90.0	40.1	-183.9	143.1	3831.1	638.0	-80.3	
87.90	118.1	22.9	-3.0	0.0	-74.0	90.0	38.0	-177.0	140.6	3774.9	652.2	-84.2	
87.95	118.1	22.4	-4.9	0.0	-74.8	90.0	36.5	-177.1	138.0	3829.9	670.8	-91.3	
88.00	118.2	22.5	-4.9	0.0	-76.9	90.0	38.5	-186.4	138.1	3960.3	716.7	-93.6	
88.05	118.2	22.7	-4.4	0.0	-78.3	90.0	40.1	-191.6	136.5	4041.9	781.2	-93.3	
88.10	118.3	23.0	-5.4	0.0	-77.9	90.0	38.8	-189.0	133.1	4010.8	802.4	-96.4	
88.15	118.3	22.8	-6.1	0.0	-76.6	90.0	38.4	-187.9	132.9	3918.6	786.0	-97.6	
88.20	118.3	22.5	-4.2	0.0	-75.9	90.0	39.3	-190.2	133.9	3862.4	768.8	-90.4	
88.25	118.4	22.4	-3.5	0.0	-75.6	90.0	37.3	-186.4	132.5	3858.4	718.7	-87.5	
88.30	118.4	22.5	-4.4	0.0	-75.7	90.0	33.4	-182.6	131.7	3900.6	609.4	-90.7	
88.35	118.4	23.0	-3.5	0.0	-76.4	90.0	34.5	-189.0	133.5	3952.1	504.9	-88.5	
88.40	118.4	22.9	-3.5	0.0	-77.0	90.0	32.8	-196.1	134.3	3986.4	391.8	-88.8	
88.45	118.5	21.8	-4.5	0.0	-77.6	90.0	28.6	-197.4	132.6	4041.5	296.8	-93.1	
88.50	118.5	21.6	-4.3	0.0	-78.1	90.0	26.6	-195.8	132.0	4086.3	240.8	-93.0	
88.55	118.5	22.0	-1.6	0.0	-77.7	90.0	27.6	-195.0	133.8	4060.0	223.1	-83.1	
88.60	118.5	22.8	-2.6	0.0	-77.3	90.0	25.5	-197.4	135.3	4023.6	155.7	-86.2	
88.65	118.5	22.8	-4.2	0.0	-78.2	90.0	20.7	-200.9	136.6	4086.4	21.2	-92.6	
88.70	118.5	22.5	-5.8	0.0	-79.7	90.0	17.1	-201.4	137.4	4195.8	-57.5	-99.5	
88.75	118.5	21.8	-3.6	0.0	-80.4	90.0	17.7	-201.1	136.1	4251.4	5.5	-92.6	
88.80	118.5	21.4	-2.5	0.0	-79.4	90.0	19.3	-197.1	133.7	4190.7	63.6	-88.0	
88.85	118.5	21.4	-3.7	0.0	-78.2	90.0	18.8	-193.9	134.9	4110.9	-4.6	-90.7	
88.90	118.5	21.7	-4.4	0.0	-76.9	90.0	19.8	-190.5	136.1	4021.9	-21.3	-92.2	
88.95	118.5	21.9	-2.9	0.0	-76.6	90.0	24.5	-189.2	133.3	3999.7	142.9	-86.6	
89.00	118.5	21.8	-0.3	0.0	-77.2	90.0	29.7	-187.6	131.8	4037.0	321.9	-78.3	
89.05	118.6	21.6	-2.9	0.0	-78.2	90.0	32.0	-192.3	134.5	4089.5	369.3	-88.1	
89.10	118.6	21.6	-5.2	0.0	-78.1	90.0	31.6	-195.9	135.8	4076.8	365.7	-96.1	
89.15	118.6	21.6	-5.2	0.0	-77.1	90.0	29.2	-193.4	131.3	4008.2	407.9	-94.9	
89.20	118.6	21.7	-5.4	0.0	-75.6	90.0	25.9	-187.2	128.3	3917.2	400.7	-94.0	
89.25	118.6	21.7	-6.6	0.0	-75.6	90.0	23.1	-189.0	129.3	3913.6	328.0	-98.4	
89.30	118.6	21.8	-7.4	0.0	-76.3	90.0	20.7	-194.4	128.7	3954.7	289.2	-101.7	
89.35	118.6	22.2	-6.9	0.0	-77.4	90.0	17.6	-197.7	125.8	4037.0	289.1	-101.1	
89.40	118.6	22.8	-7.4	0.0	-78.4	90.0	19.2	-198.7	125.9	4108.2	305.8	-103.8	
89.45	118.6	23.2	-7.2	0.0	-78.5	90.0	25.1	-198.5	130.7	4107.2	330.0	-103.3	
89.50	118.6	23.4	-5.7	0.0	-76.6	90.0	29.9	-193.0	132.9	3965.5	390.5	-96.2	
89.55	118.6	23.5	-3.8	0.0	-73.8	90.0	29.4	-187.4	130.1	3767.1	429.3	-86.6	
89.60	118.6	22.8	-3.8	0.0	-71.7	90.0	25.9	-185.6	128.7	3627.2	344.6	-84.8	
89.65	118.6	22.4	-4.6	0.0	-71.0	90.0	23.5	-186.6	129.9	3582.5	213.0	-86.7	
89.70	118.6	22.4	-3.2	0.0	-70.5	90.0	22.3	-185.3	131.1	3550.1	128.5	-81.6	
89.75	118.5	23.3	-3.8	0.0	-70.5	90.0	19.7	-185.9	130.8	3551.9	63.3	-83.4	
89.80	118.5	22.5	-6.8	0.0	-71.4	90.0	14.7	-189.9	132.1	3610.1	-46.8	-94.8	
89.85	118.5	21.2	-8.6	0.0	-71.8	90.0	11.0	-189.9	133.0	3635.0	-107.9	-101.2	
89.90	118.5	20.4	-6.6	0.0	-70.9	90.0	13.4	-185.7	133.0	3584.0	-27.8	-93.7	
89.95	118.5	20.5	-4.2	0.0	-69.7	90.0	20.4	-181.8	134.3	3499.6	105.5	-84.3	
90.00	118.5	20.8	-4.0	0.0	-69.5	90.0	23.7	-180.5	135.2	3485.2	160.0	-83.3	
90.05	118.5	21.1	-5.5	0.0	-70.7	90.0	22.5	-183.2	132.7	3568.9	156.5	-89.6	
90.10	118.5	21.3	-6.2	0.0	-72.6	90.0	23.7	-189.9	130.8	3692.9	197.6	-93.7	
90.15	118.5	21.8	-6.1	0.0	-74.0	90.0	27.5	-194.1	133.7	3783.3	256.3	-95.1	
90.20	118.5	23.1	-6.5	0.0	-74.1	90.0	28.3	-193.0	135.7	3785.8	279.7	-96.5	
90.25	118.5	22.4	-5.9	0.0	-72.4	90.0	25.2	-187.3	133.4	3677.9	296.7	-92.8	
90.30	118.5	21.9	-7.3	0.0	-70.9	90.0	22.8	-185.6	131.5	3563.1	334.3	-96.0	
90.35	118.5	21.9	-6.5	0.0	-71.4	90.0	24.3	-188.7	131.7	3584.7	413.0	-93.5	
90.40	118.5	21.7	-6.5	0.0	-73.4	90.0	27.3	-189.3	130.7	3724.5	514.5	-95.8	
90.45	118.5	21.1	-7.6	0.0	-75.9	90.0	28.6	-190.8	128.0	3900.6	594.9	-102.0	
90.50	118.4	20.1	-6.9	0.0	-78.1	90.0	29.3	-197.7	127.8	4051.6	598.5	-101.7	
90.55	118.4	20.7	-7.7	0.0	-79.1	90.0	28.1	-201.4	130.4	4125.5	528.3	-105.6	
90.60	118.4	20.8	-7.3	0.0	-79.0	90.0	28.0	-198.0	132.4	4124.3	508.5	-104.1	
90.65	118.4	20.6	-6.1	0.0	-79.0	90.0	32.1	-195.8	134.4	4120.5	577.8	-100.0	
90.70	118.4	21.0	-4.5	0.0	-80.0	90.0	35.7	-198.4	136.0	4171.4	654.9	-95.6	
90.75	118.4	20.7	-4.1	0.0	-81.5	90.0	35.3	-202.4	134.6	4276.1	677.1	-95.7	
90.80	118.4	19.9	-5.0	0.0	-83.0	90.0	33.6	-205.5	132.5	4385.3	647.2	-100.1	
90.85	118.4	19.7	-5.4	0.0	-84.1	90.0	34.4	-210.2	134.5	4464.6	598.7	-102.6	
90.90	118.4	19.5	-4.8	0.0	-84.4	90.0	33.3	-211.5	137.7	4493.8	520.8	-101.1	
90.95	118.4	19.6	-5.2	0.0	-83.0	90.0	25.9	-202.0	137.1	4428.0	373.4	-100.7	
91.00	118.4	20.4	-5.2	0.0	-80.2	90.0	18.7	-190.4	136.6	4263.6	202.9	-97.9	
91.05	118.4	20.7	-5.2	0.0	-78.3	90.0	19.0	-189.8	140.1	4124.6	106.1	-96.1	
91.10	118.4	20.6	-4.2	0.0	-77.7	90.0	24.0	-191.8	143.8	4067.9	112.1	-92.1	
91.15	118.4	19.9	-3.9	0.0	-78.8	90.0	28.5	-192.3	141.8	4142.5	223.2	-92.3	
91.20	118.5	19.5	-3.8	0.0	-80.8	90.0	32.8	-195.3	137.8	4273.4	391.0	-93.7	
91.25	118.5	19.2	-3.3	0.0	-81.9	90.0	38.2	-202.1	137.8	4325.6	500.2	-93.3	
91.30	118.5	18.3	-3.3	0.0	-80.6	90.0	40.8	-202.5	140.8	4222.6	485.3	-92.0	
91.35	118.5	18.2	-3.1	0.0	-77.2	90.0	36.8	-191.2	141.8	4011.9	402.0	-88.0	
91.40	118.5	18.4	-4.1	0.0	-74.2	90.0	29.9	-180.3	139.5	3824.9	325.5	-88.2	
91.45	118.5	18.6	-5.4	0.0	-72.7	90.0	23.1	-177.8	137.0	3731.1	231.2	-91.3	
91.50	118.6	19.4	-7.8	0.0	-72.5	90.0	19.1	-180.1	136.3	3710.8	142.8	-99.1	
91.55	118.6	20.2	-9.0	0.0	-72.7	90.0	21.4	-182.5	137.4	3723.4	169.1	-103.5	
91.60	118.6	20.5	-8.9	0.0	-73.0	90.0	29.7	-185.1	136.2	3719.5	380.7	-103.5	
91.65	118.7	21.4	-8.2	0.0	-72.5	90.0	37.0	-184.3	134.6	3646.3	623.3	-100.7	
91.70	118.7	21.8	-8.0	0.0	-70.8	90.0	38.6	-178.8	135.5	3506.0	726.4	-98.2	
91.75	118.7	21.3	-6.6	0.0	-67.4	90.0	39.0	-170.4	137.5	3265.8	738.9	-90.1	
91.80	118.8	21.1	-6.5	0.0	-64.3	90.0	42.2	-165.9	139.6	3033.8	747.7	-86.7	
91.85	118.8	20.9	-7.2	0.0	-63.4	90.0	42.1	-165.0	140.7	2979.8	690.4	-88.0	
91.90	118.8	21.0	-9.8	0.0	-64.8	90.0	36.2	-167.8	139.3	3102.7	597.0	-98.6	
91.95	118.9	21.4	-11.4	0.0	-66.8	90.0	32.5	-173.2	136.5	3248.9	589.0	-106.1	
92.00	118.9	21.7	-11.6	0.0	-67.7	90.0	34.3	-178.5	137.1	3287.3	639.0	-107.6	
92.05	118.9	21.8	-11.6	0.0	-66.4	90.0	37.7	-177.0	140.1	3183.0	669.0	-106.3	
92.10	119.0	21.4	-11.8	0.0	-64.1	90.0	38.4	-169.2	142.3	3025.9	666.2	-104.5	
92.15	119.0	21.7	-10.6	0.0	-62.8	90.0	38.6	-164.2	142.0	2932.6	699.0	-99.2	
92.20	119.1	22.6	-10.2	0.0	-62.9	90.0	40.5	-165.4	142.4	2924.2	752.6	-97.9	
92.25	119.1	22.5	-10.2	0.0	-64.0	90.0	43.1	-168.9	144.8	2995.4	747.1	-98.9	
92.30	119.2	22.5	-10.2	0.0	-65.1	90.0	45.4	-170.9	146.1	3080.6	709.6	-100.2	
92.35	119.2	22.6	-9.6	0.0	-65.5	90.0	46.6	-171.1	145.4	3114.2	709.4	-98.5	
92.40	119.3	23.6	-8.4	0.0	-64.8	90.0	44.2	-167.8	144.0	3074.7	702.3	-93.7	
92.45	119.3	23.5	-9.0	0.0	-63.4	90.0	39.8	-162.8	143.6	2998.0	637.9	-94.4	
92.50	119.4	23.0	-9.2	0.0	-62.6	90.0	38.1	-161.1	144.4	2947.4	591.4	-94.2	
92.55	119.4	23.0	-8.5	0.0	-62.9	90.0	37.8	-163.9	144.0	2963.9	586.8	-92.0	
92.60	119.5	23.3	-9.1	0.0	-64.5	90.0	35.7	-168.7	142.9	3078.6	557.2	-95.9	
92.65	119.6	23.3	-11.4	0.0	-66.3	90.0	33.7	-172.9	141.8	3217.2	506.9	-105.3	
92.70	119.6	22.3	-11.7	0.0	-66.9	90.0	34.6	-175.4	141.4	3258.7	500.3	-107.1	
92.75	119.7	23.0	-9.8	0.0	-66.0	90.0	35.3	-173.5	141.3	3192.5	514.0	-99.7	
92.80	119.7	23.7	-8.3	0.0	-64.5	90.0	33.3	-167.1	141.3	3100.2	470.7	-93.0	
92.85	119.8	23.8	-8.0	0.0	-63.3	90.0	32.0	-160.7	141.2	3040.4	394.1	-90.7	
92.90	119.9	23.4	-6.2	0.0	-63.2	90.0	34.5	-158.2	141.3	3041.1	403.4	-84.5	
92.95	119.9	23.0	-4.3	0.0	-65.0	90.0	37.7	-163.6	141.6	3146.1	475.1	-79.7	
93.00	120.0	23.0	-5.7	0.0	-67.6	90.0	38.4	-171.4	143.3	3317.5	501.4	-87.3	
93.05	120.1	23.3	-9.0	0.0	-69.9	90.0	37.9	-175.4	143.8	3485.6	498.3	-100.9	
93.10	120.1	23.4	-9.0	0.0	-70.6	90.0	37.2	-174.3	142.2	3539.0	513.6	-101.6	
93.15	120.2	23.4	-8.0	0.0	-69.6	90.0	35.6	-173.0	141.8	3470.3	492.8	-97.0	
93.20	120.3	23.5	-8.9	0.0	-68.0	90.0	29.9	-171.9	143.5	3375.7	330.7	-98.7	
93.25	120.3	23.4	-9.8	0.0	-67.3	90.0	24.3	-169.2	143.6	3346.4	181.8	-101.0	
93.30	120.4	23.3	-9.6	0.0	-67.9	90.0	23.1	-168.1	142.0	3396.8	162.6	-100.7	
93.35	120.4	24.0	-7.5	0.0	-69.6	90.0	26.1	-169.8	143.3	3509.5	220.2	-95.2	
93.40	120.5	23.4	-6.9	0.0	-71.0	90.0	33.2	-172.4	146.0	3601.5	317.7	-94.9	
93.45	120.5	22.6	-7.5	0.0	-70.7	90.0	37.0	-169.8	147.8	3571.0	381.2	-96.3	
93.50	120.6	22.5	-6.7	0.0	-68.2	90.0	36.6	-164.7	145.2	3395.8	427.9	-91.1	
93.55	120.7	22.6	-6.0	0.0	-64.8	90.0	34.0	-157.9	143.3	3159.1	393.8	-85.4	
93.60	120.7	22.6	-5.8	0.0	-61.7	90.0	32.2	-147.5	143.8	2966.9	303.2	-81.5	
93.65	120.8	22.0	-6.8	0.0	-60.7	90.0	29.5	-146.0	143.3	2905.9	212.2	-83.9	
93.70	120.9	22.2	-7.7	0.0	-63.1	90.0	25.2	-158.7	141.7	3057.2	150.4	-89.7	
93.75	120.9	22.1	-10.1	0.0	-67.4	90.0	20.0	-173.6	141.7	3345.4	82.3	-102.2	
93.80	121.0	21.7	-11.5	0.0	-70.3	90.0	19.7	-178.9	141.8	3546.8	101.0	-109.7	
93.85	121.1	22.9	-9.4	0.0	-69.4	90.0	26.8	-172.8	140.7	3483.4	268.0	-101.7	
93.90	121.1	23.9	-6.3	0.0	-66.4	90.0	34.2	-165.3	141.5	3261.8	415.9	-88.1	
93.95	121.2	24.6	-6.2	0.0	-64.0	90.0	35.7	-162.6	143.7	3083.0	436.8	-85.5	
94.00	121.3	25.2	-8.0	0.0	-63.1	90.0	33.0	-161.6	141.5	3015.1	444.8	-90.7	
94.05	121.3	25.2	-9.5	0.0	-64.1	90.0	34.1	-165.3	138.0	3072.3	534.6	-96.8	
94.10	121.4	24.9	-10.8	0.0	-65.7	90.0	37.6	-170.2	141.9	3164.9	573.0	-102.8	
94.15	121.4	24.4	-12.3	0.0	-66.4	90.0	38.0	-175.2	147.0	3203.5	538.4	-108.5	
94.20	121.5	23.6	-13.7	0.0	-64.9	90.0	32.4	-175.1	144.6	3103.5	501.0	-112.1	
94.25	121.5	22.6	-14.3	0.0	-62.1	90.0	25.7	-167.3	139.8	2925.7	476.8	-111.1	
94.30	121.6	21.4	-14.2	0.0	-59.9	90.0	25.0	-158.3	141.6	2780.3	461.3	-108.6	
94.35	121.6	22.0	-12.0	0.0	-59.2	90.0	32.1	-153.3	145.9	2721.2	534.4	-100.2	
94.40	121.7	23.0	-9.1	0.0	-59.9	90.0	36.7	-154.2	146.2	2750.0	637.9	-91.1	
94.45	121.7	23.8	-10.4	0.0	-62.1	90.0	33.1	-160.1	144.2	2909.8	614.3	-97.7	
94.50	121.7	25.1	-12.8	0.0	-64.4	90.0	29.3	-165.5	145.6	3096.4	504.0	-108.2	
94.55	121.8	25.9	-12.3	0.0	-65.0	90.0	31.7	-167.0	147.3	3140.0	469.7	-107.1	
94.60	121.8	25.9	-9.1	0.0	-63.1	90.0	34.2	-162.7	149.0	3011.3	424.4	-94.2	
94.65	121.9	25.5	-8.8	0.0	-60.6	90.0	28.1	-156.9	149.8	2858.8	227.9	-90.7	
94.70	121.9	25.4	-11.1	0.0	-59.9	90.0	20.2	-157.3	147.6	2820.4	24.2	-98.0	
94.75	122.0	25.5	-10.8	0.0	-60.4	90.0	18.8	-160.1	145.1	2854.5	-21.3	-97.6	
94.80	122.0	25.2	-9.0	0.0	-62.0	90.0	22.3	-164.2	146.3	2962.7	35.3	-93.0	
94.85	122.0	24.8	-9.0	0.0	-63.7	90.0	24.2	-167.1	149.7	3076.5	34.2	-94.7	
94.90	122.1	24.5	-9.9	0.0	-63.2	90.0	20.5	-163.7	148.3	3052.0	-43.5	-97.0	
94.95	122.1	25.3	-9.8	0.0	-61.0	90.0	14.6	-157.3	143.0	2905.1	-167.9	-94.6	
95.00	122.2	25.7	-8.5	0.0	-59.2	90.0	10.8	-153.2	144.7	2760.9	-353.5	-88.3	
95.05	122.2	25.8	-7.3	0.0	-59.1	90.0	11.5	-153.1	148.8	2733.8	-466.1	-84.0	
95.10	122.2	25.2	-7.0	0.0	-60.8	90.0	15.9	-157.5	146.8	2862.9	-391.5	-84.8	
95.15	122.2	25.5	-7.8	0.0	-63.8	90.0	19.6	-164.1	143.8	3091.8	-247.4	-90.5	
95.20	122.3	25.6	-7.8	0.0	-66.2	90.0	22.0	-168.0	146.9	3265.5	-132.1	-93.2	
95.25	122.3	24.4	-6.9	0.0	-66.3	90.0	28.1	-168.1	150.7	3267.3	23.0	-90.0	
95.30	122.3	25.0	-6.3	0.0	-64.7	90.0	35.9	-163.4	150.6	3149.2	214.9	-86.2	
95.35	122.3	25.6	-7.5	0.0	-63.4	90.0	31.5	-155.5	148.6	3072.8	231.4	-89.0	
95.40	122.3	25.2	-9.3	0.0	-63.1	90.0	20.9	-152.5	147.6	3072.9	93.2	-94.8	
95.45	122.4	23.9	-9.9	0.0	-63.7	90.0	18.0	-155.4	148.5	3110.6	28.8	-97.5	
95.50	122.4	23.2	-9.6	0.0	-64.7	90.0	23.8	-159.2	152.4	3174.5	99.2	-97.8	
95.55	122.4	23.8	-9.6	0.0	-65.7	90.0	28.5	-160.3	156.2	3231.1	255.9	-98.7	
95.60	122.4	24.5	-9.1	0.0	-65.3	90.0	30.8	-157.7	156.5	3187.2	454.5	-96.5	
95.65	122.4	25.1	-8.2	0.0	-63.1	90.0	34.6	-150.1	155.3	3001.9	649.9	-91.1	
95.70	122.5	25.5	-6.1	0.0	-60.6	90.0	42.3	-141.8	155.6	2786.1	810.6	-81.6	
95.75	122.5	25.5	-4.4	0.0	-59.3	90.0	47.3	-138.5	157.9	2673.1	845.9	-74.5	
95.80	122.5	25.2	-5.1	0.0	-59.6	90.0	44.2	-142.4	158.1	2714.6	766.8	-77.2	
95.85	122.6	24.8	-10.3	0.0	-61.9	90.0	34.9	-153.6	154.4	2901.0	630.9	-97.1	
95.90	122.6	24.8	-13.4	0.0	-64.1	90.0	26.8	-162.2	152.7	3082.6	480.3	-110.1	
95.95	122.6	24.6	-13.4	0.0	-64.5	90.0	24.9	-162.6	155.3	3119.0	393.3	-110.5	
96.00	122.7	24.3	-10.3	0.0	-62.7	90.0	29.5	-156.8	157.5	2989.6	429.0	-98.2	
96.05	122.7	24.4	-7.9	0.0	-60.4	90.0	33.5	-151.7	157.0	2818.8	488.2	-87.6	
96.10	122.7	24.2	-6.3	0.0	-58.6	90.0	31.8	-147.5	153.9	2691.9	502.2	-80.2	
96.15	122.8	23.9	-6.3	0.0	-58.0	90.0	31.3	-147.7	149.4	2646.8	525.7	-79.8	
96.20	122.8	24.4	-7.1	0.0	-58.6	90.0	38.3	-151.4	151.0	2674.3	534.3	-83.1	
96.25	122.8	24.5	-7.3	0.0	-59.4	90.0	42.8	-154.1	157.0	2738.2	443.3	-84.5	
96.30	122.8	24.4	-7.4	0.0	-58.8	90.0	37.0	-151.8	158.3	2719.7	293.7	-84.4	
96.35	122.9	24.6	-6.9	0.0	-55.2	90.0	26.0	-141.6	153.3	2495.3	141.8	-78.7	
96.40	122.9	24.7	-5.5	0.0	-50.4	90.0	18.9	-130.9	151.6	2175.9	-37.9	-69.2	
96.45	122.9	24.7	-6.2	0.0	-47.5	90.0	20.2	-125.6	156.4	1956.0	-162.4	-68.6	
96.50	122.9	24.2	-5.6	0.0	-47.9	90.0	24.5	-126.5	159.6	1980.2	-152.0	-67.0	
96.55	123.0	23.9	-5.4	0.0	-50.3	90.0	25.8	-129.5	155.4	2163.3	-16.7	-68.8	
96.60	123.0	23.6	-6.1	0.0	-52.5	90.0	25.5	-133.5	151.5	2318.9	104.3	-73.3	
96.65	123.0	23.6	-5.5	0.0	-53.6	90.0	27.5	-140.6	156.1	2377.0	105.7	-72.6	
96.70	123.1	24.4	-3.5	0.0	-52.5	90.0	31.5	-140.5	164.3	2292.1	80.0	-64.6	
96.75	123.1	25.3	-2.2	0.0	-50.7	90.0	33.1	-130.9	166.3	2173.2	100.5	-58.2	
96.80	123.1	26.0	-3.8	0.0	-49.5	90.0	31.8	-121.6	162.9	2113.2	131.0	-62.4	
96.85	123.2	26.2	-5.3	0.0	-50.6	90.0	30.6	-126.3	161.8	2182.6	145.2	-68.6	
96.90	123.2	26.4	-6.1	0.0	-52.8	90.0	31.8	-139.1	164.2	2312.2	187.4	-73.7	
96.95	123.3	26.9	-6.2	0.0	-55.0	90.0	37.5	-147.0	164.9	2432.1	338.4	-76.3	
97.00	123.3	27.1	-7.1	0.0	-56.2	90.0	43.1	-144.4	163.6	2492.3	541.7	-80.4	
97.05	123.4	27.4	-8.3	0.0	-56.6	90.0	44.0	-142.1	162.9	2489.9	698.4	-85.1	
97.10	123.4	28.1	-8.5	0.0	-55.7	90.0	41.8	-141.5	162.9	2407.0	758.9	-85.0	
97.15	123.5	28.3	-8.8	0.0	-54.5	90.0	41.5	-140.4	163.0	2307.9	771.6	-84.5	
97.20	123.6	28.6	-8.6	0.0	-54.6	90.0	42.9	-140.2	162.8	2313.0	777.7	-84.0	
97.25	123.6	29.0	-9.2	0.0	-57.0	90.0	43.9	-143.0	161.5	2494.3	785.9	-88.6	
97.30	123.7	28.6	-8.9	0.0	-59.8	90.0	43.4	-144.6	159.2	2712.9	798.4	-90.4	
97.35	123.7	27.6	-9.4	0.0	-61.4	90.0	44.6	-148.4	157.3	2812.6	854.0	-93.8	
97.40	123.8	26.1	-9.0	0.0	-62.1	90.0	48.2	-157.0	159.5	2822.2	899.2	-92.9	
97.45	123.8	26.2	-9.1	0.0	-62.8	90.0	51.8	-160.2	163.0	2846.6	942.7	-94.1	
97.50	123.9	26.3	-8.0	0.0	-62.6	90.0	49.7	-151.1	161.7	2851.2	970.7	-90.2	
97.55	123.9	26.5	-7.0	0.0	-61.6	90.0	48.2	-143.6	159.1	2804.9	948.7	-85.6	
97.60	124.0	26.3	-7.1	0.0	-60.8	90.0	46.3	-146.5	161.0	2782.4	783.9	-85.2	
97.65	124.0	25.9	-7.2	0.0	-60.8	90.0	38.1	-151.8	162.7	2832.4	517.1	-85.4	
97.70	124.1	25.6	-7.0	0.0	-61.0	90.0	29.5	-149.9	160.0	2894.7	317.6	-85.2	
97.75	124.1	26.8	-7.9	0.0	-60.7	90.0	27.9	-144.5	157.7	2900.0	234.5	-88.0	
97.80	124.2	27.3	-6.6	0.0	-59.8	90.0	31.1	-141.0	161.0	2838.7	180.7	-82.5	
97.85	124.2	27.8	-4.0	0.0	-58.6	90.0	33.2	-139.4	165.6	2747.4	120.3	-72.2	
97.90	124.3	29.2	-1.9	0.0	-58.1	90.0	36.4	-140.7	167.0	2706.5	141.9	-64.8	
97.95	124.3	28.3	-1.7	0.0	-59.3	90.0	40.2	-145.1	165.8	2774.6	233.3	-65.3	
98.00	124.4	27.3	-1.9	0.0	-61.4	90.0	40.1	-148.8	163.5	2918.4	271.3	-68.0	
98.05	124.5	27.0	-3.3	0.0	-62.6	90.0	35.4	-152.0	162.4	3012.1	182.4	-73.8	
98.10	124.5	26.7	-4.9	0.0	-62.7	90.0	30.5	-158.1	162.4	3009.7	35.2	-79.5	
98.15	124.6	26.5	-7.3	0.0	-62.3	90.0	25.2	-161.3	162.1	2973.0	-96.3	-87.3	
98.20	124.7	26.5	-8.5	0.0	-61.6	90.0	17.1	-154.3	159.4	2945.1	-162.0	-90.9	
98.25	124.7	26.7	-8.6	0.0	-61.2	90.0	14.3	-148.5	157.0	2936.4	-96.2	-90.8	
98.30	124.8	26.7	-7.5	0.0	-61.3	90.0	22.4	-152.4	158.1	2929.2	82.1	-86.9	
98.35	124.9	26.6	-7.7	0.0	-62.4	90.0	34.7	-159.7	160.5	2971.2	314.2	-89.0	
98.40	124.9	26.0	-7.8	0.0	-63.8	90.0	40.9	-161.7	159.1	3028.1	559.9	-90.6	
98.45	125.0	25.2	-6.3	0.0	-64.7	90.0	45.9	-161.3	155.1	3052.4	793.0	-86.4	
98.50	125.1	24.7	-6.1	0.0	-64.3	90.0	50.5	-159.4	154.1	2989.4	890.8	-85.1	
98.55	125.1	25.6	-6.6	0.0	-62.4	90.0	48.8	-156.6	156.7	2871.5	811.8	-85.2	
98.60	125.2	25.7	-7.5	0.0	-59.8	90.0	40.7	-151.5	158.1	2730.1	653.7	-85.6	
98.65	125.2	25.6	-9.8	0.0	-57.9	90.0	32.2	-148.6	156.9	2635.1	510.0	-91.5	
98.70	125.3	26.2	-11.6	0.0	-57.6	90.0	27.4	-149.3	155.2	2625.5	444.3	-97.3	
98.75	125.3	25.1	-10.5	0.0	-58.0	90.0	27.6	-147.9	155.2	2651.2	473.1	-94.2	
98.80	125.4	23.9	-7.3	0.0	-58.1	90.0	32.6	-145.3	156.4	2638.7	589.7	-83.1	
98.85	125.4	22.9	-7.9	0.0	-58.4	90.0	38.4	-149.4	159.0	2626.8	660.5	-85.4	
98.90	125.5	22.2	-8.6	0.0	-59.2	90.0	38.9	-155.8	159.8	2676.5	638.7	-88.6	
98.95	125.5	21.9	-7.5	0.0	-59.5	90.0	35.3	-153.2	157.6	2724.7	585.3	-85.1	
99.00	125.6	22.0	-6.0	0.0	-60.0	90.0	34.5	-153.8	158.4	2777.3	504.6	-80.5	
99.05	125.6	22.0	-5.9	0.0	-60.2	90.0	34.9	-159.9	163.7	2800.1	326.3	-80.5	
99.10	125.7	23.0	-6.8	0.0	-60.1	90.0	29.5	-161.5	164.9	2803.7	110.9	-83.5	
99.15	125.7	24.6	-6.7	0.0	-59.3	90.0	20.1	-156.5	160.2	2768.6	-18.8	-82.3	
99.20	125.8	24.5	-6.8	0.0	-57.9	90.0	17.6	-152.3	157.8	2677.3	-32.2	-81.3	
99.25	125.8	24.1	-6.3	0.0	-57.0	90.0	21.5	-152.4	160.5	2606.7	-12.8	-78.6	
99.30	125.9	23.7	-5.9	0.0	-56.9	90.0	21.5	-151.1	161.9	2596.3	-30.7	-77.0	
99.35	125.9	23.9	-6.0	0.0	-57.4	90.0	17.6	-150.6	158.4	2644.1	-43.1	-77.9	
99.40	126.0	24.8	-5.5	0.0	-57.9	90.0	16.3	-151.6	156.8	2678.3	-48.3	-76.9	
99.45	126.1	25.7	-5.5	0.0	-58.2	90.0	20.4	-153.3	159.6	2689.2	-68.9	-76.9	
99.50	126.1	25.8	-5.4	0.0	-58.6	90.0	23.5	-153.6	163.1	2717.7	-98.2	-77.1	
99.55	126.2	26.0	-4.9	0.0	-59.0	90.0	24.8	-153.3	162.9	2748.9	-43.6	-75.8	
99.60	126.3	25.8	-4.8	0.0	-60.0	90.0	26.3	-158.5	160.3	2813.3	77.8	-76.5	
99.65	126.3	25.0	-5.0	0.0	-61.1	90.0	27.5	-162.0	160.3	2880.8	179.9	-78.2	
99.70	126.4	25.1	-6.5	0.0	-61.7	90.0	28.1	-162.1	162.3	2918.6	247.0	-84.2	
99.75	126.5	25.0	-7.6	0.0	-62.3	90.0	28.8	-164.5	163.7	2954.0	291.1	-88.6	
99.80	126.5	24.2	-8.8	0.0	-63.0	90.0	26.8	-166.6	162.8	2995.2	301.6	-93.1	
99.85	126.6	24.7	-10.2	0.0	-63.0	90.0	21.0	-164.2	162.1	3011.6	253.8	-97.9	
99.90	126.6	25.4	-10.6	0.0	-62.1	90.0	17.3	-159.8	163.9	2958.4	201.2	-98.5	
99.95	126.7	26.0	-10.1	0.0	-60.1	90.0	20.8	-155.6	167.3	2812.6	223.2	-94.6	
100.00	126.8	26.3	-8.8	0.0	-58.4	90.0	26.3	-153.7	169.4	2682.2	301.3	-88.6	
100.05	126.8	26.6	-8.5	0.0	-58.4	90.0	29.9	-153.7	171.3	2667.1	382.1	-87.6	
100.10	126.9	26.8	-7.6	0.0	-59.7	90.0	34.8	-155.9	172.5	2737.5	513.3	-85.8	
100.15	127.0	27.0	-5.9	0.0	-61.3	90.0	40.1	-161.2	172.6	2814.4	647.4	-81.8	
100.20	127.0	26.7	-6.1	0.0	-62.1	90.0	41.2	-164.4	174.9	2869.6	623.0	-82.9	
100.25	127.1	26.2	-7.0	0.0	-61.5	90.0	35.3	-161.0	177.2	2866.1	458.6	-85.7	
100.30	127.2	25.8	-7.0	0.0	-59.9	90.0	26.9	-154.5	176.3	2785.3	299.3	-84.0	
100.35	127.2	25.7	-6.8	0.0	-58.5	90.0	21.2	-151.1	174.5	2705.3	178.8	-81.9	
100.40	127.3	25.7	-9.2	0.0	-58.5	90.0	14.9	-152.1	175.1	2706.3	13.0	-90.0	
100.45	127.4	25.8	-9.9	0.0	-59.8	90.0	10.6	-156.9	176.4	2793.8	-99.2	-93.9	
100.50	127.4	25.8	-9.4	0.0	-61.2	90.0	15.1	-163.0	174.8	2879.7	-33.9	-93.3	
100.55	127.5	25.4	-8.7	0.0	-62.2	90.0	22.6	-168.9	175.3	2933.9	64.0	-92.1	
100.60	127.6	24.1	-7.9	0.0	-61.9	90.0	27.7	-168.4	178.0	2907.2	117.2	-88.9	
100.65	127.6	24.2	-5.2	0.0	-59.9	90.0	30.4	-162.4	177.5	2774.6	188.1	-77.7	
100.70	127.7	24.7	-2.8	0.0	-57.2	90.0	31.0	-153.3	175.9	2594.6	211.9	-66.9	
100.75	127.8	25.6	-2.4	0.0	-55.6	90.0	29.2	-147.9	176.5	2493.7	109.7	-64.0	
100.80	127.8	25.9	-4.3	0.0	-56.7	90.0	23.7	-151.3	177.4	2571.1	-63.5	-71.6	
100.85	127.9	25.8	-4.6	0.0	-59.1	90.0	17.5	-155.5	175.9	2743.1	-152.2	-75.1	
100.90	127.9	25.3	-6.3	0.0	-61.6	90.0	14.1	-160.3	174.4	2921.1	-149.3	-83.1	
100.95	128.0	24.7	-8.1	0.0	-63.8	90.0	14.1	-164.8	176.1	3067.8	-145.4	-91.5	
101.00	128.0	24.5	-8.2	0.0	-64.4	90.0	16.0	-165.3	177.9	3115.4	-99.2	-92.4	
101.05	128.0	24.6	-5.0	0.0	-64.2	90.0	20.3	-163.8	178.8	3106.1	40.9	-81.5	
101.10	128.1	25.2	-3.5	0.0	-65.3	90.0	27.3	-166.5	181.9	3165.6	188.7	-77.4	
101.15	128.1	25.9	-4.2	0.0	-66.9	90.0	33.0	-166.5	185.0	3271.4	303.7	-81.1	
101.20	128.2	26.5	-3.5	0.0	-67.5	90.0	35.8	-161.8	182.7	3317.7	421.5	-79.6	
101.25	128.2	26.0	-3.1	0.0	-66.9	90.0	36.0	-159.0	182.1	3282.5	448.4	-77.6	
101.30	128.3	26.0	-4.5	0.0	-66.4	90.0	36.0	-161.8	186.6	3240.1	366.0	-81.8	
101.35	128.3	26.3	-6.4	0.0	-65.4	90.0	31.7	-159.9	189.0	3179.9	283.6	-87.3	
101.40	128.4	26.3	-6.2	0.0	-64.2	90.0	28.1	-153.8	184.0	3102.2	359.7	-85.4	
101.45	128.4	26.7	-5.7	0.0	-63.7	90.0	28.7	-153.3	181.6	3050.9	473.3	-83.3	
101.50	128.5	27.2	-7.1	0.0	-63.9	90.0	34.5	-157.6	185.3	3037.0	538.1	-88.2	
101.55	128.5	27.0	-8.2	0.0	-65.0	90.0	35.8	-160.8	187.8	3104.1	590.7	-93.1	
101.60	128.6	27.3	-6.8	0.0	-66.4	90.0	40.3	-159.8	182.5	3173.0	769.0	-89.8	
101.65	128.6	27.6	-5.6	0.0	-69.0	90.0	43.5	-166.8	179.9	3327.5	881.4	-88.4	
101.70	128.7	26.4	-6.8	0.0	-71.1	90.0	42.5	-173.6	183.8	3491.4	785.8	-94.4	
101.75	128.7	26.1	-6.6	0.0	-72.1	90.0	41.8	-175.1	184.3	3579.4	711.2	-94.7	
101.80	128.8	26.3	-4.6	0.0	-72.2	90.0	44.3	-173.8	181.7	3583.2	751.2	-88.1	
101.85	128.8	26.6	-3.4	0.0	-72.2	90.0	46.3	-172.9	183.0	3585.0	755.0	-83.8	
101.90	128.8	25.9	-5.8	0.0	-71.5	90.0	43.3	-168.9	183.7	3554.8	703.0	-91.2	
101.95	128.9	25.1	-6.1	0.0	-70.1	90.0	40.0	-165.4	179.1	3457.3	721.5	-90.9	
102.00	128.9	24.7	-5.5	0.0	-67.9	90.0	40.7	-164.6	176.3	3292.1	740.6	-86.9	
102.05	128.9	24.1	-6.2	0.0	-65.9	90.0	39.9	-164.1	180.1	3160.2	618.1	-87.3	
102.10	129.0	24.1	-7.2	0.0	-64.3	90.0	34.5	-160.4	182.5	3078.8	433.2	-88.9	
102.15	129.0	25.3	-5.9	0.0	-62.9	90.0	30.5	-156.5	178.2	2998.4	345.8	-83.2	
102.20	129.0	25.6	-4.5	0.0	-61.6	90.0	30.0	-156.2	175.7	2913.6	275.7	-77.2	
102.25	129.0	25.6	-4.7	0.0	-61.5	90.0	30.7	-158.4	181.7	2903.1	123.2	-77.7	
102.30	129.1	25.5	-4.8	0.0	-61.8	90.0	32.3	-158.9	185.6	2927.0	70.7	-78.3	
102.35	129.1	25.4	-3.2	0.0	-60.8	90.0	35.8	-151.9	181.8	2863.0	178.8	-71.8	
102.40	129.1	25.8	-2.3	0.0	-59.3	90.0	38.4	-145.6	178.4	2762.0	257.7	-67.1	
102.45	129.2	26.6	-3.3	0.0	-58.1	90.0	34.8	-146.9	181.1	2676.2	162.0	-69.5	
102.50	129.2	26.3	-4.0	0.0	-57.2	90.0	28.8	-150.8	182.7	2605.9	34.6	-71.0	
102.55	129.2	26.6	-4.9	0.0	-56.4	90.0	26.4	-150.5	179.4	2546.1	-3.8	-73.1	
102.60	129.3	27.3	-6.8	0.0	-56.4	90.0	25.1	-150.6	176.8	2547.9	-27.6	-79.7	
102.65	129.3	27.9	-8.4	0.0	-56.5	90.0	22.2	-153.9	179.7	2544.1	-84.1	-85.2	
102.70	129.4	27.7	-7.1	0.0	-54.9	90.0	22.1	-154.3	180.6	2422.4	-30.0	-79.1	
102.75	129.4	27.2	-5.1	0.0	-51.8	90.0	27.4	-145.7	176.6	2209.5	153.5	-69.4	
102.80	129.4	27.0	-5.6	0.0	-49.4	90.0	32.9	-134.6	174.4	2042.1	297.0	-68.7	
102.85	129.5	27.3	-5.9	0.0	-48.7	90.0	37.5	-130.3	177.1	1975.9	402.8	-69.0	
102.90	129.5	27.5	-5.3	0.0	-49.4	90.0	42.5	-134.9	177.5	1974.3	561.1	-67.5	
102.95	129.6	26.7	-6.6	0.0	-50.4	90.0	44.4	-139.7	174.3	2005.7	673.9	-73.1	
103.00	129.6	26.9	-9.5	0.0	-51.0	90.0	40.3	-142.2	172.9	2062.0	647.2	-83.7	
103.05	129.6	27.2	-10.5	0.0	-51.1	90.0	37.4	-142.8	175.5	2071.3	622.3	-87.0	
103.10	129.7	27.0	-9.5	0.0	-50.5	90.0	39.2	-142.0	176.5	2006.7	689.9	-83.0	
103.15	129.7	26.5	-9.2	0.0	-49.3	90.0	37.5	-135.9	174.5	1922.0	712.1	-80.8	
103.20	129.8	26.0	-10.2	0.0	-48.9	90.0	31.4	-133.2	172.3	1918.7	658.1	-83.9	
103.25	129.8	25.6	-9.6	0.0	-49.7	90.0	28.9	-136.0	173.3	1990.2	612.0	-82.8	
103.30	129.8	25.4	-8.1	0.0	-50.9	90.0	34.2	-138.3	175.5	2065.3	645.7	-78.6	
103.35	129.9	25.1	-7.6	0.0	-51.8	90.0	40.3	-137.3	176.9	2121.4	683.9	-77.7	
103.40	129.9	24.8	-7.8	0.0	-52.6	90.0	39.9	-139.8	178.8	2189.4	630.1	-79.2	
103.45	130.0	25.9	-6.6	0.0	-52.5	90.0	37.8	-142.5	180.3	2190.5	571.9	-75.1	
103.50	130.0	26.4	-5.7	0.0	-51.1	90.0	37.7	-140.5	179.8	2098.0	531.9	-70.6	
103.55	130.1	26.5	-5.1	0.0	-49.2	90.0	35.5	-134.9	179.2	2001.2	407.7	-66.9	
103.60	130.1	25.5	-5.4	0.0	-48.4	90.0	29.5	-133.9	180.5	1979.1	206.7	-66.9	
103.65	130.2	24.3	-4.9	0.0	-48.9	90.0	21.4	-138.2	179.8	2019.1	39.4	-65.7	
103.70	130.3	23.2	-5.5	0.0	-49.9	90.0	16.2	-141.8	176.2	2086.7	-41.8	-68.9	
103.75	130.3	22.8	-5.3	0.0	-51.1	90.0	12.9	-142.4	175.4	2173.2	-117.4	-69.4	
103.80	130.4	23.0	-4.8	0.0	-51.7	90.0	13.7	-141.1	178.7	2220.9	-159.8	-68.1	
103.85	130.5	23.4	-3.8	0.0	-52.3	90.0	19.1	-141.9	180.4	2258.5	-114.6	-65.2	
103.90	130.5	23.7	-3.1	0.0	-53.2	90.0	23.5	-142.5	179.7	2325.4	-53.0	-63.8	
103.95	130.6	24.2	-2.8	0.0	-54.4	90.0	24.9	-142.6	179.2	2417.3	-13.8	-64.1	
104.00	130.7	24.6	-2.7	0.0	-55.9	90.0	26.7	-148.8	179.1	2514.1	31.4	-65.3	
104.05	130.7	24.8	-2.8	0.0	-56.6	90.0	28.3	-152.9	179.7	2557.8	36.6	-66.4	
104.10	130.8	24.6	-3.0	0.0	-56.7	90.0	27.3	-151.5	180.5	2568.1	14.9	-67.1	
104.15	130.9	24.4	-3.9	0.0	-56.0	90.0	22.2	-146.4	179.8	2533.6	1.5	-69.3	
104.20	130.9	24.5	-4.7	0.0	-55.3	90.0	16.9	-144.7	177.7	2485.7	12.2	-71.6	
104.25	131.0	25.2	-6.4	0.0	-54.9	90.0	13.3	-144.9	177.5	2460.5	-10.5	-76.9	
104.30	131.1	25.5	-7.7	0.0	-55.7	90.0	13.7	-145.1	179.5	2512.5	-15.9	-82.2	
104.35	131.1	25.6	-6.9	0.0	-56.7	90.0	18.5	-142.5	180.9	2596.7	86.4	-80.5	
104.40	131.2	26.3	-4.7	0.0	-57.7	90.0	26.2	-141.3	181.8	2655.0	270.9	-73.9	
104.45	131.3	26.2	-3.8	0.0	-57.9	90.0	30.4	-142.8	184.0	2653.8	371.8	-71.0	
104.50	131.4	25.6	-5.3	0.0	-57.8	90.0	33.4	-144.5	187.0	2627.8	418.2	-76.2	
104.55	131.4	25.1	-4.3	0.0	-58.0	90.0	36.4	-143.3	189.3	2626.2	501.0	-72.6	
104.60	131.5	24.2	-3.8	0.0	-58.5	90.0	38.8	-141.7	191.3	2656.9	572.0	-71.4	
104.65	131.6	23.3	-5.4	0.0	-59.2	90.0	35.6	-143.2	191.6	2710.0	538.8	-77.8	
104.70	131.6	22.0	-8.3	0.0	-59.4	90.0	26.4	-145.8	189.6	2752.5	413.9	-87.9	
104.75	131.7	22.6	-9.5	0.0	-59.4	90.0	17.9	-146.1	188.7	2766.7	284.5	-92.1	
104.80	131.8	23.2	-8.6	0.0	-58.1	90.0	18.7	-140.8	189.8	2687.4	261.3	-87.6	
104.85	131.9	23.4	-8.1	0.0	-56.3	90.0	21.7	-135.4	192.5	2562.6	259.7	-84.0	
104.90	131.9	23.2	-7.1	0.0	-54.2	90.0	23.5	-131.5	193.0	2413.5	284.6	-78.8	
104.95	132.0	23.6	-6.1	0.0	-52.7	90.0	25.7	-130.1	193.0	2293.3	322.4	-73.6	
105.00	132.1	24.8	-3.2	0.0	-52.0	90.0	30.9	-130.8	193.6	2225.2	394.7	-63.0	
105.05	132.2	24.5	-3.8	0.0	-51.8	90.0	38.9	-130.6	193.6	2183.6	495.1	-64.8	
105.10	132.3	24.7	-5.3	0.0	-51.5	90.0	40.6	-129.1	196.1	2170.1	449.8	-69.6	
105.15	132.4	25.4	-6.7	0.0	-50.4	90.0	35.3	-128.5	195.9	2113.9	332.7	-73.4	
105.20	132.4	25.5	-6.8	0.0	-48.8	90.0	27.6	-128.8	191.3	2009.8	231.6	-72.0	
105.25	132.5	25.2	-8.2	0.0	-47.8	90.0	20.0	-127.0	190.2	1960.4	77.8	-76.2	
105.30	132.6	24.7	-10.2	0.0	-48.3	90.0	14.4	-124.5	193.7	2004.7	-66.7	-83.3	
105.35	132.7	25.1	-9.6	0.0	-48.8	90.0	14.6	-124.7	194.7	2035.9	-61.8	-81.6	
105.40	132.8	25.1	-8.5	0.0	-49.3	90.0	17.1	-129.0	191.7	2064.6	22.6	-78.4	
105.45	132.8	25.1	-9.1	0.0	-50.2	90.0	18.2	-132.6	191.3	2122.4	53.6	-81.5	
105.50	132.9	25.4	-8.9	0.0	-51.0	90.0	23.1	-134.6	196.6	2169.9	100.5	-81.4	
105.55	133.0	24.8	-5.9	0.0	-51.0	90.0	34.4	-134.9	200.2	2144.0	263.2	-71.3	
105.60	133.1	24.0	-4.0	0.0	-50.0	90.0	40.7	-130.7	198.7	2060.6	386.5	-63.8	
105.65	133.1	24.1	-4.8	0.0	-48.9	90.0	36.6	-124.6	199.3	2006.9	308.8	-65.4	
105.70	133.2	23.8	-6.9	0.0	-48.6	90.0	31.6	-124.3	203.3	1997.9	186.5	-72.2	
105.75	133.3	23.6	-6.0	0.0	-47.8	90.0	30.5	-123.2	202.4	1948.1	196.1	-68.6	
105.80	133.3	24.0	-6.2	0.0	-47.0	90.0	27.4	-117.5	198.4	1908.2	201.9	-68.2	
105.85	133.4	24.2	-8.5	0.0	-47.1	90.0	21.8	-114.7	200.1	1931.1	105.1	-76.4	
105.90	133.4	23.8	-9.3	0.0	-47.7	90.0	21.0	-117.9	203.8	1962.2	98.5	-79.5	
105.95	133.5	22.2	-7.2	0.0	-47.6	90.0	25.3	-117.7	202.8	1945.2	231.7	-72.3	
106.00	133.6	22.3	-5.8	0.0	-47.3	90.0	30.7	-112.1	201.6	1912.9	364.0	-67.2	
106.05	133.7	22.5	-4.5	0.0	-47.3	90.0	36.6	-109.1	205.7	1899.1	446.3	-62.8	
106.10	133.8	22.6	-3.7	0.0	-47.4	90.0	42.4	-109.7	208.6	1872.7	537.3	-60.2	
106.15	133.9	23.2	-3.6	0.0	-48.2	90.0	44.9	-114.4	204.6	1901.7	603.8	-60.4	
106.20	134.0	23.6	-5.5	0.0	-49.3	90.0	43.5	-118.4	202.1	1992.3	566.6	-68.3	
106.25	134.0	23.5	-6.9	0.0	-50.5	90.0	41.8	-122.0	205.4	2091.3	500.9	-74.2	
106.30	134.1	23.6	-7.3	0.0	-50.7	90.0	43.1	-122.4	206.1	2095.5	550.1	-75.7	
106.35	134.2	24.2	-6.6	0.0	-49.8	90.0	40.7	-118.7	201.6	2025.1	605.6	-72.4	
106.40	134.3	25.3	-8.1	0.0	-48.9	90.0	34.2	-116.9	200.2	1983.9	546.0	-76.8	
106.45	134.4	25.4	-9.7	0.0	-48.8	90.0	32.1	-119.0	203.2	1977.2	502.8	-82.2	
106.50	134.5	25.3	-8.2	0.0	-49.8	90.0	36.5	-122.8	201.7	2009.0	608.8	-77.9	
106.55	134.6	25.0	-7.2	0.0	-51.2	90.0	40.4	-123.8	198.9	2094.3	693.5	-76.1	
106.60	134.7	26.1	-8.1	0.0	-52.4	90.0	41.7	-123.9	202.0	2191.0	664.4	-80.1	
106.65	134.8	26.7	-7.4	0.0	-52.2	90.0	44.0	-123.7	205.0	2174.7	673.4	-77.8	
106.70	134.8	26.9	-5.5	0.0	-50.2	90.0	46.4	-119.2	203.6	1999.6	734.2	-68.9	
106.75	134.9	27.0	-4.4	0.0	-47.1	90.0	46.9	-109.0	203.9	1782.9	717.2	-62.1	
106.80	135.0	27.7	-5.5	0.0	-45.4	90.0	44.6	-105.2	208.4	1696.5	612.8	-64.2	
106.85	135.1	28.8	-6.1	0.0	-45.6	90.0	43.3	-107.5	209.1	1710.0	598.9	-66.6	
106.90	135.2	28.5	-6.0	0.0	-46.4	90.0	40.6	-109.7	204.5	1778.0	607.8	-67.1	
106.95	135.3	28.6	-8.0	0.0	-47.0	90.0	34.5	-113.6	202.7	1855.1	471.3	-74.3	
107.00	135.4	29.2	-10.1	0.0	-46.9	90.0	29.9	-118.8	206.1	1875.7	285.7	-81.5	
107.05	135.4	29.8	-8.8	0.0	-45.9	90.0	28.0	-118.6	207.7	1815.7	183.2	-76.0	
107.10	135.5	29.8	-6.7	0.0	-43.8	90.0	26.2	-107.6	206.7	1690.2	111.6	-66.8	
107.15	135.6	29.2	-4.7	0.0	-42.3	90.0	25.8	-100.9	206.2	1597.6	60.5	-58.6	
107.20	135.7	28.0	-2.2	0.0	-41.8	90.0	29.8	-103.3	206.6	1550.3	81.8	-49.4	
107.25	135.8	28.3	-0.7	0.0	-42.9	90.0	35.7	-109.0	207.6	1608.5	132.5	-45.1	
107.30	135.9	28.5	-1.8	0.0	-45.1	90.0	39.7	-113.0	207.5	1757.6	167.3	-51.2	
107.35	136.0	27.3	-1.9	0.0	-47.2	90.0	41.1	-116.8	206.4	1903.6	208.0	-53.7	
107.40	136.1	26.6	-1.7	0.0	-47.9	90.0	40.1	-121.1	203.7	1945.2	246.4	-53.8	
107.45	136.2	26.5	-2.8	0.0	-46.8	90.0	34.2	-120.1	203.3	1878.2	142.6	-56.6	
107.50	136.3	27.4	-5.4	0.0	-45.6	90.0	27.8	-117.0	205.8	1808.2	-33.8	-64.1	
107.55	136.4	27.1	-5.7	0.0	-45.5	90.0	25.5	-116.3	205.7	1802.3	-63.8	-65.0	
107.60	136.5	26.9	-4.8	0.0	-46.8	90.0	26.9	-118.7	202.3	1893.5	68.9	-63.2	
107.65	136.6	27.2	-6.4	0.0	-49.0	90.0	28.6	-122.4	201.2	2039.3	176.0	-71.0	
107.70	136.7	27.1	-7.7	0.0	-50.4	90.0	32.4	-126.6	202.7	2123.7	258.5	-76.9	
107.75	136.8	27.2	-6.1	0.0	-50.3	90.0	40.7	-127.4	204.9	2078.5	417.3	-71.3	
107.80	136.8	27.5	-3.0	0.0	-49.2	90.0	47.5	-119.4	206.6	1966.4	594.0	-59.5	
107.85	136.9	28.7	-1.9	0.0	-47.4	90.0	50.8	-104.9	207.9	1816.8	714.9	-54.1	
107.90	137.0	29.1	-2.6	0.0	-47.1	90.0	52.0	-103.7	209.3	1764.4	785.7	-56.2	
107.95	137.1	28.8	-4.8	0.0	-49.3	90.0	51.9	-115.9	210.1	1878.3	857.5	-65.8	
108.00	137.2	27.9	-7.3	0.0	-53.3	90.0	48.0	-127.7	209.6	2158.2	890.3	-78.5	
108.05	137.3	27.4	-10.0	0.0	-56.4	90.0	45.4	-128.6	208.3	2402.7	912.2	-90.7	
108.10	137.3	27.0	-10.2	0.0	-57.0	90.0	46.3	-124.8	206.5	2447.6	964.3	-92.1	
108.15	137.4	25.9	-9.4	0.0	-55.1	90.0	44.9	-121.9	206.7	2308.7	952.5	-87.5	
108.20	137.5	26.0	-8.7	0.0	-52.8	90.0	38.6	-119.7	208.0	2179.4	839.1	-82.7	
108.25	137.6	26.0	-9.1	0.0	-51.9	90.0	36.5	-115.9	208.3	2139.3	776.4	-83.0	
108.30	137.7	25.2	-7.1	0.0	-53.1	90.0	44.4	-114.6	207.6	2191.6	877.0	-77.6	
108.35	137.8	25.1	-4.5	0.0	-55.5	90.0	54.1	-118.7	210.1	2325.7	979.8	-71.1	
108.40	137.8	25.0	-5.5	0.0	-56.9	90.0	54.9	-125.7	212.9	2440.4	912.2	-75.7	
108.45	137.9	25.1	-6.1	0.0	-56.1	90.0	48.0	-130.1	210.5	2426.3	748.7	-77.1	
108.50	138.0	24.9	-6.0	0.0	-53.3	90.0	43.4	-125.0	205.5	2265.4	630.8	-73.7	
108.55	138.1	24.3	-4.2	0.0	-50.3	90.0	39.4	-114.9	205.0	2095.9	500.3	-64.8	
108.60	138.2	23.2	-3.6	0.0	-48.2	90.0	33.0	-108.6	207.8	1998.9	280.4	-60.6	
108.65	138.3	23.2	-5.7	0.0	-47.8	90.0	24.6	-112.6	207.6	1981.4	31.8	-67.2	
108.70	138.4	23.2	-6.2	0.0	-49.6	90.0	16.1	-124.1	203.9	2093.7	-143.1	-70.8	
108.75	138.4	23.1	-6.1	0.0	-53.1	90.0	13.3	-135.2	203.2	2315.6	-213.8	-74.2	
108.80	138.5	21.6	-4.2	0.0	-55.8	90.0	18.3	-139.9	206.9	2511.1	-190.0	-70.2	
108.85	138.6	20.6	-5.0	0.0	-56.2	90.0	25.3	-139.4	209.0	2542.1	-129.5	-73.3	
108.90	138.6	20.3	-4.4	0.0	-55.2	90.0	26.9	-137.5	207.3	2470.6	-94.7	-70.3	
108.95	138.7	21.3	-3.6	0.0	-54.3	90.0	26.3	-135.9	207.1	2410.7	-61.2	-66.5	
109.00	138.8	21.3	-2.8	0.0	-53.8	90.0	27.9	-132.1	211.0	2374.7	-1.7	-63.5	
109.05	138.8	21.0	-2.6	0.0	-53.8	90.0	32.0	-130.9	212.6	2377.1	119.2	-62.9	
109.10	138.9	20.8	-4.5	0.0	-54.2	90.0	30.9	-131.1	211.0	2404.1	184.4	-69.6	
109.15	138.9	20.2	-7.5	0.0	-54.7	90.0	24.3	-133.1	210.6	2438.2	155.1	-80.5	
109.20	138.9	19.6	-9.6	0.0	-54.1	90.0	19.8	-134.7	210.7	2392.1	158.4	-86.9	
109.25	139.0	18.9	-9.1	0.0	-52.8	90.0	22.3	-131.5	210.0	2290.9	275.9	-84.0	
109.30	139.0	18.5	-8.4	0.0	-52.1	90.0	26.9	-125.7	209.7	2233.2	412.7	-81.1	
109.35	139.1	18.5	-8.8	0.0	-52.8	90.0	29.4	-122.9	212.4	2274.1	505.0	-83.0	
109.40	139.1	18.8	-8.6	0.0	-54.8	90.0	34.3	-125.0	214.9	2377.4	646.2	-84.4	
109.45	139.1	19.2	-6.8	0.0	-57.1	90.0	42.6	-127.2	214.3	2483.3	867.4	-80.5	
109.50	139.2	18.7	-5.6	0.0	-59.0	90.0	47.5	-129.1	214.1	2573.7	1009.9	-78.1	
109.55	139.2	17.6	-7.0	0.0	-59.5	90.0	46.3	-131.2	216.2	2612.5	986.8	-83.6	
109.60	139.3	16.1	-8.3	0.0	-58.2	90.0	41.0	-130.4	214.6	2555.6	890.3	-86.8	
109.65	139.3	15.4	-8.3	0.0	-55.3	90.0	35.2	-125.2	210.3	2385.3	784.5	-83.9	
109.70	139.3	15.4	-8.6	0.0	-52.8	90.0	30.2	-123.6	210.1	2234.5	644.3	-82.4	
109.75	139.4	16.7	-11.0	0.0	-51.3	90.0	25.4	-124.2	213.5	2154.2	488.3	-88.9	
109.80	139.4	16.8	-11.0	0.0	-50.3	90.0	22.3	-122.7	212.0	2100.7	420.8	-88.0	
109.85	139.5	16.8	-9.9	0.0	-49.3	90.0	23.1	-121.4	207.9	2035.1	414.0	-83.4	
109.90	139.5	17.0	-9.1	0.0	-48.5	90.0	25.2	-122.0	209.7	1978.0	337.6	-79.7	
109.95	139.5	17.0	-8.7	0.0	-47.9	90.0	26.9	-122.2	215.8	1945.9	212.4	-77.6	
