Time[s]	Rotor azimuth angle[deg]	Hub wind speed magnitude[m/s]	ACTTORQUE1[Nm]	PITRAT1[deg/s]	PITFRIC1[kNm]	PITCH1[deg]	Blade root 1 Fx[KN]	Blade root 1 Fy[KN]	Blade root 1 Fz[KN]	Blade root 1 Mx[kNm]	Blade root 1 My[kNm]	Blade root 1 Mz[kNm]	
END_OF_HEADER
50.00	305.7	27.0	35.6	0.5	-148.6	24.0	257.0	141.3	550.1	-1824.9	8637.6	-11.4	
50.05	308.4	27.1	36.0	0.5	-144.5	24.1	253.3	124.6	537.6	-1642.2	8405.0	-21.7	
50.10	311.2	27.9	33.2	0.6	-140.4	24.1	245.2	98.8	518.9	-1406.9	8197.4	-40.6	
50.15	314.0	27.9	27.8	0.7	-137.2	24.1	246.7	83.5	517.0	-1237.1	7992.6	-51.3	
50.20	316.8	28.3	20.7	0.7	-134.4	24.2	247.4	72.0	518.4	-1161.4	7795.9	-56.0	
50.25	319.6	28.9	12.9	0.5	-133.2	24.2	241.6	67.1	501.9	-939.5	7770.8	-67.5	
50.30	322.4	28.7	14.4	0.4	-133.3	24.2	234.5	63.4	476.2	-747.8	7840.2	-68.0	
50.35	325.1	28.7	23.0	0.4	-131.8	24.2	235.0	45.3	470.4	-630.9	7753.6	-58.7	
50.40	327.9	28.8	21.6	0.5	-129.9	24.3	247.0	33.0	480.4	-331.2	7591.9	-66.5	
50.45	330.6	28.8	15.6	0.5	-130.4	24.3	258.9	20.8	474.6	5.0	7612.6	-79.4	
50.50	333.3	28.6	11.6	0.5	-130.5	24.3	259.6	8.3	454.5	273.1	7626.1	-83.9	
50.55	336.1	28.5	8.8	0.4	-123.9	24.3	242.4	1.2	442.9	503.7	7173.8	-84.2	
50.60	338.8	28.9	11.7	0.3	-114.5	24.3	221.8	-8.0	438.4	566.6	6518.4	-69.1	
50.65	341.7	29.2	29.4	0.3	-112.9	24.4	204.1	32.1	433.8	-1565.1	6277.8	-5.3	
50.70	344.5	29.1	8.1	0.2	-107.0	24.4	193.6	2.7	425.8	-937.2	5995.1	-64.5	
50.75	347.2	28.5	-20.8	0.0	-100.1	24.4	193.7	18.6	433.5	28.8	5536.3	-153.9	
50.80	350.1	28.6	22.6	0.5	-89.9	24.4	160.7	-70.2	431.2	-385.9	4811.1	-76.2	
50.85	352.8	28.4	9.3	0.9	-78.0	24.4	143.3	0.4	433.3	429.5	3991.4	-93.6	
50.90	355.6	27.9	-6.8	1.2	-71.5	24.5	130.5	-20.6	437.3	680.1	3487.9	-130.3	
50.95	358.5	27.0	0.2	1.4	-69.8	24.5	112.7	-128.7	432.5	150.3	3313.7	-95.4	
51.00	1.2	27.1	-6.9	1.5	-72.1	24.6	125.5	-58.1	433.5	839.3	3480.4	-115.5	
51.05	3.9	27.3	-2.3	1.7	-80.0	24.7	145.5	-62.5	427.5	948.0	4019.7	-102.7	
51.10	6.8	25.7	12.8	1.7	-84.3	24.8	152.9	-87.1	422.8	1378.8	4180.8	-51.1	
51.15	9.5	25.4	6.1	1.8	-89.6	24.9	161.5	-37.3	440.0	2787.2	3937.2	-76.9	
51.20	12.3	25.1	7.2	1.9	-83.2	25.0	138.9	-114.8	445.9	2636.4	3390.4	-64.7	
51.25	15.2	23.8	12.9	1.9	-77.9	25.1	123.1	-136.9	448.4	2619.0	2855.4	-37.9	
51.30	18.0	23.7	9.8	1.9	-81.3	25.2	130.6	-86.0	459.8	3224.8	2706.2	-51.2	
51.35	20.8	23.6	6.0	1.9	-81.7	25.2	124.6	-151.8	467.7	3077.6	2733.9	-63.6	
51.40	23.6	23.4	-1.8	2.0	-85.4	25.3	136.0	-150.7	482.9	3333.1	2817.3	-93.6	
51.45	26.5	23.3	-7.0	2.0	-85.6	25.4	153.9	-131.3	492.5	3184.5	2990.4	-110.9	
51.50	29.4	23.5	-12.6	2.0	-80.9	25.5	135.3	-201.2	492.5	2570.1	2926.3	-125.2	
51.55	32.2	23.9	-28.2	2.0	-83.5	25.6	123.3	-193.0	497.8	3270.7	2518.6	-181.0	
51.60	35.1	23.1	-28.6	2.0	-85.0	25.7	127.5	-189.2	504.2	3668.1	2131.5	-183.9	
51.65	37.9	23.0	-21.2	2.0	-79.1	25.8	106.2	-208.6	515.3	3422.3	1578.9	-152.4	
51.70	40.6	23.5	-23.2	2.0	-81.9	25.9	97.6	-178.2	536.3	3930.3	1011.0	-162.1	
51.75	43.5	23.2	-18.7	2.0	-86.1	26.0	113.0	-232.2	542.3	4112.8	888.8	-150.6	
51.80	46.3	23.4	-14.3	2.0	-86.9	26.1	104.6	-264.5	546.8	4135.1	630.9	-136.3	
51.85	49.1	23.6	-7.4	2.0	-86.8	26.2	94.3	-205.4	572.5	4328.8	-160.3	-112.3	
51.90	51.9	23.5	12.2	2.0	-83.9	26.3	86.0	-212.2	587.2	3956.9	-1042.7	-42.3	
51.95	54.8	23.4	19.3	2.0	-87.8	26.4	35.2	-213.7	589.0	3933.3	-2016.7	-21.5	
52.00	57.6	23.1	18.3	2.0	-95.8	26.5	-4.6	-205.8	592.2	4260.5	-2730.8	-33.0	
52.05	60.5	22.4	18.7	2.0	-99.7	26.6	-3.9	-253.4	604.8	4169.3	-3110.8	-35.4	
52.10	63.4	21.7	13.0	2.0	-108.1	26.7	-18.4	-247.7	630.5	4602.6	-3584.3	-63.5	
52.15	66.2	21.6	8.7	2.0	-114.9	26.8	-30.0	-246.4	645.6	5062.8	-3808.7	-85.0	
52.20	69.1	22.1	9.5	2.0	-116.1	26.9	-16.9	-290.5	642.9	5056.5	-3759.8	-83.5	
52.25	72.0	22.4	10.8	2.0	-118.6	27.0	-24.9	-272.0	649.6	5168.0	-4006.2	-81.4	
52.30	74.9	22.6	17.9	2.0	-118.8	27.1	-33.3	-259.6	663.4	4926.1	-4357.5	-57.3	
52.35	77.8	22.7	23.3	2.0	-121.4	27.2	-19.7	-277.1	673.8	4798.7	-4708.7	-41.6	
52.40	80.6	22.0	24.4	2.0	-130.6	27.3	-36.8	-263.0	680.3	5284.1	-5249.3	-46.7	
52.45	83.4	21.8	34.7	2.0	-137.0	27.4	-62.7	-275.9	685.4	5386.0	-5745.9	-17.8	
52.50	86.3	21.9	47.3	2.0	-144.1	27.5	-60.2	-282.6	700.5	5515.8	-6320.6	18.4	
52.55	89.1	22.2	51.0	2.0	-156.4	27.6	-70.8	-277.2	725.6	6060.4	-7069.3	18.5	
52.60	91.9	22.9	59.3	2.0	-166.5	27.7	-88.2	-309.2	741.3	6382.5	-7638.7	37.0	
52.65	94.7	23.5	65.9	2.0	-168.4	27.8	-69.8	-305.7	742.5	6537.6	-7732.3	57.8	
52.70	97.5	23.1	72.1	2.0	-167.9	27.9	-63.6	-277.3	750.0	6389.0	-7905.1	79.7	
52.75	100.3	23.1	84.8	2.0	-166.7	28.0	-77.9	-274.5	761.7	5779.6	-8241.5	124.3	
52.80	103.1	23.1	88.3	2.0	-168.2	28.1	-75.7	-263.9	775.6	5559.4	-8546.6	134.8	
52.85	105.9	22.7	90.5	2.0	-170.2	28.2	-85.4	-262.7	788.5	5365.1	-8834.1	140.4	
52.90	108.7	21.8	94.3	2.0	-171.0	28.3	-105.1	-266.9	801.2	4940.6	-9099.1	152.7	
52.95	111.5	21.0	87.8	2.0	-172.0	28.4	-95.7	-249.2	817.9	4941.6	-9238.9	129.3	
53.00	114.3	20.4	79.0	2.0	-172.5	28.5	-83.2	-265.6	833.0	5013.0	-9189.8	98.7	
53.05	117.1	20.5	66.9	2.0	-168.9	28.6	-81.9	-282.0	840.2	4809.2	-8934.1	60.6	
53.10	119.9	20.6	61.9	2.0	-162.0	28.7	-75.0	-254.0	841.3	4351.0	-8675.1	50.5	
53.15	122.6	20.6	61.1	2.0	-154.5	28.8	-78.0	-237.0	839.4	3436.7	-8518.6	55.4	
53.20	125.4	21.0	65.1	2.0	-151.7	28.9	-99.4	-211.9	843.1	2655.9	-8617.9	71.8	
53.25	128.1	20.8	63.0	2.0	-149.4	29.0	-95.8	-182.0	857.4	2261.5	-8623.1	67.0	
53.30	130.8	20.6	59.2	2.0	-148.6	29.1	-86.4	-189.0	876.0	2061.0	-8584.3	54.8	
53.35	133.5	21.7	58.8	2.0	-149.2	29.2	-95.6	-189.4	882.5	2052.8	-8617.3	52.8	
53.40	136.3	22.7	55.9	2.0	-147.4	29.3	-91.1	-177.9	878.0	2210.0	-8478.4	44.5	
53.45	139.0	23.3	53.7	2.0	-145.1	29.4	-76.3	-194.0	882.6	2356.7	-8226.7	39.2	
53.50	141.7	23.1	55.4	2.0	-146.6	29.5	-78.1	-200.2	898.3	2607.1	-8236.6	43.7	
53.55	144.4	23.0	54.2	2.0	-146.2	29.6	-79.1	-189.2	902.4	2586.0	-8244.9	40.0	
53.60	147.1	23.5	60.5	2.0	-144.6	29.7	-89.0	-169.8	892.4	2158.7	-8284.2	63.2	
53.65	149.7	24.6	66.7	2.0	-144.7	29.8	-106.8	-136.2	888.8	2001.5	-8395.6	84.1	
53.70	152.3	24.1	67.0	2.0	-143.2	29.9	-102.6	-132.8	901.5	2115.4	-8250.6	87.0	
53.75	155.0	23.8	63.6	2.0	-137.8	30.0	-83.3	-141.1	912.4	2200.9	-7812.5	80.5	
53.80	157.6	23.8	60.8	2.0	-130.5	30.1	-70.8	-120.2	906.7	2294.9	-7282.0	78.2	
53.85	160.2	24.1	57.6	2.0	-124.8	30.2	-63.6	-115.9	897.6	2354.5	-6840.7	73.1	
53.90	162.8	23.3	54.5	2.0	-122.6	30.3	-59.2	-122.2	898.7	2443.6	-6623.3	64.3	
53.95	165.4	21.8	53.9	2.0	-121.4	30.4	-64.5	-100.8	906.0	2274.5	-6632.1	63.6	
54.00	168.0	20.9	54.7	2.0	-116.1	30.5	-67.5	-73.1	901.6	1601.2	-6474.1	71.8	
54.05	170.6	20.5	50.2	2.0	-109.6	30.6	-69.0	-47.4	890.2	987.2	-6151.1	62.6	
54.10	173.1	20.4	42.6	2.0	-102.0	30.7	-63.4	-29.9	885.6	580.4	-5666.8	44.3	
54.15	175.7	19.9	37.4	2.0	-93.5	30.8	-49.0	-23.3	887.7	107.5	-5099.7	34.9	
54.20	178.2	20.3	30.5	2.0	-85.7	30.9	-33.7	-3.5	885.2	-271.6	-4563.5	19.0	
54.25	180.8	20.7	23.7	2.0	-81.7	31.0	-31.9	11.7	878.4	-526.6	-4241.5	-0.4	
54.30	183.3	20.5	14.3	2.0	-78.2	31.1	-30.7	7.1	871.7	-793.8	-3938.7	-29.2	
54.35	185.9	20.3	6.8	2.0	-76.3	31.2	-26.6	16.5	872.1	-1150.6	-3699.2	-53.1	
54.40	188.4	20.7	7.8	2.0	-75.1	31.3	-17.4	34.5	871.5	-1710.3	-3358.8	-48.4	
54.45	191.0	21.7	7.7	2.0	-72.2	31.4	2.6	54.0	859.0	-2258.7	-2692.0	-46.0	
54.50	193.5	22.0	-0.1	2.0	-70.9	31.5	22.3	85.1	846.4	-2667.7	-1979.6	-71.4	
54.55	196.0	22.2	-5.1	2.0	-72.7	31.6	42.0	91.7	847.8	-3116.9	-1401.9	-90.3	
54.60	198.6	22.3	-5.8	2.0	-75.7	31.7	51.4	89.7	851.7	-3426.3	-1215.0	-95.5	
54.65	201.1	22.6	-6.1	2.0	-76.8	31.8	42.1	88.1	848.1	-3449.4	-1442.3	-97.8	
54.70	203.6	22.0	-7.5	2.0	-77.5	31.9	27.3	82.8	840.5	-3380.2	-1796.6	-103.1	
54.75	206.1	21.0	-7.1	2.0	-80.9	32.0	10.5	101.5	833.0	-3403.1	-2196.9	-105.1	
54.80	208.5	20.8	-2.7	2.0	-86.1	32.1	0.9	121.5	822.8	-3691.3	-2382.0	-95.5	
54.85	211.0	20.8	4.4	2.0	-88.6	32.2	9.7	117.8	810.9	-4011.5	-2245.4	-73.3	
54.90	213.4	20.9	7.3	2.0	-87.0	32.3	30.8	116.8	798.0	-4048.8	-1916.0	-61.8	
54.95	215.9	21.1	8.4	2.0	-85.6	32.4	41.6	124.7	784.9	-4038.0	-1632.7	-56.8	
55.00	218.3	20.9	13.8	2.0	-87.8	32.5	38.1	148.1	771.0	-4162.7	-1624.2	-40.6	
55.05	220.7	20.4	22.6	2.0	-89.7	32.6	27.7	174.2	755.6	-4113.5	-1963.6	-12.1	
55.10	223.1	19.5	25.5	2.0	-87.6	32.7	15.1	158.7	748.1	-3669.3	-2522.7	-0.1	
55.15	225.4	19.5	21.1	2.0	-83.3	32.8	7.0	123.1	740.8	-3004.7	-2993.8	-11.1	
55.20	227.8	19.7	18.4	2.0	-81.7	32.9	2.6	120.2	715.0	-2684.8	-3159.2	-18.7	
55.25	230.2	19.6	26.3	2.0	-84.5	33.0	-5.2	141.4	680.2	-2952.1	-3162.5	5.6	
55.30	232.5	19.3	34.0	2.0	-85.9	33.1	-7.0	153.6	655.0	-3049.4	-3193.1	30.8	
55.35	234.8	18.9	34.5	2.0	-83.9	33.2	2.5	146.8	644.0	-2790.2	-3255.5	34.5	
55.40	237.1	18.4	36.5	2.0	-85.4	33.3	4.6	144.7	633.5	-2917.9	-3321.0	39.8	
55.45	239.4	18.4	42.9	2.0	-91.9	33.4	-5.5	170.5	617.8	-3470.0	-3387.0	55.4	
55.50	241.8	18.3	45.9	2.0	-97.4	33.5	-16.7	194.8	601.3	-3874.2	-3466.1	60.1	
55.55	244.0	18.0	42.2	2.0	-98.4	33.6	-23.5	191.4	591.9	-3915.0	-3556.6	46.6	
55.60	246.3	18.1	36.1	2.0	-98.8	33.7	-25.3	185.5	584.7	-3930.8	-3618.1	25.1	
55.65	248.6	17.9	33.2	2.0	-101.8	33.8	-19.8	199.8	569.5	-4346.6	-3439.9	12.2	
55.70	250.9	17.3	31.6	2.0	-106.5	33.9	-17.3	211.5	547.3	-5033.2	-3046.9	2.1	
55.75	253.1	18.1	25.3	2.0	-109.1	34.0	-20.1	215.4	527.9	-5433.1	-2738.7	-22.2	
55.80	255.3	18.3	16.7	2.0	-109.6	34.1	-13.1	216.0	514.2	-5584.3	-2526.1	-52.4	
55.85	257.6	18.2	18.7	2.0	-114.8	34.2	-4.4	228.5	506.8	-6033.8	-2412.3	-50.8	
55.90	259.8	18.7	22.4	2.0	-122.3	34.3	0.1	254.2	498.9	-6609.4	-2281.2	-45.2	
55.95	261.9	19.2	20.1	2.0	-125.7	34.4	6.2	265.7	483.8	-6946.4	-2007.0	-56.6	
56.00	264.1	19.5	15.0	2.0	-125.8	34.5	14.1	258.7	466.4	-7067.6	-1715.6	-74.3	
56.05	266.3	18.5	17.4	2.0	-127.5	34.6	23.7	261.3	452.0	-7239.4	-1532.3	-67.8	
56.10	268.4	18.6	22.2	2.0	-131.5	34.7	39.2	275.8	438.2	-7546.0	-1334.6	-55.2	
56.15	270.5	19.1	21.1	2.0	-132.8	34.8	42.8	280.6	418.5	-7659.9	-1250.3	-60.3	
56.20	272.7	18.9	14.6	2.0	-130.7	34.9	27.4	268.4	396.7	-7521.1	-1455.1	-80.4	
56.25	274.8	18.6	11.8	2.0	-130.0	35.0	13.8	249.2	383.1	-7467.9	-1790.2	-89.4	
56.30	276.9	18.3	17.9	2.0	-132.9	35.1	9.5	251.9	377.1	-7616.9	-2091.7	-71.4	
56.35	279.1	18.2	20.6	2.0	-134.5	35.2	4.8	264.7	367.4	-7664.5	-2258.0	-63.9	
56.40	281.2	18.7	17.3	2.0	-130.8	35.3	5.7	256.9	348.3	-7443.0	-2139.1	-71.5	
56.45	283.3	19.1	14.6	2.0	-125.3	35.4	13.7	239.2	334.1	-7121.7	-1967.9	-75.1	
56.50	285.4	19.1	20.2	2.0	-123.0	35.5	26.1	229.5	328.6	-7010.8	-1833.3	-53.7	
56.55	287.5	19.3	26.5	2.0	-121.2	35.6	33.4	232.4	321.4	-6868.5	-1828.3	-30.4	
56.60	289.5	19.5	27.0	2.0	-114.0	35.7	27.9	224.8	304.9	-6315.0	-1916.1	-21.4	
56.65	291.6	19.6	26.2	2.0	-103.0	35.8	17.3	199.4	289.4	-5500.6	-2011.7	-13.2	
56.70	293.7	19.7	27.5	2.0	-93.3	35.9	14.4	175.9	284.8	-4717.3	-2169.9	1.1	
56.75	295.7	19.6	30.3	2.0	-87.2	36.0	17.3	163.9	282.7	-4154.4	-2340.6	16.9	
56.80	297.7	19.2	31.5	2.0	-82.4	36.1	13.3	157.6	266.2	-3693.9	-2450.0	25.9	
56.85	299.7	19.4	32.8	2.0	-77.5	36.2	4.4	147.9	242.1	-3235.3	-2532.8	35.3	
56.90	301.7	18.9	38.6	2.0	-76.3	36.3	-5.7	132.2	229.2	-2965.7	-2793.7	56.1	
56.95	303.7	17.6	45.7	2.0	-80.1	36.4	-16.3	136.2	221.7	-2945.5	-3205.1	76.9	
57.00	305.6	17.7	52.5	2.0	-85.3	36.5	-27.4	161.0	204.8	-3094.8	-3521.6	94.9	
57.05	307.6	18.0	55.0	2.0	-85.8	36.6	-30.7	168.9	184.6	-3199.5	-3467.0	102.9	
57.10	309.5	18.3	51.3	2.0	-79.4	36.7	-22.4	154.5	174.2	-2990.8	-3068.3	96.7	
57.15	311.4	17.6	42.4	2.0	-70.1	36.8	-3.8	137.8	170.3	-2647.3	-2495.8	75.4	
57.20	313.3	17.2	34.0	2.0	-63.6	36.9	14.7	134.7	154.8	-2555.3	-1862.5	53.2	
57.25	315.2	17.3	26.3	2.0	-60.7	37.0	21.4	140.0	130.2	-2623.9	-1337.4	29.7	
57.30	317.1	17.5	19.6	2.0	-59.3	37.1	22.7	132.0	115.9	-2710.6	-955.9	7.9	
57.35	319.0	17.8	11.9	2.0	-58.6	37.2	27.7	116.0	112.1	-2796.4	-627.2	-17.7	
57.40	320.9	18.0	5.2	2.0	-60.7	37.3	32.1	115.7	100.2	-3014.0	-293.4	-42.9	
57.45	322.8	17.3	-1.4	2.0	-65.6	37.4	36.4	124.3	80.1	-3387.3	60.0	-70.3	
57.50	324.6	17.7	-5.1	2.0	-70.7	37.5	40.0	125.4	70.5	-3771.3	240.4	-88.3	
57.55	326.5	18.4	-7.3	2.0	-73.9	37.6	39.5	117.1	71.6	-4035.2	188.3	-98.9	
57.60	328.3	18.5	-7.9	2.0	-75.3	37.7	35.1	110.9	67.5	-4175.1	29.4	-102.4	
57.65	330.2	17.6	-5.9	2.0	-75.5	37.8	27.3	112.8	53.5	-4196.5	-199.0	-95.7	
57.70	332.0	16.7	-1.6	2.0	-75.0	37.9	24.7	119.3	44.4	-4132.3	-411.1	-80.3	
57.75	333.8	16.2	3.0	2.0	-71.8	38.0	25.2	113.1	46.4	-3877.4	-619.8	-61.6	
57.80	335.6	17.3	4.3	2.0	-65.7	38.1	22.3	94.2	45.2	-3407.9	-878.8	-51.0	
57.85	337.3	17.8	8.1	2.0	-61.9	38.2	13.2	86.0	33.1	-3033.0	-1220.2	-34.1	
57.90	339.1	17.1	13.3	2.0	-61.7	38.3	7.4	90.2	22.8	-2842.0	-1580.4	-15.9	
57.95	340.9	17.2	20.2	2.0	-62.2	38.4	3.7	91.5	26.1	-2602.4	-2003.0	7.1	
58.00	342.7	17.2	23.9	2.0	-60.6	38.5	1.3	77.3	29.2	-2224.5	-2305.5	21.3	
58.05	344.4	17.2	26.2	2.0	-59.3	38.6	-5.1	58.7	21.4	-1922.9	-2511.0	30.6	
58.10	346.2	17.1	26.9	2.0	-59.1	38.7	-11.4	47.7	10.6	-1734.2	-2673.5	33.4	
58.15	347.9	17.2	26.3	2.0	-59.6	38.8	-16.0	37.4	7.7	-1536.4	-2870.8	30.6	
58.20	349.7	17.4	24.4	2.0	-61.0	38.9	-24.0	21.2	5.7	-1257.1	-3142.3	22.7	
58.25	351.4	16.2	22.5	2.0	-64.6	39.0	-40.3	6.1	-4.6	-990.1	-3496.5	12.7	
58.30	353.1	15.8	22.9	2.0	-68.7	39.1	-55.3	-4.6	-18.6	-796.1	-3810.5	9.8	
58.35	354.8	15.7	23.0	2.0	-71.9	39.2	-61.6	-12.2	-25.9	-610.8	-4058.3	7.0	
58.40	356.5	15.5	24.8	2.0	-75.8	39.3	-67.0	-15.4	-24.7	-454.3	-4360.8	9.2	
58.45	358.2	14.9	30.7	2.0	-77.7	39.4	-67.8	-15.0	-28.6	-413.9	-4503.9	27.6	
58.50	359.8	14.4	37.0	2.0	-79.9	39.5	-71.9	-14.4	-34.2	-456.3	-4648.7	47.1	
58.55	1.4	14.4	40.4	2.0	-80.6	39.6	-68.6	-16.7	-33.9	-334.0	-4727.2	58.1	
58.60	3.1	14.1	41.1	2.0	-81.0	39.7	-64.1	-29.9	-30.9	-89.3	-4769.1	60.2	
58.65	4.7	13.8	38.6	2.0	-80.1	39.8	-58.8	-43.1	-33.6	246.4	-4686.7	52.5	
58.70	6.3	13.8	38.3	2.0	-80.7	39.9	-60.3	-52.2	-37.9	611.2	-4670.7	50.7	
58.75	8.0	13.8	37.3	2.0	-80.8	40.0	-56.1	-70.5	-42.0	1005.0	-4580.1	47.3	
58.80	9.6	13.9	35.6	2.0	-80.9	40.1	-48.0	-85.6	-43.3	1402.5	-4457.4	41.2	
58.85	11.2	13.9	29.4	2.0	-81.5	40.2	-44.1	-95.4	-42.5	1688.1	-4378.0	19.4	
58.90	12.8	13.8	28.8	2.0	-80.2	40.3	-43.3	-103.4	-43.2	1603.8	-4283.2	18.8	
58.95	14.4	13.9	31.3	2.0	-76.2	40.4	-38.6	-101.0	-43.5	1274.3	-4088.7	31.1	
59.00	16.0	14.6	29.4	2.0	-70.8	40.5	-28.5	-96.3	-41.8	1065.9	-3753.2	30.1	
59.05	17.6	14.3	23.2	2.0	-65.7	40.6	-19.0	-102.9	-42.0	1077.7	-3326.3	13.8	
59.10	19.2	13.7	15.6	2.0	-61.2	40.7	-14.0	-104.8	-45.0	1146.6	-2936.0	-7.5	
59.15	20.7	12.8	10.7	2.0	-57.1	40.8	-11.0	-102.6	-48.9	1144.6	-2609.5	-20.5	
59.20	22.3	12.2	9.0	2.0	-55.0	40.9	-9.9	-111.0	-48.2	1154.0	-2402.5	-24.2	
59.25	23.8	13.1	4.6	2.0	-55.9	41.0	-11.0	-126.3	-44.1	1433.2	-2279.5	-40.2	
59.30	25.3	14.6	-0.5	2.0	-56.9	41.1	-13.3	-134.9	-41.7	1700.9	-2149.2	-58.7	
59.35	26.8	15.2	-2.7	2.0	-53.7	41.2	-9.9	-133.4	-42.6	1655.9	-1876.3	-63.1	
59.40	28.3	15.6	-2.4	2.0	-51.3	41.3	-5.3	-129.2	-39.3	1641.0	-1670.0	-59.6	
59.45	29.8	16.0	-1.5	2.0	-54.1	41.4	-4.2	-143.9	-32.9	1908.1	-1631.8	-59.1	
59.50	31.3	16.5	-0.5	2.0	-58.9	41.5	-6.9	-161.9	-30.9	2256.7	-1694.3	-60.5	
59.55	32.7	17.4	4.6	2.0	-62.5	41.6	-9.9	-159.0	-33.3	2531.3	-1790.1	-46.7	
59.60	34.2	18.3	10.5	2.0	-66.2	41.7	-12.7	-156.8	-30.8	2754.5	-1976.7	-30.2	
59.65	35.7	18.8	14.1	2.0	-74.0	41.8	-17.4	-172.6	-22.6	3221.8	-2275.2	-25.7	
59.70	37.1	18.8	17.3	2.0	-84.3	41.9	-27.4	-190.8	-17.0	3854.0	-2638.0	-25.1	
59.75	38.6	18.6	22.7	2.0	-89.1	42.0	-29.6	-201.9	-20.1	4161.2	-2759.7	-11.0	
59.80	40.0	18.4	27.2	2.0	-90.8	42.1	-28.2	-202.6	-19.0	4287.8	-2802.7	2.5	
59.85	41.5	19.5	27.6	2.0	-96.1	42.2	-26.8	-207.2	-9.9	4649.8	-2970.2	-1.3	
59.90	43.0	20.1	28.4	2.0	-102.2	42.3	-27.6	-227.0	-6.3	4999.0	-3185.8	-4.6	
59.95	44.5	20.1	31.4	2.0	-105.9	42.4	-29.2	-239.8	-9.7	5150.4	-3394.8	1.9	
60.00	45.9	20.5	34.4	2.0	-107.5	42.5	-33.1	-235.4	-8.1	5145.1	-3633.7	10.6	
60.05	47.4	20.5	34.2	2.0	-108.4	42.6	-33.6	-238.8	-2.2	5135.4	-3757.8	9.0	
60.10	48.8	20.0	31.3	2.0	-111.3	42.7	-38.9	-248.2	-0.3	5292.7	-3862.0	-3.9	
60.15	50.2	20.2	30.1	2.0	-113.5	42.8	-45.5	-254.8	-5.0	5428.2	-3919.4	-10.3	
60.20	51.7	20.5	31.5	2.0	-112.0	42.9	-43.1	-257.6	-5.9	5335.5	-3834.3	-3.8	
60.25	53.1	20.8	30.3	2.0	-110.3	43.0	-37.2	-251.4	2.4	5298.2	-3717.2	-6.4	
60.30	54.5	20.9	27.5	2.0	-108.7	43.1	-31.5	-247.2	8.3	5291.1	-3526.3	-14.4	
60.35	55.8	21.1	27.0	2.0	-105.3	43.2	-25.2	-251.5	6.3	5157.5	-3238.4	-12.5	
60.40	57.2	21.2	26.7	2.0	-102.4	43.3	-21.8	-248.4	7.8	5031.8	-3042.1	-10.6	
60.45	58.6	20.5	25.5	2.0	-100.3	43.4	-18.0	-243.7	18.2	4936.8	-2905.3	-12.9	
60.50	60.0	20.5	20.5	2.0	-98.3	43.5	-15.1	-246.1	27.1	4832.0	-2760.1	-28.0	
60.55	61.3	20.6	19.1	2.0	-98.5	43.6	-22.3	-248.9	31.0	4832.7	-2766.0	-33.0	
60.60	62.6	19.9	17.6	2.0	-99.4	43.7	-26.9	-254.9	34.2	4893.5	-2745.4	-38.9	
60.65	64.0	18.9	15.4	2.0	-100.0	43.8	-18.9	-267.9	42.5	5002.6	-2554.3	-47.3	
60.70	65.3	18.1	12.0	2.0	-100.7	43.9	-10.7	-269.9	53.5	5143.2	-2344.8	-59.3	
60.75	66.6	18.3	10.2	2.0	-98.5	44.0	-4.3	-261.8	56.7	5118.8	-2029.9	-63.6	
60.80	67.9	18.5	11.2	2.0	-95.3	44.1	1.0	-257.1	56.7	5003.0	-1694.6	-56.9	
60.85	69.2	19.0	9.5	2.0	-94.2	44.2	2.6	-250.1	65.4	4979.5	-1530.4	-61.4	
60.90	70.5	20.2	8.0	2.0	-93.5	44.3	3.0	-243.1	76.1	4968.6	-1430.5	-66.1	
60.95	71.8	20.1	7.1	2.0	-92.8	44.4	5.2	-243.6	80.7	4947.2	-1298.3	-68.3	
61.00	73.1	19.6	7.4	2.0	-95.4	44.5	3.4	-252.4	85.2	5110.4	-1320.1	-70.1	
61.05	74.4	19.4	5.8	2.0	-100.9	44.6	3.3	-268.3	93.1	5464.5	-1416.2	-81.0	
61.10	75.7	19.4	4.8	2.0	-103.6	44.7	4.6	-273.4	96.9	5649.8	-1434.1	-87.0	
61.15	77.0	19.4	4.5	2.0	-103.2	44.8	1.9	-263.8	93.4	5662.5	-1385.6	-87.9	
61.20	78.2	19.1	5.5	2.0	-103.2	44.9	-1.4	-265.1	90.7	5669.9	-1354.6	-84.3	
61.25	79.5	19.1	6.0	2.0	-105.7	45.0	-3.0	-278.6	96.8	5806.7	-1414.5	-85.2	
61.30	80.8	19.1	7.1	2.0	-108.5	45.1	-2.5	-282.4	104.9	5988.7	-1473.3	-84.2	
61.35	82.1	19.0	8.3	2.0	-109.0	45.2	0.6	-278.0	107.7	6047.0	-1435.8	-80.4	
61.40	83.3	19.2	9.2	2.0	-109.9	45.3	2.9	-274.5	110.3	6126.3	-1446.2	-78.3	
61.45	84.6	19.3	9.9	2.0	-113.0	45.4	-0.2	-278.7	118.0	6285.1	-1693.9	-78.9	
61.50	85.9	19.4	9.6	2.0	-113.3	45.5	-5.0	-283.6	123.7	6207.5	-1981.5	-80.4	
61.55	87.1	19.5	12.1	2.0	-109.7	45.6	-17.3	-273.3	123.8	5841.5	-2290.3	-68.2	
61.60	88.4	19.2	13.8	2.0	-106.7	45.7	-31.5	-259.2	124.0	5484.6	-2626.2	-59.5	
61.65	89.6	18.8	14.5	2.0	-106.9	45.8	-43.1	-257.3	130.8	5294.3	-3016.9	-57.0	
61.70	90.9	19.2	14.3	2.0	-109.9	45.9	-51.0	-259.8	140.2	5292.8	-3420.3	-60.7	
61.75	92.1	19.6	15.1	2.0	-112.9	46.0	-57.5	-260.3	148.5	5284.0	-3809.8	-61.2	
61.80	93.3	20.1	16.0	2.0	-113.9	46.1	-61.7	-261.8	154.3	5161.5	-4084.0	-59.1	
61.85	94.6	20.8	16.8	2.0	-115.0	46.2	-65.2	-262.1	159.3	5105.5	-4274.2	-57.3	
61.90	95.8	21.2	17.9	2.0	-114.6	46.3	-60.5	-262.1	163.7	5063.4	-4276.7	-53.2	
61.95	97.0	21.3	20.8	2.0	-112.1	46.4	-50.1	-260.2	167.8	4920.8	-4160.1	-40.6	
62.00	98.2	21.2	22.8	2.0	-109.1	46.5	-43.5	-250.8	174.0	4713.7	-4097.0	-31.0	
62.05	99.4	22.0	24.0	2.0	-105.8	46.6	-39.2	-241.7	180.0	4482.7	-4015.0	-23.2	
62.10	100.6	22.7	22.8	2.0	-103.7	46.7	-35.8	-246.0	185.6	4357.5	-3899.2	-25.6	
62.15	101.8	22.4	19.8	2.0	-103.6	46.8	-35.8	-250.9	189.6	4384.1	-3830.4	-35.7	
62.20	103.0	22.0	15.4	2.0	-103.3	46.9	-38.5	-245.9	193.6	4354.0	-3844.0	-50.5	
62.25	104.2	22.0	12.8	2.0	-100.5	47.0	-39.1	-241.7	197.1	4137.6	-3783.3	-56.7	
62.30	105.3	23.1	10.6	2.0	-96.4	47.1	-38.1	-244.3	198.3	3865.6	-3603.5	-60.1	
62.35	106.5	21.7	7.1	2.0	-93.4	47.2	-38.1	-244.9	199.3	3707.1	-3435.5	-68.9	
62.40	107.7	20.6	5.6	2.0	-89.5	47.3	-32.8	-240.5	200.6	3534.6	-3206.0	-70.2	
62.45	108.8	20.4	7.9	2.0	-85.0	47.4	-26.5	-226.6	204.6	3303.1	-3018.7	-58.0	
62.50	110.0	20.6	9.0	2.0	-82.8	47.5	-27.8	-210.6	211.0	3138.8	-3009.8	-52.1	
62.55	111.1	21.0	7.8	2.0	-83.2	47.6	-30.2	-211.8	215.7	3169.9	-3004.0	-56.5	
62.60	112.3	21.5	7.1	2.0	-86.9	47.7	-36.1	-224.7	220.0	3437.3	-3064.1	-62.4	
62.65	113.4	21.3	7.1	2.0	-90.9	47.8	-39.9	-233.1	224.5	3768.6	-3099.0	-66.7	
62.70	114.5	21.2	10.3	2.0	-92.7	47.9	-36.2	-235.3	229.9	4005.4	-3002.1	-57.2	
62.75	115.6	21.2	11.8	2.0	-93.4	48.0	-29.6	-230.9	235.4	4214.2	-2826.8	-53.1	
62.80	116.7	21.0	12.1	2.0	-95.6	48.1	-25.9	-232.8	240.1	4501.3	-2661.1	-54.0	
62.85	117.8	21.0	13.1	2.0	-97.3	48.2	-22.0	-239.5	245.0	4726.2	-2471.2	-52.3	
62.90	118.9	21.1	15.1	2.0	-97.7	48.3	-17.3	-239.1	252.2	4849.8	-2289.7	-45.7	
62.95	120.0	21.2	16.7	2.0	-97.8	48.4	-9.9	-234.8	260.2	4943.8	-2112.6	-40.5	
63.00	121.1	20.9	15.6	2.0	-100.1	48.5	-1.6	-240.8	268.3	5169.4	-1960.2	-46.7	
63.05	122.2	20.6	14.7	2.0	-102.4	48.6	-0.8	-245.2	275.6	5360.1	-1890.6	-52.0	
63.10	123.3	20.5	14.9	2.0	-100.7	48.7	-2.5	-241.3	275.8	5295.0	-1727.6	-49.7	
63.15	124.4	20.3	15.3	2.0	-96.5	48.8	-3.2	-232.6	273.0	5045.8	-1538.7	-43.8	
63.20	125.5	20.1	11.3	2.0	-94.6	48.9	-5.1	-226.7	275.5	4929.8	-1498.7	-55.9	
63.25	126.6	19.5	8.4	2.0	-93.8	49.0	-9.1	-221.9	280.8	4873.4	-1510.7	-65.1	
63.30	127.7	19.9	8.8	2.0	-90.1	49.1	-7.1	-211.1	282.3	4664.0	-1321.5	-59.8	
63.35	128.8	20.5	9.5	2.0	-86.2	49.2	0.4	-201.6	283.6	4469.5	-1018.2	-53.8	
63.40	129.9	21.2	7.0	2.0	-86.8	49.3	9.2	-208.2	289.7	4535.3	-793.5	-62.9	
63.45	131.0	19.8	3.4	2.0	-88.8	49.4	18.4	-219.7	297.9	4668.1	-639.5	-77.2	
63.50	132.0	18.9	3.6	2.0	-86.6	49.5	26.1	-212.0	299.9	4542.2	-410.4	-74.2	
63.55	133.1	18.4	5.4	2.0	-82.2	49.6	31.7	-195.8	296.2	4277.5	-121.8	-63.8	
63.60	134.2	18.1	5.5	2.0	-81.2	49.7	31.0	-193.5	297.5	4204.6	-37.6	-62.1	
63.65	135.3	18.3	2.4	2.0	-82.0	49.8	23.4	-197.7	303.4	4250.4	-192.9	-73.7	
63.70	136.3	18.8	3.6	2.0	-79.7	49.9	17.7	-192.0	305.3	4089.0	-288.4	-67.4	
63.75	137.4	18.2	5.7	2.0	-76.9	50.0	20.7	-185.9	306.7	3892.2	-241.2	-57.4	
63.80	138.5	17.8	4.1	2.0	-77.7	50.1	21.0	-190.4	315.3	3927.8	-321.7	-63.5	
63.85	139.5	17.6	0.1	2.0	-79.5	50.2	21.9	-195.8	322.7	4037.1	-384.4	-79.3	
63.90	140.6	17.6	1.5	2.0	-76.0	50.3	26.5	-190.0	322.9	3792.4	-299.6	-70.7	
63.95	141.7	17.6	5.8	2.0	-69.1	50.4	30.5	-174.1	322.9	3324.5	-212.3	-49.1	
64.00	142.7	17.5	7.0	2.0	-65.9	50.5	28.1	-167.1	328.0	3091.5	-296.0	-42.0	
64.05	143.8	17.3	5.0	2.0	-66.7	50.6	21.1	-171.8	333.2	3110.4	-500.8	-49.6	
64.10	144.8	17.3	3.6	2.0	-67.1	50.7	13.7	-168.3	333.0	3114.8	-699.3	-54.8	
64.15	145.9	17.3	4.4	2.0	-66.3	50.8	9.6	-156.5	333.5	3049.7	-850.6	-51.3	
64.20	146.9	17.4	4.8	2.0	-67.2	50.9	9.1	-157.8	340.4	3074.1	-978.3	-50.7	
64.25	147.9	18.1	2.8	2.0	-69.5	51.0	9.0	-169.1	345.4	3194.8	-1059.3	-60.0	
64.30	149.0	18.8	2.2	2.0	-69.1	51.1	8.8	-164.7	342.2	3184.1	-1036.9	-61.5	
64.35	150.0	19.3	5.5	2.0	-64.2	51.2	16.5	-146.0	337.9	2903.1	-868.8	-45.2	
64.40	151.0	18.7	10.1	2.0	-59.7	51.3	24.4	-133.8	342.0	2602.2	-785.0	-24.9	
64.45	152.0	18.1	9.4	2.0	-59.6	51.4	23.4	-127.9	347.7	2582.1	-876.2	-27.3	
64.50	153.0	17.6	8.7	2.0	-60.3	51.5	14.9	-130.1	347.1	2584.1	-1024.0	-30.5	
64.55	154.0	17.1	9.6	2.0	-59.8	51.6	5.9	-131.3	344.3	2467.1	-1192.2	-26.7	
64.60	155.0	16.9	9.4	2.0	-60.1	51.7	-2.6	-119.6	346.2	2402.4	-1438.8	-27.8	
64.65	156.1	16.9	8.9	2.0	-60.7	51.8	-6.7	-112.4	351.5	2360.4	-1618.6	-30.3	
64.70	157.1	16.8	8.5	2.0	-59.4	51.9	-6.7	-113.7	350.5	2249.1	-1589.9	-30.2	
64.75	158.0	17.1	7.7	2.0	-56.8	52.0	-9.1	-105.6	345.6	2113.8	-1494.1	-30.3	
64.80	159.0	17.6	7.8	2.0	-53.3	52.1	-2.6	-98.2	347.0	1961.0	-1286.0	-26.4	
64.85	160.0	17.9	8.3	2.0	-50.3	52.2	14.1	-98.9	355.3	1865.4	-971.3	-21.9	
64.90	161.0	18.2	7.6	2.0	-49.7	52.3	23.4	-95.3	363.1	1911.2	-765.8	-23.7	
64.95	162.0	18.4	6.8	2.0	-49.5	52.4	24.7	-91.3	362.8	1967.2	-593.6	-26.3	
65.00	163.0	18.8	6.0	2.0	-49.2	52.5	25.6	-96.9	360.6	1971.8	-429.7	-28.8	
65.05	163.9	17.9	3.0	2.0	-49.1	52.6	23.9	-96.3	365.0	1971.1	-398.6	-38.8	
65.10	164.9	17.0	-0.2	2.0	-47.3	52.7	26.9	-88.4	369.1	1868.5	-270.3	-47.9	
65.15	165.9	16.6	0.0	2.0	-43.0	52.8	32.5	-81.4	366.2	1577.5	5.8	-42.8	
65.20	166.8	16.6	0.4	2.0	-38.3	52.9	33.5	-71.9	360.7	1228.5	235.4	-36.9	
65.25	167.8	16.6	-1.7	2.0	-35.0	53.0	34.6	-62.5	361.8	953.0	367.3	-40.8	
65.30	168.8	16.2	-3.3	2.0	-31.7	53.1	38.9	-54.1	368.0	642.4	446.2	-42.9	
65.35	169.7	16.3	-3.7	2.0	-29.0	53.2	43.9	-39.4	371.4	249.1	541.5	-41.5	
65.40	170.7	16.2	-3.2	2.0	-29.3	53.3	46.0	-25.9	369.4	-70.1	641.5	-40.2	
65.45	171.6	15.9	-4.2	2.0	-30.5	53.4	46.8	-25.6	367.2	-200.5	706.8	-44.9	
65.50	172.6	16.3	-6.0	2.0	-30.6	53.5	46.7	-30.3	368.2	-237.4	693.2	-51.2	
65.55	173.6	17.0	-7.2	2.0	-30.0	53.6	46.0	-27.0	368.0	-286.7	629.2	-54.6	
65.60	174.5	18.2	-6.6	2.0	-28.8	53.7	43.0	-22.6	364.0	-321.6	528.7	-51.3	
65.65	175.5	18.7	-7.0	2.0	-26.1	53.8	37.0	-24.9	360.6	-246.2	352.0	-50.1	
65.70	176.4	18.8	-8.1	2.0	-22.0	53.9	29.9	-29.1	361.9	-100.9	83.3	-49.9	
65.75	177.4	18.6	-6.3	2.0	-21.6	54.0	30.8	-27.5	365.9	-51.9	-80.5	-43.2	
65.80	178.4	19.0	-1.4	2.0	-22.4	54.1	35.7	-22.6	367.8	-77.1	-129.0	-27.2	
65.85	179.3	19.1	2.2	2.0	-23.0	54.2	37.3	-22.3	366.5	-4.4	-192.9	-15.4	
65.90	180.2	19.0	4.5	2.0	-24.9	54.3	34.8	-25.0	365.2	72.8	-331.4	-9.4	
65.95	181.2	19.8	9.7	2.0	-27.5	54.4	29.6	-21.4	365.8	-8.3	-555.2	5.9	
66.00	182.1	20.6	15.5	2.0	-31.1	54.5	22.0	-9.1	365.5	-179.7	-846.6	22.0	
66.05	183.1	21.4	17.1	2.0	-34.6	54.6	12.0	-2.8	363.5	-250.3	-1143.7	24.2	
66.10	184.0	21.8	15.3	2.0	-37.4	54.7	2.5	-9.2	362.7	-157.8	-1380.4	15.3	
66.15	184.9	22.2	13.7	2.0	-38.6	54.8	-1.0	-14.5	362.6	-64.3	-1460.3	8.5	
66.20	185.9	22.7	14.1	2.0	-36.5	54.9	5.3	-5.9	362.9	-188.6	-1312.2	11.8	
66.25	186.8	23.1	13.9	2.0	-33.6	55.0	17.6	6.2	362.7	-448.6	-972.1	14.0	
66.30	187.7	22.9	11.2	2.0	-31.9	55.1	25.4	14.9	362.0	-657.2	-633.8	6.6	
66.35	188.6	22.6	10.9	2.0	-33.4	55.2	30.7	25.6	359.9	-956.1	-296.2	4.1	
66.40	189.6	22.3	14.7	2.0	-39.4	55.3	39.7	37.8	358.2	-1406.9	90.2	10.9	
66.45	190.5	21.9	16.0	2.0	-45.7	55.4	44.4	54.8	357.4	-1802.2	376.5	9.2	
66.50	191.4	21.7	11.2	2.0	-49.1	55.5	46.1	64.4	355.3	-1982.7	620.5	-10.6	
66.55	192.4	21.7	4.8	2.0	-51.3	55.6	49.8	58.4	352.5	-2063.3	894.2	-34.7	
66.60	193.3	22.1	0.4	2.0	-53.9	55.7	52.1	55.7	349.9	-2195.4	1095.8	-52.6	
66.65	194.2	22.1	-1.2	2.0	-58.2	55.8	53.5	65.4	347.5	-2463.2	1237.7	-62.4	
66.70	195.2	21.1	-0.2	2.0	-63.6	55.9	58.2	74.4	347.4	-2807.4	1394.3	-64.2	
66.75	196.1	20.6	2.0	2.0	-68.1	56.0	61.5	83.8	349.4	-3116.3	1477.6	-61.4	
66.80	197.1	20.4	4.5	2.0	-71.3	56.1	62.9	89.7	350.0	-3350.3	1505.5	-55.8	
66.85	198.0	20.6	7.4	2.0	-73.9	56.2	65.9	95.1	347.5	-3532.6	1535.5	-48.4	
66.90	198.9	21.5	9.0	2.0	-74.3	56.3	66.2	101.3	345.9	-3590.5	1439.9	-43.4	
66.95	199.9	22.0	8.2	2.0	-71.1	56.4	62.5	100.9	348.4	-3434.2	1178.6	-43.0	
67.00	200.8	22.2	7.9	2.0	-66.1	56.5	56.7	89.4	350.4	-3183.0	832.3	-39.1	
67.05	201.8	22.1	10.2	2.0	-63.0	56.6	46.1	83.5	346.1	-3055.3	448.2	-27.8	
67.10	202.7	22.7	13.1	2.0	-63.1	56.7	34.3	90.9	341.0	-3091.1	65.0	-18.1	
67.15	203.6	23.7	16.2	2.0	-64.2	56.8	29.2	96.3	343.8	-3156.2	-250.3	-8.7	
67.20	204.6	23.3	19.4	2.0	-64.4	56.9	27.6	95.6	347.3	-3144.3	-492.1	2.3	
67.25	205.5	23.4	22.5	2.0	-64.1	57.0	25.1	95.3	341.4	-3103.5	-611.5	13.0	
67.30	206.4	23.4	23.7	2.0	-62.8	57.1	26.3	95.0	332.7	-3015.7	-584.1	18.6	
67.35	207.3	22.9	22.8	2.0	-60.7	57.2	29.8	93.1	332.8	-2854.3	-588.1	17.6	
67.40	208.3	22.1	21.6	2.0	-58.2	57.3	32.9	89.0	335.5	-2661.1	-642.1	16.0	
67.45	209.2	21.5	21.8	2.0	-56.9	57.4	30.7	84.5	329.4	-2566.9	-670.5	18.1	
67.50	210.1	21.3	21.2	2.0	-56.1	57.5	24.6	82.6	318.6	-2533.4	-647.2	16.5	
67.55	211.0	20.4	19.3	2.0	-55.3	57.6	23.1	85.0	314.7	-2489.7	-564.2	10.8	
67.60	211.9	19.9	19.9	2.0	-55.6	57.7	31.5	89.0	314.7	-2528.5	-341.4	12.8	
67.65	212.7	20.3	20.9	2.0	-55.9	57.8	42.3	90.3	308.7	-2568.9	-12.0	15.7	
67.70	213.6	20.3	18.1	2.0	-54.9	57.9	46.5	90.8	299.5	-2476.0	273.2	7.1	
67.75	214.5	20.2	13.9	2.0	-53.0	58.0	49.1	86.6	295.5	-2311.9	463.4	-5.3	
67.80	215.4	20.2	15.1	2.0	-55.0	58.1	52.5	94.3	297.1	-2417.4	562.2	-3.3	
67.85	216.3	20.4	19.1	2.0	-59.5	58.2	54.4	109.0	296.6	-2715.1	618.5	6.1	
67.90	217.1	21.1	19.8	2.0	-62.4	58.3	50.8	116.1	293.1	-2922.0	630.8	5.7	
67.95	218.0	22.3	17.7	2.0	-61.9	58.4	47.0	113.0	288.9	-2894.4	676.7	-1.3	
68.00	218.9	21.4	15.9	2.0	-61.5	58.5	47.1	112.5	284.6	-2849.0	746.4	-6.8	
68.05	219.7	21.0	18.0	2.0	-63.6	58.6	50.3	118.5	281.6	-2981.4	791.1	-1.7	
68.10	220.6	21.1	21.0	2.0	-65.6	58.7	52.0	123.2	281.9	-3130.4	745.0	6.7	
68.15	221.5	21.9	21.4	2.0	-66.6	58.8	44.7	127.4	283.1	-3242.7	570.7	6.7	
68.20	222.3	21.9	21.8	2.0	-69.3	58.9	38.0	134.6	279.3	-3444.9	508.8	5.5	
68.25	223.2	21.4	24.7	2.0	-73.5	59.0	36.8	147.6	274.9	-3736.2	538.5	11.4	
68.30	224.0	20.4	27.6	2.0	-76.6	59.1	40.1	158.9	274.6	-3933.0	567.3	18.3	
68.35	224.9	20.5	26.8	2.0	-76.3	59.2	47.0	154.0	275.3	-3908.5	633.7	15.6	
68.40	225.7	20.7	23.1	2.0	-73.8	59.3	48.1	142.7	269.8	-3743.2	656.5	5.5	
68.45	226.5	20.3	21.4	2.0	-72.7	59.4	46.9	138.9	260.5	-3674.6	688.0	0.7	
68.50	227.4	20.7	23.8	2.0	-74.4	59.5	48.9	142.8	255.1	-3787.7	724.5	7.5	
68.55	228.2	20.9	25.6	2.0	-76.1	59.6	50.3	150.3	253.5	-3904.4	698.8	11.8	
68.60	229.0	20.7	25.6	2.0	-76.9	59.7	47.0	156.3	249.3	-3964.6	635.8	10.8	
68.65	229.8	20.6	26.4	2.0	-78.6	59.8	44.9	159.2	241.6	-4095.3	654.0	11.9	
68.70	230.6	20.6	29.1	2.0	-81.7	59.9	48.1	165.8	235.9	-4298.5	763.0	18.3	
68.75	231.4	20.6	29.9	2.0	-83.9	60.0	54.5	173.8	234.9	-4414.2	896.0	18.7	
68.80	232.2	20.7	28.9	2.0	-84.1	60.1	58.4	172.7	232.7	-4410.3	996.5	15.1	
68.85	233.0	20.9	26.9	2.0	-82.3	60.2	56.0	160.6	225.3	-4308.7	1001.8	10.1	
68.90	233.8	21.2	25.8	2.0	-81.1	60.3	48.9	158.2	218.3	-4261.6	860.8	7.3	
68.95	234.6	21.2	26.7	2.0	-81.5	60.4	43.4	166.0	217.1	-4311.4	683.3	10.0	
69.00	235.4	21.1	28.3	2.0	-82.0	60.5	39.5	172.3	215.9	-4347.0	584.1	15.2	
69.05	236.2	21.0	28.4	2.0	-81.9	60.6	33.9	178.4	211.1	-4334.0	537.2	15.7	
69.10	237.0	20.9	29.1	2.0	-80.9	60.7	33.0	177.2	206.5	-4260.5	574.1	19.2	
69.15	237.7	20.8	31.5	2.0	-80.8	60.8	41.5	174.2	206.6	-4230.2	745.7	27.4	
69.20	238.5	20.6	34.7	2.0	-81.9	60.9	50.5	180.3	208.2	-4256.5	927.5	37.1	
69.25	239.3	20.0	35.4	2.0	-82.4	61.0	54.3	188.8	205.7	-4234.5	1059.0	39.1	
69.30	240.1	20.1	34.1	2.0	-80.3	61.1	51.8	181.4	200.5	-4102.7	1061.8	36.8	
69.35	240.9	20.2	31.7	2.0	-77.2	61.2	43.4	170.1	196.6	-3938.5	896.3	31.6	
69.40	241.7	20.0	29.2	2.0	-75.2	61.3	36.0	170.1	194.6	-3831.0	719.0	25.2	
69.45	242.4	20.0	27.8	2.0	-74.3	61.4	33.9	169.6	193.3	-3778.3	654.7	21.2	
69.50	243.2	20.4	27.7	2.0	-73.3	61.5	33.6	163.3	189.4	-3723.1	662.3	21.6	
69.55	244.0	21.1	26.0	2.0	-71.9	61.6	33.9	155.8	183.2	-3628.7	721.5	17.2	
69.60	244.8	21.4	26.3	2.0	-71.9	61.7	39.1	156.7	177.1	-3581.5	907.6	18.3	
69.65	245.5	21.7	30.1	2.0	-74.4	61.8	49.3	164.5	173.5	-3681.2	1152.4	29.1	
69.70	246.3	22.0	34.0	2.0	-76.7	61.9	56.3	171.3	170.5	-3810.9	1261.9	40.1	
69.75	247.1	21.6	34.0	2.0	-76.8	62.0	56.6	169.8	167.7	-3837.1	1209.9	39.9	
69.80	247.8	21.3	32.4	2.0	-75.2	62.1	52.4	163.1	163.6	-3764.3	1124.3	36.1	
69.85	248.6	21.2	31.0	2.0	-74.8	62.2	47.9	165.7	155.3	-3740.0	1119.6	31.7	
69.90	249.4	21.3	29.8	2.0	-74.6	62.3	47.3	166.5	150.8	-3731.4	1101.4	27.8	
69.95	250.1	21.8	28.4	2.0	-72.8	62.4	47.4	157.9	150.3	-3632.6	1022.0	24.9	
70.00	250.9	22.3	27.7	2.0	-71.3	62.5	47.2	149.9	144.5	-3534.5	1060.0	23.8	
70.05	251.7	22.9	28.7	2.0	-72.0	62.6	48.4	154.3	134.0	-3526.8	1245.1	26.6	
70.10	252.4	23.7	30.4	2.0	-73.1	62.7	55.4	159.5	128.4	-3510.6	1473.2	31.1	
70.15	253.2	24.1	31.0	2.0	-72.2	62.8	64.1	157.7	131.6	-3379.4	1583.5	34.2	
70.20	254.0	23.4	31.2	2.0	-70.5	62.9	66.8	152.2	131.3	-3238.7	1606.9	36.5	
70.25	254.7	22.8	31.9	2.0	-70.9	63.0	63.6	152.0	123.1	-3257.0	1649.7	38.6	
70.30	255.5	22.2	31.6	2.0	-70.4	63.1	60.3	152.1	118.5	-3231.5	1636.5	38.0	
70.35	256.3	21.6	29.0	2.0	-67.9	63.2	57.7	149.7	121.9	-3101.5	1496.7	31.5	
70.40	257.0	21.6	29.5	2.0	-67.4	63.3	55.6	151.6	121.5	-3083.9	1428.2	33.9	
70.45	257.8	21.7	31.0	2.0	-68.4	63.4	51.8	156.3	111.3	-3134.1	1506.2	37.8	
70.50	258.5	21.6	31.0	2.0	-67.9	63.5	49.1	155.7	105.3	-3067.2	1569.8	38.4	
70.55	259.3	21.4	29.0	2.0	-65.5	63.6	51.2	150.4	108.2	-2863.1	1583.0	34.2	
70.60	260.0	21.5	30.0	2.0	-64.8	63.7	58.9	149.9	108.2	-2710.2	1725.0	38.1	
70.65	260.8	21.9	31.5	2.0	-65.1	63.8	62.6	154.4	101.2	-2630.5	1865.7	42.9	
70.70	261.5	21.0	32.2	2.0	-64.2	63.9	62.7	156.4	96.3	-2525.9	1891.5	46.3	
70.75	262.3	20.4	32.5	2.0	-63.2	64.0	64.5	152.4	97.4	-2473.6	1844.1	48.5	
70.80	263.0	19.9	34.5	2.0	-64.9	64.1	65.7	158.6	95.0	-2621.4	1831.5	53.5	
70.85	263.7	20.4	36.2	2.0	-67.6	64.2	62.3	170.0	85.1	-2830.4	1859.6	56.6	
70.90	264.5	20.6	34.7	2.0	-67.2	64.3	58.9	166.6	78.6	-2828.4	1840.2	51.9	
70.95	265.2	20.7	30.5	2.0	-64.3	64.4	57.7	152.9	76.9	-2651.5	1781.5	40.4	
71.00	266.0	21.3	28.7	2.0	-63.2	64.5	56.6	152.6	71.7	-2559.0	1783.2	35.4	
71.05	266.7	21.5	29.9	2.0	-64.0	64.6	55.7	160.9	63.1	-2579.2	1830.8	38.5	
71.10	267.5	21.5	31.2	2.0	-64.0	64.7	56.8	162.1	61.2	-2588.6	1809.6	43.2	
71.15	268.2	20.9	31.0	2.0	-62.8	64.8	57.4	156.0	62.2	-2535.3	1759.8	43.7	
71.20	268.9	20.7	32.9	2.0	-64.2	64.9	57.4	161.5	57.4	-2606.4	1815.9	48.9	
71.25	269.7	20.7	36.8	2.0	-68.2	65.0	60.0	175.1	47.7	-2831.2	1965.5	58.2	
71.30	270.4	20.8	38.8	2.0	-69.6	65.1	62.5	179.7	44.5	-2948.3	1963.2	63.4	
71.35	271.2	19.8	37.0	2.0	-67.7	65.2	63.3	171.1	46.2	-2884.8	1837.3	59.3	
71.40	271.9	18.8	35.1	2.0	-66.5	65.3	61.3	163.0	42.8	-2860.5	1758.3	53.9	
71.45	272.7	19.4	32.3	2.0	-65.5	65.4	54.2	162.4	34.6	-2828.8	1688.3	45.5	
71.50	273.4	19.9	29.8	2.0	-63.2	65.5	47.6	159.3	31.6	-2731.2	1543.1	39.1	
71.55	274.2	20.2	29.8	2.0	-60.8	65.6	48.5	148.8	34.4	-2618.7	1422.6	41.4	
71.60	274.9	20.0	31.4	2.0	-60.7	65.7	50.4	148.0	33.5	-2638.3	1384.1	47.2	
71.65	275.6	20.1	32.4	2.0	-62.1	65.8	49.3	155.8	26.5	-2715.9	1430.4	49.0	
71.70	276.4	20.0	32.9	2.0	-62.8	65.9	49.3	159.8	20.2	-2715.1	1523.3	50.0	
71.75	277.1	19.2	33.8	2.0	-62.2	66.0	55.6	154.6	20.2	-2601.0	1641.0	54.0	
71.80	277.8	19.7	34.6	2.0	-61.5	66.1	61.8	150.5	20.5	-2485.1	1728.3	57.4	
71.85	278.5	20.6	34.2	2.0	-61.6	66.2	65.0	151.4	17.4	-2441.5	1798.3	55.8	
71.90	279.2	21.7	33.7	2.0	-61.2	66.3	64.0	149.5	14.1	-2401.9	1816.5	54.4	
71.95	279.9	20.9	32.5	2.0	-59.8	66.4	61.9	139.5	11.0	-2286.8	1842.1	51.8	
72.00	280.6	20.4	30.7	2.0	-58.0	66.5	61.4	133.7	7.1	-2102.2	1882.4	47.4	
72.05	281.3	20.3	29.5	2.0	-57.4	66.6	61.5	136.4	1.0	-1981.5	1935.2	43.7	
72.10	282.0	20.7	30.2	2.0	-58.7	66.7	63.3	138.9	-7.7	-1950.5	2081.6	45.0	
72.15	282.7	20.8	30.2	2.0	-58.6	66.8	64.6	133.3	-13.1	-1796.5	2222.6	45.2	
72.20	283.4	20.6	28.2	2.0	-57.8	66.9	65.1	126.2	-16.9	-1571.7	2331.7	39.0	
72.25	284.1	20.0	28.0	2.0	-59.5	67.0	69.2	127.1	-22.8	-1515.9	2503.3	36.8	
72.30	284.9	19.9	30.5	2.0	-61.6	67.1	74.7	132.0	-28.2	-1589.6	2619.9	43.1	
72.35	285.6	20.3	30.0	2.0	-61.0	67.2	75.2	131.7	-28.6	-1627.3	2537.6	42.1	
72.40	286.3	21.8	26.5	2.0	-58.5	67.3	70.5	123.3	-29.7	-1582.4	2374.9	32.3	
72.45	287.0	22.2	24.0	2.0	-56.9	67.4	63.3	118.4	-37.1	-1571.0	2256.4	25.6	
72.50	287.7	21.9	26.1	2.0	-56.7	67.5	57.1	127.1	-45.4	-1639.8	2161.5	33.0	
72.55	288.4	21.2	28.3	2.0	-55.8	67.6	55.0	132.0	-46.6	-1686.3	2023.0	41.4	
72.60	289.1	21.5	28.4	2.0	-54.4	67.7	55.1	129.3	-45.1	-1719.1	1862.9	43.2	
72.65	289.9	22.3	26.1	2.0	-52.8	67.8	50.2	128.6	-49.0	-1715.5	1710.1	36.7	
72.70	290.6	23.2	25.9	2.0	-51.2	67.9	41.1	126.8	-53.8	-1738.5	1517.7	37.6	
72.75	291.3	23.6	27.9	2.0	-49.9	68.0	39.6	123.7	-55.9	-1741.9	1371.2	45.9	
72.80	291.9	24.1	29.6	2.0	-48.7	68.1	42.1	129.6	-55.6	-1745.6	1181.9	52.9	
72.85	292.6	25.0	31.1	2.0	-48.4	68.2	42.2	138.2	-58.3	-1804.2	998.2	58.5	
72.90	293.3	24.7	33.7	2.0	-50.1	68.3	42.1	138.5	-65.1	-1972.3	940.3	65.5	
72.95	294.0	24.5	34.0	2.0	-51.4	68.4	41.2	136.1	-69.5	-2100.0	903.2	65.2	
73.00	294.7	24.7	32.8	2.0	-51.8	68.5	39.5	137.4	-72.1	-2134.9	876.6	60.8	
73.05	295.4	25.1	32.9	2.0	-52.7	68.6	45.4	136.2	-76.0	-2151.6	1008.6	60.2	
73.10	296.0	25.4	33.0	2.0	-53.3	68.7	51.4	131.5	-78.7	-2144.7	1132.5	60.0	
73.15	296.7	25.5	30.6	2.0	-52.8	68.8	49.4	128.1	-81.1	-2096.5	1162.6	52.2	
73.20	297.4	25.5	28.7	2.0	-53.5	68.9	47.5	123.4	-86.9	-2099.3	1278.5	45.0	
73.25	298.0	25.3	25.6	2.0	-55.8	69.0	50.9	121.2	-95.3	-2148.2	1523.1	32.2	
73.30	298.7	24.9	23.7	2.0	-57.7	69.1	50.7	125.6	-99.7	-2206.9	1655.6	23.8	
73.35	299.3	24.3	23.8	2.0	-61.0	69.2	51.8	129.7	-102.6	-2393.9	1803.6	20.7	
73.40	300.0	23.5	25.3	2.0	-65.3	69.3	56.6	131.5	-107.9	-2620.4	2018.9	21.6	
73.45	300.7	22.9	24.1	2.0	-66.4	69.4	56.4	130.9	-111.7	-2677.0	2076.9	16.4	
73.50	301.3	23.0	20.9	2.0	-65.5	69.5	53.2	127.8	-112.9	-2647.3	2024.3	6.1	
73.55	302.0	22.7	21.1	2.0	-65.7	69.6	54.8	124.5	-115.6	-2669.3	2024.5	6.8	
73.60	302.7	22.3	21.6	2.0	-65.0	69.7	53.9	124.0	-119.8	-2670.0	1934.2	9.1	
73.65	303.3	21.9	20.4	2.0	-62.4	69.8	46.9	123.0	-123.2	-2603.6	1697.1	7.8	
73.70	304.0	22.5	21.4	2.0	-60.1	69.9	38.7	119.2	-125.8	-2587.7	1412.8	13.3	
73.75	304.6	22.8	25.4	2.0	-59.8	70.0	32.0	121.1	-129.0	-2693.1	1140.6	27.4	
73.80	305.3	22.4	29.2	2.0	-58.9	70.1	23.3	126.0	-130.7	-2733.4	783.5	41.2	
73.85	305.9	21.1	31.2	2.0	-57.1	70.2	18.4	126.7	-130.0	-2680.4	419.9	50.1	
73.90	306.6	20.8	33.4	2.0	-55.4	70.3	16.7	121.4	-130.4	-2596.6	151.7	59.3	
73.95	307.2	21.5	36.4	2.0	-54.9	70.4	13.1	119.1	-132.5	-2562.1	-90.1	70.1	
74.00	307.9	21.8	37.5	2.0	-54.4	70.5	9.1	116.9	-134.8	-2513.0	-325.6	74.4	
74.05	308.5	21.8	37.7	2.0	-54.0	70.6	5.9	114.0	-137.2	-2455.0	-518.1	75.4	
74.10	309.2	21.5	40.0	2.0	-54.5	70.7	2.8	117.3	-141.2	-2460.6	-626.6	82.9	
74.15	309.8	21.8	42.1	2.0	-54.9	70.8	2.1	122.1	-145.7	-2468.9	-648.2	89.5	
74.20	310.4	21.5	41.1	2.0	-54.4	70.9	2.5	120.6	-147.9	-2429.6	-651.8	86.7	
74.25	311.0	21.1	37.6	2.0	-53.1	71.0	2.9	114.6	-149.5	-2362.1	-592.4	75.8	
74.30	311.7	20.9	34.4	2.0	-51.4	71.1	6.3	109.1	-153.1	-2287.7	-369.0	66.5	
74.35	312.3	21.3	32.4	2.0	-50.7	71.2	14.6	107.5	-156.9	-2266.7	-5.4	60.5	
74.40	312.9	21.8	28.7	2.0	-51.0	71.3	23.6	106.8	-160.3	-2247.4	408.3	47.6	
74.45	313.5	21.8	25.3	2.0	-52.7	71.4	30.0	108.7	-165.8	-2254.2	822.0	34.0	
74.50	314.2	22.2	23.1	2.0	-55.3	71.5	34.3	109.0	-172.0	-2300.6	1180.7	23.9	
74.55	314.8	22.3	19.9	2.0	-57.4	71.6	37.8	106.7	-175.7	-2340.7	1432.4	10.9	
74.60	315.4	21.7	16.4	2.0	-58.7	71.7	38.4	109.3	-176.7	-2372.9	1547.6	-2.4	
74.65	316.0	22.7	13.6	2.0	-59.8	71.8	39.4	111.2	-179.1	-2370.1	1681.0	-13.1	
74.70	316.6	23.3	13.7	2.0	-61.5	71.9	42.8	109.0	-182.1	-2397.7	1868.4	-14.5	
74.75	317.2	23.0	12.8	2.0	-62.4	72.0	45.3	104.8	-183.7	-2399.6	1984.0	-18.5	
74.80	317.9	22.5	11.7	2.0	-62.7	72.1	46.7	103.2	-184.3	-2402.1	2013.7	-22.7	
74.85	318.5	22.1	14.4	2.0	-63.9	72.2	50.0	107.1	-187.5	-2464.8	2052.5	-14.5	
74.90	319.0	21.8	18.8	2.0	-64.2	72.3	51.3	114.0	-190.7	-2524.5	1989.6	0.4	
74.95	319.6	21.6	19.8	2.0	-61.5	72.4	45.4	118.8	-191.7	-2481.8	1688.0	6.4	
75.00	320.2	22.2	18.0	2.0	-57.9	72.5	36.1	119.9	-191.1	-2429.0	1257.0	4.0	
75.05	320.8	23.3	18.1	2.0	-56.3	72.6	27.3	122.7	-192.4	-2468.3	845.1	5.8	
75.10	321.3	23.6	20.8	2.0	-55.5	72.7	20.3	126.9	-194.6	-2490.1	478.2	15.9	
75.15	321.9	23.8	22.2	2.0	-54.9	72.8	15.7	130.3	-195.2	-2480.6	163.5	21.4	
75.20	322.5	24.1	24.2	2.0	-55.0	72.9	13.3	130.3	-197.2	-2488.9	-34.2	28.0	
75.25	323.0	24.4	27.7	2.0	-55.5	73.0	9.8	132.2	-202.3	-2512.8	-159.8	39.8	
75.30	323.6	24.4	27.5	2.0	-54.1	73.1	5.9	128.5	-206.1	-2401.8	-313.0	40.2	
75.35	324.1	24.3	26.4	2.0	-51.6	73.2	4.8	117.6	-206.6	-2220.7	-455.7	39.0	
75.40	324.7	23.8	27.4	2.0	-50.8	73.3	2.5	113.6	-207.0	-2134.7	-598.1	43.3	
75.45	325.2	23.8	27.4	2.0	-51.6	73.4	-3.6	116.2	-210.2	-2142.2	-737.8	42.5	
75.50	325.8	23.9	28.8	2.0	-54.4	73.5	-8.5	120.8	-215.5	-2332.4	-795.9	44.5	
75.55	326.3	23.8	26.6	2.0	-56.2	73.6	-4.9	121.9	-219.7	-2505.1	-671.1	35.1	
75.60	326.8	24.3	25.4	2.0	-56.9	73.7	-2.8	122.8	-220.3	-2586.6	-528.6	30.2	
75.65	327.4	25.0	22.3	2.0	-55.6	73.8	2.2	117.9	-223.1	-2545.9	-256.4	21.0	
75.70	327.9	25.4	20.7	2.0	-54.8	73.9	8.4	109.5	-228.7	-2513.5	43.5	16.4	
75.75	328.5	25.2	16.9	2.0	-54.6	74.0	14.3	105.2	-231.4	-2498.7	238.5	3.3	
75.80	329.0	24.6	14.6	2.0	-54.6	74.1	16.8	102.5	-227.0	-2506.1	274.8	-4.6	
75.85	329.5	23.6	14.5	2.0	-55.9	74.2	16.9	102.2	-223.2	-2602.4	290.6	-6.0	
75.90	330.0	22.3	14.6	2.0	-58.5	74.3	16.9	109.2	-228.9	-2760.8	417.0	-8.4	
75.95	330.5	21.6	14.9	2.0	-60.5	74.4	18.2	118.6	-234.2	-2850.5	595.4	-9.4	
76.00	331.0	22.1	13.9	2.0	-59.6	74.5	24.7	114.9	-230.0	-2741.1	791.7	-11.9	
76.05	331.5	22.4	12.5	2.0	-58.1	74.6	36.8	103.7	-226.9	-2544.5	1076.3	-15.1	
76.10	332.0	22.7	11.7	2.0	-57.4	74.7	42.9	101.1	-231.9	-2380.0	1289.8	-17.3	
76.15	332.5	23.1	11.5	2.0	-57.0	74.8	40.4	104.6	-234.3	-2339.7	1281.3	-17.7	
76.20	333.0	23.0	13.3	2.0	-57.7	74.9	41.3	106.5	-229.4	-2433.4	1217.1	-12.1	
76.25	333.4	22.8	16.8	2.0	-59.4	75.0	43.2	113.1	-226.0	-2573.5	1179.0	-1.8	
76.30	333.9	22.6	16.2	2.0	-60.1	75.1	41.6	122.4	-229.8	-2605.5	1178.2	-4.7	
76.35	334.4	22.2	15.2	2.0	-58.8	75.2	39.5	119.7	-233.9	-2482.1	1228.0	-6.7	
76.40	334.8	22.8	13.7	2.0	-56.8	75.3	41.1	107.4	-234.6	-2286.0	1328.9	-9.8	
76.45	335.3	23.9	12.4	2.0	-55.5	75.4	43.0	104.7	-237.1	-2133.3	1397.1	-12.9	
76.50	335.7	23.6	12.6	2.0	-54.7	75.5	40.6	109.4	-240.8	-2090.1	1323.8	-11.5	
76.55	336.2	23.8	12.4	2.0	-53.4	75.6	34.9	106.8	-241.1	-2116.8	1119.7	-11.0	
76.60	336.6	24.2	13.8	2.0	-52.8	75.7	24.4	103.6	-240.0	-2212.4	825.7	-5.3	
76.65	337.1	23.8	15.2	2.0	-52.8	75.8	17.9	106.3	-243.4	-2259.1	663.5	-0.7	
76.70	337.5	24.0	15.7	2.0	-51.3	75.9	19.2	106.1	-246.9	-2145.9	655.9	2.4	
76.75	338.0	24.3	14.4	2.0	-47.4	76.0	22.1	93.2	-246.0	-1867.4	653.6	1.9	
76.80	338.4	24.2	11.6	2.0	-43.2	76.1	19.5	82.6	-247.9	-1595.8	561.0	-3.4	
76.85	338.9	23.6	12.1	2.0	-40.8	76.2	14.1	80.2	-253.1	-1467.6	402.9	0.7	
76.90	339.3	23.1	13.6	2.0	-39.2	76.3	13.0	77.6	-253.8	-1390.1	225.5	7.3	
76.95	339.8	22.9	15.0	2.0	-38.5	76.4	8.6	77.2	-248.3	-1359.4	-79.4	13.0	
77.00	340.2	23.4	15.8	2.0	-38.9	76.5	1.0	79.2	-248.0	-1343.0	-354.6	15.4	
77.05	340.7	23.8	16.5	2.0	-39.4	76.6	-1.1	81.6	-255.1	-1346.0	-421.9	17.3	
77.10	341.1	24.0	16.9	2.0	-38.6	76.7	2.9	78.6	-256.0	-1301.6	-389.0	19.5	
77.15	341.5	24.6	14.9	2.0	-36.0	76.8	7.3	71.6	-250.4	-1128.2	-362.4	15.1	
77.20	342.0	24.9	13.8	2.0	-34.0	76.9	7.9	68.7	-251.0	-990.9	-325.8	13.4	
77.25	342.4	25.1	15.3	2.0	-34.4	77.0	10.1	69.4	-257.8	-1039.8	-237.5	18.0	
77.30	342.8	25.0	15.6	2.0	-36.4	77.1	12.0	71.5	-256.6	-1183.1	-241.0	17.2	
77.35	343.2	24.5	14.3	2.0	-38.2	77.2	10.7	75.8	-247.5	-1305.5	-319.7	11.0	
77.40	343.7	23.8	13.4	2.0	-39.5	77.3	13.1	79.7	-248.0	-1417.7	-156.3	6.4	
77.45	344.1	23.8	13.6	2.0	-41.5	77.4	17.8	83.7	-258.0	-1543.5	213.9	5.0	
77.50	344.5	23.6	11.2	2.0	-43.3	77.5	21.6	87.5	-262.7	-1584.6	554.6	-4.8	
77.55	344.9	23.6	6.4	2.0	-44.1	77.6	27.0	86.0	-259.3	-1526.3	827.0	-22.0	
77.60	345.3	24.1	6.2	2.0	-46.7	77.7	33.2	81.8	-258.2	-1612.2	1086.8	-25.6	
77.65	345.7	24.6	6.5	2.0	-50.2	77.8	35.9	79.7	-263.0	-1785.1	1295.1	-28.0	
77.70	346.1	24.8	3.4	2.0	-51.3	77.9	31.0	82.0	-263.9	-1866.5	1316.8	-39.7	
77.75	346.5	24.5	1.9	2.0	-53.1	78.0	32.4	84.4	-260.0	-1981.4	1393.7	-46.5	
77.80	346.9	24.8	4.9	2.0	-57.5	78.1	43.7	82.6	-259.7	-2179.1	1666.5	-40.7	
77.85	347.3	24.7	5.1	2.0	-59.8	78.2	47.8	80.5	-264.2	-2241.4	1856.2	-42.1	
77.90	347.7	23.3	-0.2	2.0	-57.7	78.3	42.8	73.9	-267.9	-2074.1	1845.1	-58.3	
77.95	348.1	23.6	-2.6	2.0	-55.1	78.4	39.4	65.9	-269.7	-1938.6	1739.2	-64.1	
78.00	348.4	23.3	0.0	2.0	-53.4	78.5	38.0	65.4	-271.1	-1951.4	1529.6	-53.3	
78.05	348.8	21.8	1.5	2.0	-50.7	78.6	29.3	68.1	-268.7	-2002.9	1084.5	-45.4	
78.10	349.2	21.9	2.3	2.0	-47.7	78.7	19.0	63.3	-264.8	-1993.5	584.5	-39.7	
78.15	349.6	22.3	4.4	2.0	-45.7	78.8	13.5	53.5	-265.0	-1938.8	249.6	-30.7	
78.20	350.0	22.9	8.0	2.0	-45.2	78.9	13.2	53.2	-269.1	-1914.8	93.6	-17.6	
78.25	350.4	21.8	13.0	2.0	-44.2	79.0	14.9	52.8	-269.1	-1842.0	-32.1	0.3	
78.30	350.8	21.0	15.9	2.0	-43.6	79.1	16.8	45.3	-267.0	-1805.8	-176.4	10.9	
78.35	351.2	20.5	17.5	2.0	-44.7	79.2	8.2	44.2	-270.1	-1843.1	-486.2	15.5	
78.40	351.5	20.9	19.3	2.0	-48.0	79.3	-8.8	53.0	-274.5	-1901.3	-957.0	18.4	
78.45	351.9	21.2	21.9	2.0	-51.0	79.4	-17.3	57.4	-272.0	-1926.5	-1328.9	24.3	
78.50	352.2	21.4	24.3	2.0	-52.0	79.5	-18.6	56.0	-266.2	-1884.6	-1522.3	31.5	
78.55	352.6	21.0	22.2	2.0	-50.3	79.6	-20.3	56.7	-268.4	-1713.2	-1520.2	25.9	
78.60	352.9	21.5	18.4	2.0	-46.9	79.7	-20.2	55.2	-274.8	-1532.6	-1335.4	16.2	
78.65	353.3	21.9	15.2	2.0	-42.1	79.8	-9.6	43.6	-276.5	-1409.4	-967.4	10.1	
78.70	353.6	21.3	12.7	2.0	-39.2	79.9	-1.8	36.6	-273.6	-1350.0	-688.5	4.5	
78.75	354.0	22.1	10.4	2.0	-39.0	80.0	-3.1	43.1	-274.0	-1362.5	-579.3	-3.2	
78.80	354.3	22.9	10.0	2.0	-39.0	80.1	-3.4	49.0	-278.0	-1381.9	-462.3	-4.8	
78.85	354.6	22.7	7.6	2.0	-36.8	80.2	-1.6	43.1	-276.7	-1254.7	-373.0	-10.7	
78.90	355.0	22.8	1.7	2.0	-32.7	80.3	-2.8	35.3	-271.3	-972.1	-340.7	-27.0	
78.95	355.3	22.7	-3.2	2.0	-28.5	80.4	-1.0	30.5	-272.9	-703.8	-145.0	-39.5	
79.00	355.6	22.1	-3.0	2.0	-27.3	80.5	8.0	26.2	-279.5	-586.7	250.5	-37.6	
79.05	355.9	22.1	-3.0	2.0	-29.1	80.6	17.1	22.0	-280.5	-512.6	574.0	-39.5	
79.10	356.3	22.0	-4.7	2.0	-30.3	80.7	20.7	24.2	-276.9	-479.3	703.7	-46.4	
79.15	356.6	21.8	-4.0	2.0	-31.5	80.8	23.2	25.1	-275.9	-558.7	752.6	-45.2	
79.20	356.9	22.0	-2.3	2.0	-32.3	80.9	27.1	17.9	-276.1	-627.0	777.6	-40.2	
79.25	357.3	22.4	-2.3	2.0	-30.8	81.0	27.6	11.7	-272.9	-545.0	711.1	-38.5	
79.30	357.6	22.8	-5.2	2.0	-29.1	81.1	26.6	11.2	-269.7	-416.8	651.8	-46.8	
79.35	357.9	22.3	-5.6	2.0	-29.8	81.2	29.2	11.6	-272.2	-370.1	731.3	-49.1	
79.40	358.2	21.7	-3.4	2.0	-31.6	81.3	33.0	10.9	-276.8	-370.8	866.4	-43.2	
79.45	358.5	21.1	-2.2	2.0	-30.7	81.4	28.1	9.9	-276.5	-364.0	808.3	-38.2	
79.50	358.9	20.7	-2.9	2.0	-30.2	81.5	24.8	13.7	-276.8	-424.5	744.0	-40.2	
79.55	359.2	20.4	-2.8	2.0	-30.4	81.6	24.1	18.7	-279.1	-515.6	694.5	-40.0	
79.60	359.5	20.4	-3.1	2.0	-29.8	81.7	22.4	21.0	-278.6	-581.6	576.8	-40.4	
79.65	359.8	20.8	-5.1	2.0	-27.2	81.8	15.9	15.7	-274.7	-544.3	345.7	-44.8	
79.70	0.1	20.9	-6.7	2.0	-25.1	81.9	10.3	6.2	-275.1	-478.2	187.7	-48.2	
79.75	0.4	21.4	-5.2	2.0	-25.3	82.0	12.0	3.8	-280.8	-473.1	221.9	-43.1	
79.80	0.7	22.8	-2.5	2.0	-25.7	82.1	10.8	8.6	-282.1	-526.6	170.1	-34.3	
79.85	0.9	23.5	-0.7	2.0	-27.2	82.2	4.8	13.5	-280.6	-664.8	-17.3	-29.4	
79.90	1.2	24.0	2.1	2.0	-31.3	82.3	-2.4	19.1	-283.0	-927.6	-238.0	-23.9	
79.95	1.5	24.4	5.6	2.0	-35.1	82.4	-10.1	24.4	-285.6	-1119.9	-498.5	-15.9	
80.00	1.8	24.2	6.5	2.0	-37.3	82.5	-16.8	27.9	-283.2	-1126.5	-786.0	-15.1	
80.05	2.1	24.2	5.3	2.0	-36.9	82.6	-17.8	22.7	-280.1	-955.5	-961.9	-18.6	
80.10	2.3	24.5	5.6	2.0	-35.7	82.7	-16.2	12.2	-280.0	-783.5	-1031.2	-16.5	
80.15	2.6	23.5	5.7	2.0	-34.8	82.8	-15.2	1.6	-281.5	-638.1	-1057.8	-15.1	
80.20	2.9	22.7	6.0	2.0	-34.3	82.9	-14.2	-0.1	-281.8	-567.6	-1062.6	-13.7	
80.25	3.2	22.1	8.2	2.0	-34.1	83.0	-11.1	3.5	-280.5	-601.9	-1030.7	-5.8	
80.30	3.4	21.1	10.5	2.0	-33.7	83.1	-7.0	6.4	-279.1	-648.3	-976.1	2.5	
80.35	3.7	20.5	8.5	2.0	-33.3	83.2	-8.3	6.3	-278.4	-582.7	-979.6	-4.2	
80.40	4.0	20.3	5.4	2.0	-31.5	83.3	-7.5	-0.2	-277.7	-437.4	-916.9	-13.1	
80.45	4.3	20.2	1.3	2.0	-28.4	83.4	-2.5	-10.0	-275.9	-237.5	-734.7	-23.9	
80.50	4.5	20.0	-2.3	2.0	-24.1	83.5	5.2	-15.5	-275.5	-33.1	-428.8	-31.9	
80.55	4.8	19.9	-4.9	2.0	-19.6	83.6	12.1	-14.4	-277.3	-16.1	-74.5	-36.3	
80.60	5.1	20.2	-5.9	2.0	-23.1	83.7	19.3	-12.1	-279.0	-167.3	288.0	-43.4	
80.65	5.4	19.9	-7.4	2.0	-27.4	83.8	23.0	-6.6	-277.5	-353.2	553.7	-52.8	
80.70	5.7	19.4	-6.6	2.0	-30.6	83.9	25.0	-1.1	-275.5	-450.9	775.7	-53.4	
80.75	5.9	18.9	-6.6	2.0	-35.4	84.0	34.2	0.4	-277.7	-471.8	1137.7	-57.9	
80.80	6.2	18.5	-9.1	2.0	-38.7	84.1	39.9	-2.0	-277.9	-404.7	1406.8	-70.1	
80.85	6.5	18.3	-13.3	2.0	-39.4	84.2	38.5	-9.4	-275.4	-227.2	1500.0	-85.1	
80.90	6.7	18.5	-14.9	2.0	-40.4	84.3	36.6	-15.2	-277.4	-130.2	1589.4	-91.6	
80.95	7.0	19.3	-13.0	2.0	-42.9	84.4	40.9	-14.4	-282.4	-180.2	1761.4	-87.4	
81.00	7.2	20.2	-12.5	2.0	-43.0	84.5	41.3	-8.4	-282.2	-235.9	1762.7	-85.9	
81.05	7.5	21.0	-12.7	2.0	-40.0	84.6	35.6	-4.4	-278.9	-250.1	1550.6	-83.6	
81.10	7.7	20.2	-11.7	2.0	-36.9	84.7	31.2	-7.5	-280.0	-264.3	1322.2	-77.2	
81.15	8.0	19.7	-10.5	2.0	-33.3	84.8	26.0	-11.5	-282.5	-325.6	1033.7	-69.2	
81.20	8.2	20.2	-10.1	2.0	-28.8	84.9	21.5	-14.2	-279.2	-341.3	670.3	-63.3	
81.25	8.4	20.1	-7.4	2.0	-25.4	85.0	18.1	-13.6	-273.6	-402.2	309.6	-50.7	
81.30	8.7	20.3	-2.6	2.0	-25.7	85.1	16.3	-10.0	-275.5	-539.2	67.9	-34.7	
81.35	8.9	21.0	1.4	2.0	-27.4	85.2	11.6	-5.2	-281.3	-664.0	-167.7	-22.6	
81.40	9.2	21.8	3.6	2.0	-30.0	85.3	2.0	-4.6	-279.8	-711.9	-562.5	-17.7	
81.45	9.4	22.1	7.8	2.0	-33.7	85.4	-3.3	-6.5	-275.5	-747.5	-917.8	-7.0	
81.50	9.7	22.0	10.3	2.0	-36.5	85.5	-4.5	-6.2	-276.6	-807.3	-1130.5	-1.0	
81.55	9.9	21.3	10.3	2.0	-39.7	85.6	-12.1	-0.6	-278.5	-854.5	-1377.8	-4.4	
81.60	10.2	20.8	9.9	2.0	-41.5	85.7	-16.6	-3.4	-275.4	-797.2	-1550.1	-7.3	
81.65	10.4	20.4	10.7	2.0	-40.3	85.8	-12.4	-11.3	-272.6	-736.2	-1484.3	-3.7	
81.70	10.7	20.0	9.8	2.0	-36.8	85.9	-4.0	-14.2	-275.0	-719.8	-1197.0	-3.0	
81.75	10.9	20.2	7.4	2.0	-33.8	86.0	-0.5	-10.1	-278.5	-752.1	-910.4	-8.4	
81.80	11.2	20.9	5.4	2.0	-32.6	86.1	0.3	-6.2	-278.5	-848.2	-694.4	-14.0	
81.85	11.4	21.5	3.8	2.0	-32.5	86.2	4.7	-3.7	-278.7	-999.3	-447.7	-19.5	
81.90	11.6	21.1	1.5	2.0	-33.2	86.3	7.5	1.5	-279.5	-1117.5	-234.3	-28.2	
81.95	11.9	20.5	-4.8	2.0	-31.7	86.4	6.0	1.5	-277.8	-1029.2	-110.9	-48.3	
82.00	12.1	19.9	-10.1	2.0	-29.4	86.5	7.4	-4.9	-276.4	-845.2	81.7	-64.0	
82.05	12.3	19.8	-12.1	2.0	-30.6	86.6	14.7	-9.4	-278.4	-814.2	418.0	-72.2	
82.10	12.5	19.8	-10.1	2.0	-35.5	86.7	24.3	-4.5	-280.4	-980.0	791.8	-70.1	
82.15	12.7	19.6	-8.2	2.0	-40.0	86.8	31.0	3.8	-277.5	-1192.1	1049.8	-68.3	
82.20	12.9	20.2	-7.7	2.0	-42.6	86.9	33.4	6.7	-274.4	-1322.3	1189.1	-69.1	
82.25	13.1	20.7	-7.1	2.0	-43.9	87.0	32.3	10.2	-278.4	-1378.2	1266.9	-68.1	
82.30	13.3	20.6	-7.5	2.0	-43.6	87.1	31.9	15.1	-281.1	-1356.2	1252.9	-69.2	
82.35	13.5	21.0	-8.5	2.0	-40.6	87.2	33.5	9.3	-273.7	-1201.2	1096.6	-69.7	
82.40	13.7	21.1	-11.4	2.0	-37.1	87.3	32.0	-0.7	-266.4	-1053.1	878.2	-76.4	
82.45	13.9	20.9	-12.7	2.0	-34.5	87.4	24.8	-5.5	-271.8	-945.2	732.4	-78.0	
82.50	14.1	20.3	-11.7	2.0	-34.0	87.5	21.1	-2.9	-279.9	-931.9	696.2	-74.0	
82.55	14.3	20.8	-8.2	2.0	-34.4	87.6	25.0	-0.3	-275.5	-988.7	654.7	-62.7	
82.60	14.5	22.0	-5.0	2.0	-34.3	87.7	29.0	0.8	-266.9	-1034.2	550.8	-51.4	
82.65	14.7	22.3	-5.1	2.0	-33.4	87.8	25.5	3.3	-270.5	-1023.6	418.1	-50.8	
82.70	14.9	22.6	-6.1	2.0	-31.5	87.9	17.8	0.5	-277.2	-952.6	231.6	-52.3	
82.75	15.1	22.9	-7.4	2.0	-29.7	88.0	12.4	-6.3	-273.9	-861.6	-33.2	-55.0	
82.80	15.3	22.8	-6.8	2.0	-30.6	88.1	8.9	-4.4	-267.7	-903.9	-283.4	-54.1	
82.85	15.5	22.4	-4.6	2.0	-32.8	88.2	6.2	1.7	-270.3	-1049.5	-397.4	-48.8	
82.90	15.6	21.7	-3.5	2.0	-33.9	88.3	-0.5	0.1	-276.9	-1110.4	-497.5	-45.9	
82.95	15.8	20.6	-4.3	2.0	-34.9	88.4	-7.8	-6.0	-277.5	-1093.6	-632.4	-49.7	
83.00	16.0	21.0	-3.7	2.0	-35.6	88.5	-8.6	-3.3	-275.5	-1135.7	-671.4	-48.1	
83.05	16.2	21.9	-2.0	2.0	-34.9	88.6	-2.7	0.8	-276.1	-1146.3	-581.9	-41.7	
83.10	16.4	23.2	-1.5	2.0	-33.2	88.7	-0.8	-3.4	-275.7	-1002.6	-580.3	-38.3	
83.15	16.5	23.2	-4.0	2.0	-31.8	88.8	-6.1	-13.4	-274.7	-740.3	-698.7	-45.5	
83.20	16.7	22.8	-5.4	2.0	-31.3	88.9	-9.7	-17.0	-276.2	-611.1	-746.0	-50.0	
83.25	16.8	22.1	-4.0	2.0	-30.5	89.0	-6.0	-14.5	-278.1	-637.6	-652.6	-44.3	
83.30	17.0	22.1	-4.1	2.0	-30.2	89.1	-4.6	-13.9	-275.3	-641.2	-624.2	-44.2	
83.35	17.1	21.8	-6.3	2.0	-29.6	89.2	-7.9	-19.2	-273.4	-512.6	-659.7	-51.2	
83.40	17.3	20.9	-8.3	2.0	-28.1	89.3	-9.2	-28.8	-276.5	-331.3	-605.6	-56.4	
83.45	17.4	20.9	-9.3	2.0	-25.5	89.4	-2.7	-35.2	-277.7	-204.2	-427.7	-57.2	
83.50	17.5	20.7	-9.9	2.0	-22.6	89.5	7.2	-33.7	-272.2	-130.1	-233.3	-56.6	
83.55	17.6	20.3	-11.1	2.0	-20.7	89.6	11.2	-29.1	-267.1	-88.4	-104.2	-58.7	
83.60	17.7	20.1	-10.5	2.0	-21.3	89.7	11.9	-22.9	-270.2	-186.5	53.6	-57.5	
83.65	17.8	20.5	-28.0	1.6	-23.6	89.8	13.8	-21.8	-273.0	-297.1	216.3	-62.5	
83.70	17.9	21.1	-25.0	1.2	-24.3	89.9	15.8	-22.9	-269.2	-269.4	314.2	-64.4	
83.75	18.0	21.1	-24.4	0.9	-25.1	90.0	19.4	-26.9	-266.0	-98.2	448.4	-73.7	
83.80	18.2	20.1	-24.4	0.7	-27.3	90.0	21.2	-33.7	-269.1	82.9	603.7	-81.2	
83.85	18.3	19.0	-23.0	0.5	-28.7	90.0	18.5	-39.7	-272.4	228.1	661.7	-85.4	
83.90	18.4	18.7	-21.4	0.4	-29.2	90.0	18.0	-40.0	-270.3	271.5	686.2	-86.3	
83.95	18.5	19.5	-19.0	0.3	-30.3	90.1	23.4	-34.5	-267.2	181.7	808.2	-83.2	
84.00	18.6	20.3	-15.8	0.2	-31.7	90.1	26.8	-28.2	-268.3	83.8	936.8	-76.8	
84.05	18.7	20.5	-15.2	0.2	-31.4	90.1	22.5	-26.7	-271.8	37.3	927.1	-76.7	
84.10	18.8	20.1	-15.5	0.1	-29.9	90.1	16.7	-29.6	-274.4	49.3	813.6	-78.1	
84.15	18.9	19.9	-15.0	0.1	-27.9	90.1	15.0	-32.5	-273.3	53.3	661.5	-75.7	
84.20	19.0	20.0	-13.9	0.1	-25.5	90.1	14.3	-34.2	-270.5	18.9	474.7	-70.4	
84.25	19.1	20.1	-14.4	0.0	-21.9	90.1	7.1	-35.2	-269.7	-22.8	207.0	-69.4	
84.30	19.2	20.4	-14.5	0.0	-19.7	90.1	-1.1	-35.9	-272.4	-17.7	-33.9	-68.0	
84.35	19.2	20.8	-11.3	0.0	-21.5	90.1	-3.0	-36.2	-274.2	-9.0	-174.5	-59.1	
84.40	19.3	21.2	-6.2	0.0	-23.0	90.1	-1.5	-34.8	-272.3	-5.0	-290.7	-43.3	
84.45	19.4	20.8	-2.6	0.0	-24.8	90.1	-2.1	-33.4	-270.6	-7.0	-433.5	-33.2	
84.50	19.5	19.9	-1.8	0.0	-27.2	90.1	-5.8	-38.5	-272.0	87.1	-592.0	-32.8	
84.55	19.5	19.8	-1.9	0.0	-30.8	90.1	-11.2	-48.1	-272.8	290.8	-785.5	-36.8	
84.60	19.6	20.6	-1.6	0.0	-34.5	90.1	-16.3	-54.9	-271.0	466.2	-997.3	-39.8	
84.65	19.7	21.9	-0.8	0.0	-35.9	90.1	-15.7	-55.0	-269.3	508.8	-1096.7	-38.3	
84.70	19.7	22.7	0.5	0.0	-35.8	90.1	-12.9	-55.1	-266.4	474.0	-1105.4	-34.0	
84.75	19.8	22.8	-0.5	0.0	-35.0	90.1	-13.9	-53.7	-265.3	448.0	-1057.6	-36.7	
84.80	19.8	22.6	-2.3	0.0	-32.5	90.1	-13.5	-48.1	-268.8	439.5	-869.8	-40.3	
84.85	19.9	21.9	-2.1	0.0	-28.2	90.1	-6.8	-40.4	-271.3	336.6	-582.3	-35.5	
84.90	20.0	21.0	-2.1	0.0	-25.1	90.1	1.4	-40.1	-267.3	252.3	-356.8	-32.1	
84.95	20.0	20.5	-5.3	0.0	-24.9	90.1	2.9	-44.7	-262.9	338.4	-240.8	-43.2	
85.00	20.1	21.5	-8.8	0.0	-27.3	90.1	0.9	-49.7	-265.7	574.5	-100.9	-57.4	
85.05	20.1	22.1	-10.7	0.0	-31.1	90.1	3.6	-56.7	-270.5	834.6	140.0	-67.7	
85.10	20.2	22.7	-11.0	0.0	-34.6	90.1	9.5	-63.1	-268.5	1028.7	354.4	-72.3	
85.15	20.3	23.3	-11.7	0.0	-36.6	90.1	15.2	-63.7	-264.3	1112.1	538.9	-76.7	
85.20	20.3	24.2	-11.4	0.0	-38.2	90.1	17.9	-60.6	-266.9	1142.2	750.3	-77.3	
85.25	20.4	24.2	-10.4	0.0	-40.8	90.1	20.8	-59.9	-271.5	1217.9	967.2	-76.6	
85.30	20.4	23.1	-9.7	0.0	-43.9	90.1	24.8	-65.3	-270.9	1386.3	1108.1	-77.2	
85.35	20.5	22.3	-10.6	0.0	-45.4	90.1	26.2	-66.4	-268.4	1514.3	1129.0	-82.0	
85.40	20.5	21.7	-10.9	0.0	-45.9	90.1	26.4	-67.7	-269.3	1585.4	1087.2	-83.5	
85.45	20.6	21.4	-10.2	0.0	-45.1	90.1	24.7	-73.1	-269.2	1584.0	943.3	-80.0	
85.50	20.6	21.5	-9.5	0.0	-43.3	90.1	21.5	-73.4	-267.3	1531.2	770.1	-75.9	
85.55	20.7	21.4	-9.8	0.0	-40.9	90.1	19.1	-64.2	-267.5	1409.6	671.8	-74.7	
85.60	20.7	21.4	-8.6	0.0	-38.5	90.1	20.0	-57.3	-267.7	1251.9	615.7	-68.0	
85.65	20.8	22.1	-6.3	0.0	-37.0	90.1	21.1	-58.5	-265.7	1170.1	508.8	-58.5	
85.70	20.8	21.7	-3.6	0.0	-36.9	90.1	19.6	-59.2	-264.5	1210.9	374.7	-49.3	
85.75	20.8	20.8	-4.7	0.0	-38.6	90.1	15.4	-60.8	-266.3	1375.4	232.7	-54.9	
85.80	20.9	21.3	-5.3	0.0	-40.7	90.1	11.3	-65.8	-267.1	1545.5	68.1	-58.8	
85.85	20.9	21.4	-4.8	0.0	-42.7	90.1	8.3	-74.4	-265.7	1669.7	-107.3	-59.1	
85.90	20.9	21.3	-4.5	0.0	-43.9	90.1	3.7	-76.7	-264.7	1735.9	-273.3	-59.2	
85.95	21.0	21.4	-4.8	0.0	-43.9	90.1	0.7	-72.6	-265.9	1734.9	-336.3	-60.2	
86.00	21.0	21.9	-3.0	0.0	-43.7	90.1	4.2	-72.2	-266.3	1732.8	-261.8	-54.0	
86.05	21.1	22.4	-2.2	0.0	-44.9	90.1	8.9	-77.5	-264.3	1827.4	-154.7	-52.4	
86.10	21.1	22.2	-3.4	0.0	-46.4	90.1	9.9	-76.9	-265.3	1944.6	-25.2	-57.9	
86.15	21.1	21.5	-4.0	0.0	-47.5	90.1	11.6	-75.3	-269.1	2027.0	127.5	-61.1	
86.20	21.2	21.1	-3.6	0.0	-48.2	90.1	13.3	-79.2	-267.4	2067.5	154.3	-60.4	
86.25	21.2	21.6	-4.0	0.0	-47.8	90.1	11.9	-79.8	-264.4	2042.0	102.3	-61.6	
86.30	21.2	22.0	-5.1	0.0	-45.9	90.1	9.1	-70.2	-268.3	1918.8	139.3	-63.4	
86.35	21.3	22.3	-6.1	0.0	-45.2	90.1	8.4	-64.6	-270.9	1873.8	195.6	-66.1	
86.40	21.3	22.5	-6.4	0.0	-46.5	90.1	9.6	-70.6	-268.1	1954.0	218.4	-68.3	
86.45	21.4	22.3	-6.3	0.0	-47.8	90.1	12.7	-77.0	-267.4	2026.3	310.4	-69.6	
86.50	21.4	22.2	-5.3	0.0	-48.8	90.1	19.7	-75.1	-270.7	2061.7	519.1	-67.0	
86.55	21.5	22.2	-4.3	0.0	-49.6	90.1	27.2	-74.6	-269.4	2065.8	682.2	-64.5	
86.60	21.5	22.0	-4.6	0.0	-49.7	90.1	31.8	-78.0	-264.5	2041.8	752.2	-65.5	
86.65	21.5	21.7	-5.6	0.0	-48.8	90.1	31.1	-76.1	-265.2	1965.2	767.8	-67.9	
86.70	21.6	21.6	-6.3	0.0	-47.8	90.1	27.8	-72.0	-269.7	1906.5	760.8	-69.3	
86.75	21.6	22.2	-6.2	0.0	-47.7	90.1	28.4	-73.5	-267.3	1900.8	732.3	-69.0	
86.80	21.6	23.1	-6.2	0.0	-48.1	90.1	31.3	-77.7	-261.8	1925.4	720.3	-69.3	
86.85	21.7	24.4	-7.7	0.0	-48.2	90.1	30.0	-76.3	-265.5	1912.5	782.1	-74.6	
86.90	21.7	24.1	-9.3	0.0	-47.8	90.1	26.8	-72.5	-271.9	1859.9	848.9	-79.6	
86.95	21.7	23.9	-9.5	0.0	-46.6	90.1	28.0	-74.6	-267.3	1761.9	836.0	-79.2	
87.00	21.7	23.9	-7.8	0.0	-45.6	90.1	35.0	-74.3	-260.4	1637.4	907.1	-72.3	
87.05	21.7	24.4	-7.0	0.0	-45.6	90.1	40.1	-66.5	-262.9	1550.0	1077.6	-69.7	
87.10	21.8	24.5	-8.0	0.0	-47.1	90.1	39.4	-68.0	-266.2	1632.1	1143.9	-74.7	
87.15	21.8	24.2	-10.2	0.0	-49.0	90.1	36.3	-80.2	-264.5	1813.6	1088.1	-84.2	
87.20	21.8	23.2	-10.9	0.0	-50.0	90.1	33.6	-84.2	-265.0	1910.2	1044.6	-87.2	
87.25	21.8	23.5	-9.1	0.0	-49.6	90.1	33.0	-77.7	-268.5	1902.8	1032.7	-80.8	
87.30	21.8	24.4	-7.8	0.0	-48.4	90.1	30.1	-74.7	-268.0	1874.7	919.2	-75.1	
87.35	21.8	25.1	-7.9	0.0	-47.0	90.1	24.0	-75.4	-266.3	1844.5	738.2	-74.2	
87.40	21.8	24.0	-8.0	0.0	-46.1	90.1	18.5	-73.0	-268.3	1830.7	605.2	-73.5	
87.45	21.8	22.9	-6.6	0.0	-45.9	90.1	18.6	-69.3	-270.5	1832.5	567.4	-68.4	
87.50	21.9	22.8	-4.4	0.0	-46.8	90.1	23.9	-72.8	-267.7	1898.8	548.9	-61.8	
87.55	21.9	23.0	-3.6	0.0	-48.1	90.1	25.4	-80.8	-264.1	2000.9	451.5	-60.3	
87.60	21.9	23.1	-3.6	0.0	-48.5	90.1	21.4	-82.7	-268.3	2051.3	353.3	-60.9	
87.65	21.9	22.8	-3.2	0.0	-47.3	90.1	16.2	-77.8	-273.5	1987.9	232.1	-58.3	
87.70	21.9	22.7	-1.5	0.0	-45.0	90.1	13.4	-71.8	-270.3	1850.1	26.7	-50.3	
87.75	21.9	22.4	-0.6	0.0	-43.4	90.1	10.6	-68.7	-264.4	1727.8	-204.9	-45.5	
87.80	22.0	21.9	-0.0	0.0	-42.7	90.1	5.2	-67.3	-265.7	1656.0	-362.5	-42.9	
87.85	22.0	21.7	-0.9	0.0	-43.5	90.1	2.6	-70.7	-270.4	1700.6	-388.3	-46.7	
87.90	22.0	21.6	-1.8	0.0	-44.7	90.1	3.7	-74.6	-268.8	1792.2	-348.0	-51.1	
87.95	22.0	21.5	-2.3	0.0	-46.3	90.1	9.7	-78.6	-264.9	1922.5	-200.9	-54.1	
88.00	22.0	21.6	-1.3	0.0	-47.8	90.1	17.9	-82.7	-266.1	2028.6	30.4	-52.1	
88.05	22.0	21.5	-1.2	0.0	-49.7	90.1	19.9	-89.4	-268.1	2142.5	166.4	-53.7	
88.10	22.1	21.3	-3.4	0.0	-52.0	90.1	15.3	-97.6	-266.8	2295.5	181.2	-63.5	
88.15	22.1	21.1	-5.0	0.0	-52.2	90.1	15.3	-96.1	-265.8	2307.4	275.7	-69.5	
88.20	22.1	21.2	-4.7	0.0	-50.6	90.1	20.2	-87.3	-266.9	2177.1	458.3	-66.9	
88.25	22.1	21.4	-5.3	0.0	-50.4	90.1	22.2	-86.2	-265.9	2138.4	571.9	-68.5	
88.30	22.1	21.5	-8.2	0.0	-51.7	90.1	20.7	-94.8	-263.0	2202.6	629.6	-79.8	
88.35	22.2	22.0	-9.9	0.0	-52.9	90.1	21.9	-97.9	-266.2	2222.5	818.9	-86.9	
88.40	22.2	22.2	-9.1	0.0	-53.8	90.1	29.1	-92.2	-272.2	2167.8	1137.0	-85.2	
88.45	22.2	22.1	-8.3	0.0	-53.1	90.1	35.2	-86.0	-268.5	2032.1	1286.7	-81.7	
88.50	22.2	22.4	-8.5	0.0	-50.9	90.1	37.6	-85.1	-261.8	1855.4	1263.4	-80.0	
88.55	22.2	22.8	-8.7	0.0	-48.0	90.1	34.3	-80.0	-264.1	1650.0	1203.2	-77.9	
88.60	22.3	23.3	-8.0	0.0	-44.7	90.1	29.4	-68.1	-268.6	1425.8	1132.5	-72.1	
88.65	22.3	22.9	-8.9	0.0	-42.4	90.1	29.8	-61.6	-265.3	1292.2	1056.4	-72.8	
88.70	22.3	22.7	-9.9	0.0	-41.3	90.1	30.1	-63.7	-260.5	1270.6	944.9	-75.4	
88.75	22.4	22.8	-10.4	0.0	-40.9	90.1	24.9	-69.1	-264.1	1315.7	802.9	-76.5	
88.80	22.4	23.1	-9.8	0.0	-40.4	90.1	19.1	-69.5	-271.3	1339.1	676.2	-73.9	
88.85	22.4	23.6	-8.8	0.0	-38.7	90.1	17.8	-64.5	-270.2	1277.5	547.1	-68.9	
88.90	22.4	24.0	-7.6	0.0	-36.2	90.1	17.8	-59.0	-263.7	1168.0	363.4	-62.2	
88.95	22.5	23.4	-6.3	0.0	-34.6	90.1	13.7	-56.7	-263.3	1101.2	143.0	-56.3	
89.00	22.5	23.0	-5.3	0.0	-35.6	90.1	7.8	-61.4	-266.9	1167.2	-61.6	-53.9	
89.05	22.5	22.7	-5.8	0.0	-37.7	90.1	4.1	-71.9	-264.5	1275.3	-255.9	-57.4	
89.10	22.6	22.6	-5.1	0.0	-38.8	90.1	7.4	-75.6	-261.8	1344.4	-281.0	-56.1	
89.15	22.6	22.7	-3.7	0.0	-38.3	90.1	10.3	-68.4	-264.3	1338.8	-212.8	-51.1	
89.20	22.6	22.5	-4.0	0.0	-38.7	90.1	6.1	-67.6	-266.7	1364.2	-259.5	-52.6	
89.25	22.6	21.6	-5.1	0.0	-39.2	90.1	-2.0	-75.3	-265.6	1337.8	-438.6	-56.7	
89.30	22.7	21.7	-5.2	0.0	-38.4	90.1	-7.0	-76.0	-265.8	1221.4	-563.9	-56.2	
89.35	22.7	21.8	-4.5	0.0	-36.8	90.1	-7.1	-64.7	-265.5	1107.4	-583.0	-52.1	
89.40	22.7	21.5	-4.4	0.0	-36.3	90.1	-4.1	-58.4	-261.1	1117.3	-538.8	-51.3	
89.45	22.7	21.1	-5.4	0.0	-37.5	90.1	-1.2	-63.8	-259.3	1243.7	-424.6	-55.9	
89.50	22.7	20.4	-7.0	0.0	-39.7	90.1	-0.3	-72.5	-264.7	1426.1	-267.4	-63.6	
89.55	22.8	19.6	-8.2	0.0	-41.1	90.1	3.4	-77.4	-267.1	1543.2	-95.5	-69.2	
89.60	22.8	20.2	-7.0	0.0	-41.7	90.1	13.3	-77.6	-261.8	1582.8	98.0	-65.8	
89.65	22.8	20.6	-5.9	0.0	-42.2	90.1	19.5	-75.1	-258.3	1616.7	248.3	-62.5	
89.70	22.8	20.8	-6.6	0.0	-41.4	90.1	13.5	-68.9	-263.2	1566.9	262.8	-63.9	
89.75	22.8	21.1	-7.3	0.0	-40.4	90.1	8.9	-65.4	-267.9	1497.7	253.4	-65.3	
89.80	22.9	21.5	-8.2	0.0	-40.0	90.1	11.0	-66.7	-262.1	1471.4	232.9	-68.2	
89.85	22.9	22.2	-8.0	0.0	-40.5	90.1	14.2	-66.0	-257.6	1513.4	271.6	-68.1	
89.90	22.9	23.2	-7.7	0.0	-42.1	90.1	15.8	-65.5	-263.7	1600.2	418.0	-68.5	
89.95	22.9	23.0	-7.4	0.0	-44.3	90.1	18.3	-72.4	-268.3	1701.1	565.4	-69.6	
90.00	22.9	22.2	-9.1	0.0	-45.8	90.1	22.3	-79.3	-263.7	1772.8	646.9	-77.0	
90.05	22.9	22.0	-8.3	0.0	-45.1	90.1	26.8	-72.6	-259.8	1698.2	732.1	-73.6	
90.10	23.0	22.4	-6.1	0.0	-42.9	90.1	29.0	-63.1	-262.0	1508.3	792.3	-63.7	
90.15	23.0	22.8	-5.5	0.0	-41.2	90.1	27.6	-62.5	-262.8	1397.3	743.0	-60.1	
90.20	23.0	22.8	-7.6	0.0	-40.7	90.1	20.2	-67.8	-259.7	1430.3	563.5	-66.9	
90.25	23.0	23.6	-9.0	0.0	-40.9	90.1	13.7	-68.6	-261.6	1485.0	448.0	-71.9	
90.30	23.0	24.3	-8.2	0.0	-41.6	90.1	13.3	-68.8	-267.2	1540.0	447.6	-69.7	
90.35	23.0	24.3	-8.4	0.0	-41.6	90.1	11.5	-73.1	-265.6	1558.7	339.8	-70.3	
90.40	23.0	24.0	-8.8	0.0	-40.6	90.1	7.5	-76.3	-261.8	1501.0	182.3	-70.9	
90.45	23.0	23.8	-8.3	0.0	-37.9	90.1	5.0	-68.7	-264.4	1321.5	119.4	-66.4	
90.50	23.0	23.9	-7.3	0.0	-36.1	90.1	7.4	-65.3	-265.0	1193.6	109.0	-61.3	
90.55	23.0	22.5	-6.5	0.0	-36.3	90.1	10.3	-68.4	-259.9	1204.6	53.0	-58.5	
90.60	23.0	21.5	-6.7	0.0	-37.5	90.1	9.4	-71.5	-259.5	1287.9	-20.3	-60.5	
90.65	23.0	21.1	-6.6	0.0	-38.7	90.1	5.5	-73.4	-265.8	1367.6	-82.6	-61.4	
90.70	23.0	21.4	-5.7	0.0	-39.2	90.1	2.8	-76.1	-266.6	1393.7	-184.1	-58.9	
90.75	23.0	21.5	-4.8	0.0	-39.3	90.1	0.8	-74.8	-262.9	1380.5	-305.9	-55.8	
90.80	23.0	21.4	-4.2	0.0	-38.1	90.1	-3.0	-65.9	-264.9	1294.4	-386.7	-52.4	
90.85	23.0	21.3	-3.2	0.0	-37.1	90.1	-3.7	-60.0	-268.4	1221.9	-413.6	-48.0	
90.90	23.0	21.1	-1.8	0.0	-37.9	90.1	-1.8	-64.7	-263.1	1260.6	-462.1	-44.2	
90.95	23.0	21.0	-2.7	0.0	-40.1	90.1	3.9	-71.7	-259.4	1445.4	-347.5	-49.4	
91.00	23.0	21.1	-3.4	0.0	-41.8	90.1	9.2	-71.7	-264.9	1612.2	-74.1	-53.5	
91.05	23.0	20.8	-3.0	0.0	-42.6	90.1	14.1	-72.0	-269.1	1655.9	158.9	-52.8	
91.10	23.0	20.4	-2.8	0.0	-41.1	90.1	18.3	-71.6	-264.5	1535.7	248.2	-50.9	
91.15	23.0	20.7	-4.0	0.0	-38.2	90.1	18.7	-64.1	-261.5	1328.8	290.0	-51.9	
91.20	23.0	21.0	-5.8	0.0	-36.1	90.1	16.0	-53.8	-265.9	1174.1	361.7	-55.9	
91.25	23.1	21.3	-7.3	0.0	-36.1	90.1	13.5	-54.6	-267.8	1156.6	405.0	-61.1	
91.30	23.1	21.7	-9.1	0.0	-38.2	90.1	16.5	-65.5	-264.1	1261.0	485.9	-69.5	
91.35	23.1	21.9	-10.5	0.0	-39.9	90.1	20.7	-68.2	-262.2	1324.8	645.7	-75.9	
91.40	23.1	22.0	-10.5	0.0	-41.4	90.1	26.0	-64.4	-264.9	1313.5	893.3	-77.5	
91.45	23.1	22.1	-8.9	0.0	-42.7	90.1	33.8	-64.0	-266.0	1231.0	1146.7	-73.4	
91.50	23.1	22.0	-8.0	0.0	-43.1	90.1	38.5	-63.9	-264.2	1121.7	1285.1	-70.5	
91.55	23.1	22.0	-10.0	0.0	-41.6	90.1	34.7	-59.7	-263.7	1020.0	1246.1	-75.8	
91.60	23.1	22.3	-12.8	0.0	-40.6	90.1	28.9	-62.0	-265.5	1057.1	1112.4	-84.6	
91.65	23.1	22.3	-13.4	0.0	-40.6	90.1	27.9	-70.3	-264.5	1170.0	958.7	-86.8	
91.70	23.1	21.6	-14.0	0.0	-40.1	90.1	26.6	-74.8	-262.2	1218.6	807.8	-88.1	
91.75	23.1	20.1	-15.5	0.0	-38.0	90.1	20.3	-69.2	-263.4	1143.0	666.2	-91.0	
91.80	23.1	20.8	-14.8	0.0	-35.3	90.1	16.2	-62.9	-266.0	986.0	576.5	-86.0	
91.85	23.1	20.9	-11.5	0.0	-33.6	90.1	20.4	-61.5	-266.6	831.3	573.2	-72.9	
91.90	23.1	20.2	-8.5	0.0	-31.2	90.1	22.7	-56.1	-265.2	664.8	517.6	-60.3	
91.95	23.1	19.4	-8.3	0.0	-28.4	90.1	20.7	-48.2	-264.6	538.6	377.7	-56.7	
92.00	23.0	18.8	-8.1	0.0	-27.1	90.1	18.8	-48.9	-264.1	518.6	201.7	-54.9	
92.05	23.0	18.4	-7.4	0.0	-27.5	90.1	14.8	-57.3	-262.9	569.0	-20.4	-53.0	
92.10	23.0	18.9	-8.1	0.0	-28.5	90.1	9.4	-57.8	-264.2	609.5	-206.3	-56.2	
92.15	23.0	19.0	-7.0	0.0	-27.8	90.1	5.9	-48.6	-265.9	530.9	-327.3	-51.8	
92.20	23.0	19.0	-4.7	0.0	-26.7	90.1	6.2	-43.4	-265.3	394.3	-386.5	-42.7	
92.25	22.9	18.9	-3.1	0.0	-25.8	90.1	6.0	-42.6	-264.7	276.4	-403.0	-36.6	
92.30	22.9	19.1	-4.0	0.0	-25.0	90.1	2.7	-38.5	-268.2	200.4	-384.3	-38.6	
92.35	22.9	19.5	-5.6	0.0	-24.1	90.1	2.0	-34.6	-270.4	182.7	-329.7	-43.2	
92.40	22.8	19.9	-5.9	0.0	-24.6	90.1	5.7	-41.3	-266.4	277.5	-287.1	-44.9	
92.45	22.8	20.0	-6.2	0.0	-25.0	90.1	11.0	-48.0	-263.3	352.7	-202.8	-46.4	
92.50	22.8	19.9	-7.3	0.0	-24.1	90.1	11.2	-46.9	-265.1	324.4	-111.1	-49.3	
92.55	22.8	19.8	-9.0	0.0	-23.8	90.1	10.0	-47.8	-266.7	313.8	-22.7	-54.8	
92.60	22.7	19.7	-9.1	0.0	-25.3	90.1	11.8	-53.4	-265.9	400.5	89.7	-56.4	
92.65	22.7	19.5	-9.4	0.0	-27.0	90.1	13.2	-53.8	-266.1	493.0	213.8	-59.3	
92.70	22.6	18.9	-9.7	0.0	-28.1	90.1	13.4	-50.0	-268.8	540.9	326.9	-61.4	
92.75	22.6	19.1	-10.4	0.0	-28.5	90.1	14.9	-50.2	-268.2	537.4	381.8	-64.1	
92.80	22.5	19.6	-10.5	0.0	-28.0	90.1	16.3	-52.1	-264.2	482.2	394.0	-64.2	
92.85	22.5	20.1	-11.6	0.0	-28.0	90.1	16.9	-48.3	-264.3	429.0	464.5	-67.7	
92.90	22.5	19.6	-11.6	0.0	-29.2	90.1	18.8	-45.8	-266.1	437.9	576.6	-68.9	
92.95	22.4	19.6	-10.6	0.0	-31.0	90.1	23.7	-51.1	-264.7	495.8	684.4	-67.3	
93.00	22.4	19.9	-8.8	0.0	-32.5	90.1	29.2	-55.3	-263.6	517.5	782.2	-62.6	
93.05	22.3	20.1	-8.9	0.0	-32.8	90.1	30.3	-53.3	-265.1	505.1	817.4	-63.5	
93.10	22.3	20.2	-10.3	0.0	-31.8	90.1	26.7	-51.5	-265.4	510.9	739.4	-67.2	
93.15	22.2	20.3	-10.4	0.0	-30.7	90.1	21.9	-52.0	-264.7	551.8	607.4	-66.4	
93.20	22.2	20.7	-10.1	0.0	-30.0	90.1	19.7	-50.4	-265.9	575.0	512.6	-64.5	
93.25	22.1	21.5	-10.2	0.0	-28.9	90.1	17.1	-45.6	-266.8	568.8	412.4	-63.8	
93.30	22.1	22.3	-10.8	0.0	-27.9	90.1	13.7	-45.8	-265.3	562.4	285.5	-65.1	
93.35	22.0	22.2	-10.3	0.0	-28.1	90.1	12.6	-52.5	-265.2	586.6	218.7	-63.3	
93.40	22.0	21.8	-9.7	0.0	-28.0	90.1	12.5	-52.6	-269.2	575.4	232.8	-61.3	
93.45	21.9	21.0	-9.0	0.0	-27.1	90.1	13.8	-45.8	-270.1	507.9	246.5	-58.0	
93.50	21.9	19.7	-7.8	0.0	-26.1	90.1	14.8	-45.7	-265.2	467.8	169.0	-52.8	
93.55	21.8	18.8	-7.1	0.0	-26.0	90.1	13.9	-49.6	-263.5	468.8	74.5	-50.4	
93.60	21.8	18.4	-6.9	0.0	-26.6	90.1	8.9	-50.5	-267.7	521.8	-21.3	-50.4	
93.65	21.7	18.4	-7.3	0.0	-28.4	90.1	3.1	-52.5	-269.2	639.7	-143.8	-53.6	
93.70	21.7	18.5	-7.4	0.0	-29.7	90.1	0.1	-53.7	-266.8	705.9	-249.3	-55.0	
93.75	21.6	18.6	-7.0	0.0	-29.6	90.1	-4.2	-51.5	-267.8	659.6	-345.3	-53.6	
93.80	21.5	18.9	-6.4	0.0	-29.6	90.1	-8.8	-49.1	-271.1	607.7	-440.2	-51.6	
93.85	21.5	19.0	-5.7	0.0	-30.4	90.1	-11.0	-49.3	-270.3	607.3	-530.9	-49.8	
93.90	21.4	19.6	-5.5	0.0	-31.5	90.1	-6.9	-55.8	-266.0	712.2	-518.4	-50.4	
93.95	21.4	20.3	-6.0	0.0	-33.2	90.1	-0.9	-64.1	-264.5	896.5	-407.5	-53.6	
94.00	21.3	19.4	-6.2	0.0	-35.5	90.1	2.1	-69.1	-267.7	1106.6	-286.2	-56.8	
94.05	21.2	19.0	-4.9	0.0	-36.8	90.1	4.2	-72.3	-268.2	1211.4	-216.0	-53.8	
94.10	21.2	18.8	-3.2	0.0	-35.7	90.1	8.7	-73.1	-264.8	1137.6	-149.8	-46.8	
94.15	21.1	18.5	-3.0	0.0	-33.5	90.1	8.8	-65.0	-265.4	996.8	-97.0	-43.9	
94.20	21.0	18.9	-3.5	0.0	-32.4	90.1	3.5	-52.3	-269.3	948.5	-91.8	-44.5	
94.25	21.0	19.5	-5.9	0.0	-33.7	90.1	-1.4	-52.3	-269.9	1041.5	-136.0	-54.0	
94.30	20.9	19.7	-7.4	0.0	-35.6	90.1	0.0	-60.5	-267.6	1171.2	-109.9	-60.9	
94.35	20.9	19.2	-8.4	0.0	-36.9	90.1	5.1	-64.5	-266.7	1263.5	10.0	-65.6	
94.40	20.8	19.1	-8.1	0.0	-37.3	90.1	11.2	-61.6	-266.3	1282.3	210.2	-65.0	
94.45	20.8	20.0	-7.6	0.0	-37.2	90.1	17.8	-57.7	-266.8	1209.2	474.7	-63.5	
94.50	20.7	19.8	-6.6	0.0	-37.5	90.1	24.3	-55.9	-267.5	1096.0	737.0	-60.2	
94.55	20.7	20.0	-5.5	0.0	-38.6	90.1	27.6	-57.3	-268.3	1076.2	884.9	-57.4	
94.60	20.6	20.9	-5.9	0.0	-40.0	90.1	27.3	-59.9	-267.8	1198.4	892.3	-60.2	
94.65	20.5	21.5	-7.1	0.0	-42.2	90.1	26.1	-65.4	-267.3	1406.8	858.2	-66.4	
94.70	20.5	21.6	-9.2	0.0	-43.5	90.1	21.8	-68.4	-267.6	1559.9	776.7	-75.2	
94.75	20.4	21.2	-11.6	0.0	-42.6	90.1	12.7	-65.1	-270.1	1565.7	625.1	-82.4	
94.80	20.4	21.8	-11.5	0.0	-39.5	90.1	6.5	-57.4	-270.6	1393.2	480.1	-78.9	
94.85	20.3	22.0	-8.4	0.0	-36.6	90.1	11.1	-52.1	-268.6	1175.3	484.8	-65.3	
94.90	20.3	21.8	-6.0	0.0	-35.8	90.1	17.6	-52.8	-266.4	1071.1	551.4	-56.3	
94.95	20.2	21.9	-6.8	0.0	-36.7	90.1	18.4	-56.6	-267.4	1126.4	564.7	-60.0	
95.00	20.2	21.7	-7.0	0.0	-38.1	90.1	17.8	-61.0	-269.9	1248.2	533.9	-62.2	
95.05	20.1	21.6	-5.8	0.0	-37.9	90.1	19.6	-63.1	-268.8	1252.4	444.2	-57.9	
95.10	20.1	22.1	-3.9	0.0	-34.4	90.1	18.5	-56.4	-265.2	1061.8	235.0	-47.9	
95.15	20.0	22.4	-2.8	0.0	-30.6	90.1	9.7	-46.5	-264.6	832.8	-73.6	-40.3	
95.20	20.0	22.6	-2.8	0.0	-29.5	90.1	-3.0	-39.5	-267.4	684.9	-364.6	-39.0	
95.25	19.9	22.7	-2.9	0.0	-30.6	90.1	-8.3	-39.0	-270.5	709.2	-475.7	-40.5	
95.30	19.9	23.1	-3.0	0.0	-32.6	90.1	-6.8	-43.7	-270.8	869.3	-483.6	-43.0	
95.35	19.9	23.4	-2.6	0.0	-34.8	90.1	-1.7	-49.8	-269.5	1057.5	-443.6	-43.6	
95.40	19.8	23.5	-1.6	0.0	-36.6	90.1	2.8	-59.2	-268.2	1191.2	-387.1	-42.2	
95.45	19.8	23.3	-2.2	0.0	-36.7	90.1	5.6	-63.6	-268.1	1213.1	-295.3	-44.2	
95.50	19.8	23.0	-2.1	0.0	-34.5	90.1	7.0	-54.1	-270.3	1092.2	-174.9	-41.7	
95.55	19.8	22.8	-0.9	0.0	-31.5	90.1	9.6	-40.9	-270.6	915.7	-74.2	-34.5	
95.60	19.8	23.1	0.4	0.0	-30.2	90.1	11.8	-39.9	-267.7	823.5	-39.0	-28.9	
95.65	19.7	23.4	-2.3	0.0	-31.1	90.1	8.2	-47.2	-267.8	872.4	-64.1	-39.1	
95.70	19.7	23.8	-5.5	0.0	-33.5	90.1	1.6	-52.5	-273.0	1032.8	-57.9	-52.3	
95.75	19.7	24.0	-7.5	0.0	-35.5	90.1	2.5	-55.8	-274.8	1176.1	66.7	-61.2	
95.80	19.7	24.3	-6.9	0.0	-36.4	90.1	11.4	-58.4	-270.9	1205.9	282.7	-60.2	
95.85	19.7	24.6	-7.0	0.0	-35.8	90.1	18.1	-53.5	-268.4	1099.2	484.4	-59.8	
95.90	19.7	24.1	-6.7	0.0	-35.6	90.1	19.1	-49.3	-270.8	1017.9	623.6	-58.6	
95.95	19.7	24.2	-6.2	0.0	-36.8	90.1	22.0	-51.6	-271.5	1027.6	763.3	-58.2	
96.00	19.7	24.9	-5.9	0.0	-39.7	90.1	29.9	-57.7	-269.1	1138.0	939.1	-60.1	
96.05	19.6	26.1	-6.3	0.0	-42.3	90.1	32.5	-60.9	-268.7	1303.9	1016.4	-64.0	
96.10	19.6	26.3	-7.4	0.0	-44.2	90.1	28.7	-66.0	-271.0	1508.9	959.2	-69.6	
96.15	19.6	25.6	-8.1	0.0	-44.3	90.1	24.2	-72.1	-270.3	1579.8	836.8	-72.0	
96.20	19.6	25.9	-6.6	0.0	-42.3	90.1	24.2	-66.9	-269.3	1447.7	795.4	-65.0	
96.25	19.6	25.8	-6.0	0.0	-38.9	90.1	23.6	-51.0	-269.7	1205.2	784.1	-59.4	
96.30	19.6	25.6	-5.1	0.0	-36.2	90.1	24.9	-42.0	-268.7	975.2	789.6	-53.5	
96.35	19.6	25.3	-5.3	0.0	-35.7	90.1	26.1	-49.5	-267.3	914.9	767.4	-54.0	
96.40	19.6	25.4	-5.8	0.0	-36.4	90.1	26.3	-55.3	-269.1	978.9	752.4	-56.2	
96.45	19.6	25.6	-5.1	0.0	-35.7	90.1	27.4	-49.7	-271.8	933.5	742.4	-53.1	
96.50	19.6	24.9	-4.0	0.0	-33.6	90.1	30.1	-45.9	-268.7	783.0	682.8	-47.4	
96.55	19.6	24.5	-4.0	0.0	-30.3	90.1	28.1	-42.6	-265.1	598.5	537.4	-44.1	
96.60	19.6	24.5	-5.5	0.0	-25.8	90.1	16.8	-34.0	-269.4	382.5	318.8	-44.7	
96.65	19.7	25.4	-6.3	0.0	-21.4	90.1	8.3	-22.1	-274.9	137.7	145.9	-43.0	
96.70	19.7	25.2	-5.7	0.0	-19.4	90.1	9.7	-20.3	-271.3	-18.5	52.3	-38.8	
96.75	19.7	24.6	-4.9	0.0	-19.4	90.1	14.0	-27.7	-266.6	7.1	33.2	-36.3	
96.80	19.7	23.9	-6.5	0.0	-20.9	90.1	12.0	-34.0	-270.8	124.9	49.4	-43.4	
96.85	19.7	23.3	-8.8	0.0	-21.6	90.1	6.9	-35.9	-277.7	173.0	48.6	-51.7	
96.90	19.8	23.3	-9.1	0.0	-20.2	90.1	9.2	-33.9	-275.2	43.8	60.3	-51.5	
96.95	19.8	24.3	-5.6	0.0	-21.3	90.1	13.6	-29.2	-268.2	-168.7	35.3	-40.7	
97.00	19.8	23.2	-3.1	0.0	-23.2	90.1	12.0	-21.0	-268.6	-343.2	-1.4	-33.7	
97.05	19.8	22.7	-5.0	0.0	-23.8	90.1	6.2	-18.4	-273.3	-396.6	-40.1	-40.8	
97.10	19.8	23.0	-6.8	0.0	-23.0	90.1	5.9	-25.3	-272.9	-316.9	-24.3	-46.2	
97.15	19.8	23.1	-7.1	0.0	-22.3	90.1	11.1	-27.7	-270.5	-244.1	68.9	-46.7	
97.20	19.8	23.0	-6.2	0.0	-22.8	90.1	14.1	-24.7	-269.9	-258.1	145.4	-44.1	
97.25	19.9	22.7	-6.6	0.0	-24.4	90.1	16.2	-25.4	-270.0	-365.6	196.6	-47.0	
97.30	19.9	22.4	-6.3	0.0	-25.8	90.1	16.5	-28.3	-270.1	-456.0	238.2	-47.6	
97.35	19.9	21.8	-6.7	0.0	-27.0	90.1	15.6	-23.8	-270.2	-550.8	271.4	-49.9	
97.40	19.9	21.1	-6.3	0.0	-27.7	90.1	17.4	-18.1	-269.7	-601.4	319.4	-49.4	
97.45	19.9	21.3	-6.1	0.0	-28.2	90.1	21.3	-21.1	-267.8	-600.0	376.3	-49.2	
97.50	19.9	21.4	-7.6	0.0	-27.5	90.1	20.9	-29.6	-266.6	-515.5	367.8	-53.6	
97.55	19.9	21.5	-10.8	0.0	-26.1	90.1	16.0	-33.0	-268.7	-398.3	342.4	-63.0	
97.60	20.0	21.6	-10.1	0.0	-26.9	90.1	16.4	-25.7	-272.2	-407.6	443.3	-61.6	
97.65	20.0	21.0	-7.0	0.0	-29.3	90.1	23.9	-18.7	-271.6	-496.2	610.2	-53.3	
97.70	20.0	20.1	-6.0	0.0	-30.3	90.1	25.2	-16.5	-267.7	-599.7	620.3	-50.8	
97.75	20.0	19.0	-6.4	0.0	-29.7	90.1	18.9	-15.9	-269.0	-629.8	545.5	-51.7	
97.80	20.0	18.7	-5.8	0.0	-29.4	90.1	15.9	-17.0	-273.6	-592.4	556.9	-49.5	
97.85	20.0	19.0	-7.1	0.0	-29.7	90.1	20.4	-19.0	-272.7	-514.8	636.4	-54.2	
97.90	20.0	20.1	-8.5	0.0	-29.2	90.1	23.1	-17.9	-269.0	-446.4	642.0	-58.5	
97.95	20.1	20.4	-8.8	0.0	-27.7	90.1	20.5	-22.3	-268.9	-357.7	563.6	-57.9	
98.00	20.1	20.3	-9.6	0.0	-26.7	90.1	16.0	-26.8	-272.1	-344.9	473.2	-59.8	
98.05	20.1	19.8	-8.6	0.0	-26.4	90.1	13.3	-21.9	-274.2	-391.4	419.4	-55.9	
98.10	20.1	20.5	-7.2	0.0	-25.9	90.1	12.6	-12.2	-271.5	-451.1	344.6	-50.5	
98.15	20.1	21.0	-6.0	0.0	-24.8	90.1	12.5	-10.8	-269.4	-423.2	245.4	-45.6	
98.20	20.1	21.1	-7.7	0.0	-23.0	90.1	8.5	-18.8	-271.5	-322.7	90.9	-49.3	
98.25	20.2	20.5	-9.1	0.0	-21.5	90.1	2.8	-30.9	-272.9	-155.1	-108.5	-52.6	
98.30	20.2	20.5	-8.4	0.0	-22.6	90.1	0.7	-35.0	-270.4	-68.5	-253.2	-51.4	
98.35	20.2	20.8	-7.2	0.0	-22.2	90.1	4.7	-33.5	-268.9	-23.1	-236.6	-46.9	
98.40	20.2	20.7	-6.0	0.0	-21.8	90.1	7.3	-31.9	-270.2	38.1	-209.2	-42.5	
98.45	20.2	20.7	-5.4	0.0	-23.7	90.1	3.7	-36.8	-270.0	158.9	-303.4	-42.2	
98.50	20.2	20.6	-5.3	0.0	-25.3	90.1	-0.4	-41.9	-269.3	206.5	-401.4	-43.6	
98.55	20.2	19.6	-5.0	0.0	-24.5	90.1	0.8	-36.9	-270.5	140.7	-378.7	-41.6	
98.60	20.3	19.7	-5.0	0.0	-23.5	90.1	3.6	-29.7	-269.1	93.6	-337.0	-40.8	
98.65	20.3	20.2	-6.4	0.0	-24.0	90.1	1.2	-29.9	-266.1	117.9	-370.1	-45.9	
98.70	20.3	21.1	-7.8	0.0	-24.1	90.1	-1.7	-34.8	-268.7	139.6	-351.9	-50.9	
98.75	20.3	20.5	-8.9	0.0	-22.6	90.1	-1.2	-34.2	-273.7	91.2	-249.3	-53.2	
98.80	20.4	20.0	-9.3	0.0	-20.7	90.1	3.6	-28.6	-270.4	-32.7	-132.5	-52.5	
98.85	20.4	19.9	-9.6	0.0	-20.2	90.1	10.0	-27.3	-264.4	-105.7	9.8	-53.1	
98.90	20.4	19.5	-9.8	0.0	-21.7	90.1	12.3	-26.0	-267.8	-101.1	191.3	-55.2	
98.95	20.4	19.8	-10.6	0.0	-22.9	90.1	9.5	-24.3	-274.1	-77.9	302.6	-59.2	
99.00	20.4	20.8	-10.6	0.0	-23.5	90.1	10.7	-25.8	-272.2	-22.7	347.1	-60.0	
99.05	20.5	21.3	-10.1	0.0	-24.4	90.1	16.8	-29.1	-265.5	23.3	404.9	-59.0	
99.10	20.5	21.2	-11.7	0.0	-25.1	90.1	17.3	-29.5	-266.9	56.6	456.3	-65.2	
99.15	20.5	20.8	-14.9	0.0	-24.8	90.1	10.6	-28.7	-274.0	67.1	433.0	-75.8	
99.20	20.5	21.2	-16.6	0.0	-23.2	90.1	4.2	-30.6	-275.2	63.6	312.3	-80.1	
99.25	20.6	21.5	-15.3	0.0	-22.2	90.1	6.7	-30.4	-269.6	-18.3	245.9	-74.7	
99.30	20.6	21.9	-11.6	0.0	-23.2	90.1	14.9	-25.3	-266.8	-137.8	295.1	-63.1	
99.35	20.6	22.3	-9.7	0.0	-23.4	90.1	16.5	-21.8	-268.4	-204.8	284.7	-56.7	
99.40	20.6	22.5	-10.5	0.0	-22.3	90.1	11.6	-28.4	-268.3	-200.1	159.0	-58.2	
99.45	20.7	22.5	-11.2	0.0	-22.5	90.1	8.6	-32.0	-267.6	-258.9	66.5	-60.9	
99.50	20.7	22.0	-8.9	0.0	-23.5	90.1	10.7	-26.4	-269.5	-345.3	56.8	-54.1	
99.55	20.8	21.7	-7.3	0.0	-23.1	90.1	12.5	-28.6	-267.1	-315.4	-29.2	-48.3	
99.60	20.8	21.4	-8.4	0.0	-23.0	90.1	8.3	-40.3	-263.6	-182.5	-213.5	-51.8	
99.65	20.8	20.8	-11.2	0.0	-23.8	90.1	0.2	-42.9	-268.3	-71.5	-325.9	-62.4	
99.70	20.9	21.1	-12.7	0.0	-23.7	90.1	-3.4	-38.1	-272.5	-16.6	-338.0	-67.5	
99.75	20.9	21.4	-11.5	0.0	-23.3	90.1	1.2	-38.7	-267.1	12.8	-307.5	-62.8	
99.80	20.9	21.4	-10.4	0.0	-22.7	90.1	8.4	-46.1	-261.8	109.2	-214.6	-58.3	
99.85	21.0	21.3	-10.1	0.0	-23.3	90.1	10.1	-49.9	-266.3	262.3	-67.6	-58.0	
99.90	21.0	21.5	-10.4	0.0	-25.3	90.1	9.6	-51.6	-271.4	406.8	87.4	-61.1	
99.95	21.0	22.1	-10.8	0.0	-27.8	90.1	14.8	-55.8	-268.9	537.4	243.4	-64.9	
100.00	21.1	22.6	-10.7	0.0	-28.7	90.1	19.4	-53.9	-265.9	565.1	345.5	-65.4	
100.05	21.1	22.8	-11.3	0.0	-27.8	90.1	17.0	-49.4	-268.2	496.8	349.3	-66.5	
100.10	21.2	22.8	-12.2	0.0	-26.6	90.1	12.5	-49.6	-269.3	436.1	284.3	-68.7	
100.15	21.2	22.7	-12.5	0.0	-26.5	90.1	10.5	-51.3	-266.5	451.8	245.5	-69.4	
100.20	21.3	22.5	-12.5	0.0	-27.6	90.1	12.9	-45.8	-267.3	484.5	365.1	-70.6	
100.25	21.3	22.3	-11.5	0.0	-29.5	90.1	17.9	-40.5	-270.3	514.4	556.7	-68.9	
100.30	21.4	22.5	-9.8	0.0	-31.3	90.1	22.5	-43.7	-269.5	600.4	644.6	-64.9	
100.35	21.4	22.5	-9.3	0.0	-32.4	90.1	23.1	-51.0	-266.8	723.3	607.9	-64.4	
100.40	21.5	22.4	-10.2	0.0	-32.4	90.1	21.5	-51.0	-267.6	766.5	562.8	-67.5	
100.45	21.5	22.6	-10.2	0.0	-32.2	90.1	21.8	-47.0	-268.2	775.6	536.4	-67.2	
100.50	21.6	22.8	-10.1	0.0	-32.3	90.1	22.1	-47.1	-264.6	836.9	453.2	-67.0	
100.55	21.6	23.1	-10.1	0.0	-32.4	90.1	18.6	-52.3	-262.3	899.9	314.7	-67.2	
100.60	21.7	23.6	-10.3	0.0	-33.3	90.1	17.1	-58.7	-265.5	962.3	270.2	-68.8	
100.65	21.7	23.0	-9.7	0.0	-34.4	90.1	17.4	-60.4	-267.1	1040.7	284.9	-67.6	
100.70	21.7	22.4	-9.6	0.0	-36.3	90.1	18.9	-59.3	-263.9	1187.6	318.0	-69.4	
100.75	21.8	22.4	-8.7	0.0	-38.3	90.1	20.5	-58.7	-264.1	1323.5	390.2	-68.3	
100.80	21.8	22.4	-9.1	0.0	-39.8	90.1	19.9	-61.8	-268.2	1424.9	397.3	-71.1	
100.85	21.9	22.5	-9.5	0.0	-40.9	90.1	14.9	-68.1	-266.0	1534.4	224.4	-73.5	
100.90	21.9	23.0	-9.4	0.0	-42.6	90.1	14.6	-73.4	-260.5	1661.6	112.8	-74.7	
100.95	22.0	22.9	-8.8	0.0	-43.2	90.1	18.8	-71.0	-261.9	1706.1	209.5	-73.3	
101.00	22.0	22.7	-10.0	0.0	-43.8	90.1	19.7	-69.8	-266.2	1735.3	307.7	-78.1	
101.05	22.1	22.6	-11.4	0.0	-45.0	90.1	15.0	-76.6	-264.8	1820.4	242.1	-84.3	
101.10	22.1	22.8	-10.8	0.0	-45.1	90.1	15.9	-79.0	-264.2	1817.5	257.3	-82.2	
101.15	22.2	22.8	-8.7	0.0	-43.9	90.1	21.9	-70.9	-267.7	1716.9	410.2	-73.9	
101.20	22.2	22.5	-8.6	0.0	-42.4	90.1	20.3	-62.8	-267.9	1626.8	395.3	-72.0	
101.25	22.2	22.3	-10.7	0.0	-41.5	90.1	14.7	-64.9	-263.8	1594.3	228.9	-78.4	
101.30	22.3	22.0	-11.2	0.0	-40.5	90.1	12.0	-67.5	-263.9	1522.4	139.7	-79.0	
101.35	22.3	21.6	-10.3	0.0	-39.0	90.1	12.8	-63.7	-267.8	1412.5	172.4	-74.3	
101.40	22.4	21.4	-9.1	0.0	-37.2	90.1	17.4	-56.2	-266.1	1281.2	240.2	-68.6	
101.45	22.4	21.4	-9.4	0.0	-36.3	90.1	22.0	-55.4	-261.1	1198.7	291.4	-68.4	
101.50	22.5	21.5	-10.4	0.0	-35.8	90.1	22.4	-58.3	-263.5	1135.9	352.0	-71.5	
101.55	22.5	21.3	-11.2	0.0	-35.9	90.1	19.4	-60.1	-270.0	1120.8	388.8	-74.4	
101.60	22.5	21.1	-10.9	0.0	-36.3	90.1	20.0	-60.6	-268.8	1156.8	375.2	-73.6	
101.65	22.6	21.0	-10.4	0.0	-36.1	90.1	24.3	-61.9	-261.6	1150.9	346.3	-71.7	
101.70	22.6	20.8	-11.0	0.0	-34.6	90.1	23.7	-59.2	-260.9	1042.9	333.9	-72.2	
101.75	22.6	20.6	-13.3	0.0	-32.7	90.1	17.9	-56.8	-266.2	903.7	334.1	-78.5	
101.80	22.7	20.5	-14.4	0.0	-31.6	90.1	17.3	-57.0	-267.0	782.8	384.5	-81.1	
101.85	22.7	21.0	-13.5	0.0	-30.8	90.1	23.4	-54.7	-262.8	645.5	505.4	-77.2	
101.90	22.8	21.4	-12.7	0.0	-31.0	90.1	29.7	-48.5	-261.9	494.3	677.5	-74.7	
101.95	22.8	21.8	-13.2	0.0	-32.1	90.1	31.9	-48.6	-264.1	448.3	801.0	-77.6	
102.00	22.8	22.3	-14.3	0.0	-32.8	90.1	31.3	-55.8	-264.0	482.3	828.5	-81.9	
102.05	22.9	22.2	-15.5	0.0	-32.8	90.1	30.9	-58.8	-262.9	462.9	832.5	-86.2	
102.10	22.9	22.3	-16.3	0.0	-32.5	90.1	31.7	-52.8	-263.4	369.2	866.6	-88.3	
102.15	23.0	22.7	-16.1	0.0	-31.7	90.1	31.0	-47.1	-262.9	276.4	851.3	-87.1	
102.20	23.0	23.1	-16.1	0.0	-31.0	90.1	28.4	-47.7	-262.4	264.2	800.0	-86.1	
102.25	23.0	23.2	-16.9	0.0	-31.5	90.1	25.9	-51.4	-266.1	339.3	805.8	-89.4	
102.30	23.1	22.9	-17.8	0.0	-32.3	90.1	26.5	-49.3	-269.4	383.2	853.8	-93.4	
102.35	23.1	23.2	-17.1	0.0	-31.6	90.1	27.7	-48.8	-265.2	402.6	789.6	-90.5	
102.40	23.1	23.0	-15.2	0.0	-31.0	90.1	30.8	-49.6	-261.1	399.4	738.2	-83.1	
102.45	23.1	22.4	-14.0	0.0	-31.0	90.1	32.5	-47.0	-263.1	371.3	751.2	-79.1	
102.50	23.2	22.7	-14.0	0.0	-30.5	90.1	29.0	-45.6	-265.7	422.1	689.2	-78.7	
102.55	23.2	23.0	-13.6	0.0	-30.7	90.1	26.9	-51.4	-264.6	562.7	590.2	-77.3	
102.60	23.2	23.2	-12.2	0.0	-31.2	90.1	27.8	-56.7	-264.2	656.0	524.6	-73.3	
102.65	23.2	22.8	-11.3	0.0	-30.1	90.1	24.6	-52.0	-266.3	648.5	407.5	-68.9	
102.70	23.3	22.8	-12.2	0.0	-27.9	90.1	16.7	-47.5	-266.7	589.4	196.9	-69.6	
102.75	23.3	23.1	-11.3	0.0	-26.9	90.1	14.5	-48.7	-264.3	545.3	54.3	-65.7	
102.80	23.4	23.5	-9.8	0.0	-26.7	90.1	18.4	-48.4	-262.3	525.2	62.0	-60.3	
102.85	23.4	23.7	-9.7	0.0	-27.2	90.1	19.1	-46.5	-261.5	565.0	89.8	-60.5	
102.90	23.4	23.9	-10.3	0.0	-28.3	90.1	17.4	-50.6	-261.5	642.9	105.6	-63.6	
102.95	23.5	24.4	-9.7	0.0	-29.5	90.1	21.1	-57.7	-263.6	678.4	221.6	-62.9	
103.00	23.5	24.3	-9.0	0.0	-31.0	90.1	24.2	-61.7	-264.2	746.9	318.7	-62.0	
103.05	23.6	24.2	-11.3	0.0	-31.7	90.1	19.4	-58.4	-262.7	843.0	267.1	-70.5	
103.10	23.6	24.2	-12.8	0.0	-32.7	90.1	14.7	-58.0	-263.9	939.3	206.4	-76.8	
103.15	23.7	23.9	-12.5	0.0	-33.0	90.1	13.1	-60.6	-265.2	964.3	161.0	-75.8	
103.20	23.7	24.0	-12.4	0.0	-33.9	90.1	13.1	-62.8	-262.8	1029.5	139.4	-76.4	
103.25	23.7	24.4	-13.3	0.0	-35.5	90.1	13.4	-63.5	-260.2	1140.8	196.4	-81.2	
103.30	23.8	24.4	-13.0	0.0	-37.9	90.1	19.9	-68.2	-262.6	1246.2	433.4	-82.3	
103.35	23.8	24.5	-11.1	0.0	-40.2	90.1	27.7	-72.2	-266.1	1297.8	694.5	-78.2	
103.40	23.9	24.8	-11.5	0.0	-41.2	90.1	30.1	-71.1	-265.4	1334.6	798.8	-80.6	
103.45	23.9	24.8	-12.1	0.0	-39.9	90.1	27.8	-64.0	-262.3	1278.6	746.3	-81.4	
103.50	24.0	24.6	-11.3	0.0	-37.7	90.1	26.3	-58.2	-262.4	1141.6	680.3	-76.5	
103.55	24.0	24.5	-10.8	0.0	-35.9	90.1	23.8	-54.9	-263.9	1047.0	587.0	-72.8	
103.60	24.1	25.3	-11.7	0.0	-34.6	90.1	16.9	-50.2	-262.5	1053.1	401.7	-74.8	
103.65	24.1	25.3	-11.9	0.0	-35.3	90.1	13.2	-52.4	-260.6	1142.2	286.6	-76.1	
103.70	24.2	25.2	-9.1	0.0	-36.3	90.1	18.0	-58.6	-263.1	1174.1	376.6	-67.7	
103.75	24.2	25.5	-7.2	0.0	-36.9	90.1	23.2	-58.1	-266.2	1157.7	515.8	-61.6	
103.80	24.2	26.2	-7.4	0.0	-36.2	90.1	23.2	-50.8	-263.7	1122.3	518.1	-61.7	
103.85	24.3	27.0	-7.6	0.0	-34.7	90.1	22.6	-47.6	-259.9	1044.5	440.9	-60.9	
103.90	24.3	27.9	-7.1	0.0	-34.1	90.1	24.3	-51.1	-260.6	1007.9	380.6	-58.4	
103.95	24.4	28.2	-7.3	0.0	-34.5	90.1	21.4	-53.9	-261.5	1071.5	254.8	-59.6	
104.00	24.4	28.2	-10.2	0.0	-35.2	90.1	13.5	-55.9	-258.5	1160.6	56.3	-70.4	
104.05	24.5	27.8	-11.6	0.0	-35.5	90.1	8.0	-59.1	-258.2	1174.3	-51.6	-75.4	
104.10	24.5	27.7	-9.5	0.0	-34.1	90.1	8.7	-57.6	-263.0	1074.4	3.1	-66.9	
104.15	24.6	27.9	-7.4	0.0	-32.7	90.1	10.1	-51.0	-264.7	978.3	60.3	-58.1	
104.20	24.6	28.4	-10.1	0.0	-31.7	90.1	8.4	-47.0	-259.6	927.0	12.0	-66.4	
104.25	24.7	28.2	-10.2	0.0	-31.9	90.1	8.6	-50.5	-258.0	932.2	5.4	-67.0	
104.30	24.7	28.3	-9.1	0.0	-32.9	90.1	11.0	-55.2	-262.2	981.2	73.6	-64.1	
104.35	24.8	28.7	-8.5	0.0	-34.3	90.1	13.9	-57.5	-261.1	1082.5	105.1	-63.5	
104.40	24.9	29.6	-8.6	0.0	-36.2	90.1	16.0	-61.6	-255.3	1220.7	97.3	-65.9	
104.45	24.9	30.4	-9.1	0.0	-37.7	90.1	16.8	-66.2	-256.6	1313.5	154.9	-68.8	
104.50	25.0	30.9	-8.0	0.0	-38.9	90.1	16.1	-68.0	-263.7	1374.5	249.6	-66.2	
104.55	25.0	30.0	-8.3	0.0	-40.0	90.1	13.6	-69.3	-263.4	1459.7	239.9	-68.6	
104.60	25.1	29.0	-9.0	0.0	-41.0	90.1	12.5	-70.8	-258.5	1547.9	189.6	-72.0	
104.65	25.2	28.5	-8.2	0.0	-42.2	90.1	13.2	-71.6	-259.8	1630.5	202.8	-70.2	
104.70	25.2	29.5	-8.2	0.0	-43.3	90.1	13.1	-72.2	-263.5	1712.4	214.5	-71.4	
104.75	25.3	29.4	-10.1	0.0	-45.4	90.1	10.6	-80.3	-259.7	1859.1	131.8	-80.1	
104.80	25.4	28.9	-9.8	0.0	-47.3	90.1	13.5	-87.3	-256.1	1982.6	174.4	-81.1	
104.85	25.4	28.5	-6.9	0.0	-48.0	90.1	22.0	-84.5	-260.1	2003.2	412.7	-71.8	
104.90	25.5	28.2	-5.0	0.0	-48.9	90.1	27.8	-82.5	-261.9	2024.2	582.9	-66.2	
104.95	25.6	28.2	-5.3	0.0	-49.7	90.1	27.5	-87.8	-256.6	2084.2	568.2	-67.9	
105.00	25.6	28.6	-6.0	0.0	-50.4	90.1	25.2	-90.2	-255.8	2140.9	549.9	-70.9	
105.05	25.7	28.5	-5.7	0.0	-51.1	90.1	25.1	-86.3	-260.5	2185.2	601.1	-70.8	
105.10	25.8	28.3	-6.4	0.0	-52.5	90.1	25.4	-85.8	-258.8	2300.3	587.5	-74.5	
105.15	25.8	28.2	-8.7	0.0	-54.5	90.1	22.2	-92.4	-253.3	2472.1	481.7	-84.2	
105.20	25.9	28.0	-10.1	0.0	-55.9	90.1	18.2	-96.8	-256.5	2564.5	468.2	-90.4	
105.25	25.9	28.0	-9.6	0.0	-56.0	90.1	18.2	-96.5	-262.3	2552.1	550.7	-89.0	
105.30	26.0	28.0	-7.9	0.0	-57.1	90.1	23.8	-99.2	-258.2	2616.7	630.1	-84.2	
105.35	26.1	28.7	-6.5	0.0	-58.7	90.1	29.6	-100.0	-252.5	2716.9	704.4	-81.0	
105.40	26.1	28.9	-5.6	0.0	-59.8	90.1	30.5	-99.6	-256.6	2784.2	770.7	-79.1	
105.45	26.2	28.5	-5.9	0.0	-59.8	90.1	27.3	-102.8	-260.0	2791.5	700.7	-80.2	
105.50	26.3	28.5	-6.6	0.0	-59.4	90.1	25.6	-107.5	-253.7	2792.4	525.3	-82.0	
105.55	26.3	28.9	-6.2	0.0	-58.5	90.1	26.6	-103.2	-249.5	2753.0	457.2	-79.9	
105.60	26.4	29.6	-5.6	0.0	-56.7	90.1	23.9	-92.3	-255.9	2639.0	456.2	-75.9	
105.65	26.5	29.8	-6.9	0.0	-54.4	90.1	17.9	-89.5	-261.3	2486.4	352.0	-77.9	
105.70	26.6	30.6	-8.8	0.0	-52.5	90.1	12.0	-95.7	-257.7	2354.8	130.1	-82.7	
105.75	26.6	31.5	-7.9	0.0	-50.0	90.1	9.8	-93.1	-254.6	2180.3	-1.0	-77.2	
105.80	26.7	32.3	-6.0	0.0	-48.4	90.1	16.1	-83.7	-257.6	2081.2	92.5	-69.0	
105.85	26.8	32.8	-4.6	0.0	-49.4	90.1	21.9	-84.6	-256.8	2145.2	160.6	-65.2	
105.90	26.9	33.2	-6.5	0.0	-50.1	90.1	20.3	-90.7	-252.0	2185.3	85.3	-72.4	
105.95	26.9	33.3	-7.1	0.0	-50.0	90.1	21.6	-92.6	-253.1	2168.8	137.3	-74.3	
106.00	27.0	32.2	-5.3	0.0	-49.5	90.1	28.4	-88.2	-255.7	2116.4	318.6	-67.6	
106.05	27.1	31.2	-4.1	0.0	-50.0	90.1	32.6	-86.9	-253.9	2136.4	428.8	-64.2	
106.10	27.1	31.5	-6.1	0.0	-50.4	90.1	27.5	-88.1	-253.1	2178.4	394.5	-71.2	
106.15	27.2	31.5	-8.7	0.0	-50.7	90.1	19.4	-92.3	-258.2	2196.4	349.2	-80.4	
106.20	27.3	31.5	-10.7	0.0	-51.2	90.1	16.4	-99.4	-259.4	2222.2	328.5	-87.9	
106.25	27.3	32.1	-11.7	0.0	-52.2	90.1	21.7	-103.1	-253.0	2280.2	391.8	-92.4	
106.30	27.4	32.8	-11.8	0.0	-53.2	90.1	29.1	-99.6	-249.3	2320.2	587.4	-93.6	
106.35	27.5	33.4	-11.0	0.0	-53.2	90.1	33.0	-93.9	-253.6	2256.1	837.9	-91.1	
106.40	27.5	33.7	-10.1	0.0	-52.6	90.1	37.6	-91.4	-256.5	2113.2	1054.6	-87.2	
106.45	27.6	33.8	-9.8	0.0	-51.4	90.1	41.2	-89.2	-251.5	1960.7	1147.7	-84.9	
106.50	27.7	33.6	-9.7	0.0	-50.1	90.1	43.2	-83.7	-247.8	1843.7	1185.3	-83.3	
106.55	27.7	33.2	-9.5	0.0	-51.2	90.1	43.8	-84.5	-251.3	1908.6	1219.7	-83.8	
106.60	27.8	32.6	-11.1	0.0	-52.6	90.1	39.3	-90.9	-254.3	2073.6	1130.3	-90.8	
106.65	27.9	32.3	-15.0	0.0	-53.1	90.1	30.9	-98.0	-252.6	2204.8	913.5	-104.4	
106.70	27.9	32.1	-15.4	0.0	-51.8	90.1	27.3	-98.8	-249.9	2165.2	763.4	-104.7	
106.75	28.0	31.9	-12.8	0.0	-51.1	90.1	33.3	-96.6	-250.2	2081.1	827.0	-95.1	
106.80	28.1	32.5	-10.3	0.0	-51.9	90.1	38.8	-94.5	-251.2	2104.4	937.2	-87.2	
106.85	28.1	33.5	-10.4	0.0	-52.3	90.1	36.9	-90.4	-252.8	2143.2	953.6	-88.2	
106.90	28.2	32.6	-10.3	0.0	-52.1	90.1	34.7	-92.4	-253.8	2144.4	902.4	-87.6	
106.95	28.3	31.9	-8.7	0.0	-51.2	90.1	37.1	-96.6	-251.8	2093.4	813.5	-81.2	
107.00	28.3	31.0	-8.6	0.0	-49.7	90.1	35.6	-94.4	-248.8	2036.9	643.0	-79.2	
107.05	28.4	29.6	-10.1	0.0	-48.6	90.1	28.2	-87.9	-249.4	2032.6	438.1	-83.4	
107.10	28.5	29.1	-10.3	0.0	-48.2	90.1	21.6	-89.0	-252.7	2026.9	294.4	-83.5	
107.15	28.5	29.2	-9.9	0.0	-47.2	90.1	18.2	-95.3	-253.2	1948.2	198.6	-81.0	
107.20	28.6	29.9	-9.5	0.0	-46.6	90.1	20.7	-95.0	-251.5	1903.1	225.4	-79.3	
107.25	28.7	30.2	-9.6	0.0	-48.5	90.1	26.0	-95.2	-250.2	2027.5	342.8	-81.6	
107.30	28.7	30.1	-8.9	0.0	-51.6	90.1	29.6	-102.4	-250.8	2218.0	440.7	-82.0	
107.35	28.8	29.3	-8.6	0.0	-53.5	90.1	30.1	-107.7	-253.5	2343.5	492.1	-83.2	
107.40	28.8	29.0	-10.1	0.0	-53.3	90.1	26.4	-105.9	-253.0	2346.1	436.1	-87.9	
107.45	28.9	28.8	-10.9	0.0	-52.5	90.1	22.0	-103.7	-249.1	2316.7	303.1	-90.1	
107.50	28.9	28.9	-10.3	0.0	-52.3	90.1	20.2	-105.9	-248.5	2308.9	217.8	-87.7	
107.55	29.0	27.8	-10.0	0.0	-52.9	90.1	16.8	-108.7	-252.8	2340.5	188.5	-87.0	
107.60	29.0	27.1	-11.6	0.0	-52.4	90.1	12.2	-107.9	-254.4	2310.5	162.0	-92.1	
107.65	29.1	27.0	-11.9	0.0	-51.6	90.1	15.4	-109.4	-250.7	2241.9	225.8	-92.6	
107.70	29.2	27.6	-10.8	0.0	-50.9	90.1	23.1	-111.7	-248.4	2156.8	371.9	-87.9	
107.75	29.2	27.7	-9.6	0.0	-49.0	90.1	25.3	-104.1	-251.1	2011.2	483.2	-82.0	
107.80	29.3	27.4	-8.9	0.0	-48.1	90.1	26.8	-97.5	-251.7	1935.9	547.5	-78.6	
107.85	29.3	26.9	-8.7	0.0	-47.1	90.1	29.8	-93.9	-247.9	1861.6	583.2	-76.9	
107.90	29.3	26.2	-9.1	0.0	-45.9	90.1	30.2	-88.6	-246.7	1779.4	599.3	-77.1	
107.95	29.4	25.6	-10.8	0.0	-45.8	90.1	24.5	-85.6	-249.6	1793.2	547.2	-83.0	
108.00	29.4	25.3	-13.0	0.0	-47.1	90.1	19.7	-89.7	-252.1	1905.4	487.6	-91.6	
108.05	29.5	25.6	-12.8	0.0	-48.6	90.1	20.8	-95.5	-251.1	2004.3	480.5	-92.5	
108.10	29.5	25.7	-12.4	0.0	-50.2	90.1	24.9	-98.4	-249.7	2100.3	550.8	-92.7	
108.15	29.5	25.0	-12.8	0.0	-51.1	90.1	24.0	-97.5	-250.1	2161.6	610.9	-95.0	
108.20	29.6	24.7	-12.7	0.0	-52.5	90.1	25.3	-99.4	-252.0	2234.2	709.5	-96.3	
108.25	29.6	24.4	-10.6	0.0	-54.1	90.1	29.6	-102.6	-252.9	2313.0	804.2	-90.3	
108.30	29.7	23.9	-8.3	0.0	-54.1	90.1	33.6	-100.1	-250.6	2305.4	853.6	-82.8	
108.35	29.7	23.9	-8.2	0.0	-54.0	90.1	33.6	-96.7	-248.4	2309.3	851.9	-82.3	
108.40	29.7	23.9	-8.5	0.0	-54.6	90.1	30.9	-97.0	-249.3	2362.4	831.7	-83.6	
108.45	29.8	23.9	-9.0	0.0	-54.4	90.1	25.1	-96.7	-251.3	2381.9	747.6	-85.4	
108.50	29.8	23.3	-9.5	0.0	-53.6	90.1	21.5	-95.8	-251.6	2356.4	642.9	-86.3	
108.55	29.9	23.2	-9.4	0.0	-52.2	90.1	20.9	-95.4	-248.5	2277.6	537.6	-84.4	
108.60	29.9	23.3	-9.2	0.0	-51.5	90.1	19.4	-99.0	-246.8	2231.0	457.2	-83.1	
108.65	29.9	22.9	-10.3	0.0	-51.6	90.1	15.5	-101.5	-250.6	2235.6	427.6	-87.0	
108.70	30.0	22.7	-11.0	0.0	-51.6	90.1	10.8	-101.7	-253.4	2242.9	369.5	-89.2	
108.75	30.0	22.7	-8.5	0.0	-51.0	90.1	12.6	-100.5	-251.5	2212.8	316.2	-80.1	
108.80	30.1	22.5	-5.2	0.0	-50.7	90.1	18.3	-99.9	-246.6	2198.1	270.9	-68.5	
108.85	30.1	22.0	-3.5	0.0	-51.3	90.1	18.1	-98.9	-245.0	2256.3	198.2	-63.5	
108.90	30.1	21.6	-4.1	0.0	-53.7	90.1	12.3	-100.6	-248.3	2435.7	130.6	-67.7	
108.95	30.2	22.0	-5.0	0.0	-57.4	90.1	8.0	-108.0	-250.8	2700.5	72.0	-74.4	
109.00	30.2	21.9	-4.1	0.0	-60.2	90.1	9.6	-113.4	-249.4	2898.7	38.6	-74.4	
109.05	30.3	21.6	-2.9	0.0	-60.8	90.1	11.3	-112.7	-247.6	2947.4	4.5	-70.7	
109.10	30.3	21.3	-3.8	0.0	-60.4	90.1	9.8	-114.6	-247.2	2907.5	-37.0	-73.3	
109.15	30.4	21.5	-4.9	0.0	-60.6	90.1	5.6	-118.6	-249.3	2913.6	-59.7	-77.5	
109.20	30.4	21.7	-6.0	0.0	-60.7	90.1	1.0	-114.5	-252.9	2930.8	-40.9	-81.4	
109.25	30.4	22.1	-4.8	0.0	-60.9	90.1	3.3	-110.4	-253.2	2956.1	13.2	-77.3	
109.30	30.5	22.6	-2.8	0.0	-61.0	90.1	10.3	-113.4	-248.6	2953.3	32.3	-70.5	
109.35	30.5	23.3	-1.9	0.0	-61.4	90.1	13.1	-117.0	-244.6	2979.1	23.6	-68.1	
109.40	30.5	24.3	-2.9	0.0	-62.4	90.1	11.0	-111.4	-247.6	3067.6	99.3	-72.5	
109.45	30.6	24.5	-3.5	0.0	-63.2	90.1	10.5	-107.0	-251.2	3128.3	238.4	-75.1	
109.50	30.6	24.0	-2.7	0.0	-63.5	90.1	15.3	-111.6	-248.8	3135.4	331.6	-72.8	
109.55	30.7	23.2	-1.4	0.0	-64.2	90.1	18.6	-118.6	-244.4	3167.7	329.8	-69.1	
109.60	30.7	23.0	-2.8	0.0	-65.4	90.1	16.4	-120.5	-246.1	3253.4	336.5	-75.1	
109.65	30.7	22.5	-5.3	0.0	-67.3	90.1	11.1	-123.0	-250.3	3388.7	353.0	-85.6	
109.70	30.8	22.1	-7.0	0.0	-69.3	90.1	7.5	-129.6	-250.2	3524.5	322.2	-93.3	
109.75	30.8	22.5	-7.1	0.0	-69.7	90.1	9.3	-130.6	-248.4	3550.9	315.5	-94.1	
109.80	30.8	22.8	-5.3	0.0	-68.3	90.1	13.1	-124.0	-245.9	3462.9	340.1	-86.6	
109.85	30.9	22.8	-3.6	0.0	-66.4	90.1	16.2	-118.3	-242.7	3335.4	371.5	-78.7	
109.90	30.9	22.0	-3.0	0.0	-66.3	90.1	19.6	-118.4	-241.7	3312.9	463.9	-76.7	
109.95	30.9	21.8	-2.4	0.0	-66.5	90.1	22.4	-117.5	-243.6	3305.3	598.0	-74.8	
