Time[s]	Rotor azimuth angle[deg]	Hub wind speed magnitude[m/s]	ACTTORQUE1[Nm]	PITRAT1[deg/s]	PITFRIC1[kNm]	PITCH1[deg]	Blade root 1 Fx[KN]	Blade root 1 Fy[KN]	Blade root 1 Fz[KN]	Blade root 1 Mx[kNm]	Blade root 1 My[kNm]	Blade root 1 Mz[kNm]	
END_OF_HEADER
50.00	291.8	10.9	-47.3	-0.0	246.3	-0.3	343.8	225.8	558.5	-4147.1	15328.4	84.0	
50.05	294.5	10.7	-46.9	-0.0	245.9	-0.3	340.5	214.6	544.4	-3835.6	15412.7	84.8	
50.10	297.1	10.9	-48.5	-0.0	245.5	-0.3	340.4	201.3	530.5	-3474.6	15498.7	79.0	
50.15	299.8	11.2	-49.8	-0.0	244.4	-0.3	341.3	192.2	520.0	-3230.2	15487.3	73.3	
50.20	302.5	11.5	-46.9	-0.0	241.8	-0.3	334.2	189.7	509.1	-3235.4	15317.9	80.8	
50.25	305.1	12.0	-42.0	-0.0	238.9	-0.3	322.4	189.6	495.4	-3358.7	15108.6	94.9	
50.30	307.8	12.4	-40.3	-0.0	237.5	-0.3	316.2	194.8	481.6	-3478.8	14990.1	99.2	
50.35	310.5	12.6	-40.9	-0.0	237.2	-0.3	316.6	194.3	471.2	-3646.3	14933.2	96.7	
50.40	313.1	12.5	-42.1	-0.0	237.4	-0.3	320.8	189.3	465.3	-3708.8	14937.1	92.7	
50.45	315.8	12.5	-43.8	-0.0	237.1	-0.3	322.5	181.2	457.2	-3531.2	14974.6	86.8	
50.50	318.5	12.6	-42.8	-0.0	234.6	-0.3	315.3	160.9	445.0	-3254.8	14899.6	87.6	
50.55	321.2	12.6	-41.2	-0.0	231.3	-0.3	309.0	144.8	436.2	-2946.6	14751.1	90.0	
50.60	323.8	12.5	-40.5	-0.0	227.8	-0.3	307.6	132.6	434.1	-2551.1	14575.3	88.9	
50.65	326.5	12.5	-39.8	-0.0	224.3	-0.3	303.9	115.8	429.8	-2182.2	14397.8	87.7	
50.70	329.1	12.6	-40.5	-0.0	222.7	-0.3	301.9	102.7	420.3	-1840.5	14350.1	83.6	
50.75	331.8	12.8	-42.2	-0.0	222.6	-0.3	302.9	100.3	412.8	-1514.5	14391.2	77.9	
50.80	334.4	12.9	-41.6	-0.0	222.3	-0.3	300.8	91.7	408.0	-1190.4	14409.8	79.5	
50.85	337.1	13.0	-42.3	-0.0	222.9	-0.3	301.2	76.8	402.4	-755.8	14505.8	77.8	
50.90	339.7	12.9	-47.8	-0.0	225.6	-0.3	307.9	63.7	397.2	-200.4	14718.7	61.4	
50.95	342.4	12.9	-50.5	-0.0	228.8	-0.3	315.3	46.4	394.6	339.7	14945.6	55.3	
51.00	345.0	13.1	-53.5	-0.0	231.3	-0.3	319.0	26.8	392.8	874.1	15115.6	47.8	
51.05	347.7	13.3	-56.3	-0.0	234.2	-0.3	322.5	9.9	389.0	1394.1	15290.8	40.8	
51.10	350.4	13.3	-56.8	-0.0	235.6	-0.3	320.9	-10.7	384.3	1754.2	15372.8	40.6	
51.15	353.0	13.2	-57.1	-0.0	236.1	-0.3	317.3	-26.0	380.3	2050.5	15382.2	40.2	
51.20	355.7	13.3	-55.8	-0.0	236.2	-0.3	312.2	-38.0	375.1	2316.7	15366.3	44.6	
51.25	358.3	13.4	-52.4	-0.0	235.3	-0.3	304.0	-54.0	370.2	2562.4	15278.0	55.5	
51.30	1.0	13.5	-54.3	-0.0	236.6	-0.3	305.5	-64.1	368.2	2833.6	15320.2	50.0	
51.35	3.6	13.5	-58.8	-0.0	239.5	-0.3	313.2	-72.4	368.8	3128.6	15458.4	37.7	
51.40	6.3	13.3	-60.2	-0.0	241.7	-0.3	318.4	-87.9	369.1	3359.6	15553.3	35.0	
51.45	8.9	13.2	-60.8	-0.0	242.8	-0.3	320.8	-98.0	371.4	3610.9	15568.4	34.0	
51.50	11.6	13.2	-62.1	-0.0	243.2	-0.3	321.1	-101.1	376.3	3832.7	15540.8	29.9	
51.55	14.2	13.3	-61.4	-0.0	243.1	-0.3	317.9	-105.2	380.4	3924.5	15513.4	32.4	
51.60	16.9	13.4	-60.5	-0.0	244.2	-0.3	317.1	-108.9	383.6	3921.4	15596.6	36.4	
51.65	19.5	13.3	-60.7	-0.0	247.3	-0.3	321.3	-121.6	388.1	3993.5	15790.3	39.0	
51.70	22.2	13.2	-62.9	-0.0	252.4	-0.3	331.3	-141.5	396.2	4285.2	16057.7	36.4	
51.75	24.9	13.2	-67.5	-0.0	258.6	-0.3	343.3	-158.5	406.0	4727.4	16354.4	26.7	
51.80	27.5	13.3	-70.4	-0.0	263.8	-0.3	350.4	-176.6	414.1	5152.2	16590.1	22.1	
51.85	30.2	13.4	-73.7	-0.0	268.8	-0.3	356.5	-195.2	420.6	5539.1	16816.9	15.7	
51.90	32.9	13.4	-79.1	-0.0	274.2	-0.3	365.0	-210.2	428.5	5921.7	17064.0	2.5	
51.95	35.5	13.5	-82.9	-0.0	277.4	-0.3	367.8	-222.9	435.5	6236.6	17179.6	-7.2	
52.00	38.2	13.4	-84.2	-0.0	277.8	-0.3	364.6	-226.6	442.2	6454.1	17124.0	-11.1	
52.05	40.8	13.4	-83.5	-0.0	276.6	-0.3	357.3	-230.9	449.9	6681.4	16951.1	-10.1	
52.10	43.5	13.4	-84.5	-0.0	276.7	-0.3	350.3	-242.7	457.5	7053.5	16793.9	-13.3	
52.15	46.1	13.5	-87.5	-0.0	278.3	-0.3	347.0	-253.6	466.8	7529.7	16697.9	-22.1	
52.20	48.8	13.4	-88.8	-0.0	279.6	-0.3	342.3	-269.9	476.6	7981.3	16573.9	-25.1	
52.25	51.4	13.1	-91.5	-0.0	281.9	-0.3	340.6	-284.4	487.2	8425.3	16511.4	-32.1	
52.30	54.1	12.9	-96.5	-0.0	285.5	-0.3	344.8	-290.6	498.4	8814.7	16581.2	-45.8	
52.35	56.8	12.6	-98.5	-0.0	288.3	-0.3	348.0	-303.1	506.7	8998.7	16682.0	-50.0	
52.40	59.4	12.5	-100.0	-0.0	290.9	-0.3	353.3	-313.4	514.5	9035.8	16841.8	-52.4	
52.45	62.1	12.8	-103.2	-0.0	294.1	-0.3	364.9	-311.8	526.0	9044.9	17077.1	-60.1	
52.50	64.8	12.9	-104.0	-0.0	296.1	-0.3	372.3	-316.4	537.9	9014.1	17227.7	-60.8	
52.55	67.4	13.0	-104.6	-0.0	298.2	-0.3	375.9	-328.5	548.9	9098.1	17312.4	-60.8	
52.60	70.1	12.8	-107.3	-0.0	301.4	-0.3	381.7	-337.4	560.5	9333.5	17417.9	-67.0	
52.65	72.7	12.7	-108.4	-0.0	303.2	-0.3	384.2	-344.7	571.1	9479.2	17463.0	-68.9	
52.70	75.4	12.5	-108.3	-0.0	303.9	-0.3	384.8	-347.1	582.3	9529.2	17484.4	-67.8	
52.75	78.0	12.5	-109.4	-0.0	304.7	-0.3	387.3	-343.7	594.6	9553.4	17523.1	-71.0	
52.80	80.7	12.4	-108.2	-0.0	303.1	-0.3	383.3	-346.5	603.9	9449.8	17436.7	-68.4	
52.85	83.3	12.3	-105.1	-0.0	299.3	-0.3	376.7	-335.5	616.0	9209.5	17270.0	-61.5	
52.90	86.0	12.0	-103.0	-0.0	295.2	-0.3	372.1	-314.6	630.8	8916.7	17118.5	-58.6	
52.95	88.6	11.8	-101.2	-0.0	293.0	-0.3	370.7	-310.9	644.8	8715.7	17035.4	-54.4	
53.00	91.3	11.8	-102.1	-0.0	294.5	-0.3	376.1	-321.2	659.0	8730.3	17110.5	-55.9	
53.05	93.9	12.0	-103.9	-0.0	297.9	-0.3	385.5	-322.9	673.8	8769.9	17336.6	-58.7	
53.10	96.6	12.2	-102.6	-0.0	300.1	-0.3	388.3	-322.7	685.2	8703.3	17538.7	-52.3	
53.15	99.3	12.3	-101.9	-0.0	302.3	-0.3	387.4	-327.1	695.3	8716.3	17705.0	-47.6	
53.20	101.9	12.3	-102.2	-0.0	305.0	-0.3	390.9	-332.1	708.8	8792.9	17864.0	-46.0	
53.25	104.6	12.3	-102.6	-0.0	306.5	-0.3	398.0	-331.3	723.5	8694.2	18012.7	-45.6	
53.30	107.2	12.5	-104.6	-0.0	307.8	-0.3	404.8	-319.9	736.9	8513.4	18201.6	-51.2	
53.35	109.9	12.7	-106.6	-0.0	308.7	-0.3	405.9	-307.1	746.3	8348.1	18363.9	-57.2	
53.40	112.5	12.8	-106.2	-0.0	308.4	-0.3	404.0	-302.1	755.5	8219.6	18401.7	-56.1	
53.45	115.1	12.7	-107.0	-0.0	307.7	-0.3	407.3	-293.1	772.8	8203.1	18350.8	-59.7	
53.50	117.8	12.7	-108.6	-0.0	307.2	-0.3	411.0	-286.9	790.1	8227.8	18282.8	-65.8	
53.55	120.4	12.6	-109.0	-0.0	306.4	-0.3	408.2	-289.7	799.4	8204.7	18218.7	-67.9	
53.60	123.1	12.6	-108.8	-0.0	305.7	-0.3	404.2	-288.3	809.2	8187.5	18172.7	-67.9	
53.65	125.8	12.5	-108.2	-0.0	304.6	-0.3	403.2	-282.4	822.4	8092.8	18125.2	-66.9	
53.70	128.4	12.3	-104.8	-0.0	301.2	-0.3	399.5	-274.8	831.8	7815.9	17988.4	-58.5	
53.75	131.1	12.4	-102.1	-0.0	297.2	-0.3	395.0	-257.7	837.4	7461.3	17846.0	-53.1	
53.80	133.7	12.4	-98.5	-0.0	292.8	-0.3	390.5	-244.2	844.0	7066.0	17678.6	-45.5	
53.85	136.4	12.5	-95.9	-0.0	289.0	-0.3	390.7	-238.0	853.0	6656.7	17531.3	-40.0	
53.90	139.1	12.4	-96.9	-0.0	287.0	-0.3	397.0	-227.1	863.0	6395.3	17457.0	-45.5	
53.95	141.7	12.5	-96.9	-0.0	283.9	-0.3	398.1	-213.8	871.5	6197.5	17288.4	-48.6	
54.00	144.4	12.7	-92.0	-0.0	277.2	-0.3	386.5	-203.2	878.5	5869.8	16907.2	-38.6	
54.05	147.0	12.8	-85.9	-0.0	269.1	-0.3	370.4	-185.0	885.8	5445.4	16465.0	-25.9	
54.10	149.7	12.7	-81.8	-0.0	262.4	-0.3	358.1	-168.1	889.2	5033.0	16122.4	-18.4	
54.15	152.4	12.6	-78.8	-0.0	255.6	-0.3	346.1	-159.0	891.7	4661.3	15737.4	-14.9	
54.20	155.0	12.5	-74.8	-0.0	247.7	-0.3	335.4	-137.2	899.5	4187.5	15304.9	-9.2	
54.25	157.7	12.5	-69.4	-0.0	240.9	-0.3	327.0	-110.3	908.3	3584.9	14973.7	2.8	
54.30	160.4	12.6	-66.3	-0.0	237.4	-0.3	321.2	-98.2	912.0	3075.7	14837.8	9.7	
54.35	163.0	12.9	-67.6	-0.0	238.0	-0.3	326.6	-98.8	915.7	2924.7	14900.0	5.9	
54.40	165.7	13.0	-70.3	-0.0	238.9	-0.3	337.2	-97.4	924.8	2742.0	14964.8	-2.4	
54.45	168.4	12.9	-69.6	-0.0	237.0	-0.3	340.3	-87.7	935.3	2497.0	14853.4	-1.8	
54.50	171.1	13.1	-72.0	-0.0	237.4	-0.3	344.1	-71.7	936.3	2353.1	14903.2	-9.8	
54.55	173.7	13.1	-72.0	-0.0	238.7	-0.3	345.7	-63.5	928.5	2141.9	15039.5	-8.6	
54.60	176.4	13.0	-67.2	-0.0	238.5	-0.3	345.3	-52.6	927.5	1790.5	15077.5	7.9	
54.65	179.0	13.0	-65.5	-0.0	237.8	-0.3	348.0	-28.5	933.7	1457.6	15059.5	12.9	
54.70	181.7	12.9	-66.3	-0.0	237.4	-0.3	348.4	-11.4	931.8	1225.8	15051.1	9.9	
54.75	184.3	12.9	-65.3	-0.0	235.0	-0.3	339.9	-2.6	926.7	1062.4	14909.2	10.9	
54.80	187.0	12.9	-64.9	-0.0	233.3	-0.3	337.8	17.7	931.2	843.1	14800.0	10.4	
54.85	189.7	12.8	-62.9	-0.0	231.8	-0.3	336.1	32.9	938.6	577.5	14694.5	16.0	
54.90	192.3	12.6	-61.9	-0.0	233.3	-0.3	338.6	31.3	931.5	360.7	14811.2	20.9	
54.95	195.0	12.4	-62.6	-0.0	235.9	-0.3	343.0	36.3	920.7	181.0	15004.8	21.0	
55.00	197.6	12.3	-61.1	-0.0	238.4	-0.3	347.4	54.4	916.0	-268.4	15174.9	28.8	
55.05	200.3	12.3	-57.9	-0.0	240.6	-0.3	349.6	70.0	914.0	-716.6	15317.6	41.8	
55.10	203.0	12.6	-58.4	-0.0	244.4	-0.3	356.0	77.2	906.0	-969.3	15576.3	44.1	
55.15	205.6	12.7	-58.4	-0.0	248.4	-0.3	362.7	80.2	897.2	-1249.9	15841.5	47.9	
55.20	208.3	12.7	-57.8	-0.0	251.4	-0.3	367.1	96.6	896.6	-1644.5	16011.7	52.9	
55.25	211.0	12.8	-57.6	-0.0	254.8	-0.3	372.6	121.2	895.7	-1973.9	16198.1	56.9	
55.30	213.6	12.7	-56.2	-0.0	258.3	-0.3	376.6	129.3	885.4	-2200.9	16424.0	65.3	
55.35	216.3	12.7	-55.4	-0.0	262.7	-0.3	386.0	133.0	873.8	-2401.6	16712.4	72.6	
55.40	218.9	12.8	-57.2	-0.0	267.8	-0.3	400.6	148.0	869.5	-2641.2	17020.9	71.5	
55.45	221.5	12.8	-56.9	-0.0	270.6	-0.3	403.7	160.7	864.6	-2918.6	17167.7	75.2	
55.50	224.2	12.8	-54.3	-0.0	270.8	-0.3	396.1	167.4	853.2	-3050.4	17185.2	84.6	
55.55	226.9	12.8	-51.6	-0.0	271.5	-0.3	391.0	178.7	841.3	-3182.9	17219.5	94.3	
55.60	229.5	13.0	-49.2	-0.0	272.4	-0.3	390.5	186.9	835.6	-3440.7	17241.1	103.4	
55.65	232.2	12.9	-49.2	-0.0	273.6	-0.3	392.5	194.5	832.2	-3699.5	17266.0	104.8	
55.70	234.9	12.8	-50.8	-0.0	276.0	-0.3	396.4	203.9	820.9	-3913.6	17387.8	101.5	
55.75	237.5	12.7	-49.1	-0.0	277.3	-0.3	394.0	210.1	805.4	-4193.2	17434.5	108.7	
55.80	240.2	12.9	-47.7	-0.0	277.4	-0.3	392.1	217.0	795.2	-4383.1	17400.8	113.8	
55.85	242.9	12.9	-48.9	-0.0	276.8	-0.3	393.7	220.1	788.2	-4363.9	17353.2	109.0	
55.90	245.5	12.8	-47.9	-0.0	274.2	-0.3	388.6	212.6	776.8	-4227.2	17215.8	109.6	
55.95	248.2	13.1	-45.7	-0.0	270.3	-0.3	375.5	212.6	761.3	-4119.9	16985.8	113.4	
56.00	250.8	13.2	-42.8	-0.0	266.3	-0.3	358.5	227.8	745.6	-4192.9	16691.7	119.4	
56.05	253.5	13.3	-40.3	-0.0	262.9	-0.3	345.0	245.4	731.5	-4410.2	16384.8	124.6	
56.10	256.1	13.4	-41.1	-0.0	260.1	-0.3	341.8	251.1	718.7	-4570.0	16124.8	118.9	
56.15	258.8	13.3	-44.7	-0.0	258.1	-0.3	347.8	252.4	708.6	-4697.8	15922.6	104.5	
56.20	261.5	13.2	-47.1	-0.0	256.3	-0.3	351.2	258.6	700.1	-4852.5	15725.5	94.8	
56.25	264.1	13.1	-44.8	-0.0	253.3	-0.3	342.4	261.3	689.3	-4964.7	15472.4	99.4	
56.30	266.8	13.3	-40.9	-0.0	250.3	-0.3	331.2	254.2	675.1	-4925.8	15299.0	109.9	
56.35	269.5	13.6	-38.9	-0.0	248.7	-0.3	325.5	243.5	660.3	-4808.3	15257.0	115.3	
56.40	272.2	13.9	-39.6	-0.0	249.2	-0.3	328.0	238.6	646.5	-4766.6	15321.5	113.2	
56.45	274.8	13.8	-42.2	-0.0	250.9	-0.3	335.5	239.6	634.5	-4830.7	15424.1	106.2	
56.50	277.5	13.7	-44.0	-0.0	253.1	-0.3	340.2	242.2	618.8	-4942.2	15562.9	102.0	
56.55	280.2	13.7	-44.7	-0.0	255.5	-0.3	341.5	245.6	601.9	-5170.2	15685.0	101.9	
56.60	282.8	13.9	-45.0	-0.0	256.9	-0.3	342.4	256.7	588.9	-5444.0	15690.5	102.5	
56.65	285.5	14.1	-44.9	-0.0	255.6	-0.3	343.6	263.4	582.7	-5491.1	15559.6	101.3	
56.70	288.2	14.2	-44.0	-0.0	252.1	-0.3	341.7	254.4	575.9	-5281.7	15378.1	100.9	
56.75	290.8	13.9	-43.7	-0.0	248.7	-0.3	338.6	243.2	564.7	-4982.3	15249.5	98.7	
56.80	293.5	13.8	-43.4	-0.0	245.0	-0.3	331.2	237.7	550.9	-4742.5	15070.4	96.0	
56.85	296.2	13.9	-41.5	-0.0	240.4	-0.3	319.4	229.6	536.5	-4594.7	14801.8	98.0	
56.90	298.8	13.7	-38.8	-0.0	235.8	-0.3	310.0	219.2	524.7	-4373.8	14560.8	102.7	
56.95	301.5	13.7	-34.5	-0.0	231.4	-0.3	299.7	208.6	516.6	-4146.9	14328.9	113.0	
57.00	304.2	13.6	-30.3	-0.0	229.1	-0.3	291.7	200.5	508.2	-4036.1	14218.7	124.9	
57.05	306.9	13.6	-32.3	-0.0	230.9	-0.3	295.3	196.3	495.4	-3891.3	14410.8	119.9	
57.10	309.5	13.6	-39.1	-0.0	234.9	-0.3	308.7	183.7	482.8	-3584.6	14798.0	100.8	
57.15	312.2	13.5	-45.0	-0.0	237.8	-0.3	324.4	165.0	476.0	-3140.6	15115.5	83.2	
57.20	314.9	13.3	-50.1	-0.0	238.8	-0.3	335.5	158.8	470.1	-2653.1	15270.8	66.7	
57.25	317.5	13.2	-48.9	-0.0	235.3	-0.3	325.1	152.9	456.4	-2296.0	15107.5	67.3	
57.30	320.2	13.0	-43.2	-0.0	228.4	-0.3	300.7	139.2	440.6	-2026.3	14713.2	80.3	
57.35	322.8	12.8	-39.6	-0.0	223.0	-0.3	286.2	131.5	433.3	-1761.8	14384.4	86.9	
57.40	325.5	12.7	-37.2	-0.0	219.6	-0.3	280.2	121.3	431.5	-1520.7	14182.2	91.7	
57.45	328.2	12.7	-38.0	-0.0	220.2	-0.3	281.9	110.1	423.2	-1291.8	14269.6	89.8	
57.50	330.8	12.8	-43.3	-0.0	225.1	-0.3	293.9	105.5	411.7	-1079.2	14635.8	76.4	
57.55	333.5	12.6	-48.8	-0.0	230.9	-0.3	310.7	93.2	406.0	-942.0	15057.8	63.6	
57.60	336.2	12.5	-53.1	-0.0	235.7	-0.3	325.6	74.0	403.8	-764.6	15403.1	53.4	
57.65	338.9	12.7	-54.6	-0.0	237.9	-0.3	331.6	57.3	398.7	-440.6	15581.1	50.4	
57.70	341.5	12.7	-50.1	-0.0	236.9	-0.3	324.2	44.1	390.6	-190.1	15540.9	64.9	
57.75	344.2	12.8	-44.8	-0.0	234.9	-0.3	314.8	37.0	385.6	-45.3	15423.4	81.2	
57.80	346.9	12.8	-45.6	-0.0	236.1	-0.3	318.4	30.5	386.0	131.6	15504.7	79.6	
57.85	349.6	12.8	-49.9	-0.0	239.4	-0.3	328.2	12.4	385.5	344.3	15727.6	68.1	
57.90	352.3	12.8	-53.9	-0.0	242.4	-0.3	336.6	3.9	382.5	521.3	15930.9	57.3	
57.95	354.9	12.9	-55.2	-0.0	242.1	-0.3	337.8	5.9	383.7	722.5	15893.2	52.5	
58.00	357.6	12.8	-53.7	-0.0	237.7	-0.3	328.0	-4.6	387.2	1058.9	15567.4	53.2	
58.05	0.2	12.9	-52.4	-0.0	232.7	-0.3	315.6	-26.8	388.6	1509.1	15187.1	52.8	
58.10	2.9	13.3	-52.1	-0.0	229.4	-0.3	306.6	-47.9	390.9	1990.7	14890.9	50.6	
58.15	5.6	13.4	-51.0	-0.0	227.7	-0.3	301.2	-62.2	394.6	2382.6	14713.9	52.5	
58.20	8.3	13.4	-52.4	-0.0	229.2	-0.3	301.7	-76.8	395.7	2772.4	14743.2	49.2	
58.25	11.0	13.3	-59.3	-0.0	234.3	-0.3	311.1	-92.8	395.3	3278.0	15000.3	30.8	
58.30	13.6	13.5	-65.8	-0.0	239.6	-0.3	321.7	-109.5	397.4	3707.9	15265.0	13.9	
58.35	16.3	13.6	-67.6	-0.0	242.3	-0.3	326.0	-126.2	401.4	3968.5	15371.9	10.3	
58.40	19.0	13.5	-69.9	-0.0	243.8	-0.3	326.0	-140.3	405.7	4359.2	15365.1	3.9	
58.45	21.7	13.2	-72.1	-0.0	244.9	-0.3	322.9	-156.7	407.2	4886.0	15279.5	-2.6	
58.50	24.4	13.4	-71.9	-0.0	244.6	-0.3	317.0	-173.9	411.3	5394.4	15078.5	-2.1	
58.55	27.0	13.7	-71.3	-0.0	243.9	-0.3	312.3	-184.0	421.2	5805.3	14850.4	-0.9	
58.60	29.7	13.9	-71.7	-0.0	243.6	-0.3	306.7	-195.2	428.4	6120.2	14688.5	-2.6	
58.65	32.4	13.9	-73.3	-0.0	245.2	-0.3	303.2	-210.6	427.9	6397.8	14689.8	-6.6	
58.70	35.1	14.0	-76.3	-0.0	248.8	-0.3	308.2	-219.3	432.1	6647.8	14842.9	-13.0	
58.75	37.7	14.2	-79.3	-0.0	253.1	-0.3	319.3	-226.0	445.1	6842.8	15062.0	-19.2	
58.80	40.4	13.9	-83.4	-0.0	258.3	-0.3	331.2	-231.1	457.1	6968.3	15383.7	-28.1	
58.85	43.1	13.6	-86.7	-0.0	263.5	-0.3	337.1	-240.7	461.7	7054.7	15741.2	-34.3	
58.90	45.8	13.3	-86.4	-0.0	267.2	-0.3	337.8	-253.6	465.7	7089.3	16003.6	-29.4	
58.95	48.5	13.2	-86.3	-0.0	270.5	-0.3	343.0	-258.7	478.1	7165.7	16203.7	-26.0	
59.00	51.2	13.1	-87.8	-0.0	274.0	-0.3	349.2	-264.1	491.8	7315.8	16390.0	-27.5	
59.05	53.9	12.9	-90.3	-0.0	278.3	-0.3	354.2	-277.1	497.2	7452.9	16643.1	-31.7	
59.10	56.5	13.3	-93.8	-0.0	282.6	-0.3	363.6	-282.4	503.1	7512.7	16932.2	-39.6	
59.15	59.2	13.6	-96.3	-0.0	285.0	-0.3	373.7	-286.8	517.2	7547.1	17071.4	-45.6	
59.20	61.9	13.6	-99.2	-0.0	286.2	-0.3	379.7	-294.7	534.3	7709.1	17055.0	-54.4	
59.25	64.6	13.8	-100.7	-0.0	286.4	-0.3	379.4	-296.1	546.6	7889.2	16979.2	-59.4	
59.30	67.3	14.1	-97.0	-0.0	283.8	-0.3	367.8	-294.2	554.3	7862.3	16794.3	-49.3	
59.35	69.9	14.4	-93.5	-0.0	280.7	-0.3	356.5	-290.5	565.4	7816.7	16583.0	-40.4	
59.40	72.6	14.6	-95.6	-0.0	280.3	-0.3	354.6	-294.5	580.3	7987.4	16454.3	-47.9	
59.45	75.3	14.6	-96.8	-0.0	280.6	-0.3	352.9	-312.9	593.2	8209.0	16321.0	-51.6	
59.50	78.0	14.5	-95.8	-0.0	280.5	-0.3	352.2	-318.1	606.9	8309.5	16243.3	-48.4	
59.55	80.6	14.3	-97.5	-0.0	281.8	-0.3	356.0	-312.3	623.0	8409.8	16293.8	-52.9	
59.60	83.3	14.2	-101.9	-0.0	285.3	-0.3	361.7	-323.6	635.8	8652.0	16419.1	-64.5	
59.65	86.0	14.1	-107.9	-0.0	290.0	-0.3	373.5	-334.6	649.5	8960.6	16586.1	-80.4	
59.70	88.7	14.3	-108.6	-0.0	291.9	-0.3	383.7	-335.6	666.2	9049.3	16663.6	-80.9	
59.75	91.4	14.6	-106.3	-0.0	291.0	-0.3	380.9	-340.1	679.1	8965.0	16618.8	-73.7	
59.80	94.0	14.9	-108.0	-0.0	290.8	-0.3	373.8	-331.2	688.1	8948.9	16633.5	-79.9	
59.85	96.7	15.0	-108.5	-0.0	289.3	-0.3	365.1	-321.0	697.7	8924.3	16557.4	-83.3	
59.90	99.4	14.9	-104.0	-0.0	285.3	-0.3	355.7	-327.7	712.4	8879.9	16233.0	-71.7	
59.95	102.1	14.8	-103.7	-0.0	283.3	-0.3	355.7	-327.6	731.2	8936.7	16009.9	-72.5	
60.00	104.8	14.7	-104.4	-0.0	283.4	-0.3	356.7	-323.8	741.5	8963.0	15998.4	-75.0	
60.05	107.5	14.9	-100.8	-0.0	281.8	-0.3	349.3	-325.2	744.7	8855.5	15933.3	-64.3	
60.10	110.1	14.9	-96.8	-0.0	279.6	-0.3	346.7	-315.5	754.7	8705.5	15850.2	-52.8	
60.15	112.8	14.7	-94.5	-0.0	278.0	-0.3	353.2	-303.6	770.2	8473.6	15834.4	-46.2	
60.20	115.5	14.6	-93.4	-0.0	277.8	-0.3	359.1	-299.8	781.7	8203.3	15942.8	-42.7	
60.25	118.2	14.2	-95.9	-0.0	280.6	-0.3	366.5	-291.2	789.7	7960.5	16291.5	-48.7	
60.30	120.9	13.5	-96.1	-0.0	283.3	-0.3	375.5	-280.0	799.6	7601.4	16680.0	-46.6	
60.35	123.6	13.4	-96.9	-0.0	286.3	-0.3	388.4	-271.4	813.6	7290.9	17029.8	-46.4	
60.40	126.3	13.3	-102.0	-0.0	291.9	-0.3	406.6	-261.0	827.5	7210.2	17482.4	-58.4	
60.45	128.9	13.2	-104.6	-0.0	297.3	-0.3	420.8	-257.5	835.4	7097.9	17935.8	-61.6	
60.50	131.6	12.8	-103.4	-0.0	299.7	-0.3	427.8	-253.8	842.9	6842.0	18210.9	-55.1	
60.55	134.3	12.4	-102.7	-0.0	300.0	-0.3	432.1	-241.2	856.0	6585.9	18321.1	-52.5	
60.60	137.0	12.0	-100.2	-0.0	298.0	-0.3	430.7	-235.9	865.2	6329.5	18260.2	-45.9	
60.65	139.7	12.0	-95.8	-0.0	294.1	-0.3	424.6	-229.9	872.9	6056.8	18059.6	-34.7	
60.70	142.4	11.8	-91.7	-0.0	288.5	-0.3	417.8	-208.8	887.0	5730.0	17757.5	-26.3	
60.75	145.0	11.7	-86.2	-0.0	281.3	-0.3	405.6	-194.4	900.6	5412.9	17328.4	-14.7	
60.80	147.7	11.7	-82.6	-0.0	276.2	-0.3	394.7	-186.3	906.1	5173.8	17031.8	-7.5	
60.85	150.4	11.9	-80.6	-0.0	273.1	-0.3	387.3	-171.9	910.1	4985.0	16879.9	-3.6	
60.90	153.1	12.0	-79.2	-0.0	271.0	-0.3	383.8	-158.2	919.4	4791.3	16789.6	-1.0	
60.95	155.7	11.9	-80.9	-0.0	272.4	-0.3	391.0	-149.2	928.1	4640.0	16923.9	-5.2	
61.00	158.4	11.6	-85.2	-0.0	275.9	-0.3	402.3	-138.3	933.2	4504.8	17214.5	-16.4	
61.05	161.1	11.6	-83.9	-0.0	277.1	-0.3	405.6	-128.3	935.5	4166.4	17389.6	-10.9	
61.10	163.8	11.8	-80.2	-0.0	275.3	-0.3	402.0	-116.2	942.4	3834.3	17338.9	-0.1	
61.15	166.5	11.9	-80.2	-0.0	275.3	-0.3	404.8	-101.2	948.0	3606.3	17383.8	-0.1	
61.20	169.2	11.8	-76.3	-0.0	274.5	-0.3	400.8	-90.9	949.5	3380.1	17388.9	12.7	
61.25	171.9	11.5	-72.7	-0.0	276.0	-0.3	401.7	-82.5	946.2	3104.3	17560.8	26.3	
61.30	174.6	11.4	-70.6	-0.0	279.1	-0.3	407.7	-71.0	944.5	2793.9	17839.0	36.7	
61.35	177.3	11.4	-72.2	-0.0	283.8	-0.3	420.5	-63.8	943.7	2546.2	18201.5	36.1	
61.40	180.0	11.4	-75.0	-0.0	287.5	-0.3	431.4	-53.9	943.3	2279.9	18490.2	29.9	
61.45	182.7	11.2	92.8	-0.0	-288.9	-0.3	437.2	-31.7	944.6	1843.6	18637.0	29.8	
61.50	185.4	11.2	95.6	-0.0	-286.8	-0.3	432.8	-11.5	946.2	1301.9	18541.1	41.2	
61.55	188.1	11.3	94.7	-0.0	-284.2	-0.3	428.8	0.8	946.5	893.6	18375.8	41.1	
61.60	190.7	11.2	94.8	-0.0	-279.8	-0.3	419.3	16.8	945.3	528.3	18084.7	45.5	
61.65	193.4	11.0	98.0	-0.0	-272.6	-0.3	400.1	35.1	942.0	118.4	17601.7	64.0	
61.70	196.1	10.8	103.1	-0.0	-264.8	-0.3	377.2	55.8	936.9	-270.5	17076.8	89.2	
61.75	198.8	11.0	102.7	-0.0	-260.2	-0.3	363.8	68.5	931.5	-469.2	16757.6	92.4	
61.80	201.5	11.1	99.8	-0.0	-258.3	-0.3	358.8	71.8	926.6	-725.9	16619.1	84.2	
61.85	204.2	11.3	99.1	-0.0	-257.6	-0.3	357.9	85.5	925.7	-1191.4	16533.6	82.8	
61.90	206.9	11.4	99.1	-0.0	-258.9	-0.3	363.2	111.9	925.5	-1618.3	16561.9	81.3	
61.95	209.6	11.4	97.4	-0.0	-260.5	-0.3	365.4	130.0	919.6	-1949.6	16628.4	73.9	
62.00	212.3	11.5	96.1	-0.0	-261.3	-0.3	363.3	141.2	910.3	-2290.4	16652.9	68.4	
62.05	215.0	11.8	97.4	-0.0	-261.4	-0.3	361.0	156.7	903.4	-2656.5	16598.5	73.1	
62.10	217.7	12.0	100.3	-0.0	-260.3	-0.3	356.8	161.2	894.5	-2935.3	16479.4	83.9	
62.15	220.4	12.2	100.2	-0.0	-260.3	-0.3	355.1	161.8	881.6	-3055.2	16470.9	83.8	
62.20	223.1	12.3	100.2	-0.0	-260.8	-0.3	354.0	174.2	870.4	-3189.6	16480.6	83.1	
62.25	225.8	12.5	102.8	-0.0	-260.8	-0.3	351.7	188.5	863.4	-3475.7	16415.4	92.1	
62.30	228.5	12.6	103.9	-0.0	-261.6	-0.3	354.7	199.0	857.2	-3728.4	16405.0	94.9	
62.35	231.2	12.5	102.0	-0.0	-263.0	-0.3	361.2	201.5	847.0	-3893.1	16457.2	87.2	
62.40	233.9	12.6	100.9	-0.0	-262.7	-0.3	360.2	207.8	835.9	-4141.1	16377.8	83.6	
62.45	236.6	12.6	101.5	-0.0	-261.9	-0.3	356.1	227.6	826.7	-4500.2	16206.0	86.7	
62.50	239.3	12.6	102.0	-0.0	-259.7	-0.3	349.7	241.9	816.9	-4764.5	15957.3	90.4	
62.55	242.0	12.8	100.8	-0.0	-255.8	-0.3	342.4	236.3	805.7	-4777.9	15679.3	90.2	
62.60	244.7	13.1	99.1	-0.0	-250.7	-0.3	336.3	227.9	797.7	-4630.0	15359.3	89.5	
62.65	247.5	13.4	98.3	-0.0	-247.1	-0.3	332.2	228.0	789.4	-4573.8	15108.0	90.3	
62.70	250.2	13.8	98.5	-0.0	-245.5	-0.3	327.4	231.1	774.8	-4581.7	15002.1	92.7	
62.75	252.9	13.8	95.9	-0.0	-246.2	-0.3	327.2	239.2	756.8	-4552.2	15059.3	83.1	
62.80	255.6	13.7	93.4	-0.0	-246.7	-0.3	330.8	242.4	740.9	-4655.3	15069.2	73.9	
62.85	258.3	13.2	93.8	-0.0	-244.9	-0.3	330.2	243.4	728.9	-4933.5	14843.7	77.1	
62.90	260.9	13.5	94.3	-0.0	-242.0	-0.3	324.3	255.8	716.9	-5144.2	14544.1	81.7	
62.95	263.6	13.8	95.3	-0.0	-238.0	-0.3	309.2	266.1	701.1	-5211.3	14225.2	89.3	
63.00	266.3	14.1	97.6	-0.0	-234.4	-0.3	295.4	267.3	685.3	-5177.0	13989.7	100.5	
63.05	269.0	14.0	98.5	-0.0	-233.0	-0.3	295.1	263.7	675.2	-5032.1	13945.4	105.3	
63.10	271.7	13.7	98.4	-0.0	-233.6	-0.3	302.5	248.4	664.5	-4809.9	14095.6	104.1	
63.15	274.4	13.5	95.7	-0.0	-236.4	-0.3	310.9	232.9	647.5	-4579.8	14417.2	92.0	
63.20	277.1	13.6	95.3	-0.0	-241.2	-0.3	317.1	240.7	627.8	-4568.9	14791.6	86.0	
63.25	279.8	13.4	99.8	-0.0	-245.2	-0.3	318.7	250.2	613.7	-4868.7	15004.9	97.5	
63.30	282.5	13.1	103.9	-0.0	-249.0	-0.3	321.7	256.5	602.0	-5196.7	15181.6	107.6	
63.35	285.2	13.0	102.7	-0.0	-252.2	-0.3	328.8	256.6	590.7	-5314.8	15389.3	100.3	
63.40	287.9	12.9	102.9	-0.0	-253.1	-0.3	330.2	251.6	579.1	-5377.3	15461.6	100.1	
63.45	290.6	12.8	103.7	-0.0	-252.6	-0.3	329.8	250.3	570.3	-5387.4	15427.7	103.3	
63.50	293.3	12.7	100.7	-0.0	-251.2	-0.3	333.7	249.1	564.4	-5128.2	15397.4	94.5	
63.55	296.0	12.6	96.7	-0.0	-247.7	-0.3	332.3	231.4	555.2	-4746.0	15289.3	84.1	
63.60	298.8	12.6	96.3	-0.0	-243.6	-0.3	323.1	216.6	543.0	-4573.3	15071.3	86.9	
63.65	301.5	12.8	98.7	-0.0	-239.8	-0.3	311.2	221.4	533.0	-4618.6	14790.2	99.0	
63.70	304.2	12.7	101.6	-0.0	-236.4	-0.3	298.2	223.3	524.0	-4657.7	14544.1	112.3	
63.75	306.9	12.7	102.0	-0.0	-234.6	-0.3	291.6	217.0	513.7	-4549.8	14472.6	115.4	
63.80	309.6	12.6	100.8	-0.0	-234.9	-0.3	294.3	214.7	505.7	-4400.0	14542.7	111.1	
63.85	312.3	12.5	99.9	-0.0	-235.9	-0.3	298.9	212.5	499.3	-4302.5	14646.8	107.2	
63.90	315.0	12.4	97.3	-0.0	-236.5	-0.3	304.0	197.7	491.5	-3937.1	14815.0	97.4	
63.95	317.7	12.3	94.2	-0.0	-236.5	-0.3	308.5	173.2	481.9	-3256.8	15015.5	87.0	
64.00	320.4	12.7	94.8	-0.0	-235.0	-0.3	305.4	148.9	472.7	-2680.2	15065.1	90.6	
64.05	323.1	12.9	96.3	-0.0	-233.5	-0.3	301.3	134.5	463.0	-2355.5	15042.7	97.1	
64.10	325.8	12.9	92.7	-0.0	-234.9	-0.3	306.7	126.4	451.0	-2076.6	15189.1	83.3	
64.15	328.5	13.0	88.1	-0.0	-236.9	-0.3	314.6	114.7	440.9	-1745.2	15383.1	65.7	
64.20	331.2	12.9	87.5	-0.0	-236.2	-0.3	315.3	102.0	435.9	-1491.7	15375.1	64.1	
64.25	333.9	12.6	87.7	-0.0	-232.6	-0.3	308.0	95.6	431.6	-1283.3	15144.2	68.5	
64.30	336.6	12.7	85.0	-0.0	-227.8	-0.3	297.6	88.6	423.1	-916.8	14850.1	63.9	
64.35	339.3	12.6	82.0	-0.0	-222.5	-0.3	285.7	67.9	415.9	-390.1	14530.7	58.9	
64.40	342.1	12.5	80.9	-0.0	-219.1	-0.3	280.2	42.6	413.8	107.6	14305.2	58.6	
64.45	344.8	12.5	79.5	-0.0	-219.0	-0.3	284.8	27.0	413.1	539.0	14284.8	53.8	
64.50	347.5	12.5	75.6	-0.0	-221.6	-0.3	295.1	16.4	406.4	882.1	14440.1	37.9	
64.55	350.2	12.5	71.3	-0.0	-224.1	-0.3	304.3	4.2	397.8	1057.1	14597.6	20.6	
64.60	352.9	12.4	70.7	-0.0	-223.2	-0.3	307.2	-2.9	398.5	1119.7	14514.0	19.4	
64.65	355.7	12.5	73.2	-0.0	-218.1	-0.3	300.1	-10.4	405.2	1152.9	14144.6	33.2	
64.70	358.4	12.6	73.8	-0.0	-212.6	-0.3	288.3	-20.8	403.9	1282.5	13746.8	40.6	
64.75	1.1	12.6	71.5	-0.0	-209.3	-0.3	279.4	-28.2	398.1	1599.6	13486.6	36.4	
64.80	3.8	12.5	71.3	-0.0	-207.8	-0.3	275.5	-39.5	398.1	1958.7	13332.1	36.9	
64.85	6.5	12.4	72.1	-0.0	-207.9	-0.3	276.5	-57.5	402.2	2268.1	13278.3	39.5	
64.90	9.2	12.1	69.0	-0.0	-210.1	-0.3	282.2	-74.7	403.2	2628.6	13352.1	26.8	
64.95	12.0	12.2	65.7	-0.0	-210.6	-0.3	280.8	-87.4	402.2	2954.0	13317.4	14.9	
65.00	14.7	12.3	67.8	-0.0	-208.4	-0.3	272.1	-92.6	405.4	3100.4	13128.1	24.3	
65.05	17.4	12.3	70.7	-0.0	-207.7	-0.3	269.2	-94.8	413.5	3147.4	13063.0	34.9	
65.10	20.1	12.0	70.0	-0.0	-211.6	-0.3	275.9	-106.4	421.3	3380.5	13275.9	28.7	
65.15	22.8	12.0	66.9	-0.0	-218.9	-0.3	286.3	-128.1	424.4	3763.5	13688.3	10.7	
65.20	25.5	12.1	66.7	-0.0	-225.4	-0.3	293.0	-147.7	427.0	4113.6	14049.6	3.6	
65.25	28.2	12.1	69.1	-0.0	-230.0	-0.3	297.3	-161.7	435.2	4505.7	14261.5	7.3	
65.30	30.9	12.0	70.0	-0.0	-234.6	-0.3	300.7	-178.4	446.2	5053.1	14397.2	5.8	
65.35	33.6	11.8	70.3	-0.0	-239.3	-0.3	302.8	-202.0	454.9	5628.6	14517.5	1.9	
65.40	36.3	12.0	71.7	-0.0	-244.3	-0.3	307.8	-224.5	461.5	6016.2	14706.4	2.0	
65.45	39.0	11.9	72.3	-0.0	-250.5	-0.3	319.8	-237.5	470.1	6300.8	15038.2	-2.3	
65.50	41.7	11.7	70.0	-0.0	-258.0	-0.3	334.9	-237.6	482.4	6569.3	15490.4	-17.6	
65.55	44.4	11.7	67.9	-0.0	-264.4	-0.3	341.8	-239.6	491.5	6806.1	15889.1	-31.2	
65.60	47.1	11.8	67.9	-0.0	-269.1	-0.3	341.5	-249.0	497.0	7083.9	16136.6	-35.9	
65.65	49.8	12.0	68.6	-0.0	-272.7	-0.3	343.1	-257.9	506.7	7427.2	16247.6	-37.3	
65.70	52.5	12.0	68.2	-0.0	-276.0	-0.3	346.3	-275.4	520.0	7860.7	16268.2	-41.9	
65.75	55.3	11.7	65.3	-0.0	-281.0	-0.3	352.7	-290.9	531.5	8350.4	16392.8	-56.9	
65.80	58.0	11.4	64.0	-0.0	-286.3	-0.3	358.7	-301.9	537.1	8701.1	16613.8	-66.6	
65.85	60.7	11.3	66.2	-0.0	-289.7	-0.3	363.6	-309.7	543.2	8789.9	16828.3	-62.4	
65.90	63.4	11.4	68.3	-0.0	-293.0	-0.3	370.5	-311.8	554.2	8775.5	17083.0	-58.5	
65.95	66.1	11.5	69.0	-0.0	-297.2	-0.3	377.3	-312.1	564.5	8778.8	17412.7	-60.2	
66.00	68.9	11.3	70.5	-0.0	-301.1	-0.3	382.3	-313.5	572.3	8736.9	17736.5	-59.0	
66.05	71.6	11.4	72.4	-0.0	-304.1	-0.3	389.1	-313.5	582.9	8632.8	18018.8	-55.5	
66.10	74.3	11.5	73.2	-0.0	-307.9	-0.3	399.1	-317.7	596.3	8637.5	18284.5	-56.4	
66.15	77.0	11.5	72.0	-0.0	-312.5	-0.3	411.0	-321.9	610.9	8812.7	18535.4	-65.4	
66.20	79.7	11.5	71.5	-0.0	-315.0	-0.3	416.2	-326.1	624.5	8918.4	18663.2	-69.4	
66.25	82.4	11.5	74.2	-0.0	-313.8	-0.3	411.4	-329.9	637.6	8845.7	18593.5	-59.1	
66.30	85.1	11.6	75.0	-0.0	-311.8	-0.3	406.1	-331.1	652.9	8793.4	18443.9	-54.2	
66.35	87.8	11.5	72.7	-0.0	-308.9	-0.3	401.7	-326.8	670.0	8743.0	18230.2	-59.2	
66.40	90.5	11.4	72.6	-0.0	-303.7	-0.3	392.9	-321.9	686.3	8554.9	17904.9	-54.5	
66.45	93.2	11.4	73.7	-0.0	-298.8	-0.3	384.7	-316.6	702.5	8384.8	17595.5	-45.8	
66.50	95.9	11.3	73.1	-0.0	-297.0	-0.3	382.7	-315.1	718.6	8380.8	17436.4	-45.9	
66.55	98.6	11.3	72.1	-0.0	-296.5	-0.3	382.5	-319.7	733.2	8458.6	17336.2	-48.9	
66.60	101.3	11.4	72.4	-0.0	-295.6	-0.3	383.8	-320.8	749.3	8498.2	17219.6	-46.9	
66.65	104.0	11.5	72.8	-0.0	-295.3	-0.3	385.6	-322.5	765.6	8559.8	17139.7	-45.2	
66.70	106.8	11.7	73.2	-0.0	-295.6	-0.3	386.0	-325.0	778.5	8611.5	17124.4	-44.1	
66.75	109.5	11.8	72.5	-0.0	-296.2	-0.3	386.7	-317.8	788.2	8590.7	17190.7	-47.3	
66.80	112.2	11.9	72.9	-0.0	-296.2	-0.3	388.0	-304.1	797.8	8445.5	17278.2	-45.9	
66.85	114.9	11.9	73.0	-0.0	-296.7	-0.3	392.2	-296.2	809.2	8274.3	17396.5	-46.1	
66.90	117.7	11.8	71.4	-0.0	-299.7	-0.3	402.4	-293.6	820.6	8231.7	17639.8	-54.6	
66.95	120.4	11.5	69.9	-0.0	-303.6	-0.3	413.5	-284.9	830.5	8164.5	17970.7	-63.7	
67.00	123.1	11.5	70.8	-0.0	-305.5	-0.3	417.4	-274.3	839.4	8014.2	18203.5	-62.4	
67.05	125.9	11.5	71.8	-0.0	-307.3	-0.3	420.8	-270.3	848.8	7900.4	18389.4	-60.7	
67.10	128.6	11.5	72.1	-0.0	-308.3	-0.3	425.0	-272.3	859.6	7813.3	18485.1	-60.9	
67.15	131.3	11.6	73.2	-0.0	-306.6	-0.3	424.7	-271.1	870.8	7622.2	18416.4	-55.3	
67.20	134.1	11.7	74.3	-0.0	-304.2	-0.3	421.9	-258.6	878.1	7267.1	18389.3	-49.1	
67.25	136.8	11.8	77.0	-0.0	-302.0	-0.3	418.3	-241.4	882.1	6820.6	18418.6	-37.7	
67.30	139.5	11.7	78.1	-0.0	-300.4	-0.3	419.4	-227.8	890.1	6437.7	18435.8	-32.2	
67.35	142.3	11.7	77.7	-0.0	-298.1	-0.3	421.3	-217.8	901.7	6090.4	18372.9	-31.6	
67.40	145.0	12.0	79.0	-0.0	-293.9	-0.3	416.0	-204.4	911.6	5696.6	18190.4	-22.9	
67.45	147.7	12.2	79.9	-0.0	-287.3	-0.3	402.2	-183.4	918.9	5346.4	17832.4	-12.9	
67.50	150.4	12.3	78.0	-0.0	-281.1	-0.3	391.7	-164.8	926.7	5079.0	17470.4	-13.3	
67.55	153.1	12.4	75.6	-0.0	-277.1	-0.3	390.5	-152.4	935.8	4773.3	17250.4	-17.6	
67.60	155.8	12.7	74.2	-0.0	-273.9	-0.3	391.4	-139.9	947.6	4416.5	17097.9	-19.1	
67.65	158.5	12.9	74.6	-0.0	-270.9	-0.3	388.7	-124.1	952.7	3955.2	16994.3	-14.8	
67.70	161.3	13.0	75.1	-0.0	-267.0	-0.3	379.8	-107.2	953.7	3552.6	16822.1	-9.4	
67.75	164.0	13.1	77.2	-0.0	-263.8	-0.3	373.0	-94.6	955.6	3284.3	16657.3	1.3	
67.80	166.7	13.3	80.0	-0.0	-261.5	-0.3	369.5	-87.4	960.3	3051.4	16537.0	13.1	
67.85	169.4	13.5	81.4	-0.0	-259.4	-0.3	364.6	-81.1	964.1	2885.3	16419.8	19.9	
67.90	172.2	13.4	80.0	-0.0	-259.6	-0.3	364.8	-74.1	958.1	2695.7	16475.2	15.0	
67.95	174.9	13.1	78.8	-0.0	-260.3	-0.3	366.4	-57.2	953.0	2404.0	16579.4	10.2	
68.00	177.6	12.9	80.0	-0.0	-262.2	-0.3	374.4	-34.6	954.6	2052.1	16759.2	12.4	
68.05	180.3	12.8	80.6	-0.0	-264.3	-0.3	382.8	-23.8	959.0	1758.3	16922.4	12.3	
68.10	183.0	12.8	84.1	-0.0	-265.0	-0.3	384.2	-17.0	957.7	1512.9	16995.2	23.8	
68.15	185.8	12.7	85.8	-0.0	-265.1	-0.3	382.6	-1.9	952.9	1223.5	17037.5	29.4	
68.20	188.5	12.5	85.7	-0.0	-264.9	-0.3	381.9	13.6	951.8	976.2	17041.1	29.3	
68.25	191.2	12.3	86.8	-0.0	-264.1	-0.3	380.6	22.7	953.4	839.5	16993.2	33.8	
68.30	193.9	12.3	89.2	-0.0	-262.4	-0.3	374.1	24.8	950.6	730.0	16890.1	43.8	
68.35	196.6	12.6	91.7	-0.0	-261.3	-0.3	366.3	31.1	941.8	447.6	16845.5	53.3	
68.40	199.4	12.6	94.4	-0.0	-262.0	-0.3	364.3	50.6	934.9	2.5	16907.4	62.1	
68.45	202.1	12.5	97.7	-0.0	-264.8	-0.3	371.2	71.2	934.4	-471.3	17085.5	70.7	
68.50	204.8	12.4	98.9	-0.0	-269.8	-0.3	384.9	85.6	934.1	-883.6	17399.8	69.6	
68.55	207.5	12.4	101.7	-0.0	-274.4	-0.3	394.3	99.3	930.1	-1304.9	17689.3	74.8	
68.60	210.2	12.5	104.4	-0.0	-278.0	-0.3	397.9	116.0	923.1	-1681.7	17908.2	80.3	
68.65	212.9	12.5	105.8	-0.0	-282.0	-0.3	403.4	130.6	914.9	-1949.1	18167.3	81.3	
68.70	215.6	12.2	106.0	-0.0	-284.4	-0.3	406.8	136.6	907.9	-2124.2	18320.3	79.3	
68.75	218.3	12.0	108.7	-0.0	-286.1	-0.3	407.9	146.7	898.4	-2389.0	18414.6	86.8	
68.80	221.0	11.8	111.5	-0.0	-288.3	-0.3	406.6	166.1	885.6	-2794.2	18515.4	94.5	
68.85	223.7	11.6	113.3	-0.0	-290.4	-0.3	406.0	181.0	872.9	-3256.2	18594.4	98.6	
68.90	226.4	11.8	112.6	-0.0	-291.1	-0.3	409.3	191.7	865.0	-3619.9	18564.3	95.5	
68.95	229.1	11.9	112.1	-0.0	-290.3	-0.3	413.1	203.5	860.3	-3967.8	18409.0	94.5	
69.00	231.8	11.7	113.0	-0.0	-288.1	-0.3	410.0	215.2	850.4	-4337.6	18152.9	99.9	
69.05	234.5	11.5	112.9	-0.0	-283.7	-0.3	398.4	219.7	836.1	-4562.6	17791.4	103.8	
69.10	237.3	11.4	111.8	-0.0	-277.8	-0.3	386.3	217.2	823.1	-4614.4	17363.6	105.8	
69.15	240.0	11.4	110.4	-0.0	-271.1	-0.3	376.4	219.4	815.3	-4650.4	16860.6	107.8	
69.20	242.7	11.7	109.8	-0.0	-265.1	-0.3	367.5	225.5	807.0	-4741.1	16383.1	111.9	
69.25	245.4	11.7	107.8	-0.0	-260.3	-0.3	356.0	229.9	796.4	-4818.3	16006.6	109.7	
69.30	248.2	11.4	105.2	-0.0	-257.1	-0.3	344.9	238.4	783.6	-4917.6	15746.9	104.1	
69.35	250.9	11.3	103.2	-0.0	-253.5	-0.3	335.5	249.4	772.8	-5100.9	15416.5	100.8	
69.40	253.6	11.3	100.8	-0.0	-248.7	-0.3	332.5	254.0	766.5	-5109.5	15034.4	97.5	
69.45	256.3	11.4	95.8	-0.0	-242.7	-0.3	331.8	247.2	759.3	-4788.5	14684.8	86.0	
69.50	259.0	11.7	91.9	-0.0	-237.0	-0.3	324.1	236.8	744.9	-4487.2	14373.9	78.6	
69.55	261.8	11.7	91.2	-0.0	-233.3	-0.3	314.2	236.3	727.8	-4377.1	14159.4	79.7	
69.60	264.5	11.7	89.9	-0.0	-231.5	-0.3	310.5	240.4	713.9	-4316.8	14040.1	77.3	
69.65	267.2	11.7	88.1	-0.0	-229.0	-0.3	308.9	233.0	702.1	-4208.5	13907.5	73.4	
69.70	269.9	11.7	86.8	-0.0	-227.4	-0.3	305.6	228.5	686.9	-4140.0	13831.9	70.7	
69.75	272.6	11.8	88.9	-0.0	-227.7	-0.3	297.6	241.4	668.2	-4299.7	13811.1	77.6	
69.80	275.3	12.1	93.0	-0.0	-228.7	-0.3	285.2	254.0	647.8	-4677.3	13788.8	90.7	
69.85	278.0	12.3	93.9	-0.0	-229.4	-0.3	278.3	258.1	629.3	-4882.6	13795.7	93.1	
69.90	280.7	12.4	90.9	-0.0	-229.4	-0.3	281.5	251.4	614.4	-4837.0	13832.5	82.7	
69.95	283.3	12.3	88.7	-0.0	-228.7	-0.3	286.6	245.0	603.2	-4809.1	13797.4	75.6	
70.00	286.0	12.4	88.3	-0.0	-229.2	-0.3	289.0	247.3	591.5	-4878.0	13810.2	73.9	
70.05	288.7	12.3	88.6	-0.0	-231.3	-0.3	287.2	252.8	574.4	-5003.5	13946.9	72.9	
70.10	291.4	11.8	90.1	-0.0	-232.7	-0.3	280.9	247.3	556.3	-5172.0	14034.4	76.8	
70.15	294.1	11.8	91.3	-0.0	-232.6	-0.3	277.5	245.1	544.9	-5382.3	13974.3	80.7	
70.20	296.8	11.7	91.7	-0.0	-231.4	-0.3	276.4	249.5	538.5	-5578.0	13797.4	83.3	
70.25	299.5	11.7	91.9	-0.0	-229.9	-0.3	272.5	251.8	528.0	-5706.5	13636.5	85.5	
70.30	302.2	11.4	91.1	-0.0	-228.9	-0.3	270.1	248.6	514.9	-5692.2	13582.5	83.7	
70.35	304.9	11.3	89.4	-0.0	-227.4	-0.3	272.8	239.3	506.9	-5534.7	13544.2	79.4	
70.40	307.7	11.2	87.3	-0.0	-224.2	-0.3	276.1	223.9	503.6	-5252.0	13422.9	75.5	
70.45	310.4	11.3	84.4	-0.0	-220.0	-0.3	276.1	209.6	497.7	-4809.4	13280.4	69.8	
70.50	313.0	11.3	82.8	-0.0	-215.5	-0.3	271.2	195.3	488.3	-4282.2	13146.1	68.7	
70.55	315.7	11.2	83.2	-0.0	-211.4	-0.3	264.2	185.1	479.8	-3802.4	13011.4	74.4	
70.60	318.4	11.0	83.5	-0.0	-208.8	-0.3	261.3	179.4	474.2	-3387.2	12948.0	77.8	
70.65	321.1	11.1	82.5	-0.0	-207.5	-0.3	260.1	165.9	465.6	-2977.5	12975.8	75.7	
70.70	323.8	11.1	80.3	-0.0	-207.4	-0.3	261.1	146.2	453.7	-2473.1	13113.4	68.2	
70.75	326.5	11.2	77.8	-0.0	-208.7	-0.3	266.3	136.3	444.2	-1925.3	13307.7	58.5	
70.80	329.1	11.1	76.8	-0.0	-209.0	-0.3	268.7	126.9	438.3	-1429.8	13409.4	54.5	
70.85	331.8	11.1	75.4	-0.0	-208.6	-0.3	268.2	108.8	431.9	-929.8	13445.1	50.3	
70.90	334.5	11.1	73.4	-0.0	-207.6	-0.3	265.1	81.8	422.6	-390.0	13441.4	44.4	
70.95	337.2	11.4	74.5	-0.0	-205.7	-0.3	257.0	57.8	414.0	-4.4	13351.9	50.0	
71.00	339.9	11.5	77.8	-0.0	-204.4	-0.3	248.9	47.8	407.6	186.3	13287.7	62.7	
71.05	342.5	11.2	79.5	-0.0	-206.4	-0.3	248.2	43.2	397.6	331.3	13445.5	66.5	
71.10	345.2	11.0	78.3	-0.0	-211.3	-0.3	255.9	30.7	387.1	512.1	13802.1	57.6	
71.15	347.9	11.0	76.7	-0.0	-216.6	-0.3	268.9	17.4	383.3	613.3	14168.6	46.7	
71.20	350.6	11.2	76.1	-0.0	-220.3	-0.3	280.9	11.1	384.7	639.1	14415.1	41.0	
71.25	353.3	11.0	76.6	-0.0	-220.8	-0.3	283.9	5.2	385.0	785.7	14438.8	42.2	
71.30	356.0	11.0	77.6	-0.0	-219.7	-0.3	283.1	-4.8	383.1	1021.5	14342.3	46.6	
71.35	358.7	11.3	76.2	-0.0	-218.4	-0.3	286.8	-15.9	389.7	1294.2	14199.3	43.2	
71.40	1.3	11.3	73.4	-0.0	-217.1	-0.3	291.4	-31.2	399.5	1523.7	14054.4	34.9	
71.45	4.0	11.4	71.9	-0.0	-215.6	-0.3	289.4	-47.2	399.0	1726.1	13921.5	31.2	
71.50	6.7	11.5	72.2	-0.0	-213.9	-0.3	282.5	-56.0	392.5	1926.1	13781.5	34.1	
71.55	9.4	11.2	72.5	-0.0	-212.1	-0.3	277.7	-62.8	393.9	2174.5	13616.3	36.7	
71.60	12.2	11.1	70.2	-0.0	-211.7	-0.3	279.4	-75.3	402.8	2511.4	13508.3	29.4	
71.65	14.9	11.2	67.0	-0.0	-212.6	-0.3	282.4	-91.7	408.4	2889.1	13471.7	17.4	
71.70	17.6	11.5	66.7	-0.0	-213.2	-0.3	280.6	-107.9	408.4	3199.7	13439.0	15.9	
71.75	20.3	11.8	67.7	-0.0	-214.3	-0.3	278.8	-119.2	411.7	3590.5	13411.1	18.1	
71.80	22.9	12.1	67.0	-0.0	-217.4	-0.3	281.6	-131.5	421.9	4202.4	13449.1	12.7	
71.85	25.6	12.2	66.0	-0.0	-222.4	-0.3	285.5	-154.2	428.4	4777.4	13609.2	4.3	
71.90	28.3	12.4	66.4	-0.0	-228.1	-0.3	288.8	-173.2	429.4	5194.0	13876.9	-0.1	
71.95	31.0	12.6	65.9	-0.0	-233.8	-0.3	291.8	-185.0	431.0	5565.3	14171.2	-7.6	
72.00	33.7	12.8	66.4	-0.0	-238.4	-0.3	292.1	-200.2	435.8	5985.2	14343.5	-10.3	
72.05	36.3	12.8	67.2	-0.0	-242.4	-0.3	293.0	-216.7	443.9	6488.9	14417.6	-11.6	
72.10	39.0	12.7	66.9	-0.0	-246.0	-0.3	295.7	-227.2	454.8	6945.0	14467.3	-16.2	
72.15	41.7	12.6	67.5	-0.0	-247.9	-0.3	293.8	-244.4	463.9	7233.0	14453.8	-16.2	
72.20	44.4	12.6	67.1	-0.0	-251.0	-0.3	295.7	-264.6	471.7	7496.6	14522.4	-20.6	
72.25	47.1	12.6	65.1	-0.0	-255.8	-0.3	305.6	-273.4	484.3	7812.9	14716.0	-32.3	
72.30	49.7	12.6	65.2	-0.0	-260.1	-0.3	312.3	-285.2	496.9	8079.8	14884.4	-36.3	
72.35	52.4	12.5	64.8	-0.0	-265.0	-0.3	319.3	-290.3	506.7	8300.0	15150.1	-42.4	
72.40	55.1	12.4	64.5	-0.0	-270.9	-0.3	327.9	-295.7	513.3	8481.3	15523.5	-49.5	
72.45	57.8	12.6	65.6	-0.0	-276.3	-0.3	336.9	-308.4	519.7	8623.3	15854.1	-51.2	
72.50	60.5	12.3	65.1	-0.0	-280.9	-0.3	348.6	-312.6	531.2	8756.9	16127.6	-57.3	
72.55	63.1	12.2	64.4	-0.0	-284.2	-0.3	356.8	-313.4	542.4	8857.5	16327.2	-63.1	
72.60	65.8	12.2	64.8	-0.0	-286.4	-0.3	362.3	-310.9	551.6	8833.4	16515.1	-64.1	
72.65	68.5	12.4	64.5	-0.0	-289.9	-0.3	372.3	-307.2	561.3	8755.7	16830.8	-68.6	
72.70	71.2	12.5	64.8	-0.0	-294.8	-0.3	386.0	-309.7	572.2	8683.9	17228.1	-72.2	
72.75	73.9	12.5	67.6	-0.0	-299.0	-0.3	397.5	-315.9	582.2	8589.7	17583.0	-67.0	
72.80	76.5	12.3	71.3	-0.0	-302.6	-0.3	405.2	-316.8	593.4	8596.5	17852.3	-57.9	
72.85	79.2	12.2	74.5	-0.0	-305.3	-0.3	405.4	-319.8	604.2	8686.4	18018.5	-49.6	
72.90	81.9	12.3	77.3	-0.0	-306.9	-0.3	402.7	-325.6	613.2	8682.0	18139.3	-41.5	
72.95	84.6	12.2	79.3	-0.0	-308.2	-0.3	404.8	-325.4	626.4	8596.1	18276.5	-36.0	
73.00	87.3	12.3	79.6	-0.0	-309.0	-0.3	407.8	-326.4	643.1	8512.7	18360.8	-35.6	
73.05	89.9	12.4	79.3	-0.0	-309.3	-0.3	408.2	-329.5	659.2	8471.6	18378.3	-37.1	
73.10	92.6	12.4	78.5	-0.0	-308.4	-0.3	404.2	-324.1	675.6	8472.4	18317.7	-38.9	
73.15	95.3	12.1	80.5	-0.0	-306.8	-0.3	397.1	-314.3	693.1	8418.9	18229.6	-30.3	
73.20	97.9	11.9	82.2	-0.0	-306.9	-0.3	393.4	-316.8	709.8	8464.0	18206.8	-24.7	
73.25	100.6	11.9	79.9	-0.0	-310.5	-0.3	398.6	-326.1	726.9	8747.0	18325.0	-36.2	
73.30	103.3	12.1	77.8	-0.0	-313.1	-0.3	401.6	-331.6	744.0	8960.6	18409.9	-45.9	
73.35	105.9	12.3	79.1	-0.0	-312.9	-0.3	396.1	-330.6	757.5	8986.8	18382.3	-41.2	
73.40	108.6	12.3	78.1	-0.0	-314.1	-0.3	394.6	-321.9	770.7	9098.8	18443.1	-46.1	
73.45	111.3	12.3	75.0	-0.0	-317.3	-0.3	402.7	-320.0	784.0	9181.1	18644.8	-59.9	
73.50	114.0	12.3	72.8	-0.0	-319.7	-0.3	416.4	-322.0	797.4	9060.4	18855.4	-69.7	
73.55	116.7	12.2	70.3	-0.0	-322.2	-0.3	434.0	-311.2	810.9	8854.1	19124.2	-80.9	
73.60	119.4	12.2	67.8	-0.0	-324.1	-0.3	444.0	-298.6	818.6	8690.2	19348.4	-91.3	
73.65	122.1	12.2	67.3	-0.0	-323.6	-0.3	442.4	-292.1	820.7	8526.5	19388.1	-92.5	
73.70	124.8	12.2	67.9	-0.0	-320.5	-0.3	436.0	-282.3	827.2	8342.6	19246.2	-87.6	
73.75	127.5	12.1	70.0	-0.0	-315.4	-0.3	424.9	-273.1	835.0	8024.0	18996.7	-75.1	
73.80	130.2	12.0	74.2	-0.0	-309.1	-0.3	409.6	-265.8	838.8	7657.3	18685.7	-54.5	
73.85	132.9	12.0	74.7	-0.0	-304.4	-0.3	401.6	-253.4	843.6	7369.1	18453.6	-47.9	
73.90	135.6	12.1	74.5	-0.0	-299.8	-0.3	401.2	-240.8	853.6	7038.8	18224.5	-44.0	
73.95	138.3	11.9	75.1	-0.0	-294.9	-0.3	403.3	-226.8	866.2	6546.1	18022.1	-37.1	
74.00	141.0	11.6	74.9	-0.0	-291.1	-0.3	402.9	-209.7	874.6	6051.1	17905.3	-33.9	
74.05	143.7	11.6	77.4	-0.0	-287.0	-0.3	394.4	-199.3	875.5	5552.7	17779.8	-21.2	
74.10	146.4	11.6	79.0	-0.0	-283.0	-0.3	389.7	-185.2	881.7	5050.3	17638.1	-11.7	
74.15	149.0	11.7	79.1	-0.0	-280.7	-0.3	392.4	-163.0	898.9	4706.0	17559.2	-9.1	
74.20	151.7	11.9	76.5	-0.0	-282.2	-0.3	402.5	-155.1	912.0	4494.6	17707.9	-19.7	
74.25	154.4	11.8	74.2	-0.0	-283.5	-0.3	406.5	-156.5	918.0	4339.4	17824.2	-28.6	
74.30	157.1	11.9	73.2	-0.0	-282.1	-0.3	406.2	-143.3	926.3	4146.5	17772.8	-31.0	
74.35	159.8	12.1	74.2	-0.0	-276.6	-0.3	396.8	-128.7	936.4	3930.6	17428.5	-21.7	
74.40	162.4	12.2	74.6	-0.0	-270.5	-0.3	385.4	-119.5	942.3	3800.1	17016.1	-14.3	
74.45	165.1	12.4	76.1	-0.0	-264.8	-0.3	372.1	-107.7	943.5	3660.6	16656.7	-3.6	
74.50	167.8	12.7	78.3	-0.0	-260.2	-0.3	362.2	-97.3	943.4	3398.0	16395.3	8.5	
74.55	170.4	12.4	80.3	-0.0	-258.1	-0.3	359.6	-81.0	943.5	3054.4	16318.6	17.6	
74.60	173.1	12.1	80.2	-0.0	-261.1	-0.3	371.0	-59.9	944.5	2809.7	16572.4	14.3	
74.65	175.8	11.8	80.4	-0.0	-266.5	-0.3	386.8	-49.7	944.9	2666.9	16963.8	9.4	
74.70	178.5	12.0	80.2	-0.0	-272.0	-0.3	403.2	-43.4	946.4	2465.4	17369.9	3.4	
74.75	181.2	11.9	80.7	-0.0	-276.6	-0.3	417.3	-33.4	947.2	2289.4	17708.3	0.3	
74.80	183.9	11.9	82.3	-0.0	-276.9	-0.3	415.7	-26.0	943.6	2060.8	17765.1	5.7	
74.85	186.6	12.0	85.0	-0.0	-275.7	-0.3	409.2	-16.9	936.3	1749.3	17736.3	15.9	
74.90	189.3	12.0	87.4	-0.0	-274.7	-0.3	406.4	-2.6	933.3	1430.6	17697.9	25.3	
74.95	191.9	11.8	91.9	-0.0	-272.6	-0.3	401.1	10.0	930.5	932.7	17588.5	43.1	
75.00	194.6	11.6	96.4	-0.0	-271.8	-0.3	397.5	21.1	924.8	442.4	17559.0	59.0	
75.05	197.3	11.5	99.2	-0.0	-272.5	-0.3	396.6	39.0	918.9	11.7	17621.9	68.1	
75.10	200.0	11.4	101.5	-0.0	-274.5	-0.3	399.1	58.5	917.8	-414.3	17753.6	74.0	
75.15	202.7	11.0	101.5	-0.0	-277.0	-0.3	403.9	75.1	920.1	-740.9	17910.2	71.4	
75.20	205.4	11.4	103.5	-0.0	-279.6	-0.3	407.4	89.0	918.0	-1048.5	18080.5	75.8	
75.25	208.0	11.5	106.9	-0.0	-282.3	-0.3	410.4	97.3	910.2	-1423.4	18249.1	84.7	
75.30	210.7	11.2	109.6	-0.0	-284.7	-0.3	414.3	114.1	905.3	-1841.3	18377.1	91.6	
75.35	213.4	11.4	108.6	-0.0	-287.6	-0.3	422.6	136.1	903.3	-2217.2	18513.3	85.1	
75.40	216.0	11.6	109.8	-0.0	-288.2	-0.3	423.6	149.4	897.8	-2606.7	18497.3	88.6	
75.45	218.7	11.6	110.8	-0.0	-287.1	-0.3	419.7	156.4	889.4	-2892.8	18377.3	93.3	
75.50	221.4	11.4	110.7	-0.0	-284.8	-0.3	413.8	162.1	881.7	-3065.0	18188.4	95.2	
75.55	224.1	11.4	111.2	-0.0	-281.0	-0.3	401.6	170.5	873.3	-3264.0	17898.9	100.7	
75.60	226.8	11.5	112.0	-0.0	-277.4	-0.3	387.3	184.7	862.0	-3498.8	17604.8	107.0	
75.65	229.4	11.7	111.1	-0.0	-275.5	-0.3	380.1	201.4	848.4	-3721.0	17421.9	106.0	
75.70	232.1	11.7	108.0	-0.0	-273.2	-0.3	376.2	205.3	834.5	-3899.2	17219.1	97.4	
75.75	234.8	11.7	103.9	-0.0	-269.7	-0.3	374.5	209.9	823.7	-4129.1	16896.8	87.0	
75.80	237.5	11.7	101.5	-0.0	-265.3	-0.3	372.9	218.6	814.6	-4415.7	16477.4	83.0	
75.85	240.2	11.5	99.8	-0.0	-259.3	-0.3	365.5	225.7	804.3	-4591.2	15974.1	83.1	
75.90	242.9	11.3	98.1	-0.0	-252.3	-0.3	350.3	232.7	791.6	-4629.6	15443.6	84.7	
75.95	245.6	11.2	97.3	-0.0	-245.4	-0.3	330.0	238.5	777.6	-4744.7	14914.6	88.8	
76.00	248.3	11.4	98.0	-0.0	-238.8	-0.3	310.9	241.4	766.5	-4892.1	14390.5	97.5	
76.05	251.0	11.6	97.9	-0.0	-233.0	-0.3	297.4	240.1	756.8	-4926.5	13956.4	103.2	
76.10	253.7	11.6	96.5	-0.0	-230.3	-0.3	294.0	242.3	745.1	-4909.9	13763.6	101.1	
76.15	256.4	11.5	95.6	-0.0	-230.9	-0.3	299.9	250.3	733.5	-4941.3	13775.5	97.3	
76.20	259.1	11.5	92.5	-0.0	-233.2	-0.3	313.6	254.6	726.3	-5023.3	13896.6	84.2	
76.25	261.8	11.7	88.9	-0.0	-235.7	-0.3	328.5	247.1	718.6	-5063.7	14070.0	69.3	
76.30	264.5	11.5	85.4	-0.0	-238.5	-0.3	340.3	241.1	706.4	-5031.9	14296.1	54.8	
76.35	267.2	11.4	84.4	-0.0	-239.7	-0.3	341.4	245.6	690.8	-4975.3	14412.7	50.0	
76.40	269.9	11.3	86.2	-0.0	-238.0	-0.3	332.2	254.8	675.6	-4963.7	14302.9	58.0	
76.45	272.6	11.4	88.0	-0.0	-234.1	-0.3	318.7	256.3	662.5	-4917.5	14046.5	68.0	
76.50	275.2	11.6	89.5	-0.0	-230.1	-0.3	301.5	250.0	646.6	-4894.9	13801.2	77.1	
76.55	277.9	11.9	92.7	-0.0	-226.8	-0.3	281.9	245.1	626.3	-4928.9	13595.3	91.4	
76.60	280.6	11.9	95.9	-0.0	-224.7	-0.3	267.0	253.6	606.8	-5026.6	13420.7	104.4	
76.65	283.3	11.8	96.9	-0.0	-222.7	-0.3	259.7	259.2	593.6	-5108.9	13244.3	109.8	
76.70	285.9	11.5	94.3	-0.0	-223.6	-0.3	267.0	256.0	583.4	-5166.0	13294.7	100.2	
76.75	288.6	11.3	90.0	-0.0	-228.2	-0.3	285.5	251.6	572.9	-5202.7	13629.6	80.8	
76.80	291.3	11.4	88.6	-0.0	-233.4	-0.3	295.9	254.4	556.9	-5335.4	13981.0	70.6	
76.85	294.0	11.7	90.3	-0.0	-235.1	-0.3	292.0	252.5	539.7	-5437.4	14111.4	74.8	
76.90	296.7	11.9	92.0	-0.0	-234.2	-0.3	285.4	250.5	526.7	-5372.5	14091.2	81.7	
76.95	299.3	12.1	93.7	-0.0	-231.4	-0.3	278.9	243.2	519.1	-5198.4	13966.6	90.4	
77.00	302.0	12.2	94.8	-0.0	-227.9	-0.3	272.2	227.0	512.2	-5021.0	13806.3	97.5	
77.05	304.7	12.2	93.3	-0.0	-225.7	-0.3	270.3	216.1	502.8	-4849.2	13723.3	94.4	
77.10	307.4	12.2	90.6	-0.0	-224.5	-0.3	271.8	213.3	493.2	-4695.4	13687.5	86.7	
77.15	310.1	12.2	88.2	-0.0	-223.1	-0.3	276.2	206.1	487.5	-4505.6	13648.7	79.5	
77.20	312.8	11.9	83.6	-0.0	-222.6	-0.3	286.3	198.7	482.7	-4217.8	13694.3	64.3	
77.25	315.5	11.9	78.8	-0.0	-222.0	-0.3	293.5	192.4	475.6	-3910.4	13732.5	48.4	
77.30	318.2	12.1	77.0	-0.0	-219.5	-0.3	289.3	185.7	465.5	-3666.6	13635.2	44.8	
77.35	320.9	12.7	76.8	-0.0	-215.0	-0.3	279.5	171.8	456.2	-3323.2	13425.4	48.8	
77.40	323.6	12.7	76.7	-0.0	-209.4	-0.3	270.4	152.5	450.3	-2800.3	13173.8	53.9	
77.45	326.3	12.6	75.9	-0.0	-204.3	-0.3	264.1	135.2	445.4	-2228.4	12928.6	56.2	
77.50	329.0	12.3	75.3	-0.0	-200.0	-0.3	259.2	119.5	437.7	-1727.5	12715.8	58.5	
77.55	331.6	11.9	73.7	-0.0	-198.3	-0.3	259.1	106.0	428.5	-1312.6	12665.2	54.8	
77.60	334.3	11.6	72.7	-0.0	-198.8	-0.3	261.7	90.7	419.5	-1048.4	12738.0	50.7	
77.65	337.0	11.6	71.9	-0.0	-198.6	-0.3	261.9	77.4	412.0	-852.1	12758.6	48.2	
77.70	339.7	11.8	69.8	-0.0	-197.3	-0.3	259.1	72.6	406.5	-603.9	12692.5	42.4	
77.75	342.3	11.8	70.5	-0.0	-194.4	-0.3	248.6	65.5	400.9	-328.1	12518.3	47.5	
77.80	345.0	11.8	73.2	-0.0	-191.8	-0.3	237.4	50.3	395.5	-36.1	12374.8	59.4	
77.85	347.7	11.6	74.1	-0.0	-192.5	-0.3	236.7	31.3	391.3	314.1	12437.7	61.8	
77.90	350.4	11.7	72.7	-0.0	-194.7	-0.3	241.7	8.1	390.1	757.2	12580.0	55.0	
77.95	353.1	11.9	71.4	-0.0	-197.9	-0.3	249.0	-10.1	389.2	1187.9	12763.7	47.3	
78.00	355.8	12.0	70.7	-0.0	-200.1	-0.3	253.3	-19.5	388.3	1515.7	12888.4	42.5	
78.05	358.5	12.0	71.3	-0.0	-201.6	-0.3	255.1	-31.4	386.9	1663.7	12970.7	43.1	
78.10	1.1	12.0	70.1	-0.0	-203.3	-0.3	259.7	-43.7	387.8	1799.0	13063.7	37.3	
78.15	3.8	11.7	67.8	-0.0	-205.7	-0.3	267.6	-55.4	390.5	2000.8	13189.2	27.2	
78.20	6.5	11.6	67.3	-0.0	-207.4	-0.3	272.8	-64.7	393.4	2226.7	13261.3	23.5	
78.25	9.2	11.6	66.4	-0.0	-207.9	-0.3	273.0	-71.8	398.4	2561.4	13229.1	19.9	
78.30	11.9	11.8	66.4	-0.0	-208.9	-0.3	271.7	-85.5	401.9	2988.6	13202.7	19.0	
78.35	14.6	11.7	67.7	-0.0	-212.1	-0.3	274.9	-104.3	403.0	3433.0	13315.4	20.4	
78.40	17.3	11.6	68.6	-0.0	-217.2	-0.3	283.0	-122.2	405.0	3856.6	13561.8	18.2	
78.45	20.0	11.8	67.4	-0.0	-222.8	-0.3	291.7	-132.8	408.7	4189.1	13865.3	8.6	
78.50	22.7	12.0	66.6	-0.0	-227.5	-0.3	297.2	-136.2	413.0	4382.2	14154.7	1.2	
78.55	25.4	12.1	68.6	-0.0	-231.9	-0.3	302.4	-136.3	416.9	4458.7	14457.4	3.7	
78.60	28.1	12.0	71.6	-0.0	-237.1	-0.3	311.2	-146.5	422.5	4573.0	14791.7	8.6	
78.65	30.8	11.8	71.8	-0.0	-243.5	-0.3	323.7	-165.1	430.9	4811.6	15159.3	2.9	
78.70	33.5	11.8	69.7	-0.0	-249.3	-0.3	333.7	-177.3	442.1	5137.4	15467.0	-9.9	
78.75	36.2	11.9	70.4	-0.0	-251.8	-0.3	330.8	-191.3	449.3	5464.4	15534.6	-10.1	
78.80	38.9	12.0	73.3	-0.0	-252.4	-0.3	322.2	-213.1	454.3	5847.6	15426.6	-0.9	
78.85	41.6	11.9	72.9	-0.0	-253.8	-0.3	317.2	-237.9	463.2	6340.2	15302.5	-3.5	
78.90	44.3	11.8	70.6	-0.0	-255.2	-0.3	314.2	-253.9	474.7	6743.7	15208.2	-12.8	
78.95	46.9	11.7	69.8	-0.0	-254.7	-0.3	306.7	-259.9	482.4	6947.2	15074.9	-15.2	
79.00	49.6	11.6	70.3	-0.0	-253.2	-0.3	298.7	-255.2	490.7	7074.9	14913.8	-11.8	
79.05	52.3	11.5	70.6	-0.0	-252.4	-0.3	295.3	-256.8	504.1	7265.2	14745.9	-10.1	
79.10	55.0	11.4	69.2	-0.0	-253.3	-0.3	297.0	-272.5	520.4	7544.5	14634.6	-15.9	
79.15	57.7	11.1	65.9	-0.0	-255.9	-0.3	300.5	-280.5	535.2	7816.8	14673.9	-29.6	
79.20	60.3	11.0	64.7	-0.0	-259.0	-0.3	299.0	-283.0	544.7	8045.6	14807.8	-37.1	
79.25	63.0	11.2	65.1	-0.0	-263.1	-0.3	297.4	-289.9	554.2	8355.0	14972.6	-39.6	
79.30	65.7	10.8	64.1	-0.0	-269.7	-0.3	305.3	-305.5	566.2	8813.4	15215.5	-49.5	
79.35	68.5	10.7	62.6	-0.0	-276.4	-0.3	321.0	-321.3	578.6	9166.5	15512.3	-61.5	
79.40	71.2	10.9	62.0	-0.0	-281.1	-0.3	334.7	-331.3	587.1	9224.8	15825.2	-68.1	
79.45	73.9	11.0	61.1	-0.0	-285.0	-0.3	345.2	-328.9	592.9	9106.1	16205.0	-75.4	
79.50	76.6	11.1	59.6	-0.0	-289.0	-0.3	356.8	-321.9	599.8	8986.3	16602.2	-84.3	
79.55	79.3	11.2	58.8	-0.0	-291.9	-0.3	369.9	-319.2	611.4	8894.0	16864.2	-90.1	
79.60	82.0	10.9	59.0	-0.0	-292.9	-0.3	379.5	-321.5	626.3	8824.3	16945.6	-90.2	
79.65	84.7	10.7	57.5	-0.0	-292.6	-0.3	381.6	-321.3	640.4	8761.4	16933.8	-95.1	
79.70	87.4	10.5	59.0	-0.0	-290.1	-0.3	369.8	-317.5	648.2	8620.3	16826.4	-87.7	
79.75	90.1	10.5	63.1	-0.0	-285.0	-0.3	349.1	-310.9	655.1	8416.7	16555.1	-68.3	
79.80	92.8	10.3	65.8	-0.0	-280.2	-0.3	336.6	-301.8	668.5	8276.4	16259.5	-54.3	
79.85	95.5	10.2	66.0	-0.0	-277.3	-0.3	336.1	-301.8	685.7	8161.1	16054.3	-50.6	
79.90	98.2	10.2	65.7	-0.0	-274.9	-0.3	337.7	-304.1	702.5	7934.7	15944.4	-49.4	
79.95	100.8	10.2	66.7	-0.0	-273.5	-0.3	340.0	-295.6	718.4	7589.9	15988.9	-44.6	
80.00	103.5	10.2	67.4	-0.0	-272.7	-0.3	342.4	-280.6	735.4	7234.7	16097.5	-41.4	
80.05	106.2	10.5	67.1	-0.0	-272.8	-0.3	344.2	-276.0	752.6	7069.8	16170.6	-42.3	
80.10	108.9	10.8	65.9	-0.0	-274.6	-0.3	350.8	-278.9	771.9	7140.8	16251.8	-48.4	
80.15	111.6	11.1	66.3	-0.0	-276.5	-0.3	356.1	-287.0	790.7	7253.8	16310.7	-48.8	
80.20	114.3	11.1	67.9	-0.0	-277.5	-0.3	353.0	-292.5	803.3	7333.0	16344.4	-44.5	
80.25	117.0	11.0	67.9	-0.0	-278.9	-0.3	349.1	-284.9	810.9	7431.9	16433.1	-45.7	
80.30	119.7	10.9	66.1	-0.0	-281.6	-0.3	353.7	-277.2	819.5	7526.1	16610.7	-54.6	
80.35	122.4	11.0	63.6	-0.0	-283.9	-0.3	365.3	-278.6	833.8	7603.7	16725.6	-65.7	
80.40	125.1	11.2	60.5	-0.0	-285.9	-0.3	379.8	-275.6	849.6	7651.3	16828.6	-78.3	
80.45	127.8	11.5	59.1	-0.0	-286.1	-0.3	383.3	-265.8	855.5	7595.6	16871.1	-83.3	
80.50	130.5	11.7	60.4	-0.0	-283.7	-0.3	375.2	-251.8	856.2	7472.4	16774.6	-76.5	
80.55	133.2	11.6	62.1	-0.0	-281.4	-0.3	371.4	-238.0	862.7	7329.1	16679.7	-68.4	
80.60	135.9	11.5	63.0	-0.0	-280.3	-0.3	374.0	-232.5	873.3	7199.3	16636.6	-64.0	
80.65	138.6	11.4	63.2	-0.0	-280.8	-0.3	378.6	-232.4	879.2	7089.3	16704.1	-64.0	
80.70	141.3	11.5	65.5	-0.0	-281.1	-0.3	378.7	-229.0	880.3	6893.4	16815.5	-56.4	
80.75	144.0	11.5	70.2	-0.0	-281.4	-0.3	379.3	-223.1	885.0	6617.1	16951.8	-40.3	
80.80	146.7	11.4	74.5	-0.0	-282.2	-0.3	385.0	-212.7	895.4	6272.6	17143.7	-26.5	
80.85	149.4	11.4	76.3	-0.0	-285.1	-0.3	397.2	-197.4	904.3	5887.3	17490.2	-23.1	
80.90	152.1	11.5	79.2	-0.0	-287.1	-0.3	403.4	-180.7	906.9	5371.9	17814.5	-15.1	
80.95	154.8	11.7	81.2	-0.0	-289.1	-0.3	410.5	-155.9	908.8	4688.6	18177.0	-10.4	
81.00	157.5	11.7	82.4	-0.0	-290.8	-0.3	417.6	-129.2	917.1	4079.6	18453.4	-7.8	
81.05	160.1	11.7	84.0	-0.0	-292.5	-0.3	423.2	-115.7	926.9	3710.4	18651.2	-4.3	
81.10	162.8	11.8	85.3	-0.0	-292.3	-0.3	421.8	-108.9	935.4	3473.8	18683.6	0.4	
81.15	165.5	11.9	88.6	-0.0	-288.5	-0.3	409.9	-92.8	943.0	3075.5	18499.8	15.5	
81.20	168.2	12.0	91.6	-0.0	-286.0	-0.3	404.6	-74.6	948.9	2713.3	18388.6	28.2	
81.25	170.9	12.0	90.9	-0.0	-285.3	-0.3	405.1	-67.3	954.1	2562.8	18348.7	26.6	
81.30	173.5	12.2	89.9	-0.0	-284.8	-0.3	406.2	-60.9	955.9	2342.6	18342.3	23.7	
81.35	176.2	12.1	92.9	-0.0	-284.3	-0.3	407.8	-39.9	955.9	1893.3	18361.2	34.7	
81.40	178.9	12.0	94.6	-0.0	-283.3	-0.3	405.7	-17.7	953.7	1377.6	18341.1	41.4	
81.45	181.6	12.1	94.3	-0.0	-281.3	-0.3	400.2	-7.3	951.8	1016.2	18227.7	42.3	
81.50	184.3	12.0	94.1	-0.0	-280.1	-0.3	400.3	5.4	953.8	821.0	18146.4	43.0	
81.55	187.0	12.0	95.2	-0.0	-279.7	-0.3	404.5	17.7	957.6	767.4	18103.3	47.1	
81.60	189.7	12.2	96.5	-0.0	-279.9	-0.3	407.5	21.0	955.9	754.0	18114.3	51.3	
81.65	192.4	12.1	95.8	-0.0	-281.5	-0.3	411.3	24.7	947.7	693.1	18231.2	47.3	
81.70	195.1	11.7	97.1	-0.0	-283.1	-0.3	414.8	32.3	941.4	564.3	18348.9	50.4	
81.75	197.8	11.2	99.0	-0.0	-285.3	-0.3	421.4	46.7	937.2	314.1	18499.5	54.5	
81.80	200.5	11.1	101.5	-0.0	-285.1	-0.3	419.9	65.4	933.9	12.9	18488.9	63.2	
81.85	203.2	10.9	105.0	-0.0	-285.1	-0.3	416.7	82.4	925.8	-440.7	18491.8	75.4	
81.90	206.0	10.7	107.9	-0.0	-285.3	-0.3	415.4	90.2	920.9	-825.8	18498.0	84.9	
81.95	208.7	10.9	107.8	-0.0	-285.5	-0.3	417.9	96.5	920.5	-1111.8	18482.1	84.7	
82.00	211.4	11.2	107.2	-0.0	-285.1	-0.3	419.8	105.9	918.6	-1248.6	18432.7	83.1	
82.05	214.1	11.5	107.0	-0.0	-283.7	-0.3	418.3	108.2	908.4	-1274.7	18334.5	83.7	
82.10	216.8	11.5	108.3	-0.0	-280.7	-0.3	413.5	107.3	896.1	-1374.4	18128.2	90.9	
82.15	219.5	11.3	108.0	-0.0	-277.1	-0.3	406.6	116.5	888.4	-1654.0	17844.2	93.8	
82.20	222.2	11.1	104.7	-0.0	-274.0	-0.3	398.8	134.6	880.3	-2052.5	17578.6	85.5	
82.25	224.9	11.1	104.4	-0.0	-269.4	-0.3	381.7	159.0	867.5	-2601.4	17187.7	89.1	
82.30	227.5	11.3	106.7	-0.0	-264.1	-0.3	360.5	186.4	854.6	-3183.0	16712.4	102.4	
82.35	230.2	11.4	107.0	-0.0	-260.1	-0.3	347.0	208.7	847.1	-3644.5	16315.0	107.2	
82.40	232.9	11.5	105.0	-0.0	-258.6	-0.3	343.9	222.3	840.4	-4025.9	16099.9	101.8	
82.45	235.6	11.3	103.5	-0.0	-258.0	-0.3	341.3	230.1	828.4	-4326.5	15981.1	97.3	
82.50	238.3	11.3	103.2	-0.0	-256.9	-0.3	335.7	236.8	813.5	-4571.4	15836.6	97.3	
82.55	241.0	11.6	102.0	-0.0	-254.7	-0.3	330.2	237.6	800.1	-4744.0	15636.5	95.3	
82.60	243.7	11.9	100.3	-0.0	-251.7	-0.3	325.4	238.1	790.0	-4903.3	15369.7	92.7	
82.65	246.5	12.0	101.2	-0.0	-249.0	-0.3	319.2	245.6	780.0	-5190.5	15065.3	98.3	
82.70	249.2	11.9	103.5	-0.0	-248.7	-0.3	313.8	257.3	766.5	-5598.5	14900.4	106.7	
82.75	251.9	11.9	103.8	-0.0	-250.9	-0.3	312.2	266.4	751.1	-5944.6	14938.7	105.5	
82.80	254.6	11.6	101.3	-0.0	-252.7	-0.3	314.4	276.5	738.3	-6168.3	14984.8	95.2	
82.85	257.3	11.2	100.6	-0.0	-251.6	-0.3	316.1	285.5	730.4	-6333.8	14806.9	93.8	
82.90	260.0	11.2	99.6	-0.0	-247.0	-0.3	313.6	286.7	725.7	-6317.2	14439.1	94.8	
82.95	262.7	11.3	96.0	-0.0	-240.7	-0.3	307.6	278.7	718.0	-6018.2	14086.0	89.1	
83.00	265.4	11.5	93.3	-0.0	-234.4	-0.3	295.7	268.8	705.4	-5708.7	13763.7	85.9	
83.05	268.2	11.2	94.9	-0.0	-229.1	-0.3	281.2	263.9	691.9	-5546.2	13450.5	96.7	
83.10	270.9	11.1	94.8	-0.0	-226.8	-0.3	279.2	263.0	680.6	-5357.2	13351.4	98.7	
83.15	273.6	11.1	91.4	-0.0	-228.2	-0.3	292.1	259.7	670.0	-5117.9	13548.2	85.5	
83.20	276.3	11.3	89.3	-0.0	-231.4	-0.3	305.0	255.2	658.0	-5036.0	13825.8	75.0	
83.25	279.0	11.6	91.4	-0.0	-235.1	-0.3	311.2	259.5	645.3	-5155.8	14065.0	78.8	
83.30	281.7	11.8	94.6	-0.0	-237.7	-0.3	312.8	258.4	632.0	-5178.4	14277.0	87.0	
83.35	284.4	11.3	95.7	-0.0	-238.7	-0.3	313.4	244.8	618.2	-4891.7	14491.7	89.8	
83.40	287.1	11.2	95.8	-0.0	-239.0	-0.3	315.6	232.1	604.9	-4433.5	14696.4	89.8	
83.45	289.8	11.1	96.5	-0.0	-240.3	-0.3	319.0	225.6	592.1	-4129.6	14898.6	90.9	
83.50	292.5	10.9	97.8	-0.0	-243.0	-0.3	320.8	218.6	575.0	-3998.4	15163.7	92.7	
83.55	295.2	10.8	96.9	-0.0	-247.1	-0.3	326.0	211.5	555.0	-3856.4	15537.9	85.4	
83.60	297.9	10.8	96.6	-0.0	-250.4	-0.3	330.7	209.9	537.8	-3858.8	15801.1	81.1	
83.65	300.6	10.9	99.5	-0.0	-251.1	-0.3	329.4	216.4	526.2	-4125.8	15791.7	90.4	
83.70	303.3	11.1	101.2	-0.0	-251.0	-0.3	327.9	228.1	518.1	-4375.8	15700.6	96.6	
83.75	306.0	11.1	99.7	-0.0	-250.9	-0.3	326.0	231.6	506.8	-4482.1	15669.6	91.3	
83.80	308.8	11.1	100.4	-0.0	-248.5	-0.3	317.8	214.3	495.8	-4500.4	15537.0	96.0	
83.85	311.5	11.0	101.4	-0.0	-244.4	-0.3	311.1	198.6	490.1	-4335.0	15313.3	103.8	
83.90	314.2	10.9	100.2	-0.0	-239.1	-0.3	305.4	189.9	485.4	-3989.2	15018.2	105.0	
83.95	317.0	10.7	99.7	-0.0	-232.2	-0.3	293.3	171.0	477.4	-3618.9	14642.6	110.1	
84.00	319.7	10.6	99.1	-0.0	-227.5	-0.3	284.7	155.2	468.9	-3303.9	14403.6	112.6	
84.05	322.4	10.8	98.7	-0.0	-226.7	-0.3	285.0	149.2	463.1	-3158.1	14386.5	112.3	
84.10	325.2	11.1	98.6	-0.0	-227.9	-0.3	289.8	140.9	458.5	-3100.3	14499.1	110.6	
84.15	327.9	11.1	95.5	-0.0	-231.5	-0.3	304.0	138.6	452.7	-2896.8	14785.7	96.3	
84.20	330.6	11.1	90.6	-0.0	-235.7	-0.3	323.0	140.2	450.8	-2511.0	15128.5	75.4	
84.25	333.3	10.9	88.3	-0.0	-237.8	-0.3	334.5	123.8	452.1	-2012.7	15350.7	65.1	
84.30	336.1	11.0	87.1	-0.0	-239.3	-0.3	340.4	97.5	451.3	-1325.8	15540.5	59.7	
84.35	338.8	10.9	86.5	-0.0	-239.5	-0.3	338.2	72.3	443.4	-548.6	15638.5	57.4	
84.40	341.5	10.9	86.8	-0.0	-237.2	-0.3	327.3	49.0	433.9	151.9	15525.3	60.7	
84.45	344.2	10.8	85.2	-0.0	-235.0	-0.3	319.7	33.4	432.1	780.4	15363.7	57.4	
84.50	346.9	10.5	84.3	-0.0	-234.9	-0.3	317.1	16.8	430.5	1271.2	15335.1	54.5	
84.55	349.7	10.3	85.0	-0.0	-236.2	-0.3	314.5	-4.8	420.6	1541.6	15430.4	55.5	
84.60	352.4	10.4	85.0	-0.0	-238.5	-0.3	316.0	-18.1	410.2	1760.5	15579.6	53.5	
84.65	355.1	10.5	82.2	-0.0	-239.5	-0.3	319.5	-20.7	409.8	1990.5	15621.0	42.6	
84.70	357.8	10.5	81.4	-0.0	-239.1	-0.3	319.2	-34.6	414.0	2311.9	15541.5	40.5	
84.75	0.5	10.0	79.9	-0.0	-239.0	-0.3	314.9	-55.4	411.3	2749.6	15470.7	35.1	
84.80	3.2	9.8	78.7	-0.0	-239.5	-0.3	310.2	-73.2	405.9	3186.2	15431.9	30.8	
84.85	5.9	9.7	80.0	-0.0	-239.4	-0.3	306.3	-89.3	405.7	3467.7	15356.1	35.1	
84.90	8.7	10.0	79.6	-0.0	-239.8	-0.3	307.4	-100.7	409.7	3703.6	15320.0	33.4	
84.95	11.4	10.0	79.0	-0.0	-240.8	-0.3	309.4	-111.8	411.3	3969.2	15313.5	30.3	
85.00	14.1	10.1	80.2	-0.0	-241.3	-0.3	309.6	-119.6	412.4	4079.0	15310.0	34.1	
85.05	16.8	10.2	80.3	-0.0	-242.6	-0.3	314.1	-120.6	419.3	4110.1	15387.8	33.1	
85.10	19.6	10.4	78.6	-0.0	-246.3	-0.3	323.6	-129.7	427.6	4304.5	15583.7	23.5	
85.15	22.3	10.4	78.1	-0.0	-251.8	-0.3	335.9	-148.9	433.1	4647.2	15852.4	16.2	
85.20	25.1	10.3	77.5	-0.0	-256.8	-0.3	347.1	-161.8	439.1	4933.4	16109.7	9.4	
85.25	27.8	10.1	77.0	-0.0	-259.7	-0.3	350.4	-173.2	445.7	5174.6	16239.6	4.5	
85.30	30.5	10.1	75.6	-0.0	-261.4	-0.3	348.3	-186.3	450.8	5511.0	16245.7	-1.8	
85.35	33.3	10.1	75.9	-0.0	-262.1	-0.3	345.4	-199.2	455.1	5799.5	16188.6	-1.5	
85.40	36.0	10.0	77.8	-0.0	-262.7	-0.3	345.1	-210.6	462.1	5966.0	16150.7	4.5	
85.45	38.7	10.0	76.8	-0.0	-265.6	-0.3	351.0	-215.8	472.0	6212.0	16259.5	-1.9	
85.50	41.5	10.1	73.8	-0.0	-269.8	-0.3	355.8	-226.2	480.8	6591.0	16412.7	-16.4	
85.55	44.2	10.4	72.9	-0.0	-272.1	-0.3	353.7	-241.1	487.6	6902.0	16452.1	-21.9	
85.60	46.9	10.2	73.6	-0.0	-272.8	-0.3	350.6	-247.6	498.7	7132.7	16393.9	-20.2	
85.65	49.6	10.0	74.3	-0.0	-273.8	-0.3	348.5	-253.5	512.5	7373.4	16352.5	-18.8	
85.70	52.3	10.2	75.3	-0.0	-276.4	-0.3	346.1	-270.8	522.3	7650.1	16409.9	-17.8	
85.75	55.1	10.2	76.1	-0.0	-280.7	-0.3	348.7	-284.1	530.5	7894.7	16611.5	-19.6	
85.80	57.8	10.3	77.2	-0.0	-283.7	-0.3	350.8	-288.0	544.3	8017.4	16777.9	-18.6	
85.85	60.5	10.4	78.4	-0.0	-285.7	-0.3	350.2	-295.5	562.2	8138.4	16861.0	-16.6	
85.90	63.2	10.2	77.2	-0.0	-290.0	-0.3	353.5	-308.1	577.6	8460.0	17021.1	-25.0	
85.95	66.0	9.9	75.1	-0.0	-294.7	-0.3	358.2	-319.6	589.5	8780.9	17206.9	-36.8	
86.00	68.7	9.4	74.8	-0.0	-297.0	-0.3	362.4	-327.7	602.3	8921.8	17294.1	-40.2	
86.05	71.4	9.2	72.4	-0.0	-300.1	-0.3	373.5	-328.1	618.4	9073.2	17438.2	-51.7	
86.10	74.2	9.2	69.2	-0.0	-304.3	-0.3	384.4	-333.2	630.8	9250.8	17652.7	-66.9	
86.15	76.9	9.4	68.2	-0.0	-306.9	-0.3	389.2	-339.8	639.4	9299.0	17818.4	-72.7	
86.20	79.7	9.3	67.5	-0.0	-307.6	-0.3	392.0	-335.1	650.9	9253.2	17896.5	-75.8	
86.25	82.4	9.3	65.7	-0.0	-307.7	-0.3	395.8	-329.2	665.4	9209.5	17917.1	-82.3	
86.30	85.2	9.5	64.4	-0.0	-307.7	-0.3	397.4	-331.1	676.7	9199.5	17898.8	-86.5	
86.35	87.9	9.9	64.7	-0.0	-307.3	-0.3	398.0	-329.8	685.8	9143.1	17887.2	-85.1	
86.40	90.7	9.9	66.2	-0.0	-305.6	-0.3	396.5	-321.2	696.2	8972.8	17843.3	-78.4	
86.45	93.4	9.7	67.6	-0.0	-303.0	-0.3	390.2	-319.8	705.9	8774.9	17729.6	-71.0	
86.50	96.2	9.6	67.4	-0.0	-300.6	-0.3	385.8	-321.7	718.3	8680.8	17575.3	-69.3	
86.55	98.9	9.8	68.0	-0.0	-297.1	-0.3	380.5	-318.3	732.6	8495.5	17374.1	-63.5	
86.60	101.7	10.0	70.6	-0.0	-291.8	-0.3	369.4	-310.9	746.0	8170.3	17117.5	-49.3	
86.65	104.4	10.2	70.5	-0.0	-288.5	-0.3	362.8	-301.9	758.5	7917.7	16986.4	-46.5	
86.70	107.2	10.4	68.8	-0.0	-286.3	-0.3	359.7	-298.9	770.5	7815.1	16859.6	-50.3	
86.75	109.9	10.4	68.4	-0.0	-283.6	-0.3	359.3	-300.0	785.2	7717.6	16662.5	-48.7	
86.80	112.6	9.9	68.8	-0.0	-280.7	-0.3	360.8	-290.5	804.5	7628.6	16460.0	-44.4	
86.85	115.4	9.7	68.8	-0.0	-279.2	-0.3	358.9	-280.7	819.9	7583.3	16366.5	-43.1	
86.90	118.1	9.6	69.9	-0.0	-278.8	-0.3	352.8	-277.3	830.0	7465.0	16400.5	-39.0	
86.95	120.8	9.5	78.2	0.1	-279.6	-0.3	352.7	-271.0	844.9	7298.9	16539.4	-29.2	
87.00	123.6	9.6	85.3	0.4	-281.5	-0.3	361.7	-263.2	863.6	7145.4	16742.2	-25.6	
87.05	126.3	9.6	73.1	0.5	-284.9	-0.2	373.8	-258.7	877.9	7112.0	16999.8	-40.0	
87.10	129.1	9.5	56.1	0.2	-289.4	-0.2	387.3	-252.4	887.5	7159.8	17318.0	-61.7	
87.15	131.8	9.6	-116.6	-0.1	292.8	-0.2	397.6	-247.4	897.8	7131.0	17577.0	-67.8	
87.20	134.6	9.7	-106.4	-0.2	294.1	-0.2	401.5	-245.7	907.2	7057.6	17697.6	-61.5	
87.25	137.3	9.8	-101.9	-0.1	294.2	-0.2	403.3	-239.7	913.5	7012.0	17726.1	-61.7	
87.30	140.1	9.8	-100.9	-0.1	292.5	-0.2	401.5	-228.3	917.5	6838.5	17678.0	-58.4	
87.35	142.8	10.1	-95.4	-0.1	289.1	-0.2	395.3	-213.6	926.7	6475.8	17568.7	-41.8	
87.40	145.6	10.5	-90.1	-0.1	287.1	-0.2	391.4	-197.8	935.0	6068.2	17580.4	-24.8	
87.45	148.4	10.6	-85.5	-0.0	287.3	-0.2	391.4	-188.1	935.3	5628.6	17754.4	-11.4	
87.50	151.1	10.6	-86.7	-0.0	290.1	-0.2	398.7	-172.3	936.3	5226.0	18096.5	-8.1	
87.55	153.9	10.6	-87.4	-0.0	295.6	-0.3	414.5	-154.9	945.6	4935.0	18581.0	-4.8	
87.60	156.6	10.4	-89.0	-0.0	302.8	-0.3	432.9	-147.0	953.1	4688.3	19156.8	-2.9	
87.65	159.4	10.4	-90.0	-0.0	308.9	-0.3	445.4	-138.4	956.6	4442.4	19658.7	-0.3	
87.70	162.1	10.3	94.4	0.0	-312.7	-0.2	450.9	-125.4	959.3	4113.9	20017.2	5.5	
87.75	164.9	10.1	101.7	0.1	-313.7	-0.2	451.1	-111.4	965.6	3663.2	20185.4	21.7	
87.80	167.7	10.0	-88.9	-0.0	314.5	-0.2	451.8	-88.9	973.1	3107.3	20340.8	28.3	
87.85	170.4	10.1	-80.7	-0.0	315.9	-0.2	454.8	-71.4	978.7	2757.9	20496.9	38.8	
87.90	173.2	10.4	-80.6	-0.0	316.8	-0.2	458.2	-63.8	979.9	2421.4	20600.0	40.2	
87.95	175.9	10.5	-79.3	-0.0	315.3	-0.2	457.5	-52.1	985.2	2106.5	20521.0	42.8	
88.00	178.7	10.7	-76.6	-0.0	311.3	-0.2	449.9	-40.6	989.0	1919.6	20261.4	48.3	
88.05	181.4	10.8	-73.9	-0.0	306.5	-0.2	437.9	-35.0	986.6	1848.8	19938.9	52.7	
88.10	184.1	10.8	-73.6	-0.0	302.8	-0.2	431.7	-24.1	983.9	1810.9	19682.8	50.2	
88.15	186.9	10.7	111.6	0.2	-297.5	-0.2	421.9	-4.2	985.0	1533.4	19335.6	56.9	
88.20	189.6	10.6	122.4	0.7	-292.5	-0.2	412.0	14.0	982.1	1123.0	19019.4	66.5	
88.25	192.4	10.7	107.7	0.9	-289.6	-0.2	407.3	30.9	974.0	738.0	18834.8	58.8	
88.30	195.1	10.6	85.6	0.6	-287.7	-0.1	407.0	51.3	969.6	383.9	18698.4	46.9	
88.35	197.9	10.2	76.9	0.0	-284.7	-0.1	404.0	69.5	969.7	27.8	18475.8	49.2	
88.40	200.6	10.3	-76.8	-0.3	282.3	-0.1	399.7	82.0	965.9	-265.5	18299.8	62.5	
88.45	203.4	10.3	-53.6	-0.2	281.9	-0.1	398.2	84.4	956.0	-431.0	18279.0	81.1	
88.50	206.2	10.3	120.1	0.1	-283.2	-0.1	401.8	84.7	946.9	-583.2	18367.5	88.1	
88.55	209.0	10.2	112.9	0.2	-284.2	-0.1	406.3	93.5	941.4	-867.9	18420.9	87.3	
88.60	211.7	10.1	110.4	0.3	-284.4	-0.1	407.1	111.6	934.6	-1336.6	18396.9	93.0	
88.65	214.5	9.9	118.1	0.4	-283.5	-0.1	401.9	129.4	925.6	-1894.9	18284.4	104.8	
88.70	217.3	10.1	124.3	0.6	-282.7	-0.1	397.2	143.8	918.4	-2429.1	18162.2	110.5	
88.75	220.1	10.2	123.0	0.9	-283.1	-0.0	400.5	157.6	914.6	-2918.0	18100.4	106.3	
88.80	222.8	10.1	116.0	1.0	-282.2	0.0	405.1	168.7	913.5	-3234.2	17955.4	102.3	
88.85	225.6	10.0	109.9	1.0	-278.9	0.1	401.0	178.0	909.1	-3383.1	17676.7	103.2	
88.90	228.4	9.8	113.0	1.0	-275.3	0.1	391.2	186.4	898.0	-3441.7	17410.7	104.1	
88.95	231.1	9.7	120.3	1.3	-271.3	0.2	379.3	188.0	885.2	-3515.0	17129.2	103.6	
89.00	233.9	9.6	119.8	1.7	-266.9	0.2	369.8	191.3	875.2	-3719.1	16775.3	105.1	
89.05	236.7	9.9	110.0	1.7	-263.3	0.3	364.6	204.3	867.2	-3994.6	16431.0	105.6	
89.10	239.4	10.1	100.4	1.6	-261.9	0.4	361.5	219.0	855.4	-4259.0	16251.4	100.5	
89.15	242.2	10.0	99.4	1.5	-262.3	0.5	359.7	234.5	842.3	-4529.5	16199.5	91.1	
89.20	245.0	10.5	110.0	1.7	-262.1	0.6	357.1	247.9	830.8	-4878.8	16071.1	93.0	
89.25	247.7	10.8	116.5	2.0	-259.7	0.7	353.5	251.4	820.4	-5079.0	15833.1	99.3	
89.30	250.5	10.5	103.2	2.1	-256.4	0.8	350.1	247.4	807.0	-4942.0	15638.8	88.1	
89.35	253.3	10.2	88.1	1.8	-252.5	0.9	343.5	238.3	788.3	-4693.3	15455.0	76.8	
89.40	256.0	10.1	90.9	1.7	-248.1	0.9	333.0	238.0	769.9	-4632.6	15168.7	80.0	
89.45	258.8	10.3	105.3	1.9	-244.0	1.0	324.3	244.5	756.1	-4714.3	14839.2	91.0	
89.50	261.6	10.6	109.2	2.3	-240.6	1.1	318.8	245.6	741.7	-4847.9	14548.7	91.6	
89.55	264.3	10.9	93.6	2.3	-238.0	1.3	316.4	249.7	726.4	-4971.0	14304.4	77.1	
89.60	267.1	11.2	76.7	2.0	-234.6	1.4	314.0	258.2	716.1	-5128.0	13973.3	65.5	
89.65	269.9	11.4	76.5	1.8	-230.2	1.5	308.2	264.7	708.8	-5287.9	13561.1	67.6	
89.70	272.7	11.4	86.1	1.7	-226.2	1.5	298.8	269.4	697.2	-5309.7	13254.4	70.5	
89.75	275.4	11.3	92.1	1.9	-222.8	1.6	287.7	263.4	681.6	-5237.2	13056.8	69.8	
89.80	278.2	10.9	88.4	2.0	-219.7	1.7	278.1	253.9	667.8	-5196.6	12873.9	72.3	
89.85	281.0	10.6	79.1	1.9	-217.4	1.8	274.8	249.1	658.1	-5098.8	12752.2	71.5	
89.90	283.8	10.6	75.1	1.7	-216.0	1.9	272.7	246.2	646.2	-5003.9	12698.1	68.2	
89.95	286.6	10.6	76.0	1.5	-216.4	2.0	272.1	245.7	631.3	-5052.6	12718.9	65.3	
90.00	289.4	10.7	78.0	1.4	-218.4	2.1	279.6	249.5	621.3	-5178.1	12817.0	59.5	
90.05	292.1	10.8	78.3	1.4	-220.2	2.1	288.0	249.7	612.8	-5258.9	12916.4	52.0	
90.10	294.9	10.8	72.0	1.3	-220.6	2.2	290.6	244.2	598.7	-5211.3	12988.0	43.2	
90.15	297.7	10.7	68.5	1.1	-219.6	2.3	287.9	240.9	581.9	-5041.5	13000.7	41.8	
90.20	300.4	10.6	76.7	1.0	-217.9	2.3	285.1	235.4	571.3	-4796.9	12978.7	52.5	
90.25	303.2	10.6	86.1	1.1	-216.4	2.4	283.3	218.3	562.0	-4491.3	13017.3	62.4	
90.30	306.0	10.5	87.6	1.3	-215.9	2.4	282.6	199.7	547.4	-4133.0	13143.9	61.2	
90.35	308.7	10.5	83.0	1.4	-214.7	2.5	280.3	187.4	532.0	-3826.9	13179.2	58.9	
90.40	311.5	10.6	74.0	1.3	-212.1	2.6	277.4	184.9	521.9	-3612.8	13054.2	58.4	
90.45	314.2	10.6	68.0	1.0	-209.4	2.6	275.3	180.9	515.7	-3377.9	12924.3	57.2	
90.50	317.0	10.6	71.8	0.9	-208.6	2.7	273.1	171.6	504.6	-3169.5	12942.0	59.2	
90.55	319.7	10.8	76.7	0.8	-210.1	2.7	274.8	163.9	490.6	-3030.2	13114.8	59.7	
90.60	322.5	10.9	75.1	0.7	-211.7	2.8	281.8	158.6	484.1	-2823.2	13275.2	55.2	
90.65	325.3	10.9	71.2	0.6	-210.5	2.8	286.2	140.2	485.1	-2378.1	13287.0	49.8	
90.70	328.1	10.9	72.4	0.5	-207.4	2.8	282.2	105.6	483.6	-1713.0	13202.5	53.6	
90.75	330.8	11.1	80.2	0.5	-205.0	2.8	274.3	85.5	476.2	-1048.8	13140.8	66.3	
90.80	333.6	11.0	89.0	0.7	-204.7	2.9	268.3	71.4	466.0	-609.4	13181.3	81.6	
90.85	336.4	10.9	87.3	0.8	-209.0	2.9	278.5	53.3	459.6	-185.9	13505.3	73.2	
90.90	339.2	11.2	80.1	0.9	-218.0	3.0	302.9	41.5	456.5	253.7	14122.8	47.4	
90.95	342.0	11.0	77.9	0.9	-225.3	3.0	317.2	33.1	451.2	504.0	14636.0	40.7	
91.00	344.7	11.1	77.2	0.8	-229.0	3.0	318.3	33.1	444.6	656.0	14910.7	50.0	
91.05	347.5	11.2	79.2	0.7	-231.9	3.1	320.5	31.9	441.8	987.2	15107.7	50.6	
91.10	350.3	11.4	84.6	0.8	-234.5	3.1	324.3	7.7	444.9	1522.7	15249.8	46.5	
91.15	353.0	11.4	82.1	0.8	-237.9	3.2	329.4	-23.6	448.8	2183.7	15410.2	40.4	
91.20	355.8	11.4	78.0	0.7	-241.6	3.2	330.5	-42.9	445.2	2719.5	15602.6	40.8	
91.25	358.6	11.6	77.5	0.6	-245.7	3.2	330.2	-54.1	434.8	3071.5	15863.0	40.1	
91.30	1.3	11.7	76.0	0.4	-251.1	3.3	336.7	-64.4	427.8	3390.1	16192.6	28.1	
91.35	4.1	11.6	81.3	0.4	-253.1	3.3	338.9	-84.6	429.4	3679.8	16262.8	22.5	
91.40	6.9	11.4	88.4	0.6	-249.6	3.3	329.3	-100.0	432.5	3757.4	15990.6	36.5	
91.45	9.6	11.2	86.6	0.6	-243.0	3.3	311.9	-104.2	433.8	3823.9	15507.3	49.0	
91.50	12.4	11.1	82.1	0.6	-238.3	3.4	298.9	-112.4	435.0	4046.3	15107.6	48.4	
91.55	15.1	11.2	82.7	0.7	-237.9	3.4	299.0	-128.9	441.9	4477.5	14924.6	37.0	
91.60	17.9	10.9	85.7	0.9	-240.9	3.4	309.8	-150.9	451.7	5010.4	14929.7	21.1	
91.65	20.6	10.7	83.2	1.2	-243.3	3.5	314.9	-176.4	454.5	5492.2	14902.0	7.4	
91.70	23.4	10.7	71.1	1.2	-242.7	3.6	307.4	-191.9	452.7	5954.3	14669.6	-5.5	
91.75	26.2	10.9	60.2	1.1	-239.1	3.6	291.0	-202.3	454.1	6401.8	14203.5	-9.2	
91.80	28.9	10.9	58.8	0.8	-234.9	3.7	277.3	-208.4	462.8	6716.6	13720.7	-3.2	
91.85	31.7	10.8	63.0	0.7	-233.7	3.7	275.6	-208.9	473.0	6901.4	13524.0	-0.9	
91.90	34.4	11.0	65.9	0.7	-237.0	3.7	285.5	-214.6	478.8	7013.4	13708.6	-10.5	
91.95	37.2	10.9	61.5	0.7	-243.3	3.8	301.3	-229.3	482.8	7249.7	14046.5	-28.0	
92.00	39.9	10.8	52.1	0.5	-248.4	3.8	314.8	-243.0	492.3	7652.0	14202.3	-45.0	
92.05	42.7	10.8	48.7	0.2	-249.9	3.8	315.3	-260.7	504.5	8098.8	14026.0	-48.7	
92.10	45.5	10.7	52.1	0.0	-249.6	3.8	303.1	-280.2	511.7	8544.3	13714.3	-46.5	
92.15	48.2	10.7	-86.6	-0.0	249.6	3.8	286.5	-298.1	511.8	8914.7	13477.8	-42.8	
92.20	51.0	11.0	-83.0	-0.0	249.5	3.8	274.0	-314.5	511.6	9098.4	13330.6	-36.6	
92.25	53.7	11.0	-86.3	-0.1	250.5	3.8	276.4	-320.8	520.9	9174.4	13337.2	-38.4	
92.30	56.5	11.1	-91.3	-0.2	252.7	3.8	287.5	-316.6	534.4	9152.0	13527.4	-49.5	
92.35	59.2	11.1	-87.6	-0.1	254.0	3.8	293.1	-308.8	542.4	8941.4	13788.2	-52.4	
92.40	61.9	10.9	-86.1	-0.1	254.5	3.8	292.4	-306.6	548.3	8764.3	13946.9	-50.7	
92.45	64.6	10.7	-89.3	-0.0	255.0	3.8	293.4	-308.6	562.0	8811.3	13938.3	-53.4	
92.50	67.4	10.6	-93.6	-0.1	254.9	3.8	294.7	-311.3	580.8	8946.3	13820.5	-55.2	
92.55	70.1	10.7	-98.7	-0.4	255.2	3.8	292.1	-320.8	594.0	9093.5	13722.5	-51.4	
92.60	72.8	10.6	-99.6	-0.6	257.6	3.7	290.6	-330.4	604.2	9285.1	13777.4	-50.2	
92.65	75.5	10.5	-96.4	-0.8	260.6	3.7	293.8	-338.1	616.2	9361.8	13961.9	-51.9	
92.70	78.2	10.4	-94.4	-0.9	262.6	3.7	301.2	-342.9	630.1	9260.8	14169.0	-50.7	
92.75	81.0	10.1	-95.8	-0.9	264.7	3.6	315.0	-334.3	648.3	9140.5	14406.0	-56.6	
92.80	83.7	9.9	-95.1	-0.9	265.8	3.6	322.3	-330.8	662.7	8988.7	14579.8	-60.8	
92.85	86.4	9.8	-96.4	-0.9	265.9	3.5	323.1	-334.3	673.5	8897.2	14622.5	-64.9	
92.90	89.1	10.0	-100.0	-0.9	266.2	3.5	327.3	-329.9	687.2	8933.6	14616.3	-75.8	
92.95	91.8	10.2	-98.2	-0.9	265.4	3.4	326.8	-327.8	701.1	8954.1	14528.0	-76.9	
93.00	94.6	10.2	-100.0	-0.9	266.5	3.4	323.4	-337.8	710.5	9109.7	14502.9	-73.9	
93.05	97.3	10.4	-104.1	-1.0	269.0	3.3	320.8	-344.3	718.4	9380.9	14540.3	-78.3	
93.10	100.0	10.4	-99.9	-1.0	269.0	3.3	317.2	-343.7	727.3	9469.2	14477.2	-78.0	
93.15	102.7	10.3	-97.5	-0.9	266.4	3.2	317.1	-334.7	739.1	9405.7	14295.3	-75.6	
93.20	105.4	10.2	-101.2	-0.9	264.0	3.2	318.7	-328.4	753.7	9384.4	14090.5	-79.3	
93.25	108.1	10.1	-99.1	-1.0	259.9	3.1	309.0	-326.7	763.5	9256.1	13821.4	-73.2	
93.30	110.8	10.2	-94.6	-1.1	253.8	3.1	291.8	-314.2	768.3	8952.8	13540.9	-59.9	
93.35	113.5	10.2	-90.3	-1.2	248.9	3.0	280.3	-296.9	776.1	8674.4	13345.4	-48.6	
93.40	116.2	10.3	-87.4	-1.2	248.6	3.0	280.1	-300.4	788.9	8644.4	13313.9	-45.4	
93.45	118.9	10.3	-92.5	-1.3	253.7	2.9	294.6	-313.5	805.3	8855.4	13555.4	-56.8	
93.50	121.6	10.4	-99.8	-1.4	260.0	2.8	314.6	-319.4	817.7	8953.4	13985.6	-71.4	
93.55	124.3	10.4	-101.5	-1.4	264.5	2.8	330.1	-314.2	823.2	8808.5	14450.8	-76.9	
93.60	127.0	10.5	-101.9	-1.4	268.3	2.7	344.9	-303.0	829.1	8635.3	14872.5	-81.8	
93.65	129.7	10.4	-100.2	-1.4	269.9	2.6	357.5	-291.8	839.6	8375.8	15136.4	-81.4	
93.70	132.4	10.4	-96.2	-1.3	267.5	2.6	359.4	-277.1	849.9	7917.5	15198.2	-72.1	
93.75	135.0	10.5	-92.1	-1.2	263.3	2.5	353.3	-252.1	855.0	7363.7	15176.0	-61.5	
93.80	137.7	10.8	-88.1	-1.2	259.0	2.4	345.0	-228.4	858.9	6883.9	15109.1	-48.6	
93.85	140.4	11.1	-88.0	-1.2	255.9	2.4	340.5	-218.5	870.1	6608.2	14993.2	-41.6	
93.90	143.0	11.2	-89.8	-1.3	255.4	2.3	344.2	-218.3	884.9	6511.7	14974.6	-44.0	
93.95	145.7	11.4	-87.7	-1.3	255.7	2.3	347.2	-214.8	892.4	6333.2	15067.1	-39.8	
94.00	148.4	11.4	-87.1	-1.4	257.1	2.2	348.7	-199.1	892.4	5989.0	15337.0	-30.2	
94.05	151.0	11.3	-88.5	-1.6	259.9	2.1	354.2	-181.2	895.4	5608.8	15716.3	-24.7	
94.10	153.7	11.2	-89.8	-1.7	264.6	2.0	369.4	-171.5	903.7	5224.3	16191.5	-26.3	
94.15	156.4	11.3	-91.0	-1.8	270.2	1.9	387.5	-159.3	910.7	4712.7	16746.7	-26.6	
94.20	159.0	11.4	-94.1	-2.0	275.8	1.8	402.2	-138.6	913.5	4222.6	17290.7	-23.8	
94.25	161.7	11.3	-99.9	-2.3	281.1	1.7	414.1	-121.1	912.9	3853.5	17771.7	-20.9	
94.30	164.3	11.3	-100.0	-2.7	283.3	1.6	417.0	-114.5	920.1	3767.9	17948.9	-14.8	
94.35	167.0	11.4	-87.6	-2.8	285.1	1.5	420.2	-114.7	928.9	3890.4	18044.6	-3.7	
94.40	169.6	11.3	-72.7	-2.6	286.6	1.3	421.4	-115.7	928.3	3889.8	18160.1	11.8	
94.45	172.3	11.1	-68.7	-2.4	286.3	1.2	414.4	-106.7	927.3	3814.1	18176.7	29.5	
94.50	174.9	10.9	-74.4	-2.5	286.9	1.1	411.6	-86.9	929.0	3641.2	18282.6	34.2	
94.55	177.6	11.0	-78.8	-2.6	288.4	1.0	411.7	-70.7	931.7	3387.2	18455.0	36.6	
94.60	180.2	10.9	-82.1	-2.8	292.3	0.8	417.7	-55.8	930.4	3094.2	18795.4	35.9	
94.65	182.8	10.6	-82.2	-2.9	298.4	0.7	430.8	-39.5	928.9	2839.3	19269.8	31.3	
94.70	185.5	10.5	-83.3	-3.0	303.7	0.5	442.8	-29.7	928.6	2569.5	19682.3	28.1	
94.75	188.1	10.3	-91.1	-3.2	307.8	0.4	453.2	-23.9	928.1	2447.2	19979.2	22.9	
94.80	190.7	10.2	-75.8	-3.1	307.4	0.2	450.3	-19.3	927.2	2514.0	19946.5	33.8	
94.85	193.4	10.5	-43.9	-2.4	304.8	0.1	439.7	-17.1	919.0	2422.5	19801.4	60.4	
94.90	196.0	10.3	-46.7	-1.8	303.4	-0.0	432.8	-3.5	908.7	2070.1	19762.0	72.0	
94.95	198.6	10.1	-49.5	-1.4	304.1	-0.1	433.0	21.0	899.6	1523.0	19870.3	79.7	
95.00	201.2	9.9	-51.5	-1.0	305.6	-0.2	436.3	39.5	890.6	921.2	20014.4	83.6	
95.05	203.9	9.8	-54.3	-0.8	306.3	-0.2	438.6	61.3	883.0	286.2	20075.2	86.1	
95.10	206.5	9.8	-54.9	-0.6	305.0	-0.2	435.3	89.9	879.8	-313.3	19975.1	91.2	
95.15	209.1	9.8	-51.9	-0.4	301.7	-0.3	423.6	110.0	876.1	-845.1	19738.3	104.9	
95.20	211.7	10.1	-48.7	-0.3	298.8	-0.3	412.2	122.6	870.4	-1277.8	19514.5	117.5	
95.25	214.4	10.3	-48.0	-0.2	298.0	-0.3	409.8	130.0	865.0	-1541.0	19442.3	122.8	
95.30	217.0	10.2	-48.3	-0.2	299.1	-0.3	412.0	134.3	857.0	-1847.5	19497.7	125.4	
95.35	219.6	10.0	-49.6	-0.1	301.5	-0.3	416.5	148.5	847.0	-2302.0	19614.2	125.4	
95.40	222.3	9.9	-50.8	-0.1	303.5	-0.3	420.1	169.6	836.7	-2843.8	19668.3	124.9	
95.45	224.9	9.7	-48.5	-0.1	301.7	-0.3	414.0	178.8	827.2	-3360.2	19467.1	131.9	
95.50	227.5	9.8	-47.9	-0.1	297.3	-0.3	405.2	187.0	820.0	-3728.7	19080.3	130.6	
95.55	230.2	10.0	-46.9	-0.0	290.4	-0.3	394.8	202.6	815.4	-3981.2	18500.5	127.6	
95.60	232.8	10.0	-42.8	-0.0	281.4	-0.3	378.4	214.5	810.2	-4222.9	17781.9	133.3	
95.65	235.4	9.8	-42.9	-0.0	274.1	-0.3	366.9	220.4	801.2	-4252.5	17231.5	126.0	
95.70	238.1	9.6	-47.6	-0.0	268.7	-0.3	363.6	219.8	790.3	-4111.8	16865.7	104.7	
95.75	240.7	9.6	-47.9	-0.0	262.0	-0.3	354.5	214.5	779.3	-4067.0	16388.2	96.8	
95.80	243.3	9.7	-44.0	-0.0	254.1	-0.3	338.9	220.1	767.1	-4107.1	15803.0	102.7	
95.85	245.9	9.8	-41.1	-0.0	247.5	-0.3	323.8	232.1	751.9	-4138.4	15309.1	106.3	
95.90	248.6	9.7	-39.5	-0.0	242.1	-0.3	309.7	236.7	737.1	-4215.2	14898.6	106.3	
95.95	251.2	9.9	-40.5	-0.0	238.5	-0.3	306.0	242.9	727.0	-4312.8	14595.7	99.3	
96.00	253.8	10.0	-41.7	-0.0	236.6	-0.3	310.5	248.9	718.7	-4459.8	14387.5	93.2	
96.05	256.5	10.2	-43.3	-0.0	235.2	-0.3	311.2	247.1	706.6	-4580.8	14247.2	86.6	
96.10	259.1	10.3	-46.6	-0.0	234.0	-0.3	308.8	250.3	690.7	-4579.5	14167.3	73.9	
96.15	261.7	10.3	-46.2	-0.0	231.1	-0.3	301.3	254.2	675.8	-4616.9	13946.1	72.6	
96.20	264.4	10.2	-42.6	-0.0	227.2	-0.3	291.3	248.3	662.8	-4757.1	13625.8	80.7	
96.25	267.0	10.0	-43.2	-0.0	225.5	-0.3	289.4	243.4	648.9	-4825.6	13490.9	77.3	
96.30	269.6	9.9	-45.6	-0.0	225.2	-0.3	288.4	245.9	631.3	-4913.0	13452.0	68.6	
96.35	272.3	9.8	-44.4	-0.0	224.6	-0.3	281.6	253.8	614.1	-5148.6	13323.3	72.2	
96.40	274.9	9.9	-42.3	-0.0	224.4	-0.3	278.0	268.2	601.6	-5441.6	13177.7	79.2	
96.45	277.5	9.8	-41.3	-0.0	224.9	-0.3	279.4	273.2	592.0	-5708.8	13103.7	83.0	
96.50	280.2	9.6	-42.1	-0.0	226.2	-0.3	279.9	270.5	579.9	-5909.5	13132.8	81.7	
96.55	282.8	9.4	-43.1	-0.0	228.5	-0.3	282.9	276.4	569.2	-6080.5	13235.1	80.4	
96.60	285.4	9.4	-41.4	-0.0	230.5	-0.3	285.0	282.6	562.0	-6270.6	13304.8	88.5	
96.65	288.1	9.4	-41.1	-0.0	232.4	-0.3	288.7	276.8	554.6	-6258.4	13479.4	91.2	
96.70	290.7	9.4	-45.9	-0.0	234.8	-0.3	297.9	264.0	542.1	-5995.9	13812.9	77.2	
96.75	293.4	9.4	-48.3	-0.0	235.6	-0.3	303.4	246.9	529.8	-5781.9	14003.4	69.9	
96.80	296.0	9.4	-47.3	-0.0	234.8	-0.3	302.9	242.9	521.5	-5683.9	13997.7	72.3	
96.85	298.7	9.4	-47.0	-0.0	233.5	-0.3	300.6	244.4	512.7	-5502.5	13971.7	72.1	
96.90	301.3	9.7	-46.4	-0.0	231.7	-0.3	295.2	238.3	500.1	-5294.7	13937.1	72.5	
96.95	304.0	9.9	-44.6	-0.0	229.2	-0.3	290.6	229.5	490.1	-5094.7	13853.5	76.2	
97.00	306.6	9.9	-43.9	-0.0	227.6	-0.3	292.8	226.4	485.7	-4851.9	13809.7	76.7	
97.05	309.2	10.2	-42.1	-0.0	225.9	-0.3	293.3	216.6	478.9	-4543.0	13804.7	81.3	
97.10	311.9	10.2	-39.0	-0.0	223.4	-0.3	288.6	197.8	468.7	-4089.7	13804.6	89.6	
97.15	314.5	10.2	-38.5	-0.0	222.1	-0.3	287.7	184.3	459.2	-3551.3	13880.9	90.0	
97.20	317.2	10.3	-38.3	-0.0	221.3	-0.3	288.5	169.5	453.0	-3082.3	13955.5	90.0	
97.25	319.8	10.2	-38.7	-0.0	221.4	-0.3	290.4	152.4	447.4	-2606.0	14085.2	88.7	
97.30	322.5	10.1	-41.0	-0.0	223.5	-0.3	293.9	137.7	438.6	-2129.4	14346.4	82.8	
97.35	325.1	9.9	-41.5	-0.0	226.8	-0.3	296.7	126.0	427.3	-1813.3	14656.9	84.5	
97.40	327.8	9.7	-42.3	-0.0	231.8	-0.3	304.8	121.3	419.8	-1594.2	15047.3	86.5	
97.45	330.4	9.5	-44.5	-0.0	237.0	-0.3	316.2	109.3	415.8	-1276.6	15457.3	84.3	
97.50	333.1	9.5	-46.0	-0.0	240.1	-0.3	322.2	84.5	411.0	-847.5	15730.4	82.3	
97.55	335.7	9.6	-47.2	-0.0	241.8	-0.3	324.1	69.4	405.2	-395.6	15889.2	79.8	
97.60	338.4	9.8	-47.5	-0.0	242.9	-0.3	322.7	61.5	400.5	-7.9	15986.7	79.8	
97.65	341.1	10.0	-47.4	-0.0	244.4	-0.3	321.0	44.7	395.7	342.0	16112.2	81.7	
97.70	343.7	10.2	-50.5	-0.0	247.9	-0.3	325.6	29.7	390.7	681.4	16368.1	74.6	
97.75	346.4	10.1	-53.8	-0.0	251.8	-0.3	332.4	21.2	385.6	810.6	16640.5	67.2	
97.80	349.1	10.0	-55.0	-0.0	254.1	-0.3	335.9	15.5	383.1	870.7	16801.7	65.3	
97.85	351.8	10.2	-57.4	-0.0	256.5	-0.3	341.2	12.8	382.7	1075.0	16957.0	59.4	
97.90	354.4	10.4	94.9	0.1	-257.9	-0.3	344.9	-2.6	384.2	1413.1	17026.4	58.1	
97.95	357.1	10.6	104.6	0.4	-257.9	-0.3	345.8	-23.9	386.0	1713.0	16999.5	62.0	
98.00	359.8	10.6	102.9	0.7	-257.6	-0.3	345.2	-38.6	386.8	2034.9	16937.4	57.7	
98.05	2.4	10.7	91.5	0.7	-256.2	-0.3	338.9	-52.7	383.8	2355.3	16801.0	53.2	
98.10	5.1	10.8	72.1	0.3	-253.6	-0.2	328.7	-69.8	381.1	2689.7	16577.2	50.0	
98.15	7.8	11.1	-77.7	-0.2	251.8	-0.2	322.9	-78.2	382.8	3055.9	16383.6	48.8	
98.20	10.5	10.9	-57.2	-0.2	250.5	-0.3	318.7	-86.6	386.3	3383.4	16218.6	53.1	
98.25	13.1	10.6	100.3	0.1	-250.1	-0.3	315.9	-101.7	387.5	3649.8	16124.9	52.0	
98.30	15.8	10.2	94.6	0.4	-251.3	-0.2	318.9	-113.0	392.2	3965.9	16121.1	40.2	
98.35	18.5	9.9	82.9	0.4	-253.7	-0.2	326.4	-122.8	402.1	4400.5	16154.2	22.9	
98.40	21.1	9.7	69.1	0.2	-256.0	-0.2	331.1	-139.5	410.8	4952.6	16140.0	7.7	
98.45	23.8	9.6	-85.2	-0.0	258.6	-0.2	332.0	-164.2	414.9	5563.3	16107.2	1.8	
98.50	26.5	9.7	-78.0	-0.1	260.9	-0.2	329.7	-189.8	417.4	6082.6	16070.9	1.9	
98.55	29.1	9.5	-80.0	-0.2	262.9	-0.2	326.1	-206.5	421.8	6496.9	16053.6	-4.7	
98.60	31.8	9.4	-88.2	-0.3	264.9	-0.2	322.2	-214.0	426.3	6854.6	16064.4	-15.2	
98.65	34.5	9.6	-78.3	-0.3	266.9	-0.2	319.7	-222.3	431.7	7137.9	16089.1	-13.0	
98.70	37.1	9.7	-82.2	-0.2	270.0	-0.2	325.1	-234.5	439.9	7317.9	16220.2	-20.5	
98.75	39.8	9.8	-83.9	-0.0	274.9	-0.3	338.0	-247.2	450.8	7526.7	16465.9	-35.0	
98.80	42.5	9.9	-96.1	-0.0	279.5	-0.3	347.8	-256.5	460.8	7761.8	16689.0	-50.9	
98.85	45.2	10.0	-100.4	-0.1	282.3	-0.3	348.6	-265.3	467.6	7997.8	16788.0	-50.1	
98.90	47.8	10.2	-94.4	-0.1	285.4	-0.3	348.2	-276.7	473.3	8308.7	16876.1	-42.3	
98.95	50.5	10.2	-97.1	-0.1	290.4	-0.3	353.1	-292.3	479.8	8640.5	17078.0	-45.8	
99.00	53.2	10.3	-100.3	-0.0	295.0	-0.3	360.5	-306.2	486.9	8809.7	17335.4	-51.2	
99.05	55.8	10.4	-101.0	-0.0	297.6	-0.3	367.3	-305.3	495.1	8745.7	17564.1	-50.5	
99.10	58.5	10.3	-99.5	-0.0	298.4	-0.3	372.1	-294.0	506.3	8554.3	17721.2	-44.2	
99.15	61.2	10.4	-98.8	-0.0	298.5	-0.3	374.1	-295.0	519.0	8456.1	17763.4	-41.3	
99.20	63.8	10.5	-100.3	-0.0	299.2	-0.3	380.0	-299.4	534.2	8461.8	17784.8	-45.7	
99.25	66.5	10.5	-100.8	-0.0	299.5	-0.3	384.3	-303.0	548.9	8418.1	17797.2	-47.1	
99.30	69.2	10.5	-99.6	-0.0	300.2	-0.3	382.8	-308.6	559.5	8439.3	17825.1	-42.1	
99.35	71.9	10.4	-101.8	-0.0	302.9	-0.3	380.2	-320.5	567.8	8694.8	17904.4	-47.0	
99.40	74.5	10.3	-104.0	-0.0	305.5	-0.3	380.0	-331.7	578.5	8995.7	17949.4	-51.7	
99.45	77.2	10.3	-103.6	-0.0	306.3	-0.3	382.4	-336.9	593.4	9128.8	17918.1	-49.4	
99.50	79.8	10.3	-104.5	-0.0	306.9	-0.3	388.6	-334.9	609.2	9097.3	17959.2	-51.8	
99.55	82.5	10.4	-106.7	-0.0	308.3	-0.3	393.6	-333.3	621.9	9029.9	18092.3	-58.2	
99.60	85.2	10.1	-108.8	-0.0	309.0	-0.3	395.5	-326.4	634.9	8950.1	18184.3	-64.5	
99.65	87.8	10.0	-108.8	-0.0	307.0	-0.3	393.7	-313.7	651.5	8806.5	18110.1	-66.5	
99.70	90.5	9.9	-107.3	-0.0	303.4	-0.3	386.8	-310.2	669.2	8682.5	17875.2	-64.9	
99.75	93.2	9.5	-105.2	-0.0	300.9	-0.3	376.4	-316.7	684.1	8737.6	17636.6	-60.4	
99.80	95.8	9.4	-102.4	-0.0	300.8	-0.3	366.0	-329.7	695.8	8965.6	17497.1	-50.8	
99.85	98.5	9.5	-101.1	-0.0	302.6	-0.3	363.5	-336.4	708.8	9222.4	17495.4	-44.5	
99.90	101.2	9.6	-103.0	-0.0	307.0	-0.3	376.3	-335.1	724.0	9406.7	17739.1	-46.7	
99.95	103.8	9.9	-108.5	-0.0	314.4	-0.3	397.6	-341.7	736.2	9508.0	18240.1	-57.9	
100.00	106.5	10.1	-115.1	-0.0	322.1	-0.3	419.4	-347.9	745.8	9489.3	18825.6	-73.1	
100.05	109.2	9.9	-116.8	-0.0	324.8	-0.3	431.9	-333.3	756.5	9184.5	19193.0	-76.1	
100.10	111.9	9.6	-113.6	-0.0	323.0	-0.3	433.4	-305.2	769.6	8722.4	19295.6	-67.0	
100.15	114.5	9.4	-111.8	-0.0	321.7	-0.3	431.8	-286.6	782.3	8450.3	19339.7	-62.0	
100.20	117.2	9.4	-112.6	-0.0	323.5	-0.3	432.3	-289.1	793.3	8430.2	19479.5	-63.1	
100.25	119.9	9.4	84.5	0.2	-325.0	-0.3	431.8	-297.0	804.1	8423.3	19585.3	-54.8	
100.30	122.6	9.4	81.2	0.2	-325.9	-0.3	430.8	-296.2	815.0	8414.2	19657.5	-47.5	
100.35	125.3	9.3	-116.0	-0.0	328.3	-0.3	431.4	-294.3	822.3	8460.0	19831.8	-45.1	
100.40	128.0	9.3	-108.0	-0.0	331.6	-0.3	436.5	-293.1	828.8	8437.4	20098.6	-40.3	
100.45	130.6	9.3	-109.9	-0.0	334.0	-0.3	449.9	-283.8	839.7	8156.7	20374.7	-44.2	
100.50	133.3	9.4	91.0	0.2	-333.6	-0.3	463.1	-264.2	851.3	7609.5	20542.9	-45.9	
100.55	136.0	9.6	90.1	0.4	-331.0	-0.2	465.9	-241.6	858.7	7020.0	20560.9	-46.3	
100.60	138.7	9.9	77.1	0.2	-326.0	-0.2	455.8	-222.6	865.8	6556.8	20367.3	-41.5	
100.65	141.3	10.1	-114.2	-0.1	319.3	-0.2	439.4	-209.2	876.9	6230.5	19995.7	-28.5	
100.70	144.0	10.1	-93.4	-0.1	313.6	-0.2	426.4	-199.1	889.0	6086.0	19628.4	-11.2	
100.75	146.7	10.0	-92.4	-0.1	311.1	-0.2	419.5	-196.2	896.1	6086.5	19442.0	-9.2	
100.80	149.3	10.2	-94.5	-0.1	311.1	-0.2	419.4	-199.1	899.7	6070.7	19443.1	-15.6	
100.85	152.0	10.2	-93.7	-0.0	312.0	-0.2	424.4	-193.7	907.1	6007.9	19517.8	-11.4	
100.90	154.7	10.0	-96.2	-0.0	313.7	-0.2	436.6	-175.6	915.7	5791.1	19697.9	-18.0	
100.95	157.3	9.9	-96.4	-0.0	314.6	-0.3	443.2	-154.8	919.0	5380.3	19889.2	-17.2	
101.00	160.0	9.9	-97.0	-0.0	316.2	-0.3	448.8	-135.4	919.7	4860.1	20147.6	-17.4	
101.05	162.7	9.8	95.6	0.1	-318.0	-0.2	454.4	-119.3	925.5	4431.4	20379.2	-3.9	
101.10	165.3	9.7	-97.3	-0.0	321.0	-0.2	464.5	-108.4	931.6	4106.3	20648.5	0.4	
101.15	168.0	9.8	-91.7	-0.0	323.1	-0.2	470.5	-99.5	934.5	3960.2	20830.9	8.0	
101.20	170.7	9.8	-91.7	-0.0	324.0	-0.2	473.3	-94.1	935.1	3980.9	20887.1	8.8	
101.25	173.3	9.6	-86.9	-0.0	321.5	-0.2	466.0	-96.0	936.9	3964.6	20715.3	22.8	
101.30	176.0	9.5	-83.6	-0.0	317.4	-0.2	456.3	-91.5	936.8	3772.1	20466.8	30.2	
101.35	178.7	9.5	-81.2	-0.0	312.4	-0.2	446.3	-76.2	933.1	3443.8	20186.7	33.5	
101.40	181.3	9.7	-75.6	-0.0	306.1	-0.2	433.3	-54.9	926.5	2899.8	19842.7	46.5	
101.45	184.0	9.9	-73.0	-0.0	300.8	-0.2	427.2	-27.5	926.0	2307.8	19538.9	50.3	
101.50	186.7	9.8	-71.3	-0.0	296.8	-0.2	425.3	-3.1	928.9	1805.5	19291.4	52.0	
101.55	189.3	9.6	-71.0	-0.0	294.0	-0.2	424.2	5.6	926.7	1418.1	19119.5	50.4	
101.60	192.0	9.4	-66.9	-0.0	289.2	-0.2	415.5	13.4	924.0	1197.2	18794.3	59.4	
101.65	194.7	9.5	-61.5	-0.0	282.6	-0.2	401.0	24.0	923.6	1052.9	18342.3	71.6	
101.70	197.3	9.5	-57.1	-0.0	277.3	-0.2	387.7	32.5	919.6	879.8	17990.7	81.2	
101.75	200.0	9.7	-57.1	-0.0	276.7	-0.2	386.2	43.9	911.7	646.8	17965.4	80.8	
101.80	202.6	9.7	-57.6	-0.0	278.6	-0.2	391.5	58.2	903.1	183.9	18103.1	80.7	
101.85	205.3	9.7	-57.6	-0.0	282.2	-0.2	401.7	78.1	897.2	-467.1	18333.5	84.5	
101.90	207.9	9.8	-58.6	-0.0	286.0	-0.2	411.6	106.3	893.6	-1114.0	18554.0	84.8	
101.95	210.6	9.8	-58.0	-0.0	286.8	-0.2	410.7	126.2	889.0	-1650.0	18563.3	87.7	
102.00	213.3	9.9	-53.9	-0.0	284.5	-0.2	401.6	135.0	882.9	-2068.2	18370.1	99.4	
102.05	215.9	10.1	-49.8	-0.0	281.7	-0.2	396.2	145.7	879.1	-2315.1	18134.8	110.7	
102.10	218.6	10.2	-47.8	-0.0	279.1	-0.2	392.6	150.0	873.7	-2418.2	17930.7	114.9	
102.15	221.2	10.3	-47.1	-0.0	277.6	-0.2	389.6	145.3	861.9	-2489.4	17827.0	116.0	
102.20	223.9	10.4	-48.8	-0.0	278.6	-0.2	392.5	151.5	849.4	-2670.6	17872.6	111.1	
102.25	226.6	10.5	-50.2	-0.0	280.2	-0.2	395.4	170.8	840.0	-3066.9	17912.3	107.7	
102.30	229.2	10.4	-51.2	-0.0	280.4	-0.2	392.4	190.0	831.4	-3520.6	17836.7	104.5	
102.35	231.9	10.2	-52.1	-0.0	278.4	-0.2	384.7	205.2	822.5	-3864.7	17616.8	99.5	
102.40	234.6	10.3	-51.2	-0.0	274.5	-0.2	374.2	219.8	815.3	-4143.8	17260.6	98.9	
102.45	237.2	10.1	-47.1	-0.0	269.3	-0.2	362.5	230.3	810.8	-4390.1	16806.2	107.7	
102.50	239.9	10.0	-44.1	-0.0	265.1	-0.2	355.6	234.9	803.7	-4502.7	16461.6	113.6	
102.55	242.6	10.1	-44.8	-0.0	263.0	-0.2	353.1	232.0	791.3	-4515.8	16315.6	109.3	
102.60	245.3	10.3	-46.8	-0.0	261.4	-0.2	350.2	226.2	777.0	-4549.0	16208.0	100.7	
102.65	248.0	10.7	-48.3	-0.0	259.5	-0.2	350.1	229.8	765.5	-4639.0	16036.5	93.6	
102.70	250.7	11.0	-47.9	-0.0	256.0	-0.2	345.9	237.8	756.1	-4832.0	15714.0	91.6	
102.75	253.3	11.5	-45.6	-0.0	251.1	-0.2	333.1	243.1	743.7	-5085.2	15275.5	94.8	
102.80	256.0	11.6	-45.9	-0.0	246.1	-0.2	319.8	253.1	728.9	-5270.1	14830.3	88.4	
102.85	258.7	11.5	96.2	0.0	-240.0	-0.2	306.0	264.1	716.1	-5440.3	14298.7	85.5	
102.90	261.4	11.5	94.2	0.0	-232.8	-0.2	292.9	270.6	706.1	-5528.5	13708.6	91.8	
102.95	264.0	11.4	93.5	0.0	-227.1	-0.2	286.0	270.9	694.0	-5425.2	13310.7	94.7	
103.00	266.7	11.3	90.2	0.0	-223.7	-0.2	282.9	260.8	676.9	-5226.1	13154.8	86.8	
103.05	269.4	11.5	88.4	0.0	-222.0	-0.2	279.5	253.5	659.9	-5164.6	13073.2	82.1	
103.10	272.0	11.5	87.8	0.0	-221.7	-0.2	279.8	257.5	646.8	-5235.4	13025.6	80.2	
103.15	274.7	11.5	87.3	0.0	-221.0	-0.2	279.4	260.2	634.6	-5250.5	12968.6	78.9	
103.20	277.4	11.6	86.5	0.0	-220.0	-0.2	275.3	257.0	618.8	-5241.1	12921.5	77.3	
103.25	280.0	11.4	86.0	0.0	-220.4	-0.2	274.6	258.2	603.6	-5336.8	12926.2	74.8	
103.30	282.7	11.1	89.0	0.1	-221.1	-0.2	276.0	261.0	591.5	-5468.3	12929.8	75.6	
103.35	285.4	11.1	84.5	0.1	-221.4	-0.2	278.6	256.7	579.8	-5449.1	12971.8	71.1	
103.40	288.1	11.3	80.4	0.0	-220.7	-0.2	283.0	247.4	567.7	-5201.5	13034.6	61.5	
103.45	290.7	11.4	79.8	0.0	-219.2	-0.2	288.0	237.0	559.5	-4894.9	13051.4	54.9	
103.50	293.4	11.3	79.4	0.0	-218.5	-0.2	288.7	233.9	550.9	-4730.8	13069.3	54.3	
103.55	296.1	11.5	81.9	0.0	-218.4	-0.2	281.2	228.4	536.2	-4685.1	13118.3	62.8	
103.60	298.8	11.6	85.2	0.0	-218.0	-0.2	270.2	221.0	519.7	-4643.8	13149.8	74.4	
103.65	301.4	11.6	87.0	0.0	-216.6	-0.2	262.9	219.3	507.6	-4568.1	13098.7	82.2	
103.70	304.1	11.4	88.3	0.0	-215.7	-0.2	262.0	226.3	499.6	-4577.2	13018.3	87.4	
103.75	306.8	11.5	88.1	0.0	-216.1	-0.2	267.4	224.4	492.8	-4521.4	13068.7	86.3	
103.80	309.5	11.7	85.1	0.0	-218.5	-0.2	279.7	210.6	484.4	-4274.4	13344.2	73.7	
103.85	312.1	11.9	82.1	0.0	-221.3	-0.2	293.3	193.1	475.8	-3973.9	13658.4	60.7	
103.90	314.8	11.7	81.1	0.0	-222.1	-0.2	300.2	180.9	469.8	-3693.3	13810.6	56.4	
103.95	317.5	11.4	82.0	0.0	-221.2	-0.2	297.5	174.5	461.9	-3364.8	13842.8	60.5	
104.00	320.1	11.6	84.1	0.0	-218.2	-0.2	286.2	155.4	448.8	-2937.8	13779.8	70.4	
104.05	322.8	11.6	84.9	0.0	-216.2	-0.2	279.9	133.9	436.8	-2542.2	13758.6	75.1	
104.10	325.4	11.5	84.4	0.0	-216.6	-0.2	283.4	129.9	430.3	-2274.1	13836.6	73.2	
104.15	328.1	11.2	84.2	0.0	-217.4	-0.2	287.1	125.0	423.5	-2078.5	13931.6	71.7	
104.20	330.7	11.3	83.1	0.0	-217.4	-0.2	287.8	109.2	413.8	-1736.8	14001.9	67.7	
104.25	333.4	11.4	81.3	0.0	-216.7	-0.2	288.1	96.2	409.2	-1264.3	14011.3	62.5	
104.30	336.0	11.4	83.3	0.0	-214.9	-0.2	283.7	85.9	408.9	-868.0	13929.0	71.2	
104.35	338.7	11.3	85.7	0.0	-214.7	-0.2	278.7	68.0	402.7	-434.2	13965.6	79.6	
104.40	341.3	11.3	84.0	0.0	-219.4	-0.2	285.6	43.8	391.4	177.9	14326.5	69.1	
104.45	344.0	11.4	81.5	0.0	-226.9	-0.2	302.6	22.9	387.0	715.7	14840.7	52.9	
104.50	346.7	11.7	82.7	0.0	-234.2	-0.2	319.1	14.4	389.5	1003.3	15329.6	49.6	
104.55	349.3	11.8	85.0	0.0	-240.5	-0.2	328.5	8.0	385.7	1226.3	15766.9	51.2	
104.60	352.0	11.7	86.2	0.0	-244.1	-0.2	328.2	-10.0	375.2	1543.8	16020.9	51.9	
104.65	354.7	11.6	85.9	0.0	-244.9	-0.2	325.8	-28.1	372.5	1877.4	16056.2	49.9	
104.70	357.3	11.4	85.8	0.0	-244.5	-0.2	325.3	-35.5	380.1	2166.5	15981.5	50.1	
104.75	360.0	11.4	86.6	0.0	-244.2	-0.2	321.6	-43.8	381.7	2477.6	15922.3	53.2	
104.80	2.6	11.6	85.5	0.0	-245.9	-0.2	319.5	-62.1	374.3	2926.6	15975.7	47.5	
104.85	5.3	11.7	82.4	0.0	-248.7	-0.2	324.3	-83.4	371.1	3371.4	16083.1	34.0	
104.90	7.9	11.8	80.9	0.0	-250.5	-0.2	331.4	-96.5	377.6	3670.8	16116.4	27.1	
104.95	10.6	11.9	80.8	0.0	-251.5	-0.2	335.1	-105.7	381.0	3882.2	16126.8	25.9	
105.00	13.3	12.0	80.6	0.0	-252.4	-0.2	334.1	-115.8	376.8	4093.3	16137.3	24.4	
105.05	15.9	12.2	80.4	0.0	-252.6	-0.2	332.6	-123.3	377.0	4263.0	16110.3	23.2	
105.10	18.6	12.2	80.3	0.0	-252.8	-0.2	335.6	-127.4	387.4	4370.3	16072.4	22.7	
105.15	21.2	12.1	78.8	0.0	-254.0	-0.2	340.1	-138.3	396.3	4506.6	16097.7	16.5	
105.20	23.9	12.1	77.4	0.0	-256.0	-0.2	341.2	-155.8	396.9	4732.2	16165.8	9.7	
105.25	26.5	12.0	77.1	0.0	-257.2	-0.2	340.7	-168.2	401.2	5010.1	16159.8	7.4	
105.30	29.2	11.9	77.6	0.0	-257.5	-0.2	339.8	-181.6	413.8	5328.9	16051.8	9.1	
105.35	31.8	11.9	76.9	0.0	-259.2	-0.2	340.1	-201.4	424.8	5747.5	16007.7	4.6	
105.40	34.5	11.9	73.5	0.0	-263.2	-0.2	342.9	-215.7	429.6	6175.3	16135.5	-10.8	
105.45	37.1	12.0	71.9	0.0	-266.0	-0.2	342.0	-226.3	432.2	6414.9	16250.4	-19.2	
105.50	39.8	12.2	72.4	0.0	-267.2	-0.2	341.2	-233.1	439.9	6563.4	16276.9	-18.8	
105.55	42.4	12.8	71.1	0.0	-268.9	-0.2	343.8	-237.8	450.8	6803.9	16290.0	-24.7	
105.60	45.1	13.1	69.1	0.0	-270.6	-0.2	344.8	-248.0	458.9	7063.4	16294.0	-33.5	
105.65	47.7	13.2	67.4	0.0	-271.4	-0.2	343.1	-253.9	467.8	7283.4	16244.7	-40.0	
105.70	50.4	13.2	67.0	0.0	-271.8	-0.2	342.7	-257.1	480.8	7519.5	16154.6	-41.6	
105.75	53.0	13.4	67.6	0.0	-273.8	-0.2	344.5	-278.8	491.9	7911.1	16082.9	-41.9	
105.80	55.7	13.6	66.2	0.0	-278.8	-0.2	352.6	-302.6	500.6	8438.0	16162.1	-51.5	
105.85	58.3	13.7	65.1	0.0	-283.8	-0.2	360.1	-314.0	508.4	8834.8	16328.9	-60.5	
105.90	61.0	13.5	65.1	0.0	-286.5	-0.2	361.4	-315.8	515.2	8969.4	16468.7	-62.9	
105.95	63.6	13.3	65.3	0.0	-288.5	-0.2	361.5	-318.5	522.7	9059.0	16583.2	-64.5	
106.00	66.3	13.1	66.1	0.0	-290.1	-0.2	360.7	-327.5	531.5	9173.1	16629.5	-63.3	
106.05	68.9	13.1	67.7	0.0	-290.3	-0.2	358.1	-332.9	542.4	9236.5	16601.7	-57.8	
106.10	71.6	12.9	68.1	0.0	-291.3	-0.2	359.1	-322.1	555.9	9249.0	16685.0	-57.5	
106.15	74.2	12.5	68.8	0.0	-294.1	-0.2	361.3	-321.5	565.8	9285.8	16894.4	-57.8	
106.20	76.8	12.4	69.7	0.0	-298.7	-0.2	367.2	-337.7	573.8	9459.1	17139.5	-59.2	
106.25	79.5	12.2	69.3	0.0	-303.8	-0.2	381.3	-347.9	588.1	9714.9	17370.0	-65.9	
106.30	82.1	12.1	68.4	0.0	-306.6	-0.2	393.4	-347.3	604.2	9764.7	17544.1	-72.0	
106.35	84.7	11.9	68.9	0.0	-308.1	-0.2	398.2	-342.4	615.6	9642.0	17725.1	-71.5	
106.40	87.4	12.1	69.9	0.0	-310.1	-0.2	400.7	-333.9	625.8	9463.6	17999.5	-70.1	
106.45	90.0	12.3	72.2	0.0	-311.5	-0.2	401.6	-334.2	636.9	9243.9	18217.5	-63.5	
106.50	92.6	12.3	73.6	0.0	-311.9	-0.2	406.9	-331.4	652.6	9022.8	18338.9	-59.3	
106.55	95.3	12.3	73.0	0.0	-312.3	-0.2	415.4	-322.9	671.6	8886.2	18423.8	-61.6	
106.60	97.9	12.3	73.5	0.0	-313.5	-0.2	419.4	-324.8	686.8	8845.4	18516.6	-61.1	
106.65	100.5	12.6	75.2	0.0	-315.4	-0.2	420.6	-333.2	699.2	8849.4	18642.7	-57.2	
106.70	103.2	12.3	76.4	0.0	-316.4	-0.2	420.4	-331.8	711.9	8808.1	18740.6	-54.2	
106.75	105.8	12.1	77.9	0.0	-316.0	-0.2	417.8	-326.0	724.1	8708.9	18759.4	-48.7	
106.80	108.4	12.1	79.2	0.0	-315.9	-0.2	416.1	-320.8	735.1	8605.9	18805.0	-44.2	
106.85	111.1	12.0	80.2	0.0	-317.0	-0.2	418.4	-315.4	748.2	8486.4	18943.8	-41.8	
106.90	113.7	12.0	81.6	0.0	-317.3	-0.2	420.1	-306.5	762.2	8266.3	19068.2	-37.1	
106.95	116.4	12.1	82.8	0.0	-318.0	-0.2	422.3	-290.4	774.4	8000.2	19246.3	-33.7	
107.00	119.0	12.3	83.3	0.0	-320.7	-0.2	428.5	-277.0	785.7	7853.5	19532.0	-34.7	
107.05	121.7	12.3	83.3	0.0	-325.6	-0.2	439.1	-276.2	797.2	7830.5	19899.9	-39.7	
107.10	124.3	12.2	82.3	0.0	-331.1	-0.2	452.2	-281.4	810.3	7927.5	20252.6	-48.5	
107.15	127.0	12.3	81.7	0.0	-336.2	-0.2	463.6	-285.4	821.2	8064.4	20567.3	-55.7	
107.20	129.6	12.1	82.6	0.0	-338.6	-0.2	467.7	-287.6	827.2	8086.6	20737.5	-55.2	
107.25	132.3	11.8	81.8	0.0	-338.1	-0.2	470.2	-280.0	834.8	8006.2	20730.2	-57.4	
107.30	134.9	12.2	80.3	0.0	-336.2	-0.2	475.0	-266.8	845.7	7808.2	20648.3	-60.6	
107.35	137.6	12.3	79.9	0.0	-332.6	-0.2	474.9	-256.0	855.4	7493.8	20481.3	-58.3	
107.40	140.2	12.2	79.9	0.0	-327.9	-0.2	467.8	-241.2	862.2	7131.5	20270.4	-53.6	
107.45	142.8	12.0	80.9	0.0	-321.0	-0.2	452.1	-223.2	867.1	6754.1	19909.0	-43.2	
107.50	145.5	11.6	82.5	0.0	-311.9	-0.2	431.6	-207.9	874.7	6446.3	19358.9	-28.8	
107.55	148.1	11.3	83.3	0.0	-304.5	-0.2	416.5	-198.4	883.4	6299.4	18868.2	-18.7	
107.60	150.8	11.2	83.8	0.0	-299.8	-0.2	408.0	-195.3	888.7	6187.0	18548.1	-12.1	
107.65	153.4	11.3	83.1	0.0	-297.3	-0.2	409.0	-191.3	892.9	5981.4	18416.7	-12.0	
107.70	156.0	11.5	82.5	0.0	-295.4	-0.2	413.4	-174.3	898.3	5569.7	18398.5	-12.1	
107.75	158.7	11.8	82.0	0.0	-294.6	-0.2	422.1	-151.2	903.1	5045.9	18487.8	-13.2	
107.80	161.3	11.7	81.6	0.0	-293.8	-0.2	430.2	-125.3	904.5	4351.6	18596.3	-13.5	
107.85	164.0	11.7	82.9	0.0	-290.8	-0.2	430.1	-104.5	910.7	3708.3	18517.6	-6.1	
107.90	166.6	11.9	84.6	0.0	-286.1	-0.2	424.1	-92.8	917.4	3154.4	18276.0	4.5	
107.95	169.3	11.7	87.0	0.0	-278.0	-0.2	405.9	-78.2	920.4	2678.1	17793.0	20.6	
108.00	171.9	11.7	87.6	0.0	-269.0	-0.2	383.7	-60.5	922.0	2429.4	17215.3	31.8	
108.05	174.6	11.8	88.5	0.0	-261.9	-0.2	366.8	-59.0	921.9	2390.4	16730.8	41.9	
108.10	177.2	11.7	88.1	0.0	-256.7	-0.2	356.4	-60.8	923.0	2295.2	16368.7	45.8	
108.15	179.9	11.7	85.5	0.0	-253.6	-0.2	354.1	-44.5	924.9	1975.0	16189.7	40.0	
108.20	182.5	11.7	84.2	0.0	-250.6	-0.2	348.8	-19.7	922.6	1483.0	16041.4	38.3	
108.25	185.2	11.8	82.9	0.0	-249.1	-0.2	345.8	4.7	917.7	950.9	15976.2	35.4	
108.30	187.8	11.9	81.7	0.0	-248.8	-0.2	349.0	26.2	919.7	526.8	15960.1	31.6	
108.35	190.4	12.2	82.5	0.0	-247.7	-0.2	349.9	44.5	923.6	61.9	15876.8	35.4	
108.40	193.1	12.7	81.8	0.0	-246.0	-0.2	346.9	52.8	921.7	-206.5	15754.7	34.8	
108.45	195.7	12.8	80.2	0.0	-243.9	-0.2	341.5	53.3	914.5	-246.3	15610.7	31.3	
108.50	198.4	12.8	79.4	0.0	-239.7	-0.2	331.7	55.0	909.6	-246.0	15329.3	32.7	
108.55	201.0	12.8	82.6	0.0	-236.3	-0.2	324.1	63.6	905.8	-372.6	15090.7	47.2	
108.60	203.7	12.8	83.4	0.0	-236.7	-0.2	326.3	74.8	896.1	-642.3	15105.8	49.4	
108.65	206.3	12.9	84.2	0.0	-237.4	-0.2	328.2	86.7	887.0	-1051.5	15123.3	51.6	
108.70	208.9	12.7	85.5	0.0	-236.5	-0.2	325.4	108.2	883.3	-1641.7	14995.9	56.9	
108.75	211.6	12.5	88.0	0.0	-234.6	-0.2	318.3	136.1	881.1	-2223.4	14771.1	67.4	
108.80	214.2	12.3	90.8	0.0	-233.2	-0.2	308.9	156.8	873.6	-2674.5	14594.6	78.4	
108.85	216.8	12.2	91.0	0.0	-233.5	-0.2	305.2	165.6	864.7	-2912.4	14569.7	78.9	
108.90	219.5	12.2	87.9	0.0	-236.3	-0.2	313.7	171.5	858.0	-2989.0	14749.7	65.6	
108.95	222.1	12.1	87.0	0.0	-238.3	-0.2	322.3	172.5	851.8	-3032.1	14878.6	60.3	
109.00	224.8	11.9	87.6	0.0	-238.2	-0.2	323.1	171.5	841.7	-3089.7	14862.5	62.7	
109.05	227.4	12.1	88.5	0.0	-236.8	-0.2	317.1	181.2	830.0	-3238.7	14735.1	66.8	
109.10	230.0	12.2	91.6	0.0	-236.5	-0.2	308.0	201.4	819.3	-3717.9	14599.2	77.8	
109.15	232.7	12.3	95.1	0.0	-238.5	-0.2	302.1	222.8	811.0	-4411.2	14547.3	88.1	
109.20	235.4	12.4	96.6	0.0	-242.5	-0.2	304.6	238.8	804.5	-5001.2	14638.4	89.1	
109.25	238.0	12.3	97.6	0.0	-247.2	-0.2	313.1	245.3	795.8	-5383.5	14855.7	88.0	
109.30	240.7	12.1	98.1	0.0	-252.1	-0.2	324.7	251.6	785.6	-5568.7	15155.8	84.7	
109.35	243.3	11.7	96.4	0.0	-255.2	-0.2	335.8	260.0	776.0	-5555.1	15376.3	75.6	
109.40	246.0	11.8	95.2	0.0	-253.9	-0.2	337.6	253.2	765.8	-5413.6	15338.8	72.9	
109.45	248.6	12.0	94.7	0.0	-249.7	-0.2	330.1	239.4	752.5	-5255.4	15111.4	75.5	
109.50	251.3	12.1	95.5	0.0	-245.3	-0.2	317.0	240.6	737.9	-5291.2	14787.5	82.5	
109.55	253.9	12.1	99.7	0.0	-241.6	-0.2	301.5	257.7	726.4	-5582.3	14389.3	100.7	
109.60	256.6	11.8	101.0	0.0	-239.9	-0.2	292.1	278.8	717.1	-5904.7	14108.5	106.8	
109.65	259.2	11.4	100.1	0.0	-240.9	-0.2	291.6	292.2	705.7	-6179.2	14053.0	102.6	
109.70	261.9	11.3	98.6	0.0	-243.2	-0.2	297.8	296.7	693.5	-6363.1	14147.8	95.3	
109.75	264.6	11.3	95.6	0.0	-243.9	-0.2	309.4	292.2	684.7	-6241.0	14248.2	84.2	
109.80	267.2	11.3	91.4	0.0	-240.2	-0.2	315.4	272.4	676.1	-5767.2	14180.5	73.5	
109.85	269.9	11.4	88.5	0.0	-234.5	-0.2	311.3	249.8	662.9	-5186.9	14011.6	69.4	
109.90	272.5	11.4	87.9	0.0	-230.7	-0.2	300.8	244.5	646.2	-4848.3	13873.4	71.1	
109.95	275.2	11.3	90.5	0.0	-229.3	-0.2	288.9	242.1	627.2	-4860.1	13806.5	81.4	
