Time[s]	Rotor azimuth angle[deg]	Hub wind speed magnitude[m/s]	ACTTORQUE1[Nm]	PITRAT1[deg/s]	PITFRIC1[kNm]	PITCH1[deg]	Blade root 1 Fx[KN]	Blade root 1 Fy[KN]	Blade root 1 Fz[KN]	Blade root 1 Mx[kNm]	Blade root 1 My[kNm]	Blade root 1 Mz[kNm]	
END_OF_HEADER
50.00	121.2	10.2	0.0	0.0	-46.8	-0.1	288.5	-262.6	709.3	6805.0	13288.0	-46.8	
50.05	123.6	10.3	0.0	0.0	-37.8	-0.1	277.4	-254.6	722.3	6620.9	12979.6	-37.8	
50.10	126.1	10.5	0.0	0.0	-27.0	-0.1	265.2	-240.5	735.2	6425.1	12665.5	-27.0	
50.15	128.6	10.7	0.0	0.0	-21.5	-0.1	255.3	-234.2	744.3	6338.8	12407.9	-21.5	
50.20	131.0	10.7	0.0	0.0	-26.0	-0.1	255.4	-237.6	755.7	6442.6	12272.2	-26.0	
50.25	133.5	10.5	0.0	0.0	-33.3	-0.1	263.2	-234.3	767.8	6513.7	12240.3	-33.3	
50.30	136.0	10.4	0.0	0.0	-31.2	-0.1	268.0	-228.7	775.2	6418.8	12234.9	-31.2	
50.35	138.5	10.4	0.0	0.0	-30.1	-0.1	270.7	-224.4	779.3	6347.7	12269.4	-30.1	
50.40	141.0	10.5	0.0	0.0	-35.8	-0.1	276.3	-214.8	784.1	6263.5	12350.3	-35.8	
50.45	143.4	10.6	0.0	0.0	-33.8	-0.1	278.0	-208.3	792.9	6050.6	12307.3	-33.8	
50.50	145.9	10.7	0.0	0.0	-28.0	-0.1	275.1	-195.3	803.0	5813.2	12157.5	-28.0	
50.55	148.4	10.7	0.0	0.0	-24.3	-0.1	266.6	-183.2	807.7	5642.1	11943.3	-24.3	
50.60	150.9	10.5	0.0	0.0	-17.7	-0.1	253.1	-175.8	805.6	5434.0	11657.2	-17.7	
50.65	153.4	11.0	0.0	0.0	-10.9	-0.1	243.3	-166.3	809.0	5187.1	11389.7	-10.9	
50.70	155.8	11.3	0.0	0.0	-8.7	-0.1	241.7	-153.2	815.7	4875.1	11265.7	-8.7	
50.75	158.3	11.5	0.0	0.0	-9.7	-0.1	243.7	-141.7	816.6	4480.8	11305.9	-9.7	
50.80	160.8	11.7	0.0	0.0	-13.5	-0.1	248.9	-126.1	816.2	4034.7	11441.5	-13.5	
50.85	163.3	11.5	0.0	0.0	-14.7	-0.1	255.3	-106.6	822.3	3498.6	11533.6	-14.7	
50.90	165.7	11.2	0.0	0.0	-12.4	-0.1	259.1	-89.1	832.8	2934.1	11518.9	-12.4	
50.95	168.2	11.2	0.0	0.0	-10.1	-0.1	259.9	-74.0	837.3	2446.7	11509.0	-10.1	
51.00	170.7	11.2	0.0	0.0	-8.4	-0.1	258.5	-59.7	834.6	2047.5	11517.8	-8.4	
51.05	173.1	11.2	0.0	0.0	-4.5	-0.1	258.7	-46.2	833.3	1605.8	11537.2	-4.5	
51.10	175.6	11.4	0.0	0.0	-6.0	-0.1	263.0	-33.5	838.8	1199.1	11548.7	-6.0	
51.15	178.1	11.2	0.0	0.0	-14.3	-0.1	267.5	-21.8	843.6	915.0	11540.0	-14.3	
51.20	180.5	11.0	0.0	0.0	-13.4	-0.1	262.0	-12.4	840.8	607.4	11382.7	-13.4	
51.25	183.0	10.8	0.0	0.0	-1.4	-0.1	248.8	1.9	839.1	234.2	11043.0	-1.4	
51.30	185.5	10.8	0.0	0.0	7.6	-0.1	243.3	20.3	843.3	-83.0	10765.2	7.6	
51.35	187.9	10.7	0.0	0.0	9.6	-0.1	245.8	30.0	844.9	-344.6	10678.0	9.6	
51.40	190.4	10.4	0.0	0.0	3.8	-0.1	252.3	37.6	840.6	-540.3	10758.5	3.8	
51.45	192.9	10.2	0.0	0.0	-3.8	-0.1	257.5	52.3	836.2	-708.8	10855.3	-3.8	
51.50	195.3	10.3	0.0	0.0	-1.4	-0.1	252.8	64.4	834.0	-842.5	10740.5	-1.4	
51.55	197.8	10.7	0.0	0.0	8.7	-0.1	240.9	68.3	829.5	-933.8	10453.8	8.7	
51.60	200.3	11.1	0.0	0.0	14.1	-0.1	230.8	73.2	823.7	-1015.2	10165.8	14.1	
51.65	202.7	11.3	0.0	0.0	13.4	-0.1	223.7	86.4	819.0	-1195.6	9925.2	13.4	
51.70	205.2	11.4	0.0	0.0	15.3	-0.1	217.1	98.9	813.4	-1452.6	9718.2	15.3	
51.75	207.7	11.2	0.0	0.0	16.6	-0.1	216.0	110.6	806.6	-1691.8	9627.7	16.6	
51.80	210.1	11.2	0.0	0.0	15.2	-0.1	218.4	119.6	800.7	-1909.5	9631.0	15.2	
51.85	212.6	11.4	0.0	0.0	13.5	-0.1	218.9	125.2	794.0	-2144.1	9636.6	13.5	
51.90	215.1	11.3	0.0	0.0	10.8	-0.1	218.5	135.3	786.0	-2350.4	9635.4	10.8	
51.95	217.5	11.3	0.0	0.0	10.9	-0.1	216.1	145.6	777.1	-2595.4	9605.8	10.9	
52.00	220.0	11.3	0.0	0.0	10.3	-0.1	213.9	153.7	767.6	-2868.4	9583.9	10.3	
52.05	222.4	11.3	0.0	0.0	4.5	-0.1	218.9	166.9	759.1	-3135.2	9666.5	4.5	
52.10	224.9	11.0	0.0	0.0	5.1	-0.1	221.4	175.7	749.5	-3482.5	9710.6	5.1	
52.15	227.3	10.7	0.0	0.0	9.7	-0.1	221.0	190.0	739.5	-3928.3	9708.4	9.7	
52.20	229.8	10.4	0.0	0.0	10.6	-0.1	219.3	211.0	730.3	-4389.3	9688.9	10.6	
52.25	232.2	10.3	0.0	0.0	13.7	-0.1	214.1	222.8	721.6	-4814.4	9607.4	13.7	
52.30	234.7	10.3	0.0	0.0	16.6	-0.1	213.0	232.4	714.5	-5120.9	9540.2	16.6	
52.35	237.1	10.4	0.0	0.0	16.9	-0.1	216.1	238.9	706.6	-5346.8	9563.1	16.9	
52.40	239.6	10.2	0.0	0.0	14.9	-0.1	216.1	242.3	694.7	-5604.0	9655.0	14.9	
52.45	242.0	10.2	0.0	0.0	9.2	-0.1	213.4	252.6	681.4	-5832.7	9746.6	9.2	
52.50	244.5	10.3	0.0	0.0	14.7	-0.1	207.4	262.4	668.7	-6033.4	9693.9	14.7	
52.55	246.9	10.6	0.0	0.0	23.7	-0.1	203.5	267.4	660.3	-6222.5	9568.2	23.7	
52.60	249.4	10.7	0.0	0.0	22.3	-0.1	209.4	274.9	653.5	-6399.7	9627.8	22.3	
52.65	251.9	10.6	0.0	0.0	15.4	-0.1	217.6	278.4	644.3	-6600.2	9846.2	15.4	
52.70	254.3	10.4	0.0	0.0	13.2	-0.1	222.8	281.3	633.1	-6728.9	10074.2	13.2	
52.75	256.8	10.1	0.0	0.0	16.0	-0.1	226.3	287.1	623.1	-6671.7	10216.2	16.0	
52.80	259.2	9.8	0.0	0.0	22.3	-0.1	226.5	282.6	613.7	-6474.2	10258.0	22.3	
52.85	261.7	9.7	0.0	0.0	24.8	-0.1	226.8	272.0	602.1	-6232.2	10350.9	24.8	
52.90	264.1	9.7	0.0	0.0	23.2	-0.1	228.7	265.6	588.4	-6026.6	10511.5	23.2	
52.95	266.6	9.8	0.0	0.0	24.5	-0.1	229.3	265.9	574.3	-5939.7	10626.4	24.5	
53.00	269.0	9.5	0.0	0.0	24.7	-0.1	231.2	270.0	562.4	-5894.6	10688.6	24.7	
53.05	271.5	9.7	0.0	0.0	23.7	-0.1	235.7	271.3	553.0	-5806.9	10707.1	23.7	
53.10	273.9	10.0	0.0	0.0	24.1	-0.1	239.7	267.6	543.2	-5725.3	10698.7	24.1	
53.15	276.4	10.2	0.0	0.0	25.8	-0.1	241.5	265.8	531.4	-5648.1	10703.1	25.8	
53.20	278.8	10.2	0.0	0.0	29.7	-0.1	238.1	265.9	517.0	-5545.8	10716.2	29.7	
53.25	281.3	10.1	0.0	0.0	35.2	-0.1	230.5	258.7	500.7	-5368.2	10710.6	35.2	
53.30	283.7	9.9	0.0	0.0	38.9	-0.1	225.0	249.7	487.2	-5114.5	10698.8	38.9	
53.35	286.1	9.9	0.0	0.0	40.6	-0.1	223.1	244.8	474.3	-4982.4	10743.6	40.6	
53.40	288.6	9.9	0.0	0.0	42.4	-0.1	222.9	244.2	458.3	-5030.1	10869.4	42.4	
53.45	291.0	10.0	0.0	0.0	39.3	-0.1	227.1	245.8	442.6	-5122.9	11073.1	39.3	
53.50	293.5	9.9	0.0	0.0	35.3	-0.1	235.4	245.7	432.8	-5196.7	11245.3	35.3	
53.55	295.9	9.7	0.0	0.0	33.1	-0.1	244.7	245.7	427.0	-5276.1	11379.8	33.1	
53.60	298.4	9.5	0.0	0.0	35.9	-0.1	249.6	243.4	416.9	-5341.4	11557.6	35.9	
53.65	300.8	9.6	0.0	0.0	36.7	-0.1	251.0	241.2	401.4	-5362.3	11816.7	36.7	
53.70	303.2	9.9	0.0	0.0	38.1	-0.1	251.2	233.7	387.0	-5294.7	12021.1	38.1	
53.75	305.7	10.2	0.0	0.0	35.4	-0.1	253.9	220.5	378.9	-5084.2	12103.9	35.4	
53.80	308.1	10.1	0.0	0.0	31.5	-0.1	255.6	209.0	373.1	-4826.4	12059.7	31.5	
53.85	310.6	10.1	0.0	0.0	34.4	-0.1	252.4	201.8	363.6	-4638.0	11930.8	34.4	
53.90	313.0	10.2	0.0	0.0	37.2	-0.1	250.4	201.8	353.8	-4573.6	11830.4	37.2	
53.95	315.5	10.4	0.0	0.0	39.2	-0.1	252.5	198.5	349.4	-4526.7	11762.1	39.2	
54.00	317.9	10.3	0.0	0.0	36.0	-0.1	253.9	186.7	347.2	-4343.2	11679.8	36.0	
54.05	320.3	10.1	0.0	0.0	36.6	-0.1	252.2	179.0	340.9	-4054.8	11629.1	36.6	
54.10	322.8	10.1	0.0	0.0	39.7	-0.1	249.9	172.7	329.9	-3739.8	11709.7	39.7	
54.15	325.2	10.3	0.0	0.0	38.5	-0.1	253.3	157.0	320.9	-3339.5	11908.9	38.5	
54.20	327.6	10.4	0.0	0.0	21.7	-0.1	268.8	132.4	318.4	-2744.8	12259.0	21.7	
54.25	330.1	10.6	0.0	0.0	2.3	-0.1	285.5	112.3	316.6	-2160.1	12614.2	2.3	
54.30	332.5	10.8	0.0	0.0	-4.2	-0.1	291.9	101.7	308.3	-1780.3	12849.6	-4.2	
54.35	334.9	11.0	0.0	0.0	-4.0	-0.1	289.1	97.1	297.1	-1530.1	12949.5	-4.0	
54.40	337.4	10.6	0.0	0.0	3.5	-0.1	287.3	86.4	289.3	-1234.1	13004.6	3.5	
54.45	339.8	10.7	0.0	0.0	9.8	-0.1	287.4	65.8	285.3	-938.5	13025.8	9.8	
54.50	342.2	10.9	0.0	0.0	18.9	-0.1	285.8	54.1	280.9	-663.5	12987.3	18.9	
54.55	344.6	10.9	0.0	0.0	30.9	-0.1	278.8	50.9	273.5	-384.7	12924.0	30.9	
54.60	347.0	10.8	0.0	0.0	37.0	-0.1	274.9	34.8	266.1	16.9	12984.9	37.0	
54.65	349.5	10.7	0.0	0.0	26.6	-0.1	283.4	8.8	265.1	543.6	13220.6	26.6	
54.70	351.9	10.7	0.0	0.0	19.8	-0.1	294.1	-8.7	267.5	877.3	13493.2	19.8	
54.75	354.3	10.6	0.0	0.0	21.4	-0.1	299.0	-15.5	264.8	1022.1	13733.7	21.4	
54.80	356.7	10.7	0.0	0.0	13.5	-0.1	302.1	-18.2	258.7	1135.0	13957.9	13.5	
54.85	359.2	10.9	0.0	0.0	3.6	-0.1	307.6	-23.0	260.3	1347.1	14159.8	3.6	
54.90	1.6	11.0	0.0	0.0	-0.4	-0.1	317.1	-34.5	266.3	1535.3	14414.3	-0.4	
54.95	4.0	10.8	0.0	0.0	-2.7	-0.1	322.1	-46.9	268.3	1662.9	14628.8	-2.7	
55.00	6.4	10.6	0.0	0.0	7.4	-0.1	314.8	-58.2	264.1	1881.4	14685.2	7.4	
55.05	8.8	10.7	0.0	0.0	3.3	-0.1	318.7	-73.2	260.1	2248.6	14906.0	3.3	
55.10	11.3	10.8	0.0	0.0	-7.2	-0.1	328.4	-83.9	267.7	2597.2	15099.9	-7.2	
55.15	13.7	10.9	0.0	0.0	-19.4	-0.1	339.8	-90.1	276.5	2839.2	15255.7	-19.4	
55.20	16.1	10.9	0.0	0.0	-19.1	-0.1	339.3	-104.8	277.3	3067.0	15202.4	-19.1	
55.25	18.6	10.8	0.0	0.0	-9.4	-0.1	328.3	-118.3	274.0	3189.2	14967.9	-9.4	
55.30	21.0	10.9	0.0	0.0	0.4	-0.1	316.2	-120.8	279.5	3325.2	14652.7	0.4	
55.35	23.4	11.1	0.0	0.0	4.5	-0.1	309.9	-121.8	288.9	3497.6	14477.0	4.5	
55.40	25.8	11.3	0.0	0.0	3.8	-0.1	312.5	-133.9	293.7	3836.4	14610.5	3.8	
55.45	28.2	11.3	0.0	0.0	-5.4	-0.1	322.5	-157.1	294.6	4342.1	14978.0	-5.4	
55.50	30.6	10.7	0.0	0.0	-14.3	-0.1	332.4	-180.9	300.3	4827.5	15325.3	-14.3	
55.55	33.1	10.5	0.0	0.0	-24.3	-0.1	341.1	-193.8	310.0	5327.7	15599.9	-24.3	
55.60	35.5	10.3	0.0	0.0	-36.3	-0.1	342.8	-202.6	317.8	5827.9	15748.8	-36.3	
55.65	37.9	10.2	0.0	0.0	-32.0	-0.1	333.7	-212.7	322.4	6091.5	15705.6	-32.0	
55.70	40.3	9.9	0.0	0.0	-22.5	-0.1	324.9	-218.3	330.0	6206.9	15601.9	-22.5	
55.75	42.7	9.6	0.0	0.0	-22.3	-0.1	326.5	-228.5	339.3	6432.5	15676.8	-22.3	
55.80	45.1	9.3	0.0	0.0	-31.0	-0.1	329.5	-245.9	346.8	6793.6	15804.8	-31.0	
55.85	47.5	9.2	0.0	0.0	-38.3	-0.1	326.6	-254.7	354.5	7147.2	15809.8	-38.3	
55.90	49.9	9.0	0.0	0.0	-38.7	-0.1	317.9	-259.5	363.6	7504.0	15687.8	-38.7	
55.95	52.3	8.9	0.0	0.0	-41.3	-0.1	314.2	-277.6	370.7	7911.1	15652.6	-41.3	
56.00	54.8	8.9	0.0	0.0	-58.9	-0.1	324.8	-294.2	378.9	8287.6	15853.5	-58.9	
56.05	57.2	9.0	0.0	0.0	-76.9	-0.1	339.0	-299.0	391.4	8477.5	16105.4	-76.9	
56.10	59.6	9.1	0.0	0.0	-85.5	-0.1	348.3	-296.4	401.6	8405.6	16322.0	-85.5	
56.15	62.0	8.8	0.0	0.0	-88.8	-0.1	352.1	-291.2	407.2	8277.2	16502.8	-88.8	
56.20	64.4	8.8	0.0	0.0	-91.4	-0.1	350.9	-290.8	414.6	8223.9	16540.4	-91.4	
56.25	66.8	8.8	0.0	0.0	-85.9	-0.1	344.9	-294.3	424.9	8186.5	16361.5	-85.9	
56.30	69.2	8.9	0.0	0.0	-82.3	-0.1	338.0	-295.6	436.4	8241.7	16102.3	-82.3	
56.35	71.7	8.8	0.0	0.0	-78.9	-0.1	326.9	-302.3	445.6	8388.9	15793.1	-78.9	
56.40	74.1	8.6	0.0	0.0	-70.7	-0.1	313.1	-312.3	452.6	8450.1	15451.1	-70.7	
56.45	76.5	8.2	0.0	0.0	-71.4	-0.1	307.9	-308.9	464.0	8388.3	15190.9	-71.4	
56.50	78.9	8.2	0.0	0.0	-74.0	-0.1	305.9	-304.0	478.6	8221.2	14942.2	-74.0	
56.55	81.3	8.3	0.0	0.0	-74.7	-0.1	302.7	-303.7	490.9	7993.5	14703.4	-74.7	
56.60	83.7	8.5	0.0	0.0	-73.4	-0.1	299.0	-298.4	501.0	7763.0	14505.3	-73.4	
56.65	86.1	8.9	0.0	0.0	-68.9	-0.1	295.5	-289.1	511.6	7540.4	14325.9	-68.9	
56.70	88.5	9.2	0.0	0.0	-66.0	-0.1	292.6	-286.7	525.2	7505.5	14066.0	-66.0	
56.75	90.9	9.0	0.0	0.0	-68.9	-0.1	289.9	-295.9	540.4	7735.1	13731.5	-68.9	
56.80	93.3	8.6	0.0	0.0	-69.5	-0.1	282.5	-310.9	555.4	8034.1	13322.1	-69.5	
56.85	95.7	8.2	0.0	0.0	-62.8	-0.1	267.9	-315.6	569.2	8199.3	12852.1	-62.8	
56.90	98.1	7.9	0.0	0.0	-56.3	-0.1	252.1	-306.7	580.8	8230.9	12436.0	-56.3	
56.95	100.5	7.9	0.0	0.0	-51.5	-0.1	239.0	-305.5	590.9	8226.3	12072.8	-51.5	
57.00	102.9	8.0	0.0	0.0	-53.2	-0.1	234.5	-306.2	603.5	8240.4	11743.5	-53.2	
57.05	105.3	8.2	0.0	0.0	-57.7	-0.1	234.4	-301.8	618.0	8187.2	11409.4	-57.7	
57.10	107.8	8.5	0.0	0.0	-56.1	-0.1	228.0	-297.1	629.7	8083.0	11023.2	-56.1	
57.15	110.2	8.8	0.0	0.0	-49.7	-0.1	216.2	-291.8	638.2	8069.3	10679.2	-49.7	
57.20	112.6	9.1	0.0	0.0	-45.0	-0.1	206.5	-291.1	644.6	8126.7	10440.1	-45.0	
57.25	115.0	9.1	0.0	0.0	-46.6	-0.1	206.7	-293.9	652.8	8165.8	10337.1	-46.6	
57.30	117.4	9.1	0.0	0.0	-55.6	-0.1	218.8	-294.3	665.6	8175.6	10421.1	-55.6	
57.35	119.8	9.1	0.0	0.0	-63.7	-0.1	231.7	-288.2	675.0	8048.2	10647.8	-63.7	
57.40	122.2	8.9	0.0	0.0	-61.9	-0.1	236.7	-277.7	676.6	7708.2	10863.3	-61.9	
57.45	124.6	8.7	0.0	0.0	-57.7	-0.1	237.1	-260.6	679.3	7250.9	10919.0	-57.7	
57.50	127.0	8.5	0.0	0.0	-53.7	-0.1	236.3	-243.9	689.2	6809.0	10750.0	-53.7	
57.55	129.4	8.4	0.0	0.0	-48.3	-0.1	231.7	-234.7	702.0	6445.1	10442.6	-48.3	
57.60	131.8	8.6	0.0	0.0	-42.3	-0.1	221.8	-225.0	709.6	6112.7	10129.6	-42.3	
57.65	134.2	8.7	0.0	0.0	-36.5	-0.1	210.4	-212.7	713.9	5787.9	9852.0	-36.5	
57.70	136.6	8.6	0.0	0.0	-32.6	-0.1	204.4	-203.8	722.9	5524.9	9662.0	-32.6	
57.75	139.0	8.6	0.0	0.0	-31.3	-0.1	203.8	-195.9	734.4	5271.6	9596.4	-31.3	
57.80	141.4	8.9	0.0	0.0	-25.5	-0.1	202.0	-189.1	743.6	4884.8	9592.6	-25.5	
57.85	143.8	9.4	0.0	0.0	-24.3	-0.1	201.5	-173.3	749.5	4375.9	9639.8	-24.3	
57.90	146.2	9.4	0.0	0.0	-26.2	-0.1	204.1	-154.1	756.5	3890.8	9684.6	-26.2	
57.95	148.6	9.4	0.0	0.0	-29.4	-0.1	208.7	-144.1	767.5	3544.3	9692.0	-29.4	
58.00	151.0	9.3	0.0	0.0	-30.2	-0.1	213.7	-133.9	779.8	3339.7	9688.0	-30.2	
58.05	153.4	9.2	0.0	0.0	-29.5	-0.1	211.4	-122.3	785.8	3153.5	9567.7	-29.5	
58.10	155.8	9.4	0.0	0.0	-28.9	-0.1	202.7	-115.5	786.5	2989.9	9313.3	-28.9	
58.15	158.1	9.7	0.0	0.0	-32.9	-0.1	196.3	-109.4	791.3	2958.8	9023.7	-32.9	
58.20	160.5	9.7	0.0	0.0	-29.9	-0.1	189.9	-102.1	800.4	2930.7	8704.6	-29.9	
58.25	162.9	9.7	0.0	0.0	-15.3	-0.1	179.4	-91.1	804.5	2720.0	8373.6	-15.3	
58.30	165.3	9.6	0.0	0.0	-8.2	-0.1	170.4	-75.2	802.8	2419.0	8115.9	-8.2	
58.35	167.7	9.8	0.0	0.0	-16.2	-0.1	168.0	-61.1	802.1	2145.1	7950.2	-16.2	
58.40	170.1	9.7	0.0	0.0	-21.3	-0.1	168.4	-54.2	806.9	1943.1	7789.3	-21.3	
58.45	172.5	9.6	0.0	0.0	-19.8	-0.1	165.9	-46.6	811.4	1811.7	7591.8	-19.8	
58.50	174.9	9.6	0.0	0.0	-15.4	-0.1	160.9	-33.8	807.3	1643.6	7454.6	-15.4	
58.55	177.3	9.4	0.0	0.0	-17.5	-0.1	155.9	-23.2	800.2	1422.5	7377.6	-17.5	
58.60	179.7	9.4	0.0	0.0	-24.0	-0.1	156.3	-18.1	799.8	1178.1	7352.0	-24.0	
58.65	182.1	9.5	0.0	0.0	-26.1	-0.1	159.8	-11.0	804.4	864.5	7347.0	-26.1	
58.70	184.5	9.5	0.0	0.0	-21.5	-0.1	161.0	4.0	802.6	434.2	7376.8	-21.5	
58.75	186.9	9.6	0.0	0.0	-17.2	-0.1	161.3	23.5	794.3	-10.4	7467.5	-17.2	
58.80	189.3	9.9	0.0	0.0	-12.6	-0.1	161.4	39.5	789.9	-451.8	7533.8	-12.6	
58.85	191.6	10.4	0.0	0.0	-11.1	-0.1	164.1	53.8	792.8	-845.4	7566.2	-11.1	
58.90	194.0	10.7	0.0	0.0	-9.3	-0.1	165.0	67.0	793.7	-1189.1	7594.1	-9.3	
58.95	196.4	10.8	0.0	0.0	-7.0	-0.1	162.5	75.8	786.9	-1462.1	7682.4	-7.0	
59.00	198.8	10.5	0.0	0.0	-4.1	-0.1	163.5	95.4	780.4	-1762.6	7885.9	-4.1	
59.05	201.1	10.4	0.0	0.0	-0.6	-0.1	173.1	114.1	780.6	-2151.4	8205.4	-0.6	
59.10	203.5	10.4	0.0	0.0	-5.8	-0.1	190.4	120.3	783.1	-2533.3	8645.5	-5.8	
59.15	205.9	10.6	0.0	0.0	-18.9	-0.1	208.8	127.9	780.6	-2861.1	9144.5	-18.9	
59.20	208.3	10.6	0.0	0.0	-22.5	-0.1	216.2	140.4	772.3	-3214.4	9476.6	-22.5	
59.25	210.7	10.6	0.0	0.0	-14.4	-0.1	214.1	155.5	764.7	-3537.1	9567.2	-14.4	
59.30	213.0	10.7	0.0	0.0	-9.9	-0.1	211.5	166.9	760.6	-3692.8	9549.5	-9.9	
59.35	215.4	10.8	0.0	0.0	-11.9	-0.1	208.7	172.3	756.2	-3771.1	9501.8	-11.9	
59.40	217.8	10.8	0.0	0.0	-9.7	-0.1	203.0	176.6	749.1	-3911.0	9395.3	-9.7	
59.45	220.2	10.7	0.0	0.0	0.9	-0.1	195.6	185.9	740.0	-4135.7	9231.0	0.9	
59.50	222.6	10.7	0.0	0.0	10.2	-0.1	191.5	195.2	732.7	-4332.3	9091.7	10.2	
59.55	225.0	10.7	0.0	0.0	8.0	-0.1	193.6	204.1	727.7	-4409.7	9074.2	8.0	
59.60	227.3	10.8	0.0	0.0	5.6	-0.1	196.4	212.9	719.2	-4517.2	9159.7	5.6	
59.65	229.7	11.0	0.0	0.0	12.0	-0.1	195.3	218.4	706.5	-4679.7	9243.8	12.0	
59.70	232.1	11.0	0.0	0.0	16.4	-0.1	195.8	222.5	694.9	-4751.8	9319.7	16.4	
59.75	234.5	11.0	0.0	0.0	12.4	-0.1	199.6	222.9	685.8	-4715.8	9384.3	12.4	
59.80	236.9	11.1	0.0	0.0	2.9	-0.1	206.4	225.8	676.9	-4694.8	9466.6	2.9	
59.85	239.2	11.3	0.0	0.0	-5.2	-0.1	213.5	232.0	667.5	-4778.6	9551.6	-5.2	
59.90	241.6	11.4	0.0	0.0	-9.9	-0.1	218.6	235.1	657.5	-4948.5	9609.4	-9.9	
59.95	244.0	11.6	0.0	0.0	-11.1	-0.1	220.5	234.6	646.9	-5086.1	9598.3	-11.1	
60.00	246.4	11.6	0.0	0.0	-9.2	-0.1	217.9	237.1	635.8	-5153.7	9484.4	-9.2	
60.05	248.8	11.4	0.0	0.0	0.3	-0.1	206.8	243.4	623.2	-5232.0	9221.6	0.3	
60.10	251.1	11.1	0.0	0.0	15.9	-0.1	190.6	252.8	609.0	-5355.7	8905.3	15.9	
60.15	253.5	10.9	0.0	0.0	29.0	-0.1	176.2	258.7	594.1	-5471.2	8655.0	29.0	
60.20	255.9	10.9	0.0	0.0	32.9	-0.1	168.5	258.2	579.8	-5522.0	8527.2	32.9	
60.25	258.2	11.0	0.0	0.0	32.8	-0.1	168.8	263.9	568.2	-5603.8	8514.5	32.8	
60.30	260.6	10.8	0.0	0.0	31.4	-0.1	175.2	277.9	560.8	-5801.6	8606.7	31.4	
60.35	262.9	10.7	0.0	0.0	27.0	-0.1	182.8	285.4	552.1	-6037.3	8820.1	27.0	
60.40	265.3	10.7	0.0	0.0	19.7	-0.1	190.2	283.1	539.4	-6191.6	9121.9	19.7	
60.45	267.7	10.7	0.0	0.0	15.5	-0.1	195.5	282.7	525.9	-6338.3	9385.5	15.5	
60.50	270.0	10.8	0.0	0.0	18.8	-0.1	197.5	285.6	514.3	-6483.1	9535.0	18.8	
60.55	272.4	11.0	0.0	0.0	19.3	-0.1	200.6	289.3	502.0	-6524.9	9737.5	19.3	
60.60	274.8	11.0	0.0	0.0	17.2	-0.1	205.3	284.5	487.0	-6473.2	10033.5	17.2	
60.65	277.2	11.0	0.0	0.0	16.8	-0.1	208.9	275.1	472.8	-6482.4	10286.9	16.8	
60.70	279.5	10.8	0.0	0.0	16.9	-0.1	215.7	279.8	463.9	-6557.0	10471.2	16.9	
60.75	281.9	10.9	0.0	0.0	17.5	-0.1	221.6	284.6	458.1	-6616.9	10566.1	17.5	
60.80	284.3	11.0	0.0	0.0	21.2	-0.1	223.3	278.6	450.2	-6552.0	10599.0	21.2	
60.85	286.6	11.2	0.0	0.0	22.1	-0.1	225.9	275.8	441.1	-6393.4	10639.6	22.1	
60.90	289.0	11.3	0.0	0.0	26.6	-0.1	228.5	279.2	433.7	-6316.7	10656.0	26.6	
60.95	291.4	11.2	0.0	0.0	31.1	-0.1	229.6	274.4	423.2	-6224.3	10757.9	31.1	
61.00	293.7	11.0	0.0	0.0	31.9	-0.1	233.5	264.2	409.9	-5955.6	11050.5	31.9	
61.05	296.1	11.2	0.0	0.0	35.2	-0.1	238.7	250.0	399.0	-5645.1	11358.2	35.2	
61.10	298.5	11.4	0.0	0.0	38.7	-0.1	244.0	239.2	391.1	-5392.7	11557.7	38.7	
61.15	300.8	11.5	0.0	0.0	32.3	-0.1	253.6	233.3	383.2	-5117.7	11766.1	32.3	
61.20	303.2	11.4	0.0	0.0	24.6	-0.1	263.3	218.1	374.9	-4822.0	11958.7	24.6	
61.25	305.6	11.3	0.0	0.0	21.9	-0.1	270.0	201.5	366.5	-4525.3	12102.6	21.9	
61.30	307.9	11.2	0.0	0.0	17.5	-0.1	275.7	196.5	354.3	-4260.0	12265.7	17.5	
61.35	310.3	11.1	0.0	0.0	18.7	-0.1	275.4	193.7	337.9	-4054.8	12367.7	18.7	
61.40	312.6	11.2	0.0	0.0	22.0	-0.1	271.7	187.4	323.6	-3812.8	12395.0	22.0	
61.45	315.0	11.5	0.0	0.0	26.2	-0.1	267.5	176.1	316.3	-3475.0	12317.9	26.2	
61.50	317.3	11.9	0.0	0.0	35.1	-0.1	259.8	162.9	309.1	-3179.6	12174.2	35.1	
61.55	319.7	12.1	0.0	0.0	41.9	-0.1	251.5	156.5	297.5	-2925.0	12072.8	41.9	
61.60	322.0	12.2	0.0	0.0	40.9	-0.1	250.4	150.5	287.4	-2700.4	12086.2	40.9	
61.65	324.4	12.2	0.0	0.0	37.6	-0.1	256.9	138.5	283.7	-2531.5	12183.0	37.6	
61.70	326.7	12.3	0.0	0.0	30.9	-0.1	265.6	127.9	280.5	-2368.8	12347.0	30.9	
61.75	329.1	12.5	0.0	0.0	24.7	-0.1	268.8	120.7	268.8	-2243.1	12524.3	24.7	
61.80	331.5	12.9	0.0	0.0	27.5	-0.1	265.0	113.0	254.3	-2175.7	12585.2	27.5	
61.85	333.8	12.4	0.0	0.0	30.3	-0.1	264.0	105.9	251.1	-2038.8	12532.5	30.3	
61.90	336.2	11.9	0.0	0.0	30.7	-0.1	262.9	92.0	255.7	-1785.1	12362.2	30.7	
61.95	338.6	11.6	0.0	0.0	36.8	-0.1	255.1	75.0	252.8	-1545.5	12162.0	36.8	
62.00	340.9	11.9	0.0	0.0	47.9	-0.1	247.7	71.5	242.5	-1466.9	12133.6	47.9	
62.05	343.3	12.2	0.0	0.0	53.9	-0.1	251.1	72.2	239.0	-1373.1	12303.2	53.9	
62.10	345.6	12.4	0.0	0.0	47.5	-0.1	268.0	63.1	242.8	-1113.6	12716.5	47.5	
62.15	348.0	12.0	0.0	0.0	29.6	-0.1	286.9	48.5	243.6	-710.6	13253.9	29.6	
62.20	350.3	12.1	0.0	0.0	21.1	-0.1	298.7	35.3	238.3	-378.6	13742.7	21.1	
62.25	352.7	12.3	0.0	0.0	27.6	-0.1	299.6	27.6	235.8	-152.8	14013.7	27.6	
62.30	355.1	12.2	0.0	0.0	27.0	-0.1	302.6	17.9	240.2	274.0	14238.7	27.0	
62.35	357.4	12.1	0.0	0.0	22.1	-0.1	309.5	-1.2	242.8	751.7	14562.6	22.1	
62.40	359.8	11.9	0.0	0.0	18.2	-0.1	316.8	-22.0	241.5	1126.4	14924.0	18.2	
62.45	2.1	12.2	0.0	0.0	11.9	-0.1	321.7	-31.2	240.7	1363.6	15229.3	11.9	
62.50	4.5	12.6	0.0	0.0	8.8	-0.1	326.4	-43.3	241.4	1650.3	15476.1	8.8	
62.55	6.8	13.0	0.0	0.0	11.0	-0.1	329.0	-62.1	240.8	2014.6	15671.8	11.0	
62.60	9.2	13.4	0.0	0.0	12.3	-0.1	332.8	-78.6	242.7	2481.6	15831.7	12.3	
62.65	11.5	13.6	0.0	0.0	6.1	-0.1	335.2	-95.9	247.1	2996.3	15911.1	6.1	
62.70	13.9	13.7	0.0	0.0	-1.2	-0.1	336.6	-111.5	247.5	3415.9	16028.3	-1.2	
62.75	16.2	13.7	0.0	0.0	-9.4	-0.1	339.0	-121.1	248.3	3868.4	16151.6	-9.4	
62.80	18.5	13.5	0.0	0.0	-9.8	-0.1	337.8	-129.5	252.7	4235.6	16143.8	-9.8	
62.85	20.9	13.6	0.0	0.0	-18.3	-0.1	338.7	-140.0	257.9	4552.4	16130.3	-18.3	
62.90	23.2	13.9	0.0	0.0	-23.7	-0.1	337.2	-147.2	261.6	4786.7	16105.4	-23.7	
62.95	25.6	13.6	0.0	0.0	-24.1	-0.1	332.1	-154.1	264.1	4906.2	16039.0	-24.1	
63.00	28.0	13.3	0.0	0.0	-25.9	-0.1	330.0	-166.7	270.3	5156.1	15945.3	-25.9	
63.05	30.3	13.0	0.0	0.0	-28.5	-0.1	331.2	-186.5	276.8	5584.8	15866.9	-28.5	
63.10	32.7	13.1	0.0	0.0	-34.2	-0.1	331.7	-207.2	280.1	6023.6	15800.8	-34.2	
63.15	35.1	12.9	0.0	0.0	-38.9	-0.1	330.5	-221.7	282.5	6337.3	15709.4	-38.9	
63.20	37.4	12.7	0.0	0.0	-42.0	-0.1	332.0	-229.8	287.2	6546.6	15642.8	-42.0	
63.25	39.8	12.9	0.0	0.0	-44.3	-0.1	332.2	-236.0	293.0	6678.3	15543.1	-44.3	
63.30	42.1	12.9	0.0	0.0	-41.0	-0.1	328.2	-238.3	298.9	6721.5	15382.4	-41.0	
63.35	44.5	12.7	0.0	0.0	-35.5	-0.1	321.7	-237.3	305.3	6732.0	15202.4	-35.5	
63.40	46.8	12.7	0.0	0.0	-30.5	-0.1	314.5	-238.2	314.1	6779.3	15000.5	-30.5	
63.45	49.2	12.6	0.0	0.0	-33.9	-0.1	309.9	-242.6	323.4	6961.5	14888.4	-33.9	
63.50	51.5	12.6	0.0	0.0	-40.5	-0.1	308.8	-250.1	331.7	7167.1	14860.0	-40.5	
63.55	53.9	12.8	0.0	0.0	-42.9	-0.1	308.9	-258.4	341.2	7375.9	14855.3	-42.9	
63.60	56.2	12.7	0.0	0.0	-48.9	-0.1	312.8	-266.2	351.5	7606.5	14969.3	-48.9	
63.65	58.6	12.5	0.0	0.0	-60.3	-0.1	318.5	-277.5	361.7	7791.4	15142.6	-60.3	
63.70	60.9	12.5	0.0	0.0	-64.6	-0.1	322.6	-286.7	372.3	7815.1	15261.9	-64.6	
63.75	63.3	12.4	0.0	0.0	-64.1	-0.1	324.2	-289.9	385.5	7762.9	15292.1	-64.1	
63.80	65.6	12.4	0.0	0.0	-57.6	-0.1	320.3	-291.0	398.5	7707.8	15238.5	-57.6	
63.85	68.0	12.3	0.0	0.0	-53.9	-0.1	314.1	-294.3	407.8	7707.5	15211.3	-53.9	
63.90	70.3	12.4	0.0	0.0	-55.5	-0.1	307.7	-296.1	417.2	7783.5	15164.4	-55.5	
63.95	72.7	12.4	0.0	0.0	-52.2	-0.1	301.6	-299.0	428.7	7902.9	15018.1	-52.2	
64.00	75.0	12.3	0.0	0.0	-53.6	-0.1	298.8	-305.4	440.1	8128.1	14877.9	-53.6	
64.05	77.3	12.4	0.0	0.0	-67.0	-0.1	301.4	-310.2	451.9	8434.2	14819.3	-67.0	
64.10	79.7	12.8	0.0	0.0	-77.6	-0.1	303.3	-312.9	464.7	8641.8	14735.8	-77.6	
64.15	82.0	13.3	0.0	0.0	-80.5	-0.1	301.5	-313.0	476.5	8659.4	14617.2	-80.5	
64.20	84.4	13.3	0.0	0.0	-84.1	-0.1	302.6	-307.7	488.1	8625.9	14581.7	-84.1	
64.25	86.7	13.3	0.0	0.0	-87.3	-0.1	305.4	-305.1	498.5	8585.5	14599.1	-87.3	
64.30	89.1	13.4	0.0	0.0	-87.5	-0.1	308.1	-307.5	508.3	8540.8	14583.3	-87.5	
64.35	91.4	13.6	0.0	0.0	-85.3	-0.1	309.9	-307.8	519.7	8557.0	14493.8	-85.3	
64.40	93.8	13.7	0.0	0.0	-85.9	-0.1	306.5	-316.4	529.0	8641.8	14310.5	-85.9	
64.45	96.2	13.6	0.0	0.0	-83.7	-0.1	296.7	-327.9	536.7	8776.1	13993.6	-83.7	
64.50	98.5	13.3	0.0	0.0	-80.2	-0.1	284.3	-330.0	547.2	8884.5	13525.1	-80.2	
64.55	100.9	13.0	0.0	0.0	-68.5	-0.1	267.0	-329.9	558.8	8832.2	12904.0	-68.5	
64.60	103.2	12.8	0.0	0.0	-60.1	-0.1	251.7	-325.6	568.5	8700.9	12353.8	-60.1	
64.65	105.5	12.7	0.0	0.0	-57.8	-0.1	242.8	-314.5	577.6	8518.3	11965.0	-57.8	
64.70	107.9	12.7	0.0	0.0	-52.4	-0.1	236.2	-301.2	586.9	8201.2	11628.7	-52.4	
64.75	110.2	12.8	0.0	0.0	-49.2	-0.1	231.5	-284.6	597.5	7868.0	11317.2	-49.2	
64.80	112.6	13.1	0.0	0.0	-48.7	-0.1	225.9	-273.9	608.4	7663.0	10992.0	-48.7	
64.85	114.9	13.0	0.0	0.0	-47.8	-0.1	217.1	-273.5	619.1	7571.6	10628.3	-47.8	
64.90	117.2	13.0	0.0	0.0	-40.5	-0.1	208.9	-272.6	632.7	7512.5	10313.3	-40.5	
64.95	119.6	13.0	0.0	0.0	-32.8	-0.1	203.6	-266.8	646.0	7354.8	10098.7	-32.8	
65.00	121.9	12.9	0.0	0.0	-31.3	-0.1	202.4	-261.7	655.0	7080.1	10025.3	-31.3	
65.05	124.3	13.1	0.0	0.0	-39.9	-0.1	209.7	-254.4	662.3	6748.8	10109.2	-39.9	
65.10	126.6	13.5	0.0	0.0	-48.9	-0.1	221.5	-244.1	672.3	6361.9	10213.3	-48.9	
65.15	129.0	13.7	0.0	0.0	-49.2	-0.1	227.5	-235.0	684.3	5972.2	10200.9	-49.2	
65.20	131.3	13.8	0.0	0.0	-44.8	-0.1	223.8	-222.6	692.2	5674.5	10090.0	-44.8	
65.25	133.7	13.9	0.0	0.0	-36.2	-0.1	211.9	-210.7	695.9	5445.7	9888.1	-36.2	
65.30	136.0	13.7	0.0	0.0	-26.3	-0.1	199.8	-202.8	703.1	5250.6	9613.2	-26.3	
65.35	138.3	13.5	0.0	0.0	-24.6	-0.1	194.6	-197.7	715.2	5162.7	9350.3	-24.6	
65.40	140.7	13.5	0.0	0.0	-24.6	-0.1	191.7	-188.7	725.1	5091.7	9132.0	-24.6	
65.45	143.0	13.8	0.0	0.0	-19.2	-0.1	182.7	-173.7	727.9	4804.6	8893.3	-19.2	
65.50	145.4	13.9	0.0	0.0	-7.3	-0.1	174.4	-153.6	731.4	4367.0	8712.1	-7.3	
65.55	147.7	13.8	0.0	0.0	-8.6	-0.1	174.8	-140.5	739.6	3980.8	8675.4	-8.6	
65.60	150.1	13.4	0.0	0.0	-16.7	-0.1	180.3	-138.2	749.9	3718.8	8749.3	-16.7	
65.65	152.4	13.5	0.0	0.0	-19.6	-0.1	184.4	-131.5	759.1	3519.0	8859.3	-19.6	
65.70	154.8	13.6	0.0	0.0	-17.0	-0.1	185.1	-123.0	764.7	3339.3	8966.7	-17.0	
65.75	157.2	13.6	0.0	0.0	-22.9	-0.1	190.6	-120.4	767.7	3276.7	9162.7	-22.9	
65.80	159.5	13.6	0.0	0.0	-38.0	-0.1	203.8	-121.0	772.4	3302.1	9450.7	-38.0	
65.85	161.9	13.5	0.0	0.0	-44.6	-0.1	212.0	-118.5	776.6	3184.5	9620.4	-44.6	
65.90	164.2	13.5	0.0	0.0	-36.5	-0.1	209.7	-106.7	776.3	2887.2	9598.1	-36.5	
65.95	166.5	13.4	0.0	0.0	-29.7	-0.1	204.4	-82.9	775.2	2577.7	9480.0	-29.7	
66.00	168.9	13.4	0.0	0.0	-27.1	-0.1	200.6	-63.3	779.5	2288.9	9309.0	-27.1	
66.05	171.2	13.7	0.0	0.0	-22.3	-0.1	197.8	-50.8	787.3	1979.9	9116.4	-22.3	
66.10	173.5	13.9	0.0	0.0	-20.3	-0.1	195.7	-36.0	791.4	1695.3	8967.5	-20.3	
66.15	175.8	14.0	0.0	0.0	-18.6	-0.1	190.2	-21.0	787.3	1391.4	8835.8	-18.6	
66.20	178.2	13.9	0.0	0.0	-18.5	-0.1	184.0	-7.5	782.8	1123.4	8692.7	-18.5	
66.25	180.5	14.1	0.0	0.0	-16.4	-0.1	179.6	3.8	783.9	860.9	8537.9	-16.4	
66.30	182.9	14.2	0.0	0.0	-11.7	-0.1	176.1	7.5	783.8	494.5	8419.3	-11.7	
66.35	185.2	14.1	0.0	0.0	-13.8	-0.1	178.1	15.5	779.6	58.4	8445.9	-13.8	
66.40	187.6	14.2	0.0	0.0	-18.8	-0.1	183.9	33.4	776.5	-462.4	8539.4	-18.8	
66.45	189.9	14.0	0.0	0.0	-19.7	-0.1	189.4	47.3	777.3	-985.4	8582.1	-19.7	
66.50	192.3	13.7	0.0	0.0	-24.6	-0.1	196.0	60.2	779.3	-1313.1	8604.9	-24.6	
66.55	194.6	13.8	0.0	0.0	-24.6	-0.1	194.3	72.8	775.8	-1543.9	8504.9	-24.6	
66.60	196.9	13.8	0.0	0.0	-9.1	-0.1	179.4	82.8	766.9	-1870.2	8222.4	-9.1	
66.65	199.3	13.8	0.0	0.0	1.9	-0.1	168.0	99.9	760.5	-2149.7	8017.0	1.9	
66.70	201.6	13.6	0.0	0.0	0.6	-0.1	166.7	115.9	758.7	-2326.7	7985.9	0.6	
66.75	204.0	13.7	0.0	0.0	-1.3	-0.1	169.7	125.8	757.3	-2572.2	8065.9	-1.3	
66.80	206.3	13.8	0.0	0.0	-3.7	-0.1	175.1	143.1	756.2	-2880.1	8194.8	-3.7	
66.85	208.6	13.9	0.0	0.0	-2.5	-0.1	180.5	156.4	755.4	-3228.5	8303.2	-2.5	
66.90	211.0	13.6	0.0	0.0	0.1	-0.1	184.2	157.4	753.8	-3493.2	8367.4	0.1	
66.95	213.4	13.3	0.0	0.0	-6.2	-0.1	191.7	162.3	750.1	-3608.7	8529.9	-6.2	
67.00	215.7	13.0	0.0	0.0	-12.2	-0.1	196.4	166.5	743.1	-3698.7	8708.1	-12.2	
67.05	218.1	13.3	0.0	0.0	-14.8	-0.1	195.0	166.9	731.5	-3798.7	8826.0	-14.8	
67.10	220.4	13.5	0.0	0.0	-18.2	-0.1	195.3	173.1	721.0	-3826.5	8888.7	-18.2	
67.15	222.7	13.7	0.0	0.0	-15.2	-0.1	194.2	174.8	714.8	-3879.7	8790.4	-15.2	
67.20	225.1	13.7	0.0	0.0	-9.1	-0.1	190.9	177.8	708.8	-3981.9	8599.2	-9.1	
67.25	227.4	13.8	0.0	0.0	-6.6	-0.1	189.5	197.2	700.0	-4143.8	8511.2	-6.6	
67.30	229.7	13.8	0.0	0.0	0.8	-0.1	185.7	217.1	688.6	-4446.0	8486.4	0.8	
67.35	232.1	13.5	0.0	0.0	8.7	-0.1	184.6	230.9	676.6	-4776.3	8546.0	8.7	
67.40	234.4	13.5	0.0	0.0	6.4	-0.1	192.5	238.5	667.2	-4933.3	8737.3	6.4	
67.45	236.7	13.7	0.0	0.0	4.1	-0.1	199.2	238.4	657.4	-4974.2	8897.9	4.1	
67.50	239.1	13.5	0.0	0.0	8.1	-0.1	197.8	241.4	646.5	-5012.2	8955.1	8.1	
67.55	241.4	13.3	0.0	0.0	16.4	-0.1	191.6	249.9	636.1	-5119.8	8963.5	16.4	
67.60	243.8	13.2	0.0	0.0	24.6	-0.1	188.0	249.9	626.0	-5314.5	9031.1	24.6	
67.65	246.1	13.4	0.0	0.0	22.4	-0.1	193.1	244.1	614.8	-5501.3	9261.4	22.4	
67.70	248.5	13.6	0.0	0.0	11.5	-0.1	206.6	251.7	604.9	-5731.4	9621.5	11.5	
67.75	250.8	13.7	0.0	0.0	7.6	-0.1	217.2	265.8	596.1	-6078.5	9931.2	7.6	
67.80	253.2	13.4	0.0	0.0	8.6	-0.1	222.8	274.5	586.2	-6346.3	10166.6	8.6	
67.85	255.5	13.3	0.0	0.0	9.1	-0.1	225.5	272.8	574.6	-6374.2	10311.8	9.1	
67.90	257.9	13.1	0.0	0.0	12.4	-0.1	222.8	266.2	563.8	-6302.6	10291.3	12.4	
67.95	260.2	12.9	0.0	0.0	16.9	-0.1	217.6	268.1	554.0	-6217.2	10182.8	16.9	
68.00	262.5	12.5	0.0	0.0	19.5	-0.1	214.9	278.1	542.4	-6138.7	10134.2	19.5	
68.05	264.9	12.3	0.0	0.0	20.8	-0.1	214.5	278.3	529.6	-6101.1	10149.5	20.8	
68.10	267.2	12.2	0.0	0.0	16.7	-0.1	218.5	276.3	519.3	-6119.5	10198.4	16.7	
68.15	269.6	12.1	0.0	0.0	9.4	-0.1	225.3	288.9	512.4	-6292.8	10218.1	9.4	
68.20	271.9	12.0	0.0	0.0	11.5	-0.1	222.7	300.2	504.0	-6556.6	10113.4	11.5	
68.25	274.3	12.1	0.0	0.0	16.2	-0.1	217.0	299.4	491.2	-6601.3	10055.7	16.2	
68.30	276.6	12.3	0.0	0.0	17.6	-0.1	212.7	288.9	478.5	-6437.3	10040.0	17.6	
68.35	279.0	12.3	0.0	0.0	21.9	-0.1	207.3	270.2	466.6	-6252.5	9951.0	21.9	
68.40	281.3	12.0	0.0	0.0	23.2	-0.1	205.1	260.5	453.8	-6035.5	9885.6	23.2	
68.45	283.6	12.0	0.0	0.0	20.6	-0.1	205.4	253.3	438.1	-5781.7	9907.0	20.6	
68.50	286.0	12.0	0.0	0.0	23.8	-0.1	205.5	244.2	424.0	-5621.5	9934.9	23.8	
68.55	288.3	12.1	0.0	0.0	26.3	-0.1	208.7	246.1	413.6	-5584.8	9970.1	26.3	
68.60	290.6	12.2	0.0	0.0	29.3	-0.1	210.8	258.1	402.3	-5697.5	9980.6	29.3	
68.65	293.0	12.2	0.0	0.0	39.1	-0.1	207.3	265.4	390.5	-5830.7	9919.0	39.1	
68.70	295.3	12.1	0.0	0.0	45.4	-0.1	206.2	269.3	381.5	-5798.6	9916.5	45.4	
68.75	297.6	11.8	0.0	0.0	49.6	-0.1	207.3	260.3	375.7	-5583.5	9968.4	49.6	
68.80	300.0	11.6	0.0	0.0	48.7	-0.1	211.5	243.6	369.2	-5237.0	10120.2	48.7	
68.85	302.3	11.3	0.0	0.0	40.1	-0.1	221.2	229.6	360.2	-4828.2	10457.9	40.1	
68.90	304.7	11.2	0.0	0.0	28.8	-0.1	234.0	214.7	349.8	-4557.8	10952.4	28.8	
68.95	307.1	11.2	0.0	0.0	20.9	-0.1	248.7	199.0	340.0	-4443.6	11505.5	20.9	
69.00	309.4	11.3	0.0	0.0	11.5	-0.1	264.4	192.2	331.0	-4387.3	12015.8	11.5	
69.05	311.8	11.3	0.0	0.0	8.3	-0.1	273.0	189.7	321.5	-4416.4	12308.8	8.3	
69.10	314.1	11.2	0.0	0.0	14.2	-0.1	274.1	191.3	312.8	-4512.1	12401.3	14.2	
69.15	316.5	11.2	0.0	0.0	22.5	-0.1	272.6	191.6	306.1	-4491.3	12412.5	22.5	
69.20	318.8	11.1	0.0	0.0	26.6	-0.1	271.4	181.0	299.7	-4237.2	12424.0	26.6	
69.25	321.1	11.2	0.0	0.0	23.2	-0.1	274.3	166.6	292.4	-3822.4	12491.2	23.2	
69.30	323.5	11.2	0.0	0.0	20.6	-0.1	275.9	157.4	286.4	-3393.8	12501.9	20.6	
69.35	325.8	11.1	0.0	0.0	23.9	-0.1	271.4	149.9	279.5	-3058.7	12404.8	23.9	
69.40	328.2	11.0	0.0	0.0	30.4	-0.1	262.9	141.1	270.4	-2827.2	12274.6	30.4	
69.45	330.5	10.8	0.0	0.0	32.8	-0.1	257.2	133.6	263.2	-2658.7	12158.0	32.8	
69.50	332.9	10.7	0.0	0.0	34.1	-0.1	254.8	128.2	260.6	-2596.5	12051.2	34.1	
69.55	335.2	10.8	0.0	0.0	37.6	-0.1	252.9	122.5	259.2	-2577.1	11981.9	37.6	
69.60	337.6	10.8	0.0	0.0	41.0	-0.1	251.3	112.5	254.5	-2437.9	12016.1	41.0	
69.65	339.9	10.9	0.0	0.0	42.3	-0.1	251.5	92.9	248.8	-2071.0	12173.8	42.3	
69.70	342.3	11.2	0.0	0.0	42.0	-0.1	257.0	65.8	245.5	-1513.1	12458.8	42.0	
69.75	344.6	11.1	0.0	0.0	37.7	-0.1	268.6	40.3	244.2	-877.2	12869.5	37.7	
69.80	347.0	10.9	0.0	0.0	27.2	-0.1	282.2	23.5	239.9	-340.9	13347.9	27.2	
69.85	349.3	11.0	0.0	0.0	18.3	-0.1	293.0	15.8	233.6	45.9	13784.8	18.3	
69.90	351.6	10.8	0.0	0.0	12.9	-0.1	304.4	7.4	231.9	421.2	14151.6	12.9	
69.95	354.0	10.6	0.0	0.0	6.2	-0.1	318.2	-1.2	232.6	626.7	14525.9	6.2	
70.00	356.3	10.5	0.0	0.0	2.7	-0.1	328.8	-2.1	235.6	837.0	14776.8	2.7	
70.05	358.7	10.4	0.0	0.0	-4.8	-0.1	332.0	-3.7	236.8	1105.0	14887.6	-4.8	
70.10	1.0	10.4	0.0	0.0	-3.5	-0.1	326.7	-17.0	234.3	1451.4	14833.8	-3.5	
70.15	3.4	10.7	0.0	0.0	-1.2	-0.1	317.9	-38.1	237.0	2021.8	14621.5	-1.2	
70.20	5.7	10.9	0.0	0.0	3.2	-0.1	308.4	-65.6	239.8	2576.7	14381.1	3.2	
70.25	8.1	10.8	0.0	0.0	10.8	-0.1	300.0	-90.2	236.9	2953.5	14239.9	10.8	
70.30	10.5	10.4	0.0	0.0	7.2	-0.1	299.1	-98.0	234.0	3199.6	14290.8	7.2	
70.35	12.8	10.4	0.0	0.0	-2.4	-0.1	306.4	-103.5	234.5	3274.6	14496.9	-2.4	
70.40	15.2	10.3	0.0	0.0	1.7	-0.1	313.6	-111.4	240.6	3235.3	14707.6	1.7	
70.45	17.5	10.2	0.0	0.0	-1.2	-0.1	327.7	-112.3	244.7	3193.6	15110.2	-1.2	
70.50	19.9	9.8	0.0	0.0	-3.5	-0.1	334.0	-116.5	247.5	3318.7	15417.2	-3.5	
70.55	22.2	9.8	0.0	0.0	0.3	-0.1	331.7	-127.3	250.3	3605.4	15564.6	0.3	
70.60	24.6	10.0	0.0	0.0	3.5	-0.1	329.6	-135.2	256.1	4025.8	15684.7	3.5	
70.65	26.9	10.3	0.0	0.0	-3.1	-0.1	329.3	-150.7	262.3	4502.4	15819.0	-3.1	
70.70	29.2	10.5	0.0	0.0	-8.7	-0.1	328.6	-171.6	265.1	4828.1	15950.2	-8.7	
70.75	31.6	10.6	0.0	0.0	-11.3	-0.1	331.4	-177.4	271.2	5030.2	16082.1	-11.3	
70.80	33.9	10.5	0.0	0.0	-18.6	-0.1	338.2	-179.5	281.5	5159.9	16213.5	-18.6	
70.85	36.3	10.6	0.0	0.0	-23.5	-0.1	341.6	-189.9	291.8	5207.0	16250.5	-23.5	
70.90	38.7	10.6	0.0	0.0	-26.6	-0.1	342.1	-197.1	303.4	5329.1	16196.8	-26.6	
70.95	41.0	10.6	0.0	0.0	-26.9	-0.1	341.2	-207.5	311.9	5561.0	16158.7	-26.9	
71.00	43.4	10.8	0.0	0.0	-28.0	-0.1	337.4	-229.8	318.3	5982.9	16074.3	-28.0	
71.05	45.7	10.9	0.0	0.0	-38.2	-0.1	336.2	-249.4	327.2	6618.2	15981.7	-38.2	
71.10	48.1	10.9	0.0	0.0	-45.6	-0.1	333.8	-267.0	334.6	7249.6	15899.1	-45.6	
71.15	50.5	11.0	0.0	0.0	-53.3	-0.1	328.7	-280.3	338.7	7664.8	15831.3	-53.3	
71.20	52.8	11.1	0.0	0.0	-66.1	-0.1	329.6	-280.4	344.3	7889.4	15837.3	-66.1	
71.25	55.2	11.2	0.0	0.0	-77.0	-0.1	330.9	-277.0	355.8	7950.8	15715.8	-77.0	
71.30	57.5	11.1	0.0	0.0	-84.3	-0.1	332.0	-272.8	368.9	7946.4	15552.8	-84.3	
71.35	59.9	11.0	0.0	0.0	-96.2	-0.1	331.4	-266.2	378.3	7936.1	15445.1	-96.2	
71.40	62.2	10.9	0.0	0.0	-96.6	-0.1	325.6	-266.1	384.4	7940.8	15306.1	-96.6	
71.45	64.6	10.7	0.0	0.0	-92.8	-0.1	315.9	-277.4	392.6	8121.8	15037.3	-92.8	
71.50	67.0	10.4	0.0	0.0	-89.9	-0.1	309.1	-299.2	402.5	8416.7	14747.5	-89.9	
71.55	69.4	10.3	0.0	0.0	-85.1	-0.1	303.1	-319.2	412.0	8640.2	14479.0	-85.1	
71.60	71.7	10.3	0.0	0.0	-78.1	-0.1	294.7	-326.2	419.9	8645.3	14242.6	-78.1	
71.65	74.1	10.4	0.0	0.0	-67.0	-0.1	285.2	-321.6	428.0	8442.3	14030.3	-67.0	
71.70	76.4	10.5	0.0	0.0	-59.9	-0.1	279.8	-313.8	438.9	8139.8	13845.0	-59.9	
71.75	78.8	10.6	0.0	0.0	-59.6	-0.1	278.6	-306.2	453.4	7855.8	13640.8	-59.6	
71.80	81.1	10.6	0.0	0.0	-57.4	-0.1	276.6	-296.0	468.2	7627.3	13407.4	-57.4	
71.85	83.5	10.6	0.0	0.0	-52.8	-0.1	268.2	-289.9	480.7	7548.3	13140.6	-52.8	
71.90	85.8	10.7	0.0	0.0	-51.2	-0.1	257.8	-288.8	491.1	7694.1	12912.6	-51.2	
71.95	88.2	10.5	0.0	0.0	-50.9	-0.1	251.9	-292.6	503.1	7928.7	12715.5	-50.9	
72.00	90.5	10.2	0.0	0.0	-50.7	-0.1	252.9	-298.9	519.2	8106.6	12546.2	-50.7	
72.05	92.9	10.4	0.0	0.0	-56.3	-0.1	262.2	-304.9	536.7	8247.6	12521.1	-56.3	
72.10	95.3	10.5	0.0	0.0	-70.4	-0.1	273.1	-308.9	550.2	8266.7	12625.0	-70.4	
72.15	97.6	10.5	0.0	0.0	-75.1	-0.1	276.9	-304.8	561.3	8088.8	12628.3	-75.1	
72.20	100.0	10.4	0.0	0.0	-68.4	-0.1	275.2	-292.1	573.4	7798.6	12489.6	-68.4	
72.25	102.4	10.6	0.0	0.0	-61.1	-0.1	269.1	-287.9	585.7	7597.7	12297.1	-61.1	
72.30	104.8	11.0	0.0	0.0	-57.9	-0.1	261.6	-296.6	594.2	7638.6	12170.0	-57.9	
72.35	107.1	11.3	0.0	0.0	-59.2	-0.1	253.7	-300.2	600.8	7797.2	12048.2	-59.2	
72.40	109.5	11.2	0.0	0.0	-55.4	-0.1	246.4	-300.2	608.8	7895.5	11835.6	-55.4	
72.45	111.9	11.2	0.0	0.0	-57.6	-0.1	245.5	-300.0	620.6	8027.3	11623.8	-57.6	
72.50	114.2	11.4	0.0	0.0	-67.3	-0.1	249.6	-299.4	633.9	8167.6	11493.4	-67.3	
72.55	116.6	11.5	0.0	0.0	-66.2	-0.1	247.1	-296.0	642.7	8013.1	11334.6	-66.2	
72.60	118.9	11.5	0.0	0.0	-54.5	-0.1	238.9	-276.8	648.4	7580.5	11126.4	-54.5	
72.65	121.3	11.2	0.0	0.0	-46.1	-0.1	233.0	-248.1	655.5	7140.3	10943.5	-46.1	
72.70	123.7	10.9	0.0	0.0	-39.3	-0.1	228.4	-235.6	663.3	6780.3	10741.0	-39.3	
72.75	126.0	10.7	0.0	0.0	-35.1	-0.1	227.5	-235.3	674.3	6516.2	10564.4	-35.1	
72.80	128.4	10.6	0.0	0.0	-35.2	-0.1	230.2	-235.3	687.4	6342.5	10457.7	-35.2	
72.85	130.8	10.5	0.0	0.0	-36.5	-0.1	231.8	-234.7	696.1	6217.3	10421.3	-36.5	
72.90	133.2	10.6	0.0	0.0	-38.3	-0.1	232.8	-236.0	703.6	6143.5	10434.0	-38.3	
72.95	135.5	10.8	0.0	0.0	-41.0	-0.1	236.9	-235.7	716.1	6032.8	10455.1	-41.0	
73.00	137.9	10.8	0.0	0.0	-42.0	-0.1	241.0	-225.7	727.8	5702.2	10466.1	-42.0	
73.05	140.3	10.8	0.0	0.0	-36.6	-0.1	239.0	-206.9	731.4	5157.9	10453.5	-36.6	
73.10	142.6	10.8	0.0	0.0	-30.2	-0.1	236.1	-183.0	731.9	4597.6	10436.5	-30.2	
73.15	145.0	10.9	0.0	0.0	-26.1	-0.1	236.6	-158.4	739.9	4173.6	10353.9	-26.1	
73.20	147.3	10.7	0.0	0.0	-23.5	-0.1	234.7	-141.1	753.6	3918.9	10108.5	-23.5	
73.25	149.7	10.5	0.0	0.0	-18.1	-0.1	224.2	-134.4	763.3	3774.4	9750.0	-18.1	
73.30	152.1	10.3	0.0	0.0	-11.5	-0.1	210.0	-132.9	768.4	3708.3	9426.4	-11.5	
73.35	154.4	10.5	0.0	0.0	-9.3	-0.1	202.1	-126.1	775.6	3638.8	9225.1	-9.3	
73.40	156.8	10.6	0.0	0.0	-9.7	-0.1	199.4	-119.0	783.8	3435.4	9110.2	-9.7	
73.45	159.2	10.8	0.0	0.0	-14.1	-0.1	201.6	-109.5	787.8	3100.6	9149.4	-14.1	
73.50	161.6	11.0	0.0	0.0	-19.8	-0.1	206.6	-93.5	786.5	2634.3	9317.5	-19.8	
73.55	164.0	11.1	0.0	0.0	-19.1	-0.1	209.6	-77.8	786.5	2081.5	9464.9	-19.1	
73.60	166.4	11.1	0.0	0.0	-14.9	-0.1	211.2	-64.7	790.7	1636.5	9551.6	-14.9	
73.65	168.8	11.3	0.0	0.0	-15.5	-0.1	213.2	-54.8	796.4	1495.1	9613.3	-15.5	
73.70	171.1	11.6	0.0	0.0	-15.1	-0.1	213.4	-52.9	800.4	1530.4	9640.0	-15.1	
73.75	173.5	12.0	0.0	0.0	-16.4	-0.1	214.9	-44.8	802.7	1517.6	9682.8	-16.4	
73.80	175.9	12.1	0.0	0.0	-16.6	-0.1	218.4	-32.6	804.7	1414.3	9781.4	-16.6	
73.85	178.3	12.0	0.0	0.0	-13.0	-0.1	224.0	-25.6	803.3	1224.4	9961.8	-13.0	
73.90	180.6	11.7	0.0	0.0	-7.3	-0.1	229.1	-14.8	800.7	968.8	10130.6	-7.3	
73.95	183.0	11.6	0.0	0.0	-1.3	-0.1	230.4	7.8	800.1	562.9	10186.6	-1.3	
74.00	185.4	11.6	0.0	0.0	7.0	-0.1	224.8	30.0	801.7	45.3	10116.1	7.0	
74.05	187.8	11.8	0.0	0.0	5.7	-0.1	220.9	46.9	802.7	-299.5	10088.8	5.7	
74.10	190.2	12.1	0.0	0.0	4.3	-0.1	221.4	49.7	802.8	-431.9	10130.3	4.3	
74.15	192.5	12.0	0.0	0.0	6.6	-0.1	225.2	43.2	802.4	-506.8	10196.2	6.6	
74.20	194.9	11.8	0.0	0.0	0.2	-0.1	233.4	49.0	801.7	-600.4	10357.6	0.2	
74.25	197.3	11.5	0.0	0.0	-9.2	-0.1	239.0	60.4	794.5	-828.4	10572.0	-9.2	
74.30	199.7	11.4	0.0	0.0	-11.2	-0.1	240.2	69.2	784.6	-1147.4	10709.6	-11.2	
74.35	202.1	11.3	0.0	0.0	-5.2	-0.1	242.7	84.0	780.0	-1491.7	10739.0	-5.2	
74.40	204.4	11.4	0.0	0.0	8.0	-0.1	242.6	102.0	778.1	-1958.2	10653.9	8.0	
74.45	206.8	11.4	0.0	0.0	15.3	-0.1	238.3	124.4	772.1	-2430.4	10547.9	15.3	
74.50	209.2	11.6	0.0	0.0	16.9	-0.1	232.1	150.4	763.8	-2805.1	10454.6	16.9	
74.55	211.6	11.9	0.0	0.0	25.5	-0.1	224.0	164.6	758.7	-3126.0	10284.6	25.5	
74.60	214.0	11.6	0.0	0.0	34.4	-0.1	219.7	168.1	756.8	-3311.1	10116.3	34.4	
74.65	216.4	11.3	0.0	0.0	35.8	-0.1	221.5	171.5	752.7	-3397.2	10093.7	35.8	
74.70	218.8	11.3	0.0	0.0	35.7	-0.1	221.0	170.9	743.2	-3591.6	10169.7	35.7	
74.75	221.2	11.1	0.0	0.0	32.2	-0.1	225.3	177.9	735.2	-3894.3	10392.9	32.2	
74.80	223.6	10.8	0.0	0.0	25.5	-0.1	237.7	194.4	731.9	-4230.4	10705.0	25.5	
74.85	226.0	10.5	0.0	0.0	24.5	-0.1	247.4	199.5	727.4	-4557.8	10931.1	24.5	
74.90	228.4	10.5	0.0	0.0	23.5	-0.1	252.5	200.0	719.2	-4763.0	11061.0	23.5	
74.95	230.8	10.7	0.0	0.0	22.0	-0.1	253.1	209.3	710.4	-4855.1	11109.0	22.0	
75.00	233.2	11.0	0.0	0.0	24.4	-0.1	247.2	219.6	702.3	-4906.2	11051.3	24.4	
75.05	235.6	11.3	0.0	0.0	31.8	-0.1	241.1	226.6	692.1	-4882.4	10987.8	31.8	
75.10	238.0	11.1	0.0	0.0	33.1	-0.1	242.1	226.0	683.1	-4763.4	11023.3	33.1	
75.15	240.4	10.7	0.0	0.0	30.0	-0.1	246.9	225.2	675.6	-4688.1	11097.3	30.0	
75.20	242.7	10.4	0.0	0.0	32.1	-0.1	246.9	234.8	667.2	-4780.2	11085.7	32.1	
75.25	245.1	10.5	0.0	0.0	40.9	-0.1	239.0	251.8	656.0	-5011.4	10969.7	40.9	
75.30	247.5	10.7	0.0	0.0	50.5	-0.1	229.5	265.9	642.8	-5233.2	10850.4	50.5	
75.35	249.9	11.2	0.0	0.0	58.3	-0.1	223.0	263.1	629.6	-5359.7	10762.6	58.3	
75.40	252.3	11.6	0.0	0.0	57.3	-0.1	224.8	255.9	617.9	-5360.0	10778.2	57.3	
75.45	254.8	11.8	0.0	0.0	49.7	-0.1	233.2	257.4	608.6	-5310.3	10936.1	49.7	
75.50	257.2	11.8	0.0	0.0	45.3	-0.1	239.7	254.9	597.8	-5333.5	11170.5	45.3	
75.55	259.6	11.5	0.0	0.0	41.7	-0.1	246.8	253.6	584.5	-5403.8	11478.5	41.7	
75.60	262.0	11.5	0.0	0.0	38.9	-0.1	253.5	252.8	571.5	-5490.8	11739.7	38.9	
75.65	264.4	11.9	0.0	0.0	42.7	-0.1	256.8	255.2	559.6	-5642.1	11869.9	42.7	
75.70	266.8	12.0	0.0	0.0	46.0	-0.1	258.7	269.5	547.3	-5873.4	11959.7	46.0	
75.75	269.2	12.1	0.0	0.0	53.0	-0.1	256.6	282.9	533.1	-6141.0	12026.0	53.0	
75.80	271.6	12.2	0.0	0.0	61.1	-0.1	251.6	285.4	519.2	-6329.9	12040.9	61.1	
75.85	274.0	11.8	0.0	0.0	64.3	-0.1	251.2	285.5	509.1	-6346.0	12052.7	64.3	
75.90	276.4	11.6	0.0	0.0	61.1	-0.1	253.4	283.9	501.8	-6256.4	12028.5	61.1	
75.95	278.8	11.5	0.0	0.0	59.2	-0.1	255.7	280.0	494.8	-6146.0	12007.6	59.2	
76.00	281.2	11.7	0.0	0.0	55.7	-0.1	260.4	274.9	486.6	-6032.8	12078.6	55.7	
76.05	283.6	11.8	0.0	0.0	49.7	-0.1	265.7	266.2	476.1	-5961.9	12206.8	49.7	
76.10	286.1	11.8	0.0	0.0	45.9	-0.1	268.1	260.5	463.5	-5960.7	12285.9	45.9	
76.15	288.5	11.8	0.0	0.0	47.8	-0.1	269.1	262.3	451.4	-6003.4	12305.6	47.8	
76.20	290.9	11.9	0.0	0.0	56.4	-0.1	265.9	260.7	440.7	-5978.0	12263.0	56.4	
76.25	293.3	12.0	0.0	0.0	63.1	-0.1	262.4	248.7	430.0	-5746.0	12256.2	63.1	
76.30	295.7	12.0	0.0	0.0	59.0	-0.1	265.2	236.8	419.0	-5365.4	12362.1	59.0	
76.35	298.1	11.9	0.0	0.0	53.7	-0.1	271.1	229.8	409.9	-4960.4	12479.6	53.7	
76.40	300.5	11.7	0.0	0.0	54.5	-0.1	272.9	217.7	401.7	-4540.0	12524.7	54.5	
76.45	302.9	11.5	0.0	0.0	54.2	-0.1	275.6	208.4	391.3	-4127.2	12645.8	54.2	
76.50	305.3	11.3	0.0	0.0	57.5	-0.1	278.7	209.4	378.2	-3928.4	12869.4	57.5	
76.55	307.7	11.1	0.0	0.0	64.1	-0.1	279.5	207.8	364.8	-3950.7	13096.4	64.1	
76.60	310.1	11.1	0.0	0.0	67.3	-0.1	284.0	203.9	354.4	-3951.1	13341.9	67.3	
76.65	312.5	11.1	0.0	0.0	64.6	-0.1	292.9	193.4	348.2	-3779.9	13595.3	64.6	
76.70	314.9	10.9	0.0	0.0	62.5	-0.1	301.5	174.7	343.0	-3463.7	13838.3	62.5	
76.75	317.4	10.8	0.0	0.0	57.5	-0.1	312.0	159.5	335.8	-3064.7	14150.7	57.5	
76.80	319.8	10.4	0.0	0.0	48.6	-0.1	324.8	144.1	326.3	-2730.9	14557.4	48.6	
76.85	322.2	10.2	0.0	0.0	38.6	-0.1	337.3	125.4	317.7	-2478.0	14936.6	38.6	
76.90	324.6	10.2	0.0	0.0	32.2	-0.1	347.0	116.2	310.6	-2299.9	15211.1	32.2	
76.95	327.0	10.0	0.0	0.0	40.3	-0.1	344.3	118.1	302.1	-2302.0	15248.4	40.3	
77.00	329.4	10.0	0.0	0.0	60.5	-0.1	328.3	121.3	293.2	-2446.4	15011.8	60.5	
77.05	331.9	10.2	0.0	0.0	79.0	-0.1	316.7	124.0	286.7	-2518.8	14806.6	79.0	
77.10	334.3	10.4	0.0	0.0	74.5	-0.1	318.8	115.6	287.2	-2311.8	14765.9	74.5	
77.15	336.7	10.4	0.0	0.0	64.7	-0.1	325.6	98.1	289.4	-1935.0	14809.9	64.7	
77.20	339.1	10.3	0.0	0.0	59.7	-0.1	326.1	87.6	288.1	-1522.0	14813.6	59.7	
77.25	341.5	10.0	0.0	0.0	62.3	-0.1	322.0	76.5	282.3	-1082.0	14857.2	62.3	
77.30	344.0	10.1	0.0	0.0	67.2	-0.1	319.7	55.6	276.2	-737.6	15002.2	67.2	
77.35	346.4	10.3	0.0	0.0	62.5	-0.1	328.6	41.7	275.8	-547.9	15360.8	62.5	
77.40	348.8	10.4	0.0	0.0	59.1	-0.1	343.2	36.0	275.7	-447.5	15894.7	59.1	
77.45	351.3	10.5	0.0	0.0	50.9	-0.1	360.8	23.7	271.8	-275.4	16565.1	50.9	
77.50	353.7	10.6	0.0	0.0	39.1	-0.1	379.1	14.9	269.1	-3.9	17210.5	39.1	
77.55	356.1	10.5	0.0	0.0	36.0	-0.1	391.8	1.2	274.4	485.6	17582.3	36.0	
77.60	358.6	10.3	0.0	0.0	32.1	-0.1	393.0	-29.5	278.9	1209.5	17660.1	32.1	
77.65	1.0	10.2	0.0	0.0	26.8	-0.1	382.5	-56.7	276.7	1999.7	17450.5	26.8	
77.70	3.4	10.0	0.0	0.0	23.5	-0.1	363.8	-66.3	274.3	2613.8	17018.6	23.5	
77.75	5.8	9.9	0.0	0.0	36.8	-0.1	344.7	-73.8	273.9	2947.2	16569.7	36.8	
77.80	8.3	9.8	0.0	0.0	36.7	-0.1	335.4	-82.1	276.1	3167.3	16307.9	36.7	
77.85	10.7	10.0	0.0	0.0	14.7	-0.1	339.6	-87.3	278.6	3369.6	16315.0	14.7	
77.90	13.1	9.9	0.0	0.0	1.5	-0.1	341.0	-95.5	281.7	3495.9	16286.8	1.5	
77.95	15.6	9.9	0.0	0.0	5.3	-0.1	333.3	-102.2	286.6	3666.6	16107.2	5.3	
78.00	18.0	9.8	0.0	0.0	1.2	-0.1	329.3	-114.5	292.4	4081.4	16016.7	1.2	
78.05	20.5	9.9	0.0	0.0	-6.2	-0.1	330.0	-143.1	295.8	4625.8	16068.9	-6.2	
78.10	22.9	10.0	0.0	0.0	-13.9	-0.1	335.8	-169.5	299.5	5123.3	16249.6	-13.9	
78.15	25.4	10.3	0.0	0.0	-21.1	-0.1	342.6	-179.0	300.6	5321.9	16521.4	-21.1	
78.20	27.8	10.4	0.0	0.0	-17.5	-0.1	344.8	-183.9	301.1	5355.7	16727.9	-17.5	
78.25	30.3	10.7	0.0	0.0	-19.2	-0.1	347.3	-183.6	304.5	5311.2	16895.3	-19.2	
78.30	32.7	10.9	0.0	0.0	-23.6	-0.1	354.9	-178.9	312.5	5246.8	17065.7	-23.6	
78.35	35.2	11.0	0.0	0.0	-21.3	-0.1	357.2	-180.0	322.8	5233.0	17047.0	-21.3	
78.40	37.6	11.0	0.0	0.0	-22.7	-0.1	355.3	-188.2	331.9	5421.8	16958.8	-22.7	
78.45	40.1	11.0	0.0	0.0	-27.2	-0.1	350.5	-199.8	339.7	5711.0	16858.8	-27.2	
78.50	42.5	11.0	0.0	0.0	-26.1	-0.1	342.7	-211.4	347.6	5984.4	16692.8	-26.1	
78.55	44.9	11.0	0.0	0.0	-23.2	-0.1	341.3	-222.9	356.6	6284.1	16634.2	-23.2	
78.60	47.4	11.0	0.0	0.0	-34.2	-0.1	344.4	-237.6	366.7	6551.5	16697.4	-34.2	
78.65	49.9	11.1	0.0	0.0	-38.5	-0.1	346.6	-250.4	376.7	6708.6	16746.0	-38.5	
78.70	52.3	11.0	0.0	0.0	-47.7	-0.1	345.7	-254.2	386.7	6720.4	16701.0	-47.7	
78.75	54.8	11.0	0.0	0.0	-47.9	-0.1	338.3	-257.6	396.8	6680.1	16479.6	-47.9	
78.80	57.2	11.0	0.0	0.0	-49.2	-0.1	332.6	-259.8	409.3	6810.5	16236.1	-49.2	
78.85	59.7	10.6	0.0	0.0	-52.2	-0.1	327.8	-264.1	422.4	7070.6	16023.2	-52.2	
78.90	62.1	10.3	0.0	0.0	-53.1	-0.1	322.7	-274.1	431.9	7363.3	15887.4	-53.1	
78.95	64.6	10.3	0.0	0.0	-59.1	-0.1	323.4	-286.4	439.9	7784.2	15891.8	-59.1	
79.00	67.0	9.9	0.0	0.0	-71.8	-0.1	330.3	-303.4	450.2	8305.8	15962.1	-71.8	
79.05	69.5	9.8	0.0	0.0	-82.0	-0.1	336.4	-316.2	464.6	8723.5	15912.4	-82.0	
79.10	71.9	9.8	0.0	0.0	-85.8	-0.1	339.6	-313.2	480.1	8906.4	15823.5	-85.8	
79.15	74.4	9.9	0.0	0.0	-86.0	-0.1	339.1	-307.6	490.5	8852.7	15802.2	-86.0	
79.20	76.8	10.1	0.0	0.0	-89.2	-0.1	337.1	-310.8	498.9	8768.3	15801.7	-89.2	
79.25	79.3	10.3	0.0	0.0	-97.4	-0.1	338.0	-310.7	511.1	8754.5	15771.3	-97.4	
79.30	81.8	10.6	0.0	0.0	-96.2	-0.1	335.7	-310.5	524.1	8703.9	15611.7	-96.2	
79.35	84.3	10.7	0.0	0.0	-82.7	-0.1	325.4	-314.7	534.8	8700.7	15313.6	-82.7	
79.40	86.7	10.7	0.0	0.0	-74.6	-0.1	315.6	-322.8	543.6	8835.6	15062.2	-74.6	
79.45	89.2	10.6	0.0	0.0	-71.2	-0.1	308.0	-334.9	552.3	8967.6	14778.6	-71.2	
79.50	91.7	10.4	0.0	0.0	-65.4	-0.1	301.9	-341.4	563.9	8930.9	14379.2	-65.4	
79.55	94.1	10.2	0.0	0.0	-61.8	-0.1	296.4	-331.9	578.5	8718.8	13952.2	-61.8	
79.60	96.6	10.2	0.0	0.0	-61.7	-0.1	289.4	-312.9	589.6	8405.7	13640.6	-61.7	
79.65	99.1	10.1	0.0	0.0	-58.6	-0.1	277.9	-299.2	597.0	8025.8	13357.9	-58.6	
79.70	101.5	9.9	0.0	0.0	-52.5	-0.1	268.5	-284.4	609.2	7653.7	13040.6	-52.5	
79.75	104.0	9.6	0.0	0.0	-48.2	-0.1	262.9	-268.3	626.1	7363.3	12703.5	-48.2	
79.80	106.5	9.2	0.0	0.0	-43.0	-0.1	253.9	-269.1	639.9	7229.3	12363.7	-43.0	
79.85	108.9	9.1	0.0	0.0	-43.0	-0.1	244.1	-275.1	651.5	7285.5	12075.8	-43.0	
79.90	111.4	9.3	0.0	0.0	-41.7	-0.1	235.9	-274.3	665.7	7337.3	11797.1	-41.7	
79.95	113.9	9.2	0.0	0.0	-35.6	-0.1	226.2	-274.1	677.7	7192.1	11470.6	-35.6	
80.00	116.4	9.0	0.0	0.0	-41.4	-0.1	221.6	-273.8	687.9	7031.1	11221.7	-41.4	
80.05	118.9	8.8	0.0	0.0	-49.2	-0.1	223.7	-269.4	698.8	6889.2	11067.8	-49.2	
80.10	121.3	9.0	0.0	0.0	-46.3	-0.1	223.1	-261.6	710.0	6587.1	10841.9	-46.3	
80.15	123.8	9.3	0.0	0.0	-39.3	-0.1	220.2	-247.2	722.2	6274.8	10611.3	-39.3	
80.20	126.3	9.5	0.0	0.0	-38.3	-0.1	218.1	-231.7	731.0	6105.5	10493.8	-38.3	
80.25	128.8	9.3	0.0	0.0	-36.9	-0.1	215.9	-228.1	736.4	6010.5	10420.9	-36.9	
80.30	131.2	9.4	0.0	0.0	-37.7	-0.1	219.9	-222.2	745.7	5947.7	10384.4	-37.7	
80.35	133.7	9.7	0.0	0.0	-44.4	-0.1	230.1	-215.4	761.3	5991.4	10378.8	-44.4	
80.40	136.2	9.6	0.0	0.0	-51.7	-0.1	234.3	-213.8	772.0	6060.2	10311.7	-51.7	
80.45	138.6	9.7	0.0	0.0	-52.9	-0.1	228.8	-207.3	774.4	5963.4	10144.7	-52.9	
80.50	141.1	9.9	0.0	0.0	-47.0	-0.1	219.3	-190.8	779.1	5591.2	9864.2	-47.0	
80.55	143.6	9.9	0.0	0.0	-36.8	-0.1	209.1	-174.4	789.7	5073.4	9492.5	-36.8	
80.60	146.1	10.0	0.0	0.0	-27.3	-0.1	194.9	-163.2	798.5	4619.4	9093.7	-27.3	
80.65	148.6	9.9	0.0	0.0	-15.0	-0.1	176.5	-153.5	801.4	4226.3	8699.9	-15.0	
80.70	151.1	9.6	0.0	0.0	-1.2	-0.1	161.7	-141.5	805.9	3841.1	8365.2	-1.2	
80.75	153.6	9.6	0.0	0.0	1.1	-0.1	160.2	-132.0	815.3	3560.5	8269.2	1.1	
80.80	156.0	9.7	0.0	0.0	-8.1	-0.1	171.1	-132.6	824.1	3462.5	8501.0	-8.1	
80.85	158.5	10.0	0.0	0.0	-15.8	-0.1	185.5	-133.1	827.3	3345.5	8941.2	-15.8	
80.90	161.0	9.7	0.0	0.0	-18.0	-0.1	200.1	-115.7	828.7	3003.1	9428.7	-18.0	
80.95	163.5	9.4	0.0	0.0	-22.8	-0.1	216.2	-87.3	832.6	2486.3	9907.3	-22.8	
81.00	165.9	9.2	0.0	0.0	-30.0	-0.1	232.3	-64.7	837.9	2039.3	10358.5	-30.0	
81.05	168.4	9.1	0.0	0.0	-31.8	-0.1	243.5	-48.9	841.6	1631.4	10728.5	-31.8	
81.10	170.9	8.9	0.0	0.0	-22.0	-0.1	247.0	-30.5	844.0	1155.0	10950.3	-22.0	
81.15	173.4	8.8	0.0	0.0	-15.3	-0.1	247.0	-14.4	849.0	854.6	11029.6	-15.3	
81.20	175.9	8.8	0.0	0.0	-16.9	-0.1	246.7	-12.4	852.7	841.1	11060.8	-16.9	
81.25	178.3	9.1	0.0	0.0	-19.1	-0.1	245.8	-18.1	854.0	890.6	11074.4	-19.1	
81.30	180.8	9.4	0.0	0.0	-10.6	-0.1	242.2	-12.5	854.2	720.6	11031.1	-10.6	
81.35	183.3	9.4	0.0	0.0	4.0	-0.1	236.1	0.2	853.0	349.7	10951.8	4.0	
81.40	185.8	9.5	0.0	0.0	12.8	-0.1	233.8	12.9	848.0	-50.1	10968.4	12.8	
81.45	188.3	9.6	0.0	0.0	17.3	-0.1	236.5	34.1	845.0	-493.9	11067.7	17.3	
81.50	190.8	9.8	0.0	0.0	26.2	-0.1	236.9	61.3	846.7	-1036.6	11097.0	26.2	
81.55	193.3	9.9	0.0	0.0	29.5	-0.1	237.3	78.7	848.6	-1378.2	11125.7	29.5	
81.60	195.8	10.0	0.0	0.0	22.6	-0.1	240.5	82.2	846.9	-1343.6	11218.4	22.6	
81.65	198.2	9.9	0.0	0.0	20.5	-0.1	241.9	85.4	843.3	-1297.5	11276.7	20.5	
81.70	200.7	10.0	0.0	0.0	24.8	-0.1	242.1	92.6	841.1	-1357.6	11283.4	24.8	
81.75	203.2	10.1	0.0	0.0	18.1	-0.1	246.2	104.6	836.8	-1436.8	11373.9	18.1	
81.80	205.7	10.1	0.0	0.0	12.4	-0.1	247.8	110.8	827.4	-1637.0	11440.9	12.4	
81.85	208.2	10.0	0.0	0.0	22.3	-0.1	244.5	120.0	819.1	-2059.1	11350.8	22.3	
81.90	210.7	10.0	0.0	0.0	35.0	-0.1	239.7	139.9	817.0	-2562.0	11173.9	35.0	
81.95	213.2	9.9	0.0	0.0	35.0	-0.1	237.7	156.6	814.0	-2969.3	11117.1	35.0	
82.00	215.7	9.8	0.0	0.0	26.5	-0.1	238.9	162.8	806.2	-3189.6	11206.4	26.5	
82.05	218.3	9.8	0.0	0.0	20.9	-0.1	245.3	167.8	799.6	-3300.6	11353.4	20.9	
82.10	220.8	9.9	0.0	0.0	23.0	-0.1	251.9	166.6	793.5	-3388.9	11460.5	23.0	
82.15	223.3	10.1	0.0	0.0	20.8	-0.1	259.9	167.4	783.2	-3440.3	11629.2	20.8	
82.20	225.7	10.0	0.0	0.0	14.1	-0.1	265.7	177.2	769.5	-3546.2	11808.9	14.1	
82.25	228.2	9.7	0.0	0.0	21.0	-0.1	263.0	191.8	757.6	-3896.8	11773.2	21.0	
82.30	230.7	10.2	0.0	0.0	37.9	-0.1	258.5	210.5	749.4	-4413.5	11589.3	37.9	
82.35	233.2	10.4	0.0	0.0	43.9	-0.1	257.4	227.3	742.3	-4835.0	11456.4	43.9	
82.40	235.7	10.3	0.0	0.0	39.2	-0.1	255.8	235.4	732.7	-5086.7	11375.5	39.2	
82.45	238.2	10.0	0.0	0.0	35.7	-0.1	252.5	246.0	723.2	-5285.4	11260.0	35.7	
82.50	240.7	10.3	0.0	0.0	38.6	-0.1	247.0	255.8	713.7	-5438.7	11085.1	38.6	
82.55	243.2	10.7	0.0	0.0	35.4	-0.1	243.3	253.5	702.9	-5390.0	10945.0	35.4	
82.60	245.8	10.4	0.0	0.0	26.9	-0.1	242.3	240.9	690.9	-5213.6	10845.0	26.9	
82.65	248.3	10.4	0.0	0.0	24.7	-0.1	239.8	235.1	679.1	-5235.9	10732.9	24.7	
82.70	250.8	10.4	0.0	0.0	34.0	-0.1	232.8	245.8	667.0	-5504.5	10613.2	34.0	
82.75	253.3	10.5	0.0	0.0	40.6	-0.1	226.8	263.2	654.3	-5795.1	10604.1	40.6	
82.80	255.8	10.6	0.0	0.0	43.0	-0.1	223.4	267.7	641.2	-5967.5	10655.4	43.0	
82.85	258.3	10.7	0.0	0.0	45.0	-0.1	226.8	271.2	631.6	-6088.3	10728.4	45.0	
82.90	260.8	11.0	0.0	0.0	47.4	-0.1	234.1	280.4	623.9	-6145.0	10824.8	47.4	
82.95	263.3	11.1	0.0	0.0	45.7	-0.1	239.6	281.4	612.9	-6001.6	10990.2	45.7	
83.00	265.8	11.2	0.0	0.0	40.9	-0.1	245.5	272.0	598.7	-5687.0	11270.0	40.9	
83.05	268.3	11.1	0.0	0.0	42.0	-0.1	254.0	259.9	586.7	-5436.0	11567.4	42.0	
83.10	270.8	11.2	0.0	0.0	46.5	-0.1	265.9	256.2	579.2	-5371.1	11868.4	46.5	
83.15	273.3	11.4	0.0	0.0	43.3	-0.1	277.4	261.1	569.4	-5456.0	12240.4	43.3	
83.20	275.8	11.7	0.0	0.0	40.8	-0.1	283.2	267.0	554.4	-5637.9	12625.6	40.8	
83.25	278.3	11.5	0.0	0.0	50.4	-0.1	284.5	271.4	540.6	-5884.8	12904.3	50.4	
83.30	280.9	11.4	0.0	0.0	60.2	-0.1	285.4	271.6	529.2	-6058.8	13084.3	60.2	
83.35	283.4	11.3	0.0	0.0	60.2	-0.1	286.1	267.9	517.5	-5982.8	13168.5	60.2	
83.40	285.9	11.1	0.0	0.0	55.3	-0.1	287.2	260.7	505.1	-5743.2	13222.7	55.3	
83.45	288.4	11.0	0.0	0.0	62.3	-0.1	282.7	245.8	493.3	-5565.6	13195.3	62.3	
83.50	290.9	10.9	0.0	0.0	69.5	-0.1	280.1	236.0	480.5	-5410.4	13197.7	69.5	
83.55	293.4	10.5	0.0	0.0	66.4	-0.1	283.9	237.5	468.2	-5238.3	13251.4	66.4	
83.60	295.9	10.6	0.0	0.0	64.9	-0.1	286.7	238.5	457.8	-5230.1	13234.0	64.9	
83.65	298.4	10.9	0.0	0.0	67.1	-0.1	289.3	241.6	448.8	-5355.8	13243.8	67.1	
83.70	300.9	11.1	0.0	0.0	66.1	-0.1	292.9	245.9	437.3	-5440.1	13375.1	66.1	
83.75	303.4	11.0	0.0	0.0	61.2	-0.1	294.7	241.2	424.7	-5360.9	13506.0	61.2	
83.80	305.9	11.0	0.0	0.0	52.6	-0.1	298.3	233.5	415.2	-5113.7	13583.5	52.6	
83.85	308.4	11.3	0.0	0.0	46.9	-0.1	303.6	221.4	410.3	-4774.7	13627.6	46.9	
83.90	310.9	11.3	0.0	0.0	43.7	-0.1	306.9	198.4	405.5	-4335.8	13678.5	43.7	
83.95	313.5	11.4	0.0	0.0	40.5	-0.1	306.1	176.6	396.8	-3866.6	13690.3	40.5	
84.00	316.0	11.8	0.0	0.0	46.1	-0.1	300.9	164.4	385.6	-3588.3	13646.0	46.1	
84.05	318.5	12.3	0.0	0.0	58.8	-0.1	294.3	160.7	375.9	-3507.6	13593.6	58.8	
84.10	321.0	12.5	0.0	0.0	67.2	-0.1	291.1	160.8	367.6	-3474.6	13612.4	67.2	
84.15	323.5	12.4	0.0	0.0	66.2	-0.1	291.8	157.1	358.4	-3375.6	13733.0	66.2	
84.20	326.1	12.0	0.0	0.0	62.9	-0.1	294.0	149.1	350.3	-3178.5	13891.9	62.9	
84.25	328.6	11.8	0.0	0.0	65.0	-0.1	297.5	142.3	345.9	-2886.0	14032.8	65.0	
84.30	331.1	11.9	0.0	0.0	60.2	-0.1	303.6	129.6	346.7	-2385.8	14138.2	60.2	
84.35	333.6	12.0	0.0	0.0	43.9	-0.1	310.8	105.9	346.1	-1778.4	14256.6	43.9	
84.40	336.1	12.1	0.0	0.0	31.3	-0.1	315.9	85.0	340.8	-1287.3	14417.2	31.3	
84.45	338.7	12.1	0.0	0.0	36.0	-0.1	317.7	75.6	335.3	-1030.5	14614.2	36.0	
84.50	341.2	12.1	0.0	0.0	46.7	-0.1	319.7	69.0	327.7	-929.2	14900.3	46.7	
84.55	343.7	12.1	0.0	0.0	42.4	-0.1	329.9	60.5	319.9	-747.5	15333.5	42.4	
84.60	346.2	12.0	0.0	0.0	33.1	-0.1	342.8	47.4	315.9	-519.9	15760.7	33.1	
84.65	348.8	11.7	0.0	0.0	30.0	-0.1	350.8	32.1	315.8	-326.5	16016.7	30.0	
84.70	351.3	11.6	0.0	0.0	28.2	-0.1	356.5	21.0	316.7	-13.7	16186.3	28.2	
84.75	353.8	11.6	0.0	0.0	27.9	-0.1	358.6	6.7	317.3	492.8	16262.8	27.9	
84.80	356.3	11.6	0.0	0.0	27.5	-0.1	357.7	-14.9	317.3	1008.0	16265.9	27.5	
84.85	358.9	11.7	0.0	0.0	32.2	-0.1	355.7	-27.6	317.6	1316.7	16277.7	32.2	
84.90	1.4	11.7	0.0	0.0	39.5	-0.1	352.6	-30.7	316.4	1456.2	16363.8	39.5	
84.95	3.9	11.9	0.0	0.0	40.9	-0.1	348.7	-40.4	313.5	1644.6	16507.8	40.9	
85.00	6.4	12.2	0.0	0.0	38.0	-0.1	350.0	-52.9	314.0	1925.6	16707.4	38.0	
85.05	9.0	12.5	0.0	0.0	43.3	-0.1	351.4	-61.5	320.0	2202.4	16832.7	43.3	
85.10	11.5	12.4	0.0	0.0	44.2	-0.1	351.4	-75.3	326.0	2525.2	16932.8	44.2	
85.15	14.0	12.1	0.0	0.0	28.4	-0.1	356.0	-96.0	329.6	3007.5	17166.0	28.4	
85.20	16.6	11.9	0.0	0.0	9.9	-0.1	367.1	-115.4	332.9	3549.3	17563.6	9.9	
85.25	19.1	11.8	0.0	0.0	-3.2	-0.1	379.2	-134.7	338.8	4120.0	17948.1	-3.2	
85.30	21.6	11.9	0.0	0.0	-7.3	-0.1	390.4	-152.5	340.9	4581.2	18372.8	-7.3	
85.35	24.2	11.9	0.0	0.0	-20.6	-0.1	400.6	-163.1	340.0	4947.1	18829.8	-20.6	
85.40	26.7	11.9	0.0	0.0	-29.9	-0.1	404.6	-168.1	343.4	5226.0	19082.7	-29.9	
85.45	29.2	11.9	0.0	0.0	-29.4	-0.1	401.2	-176.6	350.0	5442.7	19033.3	-29.4	
85.50	31.8	12.1	0.0	0.0	-25.6	-0.1	395.0	-191.3	358.4	5811.3	18767.4	-25.6	
85.55	34.3	12.4	0.0	0.0	-25.5	-0.1	390.6	-206.2	367.7	6246.8	18527.6	-25.5	
85.60	36.8	12.3	0.0	0.0	-30.3	-0.1	391.3	-213.6	373.2	6518.1	18521.7	-30.3	
85.65	39.4	12.2	0.0	0.0	-44.0	-0.1	399.8	-222.3	379.4	6841.7	18722.0	-44.0	
85.70	41.9	12.0	0.0	0.0	-57.4	-0.1	408.1	-244.7	386.9	7226.1	18863.5	-57.4	
85.75	44.4	12.3	0.0	0.0	-64.2	-0.1	411.6	-262.4	395.6	7475.7	18848.1	-64.2	
85.80	47.0	12.3	0.0	0.0	-66.9	-0.1	409.1	-260.2	405.1	7570.1	18747.4	-66.9	
85.85	49.5	12.2	0.0	0.0	-63.7	-0.1	399.7	-258.2	412.8	7562.0	18552.1	-63.7	
85.90	52.0	12.4	0.0	0.0	-63.1	-0.1	392.9	-265.7	419.4	7605.5	18370.6	-63.1	
85.95	54.6	12.2	0.0	0.0	-70.0	-0.1	395.2	-275.9	430.0	7738.9	18249.2	-70.0	
86.00	57.1	12.0	0.0	0.0	-65.6	-0.1	392.5	-283.3	443.1	7790.8	17971.4	-65.6	
86.05	59.6	12.0	0.0	0.0	-57.8	-0.1	381.8	-287.6	453.5	7876.3	17626.3	-57.8	
86.10	62.2	11.8	0.0	0.0	-54.8	-0.1	367.7	-289.1	462.4	8073.5	17271.2	-54.8	
86.15	64.7	11.7	0.0	0.0	-48.9	-0.1	352.0	-295.3	471.7	8159.8	16854.7	-48.9	
86.20	67.2	12.0	0.0	0.0	-48.6	-0.1	343.1	-297.4	485.6	8152.0	16454.9	-48.6	
86.25	69.8	12.2	0.0	0.0	-55.3	-0.1	339.9	-298.2	502.1	8231.6	16118.5	-55.3	
86.30	72.3	12.2	0.0	0.0	-55.1	-0.1	331.5	-305.9	512.2	8269.5	15785.0	-55.1	
86.35	74.8	11.9	0.0	0.0	-51.2	-0.1	322.5	-305.6	521.1	8262.3	15539.2	-51.2	
86.40	77.4	12.0	0.0	0.0	-56.5	-0.1	321.1	-298.2	536.0	8332.1	15436.5	-56.5	
86.45	79.9	12.0	0.0	0.0	-62.8	-0.1	322.2	-309.5	549.7	8447.8	15405.5	-62.8	
86.50	82.5	12.0	0.0	0.0	-68.9	-0.1	325.7	-327.2	561.1	8643.1	15427.8	-68.9	
86.55	85.0	12.2	0.0	0.0	-77.4	-0.1	330.1	-332.8	573.8	8856.1	15440.5	-77.4	
86.60	87.6	12.4	0.0	0.0	-79.6	-0.1	327.2	-329.8	585.0	8925.8	15292.6	-79.6	
86.65	90.1	12.5	0.0	0.0	-79.1	-0.1	323.3	-322.8	595.6	8939.5	15114.3	-79.1	
86.70	92.6	12.4	0.0	0.0	-80.5	-0.1	323.1	-321.6	607.7	8964.1	15000.4	-80.5	
86.75	95.2	12.3	0.0	0.0	-79.0	-0.1	321.7	-328.4	619.8	8909.4	14861.2	-79.0	
86.80	97.7	12.1	0.0	0.0	-77.3	-0.1	320.1	-323.2	631.9	8786.4	14759.4	-77.3	
86.85	100.2	11.7	0.0	0.0	-78.6	-0.1	320.5	-306.6	645.4	8650.5	14756.2	-78.6	
86.90	102.8	11.5	0.0	0.0	-74.3	-0.1	318.8	-304.4	658.5	8538.2	14704.4	-74.3	
86.95	105.3	11.4	0.0	0.0	-73.2	-0.1	318.1	-308.9	672.5	8521.1	14616.4	-73.2	
87.00	107.8	11.7	0.0	0.0	-71.1	-0.1	317.0	-309.6	683.8	8475.3	14538.6	-71.1	
87.05	110.4	11.6	0.0	0.0	-65.5	-0.1	311.8	-306.9	690.8	8282.3	14428.7	-65.5	
87.10	112.9	11.4	0.0	0.0	-60.5	-0.1	306.0	-292.4	700.1	8047.3	14276.7	-60.5	
87.15	115.5	11.2	0.0	0.0	-52.5	-0.1	299.4	-279.3	713.2	7720.3	14049.2	-52.5	
87.20	118.0	11.4	0.0	0.0	-44.7	-0.1	292.2	-274.9	725.5	7316.2	13779.8	-44.7	
87.25	120.5	11.6	0.0	0.0	-49.3	-0.1	290.5	-260.8	738.6	7014.6	13612.3	-49.3	
87.30	123.1	11.7	0.0	0.0	-46.6	-0.1	283.6	-251.5	749.0	6684.9	13371.1	-46.6	
87.35	125.6	11.9	0.0	0.0	-39.0	-0.1	274.4	-248.4	758.8	6380.5	13007.8	-39.0	
87.40	128.2	12.0	0.0	0.0	-49.1	-0.1	274.3	-236.9	770.7	6342.1	12710.1	-49.1	
87.45	130.7	12.3	0.0	0.0	-54.9	-0.1	270.3	-230.7	779.8	6293.2	12381.3	-54.9	
87.50	133.3	12.2	0.0	0.0	-42.4	-0.1	255.2	-227.6	784.3	6001.9	11916.7	-42.4	
87.55	135.8	12.3	0.0	0.0	-32.0	-0.1	242.2	-210.7	793.5	5685.7	11468.5	-32.0	
87.60	138.4	12.5	0.0	0.0	-26.0	-0.1	230.1	-194.1	804.1	5369.9	11034.5	-26.0	
87.65	140.9	12.3	0.0	0.0	-17.9	-0.1	218.8	-184.6	814.3	5012.3	10677.7	-17.9	
87.70	143.4	12.1	0.0	0.0	-12.9	-0.1	216.0	-168.7	825.0	4699.7	10565.3	-12.9	
87.75	146.0	11.9	0.0	0.0	-10.4	-0.1	219.9	-160.2	833.9	4441.4	10656.0	-10.4	
87.80	148.5	12.0	0.0	0.0	-16.1	-0.1	228.5	-158.8	838.8	4294.4	10842.7	-16.1	
87.85	151.1	11.8	0.0	0.0	-29.2	-0.1	239.6	-153.7	844.1	4299.4	11037.3	-29.2	
87.90	153.6	11.6	0.0	0.0	-33.4	-0.1	242.8	-146.6	850.3	4254.8	11057.4	-33.4	
87.95	156.2	11.8	0.0	0.0	-29.8	-0.1	239.3	-138.4	856.1	4065.9	10936.5	-29.8	
88.00	158.7	11.8	0.0	0.0	-30.0	-0.1	235.7	-121.3	860.5	3759.9	10823.0	-30.0	
88.05	161.3	11.7	0.0	0.0	-23.2	-0.1	228.6	-107.2	862.3	3287.2	10665.3	-23.2	
88.10	163.8	12.0	0.0	0.0	-14.7	-0.1	223.5	-90.6	866.6	2801.3	10513.9	-14.7	
88.15	166.4	12.2	0.0	0.0	-11.9	-0.1	226.7	-66.6	873.2	2393.6	10526.1	-11.9	
88.20	168.9	12.1	0.0	0.0	-9.8	-0.1	230.5	-51.6	873.5	2040.2	10628.5	-9.8	
88.25	171.5	11.7	0.0	0.0	-9.7	-0.1	234.5	-46.8	869.9	1806.5	10768.5	-9.7	
88.30	174.0	11.7	0.0	0.0	-12.8	-0.1	240.7	-42.5	871.9	1711.6	10859.4	-12.8	
88.35	176.5	11.6	0.0	0.0	-9.6	-0.1	238.8	-41.7	875.5	1567.4	10725.3	-9.6	
88.40	179.1	11.4	0.0	0.0	-4.7	-0.1	231.1	-29.6	874.7	1295.1	10501.8	-4.7	
88.45	181.6	11.7	0.0	0.0	-4.7	-0.1	229.9	-0.6	872.1	853.3	10458.6	-4.7	
88.50	184.2	12.0	0.0	0.0	-2.9	-0.1	232.6	19.2	872.4	253.7	10503.6	-2.9	
88.55	186.7	12.4	0.0	0.0	-3.8	-0.1	237.8	34.1	876.0	-366.8	10572.6	-3.8	
88.60	189.3	12.4	0.0	0.0	-8.7	-0.1	237.8	57.1	877.1	-862.8	10547.6	-8.7	
88.65	191.9	12.3	0.0	0.0	3.3	-0.1	221.8	72.8	870.8	-1278.5	10280.5	3.3	
88.70	194.4	12.0	0.0	0.0	18.7	-0.1	203.5	79.5	864.7	-1456.4	9908.8	18.7	
88.75	197.0	12.0	0.0	0.0	18.4	-0.1	201.8	80.7	865.0	-1435.0	9739.1	18.4	
88.80	199.5	11.9	0.0	0.0	5.2	-0.1	211.4	76.7	865.5	-1509.6	9802.1	5.2	
88.85	202.1	11.9	0.0	0.0	-12.4	-0.1	222.2	85.5	860.8	-1714.6	9973.5	-12.4	
88.90	204.6	11.9	0.0	0.0	-15.0	-0.1	228.0	111.8	851.4	-2134.4	10094.6	-15.0	
88.95	207.1	11.8	0.0	0.0	-3.2	-0.1	225.9	131.8	845.6	-2633.5	10012.2	-3.2	
89.00	209.7	11.6	0.0	0.0	-0.9	-0.1	225.5	145.4	844.0	-2987.5	9901.4	-0.9	
89.05	212.2	11.8	0.0	0.0	-7.8	-0.1	226.0	159.0	840.8	-3239.5	9852.8	-7.8	
89.10	214.8	11.9	0.0	0.0	2.5	-0.1	213.7	165.6	829.8	-3538.0	9676.0	2.5	
89.15	217.3	11.8	0.0	0.0	13.3	-0.1	203.4	174.0	817.7	-3656.7	9535.6	13.3	
89.20	219.9	11.3	0.0	0.0	6.1	-0.1	206.0	176.7	810.5	-3458.2	9537.0	6.1	
89.25	222.4	11.4	0.0	0.0	-2.2	-0.1	211.0	170.1	804.8	-3376.7	9543.7	-2.2	
89.30	225.0	11.5	0.0	0.0	-4.5	-0.1	214.8	175.5	796.5	-3614.6	9563.0	-4.5	
89.35	227.5	11.5	0.0	0.0	-5.0	-0.1	217.7	197.0	785.1	-4082.2	9635.6	-5.0	
89.40	230.1	11.1	0.0	0.0	-1.5	-0.1	214.9	211.2	772.7	-4599.9	9649.5	-1.5	
89.45	232.6	11.0	0.0	0.0	-1.2	-0.1	214.7	223.1	763.3	-4916.5	9642.1	-1.2	
89.50	235.2	11.0	0.0	0.0	1.4	-0.1	217.4	239.2	756.4	-5119.6	9607.6	1.4	
89.55	237.7	10.7	0.0	0.0	13.5	-0.1	211.0	240.8	745.9	-5312.0	9466.1	13.5	
89.60	240.2	10.4	0.0	0.0	15.4	-0.1	204.1	239.2	732.6	-5285.8	9381.6	15.4	
89.65	242.8	10.2	0.0	0.0	12.5	-0.1	199.7	235.7	719.1	-5126.2	9315.9	12.5	
89.70	245.3	10.2	0.0	0.0	20.7	-0.1	196.6	231.9	708.3	-5156.8	9197.2	20.7	
89.75	247.9	10.3	0.0	0.0	24.3	-0.1	205.1	249.9	701.4	-5409.8	9280.5	24.3	
89.80	250.4	10.4	0.0	0.0	17.2	-0.1	219.8	267.4	692.5	-5769.1	9622.4	17.2	
89.85	253.0	10.5	0.0	0.0	11.8	-0.1	232.1	270.2	679.9	-6161.6	10050.5	11.8	
89.90	255.5	10.6	0.0	0.0	13.1	-0.1	244.5	280.7	670.1	-6458.5	10435.7	13.1	
89.95	258.1	10.7	0.0	0.0	22.5	-0.1	249.9	290.6	662.3	-6624.8	10658.4	22.5	
90.00	260.6	10.9	0.0	0.0	27.8	-0.1	246.4	284.6	651.0	-6532.6	10777.4	27.8	
90.05	263.2	11.2	0.0	0.0	20.4	-0.1	246.0	275.4	636.3	-6235.2	10977.9	20.4	
90.10	265.7	11.4	0.0	0.0	19.1	-0.1	246.6	263.6	623.1	-6053.7	11108.0	19.1	
90.15	268.3	11.3	0.0	0.0	26.6	-0.1	248.8	260.3	611.9	-6085.7	11209.7	26.6	
90.20	270.8	11.2	0.0	0.0	26.2	-0.1	255.2	272.9	599.5	-6170.6	11412.6	26.2	
90.25	273.4	11.1	0.0	0.0	33.2	-0.1	253.9	280.4	583.2	-6376.5	11541.5	33.2	
90.30	275.9	10.8	0.0	0.0	48.2	-0.1	250.5	285.2	570.8	-6622.5	11539.4	48.2	
90.35	278.5	10.7	0.0	0.0	58.5	-0.1	253.6	291.9	565.2	-6710.9	11526.1	58.5	
90.40	281.0	10.6	0.0	0.0	62.2	-0.1	255.9	286.1	556.1	-6554.4	11593.4	62.2	
90.45	283.6	10.7	0.0	0.0	60.4	-0.1	259.2	274.7	541.4	-6133.2	11847.1	60.4	
90.50	286.1	10.8	0.0	0.0	57.1	-0.1	263.5	264.5	527.2	-5689.6	12185.1	57.1	
90.55	288.6	10.8	0.0	0.0	57.7	-0.1	267.6	250.9	516.0	-5392.4	12477.8	57.7	
90.60	291.2	10.7	0.0	0.0	50.9	-0.1	274.3	238.5	504.8	-5135.6	12753.8	50.9	
90.65	293.7	10.7	0.0	0.0	43.4	-0.1	282.7	233.8	492.8	-4989.1	13016.2	43.4	
90.70	296.3	10.7	0.0	0.0	48.7	-0.1	287.5	237.4	482.5	-5088.8	13224.8	48.7	
90.75	298.8	10.7	0.0	0.0	56.6	-0.1	291.5	242.6	472.5	-5205.2	13480.7	56.6	
90.80	301.4	10.6	0.0	0.0	55.8	-0.1	297.0	238.2	459.9	-5099.7	13800.8	55.8	
90.85	303.9	10.6	0.0	0.0	57.3	-0.1	299.6	221.2	446.2	-4810.2	14049.5	57.3	
90.90	306.5	10.6	0.0	0.0	61.8	-0.1	302.1	210.7	435.7	-4395.0	14194.3	61.8	
90.95	309.0	10.4	0.0	0.0	66.1	-0.1	304.2	196.3	427.9	-3899.7	14311.4	66.1	
91.00	311.6	10.8	0.0	0.0	72.8	-0.1	304.3	178.1	417.0	-3542.3	14503.4	72.8	
91.05	314.1	11.1	0.0	0.0	76.6	-0.1	309.9	171.7	405.7	-3422.3	14836.1	76.6	
91.10	316.7	10.7	0.0	0.0	78.1	-0.1	322.0	175.1	397.7	-3502.7	15227.2	78.1	
91.15	319.2	10.6	0.0	0.0	68.3	-0.1	341.6	172.4	391.4	-3502.5	15721.0	68.3	
91.20	321.8	10.7	0.0	0.0	54.7	-0.1	362.0	167.6	385.6	-3357.0	16237.9	54.7	
91.25	324.3	11.0	0.0	0.0	53.0	-0.1	373.2	159.0	380.3	-3158.1	16613.2	53.0	
91.30	326.9	10.9	0.0	0.0	63.5	-0.1	368.8	142.7	374.4	-2833.5	16684.0	63.5	
91.35	329.4	10.8	0.0	0.0	70.1	-0.1	357.6	122.9	366.9	-2311.1	16549.7	70.1	
91.40	332.0	10.7	0.0	0.0	76.2	-0.1	348.2	99.2	359.5	-1713.2	16390.3	76.2	
91.45	334.6	10.7	0.0	0.0	76.2	-0.1	348.6	81.1	354.1	-1290.3	16414.6	76.2	
91.50	337.1	11.0	0.0	0.0	70.0	-0.1	358.0	74.7	348.6	-1095.8	16638.4	70.0	
91.55	339.7	11.6	0.0	0.0	58.6	-0.1	369.9	67.3	343.3	-915.6	16924.3	58.6	
91.60	342.2	11.8	0.0	0.0	46.1	-0.1	378.8	56.1	338.7	-752.6	17103.7	46.1	
91.65	344.8	12.2	0.0	0.0	48.5	-0.1	375.7	53.9	339.2	-591.3	16980.6	48.5	
91.70	347.3	12.9	0.0	0.0	55.2	-0.1	365.5	45.8	340.2	-170.0	16705.4	55.2	
91.75	349.8	12.9	0.0	0.0	58.8	-0.1	354.4	15.6	336.2	523.1	16481.1	58.8	
91.80	352.4	12.9	0.0	0.0	53.8	-0.1	351.7	-10.4	330.9	1178.2	16471.4	53.8	
91.85	354.9	12.9	0.0	0.0	46.3	-0.1	358.0	-20.2	329.8	1666.8	16659.9	46.3	
91.90	357.5	12.5	0.0	0.0	33.2	-0.1	369.4	-35.9	326.7	2085.6	17012.7	33.2	
91.95	0.0	12.4	0.0	0.0	13.1	-0.1	381.0	-55.3	322.9	2462.9	17353.3	13.1	
92.00	2.6	12.5	0.0	0.0	8.3	-0.1	390.1	-61.2	322.8	2611.3	17556.9	8.3	
92.05	5.1	12.7	0.0	0.0	16.6	-0.1	384.4	-61.7	328.5	2566.5	17428.5	16.6	
92.10	7.7	13.0	0.0	0.0	16.9	-0.1	379.2	-70.6	330.9	2773.6	17314.8	16.9	
92.15	10.2	13.3	0.0	0.0	4.0	-0.1	377.5	-90.9	330.3	3250.9	17275.4	4.0	
92.20	12.8	13.2	0.0	0.0	3.2	-0.1	371.1	-110.2	332.7	3650.3	17162.7	3.2	
92.25	15.3	13.3	0.0	0.0	2.3	-0.1	362.4	-118.2	334.9	3914.9	17028.8	2.3	
92.30	17.9	13.5	0.0	0.0	-1.3	-0.1	354.6	-130.3	332.7	4212.7	16945.6	-1.3	
92.35	20.4	13.8	0.0	0.0	-3.8	-0.1	346.0	-147.8	331.4	4447.2	16788.1	-3.8	
92.40	23.0	13.8	0.0	0.0	-5.6	-0.1	342.6	-150.0	340.6	4477.4	16617.2	-5.6	
92.45	25.6	13.7	0.0	0.0	-5.8	-0.1	340.0	-142.0	353.0	4291.2	16445.7	-5.8	
92.50	28.1	13.7	0.0	0.0	-0.8	-0.1	336.4	-142.3	357.3	4120.2	16415.1	-0.8	
92.55	30.7	13.5	0.0	0.0	-16.5	-0.1	341.3	-153.0	360.0	4262.7	16566.8	-16.5	
92.60	33.2	13.2	0.0	0.0	-25.1	-0.1	345.4	-167.0	371.9	4543.9	16592.9	-25.1	
92.65	35.8	13.0	0.0	0.0	-25.7	-0.1	346.0	-181.7	384.6	4879.4	16521.3	-25.7	
92.70	38.3	12.6	0.0	0.0	-34.7	-0.1	344.6	-198.2	389.1	5351.7	16503.4	-34.7	
92.75	40.9	12.6	0.0	0.0	-41.6	-0.1	338.3	-220.2	391.0	5865.7	16458.7	-41.6	
92.80	43.4	13.1	0.0	0.0	-52.5	-0.1	340.4	-232.5	398.8	6172.2	16489.5	-52.5	
92.85	46.0	12.7	0.0	0.0	-68.0	-0.1	350.2	-233.1	414.8	6372.3	16477.9	-68.0	
92.90	48.5	12.4	0.0	0.0	-77.2	-0.1	353.7	-235.5	428.1	6488.4	16307.2	-77.2	
92.95	51.1	12.3	0.0	0.0	-77.9	-0.1	344.9	-241.9	435.1	6593.2	15970.3	-77.9	
93.00	53.6	12.8	0.0	0.0	-71.3	-0.1	328.6	-242.5	444.8	6745.4	15489.6	-71.3	
93.05	56.2	13.1	0.0	0.0	-61.2	-0.1	311.5	-250.3	456.6	7033.8	15000.7	-61.2	
93.10	58.7	13.4	0.0	0.0	-58.8	-0.1	301.1	-270.5	466.0	7551.0	14673.1	-58.8	
93.15	61.3	13.2	0.0	0.0	-59.1	-0.1	296.8	-292.2	473.0	8099.0	14524.3	-59.1	
93.20	63.8	13.0	0.0	0.0	-61.1	-0.1	298.6	-306.3	482.4	8452.1	14506.3	-61.1	
93.25	66.4	12.9	0.0	0.0	-73.5	-0.1	306.1	-311.9	495.6	8646.3	14544.6	-73.5	
93.30	69.0	13.3	0.0	0.0	-79.8	-0.1	313.2	-313.1	508.0	8741.0	14596.9	-79.8	
93.35	71.5	13.2	0.0	0.0	-80.7	-0.1	313.3	-312.8	517.3	8665.8	14578.8	-80.7	
93.40	74.1	13.1	0.0	0.0	-67.1	-0.1	305.4	-305.5	529.0	8477.1	14399.2	-67.1	
93.45	76.6	13.2	0.0	0.0	-54.2	-0.1	296.7	-297.8	541.9	8375.7	14221.7	-54.2	
93.50	79.2	13.0	0.0	0.0	-49.8	-0.1	292.0	-303.9	552.2	8483.9	14223.2	-49.8	
93.55	81.8	13.0	0.0	0.0	-53.0	-0.1	296.0	-318.3	561.7	8691.9	14392.0	-53.0	
93.60	84.3	13.2	0.0	0.0	-57.2	-0.1	307.4	-328.3	574.2	8851.0	14612.6	-57.2	
93.65	86.9	13.2	0.0	0.0	-63.7	-0.1	320.4	-335.2	589.5	8946.9	14819.2	-63.7	
93.70	89.5	13.0	0.0	0.0	-70.1	-0.1	330.4	-333.9	602.4	8905.5	15020.7	-70.1	
93.75	92.0	12.8	0.0	0.0	-69.1	-0.1	333.0	-321.1	611.5	8611.2	15196.7	-69.1	
93.80	94.6	12.3	0.0	0.0	-59.5	-0.1	329.9	-306.9	620.0	8108.4	15308.6	-59.5	
93.85	97.2	12.0	0.0	0.0	-53.0	-0.1	329.4	-298.5	633.3	7715.3	15335.2	-53.0	
93.90	99.7	11.9	0.0	0.0	-54.8	-0.1	332.7	-290.0	649.7	7566.6	15306.0	-54.8	
93.95	102.3	11.8	0.0	0.0	-58.7	-0.1	333.7	-290.1	666.2	7669.7	15198.7	-58.7	
94.00	104.9	11.6	0.0	0.0	-60.4	-0.1	330.1	-296.7	681.4	7880.4	15052.4	-60.4	
94.05	107.4	11.3	0.0	0.0	-59.1	-0.1	323.4	-306.4	694.6	8048.9	14926.0	-59.1	
94.10	110.0	11.3	0.0	0.0	-56.6	-0.1	315.7	-310.3	704.5	8049.5	14854.8	-56.6	
94.15	112.5	11.3	0.0	0.0	-58.1	-0.1	315.2	-301.5	715.4	7920.2	14877.0	-58.1	
94.20	115.1	11.3	0.0	0.0	-61.9	-0.1	322.6	-284.8	729.3	7689.7	14970.6	-61.9	
94.25	117.7	11.3	0.0	0.0	-63.7	-0.1	329.4	-264.7	741.9	7317.8	15043.3	-63.7	
94.30	120.2	11.4	0.0	0.0	-61.4	-0.1	331.9	-258.0	752.6	6945.0	15066.1	-61.4	
94.35	122.8	11.4	0.0	0.0	-63.0	-0.1	333.1	-255.9	763.8	6832.3	15060.1	-63.0	
94.40	125.4	11.0	0.0	0.0	-56.8	-0.1	327.7	-255.6	777.3	6959.6	14891.4	-56.8	
94.45	127.9	10.9	0.0	0.0	-40.3	-0.1	314.3	-262.0	790.4	7191.1	14542.7	-40.3	
94.50	130.5	10.7	0.0	0.0	-35.9	-0.1	306.7	-259.8	799.4	7417.1	14329.0	-35.9	
94.55	133.1	10.3	0.0	0.0	-38.1	-0.1	305.1	-258.1	804.4	7438.3	14292.5	-38.1	
94.60	135.7	10.4	0.0	0.0	-35.0	-0.1	305.6	-258.5	809.5	7217.8	14293.2	-35.0	
94.65	138.2	10.4	0.0	0.0	-35.2	-0.1	310.4	-237.8	819.2	6894.9	14327.7	-35.2	
94.70	140.8	10.3	0.0	0.0	-33.3	-0.1	310.4	-211.6	825.0	6460.1	14281.0	-33.3	
94.75	143.4	10.2	0.0	0.0	-28.4	-0.1	306.5	-194.1	828.3	5985.4	14172.3	-28.4	
94.80	145.9	10.0	0.0	0.0	-29.7	-0.1	308.7	-179.2	839.6	5688.6	14118.7	-29.7	
94.85	148.5	9.9	0.0	0.0	-27.4	-0.1	308.4	-180.0	851.6	5530.9	14013.3	-27.4	
94.90	151.1	9.7	0.0	0.0	-21.7	-0.1	302.5	-184.6	856.3	5469.4	13843.5	-21.7	
94.95	153.7	9.7	0.0	0.0	-22.6	-0.1	298.7	-171.8	859.4	5446.0	13705.7	-22.6	
95.00	156.2	9.9	0.0	0.0	-19.0	-0.1	291.9	-160.6	862.7	5167.3	13487.8	-19.0	
95.05	158.8	10.1	0.0	0.0	-16.6	-0.1	285.4	-151.5	866.2	4628.3	13231.0	-16.6	
95.10	161.4	10.2	0.0	0.0	-21.4	-0.1	283.6	-128.4	869.0	3932.8	13046.3	-21.4	
95.15	164.0	10.2	0.0	0.0	-12.4	-0.1	273.1	-97.5	868.8	3094.2	12694.3	-12.4	
95.20	166.5	10.0	0.0	0.0	3.7	-0.1	259.7	-69.1	870.6	2298.0	12243.9	3.7	
95.25	169.1	9.7	0.0	0.0	7.5	-0.1	254.4	-46.0	878.3	1804.1	11863.0	7.5	
95.30	171.6	9.5	0.0	0.0	5.9	-0.1	250.5	-41.7	885.8	1580.5	11509.2	5.9	
95.35	174.2	9.3	0.0	0.0	8.7	-0.1	240.6	-44.7	887.5	1448.1	11119.2	8.7	
95.40	176.8	9.4	0.0	0.0	12.3	-0.1	231.8	-30.9	885.4	1236.0	10824.0	12.3	
95.45	179.3	9.6	0.0	0.0	16.0	-0.1	227.9	-14.2	883.4	906.5	10671.3	16.0	
95.50	181.9	9.9	0.0	0.0	14.6	-0.1	232.6	3.5	883.0	472.0	10705.4	14.6	
95.55	184.5	10.0	0.0	0.0	9.2	-0.1	242.8	26.4	884.8	-91.1	10848.7	9.2	
95.60	187.1	9.9	0.0	0.0	9.9	-0.1	245.5	45.3	885.6	-789.5	10879.7	9.9	
95.65	189.7	9.7	0.0	0.0	14.3	-0.1	241.0	64.9	886.6	-1290.7	10772.1	14.3	
95.70	192.2	9.5	0.0	0.0	17.6	-0.1	234.7	81.9	890.0	-1418.5	10591.9	17.6	
95.75	194.8	9.5	0.0	0.0	26.3	-0.1	225.3	80.3	891.4	-1375.0	10374.3	26.3	
95.80	197.4	9.6	0.0	0.0	30.3	-0.1	223.1	73.7	888.5	-1315.0	10360.6	30.3	
95.85	200.0	9.9	0.0	0.0	15.3	-0.1	234.4	73.6	881.8	-1248.8	10658.7	15.3	
95.90	202.6	10.1	0.0	0.0	2.9	-0.1	245.1	74.9	873.4	-1328.2	10953.2	2.9	
95.95	205.2	10.2	0.0	0.0	-0.3	-0.1	253.4	89.7	868.5	-1574.1	11111.1	-0.3	
96.00	207.8	10.0	0.0	0.0	-0.2	-0.1	258.2	114.4	865.8	-1946.3	11161.2	-0.2	
96.05	210.3	9.7	0.0	0.0	1.0	-0.1	255.1	133.7	860.4	-2405.6	11117.5	1.0	
96.10	212.9	9.5	0.0	0.0	3.5	-0.1	251.3	151.6	852.3	-2839.3	11073.0	3.5	
96.15	215.5	9.6	0.0	0.0	7.8	-0.1	249.3	165.2	846.2	-3104.9	10994.4	7.8	
96.20	218.1	9.7	0.0	0.0	9.5	-0.1	248.3	171.0	841.1	-3216.4	10881.8	9.5	
96.25	220.7	9.9	0.0	0.0	5.8	-0.1	246.5	174.0	831.9	-3277.2	10783.0	5.8	
96.30	223.3	10.2	0.0	0.0	5.2	-0.1	241.1	177.3	819.6	-3444.4	10645.7	5.2	
96.35	225.8	10.3	0.0	0.0	13.8	-0.1	233.4	184.0	808.5	-3813.4	10438.2	13.8	
96.40	228.4	10.3	0.0	0.0	19.6	-0.1	227.5	194.1	799.4	-4261.0	10244.7	19.6	
96.45	231.0	10.1	0.0	0.0	20.3	-0.1	223.0	212.3	788.6	-4736.9	10145.9	20.3	
96.50	233.6	10.1	0.0	0.0	22.9	-0.1	219.2	238.1	776.9	-5321.5	10137.6	22.9	
96.55	236.2	10.1	0.0	0.0	28.3	-0.1	219.0	257.8	766.7	-5875.6	10176.4	28.3	
96.60	238.8	10.0	0.0	0.0	26.5	-0.1	225.6	265.5	758.5	-6169.9	10275.4	26.5	
96.65	241.4	9.7	0.0	0.0	19.1	-0.1	232.3	259.5	749.3	-6166.0	10361.2	19.1	
96.70	244.0	9.6	0.0	0.0	14.8	-0.1	235.0	256.3	738.1	-6047.1	10376.2	14.8	
96.75	246.5	9.9	0.0	0.0	21.1	-0.1	233.3	262.4	725.8	-6015.5	10331.6	21.1	
96.80	249.1	10.1	0.0	0.0	25.7	-0.1	232.3	265.3	713.7	-6057.4	10350.4	25.7	
96.85	251.7	10.3	0.0	0.0	19.2	-0.1	237.9	262.7	701.4	-6075.9	10518.8	19.2	
96.90	254.3	10.4	0.0	0.0	13.9	-0.1	246.4	270.3	690.8	-6193.6	10720.2	13.9	
96.95	256.9	10.6	0.0	0.0	25.0	-0.1	246.5	285.5	681.3	-6435.9	10765.2	25.0	
97.00	259.5	10.7	0.0	0.0	37.7	-0.1	243.0	297.8	672.8	-6561.3	10780.7	37.7	
97.05	262.1	10.7	0.0	0.0	40.5	-0.1	241.4	294.5	662.5	-6473.8	10905.7	40.5	
97.10	264.7	10.6	0.0	0.0	40.8	-0.1	243.5	279.4	652.7	-6265.6	11097.3	40.8	
97.15	267.3	10.5	0.0	0.0	41.8	-0.1	250.3	268.3	644.4	-5959.6	11337.3	41.8	
97.20	269.9	10.4	0.0	0.0	43.7	-0.1	255.6	258.3	632.5	-5614.5	11642.8	43.7	
97.25	272.5	10.7	0.0	0.0	47.1	-0.1	257.8	251.2	615.7	-5359.2	12024.3	47.1	
97.30	275.1	10.5	0.0	0.0	56.2	-0.1	261.8	252.9	597.8	-5313.7	12462.8	56.2	
97.35	277.7	10.3	0.0	0.0	65.7	-0.1	269.6	260.4	583.8	-5465.7	12879.5	65.7	
97.40	280.3	10.2	0.0	0.0	68.4	-0.1	282.7	269.0	572.8	-5615.7	13313.1	68.4	
97.45	282.9	10.1	0.0	0.0	68.0	-0.1	294.6	272.8	561.3	-5640.7	13733.6	68.0	
97.50	285.5	9.9	0.0	0.0	72.3	-0.1	303.3	272.2	550.4	-5614.2	14106.9	72.3	
97.55	288.0	9.8	0.0	0.0	73.9	-0.1	313.7	269.5	540.6	-5525.1	14501.8	73.9	
97.60	290.6	9.4	0.0	0.0	72.5	-0.1	323.7	253.8	528.4	-5262.1	14907.0	72.5	
97.65	293.2	9.2	0.0	0.0	70.5	-0.1	334.0	230.6	515.2	-4936.2	15303.4	70.5	
97.70	295.8	9.3	0.0	0.0	76.2	-0.1	342.4	223.2	503.5	-4777.1	15638.2	76.2	
97.75	298.4	9.7	0.0	0.0	86.6	-0.1	344.2	222.5	490.5	-4790.4	15884.5	86.6	
97.80	301.0	9.9	0.0	0.0	94.9	-0.1	342.1	220.5	475.2	-4815.8	16074.4	94.9	
97.85	303.6	10.0	0.0	0.0	97.6	-0.1	343.1	219.3	464.0	-4782.6	16220.4	97.6	
97.90	306.2	9.7	0.0	0.0	104.0	-0.1	344.3	217.9	458.8	-4837.9	16270.8	104.0	
97.95	308.9	9.5	0.0	0.0	110.6	-0.1	343.2	214.0	452.2	-4812.5	16304.9	110.6	
98.00	311.5	9.4	0.0	0.0	108.3	-0.1	343.5	207.5	441.2	-4535.2	16415.5	108.3	
98.05	314.1	9.5	0.0	0.0	105.3	-0.1	345.2	191.9	432.2	-4103.9	16495.0	105.3	
98.10	316.7	9.6	0.0	0.0	99.1	-0.1	351.1	171.2	429.1	-3581.0	16491.5	99.1	
98.15	319.3	9.7	0.0	0.0	84.5	-0.1	359.9	156.0	426.5	-3028.0	16497.4	84.5	
98.20	321.9	10.3	0.0	0.0	78.7	-0.1	358.4	143.2	417.4	-2617.8	16455.7	78.7	
98.25	324.5	10.3	0.0	0.0	80.8	-0.1	349.5	135.7	405.4	-2346.5	16419.1	80.8	
98.30	327.1	10.2	0.0	0.0	81.0	-0.1	343.9	133.4	397.8	-2141.2	16424.9	81.0	
98.35	329.7	10.1	0.0	0.0	77.5	-0.1	342.6	125.2	393.5	-1957.5	16436.1	77.5	
98.40	332.4	9.8	0.0	0.0	65.9	-0.1	345.5	115.8	388.9	-1700.3	16503.1	65.9	
98.45	335.0	9.4	0.0	0.0	63.1	-0.1	343.5	105.4	382.5	-1368.8	16502.4	63.1	
98.50	337.6	9.4	0.0	0.0	65.1	-0.1	339.3	84.2	375.7	-897.5	16456.8	65.1	
98.55	340.2	9.4	0.0	0.0	64.5	-0.1	337.8	58.9	371.2	-290.0	16408.1	64.5	
98.60	342.8	9.5	0.0	0.0	53.9	-0.1	342.6	34.7	367.3	277.9	16435.9	53.9	
98.65	345.4	9.8	0.0	0.0	45.1	-0.1	344.7	19.9	360.1	554.5	16476.3	45.1	
98.70	348.0	9.9	0.0	0.0	37.1	-0.1	347.8	19.1	352.2	618.7	16557.0	37.1	
98.75	350.6	9.7	0.0	0.0	25.0	-0.1	348.1	19.2	349.3	600.9	16486.4	25.0	
98.80	353.2	9.2	0.0	0.0	22.7	-0.1	345.0	11.7	349.9	583.7	16240.9	22.7	
98.85	355.9	9.2	0.0	0.0	18.0	-0.1	338.2	2.1	351.5	660.6	15876.6	18.0	
98.90	358.5	9.2	0.0	0.0	15.2	-0.1	327.7	-9.4	353.8	941.7	15422.5	15.2	
98.95	1.0	9.3	0.0	0.0	9.0	-0.1	319.4	-26.2	352.9	1219.5	15097.2	9.0	
99.00	3.7	9.1	0.0	0.0	0.3	-0.1	318.1	-44.1	352.3	1572.1	14933.0	0.3	
99.05	6.3	9.0	0.0	0.0	-7.4	-0.1	319.7	-58.6	353.1	1894.1	14819.5	-7.4	
99.10	8.9	9.0	0.0	0.0	-14.6	-0.1	318.4	-71.9	353.6	2116.1	14611.1	-14.6	
99.15	11.5	9.0	0.0	0.0	-18.7	-0.1	315.4	-76.5	353.8	2228.9	14364.7	-18.7	
99.20	14.1	9.2	0.0	0.0	-19.3	-0.1	306.8	-76.1	357.6	2226.8	13985.7	-19.3	
99.25	16.8	9.4	0.0	0.0	-12.2	-0.1	291.8	-80.8	366.9	2280.8	13483.3	-12.2	
99.30	19.4	9.7	0.0	0.0	-10.9	-0.1	279.5	-91.7	373.9	2541.4	13096.5	-10.9	
99.35	22.0	9.3	0.0	0.0	-3.0	-0.1	264.4	-105.0	378.9	2902.9	12821.5	-3.0	
99.40	24.6	9.0	0.0	0.0	-2.9	-0.1	260.0	-120.4	380.3	3328.8	12893.7	-2.9	
99.45	27.2	9.3	0.0	0.0	-14.6	-0.1	266.7	-141.3	383.0	3944.6	13209.2	-14.6	
99.50	29.9	9.1	0.0	0.0	-28.7	-0.1	275.2	-166.3	387.6	4542.4	13559.3	-28.7	
99.55	32.5	8.8	0.0	0.0	-33.6	-0.1	284.2	-182.4	390.6	4931.0	13943.7	-33.6	
99.60	35.1	8.7	0.0	0.0	-34.7	-0.1	292.9	-186.9	397.5	5167.6	14303.4	-34.7	
99.65	37.7	8.6	0.0	0.0	-43.4	-0.1	303.2	-191.0	408.3	5359.2	14651.1	-43.4	
99.70	40.3	8.6	0.0	0.0	-54.0	-0.1	315.8	-199.2	421.0	5619.5	14994.8	-54.0	
99.75	42.9	8.8	0.0	0.0	-64.4	-0.1	324.2	-209.6	432.3	5912.2	15257.3	-64.4	
99.80	45.5	9.0	0.0	0.0	-60.6	-0.1	319.1	-223.9	440.4	6217.0	15285.0	-60.6	
99.85	48.1	9.1	0.0	0.0	-55.9	-0.1	307.9	-239.9	446.2	6636.9	15180.8	-55.9	
99.90	50.7	9.1	0.0	0.0	-61.2	-0.1	306.3	-253.5	452.6	7116.5	15183.3	-61.2	
99.95	53.4	8.9	0.0	0.0	-71.3	-0.1	313.1	-267.5	463.6	7487.1	15213.1	-71.3	
100.00	56.0	8.6	0.0	0.0	-82.6	-0.1	322.3	-280.7	479.8	7742.8	15177.7	-82.6	
100.05	58.6	8.3	0.0	0.0	-91.1	-0.1	328.2	-287.1	492.6	7783.8	15143.7	-91.1	
100.10	61.2	8.2	0.0	0.0	-93.3	-0.1	326.5	-280.9	502.4	7605.0	15096.1	-93.3	
100.15	63.8	8.1	0.0	0.0	-91.0	-0.1	320.1	-269.5	515.5	7408.6	14936.3	-91.0	
100.20	66.4	7.9	0.0	0.0	-85.5	-0.1	312.2	-263.9	530.2	7269.8	14692.4	-85.5	
100.25	69.0	7.9	0.0	0.0	-82.1	-0.1	305.3	-267.0	540.3	7229.8	14541.1	-82.1	
100.30	71.7	8.0	0.0	0.0	-82.1	-0.1	297.9	-278.7	546.1	7346.2	14457.2	-82.1	
100.35	74.3	8.1	0.0	0.0	-82.4	-0.1	287.7	-292.3	554.0	7594.2	14255.4	-82.4	
100.40	76.9	8.1	0.0	0.0	-71.6	-0.1	273.3	-298.9	566.0	7806.5	13862.7	-71.6	
100.45	79.5	8.1	0.0	0.0	-59.4	-0.1	261.7	-298.4	578.5	7855.5	13501.9	-59.4	
100.50	82.2	8.2	0.0	0.0	-54.1	-0.1	259.8	-300.0	591.0	7802.6	13353.5	-54.1	
100.55	84.8	8.4	0.0	0.0	-58.5	-0.1	267.2	-298.7	603.3	7586.7	13432.0	-58.5	
100.60	87.4	8.7	0.0	0.0	-66.4	-0.1	278.5	-287.6	617.1	7296.7	13602.7	-66.4	
100.65	90.0	8.7	0.0	0.0	-67.1	-0.1	285.1	-277.5	632.4	7212.4	13692.6	-67.1	
100.70	92.7	8.4	0.0	0.0	-56.0	-0.1	279.5	-283.6	645.5	7390.0	13648.9	-56.0	
100.75	95.3	8.2	0.0	0.0	-44.1	-0.1	269.6	-299.0	656.2	7738.6	13639.6	-44.1	
100.80	97.9	8.0	0.0	0.0	-36.9	-0.1	265.9	-311.0	668.0	8140.4	13745.8	-36.9	
100.85	100.5	7.9	0.0	0.0	-39.4	-0.1	274.2	-322.5	683.8	8564.4	13967.1	-39.4	
100.90	103.1	7.8	0.0	0.0	-58.4	-0.1	293.0	-330.5	702.5	8967.5	14263.9	-58.4	
100.95	105.8	7.7	0.0	0.0	-80.5	-0.1	312.7	-328.2	717.7	9053.0	14574.8	-80.5	
101.00	108.4	7.7	0.0	0.0	-91.5	-0.1	325.3	-311.5	729.8	8808.3	14775.6	-91.5	
101.05	111.0	7.4	0.0	0.0	-91.6	-0.1	329.2	-292.6	741.4	8477.6	14841.5	-91.6	
101.10	113.6	7.4	0.0	0.0	-85.1	-0.1	327.1	-285.4	752.0	8275.2	14821.6	-85.1	
101.15	116.2	7.7	0.0	0.0	-78.2	-0.1	324.8	-288.2	762.9	8328.1	14776.7	-78.2	
101.20	118.8	7.8	0.0	0.0	-75.7	-0.1	322.0	-293.3	776.5	8578.5	14667.3	-75.7	
101.25	121.4	7.8	0.0	0.0	-67.9	-0.1	315.0	-298.7	787.6	8748.8	14530.5	-67.9	
101.30	124.1	7.7	0.0	0.0	-58.4	-0.1	309.9	-295.6	792.4	8677.6	14544.7	-58.4	
101.35	126.7	7.6	0.0	0.0	-57.2	-0.1	313.9	-280.7	794.7	8351.8	14744.2	-57.2	
101.40	129.3	7.5	0.0	0.0	-59.3	-0.1	325.2	-267.7	801.1	7793.7	14930.3	-59.3	
101.45	131.9	7.4	0.0	0.0	-61.9	-0.1	336.5	-239.8	812.8	7024.0	14996.7	-61.9	
101.50	134.5	7.6	0.0	0.0	-51.4	-0.1	332.2	-211.4	825.2	6218.3	14833.2	-51.4	
101.55	137.2	7.9	0.0	0.0	-30.6	-0.1	312.6	-192.4	830.8	5553.8	14497.8	-30.6	
101.60	139.8	8.1	0.0	0.0	-12.2	-0.1	294.0	-186.2	837.8	5234.7	14152.3	-12.2	
101.65	142.4	8.1	0.0	0.0	-2.7	-0.1	285.7	-187.5	849.9	5200.2	13884.3	-2.7	
101.70	145.0	7.8	0.0	0.0	2.4	-0.1	284.2	-199.1	860.7	5271.8	13737.8	2.4	
101.75	147.6	7.6	0.0	0.0	-2.0	-0.1	289.5	-202.0	865.9	5300.9	13820.5	-2.0	
101.80	150.3	7.4	0.0	0.0	-9.1	-0.1	298.4	-182.7	867.8	5007.3	14044.5	-9.1	
101.85	152.9	7.4	0.0	0.0	-7.0	-0.1	304.6	-160.7	873.2	4401.9	14162.3	-7.0	
101.90	155.5	7.3	0.0	0.0	-11.1	-0.1	312.4	-136.6	885.8	3836.8	14175.5	-11.1	
101.95	158.1	7.1	0.0	0.0	-18.5	-0.1	314.4	-114.4	897.8	3398.9	14037.0	-18.5	
102.00	160.7	7.4	0.0	0.0	-9.9	-0.1	299.6	-97.2	902.9	3063.8	13638.5	-9.9	
102.05	163.3	7.0	0.0	0.0	6.2	-0.1	280.2	-83.6	907.2	2998.5	13190.2	6.2	
102.10	165.9	6.4	0.0	0.0	17.1	-0.1	269.1	-86.7	910.9	3255.3	12922.7	17.1	
102.15	168.5	6.4	0.0	0.0	15.6	-0.1	268.9	-99.9	910.0	3581.8	12892.8	15.6	
102.20	171.1	6.4	0.0	0.0	5.6	-0.1	277.0	-100.0	906.7	3692.0	13028.6	5.6	
102.25	173.7	6.5	0.0	0.0	-1.4	-0.1	285.6	-82.9	903.8	3387.1	13187.3	-1.4	
102.30	176.3	6.6	0.0	0.0	-1.8	-0.1	291.3	-58.1	902.7	2823.8	13268.8	-1.8	
102.35	178.9	6.6	0.0	0.0	4.7	-0.1	293.0	-30.2	901.8	2150.6	13243.4	4.7	
102.40	181.5	6.5	0.0	0.0	14.8	-0.1	292.7	-2.3	900.3	1410.2	13165.4	14.8	
102.45	184.1	6.5	0.0	0.0	23.2	-0.1	286.7	20.2	899.4	814.1	12982.1	23.2	
102.50	186.7	6.5	0.0	0.0	24.5	-0.1	279.2	29.8	897.5	544.0	12772.4	24.5	
102.55	189.3	6.6	0.0	0.0	28.0	-0.1	268.8	28.0	894.0	475.5	12486.7	28.0	
102.60	191.9	6.7	0.0	0.0	37.1	-0.1	258.5	30.7	892.7	368.8	12168.7	37.1	
102.65	194.6	7.0	0.0	0.0	40.8	-0.1	251.4	39.5	891.7	113.6	11910.6	40.8	
102.70	197.2	7.5	0.0	0.0	36.6	-0.1	249.9	51.1	885.8	-427.1	11823.1	36.6	
102.75	199.8	8.1	0.0	0.0	27.4	-0.1	254.8	76.1	882.1	-1242.4	11860.5	27.4	
102.80	202.4	8.1	0.0	0.0	25.5	-0.1	261.6	111.0	885.2	-2151.1	11876.0	25.5	
102.85	205.1	8.0	0.0	0.0	32.2	-0.1	260.7	137.7	887.9	-2916.9	11763.7	32.2	
102.90	207.7	8.0	0.0	0.0	36.8	-0.1	257.2	155.1	883.5	-3436.7	11695.7	36.8	
102.95	210.3	8.2	0.0	0.0	34.3	-0.1	257.0	164.7	877.8	-3721.8	11716.9	34.3	
103.00	212.9	8.4	0.0	0.0	29.7	-0.1	257.8	159.3	875.5	-3771.0	11703.1	29.7	
103.05	215.6	8.6	0.0	0.0	22.0	-0.1	262.5	154.7	872.5	-3602.3	11720.7	22.0	
103.10	218.2	8.7	0.0	0.0	17.1	-0.1	266.9	156.5	863.4	-3480.2	11782.4	17.1	
103.15	220.8	8.7	0.0	0.0	21.1	-0.1	265.6	165.9	850.2	-3634.8	11806.0	21.1	
103.20	223.4	8.7	0.0	0.0	22.6	-0.1	265.3	186.7	839.3	-4014.0	11843.7	22.6	
103.25	226.0	8.6	0.0	0.0	21.6	-0.1	264.1	210.2	829.2	-4507.6	11835.5	21.6	
103.30	228.6	8.5	0.0	0.0	27.4	-0.1	256.6	229.1	817.2	-4926.0	11653.4	27.4	
103.35	231.2	8.5	0.0	0.0	38.6	-0.1	243.9	245.0	805.3	-5122.0	11286.6	38.6	
103.40	233.8	8.5	0.0	0.0	51.8	-0.1	228.9	246.9	793.6	-5133.7	10842.2	51.8	
103.45	236.5	8.7	0.0	0.0	50.0	-0.1	220.7	234.2	782.1	-4948.9	10548.1	50.0	
103.50	239.1	8.9	0.0	0.0	35.2	-0.1	223.6	221.6	770.7	-4573.6	10489.8	35.2	
103.55	241.7	8.8	0.0	0.0	26.0	-0.1	228.8	212.2	757.6	-4288.3	10512.8	26.0	
103.60	244.3	8.3	0.0	0.0	25.8	-0.1	231.6	208.4	742.1	-4228.6	10557.8	25.8	
103.65	246.9	7.9	0.0	0.0	23.5	-0.1	236.7	224.3	727.6	-4394.8	10704.8	23.5	
103.70	249.5	8.2	0.0	0.0	24.9	-0.1	238.8	245.3	714.7	-4822.8	10867.2	24.9	
103.75	252.2	8.3	0.0	0.0	33.9	-0.1	238.7	263.6	703.1	-5343.6	10999.3	33.9	
103.80	254.8	8.5	0.0	0.0	39.6	-0.1	242.0	277.5	694.4	-5644.5	11144.5	39.6	
103.85	257.4	8.6	0.0	0.0	40.9	-0.1	247.7	279.6	689.0	-5697.5	11282.6	40.9	
103.90	260.0	8.9	0.0	0.0	36.0	-0.1	255.7	271.5	683.8	-5554.4	11464.1	36.0	
103.95	262.6	9.0	0.0	0.0	23.8	-0.1	268.5	268.3	675.4	-5388.2	11815.8	23.8	
104.00	265.3	9.0	0.0	0.0	19.3	-0.1	276.7	259.1	662.5	-5379.0	12199.0	19.3	
104.05	267.9	9.3	0.0	0.0	25.1	-0.1	276.8	248.6	645.0	-5508.8	12484.1	25.1	
104.10	270.5	9.7	0.0	0.0	33.6	-0.1	276.5	260.4	628.6	-5803.7	12682.5	33.6	
104.15	273.1	10.0	0.0	0.0	49.7	-0.1	273.6	283.0	616.0	-6374.9	12737.5	49.7	
104.20	275.7	10.0	0.0	0.0	63.0	-0.1	273.7	300.3	605.1	-6957.6	12821.5	63.0	
104.25	278.3	9.9	0.0	0.0	61.8	-0.1	280.5	303.8	593.0	-7215.9	13073.7	61.8	
104.30	281.0	9.7	0.0	0.0	61.3	-0.1	282.9	294.8	580.2	-7201.5	13209.4	61.3	
104.35	283.5	9.9	0.0	0.0	68.6	-0.1	282.3	291.1	569.8	-7004.7	13152.5	68.6	
104.40	286.1	9.9	0.0	0.0	73.3	-0.1	280.2	288.4	558.3	-6623.5	13070.1	73.3	
104.45	288.7	9.9	0.0	0.0	77.8	-0.1	278.3	267.5	543.5	-6176.8	13120.3	77.8	
104.50	291.3	9.8	0.0	0.0	77.2	-0.1	282.5	244.9	529.1	-5802.0	13318.1	77.2	
104.55	293.9	9.6	0.0	0.0	76.1	-0.1	291.5	238.2	516.6	-5648.0	13547.9	76.1	
104.60	296.5	9.4	0.0	0.0	80.2	-0.1	298.3	240.6	505.8	-5610.5	13721.6	80.2	
104.65	299.2	9.1	0.0	0.0	76.3	-0.1	306.9	243.1	496.0	-5441.4	13961.2	76.3	
104.70	301.8	9.3	0.0	0.0	70.6	-0.1	318.7	235.7	490.1	-5102.3	14284.2	70.6	
104.75	304.4	9.3	0.0	0.0	65.4	-0.1	330.8	215.7	484.1	-4653.0	14650.7	65.4	
104.80	307.0	8.8	0.0	0.0	56.3	-0.1	342.3	193.2	475.8	-3965.7	15028.8	56.3	
104.85	309.6	8.9	0.0	0.0	49.8	-0.1	346.1	168.2	463.8	-3145.4	15309.1	49.8	
104.90	312.3	9.2	0.0	0.0	55.9	-0.1	339.9	146.6	451.7	-2484.1	15401.2	55.9	
104.95	314.9	9.7	0.0	0.0	64.9	-0.1	333.5	136.8	442.0	-2070.3	15428.3	64.9	
105.00	317.5	9.7	0.0	0.0	66.7	-0.1	333.5	133.8	431.2	-1909.8	15529.4	66.7	
105.05	320.1	9.8	0.0	0.0	60.7	-0.1	339.2	134.9	419.6	-1931.2	15703.0	60.7	
105.10	322.7	10.0	0.0	0.0	48.9	-0.1	351.7	141.1	411.9	-1962.5	15982.0	48.9	
105.15	325.4	9.6	0.0	0.0	43.6	-0.1	359.9	141.8	405.7	-2001.3	16256.8	43.6	
105.20	328.0	9.6	0.0	0.0	52.0	-0.1	362.7	136.1	395.8	-1901.1	16542.5	52.0	
105.25	330.6	9.9	0.0	0.0	58.4	-0.1	360.9	124.4	384.0	-1754.7	16674.9	58.4	
105.30	333.2	10.0	0.0	0.0	66.9	-0.1	351.8	105.9	378.0	-1599.3	16482.2	66.9	
105.35	335.8	9.8	0.0	0.0	67.1	-0.1	344.5	86.3	377.1	-1360.0	16209.6	67.1	
105.40	338.5	9.6	0.0	0.0	67.1	-0.1	340.3	74.1	372.7	-1272.8	16078.0	67.1	
105.45	341.1	10.0	0.0	0.0	66.7	-0.1	339.1	73.0	363.3	-1406.9	16090.4	66.7	
105.50	343.7	10.1	0.0	0.0	63.2	-0.1	340.4	76.2	355.9	-1678.8	16102.5	63.2	
105.55	346.3	10.2	0.0	0.0	53.5	-0.1	343.3	72.7	355.7	-1796.1	15994.0	53.5	
105.60	348.9	10.5	0.0	0.0	42.5	-0.1	343.9	63.0	358.7	-1616.4	15741.3	42.5	
105.65	351.5	10.8	0.0	0.0	40.4	-0.1	336.7	48.6	361.6	-1249.5	15363.2	40.4	
105.70	354.1	11.0	0.0	0.0	50.2	-0.1	321.9	28.1	362.1	-785.0	14882.6	50.2	
105.75	356.7	11.2	0.0	0.0	50.5	-0.1	314.1	6.2	363.5	-253.3	14577.9	50.5	
105.80	359.3	11.0	0.0	0.0	28.7	-0.1	319.0	-15.7	369.3	440.9	14517.6	28.7	
105.85	1.9	10.7	0.0	0.0	6.7	-0.1	330.0	-35.7	372.2	1063.9	14698.0	6.7	
105.90	4.6	10.9	0.0	0.0	-8.0	-0.1	339.0	-48.3	370.4	1607.4	14967.5	-8.0	
105.95	7.2	11.0	0.0	0.0	-12.0	-0.1	342.1	-57.7	368.6	2071.7	15170.4	-12.0	
106.00	9.8	11.0	0.0	0.0	-13.9	-0.1	342.4	-75.3	368.5	2518.2	15265.5	-13.9	
106.05	12.4	10.8	0.0	0.0	-14.6	-0.1	334.6	-92.2	373.4	3054.5	15131.8	-14.6	
106.10	15.1	10.8	0.0	0.0	-11.4	-0.1	322.0	-106.8	376.3	3659.7	14902.8	-11.4	
106.15	17.7	11.1	0.0	0.0	-6.6	-0.1	310.1	-126.7	375.4	4244.1	14771.2	-6.6	
106.20	20.3	11.7	0.0	0.0	-3.4	-0.1	305.1	-145.6	375.8	4829.2	14810.2	-3.4	
106.25	22.9	11.9	0.0	0.0	-15.3	-0.1	315.2	-163.3	377.2	5377.4	15186.1	-15.3	
106.30	25.6	12.1	0.0	0.0	-26.1	-0.1	328.5	-184.1	377.1	5764.8	15670.3	-26.1	
106.35	28.2	12.3	0.0	0.0	-33.9	-0.1	338.4	-192.7	378.3	5977.7	16066.2	-33.9	
106.40	30.8	12.0	0.0	0.0	-37.4	-0.1	343.5	-192.6	383.8	6107.1	16313.9	-37.4	
106.45	33.4	12.0	0.0	0.0	-35.0	-0.1	346.5	-197.8	389.3	6169.0	16525.8	-35.0	
106.50	36.0	12.1	0.0	0.0	-37.3	-0.1	353.7	-206.6	398.3	6327.5	16746.8	-37.3	
106.55	38.6	12.2	0.0	0.0	-40.0	-0.1	361.1	-218.1	410.8	6481.8	16918.4	-40.0	
106.60	41.2	12.1	0.0	0.0	-36.4	-0.1	363.4	-230.1	421.0	6497.1	17061.5	-36.4	
106.65	43.8	11.8	0.0	0.0	-43.1	-0.1	371.4	-235.6	428.5	6576.4	17384.0	-43.1	
106.70	46.4	11.8	0.0	0.0	-48.2	-0.1	382.6	-242.6	437.8	6707.5	17721.5	-48.2	
106.75	49.0	11.5	0.0	0.0	-44.4	-0.1	391.2	-253.7	451.1	6736.4	17904.1	-44.4	
106.80	51.7	11.3	0.0	0.0	-41.0	-0.1	395.6	-255.9	466.6	6679.2	17994.4	-41.0	
106.85	54.3	11.2	0.0	0.0	-46.1	-0.1	397.2	-258.3	478.4	6655.9	18118.7	-46.1	
106.90	56.9	11.1	0.0	0.0	-46.5	-0.1	392.4	-263.8	488.6	6662.8	18132.6	-46.5	
106.95	59.5	11.0	0.0	0.0	-47.7	-0.1	387.7	-258.4	503.3	6688.3	18079.4	-47.7	
107.00	62.1	10.8	0.0	0.0	-52.6	-0.1	386.4	-254.7	517.5	6748.8	18076.5	-52.6	
107.05	64.7	11.1	0.0	0.0	-60.2	-0.1	385.3	-265.5	526.1	6901.8	18107.4	-60.2	
107.10	67.3	11.5	0.0	0.0	-78.0	-0.1	385.6	-278.0	535.0	7267.1	18059.5	-78.0	
107.15	69.9	11.9	0.0	0.0	-89.9	-0.1	380.2	-288.6	547.6	7650.1	17713.8	-89.9	
107.20	72.6	11.7	0.0	0.0	-87.1	-0.1	363.1	-299.1	561.1	7993.1	17045.8	-87.1	
107.25	75.2	11.7	0.0	0.0	-79.4	-0.1	339.8	-305.0	573.8	8321.3	16331.9	-79.4	
107.30	77.8	11.8	0.0	0.0	-68.5	-0.1	313.8	-316.9	581.6	8586.8	15750.2	-68.5	
107.35	80.4	11.7	0.0	0.0	-57.7	-0.1	292.8	-321.2	590.1	8744.4	15332.0	-57.7	
107.40	83.1	11.7	0.0	0.0	-56.5	-0.1	283.2	-319.0	602.1	8910.9	15105.6	-56.5	
107.45	85.7	11.6	0.0	0.0	-58.8	-0.1	278.9	-323.3	614.0	9121.0	14961.0	-58.8	
107.50	88.3	11.5	0.0	0.0	-65.9	-0.1	282.0	-333.1	625.0	9411.9	14945.1	-65.9	
107.55	90.9	11.4	0.0	0.0	-78.3	-0.1	288.1	-340.6	639.2	9689.0	14991.6	-78.3	
107.60	93.6	11.3	0.0	0.0	-85.9	-0.1	294.6	-344.4	653.7	9840.0	15079.6	-85.9	
107.65	96.2	10.7	0.0	0.0	-93.8	-0.1	304.6	-340.6	666.5	9917.2	15283.5	-93.8	
107.70	98.8	10.5	0.0	0.0	-104.7	-0.1	318.4	-338.5	679.4	10018.3	15561.3	-104.7	
107.75	101.4	10.4	0.0	0.0	-113.2	-0.1	331.0	-341.3	692.8	9993.4	15756.3	-113.2	
107.80	104.0	10.7	0.0	0.0	-112.7	-0.1	340.4	-332.2	706.0	9744.8	15827.6	-112.7	
107.85	106.6	10.9	0.0	0.0	-102.8	-0.1	341.1	-314.3	715.8	9285.0	15780.6	-102.8	
107.90	109.3	11.1	0.0	0.0	-89.3	-0.1	337.0	-305.1	722.3	8844.3	15709.2	-89.3	
107.95	111.9	11.1	0.0	0.0	-86.3	-0.1	339.8	-299.9	734.2	8557.4	15684.0	-86.3	
108.00	114.5	11.2	0.0	0.0	-80.6	-0.1	343.8	-288.4	750.7	8196.3	15623.1	-80.6	
108.05	117.1	11.3	0.0	0.0	-65.4	-0.1	340.6	-277.3	763.8	7673.7	15521.3	-65.4	
108.10	119.7	11.2	0.0	0.0	-54.9	-0.1	333.7	-264.9	771.6	7207.8	15450.8	-54.9	
108.15	122.4	11.2	0.0	0.0	-44.7	-0.1	326.8	-252.2	779.6	6810.2	15326.9	-44.7	
108.20	125.0	11.4	0.0	0.0	-28.8	-0.1	319.5	-242.0	791.2	6375.2	15044.2	-28.8	
108.25	127.6	11.8	0.0	0.0	-19.8	-0.1	313.1	-229.6	805.1	5975.5	14714.3	-19.8	
108.30	130.3	11.9	0.0	0.0	-11.2	-0.1	302.8	-217.0	815.9	5627.3	14393.4	-11.2	
108.35	132.9	11.7	0.0	0.0	-4.3	-0.1	289.7	-207.6	822.6	5287.3	14074.3	-4.3	
108.40	135.5	11.5	0.0	0.0	-3.1	-0.1	283.5	-197.2	835.4	5083.8	13799.7	-3.1	
108.45	138.2	11.4	0.0	0.0	-7.7	-0.1	284.3	-189.8	852.8	5025.7	13574.3	-7.7	
108.50	140.8	11.4	0.0	0.0	-13.0	-0.1	285.2	-192.8	865.2	5041.4	13387.3	-13.0	
108.55	143.4	11.5	0.0	0.0	-27.5	-0.1	287.6	-189.6	872.3	5130.5	13263.7	-27.5	
108.60	146.1	11.6	0.0	0.0	-37.7	-0.1	286.0	-182.0	878.8	5157.8	13071.8	-37.7	
108.65	148.7	11.8	0.0	0.0	-29.9	-0.1	273.7	-182.8	884.6	5128.7	12677.4	-29.9	
108.70	151.3	11.9	0.0	0.0	-23.5	-0.1	261.9	-179.7	891.1	5209.9	12252.1	-23.5	
108.75	154.0	11.8	0.0	0.0	-22.4	-0.1	253.4	-169.5	894.5	5201.8	11877.1	-22.4	
108.80	156.6	11.6	0.0	0.0	-16.8	-0.1	245.9	-156.1	895.4	4962.4	11558.1	-16.8	
108.85	159.2	11.5	0.0	0.0	-18.4	-0.1	246.5	-137.8	899.0	4720.5	11407.8	-18.4	
108.90	161.8	11.3	0.0	0.0	-23.0	-0.1	247.7	-129.4	905.2	4614.4	11275.9	-23.0	
108.95	164.4	11.3	0.0	0.0	-22.2	-0.1	243.1	-120.9	906.2	4433.7	11105.6	-22.2	
109.00	167.1	11.2	0.0	0.0	-11.3	-0.1	235.7	-96.1	902.5	4033.0	10980.1	-11.3	
109.05	169.7	10.8	0.0	0.0	2.0	-0.1	231.2	-74.2	899.6	3520.6	10938.5	2.0	
109.10	172.3	10.8	0.0	0.0	3.1	-0.1	238.3	-69.9	900.1	3066.2	11095.9	3.1	
109.15	174.9	11.0	0.0	0.0	-3.1	-0.1	251.9	-63.6	901.3	2620.4	11386.4	-3.1	
109.20	177.6	11.4	0.0	0.0	-0.2	-0.1	262.6	-44.2	898.4	1983.4	11695.8	-0.2	
109.25	180.2	11.5	0.0	0.0	9.5	-0.1	266.5	-17.2	893.9	1208.5	11916.8	9.5	
109.30	182.8	11.5	0.0	0.0	5.1	-0.1	273.9	7.9	895.6	552.5	12126.1	5.1	
109.35	185.4	11.6	0.0	0.0	-3.8	-0.1	282.0	23.2	900.9	-29.8	12279.0	-3.8	
109.40	188.1	11.7	0.0	0.0	4.6	-0.1	278.5	36.6	902.2	-640.4	12216.7	4.6	
109.45	190.7	11.6	0.0	0.0	27.2	-0.1	267.3	54.9	899.9	-1196.1	12002.5	27.2	
109.50	193.3	11.3	0.0	0.0	39.6	-0.1	256.8	70.9	898.6	-1631.2	11784.5	39.6	
109.55	196.0	11.4	0.0	0.0	33.6	-0.1	254.6	86.3	901.5	-1952.9	11717.5	33.6	
109.60	198.6	11.4	0.0	0.0	28.5	-0.1	262.3	103.6	906.3	-2301.0	11837.3	28.5	
109.65	201.2	11.3	0.0	0.0	30.7	-0.1	270.8	109.5	907.0	-2705.7	12002.9	30.7	
109.70	203.9	11.4	0.0	0.0	24.3	-0.1	281.5	115.6	904.9	-2961.6	12227.2	24.3	
109.75	206.5	11.4	0.0	0.0	9.6	-0.1	290.9	132.2	903.4	-3045.2	12427.6	9.6	
109.80	209.1	11.3	0.0	0.0	8.1	-0.1	287.0	144.6	900.1	-3144.4	12379.5	8.1	
109.85	211.8	11.3	0.0	0.0	22.0	-0.1	273.5	150.2	892.6	-3247.0	12139.0	22.0	
109.90	214.4	11.3	0.0	0.0	30.2	-0.1	263.1	156.1	883.7	-3238.3	11931.6	30.2	
109.95	217.0	11.2	0.0	0.0	34.5	-0.1	253.7	158.4	874.5	-3184.6	11740.6	34.5	
