Time[s]	Rotor azimuth angle[deg]	Hub wind speed magnitude[m/s]	ACTTORQUE1[Nm]	PITRAT1[deg/s]	PITFRIC1[kNm]	PITCH1[deg]	Blade root 1 Fx[KN]	Blade root 1 Fy[KN]	Blade root 1 Fz[KN]	Blade root 1 Mx[kNm]	Blade root 1 My[kNm]	Blade root 1 Mz[kNm]	
END_OF_HEADER
50.00	296.4	13.1	95.0	0.9	-239.1	7.1	344.8	179.6	568.8	-1798.7	15287.9	85.1	
50.05	299.1	13.0	99.9	1.0	-239.5	7.2	334.4	176.9	552.8	-1915.5	15350.1	95.7	
50.10	301.9	13.2	99.9	1.0	-238.7	7.2	325.7	171.7	537.9	-1900.8	15328.4	102.6	
50.15	304.6	13.6	97.9	0.9	-238.4	7.2	328.6	169.9	531.3	-1908.0	15307.7	104.0	
50.20	307.3	13.5	96.0	0.9	-239.1	7.3	336.7	159.4	525.2	-1823.0	15368.1	98.2	
50.25	310.1	13.1	95.8	0.9	-241.5	7.3	344.0	145.5	511.4	-1641.0	15580.3	86.6	
50.30	312.8	12.4	96.8	0.9	-244.4	7.4	348.2	140.3	494.1	-1620.2	15806.6	78.7	
50.35	315.5	12.3	94.9	1.0	-244.7	7.4	348.3	141.4	480.5	-1852.3	15814.4	76.5	
50.40	318.2	12.0	91.3	1.0	-241.8	7.5	343.9	146.2	470.9	-2186.5	15564.9	74.1	
50.45	320.9	11.6	90.4	0.9	-236.2	7.5	334.0	148.0	461.7	-2501.7	15117.3	74.6	
50.50	323.6	10.8	89.5	1.0	-228.2	7.6	318.7	146.8	452.0	-2696.1	14518.7	78.2	
50.55	326.4	10.6	86.3	1.0	-217.9	7.6	301.8	140.3	448.0	-2636.0	13791.0	77.5	
50.60	329.1	10.7	84.5	1.0	-207.6	7.7	287.1	125.6	446.0	-2427.0	13096.8	72.8	
50.65	331.8	10.8	81.8	1.2	-199.4	7.7	275.6	107.2	440.3	-2080.8	12587.2	65.8	
50.70	334.5	10.7	73.3	1.2	-193.8	7.8	270.6	85.1	434.0	-1562.5	12277.6	49.1	
50.75	337.3	10.6	62.4	1.2	-190.7	7.8	273.1	62.4	431.9	-982.6	12109.6	26.9	
50.80	340.0	10.4	56.1	1.1	-189.5	7.9	278.9	47.3	430.9	-539.4	12037.8	12.9	
50.85	342.7	10.7	55.4	1.1	-188.5	8.0	282.2	38.5	428.7	-235.6	11972.7	7.1	
50.90	345.5	10.8	53.2	1.1	-187.0	8.0	282.6	28.9	427.6	130.6	11862.5	-0.9	
50.95	348.2	10.9	46.1	0.9	-185.3	8.1	281.1	14.9	428.0	596.6	11725.9	-10.6	
51.00	351.0	11.2	42.0	0.7	-182.6	8.1	273.5	2.8	428.0	1083.7	11512.3	-8.3	
51.05	353.7	11.0	45.2	0.4	-179.5	8.1	259.7	-15.3	424.7	1672.1	11245.1	6.9	
51.10	356.5	10.6	48.6	0.3	-178.8	8.1	249.7	-46.3	418.8	2420.0	11072.8	11.7	
51.15	359.3	10.7	48.1	0.1	-180.5	8.2	247.5	-75.1	416.1	3201.6	11000.2	1.7	
51.20	2.0	10.8	47.4	0.0	-183.0	8.2	250.5	-88.9	418.4	3725.6	11009.2	-7.2	
51.25	4.7	10.9	-58.3	-0.1	184.8	8.2	251.8	-93.3	418.3	3874.9	11087.8	-4.1	
51.30	7.5	11.5	-58.4	-0.2	188.7	8.2	257.7	-100.2	414.1	3961.7	11349.7	0.7	
51.35	10.2	11.8	-63.5	-0.3	195.4	8.1	271.8	-109.8	413.8	4116.1	11782.1	-8.6	
51.40	13.0	11.8	-70.9	-0.4	200.9	8.1	284.8	-115.8	421.2	4174.8	12155.7	-22.1	
51.45	15.7	11.2	-76.2	-0.6	205.7	8.1	295.2	-119.0	428.4	4207.4	12491.4	-28.2	
51.50	18.5	11.6	-75.7	-0.8	211.1	8.1	302.1	-134.2	431.3	4443.5	12797.6	-25.6	
51.55	21.2	12.1	-75.7	-0.9	217.9	8.0	311.7	-167.1	434.3	4961.7	13083.3	-28.5	
51.60	23.9	12.6	-78.7	-1.0	224.6	8.0	324.0	-198.4	443.5	5519.1	13320.6	-37.2	
51.65	26.7	12.7	-79.5	-1.0	228.4	7.9	331.6	-208.9	454.5	5736.6	13492.1	-42.8	
51.70	29.4	12.6	-78.6	-1.0	229.1	7.9	330.7	-202.5	462.5	5631.1	13597.3	-44.2	
51.75	32.2	12.3	-78.6	-1.0	228.7	7.8	325.3	-205.4	465.6	5472.6	13636.6	-43.0	
51.80	34.9	12.4	-77.7	-1.0	228.7	7.8	325.1	-215.3	474.2	5403.6	13646.3	-37.8	
51.85	37.7	12.9	-78.5	-1.0	231.2	7.7	337.5	-213.8	493.5	5520.7	13753.5	-36.5	
51.90	40.4	13.6	-79.6	-1.0	232.7	7.7	343.4	-216.2	510.1	5671.4	13781.7	-36.6	
51.95	43.2	13.6	-78.2	-1.0	234.3	7.6	336.5	-234.1	515.9	5978.7	13760.7	-35.3	
52.00	46.0	14.0	-76.8	-0.9	237.4	7.6	327.9	-260.1	523.1	6706.4	13650.2	-41.7	
52.05	48.7	14.2	-77.4	-0.8	240.9	7.5	325.0	-288.3	536.9	7476.2	13482.6	-41.5	
52.10	51.5	14.2	-85.6	-0.8	244.4	7.5	326.9	-303.0	552.0	8065.6	13400.1	-44.2	
52.15	54.3	14.3	-94.6	-0.9	249.5	7.4	329.9	-307.9	558.7	8517.8	13551.7	-57.9	
52.20	57.1	14.4	-93.8	-1.0	251.6	7.4	322.7	-317.1	559.0	8674.0	13635.2	-61.6	
52.25	59.9	14.2	-90.2	-1.1	250.4	7.3	313.7	-318.1	566.5	8739.2	13493.7	-52.9	
52.30	62.6	13.9	-84.4	-1.1	247.7	7.3	304.7	-315.9	583.5	8886.6	13165.2	-33.2	
52.35	65.4	13.8	-78.5	-1.2	248.1	7.2	296.7	-325.3	596.3	9185.0	12980.8	-17.8	
52.40	68.2	13.9	-79.0	-1.1	253.9	7.2	297.2	-333.5	606.5	9679.8	13128.0	-23.3	
52.45	71.0	13.8	-80.0	-1.0	261.7	7.1	306.0	-351.8	619.7	10188.9	13407.0	-33.4	
52.50	73.8	13.5	-85.8	-0.8	270.0	7.1	320.9	-378.8	636.8	10706.0	13665.4	-45.1	
52.55	76.6	13.3	-102.3	-0.8	278.5	7.0	338.6	-393.9	653.3	11203.1	13993.7	-71.0	
52.60	79.3	13.1	-112.0	-1.0	283.9	7.0	348.0	-397.4	662.8	11350.7	14353.6	-80.6	
52.65	82.1	12.8	-113.0	-1.2	286.4	6.9	356.1	-386.9	673.6	11170.8	14730.2	-76.9	
52.70	84.9	12.6	-109.8	-1.2	288.6	6.9	372.0	-371.1	691.3	10860.0	15156.5	-78.7	
52.75	87.7	12.7	-103.2	-1.1	290.4	6.8	387.1	-366.1	709.9	10536.0	15503.1	-80.8	
52.80	90.5	12.9	-103.8	-0.9	291.9	6.8	397.5	-366.9	726.2	10290.5	15763.0	-86.0	
52.85	93.2	13.1	-108.8	-0.9	293.1	6.7	402.5	-364.5	742.9	10170.8	15919.4	-89.1	
52.90	96.0	13.7	-109.8	-0.9	292.6	6.7	399.0	-361.8	759.7	10069.9	15946.1	-84.3	
52.95	98.8	13.9	-108.7	-0.9	292.3	6.6	394.4	-361.7	774.0	9946.8	15988.4	-78.9	
53.00	101.6	13.8	-102.8	-0.8	291.9	6.6	391.5	-363.3	783.0	9663.5	16121.6	-66.3	
53.05	104.4	13.7	-98.4	-0.8	290.1	6.6	389.6	-355.4	791.8	9209.1	16245.5	-53.7	
53.10	107.2	13.6	-104.5	-0.9	288.4	6.5	393.8	-335.3	805.0	8692.2	16408.7	-54.3	
53.15	110.0	13.4	-110.0	-1.2	287.8	6.5	402.3	-316.7	821.7	8266.9	16574.2	-57.1	
53.20	112.8	13.1	-103.5	-1.3	287.3	6.4	409.0	-302.4	837.9	7963.4	16677.0	-52.1	
53.25	115.6	13.0	-91.0	-1.2	286.3	6.3	409.9	-292.7	852.9	7723.7	16707.5	-42.9	
53.30	118.4	12.9	-86.1	-1.0	284.8	6.3	405.1	-291.2	867.0	7548.6	16667.3	-35.8	
53.35	121.2	12.9	-93.1	-1.0	285.1	6.2	401.7	-299.2	881.5	7625.2	16644.9	-32.5	
53.40	124.0	12.7	-105.5	-1.2	287.3	6.2	401.6	-304.1	898.2	7986.2	16631.8	-42.1	
53.45	126.9	12.7	-107.5	-1.5	288.9	6.1	401.1	-304.3	911.0	8245.1	16626.9	-44.4	
53.50	129.7	12.9	-97.5	-1.6	289.5	6.0	400.0	-304.3	919.7	8287.5	16658.8	-35.3	
53.55	132.5	12.5	-88.3	-1.4	291.0	6.0	402.2	-301.4	930.4	8325.1	16756.2	-33.1	
53.60	135.3	12.1	-88.1	-1.2	292.8	5.9	405.3	-296.7	940.4	8345.1	16888.9	-33.0	
53.65	138.1	12.1	-97.4	-1.3	294.1	5.8	409.3	-282.8	951.2	8285.9	17037.6	-35.9	
53.70	140.9	12.1	-102.0	-1.4	296.7	5.8	419.7	-258.2	964.1	8202.9	17301.3	-38.0	
53.75	143.7	12.1	-100.2	-1.4	302.7	5.7	436.3	-243.2	973.7	8156.6	17786.2	-47.0	
53.80	146.6	12.0	-103.0	-1.3	309.8	5.6	452.6	-249.1	978.1	8155.7	18320.2	-57.0	
53.85	149.4	12.1	-113.9	-1.3	314.4	5.6	465.1	-255.9	985.5	8209.2	18629.1	-66.9	
53.90	152.2	12.3	-120.0	-1.6	312.4	5.5	462.3	-249.6	993.9	8179.1	18485.6	-66.5	
53.95	155.0	12.5	-112.5	-1.9	304.7	5.4	444.4	-229.3	994.4	7901.9	18054.9	-48.1	
54.00	157.8	12.9	-94.5	-1.9	296.4	5.3	427.8	-200.5	991.0	7350.6	17696.3	-26.2	
54.05	160.7	13.0	-75.1	-1.5	289.8	5.2	423.1	-178.2	990.7	6534.6	17522.6	-10.6	
54.10	163.5	12.7	-70.1	-1.1	284.4	5.2	427.2	-156.5	992.4	5518.0	17450.0	-5.8	
54.15	166.4	12.5	-79.2	-1.0	277.7	5.1	426.9	-125.4	994.1	4529.9	17236.6	-9.4	
54.20	169.2	12.5	-84.8	-1.2	266.4	5.1	409.5	-94.1	996.0	3690.6	16629.7	-1.7	
54.25	172.0	12.9	-77.7	-1.4	250.9	5.0	380.2	-71.1	1002.3	3020.8	15669.7	14.2	
54.30	174.9	13.0	-60.2	-1.5	234.0	4.9	347.5	-61.8	1012.8	2493.7	14557.5	32.8	
54.35	177.7	13.4	-42.2	-1.3	218.0	4.8	313.3	-56.7	1015.8	1915.3	13523.7	52.0	
54.40	180.6	14.2	-36.6	-1.2	207.5	4.8	289.0	-34.8	1009.7	1197.3	12893.0	67.3	
54.45	183.4	14.3	-45.4	-1.3	206.0	4.7	289.8	-3.5	1006.6	553.2	12825.8	61.2	
54.50	186.3	14.2	-53.9	-1.4	211.9	4.7	313.6	19.4	1011.6	14.6	13206.9	38.9	
54.55	189.2	13.9	-53.6	-1.3	220.7	4.6	341.6	38.1	1017.6	-639.4	13767.4	20.7	
54.60	192.0	14.2	-53.1	-1.0	227.7	4.5	358.3	59.2	1021.1	-1211.1	14203.4	13.7	
54.65	194.9	14.6	-64.6	-1.0	230.9	4.5	363.8	71.9	1024.7	-1444.5	14402.6	9.1	
54.70	197.8	15.1	-79.7	-1.4	231.0	4.4	364.9	74.4	1032.2	-1417.9	14402.4	7.6	
54.75	200.6	15.3	-78.2	-1.8	231.2	4.3	368.7	73.3	1037.4	-1280.8	14412.9	11.7	
54.80	203.5	15.3	-61.7	-1.7	232.5	4.3	372.0	69.2	1030.8	-1171.9	14520.4	13.4	
54.85	206.4	15.3	-47.4	-1.4	232.7	4.2	366.2	71.9	1016.0	-1245.1	14553.8	25.1	
54.90	209.3	15.1	-48.0	-1.1	229.7	4.1	350.1	90.9	1004.1	-1545.8	14342.1	35.8	
54.95	212.1	15.1	-52.1	-1.2	225.1	4.1	332.6	110.7	996.9	-1851.2	13992.3	48.4	
55.00	215.0	15.2	-51.7	-1.3	221.6	4.0	322.8	127.0	992.6	-2020.8	13717.0	56.5	
55.05	217.9	14.8	-47.7	-1.2	220.4	3.9	319.6	143.0	989.9	-2155.5	13593.5	55.3	
55.10	220.8	14.5	-44.1	-1.1	220.9	3.9	317.4	160.3	985.1	-2359.7	13582.8	53.8	
55.15	223.7	14.4	-45.8	-1.0	222.3	3.8	317.1	167.1	976.3	-2512.2	13662.4	54.7	
55.20	226.5	14.6	-50.4	-1.1	224.6	3.8	320.5	173.2	963.6	-2577.0	13818.5	57.1	
55.25	229.4	15.2	-52.8	-1.2	228.0	3.7	327.7	179.1	949.8	-2673.0	14047.0	60.9	
55.30	232.3	15.8	-51.8	-1.3	232.5	3.6	336.3	185.8	937.2	-2914.4	14328.2	61.2	
55.35	235.2	15.3	-48.2	-1.2	237.4	3.6	344.3	195.8	927.0	-3267.1	14603.2	59.1	
55.40	238.2	14.8	-47.3	-1.0	240.7	3.5	345.9	204.2	916.7	-3789.6	14729.7	60.2	
55.45	241.1	14.2	-53.4	-1.0	242.6	3.5	343.8	214.7	909.4	-4382.2	14705.4	63.3	
55.50	244.0	14.2	-60.6	-1.2	244.7	3.4	346.2	235.7	905.8	-4854.6	14689.0	57.8	
55.55	247.0	14.1	-57.1	-1.3	247.0	3.4	349.7	252.7	899.4	-5266.0	14695.1	57.5	
55.60	249.9	14.2	-45.1	-1.1	248.5	3.3	347.6	261.6	887.5	-5764.0	14628.6	70.8	
55.65	252.8	14.7	-37.0	-0.7	248.6	3.3	341.8	265.1	875.0	-6174.4	14484.9	78.3	
55.70	255.8	14.5	-37.3	-0.5	246.2	3.2	330.8	268.3	863.6	-6374.4	14231.1	83.9	
55.75	258.7	14.1	-46.6	-0.5	242.7	3.2	314.9	272.7	851.0	-6503.3	13916.7	90.7	
55.80	261.6	13.7	-50.7	-0.8	242.4	3.2	307.0	288.6	840.5	-6681.3	13807.3	100.9	
55.85	264.6	13.8	-42.9	-0.8	245.7	3.1	311.3	295.6	832.5	-6804.7	13999.0	106.1	
55.90	267.5	14.1	-38.2	-0.7	251.6	3.1	325.6	296.7	821.7	-6867.1	14442.4	99.6	
55.95	270.5	14.2	-42.8	-0.6	257.1	3.1	342.1	302.3	813.3	-6911.2	14834.9	95.2	
56.00	273.5	14.4	-46.7	-0.6	259.1	3.0	347.8	301.6	806.4	-6930.4	14989.4	105.2	
56.05	276.4	14.6	-44.6	-0.7	258.9	3.0	345.3	295.9	797.3	-6742.8	15082.5	118.8	
56.10	279.4	14.4	-35.2	-0.6	259.9	3.0	345.1	281.8	784.2	-6315.6	15388.0	129.8	
56.15	282.4	14.2	-27.6	-0.4	263.0	2.9	352.1	257.3	768.6	-5834.1	15873.9	131.8	
56.20	285.4	14.0	-32.3	-0.1	267.1	2.9	371.7	239.5	758.6	-5263.3	16385.6	119.5	
56.25	288.4	13.8	111.4	0.1	-270.6	2.9	396.1	221.1	753.7	-4568.1	16833.6	91.5	
56.30	291.4	13.7	102.0	0.1	-273.8	2.9	411.3	204.4	743.6	-3973.3	17222.3	74.1	
56.35	294.3	13.8	100.8	0.1	-276.6	2.9	413.4	206.7	728.8	-3723.7	17501.8	76.4	
56.40	297.3	14.1	111.9	0.1	-278.0	2.9	407.6	214.5	713.8	-3737.2	17620.6	98.7	
56.45	300.4	14.5	117.7	0.3	-276.8	3.0	402.7	214.9	703.5	-3660.7	17565.3	109.5	
56.50	303.4	14.6	116.4	0.3	-274.9	3.0	403.0	204.1	699.5	-3406.5	17490.7	115.0	
56.55	306.4	14.5	117.0	0.4	-274.2	3.0	402.4	186.5	694.2	-3137.3	17511.1	122.7	
56.60	309.4	14.8	122.1	0.4	-275.3	3.0	400.8	172.5	685.4	-2782.1	17688.7	136.1	
56.65	312.5	15.0	126.0	0.6	-277.9	3.0	403.1	158.2	672.2	-2417.8	17955.4	136.1	
56.70	315.5	15.2	130.3	0.8	-281.4	3.1	410.1	146.9	662.4	-2223.7	18253.1	135.3	
56.75	318.6	14.9	129.7	1.0	-287.0	3.1	422.1	141.6	658.3	-2207.5	18652.3	133.7	
56.80	321.7	14.8	124.8	1.0	-292.9	3.2	430.5	136.1	649.7	-2363.2	19074.9	132.3	
56.85	324.7	14.9	122.1	0.9	-296.4	3.2	429.8	134.3	637.0	-2588.2	19323.1	138.6	
56.90	327.8	15.3	125.3	0.8	-297.1	3.3	427.8	143.0	632.9	-2713.2	19360.6	145.8	
56.95	330.9	16.3	134.3	0.9	-296.4	3.3	427.4	135.3	636.6	-2679.0	19323.3	155.5	
57.00	333.9	17.0	138.3	1.0	-296.4	3.3	429.7	114.3	639.7	-2276.1	19382.4	158.2	
57.05	337.0	17.0	136.0	1.2	-297.1	3.4	432.3	88.1	636.8	-1614.7	19515.3	152.7	
57.10	340.1	17.4	133.3	1.2	-295.1	3.5	426.2	56.0	630.7	-955.4	19441.8	151.8	
57.15	343.2	17.7	128.1	1.3	-291.2	3.5	419.6	42.7	630.9	-354.5	19192.5	145.1	
57.20	346.3	17.6	127.2	1.4	-287.7	3.6	414.1	37.3	634.7	66.2	18942.4	136.3	
57.25	349.4	17.6	131.6	1.6	-285.5	3.7	408.2	23.8	634.8	284.9	18792.8	137.2	
57.30	352.5	17.4	128.9	1.8	-286.0	3.7	408.5	12.2	632.8	532.4	18827.3	125.4	
57.35	355.6	16.7	122.7	2.0	-287.3	3.8	413.7	-0.7	636.0	869.7	18901.1	110.2	
57.40	358.8	16.4	110.7	2.0	-287.5	3.9	417.1	-16.2	646.9	1319.0	18865.0	91.7	
57.45	1.9	16.1	97.5	1.9	-288.4	4.0	419.0	-34.7	656.3	2137.6	18843.3	65.3	
57.50	5.0	16.0	96.1	1.8	-292.0	4.1	422.0	-72.5	656.9	3222.3	18946.7	46.2	
57.55	8.2	15.3	98.6	1.9	-296.9	4.2	426.8	-118.5	653.9	4164.3	19095.6	35.5	
57.60	11.4	14.9	109.6	1.9	-293.4	4.3	421.6	-91.7	667.9	2785.2	19101.1	75.0	
57.65	14.7	14.6	102.1	2.0	-300.5	4.4	445.7	-127.9	672.8	3168.6	19484.7	41.8	
57.70	17.8	14.7	79.8	2.0	-305.5	4.5	463.1	-89.9	695.2	3843.0	19708.4	-31.2	
57.75	21.1	15.0	103.2	2.0	-289.0	4.6	412.0	-149.9	687.8	3416.8	18622.9	65.3	
57.80	24.3	15.3	99.9	2.0	-283.2	4.7	406.6	-115.8	707.7	3720.0	18148.0	59.6	
57.85	27.5	15.2	85.6	2.0	-285.7	4.8	410.0	-104.5	740.6	4042.3	18248.5	8.0	
57.90	30.8	15.1	98.6	2.0	-286.2	4.9	402.0	-204.3	730.2	3725.9	18275.0	52.3	
57.95	34.1	15.0	88.6	2.0	-296.3	5.0	436.4	-198.1	735.9	4456.5	18808.5	7.7	
58.00	37.2	14.8	79.2	2.0	-298.9	5.1	435.2	-183.5	765.8	5229.6	18807.0	-27.1	
58.05	40.5	14.9	90.5	2.0	-293.7	5.2	424.7	-208.6	771.2	5153.3	18418.3	16.9	
58.10	43.8	14.8	84.3	2.0	-297.5	5.3	450.1	-167.7	789.0	5314.0	18630.9	-7.9	
58.15	47.1	14.1	76.6	2.0	-295.6	5.4	432.3	-188.4	819.9	5163.8	18530.4	-32.7	
58.20	50.4	13.8	84.0	2.0	-289.0	5.5	418.3	-223.9	834.6	4641.6	18127.9	-0.6	
58.25	53.7	13.2	80.6	2.0	-286.7	5.6	432.7	-171.1	866.5	4874.3	17886.5	-9.9	
58.30	57.0	12.5	80.9	2.0	-278.0	5.7	390.8	-182.7	906.9	5215.9	17177.3	-0.3	
58.35	60.4	12.8	84.9	2.0	-275.3	5.8	376.0	-233.0	923.5	5400.4	16860.1	16.1	
58.40	63.8	13.1	74.7	2.0	-287.7	5.9	423.7	-247.4	940.0	5962.8	17501.0	-31.3	
58.45	67.2	13.3	68.5	2.0	-293.0	6.0	423.1	-304.9	967.0	6397.8	17652.7	-57.7	
58.50	70.6	13.0	69.4	2.0	-293.2	6.1	426.4	-325.7	986.7	6793.6	17457.4	-55.1	
58.55	74.0	13.5	66.0	2.0	-295.6	6.2	449.9	-278.7	1008.8	7233.6	17477.2	-69.0	
58.60	77.4	14.0	70.0	2.0	-292.7	6.3	418.7	-285.1	1035.0	7203.1	17302.1	-52.5	
58.65	80.8	13.9	70.3	2.0	-294.5	6.4	417.7	-298.3	1053.8	7176.0	17431.3	-53.3	
58.70	84.3	13.6	62.8	2.0	-300.2	6.5	455.2	-288.0	1076.0	7458.0	17681.5	-84.8	
58.75	87.7	13.5	61.9	2.0	-297.5	6.6	438.7	-309.2	1106.3	7867.0	17258.8	-85.2	
58.80	91.1	13.9	59.2	2.0	-295.8	6.7	429.0	-295.4	1132.4	8482.4	16849.7	-92.7	
58.85	94.6	14.3	55.3	2.0	-297.4	6.8	442.3	-282.8	1146.6	8912.1	16739.5	-107.5	
58.90	98.1	14.4	55.7	2.0	-294.5	6.9	419.1	-321.5	1161.7	8924.6	16451.5	-103.2	
58.95	101.6	14.1	50.7	2.0	-292.4	7.0	418.5	-329.0	1188.7	8772.3	16317.6	-118.4	
59.00	105.2	14.0	47.3	2.0	-289.1	7.1	434.8	-318.5	1210.4	8478.7	16154.8	-126.9	
59.05	108.7	13.9	51.3	2.0	-278.8	7.2	397.1	-313.4	1227.3	8103.8	15561.8	-102.7	
59.10	112.2	13.6	53.6	2.0	-267.2	7.3	361.4	-272.8	1242.5	7644.0	14971.4	-83.3	
59.15	115.8	13.4	54.2	2.0	-257.8	7.4	358.3	-253.5	1252.8	6902.8	14582.4	-71.9	
59.20	119.3	13.3	49.0	2.0	-253.5	7.5	351.5	-277.9	1274.9	6651.8	14288.5	-85.2	
59.25	122.9	13.3	42.3	2.0	-249.2	7.6	342.6	-279.5	1297.8	6724.9	13898.6	-104.2	
59.30	126.4	13.4	41.4	2.0	-237.9	7.7	332.4	-254.1	1309.7	6415.7	13164.1	-95.7	
59.35	129.9	13.4	44.5	2.0	-223.4	7.8	301.0	-216.0	1334.2	6025.3	12268.5	-70.8	
59.40	133.5	12.8	45.2	2.0	-213.0	7.9	278.9	-181.7	1357.8	5376.4	11800.6	-57.8	
59.45	137.1	12.0	38.9	2.0	-208.4	8.0	285.8	-173.9	1371.2	4517.0	11771.3	-74.9	
59.50	140.7	11.8	34.7	2.0	-206.9	8.1	294.6	-155.0	1390.4	3895.6	11862.9	-87.7	
59.55	144.2	11.9	33.3	2.0	-202.7	8.2	290.2	-119.0	1410.5	3363.3	11732.8	-88.3	
59.60	147.9	11.9	32.1	2.0	-197.9	8.3	286.3	-98.3	1421.6	2847.1	11517.4	-87.8	
59.65	151.5	11.8	26.4	2.0	-196.7	8.4	285.5	-95.7	1438.6	2692.4	11452.4	-105.9	
59.70	155.1	11.7	18.0	2.0	-195.9	8.5	288.9	-112.3	1460.4	2651.8	11359.5	-134.2	
59.75	158.8	11.8	6.0	2.0	-191.3	8.6	293.9	-126.5	1477.8	2497.8	10993.2	-170.7	
59.80	162.4	11.9	1.1	2.0	-182.0	8.7	280.7	-100.4	1486.4	2209.7	10391.8	-178.2	
59.85	166.0	11.8	9.6	2.0	-168.3	8.8	246.1	-63.9	1483.3	1651.7	9574.2	-135.2	
59.90	169.7	11.3	14.9	2.0	-154.9	8.9	218.3	-32.1	1478.5	954.9	8756.5	-103.8	
59.95	173.3	10.8	13.9	2.0	-143.8	9.0	198.7	-1.7	1486.9	331.9	8017.5	-96.0	
60.00	177.0	11.1	15.9	2.0	-136.0	9.1	183.4	19.1	1492.8	-219.0	7463.2	-81.2	
60.05	180.6	11.2	13.7	2.0	-130.1	9.2	170.9	49.2	1497.1	-486.6	7022.3	-83.1	
60.10	184.3	11.2	10.5	2.0	-124.5	9.3	160.5	72.9	1509.1	-531.9	6590.3	-88.4	
60.15	187.9	11.0	7.2	2.0	-120.2	9.4	159.2	74.0	1523.8	-566.9	6252.6	-95.5	
60.20	191.6	11.1	-1.9	2.0	-118.0	9.5	162.6	78.1	1529.5	-714.5	6045.5	-124.5	
60.25	195.4	11.2	-5.6	2.0	-116.0	9.6	152.1	85.7	1519.0	-1387.7	5798.7	-135.1	
60.30	199.1	11.3	-4.6	2.0	-117.9	9.7	146.4	109.5	1503.7	-2280.4	5655.5	-133.7	
60.35	202.8	11.3	-7.5	2.0	-119.4	9.8	139.5	147.6	1499.9	-2939.1	5407.6	-145.2	
60.40	206.5	11.6	-5.8	2.0	-120.8	9.9	123.8	164.5	1499.0	-3732.5	5012.0	-140.6	
60.45	210.2	12.2	-2.8	2.0	-123.7	10.0	117.2	174.5	1492.1	-4437.9	4697.3	-133.2	
60.50	213.9	13.1	-7.4	2.0	-126.7	10.1	118.1	190.1	1487.8	-4833.5	4574.0	-152.1	
60.55	217.7	13.3	-13.1	2.0	-128.9	10.2	113.5	205.0	1485.9	-5153.5	4424.7	-173.8	
60.60	221.3	13.1	-12.2	2.0	-132.3	10.3	112.1	230.6	1478.4	-5567.1	4222.9	-174.3	
60.65	225.0	12.6	-8.6	2.0	-137.2	10.4	109.1	258.5	1463.0	-6080.6	4037.5	-166.6	
60.70	228.7	12.6	-5.3	2.0	-141.6	10.5	96.6	268.1	1448.3	-6600.3	3828.9	-159.7	
60.75	232.4	12.3	-3.3	2.0	-149.5	10.6	105.8	300.3	1438.1	-7135.8	3913.1	-160.9	
60.80	236.2	12.1	-1.0	2.0	-158.6	10.7	115.1	328.1	1432.7	-7743.4	4067.4	-161.9	
60.85	239.9	12.3	-1.1	2.0	-162.4	10.8	115.5	328.5	1428.5	-8060.1	4088.1	-166.0	
60.90	243.6	12.3	-6.2	2.0	-162.1	10.9	131.3	322.0	1421.7	-7963.4	4244.2	-183.3	
60.95	247.4	12.2	-12.1	2.0	-163.3	11.0	143.4	317.2	1409.1	-7923.4	4518.4	-205.0	
61.00	251.2	12.0	-14.6	2.0	-165.6	11.1	136.6	321.8	1389.0	-8044.6	4676.4	-215.9	
61.05	254.9	12.1	-14.0	2.0	-167.3	11.2	135.6	328.2	1366.1	-8146.3	4768.5	-215.4	
61.10	258.7	11.9	-16.6	2.0	-164.4	11.3	136.0	311.3	1349.7	-8000.1	4698.2	-221.5	
61.15	262.4	11.5	-20.2	2.0	-160.8	11.4	140.4	301.6	1342.1	-7752.1	4633.6	-230.2	
61.20	266.2	11.0	-19.8	2.0	-161.1	11.5	154.3	313.7	1330.8	-7688.5	4703.0	-229.3	
61.25	269.9	11.0	-16.3	2.0	-160.8	11.6	156.9	317.4	1309.4	-7629.1	4751.0	-216.6	
61.30	273.7	11.1	-13.3	2.0	-155.6	11.7	142.6	307.8	1287.0	-7346.5	4576.4	-201.2	
61.35	277.4	11.1	-9.5	2.0	-147.9	11.8	129.3	309.0	1273.5	-7018.8	4036.0	-180.4	
61.40	281.2	11.0	-3.1	2.0	-140.7	11.9	109.1	315.1	1263.1	-6839.3	3232.1	-151.4	
61.45	284.9	10.8	-0.2	2.0	-134.1	12.0	76.1	313.4	1243.6	-6654.6	2510.1	-134.6	
61.50	288.7	10.3	-0.8	2.0	-128.2	12.1	55.8	303.0	1219.3	-6395.9	2078.6	-131.1	
61.55	292.5	10.1	-1.6	2.0	-124.9	12.2	54.7	286.2	1200.9	-6244.0	1932.1	-130.3	
61.60	296.3	10.0	-5.3	2.0	-122.1	12.3	62.3	279.5	1189.6	-6047.2	1947.5	-140.2	
61.65	300.0	9.8	-13.2	2.0	-118.0	12.4	78.4	265.7	1179.5	-5725.6	2031.5	-163.2	
61.70	303.8	9.5	-20.5	2.0	-114.4	12.5	90.5	240.8	1160.9	-5454.8	2176.1	-184.8	
61.75	307.5	9.4	-23.5	2.0	-112.5	12.6	92.7	229.3	1140.8	-5288.1	2328.7	-193.1	
61.80	311.3	9.5	-22.8	2.0	-111.9	12.7	92.6	221.8	1123.5	-5245.1	2387.4	-190.1	
61.85	315.0	10.0	-22.3	2.0	-110.8	12.8	89.1	215.6	1103.6	-5203.9	2371.5	-187.2	
61.90	318.8	10.3	-21.8	2.0	-107.4	12.9	80.7	207.3	1080.5	-4964.3	2387.5	-182.1	
61.95	322.5	10.6	-21.2	2.0	-103.1	13.0	82.4	187.1	1066.4	-4611.1	2507.1	-175.9	
62.00	326.2	10.7	-23.3	2.0	-99.0	13.1	91.8	174.9	1063.1	-4220.4	2601.7	-178.9	
62.05	330.0	10.4	-25.1	2.0	-95.4	13.2	93.9	164.4	1058.3	-3950.0	2576.1	-181.4	
62.10	333.7	10.3	-24.5	2.0	-91.0	13.3	84.7	141.2	1047.8	-3761.0	2395.5	-174.9	
62.15	337.5	10.3	-24.7	2.0	-85.7	13.4	76.4	130.0	1040.9	-3482.2	2174.9	-170.4	
62.20	341.2	10.4	-24.7	2.0	-81.0	13.5	68.8	119.3	1045.0	-3236.8	1963.9	-165.6	
62.25	345.0	10.6	-24.9	2.0	-76.8	13.6	65.4	107.3	1044.2	-2897.7	1970.0	-162.2	
62.30	348.7	10.7	-27.9	2.0	-74.1	13.7	75.0	87.3	1031.4	-2311.6	2411.6	-170.0	
62.35	352.5	9.9	-32.9	2.0	-71.7	13.8	89.1	45.9	1024.8	-1431.5	2870.7	-184.6	
62.40	356.2	9.5	-34.9	2.0	-69.0	13.9	98.8	5.1	1030.1	-390.0	2980.6	-188.9	
62.45	360.0	9.1	-35.2	2.0	-68.1	14.0	102.4	-16.1	1030.5	489.5	2883.4	-188.9	
62.50	3.7	8.5	-32.8	2.0	-66.6	14.1	89.7	-40.5	1026.8	1318.7	2496.0	-179.1	
62.55	7.4	8.4	-26.6	2.0	-68.3	14.2	76.6	-65.1	1025.2	2062.4	2103.9	-159.5	
62.60	11.1	8.7	-17.0	2.0	-71.4	14.3	74.9	-71.8	1027.3	2461.4	1998.5	-129.8	
62.65	14.8	9.4	-8.5	2.0	-74.3	14.4	77.6	-76.9	1026.2	2645.7	2103.3	-103.6	
62.70	18.5	9.9	-7.3	2.0	-79.2	14.5	76.7	-86.6	1019.7	2994.3	2227.3	-104.1	
62.75	22.3	10.1	-9.6	2.0	-85.7	14.6	64.8	-106.3	1018.6	3643.8	2092.7	-118.6	
62.80	26.0	10.0	-7.6	2.0	-94.0	14.7	50.9	-136.4	1024.4	4443.5	1712.7	-120.1	
62.85	29.7	10.3	-5.9	2.0	-103.6	14.8	43.1	-163.7	1036.3	5253.8	1293.9	-123.7	
62.90	33.4	10.0	-8.0	2.0	-112.4	14.9	37.5	-200.5	1044.3	5886.2	1012.3	-139.8	
62.95	37.0	9.7	-12.6	2.0	-116.7	15.0	38.3	-220.2	1043.3	6149.3	1077.8	-160.1	
63.00	40.7	9.7	-17.1	2.0	-116.8	15.1	43.3	-215.8	1044.0	6123.7	1269.2	-175.6	
63.05	44.4	9.8	-18.5	2.0	-112.6	15.2	42.2	-213.6	1049.6	5803.5	1271.0	-176.2	
63.10	48.1	9.9	-15.9	2.0	-110.1	15.3	38.8	-211.6	1065.6	5656.4	1001.4	-164.7	
63.15	51.7	9.9	-16.4	2.0	-112.1	15.4	34.7	-224.5	1081.8	5808.6	672.2	-168.2	
63.20	55.4	10.2	-17.0	2.0	-114.1	15.5	20.4	-241.5	1085.0	5940.8	387.1	-172.5	
63.25	59.1	10.3	-17.9	2.0	-116.4	15.6	-0.8	-235.1	1092.1	6146.5	-44.7	-177.8	
63.30	62.7	10.4	-17.5	2.0	-123.2	15.7	-17.9	-250.7	1107.6	6555.5	-751.2	-183.4	
63.35	66.4	10.4	-14.5	2.0	-129.6	15.8	-28.4	-274.2	1125.0	6840.6	-1480.3	-179.4	
63.40	70.0	10.3	-12.6	2.0	-132.3	15.9	-34.4	-267.5	1141.0	6945.0	-1926.0	-175.4	
63.45	73.7	10.0	-9.2	2.0	-128.4	16.0	-34.3	-259.2	1143.3	6675.9	-1882.5	-159.8	
63.50	77.3	9.9	-6.7	2.0	-123.9	16.1	-25.5	-256.2	1147.5	6390.1	-1657.5	-146.9	
63.55	81.0	9.9	-7.3	2.0	-126.4	16.2	-6.1	-256.0	1172.3	6578.3	-1648.9	-151.4	
63.60	84.6	10.0	-1.4	2.0	-130.7	16.3	0.6	-270.9	1195.3	6768.0	-1937.0	-135.3	
63.65	88.3	10.2	2.2	2.0	-136.8	16.4	-15.7	-278.4	1203.3	7096.8	-2359.6	-129.3	
63.70	91.9	10.3	4.2	2.0	-141.2	16.5	-38.3	-279.9	1199.0	7331.8	-2664.8	-126.8	
63.75	95.5	10.5	7.4	2.0	-145.2	16.6	-47.6	-297.2	1204.8	7478.2	-2958.8	-119.7	
63.80	99.1	10.6	8.2	2.0	-152.6	16.7	-44.1	-306.4	1228.4	7902.0	-3298.9	-124.5	
63.85	102.7	11.0	8.9	2.0	-157.0	16.8	-46.3	-315.5	1244.3	8097.8	-3578.6	-126.4	
63.90	106.3	11.1	15.6	2.0	-154.1	16.9	-57.4	-309.3	1244.7	7764.4	-3814.8	-100.7	
63.95	109.8	10.7	21.0	2.0	-149.0	17.0	-62.5	-269.4	1247.4	7377.1	-3963.1	-76.8	
64.00	113.4	10.6	24.4	2.0	-149.7	17.1	-62.9	-260.8	1264.4	7255.5	-4311.0	-65.8	
64.05	116.9	10.3	26.1	2.0	-153.6	17.2	-65.8	-267.2	1284.5	7198.3	-4874.9	-64.1	
64.10	120.4	9.9	30.8	2.0	-154.0	17.3	-80.7	-241.1	1290.0	6936.8	-5394.4	-48.4	
64.15	123.9	9.4	36.6	2.0	-153.4	17.4	-110.3	-219.0	1282.5	6495.7	-5890.5	-27.9	
64.20	127.5	9.4	38.8	2.0	-157.4	17.5	-130.7	-223.3	1282.9	6410.2	-6362.4	-24.1	
64.25	131.0	9.6	36.6	2.0	-163.4	17.6	-134.1	-226.5	1305.4	6558.8	-6816.2	-37.6	
64.30	134.5	10.0	37.5	2.0	-162.5	17.7	-134.0	-218.7	1325.6	6087.5	-7159.1	-33.8	
64.35	138.0	9.9	35.6	2.0	-156.4	17.8	-136.4	-191.2	1326.1	5283.1	-7280.9	-34.1	
64.40	141.5	9.7	30.5	2.0	-147.8	17.9	-137.4	-159.3	1316.8	4458.9	-7148.3	-43.1	
64.45	145.0	9.9	26.0	2.0	-137.6	18.0	-129.8	-138.4	1314.9	3502.7	-6870.3	-48.5	
64.50	148.5	9.9	19.6	2.0	-130.1	18.1	-116.0	-108.2	1325.4	2757.6	-6680.4	-62.8	
64.55	151.9	9.9	12.4	2.0	-128.7	18.2	-116.2	-89.4	1331.5	2267.9	-6782.9	-86.1	
64.60	155.4	9.9	8.2	2.0	-130.9	18.3	-129.9	-92.1	1324.6	1873.8	-7046.1	-102.7	
64.65	158.8	10.7	4.9	2.0	-135.4	18.4	-141.4	-88.3	1325.7	1790.6	-7390.4	-118.7	
64.70	162.3	10.6	6.2	2.0	-139.5	18.5	-144.4	-76.7	1338.8	1634.6	-7745.0	-118.3	
64.75	165.7	10.0	10.1	2.0	-140.9	18.6	-141.4	-57.3	1346.7	1195.2	-7956.3	-106.3	
64.80	169.1	9.4	12.1	2.0	-139.1	18.7	-134.0	-19.4	1336.2	663.0	-7945.2	-97.6	
64.85	172.5	9.6	18.2	2.0	-138.8	18.8	-133.5	0.3	1321.5	-28.5	-7966.4	-76.2	
64.90	175.9	10.0	28.9	2.0	-142.9	18.9	-137.8	16.3	1321.2	-588.4	-8242.3	-43.9	
64.95	179.3	10.4	38.2	2.0	-152.8	19.0	-152.1	41.1	1328.4	-792.2	-8911.0	-21.7	
65.00	182.7	10.8	47.7	2.0	-165.7	19.1	-181.9	47.7	1322.5	-960.2	-9793.6	-2.1	
65.05	186.1	11.2	53.8	2.0	-175.6	19.2	-205.2	52.5	1310.7	-910.0	-10493.2	9.1	
65.10	189.4	11.5	54.0	2.0	-178.8	19.3	-203.8	57.4	1310.5	-770.4	-10748.5	6.4	
65.15	192.8	11.7	52.0	2.0	-175.8	19.4	-184.1	48.1	1312.7	-817.2	-10571.7	2.9	
65.20	196.1	11.8	47.1	2.0	-170.5	19.5	-164.3	56.6	1296.2	-962.9	-10222.6	-8.9	
65.25	199.4	11.7	48.7	2.0	-169.1	19.6	-160.3	82.4	1267.1	-1505.4	-10048.6	-1.9	
65.30	202.8	11.8	60.2	2.0	-174.9	19.7	-171.9	115.3	1246.4	-2284.1	-10286.9	31.7	
65.35	206.0	12.0	70.0	2.0	-184.2	19.8	-187.8	145.8	1236.7	-2802.0	-10802.2	56.1	
65.40	209.3	12.3	74.4	2.0	-191.8	19.9	-202.9	148.0	1227.1	-3083.7	-11289.7	63.7	
65.45	212.6	11.8	73.6	2.0	-195.2	20.0	-210.0	149.0	1210.1	-3266.4	-11500.1	57.6	
65.50	215.9	12.0	69.9	2.0	-195.3	20.1	-209.0	165.4	1188.6	-3513.4	-11424.5	44.7	
65.55	219.1	12.3	67.3	2.0	-192.4	20.2	-197.8	181.1	1168.9	-3876.3	-11088.6	38.5	
65.60	222.3	12.4	62.0	2.0	-188.9	20.3	-180.7	203.7	1152.9	-4182.6	-10688.2	23.9	
65.65	225.5	11.8	57.7	2.0	-188.5	20.4	-172.5	218.2	1138.1	-4684.2	-10438.8	9.5	
65.70	228.8	11.6	59.1	2.0	-192.3	20.5	-177.8	231.4	1114.9	-5526.2	-10321.6	10.8	
65.75	232.0	11.9	59.1	2.0	-196.8	20.6	-182.7	261.0	1090.8	-6315.8	-10192.6	6.1	
65.80	235.2	11.3	53.5	2.0	-199.3	20.7	-180.9	280.5	1077.8	-6775.6	-10076.2	-15.5	
65.85	238.3	11.0	43.2	2.0	-198.2	20.8	-169.2	278.4	1073.6	-6927.6	-9905.2	-49.9	
65.90	241.5	11.0	32.7	2.0	-194.3	20.9	-156.1	269.1	1062.1	-6938.0	-9604.2	-82.0	
65.95	244.7	10.9	22.5	2.0	-189.7	21.0	-147.7	259.7	1037.3	-7010.4	-9180.1	-112.4	
66.00	247.8	11.3	17.6	2.0	-185.8	21.1	-142.1	261.6	1009.1	-7094.1	-8774.9	-125.5	
66.05	250.9	11.7	21.3	2.0	-185.9	21.2	-138.8	283.0	988.9	-7264.5	-8595.7	-112.7	
66.10	254.0	11.5	31.5	2.0	-188.6	21.3	-136.7	304.4	975.9	-7566.4	-8550.3	-80.5	
66.15	257.1	11.2	39.7	2.0	-189.1	21.4	-134.4	312.1	955.7	-7832.7	-8347.8	-52.8	
66.20	260.2	11.0	39.7	2.0	-186.0	21.5	-130.1	317.9	926.8	-7927.6	-7949.1	-49.6	
66.25	263.3	11.0	38.7	2.0	-182.4	21.6	-123.8	322.3	903.3	-7846.9	-7657.8	-49.5	
66.30	266.3	11.3	39.8	2.0	-180.3	21.7	-119.4	318.9	892.4	-7557.8	-7757.6	-43.8	
66.35	269.3	11.6	41.1	2.0	-179.3	21.8	-124.3	303.3	879.9	-7099.4	-8135.7	-38.0	
66.40	272.4	11.8	40.2	2.0	-179.1	21.9	-141.7	279.8	852.9	-6676.5	-8555.5	-41.3	
66.45	275.4	11.6	40.1	2.0	-180.8	22.0	-160.3	268.0	819.5	-6497.7	-8887.3	-43.3	
66.50	278.4	11.8	45.3	2.0	-183.5	22.1	-168.5	272.1	791.7	-6547.7	-9099.7	-28.1	
66.55	281.4	12.4	51.8	2.0	-184.6	22.2	-167.2	275.2	771.2	-6557.0	-9204.0	-6.6	
66.60	284.4	12.2	53.1	2.0	-181.8	22.3	-162.6	265.5	749.5	-6334.2	-9167.5	0.3	
66.65	287.3	12.1	53.4	2.0	-177.1	22.4	-159.1	253.2	721.5	-5995.6	-9037.1	6.0	
66.70	290.3	12.0	58.5	2.0	-173.8	22.5	-154.5	250.6	697.7	-5736.9	-8937.6	27.1	
66.75	293.2	11.8	64.2	2.0	-171.0	22.6	-145.9	248.1	684.4	-5444.2	-8905.3	49.6	
66.80	296.1	11.8	67.2	2.0	-167.4	22.7	-141.7	235.0	669.1	-5006.7	-8908.1	63.3	
66.85	299.0	11.7	65.5	2.0	-164.6	22.8	-145.8	222.4	645.8	-4636.5	-8914.4	60.3	
66.90	301.9	11.2	69.0	2.0	-164.9	22.9	-154.1	225.1	616.4	-4726.2	-8898.9	71.9	
66.95	304.8	11.4	72.3	2.0	-167.1	23.0	-159.6	234.3	593.4	-5039.2	-8901.5	81.2	
67.00	307.7	11.9	67.5	2.0	-166.8	23.1	-158.7	226.0	578.3	-5049.8	-8907.5	64.8	
67.05	310.6	11.9	59.5	2.0	-165.2	23.2	-158.0	203.2	565.0	-4848.4	-8953.8	39.2	
67.10	313.5	11.3	54.5	2.0	-165.9	23.3	-161.4	195.9	547.1	-4838.5	-9050.1	21.0	
67.15	316.3	10.8	54.5	2.0	-168.6	23.4	-165.7	204.6	528.2	-5036.4	-9159.5	18.5	
67.20	319.2	10.7	55.4	2.0	-169.8	23.5	-169.1	203.4	510.9	-5127.8	-9225.0	20.4	
67.25	322.0	10.6	51.3	2.0	-167.9	23.6	-168.4	185.0	497.9	-4947.4	-9216.8	8.1	
67.30	324.8	10.4	48.8	2.0	-165.8	23.7	-164.8	171.9	486.0	-4838.9	-9145.8	1.8	
67.35	327.5	10.1	53.6	2.0	-165.7	23.8	-164.0	176.8	469.9	-4975.1	-9068.3	18.1	
67.40	330.3	9.8	59.1	2.0	-165.2	23.9	-167.7	181.0	450.0	-5005.0	-9002.7	37.7	
67.45	333.0	9.7	57.0	2.0	-161.0	24.0	-167.4	164.0	435.5	-4604.7	-8912.9	34.6	
67.50	335.7	9.7	51.4	2.0	-155.5	24.1	-159.4	138.1	432.4	-3998.9	-8822.0	20.8	
67.55	338.4	9.7	49.4	2.0	-152.0	24.2	-151.9	122.5	431.1	-3539.1	-8786.5	17.6	
67.60	341.1	9.6	51.4	2.0	-150.0	24.3	-151.1	110.4	416.7	-3258.7	-8769.4	26.6	
67.65	343.8	9.4	52.4	2.0	-148.3	24.4	-154.6	90.0	397.1	-2837.0	-8816.2	31.6	
67.70	346.5	8.9	53.2	2.0	-148.3	24.5	-157.4	64.4	390.4	-2213.2	-9024.8	34.3	
67.75	349.2	8.7	57.2	2.0	-151.3	24.6	-160.9	48.4	392.0	-1756.7	-9363.1	44.9	
67.80	351.8	8.9	67.0	2.0	-156.8	24.7	-175.8	44.0	382.5	-1503.0	-9795.7	73.2	
67.85	354.4	9.1	74.5	2.0	-160.6	24.8	-193.8	31.8	360.8	-1142.9	-10110.1	95.1	
67.90	357.0	9.2	76.9	2.0	-161.1	24.9	-198.4	7.8	349.3	-479.0	-10201.6	103.0	
67.95	359.7	9.4	77.9	2.0	-159.6	25.0	-187.5	-14.0	354.3	231.4	-10125.1	107.8	
68.00	2.2	9.2	81.8	2.0	-158.7	25.1	-179.9	-24.6	354.1	706.3	-10052.4	122.1	
68.05	4.8	9.1	86.3	2.0	-159.0	25.2	-185.0	-31.5	336.6	1014.2	-10043.6	137.4	
68.10	7.4	9.0	90.0	2.0	-160.6	25.3	-194.2	-44.6	321.7	1350.1	-10104.6	148.5	
68.15	9.9	9.1	90.8	2.0	-162.1	25.4	-197.0	-55.6	325.0	1635.6	-10162.2	149.4	
68.20	12.5	9.3	91.7	2.0	-160.8	25.5	-192.4	-61.1	329.4	1794.0	-10034.5	154.0	
68.25	15.0	9.3	90.4	2.0	-156.3	25.6	-186.9	-66.6	317.2	1891.2	-9690.5	153.9	
68.30	17.6	9.7	83.5	2.0	-151.3	25.7	-180.1	-80.9	301.0	2122.4	-9268.0	135.3	
68.35	20.1	9.8	75.0	2.0	-148.5	25.8	-167.9	-103.4	301.0	2510.2	-8954.2	108.8	
68.40	22.6	9.3	69.3	2.0	-149.0	25.9	-158.2	-120.8	310.5	2849.3	-8880.6	88.8	
68.45	25.1	9.3	69.0	2.0	-150.8	26.0	-160.9	-127.6	307.9	2938.2	-8974.7	86.0	
68.50	27.5	9.7	70.7	2.0	-151.3	26.1	-168.3	-130.3	295.8	2913.7	-9012.9	91.5	
68.55	29.9	10.5	69.9	2.0	-149.6	26.2	-166.7	-131.7	293.6	2860.1	-8893.8	90.2	
68.60	32.4	10.6	67.6	2.0	-145.7	26.3	-154.8	-131.5	304.6	2750.5	-8636.5	86.3	
68.65	34.8	10.6	66.2	2.0	-140.5	26.4	-142.9	-129.9	310.8	2555.2	-8315.2	86.9	
68.70	37.2	10.6	64.5	2.0	-136.4	26.5	-137.0	-135.4	306.7	2514.3	-8004.2	85.0	
68.75	39.6	10.1	58.7	2.0	-135.3	26.6	-135.7	-149.9	307.5	2723.3	-7822.0	66.1	
68.80	42.0	10.0	52.7	2.0	-136.7	26.7	-133.9	-162.6	319.6	3027.3	-7783.9	44.2	
68.85	44.4	10.5	50.9	2.0	-138.5	26.8	-132.4	-172.3	331.0	3287.5	-7794.6	36.2	
68.90	46.7	11.1	49.7	2.0	-139.0	26.9	-131.2	-186.8	333.1	3539.4	-7691.6	31.4	
68.95	49.1	11.5	45.7	2.0	-137.9	27.0	-126.5	-204.7	332.5	3843.6	-7408.7	19.0	
69.00	51.4	11.7	43.2	2.0	-135.4	27.1	-115.9	-213.6	337.4	4086.3	-7043.4	13.0	
69.05	53.7	11.8	44.8	2.0	-133.9	27.2	-107.8	-213.7	344.5	4235.5	-6826.7	19.9	
69.10	56.1	11.8	50.5	2.0	-136.0	27.3	-106.5	-220.0	348.4	4497.4	-6825.2	37.3	
69.15	58.4	11.9	54.9	2.0	-141.0	27.4	-107.2	-234.9	350.0	4987.0	-6899.6	47.6	
69.20	60.7	11.8	57.3	2.0	-147.4	27.5	-111.2	-246.0	354.0	5521.9	-7057.3	49.4	
69.25	62.9	12.1	60.9	2.0	-153.0	27.6	-118.6	-250.7	359.3	5894.4	-7266.6	56.3	
69.30	65.2	12.7	65.5	2.0	-157.0	27.7	-123.5	-257.9	361.6	6199.4	-7378.7	68.0	
69.35	67.5	13.0	67.6	2.0	-159.8	27.8	-121.9	-272.1	362.0	6566.3	-7290.3	72.1	
69.40	69.7	12.9	65.5	2.0	-162.1	27.9	-115.6	-284.9	365.1	6967.9	-7109.9	62.7	
69.45	71.9	12.3	65.7	2.0	-163.9	28.0	-114.1	-289.7	368.5	7213.9	-7037.3	61.7	
69.50	74.1	11.7	68.1	2.0	-165.5	28.1	-118.0	-290.6	369.1	7304.4	-7105.0	68.4	
69.55	76.4	11.5	69.8	2.0	-168.6	28.2	-122.9	-296.3	371.0	7467.7	-7242.0	71.0	
69.60	78.5	11.6	68.1	2.0	-172.4	28.3	-124.6	-308.3	375.6	7758.9	-7302.1	61.3	
69.65	80.7	11.9	64.7	2.0	-173.5	28.4	-122.5	-313.5	380.2	7946.1	-7203.1	48.7	
69.70	82.8	11.6	63.8	2.0	-171.7	28.5	-118.9	-311.5	383.6	7944.5	-7006.1	47.4	
69.75	85.0	10.9	62.5	2.0	-169.0	28.6	-112.6	-312.8	388.0	7863.6	-6790.3	45.6	
69.80	87.1	10.3	60.1	2.0	-168.4	28.7	-107.0	-317.6	396.9	7884.4	-6671.3	37.8	
69.85	89.2	10.4	59.5	2.0	-167.9	28.8	-106.1	-316.5	405.0	7838.3	-6656.3	36.4	
69.90	91.3	10.9	61.5	2.0	-164.4	28.9	-109.1	-301.5	408.8	7536.9	-6662.7	46.6	
69.95	93.3	11.5	62.3	2.0	-159.3	29.0	-111.7	-282.5	411.5	7141.0	-6593.8	54.6	
70.00	95.4	11.2	59.3	2.0	-154.5	29.1	-109.4	-274.5	417.8	6838.8	-6413.0	49.1	
70.05	97.5	10.9	53.4	2.0	-149.6	29.2	-102.6	-273.2	426.9	6566.7	-6165.2	33.6	
70.10	99.6	11.2	49.4	2.0	-144.5	29.3	-96.3	-267.9	435.6	6254.0	-5950.4	25.1	
70.15	101.6	11.0	47.1	2.0	-140.9	29.4	-96.2	-262.6	443.9	5948.8	-5893.1	20.8	
70.20	103.7	10.9	41.7	2.0	-139.1	29.5	-98.0	-260.8	449.3	5728.7	-5908.9	4.0	
70.25	105.7	11.1	38.0	2.0	-138.4	29.6	-101.2	-260.7	454.9	5558.9	-5986.9	-7.8	
70.30	107.8	11.2	37.3	2.0	-135.8	29.7	-102.8	-256.2	459.7	5246.7	-6016.5	-7.8	
70.35	109.8	11.5	37.0	2.0	-131.0	29.8	-101.5	-246.1	462.7	4846.1	-5916.2	-4.1	
70.40	111.8	11.9	34.8	2.0	-125.8	29.9	-96.6	-237.3	463.8	4553.6	-5684.6	-6.3	
70.45	113.8	11.6	32.7	2.0	-122.1	30.0	-90.3	-231.4	467.4	4415.3	-5459.2	-9.7	
70.50	115.8	11.4	33.2	2.0	-120.8	30.1	-84.7	-224.7	476.9	4381.4	-5376.3	-6.9	
70.55	117.7	11.4	36.1	2.0	-121.1	30.2	-83.3	-220.4	486.4	4376.2	-5426.8	2.7	
70.60	119.7	11.6	38.2	2.0	-123.5	30.3	-87.5	-220.5	490.2	4468.2	-5574.7	7.5	
70.65	121.7	11.7	39.2	2.0	-127.2	30.4	-93.0	-222.0	493.5	4650.1	-5770.0	7.2	
70.70	123.6	11.6	41.9	2.0	-129.7	30.5	-94.7	-222.6	499.8	4740.3	-5929.7	14.1	
70.75	125.5	10.7	45.7	2.0	-130.5	30.6	-94.5	-216.7	507.5	4681.2	-6062.6	26.3	
70.80	127.5	10.5	48.7	2.0	-131.3	30.7	-99.2	-210.1	512.8	4592.2	-6215.7	35.9	
70.85	129.4	10.7	50.7	2.0	-132.3	30.8	-107.1	-208.6	514.3	4535.7	-6341.6	41.6	
70.90	131.3	10.6	52.4	2.0	-133.7	30.9	-112.4	-209.5	517.7	4592.4	-6421.3	46.1	
70.95	133.1	10.5	54.7	2.0	-135.6	31.0	-111.8	-210.7	526.3	4748.3	-6475.5	52.3	
71.00	135.0	10.4	56.1	2.0	-137.3	31.1	-108.2	-208.7	535.1	4946.7	-6484.9	55.3	
71.05	136.9	10.2	55.7	2.0	-136.8	31.2	-103.0	-204.3	537.7	5101.9	-6336.8	54.6	
71.10	138.7	10.6	54.6	2.0	-133.3	31.3	-94.4	-201.4	537.7	5122.9	-6004.4	54.2	
71.15	140.6	11.1	53.2	2.0	-128.1	31.4	-82.7	-197.3	541.6	5024.0	-5598.4	54.4	
71.20	142.4	11.0	51.5	2.0	-122.2	31.5	-71.6	-188.1	546.2	4820.2	-5217.6	54.8	
71.25	144.2	11.6	49.3	2.0	-117.0	31.6	-66.3	-178.0	545.6	4592.5	-4936.4	52.2	
71.30	146.0	12.1	47.4	2.0	-112.9	31.7	-67.5	-167.1	542.2	4350.5	-4789.4	49.8	
71.35	147.8	12.4	44.8	2.0	-110.1	31.8	-69.4	-159.3	541.7	4130.3	-4726.0	43.5	
71.40	149.6	12.2	40.0	2.0	-108.4	31.9	-69.2	-157.1	544.7	3969.0	-4695.9	28.8	
71.45	151.4	12.1	34.6	2.0	-106.3	32.0	-69.4	-154.4	545.1	3793.3	-4646.9	12.4	
71.50	153.2	11.9	30.0	2.0	-102.2	32.1	-69.0	-146.7	540.9	3507.4	-4504.0	0.7	
71.55	155.0	11.5	27.4	2.0	-95.7	32.2	-64.7	-132.4	538.0	3099.0	-4251.0	-1.7	
71.60	156.8	11.5	25.5	2.0	-88.0	32.3	-57.4	-115.0	538.8	2626.0	-3944.7	-0.4	
71.65	158.5	11.8	23.5	2.0	-80.3	32.4	-49.3	-97.6	539.1	2164.3	-3605.7	0.5	
71.70	160.2	11.8	21.4	2.0	-73.4	32.5	-42.5	-82.8	537.5	1784.8	-3280.1	0.2	
71.75	161.9	12.0	19.7	2.0	-68.3	32.6	-36.6	-74.1	536.9	1550.3	-3001.1	-0.8	
71.80	163.7	12.3	16.5	2.0	-65.6	32.7	-31.2	-72.7	539.7	1493.8	-2815.0	-9.0	
71.85	165.4	12.4	13.9	2.0	-64.9	32.8	-27.6	-73.2	542.8	1541.0	-2721.0	-17.1	
71.90	167.1	12.2	12.3	2.0	-64.3	32.9	-27.1	-70.4	542.4	1516.2	-2695.0	-21.9	
71.95	168.7	12.0	13.8	2.0	-63.8	33.0	-30.3	-63.9	540.3	1371.3	-2743.7	-16.5	
72.00	170.4	11.8	12.0	2.0	-62.4	33.1	-30.1	-56.5	538.5	1124.5	-2765.7	-21.0	
72.05	172.1	11.6	14.8	2.0	-62.3	33.2	-32.5	-48.5	536.6	901.7	-2855.3	-11.4	
72.10	173.7	11.4	17.4	2.0	-63.0	33.3	-35.7	-37.9	533.8	721.2	-2986.3	-3.3	
72.15	175.4	11.6	22.6	2.0	-64.7	33.4	-40.0	-25.2	531.0	581.7	-3162.1	13.0	
72.20	177.0	11.6	26.7	2.0	-66.8	33.5	-42.6	-17.2	530.5	536.2	-3335.9	24.9	
72.25	178.6	11.4	28.5	2.0	-68.9	33.6	-44.2	-13.3	530.4	612.6	-3484.5	28.9	
72.30	180.2	10.7	30.3	2.0	-70.0	33.7	-45.2	-12.7	527.5	642.9	-3563.3	34.0	
72.35	181.8	10.8	32.5	2.0	-69.5	33.8	-44.7	-4.9	521.4	499.3	-3560.1	42.1	
72.40	183.4	10.8	34.9	2.0	-68.6	33.9	-43.4	10.8	515.0	239.0	-3525.8	51.0	
72.45	185.0	10.6	35.4	2.0	-68.1	34.0	-42.2	24.3	510.5	-62.4	-3484.8	53.5	
72.50	186.6	10.5	34.6	2.0	-68.1	34.1	-42.0	34.9	506.0	-422.3	-3444.2	50.5	
72.55	188.2	10.3	33.2	2.0	-68.8	34.2	-42.6	44.8	501.6	-827.2	-3407.7	45.2	
72.60	189.8	10.1	30.3	2.0	-69.6	34.3	-42.1	49.3	499.1	-1197.1	-3350.4	34.6	
72.65	191.4	10.2	24.9	2.0	-69.4	34.4	-39.3	51.1	498.9	-1443.3	-3240.5	15.9	
72.70	193.0	10.1	18.0	2.0	-68.2	34.5	-34.2	54.6	496.8	-1630.4	-3043.6	-6.3	
72.75	194.5	9.9	14.7	2.0	-66.8	34.6	-27.4	60.8	491.5	-1906.9	-2753.9	-16.2	
72.80	196.1	9.2	12.6	2.0	-66.3	34.7	-19.8	68.4	485.6	-2228.6	-2434.9	-23.1	
72.85	197.6	8.7	10.2	2.0	-66.6	34.8	-14.2	76.5	481.8	-2491.0	-2170.7	-31.6	
72.90	199.1	8.2	10.3	2.0	-67.8	34.9	-10.9	86.7	478.6	-2733.9	-1968.4	-32.5	
72.95	200.6	8.7	12.8	2.0	-69.8	35.0	-8.6	101.4	473.6	-2988.6	-1791.8	-25.7	
73.00	202.1	8.9	15.3	2.0	-71.3	35.1	-4.4	115.7	469.7	-3173.6	-1612.6	-18.6	
73.05	203.6	8.9	15.3	2.0	-71.1	35.2	2.2	122.3	469.3	-3225.1	-1433.2	-18.7	
73.10	205.1	9.3	13.2	2.0	-69.6	35.3	8.0	119.3	468.0	-3171.5	-1293.1	-24.3	
73.15	206.6	9.4	12.8	2.0	-69.0	35.4	9.1	118.3	461.7	-3138.3	-1261.0	-25.0	
73.20	208.0	9.5	15.0	2.0	-70.0	35.5	5.8	123.3	453.2	-3171.7	-1361.9	-18.5	
73.25	209.5	9.6	18.9	2.0	-71.6	35.6	-1.5	130.3	447.1	-3180.8	-1588.0	-6.8	
73.30	210.9	9.5	21.1	2.0	-72.7	35.7	-9.0	136.1	440.6	-3151.1	-1800.5	-0.4	
73.35	212.3	9.3	23.0	2.0	-73.4	35.8	-14.5	139.3	431.9	-3145.1	-1910.0	5.4	
73.40	213.8	9.5	25.2	2.0	-73.5	35.9	-14.6	142.8	423.5	-3164.7	-1886.2	12.9	
73.45	215.2	9.1	26.5	2.0	-72.8	36.0	-9.5	146.5	418.2	-3160.3	-1776.5	18.0	
73.50	216.6	8.7	25.5	2.0	-71.4	36.1	-3.8	149.4	413.7	-3097.5	-1658.9	16.3	
73.55	218.0	8.4	24.9	2.0	-70.8	36.2	-2.2	154.0	406.3	-3061.8	-1602.2	14.7	
73.60	219.4	9.2	27.3	2.0	-72.4	36.3	-5.9	158.5	398.1	-3166.1	-1649.7	21.2	
73.65	220.8	9.9	29.7	2.0	-75.3	36.4	-11.3	163.7	391.3	-3355.4	-1747.7	26.5	
73.70	222.2	9.2	29.1	2.0	-77.5	36.5	-15.2	168.3	384.2	-3512.7	-1783.4	22.4	
73.75	223.6	9.5	27.3	2.0	-78.7	36.6	-14.5	169.2	376.8	-3655.9	-1704.5	15.0	
73.80	225.0	9.8	26.0	2.0	-80.0	36.7	-11.8	172.8	369.1	-3803.5	-1596.4	9.3	
73.85	226.4	9.8	25.6	2.0	-81.7	36.8	-8.2	177.3	363.5	-3968.1	-1519.3	6.2	
73.90	227.8	9.4	25.1	2.0	-83.4	36.9	-5.4	179.5	359.6	-4117.9	-1472.6	2.7	
73.95	229.1	9.1	23.9	2.0	-85.1	37.0	-4.5	185.0	354.6	-4262.6	-1422.7	-3.1	
74.00	230.5	9.0	25.0	2.0	-88.1	37.1	-3.6	195.6	347.6	-4498.7	-1326.8	-2.1	
74.05	231.8	9.3	27.7	2.0	-91.7	37.2	-0.4	206.8	340.6	-4795.3	-1193.7	3.3	
74.10	233.1	9.5	28.6	2.0	-94.7	37.3	3.8	216.8	334.9	-5031.3	-1063.9	3.3	
74.15	234.4	9.6	27.7	2.0	-96.9	37.4	7.1	223.2	328.8	-5214.3	-923.5	-2.0	
74.20	235.7	9.3	26.2	2.0	-99.4	37.5	9.5	228.1	319.8	-5421.4	-764.6	-9.4	
74.25	237.0	9.1	25.1	2.0	-101.8	37.6	10.2	233.5	310.4	-5608.3	-676.3	-15.7	
74.30	238.3	9.4	24.4	2.0	-103.9	37.7	9.0	236.7	304.7	-5755.3	-713.8	-20.2	
74.35	239.6	9.3	23.1	2.0	-106.2	37.8	7.5	239.1	300.3	-5919.9	-798.5	-26.9	
74.40	240.9	9.1	22.6	2.0	-109.5	37.9	5.1	246.4	291.8	-6153.9	-820.6	-31.9	
74.45	242.1	8.8	23.1	2.0	-113.4	38.0	3.9	256.2	281.4	-6442.6	-742.2	-34.2	
74.50	243.4	8.9	23.0	2.0	-116.1	38.1	5.8	261.3	272.4	-6653.3	-616.1	-37.2	
74.55	244.7	9.2	22.6	2.0	-116.9	38.2	8.7	261.4	265.6	-6723.1	-546.6	-39.3	
74.60	245.9	9.7	22.7	2.0	-116.7	38.3	9.9	263.1	258.8	-6705.2	-560.9	-38.9	
74.65	247.2	9.8	23.3	2.0	-115.9	38.4	8.9	263.8	250.4	-6642.3	-604.1	-35.9	
74.70	248.4	9.6	24.0	2.0	-114.1	38.5	5.8	262.0	242.4	-6513.3	-699.4	-31.7	
74.75	249.6	9.4	24.9	2.0	-112.2	38.6	2.3	260.2	236.8	-6358.1	-845.6	-26.6	
74.80	250.9	9.9	28.0	2.0	-111.3	38.7	1.8	258.2	232.7	-6284.5	-962.1	-15.4	
74.85	252.1	10.2	31.2	2.0	-111.2	38.8	4.1	259.5	227.6	-6269.3	-1006.2	-4.3	
74.90	253.3	10.4	33.0	2.0	-110.7	38.9	5.8	261.3	221.1	-6226.4	-1011.1	2.8	
74.95	254.5	11.0	33.5	2.0	-109.1	39.0	5.2	257.9	213.8	-6118.6	-1045.0	5.9	
75.00	255.7	11.2	33.8	2.0	-107.3	39.1	3.1	254.4	207.4	-5967.2	-1163.0	8.7	
75.05	256.9	11.1	35.2	2.0	-106.0	39.2	1.0	251.6	203.3	-5847.0	-1332.0	14.7	
75.10	258.1	10.8	35.8	2.0	-104.8	39.3	-1.1	246.8	199.1	-5737.9	-1448.8	18.1	
75.15	259.3	11.0	34.4	2.0	-103.1	39.4	-5.1	245.4	190.7	-5610.1	-1491.1	14.9	
75.20	260.5	11.3	34.9	2.0	-102.6	39.5	-7.6	245.2	180.8	-5589.8	-1448.6	17.1	
75.25	261.6	11.3	37.8	2.0	-103.7	39.6	-6.6	248.8	172.7	-5694.7	-1363.8	26.1	
75.30	262.8	11.5	38.7	2.0	-105.1	39.7	-2.7	257.1	165.7	-5806.0	-1244.8	27.8	
75.35	263.9	11.6	37.7	2.0	-105.6	39.8	1.6	259.4	156.9	-5882.5	-1065.8	23.7	
75.40	265.1	11.5	35.6	2.0	-105.5	39.9	3.9	258.1	145.9	-5918.7	-880.7	16.6	
75.45	266.2	11.7	33.5	2.0	-105.4	40.0	5.0	259.2	136.5	-5930.7	-760.8	9.5	
75.50	267.3	11.8	32.2	2.0	-105.9	40.1	8.0	258.5	130.2	-5984.9	-669.0	4.5	
75.55	268.4	11.8	30.1	2.0	-106.3	40.2	10.4	258.5	124.0	-6033.3	-580.0	-2.9	
75.60	269.5	11.9	27.9	2.0	-106.9	40.3	10.2	260.7	114.2	-6086.9	-463.1	-11.2	
75.65	270.6	11.5	27.2	2.0	-108.4	40.4	11.7	260.8	102.9	-6223.8	-273.3	-15.1	
75.70	271.7	11.0	28.0	2.0	-110.6	40.5	15.0	264.1	93.9	-6390.4	-114.4	-14.6	
75.75	272.8	11.3	27.6	2.0	-112.6	40.6	19.4	269.9	88.0	-6524.7	-22.9	-17.9	
75.80	273.9	11.1	27.9	2.0	-114.2	40.7	22.2	272.0	82.4	-6646.5	42.2	-18.3	
75.85	275.0	10.6	27.2	2.0	-115.6	40.8	23.1	273.5	75.5	-6754.5	104.6	-22.1	
75.90	276.1	10.5	27.3	2.0	-117.0	40.9	22.1	276.1	70.3	-6855.1	107.3	-23.3	
75.95	277.1	10.8	27.4	2.0	-118.2	41.0	20.9	277.3	67.7	-6946.3	39.2	-24.1	
76.00	278.2	11.2	27.1	2.0	-118.7	41.1	18.7	277.9	64.7	-6982.6	-72.3	-25.6	
76.05	279.3	10.8	27.0	2.0	-118.7	41.2	16.9	276.6	60.2	-6988.1	-151.1	-26.0	
76.10	280.4	10.4	27.6	2.0	-118.3	41.3	15.4	272.0	54.6	-6976.2	-180.9	-23.4	
76.15	281.4	10.2	27.1	2.0	-116.7	41.4	13.7	267.6	47.7	-6874.7	-219.0	-23.6	
76.20	282.5	10.3	26.8	2.0	-114.6	41.5	11.8	264.9	41.9	-6725.6	-315.3	-22.5	
76.25	283.5	10.2	27.3	2.0	-112.4	41.6	12.1	260.2	37.9	-6572.1	-409.3	-18.8	
76.30	284.6	9.9	28.2	2.0	-109.8	41.7	11.2	254.9	33.9	-6385.5	-518.3	-13.2	
76.35	285.6	9.3	29.1	2.0	-107.2	41.8	8.2	251.3	27.7	-6189.2	-634.3	-7.3	
76.40	286.6	9.4	30.8	2.0	-105.2	41.9	5.4	248.3	19.7	-6038.0	-738.5	0.4	
76.45	287.6	9.7	34.1	2.0	-104.4	42.0	3.3	248.7	12.9	-5963.9	-865.5	12.8	
76.50	288.6	10.3	38.2	2.0	-104.6	42.1	0.7	250.7	6.5	-5959.0	-1011.5	26.6	
76.55	289.6	10.1	39.6	2.0	-104.6	42.2	-4.0	249.9	-2.5	-5942.4	-1135.6	31.5	
76.60	290.6	10.0	39.2	2.0	-104.3	42.3	-11.1	247.5	-12.9	-5891.6	-1267.4	30.3	
76.65	291.6	9.9	39.3	2.0	-104.7	42.4	-16.7	246.9	-21.4	-5888.1	-1385.5	30.3	
76.70	292.6	10.1	40.4	2.0	-105.3	42.5	-19.8	245.4	-27.0	-5910.3	-1475.7	33.6	
76.75	293.6	10.5	40.0	2.0	-105.1	42.6	-21.5	243.2	-31.7	-5886.2	-1543.4	32.1	
76.80	294.6	11.1	38.9	2.0	-105.1	42.7	-23.0	241.1	-38.0	-5880.7	-1555.7	28.3	
76.85	295.5	11.3	38.5	2.0	-105.7	42.8	-22.0	240.7	-45.4	-5936.7	-1487.9	26.5	
76.90	296.5	11.4	38.6	2.0	-106.4	42.9	-17.9	242.4	-50.5	-6010.0	-1377.3	26.1	
76.95	297.5	11.4	38.6	2.0	-106.1	43.0	-12.2	240.5	-53.7	-6026.8	-1233.5	26.2	
77.00	298.5	11.4	36.7	2.0	-104.6	43.1	-5.8	235.3	-58.4	-5958.5	-1038.4	21.5	
77.05	299.4	11.1	34.4	2.0	-102.4	43.2	0.7	230.4	-63.6	-5832.6	-839.9	15.8	
77.10	300.4	10.9	31.8	2.0	-100.0	43.3	7.8	225.0	-65.5	-5686.0	-672.8	9.3	
77.15	301.4	11.2	29.6	2.0	-98.0	43.4	12.7	219.6	-66.5	-5557.9	-559.2	3.7	
77.20	302.3	10.9	27.2	2.0	-96.4	43.5	15.2	214.3	-70.3	-5461.0	-460.5	-3.0	
77.25	303.3	10.3	26.5	2.0	-96.1	43.6	14.9	211.9	-75.1	-5440.9	-406.7	-5.2	
77.30	304.2	9.6	26.7	2.0	-96.7	43.7	14.2	213.3	-79.2	-5488.3	-378.9	-5.1	
77.35	305.1	9.5	27.5	2.0	-97.9	43.8	14.6	216.8	-82.8	-5561.6	-350.1	-3.4	
77.40	306.1	9.2	28.5	2.0	-98.7	43.9	13.9	218.5	-87.1	-5620.8	-321.2	-0.8	
77.45	307.0	8.5	28.3	2.0	-99.0	44.0	12.1	219.9	-92.5	-5638.2	-280.1	-1.9	
77.50	307.9	8.7	28.6	2.0	-99.5	44.1	10.6	220.2	-97.1	-5675.2	-246.6	-1.4	
77.55	308.8	8.8	28.5	2.0	-99.8	44.2	9.6	218.9	-100.2	-5699.5	-244.8	-2.0	
77.60	309.7	8.9	27.5	2.0	-99.0	44.3	5.6	217.0	-103.5	-5632.5	-307.1	-4.6	
77.65	310.6	9.4	26.4	2.0	-97.5	44.4	1.4	213.7	-109.5	-5527.5	-338.3	-7.0	
77.70	311.5	9.8	27.1	2.0	-96.4	44.5	-0.7	211.3	-116.8	-5448.7	-299.8	-3.4	
77.75	312.4	9.9	27.1	2.0	-94.3	44.6	-0.4	208.1	-123.0	-5295.7	-243.4	-1.2	
77.80	313.3	9.7	25.3	2.0	-90.9	44.7	1.5	198.0	-127.0	-5064.3	-212.2	-4.1	
77.85	314.2	9.3	23.1	2.0	-87.0	44.8	2.9	186.3	-130.4	-4796.1	-235.3	-7.5	
77.90	315.0	8.9	23.4	2.0	-83.9	44.9	2.0	180.6	-134.3	-4569.5	-317.4	-3.5	
77.95	315.9	8.8	26.3	2.0	-81.7	45.0	1.3	177.6	-137.9	-4404.3	-418.9	8.7	
78.00	316.8	8.9	27.7	2.0	-79.0	45.1	0.4	172.5	-141.0	-4195.4	-547.9	16.1	
78.05	317.7	9.2	27.8	2.0	-76.0	45.2	-0.9	166.2	-143.4	-3960.5	-691.9	19.5	
78.10	318.5	9.5	28.6	2.0	-73.9	45.3	-0.7	158.7	-146.1	-3801.3	-780.5	24.4	
78.15	319.4	9.8	29.9	2.0	-72.4	45.4	-0.8	154.2	-150.2	-3685.6	-831.6	30.3	
78.20	320.3	10.1	30.6	2.0	-70.9	45.5	-2.1	152.1	-154.5	-3554.0	-893.1	34.3	
78.25	321.1	10.5	31.2	2.0	-69.6	45.6	-4.1	148.3	-157.1	-3438.1	-980.5	37.5	
78.30	322.0	10.8	31.7	2.0	-68.8	45.7	-5.7	145.9	-158.1	-3359.3	-1069.4	39.8	
78.35	322.8	11.0	32.4	2.0	-69.0	45.8	-6.3	146.6	-159.0	-3360.1	-1112.1	42.2	
78.40	323.7	11.2	32.1	2.0	-69.3	45.9	-5.6	145.5	-161.2	-3403.1	-1057.2	40.8	
78.45	324.5	11.5	30.1	2.0	-68.7	46.0	-2.9	143.3	-165.0	-3402.5	-902.2	34.7	
78.50	325.4	11.8	28.0	2.0	-68.2	46.1	2.6	142.9	-168.5	-3415.1	-658.7	28.0	
78.55	326.2	12.0	26.9	2.0	-68.6	46.2	10.4	142.7	-171.6	-3486.4	-369.3	23.9	
78.60	327.0	11.6	25.2	2.0	-69.4	46.3	14.0	142.5	-174.5	-3560.6	-163.7	17.2	
78.65	327.8	11.3	21.9	2.0	-69.4	46.4	12.4	139.5	-178.3	-3573.0	-58.5	5.9	
78.70	328.6	11.2	18.8	2.0	-69.4	46.5	8.8	135.2	-182.5	-3583.0	1.5	-5.0	
78.75	329.5	10.6	18.3	2.0	-70.1	46.6	7.8	135.5	-185.9	-3630.6	68.8	-7.2	
78.80	330.3	10.1	17.7	2.0	-70.6	46.7	8.8	137.9	-188.1	-3658.9	140.1	-10.0	
78.85	331.1	9.7	15.8	2.0	-70.6	46.8	11.5	136.0	-191.3	-3650.2	256.5	-16.3	
78.90	331.8	10.2	14.3	2.0	-70.4	46.9	14.3	130.4	-195.6	-3640.8	385.5	-21.2	
78.95	332.6	10.9	15.2	2.0	-70.5	47.0	16.2	127.1	-198.8	-3648.0	452.9	-18.4	
79.00	333.4	11.6	16.4	2.0	-70.0	47.1	17.7	125.1	-200.0	-3612.4	427.2	-13.5	
79.05	334.2	11.4	16.9	2.0	-67.8	47.2	16.3	121.7	-199.8	-3470.6	280.7	-9.8	
79.10	335.0	11.3	16.4	2.0	-64.5	47.3	11.9	117.1	-201.0	-3244.7	78.4	-8.2	
79.15	335.8	11.2	16.3	2.0	-60.9	47.4	8.8	109.2	-203.4	-2998.9	-69.1	-5.0	
79.20	336.5	10.8	17.1	2.0	-57.5	47.5	7.7	100.3	-204.9	-2761.2	-166.6	1.3	
79.25	337.3	10.6	17.0	2.0	-53.8	47.6	7.6	92.6	-205.8	-2497.3	-246.2	4.6	
79.30	338.1	10.7	17.0	2.0	-50.3	47.7	8.0	87.2	-208.6	-2231.3	-301.9	8.2	
79.35	338.8	11.3	17.9	2.0	-47.4	47.8	8.7	83.0	-212.0	-2012.5	-347.1	14.1	
79.40	339.6	11.4	19.1	2.0	-45.1	47.9	8.7	79.2	-212.5	-1834.0	-429.7	20.6	
79.45	340.4	11.2	19.6	2.0	-43.1	48.0	8.3	73.8	-211.3	-1667.9	-521.7	24.3	
79.50	341.1	11.2	19.2	2.0	-41.5	48.1	7.5	68.7	-211.9	-1538.5	-576.6	24.4	
79.55	341.9	11.3	19.3	2.0	-40.6	48.2	5.5	67.6	-215.1	-1453.9	-596.4	25.6	
79.60	342.6	11.2	19.1	2.0	-39.9	48.3	3.5	67.7	-218.8	-1401.7	-585.4	25.7	
79.65	343.3	11.0	18.3	2.0	-39.5	48.4	1.6	65.9	-221.5	-1379.1	-561.3	23.4	
79.70	344.1	11.0	16.8	2.0	-39.5	48.5	-1.4	63.7	-224.2	-1386.0	-551.3	18.2	
79.75	344.8	10.9	16.5	2.0	-40.1	48.6	-6.1	62.2	-227.5	-1435.5	-559.5	16.5	
79.80	345.5	10.6	15.3	2.0	-40.6	48.7	-8.3	60.4	-231.1	-1488.5	-526.3	11.9	
79.85	346.2	10.3	14.0	2.0	-40.7	48.8	-8.3	59.7	-232.0	-1518.0	-480.4	7.2	
79.90	346.9	10.4	13.6	2.0	-41.0	48.9	-6.8	61.0	-231.1	-1557.0	-407.7	5.7	
79.95	347.7	10.7	13.4	2.0	-41.3	49.0	-2.6	61.4	-232.6	-1608.9	-252.5	4.8	
80.00	348.4	10.5	13.0	2.0	-41.6	49.1	1.5	59.7	-235.8	-1657.9	-86.1	3.1	
80.05	349.1	10.3	11.2	2.0	-41.5	49.2	4.4	56.5	-237.3	-1659.6	24.4	-3.0	
80.10	349.8	10.1	9.9	2.0	-40.5	49.3	6.0	51.3	-237.1	-1595.2	62.8	-6.4	
80.15	350.4	10.3	8.6	2.0	-38.4	49.4	6.4	44.3	-237.9	-1458.2	50.8	-9.1	
80.20	351.1	10.2	6.3	2.0	-35.4	49.5	6.4	36.9	-239.8	-1251.5	8.7	-13.8	
80.25	351.8	9.8	3.9	2.0	-32.3	49.6	6.8	28.3	-240.0	-1041.1	-58.5	-18.9	
80.30	352.5	10.2	2.3	2.0	-30.0	49.7	8.4	19.7	-238.4	-881.1	-109.9	-22.3	
80.35	353.2	10.3	3.9	2.0	-29.1	49.8	9.6	16.3	-237.3	-815.5	-136.8	-15.8	
80.40	353.9	10.4	6.2	2.0	-29.3	49.9	12.0	17.8	-239.0	-831.9	-100.8	-7.9	
80.45	354.6	10.2	8.1	2.0	-29.7	50.0	14.7	20.5	-241.2	-850.1	-53.8	-1.8	
80.50	355.2	9.9	7.5	2.0	-29.0	50.1	14.7	19.5	-240.4	-795.6	-90.5	-3.2	
80.55	355.9	9.8	6.8	2.0	-27.3	50.2	13.2	13.3	-239.4	-670.6	-164.1	-4.0	
80.60	356.6	10.1	6.1	2.0	-25.4	50.3	9.9	6.5	-241.4	-514.4	-246.0	-4.5	
80.65	357.3	10.8	4.9	2.0	-24.0	50.4	5.2	1.1	-244.0	-327.7	-349.7	-7.3	
80.70	357.9	11.4	3.4	2.0	-24.0	50.5	1.8	-3.6	-244.4	-166.6	-449.3	-12.4	
80.75	358.6	11.8	3.6	2.0	-24.9	50.6	-1.7	-5.4	-244.1	-102.9	-536.9	-12.5	
80.80	359.2	11.5	4.7	2.0	-25.5	50.7	-5.1	-5.1	-246.6	-109.3	-573.3	-9.4	
80.85	359.9	11.2	7.0	2.0	-25.7	50.8	-8.2	-5.2	-249.9	-124.9	-576.1	-1.7	
80.90	0.5	11.2	7.6	2.0	-25.5	50.9	-8.0	-5.6	-250.3	-105.5	-561.5	0.4	
80.95	1.1	11.4	7.5	2.0	-25.3	51.0	-6.6	-5.1	-249.0	-29.1	-561.8	0.6	
81.00	1.7	11.7	7.5	2.0	-26.1	51.1	-7.1	-10.4	-249.3	141.5	-593.4	-0.4	
81.05	2.4	12.1	8.0	2.0	-28.4	51.2	-9.9	-20.8	-251.3	350.5	-669.3	-1.0	
81.10	3.0	12.0	8.6	2.0	-31.4	51.3	-14.2	-27.4	-251.4	521.7	-807.0	-1.8	
81.15	3.6	11.9	10.3	2.0	-33.7	51.4	-17.6	-28.7	-249.9	601.1	-948.6	1.8	
81.20	4.2	11.8	11.3	2.0	-34.9	51.5	-18.7	-30.4	-250.4	652.2	-1022.0	3.8	
81.25	4.8	12.0	11.6	2.0	-36.2	51.6	-19.7	-34.4	-252.6	740.2	-1060.6	3.7	
81.30	5.4	11.9	11.4	2.0	-37.1	51.7	-17.7	-40.2	-253.1	846.2	-1050.8	2.0	
81.35	6.1	11.7	12.2	2.0	-37.5	51.8	-12.5	-47.5	-250.0	917.2	-1009.1	4.4	
81.40	6.7	11.6	12.3	2.0	-37.7	51.9	-6.8	-51.9	-246.9	989.1	-951.2	4.5	
81.45	7.3	11.3	11.7	2.0	-38.3	52.0	-3.3	-54.4	-246.8	1091.0	-897.8	2.0	
81.50	7.9	10.8	11.0	2.0	-39.0	52.1	-1.3	-59.0	-247.8	1185.8	-845.8	-1.1	
81.55	8.5	10.2	10.7	2.0	-39.7	52.2	-0.9	-62.3	-246.5	1248.2	-828.2	-2.9	
81.60	9.1	9.6	10.2	2.0	-39.3	52.3	-0.9	-62.4	-245.8	1238.2	-782.9	-4.2	
81.65	9.7	9.6	8.5	2.0	-37.7	52.4	0.3	-62.9	-248.2	1179.3	-649.2	-8.4	
81.70	10.3	10.3	6.5	2.0	-36.8	52.5	0.4	-63.7	-250.3	1159.9	-512.5	-14.6	
81.75	10.9	10.6	4.6	2.0	-36.4	52.6	1.6	-65.7	-250.1	1172.3	-380.0	-20.7	
81.80	11.4	10.7	3.1	2.0	-35.5	52.7	6.1	-67.5	-249.1	1138.7	-216.3	-24.7	
81.85	12.0	10.4	2.7	2.0	-34.2	52.8	8.6	-65.8	-248.0	1064.8	-96.1	-25.1	
81.90	12.6	10.3	1.2	2.0	-33.4	52.9	8.4	-64.7	-247.0	1014.3	-22.4	-29.2	
81.95	13.2	10.7	0.4	2.0	-32.9	53.0	7.6	-65.0	-247.3	971.7	43.5	-31.6	
82.00	13.8	11.5	0.6	2.0	-32.5	53.1	5.8	-63.4	-248.9	939.6	87.9	-30.6	
82.05	14.3	11.4	1.0	2.0	-32.7	53.2	3.1	-62.0	-250.1	957.1	87.0	-29.3	
82.10	14.9	11.2	1.6	2.0	-34.1	53.3	0.8	-66.4	-249.7	1058.8	46.0	-28.8	
82.15	15.4	11.0	1.2	2.0	-36.6	53.4	-1.9	-72.8	-249.1	1229.0	-47.5	-32.4	
82.20	16.0	10.8	2.0	2.0	-39.5	53.5	-5.9	-77.0	-249.3	1419.5	-191.1	-32.5	
82.25	16.5	10.9	4.0	2.0	-42.2	53.6	-8.7	-82.0	-248.4	1582.4	-355.9	-28.5	
82.30	17.1	11.1	5.9	2.0	-45.3	53.7	-7.8	-88.0	-244.7	1774.7	-500.9	-24.9	
82.35	17.6	11.0	8.4	2.0	-48.4	53.8	-6.3	-93.2	-241.0	1970.8	-627.2	-19.5	
82.40	18.2	10.6	10.6	2.0	-50.6	53.9	-6.1	-98.0	-241.5	2109.1	-706.1	-14.1	
82.45	18.7	10.2	12.6	2.0	-52.7	54.0	-7.5	-102.1	-243.5	2235.2	-784.5	-9.6	
82.50	19.3	10.1	14.2	2.0	-55.3	54.1	-9.2	-105.8	-241.5	2383.8	-918.5	-6.5	
82.55	19.8	10.5	15.7	2.0	-58.6	54.2	-9.7	-112.9	-237.6	2572.4	-1064.7	-4.7	
82.60	20.4	10.8	16.9	2.0	-62.0	54.3	-13.1	-119.9	-237.1	2769.7	-1207.6	-4.0	
82.65	20.9	10.7	16.5	2.0	-64.7	54.4	-16.6	-123.8	-239.6	2944.4	-1278.2	-7.9	
82.70	21.4	11.2	16.3	2.0	-66.0	54.5	-16.4	-126.5	-238.9	3051.0	-1273.8	-10.1	
82.75	22.0	11.8	15.7	2.0	-66.0	54.6	-11.8	-128.5	-235.7	3078.2	-1183.4	-12.1	
82.80	22.5	12.4	15.7	2.0	-64.5	54.7	-8.4	-128.0	-236.0	3016.7	-1034.2	-10.5	
82.85	23.0	12.5	14.7	2.0	-62.4	54.8	-6.6	-125.6	-239.5	2911.6	-843.9	-11.8	
82.90	23.6	12.8	12.8	2.0	-60.7	54.9	-4.3	-122.8	-240.0	2835.2	-666.7	-16.8	
82.95	24.1	13.3	11.5	2.0	-59.7	55.0	-1.4	-122.3	-236.5	2789.3	-539.2	-20.3	
83.00	24.6	13.0	10.3	2.0	-59.0	55.1	0.1	-123.2	-235.3	2757.0	-427.7	-23.7	
83.05	25.1	13.0	8.5	2.0	-58.7	55.2	-1.2	-124.1	-237.6	2740.3	-316.2	-29.5	
83.10	25.6	13.4	6.2	2.0	-58.7	55.3	-1.7	-126.5	-238.2	2747.4	-192.8	-37.5	
83.15	26.2	13.5	4.5	2.0	-58.3	55.4	1.0	-127.0	-236.3	2721.2	-32.8	-42.9	
83.20	26.7	13.7	4.0	2.0	-57.3	55.5	5.2	-123.8	-236.3	2650.4	163.6	-43.6	
83.25	27.2	13.9	4.2	2.0	-56.5	55.6	7.6	-122.1	-237.2	2578.9	318.2	-42.1	
83.30	27.7	13.9	3.5	2.0	-56.9	55.7	9.7	-123.9	-235.8	2596.9	411.0	-44.9	
83.35	28.2	13.8	3.3	2.0	-58.0	55.8	14.0	-126.9	-231.9	2663.1	467.1	-46.8	
83.40	28.7	13.7	3.8	2.0	-58.8	55.9	18.1	-130.6	-228.3	2713.4	482.3	-45.8	
83.45	29.2	14.5	3.7	2.0	-60.1	56.0	18.5	-136.0	-226.8	2807.7	427.9	-47.3	
83.50	29.7	15.0	3.3	2.0	-62.0	56.1	15.6	-142.1	-225.4	2950.3	302.3	-50.8	
83.55	30.2	15.3	3.8	2.0	-63.4	56.2	13.4	-146.6	-223.5	3051.7	172.8	-50.5	
83.60	30.7	15.5	5.3	2.0	-63.9	56.3	12.8	-147.6	-222.4	3092.0	77.6	-45.6	
83.65	31.1	15.8	6.4	2.0	-64.9	56.4	10.5	-147.8	-222.1	3170.6	-17.2	-43.0	
83.70	31.6	16.0	6.6	2.0	-67.3	56.5	8.1	-153.6	-221.4	3334.8	-113.6	-44.6	
83.75	32.1	15.6	7.6	2.0	-70.2	56.6	8.3	-162.5	-219.4	3526.9	-190.8	-44.2	
83.80	32.6	15.5	8.8	2.0	-72.3	56.7	9.8	-165.5	-216.7	3676.5	-263.1	-42.2	
83.85	33.1	15.5	9.7	2.0	-73.3	56.8	11.0	-163.8	-215.5	3750.7	-298.8	-39.8	
83.90	33.6	15.5	10.6	2.0	-74.4	56.9	9.3	-165.5	-215.0	3827.8	-348.9	-37.9	
83.95	34.0	15.3	10.6	2.0	-75.6	57.0	4.9	-168.2	-214.9	3901.1	-437.6	-39.3	
84.00	34.5	15.3	11.3	2.0	-75.2	57.1	1.8	-166.9	-216.2	3872.6	-482.1	-36.5	
84.05	35.0	15.4	13.1	2.0	-74.5	57.2	0.1	-165.5	-217.3	3820.3	-487.2	-29.5	
84.10	35.4	15.5	12.1	2.0	-75.1	57.3	-2.7	-165.1	-216.9	3865.0	-510.1	-33.5	
84.15	35.9	15.3	10.3	2.0	-76.8	57.4	-5.5	-167.8	-216.6	3979.2	-544.5	-41.4	
84.20	36.4	14.7	10.3	2.0	-77.5	57.5	-6.6	-172.3	-216.3	4020.4	-556.9	-42.2	
84.25	36.8	14.1	10.1	2.0	-77.0	57.6	-6.4	-171.3	-215.4	3990.3	-535.8	-42.4	
84.30	37.3	13.7	9.7	2.0	-76.0	57.7	-5.4	-168.0	-212.8	3926.8	-501.9	-42.6	
84.35	37.8	13.4	9.3	2.0	-75.2	57.8	-2.4	-167.8	-211.0	3877.7	-410.0	-43.2	
84.40	38.2	12.9	9.7	2.0	-75.2	57.9	-2.5	-168.6	-211.5	3884.8	-343.1	-41.7	
84.45	38.7	12.8	9.7	2.0	-75.1	58.0	-1.5	-169.3	-212.1	3878.2	-279.9	-41.7	
84.50	39.1	13.2	9.0	2.0	-75.1	58.1	2.6	-171.5	-208.9	3878.5	-237.8	-44.2	
84.55	39.6	13.8	8.2	2.0	-76.3	58.2	4.4	-175.6	-202.7	3962.5	-278.0	-48.1	
84.60	40.0	13.9	6.9	2.0	-78.1	58.3	4.4	-182.6	-200.6	4077.8	-290.7	-54.4	
84.65	40.5	13.8	6.3	2.0	-78.9	58.4	5.4	-186.5	-202.0	4126.8	-216.9	-57.1	
84.70	40.9	13.9	5.8	2.0	-78.8	58.5	9.0	-185.4	-199.6	4131.4	-120.7	-58.8	
84.75	41.4	13.7	5.5	2.0	-78.5	58.6	15.4	-185.1	-193.5	4114.8	-13.3	-59.7	
84.80	41.8	13.3	5.0	2.0	-78.7	58.7	19.8	-187.3	-191.2	4120.4	114.4	-61.4	
84.85	42.3	13.7	4.5	2.0	-79.5	58.8	19.9	-190.5	-193.3	4164.4	229.8	-64.1	
84.90	42.7	13.9	3.9	2.0	-80.1	58.9	21.2	-192.0	-193.6	4200.6	333.9	-66.6	
84.95	43.1	13.9	3.8	2.0	-80.4	59.0	25.1	-192.8	-188.9	4218.6	384.5	-67.3	
85.00	43.6	14.1	3.5	2.0	-80.4	59.1	25.1	-194.2	-184.4	4219.6	349.1	-68.3	
85.05	44.0	14.4	2.7	2.0	-80.4	59.2	20.9	-196.6	-185.7	4216.0	328.7	-71.1	
85.10	44.4	14.5	2.3	2.0	-80.7	59.3	17.4	-197.0	-188.4	4235.6	368.1	-72.8	
85.15	44.9	14.3	2.3	2.0	-81.5	59.4	18.5	-194.8	-187.4	4294.6	445.4	-73.8	
85.20	45.3	14.1	3.1	2.0	-81.5	59.5	21.9	-192.8	-184.3	4295.7	505.0	-70.8	
85.25	45.7	14.1	4.1	2.0	-81.5	59.6	22.2	-194.3	-184.1	4291.6	517.5	-67.5	
85.30	46.1	14.4	3.8	2.0	-82.4	59.7	16.9	-196.6	-185.5	4355.6	444.4	-69.3	
85.35	46.5	14.1	3.9	2.0	-83.5	59.8	11.7	-198.6	-185.1	4450.9	326.7	-70.1	
85.40	47.0	13.9	4.7	2.0	-84.4	59.9	9.3	-198.0	-182.4	4525.4	175.9	-68.3	
85.45	47.4	13.7	6.3	2.0	-85.3	60.0	6.2	-197.2	-180.1	4603.5	-27.7	-63.8	
85.50	47.8	13.2	7.6	2.0	-86.5	60.1	0.8	-200.4	-179.3	4683.7	-248.4	-60.3	
85.55	48.2	13.3	8.1	2.0	-87.8	60.2	-2.5	-206.6	-179.0	4753.6	-398.1	-59.9	
85.60	48.6	13.8	8.6	2.0	-89.1	60.3	-3.9	-210.4	-177.5	4831.4	-504.1	-59.7	
85.65	49.0	14.0	9.9	2.0	-90.4	60.4	-4.2	-212.3	-175.1	4912.7	-614.2	-56.3	
85.70	49.4	14.0	11.3	2.0	-91.9	60.5	-4.0	-214.8	-172.8	5005.7	-739.7	-53.2	
85.75	49.8	13.7	12.6	2.0	-94.3	60.6	-5.0	-218.1	-169.3	5156.9	-886.1	-50.9	
85.80	50.2	13.1	13.3	2.0	-96.4	60.7	-6.3	-223.5	-166.0	5289.1	-992.9	-50.6	
85.85	50.6	13.1	12.8	2.0	-97.7	60.8	-6.9	-228.4	-164.5	5369.4	-1019.2	-53.8	
85.90	51.0	13.4	12.9	2.0	-98.1	60.9	-8.3	-229.3	-163.3	5396.2	-1034.4	-53.7	
85.95	51.4	13.8	13.8	2.0	-97.8	61.0	-7.2	-229.3	-161.0	5373.8	-1014.3	-50.3	
86.00	51.8	13.8	13.4	2.0	-96.7	61.1	-2.6	-228.6	-159.0	5322.2	-891.1	-50.6	
86.05	52.2	13.8	13.0	2.0	-95.9	61.2	-1.6	-227.1	-157.7	5281.1	-764.0	-51.4	
86.10	52.6	14.0	10.8	2.0	-95.2	61.3	-0.3	-230.0	-157.6	5240.3	-607.2	-58.0	
86.15	53.0	14.1	9.0	2.0	-94.6	61.4	3.1	-233.8	-156.6	5204.1	-452.2	-63.7	
86.20	53.4	14.4	7.8	2.0	-93.7	61.5	6.1	-232.1	-153.1	5147.0	-346.4	-66.8	
86.25	53.8	14.7	6.7	2.0	-92.1	61.6	9.0	-227.1	-150.6	5050.9	-190.8	-69.2	
86.30	54.2	14.5	5.2	2.0	-90.3	61.7	11.2	-222.7	-151.2	4932.5	39.6	-72.4	
86.35	54.5	14.4	3.7	2.0	-89.3	61.8	11.3	-220.0	-152.2	4855.2	248.2	-76.5	
86.40	54.9	14.4	3.8	2.0	-89.3	61.9	14.3	-221.7	-151.8	4835.0	444.2	-76.3	
86.45	55.3	14.3	3.3	2.0	-89.3	62.0	19.0	-224.0	-150.3	4815.1	610.5	-77.9	
86.50	55.7	14.4	2.5	2.0	-89.8	62.1	21.0	-223.1	-149.1	4840.5	710.4	-81.4	
86.55	56.1	14.5	0.9	2.0	-91.5	62.2	20.1	-225.1	-148.8	4955.0	745.1	-88.4	
86.60	56.5	14.3	0.1	2.0	-92.9	62.3	19.7	-230.3	-147.4	5052.2	729.8	-92.6	
86.65	56.9	14.4	1.4	2.0	-92.9	62.4	18.8	-230.4	-143.8	5065.9	644.5	-88.1	
86.70	57.3	14.6	2.6	2.0	-92.2	62.5	19.9	-226.2	-140.9	5032.0	606.6	-83.4	
86.75	57.7	15.0	4.3	2.0	-93.3	62.6	23.2	-227.7	-138.8	5112.0	637.7	-78.7	
86.80	58.0	15.0	4.7	2.0	-96.4	62.7	24.2	-235.5	-136.9	5324.4	632.6	-80.3	
86.85	58.4	15.0	4.9	2.0	-99.6	62.8	23.5	-243.5	-136.2	5549.8	577.6	-82.7	
86.90	58.8	15.5	6.1	2.0	-101.0	62.9	22.7	-246.1	-134.4	5664.6	454.3	-80.0	
86.95	59.2	15.2	7.2	2.0	-101.9	63.0	18.6	-246.5	-129.7	5750.8	216.0	-77.0	
87.00	59.5	15.0	7.4	2.0	-103.7	63.1	10.6	-249.9	-125.7	5886.1	-62.7	-78.3	
87.05	59.9	15.3	8.0	2.0	-105.5	63.2	3.1	-252.9	-126.1	6008.2	-244.9	-77.9	
87.10	60.3	15.3	9.5	2.0	-106.8	63.3	0.1	-253.3	-126.7	6100.3	-324.2	-74.0	
87.15	60.7	15.4	10.2	2.0	-107.8	63.4	2.3	-255.3	-123.4	6173.1	-366.8	-72.8	
87.20	61.0	15.7	10.5	2.0	-108.6	63.5	4.3	-258.7	-119.8	6221.9	-404.7	-72.6	
87.25	61.4	15.7	10.6	2.0	-109.3	63.6	2.8	-259.5	-120.0	6270.3	-418.6	-73.0	
87.30	61.8	15.7	10.8	2.0	-110.1	63.7	0.2	-258.6	-121.5	6338.7	-413.3	-73.2	
87.35	62.1	15.7	11.6	2.0	-111.3	63.8	-0.0	-259.9	-119.9	6421.0	-421.9	-71.5	
87.40	62.5	15.1	11.6	2.0	-112.3	63.9	-0.3	-261.0	-116.1	6496.6	-474.3	-72.5	
87.45	62.9	14.5	11.4	2.0	-112.7	64.0	-3.1	-261.3	-115.2	6519.7	-516.8	-73.5	
87.50	63.2	14.0	11.8	2.0	-112.2	64.1	-4.7	-260.7	-118.1	6489.7	-443.4	-71.6	
87.55	63.6	14.0	11.1	2.0	-112.3	64.2	-4.4	-261.3	-119.3	6498.2	-330.5	-74.2	
87.60	64.0	14.0	9.9	2.0	-112.2	64.3	-2.1	-260.4	-117.6	6504.1	-231.8	-78.4	
87.65	64.3	13.9	9.9	2.0	-111.0	64.4	2.5	-259.1	-115.9	6419.8	-135.8	-77.0	
87.70	64.7	14.4	9.7	2.0	-109.5	64.5	7.6	-259.8	-114.3	6308.3	-50.0	-76.3	
87.75	65.1	14.5	8.1	2.0	-108.9	64.6	10.0	-261.0	-111.9	6256.4	4.2	-80.9	
87.80	65.4	14.4	6.1	2.0	-108.1	64.7	10.2	-260.3	-110.3	6202.0	58.7	-87.1	
87.85	65.8	14.3	5.7	2.0	-106.6	64.8	11.7	-256.7	-110.4	6093.2	148.7	-87.0	
87.90	66.2	14.1	6.3	2.0	-104.9	64.9	13.7	-254.1	-108.6	5971.7	197.9	-83.4	
87.95	66.5	13.9	6.5	2.0	-103.1	65.0	15.2	-253.1	-104.2	5839.9	199.5	-80.7	
88.00	66.9	13.4	5.0	2.0	-101.4	65.1	16.2	-250.1	-101.8	5721.7	261.0	-84.3	
88.05	67.2	13.7	3.8	2.0	-100.6	65.2	17.4	-248.2	-101.6	5661.2	371.7	-87.5	
88.10	67.6	14.1	2.8	2.0	-100.7	65.3	19.9	-250.4	-99.5	5658.8	455.9	-91.0	
88.15	67.9	14.5	1.9	2.0	-101.2	65.4	23.1	-254.3	-95.0	5681.8	481.7	-94.8	
88.20	68.3	14.6	1.5	2.0	-100.7	65.5	25.7	-253.8	-91.3	5647.9	499.1	-95.4	
88.25	68.6	14.7	1.3	2.0	-99.9	65.6	26.2	-252.1	-89.7	5591.3	533.2	-95.4	
88.30	69.0	14.8	0.7	2.0	-99.8	65.7	25.6	-254.3	-88.4	5573.0	560.6	-97.5	
88.35	69.3	15.2	0.3	2.0	-99.5	65.8	23.6	-255.6	-87.1	5553.4	541.9	-98.4	
88.40	69.7	15.4	0.7	2.0	-98.2	65.9	22.2	-252.0	-86.7	5466.2	506.9	-95.8	
88.45	70.0	15.5	1.9	2.0	-96.5	66.0	21.8	-248.1	-85.2	5357.9	436.3	-89.9	
88.50	70.4	15.1	1.4	2.0	-96.7	66.1	20.4	-250.4	-83.1	5375.6	339.7	-91.9	
88.55	70.8	15.0	0.6	2.0	-98.5	66.2	15.1	-255.1	-82.9	5503.0	227.5	-96.3	
88.60	71.1	15.1	1.0	2.0	-99.3	66.3	9.9	-256.3	-86.0	5558.6	152.3	-95.9	
88.65	71.5	15.4	2.8	2.0	-98.4	66.4	7.0	-251.8	-86.3	5509.9	30.9	-88.8	
88.70	71.8	15.5	4.3	2.0	-97.9	66.5	5.2	-248.0	-81.3	5481.4	-181.4	-83.0	
88.75	72.2	15.5	5.0	2.0	-98.8	66.6	4.2	-250.2	-78.1	5536.7	-337.1	-81.5	
88.80	72.5	15.1	6.3	2.0	-100.1	66.7	1.2	-253.0	-80.9	5626.0	-402.4	-78.5	
88.85	72.8	14.9	6.9	2.0	-101.9	66.8	-1.3	-254.6	-83.5	5753.6	-460.4	-78.1	
88.90	73.2	14.8	7.6	2.0	-103.8	66.9	-0.2	-256.7	-80.0	5877.2	-578.5	-77.6	
88.95	73.5	15.0	8.6	2.0	-105.2	67.0	2.5	-260.0	-74.5	5968.1	-705.6	-75.8	
89.00	73.9	15.0	9.7	2.0	-106.5	67.1	0.5	-262.6	-73.4	6050.4	-786.5	-73.0	
89.05	74.2	15.0	9.9	2.0	-107.8	67.2	-5.0	-263.0	-74.9	6142.4	-820.5	-73.9	
89.10	74.5	15.2	8.7	2.0	-109.3	67.3	-5.7	-265.8	-73.5	6250.9	-810.1	-79.6	
89.15	74.9	14.9	8.9	2.0	-110.0	67.4	-2.5	-267.5	-67.5	6304.9	-817.0	-79.3	
89.20	75.2	14.6	9.1	2.0	-109.9	67.5	0.5	-266.6	-63.2	6302.4	-784.9	-78.5	
89.25	75.5	14.9	9.1	2.0	-109.5	67.6	2.7	-267.3	-62.8	6290.8	-649.6	-78.3	
89.30	75.8	15.1	8.4	2.0	-109.7	67.7	5.4	-270.6	-62.4	6315.7	-453.2	-80.9	
89.35	76.2	15.1	7.2	2.0	-109.8	67.8	7.4	-270.6	-59.9	6331.9	-282.5	-85.1	
89.40	76.5	14.9	6.4	2.0	-108.4	67.9	10.2	-265.2	-56.5	6250.9	-134.2	-86.5	
89.45	76.8	14.6	6.3	2.0	-107.1	68.0	14.6	-263.5	-53.4	6161.1	23.7	-85.5	
89.50	77.1	14.4	5.0	2.0	-107.5	68.1	17.0	-266.6	-50.8	6177.6	178.2	-90.4	
89.55	77.5	14.0	2.8	2.0	-109.5	68.2	18.0	-271.0	-50.0	6306.7	369.2	-99.7	
89.60	77.8	14.0	1.7	2.0	-111.1	68.3	22.9	-274.3	-51.5	6400.8	637.8	-105.4	
89.65	78.1	13.8	1.6	2.0	-112.0	68.4	29.6	-276.0	-51.2	6433.5	850.3	-106.6	
89.70	78.5	13.6	1.1	2.0	-112.5	68.5	33.2	-277.6	-47.9	6462.3	930.8	-108.9	
89.75	78.8	13.4	1.3	2.0	-112.0	68.6	34.1	-276.7	-46.2	6411.8	994.3	-107.3	
89.80	79.1	13.6	1.5	2.0	-110.7	68.7	33.6	-271.3	-48.2	6309.0	1104.8	-105.7	
89.85	79.4	13.9	2.2	2.0	-109.6	68.8	32.3	-265.9	-48.6	6240.0	1137.9	-102.1	
89.90	79.8	14.2	2.5	2.0	-108.7	68.9	33.7	-265.0	-45.5	6178.6	1080.8	-100.2	
89.95	80.1	14.3	1.6	2.0	-108.0	69.0	35.6	-266.3	-42.7	6143.4	999.1	-102.5	
90.00	80.4	14.4	0.9	2.0	-108.1	69.1	33.5	-265.6	-42.0	6166.8	915.2	-105.0	
90.05	80.7	14.7	0.8	2.0	-108.8	69.2	30.9	-267.3	-43.1	6220.4	871.9	-106.1	
90.10	81.0	14.9	1.2	2.0	-109.0	69.3	29.5	-269.8	-42.7	6236.0	797.5	-104.7	
90.15	81.3	15.0	2.4	2.0	-107.9	69.4	26.6	-266.8	-38.6	6191.2	601.6	-99.6	
90.20	81.6	14.8	3.7	2.0	-106.2	69.5	23.3	-262.0	-33.9	6098.0	384.6	-93.6	
90.25	82.0	14.8	4.4	2.0	-105.9	69.6	20.3	-262.4	-32.0	6078.9	241.1	-90.8	
90.30	82.3	14.7	4.3	2.0	-107.6	69.7	15.1	-267.1	-31.6	6199.4	98.0	-92.8	
90.35	82.6	14.2	3.9	2.0	-109.9	69.8	11.0	-272.8	-29.9	6360.9	-66.5	-96.5	
90.40	82.9	14.1	4.3	2.0	-111.2	69.9	11.7	-278.3	-26.5	6441.7	-205.5	-96.5	
90.45	83.2	13.9	5.5	2.0	-111.4	70.0	12.3	-280.4	-22.9	6448.5	-329.3	-92.5	
90.50	83.5	13.7	6.0	2.0	-111.1	70.1	8.2	-278.4	-21.0	6432.0	-442.1	-90.5	
90.55	83.8	13.7	6.3	2.0	-110.4	70.2	2.1	-275.7	-20.7	6374.5	-535.2	-88.7	
90.60	84.1	13.8	7.1	2.0	-108.9	70.3	-1.0	-273.1	-19.9	6266.4	-615.1	-84.7	
90.65	84.4	13.8	7.5	2.0	-107.9	70.4	-2.6	-269.2	-16.8	6185.3	-726.7	-82.1	
90.70	84.7	13.7	7.3	2.0	-107.8	70.5	-3.6	-267.4	-13.6	6176.7	-814.4	-82.7	
90.75	85.0	13.8	6.9	2.0	-108.1	70.6	-4.1	-269.8	-13.5	6193.3	-812.8	-84.4	
90.80	85.3	14.0	6.1	2.0	-108.0	70.7	-5.1	-271.5	-15.7	6188.7	-755.9	-87.1	
90.85	85.5	14.4	5.8	2.0	-107.3	70.8	-5.7	-268.8	-16.3	6149.4	-714.0	-87.4	
90.90	85.8	14.4	6.0	2.0	-105.9	70.9	-2.9	-264.9	-13.2	6057.9	-670.6	-85.2	
90.95	86.1	14.4	6.2	2.0	-104.2	71.0	1.5	-261.4	-11.0	5950.5	-564.6	-82.8	
91.00	86.4	14.4	5.8	2.0	-103.7	71.1	3.2	-259.9	-11.7	5927.9	-423.1	-83.7	
91.05	86.7	14.3	4.7	2.0	-104.9	71.2	4.9	-262.5	-12.5	6018.3	-269.9	-88.6	
91.10	87.0	14.2	3.8	2.0	-106.3	71.3	10.5	-267.1	-10.6	6122.4	-100.8	-93.3	
91.15	87.3	14.0	3.3	2.0	-106.9	71.4	18.1	-268.1	-7.7	6160.4	87.1	-95.6	
91.20	87.6	14.4	2.4	2.0	-106.7	71.5	21.6	-265.2	-6.5	6149.1	249.6	-98.3	
91.25	87.9	14.8	1.5	2.0	-106.5	71.6	21.9	-265.6	-6.6	6126.8	400.7	-101.2	
91.30	88.2	15.3	0.7	2.0	-106.6	71.7	22.6	-268.2	-5.5	6119.5	538.3	-104.2	
91.35	88.4	15.3	0.1	2.0	-106.8	71.8	25.8	-268.9	-2.1	6123.6	658.7	-106.4	
91.40	88.7	15.1	-0.1	2.0	-106.3	71.9	29.1	-266.0	1.5	6083.0	756.8	-106.8	
91.45	89.0	14.7	-0.8	2.0	-105.7	72.0	31.2	-264.5	4.5	6027.6	827.0	-108.3	
91.50	89.3	14.5	-1.3	2.0	-105.9	72.1	31.2	-268.0	7.3	6027.4	856.8	-110.2	
91.55	89.6	14.6	-2.1	2.0	-106.2	72.2	28.8	-270.0	9.7	6043.2	848.4	-113.3	
91.60	89.8	15.0	-2.3	2.0	-105.9	72.3	27.7	-266.5	10.7	6024.4	857.7	-113.9	
91.65	90.1	15.5	-1.2	2.0	-105.5	72.4	28.5	-263.4	12.6	6009.4	838.4	-109.8	
91.70	90.4	15.8	-0.5	2.0	-106.3	72.5	28.1	-266.0	16.6	6067.9	740.7	-108.0	
91.75	90.7	15.9	-0.6	2.0	-108.0	72.6	24.8	-272.9	19.1	6190.4	603.9	-109.9	
91.80	90.9	15.9	-0.0	2.0	-109.2	72.7	20.4	-275.5	18.0	6286.3	486.5	-109.3	
91.85	91.2	15.5	1.1	2.0	-109.5	72.8	17.3	-273.5	17.5	6325.7	350.9	-105.7	
91.90	91.5	15.0	2.5	2.0	-109.8	72.9	15.7	-272.4	19.7	6357.5	166.8	-101.0	
91.95	91.8	15.1	3.3	2.0	-109.9	73.0	12.7	-271.1	21.3	6375.3	-51.3	-98.6	
92.00	92.0	15.3	4.2	2.0	-110.1	73.1	7.6	-271.5	19.5	6383.9	-228.9	-95.8	
92.05	92.3	15.5	5.3	2.0	-110.2	73.2	3.6	-273.1	16.8	6388.5	-346.2	-92.1	
92.10	92.6	15.9	6.0	2.0	-110.5	73.3	1.1	-272.1	16.9	6399.5	-493.2	-89.9	
92.15	92.9	15.4	6.4	2.0	-110.6	73.4	0.7	-269.6	19.1	6400.6	-641.8	-88.5	
92.20	93.1	15.0	7.4	2.0	-110.2	73.5	0.6	-267.8	20.3	6363.6	-736.7	-84.8	
92.25	93.4	14.7	7.8	2.0	-109.4	73.6	-1.6	-266.3	19.5	6299.2	-790.2	-82.7	
92.30	93.7	14.3	7.4	2.0	-108.9	73.7	-5.3	-265.6	19.3	6256.7	-839.0	-83.5	
92.35	93.9	14.1	7.1	2.0	-108.3	73.8	-6.8	-264.3	20.8	6213.4	-855.1	-84.1	
92.40	94.2	14.0	7.5	2.0	-107.7	73.9	-3.8	-263.6	22.1	6175.0	-787.2	-81.8	
92.45	94.5	14.3	7.4	2.0	-107.5	74.0	-0.6	-264.5	23.9	6173.2	-697.1	-82.2	
92.50	94.7	14.4	5.8	2.0	-108.1	74.1	0.9	-267.5	26.7	6216.3	-608.9	-88.4	
92.55	95.0	14.3	4.0	2.0	-108.5	74.2	3.2	-271.0	29.1	6247.6	-464.3	-94.8	
92.60	95.2	14.2	3.3	2.0	-108.0	74.3	6.0	-270.6	30.7	6220.7	-292.2	-96.6	
92.65	95.5	14.6	3.2	2.0	-106.7	74.4	9.4	-267.0	33.0	6131.4	-133.3	-95.6	
92.70	95.8	15.1	2.8	2.0	-105.5	74.5	14.2	-265.9	36.8	6045.8	12.7	-96.0	
92.75	96.0	14.8	1.7	2.0	-105.0	74.6	17.2	-266.7	39.7	6001.7	152.9	-99.3	
92.80	96.3	14.6	0.2	2.0	-104.7	74.7	17.7	-265.6	38.9	5968.9	326.4	-103.9	
92.85	96.5	14.3	-0.3	2.0	-104.2	74.8	19.4	-263.6	38.0	5931.3	492.8	-105.4	
92.90	96.8	14.3	-1.0	2.0	-104.3	74.9	24.3	-264.6	41.2	5920.2	601.2	-107.6	
92.95	97.1	14.1	-1.2	2.0	-104.1	75.0	28.2	-263.9	44.7	5897.5	682.6	-108.1	
93.00	97.3	13.8	-1.1	2.0	-103.5	75.1	29.7	-259.2	44.0	5846.3	794.3	-107.1	
93.05	97.6	13.3	-1.0	2.0	-103.1	75.2	30.6	-256.3	42.6	5814.9	895.5	-106.5	
93.10	97.8	13.1	-0.9	2.0	-103.4	75.3	32.4	-258.0	43.9	5820.3	946.5	-106.7	
93.15	98.1	12.9	-1.0	2.0	-103.7	75.4	34.9	-258.6	45.3	5839.3	967.4	-107.2	
93.20	98.3	12.9	-0.7	2.0	-103.6	75.5	35.8	-255.8	44.5	5838.2	959.7	-106.2	
93.25	98.6	12.8	-0.5	2.0	-103.4	75.6	35.3	-254.5	43.4	5829.9	927.5	-104.9	
93.30	98.9	12.7	-0.4	2.0	-103.9	75.7	33.5	-258.2	43.9	5868.5	851.7	-105.2	
93.35	99.1	12.7	-0.4	2.0	-104.4	75.8	30.7	-260.8	45.1	5918.5	736.4	-105.8	
93.40	99.4	12.9	-0.3	2.0	-103.9	75.9	27.8	-256.8	45.7	5903.2	627.0	-105.0	
93.45	99.6	13.1	0.5	2.0	-103.1	76.0	26.0	-253.1	45.8	5862.6	532.5	-101.2	
93.50	99.9	13.2	1.1	2.0	-103.1	76.1	23.7	-255.1	47.5	5866.3	397.4	-99.3	
93.55	100.1	13.2	1.3	2.0	-103.4	76.2	20.0	-258.1	49.5	5891.2	243.7	-98.8	
93.60	100.4	13.3	1.8	2.0	-103.6	76.3	17.5	-258.2	49.9	5910.4	138.4	-97.3	
93.65	100.6	13.5	2.5	2.0	-103.6	76.4	16.5	-257.6	51.1	5909.6	42.1	-94.8	
93.70	100.9	14.2	3.1	2.0	-103.6	76.5	14.4	-259.1	54.2	5903.0	-100.3	-92.9	
93.75	101.1	14.3	3.4	2.0	-103.7	76.6	10.1	-260.7	57.3	5901.5	-275.3	-92.1	
93.80	101.3	13.8	3.8	2.0	-103.9	76.7	6.7	-260.8	59.1	5906.9	-405.0	-90.9	
93.85	101.6	13.9	4.6	2.0	-104.1	76.8	4.9	-259.4	60.0	5919.1	-464.5	-88.2	
93.90	101.8	13.7	5.2	2.0	-104.7	76.9	4.2	-259.7	62.4	5963.9	-503.1	-87.1	
93.95	102.1	13.3	5.0	2.0	-105.4	77.0	4.6	-261.7	65.7	6004.5	-530.6	-88.4	
94.00	102.3	13.1	5.1	2.0	-105.2	77.1	4.6	-262.3	66.0	5989.0	-512.4	-87.8	
94.05	102.6	13.0	5.3	2.0	-104.4	77.2	4.2	-260.7	65.2	5934.0	-476.2	-86.2	
94.10	102.8	13.0	5.1	2.0	-103.8	77.3	5.0	-258.4	66.6	5899.9	-452.3	-86.4	
94.15	103.0	13.0	4.8	2.0	-103.6	77.4	7.0	-256.7	68.8	5890.5	-414.3	-87.0	
94.20	103.3	12.8	4.5	2.0	-103.2	77.5	9.4	-254.1	69.2	5869.8	-337.7	-87.9	
94.25	103.5	12.7	3.5	2.0	-102.9	77.6	11.5	-253.4	68.6	5856.7	-236.0	-90.9	
94.30	103.8	13.1	2.8	2.0	-103.4	77.7	14.6	-256.6	69.1	5882.5	-109.8	-93.7	
94.35	104.0	13.3	2.7	2.0	-103.7	77.8	18.7	-258.1	70.0	5906.0	52.6	-94.3	
94.40	104.2	13.4	2.8	2.0	-103.5	77.9	24.0	-254.8	69.3	5891.6	264.1	-93.9	
94.45	104.5	13.4	3.0	2.0	-103.2	78.0	28.3	-251.4	69.2	5867.8	448.0	-93.0	
94.50	104.7	13.8	2.5	2.0	-103.5	78.1	30.6	-252.5	70.9	5870.7	567.5	-94.9	
94.55	105.0	14.3	1.3	2.0	-104.0	78.2	31.1	-254.2	72.4	5896.4	656.9	-99.4	
94.60	105.2	14.9	0.6	2.0	-104.4	78.3	31.5	-254.0	72.8	5913.3	751.5	-102.4	
94.65	105.4	14.6	0.0	2.0	-104.4	78.4	33.6	-253.3	74.4	5901.0	842.7	-104.3	
94.70	105.7	14.3	-0.8	2.0	-104.5	78.5	36.4	-254.1	78.1	5893.1	909.0	-107.3	
94.75	105.9	14.1	-1.0	2.0	-104.4	78.6	38.0	-254.9	80.5	5871.9	977.5	-107.8	
94.80	106.1	14.4	-0.9	2.0	-104.0	78.7	39.1	-254.3	80.9	5821.9	1066.5	-107.0	
94.85	106.4	14.4	-0.9	2.0	-104.0	78.8	41.3	-255.7	82.8	5803.8	1136.0	-107.0	
94.90	106.6	14.3	-1.1	2.0	-104.1	78.9	42.2	-255.6	86.4	5810.8	1135.3	-107.9	
94.95	106.8	14.4	-0.8	2.0	-103.8	79.0	41.0	-252.2	88.8	5806.0	1081.6	-106.5	
95.00	107.0	14.4	-0.6	2.0	-103.5	79.1	38.7	-251.9	89.8	5797.8	993.5	-105.5	
95.05	107.3	14.4	-1.0	2.0	-103.5	79.2	34.3	-255.1	90.9	5812.5	852.7	-106.9	
95.10	107.5	15.1	-1.4	2.0	-103.6	79.3	28.4	-256.4	92.8	5836.9	681.5	-108.2	
95.15	107.7	15.4	-1.1	2.0	-103.2	79.4	26.7	-254.1	94.0	5823.4	585.9	-106.9	
95.20	107.9	15.5	0.2	2.0	-102.5	79.5	28.7	-251.8	95.2	5785.2	544.6	-101.9	
95.25	108.2	15.2	0.8	2.0	-102.2	79.6	28.8	-251.9	96.4	5768.1	473.5	-99.6	
95.30	108.4	14.6	1.1	2.0	-102.2	79.7	25.4	-253.3	96.6	5770.1	356.0	-98.3	
95.35	108.6	14.0	1.7	2.0	-102.2	79.8	22.7	-254.4	95.5	5774.7	245.0	-96.5	
95.40	108.8	13.6	2.5	2.0	-102.5	79.9	21.3	-254.3	95.9	5803.5	117.1	-94.0	
95.45	109.1	13.3	3.2	2.0	-102.9	80.0	18.7	-251.7	97.9	5840.6	-45.0	-92.0	
95.50	109.3	13.2	4.0	2.0	-102.9	80.1	15.2	-249.6	98.3	5844.4	-172.7	-89.3	
95.55	109.5	13.5	4.8	2.0	-102.4	80.2	11.8	-248.9	96.9	5809.2	-250.7	-85.8	
95.60	109.7	13.4	5.0	2.0	-101.8	80.3	8.1	-247.0	96.4	5766.5	-335.0	-84.7	
95.65	109.9	13.6	4.5	2.0	-101.9	80.4	6.5	-246.2	97.8	5767.5	-402.6	-86.6	
95.70	110.1	14.1	4.8	2.0	-102.0	80.5	7.4	-245.9	98.9	5771.7	-414.7	-85.4	
95.75	110.4	14.0	5.4	2.0	-101.8	80.6	8.5	-246.4	98.9	5755.4	-398.2	-83.2	
95.80	110.6	14.0	4.6	2.0	-101.9	80.7	8.0	-248.5	100.5	5759.8	-415.7	-86.0	
95.85	110.8	14.1	3.7	2.0	-102.1	80.8	6.4	-250.5	103.5	5764.0	-436.4	-89.6	
95.90	111.0	14.1	4.3	2.0	-101.8	80.9	8.1	-250.4	105.7	5747.8	-360.2	-87.2	
95.95	111.2	14.2	5.3	2.0	-101.3	81.0	11.8	-246.6	107.8	5722.3	-238.5	-83.3	
96.00	111.4	14.4	5.0	2.0	-100.7	81.1	13.8	-242.2	110.4	5694.2	-138.5	-83.5	
96.05	111.6	14.8	4.2	2.0	-100.5	81.2	15.0	-241.8	112.6	5673.7	-39.7	-85.9	
96.10	111.8	15.0	2.5	2.0	-100.5	81.3	16.4	-244.3	113.6	5665.8	84.8	-92.0	
96.15	112.0	15.1	1.2	2.0	-100.6	81.4	18.7	-244.9	114.7	5671.0	221.6	-96.5	
96.20	112.2	15.4	0.4	2.0	-100.5	81.5	22.3	-242.8	117.6	5659.5	361.7	-99.2	
96.25	112.4	15.6	0.5	2.0	-99.7	81.6	26.4	-240.4	119.8	5588.4	528.2	-98.0	
96.30	112.6	15.7	-0.1	2.0	-98.7	81.7	28.5	-238.8	120.2	5497.2	663.8	-99.1	
96.35	112.8	15.5	-1.4	2.0	-97.8	81.8	29.2	-236.4	120.5	5424.8	740.9	-102.5	
96.40	113.0	15.4	-1.6	2.0	-97.5	81.9	31.7	-235.4	120.5	5394.2	838.7	-103.0	
96.45	113.2	15.4	-0.7	2.0	-98.1	82.0	36.5	-236.0	120.0	5413.6	981.2	-100.6	
96.50	113.4	15.5	-1.3	2.0	-99.1	82.1	38.5	-235.6	120.1	5475.5	1041.9	-103.6	
96.55	113.6	15.2	-2.3	2.0	-99.8	82.2	37.5	-234.9	120.0	5531.6	1031.2	-107.6	
96.60	113.8	15.0	-2.3	2.0	-99.6	82.3	36.2	-236.0	118.9	5522.6	1018.4	-107.5	
96.65	114.0	15.0	-1.3	2.0	-99.1	82.4	34.9	-237.7	119.1	5486.1	976.6	-103.4	
96.70	114.2	15.4	-1.2	2.0	-98.6	82.5	31.5	-236.0	121.0	5469.9	850.4	-102.6	
96.75	114.4	15.6	-1.3	2.0	-97.9	82.6	28.2	-233.4	120.3	5448.7	728.2	-102.4	
96.80	114.6	15.8	-0.5	2.0	-97.5	82.7	26.5	-234.7	118.0	5428.6	636.9	-99.3	
96.85	114.8	16.0	-0.2	2.0	-97.8	82.8	22.8	-238.5	119.7	5455.3	456.8	-98.3	
96.90	114.9	15.6	-0.5	2.0	-98.1	82.9	18.0	-239.3	123.4	5490.0	222.5	-99.7	
96.95	115.1	15.1	0.8	2.0	-97.9	83.0	15.6	-237.5	123.3	5482.2	80.2	-95.1	
97.00	115.3	15.2	2.9	2.0	-97.4	83.1	14.2	-236.1	122.4	5453.3	-19.3	-87.5	
97.05	115.5	15.3	3.6	2.0	-97.3	83.2	9.1	-234.8	126.0	5439.6	-229.4	-85.0	
97.10	115.6	15.2	3.7	2.0	-97.1	83.3	4.5	-233.4	129.4	5415.6	-442.8	-84.4	
97.15	115.8	14.7	5.0	2.0	-96.3	83.4	4.9	-231.8	128.3	5352.5	-510.1	-79.3	
97.20	116.0	15.2	6.1	2.0	-96.1	83.5	5.0	-231.6	128.0	5336.6	-546.2	-75.3	
97.25	116.2	15.7	5.2	2.0	-97.0	83.6	2.2	-232.8	131.1	5388.4	-644.5	-79.0	
97.30	116.3	15.8	4.5	2.0	-97.5	83.7	0.7	-234.5	132.8	5412.7	-697.8	-81.9	
97.35	116.5	16.1	5.3	2.0	-96.6	83.8	3.3	-234.3	131.6	5352.3	-633.2	-78.6	
97.40	116.7	16.2	5.6	2.0	-96.3	83.9	5.2	-234.6	132.5	5330.9	-570.6	-77.1	
97.45	116.8	15.8	4.6	2.0	-96.6	84.0	5.6	-234.1	136.0	5363.0	-534.8	-81.0	
97.50	117.0	15.6	4.0	2.0	-96.1	84.1	8.5	-230.4	135.6	5343.5	-397.1	-82.4	
97.55	117.2	15.2	4.3	2.0	-95.2	84.2	13.9	-228.8	132.0	5293.3	-160.1	-80.3	
97.60	117.3	14.2	3.2	2.0	-95.3	84.3	18.2	-229.6	133.1	5298.0	11.8	-84.1	
97.65	117.5	14.2	1.7	2.0	-96.1	84.4	20.3	-231.6	136.2	5355.2	145.7	-90.3	
97.70	117.7	14.1	1.2	2.0	-96.5	84.5	24.8	-232.1	134.1	5370.4	376.1	-92.5	
97.75	117.8	13.7	0.8	2.0	-96.5	84.6	29.4	-231.0	131.0	5353.0	605.3	-93.6	
97.80	118.0	13.6	-0.3	2.0	-96.9	84.7	30.5	-232.2	132.9	5365.8	707.9	-98.0	
97.85	118.1	13.5	-1.5	2.0	-97.3	84.8	31.4	-234.5	135.8	5376.4	779.0	-102.3	
97.90	118.3	13.4	-1.0	2.0	-97.3	84.9	35.6	-233.4	133.6	5348.5	949.3	-100.8	
97.95	118.4	13.5	-1.2	2.0	-97.3	85.0	37.5	-229.5	131.1	5333.2	1101.4	-101.2	
98.00	118.6	13.7	-1.5	2.0	-97.7	85.1	38.6	-228.1	133.5	5356.1	1154.4	-102.7	
98.05	118.7	14.0	-1.3	2.0	-98.0	85.2	40.9	-230.6	136.7	5365.4	1181.7	-102.5	
98.10	118.9	14.5	-1.1	2.0	-97.5	85.3	42.5	-230.0	136.2	5319.4	1219.1	-101.2	
98.15	119.0	14.5	-1.4	2.0	-96.9	85.4	40.0	-226.5	135.4	5297.8	1169.4	-101.6	
98.20	119.2	14.2	-2.1	2.0	-96.9	85.5	36.9	-227.1	138.3	5319.5	1036.5	-104.2	
98.25	119.3	14.4	-2.0	2.0	-96.4	85.6	35.9	-228.8	141.3	5298.8	916.6	-103.2	
98.30	119.4	15.0	-0.9	2.0	-95.2	85.7	35.1	-225.7	140.9	5225.0	831.0	-98.2	
98.35	119.6	15.6	-0.5	2.0	-93.8	85.8	32.5	-221.2	140.4	5150.1	717.4	-95.5	
98.40	119.7	15.3	-0.5	2.0	-92.8	85.9	29.2	-220.5	142.2	5095.8	567.5	-94.4	
98.45	119.8	15.6	0.2	2.0	-91.8	86.0	27.5	-220.4	143.4	5035.1	439.2	-91.0	
98.50	120.0	16.0	1.5	2.0	-90.7	86.1	26.4	-216.6	142.8	4968.9	323.2	-85.5	
98.55	120.1	16.3	2.4	2.0	-90.1	86.2	23.6	-214.4	143.1	4939.9	172.8	-81.8	
98.60	120.2	16.3	3.5	2.0	-90.2	86.3	21.0	-217.1	144.7	4945.2	21.9	-78.3	
98.65	120.3	16.4	3.6	2.0	-90.2	86.4	18.9	-218.6	145.0	4941.3	-84.1	-77.7	
98.70	120.5	16.4	2.1	2.0	-89.5	86.5	17.6	-214.5	143.0	4895.4	-124.8	-82.3	
98.75	120.6	16.4	2.4	2.0	-88.7	86.6	18.1	-211.1	143.0	4846.4	-144.5	-80.4	
98.80	120.7	16.7	3.3	2.0	-88.3	86.7	19.1	-212.6	145.4	4807.2	-154.1	-77.1	
98.85	120.9	17.3	4.0	2.0	-87.5	86.8	17.5	-213.1	144.0	4751.5	-145.0	-73.8	
98.90	121.0	17.2	2.3	2.0	-86.9	86.9	13.6	-211.4	140.3	4710.4	-161.8	-79.1	
98.95	121.1	17.2	1.4	2.0	-87.2	87.0	12.2	-213.3	140.7	4728.9	-186.7	-82.4	
99.00	121.2	17.4	0.9	2.0	-87.9	87.1	14.6	-217.2	143.7	4769.5	-148.0	-84.8	
99.05	121.4	17.8	0.8	2.0	-88.6	87.2	17.1	-218.0	143.7	4818.6	-42.0	-85.8	
99.10	121.5	17.7	0.7	2.0	-88.8	87.3	18.0	-214.9	141.6	4845.4	77.4	-86.4	
99.15	121.6	17.1	0.8	2.0	-88.7	87.4	20.8	-213.3	142.3	4835.6	203.1	-85.9	
99.20	121.7	16.9	1.8	2.0	-88.5	87.5	26.7	-213.8	145.5	4808.1	345.8	-82.4	
99.25	121.8	16.9	2.3	2.0	-88.6	87.6	30.8	-212.5	146.8	4804.3	475.2	-80.6	
99.30	121.9	17.2	1.6	2.0	-89.3	87.7	31.5	-211.7	145.5	4854.8	577.8	-83.8	
99.35	122.0	17.7	0.8	2.0	-90.5	87.8	31.8	-214.5	145.5	4922.1	656.2	-87.5	
99.40	122.1	17.8	-1.6	2.0	-91.3	87.9	32.1	-218.3	148.6	4971.7	680.9	-96.8	
99.45	122.2	17.7	-2.3	2.0	-91.5	88.0	33.5	-218.1	150.8	4979.5	722.0	-99.3	
99.50	122.3	17.6	-1.9	2.0	-91.2	88.1	36.1	-214.3	151.1	4950.7	816.9	-97.6	
99.55	122.4	18.1	-1.4	2.0	-91.1	88.2	38.7	-212.1	151.8	4930.1	916.6	-95.8	
99.60	122.5	18.8	-0.7	2.0	-91.3	88.3	39.5	-211.3	153.2	4932.8	965.9	-93.6	
99.65	122.6	19.3	-1.1	2.0	-91.1	88.4	41.3	-208.8	154.1	4919.5	986.2	-94.7	
99.70	122.7	19.5	-0.3	2.0	-91.0	88.5	44.9	-207.9	155.2	4908.3	1021.2	-92.0	
99.75	122.7	19.5	0.6	2.0	-91.5	88.6	47.0	-210.7	156.5	4931.5	1044.5	-89.5	
99.80	122.8	19.6	0.2	2.0	-92.1	88.7	44.4	-213.1	157.0	4979.8	999.8	-91.6	
99.85	122.9	19.6	-1.4	2.0	-92.0	88.8	40.6	-212.2	156.0	4989.5	915.5	-96.7	
99.90	123.0	19.7	-0.9	2.0	-91.3	88.9	40.3	-212.0	155.4	4948.5	874.0	-94.5	
99.95	123.1	19.9	-0.4	2.0	-90.7	89.0	40.6	-212.7	156.4	4904.5	837.4	-92.1	
100.00	123.2	19.6	-0.4	2.0	-90.3	89.1	37.6	-211.0	156.6	4892.2	758.0	-91.8	
100.05	123.3	19.4	-0.7	2.0	-89.8	89.2	33.4	-209.0	154.0	4878.6	686.1	-92.3	
100.10	123.4	19.2	-0.5	2.0	-89.5	89.3	32.1	-211.1	152.3	4853.9	641.9	-91.3	
100.15	123.5	18.6	-0.3	2.0	-89.4	89.4	32.3	-214.1	154.4	4847.4	565.3	-90.6	
100.20	123.5	18.3	-0.5	2.0	-89.4	89.5	31.7	-214.4	156.8	4854.4	481.1	-91.1	
100.25	123.6	18.3	-0.3	2.0	-89.1	89.6	30.3	-213.1	155.6	4836.4	443.3	-90.0	
100.30	123.7	17.9	0.1	2.0	-88.3	89.7	29.2	-212.6	153.6	4783.5	418.5	-88.1	
100.35	123.8	17.8	-0.1	2.0	-87.4	89.8	27.1	-212.3	155.4	4725.5	335.8	-87.8	
100.40	123.8	18.0	0.0	2.0	-86.5	89.9	26.4	-210.5	158.2	4663.7	262.7	-86.5	
100.45	123.9	18.2	0.7	2.0	-85.8	90.0	27.1	-208.1	157.9	4614.3	261.1	-83.4	
100.50	124.0	18.0	0.7	2.0	-85.8	90.1	25.8	-208.2	157.1	4614.0	251.2	-83.3	
100.55	124.0	17.5	-0.7	2.0	-86.3	90.2	21.5	-210.8	158.5	4653.4	159.6	-88.8	
100.60	124.1	17.0	-1.4	2.0	-86.1	90.3	19.7	-211.1	160.7	4638.3	83.6	-90.8	
100.65	124.1	17.0	-21.9	1.5	-84.9	90.4	21.5	-208.1	161.6	4555.3	92.9	-95.2	
100.70	124.2	17.2	-15.4	1.1	-83.5	90.5	23.3	-203.7	162.5	4461.2	116.9	-87.9	
100.75	124.2	17.4	-11.5	0.8	-82.7	90.5	22.7	-200.5	163.7	4404.0	103.5	-86.0	
100.80	124.3	17.8	-8.4	0.6	-82.0	90.6	22.6	-198.6	163.8	4358.7	122.5	-84.1	
100.85	124.4	18.3	-5.7	0.5	-81.6	90.6	25.9	-198.3	163.5	4323.2	216.4	-81.1	
100.90	124.4	18.7	-4.0	0.3	-82.0	90.6	30.0	-200.2	164.9	4342.5	307.1	-80.8	
100.95	124.5	18.1	-3.5	0.3	-83.0	90.6	30.7	-201.7	166.1	4410.7	346.0	-84.0	
101.00	124.5	17.5	-3.4	0.2	-83.8	90.6	28.9	-202.1	164.8	4465.8	374.7	-87.2	
101.05	124.6	17.0	-3.1	0.1	-84.0	90.6	28.3	-203.2	163.0	4475.4	424.9	-88.3	
101.10	124.6	16.9	-2.7	0.1	-84.3	90.7	28.5	-204.4	163.6	4490.1	458.4	-89.1	
101.15	124.7	16.7	-2.8	0.1	-85.0	90.7	28.3	-204.7	164.7	4538.3	482.0	-91.1	
101.20	124.7	16.5	-2.8	0.1	-85.6	90.7	29.3	-204.2	163.3	4583.6	562.6	-92.8	
101.25	124.8	17.1	-2.7	0.0	-86.6	90.7	32.5	-206.8	161.8	4630.3	696.2	-93.9	
101.30	124.8	17.3	-2.5	0.0	-87.7	90.7	35.9	-210.2	162.8	4687.1	803.8	-94.8	
101.35	124.8	17.4	-2.1	0.0	-88.2	90.7	38.3	-209.0	164.2	4708.8	878.1	-94.3	
101.40	124.9	17.6	-1.5	0.0	-88.0	90.7	40.7	-206.3	163.1	4684.8	959.2	-92.4	
101.45	124.9	17.5	-1.3	0.0	-87.5	90.7	42.0	-204.5	162.0	4646.5	1001.0	-91.5	
101.50	124.9	17.2	-1.9	0.0	-86.7	90.7	39.9	-202.0	163.5	4604.0	946.3	-92.7	
101.55	125.0	16.6	-1.9	0.0	-86.1	90.7	37.3	-201.4	164.5	4574.1	886.2	-92.5	
101.60	125.0	16.2	-1.6	0.0	-85.9	90.7	36.9	-201.8	163.6	4551.7	881.3	-91.1	
101.65	125.0	16.1	-2.3	0.0	-85.8	90.7	35.7	-201.3	163.6	4553.7	849.7	-93.4	
101.70	125.1	16.5	-2.8	0.0	-85.9	90.7	33.1	-201.2	165.0	4575.4	773.3	-95.5	
101.75	125.1	16.6	-2.1	0.0	-85.6	90.7	33.0	-201.9	165.8	4558.7	734.3	-92.8	
101.80	125.1	16.5	-1.0	0.0	-85.1	90.7	34.5	-202.5	165.6	4517.6	716.3	-88.4	
101.85	125.1	16.3	-0.8	0.0	-84.9	90.7	33.1	-202.3	166.7	4517.2	632.8	-87.6	
101.90	125.2	16.4	-0.7	0.0	-84.8	90.7	30.1	-201.0	168.2	4528.2	515.5	-87.3	
101.95	125.2	16.2	0.3	0.0	-84.3	90.7	29.1	-200.5	167.7	4503.8	431.5	-83.1	
102.00	125.2	15.8	0.2	0.0	-83.5	90.7	27.8	-200.5	167.6	4452.0	330.5	-82.9	
102.05	125.2	15.6	-0.1	0.0	-83.0	90.7	23.3	-200.8	169.2	4424.6	170.9	-83.4	
102.10	125.3	15.8	0.1	0.0	-82.9	90.7	18.6	-201.4	168.6	4419.6	56.7	-82.7	
102.15	125.3	15.9	0.4	0.0	-82.6	90.7	17.0	-200.9	165.4	4399.5	26.9	-81.1	
102.20	125.3	15.9	0.6	0.0	-82.3	90.7	16.3	-200.0	164.6	4382.6	-15.2	-80.3	
102.25	125.3	15.8	0.5	0.0	-82.2	90.7	15.8	-200.5	166.3	4369.3	-76.7	-80.3	
102.30	125.4	15.7	1.2	0.0	-82.1	90.7	16.1	-201.7	166.0	4356.5	-79.4	-78.1	
102.35	125.4	15.9	1.7	0.0	-82.3	90.7	16.6	-202.0	162.9	4373.5	-30.6	-76.6	
102.40	125.4	16.1	1.2	0.0	-83.2	90.7	16.7	-202.3	161.8	4446.0	-10.6	-79.2	
102.45	125.4	16.0	1.2	0.0	-84.3	90.7	18.5	-203.8	163.8	4524.2	10.0	-80.3	
102.50	125.4	15.2	1.8	0.0	-85.0	90.7	22.5	-205.7	164.3	4562.0	100.9	-78.8	
102.55	125.4	15.2	2.2	0.0	-85.4	90.7	25.2	-206.8	162.2	4589.6	215.4	-77.7	
102.60	125.4	15.4	1.3	0.0	-85.8	90.7	24.7	-205.3	161.4	4620.5	284.3	-81.5	
102.65	125.5	15.9	0.0	0.0	-85.9	90.7	25.4	-203.7	162.2	4626.5	363.7	-85.8	
102.70	125.5	16.0	0.5	0.0	-85.5	90.7	29.6	-202.2	162.7	4582.4	496.1	-83.8	
102.75	125.5	15.8	0.1	0.0	-84.9	90.7	32.7	-199.9	163.1	4531.4	598.2	-84.4	
102.80	125.5	15.2	-1.6	0.0	-84.9	90.7	31.9	-199.6	164.2	4531.0	634.9	-90.3	
102.85	125.5	14.9	-2.3	0.0	-85.3	90.7	31.5	-201.1	164.3	4548.6	698.5	-93.4	
102.90	125.5	14.8	-1.7	0.0	-85.3	90.7	35.2	-200.6	163.8	4528.6	816.2	-91.3	
102.95	125.5	15.0	-1.4	0.0	-85.0	90.7	39.1	-198.3	165.2	4494.6	891.8	-89.9	
103.00	125.5	14.3	-1.8	0.0	-85.0	90.7	41.3	-197.9	167.6	4479.5	927.8	-91.0	
103.05	125.5	14.2	-2.2	0.0	-85.2	90.7	41.6	-198.9	168.0	4488.1	965.7	-92.8	
103.10	125.5	14.7	-1.9	0.0	-85.8	90.7	41.5	-199.9	166.0	4521.3	1024.1	-92.4	
103.15	125.5	14.7	-1.8	0.0	-86.7	90.7	42.1	-201.5	165.6	4574.2	1055.6	-92.9	
103.20	125.6	14.8	-2.3	0.0	-87.4	90.7	42.6	-204.2	167.6	4626.7	1031.5	-95.4	
103.25	125.6	14.9	-3.1	0.0	-87.7	90.7	41.0	-206.9	168.1	4653.7	977.0	-98.2	
103.30	125.6	14.9	-3.5	0.0	-87.6	90.7	37.5	-208.0	165.1	4655.0	927.7	-99.6	
103.35	125.6	14.9	-3.9	0.0	-87.6	90.7	34.3	-208.8	162.9	4668.9	863.3	-100.9	
103.40	125.6	14.9	-3.6	0.0	-87.5	90.7	33.0	-208.9	163.7	4679.4	795.3	-99.9	
103.45	125.6	15.0	-2.4	0.0	-86.9	90.7	33.3	-206.7	164.0	4646.0	750.6	-95.0	
103.50	125.6	14.9	-2.1	0.0	-86.0	90.7	33.9	-204.5	162.6	4590.4	707.6	-93.1	
103.55	125.6	14.8	-2.1	0.0	-85.5	90.7	33.0	-204.4	161.6	4562.1	641.4	-92.6	
103.60	125.6	14.6	-1.3	0.0	-85.4	90.7	32.0	-205.3	161.2	4555.3	592.3	-89.9	
103.65	125.6	14.3	-0.4	0.0	-85.2	90.7	32.2	-205.5	160.1	4545.5	554.4	-86.4	
103.70	125.6	14.3	-0.1	0.0	-84.6	90.7	31.7	-204.5	159.3	4518.0	472.3	-85.1	
103.75	125.6	14.9	-0.8	0.0	-84.0	90.7	28.6	-203.8	159.3	4487.8	327.3	-86.9	
103.80	125.6	15.5	-1.0	0.0	-83.7	90.7	24.7	-203.5	159.1	4473.6	193.2	-87.0	
103.85	125.6	16.1	-0.4	0.0	-83.7	90.7	22.1	-203.1	158.6	4482.1	113.4	-85.2	
103.90	125.5	16.9	0.0	0.0	-84.1	90.7	20.9	-202.4	159.2	4510.9	57.4	-84.0	
103.95	125.5	16.9	0.1	0.0	-84.6	90.7	20.8	-202.1	160.2	4546.3	12.9	-84.3	
104.00	125.5	16.7	0.0	0.0	-85.0	90.7	20.6	-203.6	161.3	4575.2	-27.8	-84.9	
104.05	125.5	16.6	0.5	0.0	-85.4	90.7	21.1	-205.6	162.5	4599.3	-39.4	-83.7	
104.10	125.5	16.6	1.0	0.0	-85.6	90.7	23.1	-205.5	163.2	4614.4	2.3	-82.2	
104.15	125.5	16.4	1.3	0.0	-85.6	90.7	24.8	-203.7	164.0	4617.2	57.3	-81.1	
104.20	125.5	16.0	1.7	0.0	-85.3	90.7	25.5	-202.4	164.1	4596.5	112.0	-79.3	
104.25	125.4	15.0	1.3	0.0	-85.0	90.7	26.7	-202.9	164.7	4566.0	164.8	-80.6	
104.30	125.4	14.5	-0.0	0.0	-84.8	90.7	28.0	-202.9	166.4	4550.3	221.9	-84.8	
104.35	125.4	14.6	0.2	0.0	-85.0	90.7	28.6	-201.8	166.6	4559.9	331.3	-84.1	
104.40	125.4	14.8	-0.2	0.0	-85.2	90.7	30.8	-200.7	164.2	4565.2	502.1	-85.9	
104.45	125.4	15.2	-0.8	0.0	-85.6	90.7	33.0	-201.1	163.1	4575.3	641.4	-88.4	
104.50	125.4	15.6	-2.3	0.0	-85.9	90.7	34.9	-202.1	164.1	4578.8	732.8	-93.9	
104.55	125.4	15.2	-2.6	0.0	-86.3	90.7	38.2	-203.3	163.9	4584.3	871.8	-95.3	
104.60	125.4	15.3	-2.6	0.0	-87.2	90.7	43.2	-204.5	161.6	4604.0	1073.9	-96.1	
104.65	125.3	15.5	-3.2	0.0	-88.6	90.7	46.7	-206.8	160.6	4671.2	1229.3	-99.6	
104.70	125.3	15.7	-4.2	0.0	-89.7	90.7	47.9	-208.2	161.9	4729.7	1299.2	-104.0	
104.75	125.3	15.5	-3.7	0.0	-89.9	90.7	50.1	-208.8	161.6	4718.1	1369.9	-102.7	
104.80	125.3	15.1	-4.1	0.0	-89.5	90.7	52.7	-208.8	160.0	4669.5	1431.9	-103.6	
104.85	125.3	15.4	-5.0	0.0	-89.5	90.7	51.6	-208.7	160.4	4677.7	1409.4	-106.6	
104.90	125.2	15.3	-5.6	0.0	-89.7	90.7	48.6	-208.2	161.0	4716.4	1359.4	-109.0	
104.95	125.2	15.3	-5.1	0.0	-89.4	90.7	46.5	-207.4	159.6	4706.2	1328.1	-107.0	
105.00	125.2	15.7	-4.7	0.0	-88.2	90.7	45.1	-206.2	159.0	4637.0	1239.0	-104.4	
105.05	125.2	15.1	-5.3	0.0	-86.6	90.7	42.0	-204.9	161.7	4565.4	1050.7	-105.0	
105.10	125.1	14.8	-4.8	0.0	-85.0	90.7	37.8	-201.3	164.2	4486.7	863.8	-101.4	
105.15	125.1	15.4	-2.8	0.0	-83.2	90.7	35.3	-197.0	163.1	4385.2	755.5	-92.8	
105.20	125.1	15.9	-1.7	0.0	-81.7	90.7	33.6	-195.4	162.2	4299.2	621.6	-87.6	
105.25	125.0	16.3	-1.6	0.0	-81.0	90.7	30.7	-196.0	164.8	4264.6	416.7	-86.6	
105.30	125.0	16.8	-0.5	0.0	-80.9	90.7	28.5	-197.0	167.3	4271.9	254.5	-82.6	
105.35	125.0	17.0	1.1	0.0	-81.2	90.7	27.7	-197.7	166.5	4294.7	178.1	-77.5	
105.40	124.9	16.8	1.4	0.0	-81.6	90.7	25.1	-197.6	165.2	4330.3	85.4	-76.9	
105.45	124.9	16.3	0.8	0.0	-82.0	90.7	19.1	-196.7	166.2	4364.5	-79.0	-79.3	
105.50	124.9	16.6	1.2	0.0	-81.9	90.7	13.9	-196.3	166.3	4353.9	-212.9	-77.6	
105.55	124.9	16.8	1.9	0.0	-81.5	90.7	13.4	-197.5	165.3	4322.5	-262.7	-74.9	
105.60	124.8	17.1	1.7	0.0	-81.6	90.7	13.5	-196.9	165.5	4323.7	-284.7	-75.9	
105.65	124.8	17.1	0.5	0.0	-81.9	90.7	12.6	-195.6	165.0	4355.6	-250.7	-80.3	
105.70	124.8	17.1	0.8	0.0	-82.1	90.7	15.2	-197.5	162.5	4374.0	-108.7	-79.3	
105.75	124.8	17.0	0.9	0.0	-82.3	90.7	21.0	-200.7	161.5	4376.9	57.0	-79.1	
105.80	124.7	16.6	0.1	0.0	-82.8	90.7	25.9	-201.8	162.6	4403.7	182.1	-82.3	
105.85	124.7	16.4	-0.1	0.0	-83.3	90.7	28.6	-200.1	162.8	4439.2	314.2	-83.5	
105.90	124.7	16.2	0.5	0.0	-83.4	90.7	31.6	-198.5	160.6	4439.0	490.5	-81.6	
105.95	124.7	16.0	0.1	0.0	-83.7	90.7	33.9	-199.5	159.6	4440.3	620.6	-83.4	
106.00	124.7	16.4	-1.8	0.0	-84.2	90.7	33.4	-200.3	160.3	4471.8	682.7	-90.3	
106.05	124.6	16.8	-3.4	0.0	-84.9	90.7	33.0	-199.7	160.2	4512.1	765.4	-96.4	
106.10	124.6	17.0	-3.3	0.0	-86.3	90.7	36.5	-202.5	159.8	4583.4	911.8	-97.5	
106.15	124.6	17.2	-3.6	0.0	-87.8	90.7	40.4	-205.5	160.9	4662.1	1037.3	-100.2	
106.20	124.6	16.9	-4.3	0.0	-88.5	90.7	40.6	-205.3	162.1	4699.3	1095.7	-103.4	
106.25	124.5	16.1	-4.1	0.0	-88.2	90.7	40.4	-204.7	162.3	4666.2	1132.8	-102.4	
106.30	124.5	15.7	-3.3	0.0	-87.1	90.7	42.6	-203.2	163.4	4579.8	1163.8	-98.5	
106.35	124.5	15.4	-2.9	0.0	-86.0	90.7	44.2	-199.5	165.6	4506.7	1153.0	-96.0	
106.40	124.5	15.2	-2.6	0.0	-85.0	90.7	42.5	-194.4	167.1	4453.4	1096.4	-94.0	
106.45	124.4	14.7	-2.4	0.0	-84.3	90.7	40.3	-194.7	166.5	4416.6	1036.6	-92.6	
106.50	124.4	14.3	-2.8	0.0	-83.8	90.7	37.8	-198.3	165.9	4391.6	945.0	-93.5	
106.55	124.4	14.1	-2.7	0.0	-83.4	90.7	33.8	-199.0	166.4	4383.5	816.0	-92.8	
106.60	124.4	14.3	-2.2	0.0	-82.5	90.7	31.8	-195.0	166.5	4345.0	729.4	-90.0	
106.65	124.3	14.3	-1.5	0.0	-81.3	90.7	30.7	-191.8	165.5	4277.3	646.1	-86.4	
106.70	124.3	14.3	-2.4	0.0	-80.0	90.7	28.1	-190.8	164.9	4196.6	519.5	-88.2	
106.75	124.3	14.5	-2.2	0.0	-79.0	90.7	23.8	-190.2	164.0	4140.5	390.2	-86.7	
106.80	124.3	14.6	-1.4	0.0	-79.0	90.7	21.6	-191.2	162.2	4140.8	316.0	-83.6	
106.85	124.3	15.0	-0.8	0.0	-79.8	90.7	23.3	-194.1	161.6	4199.4	277.6	-82.7	
106.90	124.3	15.5	-0.7	0.0	-80.4	90.7	23.7	-194.2	161.3	4244.1	215.5	-82.9	
106.95	124.3	15.4	-0.2	0.0	-80.1	90.7	22.2	-193.8	160.0	4230.9	157.4	-80.8	
107.00	124.3	15.1	0.7	0.0	-79.5	90.7	21.6	-194.6	158.6	4185.7	128.4	-77.0	
107.05	124.3	14.4	1.3	0.0	-79.3	90.7	21.5	-195.3	158.7	4170.8	111.4	-75.0	
107.10	124.2	13.9	1.5	0.0	-79.3	90.7	20.8	-192.5	158.4	4175.4	107.6	-74.3	
107.15	124.2	13.6	0.4	0.0	-79.1	90.7	20.0	-190.0	157.4	4167.9	107.7	-77.6	
107.20	124.2	13.5	0.0	0.0	-79.0	90.7	19.4	-191.5	157.9	4157.4	79.6	-78.9	
107.25	124.2	13.8	-0.6	0.0	-79.2	90.7	18.1	-195.1	159.3	4161.9	36.4	-81.4	
107.30	124.2	14.0	-1.4	0.0	-79.4	90.7	17.3	-196.2	158.5	4175.1	57.0	-84.1	
107.35	124.2	13.9	-1.2	0.0	-79.6	90.7	17.2	-194.2	157.5	4197.4	100.0	-83.7	
107.40	124.2	13.4	-0.6	0.0	-79.7	90.7	19.1	-192.8	159.3	4205.9	133.6	-81.8	
107.45	124.2	13.2	-0.3	0.0	-79.7	90.7	22.5	-193.8	162.3	4198.1	180.7	-80.6	
107.50	124.1	13.3	-0.7	0.0	-80.0	90.7	24.8	-195.4	162.9	4210.5	274.8	-82.4	
107.55	124.1	13.9	-0.7	0.0	-80.8	90.7	25.8	-195.9	162.1	4257.2	383.2	-83.2	
107.60	124.1	14.1	-1.4	0.0	-81.7	90.7	27.6	-196.2	162.5	4318.6	464.3	-86.5	
107.65	124.1	14.1	-1.7	0.0	-82.5	90.7	30.4	-198.0	163.7	4367.2	538.7	-88.4	
107.70	124.1	14.1	-1.5	0.0	-83.2	90.7	31.8	-200.1	163.4	4402.5	617.9	-88.2	
107.75	124.1	14.2	-2.1	0.0	-83.9	90.7	30.7	-201.1	162.3	4449.0	662.9	-91.3	
107.80	124.1	14.5	-3.5	0.0	-84.4	90.7	29.7	-200.8	161.6	4482.6	692.6	-96.5	
107.85	124.1	15.3	-3.4	0.0	-84.6	90.7	31.8	-200.6	160.7	4485.6	780.0	-96.3	
107.90	124.1	14.7	-2.4	0.0	-85.0	90.7	35.8	-200.2	160.1	4488.5	895.3	-93.1	
107.95	124.1	14.1	-2.2	0.0	-85.7	90.7	38.7	-200.2	160.1	4525.6	970.8	-93.2	
108.00	124.1	13.8	-3.5	0.0	-86.8	90.7	41.4	-203.4	159.4	4586.9	1040.7	-99.0	
108.05	124.1	13.8	-3.6	0.0	-87.6	90.7	43.1	-206.2	157.4	4628.3	1106.0	-100.1	
108.10	124.1	13.9	-3.2	0.0	-87.5	90.7	43.0	-204.8	155.7	4623.7	1113.2	-98.5	
108.15	124.1	14.3	-3.5	0.0	-86.7	90.7	42.2	-202.4	155.6	4579.7	1053.8	-98.5	
108.20	124.0	15.0	-3.2	0.0	-85.5	90.7	40.7	-200.5	155.6	4516.3	973.3	-96.6	
108.25	124.0	15.4	-2.5	0.0	-85.1	90.7	37.7	-200.0	154.4	4498.7	900.6	-93.7	
108.30	124.0	15.5	-2.6	0.0	-85.3	90.7	34.0	-200.6	153.5	4536.7	812.3	-94.3	
108.35	124.0	15.2	-3.2	0.0	-85.4	90.7	31.7	-201.0	154.4	4563.3	704.4	-96.3	
108.40	124.0	15.1	-2.1	0.0	-84.6	90.7	31.4	-199.8	154.9	4510.2	625.4	-91.7	
108.45	124.0	15.2	-0.6	0.0	-83.3	90.7	30.5	-199.3	154.7	4426.3	539.2	-85.4	
108.50	124.0	15.0	-0.1	0.0	-82.0	90.7	27.6	-197.0	155.6	4351.0	401.4	-82.5	
108.55	124.0	14.5	-0.8	0.0	-81.2	90.7	24.9	-195.6	157.2	4303.9	263.1	-84.0	
108.60	124.0	14.0	0.5	0.0	-80.5	90.7	23.9	-194.9	157.5	4254.4	197.6	-78.9	
108.65	124.0	14.1	1.1	0.0	-79.8	90.7	23.1	-194.4	157.6	4205.2	145.4	-75.9	
108.70	123.9	13.9	0.4	0.0	-79.4	90.7	21.0	-194.5	159.6	4182.1	40.2	-78.2	
108.75	123.9	13.9	-0.3	0.0	-79.2	90.7	19.8	-194.9	160.6	4163.0	-27.6	-80.2	
108.80	123.9	14.2	0.6	0.0	-78.4	90.7	20.1	-192.5	158.8	4109.0	3.7	-76.4	
108.85	123.9	14.3	1.4	0.0	-77.8	90.7	19.6	-190.7	157.4	4074.4	33.1	-73.2	
108.90	123.9	14.2	0.1	0.0	-77.8	90.7	19.6	-191.3	157.9	4064.9	37.6	-77.5	
108.95	123.9	14.0	-1.2	0.0	-78.1	90.7	21.0	-194.5	157.8	4081.9	78.0	-82.3	
109.00	123.9	14.1	-1.6	0.0	-79.0	90.7	22.9	-198.0	156.4	4136.6	168.1	-84.6	
109.05	123.9	14.3	-1.5	0.0	-80.2	90.7	25.3	-199.8	156.4	4218.4	268.3	-85.4	
109.10	123.9	14.2	-2.2	0.0	-81.2	90.7	29.2	-200.9	156.5	4279.9	387.9	-88.7	
109.15	123.9	14.0	-2.0	0.0	-81.6	90.7	33.0	-201.3	154.6	4293.8	530.7	-88.4	
109.20	123.9	14.0	-1.6	0.0	-81.6	90.7	34.9	-200.3	153.0	4279.7	650.6	-87.3	
109.25	123.9	14.0	-2.5	0.0	-81.9	90.7	37.0	-198.9	154.1	4289.8	737.4	-90.5	
109.30	123.9	14.0	-2.9	0.0	-82.5	90.7	39.7	-198.4	154.8	4322.1	832.3	-92.4	
109.35	123.9	14.1	-2.8	0.0	-83.2	90.7	41.2	-199.0	152.9	4347.7	933.5	-92.9	
109.40	123.9	14.1	-3.4	0.0	-83.3	90.7	39.4	-200.1	152.4	4355.1	950.0	-94.9	
109.45	123.9	13.7	-4.6	0.0	-83.2	90.7	37.1	-201.7	154.3	4348.6	894.2	-99.0	
109.50	123.9	13.5	-4.8	0.0	-82.6	90.7	37.2	-200.5	155.0	4314.3	872.3	-99.2	
109.55	123.9	13.2	-3.5	0.0	-81.8	90.7	38.7	-195.8	154.1	4259.5	902.8	-93.9	
109.60	123.9	13.4	-2.6	0.0	-81.3	90.7	38.8	-193.7	155.2	4228.7	890.4	-90.2	
109.65	123.8	13.4	-2.7	0.0	-81.2	90.7	38.6	-195.9	158.1	4221.5	834.6	-90.5	
109.70	123.8	13.4	-2.6	0.0	-81.3	90.7	39.1	-197.8	158.4	4228.0	813.7	-90.1	
109.75	123.8	13.3	-1.7	0.0	-81.5	90.7	39.1	-195.8	158.0	4249.5	799.2	-87.2	
109.80	123.8	13.2	-1.6	0.0	-81.3	90.7	37.4	-193.4	160.6	4258.0	709.2	-86.7	
109.85	123.8	13.2	-0.9	0.0	-80.4	90.7	35.4	-193.9	161.9	4210.5	589.9	-83.6	
109.90	123.8	14.1	-1.0	0.0	-79.1	90.7	31.8	-194.4	160.3	4124.5	462.4	-82.6	
109.95	123.8	14.2	-2.0	0.0	-78.4	90.7	26.1	-195.2	160.0	4086.1	319.9	-85.1	
