Time[s]	Rotor azimuth angle[deg]	Hub wind speed magnitude[m/s]	ACTTORQUE1[Nm]	PITRAT1[deg/s]	PITFRIC1[kNm]	PITCH1[deg]	Blade root 1 Fx[KN]	Blade root 1 Fy[KN]	Blade root 1 Fz[KN]	Blade root 1 Mx[kNm]	Blade root 1 My[kNm]	Blade root 1 Mz[kNm]	
END_OF_HEADER
50.00	278.9	9.9	122.9	0.0	-275.3	-0.4	379.4	238.2	575.9	-4358.6	17419.0	146.6	
50.05	281.5	9.8	120.6	0.0	-279.5	-0.4	391.6	224.2	560.2	-4151.1	17798.3	134.6	
50.10	284.0	9.8	120.8	0.0	-283.1	-0.4	400.9	216.1	547.3	-4060.6	18094.0	131.8	
50.15	286.6	10.0	123.0	0.0	-284.9	-0.4	402.8	221.2	535.8	-4093.8	18221.9	137.3	
50.20	289.2	10.1	126.3	0.0	-284.0	-0.4	396.3	223.0	522.1	-4006.4	18200.3	149.7	
50.25	291.8	10.1	125.8	0.0	-282.2	-0.4	391.5	218.1	510.1	-3717.4	18149.5	149.8	
50.30	294.3	9.9	125.2	0.0	-281.1	-0.4	392.1	208.6	504.6	-3376.9	18147.3	148.6	
50.35	296.9	9.8	126.1	0.0	-281.3	-0.4	391.3	197.8	496.7	-3179.9	18221.6	151.8	
50.40	299.5	9.8	125.2	0.0	-283.6	-0.4	391.2	191.7	483.0	-2896.3	18467.2	146.1	
50.45	302.1	9.5	124.2	0.0	-286.7	-0.4	393.7	184.5	470.1	-2541.5	18767.2	139.6	
50.50	304.7	9.7	125.0	0.0	-287.8	-0.4	395.5	174.3	464.1	-2333.9	18894.2	141.4	
50.55	307.3	10.0	125.8	0.0	-288.8	-0.4	398.3	170.9	459.1	-2305.4	18969.3	143.2	
50.60	309.9	10.2	127.7	0.0	-290.6	-0.4	398.2	167.7	447.5	-2345.5	19112.9	147.7	
50.65	312.5	10.4	128.2	0.0	-291.9	-0.4	396.6	156.1	434.4	-2341.6	19246.4	148.1	
50.70	315.1	10.4	127.8	0.0	-292.6	-0.4	401.4	148.4	429.1	-2205.4	19311.5	146.1	
50.75	317.7	10.2	126.2	0.0	-292.2	-0.4	406.6	143.1	427.1	-1990.7	19300.9	141.0	
50.80	320.3	10.1	125.4	0.0	-291.0	-0.4	402.7	127.4	417.2	-1716.6	19266.7	139.6	
50.85	322.9	10.2	125.2	0.0	-290.5	-0.4	396.7	114.1	402.7	-1378.0	19295.0	139.1	
50.90	325.5	10.3	125.2	0.0	-289.6	-0.4	391.5	105.9	393.8	-1095.1	19269.3	140.4	
50.95	328.1	10.5	125.1	0.0	-288.2	-0.4	389.2	98.3	390.1	-926.3	19187.9	141.3	
51.00	330.7	10.8	122.8	0.0	-287.4	-0.4	388.7	98.9	385.0	-804.8	19141.8	134.3	
51.05	333.3	11.2	121.9	0.0	-287.0	-0.4	385.5	98.6	377.5	-742.0	19125.6	131.3	
51.10	335.9	11.2	121.5	0.0	-287.0	-0.4	384.3	91.2	373.2	-668.8	19141.6	130.1	
51.15	338.5	11.0	120.4	0.0	-288.8	-0.4	391.4	82.8	374.4	-428.3	19271.9	124.4	
51.20	341.1	10.9	119.2	0.0	-291.3	-0.4	399.3	61.1	375.3	48.8	19449.5	117.9	
51.25	343.8	11.0	118.9	0.0	-293.2	-0.4	401.6	27.5	372.3	667.1	19592.6	114.9	
51.30	346.4	11.5	119.3	0.0	-295.2	-0.4	402.1	5.8	368.5	1209.3	19721.1	114.5	
51.35	349.0	11.4	120.6	0.0	-296.2	-0.4	399.2	-12.1	365.6	1562.7	19783.2	117.8	
51.40	351.6	10.9	121.3	0.0	-296.7	-0.4	394.6	-30.2	360.7	1792.9	19814.6	119.6	
51.45	354.3	11.2	118.9	0.0	-296.6	-0.4	391.5	-33.8	358.1	1931.0	19801.0	111.6	
51.50	356.9	11.5	115.2	0.0	-295.0	-0.4	387.8	-30.7	361.5	2027.9	19684.6	100.3	
51.55	359.5	11.7	109.2	0.0	-294.6	-0.4	387.6	-33.1	365.6	2279.3	19620.8	80.1	
51.60	2.1	12.0	101.7	0.0	-295.3	-0.4	388.1	-48.5	366.5	2764.0	19604.8	54.0	
51.65	4.7	11.9	100.5	0.0	-295.8	-0.4	386.6	-71.1	368.0	3304.6	19552.5	49.3	
51.70	7.4	11.8	99.7	0.0	-296.0	-0.4	384.8	-85.0	373.1	3790.1	19471.0	46.4	
51.75	10.0	11.7	97.7	0.0	-297.9	-0.4	385.5	-96.5	374.2	4228.6	19515.5	37.6	
51.80	12.7	11.4	96.5	0.0	-301.4	-0.4	389.9	-117.1	369.4	4560.7	19691.0	29.8	
51.85	15.4	11.4	95.6	0.0	-303.7	-0.4	398.3	-131.1	372.6	4657.7	19810.8	24.3	
51.90	18.0	11.6	94.8	0.0	-302.6	-0.4	401.5	-132.2	385.1	4593.7	19718.5	22.9	
51.95	20.7	11.6	92.0	0.0	-299.3	-0.4	395.2	-131.7	391.7	4442.3	19505.3	16.5	
52.00	23.3	11.5	89.6	0.0	-295.1	-0.4	383.5	-133.7	392.8	4407.0	19221.1	12.3	
52.05	26.0	11.4	88.3	0.0	-292.2	-0.4	380.3	-148.3	399.3	4632.0	18929.1	10.8	
52.10	28.7	11.4	86.6	0.0	-290.4	-0.4	384.6	-175.8	411.1	5050.7	18626.2	7.0	
52.15	31.3	11.3	83.0	0.0	-289.1	-0.4	385.6	-198.3	418.2	5552.0	18346.3	-4.2	
52.20	34.0	11.2	79.1	0.0	-285.8	-0.4	373.5	-207.3	418.2	5919.4	17987.0	-14.4	
52.25	36.6	11.3	76.7	0.0	-279.7	-0.4	355.6	-211.6	421.7	6080.1	17476.6	-16.4	
52.30	39.3	11.5	74.1	0.0	-272.5	-0.4	343.2	-211.2	437.9	6149.4	16898.3	-18.2	
52.35	41.9	11.8	71.8	0.0	-266.6	-0.4	337.1	-209.4	454.5	6052.7	16463.3	-20.2	
52.40	44.6	11.8	70.7	0.0	-262.9	-0.4	331.7	-208.7	462.9	5886.7	16235.5	-20.2	
52.45	47.3	11.8	69.3	0.0	-262.1	-0.4	329.6	-205.8	472.3	5886.3	16169.5	-24.3	
52.50	50.0	11.9	68.3	0.0	-262.1	-0.4	329.0	-214.5	486.6	6072.4	16076.5	-27.7	
52.55	52.6	12.2	68.3	0.0	-264.0	-0.4	329.6	-240.6	502.3	6576.2	15970.0	-29.5	
52.60	55.3	12.2	68.5	0.0	-268.0	-0.4	331.1	-273.3	513.6	7259.9	15930.2	-32.9	
52.65	58.0	12.1	68.7	0.0	-271.5	-0.4	329.1	-303.2	521.5	7801.8	15900.9	-35.8	
52.70	60.7	11.9	66.3	0.0	-274.7	-0.4	332.3	-311.4	532.5	8132.3	15969.0	-47.3	
52.75	63.4	11.6	63.3	0.0	-277.0	-0.4	340.2	-304.0	545.6	8227.3	16099.2	-59.7	
52.80	66.1	11.4	61.8	0.0	-279.3	-0.4	351.1	-300.2	553.8	8092.7	16337.2	-67.0	
52.85	68.8	11.1	60.9	0.0	-282.6	-0.4	364.9	-295.8	563.4	8008.2	16621.7	-73.4	
52.90	71.5	10.8	61.2	0.0	-284.4	-0.4	371.8	-288.3	577.5	8007.7	16760.5	-74.4	
52.95	74.2	10.6	63.3	0.0	-284.8	-0.4	366.4	-288.2	592.6	8120.2	16740.4	-67.6	
53.00	76.8	10.8	65.0	0.0	-287.6	-0.4	361.5	-297.1	606.3	8437.1	16808.8	-64.6	
53.05	79.5	10.9	66.2	0.0	-292.7	-0.4	363.0	-318.4	619.7	8859.7	16958.4	-65.3	
53.10	82.2	10.9	65.6	0.0	-298.8	-0.4	375.6	-341.1	635.3	9238.6	17190.9	-73.6	
53.15	85.0	11.0	63.9	0.0	-302.7	-0.4	390.9	-342.0	650.7	9299.7	17434.4	-83.2	
53.20	87.7	10.9	64.7	0.0	-302.0	-0.4	395.0	-328.8	660.1	8898.3	17592.0	-79.7	
53.25	90.4	10.8	65.8	0.0	-299.6	-0.4	393.9	-310.0	666.2	8209.8	17767.2	-73.6	
53.30	93.1	10.7	66.0	0.0	-298.0	-0.4	398.1	-290.1	679.5	7651.4	17897.5	-71.6	
53.35	95.8	10.9	65.7	0.0	-295.0	-0.4	401.4	-283.1	700.9	7280.4	17791.2	-69.5	
53.40	98.5	11.0	68.8	0.0	-289.9	-0.4	393.1	-281.9	724.4	7093.7	17457.8	-53.9	
53.45	101.2	11.3	73.3	0.0	-286.2	-0.4	374.0	-282.9	743.4	7139.5	17165.5	-34.5	
53.50	103.9	11.4	77.6	0.0	-285.8	-0.4	355.8	-291.9	753.6	7331.6	17065.2	-19.3	
53.55	106.6	11.3	78.6	0.0	-285.8	-0.4	349.1	-293.3	765.9	7468.4	17012.7	-16.0	
53.60	109.4	11.1	74.0	0.0	-287.3	-0.4	364.2	-286.0	783.3	7428.2	17115.9	-33.3	
53.65	112.1	11.2	67.3	0.0	-288.1	-0.4	385.4	-277.0	799.6	7082.1	17276.4	-57.0	
53.70	114.9	11.3	65.2	0.0	-285.2	-0.4	391.4	-259.7	813.5	6575.5	17247.0	-61.4	
53.75	117.6	11.1	67.6	0.0	-280.6	-0.4	381.8	-235.9	824.8	6024.9	17134.8	-48.7	
53.80	120.4	11.4	72.2	0.0	-275.9	-0.4	368.8	-226.6	839.8	5749.5	16886.3	-28.1	
53.85	123.1	11.6	74.2	0.0	-273.3	-0.4	366.0	-231.4	861.7	5846.5	16629.4	-18.6	
53.90	125.9	11.8	70.2	0.0	-275.4	-0.4	374.9	-241.8	879.5	6198.4	16613.4	-34.3	
53.95	128.6	11.4	65.2	0.0	-279.9	-0.4	385.8	-256.3	886.7	6654.1	16747.1	-56.2	
54.00	131.4	11.1	62.3	0.0	-282.0	-0.4	390.9	-267.8	890.1	6989.4	16746.8	-68.2	
54.05	134.2	11.1	61.7	0.0	-278.0	-0.4	386.7	-257.1	898.0	6966.1	16451.2	-66.2	
54.10	136.9	11.1	61.8	0.0	-268.0	-0.4	370.8	-229.7	908.3	6636.4	15846.8	-56.0	
54.15	139.7	11.0	65.5	0.0	-255.1	-0.4	341.8	-207.6	915.7	6119.3	15111.8	-30.3	
54.20	142.5	10.9	69.5	0.0	-244.8	-0.4	316.8	-187.5	925.6	5585.5	14573.8	-6.1	
54.25	145.3	11.0	71.9	0.0	-239.4	-0.4	307.5	-160.5	940.0	5125.4	14363.9	7.3	
54.30	148.0	11.2	70.3	0.0	-241.0	-0.4	315.9	-144.6	948.9	4835.3	14581.5	0.5	
54.35	150.8	11.6	66.1	0.0	-248.2	-0.4	335.6	-147.1	954.2	4788.8	15106.0	-21.3	
54.40	153.6	11.5	63.2	0.0	-256.1	-0.4	356.9	-154.7	963.6	4800.2	15658.3	-39.3	
54.45	156.4	11.3	66.2	0.0	-260.0	-0.4	365.6	-152.4	971.2	4504.8	16020.2	-32.6	
54.50	159.2	11.1	72.4	0.0	-259.8	-0.4	360.3	-133.3	973.2	3958.6	16183.6	-11.2	
54.55	162.0	11.2	77.0	0.0	-258.1	-0.4	352.7	-109.9	974.1	3246.3	16251.4	6.4	
54.60	164.8	10.9	79.7	0.0	-256.9	-0.4	354.2	-87.1	981.9	2416.0	16313.1	16.8	
54.65	167.6	10.3	79.6	0.0	-259.0	-0.4	368.7	-56.5	996.5	1663.2	16535.4	14.3	
54.70	170.4	10.1	81.5	0.0	-262.0	-0.4	377.8	-30.9	1000.3	1005.9	16792.7	17.9	
54.75	173.2	10.0	85.5	0.0	-263.3	-0.4	376.0	-15.6	995.6	522.3	16926.9	30.1	
54.80	176.0	9.9	86.8	0.0	-262.8	-0.4	375.1	-3.0	1001.4	427.4	16884.5	35.3	
54.85	178.8	9.8	88.3	0.0	-258.9	-0.4	368.5	-0.7	1015.5	402.7	16599.7	44.1	
54.90	181.7	9.9	90.7	0.0	-255.0	-0.4	356.9	5.7	1020.0	189.1	16342.2	56.2	
54.95	184.5	10.1	92.9	0.0	-255.2	-0.4	353.0	31.3	1014.9	-207.0	16366.2	63.7	
55.00	187.3	10.2	95.0	0.0	-258.0	-0.4	359.8	50.2	1014.1	-756.9	16535.6	68.3	
55.05	190.1	10.5	94.4	0.0	-262.8	-0.4	378.3	65.9	1022.7	-1308.4	16798.6	61.3	
55.10	193.0	10.8	92.8	0.0	-267.1	-0.4	394.6	87.1	1030.3	-1653.7	17031.3	51.5	
55.15	195.8	11.2	96.4	0.0	-266.9	-0.4	388.2	94.3	1024.6	-1838.8	17012.3	64.1	
55.20	198.7	11.5	102.3	0.0	-263.8	-0.4	371.0	93.8	1018.1	-1818.3	16834.3	87.5	
55.25	201.6	11.6	104.5	0.0	-262.5	-0.4	366.3	93.8	1019.7	-1526.0	16781.8	96.3	
55.30	204.4	11.2	104.7	0.0	-262.8	-0.4	367.3	83.6	1018.6	-1181.1	16836.8	96.6	
55.35	207.3	11.3	106.2	0.0	-265.5	-0.4	370.5	88.6	1009.6	-1117.5	17040.6	99.2	
55.40	210.1	11.4	111.1	0.0	-270.7	-0.4	377.0	119.2	1000.7	-1567.1	17359.5	110.6	
55.45	213.0	11.5	115.1	0.0	-279.0	-0.4	391.1	149.4	995.2	-2304.2	17847.8	116.0	
55.50	215.9	11.3	114.5	0.0	-289.8	-0.4	415.7	168.4	994.2	-2790.0	18521.9	103.2	
55.55	218.8	10.8	115.0	0.0	-298.1	-0.4	435.1	180.0	994.4	-3017.0	19050.8	96.7	
55.60	221.7	10.3	120.8	0.0	-300.1	-0.4	433.4	190.7	993.4	-3291.7	19153.2	114.8	
55.65	224.6	10.3	126.0	0.0	-299.8	-0.4	426.0	197.7	989.6	-3413.0	19121.5	132.8	
55.70	227.5	10.3	126.1	0.0	-299.0	-0.4	421.6	184.1	978.1	-3265.9	19127.0	133.9	
55.75	230.4	10.1	124.9	0.0	-297.1	-0.4	416.4	165.0	963.5	-3204.1	19042.5	131.8	
55.80	233.3	9.9	126.2	0.0	-295.4	-0.4	414.0	179.4	955.5	-3496.0	18852.6	137.7	
55.85	236.3	9.7	130.9	0.0	-295.8	-0.4	410.7	212.8	945.0	-4232.2	18705.3	153.7	
55.90	239.2	9.6	136.1	0.0	-297.9	-0.4	402.8	231.2	927.9	-5055.1	18674.6	169.3	
55.95	242.1	9.7	134.8	0.0	-302.1	-0.4	405.4	256.8	915.9	-5653.8	18798.9	160.8	
56.00	245.1	10.3	134.6	0.0	-304.0	-0.4	411.7	284.8	915.4	-6161.6	18721.2	158.1	
56.05	248.0	10.8	137.7	0.0	-300.3	-0.4	406.1	290.6	914.9	-6442.4	18339.4	172.5	
56.10	250.9	11.1	137.9	0.0	-295.5	-0.4	394.7	284.6	902.4	-6213.3	18078.8	178.0	
56.15	253.9	10.7	137.7	0.0	-291.8	-0.4	380.4	273.3	883.0	-5898.4	17962.2	180.9	
56.20	256.8	10.2	140.7	0.0	-289.4	-0.4	368.5	274.4	868.3	-5913.5	17804.0	193.8	
56.25	259.8	9.7	143.3	0.0	-289.8	-0.4	374.2	287.1	863.5	-6041.0	17759.3	202.0	
56.30	262.8	9.4	141.8	0.0	-292.8	-0.4	389.5	278.4	857.0	-6076.5	17973.0	193.9	
56.35	265.8	9.5	139.9	0.0	-297.1	-0.4	399.5	267.8	844.1	-6122.3	18307.0	183.3	
56.40	268.8	9.9	142.6	0.0	-302.6	-0.4	405.8	291.1	832.8	-6337.3	18621.3	186.9	
56.45	271.8	10.4	145.8	0.0	-306.4	-0.4	409.1	306.7	825.4	-6486.4	18846.0	194.1	
56.50	274.8	10.8	145.7	0.0	-307.0	-0.4	415.9	280.0	817.9	-5996.9	19091.2	193.0	
56.55	277.8	11.0	142.1	0.0	-306.5	-0.4	425.7	244.5	808.2	-5109.6	19350.6	181.1	
56.60	280.8	10.9	142.4	0.0	-306.1	-0.4	427.9	230.4	797.4	-4552.5	19477.9	182.9	
56.65	283.8	10.7	145.3	0.0	-307.1	-0.4	424.1	237.3	784.0	-4320.8	19618.2	191.7	
56.70	286.8	10.4	147.0	0.0	-310.6	-0.4	424.3	235.9	768.1	-4052.4	19963.1	193.9	
56.75	289.9	10.5	146.7	0.0	-315.2	-0.4	432.6	220.4	756.0	-3777.8	20379.5	188.3	
56.80	292.9	10.2	146.0	0.0	-320.4	-0.4	449.9	223.2	751.6	-3680.1	20748.1	180.8	
56.85	295.9	10.1	146.3	0.0	-325.5	-0.4	464.2	237.0	744.4	-3699.3	21091.9	176.8	
56.90	299.0	10.6	148.8	0.0	-330.3	-0.4	468.4	225.9	726.9	-3573.3	21495.1	180.7	
56.95	302.0	10.7	150.0	0.0	-335.7	-0.4	478.7	207.2	713.5	-3202.6	21972.4	179.2	
57.00	305.0	10.7	151.9	0.0	-339.6	-0.4	491.7	194.0	711.7	-2836.8	22302.2	181.8	
57.05	308.1	10.9	158.6	0.0	-340.3	-0.4	490.3	171.9	705.3	-2628.1	22417.1	204.0	
57.10	311.2	10.7	164.5	0.0	-340.9	-0.4	480.8	154.1	686.4	-2448.3	22538.8	223.9	
57.15	314.2	10.8	169.3	0.0	-342.5	-0.4	475.9	146.6	668.8	-2390.9	22702.1	238.8	
57.20	317.3	11.3	174.2	0.0	-346.2	-0.4	484.1	145.1	663.3	-2577.1	22941.7	251.8	
57.25	320.4	11.3	172.8	0.0	-351.8	-0.4	502.3	148.6	662.6	-2645.4	23313.5	241.4	
57.30	323.5	11.2	168.6	0.0	-355.9	-0.4	514.4	143.9	653.8	-2554.6	23606.7	222.8	
57.35	326.6	10.8	166.6	0.0	-354.3	-0.4	512.0	132.0	647.2	-2417.9	23525.0	217.5	
57.40	329.7	10.9	164.7	0.0	-349.9	-0.4	506.9	129.5	654.5	-2139.0	23222.3	215.5	
57.45	332.8	10.9	164.8	0.0	-347.0	-0.4	500.6	115.6	660.8	-1711.5	23061.6	218.9	
57.50	335.9	10.8	163.8	0.0	-349.2	-0.4	501.5	79.8	656.7	-1003.6	23292.0	213.0	
57.55	339.0	11.0	160.7	0.0	-355.6	-0.4	515.5	56.8	652.9	-308.8	23766.4	196.2	
57.60	342.1	11.1	160.8	0.0	-360.9	-0.4	528.0	49.9	656.7	11.4	24133.2	191.2	
57.65	345.3	11.0	161.0	0.0	-365.2	-0.4	533.9	32.4	658.3	347.7	24444.4	187.5	
57.70	348.6	11.2	170.3	0.0	-369.0	-0.4	528.6	32.9	657.4	-473.2	24748.1	215.6	
57.75	351.8	11.7	169.6	0.0	-375.0	-0.4	543.0	-9.8	656.3	-103.5	25165.1	207.3	
57.80	354.9	12.4	152.5	0.0	-383.0	-0.4	579.6	29.8	679.7	536.8	25640.3	140.4	
57.85	358.2	12.5	185.8	0.5	-375.9	-0.4	548.5	-16.6	684.8	739.1	25183.6	196.9	
57.90	1.3	12.4	177.5	0.9	-377.2	-0.4	546.0	-31.0	678.2	1497.0	25262.5	183.8	
57.95	4.5	12.1	158.1	1.2	-384.3	-0.3	568.7	-41.7	685.6	2330.2	25665.1	122.4	
58.00	7.8	11.6	160.5	1.4	-380.9	-0.2	557.6	-118.4	685.3	2468.0	25392.0	143.2	
58.05	11.0	11.2	149.6	1.5	-377.6	-0.2	555.0	-111.6	686.5	2980.9	25093.0	116.0	
58.10	14.1	10.8	133.5	1.7	-370.9	-0.1	539.1	-68.6	696.1	3573.4	24561.7	72.6	
58.15	17.4	10.9	139.3	1.7	-356.1	0.0	499.4	-89.1	701.4	3564.4	23532.1	111.0	
58.20	20.6	10.9	131.6	1.8	-352.1	0.1	506.5	-89.6	724.4	3752.1	23163.7	91.3	
58.25	23.9	10.8	115.2	1.9	-354.2	0.2	521.3	-99.7	753.2	3958.5	23216.4	34.9	
58.30	27.2	10.6	117.9	1.9	-352.0	0.3	511.3	-136.2	755.6	3852.9	23066.8	48.0	
58.35	30.5	10.7	118.4	1.9	-352.4	0.4	515.6	-124.3	767.5	4159.3	23030.8	50.6	
58.40	33.8	11.1	114.9	1.9	-351.9	0.5	511.4	-135.9	801.3	4607.9	22883.1	40.1	
58.45	37.1	11.2	120.3	2.0	-351.7	0.6	508.4	-194.1	816.1	4731.1	22789.2	59.3	
58.50	40.5	11.1	120.8	2.0	-355.5	0.7	520.2	-217.3	822.7	4949.1	22972.1	57.6	
58.55	43.8	10.9	119.0	2.0	-354.2	0.8	503.7	-227.4	839.9	5098.9	22854.5	53.2	
58.60	47.2	10.9	123.7	2.0	-351.0	0.9	489.2	-229.4	852.5	5099.7	22633.9	72.9	
58.65	50.6	10.9	118.6	2.0	-354.9	1.0	512.0	-202.1	870.2	5337.5	22843.7	51.7	
58.70	53.9	10.9	109.8	2.0	-358.5	1.1	520.9	-208.3	901.1	5556.2	23011.7	18.0	
58.75	57.3	11.3	107.9	2.0	-360.1	1.2	526.0	-237.1	921.2	5534.0	23076.6	9.9	
58.80	60.7	11.7	104.1	2.0	-364.2	1.3	544.9	-227.6	937.2	5657.4	23311.0	-7.1	
58.85	64.0	12.1	99.9	2.0	-364.1	1.4	530.8	-219.9	966.1	6107.0	23219.9	-21.3	
58.90	67.5	12.5	98.3	2.0	-361.5	1.5	514.3	-229.2	990.0	6558.4	22902.8	-24.3	
58.95	70.9	12.6	97.6	2.0	-361.6	1.6	527.1	-238.0	1010.2	6889.9	22755.1	-26.8	
59.00	74.4	12.5	97.6	2.0	-361.4	1.7	523.8	-269.6	1036.8	7052.9	22634.0	-26.4	
59.05	77.9	12.8	97.5	2.0	-360.3	1.8	511.2	-301.8	1052.3	7077.9	22512.8	-25.8	
59.10	81.4	12.9	94.1	2.0	-357.3	1.9	510.2	-291.2	1066.5	7131.6	22265.7	-34.4	
59.15	84.9	12.9	94.3	2.0	-347.6	2.0	485.2	-271.4	1098.4	7013.4	21599.4	-23.8	
59.20	88.4	12.9	94.0	2.0	-338.4	2.1	465.0	-274.1	1130.0	6861.5	20943.7	-15.6	
59.25	91.9	13.1	85.0	2.0	-337.5	2.2	481.1	-293.7	1147.6	6979.2	20740.7	-45.7	
59.30	95.4	13.2	76.2	2.0	-333.4	2.3	478.4	-307.2	1168.8	7110.5	20336.3	-71.7	
59.35	98.9	13.0	73.7	2.0	-320.4	2.4	455.1	-281.9	1193.3	7000.0	19414.9	-67.4	
59.40	102.5	12.9	71.6	2.0	-304.7	2.5	433.9	-241.8	1214.8	6913.5	18283.0	-58.9	
59.45	106.0	13.0	70.5	2.0	-287.8	2.6	386.1	-240.1	1237.6	6861.2	17038.1	-45.7	
59.50	109.6	13.2	70.5	2.0	-274.0	2.7	346.1	-248.1	1261.1	6561.6	16107.2	-32.0	
59.55	113.2	13.5	67.2	2.0	-265.8	2.8	346.3	-226.5	1289.6	6132.2	15627.0	-35.2	
59.60	116.8	13.5	64.6	2.0	-261.2	2.9	346.9	-203.0	1320.3	5765.0	15407.0	-39.5	
59.65	120.4	13.3	61.7	2.0	-261.7	3.0	349.4	-191.0	1343.5	5416.1	15566.1	-50.1	
59.70	124.0	12.9	57.3	2.0	-267.8	3.1	380.7	-188.8	1362.0	5084.4	16063.9	-71.3	
59.75	127.7	12.5	54.1	2.0	-271.0	3.2	402.6	-204.3	1387.9	4724.6	16318.3	-85.2	
59.80	131.4	12.3	52.6	2.0	-268.7	3.3	401.2	-202.6	1408.8	4323.3	16238.3	-88.2	
59.85	135.1	12.3	51.9	2.0	-260.7	3.4	385.6	-182.3	1420.1	3945.8	15769.7	-82.5	
59.90	138.7	12.0	56.2	2.0	-248.3	3.5	353.4	-164.7	1434.1	3451.7	15025.7	-55.3	
59.95	142.4	11.7	59.3	2.0	-237.8	3.6	328.2	-138.1	1460.0	2923.2	14407.5	-34.2	
60.00	146.1	11.5	55.8	2.0	-232.5	3.7	323.2	-113.3	1480.4	2428.0	14120.4	-41.1	
60.05	149.8	11.3	52.5	2.0	-230.8	3.8	320.7	-100.8	1486.6	2035.4	14065.6	-50.5	
60.10	153.4	11.5	51.0	2.0	-229.1	3.9	319.0	-81.3	1501.7	1876.4	13964.6	-54.2	
60.15	157.1	11.9	49.4	2.0	-228.0	4.0	330.7	-47.1	1526.8	1540.6	13887.0	-58.4	
60.20	160.9	11.5	49.0	2.0	-226.3	4.1	336.9	-21.7	1549.7	1143.1	13766.9	-58.2	
60.25	164.6	11.3	47.7	2.0	-222.8	4.2	328.3	-25.4	1563.5	1030.5	13524.5	-59.2	
60.30	168.4	11.2	49.9	2.0	-217.7	4.3	314.7	-27.2	1574.5	627.1	13193.6	-46.3	
60.35	172.2	11.1	54.9	2.0	-212.8	4.4	301.7	-2.1	1592.7	-40.1	12862.0	-24.5	
60.40	176.0	11.2	56.4	2.0	-214.4	4.5	302.3	32.0	1603.4	-574.9	12956.3	-20.6	
60.45	179.7	11.3	51.5	2.0	-221.4	4.6	316.3	45.3	1601.8	-889.4	13425.8	-44.5	
60.50	183.6	11.4	45.9	2.0	-224.7	4.7	324.0	41.1	1607.5	-1086.2	13640.9	-67.2	
60.55	187.4	11.5	51.8	2.0	-225.5	4.8	324.7	53.7	1615.1	-1618.0	13635.3	-47.8	
60.60	191.2	11.5	56.8	2.0	-224.4	4.9	316.8	80.5	1615.8	-2091.5	13490.5	-29.3	
60.65	195.0	11.5	56.9	2.0	-224.0	5.0	309.9	108.5	1611.4	-2313.4	13421.2	-28.5	
60.70	198.8	11.8	58.5	2.0	-226.1	5.1	314.6	132.8	1612.9	-2645.9	13480.2	-25.4	
60.75	202.6	12.2	62.4	2.0	-229.1	5.2	322.2	163.9	1622.6	-3210.7	13522.1	-15.0	
60.80	206.4	12.4	68.6	2.0	-235.7	5.3	331.7	189.3	1623.6	-3950.6	13787.5	-0.1	
60.85	210.3	12.3	75.6	2.0	-244.5	5.4	344.5	200.3	1610.6	-4546.7	14257.1	15.1	
60.90	214.2	12.4	75.5	2.0	-252.9	5.5	360.6	222.6	1605.6	-4907.6	14733.5	6.5	
60.95	218.1	12.7	69.0	2.0	-256.6	5.6	372.8	236.9	1620.9	-5085.8	14901.8	-19.6	
61.00	222.0	12.9	66.6	2.0	-256.7	5.7	376.4	233.7	1626.9	-5296.5	14827.8	-28.1	
61.05	225.9	12.7	66.7	2.0	-258.0	5.8	377.9	223.4	1612.3	-5523.8	14880.5	-29.2	
61.10	229.9	12.7	64.3	2.0	-262.4	5.9	384.5	218.5	1597.8	-5838.9	15114.6	-41.6	
61.15	233.8	12.8	59.7	2.0	-266.7	6.0	402.0	239.1	1595.0	-6138.3	15269.5	-61.7	
61.20	237.8	13.2	60.5	2.0	-269.0	6.1	411.5	268.0	1587.0	-6553.8	15220.7	-61.2	
61.25	241.7	13.1	64.3	2.0	-268.1	6.2	398.1	286.9	1569.1	-6996.0	14961.0	-47.5	
61.30	245.7	13.0	66.8	2.0	-264.5	6.3	381.1	287.8	1553.8	-7279.8	14577.3	-35.2	
61.35	249.6	13.0	67.6	2.0	-257.3	6.4	362.9	292.5	1551.3	-7373.8	13959.3	-25.3	
61.40	253.6	12.9	69.1	2.0	-247.0	6.5	335.3	309.8	1550.1	-7228.4	13177.9	-9.7	
61.45	257.6	13.1	73.2	2.0	-240.6	6.6	316.0	323.2	1535.6	-7105.6	12720.9	10.5	
61.50	261.5	13.5	70.5	2.0	-239.7	6.7	318.6	323.4	1519.7	-6909.3	12756.0	2.5	
61.55	265.6	14.0	63.4	2.0	-239.6	6.8	327.9	301.6	1509.6	-6687.3	12905.6	-21.8	
61.60	269.6	14.1	62.0	2.0	-242.6	6.9	340.7	298.3	1496.3	-6818.1	13081.2	-29.6	
61.65	273.6	14.1	68.4	2.0	-248.7	7.0	350.8	311.9	1478.0	-7181.1	13370.9	-13.9	
61.70	277.6	14.2	72.5	2.0	-250.4	7.1	346.5	312.3	1465.6	-7116.1	13575.5	-1.7	
61.75	281.7	14.2	71.5	2.0	-248.8	7.2	343.4	292.5	1458.2	-6721.4	13697.1	-3.2	
61.80	285.7	14.2	72.5	2.0	-249.5	7.3	348.3	279.5	1449.1	-6541.2	13862.9	-0.4	
61.85	289.8	14.0	73.2	2.0	-251.3	7.4	350.1	272.8	1438.2	-6359.6	14118.0	0.0	
61.90	293.8	13.7	70.8	2.0	-252.3	7.5	349.4	248.4	1415.9	-5869.4	14472.3	-9.1	
61.95	297.8	13.5	69.0	2.0	-254.1	7.6	356.6	234.7	1392.8	-5320.2	14857.3	-17.4	
62.00	301.9	13.3	71.7	2.0	-256.7	7.7	367.7	246.5	1384.6	-5111.5	15090.3	-10.5	
62.05	305.9	13.1	77.3	2.0	-256.0	7.8	366.2	245.1	1379.6	-5136.8	15043.4	9.3	
62.10	310.0	13.0	75.6	2.0	-254.8	7.9	362.8	230.0	1364.4	-4950.2	15051.3	4.8	
62.15	314.1	13.1	70.2	2.0	-251.1	8.0	358.4	209.5	1355.1	-4434.9	14974.9	-10.1	
62.20	318.2	13.2	72.3	2.0	-247.2	8.1	353.9	203.1	1355.9	-4131.4	14777.5	1.0	
62.25	322.3	13.2	71.4	2.0	-246.1	8.2	358.1	199.9	1354.7	-3717.6	14788.2	-1.0	
62.30	326.4	13.3	61.0	2.0	-248.5	8.3	369.1	171.5	1338.8	-2973.3	15163.0	-39.1	
62.35	330.5	13.3	50.6	2.0	-251.7	8.4	383.0	118.3	1322.3	-2245.2	15564.3	-77.8	
62.40	334.6	12.8	48.0	2.0	-252.5	8.5	395.7	89.8	1322.6	-1921.9	15660.2	-87.7	
62.45	338.8	13.0	49.9	2.0	-245.8	8.6	387.0	80.3	1326.1	-1563.6	15218.4	-74.6	
62.50	342.9	13.3	48.1	2.0	-233.9	8.7	358.5	61.5	1315.5	-971.7	14464.4	-68.7	
62.55	347.0	13.0	44.3	2.0	-223.9	8.8	337.9	46.3	1304.0	-489.2	13803.3	-72.0	
62.60	351.2	12.7	39.3	2.0	-216.0	8.9	330.5	34.4	1312.3	-155.5	13230.8	-81.1	
62.65	355.3	12.7	36.4	2.0	-207.5	9.0	317.0	10.5	1316.6	169.9	12629.2	-82.4	
62.70	359.4	12.9	32.0	2.0	-197.8	9.1	293.8	-6.7	1305.3	728.4	11954.9	-88.1	
62.75	3.5	13.0	29.0	2.0	-186.7	9.2	267.6	-7.4	1300.2	1322.5	11136.9	-87.2	
62.80	7.7	13.2	26.7	2.0	-173.9	9.3	243.2	-27.4	1316.9	1886.4	10121.6	-82.4	
62.85	11.8	13.4	21.2	2.0	-164.0	9.4	226.8	-62.7	1336.7	2431.2	9243.4	-91.3	
62.90	16.0	13.6	18.1	2.0	-158.7	9.5	216.1	-90.4	1344.3	2924.7	8676.1	-96.4	
62.95	20.2	13.9	15.0	2.0	-155.9	9.6	205.3	-111.5	1346.9	3313.2	8308.0	-104.3	
63.00	24.3	14.2	12.6	2.0	-158.4	9.7	208.0	-130.5	1352.4	3706.3	8307.1	-115.1	
63.05	28.5	13.9	4.0	2.0	-166.6	9.8	223.7	-141.4	1366.0	4252.7	8664.0	-152.9	
63.10	32.7	13.6	-1.2	2.0	-174.7	9.9	240.8	-161.6	1383.3	4720.6	9015.7	-179.0	
63.15	36.9	13.3	-0.6	2.0	-179.2	10.0	247.2	-196.1	1390.7	4919.4	9202.5	-181.2	
63.20	41.0	13.3	-3.4	2.0	-181.2	10.1	242.5	-218.5	1400.4	5301.8	9116.4	-192.8	
63.25	45.2	13.0	-8.3	2.0	-178.4	10.2	223.6	-230.6	1422.2	5855.4	8516.6	-207.0	
63.30	49.4	12.8	-9.5	2.0	-172.4	10.3	199.6	-222.9	1444.2	6183.6	7761.3	-205.1	
63.35	53.5	12.6	-6.2	2.0	-165.8	10.4	177.3	-217.5	1454.3	6189.5	7175.5	-187.1	
63.40	57.7	12.9	-7.7	2.0	-164.2	10.5	171.0	-227.5	1457.6	6156.2	7025.9	-190.8	
63.45	61.9	13.0	-14.0	2.0	-167.3	10.6	181.7	-246.2	1472.0	6418.1	7005.0	-215.4	
63.50	66.1	12.8	-19.6	2.0	-166.7	10.7	182.6	-258.4	1499.4	6747.9	6541.4	-234.0	
63.55	70.2	12.7	-18.6	2.0	-159.9	10.8	169.1	-244.9	1521.8	6807.0	5772.2	-223.8	
63.60	74.4	13.1	-14.8	2.0	-153.4	10.9	139.0	-250.9	1541.4	6975.4	4767.7	-204.3	
63.65	78.6	13.8	-16.8	2.0	-151.0	11.0	107.9	-282.3	1560.3	7230.8	3885.3	-208.6	
63.70	82.8	13.8	-18.3	2.0	-148.6	11.1	91.5	-290.9	1573.2	7308.1	3275.4	-211.5	
63.75	87.0	13.5	-17.0	2.0	-144.0	11.2	89.9	-277.0	1590.0	7101.2	2934.9	-202.3	
63.80	91.2	13.2	-17.1	2.0	-140.1	11.3	84.3	-266.2	1607.4	6924.3	2635.3	-198.8	
63.85	95.4	13.2	-18.5	2.0	-140.0	11.4	75.5	-280.2	1624.6	7027.9	2188.5	-203.5	
63.90	99.6	13.4	-18.5	2.0	-139.1	11.5	67.1	-290.8	1639.6	7071.5	1612.2	-202.7	
63.95	103.8	13.5	-18.3	2.0	-135.0	11.6	55.3	-265.3	1661.3	6955.9	833.2	-197.9	
64.00	108.0	13.5	-14.9	2.0	-131.5	11.7	31.0	-251.8	1686.7	6772.6	-251.8	-182.8	
64.05	112.1	13.8	-9.3	2.0	-131.9	11.8	-5.3	-257.0	1706.6	6643.1	-1365.2	-163.9	
64.10	116.3	13.9	-5.7	2.0	-132.3	11.9	-38.7	-248.5	1718.2	6449.2	-2199.4	-151.7	
64.15	120.5	13.9	-2.8	2.0	-128.6	12.0	-49.4	-224.4	1726.7	6008.3	-2710.4	-138.1	
64.20	124.7	13.8	-2.7	2.0	-125.3	12.1	-48.2	-200.9	1749.7	5523.1	-3217.6	-134.4	
64.25	128.9	13.6	-4.6	2.0	-124.0	12.2	-43.5	-190.2	1775.8	5242.3	-3515.5	-139.7	
64.30	133.1	13.5	-8.4	2.0	-120.4	12.3	-40.0	-193.4	1785.6	4931.4	-3453.8	-149.2	
64.35	137.2	13.6	-12.8	2.0	-112.9	12.4	-38.1	-171.8	1786.5	4403.1	-3328.3	-156.9	
64.40	141.4	13.9	-17.1	2.0	-108.0	12.5	-42.1	-139.4	1798.8	3897.9	-3481.5	-166.9	
64.45	145.6	14.0	-22.7	2.0	-109.3	12.6	-45.2	-140.2	1823.6	3683.8	-3806.5	-187.2	
64.50	149.8	13.7	-28.8	2.0	-108.9	12.7	-39.7	-136.8	1836.9	3526.9	-3922.9	-207.9	
64.55	153.9	13.4	-26.4	2.0	-101.4	12.8	-41.2	-105.3	1831.7	2843.7	-3865.2	-192.1	
64.60	158.1	13.5	-21.8	2.0	-92.3	12.9	-47.3	-72.0	1822.1	1787.3	-3791.1	-167.1	
64.65	162.3	14.0	-25.0	2.0	-88.6	13.0	-46.4	-42.4	1828.2	1160.6	-3807.1	-174.4	
64.70	166.4	13.7	-27.2	2.0	-90.0	13.1	-50.7	-28.0	1838.9	700.7	-4028.2	-183.5	
64.75	170.6	13.2	-22.0	2.0	-96.6	13.2	-71.5	-8.1	1842.4	102.5	-4541.9	-172.1	
64.80	174.7	12.9	-18.8	2.0	-102.6	13.3	-86.6	27.9	1843.9	-367.8	-4927.1	-167.0	
64.85	178.9	13.1	-22.4	2.0	-104.0	13.4	-87.7	34.1	1847.4	-680.1	-4988.6	-180.9	
64.90	183.0	13.4	-31.8	2.0	-101.3	13.5	-74.7	36.7	1851.4	-864.4	-4787.8	-210.3	
64.95	187.1	13.6	-35.0	2.0	-97.3	13.6	-54.6	68.3	1846.3	-1340.1	-4348.0	-217.6	
65.00	191.3	13.5	-32.4	2.0	-96.3	13.7	-38.1	102.9	1833.2	-2203.3	-3830.2	-207.5	
65.05	195.4	14.1	-33.8	2.0	-95.6	13.8	-22.3	121.3	1825.5	-2633.9	-3439.0	-211.6	
65.10	199.5	14.6	-34.6	2.0	-95.4	13.9	-11.9	124.4	1823.6	-2823.7	-3261.9	-214.1	
65.15	203.6	14.9	-27.2	2.0	-99.5	14.0	-13.4	138.1	1816.5	-3152.7	-3339.3	-192.9	
65.20	207.8	14.9	-22.7	2.0	-105.7	14.1	-22.1	163.8	1807.6	-3564.6	-3484.7	-183.6	
65.25	211.9	14.5	-24.5	2.0	-108.9	14.2	-28.8	176.0	1794.3	-3880.3	-3464.9	-193.1	
65.30	216.0	14.0	-28.9	2.0	-109.0	14.3	-21.7	185.8	1775.9	-4100.3	-3191.6	-208.4	
65.35	220.1	13.8	-29.1	2.0	-111.5	14.4	-0.4	210.6	1756.6	-4606.3	-2689.1	-211.4	
65.40	224.2	13.6	-28.2	2.0	-117.0	14.5	16.2	226.3	1742.9	-5244.6	-2265.4	-213.9	
65.45	228.3	13.7	-30.3	2.0	-123.2	14.6	21.5	245.2	1726.4	-5798.4	-2014.3	-227.1	
65.50	232.4	14.5	-27.7	2.0	-131.0	14.7	11.0	267.7	1701.2	-6353.9	-2078.3	-226.2	
65.55	236.5	14.1	-23.3	2.0	-137.0	14.8	-11.8	284.5	1679.0	-6628.2	-2559.7	-217.0	
65.60	240.6	13.9	-22.9	2.0	-139.3	14.9	-27.3	288.3	1665.3	-6639.4	-2986.4	-218.1	
65.65	244.6	13.8	-28.7	2.0	-139.4	15.0	-28.8	285.1	1647.2	-6658.9	-3017.3	-237.8	
65.70	248.7	13.6	-27.5	2.0	-142.7	15.1	-25.0	299.2	1618.1	-7032.0	-2727.6	-237.3	
65.75	252.8	13.4	-25.8	2.0	-144.9	15.2	-11.7	307.9	1592.9	-7350.4	-2291.7	-233.4	
65.80	256.8	13.5	-28.8	2.0	-142.6	15.3	14.3	306.0	1583.0	-7305.8	-1856.8	-241.3	
65.85	260.9	14.0	-28.0	2.0	-144.0	15.4	29.8	323.4	1568.0	-7460.2	-1486.8	-240.0	
65.90	264.9	14.2	-20.6	2.0	-148.7	15.5	29.7	335.4	1535.8	-7881.7	-1053.2	-219.3	
65.95	269.0	14.5	-23.3	2.0	-145.9	15.6	27.9	327.3	1508.3	-7745.0	-759.7	-225.8	
66.00	273.0	14.8	-31.9	2.0	-136.8	15.7	34.4	306.2	1493.0	-7143.9	-565.9	-246.2	
66.05	277.0	14.7	-32.9	2.0	-130.4	15.8	37.2	283.2	1475.8	-6749.7	-392.6	-243.3	
66.10	281.0	14.3	-29.9	2.0	-128.7	15.9	41.2	294.3	1444.9	-6618.4	13.0	-231.5	
66.15	285.0	13.9	-29.8	2.0	-126.7	16.0	44.5	290.1	1410.0	-6482.0	548.7	-228.8	
66.20	289.0	14.0	-29.4	2.0	-125.0	16.1	52.6	268.1	1385.6	-6379.7	990.8	-226.0	
66.25	293.0	13.8	-28.8	2.0	-122.6	16.2	69.8	268.9	1371.7	-6155.6	1220.7	-221.6	
66.30	296.9	13.6	-27.1	2.0	-118.9	16.3	72.1	262.3	1353.7	-5913.2	1162.5	-211.8	
66.35	300.9	13.5	-25.8	2.0	-113.2	16.4	58.8	254.2	1321.5	-5551.4	1034.0	-201.7	
66.40	304.8	13.3	-24.1	2.0	-108.2	16.5	48.3	253.5	1288.4	-5215.4	975.9	-191.0	
66.45	308.8	13.2	-25.4	2.0	-100.7	16.6	39.5	225.9	1270.8	-4779.2	738.8	-188.0	
66.50	312.7	13.4	-29.9	2.0	-89.5	16.7	30.6	197.1	1257.2	-4068.4	350.5	-192.3	
66.55	316.7	14.0	-31.6	2.0	-80.5	16.8	25.6	179.3	1237.6	-3472.6	9.5	-188.9	
66.60	320.6	14.4	-31.3	2.0	-74.0	16.9	19.6	161.0	1216.9	-3031.9	-315.9	-181.4	
66.65	324.5	14.5	-32.5	2.0	-69.0	17.0	16.5	155.7	1199.6	-2655.0	-520.1	-180.6	
66.70	328.4	14.4	-28.8	2.0	-68.1	17.1	12.6	143.7	1181.4	-2621.0	-597.0	-167.0	
66.75	332.3	14.5	-23.2	2.0	-68.2	17.2	5.9	135.3	1157.5	-2656.2	-651.6	-147.8	
66.80	336.2	14.5	-25.4	2.0	-63.3	17.3	-1.9	124.2	1137.4	-2260.3	-839.4	-150.3	
66.85	340.1	14.4	-27.4	2.0	-58.1	17.4	-8.6	97.2	1122.2	-1744.5	-1181.8	-152.1	
66.90	344.0	14.1	-29.9	2.0	-56.2	17.5	-16.5	77.9	1114.8	-980.9	-1768.5	-158.8	
66.95	347.9	14.0	-28.3	2.0	-61.4	17.6	-29.1	43.1	1106.5	-189.3	-2498.4	-158.5	
67.00	351.8	14.3	-23.9	2.0	-73.7	17.7	-49.5	-1.2	1097.6	508.1	-3416.3	-155.9	
67.05	355.6	13.6	-18.6	2.0	-86.3	17.8	-68.5	-8.4	1083.4	831.1	-4284.6	-150.2	
67.10	359.4	13.2	-2.6	2.0	-98.5	17.9	-96.8	-4.0	1065.6	578.5	-5188.1	-107.6	
67.15	3.2	12.9	11.3	2.0	-109.0	18.0	-118.5	-4.9	1053.7	474.3	-5935.3	-70.2	
67.20	7.0	12.5	14.5	2.0	-116.1	18.1	-125.0	-19.2	1051.6	874.8	-6415.1	-66.4	
67.25	10.8	12.8	17.1	2.0	-121.7	18.2	-127.1	-41.1	1049.0	1320.3	-6748.2	-62.9	
67.30	14.6	13.2	20.1	2.0	-129.6	18.3	-136.2	-53.8	1043.2	1833.9	-7210.7	-60.5	
67.35	18.4	12.7	21.9	2.0	-142.3	18.4	-155.7	-71.1	1043.2	2500.1	-7947.1	-67.1	
67.40	22.2	12.4	26.5	2.0	-157.3	18.5	-181.2	-107.6	1049.8	3034.5	-8839.2	-66.4	
67.45	25.9	12.4	31.3	2.0	-166.9	18.6	-198.0	-125.7	1048.7	3283.0	-9456.0	-59.4	
67.50	29.7	12.8	37.4	2.0	-169.8	18.7	-209.0	-115.7	1039.0	3193.9	-9709.9	-41.3	
67.55	33.4	12.6	41.3	2.0	-169.8	18.8	-211.7	-123.3	1036.4	3092.3	-9728.2	-28.1	
67.60	37.1	12.6	42.1	2.0	-172.2	18.9	-203.8	-148.8	1046.1	3492.4	-9754.5	-27.8	
67.65	40.8	12.8	45.9	2.0	-176.6	19.0	-195.0	-169.5	1057.2	4029.8	-9874.0	-19.0	
67.70	44.5	12.8	52.0	2.0	-182.7	19.1	-198.4	-191.8	1060.3	4433.2	-10148.3	-4.2	
67.75	48.2	12.6	53.8	2.0	-190.7	19.2	-206.5	-208.4	1059.2	5044.1	-10476.2	-5.9	
67.80	51.9	12.4	56.4	2.0	-198.9	19.3	-214.9	-218.0	1064.0	5635.3	-10827.2	-5.2	
67.85	55.5	12.5	66.0	2.0	-204.3	19.4	-222.1	-225.5	1068.5	5790.1	-11170.8	22.1	
67.90	59.2	12.8	75.8	2.0	-209.9	19.5	-233.9	-227.2	1071.7	5758.9	-11628.5	50.4	
67.95	62.8	13.0	86.0	2.0	-215.0	19.6	-246.7	-230.1	1073.8	5721.4	-12041.1	80.3	
68.00	66.4	13.3	92.2	2.0	-220.1	19.7	-252.8	-233.6	1080.7	5794.5	-12404.7	96.5	
68.05	70.0	13.4	96.6	2.0	-226.2	19.8	-251.8	-231.1	1093.7	6000.4	-12811.7	105.4	
68.10	73.6	13.3	101.8	2.0	-233.2	19.9	-251.8	-250.3	1109.8	6211.8	-13241.4	116.1	
68.15	77.2	13.5	101.6	2.0	-238.0	20.0	-252.0	-271.4	1119.8	6448.9	-13474.9	110.7	
68.20	80.8	13.4	98.2	2.0	-238.9	20.1	-253.8	-273.6	1121.1	6576.3	-13476.6	98.2	
68.25	84.4	13.3	99.3	2.0	-237.8	20.2	-260.3	-268.9	1118.6	6466.0	-13437.1	102.9	
68.30	87.9	13.6	103.7	2.0	-241.0	20.3	-269.4	-266.9	1128.2	6531.0	-13653.9	115.0	
68.35	91.4	13.8	107.5	2.0	-246.2	20.4	-271.7	-278.8	1146.7	6714.5	-13946.3	122.9	
68.40	94.9	14.0	110.6	2.0	-248.3	20.5	-268.3	-289.8	1158.5	6847.8	-14033.2	131.2	
68.45	98.4	14.2	114.3	2.0	-246.3	20.6	-264.0	-275.3	1159.0	6775.2	-13941.8	146.0	
68.50	101.9	14.4	121.4	2.0	-242.8	20.7	-259.3	-256.9	1158.4	6454.3	-13861.0	173.8	
68.55	105.4	14.7	128.2	2.0	-243.4	20.8	-256.2	-256.8	1167.5	6260.5	-13992.7	196.9	
68.60	108.9	15.0	131.2	2.0	-248.1	20.9	-257.6	-258.7	1184.6	6302.7	-14344.8	202.4	
68.65	112.3	14.7	134.8	2.0	-253.6	21.0	-271.5	-253.6	1195.0	6199.0	-14816.5	209.3	
68.70	115.8	14.5	139.1	2.0	-255.6	21.1	-289.4	-238.6	1194.3	5824.2	-15119.4	221.9	
68.75	119.2	14.5	136.7	2.0	-253.9	21.2	-290.8	-223.8	1199.5	5608.3	-15083.2	215.2	
68.80	122.6	14.7	127.8	2.0	-250.1	21.3	-272.2	-231.3	1216.2	5605.1	-14791.8	188.5	
68.85	126.0	14.9	119.1	2.0	-245.1	21.4	-251.3	-244.0	1227.9	5595.1	-14403.8	163.8	
68.90	129.4	14.9	113.3	2.0	-238.0	21.5	-238.6	-232.1	1223.3	5420.5	-13954.2	151.1	
68.95	132.7	14.4	116.2	2.0	-230.1	21.6	-237.9	-208.4	1212.6	4861.8	-13579.6	168.7	
69.00	136.1	14.3	119.3	2.0	-223.9	21.7	-236.9	-186.6	1211.8	4387.9	-13293.2	185.8	
69.05	139.4	14.6	115.3	2.0	-219.0	21.8	-228.1	-169.2	1218.4	4284.2	-12985.8	177.0	
69.10	142.7	14.2	110.8	2.0	-214.0	21.9	-218.9	-168.2	1224.4	4098.0	-12670.7	166.4	
69.15	146.0	14.0	107.6	2.0	-208.6	22.0	-210.1	-160.8	1230.3	3779.8	-12375.5	160.8	
69.20	149.3	14.0	102.0	2.0	-203.3	22.1	-202.4	-135.7	1234.8	3462.1	-12104.8	146.9	
69.25	152.5	13.9	98.7	2.0	-198.5	22.2	-199.9	-122.3	1228.5	3059.4	-11876.4	140.1	
69.30	155.8	13.8	94.0	2.0	-195.5	22.3	-200.3	-105.2	1218.2	2745.1	-11753.0	127.2	
69.35	159.0	13.7	91.3	2.0	-193.9	22.4	-200.9	-87.9	1217.9	2365.9	-11727.7	119.6	
69.40	162.3	14.0	91.1	2.0	-192.8	22.5	-204.5	-79.7	1222.6	1767.3	-11744.1	119.8	
69.45	165.5	14.4	86.4	2.0	-190.3	22.6	-205.3	-62.0	1218.1	1417.0	-11618.2	106.5	
69.50	168.7	14.6	80.1	2.0	-185.2	22.7	-198.6	-54.6	1209.0	1260.6	-11281.8	89.9	
69.55	171.8	14.1	74.9	2.0	-179.2	22.8	-184.4	-49.1	1209.7	1108.6	-10884.3	77.8	
69.60	175.0	14.0	67.0	2.0	-172.5	22.9	-166.5	-24.3	1214.2	877.3	-10464.2	57.4	
69.65	178.1	14.2	65.3	2.0	-166.1	23.0	-159.4	-11.0	1203.8	483.6	-10032.1	58.3	
69.70	181.3	13.9	62.0	2.0	-159.3	23.1	-157.7	1.3	1178.1	4.4	-9559.9	53.6	
69.75	184.4	14.0	60.1	2.0	-153.1	23.2	-149.7	28.5	1161.5	-418.6	-9104.8	53.4	
69.80	187.5	14.2	59.6	2.0	-149.7	23.3	-140.9	51.4	1160.9	-892.4	-8817.8	54.9	
69.85	190.6	14.5	57.2	2.0	-147.9	23.4	-135.9	69.4	1154.5	-1251.7	-8639.2	48.3	
69.90	193.7	14.7	52.2	2.0	-147.1	23.5	-136.4	76.5	1137.5	-1459.4	-8545.3	32.2	
69.95	196.7	14.9	47.3	2.0	-147.4	23.6	-136.4	73.1	1126.0	-1640.1	-8549.1	14.9	
70.00	199.8	15.0	44.5	2.0	-149.1	23.7	-134.0	81.1	1122.3	-1814.6	-8643.0	3.7	
70.05	202.8	15.1	43.3	2.0	-150.8	23.8	-134.0	93.8	1110.7	-2075.0	-8704.2	-2.3	
70.10	205.8	15.0	43.8	2.0	-152.5	23.9	-143.0	104.0	1082.3	-2388.2	-8741.6	-2.1	
70.15	208.8	14.5	45.3	2.0	-154.0	24.0	-151.3	120.4	1052.6	-2681.7	-8745.3	1.5	
70.20	211.8	14.3	50.2	2.0	-155.0	24.1	-149.0	139.1	1038.8	-3086.0	-8671.3	17.3	
70.25	214.7	14.2	55.3	2.0	-154.6	24.2	-136.3	160.1	1033.2	-3522.1	-8452.8	35.1	
70.30	217.7	14.3	56.0	2.0	-152.5	24.3	-122.6	183.3	1019.4	-3870.4	-8099.8	39.9	
70.35	220.6	14.5	56.0	2.0	-149.8	24.4	-112.9	191.6	999.7	-4175.8	-7729.2	42.3	
70.40	223.6	14.6	52.1	2.0	-148.2	24.5	-102.6	197.0	985.0	-4394.0	-7483.2	30.6	
70.45	226.5	14.7	48.1	2.0	-148.7	24.6	-93.6	205.9	976.9	-4571.5	-7410.7	16.5	
70.50	229.4	14.5	42.2	2.0	-150.6	24.7	-92.6	206.9	962.3	-4873.7	-7399.9	-5.6	
70.55	232.3	14.3	35.1	2.0	-152.1	24.8	-100.3	206.8	934.7	-5148.4	-7369.8	-31.8	
70.60	235.2	14.1	30.4	2.0	-154.5	24.9	-109.5	208.6	907.0	-5493.3	-7346.5	-50.1	
70.65	238.1	13.9	30.3	2.0	-157.6	25.0	-113.4	217.3	887.0	-5882.6	-7324.7	-53.7	
70.70	240.9	13.4	28.7	2.0	-160.1	25.1	-112.9	235.4	869.6	-6146.0	-7307.7	-61.4	
70.75	243.7	13.0	28.7	2.0	-161.5	25.2	-111.5	245.8	850.5	-6397.2	-7220.8	-63.1	
70.80	246.5	13.0	33.1	2.0	-163.2	25.3	-111.2	258.8	826.9	-6715.9	-7074.9	-49.4	
70.85	249.3	13.2	38.5	2.0	-165.6	25.4	-109.3	280.1	807.7	-7044.9	-6955.5	-33.6	
70.90	252.1	13.3	45.0	2.0	-167.9	25.5	-101.8	294.7	794.8	-7384.3	-6814.3	-13.6	
70.95	254.8	12.9	46.7	2.0	-167.4	25.6	-91.7	303.7	779.6	-7497.0	-6626.0	-7.1	
71.00	257.5	12.6	42.6	2.0	-164.6	25.7	-86.1	302.8	759.5	-7414.0	-6435.4	-18.4	
71.05	260.3	12.6	37.5	2.0	-161.6	25.8	-87.1	287.9	736.7	-7300.0	-6307.7	-32.8	
71.10	263.0	13.0	32.2	2.0	-159.2	25.9	-90.9	282.5	715.6	-7096.7	-6312.8	-48.7	
71.15	265.7	13.4	27.9	2.0	-157.3	26.0	-93.7	279.0	697.5	-6893.0	-6352.6	-61.4	
71.20	268.4	13.7	25.3	2.0	-154.8	26.1	-92.3	268.3	679.4	-6775.0	-6273.3	-68.1	
71.25	271.1	13.6	22.9	2.0	-152.1	26.2	-86.7	267.5	657.1	-6713.9	-6066.1	-73.4	
71.30	273.8	13.2	25.9	2.0	-151.2	26.3	-83.0	270.3	635.0	-6778.7	-5915.1	-62.2	
71.35	276.5	13.0	32.4	2.0	-150.9	26.4	-78.1	272.5	616.6	-6829.0	-5834.5	-39.6	
71.40	279.1	13.3	36.4	2.0	-149.2	26.5	-73.0	273.9	602.0	-6669.0	-5839.2	-24.4	
71.45	281.7	12.9	40.6	2.0	-147.1	26.6	-74.6	263.6	585.9	-6488.1	-5872.3	-7.9	
71.50	284.3	12.7	44.2	2.0	-145.2	26.7	-82.5	258.2	561.6	-6289.2	-5913.9	6.6	
71.55	286.9	12.8	44.7	2.0	-143.0	26.8	-92.9	258.2	534.6	-5952.2	-6031.3	10.5	
71.60	289.5	12.7	43.9	2.0	-140.1	26.9	-100.2	240.7	515.6	-5521.6	-6209.3	10.5	
71.65	292.1	12.9	41.6	2.0	-137.3	27.0	-100.5	223.1	503.3	-5074.4	-6383.0	5.6	
71.70	294.6	13.5	41.9	2.0	-135.7	27.1	-99.4	217.7	486.0	-4828.4	-6455.3	8.0	
71.75	297.2	13.6	45.2	2.0	-135.4	27.2	-99.8	216.6	461.1	-4908.0	-6394.4	19.7	
71.80	299.7	13.8	47.6	2.0	-135.0	27.3	-96.1	221.5	438.8	-5045.0	-6257.1	28.5	
71.85	302.2	14.2	48.1	2.0	-133.3	27.4	-83.4	224.4	427.0	-5131.8	-6038.5	31.8	
71.90	304.7	14.4	47.5	2.0	-130.9	27.5	-72.9	216.7	417.7	-5189.1	-5803.5	32.2	
71.95	307.2	14.4	43.1	2.0	-129.1	27.6	-75.0	213.9	397.6	-5172.7	-5666.6	18.8	
72.00	309.7	14.2	39.5	2.0	-128.5	27.7	-86.6	209.5	372.7	-5143.5	-5651.0	7.2	
72.05	312.1	14.0	36.1	2.0	-127.2	27.8	-94.1	198.5	357.3	-5019.2	-5678.3	-3.4	
72.10	314.6	13.7	30.7	2.0	-125.3	27.9	-96.5	189.8	349.6	-4816.7	-5698.5	-20.0	
72.15	317.0	13.4	25.8	2.0	-122.3	28.0	-93.8	177.2	335.7	-4746.8	-5518.6	-33.9	
72.20	319.4	13.3	22.8	2.0	-118.5	28.1	-84.6	172.3	315.5	-4809.6	-5131.1	-40.3	
72.25	321.8	13.1	21.7	2.0	-114.1	28.2	-67.7	172.9	303.4	-4826.5	-4680.4	-39.6	
72.30	324.2	12.7	19.6	2.0	-108.8	28.3	-47.7	163.1	301.3	-4717.1	-4286.2	-41.7	
72.35	326.6	12.0	17.3	2.0	-103.2	28.4	-35.8	154.2	294.0	-4426.7	-4035.6	-44.0	
72.40	328.9	11.8	16.9	2.0	-98.7	28.5	-36.9	145.4	277.3	-4072.5	-3963.8	-40.8	
72.45	331.3	12.0	17.5	2.0	-95.2	28.6	-43.8	127.4	263.8	-3653.8	-4078.4	-35.0	
72.50	333.6	12.6	17.4	2.0	-93.3	28.7	-54.1	109.3	258.7	-3074.1	-4404.3	-33.5	
72.55	335.9	12.9	19.0	2.0	-93.0	28.8	-64.9	95.7	248.6	-2573.2	-4720.4	-27.9	
72.60	338.2	12.9	24.2	2.0	-93.8	28.9	-75.6	85.3	229.4	-2322.7	-4935.0	-10.5	
72.65	340.5	12.7	31.3	2.0	-95.7	29.0	-83.0	85.4	215.8	-2224.8	-5131.1	11.9	
72.70	342.8	13.0	36.9	2.0	-96.3	29.1	-79.9	83.8	213.5	-2168.7	-5222.4	30.3	
72.75	345.1	13.4	39.7	2.0	-95.3	29.2	-72.1	78.9	211.5	-2051.5	-5216.1	41.0	
72.80	347.4	13.3	40.6	2.0	-93.5	29.3	-70.1	66.5	201.7	-1759.4	-5219.8	45.7	
72.85	349.7	13.1	39.8	2.0	-92.3	29.4	-72.2	43.9	192.2	-1276.5	-5304.3	44.2	
72.90	351.9	13.0	39.0	2.0	-93.6	29.5	-77.1	18.1	189.1	-676.9	-5534.3	40.1	
72.95	354.1	13.0	38.4	2.0	-96.8	29.6	-84.9	-3.2	183.7	-95.9	-5807.1	35.1	
73.00	356.4	13.3	38.2	2.0	-100.3	29.7	-95.7	-22.9	168.8	400.0	-6028.5	31.0	
73.05	358.6	13.5	39.2	2.0	-102.1	29.8	-100.1	-42.2	153.5	809.9	-6108.2	32.5	
73.10	0.7	13.5	43.1	2.0	-102.2	29.9	-94.7	-53.0	148.8	1041.8	-6085.2	45.8	
73.15	2.9	13.6	48.7	2.0	-100.8	30.0	-83.7	-52.4	149.4	1104.5	-5993.8	66.5	
73.20	5.0	13.8	53.4	2.0	-99.4	30.1	-75.9	-48.2	144.0	1099.4	-5916.7	84.1	
73.25	7.2	14.0	57.4	2.0	-100.2	30.2	-75.1	-49.4	138.2	1106.5	-5980.9	96.9	
73.30	9.3	14.0	60.6	2.0	-103.5	30.3	-78.0	-57.6	140.8	1197.2	-6195.2	104.4	
73.35	11.5	14.0	61.4	2.0	-107.1	30.4	-82.2	-68.3	145.2	1321.9	-6419.1	103.7	
73.40	13.6	14.0	59.2	2.0	-109.6	30.5	-91.8	-75.9	140.2	1382.9	-6563.9	93.6	
73.45	15.7	14.0	54.8	2.0	-110.1	30.6	-102.0	-80.5	129.3	1422.5	-6571.3	77.9	
73.50	17.8	14.2	48.8	2.0	-108.5	30.7	-103.4	-87.8	126.1	1476.9	-6417.7	58.9	
73.55	19.9	14.4	42.4	2.0	-105.0	30.8	-95.2	-99.1	130.9	1521.7	-6125.2	40.5	
73.60	22.0	14.1	36.3	2.0	-100.0	30.9	-84.0	-106.7	133.7	1498.2	-5747.5	24.7	
73.65	24.0	13.9	31.8	2.0	-95.5	31.0	-77.6	-108.1	132.8	1420.4	-5419.4	13.7	
73.70	26.1	13.7	29.0	2.0	-91.6	31.1	-70.5	-107.5	134.5	1373.6	-5139.1	7.8	
73.75	28.1	14.1	28.1	2.0	-89.1	31.2	-64.5	-106.9	141.3	1416.9	-4934.0	7.6	
73.80	30.1	14.3	27.2	2.0	-87.5	31.3	-60.6	-117.5	143.3	1643.7	-4710.7	5.9	
73.85	32.2	14.2	24.6	2.0	-87.4	31.4	-59.8	-136.3	140.1	2050.9	-4490.4	-3.1	
73.90	34.2	14.2	22.9	2.0	-89.9	31.5	-61.7	-153.1	138.2	2571.3	-4381.0	-11.2	
73.95	36.2	14.0	25.1	2.0	-94.7	31.6	-66.2	-163.8	140.2	3055.3	-4463.3	-8.5	
74.00	38.1	13.5	30.6	2.0	-101.2	31.7	-72.5	-172.7	143.8	3494.0	-4712.5	3.9	
74.05	40.1	13.4	36.2	2.0	-108.1	31.8	-77.8	-185.3	146.8	3933.3	-4982.1	16.2	
74.10	42.1	13.7	39.9	2.0	-112.6	31.9	-77.6	-192.8	151.1	4277.5	-5111.3	24.5	
74.15	44.0	14.3	43.0	2.0	-113.3	32.0	-72.0	-189.7	156.4	4435.5	-5055.6	34.4	
74.20	45.9	13.7	46.0	2.0	-113.1	32.1	-67.6	-190.5	159.2	4532.4	-4950.4	44.7	
74.25	47.9	13.3	46.7	2.0	-116.2	32.2	-68.8	-201.6	160.0	4779.7	-4994.2	44.0	
74.30	49.8	13.0	46.6	2.0	-124.0	32.3	-79.8	-219.3	163.9	5185.3	-5336.8	36.0	
74.35	51.7	12.8	47.9	2.0	-133.0	32.4	-95.3	-235.3	168.0	5602.5	-5798.5	31.2	
74.40	53.6	12.7	49.6	2.0	-140.9	32.5	-111.9	-244.7	168.8	5951.5	-6229.4	29.4	
74.45	55.5	12.6	50.1	2.0	-145.8	32.6	-120.9	-251.1	167.5	6220.0	-6442.1	26.3	
74.50	57.4	12.3	50.1	2.0	-147.4	32.7	-118.4	-261.5	167.9	6412.0	-6388.3	24.6	
74.55	59.2	12.3	50.1	2.0	-146.2	32.8	-108.4	-267.5	172.0	6492.3	-6166.0	25.9	
74.60	61.1	12.5	51.1	2.0	-142.1	32.9	-96.1	-264.2	176.6	6387.9	-5853.3	33.4	
74.65	62.9	12.2	52.9	2.0	-137.3	33.0	-85.7	-257.3	179.6	6219.6	-5537.9	44.4	
74.70	64.7	11.9	53.5	2.0	-135.2	33.1	-80.0	-252.7	184.9	6170.4	-5375.3	48.4	
74.75	66.6	11.7	52.3	2.0	-135.2	33.2	-76.6	-255.8	193.1	6181.5	-5346.1	44.4	
74.80	68.4	12.0	50.2	2.0	-135.5	33.3	-77.1	-262.2	200.1	6169.8	-5352.4	36.8	
74.85	70.2	12.3	45.9	2.0	-135.3	33.4	-81.3	-268.3	201.8	6177.4	-5290.2	22.1	
74.90	72.0	12.4	40.4	2.0	-134.0	33.5	-85.6	-274.8	199.8	6173.1	-5111.5	4.5	
74.95	73.8	12.2	35.7	2.0	-131.8	33.6	-84.9	-278.4	201.1	6113.4	-4901.4	-9.3	
75.00	75.5	12.1	34.6	2.0	-128.8	33.7	-78.9	-275.9	209.4	5935.4	-4774.4	-9.9	
75.05	77.3	12.2	33.8	2.0	-125.6	33.8	-73.9	-266.1	220.5	5666.4	-4748.9	-9.6	
75.10	79.0	12.6	33.2	2.0	-122.8	33.9	-74.7	-258.9	226.9	5401.5	-4752.2	-8.8	
75.15	80.8	13.0	32.9	2.0	-120.1	34.0	-78.6	-252.3	229.4	5132.8	-4770.6	-7.1	
75.20	82.5	12.9	34.8	2.0	-118.1	34.1	-80.6	-241.8	235.9	4885.4	-4835.2	1.6	
75.25	84.2	12.3	36.2	2.0	-117.9	34.2	-79.7	-236.0	246.4	4782.5	-4928.3	6.3	
75.30	85.9	12.2	35.7	2.0	-120.5	34.3	-81.5	-243.6	254.5	4938.5	-5013.8	2.0	
75.35	87.6	12.5	34.3	2.0	-124.4	34.4	-86.6	-257.1	257.5	5244.4	-5057.5	-6.6	
75.40	89.3	13.0	34.8	2.0	-129.1	34.5	-93.1	-269.4	262.3	5572.9	-5166.0	-9.7	
75.45	91.0	12.9	37.4	2.0	-133.8	34.6	-95.6	-276.5	272.2	5842.6	-5353.7	-5.5	
75.50	92.7	13.0	40.9	2.0	-137.2	34.7	-95.9	-275.3	281.9	6037.7	-5520.5	3.3	
75.55	94.3	13.4	44.7	2.0	-138.0	34.8	-95.1	-271.5	285.3	6128.2	-5525.6	15.4	
75.60	96.0	13.7	48.2	2.0	-137.3	34.9	-92.5	-270.1	285.4	6173.8	-5401.4	28.3	
75.65	97.6	13.6	50.3	2.0	-136.5	35.0	-86.4	-268.2	289.7	6203.0	-5283.1	36.2	
75.70	99.3	13.4	52.5	2.0	-137.4	35.1	-78.8	-270.2	299.6	6312.5	-5246.6	42.7	
75.75	100.9	13.0	54.1	2.0	-140.1	35.2	-75.8	-276.2	307.6	6538.6	-5261.1	45.5	
75.80	102.5	13.0	54.0	2.0	-143.3	35.3	-80.2	-281.7	309.8	6795.2	-5299.7	42.2	
75.85	104.1	13.1	53.5	2.0	-146.1	35.4	-89.0	-286.8	311.5	6960.6	-5391.6	37.5	
75.90	105.7	13.3	51.7	2.0	-147.6	35.5	-96.9	-287.8	316.5	6983.4	-5522.6	29.8	
75.95	107.3	12.9	49.5	2.0	-146.6	35.6	-101.1	-283.9	321.1	6869.6	-5552.8	23.4	
76.00	108.9	12.7	47.5	2.0	-142.8	35.7	-101.4	-279.9	321.7	6646.3	-5384.0	20.2	
76.05	110.5	12.7	44.9	2.0	-136.8	35.8	-96.1	-272.2	321.8	6368.4	-5047.5	17.2	
76.10	112.1	13.0	42.0	2.0	-130.3	35.9	-84.1	-262.2	326.9	6095.9	-4654.6	13.9	
76.15	113.6	12.9	38.9	2.0	-124.6	36.0	-69.6	-254.7	336.0	5855.0	-4298.8	9.0	
76.20	115.2	12.6	35.2	2.0	-120.2	36.1	-59.8	-249.1	343.8	5676.3	-4013.1	0.6	
76.25	116.7	12.7	32.0	2.0	-116.5	36.2	-54.7	-245.7	348.7	5547.6	-3722.9	-6.7	
76.30	118.2	12.9	28.5	2.0	-113.2	36.3	-51.1	-243.4	352.0	5457.4	-3402.6	-15.4	
76.35	119.7	13.1	25.1	2.0	-110.0	36.4	-46.2	-239.2	355.6	5389.0	-3078.3	-23.7	
76.40	121.2	12.5	23.2	2.0	-106.9	36.5	-39.8	-234.6	359.5	5305.5	-2761.1	-27.2	
76.45	122.8	12.5	19.0	2.0	-103.3	36.6	-32.2	-231.2	363.0	5173.3	-2436.6	-38.0	
76.50	124.2	12.5	15.7	2.0	-99.8	36.7	-24.6	-229.0	366.0	5034.2	-2120.8	-46.0	
76.55	125.7	12.3	14.2	2.0	-97.0	36.8	-19.4	-224.7	370.2	4897.5	-1919.6	-48.1	
76.60	127.2	11.9	13.9	2.0	-94.0	36.9	-15.7	-215.0	375.3	4710.0	-1840.6	-46.3	
76.65	128.7	11.9	14.4	2.0	-91.0	37.0	-13.2	-203.0	382.5	4489.4	-1858.5	-41.4	
76.70	130.2	12.3	14.9	2.0	-88.6	37.1	-13.2	-195.7	390.5	4280.7	-1926.1	-37.3	
76.75	131.6	12.7	14.8	2.0	-87.0	37.2	-18.2	-193.4	395.1	4114.4	-2008.5	-36.2	
76.80	133.1	12.9	14.8	2.0	-86.3	37.3	-25.9	-191.0	394.5	4005.7	-2115.1	-35.4	
76.85	134.6	12.8	15.7	2.0	-86.9	37.4	-32.3	-186.3	395.2	3984.5	-2272.4	-32.9	
76.90	136.0	12.8	17.4	2.0	-89.2	37.5	-35.8	-184.4	400.0	4074.6	-2458.5	-29.5	
76.95	137.4	12.4	18.6	2.0	-92.3	37.6	-40.1	-186.0	404.0	4224.5	-2642.1	-28.4	
77.00	138.9	11.7	19.7	2.0	-94.6	37.7	-44.8	-187.7	403.4	4330.6	-2790.2	-27.0	
77.05	140.3	11.7	22.1	2.0	-95.6	37.8	-48.3	-186.4	404.7	4308.8	-2954.8	-19.6	
77.10	141.7	11.7	25.9	2.0	-95.5	37.9	-47.9	-179.7	411.9	4198.0	-3125.8	-6.5	
77.15	143.1	11.7	29.0	2.0	-94.5	38.0	-44.0	-169.8	417.3	4070.3	-3209.3	4.9	
77.20	144.5	11.9	30.3	2.0	-93.4	38.1	-40.9	-162.6	415.0	4001.4	-3197.4	10.7	
77.25	145.9	12.1	31.3	2.0	-92.9	38.2	-39.9	-160.9	411.1	3974.0	-3191.3	14.5	
77.30	147.3	12.3	31.2	2.0	-93.7	38.3	-40.7	-162.3	412.8	3959.7	-3293.0	13.5	
77.35	148.7	12.7	31.4	2.0	-95.4	38.4	-45.6	-162.0	416.2	3938.8	-3505.3	12.3	
77.40	150.1	13.0	32.2	2.0	-96.8	38.5	-56.3	-156.2	414.8	3843.6	-3770.1	13.9	
77.45	151.4	13.3	33.6	2.0	-96.3	38.6	-66.9	-144.3	411.9	3619.7	-3972.7	18.9	
77.50	152.8	13.8	34.4	2.0	-93.1	38.7	-68.5	-132.9	414.2	3271.4	-3989.4	25.1	
77.55	154.1	14.1	32.5	2.0	-87.5	38.8	-59.7	-123.5	420.1	2890.3	-3790.3	24.0	
77.60	155.5	14.1	28.8	2.0	-79.8	38.9	-46.7	-112.7	420.7	2488.9	-3413.4	19.0	
77.65	156.8	13.8	25.0	2.0	-71.3	39.0	-34.6	-99.8	416.7	2076.1	-2983.2	14.6	
77.70	158.1	13.8	22.2	2.0	-65.0	39.1	-26.4	-88.6	417.2	1754.6	-2664.1	11.4	
77.75	159.5	14.0	19.2	2.0	-62.0	39.2	-24.2	-82.6	423.2	1590.7	-2520.8	4.1	
77.80	160.8	14.0	15.6	2.0	-60.6	39.3	-26.7	-80.9	425.7	1477.5	-2463.0	-7.1	
77.85	162.1	13.8	12.0	2.0	-59.0	39.4	-31.1	-78.5	424.2	1355.4	-2403.7	-17.7	
77.90	163.4	13.4	8.8	2.0	-56.3	39.5	-30.4	-75.3	424.4	1230.4	-2249.7	-26.2	
77.95	164.7	12.9	5.4	2.0	-52.0	39.6	-21.9	-71.5	427.0	1085.4	-1973.1	-33.5	
78.00	165.9	12.7	3.0	2.0	-46.4	39.7	-11.7	-61.5	426.8	863.6	-1652.2	-36.1	
78.05	167.2	12.7	3.0	2.0	-40.5	39.8	-3.8	-46.6	422.4	539.2	-1368.7	-30.2	
78.10	168.5	13.1	4.8	2.0	-37.1	39.9	-0.1	-33.4	421.5	234.1	-1229.7	-20.7	
78.15	169.8	13.0	6.3	2.0	-36.7	40.0	0.7	-24.9	427.9	91.8	-1239.2	-15.1	
78.20	171.0	12.7	7.3	2.0	-37.1	40.1	0.5	-21.1	432.8	106.0	-1273.4	-12.1	
78.25	172.2	12.5	7.5	2.0	-37.1	40.2	-0.6	-20.8	430.7	221.6	-1261.2	-11.3	
78.30	173.5	12.5	6.3	2.0	-37.2	40.3	-1.3	-22.3	427.0	389.3	-1224.5	-15.6	
78.35	174.7	12.5	4.9	2.0	-37.6	40.4	0.2	-26.2	427.0	552.7	-1180.6	-20.7	
78.40	176.0	12.4	4.9	2.0	-37.7	40.5	0.5	-27.3	426.5	616.9	-1157.2	-21.0	
78.45	177.2	12.3	6.6	2.0	-36.9	40.6	-2.1	-20.9	420.5	545.8	-1146.0	-14.3	
78.50	178.4	12.1	9.4	2.0	-35.7	40.7	-4.2	-10.5	415.7	410.5	-1139.7	-3.2	
78.55	179.6	11.7	10.6	2.0	-34.6	40.8	-1.4	-2.0	418.6	274.6	-1118.0	2.0	
78.60	180.8	11.9	10.8	2.0	-33.7	40.9	4.0	2.0	424.5	189.1	-1061.6	3.4	
78.65	182.0	12.0	9.4	2.0	-32.5	41.0	8.3	0.7	423.0	185.9	-956.1	-0.3	
78.70	183.2	12.1	7.5	2.0	-31.7	41.1	9.5	-3.0	415.8	266.4	-873.0	-5.9	
78.75	184.4	12.0	6.3	2.0	-32.3	41.2	8.1	-2.6	411.0	363.3	-895.3	-10.6	
78.80	185.6	11.9	6.5	2.0	-33.6	41.3	4.9	0.9	409.8	377.0	-1008.4	-11.2	
78.85	186.8	11.8	8.7	2.0	-35.3	41.4	-2.4	8.3	405.9	277.6	-1165.8	-5.4	
78.90	187.9	11.8	11.3	2.0	-36.6	41.5	-9.6	15.7	398.4	110.7	-1271.1	2.3	
78.95	189.1	11.8	13.3	2.0	-36.5	41.6	-9.1	22.3	395.1	-75.0	-1248.4	9.2	
79.00	190.2	11.8	13.5	2.0	-35.2	41.7	0.5	32.2	398.1	-236.9	-1098.6	11.1	
79.05	191.3	11.2	12.8	2.0	-33.8	41.8	12.5	43.4	399.4	-435.6	-878.0	10.3	
79.10	192.5	10.9	13.4	2.0	-34.3	41.9	19.5	52.7	394.3	-711.3	-691.5	11.6	
79.15	193.6	10.8	14.1	2.0	-37.4	42.0	18.2	60.5	388.8	-1015.5	-664.3	10.9	
79.20	194.7	11.0	14.7	2.0	-42.2	42.1	12.2	67.9	387.8	-1351.2	-768.4	8.2	
79.25	195.9	10.9	15.0	2.0	-47.3	42.2	5.6	77.3	387.2	-1709.3	-868.8	4.2	
79.30	197.0	10.5	14.2	2.0	-51.1	42.3	1.2	87.5	382.1	-2007.5	-847.0	-2.5	
79.35	198.1	10.8	10.8	2.0	-52.7	42.4	3.4	89.6	376.6	-2205.0	-661.7	-15.6	
79.40	199.2	11.0	6.6	2.0	-53.7	42.5	12.5	87.7	375.5	-2346.7	-379.4	-31.0	
79.45	200.3	11.0	4.0	2.0	-56.4	42.6	24.1	92.0	376.8	-2566.6	-86.0	-42.6	
79.50	201.4	10.6	5.1	2.0	-61.6	42.7	32.2	104.1	375.1	-2916.2	153.8	-44.2	
79.55	202.5	10.4	7.5	2.0	-66.8	42.8	34.4	117.2	371.0	-3266.2	280.5	-41.2	
79.60	203.6	10.4	9.6	2.0	-70.7	42.9	32.9	128.3	368.5	-3533.5	281.3	-37.7	
79.65	204.7	10.6	11.3	2.0	-73.6	43.0	31.4	134.8	367.6	-3736.8	231.1	-34.8	
79.70	205.8	10.9	11.7	2.0	-75.0	43.1	29.5	138.1	365.1	-3841.1	160.5	-34.8	
79.75	206.8	11.0	10.4	2.0	-74.4	43.2	25.8	138.0	359.6	-3808.2	49.6	-38.8	
79.80	207.9	10.7	9.7	2.0	-73.0	43.3	20.8	134.2	353.5	-3721.8	-131.5	-39.9	
79.85	209.0	10.9	11.2	2.0	-72.8	43.4	13.5	136.2	349.8	-3679.6	-417.7	-34.2	
79.90	210.0	11.2	15.6	2.0	-74.7	43.5	6.1	145.3	347.5	-3753.0	-740.3	-21.0	
79.95	211.0	11.6	22.2	2.0	-77.8	43.6	1.2	154.1	345.2	-3905.7	-1006.9	-1.5	
80.00	212.1	11.4	27.3	2.0	-80.0	43.7	-1.3	161.1	342.5	-4013.0	-1192.1	13.7	
80.05	213.1	11.2	30.6	2.0	-80.6	43.8	-0.6	164.0	339.4	-4027.9	-1285.1	24.5	
80.10	214.2	11.1	32.8	2.0	-80.0	43.9	2.4	163.9	335.4	-3975.1	-1309.1	32.4	
80.15	215.2	11.4	33.3	2.0	-78.6	44.0	4.2	164.2	331.3	-3850.0	-1350.6	35.8	
80.20	216.2	11.4	32.5	2.0	-76.7	44.1	2.2	160.5	326.5	-3675.2	-1449.4	34.7	
80.25	217.2	11.2	30.7	2.0	-75.4	44.2	-4.8	152.7	320.2	-3534.0	-1601.5	30.0	
80.30	218.2	10.8	29.9	2.0	-76.2	44.3	-15.1	152.9	313.7	-3516.2	-1787.2	26.3	
80.35	219.3	10.5	31.2	2.0	-79.0	44.4	-21.2	161.7	309.2	-3667.5	-1892.8	28.0	
80.40	220.3	10.3	33.1	2.0	-81.7	44.5	-19.3	170.2	306.7	-3903.1	-1828.8	32.0	
80.45	221.3	10.0	32.7	2.0	-83.1	44.6	-12.3	176.8	303.5	-4100.5	-1609.3	29.0	
80.50	222.3	9.9	30.7	2.0	-84.0	44.7	-1.6	180.3	298.8	-4279.9	-1260.2	21.5	
80.55	223.3	9.6	29.7	2.0	-85.5	44.8	10.5	184.7	294.9	-4482.2	-876.6	16.5	
80.60	224.3	9.3	29.3	2.0	-87.7	44.9	18.7	192.6	292.9	-4671.2	-591.2	12.8	
80.65	225.2	9.4	28.3	2.0	-89.8	45.0	21.2	198.7	290.1	-4834.5	-408.0	7.2	
80.70	226.2	9.6	26.4	2.0	-91.5	45.1	17.5	202.7	283.8	-4964.6	-287.8	-0.7	
80.75	227.2	9.8	23.1	2.0	-92.7	45.2	13.8	207.2	277.5	-5060.2	-159.4	-13.5	
80.80	228.1	10.0	21.8	2.0	-94.3	45.3	17.1	210.1	273.9	-5177.5	69.3	-19.7	
80.85	229.1	10.4	20.6	2.0	-96.3	45.4	27.0	212.1	271.3	-5303.2	411.1	-25.5	
80.90	230.1	11.0	18.7	2.0	-98.2	45.5	37.9	214.5	266.6	-5398.4	805.5	-34.2	
80.95	231.0	11.5	16.7	2.0	-100.6	45.6	47.3	217.2	261.2	-5509.5	1163.0	-43.2	
81.00	232.0	11.6	16.5	2.0	-103.3	45.7	53.9	222.0	257.7	-5648.9	1383.4	-46.6	
81.05	232.9	11.5	17.7	2.0	-105.2	45.8	55.9	229.6	255.4	-5761.6	1433.6	-44.3	
81.10	233.8	11.3	19.2	2.0	-106.0	45.9	53.7	234.2	251.7	-5829.3	1391.5	-40.2	
81.15	234.8	11.1	19.4	2.0	-105.7	46.0	48.6	235.5	245.6	-5823.2	1312.6	-39.1	
81.20	235.7	10.9	19.3	2.0	-104.4	46.1	43.4	235.4	239.4	-5757.7	1210.2	-38.2	
81.25	236.6	10.9	19.6	2.0	-102.9	46.2	40.3	232.3	234.5	-5677.3	1108.7	-35.5	
81.30	237.6	11.0	20.0	2.0	-101.1	46.3	37.3	228.5	229.3	-5580.4	983.7	-32.4	
81.35	238.5	11.3	20.5	2.0	-99.1	46.4	31.6	228.1	223.3	-5460.5	795.1	-28.7	
81.40	239.4	11.8	22.3	2.0	-97.4	46.5	26.1	227.5	218.1	-5369.5	566.1	-20.9	
81.45	240.3	11.7	26.5	2.0	-96.5	46.6	20.9	229.5	215.1	-5318.3	280.8	-5.6	
81.50	241.2	11.6	30.1	2.0	-95.6	46.7	16.4	233.9	211.8	-5252.7	14.1	7.8	
81.55	242.1	11.4	33.1	2.0	-94.3	46.8	14.8	231.9	206.7	-5157.6	-151.6	19.5	
81.60	243.0	11.6	34.7	2.0	-92.0	46.9	15.4	226.1	201.7	-5000.9	-265.0	27.1	
81.65	243.9	11.6	36.1	2.0	-90.0	47.0	16.6	223.6	197.3	-4855.0	-378.6	33.9	
81.70	244.8	11.4	38.3	2.0	-89.6	47.1	17.4	221.8	192.4	-4820.6	-471.7	41.8	
81.75	245.7	11.5	38.6	2.0	-90.0	47.2	12.0	224.7	185.2	-4837.6	-619.9	42.7	
81.80	246.6	11.6	38.3	2.0	-90.9	47.3	3.0	229.1	178.1	-4874.0	-810.0	40.7	
81.85	247.5	11.5	38.9	2.0	-92.8	47.4	-2.1	227.8	173.7	-4996.7	-945.5	40.7	
81.90	248.4	11.5	39.5	2.0	-95.4	47.5	-3.4	230.8	170.7	-5184.0	-1000.0	40.2	
81.95	249.2	11.3	38.9	2.0	-98.2	47.6	-2.4	239.6	165.9	-5388.4	-944.8	35.4	
82.00	250.1	11.0	38.0	2.0	-100.9	47.7	2.0	242.4	160.4	-5615.2	-765.2	29.7	
82.05	251.0	10.9	36.6	2.0	-103.0	47.8	7.6	243.1	155.4	-5801.5	-561.3	22.7	
82.10	251.8	11.0	36.0	2.0	-105.6	47.9	12.5	247.5	151.5	-6002.2	-377.3	17.9	
82.15	252.7	11.1	36.1	2.0	-109.1	48.0	19.0	254.9	147.4	-6261.8	-142.4	14.8	
82.20	253.5	11.2	34.7	2.0	-111.7	48.1	23.3	262.5	142.2	-6441.8	87.0	7.5	
82.25	254.4	11.3	31.7	2.0	-112.9	48.2	26.1	265.4	137.2	-6518.8	308.5	-4.1	
82.30	255.2	11.3	29.7	2.0	-114.2	48.3	30.6	263.6	132.7	-6604.0	563.8	-12.3	
82.35	256.0	11.4	28.2	2.0	-116.0	48.4	34.6	265.8	128.7	-6717.1	788.7	-19.1	
82.40	256.9	11.4	25.8	2.0	-117.6	48.5	38.1	270.3	124.5	-6801.1	969.4	-28.9	
82.45	257.7	11.2	24.3	2.0	-118.5	48.6	42.2	269.9	121.0	-6850.7	1118.4	-35.1	
82.50	258.5	10.8	23.5	2.0	-118.8	48.7	44.5	267.8	117.2	-6868.8	1212.5	-38.0	
82.55	259.3	10.7	23.7	2.0	-119.3	48.8	44.1	270.8	112.5	-6895.8	1248.1	-37.8	
82.60	260.2	10.6	25.4	2.0	-120.6	48.9	45.6	275.7	108.8	-6973.9	1291.5	-33.4	
82.65	261.0	10.5	27.8	2.0	-121.4	49.0	48.0	278.4	106.7	-7021.4	1311.8	-26.1	
82.70	261.8	10.5	29.1	2.0	-120.8	49.1	48.6	279.4	104.2	-6980.7	1307.3	-20.9	
82.75	262.6	10.4	29.7	2.0	-119.5	49.2	47.7	276.5	99.7	-6890.3	1315.2	-17.4	
82.80	263.4	10.3	30.7	2.0	-117.6	49.3	44.2	274.2	94.7	-6766.4	1256.2	-12.3	
82.85	264.2	10.6	31.3	2.0	-115.3	49.4	39.8	274.6	91.4	-6618.2	1104.4	-7.9	
82.90	265.0	10.8	31.6	2.0	-112.0	49.5	36.5	267.3	89.7	-6415.5	917.7	-3.4	
82.95	265.8	10.9	29.2	2.0	-106.8	49.6	31.6	254.0	86.2	-6093.0	719.3	-6.6	
83.00	266.6	10.7	27.3	2.0	-101.9	49.7	25.4	247.4	79.5	-5764.0	545.2	-8.3	
83.05	267.4	10.6	29.9	2.0	-99.6	49.8	25.2	244.8	73.8	-5605.7	459.4	3.2	
83.10	268.2	10.8	33.9	2.0	-98.4	49.9	28.6	242.9	71.2	-5529.9	379.4	18.0	
83.15	269.0	10.9	35.9	2.0	-96.7	50.0	28.0	242.6	68.6	-5410.4	240.6	26.7	
83.20	269.7	10.7	37.2	2.0	-95.1	50.1	25.7	239.9	62.3	-5309.4	173.3	32.6	
83.25	270.5	10.2	39.2	2.0	-93.7	50.2	23.8	237.4	55.2	-5212.8	140.3	40.7	
83.30	271.3	10.3	40.7	2.0	-92.3	50.3	22.3	240.3	51.0	-5105.2	68.8	47.3	
83.35	272.0	10.2	40.6	2.0	-91.1	50.4	22.2	240.7	47.6	-5018.8	15.3	48.4	
83.40	272.8	9.8	39.4	2.0	-90.2	50.5	20.2	237.6	42.3	-4963.1	-20.4	45.2	
83.45	273.5	9.7	37.9	2.0	-90.3	50.6	16.1	235.8	35.9	-4980.3	-20.2	39.8	
83.50	274.3	9.6	38.3	2.0	-92.5	50.7	14.5	236.6	30.6	-5150.1	45.8	39.1	
83.55	275.1	9.8	39.3	2.0	-95.9	50.8	16.4	242.5	26.1	-5390.7	144.7	39.0	
83.60	275.8	10.0	39.1	2.0	-99.0	50.9	19.5	250.9	22.5	-5599.2	248.7	35.3	
83.65	276.6	10.2	37.7	2.0	-101.3	51.0	25.4	252.9	19.3	-5758.3	437.4	28.0	
83.70	277.3	10.2	35.3	2.0	-102.6	51.1	32.4	249.5	16.4	-5841.0	684.2	18.7	
83.75	278.1	9.9	31.8	2.0	-103.4	51.2	37.3	246.6	12.2	-5879.8	919.9	5.9	
83.80	278.8	10.0	29.9	2.0	-105.3	51.3	41.5	250.2	7.6	-5985.2	1125.6	-2.6	
83.85	279.5	10.2	29.9	2.0	-107.9	51.4	45.7	256.2	4.3	-6133.8	1281.6	-5.2	
83.90	280.3	10.3	29.9	2.0	-110.0	51.5	47.1	259.8	1.9	-6266.9	1379.8	-7.4	
83.95	281.0	10.1	29.3	2.0	-112.1	51.6	46.0	262.1	-2.2	-6402.9	1461.4	-11.4	
84.00	281.7	9.9	28.6	2.0	-114.1	51.7	46.4	264.4	-7.5	-6526.2	1555.1	-16.0	
84.05	282.5	10.0	27.4	2.0	-114.7	51.8	50.0	262.8	-10.3	-6553.5	1637.7	-20.7	
84.10	283.2	9.6	26.4	2.0	-114.5	51.9	55.3	258.4	-11.0	-6535.1	1700.6	-23.9	
84.15	283.9	9.4	25.5	2.0	-114.3	52.0	59.1	256.3	-14.0	-6512.0	1740.4	-26.8	
84.20	284.7	9.5	24.9	2.0	-114.1	52.1	58.1	256.5	-19.6	-6495.8	1707.9	-28.6	
84.25	285.4	9.2	26.1	2.0	-114.4	52.2	52.5	257.8	-24.6	-6552.3	1565.5	-24.9	
84.30	286.1	9.0	29.2	2.0	-114.9	52.3	47.3	259.0	-27.0	-6636.5	1361.8	-14.7	
84.35	286.8	9.0	31.7	2.0	-114.5	52.4	41.4	260.9	-29.3	-6638.0	1128.3	-5.7	
84.40	287.5	9.2	32.8	2.0	-112.9	52.5	35.1	261.7	-34.4	-6541.7	950.9	-0.4	
84.45	288.2	9.4	33.4	2.0	-110.6	52.6	31.8	259.0	-41.6	-6385.9	869.9	4.1	
84.50	288.9	9.3	33.5	2.0	-107.3	52.7	31.5	251.1	-45.9	-6161.3	799.0	7.7	
84.55	289.6	9.3	33.5	2.0	-103.7	52.8	30.7	241.2	-47.4	-5929.8	668.3	11.4	
84.60	290.3	9.5	34.0	2.0	-101.1	52.9	28.1	235.9	-51.4	-5762.3	520.6	15.6	
84.65	291.0	9.9	36.2	2.0	-99.6	53.0	24.1	236.5	-58.2	-5653.9	381.9	24.7	
84.70	291.7	9.9	38.4	2.0	-97.9	53.1	20.3	235.1	-61.9	-5535.4	234.6	33.9	
84.75	292.4	10.0	38.8	2.0	-95.3	53.2	17.5	228.2	-62.4	-5357.5	79.3	38.0	
84.80	293.1	10.1	37.9	2.0	-92.7	53.3	16.0	223.1	-65.5	-5174.9	-16.9	37.5	
84.85	293.8	9.5	37.8	2.0	-90.8	53.4	15.0	219.4	-71.4	-5039.9	-31.8	38.8	
84.90	294.5	9.3	37.7	2.0	-88.6	53.5	15.6	214.2	-76.2	-4886.7	1.7	40.9	
84.95	295.2	9.5	36.4	2.0	-85.8	53.6	16.9	209.6	-77.9	-4686.8	15.8	39.2	
85.00	295.9	9.9	36.8	2.0	-84.7	53.7	16.9	207.7	-80.8	-4603.6	44.7	41.5	
85.05	296.6	9.9	39.2	2.0	-86.0	53.8	16.0	212.0	-86.4	-4684.8	118.3	48.5	
85.10	297.3	9.8	39.9	2.0	-87.3	53.9	15.9	216.3	-90.3	-4760.8	196.3	49.7	
85.15	298.0	9.6	38.7	2.0	-87.3	54.0	18.6	214.3	-90.5	-4766.8	295.9	45.6	
85.20	298.7	9.2	36.6	2.0	-87.5	54.1	22.5	212.4	-92.3	-4769.9	446.3	38.0	
85.25	299.3	9.0	34.7	2.0	-88.1	54.2	25.8	214.7	-98.8	-4782.0	642.5	31.1	
85.30	300.0	9.3	33.2	2.0	-88.7	54.3	30.1	211.8	-103.5	-4799.3	836.0	25.1	
85.35	300.7	9.4	30.7	2.0	-88.9	54.4	35.2	205.6	-103.5	-4805.4	976.8	16.4	
85.40	301.4	9.6	27.2	2.0	-89.4	54.5	37.9	205.1	-104.3	-4817.2	1096.7	4.1	
85.45	302.1	9.9	27.4	2.0	-91.3	54.6	40.0	207.5	-110.0	-4899.9	1311.6	2.6	
85.50	302.7	10.0	28.8	2.0	-93.8	54.7	43.1	209.9	-116.1	-5004.9	1568.6	5.0	
85.55	303.4	9.7	27.0	2.0	-94.2	54.8	45.4	210.6	-118.3	-4986.9	1711.5	-1.5	
85.60	304.1	9.3	24.1	2.0	-93.6	54.9	48.0	207.1	-119.6	-4921.3	1792.6	-10.9	
85.65	304.7	9.0	23.2	2.0	-94.0	55.0	49.7	202.5	-124.0	-4933.2	1875.9	-14.3	
85.70	305.4	9.1	23.3	2.0	-94.0	55.1	47.1	202.9	-129.2	-4933.6	1866.0	-14.1	
85.75	306.1	9.2	22.3	2.0	-93.0	55.2	44.2	201.8	-132.7	-4879.2	1782.5	-16.3	
85.80	306.7	8.6	22.2	2.0	-91.8	55.3	43.6	198.7	-133.9	-4830.7	1679.0	-15.6	
85.85	307.4	8.6	24.0	2.0	-90.9	55.4	42.2	199.3	-135.6	-4799.8	1557.1	-8.4	
85.90	308.1	8.6	26.1	2.0	-89.5	55.5	40.4	196.7	-138.7	-4725.1	1456.5	0.1	
85.95	308.7	8.7	26.7	2.0	-86.8	55.6	38.7	187.7	-141.3	-4568.6	1347.0	5.0	
86.00	309.4	8.3	25.7	2.0	-82.6	55.7	34.4	179.9	-143.7	-4325.0	1144.2	5.5	
86.05	310.0	8.0	26.7	2.0	-79.5	55.8	30.3	177.9	-146.6	-4141.2	920.0	12.2	
86.10	310.7	7.7	29.5	2.0	-77.5	55.9	28.4	175.9	-149.7	-4023.4	750.0	23.6	
86.15	311.4	7.8	31.6	2.0	-74.8	56.0	23.3	171.5	-151.7	-3863.8	534.3	33.6	
86.20	312.0	7.7	31.0	2.0	-71.9	56.1	16.1	165.9	-154.0	-3688.6	302.0	34.5	
86.25	312.7	7.4	32.7	2.0	-70.9	56.2	12.4	163.0	-157.9	-3627.4	140.4	41.2	
86.30	313.3	7.1	34.6	2.0	-70.8	56.3	10.6	164.6	-160.1	-3619.2	-23.9	48.0	
86.35	314.0	6.9	35.6	2.0	-70.3	56.4	8.2	164.9	-161.0	-3569.7	-201.1	51.9	
86.40	314.6	6.9	35.0	2.0	-68.9	56.5	5.6	157.7	-163.7	-3478.8	-321.1	51.2	
86.45	315.3	6.9	34.2	2.0	-67.7	56.6	4.9	151.1	-168.2	-3401.5	-362.2	49.8	
86.50	315.9	7.0	34.2	2.0	-67.6	56.7	5.4	150.1	-170.6	-3388.2	-373.8	49.9	
86.55	316.6	7.2	34.5	2.0	-67.8	56.8	6.6	149.6	-171.2	-3410.2	-351.2	50.7	
86.60	317.2	7.5	34.9	2.0	-67.9	56.9	5.8	148.2	-174.5	-3420.3	-301.6	51.9	
86.65	317.8	7.6	33.6	2.0	-67.9	57.0	1.9	148.7	-180.3	-3419.2	-268.8	47.4	
86.70	318.5	7.8	32.5	2.0	-68.2	57.1	0.9	148.5	-184.8	-3439.6	-215.6	43.5	
86.75	319.1	8.0	30.4	2.0	-68.1	57.2	4.7	145.1	-185.4	-3446.5	-139.3	36.2	
86.80	319.7	7.8	28.1	2.0	-67.8	57.3	7.7	142.6	-184.8	-3437.6	-87.6	28.6	
86.85	320.3	7.5	27.1	2.0	-68.6	57.4	10.8	143.1	-188.9	-3492.3	49.6	24.5	
86.90	321.0	7.2	27.0	2.0	-70.3	57.5	15.5	143.7	-193.7	-3607.6	254.3	22.5	
86.95	321.6	7.3	27.1	2.0	-71.9	57.6	19.3	143.3	-193.5	-3711.5	386.3	21.0	
87.00	322.2	7.2	26.4	2.0	-73.1	57.7	21.7	143.6	-192.1	-3797.8	462.5	17.5	
87.05	322.8	7.0	26.1	2.0	-74.6	57.8	22.9	145.3	-195.2	-3894.6	546.9	14.9	
87.10	323.4	7.4	26.1	2.0	-75.4	57.9	22.4	146.9	-199.9	-3936.8	609.9	14.3	
87.15	324.1	7.4	24.1	2.0	-74.2	58.0	20.5	144.0	-201.0	-3854.7	606.9	8.7	
87.20	324.7	7.2	21.4	2.0	-72.7	58.1	20.2	138.2	-200.5	-3757.3	595.6	0.9	
87.25	325.3	7.4	21.5	2.0	-72.9	58.2	21.5	137.8	-203.0	-3769.9	624.0	0.8	
87.30	325.9	7.6	21.9	2.0	-73.5	58.3	21.7	139.7	-206.1	-3802.8	629.6	1.7	
87.35	326.5	7.8	21.6	2.0	-72.8	58.4	22.9	137.1	-205.9	-3757.9	620.3	1.5	
87.40	327.1	8.1	22.1	2.0	-71.5	58.5	26.2	132.8	-205.0	-3671.6	628.9	4.3	
87.45	327.7	8.3	23.5	2.0	-70.9	58.6	28.2	131.8	-206.9	-3620.5	630.1	9.8	
87.50	328.3	8.5	24.0	2.0	-69.9	58.7	27.7	129.2	-209.4	-3559.9	565.8	12.6	
87.55	328.9	8.8	22.6	2.0	-67.5	58.8	23.1	122.1	-210.0	-3426.3	396.3	10.2	
87.60	329.5	8.5	21.5	2.0	-64.9	58.9	15.8	116.3	-211.3	-3267.3	192.9	8.9	
87.65	330.1	8.1	22.4	2.0	-62.9	59.0	10.9	114.0	-215.6	-3127.7	62.7	14.1	
87.70	330.7	7.8	24.1	2.0	-61.4	59.1	6.7	112.7	-218.8	-3015.8	-67.6	21.3	
87.75	331.3	7.8	24.4	2.0	-59.8	59.2	2.9	110.4	-219.5	-2892.9	-227.9	23.8	
87.80	331.9	7.8	24.7	2.0	-58.7	59.3	0.5	107.9	-220.7	-2800.8	-358.4	26.1	
87.85	332.4	7.7	27.0	2.0	-58.4	59.4	1.6	106.6	-223.3	-2774.8	-396.4	34.3	
87.90	333.0	7.7	29.0	2.0	-58.0	59.5	3.0	105.3	-224.5	-2737.7	-428.3	41.6	
87.95	333.6	7.6	28.9	2.0	-57.0	59.6	2.4	102.8	-224.4	-2655.4	-508.0	42.2	
88.00	334.1	7.7	28.6	2.0	-55.8	59.7	0.7	99.9	-226.2	-2557.7	-588.8	42.2	
88.05	334.7	7.5	29.2	2.0	-55.0	59.8	-1.1	97.2	-229.2	-2486.0	-635.1	45.2	
88.10	335.3	7.6	28.8	2.0	-53.7	59.9	-3.5	92.4	-230.5	-2387.0	-682.0	45.1	
88.15	335.8	7.9	26.5	2.0	-52.0	60.0	-7.2	87.1	-230.9	-2250.7	-741.5	39.0	
88.20	336.4	7.9	24.5	2.0	-50.5	60.1	-9.0	83.6	-233.4	-2138.9	-727.3	33.7	
88.25	336.9	8.0	23.9	2.0	-49.6	60.2	-7.1	83.9	-236.7	-2099.2	-619.1	32.5	
88.30	337.5	7.9	23.6	2.0	-49.1	60.3	-1.2	85.0	-237.1	-2104.7	-441.7	32.0	
88.35	338.1	7.9	22.5	2.0	-48.6	60.4	5.7	83.2	-235.5	-2106.2	-245.9	28.7	
88.40	338.6	7.7	21.0	2.0	-48.4	60.5	11.0	80.4	-236.0	-2112.2	-35.4	23.6	
88.45	339.2	7.6	20.0	2.0	-48.8	60.6	14.6	79.7	-238.8	-2128.7	161.6	19.9	
88.50	339.7	7.9	19.4	2.0	-49.6	60.7	18.6	80.8	-240.3	-2164.1	327.5	16.9	
88.55	340.3	8.2	17.9	2.0	-49.9	60.8	22.3	79.9	-239.2	-2171.3	445.4	11.7	
88.60	340.8	8.4	14.6	2.0	-49.0	60.9	21.1	75.4	-239.0	-2101.8	490.3	1.2	
88.65	341.4	8.2	11.7	2.0	-48.2	61.0	18.3	70.1	-242.5	-2037.0	557.6	-7.9	
88.70	341.9	8.5	11.1	2.0	-48.3	61.1	19.0	67.7	-246.5	-2010.8	686.1	-10.3	
88.75	342.4	8.8	10.7	2.0	-48.5	61.2	22.9	68.7	-246.3	-1977.1	807.8	-11.8	
88.80	343.0	8.7	10.5	2.0	-48.5	61.3	26.9	68.3	-244.5	-1937.6	893.8	-12.4	
88.85	343.5	8.7	11.2	2.0	-48.7	61.4	28.3	66.0	-246.3	-1931.1	952.1	-10.1	
88.90	344.0	8.8	12.1	2.0	-48.9	61.5	27.2	65.8	-250.1	-1942.3	949.1	-7.2	
88.95	344.5	8.9	12.5	2.0	-48.3	61.6	27.0	65.7	-249.7	-1927.8	878.9	-5.4	
89.00	345.0	9.2	12.3	2.0	-46.8	61.7	28.6	62.6	-247.2	-1847.2	796.9	-4.4	
89.05	345.6	9.4	12.2	2.0	-44.5	61.8	26.4	58.6	-248.5	-1723.9	680.9	-2.7	
89.10	346.1	9.3	11.6	2.0	-41.9	61.9	20.2	52.8	-253.2	-1592.2	520.9	-2.2	
89.15	346.6	9.1	11.2	2.0	-39.5	62.0	14.2	45.9	-255.1	-1479.4	322.6	-1.1	
89.20	347.1	8.9	11.5	2.0	-37.6	62.1	10.0	42.8	-253.5	-1382.8	108.8	1.7	
89.25	347.6	8.8	12.3	2.0	-36.1	62.2	7.3	42.7	-253.6	-1275.5	-50.7	6.2	
89.30	348.1	8.9	13.8	2.0	-34.8	62.3	5.3	40.5	-256.7	-1173.3	-145.9	12.5	
89.35	348.6	9.1	14.6	2.0	-33.6	62.4	6.0	36.3	-258.7	-1084.6	-189.8	16.3	
89.40	349.1	9.4	14.8	2.0	-32.4	62.5	6.3	31.7	-256.2	-990.6	-272.6	18.2	
89.45	349.6	9.6	15.6	2.0	-32.1	62.6	6.5	29.2	-254.6	-954.3	-343.4	21.3	
89.50	350.1	9.5	16.4	2.0	-32.4	62.7	5.8	29.4	-257.9	-960.3	-379.7	23.9	
89.55	350.6	9.0	16.1	2.0	-32.1	62.8	2.6	28.0	-260.6	-903.3	-448.3	23.1	
89.60	351.1	9.1	14.6	2.0	-31.0	62.9	-0.5	22.0	-259.6	-786.7	-530.0	18.9	
89.65	351.6	9.1	14.3	2.0	-30.4	63.0	-2.6	16.9	-259.1	-717.9	-569.7	18.7	
89.70	352.1	9.0	13.1	2.0	-29.9	63.1	-3.4	16.6	-262.4	-689.6	-539.5	15.1	
89.75	352.6	9.0	11.8	2.0	-29.2	63.2	-3.5	17.3	-264.3	-665.8	-479.0	11.1	
89.80	353.1	9.0	10.8	2.0	-27.9	63.3	-0.8	14.7	-262.5	-624.9	-372.0	9.2	
89.85	353.6	9.1	10.1	2.0	-26.7	63.4	4.4	13.6	-261.4	-614.6	-195.0	8.1	
89.90	354.1	9.5	10.6	2.0	-26.8	63.5	10.7	15.2	-263.2	-631.6	38.1	9.7	
89.95	354.6	9.4	9.8	2.0	-26.9	63.6	15.7	11.9	-263.5	-596.2	229.6	6.6	
90.00	355.0	9.0	7.2	2.0	-26.5	63.7	17.8	6.3	-262.0	-505.5	344.1	-1.8	
90.05	355.5	8.8	5.3	2.0	-26.3	63.8	18.2	4.0	-262.9	-414.4	430.0	-8.2	
90.10	356.0	9.2	4.1	2.0	-26.5	63.9	17.9	2.6	-265.3	-355.9	498.6	-12.4	
90.15	356.5	9.5	3.1	2.0	-26.3	64.0	17.0	-1.5	-265.2	-292.0	526.4	-15.7	
90.20	356.9	9.5	1.2	2.0	-26.0	64.1	16.4	-6.5	-263.9	-176.4	551.0	-22.0	
90.25	357.4	9.7	0.4	2.0	-26.7	64.2	17.1	-9.0	-264.4	-101.1	615.2	-25.4	
90.30	357.9	10.1	2.1	2.0	-28.6	64.3	21.6	-9.1	-266.0	-101.2	751.8	-21.4	
90.35	358.4	10.8	4.2	2.0	-30.1	64.4	26.0	-7.4	-265.0	-109.7	852.5	-15.5	
90.40	358.8	10.9	5.0	2.0	-30.5	64.5	28.1	-7.6	-262.5	-64.3	884.1	-13.5	
90.45	359.3	10.7	4.2	2.0	-30.7	64.6	28.9	-12.1	-263.1	24.9	895.5	-16.3	
90.50	359.8	10.3	3.7	2.0	-30.1	64.7	26.3	-16.5	-265.4	139.2	836.0	-17.4	
90.55	0.2	10.7	3.1	2.0	-29.0	64.8	22.7	-21.5	-265.2	303.2	703.6	-18.2	
90.60	0.7	10.9	2.7	2.0	-28.9	64.9	20.2	-28.1	-263.5	496.7	559.0	-19.8	
90.65	1.1	11.0	2.2	2.0	-29.6	65.0	15.4	-33.9	-263.9	687.6	397.7	-22.0	
90.70	1.6	10.6	3.1	2.0	-30.8	65.1	10.9	-37.8	-267.2	827.7	273.6	-20.2	
90.75	2.1	10.3	4.0	2.0	-31.6	65.2	9.3	-41.1	-268.0	905.9	183.6	-17.7	
90.80	2.5	10.2	5.7	2.0	-32.5	65.3	7.9	-43.4	-264.9	985.5	79.4	-12.9	
90.85	3.0	10.3	8.0	2.0	-33.6	65.4	9.1	-43.9	-265.2	1070.5	52.6	-6.0	
90.90	3.4	10.4	10.2	2.0	-34.1	65.5	10.7	-43.3	-267.9	1109.9	48.1	0.8	
90.95	3.9	10.4	11.0	2.0	-34.8	65.6	8.5	-44.3	-267.3	1158.7	-64.1	3.0	
91.00	4.3	10.3	10.9	2.0	-36.1	65.7	4.3	-48.4	-264.9	1229.6	-238.8	1.2	
91.05	4.8	10.6	10.2	2.0	-37.3	65.8	0.0	-52.7	-265.2	1272.9	-384.3	-2.4	
91.10	5.3	10.9	10.9	2.0	-38.2	65.9	-5.3	-54.8	-267.5	1296.5	-505.8	-0.7	
91.15	5.7	10.9	11.0	2.0	-39.0	66.0	-7.7	-55.8	-268.7	1332.9	-559.9	-1.4	
91.20	6.1	11.1	10.5	2.0	-39.4	66.1	-7.5	-57.9	-267.4	1354.9	-564.2	-3.4	
91.25	6.6	11.4	10.0	2.0	-39.0	66.2	-5.9	-59.3	-266.9	1345.2	-511.6	-4.7	
91.30	7.0	11.6	10.1	2.0	-38.5	66.3	-4.2	-59.9	-267.7	1330.0	-426.3	-3.8	
91.35	7.5	11.1	9.9	2.0	-38.3	66.4	-0.9	-62.6	-267.0	1335.5	-318.1	-4.2	
91.40	7.9	10.8	9.4	2.0	-38.2	66.5	4.3	-64.4	-264.8	1348.4	-182.3	-5.8	
91.45	8.4	11.0	8.3	2.0	-38.3	66.6	8.5	-63.6	-263.7	1369.8	-49.3	-9.9	
91.50	8.8	10.9	7.3	2.0	-38.5	66.7	11.0	-65.3	-264.6	1380.7	73.2	-13.6	
91.55	9.2	10.9	6.2	2.0	-38.9	66.8	10.6	-70.8	-265.1	1389.7	144.9	-17.5	
91.60	9.7	11.0	4.2	2.0	-39.0	66.9	8.4	-73.0	-264.6	1388.2	172.1	-24.5	
91.65	10.1	10.7	3.4	2.0	-38.3	67.0	9.0	-69.5	-265.0	1330.2	251.6	-26.5	
91.70	10.5	10.4	2.9	2.0	-38.0	67.1	12.7	-68.0	-265.2	1278.4	384.7	-28.0	
91.75	11.0	10.1	1.6	2.0	-38.8	67.2	13.7	-70.8	-263.3	1315.0	451.6	-33.4	
91.80	11.4	10.3	0.7	2.0	-39.5	67.3	14.4	-73.4	-262.3	1340.5	515.8	-37.0	
91.85	11.8	10.6	1.3	2.0	-40.1	67.4	19.8	-74.3	-263.4	1307.8	666.9	-35.6	
91.90	12.3	10.8	2.2	2.0	-40.7	67.5	24.2	-74.1	-261.8	1308.8	756.3	-33.2	
91.95	12.7	10.8	1.8	2.0	-40.6	67.6	22.9	-72.9	-259.1	1329.8	717.5	-34.2	
92.00	13.1	10.8	2.1	2.0	-40.1	67.7	20.6	-72.7	-261.0	1313.4	678.1	-32.8	
92.05	13.6	10.8	3.1	2.0	-39.5	67.8	17.7	-73.7	-263.4	1292.9	602.8	-28.8	
92.10	14.0	10.8	2.5	2.0	-40.1	67.9	13.3	-78.1	-261.0	1400.7	441.7	-31.4	
92.15	14.4	10.8	1.5	2.0	-42.1	68.0	9.6	-83.8	-258.5	1581.6	287.6	-37.0	
92.20	14.9	10.7	1.9	2.0	-44.4	68.1	8.3	-89.1	-261.1	1749.2	219.2	-38.0	
92.25	15.3	10.3	3.6	2.0	-46.1	68.2	7.3	-91.3	-263.1	1875.1	137.7	-33.8	
92.30	15.7	10.2	5.0	2.0	-47.2	68.3	4.7	-93.2	-259.8	1960.4	-24.0	-30.1	
92.35	16.1	10.1	5.8	2.0	-47.8	68.4	3.9	-95.5	-257.0	1996.1	-150.1	-27.9	
92.40	16.5	10.0	7.9	2.0	-48.1	68.5	1.3	-95.0	-258.2	2012.8	-256.2	-20.9	
92.45	16.9	9.8	9.7	2.0	-49.2	68.6	-1.9	-94.6	-260.1	2081.1	-358.9	-16.1	
92.50	17.4	9.6	10.4	2.0	-51.2	68.7	-2.1	-99.3	-258.5	2207.5	-449.8	-15.7	
92.55	17.8	9.5	10.9	2.0	-53.6	68.8	-3.3	-105.9	-255.4	2349.7	-564.9	-16.2	
92.60	18.2	9.6	11.1	2.0	-55.2	68.9	-6.6	-108.3	-256.3	2442.7	-655.2	-17.1	
92.65	18.6	9.8	11.5	2.0	-55.5	69.0	-9.6	-107.8	-258.0	2448.8	-707.8	-15.9	
92.70	19.0	10.1	11.3	2.0	-55.3	69.1	-9.9	-107.1	-256.9	2438.5	-708.5	-16.4	
92.75	19.4	10.1	11.0	2.0	-55.1	69.2	-9.2	-104.4	-254.1	2443.1	-665.1	-17.5	
92.80	19.8	10.2	10.7	2.0	-55.2	69.3	-6.1	-103.6	-254.5	2490.0	-519.9	-18.6	
92.85	20.2	10.2	10.1	2.0	-56.2	69.4	0.4	-109.8	-256.0	2586.0	-292.2	-21.6	
92.90	20.6	10.0	8.5	2.0	-58.4	69.5	5.3	-117.8	-254.2	2744.1	-109.8	-29.1	
92.95	21.0	10.0	7.4	2.0	-59.9	69.6	7.7	-120.5	-252.1	2851.9	21.8	-34.6	
93.00	21.4	10.1	7.0	2.0	-59.8	69.7	11.3	-120.1	-253.1	2832.8	188.0	-35.6	
93.05	21.8	10.4	6.7	2.0	-59.1	69.8	13.1	-119.2	-253.4	2777.7	307.9	-36.3	
93.10	22.2	10.1	5.2	2.0	-59.5	69.9	12.8	-119.5	-251.6	2796.0	382.9	-41.6	
93.15	22.6	9.6	3.9	2.0	-59.9	70.0	14.5	-120.4	-251.1	2804.5	519.4	-46.7	
93.20	23.0	9.1	3.2	2.0	-60.4	70.1	19.1	-120.8	-252.6	2788.4	726.1	-49.5	
93.25	23.4	9.2	2.7	2.0	-61.4	70.2	23.8	-121.4	-252.1	2817.5	895.3	-52.1	
93.30	23.8	9.6	1.7	2.0	-62.3	70.3	27.4	-123.8	-249.1	2851.2	990.1	-56.6	
93.35	24.2	10.0	1.2	2.0	-61.9	70.4	28.0	-124.0	-247.7	2807.8	1026.5	-57.8	
93.40	24.6	9.9	1.3	2.0	-60.1	70.5	25.8	-118.0	-248.7	2682.6	1013.5	-55.5	
93.45	25.0	10.0	1.7	2.0	-58.1	70.6	24.3	-112.6	-247.6	2563.9	957.0	-52.1	
93.50	25.4	10.3	2.0	2.0	-57.5	70.7	23.3	-113.7	-244.6	2542.0	873.1	-50.7	
93.55	25.8	10.5	1.3	2.0	-57.8	70.8	20.8	-115.5	-244.2	2589.7	790.9	-53.5	
93.60	26.1	10.6	1.3	2.0	-59.0	70.9	18.5	-119.3	-246.8	2692.4	729.3	-54.4	
93.65	26.5	10.6	1.6	2.0	-60.5	71.0	19.1	-126.1	-246.6	2805.9	667.8	-55.0	
93.70	26.9	10.5	1.6	2.0	-61.7	71.1	18.4	-131.2	-242.6	2908.9	531.4	-56.2	
93.75	27.3	10.0	2.8	2.0	-61.9	71.2	15.0	-132.1	-240.6	2956.4	358.3	-52.2	
93.80	27.7	9.3	3.6	2.0	-61.8	71.3	12.7	-132.6	-242.4	2958.9	236.9	-49.5	
93.85	28.0	9.3	4.5	2.0	-62.0	71.4	9.7	-134.5	-241.8	2976.5	87.5	-46.5	
93.90	28.4	9.2	4.7	2.0	-63.0	71.5	5.8	-135.7	-239.4	3047.1	-87.1	-46.7	
93.95	28.8	9.0	5.0	2.0	-64.0	71.6	2.3	-137.4	-239.8	3111.2	-227.4	-46.9	
94.00	29.2	8.8	6.1	2.0	-64.8	71.7	0.2	-141.2	-241.7	3150.0	-346.2	-43.9	
94.05	29.5	9.2	7.2	2.0	-65.4	71.8	-3.3	-143.2	-240.9	3169.9	-517.8	-40.7	
94.10	29.9	9.8	7.6	2.0	-65.2	71.9	-7.7	-140.7	-238.1	3124.5	-695.7	-39.0	
94.15	30.3	9.8	8.3	2.0	-64.0	72.0	-10.5	-137.2	-237.3	3022.8	-792.6	-35.7	
94.20	30.6	9.9	9.6	2.0	-63.1	72.1	-10.9	-136.0	-237.6	2942.6	-821.2	-30.2	
94.25	31.0	9.8	9.1	2.0	-63.3	72.2	-8.3	-137.9	-236.5	2967.0	-787.3	-32.0	
94.30	31.3	9.8	8.6	2.0	-64.8	72.3	-5.7	-142.4	-234.1	3087.0	-721.6	-35.1	
94.35	31.7	9.9	7.6	2.0	-66.3	72.4	-3.3	-146.6	-234.5	3216.7	-602.5	-40.3	
94.40	32.0	10.0	7.2	2.0	-67.0	72.5	-2.4	-148.6	-236.2	3280.5	-501.3	-42.1	
94.45	32.4	10.3	7.2	2.0	-67.4	72.6	-3.1	-149.7	-234.5	3311.0	-481.7	-42.5	
94.50	32.7	10.1	6.4	2.0	-67.0	72.7	-3.3	-149.4	-231.0	3284.0	-468.5	-45.0	
94.55	33.1	10.0	4.7	2.0	-66.2	72.8	-2.2	-148.3	-230.2	3244.6	-370.8	-50.2	
94.60	33.4	10.1	3.6	2.0	-66.3	72.9	-0.2	-148.1	-230.4	3268.6	-213.3	-54.1	
94.65	33.7	9.8	2.3	2.0	-67.5	73.0	5.8	-151.8	-229.6	3355.7	19.6	-59.6	
94.70	34.1	9.6	1.1	2.0	-69.0	73.1	14.6	-156.9	-227.9	3437.5	295.3	-65.2	
94.75	34.4	9.6	1.3	2.0	-69.4	73.2	20.5	-158.0	-225.9	3443.8	498.8	-65.0	
94.80	34.7	9.4	1.1	2.0	-69.2	73.3	22.5	-156.6	-224.6	3412.7	620.5	-65.5	
94.85	35.1	9.7	0.8	2.0	-68.9	73.4	23.5	-156.2	-223.0	3375.2	706.4	-66.4	
94.90	35.4	10.3	-0.7	2.0	-69.4	73.5	23.9	-156.1	-221.5	3398.9	772.2	-71.7	
94.95	35.7	10.6	-1.6	2.0	-70.5	73.6	22.0	-156.9	-220.3	3477.7	781.7	-76.1	
95.00	36.1	10.6	-2.1	2.0	-72.3	73.7	21.5	-163.1	-220.1	3598.1	793.1	-79.5	
95.05	36.4	10.4	-1.6	2.0	-74.0	73.8	22.8	-169.5	-220.2	3702.1	828.1	-79.3	
95.10	36.7	10.6	-1.6	2.0	-75.3	73.9	23.2	-171.5	-219.9	3794.1	853.0	-80.9	
95.15	37.0	10.5	-1.8	2.0	-75.8	74.0	22.7	-170.4	-219.1	3841.5	835.6	-81.9	
95.20	37.4	10.2	-0.5	2.0	-75.5	74.1	22.2	-170.0	-218.2	3832.8	762.5	-77.3	
95.25	37.7	9.9	1.1	2.0	-75.1	74.2	20.6	-170.7	-216.3	3825.6	619.5	-71.4	
95.30	38.0	9.8	2.0	2.0	-75.1	74.3	18.1	-171.1	-213.7	3855.9	456.1	-68.4	
95.35	38.3	9.9	2.2	2.0	-76.3	74.4	16.3	-173.5	-212.8	3951.3	335.5	-68.7	
95.40	38.6	10.4	2.8	2.0	-78.1	74.5	13.5	-178.0	-213.5	4086.9	212.6	-68.4	
95.45	38.9	10.9	3.7	2.0	-79.8	74.6	8.6	-181.3	-214.6	4208.8	46.6	-67.2	
95.50	39.3	11.1	4.7	2.0	-80.6	74.7	2.9	-182.8	-214.5	4261.4	-162.0	-64.3	
95.55	39.6	10.8	5.8	2.0	-80.5	74.8	-3.4	-183.3	-212.5	4238.5	-409.2	-60.6	
95.60	39.9	10.7	6.8	2.0	-80.7	74.9	-9.1	-182.2	-211.8	4235.3	-613.5	-57.4	
95.65	40.2	10.7	8.0	2.0	-81.4	75.0	-13.1	-180.2	-211.9	4270.0	-756.3	-54.1	
95.70	40.5	10.7	8.7	2.0	-82.4	75.1	-13.7	-181.4	-210.2	4324.5	-847.7	-52.4	
95.75	40.8	10.8	9.0	2.0	-83.3	75.2	-11.1	-184.9	-207.4	4385.3	-871.0	-52.6	
95.80	41.1	10.7	9.5	2.0	-83.9	75.3	-7.8	-187.1	-205.7	4433.3	-830.8	-51.3	
95.85	41.4	10.5	9.7	2.0	-84.0	75.4	-5.0	-189.1	-205.5	4452.7	-744.3	-50.7	
95.90	41.7	10.8	9.3	2.0	-83.9	75.5	-4.1	-190.7	-205.2	4445.4	-670.2	-52.1	
95.95	42.0	10.9	8.8	2.0	-83.2	75.6	-6.5	-188.7	-203.9	4402.5	-669.1	-53.0	
96.00	42.3	10.9	8.5	2.0	-81.9	75.7	-8.8	-184.4	-203.1	4311.5	-671.4	-52.5	
96.05	42.5	11.1	7.1	2.0	-81.1	75.8	-8.3	-184.6	-202.0	4265.1	-616.6	-56.7	
96.10	42.8	11.4	5.0	2.0	-82.1	75.9	-8.6	-189.5	-200.0	4337.6	-548.2	-65.0	
96.15	43.1	11.8	3.0	2.0	-83.5	76.0	-6.9	-193.7	-199.6	4445.4	-396.5	-73.3	
96.20	43.4	12.1	2.8	2.0	-83.6	76.1	1.6	-194.8	-200.2	4463.6	-97.5	-73.8	
96.25	43.7	11.9	2.7	2.0	-82.9	76.2	12.6	-193.2	-198.3	4412.1	226.4	-73.5	
96.30	44.0	11.7	2.0	2.0	-82.3	76.3	19.2	-191.3	-194.1	4359.2	453.5	-75.4	
96.35	44.3	11.7	1.5	2.0	-81.4	76.4	21.5	-190.2	-193.1	4267.4	628.0	-76.3	
96.40	44.6	11.4	1.0	2.0	-80.6	76.5	24.3	-189.0	-196.0	4175.3	823.6	-77.3	
96.45	44.9	11.4	-0.2	2.0	-81.1	76.6	25.9	-189.1	-194.5	4196.9	904.4	-81.8	
96.50	45.2	11.6	-2.3	2.0	-82.7	76.7	25.4	-193.3	-189.6	4321.0	881.1	-90.6	
96.55	45.5	11.9	-3.6	2.0	-84.2	76.8	24.7	-199.5	-189.6	4415.1	906.8	-96.6	
96.60	45.8	12.2	-3.8	2.0	-84.8	76.9	23.6	-202.3	-193.2	4433.9	974.8	-98.0	
96.65	46.1	12.6	-3.9	2.0	-84.6	77.0	22.4	-200.0	-192.3	4421.0	990.2	-98.1	
96.70	46.3	12.4	-3.4	2.0	-83.9	77.1	24.0	-196.9	-187.1	4381.2	975.5	-95.6	
96.75	46.6	12.5	-1.0	2.0	-83.1	77.2	28.4	-194.4	-186.4	4316.3	1022.1	-86.7	
96.80	46.9	12.9	0.5	2.0	-83.1	77.3	28.6	-193.0	-188.4	4323.5	1001.3	-81.4	
96.85	47.2	13.2	0.1	2.0	-84.4	77.4	24.2	-197.6	-186.0	4452.1	817.1	-84.2	
96.90	47.5	13.3	-0.4	2.0	-85.9	77.5	21.6	-205.0	-182.5	4585.2	606.3	-87.3	
96.95	47.7	13.4	0.9	2.0	-86.1	77.6	18.8	-206.4	-182.7	4617.8	420.1	-83.0	
97.00	48.0	13.6	2.8	2.0	-85.5	77.7	12.1	-203.4	-183.3	4598.5	187.4	-75.9	
97.05	48.3	13.5	3.2	2.0	-85.5	77.8	4.8	-203.1	-181.8	4603.5	-58.0	-74.6	
97.10	48.6	13.3	3.9	2.0	-85.6	77.9	-0.5	-203.4	-181.3	4604.8	-243.2	-72.3	
97.15	48.8	13.2	5.0	2.0	-86.1	78.0	-3.9	-201.3	-182.1	4635.0	-379.9	-68.8	
97.20	49.1	13.1	6.7	2.0	-87.5	78.1	-5.9	-202.0	-181.1	4726.3	-519.1	-64.6	
97.25	49.4	13.0	7.3	2.0	-88.8	78.2	-5.2	-204.9	-178.4	4807.9	-634.6	-63.7	
97.30	49.7	13.1	7.2	2.0	-90.1	78.3	-5.8	-208.2	-176.5	4883.8	-736.1	-65.5	
97.35	49.9	13.1	7.6	2.0	-91.0	78.4	-9.3	-210.0	-176.7	4933.9	-824.2	-64.9	
97.40	50.2	13.1	7.9	2.0	-90.9	78.5	-9.0	-210.3	-177.6	4926.4	-820.2	-63.8	
97.45	50.5	13.5	8.1	2.0	-91.0	78.6	-7.3	-211.5	-175.7	4933.3	-819.7	-63.3	
97.50	50.8	13.2	7.9	2.0	-91.6	78.7	-8.1	-212.3	-173.5	4976.0	-837.9	-64.4	
97.55	51.0	12.9	7.8	2.0	-92.3	78.8	-8.0	-214.3	-175.1	5034.9	-762.6	-65.7	
97.60	51.3	12.9	7.0	2.0	-92.9	78.9	-5.7	-217.4	-176.3	5087.9	-628.1	-68.8	
97.65	51.6	13.0	5.5	2.0	-93.6	79.0	-3.8	-218.9	-173.8	5150.1	-517.1	-74.8	
97.70	51.9	12.9	4.8	2.0	-93.5	79.1	-1.7	-217.1	-171.4	5162.4	-387.1	-77.2	
97.75	52.1	12.5	5.1	2.0	-92.1	79.2	3.8	-214.1	-171.6	5078.1	-164.6	-74.5	
97.80	52.4	12.4	5.2	2.0	-90.7	79.3	8.9	-212.0	-171.4	4977.5	65.1	-72.9	
97.85	52.7	12.4	3.4	2.0	-90.2	79.4	11.5	-210.7	-169.1	4940.1	238.7	-78.6	
97.90	52.9	12.7	1.7	2.0	-90.6	79.5	14.6	-211.9	-167.9	4954.9	411.3	-84.7	
97.95	53.2	12.4	1.3	2.0	-91.2	79.6	20.1	-214.3	-168.6	4969.5	621.1	-86.6	
98.00	53.5	12.2	0.7	2.0	-92.2	79.7	24.9	-217.0	-167.3	5013.1	783.9	-89.9	
98.05	53.7	12.1	-0.4	2.0	-92.8	79.8	27.9	-217.6	-163.6	5041.2	888.0	-94.1	
98.10	54.0	11.9	-0.6	2.0	-92.4	79.9	29.9	-216.6	-162.0	4995.3	1008.1	-94.5	
98.15	54.3	11.7	-0.8	2.0	-91.6	80.0	31.6	-213.8	-163.2	4907.7	1160.8	-94.2	
98.20	54.5	11.6	-0.9	2.0	-91.9	80.1	32.5	-212.2	-162.5	4910.2	1246.2	-94.9	
98.25	54.8	12.0	-1.6	2.0	-93.2	80.2	33.7	-214.7	-159.7	5005.1	1267.6	-98.7	
98.30	55.0	12.1	-1.5	2.0	-94.6	80.3	35.0	-220.1	-159.1	5091.6	1275.1	-99.8	
98.35	55.3	12.3	-1.7	2.0	-95.1	80.4	34.0	-223.3	-159.8	5135.1	1230.1	-101.1	
98.40	55.6	12.6	-2.4	2.0	-94.8	80.5	29.8	-223.7	-158.2	5146.8	1091.6	-103.2	
98.45	55.8	12.5	-2.3	2.0	-93.4	80.6	27.0	-221.1	-155.7	5073.0	957.8	-101.5	
98.50	56.1	12.5	-0.8	2.0	-91.6	80.7	26.9	-216.8	-155.5	4961.3	879.8	-94.3	
98.55	56.3	12.7	0.3	2.0	-90.3	80.8	25.2	-213.7	-155.1	4891.6	768.5	-89.2	
98.60	56.6	12.7	0.7	2.0	-90.1	80.9	21.7	-215.4	-153.4	4898.7	612.3	-87.9	
98.65	56.8	12.7	0.9	2.0	-91.1	81.0	19.2	-220.0	-153.3	4970.5	477.0	-88.0	
98.70	57.1	12.8	1.6	2.0	-91.6	81.1	15.7	-221.2	-154.3	5023.0	312.4	-86.2	
98.75	57.4	12.9	2.2	2.0	-91.6	81.2	10.0	-219.2	-153.2	5034.7	74.0	-84.1	
98.80	57.6	13.0	3.0	2.0	-91.1	81.3	4.7	-217.8	-150.4	5003.7	-183.1	-80.7	
98.85	57.9	12.9	3.6	2.0	-90.2	81.4	-0.4	-216.0	-149.3	4926.8	-398.5	-78.0	
98.90	58.1	13.1	3.9	2.0	-90.3	81.5	-6.0	-215.9	-150.0	4923.7	-562.9	-76.8	
98.95	58.4	13.2	4.2	2.0	-91.9	81.6	-8.7	-220.0	-150.0	5014.9	-672.4	-77.6	
99.00	58.6	13.4	4.6	2.0	-93.6	81.7	-7.2	-225.2	-148.6	5127.3	-721.9	-78.0	
99.05	58.9	13.6	5.2	2.0	-95.1	81.8	-5.8	-228.7	-147.5	5225.2	-753.3	-77.3	
99.10	59.1	13.6	6.1	2.0	-95.4	81.9	-6.5	-229.7	-146.6	5243.2	-798.7	-74.3	
99.15	59.3	13.3	6.3	2.0	-94.7	82.0	-6.9	-228.0	-145.4	5187.4	-823.4	-73.0	
99.20	59.6	13.1	6.2	2.0	-93.6	82.1	-8.2	-224.5	-142.9	5115.9	-842.6	-72.4	
99.25	59.8	13.2	5.9	2.0	-92.8	82.2	-8.3	-220.7	-140.9	5067.6	-805.8	-72.5	
99.30	60.1	13.5	6.0	2.0	-92.7	82.3	-4.8	-220.5	-140.0	5080.0	-683.6	-72.0	
99.35	60.3	13.5	5.1	2.0	-93.4	82.4	-1.3	-224.7	-138.6	5143.7	-545.9	-76.1	
99.40	60.5	14.0	3.3	2.0	-94.6	82.5	-0.2	-229.7	-137.2	5231.2	-419.3	-83.2	
99.45	60.8	14.7	1.7	2.0	-95.4	82.6	1.8	-232.6	-137.9	5294.6	-239.2	-89.6	
99.50	61.0	15.0	1.6	2.0	-95.2	82.7	6.2	-231.4	-137.9	5283.4	-37.8	-89.6	
99.55	61.2	15.1	1.7	2.0	-94.6	82.8	11.3	-228.9	-134.5	5249.8	129.5	-88.9	
99.60	61.5	14.9	1.0	2.0	-94.5	82.9	15.7	-228.1	-130.8	5242.1	287.7	-91.0	
99.65	61.7	14.4	0.4	2.0	-95.2	83.0	19.6	-229.4	-130.7	5270.5	496.7	-93.9	
99.70	61.9	13.7	0.2	2.0	-96.8	83.1	24.8	-233.5	-131.0	5355.1	735.2	-96.3	
99.75	62.2	13.3	-0.6	2.0	-98.9	83.2	30.3	-237.3	-129.2	5468.7	940.3	-101.0	
99.80	62.4	13.1	-1.5	2.0	-99.9	83.3	33.3	-237.1	-127.9	5521.2	1086.1	-105.2	
99.85	62.6	13.3	-2.0	2.0	-99.9	83.4	33.8	-236.9	-128.0	5503.7	1168.9	-106.6	
99.90	62.8	13.0	-2.2	2.0	-99.5	83.5	32.6	-238.5	-127.7	5466.9	1183.0	-107.2	
99.95	63.1	12.3	-2.9	2.0	-99.4	83.6	30.1	-239.0	-125.8	5469.2	1143.6	-109.3	
100.00	63.3	12.6	-3.0	2.0	-99.7	83.7	28.4	-237.6	-124.6	5506.8	1110.1	-110.2	
100.05	63.5	13.0	-2.3	2.0	-100.1	83.8	29.0	-237.2	-124.6	5536.1	1099.9	-107.9	
100.10	63.7	13.5	-1.5	2.0	-100.3	83.9	29.0	-239.6	-124.0	5556.5	1031.3	-105.4	
100.15	63.9	13.4	-1.4	2.0	-100.5	84.0	27.4	-243.0	-121.9	5586.7	901.7	-105.2	
100.20	64.2	13.5	-0.6	2.0	-100.4	84.1	24.8	-243.6	-120.7	5605.7	771.8	-102.4	
100.25	64.4	13.6	0.5	2.0	-99.9	84.2	21.8	-241.0	-120.7	5592.3	636.3	-98.3	
100.30	64.6	13.7	1.7	2.0	-99.5	84.3	18.0	-239.4	-119.5	5582.4	433.1	-93.5	
100.35	64.8	13.6	2.4	2.0	-99.3	84.4	12.5	-240.5	-116.6	5583.9	152.3	-91.2	
100.40	65.0	13.4	2.9	2.0	-99.4	84.5	5.5	-241.7	-115.5	5588.9	-126.0	-89.4	
100.45	65.2	13.4	3.5	2.0	-100.1	84.6	-0.8	-243.2	-116.4	5628.8	-341.2	-88.2	
100.50	65.4	13.3	4.2	2.0	-101.2	84.7	-5.2	-244.9	-116.3	5696.8	-521.5	-86.7	
100.55	65.6	13.4	5.1	2.0	-101.9	84.8	-8.8	-245.5	-114.8	5732.0	-695.7	-84.3	
100.60	65.8	13.6	6.4	2.0	-102.0	84.9	-10.5	-245.4	-113.1	5720.8	-832.7	-79.9	
100.65	66.0	13.5	7.7	2.0	-101.9	85.0	-10.7	-245.4	-111.5	5700.7	-922.2	-75.4	
100.70	66.2	13.5	8.2	2.0	-102.0	85.1	-11.1	-244.7	-109.3	5697.5	-990.0	-73.8	
100.75	66.4	13.8	8.0	2.0	-102.2	85.2	-12.0	-243.2	-108.3	5715.3	-1023.7	-74.8	
100.80	66.6	13.7	8.2	2.0	-102.0	85.3	-12.1	-241.8	-109.1	5707.9	-1009.9	-73.8	
100.85	66.8	13.8	7.9	2.0	-101.7	85.4	-11.1	-242.6	-108.8	5688.4	-979.5	-74.8	
100.90	67.0	13.8	7.0	2.0	-101.8	85.5	-11.2	-244.5	-106.6	5692.6	-953.9	-77.9	
100.95	67.1	13.5	6.1	2.0	-101.7	85.6	-11.5	-244.6	-106.2	5700.7	-868.0	-80.8	
101.00	67.3	13.1	5.4	2.0	-101.4	85.7	-9.8	-243.8	-107.4	5698.3	-704.1	-82.7	
101.05	67.5	12.9	4.4	2.0	-101.5	85.8	-6.8	-245.5	-106.3	5717.2	-547.1	-86.5	
101.10	67.7	12.6	3.3	2.0	-102.0	85.9	-2.5	-248.7	-103.2	5766.4	-388.7	-90.7	
101.15	67.9	12.4	3.0	2.0	-102.6	86.0	3.6	-249.9	-102.0	5815.5	-145.0	-92.1	
101.20	68.1	12.4	3.2	2.0	-103.2	86.1	10.1	-249.1	-103.4	5861.6	155.7	-92.2	
101.25	68.3	12.5	2.5	2.0	-103.6	86.2	15.6	-248.6	-102.5	5884.4	389.9	-95.0	
101.30	68.4	12.5	2.0	2.0	-103.6	86.3	20.2	-249.5	-99.6	5871.8	564.7	-96.6	
101.35	68.6	12.4	1.8	2.0	-103.1	86.4	24.2	-248.6	-98.4	5813.6	742.1	-96.9	
101.40	68.8	12.5	0.6	2.0	-102.9	86.5	26.3	-247.0	-97.9	5783.2	880.1	-100.9	
101.45	69.0	12.5	-0.9	2.0	-103.6	86.6	26.3	-248.9	-96.8	5821.2	948.7	-106.6	
101.50	69.2	12.5	-1.7	2.0	-104.3	86.7	26.3	-252.7	-96.4	5858.9	998.3	-110.3	
101.55	69.3	12.6	-2.1	2.0	-104.2	86.8	26.9	-252.8	-97.3	5840.5	1058.1	-111.3	
101.60	69.5	12.6	-2.0	2.0	-103.6	86.9	26.9	-249.8	-96.7	5799.4	1080.0	-110.4	
101.65	69.7	12.4	-1.7	2.0	-103.1	87.0	27.4	-247.9	-94.6	5768.3	1069.3	-108.8	
101.70	69.8	12.1	-1.0	2.0	-102.7	87.1	27.7	-247.6	-93.8	5742.3	1044.4	-106.0	
101.75	70.0	11.9	0.4	2.0	-102.3	87.2	27.4	-246.8	-94.1	5723.5	999.4	-101.0	
101.80	70.2	11.6	1.2	2.0	-102.1	87.3	26.9	-246.1	-92.4	5726.3	893.3	-98.1	
101.85	70.3	11.3	1.5	2.0	-102.1	87.4	26.0	-247.6	-89.9	5748.7	741.4	-96.8	
101.90	70.5	12.1	1.7	2.0	-102.0	87.5	23.2	-250.0	-90.3	5754.9	578.0	-96.1	
101.95	70.7	12.4	2.0	2.0	-101.7	87.6	17.6	-251.1	-92.3	5739.6	393.1	-94.7	
102.00	70.8	12.4	2.3	2.0	-100.9	87.7	11.8	-250.2	-92.7	5695.4	189.2	-92.9	
102.05	71.0	12.2	2.5	2.0	-100.2	87.8	7.7	-249.2	-90.8	5646.2	-14.0	-91.6	
102.10	71.2	12.3	3.4	2.0	-99.8	87.9	4.6	-248.5	-89.4	5621.0	-188.8	-88.1	
102.15	71.3	12.6	3.3	2.0	-100.3	88.0	-0.1	-248.6	-89.7	5647.7	-353.8	-88.9	
102.20	71.5	12.8	3.5	2.0	-101.2	88.1	-4.5	-249.5	-90.4	5701.0	-500.9	-89.3	
102.25	71.6	13.0	3.9	2.0	-101.7	88.2	-6.0	-251.2	-90.2	5729.2	-605.9	-88.2	
102.30	71.8	13.0	4.7	2.0	-101.5	88.3	-6.1	-250.0	-89.7	5708.6	-680.3	-85.3	
102.35	71.9	12.6	5.9	2.0	-101.0	88.4	-5.9	-247.0	-89.3	5668.6	-723.5	-80.6	
102.40	72.1	12.5	6.5	2.0	-100.7	88.5	-4.5	-247.4	-88.4	5649.9	-725.1	-78.6	
102.45	72.2	12.6	6.8	2.0	-100.9	88.6	-3.1	-249.8	-87.7	5659.4	-681.1	-77.4	
102.50	72.4	12.5	6.3	2.0	-101.1	88.7	-1.9	-250.0	-87.4	5683.4	-609.9	-79.6	
102.55	72.5	12.6	5.4	2.0	-101.6	88.8	-0.1	-250.4	-86.3	5728.8	-535.9	-83.0	
102.60	72.7	12.8	4.9	2.0	-102.5	88.9	3.3	-253.9	-84.3	5798.9	-442.7	-85.7	
102.65	72.8	13.0	4.4	2.0	-103.5	89.0	5.1	-256.9	-83.9	5876.7	-317.5	-88.3	
102.70	73.0	13.1	3.6	2.0	-104.0	89.1	4.9	-254.6	-85.2	5921.8	-167.0	-91.7	
102.75	73.1	13.0	3.1	2.0	-104.0	89.2	6.2	-251.9	-84.9	5932.4	-8.4	-93.5	
102.80	73.3	12.4	2.6	2.0	-103.9	89.3	11.0	-252.3	-82.3	5924.6	154.0	-94.9	
102.85	73.4	12.6	2.2	2.0	-104.1	89.4	15.7	-253.2	-79.8	5930.9	299.8	-96.4	
102.90	73.5	12.9	2.1	2.0	-104.9	89.5	19.6	-254.5	-79.5	5979.8	478.0	-97.9	
102.95	73.7	13.1	2.2	2.0	-106.1	89.6	24.7	-257.5	-79.8	6038.0	702.0	-98.7	
103.00	73.8	13.0	1.7	2.0	-107.0	89.7	29.9	-259.7	-79.3	6074.3	897.3	-101.2	
103.05	74.0	12.8	0.1	2.0	-107.2	89.8	33.0	-259.0	-78.2	6070.5	1018.5	-106.8	
103.10	74.1	12.7	0.5	2.0	-106.8	89.9	35.5	-256.8	-77.9	6024.9	1117.0	-105.0	
103.15	74.2	12.5	1.2	2.0	-106.2	90.0	37.7	-254.7	-78.1	5970.6	1205.0	-102.2	
103.20	74.4	12.4	0.3	2.0	-105.9	90.1	35.7	-252.2	-77.1	5957.2	1197.1	-104.9	
103.25	74.5	12.3	-0.7	2.0	-105.9	90.2	31.5	-251.1	-76.9	5970.7	1137.0	-108.1	
103.30	74.6	11.8	-0.5	2.0	-105.7	90.3	30.4	-253.1	-77.9	5963.5	1096.1	-107.3	
103.35	74.8	11.7	-0.3	2.0	-105.6	90.4	31.3	-256.1	-77.1	5951.1	1039.6	-106.5	
103.40	74.9	11.9	-22.4	1.5	-105.4	90.5	29.8	-257.4	-74.7	5956.4	935.0	-117.3	
103.45	75.0	11.7	-16.4	1.1	-105.0	90.5	28.0	-256.1	-75.5	5933.0	878.0	-112.9	
103.50	75.2	11.8	-11.6	0.8	-104.3	90.6	28.5	-256.9	-77.5	5880.2	853.4	-108.2	
103.55	75.3	12.0	-8.4	0.6	-103.7	90.6	27.2	-258.5	-75.7	5848.1	725.7	-105.5	
103.60	75.4	12.0	-6.0	0.5	-103.3	90.6	24.2	-257.7	-72.5	5842.8	539.6	-103.8	
103.65	75.5	12.1	-3.5	0.3	-102.7	90.6	21.8	-255.3	-72.7	5821.2	407.8	-99.8	
103.70	75.6	12.3	-2.1	0.3	-102.3	90.7	18.9	-254.8	-73.6	5794.1	280.6	-98.2	
103.75	75.8	12.7	-1.6	0.2	-101.8	90.7	11.8	-254.9	-72.4	5767.9	61.5	-99.1	
103.80	75.9	12.9	-0.9	0.1	-100.7	90.7	5.1	-252.4	-72.6	5693.2	-132.7	-97.6	
103.85	76.0	12.9	0.8	0.1	-99.3	90.7	3.5	-250.1	-74.0	5585.8	-209.5	-92.0	
103.90	76.1	12.7	1.6	0.1	-98.8	90.7	4.3	-251.5	-71.5	5544.2	-276.3	-89.8	
103.95	76.2	12.4	1.6	0.1	-99.2	90.7	3.4	-252.5	-69.1	5574.1	-339.3	-91.3	
104.00	76.3	12.5	2.8	0.0	-99.8	90.7	3.2	-252.3	-70.8	5613.9	-315.1	-88.4	
104.05	76.4	12.8	4.3	0.0	-100.1	90.7	6.1	-253.6	-71.6	5638.3	-258.4	-84.0	
104.10	76.5	12.7	3.8	0.0	-100.5	90.7	8.5	-254.5	-67.3	5666.9	-280.3	-86.4	
104.15	76.7	12.6	3.5	0.0	-100.7	90.7	8.5	-251.6	-65.0	5695.6	-286.6	-87.9	
104.20	76.8	12.6	4.3	0.0	-101.3	90.7	9.2	-250.9	-67.6	5746.6	-179.9	-86.0	
104.25	76.9	12.1	4.3	0.0	-103.0	90.7	10.1	-255.6	-67.9	5863.4	-82.5	-87.7	
104.30	77.0	11.9	2.8	0.0	-104.9	90.7	9.7	-259.8	-65.4	5994.2	-39.2	-95.0	
104.35	77.1	12.0	1.9	0.0	-106.0	90.7	10.2	-261.2	-65.3	6075.7	47.8	-99.2	
104.40	77.2	12.1	2.3	0.0	-106.8	90.7	14.6	-263.4	-66.5	6118.8	210.5	-98.7	
104.45	77.3	12.1	2.3	0.0	-107.6	90.7	18.5	-266.0	-65.2	6173.0	347.0	-99.6	
104.50	77.4	12.0	1.7	0.0	-108.3	90.7	19.9	-264.7	-63.8	6218.8	457.4	-102.4	
104.55	77.5	11.9	2.1	0.0	-108.1	90.7	22.4	-260.6	-65.2	6198.0	612.3	-100.7	
104.60	77.6	12.0	3.0	0.0	-107.8	90.7	27.8	-260.8	-64.8	6163.3	760.7	-97.6	
104.65	77.7	12.3	2.6	0.0	-108.6	90.7	32.8	-264.2	-60.6	6201.1	838.5	-99.6	
104.70	77.8	12.6	1.7	0.0	-109.9	90.7	34.2	-264.8	-58.6	6292.1	906.0	-104.1	
104.75	77.8	12.7	1.5	0.0	-111.0	90.7	34.9	-264.6	-61.4	6356.8	1040.2	-105.8	
104.80	77.9	12.6	1.4	0.0	-111.5	90.7	35.6	-267.0	-62.9	6372.9	1121.1	-106.7	
104.85	78.0	12.4	0.1	0.0	-111.0	90.7	33.8	-268.1	-59.8	6346.5	1055.6	-110.6	
104.90	78.1	12.2	-0.4	0.0	-110.1	90.7	31.4	-266.0	-57.7	6290.9	983.2	-111.4	
104.95	78.2	12.2	0.4	0.0	-109.7	90.7	31.3	-265.5	-58.9	6260.1	1002.4	-108.2	
105.00	78.3	12.3	0.5	0.0	-110.4	90.7	31.3	-268.3	-58.8	6304.8	1007.7	-108.5	
105.05	78.4	12.3	-0.9	0.0	-111.1	90.7	27.7	-270.0	-56.4	6370.1	903.8	-114.3	
105.10	78.5	12.1	-1.0	0.0	-110.7	90.7	25.6	-269.9	-56.1	6357.8	809.3	-114.1	
105.15	78.6	11.6	0.7	0.0	-109.5	90.7	27.9	-269.9	-56.3	6271.9	758.6	-107.1	
105.20	78.7	11.5	1.7	0.0	-108.1	90.7	28.8	-267.6	-54.1	6184.6	671.6	-102.3	
105.25	78.7	11.5	1.9	0.0	-106.8	90.7	25.0	-261.8	-53.0	6110.2	557.9	-100.2	
105.30	78.8	11.5	2.1	0.0	-105.4	90.7	21.1	-258.7	-55.1	6021.5	472.9	-98.3	
105.35	78.9	11.6	2.3	0.0	-104.4	90.7	18.9	-261.4	-55.6	5950.0	358.4	-96.5	
105.40	79.0	11.7	1.3	0.0	-104.2	90.7	15.0	-263.6	-52.3	5934.2	145.3	-99.9	
105.45	79.1	11.7	0.6	0.0	-104.1	90.7	9.9	-261.6	-51.4	5938.4	-33.9	-101.9	
105.50	79.1	12.0	1.3	0.0	-103.8	90.7	6.6	-260.2	-55.1	5916.4	-102.1	-99.2	
105.55	79.2	12.2	1.8	0.0	-103.6	90.7	3.1	-261.8	-56.4	5895.3	-200.4	-97.5	
105.60	79.3	12.4	1.4	0.0	-103.5	90.7	-0.1	-261.8	-53.6	5880.6	-348.8	-98.7	
105.65	79.3	12.1	2.3	0.0	-102.7	90.7	0.9	-257.4	-52.3	5835.7	-383.9	-94.7	
105.70	79.4	12.1	4.0	0.0	-102.1	90.7	6.4	-254.5	-52.6	5802.0	-302.3	-88.3	
105.75	79.5	12.2	4.2	0.0	-102.7	90.7	8.8	-256.4	-50.9	5841.2	-274.2	-88.2	
105.80	79.6	12.2	3.3	0.0	-103.6	90.7	6.7	-259.7	-49.9	5899.0	-296.6	-92.3	
105.85	79.6	12.0	3.0	0.0	-103.7	90.7	6.0	-261.5	-51.5	5906.7	-257.3	-93.5	
105.90	79.7	11.8	3.4	0.0	-103.5	90.7	8.7	-261.8	-51.8	5886.5	-182.8	-91.9	
105.95	79.8	12.0	2.8	0.0	-103.4	90.7	10.1	-260.1	-49.3	5889.1	-149.1	-93.7	
106.00	79.8	12.3	1.9	0.0	-103.5	90.7	8.9	-258.5	-48.2	5902.0	-107.0	-97.0	
106.05	79.9	12.4	1.4	0.0	-103.6	90.7	8.0	-259.3	-49.9	5908.1	-8.6	-98.6	
106.10	80.0	12.2	1.5	0.0	-104.3	90.7	9.8	-262.1	-49.7	5953.4	121.0	-99.3	
106.15	80.0	12.2	0.7	0.0	-105.4	90.7	13.8	-261.9	-46.7	6032.6	250.2	-103.1	
106.20	80.1	12.2	0.6	0.0	-106.3	90.7	19.5	-260.5	-45.0	6097.9	424.8	-104.1	
106.25	80.2	12.2	1.1	0.0	-107.1	90.7	25.2	-262.8	-46.3	6129.0	633.3	-103.5	
106.30	80.2	12.8	0.6	0.0	-108.1	90.7	27.5	-267.8	-46.3	6179.4	764.1	-105.9	
106.35	80.3	12.9	-0.2	0.0	-109.2	90.7	28.3	-269.8	-44.6	6248.1	843.1	-109.9	
106.40	80.4	12.8	0.0	0.0	-109.7	90.7	31.3	-267.5	-44.3	6274.3	962.4	-109.7	
106.45	80.4	12.6	0.4	0.0	-109.8	90.7	34.2	-266.0	-44.7	6268.7	1058.6	-108.4	
106.50	80.5	12.4	-0.3	0.0	-110.0	90.7	32.5	-267.5	-44.1	6281.9	1039.4	-111.0	
106.55	80.6	12.4	-1.4	0.0	-110.2	90.7	28.2	-268.9	-43.8	6306.5	976.6	-115.0	
106.60	80.6	12.7	-1.4	0.0	-110.4	90.7	27.5	-268.5	-45.3	6315.3	995.9	-115.1	
106.65	80.7	13.0	-0.4	0.0	-110.2	90.7	29.4	-265.9	-46.3	6301.5	1029.7	-111.4	
106.70	80.7	13.0	0.1	0.0	-109.8	90.7	29.6	-264.0	-44.7	6288.9	967.9	-109.4	
106.75	80.8	12.5	-0.2	0.0	-109.1	90.7	27.3	-264.2	-43.4	6255.1	839.8	-109.7	
106.80	80.9	12.1	0.1	0.0	-108.1	90.7	24.9	-264.8	-44.9	6190.3	736.5	-107.6	
106.85	80.9	11.9	0.6	0.0	-107.4	90.7	23.1	-264.3	-46.2	6148.5	631.4	-105.3	
106.90	81.0	12.1	0.8	0.0	-107.1	90.7	20.6	-263.2	-44.6	6145.9	465.7	-104.5	
106.95	81.0	11.7	1.1	0.0	-106.6	90.7	17.5	-262.8	-43.6	6120.6	284.0	-102.8	
107.00	81.1	11.5	2.0	0.0	-105.6	90.7	14.6	-263.5	-44.8	6053.2	142.0	-98.9	
107.05	81.2	11.7	2.2	0.0	-104.9	90.7	10.0	-263.3	-45.5	6000.0	-8.0	-97.4	
107.10	81.2	11.9	1.6	0.0	-104.9	90.7	4.8	-262.2	-44.5	5999.0	-174.2	-99.4	
107.15	81.3	12.3	2.3	0.0	-105.0	90.7	2.4	-261.2	-44.8	6005.2	-275.1	-97.0	
107.20	81.3	12.7	3.5	0.0	-104.7	90.7	3.1	-261.1	-45.6	5985.1	-331.9	-92.9	
107.25	81.4	12.7	3.5	0.0	-104.6	90.7	2.1	-261.9	-44.0	5966.9	-432.8	-92.5	
107.30	81.4	12.8	2.5	0.0	-104.5	90.7	-0.9	-261.5	-42.2	5949.6	-538.8	-95.8	
107.35	81.5	12.9	3.0	0.0	-104.0	90.7	-0.8	-261.1	-43.2	5920.1	-517.5	-93.7	
107.40	81.5	13.0	4.4	0.0	-103.6	90.7	3.4	-261.2	-44.1	5896.1	-410.1	-88.7	
107.45	81.6	13.1	3.8	0.0	-103.8	90.7	5.1	-261.2	-41.6	5911.3	-376.1	-90.9	
107.50	81.6	13.1	2.9	0.0	-104.0	90.7	5.3	-261.0	-40.5	5928.7	-335.5	-93.8	
107.55	81.7	13.3	3.0	0.0	-104.0	90.7	7.7	-262.4	-42.7	5932.4	-200.7	-93.7	
107.60	81.7	13.3	2.6	0.0	-104.5	90.7	10.1	-264.2	-43.3	5970.1	-81.4	-95.7	
107.65	81.7	13.3	1.4	0.0	-105.1	90.7	9.7	-262.4	-42.0	6018.9	-12.9	-100.3	
107.70	81.8	13.2	1.3	0.0	-104.9	90.7	10.9	-259.1	-42.5	6014.9	105.6	-100.5	
107.75	81.8	13.2	1.1	0.0	-104.6	90.7	15.3	-259.6	-43.3	5985.4	273.5	-100.7	
107.80	81.9	13.1	0.7	0.0	-105.2	90.7	19.1	-261.8	-41.4	6012.1	409.0	-102.9	
107.85	81.9	12.8	-0.4	0.0	-106.1	90.7	21.5	-260.9	-40.1	6074.3	543.2	-107.6	
107.90	82.0	12.8	0.1	0.0	-106.8	90.7	26.4	-260.1	-42.9	6105.3	761.9	-106.5	
107.95	82.0	12.7	0.8	0.0	-107.4	90.7	32.6	-263.1	-44.3	6108.8	945.2	-104.7	
108.00	82.1	12.4	-0.3	0.0	-108.2	90.7	35.1	-267.2	-40.8	6155.7	986.2	-109.2	
108.05	82.1	11.9	-1.0	0.0	-108.7	90.7	34.5	-265.6	-39.5	6196.3	1020.6	-112.1	
108.10	82.1	11.5	-0.3	0.0	-109.0	90.7	35.7	-263.0	-42.6	6198.2	1142.5	-110.1	
108.15	82.2	11.4	-0.0	0.0	-109.3	90.7	36.8	-264.7	-42.9	6208.0	1183.8	-109.4	
108.20	82.2	10.9	-1.3	0.0	-109.4	90.7	34.1	-266.3	-39.3	6239.7	1079.3	-114.0	
108.25	82.2	10.7	-1.7	0.0	-109.0	90.7	31.0	-263.4	-39.6	6225.8	1009.3	-115.0	
108.30	82.3	10.9	-0.8	0.0	-108.5	90.7	31.4	-262.1	-42.9	6185.7	1016.4	-111.3	
108.35	82.3	11.2	-0.8	0.0	-108.6	90.7	31.5	-265.7	-42.0	6198.1	940.9	-111.3	
108.40	82.4	11.3	-1.1	0.0	-108.7	90.7	28.2	-266.9	-39.9	6223.3	803.4	-112.4	
108.45	82.4	11.2	-0.4	0.0	-107.8	90.7	26.6	-264.1	-41.4	6175.8	736.4	-109.3	
108.50	82.4	11.2	0.9	0.0	-107.1	90.7	28.3	-264.6	-41.7	6119.5	692.2	-104.0	
108.55	82.5	11.4	0.6	0.0	-107.2	90.7	27.2	-267.6	-38.5	6140.7	556.1	-105.2	
108.60	82.5	11.8	0.5	0.0	-107.5	90.7	22.5	-266.3	-37.6	6179.6	402.2	-105.7	
108.65	82.5	11.5	1.2	0.0	-107.2	90.7	19.5	-263.6	-41.3	6161.3	334.3	-103.0	
108.70	82.5	11.4	1.5	0.0	-107.0	90.7	17.8	-265.4	-41.9	6147.3	236.1	-101.8	
108.75	82.6	11.5	1.0	0.0	-107.6	90.7	13.6	-268.1	-38.7	6191.4	53.9	-104.2	
108.80	82.6	11.6	1.0	0.0	-107.7	90.7	9.4	-265.4	-39.3	6210.9	-52.6	-104.2	
108.85	82.6	11.6	2.1	0.0	-107.2	90.7	9.0	-263.2	-42.4	6174.2	-43.9	-100.1	
108.90	82.7	11.7	2.4	0.0	-107.1	90.7	10.4	-265.7	-41.2	6158.0	-67.0	-98.9	
108.95	82.7	12.2	1.2	0.0	-107.3	90.7	9.7	-267.3	-38.4	6176.2	-134.4	-103.2	
109.00	82.7	12.3	1.9	0.0	-107.5	90.7	9.3	-265.6	-39.7	6190.5	-114.1	-100.8	
109.05	82.7	12.2	2.9	0.0	-107.6	90.7	13.7	-266.2	-41.7	6199.2	-7.5	-97.6	
109.10	82.7	11.6	3.1	0.0	-108.2	90.7	16.5	-267.6	-40.1	6238.1	35.7	-97.4	
109.15	82.8	11.4	2.6	0.0	-108.7	90.7	14.7	-266.4	-38.5	6279.5	21.1	-99.7	
109.20	82.8	11.3	2.3	0.0	-108.1	90.7	13.9	-263.0	-40.2	6246.8	78.4	-100.2	
109.25	82.8	11.4	2.1	0.0	-107.4	90.7	15.4	-262.2	-40.9	6192.1	156.2	-100.2	
109.30	82.8	11.4	1.4	0.0	-107.4	90.7	15.2	-262.8	-38.5	6193.6	169.0	-102.7	
109.35	82.8	11.1	0.9	0.0	-107.5	90.7	14.3	-261.6	-37.8	6200.3	210.1	-104.5	
109.40	82.9	10.7	0.9	0.0	-107.2	90.7	17.1	-261.3	-39.8	6173.0	348.9	-104.2	
109.45	82.9	10.7	0.4	0.0	-107.5	90.7	20.8	-264.8	-39.2	6175.1	458.7	-106.3	
109.50	82.9	10.8	-0.4	0.0	-108.1	90.7	23.3	-267.5	-36.4	6208.0	522.8	-109.4	
109.55	82.9	10.9	-0.3	0.0	-108.5	90.7	27.2	-267.9	-36.0	6224.7	654.1	-109.5	
109.60	82.9	11.1	0.3	0.0	-108.5	90.7	31.6	-266.0	-36.8	6211.0	809.5	-107.4	
109.65	83.0	11.3	-0.4	0.0	-108.4	90.7	32.8	-264.9	-35.1	6204.3	854.8	-109.6	
109.70	83.0	11.4	-1.2	0.0	-108.4	90.7	31.1	-264.8	-33.5	6207.0	835.8	-112.4	
109.75	83.0	11.1	-1.0	0.0	-108.2	90.7	30.5	-265.0	-34.8	6185.2	865.4	-111.7	
109.80	83.0	10.5	-1.2	0.0	-107.9	90.7	30.7	-264.7	-35.9	6156.9	903.6	-111.9	
109.85	83.0	10.0	-2.6	0.0	-107.9	90.7	29.4	-264.8	-34.8	6163.5	886.1	-116.8	
109.90	83.0	9.6	-3.3	0.0	-108.1	90.7	27.4	-266.1	-34.4	6176.4	860.7	-119.5	
109.95	83.0	9.9	-2.7	0.0	-108.0	90.7	28.2	-268.5	-35.8	6155.7	889.5	-117.4	
