Time[s]	Rotor azimuth angle[deg]	Hub wind speed magnitude[m/s]	ACTTORQUE1[Nm]	PITRAT1[deg/s]	PITFRIC1[kNm]	PITCH1[deg]	Blade root 1 Fx[KN]	Blade root 1 Fy[KN]	Blade root 1 Fz[KN]	Blade root 1 Mx[kNm]	Blade root 1 My[kNm]	Blade root 1 Mz[kNm]	
END_OF_HEADER
50.00	309.5	13.7	-59.1	-0.3	159.9	10.7	228.2	154.2	508.4	-2672.6	9402.9	-42.8	
50.05	312.2	14.0	-62.2	-0.3	160.3	10.6	231.7	141.6	488.4	-2419.3	9527.2	-54.3	
50.10	315.0	13.7	-59.3	-0.4	157.1	10.6	223.1	142.3	473.4	-2428.2	9310.5	-43.2	
50.15	317.7	13.4	-53.6	-0.4	152.2	10.6	211.3	148.8	469.7	-2517.1	8924.4	-21.1	
50.20	320.4	13.1	-48.6	-0.6	147.3	10.6	199.7	141.5	462.8	-2410.3	8615.1	-5.1	
50.25	323.1	12.4	-48.3	-0.6	145.2	10.5	197.9	126.0	449.3	-2063.8	8577.7	-11.4	
50.30	325.8	12.2	-45.8	-0.6	145.3	10.5	203.6	116.7	439.7	-1755.1	8666.1	-16.3	
50.35	328.5	12.1	-40.4	-0.5	145.7	10.5	208.7	109.4	437.4	-1517.4	8739.1	-7.8	
50.40	331.2	11.9	-41.4	-0.4	145.0	10.5	209.6	89.9	433.2	-1076.6	8776.0	-8.6	
50.45	333.8	11.8	-45.0	-0.4	143.6	10.5	204.3	64.3	420.7	-572.6	8769.3	-14.4	
50.50	336.5	11.8	-48.4	-0.4	143.9	10.4	203.9	56.3	410.2	-335.8	8819.9	-16.9	
50.55	339.2	11.9	-52.5	-0.5	147.1	10.4	213.9	60.4	410.0	-264.1	9032.3	-18.5	
50.60	341.9	12.4	-57.6	-0.7	152.5	10.4	227.8	50.5	408.7	-115.0	9412.6	-25.9	
50.65	344.6	12.9	-63.2	-0.8	158.3	10.3	238.5	25.9	397.8	186.4	9841.7	-40.5	
50.70	347.3	13.4	-62.8	-0.9	160.6	10.3	240.1	10.7	389.4	520.8	10005.4	-43.2	
50.75	350.0	13.1	-55.4	-1.0	158.4	10.2	233.0	2.6	388.8	721.3	9849.3	-26.3	
50.80	352.6	13.0	-49.7	-1.0	154.9	10.2	221.1	-10.3	388.6	1098.4	9583.0	-12.8	
50.85	355.3	13.3	-50.1	-1.0	154.9	10.2	215.4	-33.1	384.4	1809.2	9486.1	-18.7	
50.90	357.9	13.4	-52.4	-0.9	157.6	10.1	216.7	-61.6	378.8	2311.3	9569.0	-24.7	
50.95	0.6	13.3	-56.9	-1.0	160.6	10.1	223.6	-67.5	378.8	2489.9	9737.2	-22.7	
51.00	3.2	13.2	-62.9	-1.3	163.2	10.0	229.5	-61.9	380.6	2652.7	9885.5	-25.5	
51.05	5.9	13.0	-65.2	-1.5	164.7	9.9	227.4	-72.6	377.6	2870.3	9941.6	-28.2	
51.10	8.5	12.8	-64.5	-1.7	165.8	9.8	225.8	-81.2	378.7	3116.6	9944.8	-31.0	
51.15	11.2	12.8	-58.6	-1.8	166.3	9.8	226.6	-86.6	386.8	3331.4	9904.0	-27.4	
51.20	13.9	12.4	-56.0	-1.7	168.8	9.7	230.2	-110.7	390.7	3640.2	9949.9	-24.3	
51.25	16.6	12.4	-67.6	-1.8	174.9	9.6	240.1	-141.4	390.7	4278.8	10126.8	-44.4	
51.30	19.2	12.6	-77.2	-2.0	180.5	9.5	249.3	-163.7	394.8	4938.9	10221.1	-64.2	
51.35	21.9	12.8	-75.2	-2.1	181.8	9.4	248.9	-180.0	400.1	5284.8	10128.0	-60.8	
51.40	24.5	12.7	-73.1	-2.2	184.1	9.3	251.0	-189.4	401.3	5598.2	10133.3	-57.5	
51.45	27.2	12.2	-71.6	-2.2	187.3	9.2	252.3	-203.5	400.1	5881.2	10215.3	-58.5	
51.50	29.9	12.4	-71.2	-2.2	189.2	9.1	254.5	-210.5	404.4	5952.8	10318.0	-54.6	
51.55	32.5	12.7	-71.3	-2.3	189.8	8.9	256.2	-199.9	415.0	5949.8	10378.7	-44.4	
51.60	35.1	13.0	-68.4	-2.4	191.2	8.8	255.2	-199.9	422.1	6049.5	10437.6	-31.9	
51.65	37.8	12.9	-67.7	-2.4	196.0	8.7	256.8	-218.7	427.1	6375.9	10623.3	-28.0	
51.70	40.4	12.9	-71.8	-2.5	203.7	8.6	266.7	-239.3	436.9	6827.0	10947.9	-36.6	
51.75	43.1	13.0	-76.2	-2.5	211.0	8.5	279.7	-253.8	449.7	7176.7	11302.7	-45.9	
51.80	45.8	13.0	-82.3	-2.6	217.2	8.3	288.8	-268.1	460.1	7482.1	11601.0	-54.7	
51.85	48.4	13.1	-89.0	-2.7	224.8	8.2	299.9	-285.9	466.0	7827.4	11984.1	-70.1	
51.90	51.1	13.2	-86.1	-2.7	230.9	8.1	309.7	-302.9	473.9	8028.0	12329.5	-69.9	
51.95	53.7	13.2	-80.2	-2.5	233.3	7.9	315.6	-305.8	486.7	7953.7	12557.8	-61.1	
52.00	56.4	13.2	-78.1	-2.4	233.3	7.8	313.0	-301.2	501.0	7922.4	12588.2	-52.7	
52.05	59.0	13.2	-82.6	-2.3	234.6	7.7	305.8	-308.6	510.3	8123.8	12560.6	-53.3	
52.10	61.7	13.1	-87.9	-2.4	236.4	7.6	299.0	-323.5	520.3	8482.9	12454.7	-54.9	
52.15	64.3	12.7	-88.1	-2.5	237.8	7.5	297.4	-332.6	538.3	8874.2	12273.2	-54.2	
52.20	66.9	12.4	-84.5	-2.5	239.0	7.3	294.9	-338.2	554.3	9147.0	12164.1	-46.2	
52.25	69.6	12.4	-86.9	-2.6	243.4	7.2	293.0	-344.3	560.6	9389.7	12376.5	-46.2	
52.30	72.2	12.2	-92.2	-2.7	250.3	7.1	299.4	-343.6	568.3	9633.3	12827.4	-57.4	
52.35	74.9	12.3	-92.9	-2.7	256.4	6.9	315.1	-344.9	584.4	9771.7	13245.8	-63.9	
52.40	77.5	13.0	-92.1	-2.6	260.5	6.8	333.4	-346.7	603.7	9759.4	13566.4	-64.1	
52.45	80.2	13.1	-97.2	-2.5	265.1	6.7	350.2	-347.3	619.1	9774.5	13931.7	-76.9	
52.50	82.9	13.3	-103.9	-2.5	269.8	6.5	358.0	-353.2	627.4	9807.4	14291.1	-87.5	
52.55	85.6	14.0	-108.8	-2.6	272.4	6.4	359.2	-356.3	634.6	9806.0	14517.3	-87.5	
52.60	88.2	14.4	-110.6	-2.7	274.8	6.3	364.4	-358.2	647.5	9875.5	14663.7	-92.1	
52.65	90.9	14.3	-106.5	-2.7	277.4	6.1	369.0	-372.7	661.4	10027.3	14729.8	-93.2	
52.70	93.6	13.6	-101.9	-2.6	278.2	6.0	366.2	-381.6	671.8	10029.0	14777.2	-84.6	
52.75	96.2	13.8	-99.5	-2.5	277.2	5.9	359.7	-366.3	680.2	9786.0	14900.1	-70.1	
52.80	98.9	13.8	-97.6	-2.6	275.1	5.8	353.2	-343.4	689.9	9358.2	15043.1	-54.3	
52.85	101.5	13.5	-97.2	-2.7	273.3	5.6	351.9	-331.1	707.2	9070.1	15077.3	-47.9	
52.90	104.2	13.9	-93.8	-2.7	273.1	5.5	357.2	-324.2	728.1	8885.2	15160.7	-44.8	
52.95	106.8	14.3	-89.9	-2.7	273.7	5.4	360.7	-316.3	744.2	8636.9	15347.2	-37.0	
53.00	109.5	14.6	-92.7	-2.8	275.3	5.2	362.4	-308.7	757.8	8434.8	15595.3	-31.6	
53.05	112.2	14.8	-97.6	-2.9	279.3	5.1	369.8	-310.1	774.7	8500.2	15871.4	-38.5	
53.10	114.9	14.8	-96.4	-2.9	283.9	4.9	383.6	-318.0	793.3	8622.9	16131.4	-49.7	
53.15	117.6	14.5	-94.2	-2.7	287.6	4.8	399.8	-320.6	812.1	8577.3	16409.9	-58.7	
53.20	120.3	14.3	-92.7	-2.5	289.0	4.7	405.4	-313.8	825.9	8291.5	16656.0	-54.5	
53.25	123.0	14.2	-90.1	-2.4	288.4	4.5	398.7	-300.5	830.6	7861.5	16854.0	-34.1	
53.30	125.6	14.1	-92.6	-2.5	288.1	4.4	393.1	-283.4	835.1	7582.4	17004.8	-25.9	
53.35	128.3	14.1	-92.0	-2.5	288.1	4.3	396.4	-272.7	848.4	7476.3	17050.0	-22.3	
53.40	131.0	14.1	-89.1	-2.5	288.8	4.2	406.0	-270.0	867.9	7470.6	17075.9	-21.5	
53.45	133.7	13.8	-92.3	-2.4	292.2	4.0	417.7	-267.0	883.7	7606.2	17254.7	-29.5	
53.50	136.4	13.6	-96.0	-2.4	294.2	3.9	417.4	-263.8	888.3	7662.4	17398.3	-32.5	
53.55	139.1	13.7	-91.3	-2.5	291.3	3.8	406.9	-247.9	892.0	7442.0	17302.4	-17.1	
53.60	141.8	14.1	-83.2	-2.4	286.8	3.7	400.0	-225.2	904.1	7142.2	17110.2	-5.9	
53.65	144.6	14.0	-76.8	-2.2	284.7	3.6	400.3	-218.0	914.2	6851.8	17054.6	-2.5	
53.70	147.3	14.0	-79.2	-2.1	283.8	3.4	403.2	-207.9	920.6	6478.2	17130.0	-6.8	
53.75	150.0	14.1	-83.5	-2.1	282.5	3.3	405.0	-185.0	927.8	5967.2	17233.8	-7.3	
53.80	152.8	14.5	-80.7	-2.1	280.4	3.2	402.9	-170.2	936.5	5467.4	17248.2	2.8	
53.85	155.5	14.7	-77.0	-2.0	279.7	3.1	402.0	-171.4	946.0	5274.5	17248.4	8.4	
53.90	158.3	14.7	-75.5	-1.9	280.9	3.0	406.5	-175.2	954.2	5312.0	17303.2	4.0	
53.95	161.0	14.7	-74.9	-1.7	280.7	3.0	409.4	-168.8	957.6	5120.9	17345.3	6.3	
54.00	163.7	15.1	-80.7	-1.8	279.7	2.9	412.2	-145.9	957.6	4704.7	17402.5	4.9	
54.05	166.5	15.7	-82.6	-1.8	277.8	2.8	413.2	-123.8	958.9	4226.2	17391.5	5.0	
54.10	169.2	15.7	-75.6	-1.9	273.1	2.7	407.3	-108.5	962.7	3651.9	17181.2	18.1	
54.15	172.0	15.8	-70.1	-1.9	266.7	2.6	398.8	-79.1	970.4	2982.2	16855.8	30.6	
54.20	174.7	16.1	-61.6	-1.9	258.7	2.5	382.7	-42.1	977.0	2281.6	16411.9	48.6	
54.25	177.5	16.1	-52.2	-1.9	252.4	2.4	367.3	-21.9	978.8	1718.7	16054.1	66.1	
54.30	180.2	16.2	-49.0	-1.7	251.0	2.3	367.1	-15.7	983.1	1479.0	15970.4	67.0	
54.35	183.0	16.3	-47.6	-1.5	252.7	2.2	377.0	-12.6	989.9	1285.8	16076.3	62.6	
54.40	185.8	16.5	-49.9	-1.4	253.7	2.1	380.9	-3.7	990.1	876.9	16174.5	62.8	
54.45	188.6	16.4	-57.9	-1.4	255.8	2.1	384.1	9.8	984.3	497.5	16342.6	57.6	
54.50	191.4	16.0	-60.4	-1.4	258.2	2.0	389.6	19.5	983.0	169.9	16511.9	54.0	
54.55	194.2	16.4	-59.3	-1.4	259.9	1.9	396.2	30.5	987.8	-284.9	16616.3	58.0	
54.60	197.0	16.6	-61.8	-1.5	261.7	1.9	401.7	54.6	991.0	-802.9	16707.1	58.0	
54.65	199.8	16.8	-59.1	-1.6	260.8	1.8	394.6	74.7	986.2	-1212.6	16630.3	66.1	
54.70	202.6	17.2	-54.3	-1.6	258.2	1.7	382.1	88.4	977.4	-1467.2	16447.1	79.0	
54.75	205.4	17.2	-48.7	-1.6	256.2	1.6	377.1	103.5	972.8	-1583.0	16293.8	86.4	
54.80	208.2	17.1	-38.1	-1.4	254.5	1.6	375.8	111.1	970.3	-1691.0	16154.7	94.2	
54.85	211.0	17.2	-33.7	-1.1	251.4	1.5	368.6	114.5	966.7	-1763.9	15930.0	98.2	
54.90	213.8	17.4	-38.3	-1.0	247.4	1.4	357.0	126.6	963.6	-1876.6	15633.8	102.4	
54.95	216.7	17.6	-42.2	-1.1	244.6	1.4	346.9	140.1	961.9	-2210.2	15388.7	116.4	
55.00	219.5	17.1	-45.1	-1.3	247.4	1.3	349.9	156.3	960.8	-2670.0	15504.0	124.7	
55.05	222.3	16.5	-44.0	-1.4	257.6	1.3	369.6	178.2	956.2	-3103.3	16138.3	119.3	
55.10	225.2	16.0	-40.2	-1.3	269.8	1.2	390.3	186.1	947.2	-3444.3	16949.9	117.9	
55.15	228.1	15.8	-45.1	-1.3	279.1	1.1	404.9	184.1	938.1	-3547.9	17619.6	118.4	
55.20	230.9	15.7	-48.6	-1.3	285.6	1.1	416.5	184.5	930.8	-3448.5	18111.7	122.7	
55.25	233.8	15.6	-43.0	-1.3	289.3	1.0	422.1	180.3	923.5	-3331.3	18416.5	135.4	
55.30	236.6	15.1	-40.9	-1.2	294.2	0.9	428.8	182.8	914.4	-3358.0	18776.4	142.5	
55.35	239.5	14.8	-42.7	-1.0	302.5	0.9	445.8	195.3	903.9	-3557.6	19326.4	137.0	
55.40	242.4	14.6	-44.9	-0.8	310.1	0.8	462.4	206.7	893.6	-3917.9	19788.7	133.2	
55.45	245.2	14.3	-48.8	-0.8	314.6	0.8	469.5	223.9	883.4	-4417.2	19995.6	142.7	
55.50	248.1	14.1	-44.2	-0.8	316.1	0.8	466.7	248.7	873.3	-4901.6	19986.2	157.9	
55.55	251.0	13.9	-29.4	-0.5	316.4	0.7	459.2	268.7	862.0	-5222.9	19928.0	175.9	
55.60	253.9	13.8	-21.9	-0.0	315.6	0.7	451.4	268.3	851.9	-5247.7	19887.0	188.9	
55.65	256.8	13.7	156.4	0.2	-314.9	0.7	447.2	258.4	843.0	-5149.3	19887.3	190.0	
55.70	259.7	13.5	146.2	0.1	-313.7	0.7	442.3	255.8	835.0	-5190.3	19808.1	194.7	
55.75	262.6	13.4	-45.0	-0.2	311.7	0.7	433.3	259.5	827.4	-5369.0	19630.6	205.0	
55.80	265.6	13.2	-46.3	-0.7	309.8	0.7	424.1	266.2	818.5	-5520.3	19459.4	209.5	
55.85	268.5	13.2	-26.4	-0.7	308.5	0.7	421.9	268.1	810.0	-5669.5	19318.9	219.8	
55.90	271.5	13.3	-2.2	-0.1	309.0	0.6	426.5	269.3	803.0	-5953.4	19263.4	230.9	
55.95	274.4	13.5	186.1	0.6	-310.5	0.7	430.5	271.8	794.7	-6165.5	19314.1	234.4	
56.00	277.4	13.5	179.2	1.1	-310.7	0.7	426.8	270.6	782.8	-5998.8	19401.1	234.2	
56.05	280.3	13.2	166.4	1.3	-308.5	0.8	412.7	263.9	768.9	-5563.0	19416.7	238.9	
56.10	283.3	13.0	158.8	1.3	-306.3	0.8	401.5	256.3	759.5	-5101.5	19421.8	247.6	
56.15	286.3	12.7	164.4	1.3	-308.5	0.9	408.2	249.6	752.4	-4717.5	19684.1	246.7	
56.20	289.2	12.5	168.8	1.6	-315.0	1.0	429.9	237.4	743.4	-4321.3	20253.0	231.0	
56.25	292.2	12.5	155.6	1.6	-324.2	1.0	459.7	225.7	735.0	-3964.1	20973.5	204.2	
56.30	295.2	12.4	142.3	1.4	-333.0	1.1	489.7	221.1	729.6	-3702.9	21628.1	181.9	
56.35	298.2	12.3	148.9	1.4	-340.0	1.2	509.4	222.7	722.5	-3511.2	22144.2	176.9	
56.40	301.2	12.4	164.5	1.7	-345.5	1.3	516.4	212.3	709.4	-3297.6	22605.6	183.2	
56.45	304.2	12.6	170.8	2.0	-349.4	1.4	515.9	187.5	694.7	-3034.5	22975.6	192.9	
56.50	307.3	12.9	163.7	2.1	-349.6	1.5	510.5	167.3	685.8	-2688.0	23076.3	204.6	
56.55	310.3	13.3	153.7	1.8	-347.1	1.6	502.7	155.5	679.5	-2275.7	22967.6	212.6	
56.60	313.3	13.5	158.4	1.7	-344.6	1.7	496.6	145.1	669.2	-1843.6	22857.4	218.2	
56.65	316.4	13.5	181.0	2.1	-343.2	1.7	492.2	129.8	659.1	-1592.7	22797.7	229.8	
56.70	319.5	13.1	198.6	2.8	-341.5	1.9	488.0	118.5	655.8	-1624.0	22686.6	243.6	
56.75	322.5	13.3	189.3	3.4	-340.3	2.0	487.1	123.2	652.7	-1695.7	22597.2	238.9	
56.80	325.6	13.7	163.5	3.4	-340.1	2.2	489.9	130.5	645.0	-1600.7	22581.6	215.8	
56.85	328.6	14.2	149.7	3.2	-338.2	2.4	489.2	121.2	643.8	-1332.6	22465.1	202.6	
56.90	331.7	13.8	157.9	3.2	-336.9	2.5	491.0	110.1	651.3	-1030.5	22380.2	204.8	
56.95	334.8	13.4	170.0	3.5	-338.1	2.7	493.4	97.0	651.9	-735.7	22482.6	212.0	
57.00	337.9	13.1	159.7	3.5	-340.5	2.9	496.6	62.7	641.5	-174.6	22688.9	200.6	
57.05	341.1	13.0	135.8	3.2	-343.8	3.0	511.8	29.8	640.4	611.0	22897.6	160.4	
57.10	344.2	13.2	130.4	3.0	-343.2	3.2	521.7	20.0	653.5	1042.6	22797.1	134.0	
57.15	347.3	13.9	141.7	3.1	-337.6	3.3	510.3	11.4	658.2	1117.3	22401.3	140.9	
57.20	350.5	13.9	148.9	3.3	-333.5	3.5	493.5	-6.7	646.3	1305.7	22137.7	149.1	
57.25	353.6	14.1	147.1	3.5	-331.2	3.7	485.0	-29.4	639.1	1619.4	21968.2	149.6	
57.30	356.7	14.5	133.0	3.4	-329.1	3.8	485.9	-47.4	651.5	1909.3	21770.4	139.5	
57.35	360.0	14.1	135.9	3.1	-326.6	4.0	478.9	-7.1	673.4	343.3	21669.4	179.7	
57.40	3.2	13.9	138.8	3.0	-334.1	4.1	498.4	-51.3	670.7	1046.9	22151.2	154.7	
57.45	6.4	13.8	129.9	3.2	-343.9	4.3	530.7	-34.7	688.6	2290.8	22705.1	76.1	
57.50	9.7	14.3	129.3	2.9	-333.9	4.4	495.3	-121.5	691.1	2396.5	21989.6	147.6	
57.55	12.9	14.2	123.6	2.6	-334.4	4.6	510.1	-89.9	715.1	3183.8	21887.7	117.9	
57.60	16.1	13.8	108.0	2.5	-338.5	4.7	522.3	-75.6	739.0	3740.9	22063.3	53.1	
57.65	19.5	13.5	124.2	2.4	-332.1	4.8	496.0	-177.8	720.0	3201.6	21680.4	109.9	
57.70	22.8	13.3	114.0	2.3	-330.6	4.9	512.0	-156.9	735.3	3647.8	21454.5	72.6	
57.75	26.0	13.3	100.5	2.2	-319.9	5.1	492.8	-132.1	775.1	4285.7	20550.9	33.9	
57.80	29.3	13.6	112.5	2.1	-300.8	5.2	440.8	-169.7	776.9	4396.9	19162.8	92.0	
57.85	32.7	13.5	102.8	2.1	-298.5	5.3	444.3	-141.3	787.5	5128.9	18811.0	59.3	
57.90	36.0	13.3	89.5	2.1	-299.1	5.4	439.4	-180.1	816.5	5603.4	18671.6	11.7	
57.95	39.4	13.1	91.9	2.1	-299.6	5.5	447.8	-251.4	830.9	5714.2	18548.4	18.4	
58.00	42.7	13.5	80.8	2.0	-306.3	5.6	485.4	-217.9	854.5	6329.9	18806.9	-26.9	
58.05	46.1	13.2	76.0	2.0	-301.9	5.7	457.7	-212.6	880.8	6354.2	18505.4	-39.6	
58.10	49.5	12.8	80.7	2.0	-295.7	5.8	439.0	-229.3	894.6	5963.6	18156.5	-17.5	
58.15	53.0	12.7	72.8	2.0	-298.9	5.9	470.8	-221.4	920.1	6041.0	18294.3	-48.3	
58.20	56.4	13.0	72.8	2.0	-293.3	6.0	446.2	-276.5	945.4	5946.7	17843.7	-42.8	
58.25	59.9	13.5	75.5	2.0	-286.4	6.1	423.9	-292.4	960.2	6117.9	17247.1	-26.7	
58.30	63.3	14.0	69.7	2.0	-285.6	6.2	430.5	-249.2	978.7	6652.7	17027.8	-46.1	
58.35	66.7	13.8	72.7	2.0	-279.1	6.3	389.9	-274.4	1003.5	6716.3	16512.3	-29.3	
58.40	70.2	13.9	70.6	2.0	-277.7	6.4	389.0	-300.7	1031.1	6839.1	16276.2	-35.2	
58.45	73.7	14.4	61.9	2.0	-279.9	6.5	425.6	-291.9	1058.9	6966.1	16306.5	-67.3	
58.50	77.2	14.8	60.7	2.0	-270.1	6.6	394.2	-295.0	1085.1	6722.3	15657.8	-61.6	
58.55	80.7	15.2	59.9	2.0	-257.5	6.7	361.0	-253.0	1108.3	6500.0	14855.1	-51.6	
58.60	84.2	15.5	58.3	2.0	-248.6	6.8	356.2	-216.4	1129.2	6385.8	14229.6	-48.6	
58.65	87.8	15.1	57.5	2.0	-241.5	6.9	325.2	-255.2	1152.2	6335.1	13652.7	-44.2	
58.70	91.3	15.2	52.3	2.0	-240.1	7.0	316.4	-276.3	1179.4	6570.0	13376.8	-60.5	
58.75	94.9	15.3	47.2	2.0	-242.0	7.1	335.5	-271.9	1200.0	6784.2	13373.2	-80.0	
58.80	98.5	15.4	47.4	2.0	-240.5	7.2	313.9	-293.5	1225.4	7058.9	13090.0	-77.9	
58.85	102.1	15.7	42.0	2.0	-243.2	7.3	311.5	-288.9	1256.4	7465.4	13085.1	-99.0	
58.90	105.7	15.6	34.9	2.0	-247.6	7.4	345.5	-285.8	1272.2	7270.9	13484.2	-127.9	
58.95	109.3	15.3	32.7	2.0	-247.8	7.5	352.4	-292.1	1283.7	6663.2	13771.5	-135.6	
59.00	112.9	15.1	29.2	2.0	-246.9	7.6	358.2	-265.3	1303.3	6402.4	13837.2	-146.8	
59.05	116.6	15.1	28.0	2.0	-240.7	7.7	365.4	-255.4	1321.6	6208.5	13397.6	-144.8	
59.10	120.2	15.0	32.0	2.0	-228.5	7.8	334.9	-246.0	1347.9	6177.7	12464.5	-118.8	
59.15	123.8	14.7	34.4	2.0	-215.3	7.9	292.1	-219.9	1371.8	6111.7	11513.0	-97.3	
59.20	127.5	14.2	37.9	2.0	-203.5	8.0	262.5	-234.9	1381.3	5871.5	10664.1	-73.4	
59.25	131.1	13.9	37.5	2.0	-195.4	8.1	241.1	-239.3	1403.1	5867.1	9984.0	-66.5	
59.30	134.7	13.7	34.3	2.0	-189.0	8.2	232.7	-211.1	1436.2	5872.3	9476.8	-71.4	
59.35	138.4	13.5	31.8	2.0	-182.2	8.3	240.2	-181.6	1448.9	5186.9	9310.9	-72.9	
59.40	142.1	13.2	28.3	2.0	-180.1	8.4	250.0	-140.6	1458.6	4316.2	9608.7	-82.8	
59.45	145.8	12.9	26.9	2.0	-182.5	8.5	262.9	-119.1	1475.6	3440.7	10131.4	-90.3	
59.50	149.6	13.1	26.6	2.0	-184.0	8.6	276.9	-127.6	1497.9	2642.3	10414.8	-92.7	
59.55	153.3	13.7	24.5	2.0	-183.5	8.7	279.0	-103.2	1524.2	2327.0	10457.8	-99.4	
59.60	157.0	13.7	23.8	2.0	-180.3	8.8	262.6	-83.0	1535.7	2240.1	10281.4	-98.7	
59.65	160.7	13.3	21.2	2.0	-178.8	8.9	258.8	-87.1	1537.7	2047.5	10209.5	-106.0	
59.70	164.5	12.9	11.0	2.0	-181.6	9.0	276.6	-79.9	1552.9	1963.0	10387.3	-143.9	
59.75	168.2	12.8	5.3	2.0	-183.5	9.1	289.3	-65.7	1560.7	1478.9	10581.3	-165.4	
59.80	172.0	12.9	6.4	2.0	-182.0	9.2	288.1	-25.6	1551.2	461.2	10589.6	-160.0	
59.85	175.7	12.7	12.4	2.0	-175.8	9.3	272.8	29.4	1554.1	-492.3	10163.7	-133.3	
59.90	179.5	12.4	15.7	2.0	-164.9	9.4	250.8	51.2	1574.4	-1213.0	9309.2	-111.2	
59.95	183.2	12.3	10.6	2.0	-152.3	9.5	232.5	62.7	1595.6	-1476.9	8330.2	-115.9	
60.00	187.0	12.6	5.7	2.0	-140.0	9.6	207.6	78.6	1603.5	-1629.7	7397.3	-120.5	
60.05	190.8	12.8	5.8	2.0	-130.0	9.7	181.0	88.1	1594.1	-1860.6	6627.6	-110.2	
60.10	194.6	12.7	-1.5	2.0	-123.3	9.8	173.1	85.3	1589.0	-1774.6	6159.1	-128.4	
60.15	198.4	12.5	-14.0	2.0	-119.5	9.9	175.9	83.2	1589.8	-1730.2	5862.1	-167.7	
60.20	202.3	12.6	-16.1	2.0	-118.5	10.0	175.1	106.9	1581.0	-2322.4	5550.2	-173.7	
60.25	206.1	12.4	-14.0	2.0	-117.0	10.1	156.6	144.6	1569.6	-3110.1	4995.7	-165.2	
60.30	209.9	12.1	-10.3	2.0	-113.4	10.2	131.3	161.7	1564.4	-3660.7	4278.8	-148.7	
60.35	213.7	11.7	-5.5	2.0	-112.1	10.3	131.4	170.5	1567.6	-3939.7	3851.2	-130.8	
60.40	217.5	11.9	-5.4	2.0	-116.4	10.4	150.2	191.1	1565.1	-4166.5	3974.5	-135.0	
60.45	221.3	12.1	-9.2	2.0	-123.4	10.5	161.6	207.9	1549.3	-4442.6	4382.6	-155.0	
60.50	225.1	12.4	-12.0	2.0	-129.2	10.6	169.7	218.6	1528.0	-4638.8	4769.9	-170.3	
60.55	228.9	12.6	-11.6	2.0	-131.2	10.7	173.3	220.2	1514.1	-4712.2	4915.6	-171.1	
60.60	232.7	12.7	-8.3	2.0	-132.9	10.8	168.3	222.3	1506.1	-4993.5	4829.1	-161.4	
60.65	236.5	12.8	-5.1	2.0	-137.6	10.9	163.7	241.2	1491.9	-5501.2	4756.7	-155.1	
60.70	240.4	13.0	-5.0	2.0	-145.1	11.0	157.3	272.0	1472.3	-6111.3	4839.1	-162.2	
60.75	244.2	12.9	-3.4	2.0	-153.3	11.1	151.5	294.5	1457.3	-6774.9	4922.8	-165.1	
60.80	248.1	12.7	-0.8	2.0	-160.5	11.2	167.0	299.0	1451.5	-7337.1	5027.3	-163.2	
60.85	251.9	12.3	-7.9	2.0	-164.3	11.3	192.1	305.4	1448.7	-7467.3	5255.2	-191.4	
60.90	255.7	12.0	-13.1	2.0	-166.9	11.4	186.4	301.3	1431.2	-7613.6	5438.0	-211.7	
60.95	259.6	11.8	-8.5	2.0	-170.5	11.5	170.3	308.6	1400.2	-7888.8	5579.4	-199.8	
61.00	263.4	11.7	-6.7	2.0	-169.9	11.6	166.4	328.2	1385.0	-7767.0	5609.8	-193.0	
61.05	267.2	11.4	-4.4	2.0	-166.1	11.7	155.5	306.1	1381.9	-7642.9	5422.1	-181.3	
61.10	271.1	11.6	-4.9	2.0	-165.0	11.8	155.0	298.8	1367.6	-7559.1	5445.5	-181.9	
61.15	274.9	11.9	-5.5	2.0	-169.9	11.9	163.6	332.4	1339.1	-7651.4	5809.0	-188.9	
61.20	278.7	11.4	1.9	2.0	-175.6	12.0	157.4	339.4	1316.9	-8042.6	6017.3	-168.9	
61.25	282.6	11.4	1.3	2.0	-176.5	12.1	171.7	339.7	1309.3	-7998.4	6168.9	-172.0	
61.30	286.4	11.6	-6.7	2.0	-173.4	12.2	195.4	334.0	1306.0	-7604.9	6259.2	-196.4	
61.35	290.3	11.6	-8.1	2.0	-167.2	12.3	186.7	303.4	1292.7	-7327.2	6020.8	-195.0	
61.40	294.1	11.4	-10.7	2.0	-158.4	12.4	169.5	288.0	1272.6	-6860.9	5658.7	-195.2	
61.45	298.0	11.5	-14.4	2.0	-146.2	12.5	152.0	263.8	1255.9	-6224.6	5138.1	-195.7	
61.50	301.8	11.7	-14.9	2.0	-134.6	12.6	130.9	234.7	1237.1	-5696.9	4582.1	-185.9	
61.55	305.7	12.2	-19.3	2.0	-127.5	12.7	127.1	235.1	1214.8	-5242.8	4323.1	-193.9	
61.60	309.5	12.6	-19.9	2.0	-124.7	12.8	130.2	228.4	1192.1	-5101.8	4214.9	-193.0	
61.65	313.3	12.9	-16.5	2.0	-119.6	12.9	122.3	211.6	1173.8	-4909.1	3943.6	-176.1	
61.70	317.2	13.2	-16.9	2.0	-108.6	13.0	109.1	203.7	1164.0	-4379.3	3339.7	-166.7	
61.75	321.0	13.2	-12.3	2.0	-98.5	13.1	92.4	187.5	1156.2	-4098.6	2536.3	-140.8	
61.80	324.9	13.2	-10.4	2.0	-89.5	13.2	75.9	191.3	1150.2	-3723.3	1826.8	-125.3	
61.85	328.7	13.3	-13.8	2.0	-79.0	13.3	60.9	170.8	1141.1	-3134.2	1398.7	-126.4	
61.90	332.5	13.1	-20.2	2.0	-68.4	13.4	49.1	118.5	1125.3	-2528.7	1205.6	-137.9	
61.95	336.4	13.0	-24.1	2.0	-61.9	13.5	45.4	103.1	1106.4	-2021.2	1233.8	-144.8	
62.00	340.2	13.1	-21.8	2.0	-59.5	13.6	39.0	99.3	1092.0	-1835.1	1239.2	-134.3	
62.05	344.0	12.9	-24.9	2.0	-56.6	13.7	39.6	89.5	1082.2	-1535.1	1317.9	-142.0	
62.10	347.8	12.4	-33.7	2.0	-53.8	13.8	50.8	69.0	1076.9	-988.8	1565.5	-169.3	
62.15	351.7	12.0	-37.8	2.0	-51.8	13.9	57.8	34.1	1079.4	-592.7	1654.2	-181.6	
62.20	355.5	12.5	-39.7	2.0	-49.4	14.0	56.8	27.4	1078.6	-423.8	1531.8	-185.8	
62.25	359.3	12.6	-38.3	2.0	-45.5	14.1	45.2	31.2	1066.4	-279.3	1298.5	-176.9	
62.30	3.1	12.8	-36.6	2.0	-37.8	14.2	21.7	1.6	1059.5	292.2	789.0	-163.4	
62.35	6.9	13.1	-35.9	2.0	-38.6	14.3	6.8	-20.8	1060.3	842.0	323.9	-161.8	
62.40	10.7	13.4	-29.7	2.0	-41.4	14.4	-12.2	-35.9	1061.1	1050.2	-203.5	-143.3	
62.45	14.5	13.4	-23.8	2.0	-49.2	14.5	-28.7	-61.1	1058.5	1434.6	-651.1	-130.9	
62.50	18.3	13.1	-27.1	2.0	-59.7	14.6	-24.2	-77.5	1058.3	2215.5	-719.0	-152.9	
62.55	22.1	12.9	-27.5	2.0	-68.9	14.7	-15.0	-99.3	1068.8	2863.4	-766.5	-163.4	
62.60	25.9	12.8	-23.8	2.0	-73.5	14.8	-10.0	-113.8	1083.1	3125.8	-908.8	-155.2	
62.65	29.6	12.6	-21.2	2.0	-76.6	14.9	-4.7	-119.3	1087.8	3374.1	-822.2	-149.2	
62.70	33.4	12.3	-20.0	2.0	-84.2	15.0	-6.8	-142.7	1090.0	3909.1	-729.3	-152.7	
62.75	37.2	12.0	-18.2	2.0	-91.5	15.1	-0.7	-161.3	1093.7	4442.8	-561.0	-153.8	
62.80	40.9	11.8	-14.6	2.0	-96.6	15.2	9.5	-165.8	1106.5	4822.4	-388.8	-146.7	
62.85	44.7	11.6	-14.1	2.0	-103.2	15.3	20.4	-187.3	1118.4	5252.8	-257.1	-151.6	
62.90	48.4	11.3	-17.3	2.0	-113.2	15.4	23.8	-223.9	1121.7	5898.3	-343.7	-172.7	
62.95	52.2	11.3	-18.9	2.0	-121.8	15.5	15.7	-250.9	1127.1	6431.2	-814.1	-186.6	
63.00	55.9	11.7	-11.2	2.0	-126.8	15.6	-9.0	-257.4	1140.2	6582.3	-1812.1	-165.0	
63.05	59.7	11.4	-0.2	2.0	-132.3	15.7	-37.7	-254.0	1154.3	6601.8	-2957.2	-133.1	
63.10	63.4	11.1	7.1	2.0	-138.2	15.8	-63.0	-261.0	1160.6	6642.3	-3786.2	-113.8	
63.15	67.1	10.9	9.9	2.0	-141.7	15.9	-78.4	-269.6	1168.7	6631.2	-4238.9	-107.9	
63.20	70.9	10.6	13.2	2.0	-141.6	16.0	-78.0	-260.7	1180.6	6493.8	-4460.3	-96.1	
63.25	74.6	10.8	19.6	2.0	-144.2	16.1	-82.0	-256.1	1197.2	6470.4	-4820.9	-76.7	
63.30	78.3	11.0	22.3	2.0	-152.2	16.2	-93.3	-266.4	1208.1	6811.7	-5295.5	-75.8	
63.35	82.0	10.5	23.5	2.0	-161.6	16.3	-103.4	-281.5	1217.5	7263.6	-5776.9	-81.0	
63.40	85.7	10.0	27.1	2.0	-168.7	16.4	-116.9	-287.5	1233.2	7449.0	-6326.4	-75.8	
63.45	89.4	9.9	30.1	2.0	-170.1	16.5	-130.5	-279.2	1246.0	7232.1	-6732.3	-66.7	
63.50	93.1	10.2	31.7	2.0	-168.0	16.6	-135.1	-267.7	1256.3	6899.3	-6866.9	-59.2	
63.55	96.8	10.4	29.3	2.0	-165.5	16.7	-133.1	-266.1	1265.5	6700.8	-6798.4	-65.0	
63.60	100.5	10.5	28.2	2.0	-165.0	16.8	-127.5	-275.4	1280.5	6604.0	-6796.7	-68.3	
63.65	104.1	10.5	29.7	2.0	-165.6	16.9	-115.7	-272.4	1300.2	6586.1	-6889.1	-63.5	
63.70	107.8	10.5	30.1	2.0	-167.9	17.0	-106.3	-272.5	1311.8	6743.3	-6987.1	-64.5	
63.75	111.4	10.4	32.3	2.0	-169.4	17.1	-104.2	-275.1	1312.7	6872.9	-7008.8	-58.6	
63.80	115.1	10.3	31.2	2.0	-172.4	17.2	-109.9	-273.1	1318.9	6987.5	-7207.0	-65.4	
63.85	118.7	10.8	37.3	2.0	-175.1	17.3	-126.3	-271.1	1329.4	6811.2	-7616.3	-46.9	
63.90	122.3	10.9	47.1	2.0	-175.2	17.4	-147.7	-250.1	1332.2	6427.1	-7982.8	-13.5	
63.95	125.8	10.8	52.5	2.0	-174.9	17.5	-164.0	-219.4	1333.8	6044.4	-8307.0	5.5	
64.00	129.4	10.5	56.5	2.0	-174.4	17.6	-171.0	-203.0	1344.6	5588.3	-8601.9	19.5	
64.05	133.0	11.0	59.2	2.0	-173.9	17.7	-173.0	-189.7	1361.1	5148.3	-8842.5	29.2	
64.10	136.5	11.2	57.8	2.0	-170.5	17.8	-168.6	-170.0	1364.9	4727.0	-8831.1	28.0	
64.15	140.1	10.7	53.2	2.0	-166.3	17.9	-164.1	-158.6	1359.7	4360.7	-8705.9	16.4	
64.20	143.7	10.6	43.4	2.0	-163.6	18.0	-156.5	-153.8	1369.2	4189.2	-8587.4	-14.6	
64.25	147.2	10.6	36.0	2.0	-161.9	18.1	-151.6	-147.6	1387.3	3978.6	-8553.4	-38.4	
64.30	150.8	10.5	33.1	2.0	-160.2	18.2	-157.6	-146.1	1390.9	3616.8	-8561.4	-46.7	
64.35	154.3	10.8	29.1	2.0	-157.5	18.3	-163.2	-130.3	1382.3	3324.0	-8485.2	-57.5	
64.40	157.8	10.9	24.6	2.0	-152.7	18.4	-158.1	-106.4	1377.1	2922.5	-8305.4	-68.3	
64.45	161.3	11.0	23.7	2.0	-145.6	18.5	-146.1	-79.5	1378.9	2170.6	-8052.9	-64.2	
64.50	164.8	11.0	24.5	2.0	-139.0	18.6	-134.2	-46.7	1378.6	1422.3	-7780.0	-55.0	
64.55	168.3	11.0	23.8	2.0	-136.6	18.7	-133.3	-22.3	1371.4	804.5	-7714.1	-54.9	
64.60	171.7	10.9	25.6	2.0	-140.3	18.8	-144.4	-1.4	1367.3	224.8	-8003.7	-52.3	
64.65	175.2	10.6	29.9	2.0	-148.2	18.9	-160.0	20.6	1376.2	-181.1	-8552.6	-45.5	
64.70	178.7	10.3	31.7	2.0	-154.8	19.0	-171.0	26.7	1381.8	-354.4	-9006.7	-46.1	
64.75	182.1	10.3	27.3	2.0	-156.6	19.1	-171.7	21.4	1371.4	-327.6	-9148.8	-62.7	
64.80	185.6	10.6	21.8	2.0	-154.1	19.2	-160.8	25.1	1356.3	-416.0	-9003.3	-79.3	
64.85	189.0	11.0	23.1	2.0	-152.2	19.3	-151.4	52.1	1343.8	-995.4	-8826.1	-73.0	
64.90	192.4	11.4	28.2	2.0	-152.9	19.4	-149.6	81.2	1331.4	-1782.9	-8739.6	-56.1	
64.95	195.8	11.6	31.6	2.0	-155.6	19.5	-153.7	96.9	1317.5	-2289.6	-8808.5	-47.1	
65.00	199.2	11.4	35.7	2.0	-158.2	19.6	-153.8	112.7	1306.2	-2587.1	-8912.9	-35.6	
65.05	202.6	11.3	40.2	2.0	-159.6	19.7	-147.4	131.9	1301.7	-2885.3	-8913.8	-21.6	
65.10	205.9	11.3	38.1	2.0	-158.1	19.8	-134.4	144.1	1294.5	-3045.9	-8744.2	-27.5	
65.15	209.3	11.1	32.0	2.0	-155.3	19.9	-122.1	142.2	1279.8	-3002.4	-8575.1	-45.3	
65.20	212.6	11.4	29.3	2.0	-156.6	20.0	-125.5	135.3	1260.4	-2973.5	-8717.4	-56.1	
65.25	216.0	11.7	36.1	2.0	-162.6	20.1	-137.8	147.1	1238.3	-3270.6	-9060.2	-38.9	
65.30	219.3	11.5	46.2	2.0	-169.7	20.2	-150.6	171.4	1216.9	-3705.8	-9406.7	-11.0	
65.35	222.6	12.0	53.4	2.0	-174.9	20.3	-163.5	188.4	1195.6	-4028.1	-9646.1	8.3	
65.40	225.8	12.6	54.8	2.0	-175.6	20.4	-164.7	198.8	1170.8	-4387.4	-9541.7	12.4	
65.45	229.1	12.8	53.3	2.0	-172.6	20.5	-150.2	208.9	1152.7	-4712.6	-9150.8	10.4	
65.50	232.4	13.0	50.7	2.0	-168.6	20.6	-129.4	226.9	1143.3	-4961.4	-8662.2	5.3	
65.55	235.6	13.1	47.6	2.0	-166.1	20.7	-117.9	246.2	1128.6	-5319.4	-8196.1	-2.7	
65.60	238.8	12.9	42.5	2.0	-165.1	20.8	-119.7	258.4	1102.9	-5737.7	-7792.0	-19.0	
65.65	242.1	12.5	35.7	2.0	-165.4	20.9	-124.3	272.7	1077.9	-6172.3	-7452.5	-42.8	
65.70	245.3	12.3	30.0	2.0	-165.8	21.0	-120.4	277.8	1064.7	-6569.1	-7146.5	-62.7	
65.75	248.5	12.2	21.6	2.0	-162.4	21.1	-104.9	274.8	1052.7	-6682.8	-6737.9	-88.4	
65.80	251.7	12.5	8.9	2.0	-156.5	21.2	-89.5	271.5	1028.6	-6648.5	-6187.6	-126.0	
65.85	254.9	13.0	1.2	2.0	-153.4	21.3	-84.0	269.8	998.2	-6792.9	-5723.6	-149.3	
65.90	258.0	13.6	1.4	2.0	-154.6	21.4	-81.5	282.0	973.1	-7110.5	-5454.3	-149.9	
65.95	261.1	14.0	4.3	2.0	-157.4	21.5	-81.5	301.4	953.0	-7347.6	-5416.2	-142.5	
66.00	264.3	13.8	8.6	2.0	-159.9	21.6	-88.8	309.3	934.0	-7468.2	-5558.0	-130.4	
66.05	267.4	13.2	13.6	2.0	-161.6	21.7	-94.5	314.5	910.9	-7556.1	-5643.4	-114.9	
66.10	270.5	12.8	16.5	2.0	-162.2	21.8	-95.5	321.5	888.3	-7581.2	-5681.4	-105.5	
66.15	273.5	13.1	17.4	2.0	-161.6	21.9	-94.1	320.0	867.1	-7477.7	-5785.4	-102.0	
66.20	276.6	13.4	15.1	2.0	-160.8	22.0	-95.8	307.6	847.1	-7186.2	-6123.8	-108.9	
66.25	279.7	13.2	16.1	2.0	-161.9	22.1	-106.0	290.9	829.4	-6842.7	-6699.8	-106.6	
66.30	282.7	13.0	22.5	2.0	-166.6	22.2	-128.3	279.9	807.1	-6685.7	-7378.7	-89.3	
66.35	285.8	12.9	32.3	2.0	-173.4	22.3	-153.9	287.7	775.6	-6731.5	-7978.6	-62.5	
66.40	288.8	13.0	41.5	2.0	-180.3	22.4	-179.6	289.9	744.7	-6785.6	-8584.3	-37.8	
66.45	291.8	13.4	48.0	2.0	-184.6	22.5	-197.5	273.3	724.3	-6610.5	-9162.5	-20.0	
66.50	294.8	13.7	50.5	2.0	-184.9	22.6	-197.8	258.5	711.6	-6136.9	-9563.6	-11.5	
66.55	297.8	13.5	54.6	2.0	-183.0	22.7	-190.3	249.5	696.1	-5696.2	-9719.0	4.5	
66.60	300.8	13.1	58.9	2.0	-180.0	22.8	-187.2	242.5	669.9	-5405.6	-9675.3	22.2	
66.65	303.7	12.9	60.8	2.0	-175.0	22.9	-182.2	233.6	641.4	-5055.6	-9486.9	33.9	
66.70	306.7	13.1	61.9	2.0	-169.3	23.0	-172.2	215.0	622.2	-4692.1	-9277.3	43.2	
66.75	309.6	13.0	63.3	2.0	-165.8	23.1	-165.9	201.2	607.8	-4361.0	-9202.0	51.7	
66.80	312.5	13.0	64.9	2.0	-164.8	23.2	-167.5	202.5	587.4	-4178.6	-9218.3	58.0	
66.85	315.4	12.8	68.1	2.0	-165.2	23.3	-175.4	201.3	564.1	-4210.9	-9242.0	68.7	
66.90	318.3	12.2	66.8	2.0	-164.4	23.4	-181.5	191.0	546.4	-4198.5	-9210.2	64.7	
66.95	321.2	11.9	60.8	2.0	-160.9	23.5	-176.7	175.9	533.1	-4080.9	-9028.9	47.7	
67.00	324.1	11.8	53.5	2.0	-155.5	23.6	-162.4	162.1	519.1	-4008.7	-8686.3	28.2	
67.05	326.9	12.5	47.2	2.0	-149.5	23.7	-145.8	156.7	505.2	-3957.0	-8270.0	12.6	
67.10	329.8	13.3	40.5	2.0	-142.9	23.8	-130.8	145.8	492.2	-3823.2	-7849.9	-3.9	
67.15	332.6	13.9	37.5	2.0	-137.7	23.9	-121.5	132.4	479.2	-3677.9	-7550.0	-9.2	
67.20	335.4	13.2	36.6	2.0	-135.7	24.0	-120.6	122.0	467.7	-3585.6	-7463.0	-10.1	
67.25	338.2	12.9	40.3	2.0	-136.6	24.1	-127.9	115.2	457.3	-3511.9	-7575.5	1.9	
67.30	341.0	12.7	42.5	2.0	-136.0	24.2	-131.5	111.9	444.0	-3333.3	-7620.1	10.0	
67.35	343.7	12.9	41.5	2.0	-132.8	24.3	-129.9	100.4	431.9	-2957.1	-7545.3	9.7	
67.40	346.4	12.8	41.2	2.0	-129.0	24.4	-124.8	80.1	424.0	-2558.0	-7442.3	12.5	
67.45	349.2	12.7	43.4	2.0	-126.9	24.5	-120.0	68.2	418.8	-2231.5	-7414.8	22.2	
67.50	351.9	12.6	45.6	2.0	-127.0	24.6	-122.7	57.0	412.8	-1893.6	-7533.4	29.6	
67.55	354.6	12.4	48.3	2.0	-128.3	24.7	-131.8	35.9	404.8	-1451.7	-7732.5	37.4	
67.60	357.3	12.4	50.5	2.0	-128.5	24.8	-135.6	17.9	398.0	-914.6	-7833.1	44.8	
67.65	359.9	12.5	50.2	2.0	-127.5	24.9	-133.4	0.7	396.1	-369.5	-7813.1	44.8	
67.70	2.6	12.3	49.7	2.0	-125.7	25.0	-130.3	-18.6	390.0	174.9	-7691.8	45.1	
67.75	5.2	12.2	48.9	2.0	-123.1	25.1	-126.7	-35.8	377.3	736.1	-7470.0	44.9	
67.80	7.9	12.1	51.7	2.0	-122.6	25.2	-128.4	-57.4	367.9	1214.6	-7353.8	54.9	
67.85	10.5	12.2	56.8	2.0	-123.3	25.3	-127.7	-75.4	364.1	1634.7	-7306.5	71.6	
67.90	13.1	12.3	59.4	2.0	-125.1	25.4	-124.5	-83.6	362.1	2108.2	-7317.8	79.0	
67.95	15.7	12.4	61.6	2.0	-130.6	25.5	-130.7	-97.9	359.6	2588.3	-7566.0	80.9	
68.00	18.3	12.4	65.2	2.0	-139.2	25.6	-146.1	-116.6	354.3	3034.7	-8026.2	84.7	
68.05	20.9	12.3	71.5	2.0	-147.2	25.7	-163.1	-121.7	348.4	3250.1	-8548.4	98.2	
68.10	23.4	12.2	79.2	2.0	-153.1	25.8	-177.1	-121.1	344.9	3247.3	-8996.0	118.8	
68.15	26.0	12.3	82.6	2.0	-157.3	25.9	-184.1	-127.1	342.1	3339.8	-9270.2	126.4	
68.20	28.5	12.6	82.3	2.0	-160.3	26.0	-186.2	-139.8	337.8	3556.0	-9413.9	122.1	
68.25	31.1	13.1	84.6	2.0	-163.4	26.1	-186.4	-149.5	336.4	3735.5	-9575.8	127.2	
68.30	33.6	13.2	89.7	2.0	-166.4	26.2	-184.3	-154.0	342.2	3865.2	-9758.3	141.6	
68.35	36.1	13.0	88.9	2.0	-168.3	26.3	-180.1	-165.4	348.9	4091.0	-9801.7	137.1	
68.40	38.6	12.6	81.9	2.0	-166.9	26.4	-172.7	-180.1	348.8	4363.9	-9552.7	114.1	
68.45	41.1	12.2	76.5	2.0	-161.3	26.5	-161.6	-185.8	343.7	4417.9	-9075.7	101.3	
68.50	43.5	11.9	73.8	2.0	-154.0	26.6	-148.2	-183.9	343.8	4236.5	-8580.9	99.3	
68.55	46.0	11.7	69.3	2.0	-149.1	26.7	-137.7	-187.8	350.0	4116.0	-8228.1	88.8	
68.60	48.4	11.8	63.1	2.0	-148.0	26.8	-136.4	-200.3	355.4	4171.4	-8076.4	68.4	
68.65	50.8	11.9	58.8	2.0	-149.0	26.9	-144.3	-208.7	357.0	4201.1	-8102.7	52.7	
68.70	53.3	11.7	58.9	2.0	-149.8	27.0	-150.4	-208.5	362.1	4165.1	-8178.0	52.2	
68.75	55.6	11.8	56.9	2.0	-150.4	27.1	-146.5	-213.1	372.5	4262.3	-8157.7	45.0	
68.80	58.0	11.8	53.2	2.0	-150.5	27.2	-138.6	-228.2	381.5	4504.6	-8005.6	32.0	
68.85	60.4	11.3	50.6	2.0	-149.2	27.3	-131.8	-237.2	384.6	4668.8	-7775.5	24.4	
68.90	62.7	11.9	54.7	2.0	-147.6	27.4	-130.7	-234.6	386.8	4664.6	-7645.2	40.3	
68.95	65.1	12.2	61.2	2.0	-148.2	27.5	-134.1	-232.0	392.6	4707.4	-7668.1	61.9	
69.00	67.4	12.0	64.9	2.0	-152.3	27.6	-141.0	-233.7	401.7	5006.2	-7826.3	70.5	
69.05	69.7	12.4	67.4	2.0	-157.3	27.7	-145.2	-244.0	408.4	5470.1	-7926.0	73.9	
69.10	72.0	12.5	69.4	2.0	-160.6	27.8	-143.7	-258.0	412.0	5923.9	-7860.4	77.7	
69.15	74.3	12.2	69.5	2.0	-162.4	27.9	-135.0	-266.9	418.9	6355.9	-7670.0	76.0	
69.20	76.6	12.2	67.6	2.0	-165.0	28.0	-125.2	-283.8	426.1	6834.9	-7460.4	67.1	
69.25	78.9	12.2	66.1	2.0	-167.7	28.1	-121.8	-298.8	428.3	7223.2	-7320.4	59.3	
69.30	81.1	12.1	68.1	2.0	-169.2	28.2	-125.8	-300.9	428.0	7387.4	-7303.2	64.6	
69.35	83.4	12.1	71.2	2.0	-170.2	28.3	-132.6	-298.7	429.8	7422.6	-7376.6	74.2	
69.40	85.6	11.8	73.3	2.0	-172.9	28.4	-136.8	-301.7	433.7	7616.5	-7444.6	78.8	
69.45	87.8	11.4	70.8	2.0	-175.7	28.5	-132.2	-310.2	437.8	7951.7	-7367.9	67.4	
69.50	90.0	11.4	70.6	2.0	-176.2	28.6	-121.4	-317.3	443.3	8164.7	-7169.2	66.1	
69.55	92.2	11.6	70.4	2.0	-173.8	28.7	-109.7	-315.6	448.3	8197.5	-6873.7	67.9	
69.60	94.4	11.8	69.1	2.0	-170.3	28.8	-103.7	-309.4	451.6	8109.8	-6601.1	66.9	
69.65	96.5	11.9	68.0	2.0	-167.0	28.9	-104.4	-305.5	452.0	7940.6	-6424.1	66.3	
69.70	98.7	11.7	67.4	2.0	-163.7	29.0	-107.7	-292.8	456.0	7693.1	-6379.1	67.7	
69.75	100.8	11.4	66.4	2.0	-159.2	29.1	-106.9	-282.0	464.9	7333.1	-6318.0	68.8	
69.80	102.9	11.7	62.5	2.0	-154.1	29.2	-100.5	-280.3	473.1	7016.8	-6099.4	60.5	
69.85	105.1	11.7	54.5	2.0	-149.2	29.3	-92.3	-280.0	478.5	6814.3	-5768.9	37.9	
69.90	107.2	11.6	45.3	2.0	-143.9	29.4	-81.6	-283.1	484.3	6591.9	-5397.9	11.6	
69.95	109.3	12.0	38.3	2.0	-138.1	29.5	-72.7	-278.3	493.5	6267.2	-5128.7	-6.6	
70.00	111.4	12.1	32.8	2.0	-132.8	29.6	-69.0	-266.8	502.4	5913.3	-4967.0	-20.0	
70.05	113.5	12.1	28.1	2.0	-127.2	29.7	-68.6	-255.5	506.6	5539.4	-4800.7	-30.9	
70.10	115.5	12.2	25.8	2.0	-120.9	29.8	-69.5	-244.3	508.2	5118.5	-4597.6	-32.3	
70.15	117.6	11.9	25.0	2.0	-113.9	29.9	-64.9	-230.5	514.4	4710.2	-4320.7	-28.2	
70.20	119.6	11.5	22.6	2.0	-107.4	30.0	-53.5	-220.2	523.7	4397.4	-3976.6	-29.8	
70.25	121.7	11.4	19.3	2.0	-103.0	30.1	-41.8	-213.4	531.9	4247.7	-3668.1	-36.7	
70.30	123.7	11.5	16.5	2.0	-100.9	30.2	-35.9	-208.8	538.2	4201.9	-3499.2	-44.2	
70.35	125.7	11.5	16.5	2.0	-100.3	30.3	-37.1	-208.2	545.2	4135.6	-3504.2	-43.7	
70.40	127.7	11.3	17.6	2.0	-101.3	30.4	-42.9	-205.3	551.7	4086.7	-3666.2	-40.7	
70.45	129.8	11.2	18.7	2.0	-103.2	30.5	-52.5	-198.8	553.5	4056.7	-3924.4	-39.0	
70.50	131.8	11.2	20.2	2.0	-105.7	30.6	-61.0	-198.8	554.0	4074.2	-4165.7	-36.5	
70.55	133.8	11.4	22.6	2.0	-107.9	30.7	-62.9	-200.2	558.2	4141.3	-4321.2	-30.2	
70.60	135.7	11.4	26.1	2.0	-110.2	30.8	-60.2	-202.8	565.3	4289.9	-4413.5	-20.5	
70.65	137.7	11.2	29.2	2.0	-113.4	30.9	-58.7	-204.2	567.9	4521.6	-4519.3	-13.2	
70.70	139.6	10.8	32.9	2.0	-117.8	31.0	-62.2	-204.7	567.5	4779.3	-4720.4	-4.8	
70.75	141.6	10.8	39.8	2.0	-121.9	31.1	-66.6	-202.5	570.1	4982.8	-4960.8	14.5	
70.80	143.5	10.6	46.5	2.0	-124.6	31.2	-68.2	-196.5	574.4	5116.7	-5130.5	35.0	
70.85	145.4	10.4	51.3	2.0	-125.6	31.3	-67.9	-188.9	573.7	5215.6	-5169.3	50.6	
70.90	147.3	10.6	53.6	2.0	-124.8	31.4	-66.3	-184.0	568.5	5219.0	-5107.9	59.4	
70.95	149.2	10.5	53.3	2.0	-123.4	31.5	-62.8	-181.2	568.3	5157.8	-5037.4	59.4	
71.00	151.1	10.2	52.6	2.0	-121.9	31.6	-60.4	-177.5	574.0	5018.9	-5025.5	58.7	
71.05	152.9	10.3	51.0	2.0	-119.6	31.7	-61.7	-173.6	575.2	4772.4	-5031.3	55.4	
71.10	154.8	10.4	48.6	2.0	-116.3	31.8	-67.1	-161.8	569.5	4435.1	-5046.0	50.7	
71.15	156.6	10.5	44.6	2.0	-111.3	31.9	-69.2	-146.8	566.7	3981.0	-4984.1	41.8	
71.20	158.5	10.7	39.3	2.0	-104.5	32.0	-64.2	-135.9	570.7	3449.5	-4777.7	30.3	
71.25	160.3	10.7	31.7	2.0	-95.9	32.1	-55.4	-123.4	572.0	2947.1	-4393.0	12.9	
71.30	162.1	10.7	24.7	2.0	-85.7	32.2	-46.0	-108.5	564.5	2454.5	-3862.1	-0.9	
71.35	163.9	10.6	18.7	2.0	-75.1	32.3	-34.3	-92.2	558.3	1961.6	-3289.1	-10.8	
71.40	165.7	10.9	13.2	2.0	-65.8	32.4	-20.4	-73.1	561.9	1548.8	-2785.4	-20.5	
71.45	167.5	11.2	8.2	2.0	-57.5	32.5	-7.9	-58.9	567.5	1158.2	-2335.7	-29.3	
71.50	169.3	11.5	2.7	2.0	-49.9	32.6	-0.7	-47.6	565.9	723.2	-1933.5	-40.5	
71.55	171.0	11.5	-1.8	2.0	-43.6	32.7	2.8	-31.2	561.6	242.7	-1624.6	-49.9	
71.60	172.8	11.6	-3.8	2.0	-40.3	32.8	6.8	-12.8	562.5	-310.2	-1405.7	-53.2	
71.65	174.6	11.6	-5.5	2.0	-40.9	32.9	9.8	0.5	566.7	-752.8	-1294.4	-60.0	
71.70	176.3	11.3	-8.0	2.0	-42.8	33.0	7.5	7.4	565.7	-1011.6	-1288.0	-70.2	
71.75	178.1	10.8	-8.8	2.0	-45.5	33.1	0.8	9.8	559.9	-1238.1	-1375.4	-75.6	
71.80	179.8	10.2	-7.7	2.0	-49.2	33.2	-6.8	14.3	558.0	-1401.2	-1577.6	-75.6	
71.85	181.5	10.7	-5.6	2.0	-52.7	33.3	-14.9	18.6	561.3	-1420.3	-1877.5	-72.1	
71.90	183.3	10.6	-3.2	2.0	-54.8	33.4	-21.0	18.6	560.9	-1319.9	-2120.3	-65.6	
71.95	184.9	10.0	1.1	2.0	-55.7	33.5	-23.8	25.0	555.0	-1192.7	-2253.4	-51.8	
72.00	186.6	9.8	7.2	2.0	-56.2	33.6	-22.0	36.6	550.6	-1136.7	-2302.4	-31.6	
72.05	188.3	9.7	13.5	2.0	-55.9	33.7	-15.5	45.5	549.1	-1097.3	-2282.3	-9.4	
72.10	190.0	9.7	17.3	2.0	-55.1	33.8	-10.3	47.9	546.1	-940.8	-2284.8	4.2	
72.15	191.6	9.8	21.0	2.0	-55.4	33.9	-10.4	46.2	539.1	-730.1	-2395.9	16.8	
72.20	193.3	9.8	26.3	2.0	-58.1	34.0	-15.6	44.5	532.5	-570.6	-2655.2	32.1	
72.25	195.0	9.8	31.1	2.0	-62.9	34.1	-24.0	47.6	528.6	-453.9	-3031.4	43.9	
72.30	196.6	10.0	33.2	2.0	-68.1	34.2	-34.7	50.4	522.8	-401.4	-3414.9	45.9	
72.35	198.3	9.6	32.3	2.0	-71.9	34.3	-43.5	50.9	513.5	-493.4	-3680.9	38.9	
72.40	199.9	9.3	32.2	2.0	-74.4	34.4	-48.1	56.1	504.2	-751.4	-3820.1	36.2	
72.45	201.6	9.5	34.2	2.0	-76.4	34.5	-48.3	66.8	497.3	-1166.0	-3855.4	40.9	
72.50	203.2	10.1	36.6	2.0	-78.7	34.6	-46.9	82.6	491.4	-1666.7	-3816.3	47.1	
72.55	204.8	10.4	37.4	2.0	-80.8	34.7	-44.8	100.8	485.3	-2134.7	-3713.2	47.6	
72.60	206.4	10.2	36.1	2.0	-82.3	34.8	-42.0	116.1	480.0	-2555.2	-3539.2	41.4	
72.65	208.0	10.3	32.9	2.0	-82.8	34.9	-36.5	125.0	474.8	-2923.0	-3269.8	30.1	
72.70	209.6	10.4	28.5	2.0	-83.1	35.0	-30.3	132.5	469.7	-3247.1	-2959.8	14.8	
72.75	211.1	10.4	23.8	2.0	-83.4	35.1	-22.6	140.8	464.3	-3556.9	-2596.0	-1.7	
72.80	212.7	10.4	19.5	2.0	-84.6	35.2	-12.9	151.4	458.0	-3917.0	-2162.9	-17.8	
72.85	214.2	10.3	16.1	2.0	-87.2	35.3	-2.8	162.3	451.2	-4312.3	-1713.9	-32.1	
72.90	215.8	10.1	12.6	2.0	-90.4	35.4	6.7	170.7	444.9	-4689.5	-1293.2	-47.2	
72.95	217.3	10.0	8.8	2.0	-93.4	35.5	16.1	175.7	439.5	-4993.8	-916.1	-63.2	
73.00	218.9	9.9	6.3	2.0	-95.7	35.6	24.9	179.6	435.9	-5201.9	-626.4	-74.1	
73.05	220.4	9.9	5.0	2.0	-97.2	35.7	32.0	184.4	432.9	-5323.0	-411.6	-80.1	
73.10	221.9	9.6	5.6	2.0	-98.6	35.8	34.7	190.5	427.7	-5423.1	-266.9	-79.4	
73.15	223.4	9.3	7.6	2.0	-100.1	35.9	33.5	198.1	420.2	-5524.2	-173.0	-73.8	
73.20	224.9	9.2	9.9	2.0	-101.3	36.0	31.3	206.4	412.4	-5601.9	-103.2	-67.3	
73.25	226.4	9.6	12.4	2.0	-101.5	36.1	31.3	209.6	405.5	-5611.7	-31.4	-58.8	
73.30	227.9	9.7	15.2	2.0	-99.9	36.2	31.0	211.0	398.7	-5494.4	-12.1	-47.6	
73.35	229.3	9.4	17.4	2.0	-97.2	36.3	29.0	212.6	390.9	-5291.1	-50.2	-37.6	
73.40	230.8	9.9	19.3	2.0	-94.5	36.4	26.7	212.4	383.1	-5097.1	-137.5	-28.3	
73.45	232.3	9.9	20.8	2.0	-91.6	36.5	23.2	208.2	377.8	-4881.8	-314.4	-20.2	
73.50	233.8	9.6	20.2	2.0	-88.1	36.6	19.2	200.6	372.1	-4627.4	-549.7	-18.9	
73.55	235.2	9.1	21.7	2.0	-85.4	36.7	13.8	194.3	363.4	-4406.2	-801.5	-10.8	
73.60	236.7	8.8	25.2	2.0	-84.0	36.8	9.6	194.9	351.7	-4263.0	-1000.9	2.5	
73.65	238.1	8.6	27.4	2.0	-82.5	36.9	9.2	196.7	340.9	-4125.6	-1112.4	11.6	
73.70	239.5	9.0	28.8	2.0	-81.0	37.0	9.7	195.2	332.6	-3994.4	-1179.0	17.9	
73.75	241.0	9.1	30.0	2.0	-79.8	37.1	8.9	191.6	323.3	-3904.4	-1220.0	23.1	
73.80	242.4	9.0	31.7	2.0	-79.2	37.2	5.7	190.3	312.2	-3853.5	-1283.8	29.5	
73.85	243.8	8.8	33.4	2.0	-79.5	37.3	2.8	195.7	303.9	-3831.6	-1385.6	35.0	
73.90	245.2	9.1	34.9	2.0	-81.3	37.4	1.6	208.2	298.2	-3902.1	-1491.1	38.5	
73.95	246.6	9.4	37.6	2.0	-85.5	37.5	0.7	220.0	290.0	-4208.9	-1506.1	43.5	
74.00	248.0	9.5	38.8	2.0	-91.0	37.6	0.4	229.8	277.8	-4666.9	-1385.6	42.0	
74.05	249.4	9.8	37.1	2.0	-96.4	37.7	1.9	236.0	266.7	-5122.8	-1207.9	31.1	
74.10	250.7	10.2	34.3	2.0	-101.1	37.8	7.3	238.6	260.3	-5523.6	-1031.6	16.6	
74.15	252.1	10.3	31.2	2.0	-105.1	37.9	12.2	244.8	255.0	-5832.6	-908.0	1.9	
74.20	253.5	10.2	27.2	2.0	-108.0	38.0	13.9	249.3	246.9	-6066.4	-786.8	-14.5	
74.25	254.9	10.5	21.7	2.0	-110.1	38.1	14.3	247.7	237.4	-6255.5	-625.6	-35.5	
74.30	256.2	11.2	15.6	2.0	-112.1	38.2	15.5	246.4	229.3	-6436.5	-452.6	-58.4	
74.35	257.5	11.6	13.1	2.0	-115.6	38.3	21.7	253.1	223.2	-6699.7	-238.0	-70.8	
74.40	258.9	11.8	15.1	2.0	-121.0	38.4	30.8	266.2	215.4	-7070.5	58.2	-69.2	
74.45	260.2	11.8	18.0	2.0	-126.2	38.5	37.9	281.9	204.2	-7418.4	379.3	-64.4	
74.50	261.5	12.3	19.4	2.0	-129.8	38.6	42.7	291.0	195.2	-7654.1	616.2	-63.2	
74.55	262.8	12.6	20.2	2.0	-131.6	38.7	46.5	291.3	191.5	-7788.8	692.7	-62.4	
74.60	264.1	12.8	20.3	2.0	-132.2	38.8	48.6	291.2	189.9	-7839.1	620.2	-62.4	
74.65	265.4	12.8	19.8	2.0	-131.3	38.9	45.6	288.6	184.9	-7789.9	470.0	-63.1	
74.70	266.7	12.6	18.0	2.0	-128.5	39.0	36.9	284.5	175.8	-7615.2	270.1	-66.6	
74.75	268.0	12.2	17.3	2.0	-126.2	39.1	29.1	281.4	167.5	-7458.1	77.2	-66.6	
74.80	269.3	12.1	20.0	2.0	-125.1	39.2	24.9	278.2	162.2	-7389.9	-95.6	-56.5	
74.85	270.6	12.1	22.8	2.0	-123.6	39.3	21.8	275.6	156.4	-7289.4	-249.9	-45.2	
74.90	271.9	12.1	24.2	2.0	-120.1	39.4	18.2	267.5	147.5	-7046.7	-347.9	-37.0	
74.95	273.2	12.7	25.1	2.0	-114.1	39.5	16.4	256.7	138.4	-6626.9	-431.7	-27.9	
75.00	274.4	13.1	28.3	2.0	-108.1	39.6	17.0	252.3	132.9	-6176.5	-574.6	-11.0	
75.05	275.7	13.2	32.3	2.0	-103.5	39.7	18.8	247.6	128.4	-5833.6	-706.9	7.5	
75.10	276.9	12.7	34.4	2.0	-99.2	39.8	16.5	241.6	120.6	-5510.1	-842.4	18.9	
75.15	278.2	13.1	34.7	2.0	-95.3	39.9	10.9	235.1	109.8	-5221.7	-948.3	23.7	
75.20	279.4	13.6	37.2	2.0	-93.3	40.0	6.5	231.1	98.8	-5077.9	-996.6	34.2	
75.25	280.6	13.4	40.7	2.0	-92.9	40.1	4.4	233.8	89.6	-5030.3	-1054.7	46.8	
75.30	281.8	13.3	41.0	2.0	-92.3	40.2	1.6	236.2	82.0	-4966.7	-1158.7	48.4	
75.35	283.1	13.4	38.9	2.0	-91.1	40.3	-2.4	230.5	74.1	-4869.7	-1240.8	42.6	
75.40	284.3	13.6	36.4	2.0	-89.9	40.4	-5.8	221.2	65.2	-4813.3	-1237.2	35.2	
75.45	285.5	13.6	34.8	2.0	-90.0	40.5	-6.7	219.0	56.0	-4852.2	-1173.0	29.6	
75.50	286.7	13.6	33.5	2.0	-91.1	40.6	-3.3	224.2	47.8	-4958.8	-1041.7	23.9	
75.55	287.9	13.8	31.7	2.0	-92.5	40.7	2.7	230.7	41.6	-5092.7	-843.7	16.3	
75.60	289.1	13.7	31.4	2.0	-94.9	40.8	8.0	234.8	34.6	-5303.6	-557.1	12.9	
75.65	290.2	13.6	32.0	2.0	-98.6	40.9	12.5	239.3	24.8	-5606.5	-199.3	11.1	
75.70	291.4	13.7	30.1	2.0	-101.7	41.0	17.9	242.9	16.2	-5838.8	123.6	1.7	
75.75	292.6	13.7	26.6	2.0	-102.9	41.1	25.9	243.6	13.1	-5919.5	342.9	-11.7	
75.80	293.8	13.7	23.5	2.0	-104.0	41.2	33.6	242.3	11.7	-5987.2	524.3	-23.2	
75.85	295.0	13.7	20.9	2.0	-105.6	41.3	36.6	241.6	5.2	-6099.8	693.4	-33.7	
75.90	296.1	13.9	17.5	2.0	-106.9	41.4	35.5	239.4	-4.6	-6196.1	805.4	-46.9	
75.95	297.3	13.9	13.9	2.0	-107.6	41.5	35.4	232.8	-10.5	-6255.3	832.0	-59.7	
76.00	298.4	13.9	13.4	2.0	-108.4	41.6	38.4	232.3	-12.2	-6323.3	807.1	-62.3	
76.05	299.6	14.1	15.9	2.0	-109.9	41.7	41.5	237.8	-16.5	-6417.1	807.7	-55.4	
76.10	300.7	14.0	18.3	2.0	-110.8	41.8	41.0	239.3	-26.1	-6470.7	820.6	-48.0	
76.15	301.9	13.8	18.5	2.0	-109.3	41.9	37.2	236.1	-33.6	-6375.3	714.2	-45.8	
76.20	303.0	13.5	18.6	2.0	-106.9	42.0	34.5	229.2	-35.4	-6228.3	496.5	-42.8	
76.25	304.1	13.4	21.2	2.0	-105.4	42.1	31.0	225.2	-37.6	-6147.4	233.3	-32.5	
76.30	305.2	13.3	24.6	2.0	-104.0	42.2	22.4	228.4	-44.8	-6033.0	-67.0	-19.6	
76.35	306.4	13.1	26.5	2.0	-102.1	42.3	13.0	228.0	-53.6	-5872.3	-329.4	-11.2	
76.40	307.5	13.0	28.3	2.0	-100.4	42.4	6.9	221.2	-59.8	-5747.1	-521.9	-3.1	
76.45	308.6	12.9	30.1	2.0	-98.9	42.5	2.8	215.2	-64.0	-5628.3	-716.6	4.2	
76.50	309.7	13.0	31.0	2.0	-96.9	42.6	-1.8	206.5	-69.8	-5462.1	-936.0	9.7	
76.55	310.8	12.6	29.9	2.0	-93.7	42.7	-7.0	195.1	-76.0	-5198.2	-1185.6	8.7	
76.60	311.9	12.6	30.2	2.0	-90.4	42.8	-13.5	186.8	-80.3	-4884.0	-1471.1	13.2	
76.65	313.0	12.8	32.3	2.0	-88.3	42.9	-18.7	180.5	-84.7	-4649.4	-1705.3	22.8	
76.70	314.1	12.8	34.3	2.0	-86.8	43.0	-23.0	176.3	-91.2	-4465.3	-1879.5	30.8	
76.75	315.2	12.7	34.9	2.0	-85.0	43.1	-27.0	171.7	-98.6	-4263.4	-2007.5	34.8	
76.80	316.2	12.7	35.8	2.0	-82.6	43.2	-26.4	163.4	-103.7	-4072.2	-2037.0	40.4	
76.85	317.3	12.7	38.3	2.0	-81.1	43.3	-23.7	158.6	-106.9	-3958.2	-2044.2	50.4	
76.90	318.4	12.6	41.2	2.0	-81.0	43.4	-23.3	160.2	-111.8	-3908.6	-2097.2	60.6	
76.95	319.4	12.5	42.6	2.0	-81.2	43.5	-25.2	159.8	-117.3	-3873.3	-2192.4	64.9	
77.00	320.5	12.3	42.1	2.0	-81.1	43.6	-27.4	155.9	-120.1	-3821.8	-2281.1	63.5	
77.05	321.5	12.1	41.7	2.0	-81.3	43.7	-28.5	153.9	-122.0	-3829.3	-2297.2	62.0	
77.10	322.6	11.9	39.9	2.0	-81.0	43.8	-26.1	153.3	-126.8	-3880.0	-2168.9	56.0	
77.15	323.7	11.9	36.2	2.0	-80.5	43.9	-21.9	153.4	-132.8	-3945.3	-1949.9	43.9	
77.20	324.7	12.6	32.0	2.0	-80.1	44.0	-16.1	153.1	-136.3	-4038.2	-1672.6	29.9	
77.25	325.8	13.2	28.0	2.0	-79.9	44.1	-8.5	150.0	-138.0	-4161.3	-1334.6	16.2	
77.30	326.8	13.2	24.7	2.0	-80.2	44.2	-3.0	147.3	-140.7	-4277.4	-1007.8	4.6	
77.35	327.8	12.9	20.8	2.0	-80.6	44.3	3.1	148.0	-145.7	-4370.4	-657.0	-9.1	
77.40	328.9	12.9	16.6	2.0	-80.8	44.4	10.8	148.0	-148.4	-4423.4	-299.4	-23.7	
77.45	329.9	13.2	14.0	2.0	-81.1	44.5	15.9	146.5	-148.1	-4460.2	0.5	-33.2	
77.50	330.9	13.2	11.1	2.0	-81.7	44.6	19.0	146.1	-151.9	-4489.2	289.3	-43.4	
77.55	331.9	13.4	9.3	2.0	-82.7	44.7	21.1	145.8	-159.4	-4537.1	548.3	-50.7	
77.60	333.0	13.7	7.1	2.0	-82.1	44.8	23.4	139.8	-162.6	-4484.5	699.5	-57.6	
77.65	334.0	13.6	4.9	2.0	-79.2	44.9	24.7	132.1	-160.4	-4285.3	707.3	-62.2	
77.70	335.0	13.6	4.4	2.0	-75.8	45.0	24.4	124.1	-160.8	-4055.3	655.4	-60.5	
77.75	336.0	13.6	5.8	2.0	-72.6	45.1	22.1	119.1	-166.5	-3838.9	567.9	-52.7	
77.80	337.0	13.3	7.7	2.0	-68.8	45.2	17.6	115.1	-170.1	-3581.7	373.0	-42.5	
77.85	338.0	13.1	9.3	2.0	-64.1	45.3	14.2	106.8	-168.2	-3270.3	119.6	-32.3	
77.90	339.0	12.8	11.6	2.0	-59.5	45.4	10.5	98.4	-167.7	-2947.7	-135.5	-19.6	
77.95	340.0	12.5	15.5	2.0	-55.7	45.5	5.0	93.6	-173.4	-2650.4	-362.9	-2.6	
78.00	341.0	12.2	18.5	2.0	-51.6	45.6	0.7	86.2	-178.3	-2306.7	-581.8	11.9	
78.05	342.0	11.9	18.7	2.0	-46.6	45.7	-1.8	71.8	-176.3	-1863.0	-841.0	17.7	
78.10	343.0	12.8	18.6	2.0	-42.7	45.8	-3.9	58.0	-174.5	-1424.2	-1084.3	21.3	
78.15	344.0	13.0	20.3	2.0	-40.9	45.9	-7.5	49.1	-179.9	-1098.9	-1262.6	28.7	
78.20	345.0	12.9	21.3	2.0	-40.3	46.0	-11.8	41.4	-186.6	-839.9	-1414.8	32.9	
78.25	345.9	12.8	21.5	2.0	-40.3	46.1	-14.3	32.2	-187.2	-583.7	-1560.9	33.6	
78.30	346.9	12.7	21.8	2.0	-40.4	46.2	-14.4	25.5	-186.2	-420.5	-1643.4	34.4	
78.35	347.9	12.5	22.5	2.0	-40.4	46.3	-14.5	24.9	-190.1	-422.8	-1637.2	36.7	
78.40	348.9	12.3	23.1	2.0	-40.0	46.4	-15.4	25.6	-196.5	-489.7	-1580.8	39.3	
78.45	349.8	12.4	21.6	2.0	-39.1	46.5	-15.2	21.1	-198.3	-493.4	-1521.4	35.0	
78.50	350.8	12.4	19.0	2.0	-38.1	46.6	-13.7	16.8	-196.6	-494.0	-1454.4	27.1	
78.55	351.8	12.1	17.3	2.0	-36.9	46.7	-11.3	19.2	-198.5	-583.4	-1314.3	22.5	
78.60	352.7	12.1	16.2	2.0	-35.7	46.8	-8.8	23.3	-204.3	-745.5	-1106.4	20.1	
78.65	353.7	12.1	13.2	2.0	-34.7	46.9	-6.4	23.1	-207.1	-876.9	-907.4	10.7	
78.70	354.6	11.7	9.3	2.0	-34.0	47.0	-3.6	19.7	-205.5	-971.3	-740.8	-2.0	
78.75	355.6	11.6	7.1	2.0	-34.1	47.1	0.8	18.4	-205.4	-1102.5	-549.8	-9.6	
78.80	356.5	11.7	5.8	2.0	-34.5	47.2	5.4	18.8	-208.0	-1209.2	-353.6	-14.7	
78.85	357.4	11.9	3.7	2.0	-34.3	47.3	10.1	16.3	-208.1	-1227.3	-200.2	-21.7	
78.90	358.4	11.9	0.5	2.0	-33.1	47.4	14.6	8.2	-205.1	-1157.8	-95.9	-31.5	
78.95	359.3	11.7	-2.5	2.0	-31.8	47.5	18.7	1.2	-204.7	-1056.5	1.5	-40.2	
79.00	0.2	11.6	-3.1	2.0	-31.2	47.6	21.6	-2.9	-207.0	-998.9	86.6	-42.0	
79.05	1.1	11.9	-3.0	2.0	-30.2	47.7	22.0	-7.4	-207.5	-923.2	78.7	-40.5	
79.10	2.0	12.1	-2.9	2.0	-28.7	47.8	20.5	-9.3	-206.6	-814.5	-21.0	-38.6	
79.15	3.0	11.9	-1.2	2.0	-28.3	47.9	16.8	-8.3	-206.2	-770.1	-187.6	-32.4	
79.20	3.9	12.2	1.7	2.0	-29.2	48.0	12.0	-9.4	-207.0	-781.6	-378.3	-23.4	
79.25	4.8	12.2	3.1	2.0	-30.0	48.1	7.7	-13.4	-206.7	-733.4	-574.8	-19.4	
79.30	5.7	12.1	3.9	2.0	-30.7	48.2	3.5	-18.9	-204.1	-581.3	-779.2	-17.3	
79.35	6.6	12.4	5.1	2.0	-31.3	48.3	1.7	-26.5	-203.1	-406.7	-909.7	-13.9	
79.40	7.5	12.6	6.5	2.0	-31.7	48.4	0.2	-30.8	-205.0	-210.8	-993.8	-9.5	
79.45	8.4	12.8	7.3	2.0	-33.3	48.5	-3.8	-35.3	-205.6	20.7	-1119.7	-8.1	
79.50	9.3	13.2	8.5	2.0	-36.2	48.6	-8.8	-45.6	-204.5	252.5	-1287.5	-7.2	
79.55	10.2	13.6	9.9	2.0	-39.8	48.7	-15.9	-53.3	-205.0	475.3	-1481.6	-5.6	
79.60	11.1	13.8	12.0	2.0	-42.8	48.8	-20.5	-57.7	-207.5	737.3	-1602.2	-1.7	
79.65	12.0	14.2	13.8	2.0	-45.0	48.9	-20.2	-63.7	-208.4	1003.1	-1627.8	2.3	
79.70	12.9	14.2	14.9	2.0	-47.1	49.0	-18.7	-69.7	-206.7	1247.3	-1643.2	3.9	
79.75	13.7	14.2	15.9	2.0	-49.6	49.1	-19.7	-76.4	-205.6	1434.9	-1703.7	5.1	
79.80	14.6	14.4	17.7	2.0	-51.2	49.2	-22.2	-82.0	-206.8	1503.1	-1785.2	9.6	
79.85	15.5	14.4	20.0	2.0	-52.6	49.3	-26.4	-80.2	-207.2	1503.9	-1921.1	16.0	
79.90	16.4	14.5	21.2	2.0	-53.8	49.4	-29.7	-76.2	-205.2	1500.0	-2047.7	19.0	
79.95	17.2	14.7	21.1	2.0	-54.8	49.5	-30.6	-78.6	-203.2	1550.1	-2101.4	17.7	
80.00	18.1	14.7	20.2	2.0	-55.6	49.6	-30.7	-85.9	-203.5	1641.8	-2075.5	13.8	
80.05	19.0	14.6	18.6	2.0	-55.6	49.7	-29.2	-93.9	-203.7	1709.6	-1999.0	8.2	
80.10	19.8	14.6	16.1	2.0	-54.9	49.8	-25.8	-98.3	-201.0	1739.2	-1887.0	0.5	
80.15	20.7	14.6	13.6	2.0	-53.8	49.9	-22.4	-98.6	-198.0	1778.0	-1740.9	-7.2	
80.20	21.5	14.4	11.6	2.0	-52.4	50.0	-18.0	-100.6	-198.1	1819.2	-1528.1	-12.5	
80.25	22.4	14.0	8.9	2.0	-50.3	50.1	-12.4	-103.2	-197.7	1808.1	-1279.3	-19.8	
80.30	23.2	14.2	7.1	2.0	-48.3	50.2	-5.5	-103.5	-194.5	1802.8	-1009.0	-24.0	
80.35	24.1	14.6	4.6	2.0	-46.7	50.3	2.2	-107.6	-191.5	1805.3	-709.2	-30.8	
80.40	24.9	15.0	2.0	2.0	-46.3	50.4	9.1	-112.2	-191.3	1845.6	-400.0	-39.4	
80.45	25.8	15.3	0.1	2.0	-47.1	50.5	11.8	-114.7	-191.6	1934.2	-188.8	-46.6	
80.50	26.6	15.2	-1.0	2.0	-47.8	50.6	13.4	-118.2	-189.6	1985.8	-60.6	-51.1	
80.55	27.4	15.0	-1.6	2.0	-48.1	50.7	14.6	-120.8	-186.0	2006.5	5.1	-53.6	
80.60	28.3	14.8	-1.7	2.0	-48.7	50.8	12.3	-122.7	-183.4	2051.7	-9.0	-54.7	
80.65	29.1	14.8	-3.1	2.0	-49.7	50.9	9.4	-125.9	-184.1	2116.0	-23.9	-60.2	
80.70	29.9	14.9	-2.5	2.0	-50.9	51.0	7.3	-128.3	-185.0	2200.2	-53.7	-59.6	
80.75	30.7	14.7	-1.4	2.0	-52.3	51.1	6.1	-128.0	-182.2	2299.1	-144.8	-57.2	
80.80	31.6	14.4	0.5	2.0	-53.8	51.2	4.7	-130.8	-178.1	2398.5	-288.8	-51.9	
80.85	32.4	14.3	2.7	2.0	-56.0	51.3	0.1	-136.8	-176.4	2518.7	-482.0	-46.8	
80.90	33.2	14.4	4.7	2.0	-59.4	51.4	-7.7	-143.4	-176.5	2709.2	-729.8	-43.4	
80.95	34.0	14.8	7.0	2.0	-63.6	51.5	-13.7	-149.4	-174.4	2939.6	-998.1	-39.5	
81.00	34.8	15.1	10.2	2.0	-67.9	51.6	-17.0	-154.9	-170.1	3175.6	-1257.1	-32.9	
81.05	35.6	15.4	14.2	2.0	-72.2	51.7	-21.3	-160.4	-167.2	3412.9	-1501.5	-23.4	
81.10	36.4	15.5	15.6	2.0	-76.4	51.8	-24.7	-167.5	-168.5	3670.5	-1649.3	-22.7	
81.15	37.2	15.6	17.0	2.0	-80.1	51.9	-26.5	-175.1	-169.3	3910.1	-1738.5	-21.7	
81.20	38.0	15.7	18.8	2.0	-82.9	52.0	-26.5	-180.9	-165.5	4075.6	-1847.2	-18.3	
81.25	38.8	15.5	21.0	2.0	-84.4	52.1	-26.0	-182.6	-161.2	4145.1	-1965.5	-12.4	
81.30	39.6	15.5	21.9	2.0	-85.7	52.2	-29.0	-185.5	-159.2	4176.9	-2108.4	-10.3	
81.35	40.4	15.4	21.4	2.0	-87.4	52.3	-33.3	-190.7	-158.5	4250.2	-2218.5	-13.8	
81.40	41.2	14.9	20.4	2.0	-88.7	52.4	-35.8	-193.7	-156.6	4328.7	-2265.2	-18.7	
81.45	42.0	14.7	19.8	2.0	-88.3	52.5	-33.0	-195.1	-153.5	4321.5	-2209.9	-20.4	
81.50	42.8	14.5	19.4	2.0	-86.6	52.6	-28.8	-194.7	-151.2	4243.0	-2093.1	-20.0	
81.55	43.6	14.0	18.3	2.0	-85.2	52.7	-27.0	-196.2	-149.7	4180.4	-1955.9	-22.2	
81.60	44.4	14.1	15.3	2.0	-83.2	52.8	-25.2	-195.8	-149.0	4113.6	-1751.4	-30.6	
81.65	45.2	14.2	13.4	2.0	-80.9	52.9	-21.6	-192.1	-146.8	4032.7	-1509.0	-34.8	
81.70	46.0	14.4	12.1	2.0	-78.5	53.0	-14.4	-189.8	-142.4	3946.8	-1239.0	-36.9	
81.75	46.7	14.3	9.8	2.0	-77.1	53.1	-7.0	-190.7	-137.8	3916.9	-968.9	-43.3	
81.80	47.5	14.1	6.5	2.0	-77.2	53.2	-2.5	-195.9	-135.2	3964.1	-715.8	-54.7	
81.85	48.3	13.7	3.7	2.0	-77.2	53.3	0.7	-200.7	-134.1	3991.0	-470.7	-64.4	
81.90	49.1	13.6	1.3	2.0	-76.4	53.4	5.3	-199.9	-132.8	3950.1	-234.1	-71.8	
81.95	49.9	13.6	1.1	2.0	-75.7	53.5	10.3	-198.4	-128.6	3915.5	-63.3	-71.8	
82.00	50.6	13.8	0.0	2.0	-75.9	53.6	13.4	-200.6	-124.1	3927.2	65.2	-75.8	
82.05	51.4	13.8	-1.5	2.0	-76.8	53.7	13.8	-204.4	-122.6	3975.4	185.6	-81.8	
82.10	52.2	13.9	-2.0	2.0	-77.8	53.8	13.8	-207.9	-121.2	4043.9	256.6	-84.8	
82.15	52.9	14.0	-1.2	2.0	-78.7	53.9	15.4	-209.8	-116.6	4111.0	243.4	-82.8	
82.20	53.7	13.8	0.3	2.0	-80.1	54.0	15.1	-210.1	-110.7	4226.5	133.6	-79.1	
82.25	54.4	13.7	0.9	2.0	-82.2	54.1	13.1	-212.4	-108.2	4380.0	7.9	-79.0	
82.30	55.2	13.6	2.6	2.0	-84.1	54.2	8.9	-215.8	-108.0	4509.8	-129.5	-75.1	
82.35	55.9	13.5	4.2	2.0	-85.7	54.3	3.2	-217.9	-106.5	4620.8	-321.3	-71.1	
82.40	56.7	12.8	6.1	2.0	-88.0	54.4	-1.2	-220.7	-102.5	4764.9	-559.9	-66.9	
82.45	57.4	12.1	8.7	2.0	-91.1	54.5	-4.9	-224.7	-98.9	4957.8	-806.3	-61.2	
82.50	58.1	12.1	10.9	2.0	-95.1	54.6	-10.1	-230.5	-97.1	5207.6	-1040.1	-57.8	
82.55	58.9	12.1	11.8	2.0	-99.9	54.7	-14.5	-238.8	-95.0	5512.3	-1241.9	-59.3	
82.60	59.6	12.1	13.8	2.0	-104.2	54.8	-17.2	-246.7	-92.1	5788.1	-1415.7	-56.8	
82.65	60.3	12.4	15.7	2.0	-107.1	54.9	-18.1	-250.9	-89.9	5969.4	-1543.1	-53.3	
82.70	61.1	12.8	17.7	2.0	-109.1	55.0	-18.4	-253.7	-88.1	6095.9	-1645.6	-48.5	
82.75	61.8	12.9	18.4	2.0	-110.7	55.1	-20.1	-255.9	-86.6	6192.8	-1717.9	-47.6	
82.80	62.5	12.6	19.2	2.0	-111.0	55.2	-23.9	-254.9	-85.3	6207.5	-1764.5	-45.0	
82.85	63.2	12.1	19.5	2.0	-110.2	55.3	-26.6	-252.8	-84.5	6142.3	-1776.2	-43.2	
82.90	64.0	12.0	19.3	2.0	-109.7	55.4	-26.9	-253.3	-80.9	6100.2	-1800.3	-43.6	
82.95	64.7	12.3	18.1	2.0	-110.1	55.5	-25.6	-257.7	-75.4	6123.7	-1799.2	-48.0	
83.00	65.4	12.6	16.2	2.0	-109.6	55.6	-23.9	-260.2	-73.0	6110.1	-1692.9	-53.8	
83.05	66.1	12.6	14.3	2.0	-107.1	55.7	-22.6	-255.5	-73.9	5982.3	-1498.9	-57.9	
83.10	66.8	12.5	11.7	2.0	-104.4	55.8	-20.6	-250.2	-73.1	5834.5	-1298.1	-64.1	
83.15	67.5	12.4	10.8	2.0	-102.4	55.9	-15.8	-251.0	-68.2	5718.9	-1123.9	-65.3	
83.20	68.2	12.5	9.6	2.0	-100.4	56.0	-8.4	-251.2	-63.6	5609.6	-894.6	-67.5	
83.25	68.9	12.6	7.8	2.0	-98.4	56.1	-2.3	-246.3	-62.0	5511.5	-606.7	-71.8	
83.30	69.6	12.4	6.1	2.0	-97.3	56.2	3.0	-245.0	-59.4	5452.6	-346.0	-76.3	
83.35	70.3	12.4	4.0	2.0	-97.0	56.3	9.5	-248.7	-54.1	5438.3	-156.1	-83.5	
83.40	71.0	12.3	2.0	2.0	-96.4	56.4	14.6	-249.7	-49.8	5393.0	-0.2	-89.4	
83.45	71.7	12.5	1.3	2.0	-94.9	56.5	18.0	-247.4	-48.4	5278.3	166.3	-90.3	
83.50	72.4	12.5	0.2	2.0	-94.1	56.6	20.9	-246.8	-46.4	5214.4	307.6	-93.4	
83.55	73.1	12.4	-1.1	2.0	-93.4	56.7	21.8	-245.5	-42.0	5171.2	366.7	-97.3	
83.60	73.8	13.0	-0.9	2.0	-92.5	56.8	22.3	-243.3	-38.8	5105.8	409.3	-95.6	
83.65	74.5	13.4	-0.1	2.0	-91.5	56.9	23.5	-240.3	-36.4	5033.6	451.1	-91.7	
83.70	75.2	13.8	-0.4	2.0	-92.0	57.0	23.5	-241.9	-31.9	5072.6	432.4	-93.3	
83.75	75.8	14.2	-0.8	2.0	-93.4	57.1	22.4	-247.2	-27.0	5175.9	360.9	-96.0	
83.80	76.5	14.0	-0.0	2.0	-93.9	57.2	20.6	-249.1	-25.3	5217.4	278.0	-94.1	
83.85	77.2	13.6	1.4	2.0	-93.7	57.3	17.1	-246.8	-24.3	5214.6	140.0	-89.0	
83.90	77.9	13.7	2.9	2.0	-94.2	57.4	12.5	-247.1	-20.3	5255.8	-90.2	-84.1	
83.95	78.6	13.9	3.6	2.0	-96.2	57.5	9.1	-253.0	-15.9	5384.0	-314.1	-84.0	
84.00	79.2	14.0	5.5	2.0	-98.5	57.6	2.7	-258.1	-14.7	5527.2	-525.8	-79.7	
84.05	79.9	14.2	6.2	2.0	-100.9	57.7	-2.9	-261.5	-14.3	5674.6	-737.7	-79.4	
84.10	80.6	14.4	8.4	2.0	-103.6	57.8	-6.6	-266.0	-9.8	5833.5	-1005.3	-74.7	
84.15	81.2	14.4	10.3	2.0	-106.2	57.9	-9.7	-269.9	-4.0	5978.5	-1267.8	-70.7	
84.20	81.9	14.3	12.7	2.0	-108.0	58.0	-15.6	-270.1	-2.8	6072.0	-1474.1	-64.5	
84.25	82.6	14.5	14.4	2.0	-108.9	58.1	-21.3	-267.8	-4.2	6101.3	-1636.6	-59.5	
84.30	83.2	14.7	16.2	2.0	-110.0	58.2	-24.7	-267.9	-1.4	6131.4	-1834.4	-54.4	
84.35	83.9	14.8	18.3	2.0	-111.0	58.3	-26.1	-268.3	5.1	6144.4	-2036.5	-48.0	
84.40	84.5	15.1	19.2	2.0	-110.8	58.4	-27.5	-265.4	8.4	6101.3	-2132.5	-45.0	
84.45	85.2	15.3	18.6	2.0	-110.6	58.5	-28.8	-265.0	8.3	6090.5	-2116.9	-46.6	
84.50	85.8	15.3	17.7	2.0	-111.2	58.6	-29.4	-270.2	11.3	6128.8	-2106.2	-50.3	
84.55	86.5	14.7	16.4	2.0	-111.2	58.7	-26.5	-273.4	17.2	6122.7	-2073.8	-54.7	
84.60	87.1	14.4	15.7	2.0	-109.6	58.8	-22.3	-270.5	21.9	6034.4	-1971.9	-55.6	
84.65	87.8	14.2	14.9	2.0	-107.3	58.9	-19.2	-266.4	24.0	5918.1	-1799.0	-56.1	
84.70	88.4	13.9	13.5	2.0	-105.9	59.0	-16.7	-266.6	26.2	5873.5	-1579.2	-59.5	
84.75	89.1	13.6	12.0	2.0	-104.8	59.1	-12.4	-266.6	29.2	5847.3	-1304.2	-63.6	
84.80	89.7	13.4	9.7	2.0	-103.1	59.2	-3.7	-263.8	32.0	5796.6	-944.1	-69.7	
84.85	90.4	13.3	8.0	2.0	-101.8	59.3	7.0	-263.5	36.6	5740.7	-580.6	-74.5	
84.90	91.0	12.9	5.2	2.0	-101.6	59.4	15.9	-265.9	42.5	5734.2	-260.3	-83.8	
84.95	91.6	12.6	3.3	2.0	-101.4	59.5	21.0	-268.2	45.9	5720.2	42.1	-90.0	
85.00	92.3	12.7	1.5	2.0	-100.1	59.6	24.7	-266.6	46.9	5616.2	318.2	-94.9	
85.05	92.9	12.9	-0.2	2.0	-98.3	59.7	26.4	-259.6	49.7	5481.3	476.1	-98.9	
85.10	93.5	13.0	-1.0	2.0	-96.9	59.8	27.3	-254.3	55.0	5377.8	548.3	-100.3	
85.15	94.2	13.1	-1.5	2.0	-95.9	59.9	29.7	-255.0	58.7	5289.2	659.6	-101.3	
85.20	94.8	13.5	-2.4	2.0	-95.9	60.0	30.5	-255.0	60.5	5264.6	786.7	-104.0	
85.25	95.4	13.8	-3.2	2.0	-96.7	60.1	30.1	-254.2	62.6	5320.3	856.7	-107.8	
85.30	96.0	13.8	-2.9	2.0	-97.2	60.2	32.5	-253.3	67.0	5354.9	878.1	-107.1	
85.35	96.7	14.3	-0.7	2.0	-96.7	60.3	33.0	-249.9	71.8	5330.7	808.5	-99.0	
85.40	97.3	14.6	0.6	2.0	-96.3	60.4	29.4	-246.9	75.1	5326.7	669.4	-94.2	
85.45	97.9	14.8	1.0	2.0	-97.1	60.5	24.0	-248.2	76.9	5402.9	511.1	-93.7	
85.50	98.5	14.5	1.7	2.0	-98.9	60.6	19.3	-251.2	77.8	5541.2	353.4	-93.0	
85.55	99.1	14.4	3.1	2.0	-101.1	60.7	17.2	-253.9	80.3	5708.2	177.5	-90.5	
85.60	99.7	14.5	4.1	2.0	-103.9	60.8	17.3	-259.8	85.1	5900.3	-19.8	-89.8	
85.65	100.4	14.7	4.4	2.0	-107.4	60.9	15.7	-269.6	89.8	6131.3	-224.0	-92.3	
85.70	101.0	14.7	5.5	2.0	-110.2	61.0	10.0	-275.8	91.2	6317.4	-407.3	-91.5	
85.75	101.6	14.6	7.3	2.0	-111.2	61.1	4.5	-274.8	91.2	6384.4	-577.7	-86.1	
85.80	102.2	14.8	10.2	2.0	-111.4	61.2	1.7	-272.0	94.8	6380.7	-793.8	-76.2	
85.85	102.8	14.7	11.7	2.0	-111.5	61.3	-1.6	-267.7	100.2	6357.8	-1050.1	-71.3	
85.90	103.4	14.6	12.1	2.0	-111.6	61.4	-7.5	-264.3	102.0	6344.1	-1239.7	-70.1	
85.95	104.0	14.5	12.7	2.0	-111.5	61.5	-13.0	-265.4	100.1	6314.9	-1324.4	-68.0	
86.00	104.6	14.3	12.7	2.0	-111.5	61.6	-16.3	-268.4	101.4	6286.8	-1412.1	-68.1	
86.05	105.2	14.1	11.4	2.0	-112.0	61.7	-16.4	-269.8	107.6	6286.3	-1526.4	-72.7	
86.10	105.8	14.0	11.1	2.0	-111.2	61.8	-15.0	-267.6	113.1	6213.4	-1579.0	-73.2	
86.15	106.4	13.7	11.9	2.0	-108.8	61.9	-15.4	-261.9	113.7	6057.2	-1523.6	-68.1	
86.20	107.0	13.4	11.7	2.0	-106.5	62.0	-17.4	-255.9	113.5	5913.8	-1439.0	-66.3	
86.25	107.6	13.0	10.7	2.0	-104.8	62.1	-14.8	-253.9	116.3	5813.1	-1322.4	-68.0	
86.30	108.1	12.6	10.0	2.0	-103.0	62.2	-6.3	-251.8	121.0	5722.6	-1123.5	-68.7	
86.35	108.7	12.3	9.2	2.0	-101.5	62.3	2.3	-248.0	124.1	5659.1	-851.4	-69.9	
86.40	109.3	12.2	7.2	2.0	-100.6	62.4	9.0	-247.8	125.0	5631.0	-536.1	-75.8	
86.45	109.9	12.6	4.6	2.0	-100.5	62.5	12.9	-252.4	126.5	5624.3	-276.4	-84.7	
86.50	110.5	12.9	2.1	2.0	-99.6	62.6	15.6	-253.7	129.9	5559.3	-116.7	-92.3	
86.55	111.1	13.2	0.8	2.0	-96.9	62.7	19.3	-248.4	133.7	5365.4	18.9	-94.2	
86.60	111.6	13.5	0.3	2.0	-93.6	62.8	22.9	-240.4	136.6	5133.0	164.8	-92.7	
86.65	112.2	13.3	-1.0	2.0	-91.3	62.9	22.6	-233.0	137.8	4975.3	286.4	-94.7	
86.70	112.8	13.0	-2.7	2.0	-90.3	63.0	23.8	-231.4	137.7	4889.6	449.5	-99.6	
86.75	113.3	12.7	-3.0	2.0	-89.6	63.1	29.3	-232.9	140.0	4813.6	623.2	-99.9	
86.80	113.9	12.8	-2.9	2.0	-89.6	63.2	35.0	-231.5	145.5	4794.8	729.5	-99.5	
86.85	114.5	13.1	-3.4	2.0	-90.3	63.3	38.9	-230.1	150.4	4833.1	806.6	-101.9	
86.90	115.0	14.0	-3.2	2.0	-90.9	63.4	40.2	-230.1	151.5	4861.9	882.1	-101.8	
86.95	115.6	14.2	-2.3	2.0	-91.0	63.5	36.4	-229.5	152.5	4884.1	847.9	-98.8	
87.00	116.1	14.5	-1.7	2.0	-91.0	63.6	31.7	-229.9	156.4	4901.3	698.8	-96.9	
87.05	116.7	14.9	-1.6	2.0	-91.2	63.7	29.1	-231.7	160.1	4932.9	524.4	-96.7	
87.10	117.2	14.8	-1.5	2.0	-92.1	63.8	24.3	-230.8	161.3	5021.4	339.2	-97.2	
87.15	117.8	14.5	-0.8	2.0	-94.0	63.9	19.8	-233.2	161.7	5165.3	202.5	-96.6	
87.20	118.3	14.1	0.7	2.0	-96.6	64.0	19.1	-242.4	164.0	5335.2	114.1	-94.1	
87.25	118.9	13.9	1.6	2.0	-98.8	64.1	18.3	-247.1	167.9	5489.0	-27.5	-93.2	
87.30	119.4	13.6	2.9	2.0	-99.6	64.2	16.1	-243.6	170.6	5550.8	-199.3	-89.7	
87.35	119.9	13.2	5.9	2.0	-98.9	64.3	13.9	-239.4	171.5	5509.0	-342.2	-78.6	
87.40	120.4	13.0	7.8	2.0	-98.8	64.4	8.9	-236.4	172.7	5492.3	-521.4	-71.9	
87.45	121.0	13.4	8.6	2.0	-99.5	64.5	0.5	-234.1	173.6	5520.2	-776.5	-69.8	
87.50	121.5	14.1	9.2	2.0	-99.9	64.6	-5.9	-232.5	173.4	5525.1	-1006.1	-68.5	
87.55	122.0	13.7	9.6	2.0	-100.5	64.7	-8.6	-233.1	173.7	5535.5	-1161.4	-67.5	
87.60	122.5	13.1	9.7	2.0	-101.6	64.8	-10.1	-234.9	176.5	5588.3	-1274.5	-68.4	
87.65	123.1	12.5	9.1	2.0	-102.8	64.9	-9.4	-238.7	179.6	5661.6	-1287.9	-71.5	
87.70	123.6	12.7	8.8	2.0	-102.5	65.0	-7.0	-239.3	180.3	5662.8	-1191.8	-72.4	
87.75	124.1	12.8	9.3	2.0	-100.7	65.1	-5.0	-232.5	180.4	5566.4	-1080.5	-68.9	
87.80	124.6	12.9	9.7	2.0	-98.3	65.2	-1.5	-224.1	183.0	5422.3	-981.5	-65.0	
87.85	125.1	13.2	9.6	2.0	-96.7	65.3	3.5	-221.5	186.3	5327.7	-849.4	-63.8	
87.90	125.6	13.4	8.5	2.0	-96.4	65.4	7.2	-223.1	186.7	5320.8	-655.6	-67.0	
87.95	126.1	13.4	6.7	2.0	-97.0	65.5	9.1	-225.3	186.5	5385.6	-439.6	-74.2	
88.00	126.6	13.1	4.7	2.0	-97.1	65.6	13.0	-226.5	188.5	5397.0	-244.3	-81.0	
88.05	127.1	13.3	3.0	2.0	-94.5	65.7	18.2	-222.0	192.0	5218.4	-86.6	-84.3	
88.10	127.6	13.5	1.7	2.0	-91.1	65.8	20.6	-214.8	195.2	4975.0	52.8	-85.3	
88.15	128.1	13.4	0.5	2.0	-88.7	65.9	22.2	-213.2	196.4	4792.5	257.1	-87.0	
88.20	128.5	13.7	-0.7	2.0	-87.6	66.0	26.3	-213.6	196.2	4688.3	513.1	-90.1	
88.25	129.0	13.8	-2.2	2.0	-87.0	66.1	32.9	-208.3	196.9	4622.8	742.3	-94.5	
88.30	129.5	13.7	-2.8	2.0	-86.7	66.2	41.3	-203.7	200.3	4570.6	934.0	-96.2	
88.35	130.0	13.7	-3.1	2.0	-87.0	66.3	47.1	-206.5	204.1	4542.3	1090.0	-97.5	
88.40	130.4	13.6	-3.9	2.0	-87.5	66.4	45.4	-209.2	205.2	4559.2	1160.3	-101.1	
88.45	130.9	13.3	-4.5	2.0	-87.1	66.5	41.4	-205.6	203.7	4532.5	1178.9	-102.4	
88.50	131.4	13.3	-3.4	2.0	-85.5	66.6	42.5	-199.6	204.6	4425.1	1188.3	-97.3	
88.55	131.8	13.2	-2.5	2.0	-84.5	66.7	45.5	-197.8	209.8	4362.1	1140.1	-93.1	
88.60	132.3	13.0	-3.2	2.0	-84.7	66.8	43.3	-199.4	212.5	4396.5	1030.5	-95.8	
88.65	132.7	13.2	-3.9	2.0	-85.2	66.9	38.8	-202.3	208.6	4446.3	957.5	-98.6	
88.70	133.2	13.2	-3.1	2.0	-85.5	67.0	37.3	-205.6	205.7	4481.5	891.6	-96.2	
88.75	133.6	13.1	-1.8	2.0	-85.6	67.1	36.9	-205.6	210.6	4517.8	708.0	-91.9	
88.80	134.1	13.1	-0.8	2.0	-85.6	67.2	34.6	-202.6	217.0	4554.4	457.5	-88.2	
88.85	134.5	13.6	1.0	2.0	-85.1	67.3	29.5	-199.2	216.3	4540.1	266.2	-81.7	
88.90	134.9	14.1	3.4	2.0	-83.8	67.4	22.0	-194.7	212.6	4467.8	91.0	-72.1	
88.95	135.4	14.1	4.9	2.0	-83.1	67.5	15.6	-191.3	214.5	4427.3	-140.3	-66.3	
89.00	135.8	13.9	5.3	2.0	-83.5	67.6	14.3	-192.4	218.8	4435.9	-351.1	-65.4	
89.05	136.2	13.8	5.7	2.0	-84.3	67.7	13.6	-194.5	218.9	4477.0	-496.2	-64.7	
89.10	136.6	14.1	6.0	2.0	-85.4	67.8	8.7	-195.7	216.7	4544.1	-643.5	-64.7	
89.15	137.0	13.9	6.4	2.0	-86.2	67.9	3.7	-197.1	218.6	4575.1	-800.7	-64.1	
89.20	137.5	13.4	7.3	2.0	-86.1	68.0	2.9	-198.3	223.0	4538.3	-918.9	-61.2	
89.25	137.9	12.8	8.1	2.0	-85.1	68.1	2.6	-195.0	225.8	4455.2	-982.1	-57.2	
89.30	138.3	13.2	8.6	2.0	-84.5	68.2	2.0	-192.2	225.9	4419.6	-963.3	-54.9	
89.35	138.7	13.8	8.8	2.0	-84.6	68.3	4.7	-192.8	226.5	4445.9	-846.1	-54.4	
89.40	139.1	14.3	8.4	2.0	-84.5	68.4	9.2	-192.3	227.4	4473.8	-683.6	-55.7	
89.45	139.5	14.3	7.3	2.0	-83.9	68.5	12.8	-187.9	228.1	4459.5	-532.7	-58.8	
89.50	139.9	14.3	5.8	2.0	-82.8	68.6	15.7	-186.0	229.2	4393.0	-393.3	-62.8	
89.55	140.3	14.5	3.9	2.0	-81.4	68.7	16.5	-185.9	230.9	4292.1	-283.4	-68.2	
89.60	140.7	14.2	2.9	2.0	-79.6	68.8	16.2	-181.1	232.3	4177.5	-166.9	-69.7	
89.65	141.1	14.0	2.5	2.0	-77.7	68.9	21.8	-176.9	233.5	4042.5	61.6	-69.2	
89.70	141.4	14.1	2.3	2.0	-76.4	69.0	30.6	-176.1	236.0	3928.8	349.3	-68.5	
89.75	141.8	14.1	0.6	2.0	-75.9	69.1	36.5	-174.2	238.1	3858.6	601.2	-73.9	
89.80	142.2	14.1	-0.9	2.0	-74.8	69.2	41.7	-168.4	237.1	3737.0	864.3	-77.8	
89.85	142.6	14.3	-1.0	2.0	-73.3	69.3	48.2	-162.2	236.3	3561.4	1136.3	-76.7	
89.90	143.0	15.0	-1.6	2.0	-72.7	69.4	50.3	-158.0	238.8	3465.8	1281.6	-78.3	
89.95	143.3	15.0	-3.4	2.0	-72.7	69.5	48.3	-156.9	241.8	3454.6	1316.5	-84.3	
90.00	143.7	14.7	-3.8	2.0	-72.6	69.6	47.6	-157.1	241.7	3434.8	1356.1	-85.5	
90.05	144.1	14.4	-4.4	2.0	-72.5	69.7	49.0	-157.3	241.4	3408.1	1404.1	-87.5	
90.10	144.5	14.1	-5.4	2.0	-73.3	69.8	50.5	-159.5	244.8	3458.0	1400.8	-91.9	
90.15	144.8	13.9	-6.3	2.0	-74.2	69.9	51.9	-162.3	248.4	3528.6	1391.3	-95.8	
90.20	145.2	14.1	-5.1	2.0	-73.7	70.0	52.6	-160.2	246.8	3486.4	1404.8	-91.3	
90.25	145.6	14.1	-2.8	2.0	-71.3	70.1	51.1	-153.9	245.0	3339.6	1338.8	-80.9	
90.30	145.9	14.2	-1.7	2.0	-69.1	70.2	47.8	-150.8	248.3	3249.8	1140.0	-74.9	
90.35	146.3	14.5	-1.3	2.0	-68.4	70.3	42.2	-150.7	252.6	3270.6	876.5	-72.9	
90.40	146.6	15.2	-0.5	2.0	-68.9	70.4	35.8	-153.0	251.8	3363.0	641.3	-70.5	
90.45	147.0	15.7	0.8	2.0	-69.6	70.5	29.3	-154.7	249.6	3456.5	406.3	-66.8	
90.50	147.3	15.6	1.5	2.0	-70.1	70.6	23.6	-154.9	251.4	3514.3	123.6	-65.0	
90.55	147.7	15.3	2.0	2.0	-69.8	70.7	19.8	-153.9	254.9	3497.7	-146.4	-62.9	
90.60	148.0	14.9	4.2	2.0	-68.2	70.8	16.6	-149.0	254.7	3374.3	-322.7	-53.6	
90.65	148.4	14.5	7.0	2.0	-66.4	70.9	13.6	-143.3	251.7	3245.2	-417.3	-42.4	
90.70	148.7	14.9	8.3	2.0	-65.9	71.0	12.4	-141.9	252.8	3199.8	-506.3	-37.4	
90.75	149.1	15.0	8.7	2.0	-66.5	71.1	13.3	-144.8	256.8	3222.3	-590.2	-36.8	
90.80	149.4	14.9	8.9	2.0	-66.6	71.2	13.4	-144.1	257.8	3219.2	-650.0	-36.0	
90.85	149.7	14.3	8.7	2.0	-66.3	71.3	11.1	-141.7	255.9	3197.4	-690.8	-36.6	
90.90	150.1	14.1	7.8	2.0	-66.1	71.4	8.1	-141.3	256.2	3172.1	-732.5	-39.4	
90.95	150.4	14.1	7.0	2.0	-64.8	71.5	5.0	-137.8	258.0	3076.2	-757.3	-40.8	
91.00	150.8	14.1	6.3	2.0	-62.2	71.6	6.6	-131.0	257.2	2914.5	-656.8	-40.5	
91.05	151.1	14.1	5.8	2.0	-59.5	71.7	12.9	-126.6	257.1	2759.4	-438.8	-39.7	
91.10	151.4	14.0	4.7	2.0	-58.3	71.8	18.4	-126.5	259.9	2697.0	-208.0	-42.3	
91.15	151.8	13.8	2.6	2.0	-57.8	71.9	22.9	-127.0	262.0	2662.3	15.4	-48.8	
91.20	152.1	13.6	1.0	2.0	-56.5	72.0	29.3	-123.8	261.0	2556.0	273.8	-53.3	
91.25	152.4	13.4	0.3	2.0	-55.0	72.1	34.4	-118.7	262.0	2416.5	486.0	-54.1	
91.30	152.8	13.2	-1.3	2.0	-54.3	72.2	36.3	-116.2	265.9	2337.8	605.7	-58.8	
91.35	153.1	13.6	-3.4	2.0	-54.4	72.3	36.9	-116.4	267.1	2303.9	724.5	-66.1	
91.40	153.4	13.8	-4.1	2.0	-54.0	72.4	37.3	-111.4	264.1	2238.8	877.1	-67.9	
91.45	153.7	13.8	-4.5	2.0	-53.6	72.5	39.6	-104.5	263.6	2164.9	1023.6	-69.0	
91.50	154.1	13.5	-5.4	2.0	-54.0	72.6	44.3	-104.0	268.2	2129.1	1137.2	-72.4	
91.55	154.4	13.4	-6.0	2.0	-54.5	72.7	46.4	-107.9	271.0	2116.2	1210.9	-75.1	
91.60	154.7	13.3	-6.0	2.0	-54.2	72.8	45.3	-105.0	268.5	2071.2	1258.3	-74.8	
91.65	155.0	12.9	-4.3	2.0	-53.3	72.9	46.1	-98.5	266.9	1987.7	1295.1	-68.2	
91.70	155.3	12.7	-4.2	2.0	-52.3	73.0	49.0	-96.5	270.7	1924.3	1261.1	-66.9	
91.75	155.6	12.6	-5.1	2.0	-51.1	73.1	46.8	-94.5	274.5	1909.6	1110.5	-68.4	
91.80	155.9	13.0	-5.1	2.0	-49.8	73.2	40.6	-91.1	271.5	1903.2	959.4	-67.4	
91.85	156.2	13.4	-2.9	2.0	-49.3	73.3	36.8	-91.7	268.5	1914.2	861.4	-59.2	
91.90	156.5	13.5	-2.0	2.0	-49.8	73.4	35.8	-95.2	270.9	1997.4	733.9	-56.6	
91.95	156.9	12.7	-2.6	2.0	-50.3	73.5	33.1	-94.9	273.9	2101.0	539.2	-59.1	
92.00	157.2	12.3	-1.5	2.0	-50.3	73.6	29.3	-93.7	272.2	2138.8	380.8	-55.6	
92.05	157.5	12.1	0.5	2.0	-50.1	73.7	26.5	-97.2	269.8	2140.8	260.1	-48.5	
92.10	157.8	12.1	1.3	2.0	-50.4	73.8	21.6	-99.4	271.5	2173.5	57.8	-45.9	
92.15	158.1	11.9	1.3	2.0	-50.6	73.9	17.7	-96.5	273.2	2193.8	-143.4	-46.1	
92.20	158.4	11.7	3.1	2.0	-49.9	74.0	18.2	-92.9	272.3	2140.2	-230.8	-39.2	
92.25	158.7	11.9	5.1	2.0	-49.4	74.1	18.5	-93.3	272.1	2094.5	-283.7	-32.0	
92.30	159.0	12.0	4.8	2.0	-50.0	74.2	14.3	-96.0	273.8	2115.6	-399.0	-33.6	
92.35	159.3	12.2	4.1	2.0	-50.5	74.3	10.1	-97.1	274.2	2132.3	-495.4	-36.5	
92.40	159.6	12.5	4.6	2.0	-49.5	74.4	11.0	-94.1	272.7	2072.3	-479.3	-33.8	
92.45	159.8	12.5	5.7	2.0	-48.7	74.5	12.9	-91.3	273.3	2023.8	-440.8	-29.3	
92.50	160.1	12.5	4.9	2.0	-49.1	74.6	11.9	-92.2	275.8	2045.7	-452.0	-32.2	
92.55	160.4	12.6	3.2	2.0	-49.5	74.7	11.2	-94.2	275.6	2079.4	-414.4	-38.4	
92.60	160.7	12.8	3.4	2.0	-48.8	74.8	14.3	-92.0	273.8	2054.7	-262.6	-37.2	
92.65	161.0	12.8	3.8	2.0	-47.7	74.9	20.6	-87.8	274.9	2001.8	-61.6	-34.7	
92.70	161.2	12.7	2.8	2.0	-47.2	75.0	26.2	-85.3	278.6	1960.6	109.8	-37.6	
92.75	161.5	12.7	1.2	2.0	-47.1	75.1	29.4	-85.1	279.6	1933.2	281.6	-43.1	
92.80	161.8	12.5	0.6	2.0	-47.6	75.2	32.3	-85.6	277.0	1919.7	500.4	-45.5	
92.85	162.0	12.2	0.3	2.0	-48.5	75.3	36.7	-85.6	276.1	1923.5	716.3	-47.5	
92.90	162.3	12.4	-1.0	2.0	-49.4	75.4	40.8	-84.1	278.9	1931.3	865.6	-52.8	
92.95	162.6	12.2	-2.7	2.0	-49.9	75.5	42.9	-81.7	280.1	1918.3	977.1	-59.2	
93.00	162.8	12.0	-3.2	2.0	-49.6	75.6	42.6	-79.2	277.3	1849.1	1079.5	-60.5	
93.05	163.1	11.9	-2.6	2.0	-48.9	75.7	41.8	-76.5	276.1	1757.6	1151.0	-57.8	
93.10	163.3	11.4	-2.3	2.0	-48.6	75.8	44.3	-72.5	279.1	1685.1	1220.0	-56.7	
93.15	163.6	10.9	-2.0	2.0	-49.1	75.9	50.5	-68.8	281.9	1635.9	1344.6	-55.9	
93.20	163.9	10.6	-1.3	2.0	-50.2	76.0	55.5	-68.0	280.7	1615.2	1484.3	-54.6	
93.25	164.1	11.2	-1.8	2.0	-50.8	76.1	55.5	-70.5	278.7	1628.9	1526.6	-57.1	
93.30	164.4	12.0	-3.1	2.0	-50.2	76.2	52.5	-73.4	279.9	1635.8	1443.2	-60.8	
93.35	164.6	12.6	-3.0	2.0	-48.5	76.3	49.8	-72.9	281.3	1585.8	1316.6	-58.8	
93.40	164.9	12.9	-2.0	2.0	-46.1	76.4	46.0	-67.4	279.9	1504.5	1162.3	-53.1	
93.45	165.1	12.9	-2.0	2.0	-43.5	76.5	39.0	-63.1	279.1	1449.5	935.3	-50.5	
93.50	165.4	12.5	-3.2	2.0	-41.8	76.6	31.7	-64.9	280.0	1447.9	688.3	-52.9	
93.55	165.6	12.6	-2.9	2.0	-40.8	76.7	28.2	-65.8	280.5	1435.0	523.2	-50.6	
93.60	165.9	12.7	-0.2	2.0	-40.1	76.8	30.1	-64.9	279.9	1397.6	475.8	-40.7	
93.65	166.1	12.8	1.4	2.0	-40.4	76.9	34.1	-66.0	280.6	1416.3	457.5	-35.6	
93.70	166.4	12.6	0.9	2.0	-41.0	77.0	33.3	-66.9	282.3	1484.8	359.0	-37.8	
93.75	166.6	12.4	1.7	2.0	-40.2	77.1	28.5	-65.0	281.4	1464.6	209.6	-34.4	
93.80	166.8	12.1	4.4	2.0	-37.9	77.2	24.4	-60.4	279.4	1325.1	65.3	-22.8	
93.85	167.0	12.0	4.9	2.0	-36.6	77.3	20.6	-57.1	280.3	1234.1	-109.9	-19.6	
93.90	167.3	12.0	3.3	2.0	-37.3	77.4	14.2	-55.7	282.5	1268.1	-309.9	-26.0	
93.95	167.5	12.1	2.9	2.0	-38.0	77.5	10.5	-54.7	280.9	1303.9	-378.8	-28.0	
94.00	167.7	12.1	4.2	2.0	-37.3	77.6	14.0	-55.0	277.8	1278.5	-270.4	-23.0	
94.05	167.9	11.9	4.5	2.0	-37.0	77.7	19.3	-56.9	279.9	1268.6	-140.6	-21.7	
94.10	168.2	11.8	3.4	2.0	-37.3	77.8	23.3	-57.2	284.1	1287.7	-26.9	-25.6	
94.15	168.4	12.3	3.4	2.0	-37.1	77.9	27.9	-54.7	283.1	1260.9	160.0	-25.4	
94.20	168.6	12.6	4.5	2.0	-36.3	78.0	32.5	-49.0	280.2	1168.0	364.8	-20.7	
94.25	168.8	12.7	4.1	2.0	-36.0	78.1	34.8	-44.8	282.8	1109.5	475.9	-22.1	
94.30	169.0	12.7	2.6	2.0	-36.4	78.2	34.7	-45.5	286.3	1110.2	537.9	-27.6	
94.35	169.3	12.4	1.2	2.0	-37.4	78.3	34.6	-47.2	284.5	1128.1	654.4	-33.2	
94.40	169.5	12.1	-0.5	2.0	-39.4	78.4	36.2	-49.4	281.2	1192.6	829.1	-41.1	
94.45	169.7	11.8	-2.0	2.0	-41.7	78.5	39.8	-50.3	282.7	1264.9	1006.5	-48.6	
94.50	169.9	12.0	-2.1	2.0	-43.8	78.6	45.8	-50.6	286.3	1282.5	1201.6	-51.1	
94.55	170.1	12.1	-1.2	2.0	-45.4	78.7	51.5	-49.3	286.6	1225.7	1411.7	-49.6	
94.60	170.4	12.1	-1.0	2.0	-46.6	78.8	54.6	-47.8	284.7	1167.4	1576.2	-49.9	
94.65	170.6	11.7	-1.3	2.0	-47.4	78.9	56.0	-46.1	285.7	1154.8	1659.2	-51.9	
94.70	170.8	11.7	-1.0	2.0	-48.0	79.0	58.7	-44.4	287.5	1144.9	1715.3	-51.4	
94.75	171.0	11.9	-0.0	2.0	-48.2	79.1	60.3	-43.0	287.3	1134.1	1735.4	-48.3	
94.80	171.2	12.0	-0.9	2.0	-47.2	79.2	56.8	-42.7	286.5	1141.0	1651.4	-50.4	
94.85	171.4	11.8	-2.4	2.0	-45.6	79.3	51.1	-43.5	285.9	1149.9	1510.2	-53.9	
94.90	171.6	11.3	-2.4	2.0	-43.6	79.4	47.3	-41.4	285.9	1098.8	1377.8	-51.8	
94.95	171.8	11.3	-0.8	2.0	-41.3	79.5	46.0	-36.0	285.5	966.9	1270.1	-43.9	
95.00	172.0	11.5	-0.1	2.0	-38.7	79.6	44.8	-31.4	285.4	826.9	1146.1	-38.9	
95.05	172.2	11.6	0.2	2.0	-36.3	79.7	40.7	-30.1	286.2	780.1	965.7	-35.5	
95.10	172.4	11.6	0.6	2.0	-34.7	79.8	37.5	-30.7	285.5	791.3	803.4	-32.6	
95.15	172.6	11.4	2.1	2.0	-33.4	79.9	37.6	-29.8	283.9	774.6	686.6	-26.1	
95.20	172.9	11.3	2.7	2.0	-31.8	80.0	36.2	-28.6	285.2	761.2	510.5	-22.5	
95.25	173.1	11.5	2.7	2.0	-30.4	80.1	30.0	-28.5	287.8	778.2	263.7	-21.1	
95.30	173.3	11.5	3.8	2.0	-29.6	80.2	24.0	-28.9	286.5	770.0	75.6	-16.5	
95.35	173.5	11.5	5.3	2.0	-28.6	80.3	21.6	-28.1	283.3	709.5	-17.9	-10.6	
95.40	173.7	11.5	5.2	2.0	-28.0	80.4	20.1	-25.8	283.8	663.0	-111.1	-10.4	
95.45	173.9	11.2	4.7	2.0	-28.2	80.5	18.6	-24.9	286.7	661.2	-195.3	-11.9	
95.50	174.1	10.8	5.3	2.0	-28.2	80.6	19.0	-26.1	286.2	658.5	-181.3	-9.9	
95.55	174.3	10.5	5.6	2.0	-27.7	80.7	20.6	-26.5	283.3	636.5	-104.2	-8.6	
95.60	174.5	10.5	4.5	2.0	-27.1	80.8	21.1	-23.4	284.6	597.5	-61.8	-11.7	
95.65	174.6	10.6	4.0	2.0	-25.9	80.9	23.3	-20.3	288.9	515.3	-0.7	-12.4	
95.70	174.8	10.6	4.5	2.0	-24.9	81.0	28.3	-18.6	289.8	395.8	168.1	-9.6	
95.75	175.0	11.0	4.1	2.0	-25.9	81.1	31.9	-16.8	286.8	322.0	379.3	-11.7	
95.80	175.2	11.4	2.2	2.0	-27.9	81.2	33.1	-14.8	286.3	341.9	552.6	-20.4	
95.85	175.4	11.5	1.3	2.0	-30.6	81.3	37.0	-15.0	288.6	380.0	746.6	-26.1	
95.90	175.6	11.4	1.6	2.0	-33.6	81.4	43.5	-15.5	288.4	363.7	989.1	-28.0	
95.95	175.8	11.6	0.5	2.0	-35.9	81.5	46.1	-14.5	286.3	349.7	1166.9	-34.2	
96.00	176.0	11.8	-1.6	2.0	-37.1	81.6	44.6	-14.8	287.1	397.0	1251.3	-42.7	
96.05	176.2	11.7	-1.6	2.0	-39.0	81.7	47.2	-16.8	288.8	425.9	1381.8	-44.5	
96.10	176.3	11.2	0.1	2.0	-41.6	81.8	54.4	-14.5	288.2	370.1	1582.5	-41.4	
96.15	176.5	10.8	0.3	2.0	-43.1	81.9	58.3	-8.5	288.1	309.0	1707.8	-42.0	
96.20	176.7	11.1	-0.2	2.0	-43.5	82.0	58.3	-6.5	289.6	278.8	1738.0	-44.1	
96.25	176.9	11.5	0.6	2.0	-43.7	82.1	58.8	-8.2	289.0	225.3	1763.9	-41.5	
96.30	177.1	11.7	1.3	2.0	-43.3	82.2	58.2	-6.2	286.3	164.5	1741.2	-38.8	
96.35	177.3	11.5	0.5	2.0	-41.1	82.3	54.4	-1.7	286.8	142.5	1591.8	-39.4	
96.40	177.4	11.1	0.4	2.0	-38.1	82.4	49.9	-1.5	289.5	127.9	1376.3	-36.8	
96.45	177.6	10.6	0.8	2.0	-35.0	82.5	44.8	-1.9	288.7	83.4	1158.3	-32.1	
96.50	177.8	10.3	0.3	2.0	-31.6	82.6	38.1	0.4	285.4	47.4	926.8	-30.6	
96.55	178.0	10.2	-0.4	2.0	-28.5	82.7	33.6	0.5	286.0	55.7	701.6	-29.9	
96.60	178.1	10.3	1.7	2.0	-26.7	82.8	34.5	-1.1	289.9	58.5	559.6	-20.9	
96.65	178.3	10.7	4.6	2.0	-25.6	82.9	35.7	0.6	289.4	22.3	471.2	-9.9	
96.70	178.5	11.2	5.2	2.0	-23.5	83.0	31.7	4.7	285.8	-33.8	329.5	-5.7	
96.75	178.7	11.4	4.6	2.0	-20.8	83.1	26.0	3.8	285.9	-75.4	123.0	-5.1	
96.80	178.8	11.2	5.3	2.0	-20.6	83.2	22.2	0.2	289.1	-110.3	-78.2	-2.3	
96.85	179.0	11.3	7.1	2.0	-22.6	83.3	18.6	3.8	288.1	-189.3	-224.3	1.7	
96.90	179.2	11.2	8.0	2.0	-24.4	83.4	14.8	11.9	284.4	-293.3	-322.7	3.0	
96.95	179.4	11.0	7.7	2.0	-25.7	83.5	11.8	13.6	285.5	-350.8	-403.1	0.9	
97.00	179.5	10.5	7.2	2.0	-25.9	83.6	12.1	10.2	287.8	-392.2	-394.8	-1.0	
97.05	179.7	10.4	7.3	2.0	-25.6	83.7	16.0	10.9	285.8	-464.7	-248.3	-0.7	
97.10	179.9	10.5	7.8	2.0	-26.1	83.8	22.2	15.6	284.4	-542.0	-29.1	0.5	
97.15	180.0	10.7	7.9	2.0	-27.2	83.9	28.9	17.4	287.7	-572.1	187.9	-0.1	
97.20	180.2	10.8	7.5	2.0	-28.4	84.0	33.0	16.1	289.0	-569.3	374.4	-2.7	
97.25	180.3	10.8	6.0	2.0	-30.1	84.1	34.5	16.9	285.4	-605.9	540.7	-9.7	
97.30	180.5	10.7	3.7	2.0	-31.4	84.2	35.2	16.6	284.4	-619.9	662.0	-18.6	
97.35	180.6	10.7	2.0	2.0	-31.8	84.3	36.1	13.1	287.8	-554.8	753.6	-24.8	
97.40	180.8	10.7	1.5	2.0	-33.3	84.4	38.6	13.6	287.5	-507.3	908.7	-28.2	
97.45	180.9	10.5	1.8	2.0	-36.0	84.5	42.1	19.3	283.7	-539.5	1110.0	-30.0	
97.50	181.1	10.5	1.4	2.0	-38.2	84.6	45.4	19.7	285.0	-588.5	1257.3	-33.5	
97.55	181.2	10.4	1.6	2.0	-39.8	84.7	49.1	17.6	289.5	-609.9	1373.4	-34.2	
97.60	181.4	10.1	3.1	2.0	-41.9	84.8	53.9	18.9	288.8	-605.6	1532.8	-31.4	
97.65	181.5	9.7	4.0	2.0	-43.7	84.9	58.3	21.7	286.1	-595.4	1668.1	-29.9	
97.70	181.7	9.6	3.5	2.0	-43.4	85.0	58.6	20.5	288.1	-572.6	1652.5	-31.3	
97.75	181.8	9.9	2.3	2.0	-41.3	85.1	53.8	18.5	290.7	-559.6	1499.5	-33.3	
97.80	182.0	9.7	1.7	2.0	-39.3	85.2	47.8	20.7	288.2	-597.6	1341.0	-33.6	
97.85	182.1	9.6	2.4	2.0	-37.9	85.3	44.1	22.2	285.2	-631.2	1211.5	-29.6	
97.90	182.3	9.6	3.1	2.0	-35.9	85.4	41.7	21.9	287.1	-609.7	1062.2	-25.2	
97.95	182.4	9.7	3.7	2.0	-34.0	85.5	39.5	22.5	289.2	-564.4	921.3	-21.3	
98.00	182.5	9.7	4.4	2.0	-33.2	85.6	39.1	22.9	286.8	-566.2	850.8	-18.0	
98.05	182.7	9.7	5.7	2.0	-32.6	85.7	39.5	21.5	285.2	-583.3	791.2	-13.1	
98.10	182.8	9.9	6.6	2.0	-31.0	85.8	37.7	20.6	287.3	-556.3	659.7	-8.3	
98.15	182.9	10.1	7.7	2.0	-29.3	85.9	35.2	22.7	288.1	-530.2	516.0	-2.9	
98.20	183.1	10.3	8.6	2.0	-28.6	86.0	33.2	25.5	285.8	-558.1	396.7	0.9	
98.25	183.2	10.3	8.2	2.0	-27.7	86.1	28.4	25.5	284.3	-591.3	224.5	0.5	
98.30	183.3	10.4	7.3	2.0	-27.1	86.2	20.6	24.8	285.2	-600.5	1.9	-1.9	
98.35	183.5	10.5	7.6	2.0	-27.6	86.3	16.8	26.0	284.3	-631.4	-113.3	-1.5	
98.40	183.6	10.4	8.6	2.0	-28.0	86.4	19.3	26.8	282.5	-665.2	-77.7	1.6	
98.45	183.7	10.2	9.0	2.0	-27.7	86.5	21.8	26.1	283.4	-640.6	-27.4	3.4	
98.50	183.9	10.1	8.6	2.0	-27.1	86.6	22.8	25.0	285.3	-593.8	14.1	2.4	
98.55	184.0	10.4	8.4	2.0	-27.4	86.7	25.7	25.7	284.5	-602.7	123.1	1.4	
98.60	184.1	10.1	9.0	2.0	-28.5	86.8	30.0	27.1	283.7	-630.4	260.0	2.3	
98.65	184.2	9.9	9.4	2.0	-29.0	86.9	31.6	29.1	285.4	-631.5	330.4	3.2	
98.70	184.3	9.9	8.8	2.0	-29.3	87.0	31.2	30.8	286.3	-628.7	375.3	1.1	
98.75	184.5	10.3	7.5	2.0	-30.0	87.1	31.3	30.4	284.8	-645.1	457.9	-4.2	
98.80	184.6	10.6	6.0	2.0	-31.0	87.2	32.0	29.7	284.1	-656.1	559.2	-10.5	
98.85	184.7	10.6	4.7	2.0	-31.6	87.3	33.3	28.2	285.1	-620.4	667.2	-15.6	
98.90	184.8	11.1	4.3	2.0	-33.2	87.4	37.3	27.2	285.9	-589.3	832.0	-18.4	
98.95	184.9	11.2	4.8	2.0	-35.8	87.5	43.2	28.2	285.7	-609.8	1040.0	-19.5	
99.00	185.0	11.1	5.4	2.0	-38.3	87.6	47.7	29.3	285.5	-652.2	1212.6	-19.6	
99.05	185.1	10.8	5.8	2.0	-39.9	87.7	50.0	30.3	285.9	-692.4	1320.6	-20.0	
99.10	185.3	11.0	6.2	2.0	-41.5	87.8	52.1	34.8	286.5	-766.5	1403.1	-20.3	
99.15	185.4	11.3	6.9	2.0	-42.6	87.9	54.4	37.4	286.0	-810.0	1470.6	-19.0	
99.20	185.5	10.9	6.4	2.0	-42.4	88.0	54.0	35.9	285.7	-782.0	1469.6	-20.3	
99.25	185.6	11.0	5.4	2.0	-41.6	88.1	51.5	35.4	285.8	-762.8	1414.9	-23.0	
99.30	185.7	11.3	4.7	2.0	-41.3	88.2	50.1	34.9	284.7	-797.8	1374.8	-25.2	
99.35	185.8	11.5	5.0	2.0	-41.2	88.3	49.7	33.9	283.7	-849.1	1339.8	-24.2	
99.40	185.9	11.5	5.5	2.0	-40.4	88.4	48.0	33.5	283.9	-868.8	1264.3	-21.5	
99.45	186.0	11.3	6.3	2.0	-39.7	88.5	46.3	36.0	283.6	-895.2	1175.3	-18.0	
99.50	186.1	11.3	7.5	2.0	-39.5	88.6	46.5	37.8	282.8	-954.6	1107.2	-13.8	
99.55	186.2	11.1	8.0	2.0	-38.7	88.7	45.5	37.3	283.1	-994.0	992.8	-11.1	
99.60	186.3	11.0	7.8	2.0	-36.8	88.8	40.3	37.7	284.3	-987.9	797.6	-10.1	
99.65	186.3	11.0	8.7	2.0	-35.9	88.9	36.1	41.3	283.9	-1021.4	632.4	-6.1	
99.70	186.4	11.5	11.7	2.0	-36.8	89.0	35.5	46.0	282.6	-1144.4	537.5	3.3	
99.75	186.5	11.5	13.6	2.0	-37.8	89.1	33.8	48.4	283.4	-1263.5	418.0	9.1	
99.80	186.6	11.0	12.8	2.0	-37.5	89.2	28.3	48.2	284.5	-1297.0	254.9	6.3	
99.85	186.7	11.3	11.9	2.0	-36.9	89.3	24.3	46.9	282.5	-1273.6	163.4	3.8	
99.90	186.8	11.7	12.8	2.0	-36.7	89.4	25.4	45.4	280.3	-1262.2	164.1	7.3	
99.95	186.9	12.3	14.0	2.0	-36.8	89.5	27.2	45.5	282.1	-1268.2	152.1	11.3	
100.00	187.0	12.2	13.5	2.0	-36.7	89.6	26.2	46.3	284.9	-1265.1	103.3	9.6	
100.05	187.1	12.0	12.7	2.0	-36.5	89.7	24.6	45.8	283.9	-1252.1	103.2	7.1	
100.10	187.1	11.9	12.5	2.0	-36.2	89.8	25.7	44.8	281.3	-1226.3	183.2	6.5	
100.15	187.2	11.1	12.6	2.0	-36.1	89.9	28.6	45.5	282.0	-1191.2	279.9	7.0	
100.20	187.3	11.2	12.4	2.0	-36.5	90.0	32.4	48.1	284.3	-1173.6	391.9	5.9	
100.25	187.4	11.6	11.8	2.0	-37.0	90.1	35.4	47.3	283.5	-1158.1	525.4	3.5	
100.30	187.4	11.4	10.6	2.0	-37.3	90.2	35.8	44.7	280.8	-1135.5	636.9	-0.9	
100.35	187.5	10.9	8.9	2.0	-37.6	90.3	35.8	44.4	280.5	-1108.1	724.1	-6.9	
100.40	187.6	10.4	8.1	2.0	-38.3	90.4	38.6	45.7	282.2	-1095.7	827.6	-10.6	
100.45	187.7	10.4	-13.2	1.5	-39.5	90.5	42.3	46.6	283.2	-1099.7	943.6	-19.8	
100.50	187.7	10.5	-7.8	1.1	-40.0	90.6	43.6	45.8	282.6	-1075.8	1031.6	-18.5	
100.55	187.8	10.5	-4.6	0.8	-40.5	90.6	44.1	45.2	281.8	-1046.1	1115.0	-20.2	
100.60	187.8	10.1	-1.6	0.6	-41.7	90.6	47.0	47.0	281.8	-1040.1	1226.5	-20.3	
100.65	187.9	10.4	1.9	0.5	-43.1	90.7	51.5	49.5	282.8	-1046.6	1337.1	-16.6	
100.70	188.0	10.7	4.4	0.3	-43.6	90.7	53.7	49.4	283.3	-1034.3	1394.1	-13.7	
100.75	188.0	10.6	5.3	0.3	-43.1	90.7	52.1	47.7	283.1	-1004.7	1376.9	-13.7	
100.80	188.1	10.4	5.7	0.2	-42.6	90.7	49.2	48.2	282.9	-1014.8	1322.3	-14.8	
100.85	188.1	10.4	6.7	0.1	-42.5	90.7	48.4	49.5	282.6	-1068.4	1274.8	-13.4	
100.90	188.2	10.5	7.3	0.1	-42.2	90.7	47.5	49.8	282.9	-1114.0	1203.8	-12.7	
100.95	188.3	10.7	6.9	0.1	-41.1	90.7	44.3	48.8	283.1	-1115.5	1091.4	-13.9	
101.00	188.3	10.7	7.1	0.1	-39.6	90.7	41.1	46.3	282.1	-1078.7	990.8	-12.9	
101.05	188.4	10.6	8.6	0.0	-39.3	90.7	41.1	46.3	281.1	-1085.2	944.7	-7.9	
101.10	188.4	11.0	10.2	0.0	-39.7	90.7	42.5	49.6	281.9	-1145.5	908.2	-3.3	
101.15	188.5	11.1	11.5	0.0	-39.9	90.7	42.0	53.0	284.1	-1212.5	833.0	0.4	
101.20	188.5	10.8	12.8	0.0	-39.8	90.7	38.9	54.4	283.4	-1262.3	733.4	5.0	
101.25	188.6	10.3	13.9	0.0	-39.7	90.7	36.0	54.9	280.3	-1311.1	651.1	8.5	
101.30	188.6	10.0	13.9	0.0	-39.5	90.7	34.4	54.5	279.6	-1333.0	563.4	8.8	
101.35	188.7	9.7	12.5	0.0	-38.3	90.7	31.6	51.7	281.8	-1298.0	434.9	4.9	
101.40	188.7	9.4	11.6	0.0	-37.3	90.7	28.3	49.5	280.8	-1262.7	336.7	2.9	
101.45	188.8	9.1	12.3	0.0	-37.2	90.7	26.8	49.0	277.0	-1267.4	304.1	5.2	
101.50	188.8	9.0	13.0	0.0	-37.7	90.7	26.9	50.0	278.0	-1305.0	280.0	7.2	
101.55	188.9	9.2	13.9	0.0	-38.4	90.7	28.6	52.4	282.3	-1346.8	277.2	9.6	
101.60	188.9	9.6	15.7	0.0	-39.1	90.7	31.6	55.0	282.3	-1378.1	351.2	14.7	
101.65	189.0	9.8	16.6	0.0	-40.3	90.7	33.9	58.5	279.0	-1426.8	460.0	16.8	
101.70	189.0	9.8	15.9	0.0	-40.6	90.7	33.9	59.7	279.0	-1436.5	496.6	14.0	
101.75	189.1	9.8	14.7	0.0	-40.1	90.7	32.5	58.3	281.7	-1409.6	469.4	10.5	
101.80	189.1	10.0	14.6	0.0	-40.3	90.7	32.7	58.1	280.6	-1424.3	489.8	9.9	
101.85	189.1	10.5	14.3	0.0	-41.0	90.7	32.9	58.8	278.7	-1465.1	529.3	8.1	
101.90	189.2	10.2	13.1	0.0	-41.0	90.7	31.6	57.9	280.7	-1467.2	533.2	3.8	
101.95	189.2	10.1	12.0	0.0	-40.8	90.7	31.4	56.2	283.1	-1433.4	574.3	0.3	
102.00	189.3	10.4	12.8	0.0	-41.7	90.7	36.6	56.7	281.6	-1417.1	755.7	2.3	
102.05	189.3	10.3	13.9	0.0	-43.1	90.7	44.9	57.1	280.7	-1376.3	994.5	4.8	
102.10	189.4	10.4	13.2	0.0	-43.4	90.7	49.6	55.4	283.5	-1273.6	1144.9	1.9	
102.15	189.4	10.7	11.6	0.0	-43.0	90.7	49.5	53.4	283.6	-1170.2	1215.7	-3.2	
102.20	189.4	11.0	11.3	0.0	-43.2	90.7	48.9	52.7	279.7	-1148.6	1269.9	-4.5	
102.25	189.5	11.3	11.1	0.0	-43.8	90.7	48.5	53.8	279.5	-1211.3	1268.2	-5.8	
102.30	189.5	11.4	9.9	0.0	-43.5	90.7	46.2	53.7	284.0	-1261.6	1185.8	-9.5	
102.35	189.6	11.4	9.0	0.0	-43.3	90.7	43.9	53.6	284.1	-1279.8	1151.9	-12.4	
102.40	189.6	11.2	8.9	0.0	-44.0	90.7	44.7	53.4	279.2	-1287.2	1227.6	-13.3	
102.45	189.7	11.1	9.1	0.0	-44.5	90.7	47.8	51.4	278.7	-1260.1	1304.7	-13.2	
102.50	189.7	11.2	9.8	0.0	-44.4	90.7	51.0	49.8	282.5	-1218.1	1328.0	-10.7	
102.55	189.7	10.8	11.5	0.0	-44.8	90.7	52.9	51.7	282.3	-1229.0	1340.4	-5.1	
102.60	189.8	10.3	13.2	0.0	-44.9	90.7	51.6	56.0	279.0	-1281.1	1299.3	0.3	
102.65	189.8	10.0	13.1	0.0	-43.5	90.7	46.7	57.6	279.6	-1298.4	1132.3	1.4	
102.70	189.8	9.9	12.0	0.0	-41.2	90.7	40.7	56.5	282.3	-1274.5	903.2	0.0	
102.75	189.9	9.9	11.5	0.0	-39.3	90.7	35.8	54.9	281.4	-1236.2	717.4	0.3	
102.80	189.9	9.9	11.8	0.0	-37.7	90.7	33.0	51.5	278.8	-1182.1	597.2	2.7	
102.85	189.9	9.9	11.4	0.0	-36.1	90.7	31.3	47.4	278.9	-1107.9	502.3	3.1	
102.90	190.0	9.8	11.6	0.0	-35.3	90.7	30.0	46.2	280.0	-1074.6	425.9	4.5	
102.95	190.0	9.7	13.4	0.0	-35.8	90.7	30.3	48.7	279.4	-1126.7	394.7	10.1	
103.00	190.1	10.0	15.9	0.0	-36.9	90.7	31.2	51.7	279.1	-1210.6	366.7	17.7	
103.05	190.1	9.9	17.5	0.0	-37.4	90.7	30.7	54.0	280.8	-1260.0	298.5	22.7	
103.10	190.1	9.4	17.4	0.0	-37.3	90.7	28.3	55.9	282.1	-1270.4	207.4	22.4	
103.15	190.2	9.4	16.4	0.0	-37.3	90.7	25.9	56.7	281.1	-1277.6	157.1	19.0	
103.20	190.2	9.4	15.6	0.0	-37.1	90.7	24.9	55.5	279.8	-1271.6	153.4	16.3	
103.25	190.2	9.3	15.1	0.0	-36.8	90.7	25.2	53.0	280.2	-1245.2	184.4	14.9	
103.30	190.3	9.0	14.2	0.0	-36.5	90.7	26.6	51.6	280.4	-1214.0	263.0	12.3	
103.35	190.3	8.9	13.9	0.0	-36.7	90.7	29.8	50.6	279.5	-1186.6	407.4	11.1	
103.40	190.3	9.0	13.8	0.0	-37.3	90.7	34.1	49.9	279.0	-1165.2	574.7	9.9	
103.45	190.4	9.6	12.8	0.0	-37.4	90.7	37.3	48.4	280.6	-1090.5	710.9	6.4	
103.50	190.4	9.8	11.2	0.0	-37.1	90.7	39.7	47.2	281.5	-961.0	840.2	1.3	
103.55	190.4	9.7	10.3	0.0	-37.7	90.7	43.5	45.6	280.1	-861.6	994.5	-2.2	
103.60	190.5	9.6	10.4	0.0	-38.5	90.7	46.5	42.8	279.3	-810.4	1114.3	-2.9	
103.65	190.5	9.8	9.1	0.0	-38.7	90.7	46.6	41.5	280.5	-770.6	1165.5	-7.5	
103.70	190.5	10.0	7.8	0.0	-39.2	90.7	45.5	43.4	280.8	-774.0	1207.8	-12.3	
103.75	190.6	10.2	8.6	0.0	-41.0	90.7	47.9	46.5	279.3	-846.3	1309.6	-11.5	
103.80	190.6	10.1	10.1	0.0	-42.4	90.7	50.5	47.7	279.4	-916.7	1381.9	-7.8	
103.85	190.6	10.2	9.9	0.0	-42.6	90.7	50.2	48.1	281.5	-947.6	1372.4	-8.5	
103.90	190.7	10.3	9.7	0.0	-42.3	90.7	49.1	47.6	281.8	-959.4	1344.4	-9.0	
103.95	190.7	10.4	11.1	0.0	-42.6	90.7	49.9	47.7	280.1	-1002.5	1339.2	-4.5	
104.00	190.7	10.2	12.0	0.0	-42.2	90.7	49.3	48.9	279.8	-1031.0	1275.1	-0.8	
104.05	190.8	9.9	11.9	0.0	-41.0	90.7	45.8	51.6	281.4	-1056.4	1131.2	-0.2	
104.10	190.8	9.9	12.6	0.0	-40.3	90.7	42.6	54.0	281.7	-1121.7	993.9	2.8	
104.15	190.8	9.9	14.1	0.0	-40.0	90.7	40.7	53.9	279.8	-1180.0	887.4	8.4	
104.20	190.9	9.8	14.3	0.0	-38.8	90.7	38.4	52.2	279.7	-1164.4	772.1	10.2	
104.25	190.9	9.6	12.9	0.0	-36.9	90.7	35.9	50.4	281.4	-1076.0	658.4	7.3	
104.30	190.9	9.7	12.5	0.0	-35.4	90.7	35.0	46.8	280.5	-997.2	592.0	7.5	
104.35	191.0	9.9	13.6	0.0	-34.8	90.7	34.5	42.7	277.9	-985.8	540.6	11.9	
104.40	191.0	9.8	13.9	0.0	-34.3	90.7	31.2	42.3	277.8	-1007.8	427.4	13.4	
104.45	191.1	9.8	13.7	0.0	-34.2	90.7	27.6	45.5	279.4	-1036.0	308.9	13.0	
104.50	191.1	10.0	15.3	0.0	-35.2	90.7	28.0	49.5	278.7	-1111.5	280.9	17.5	
104.55	191.1	10.3	16.7	0.0	-36.3	90.7	29.2	51.5	277.2	-1188.9	286.5	21.2	
104.60	191.1	10.3	15.8	0.0	-36.3	90.7	27.2	53.3	278.6	-1199.7	250.1	18.0	
104.65	191.2	10.1	15.1	0.0	-35.9	90.7	27.5	53.2	280.1	-1158.4	270.3	15.9	
104.70	191.2	9.9	16.4	0.0	-36.1	90.7	32.4	51.4	278.8	-1134.1	399.7	20.1	
104.75	191.2	9.7	16.6	0.0	-36.7	90.7	36.4	50.4	277.6	-1131.2	525.6	20.4	
104.80	191.3	9.6	14.9	0.0	-37.0	90.7	34.7	52.1	278.8	-1145.5	541.1	14.2	
104.85	191.3	9.8	14.0	0.0	-37.2	90.7	32.4	53.3	279.6	-1165.8	539.6	10.7	
104.90	191.3	9.8	14.6	0.0	-37.7	90.7	33.9	52.4	278.1	-1169.7	611.0	12.3	
104.95	191.4	9.9	14.3	0.0	-37.9	90.7	36.7	52.8	277.7	-1128.3	701.6	11.2	
105.00	191.4	10.2	11.8	0.0	-37.1	90.7	37.3	53.6	280.2	-1019.8	751.5	3.3	
105.05	191.4	10.1	10.3	0.0	-36.5	90.7	38.1	50.6	281.5	-911.2	821.6	-1.0	
105.10	191.4	10.2	10.6	0.0	-37.4	90.7	41.9	47.2	279.4	-856.5	968.1	-0.8	
105.15	191.5	10.4	11.4	0.0	-38.9	90.7	45.3	48.7	278.3	-874.8	1093.6	0.3	
105.20	191.5	10.9	12.1	0.0	-40.3	90.7	46.8	53.1	280.9	-959.4	1140.0	1.2	
105.25	191.5	11.1	13.0	0.0	-41.7	90.7	47.9	55.2	282.0	-1076.7	1172.3	3.0	
105.30	191.6	11.0	13.5	0.0	-42.8	90.7	47.3	55.7	279.1	-1170.4	1199.5	3.5	
105.35	191.6	11.1	12.1	0.0	-42.6	90.7	44.5	55.5	277.4	-1183.0	1170.4	-0.9	
105.40	191.6	11.3	10.8	0.0	-41.8	90.7	43.5	54.1	279.8	-1153.1	1123.6	-4.8	
105.45	191.7	11.5	11.6	0.0	-41.9	90.7	46.0	52.9	281.0	-1146.5	1133.6	-2.2	
105.50	191.7	11.0	12.7	0.0	-42.5	90.7	47.1	55.0	279.2	-1182.0	1156.8	1.1	
105.55	191.7	11.0	12.5	0.0	-42.6	90.7	44.9	57.5	278.2	-1216.6	1125.4	0.5	
105.60	191.8	11.1	13.0	0.0	-42.5	90.7	44.1	57.9	278.9	-1248.9	1085.1	2.1	
105.65	191.8	10.9	14.7	0.0	-42.8	90.7	45.7	58.7	278.5	-1289.5	1067.5	7.6	
105.70	191.9	10.7	15.2	0.0	-42.4	90.7	45.0	59.4	277.6	-1302.0	1003.7	9.7	
105.75	191.9	10.4	13.8	0.0	-40.7	90.7	40.6	56.6	278.2	-1261.3	861.4	6.7	
105.80	191.9	9.9	12.4	0.0	-38.7	90.7	35.9	51.5	278.1	-1200.0	718.9	3.9	
105.85	192.0	9.8	12.7	0.0	-37.8	90.7	34.2	49.6	276.3	-1174.9	636.7	5.8	
105.90	192.0	9.6	13.9	0.0	-37.9	90.7	33.7	52.2	276.3	-1208.3	566.9	9.9	
105.95	192.0	9.3	15.2	0.0	-38.3	90.7	33.1	55.2	278.6	-1269.8	492.8	13.8	
106.00	192.1	9.3	17.0	0.0	-39.1	90.7	32.7	58.5	278.9	-1335.9	457.5	19.1	
106.05	192.1	9.3	18.4	0.0	-39.8	90.7	31.9	62.6	276.5	-1388.5	453.4	23.4	
106.10	192.1	9.4	18.9	0.0	-40.2	90.7	31.4	65.0	276.5	-1416.4	435.9	24.5	
106.15	192.1	9.8	18.9	0.0	-40.1	90.7	32.0	64.2	279.3	-1415.1	405.8	24.7	
106.20	192.2	10.3	18.6	0.0	-39.8	90.7	31.9	63.0	279.9	-1402.0	384.9	24.1	
106.25	192.2	10.9	17.8	0.0	-39.7	90.7	29.8	62.6	278.0	-1402.3	374.5	21.5	
106.30	192.3	10.9	16.8	0.0	-39.9	90.7	28.5	63.0	277.1	-1414.1	387.5	17.9	
106.35	192.3	10.9	16.7	0.0	-40.1	90.7	30.1	64.1	278.4	-1407.2	443.8	17.3	
106.40	192.3	10.7	16.9	0.0	-40.3	90.7	33.9	64.7	279.1	-1379.6	552.1	17.8	
106.45	192.4	10.8	16.8	0.0	-40.2	90.7	37.3	63.2	277.8	-1312.3	680.2	17.3	
106.50	192.4	10.9	15.4	0.0	-39.6	90.7	38.3	60.6	277.1	-1210.1	771.8	13.2	
106.55	192.4	11.2	14.0	0.0	-39.4	90.7	39.6	59.4	278.2	-1144.5	848.9	8.7	
106.60	192.5	11.5	13.6	0.0	-40.4	90.7	43.2	60.7	278.7	-1143.7	960.0	6.2	
106.65	192.5	11.4	13.1	0.0	-41.5	90.7	45.1	62.6	278.5	-1164.4	1040.7	3.6	
106.70	192.5	11.2	12.2	0.0	-41.6	90.7	43.3	61.0	278.2	-1180.0	1049.9	0.4	
106.75	192.6	11.2	12.1	0.0	-42.0	90.7	42.0	58.5	277.4	-1218.8	1060.6	-0.5	
106.80	192.6	11.2	12.7	0.0	-43.4	90.7	44.8	58.7	276.2	-1291.1	1140.0	0.2	
106.85	192.7	11.3	13.0	0.0	-44.7	90.7	47.5	61.9	277.3	-1348.2	1202.6	-0.1	
106.90	192.7	11.3	13.2	0.0	-45.0	90.7	47.3	64.2	278.7	-1371.7	1204.3	0.3	
106.95	192.7	11.6	13.9	0.0	-45.2	90.7	46.6	64.5	277.7	-1398.1	1193.8	2.4	
107.00	192.8	12.0	14.9	0.0	-45.4	90.7	47.1	64.1	276.5	-1432.1	1179.2	5.9	
107.05	192.8	12.5	14.8	0.0	-45.0	90.7	47.0	64.7	278.5	-1439.8	1117.9	5.8	
107.10	192.8	12.6	13.7	0.0	-43.7	90.7	44.6	64.5	280.7	-1396.7	1017.2	3.5	
107.15	192.9	12.4	13.9	0.0	-42.7	90.7	41.8	62.2	278.1	-1371.8	939.4	5.1	
107.20	192.9	12.1	14.6	0.0	-42.3	90.7	38.6	61.2	274.7	-1407.3	853.1	7.9	
107.25	193.0	12.2	15.1	0.0	-42.1	90.7	35.7	62.2	276.4	-1461.7	723.2	9.6	
107.30	193.0	12.1	15.5	0.0	-42.0	90.7	35.2	62.4	279.8	-1492.2	624.7	11.3	
107.35	193.0	12.0	16.5	0.0	-42.2	90.7	34.9	62.9	278.2	-1521.0	592.0	14.6	
107.40	193.1	12.2	17.5	0.0	-42.5	90.7	32.4	65.6	274.9	-1559.1	548.5	17.7	
107.45	193.1	11.8	17.9	0.0	-42.3	90.7	31.2	66.6	275.5	-1568.4	481.5	19.1	
107.50	193.1	11.2	18.9	0.0	-42.5	90.7	32.9	65.8	278.7	-1590.6	434.4	22.5	
107.55	193.2	10.9	20.0	0.0	-43.1	90.7	34.4	66.7	278.8	-1635.7	434.6	25.7	
107.60	193.2	11.1	20.1	0.0	-43.6	90.7	32.7	70.1	275.4	-1668.0	438.8	25.5	
107.65	193.2	11.3	19.2	0.0	-43.3	90.7	30.3	70.8	274.5	-1655.3	421.8	22.6	
107.70	193.3	11.0	18.5	0.0	-43.0	90.7	31.1	68.3	277.0	-1630.8	426.4	20.5	
107.75	193.3	10.9	18.6	0.0	-43.0	90.7	33.6	66.2	277.4	-1621.8	481.7	20.7	
107.80	193.3	11.1	17.7	0.0	-42.8	90.7	34.2	66.2	275.6	-1579.7	546.8	17.9	
107.85	193.4	11.4	16.0	0.0	-42.0	90.7	33.5	66.5	275.9	-1499.3	596.4	12.9	
107.90	193.4	11.4	15.4	0.0	-41.9	90.7	35.7	65.7	276.2	-1450.2	685.7	10.8	
107.95	193.4	11.3	16.3	0.0	-42.7	90.7	39.1	66.7	275.3	-1456.5	790.6	13.1	
108.00	193.5	11.4	16.2	0.0	-43.0	90.7	40.4	67.4	276.5	-1453.9	837.1	12.6	
108.05	193.5	11.4	15.4	0.0	-42.9	90.7	41.3	66.1	278.9	-1418.4	873.4	10.0	
108.10	193.5	11.5	14.9	0.0	-43.3	90.7	43.1	65.7	278.4	-1396.9	962.6	8.0	
108.15	193.6	11.6	14.9	0.0	-44.1	90.7	44.9	67.5	276.3	-1396.5	1064.3	6.9	
108.20	193.6	11.8	14.2	0.0	-44.2	90.7	45.0	67.8	277.0	-1376.3	1095.0	4.7	
108.25	193.6	12.3	13.2	0.0	-43.8	90.7	45.2	64.1	279.5	-1345.2	1089.9	1.6	
108.30	193.7	12.8	12.9	0.0	-43.5	90.7	45.4	60.1	278.8	-1324.1	1106.2	0.8	
108.35	193.7	12.1	13.2	0.0	-43.7	90.7	44.2	62.4	275.6	-1329.2	1118.7	1.5	
108.40	193.7	11.4	13.2	0.0	-43.9	90.7	42.7	66.9	276.5	-1360.2	1083.3	1.4	
108.45	193.8	10.8	13.5	0.0	-44.2	90.7	43.2	68.1	280.0	-1418.4	1043.9	2.0	
108.50	193.8	10.8	14.2	0.0	-44.6	90.7	44.1	66.8	279.3	-1456.1	1037.1	4.2	
108.55	193.8	10.9	14.3	0.0	-44.3	90.7	42.7	66.9	276.1	-1449.0	1017.4	4.7	
108.60	193.9	11.2	13.9	0.0	-43.5	90.7	41.8	65.7	276.4	-1412.3	977.7	4.1	
108.65	193.9	11.3	14.2	0.0	-43.3	90.7	43.2	63.5	278.4	-1410.4	950.0	5.5	
108.70	193.9	11.6	15.0	0.0	-43.6	90.7	42.6	64.2	276.9	-1466.7	909.1	8.0	
108.75	193.9	12.0	15.5	0.0	-43.8	90.7	38.0	67.5	274.3	-1547.3	800.2	9.5	
108.80	194.0	12.0	16.1	0.0	-44.0	90.7	34.2	69.1	275.3	-1623.9	668.8	11.3	
108.85	194.0	12.1	17.7	0.0	-44.6	90.7	34.3	69.8	276.9	-1700.6	597.2	16.1	
108.90	194.0	12.0	18.1	0.0	-45.0	90.7	34.9	72.2	275.3	-1728.3	576.2	17.2	
108.95	194.1	11.6	16.9	0.0	-44.0	90.7	33.1	71.4	274.2	-1673.6	524.0	14.2	
109.00	194.1	11.7	16.5	0.0	-42.7	90.7	31.6	66.0	275.7	-1605.9	457.8	13.8	
109.05	194.1	11.9	17.5	0.0	-42.7	90.7	32.9	63.6	275.8	-1611.5	458.6	17.3	
109.10	194.1	11.9	19.3	0.0	-44.2	90.7	34.3	69.5	274.5	-1706.3	483.1	22.0	
109.15	194.2	11.9	20.7	0.0	-45.7	90.7	34.0	74.9	275.4	-1811.8	465.3	25.5	
109.20	194.2	11.7	20.6	0.0	-46.3	90.7	32.8	74.3	277.4	-1872.9	427.5	24.4	
109.25	194.2	11.4	19.5	0.0	-46.2	90.7	30.8	72.0	276.5	-1877.1	410.9	20.7	
109.30	194.2	11.9	18.5	0.0	-45.9	90.7	29.3	71.5	274.2	-1851.5	427.0	17.5	
109.35	194.3	12.0	18.0	0.0	-45.6	90.7	32.2	70.1	275.1	-1809.1	499.6	16.4	
109.40	194.3	11.7	18.2	0.0	-45.6	90.7	37.2	68.4	278.1	-1774.1	607.1	17.0	
109.45	194.3	11.5	17.5	0.0	-46.0	90.7	38.7	70.2	277.8	-1762.8	708.9	13.9	
109.50	194.3	11.4	17.1	0.0	-46.8	90.7	38.1	73.3	275.4	-1784.3	801.8	11.8	
109.55	194.4	11.5	17.8	0.0	-48.0	90.7	40.9	73.7	276.0	-1822.4	906.7	13.0	
109.60	194.4	11.0	18.5	0.0	-49.4	90.7	45.3	76.2	278.9	-1871.1	1013.2	14.1	
109.65	194.4	10.7	17.9	0.0	-50.3	90.7	48.0	78.7	278.2	-1880.2	1118.7	11.2	
109.70	194.4	10.5	15.9	0.0	-50.0	90.7	46.7	76.8	275.5	-1832.8	1169.2	4.6	
109.75	194.5	10.5	14.0	0.0	-49.2	90.7	44.7	72.1	275.1	-1780.2	1172.2	-1.1	
109.80	194.5	10.8	13.8	0.0	-49.6	90.7	45.6	71.8	275.7	-1793.9	1197.2	-2.2	
109.85	194.5	11.1	15.2	0.0	-51.1	90.7	48.6	77.0	275.9	-1872.7	1250.1	1.2	
109.90	194.5	11.3	16.4	0.0	-52.1	90.7	50.1	80.7	276.4	-1934.6	1272.1	4.3	
109.95	194.5	11.6	16.4	0.0	-51.9	90.7	48.2	80.3	276.8	-1946.5	1238.4	4.3	
