Time[s]	Rotor azimuth angle[deg]	Hub wind speed magnitude[m/s]	ACTTORQUE1[Nm]	PITRAT1[deg/s]	PITFRIC1[kNm]	PITCH1[deg]	Blade root 1 Fx[KN]	Blade root 1 Fy[KN]	Blade root 1 Fz[KN]	Blade root 1 Mx[kNm]	Blade root 1 My[kNm]	Blade root 1 Mz[kNm]	
END_OF_HEADER
50.00	299.2	9.7	-60.7	-0.7	197.6	3.0	267.5	218.1	535.4	-4488.0	11565.2	-9.4	
50.05	301.9	9.3	-64.6	-0.9	198.5	3.0	270.1	212.6	524.1	-4187.9	11764.1	-6.1	
50.10	304.6	9.7	-63.1	-1.1	195.3	2.9	260.3	208.8	513.1	-3852.6	11658.9	8.5	
50.15	307.3	10.3	-55.3	-1.3	190.2	2.9	245.8	190.6	501.4	-3436.3	11464.6	25.6	
50.20	310.0	10.8	-49.2	-1.4	189.0	2.8	244.8	171.7	490.1	-2976.3	11546.0	26.2	
50.25	312.6	10.5	-47.3	-1.3	192.9	2.7	255.8	161.8	477.7	-2692.7	11915.4	21.8	
50.30	315.3	10.5	-50.4	-1.3	198.2	2.7	266.7	160.0	464.5	-2689.0	12311.1	22.2	
50.35	318.0	10.7	-51.5	-1.3	201.0	2.6	270.6	157.4	452.7	-2668.4	12537.8	28.6	
50.40	320.7	11.3	-47.1	-1.3	200.6	2.5	268.2	151.3	443.8	-2522.2	12562.7	38.2	
50.45	323.3	11.6	-42.1	-1.3	198.0	2.5	258.9	136.0	436.1	-2346.2	12442.0	55.0	
50.50	326.0	11.8	-41.3	-1.4	198.1	2.4	256.1	124.8	427.9	-2117.7	12519.8	67.5	
50.55	328.6	11.8	-45.0	-1.5	204.0	2.3	269.0	119.7	419.8	-1789.0	13001.3	62.9	
50.60	331.3	12.0	-53.2	-1.6	213.7	2.3	290.5	100.9	410.9	-1404.9	13758.1	49.2	
50.65	333.9	12.1	-61.0	-1.8	224.2	2.2	313.1	78.9	401.3	-999.8	14550.8	36.5	
50.70	336.6	11.9	-61.3	-1.9	231.8	2.1	328.4	67.8	393.3	-662.7	15120.1	32.7	
50.75	339.2	11.7	-59.9	-2.0	233.9	2.0	330.2	56.3	387.9	-404.6	15292.2	39.0	
50.80	341.9	11.7	-62.3	-2.2	233.3	1.9	328.3	41.5	385.5	-82.2	15263.3	44.8	
50.85	344.5	11.9	-62.0	-2.3	234.7	1.8	334.9	29.3	386.4	337.9	15350.8	40.4	
50.90	347.1	11.8	-62.4	-2.4	237.7	1.6	343.2	16.3	387.0	706.0	15546.7	34.7	
50.95	349.8	11.5	-73.4	-2.7	241.8	1.5	349.3	2.8	382.1	1016.3	15824.3	27.3	
51.00	352.4	11.4	-75.4	-3.0	245.2	1.4	349.5	-12.8	374.3	1430.2	16057.9	28.4	
51.05	355.1	11.3	-70.9	-3.3	247.3	1.2	346.0	-38.9	370.1	2054.4	16152.8	35.1	
51.10	357.7	11.2	-66.1	-3.5	250.0	1.0	346.6	-61.9	370.4	2730.2	16249.2	46.5	
51.15	0.3	11.2	-66.7	-3.6	254.2	0.9	351.8	-74.4	372.8	3276.6	16448.5	42.5	
51.20	3.0	11.1	-69.7	-3.7	260.0	0.7	357.9	-92.0	369.2	3640.4	16792.8	33.7	
51.25	5.6	11.0	-73.7	-3.8	267.1	0.5	367.4	-105.4	365.7	4014.3	17225.4	23.5	
51.30	8.2	11.0	-49.5	-3.2	274.0	0.3	378.5	-109.3	369.4	4408.3	17632.3	25.3	
51.35	10.8	10.9	-47.2	-2.4	278.7	0.2	382.7	-115.5	373.2	4654.2	17914.8	23.5	
51.40	13.5	10.7	-53.8	-1.9	280.7	0.1	375.4	-125.1	370.7	4848.0	18033.8	24.7	
51.45	16.1	10.7	-60.1	-1.4	282.7	-0.0	366.1	-143.5	367.8	5198.6	18103.1	21.6	
51.50	18.7	10.5	-65.9	-1.1	285.3	-0.1	359.2	-166.6	371.8	5690.8	18151.7	16.3	
51.55	21.3	10.5	-70.0	-0.8	289.7	-0.1	358.7	-176.0	378.6	6085.7	18354.4	13.4	
51.60	23.9	10.6	-77.0	-0.6	298.1	-0.1	369.8	-183.5	379.5	6346.1	18902.7	7.0	
51.65	26.6	10.5	-87.7	-0.5	309.9	-0.2	393.6	-203.3	378.0	6538.5	19684.2	-11.2	
51.70	29.2	10.5	-98.5	-0.3	319.8	-0.2	421.0	-217.7	384.9	6644.7	20340.4	-33.2	
51.75	31.8	10.3	-103.0	-0.3	322.1	-0.2	431.5	-212.8	398.8	6558.0	20517.2	-42.7	
51.80	34.4	10.3	-97.8	-0.2	317.6	-0.2	417.9	-208.9	406.2	6399.2	20246.2	-26.4	
51.85	37.0	10.3	-92.8	-0.1	313.7	-0.2	401.9	-215.5	407.5	6403.5	19969.5	-10.8	
51.90	39.6	9.8	-93.2	-0.1	313.6	-0.2	400.2	-230.2	418.0	6633.4	19861.9	-10.8	
51.95	42.2	9.6	-96.9	-0.1	316.3	-0.2	409.2	-246.8	435.6	6934.1	19907.8	-19.6	
52.00	44.8	9.6	-100.6	-0.1	320.4	-0.2	417.0	-253.7	447.2	7222.5	20092.1	-27.7	
52.05	47.4	9.9	-102.9	-0.0	324.6	-0.2	418.3	-259.9	451.0	7497.9	20312.4	-30.6	
52.10	50.1	10.2	-104.8	-0.0	327.9	-0.2	420.3	-271.6	457.0	7727.7	20462.9	-33.4	
52.15	52.7	10.4	-110.0	-0.0	330.4	-0.2	432.1	-277.2	472.9	7940.8	20530.5	-48.2	
52.20	55.3	10.4	-114.7	-0.0	331.3	-0.3	443.1	-280.2	490.2	8100.0	20493.3	-63.2	
52.25	57.9	10.5	-115.3	-0.0	329.6	-0.3	437.9	-285.8	499.1	8238.3	20299.4	-66.9	
52.30	60.5	10.7	-113.9	-0.0	327.1	-0.3	422.2	-286.7	505.8	8444.5	20038.7	-64.3	
52.35	63.2	10.9	-113.6	-0.0	325.2	-0.3	407.5	-295.3	516.9	8800.8	19741.4	-65.0	
52.40	65.8	10.7	-113.8	-0.0	325.1	-0.3	402.6	-313.5	529.5	9255.3	19493.0	-65.7	
52.45	68.4	10.3	-116.8	-0.0	327.4	-0.3	406.2	-331.9	540.6	9739.8	19398.8	-73.9	
52.50	71.0	10.0	-119.5	-0.0	330.6	-0.3	410.0	-347.4	548.2	10104.9	19433.1	-79.9	
52.55	73.7	9.9	-123.3	-0.0	332.4	-0.3	412.8	-352.3	555.9	10230.6	19494.5	-91.0	
52.60	76.3	9.8	-126.8	-0.0	333.0	-0.3	419.5	-343.3	569.3	10229.8	19539.6	-102.4	
52.65	78.9	9.7	-125.2	-0.0	332.3	-0.3	423.4	-339.2	581.8	10059.5	19551.2	-97.7	
52.70	81.6	9.9	-123.0	-0.0	332.2	-0.3	426.4	-340.2	594.0	9883.7	19613.5	-90.2	
52.75	84.2	10.1	-122.8	-0.0	333.4	-0.3	430.7	-329.2	610.4	9756.7	19773.1	-88.4	
52.80	86.8	9.5	-121.4	-0.0	335.2	-0.3	431.6	-328.9	625.6	9692.1	19946.7	-81.5	
52.85	89.4	9.3	-118.7	-0.0	338.8	-0.3	433.0	-347.7	637.9	9842.0	20123.9	-68.7	
52.90	92.1	9.2	-118.9	-0.0	343.5	-0.3	440.5	-361.1	652.2	10069.9	20346.0	-64.7	
52.95	94.7	8.8	-119.1	-0.0	345.4	-0.3	444.3	-362.8	666.6	10115.9	20457.1	-63.7	
53.00	97.3	8.4	-117.9	-0.0	344.8	-0.3	444.6	-355.1	677.5	9945.6	20500.5	-59.8	
53.05	100.0	8.0	-117.0	-0.0	343.5	-0.3	446.7	-341.3	689.5	9644.2	20549.5	-58.1	
53.10	102.6	7.8	-116.3	-0.0	341.1	-0.3	449.4	-328.0	704.8	9257.8	20531.5	-58.2	
53.15	105.2	8.0	-115.7	-0.0	338.7	-0.3	452.2	-311.5	719.4	8811.6	20536.3	-58.6	
53.20	107.9	8.3	-115.2	-0.0	338.0	-0.3	453.3	-296.0	732.2	8482.5	20635.8	-57.4	
53.25	110.5	8.6	-114.0	-0.0	339.4	-0.3	453.3	-296.4	745.1	8434.8	20756.1	-51.8	
53.30	113.1	8.6	-114.7	-0.0	342.3	-0.3	459.8	-300.2	759.4	8501.1	20930.1	-51.6	
53.35	115.8	8.6	-117.7	-0.0	346.0	-0.3	471.8	-297.7	774.2	8577.7	21159.7	-58.2	
53.40	118.5	8.6	-120.4	-0.0	349.6	-0.3	480.3	-302.6	783.8	8670.6	21379.0	-63.7	
53.45	121.1	8.4	-118.8	-0.0	350.8	-0.3	480.0	-306.6	791.3	8582.1	21497.3	-57.1	
53.50	123.8	8.3	-114.7	-0.0	349.0	-0.3	477.0	-291.1	802.2	8273.3	21498.0	-44.9	
53.55	126.4	8.3	-109.4	-0.0	344.3	-0.3	470.0	-271.3	813.7	7842.5	21325.6	-31.3	
53.60	129.1	8.5	-105.1	-0.0	338.4	-0.3	461.0	-257.8	823.8	7415.5	21035.2	-22.3	
53.65	131.8	8.6	-102.9	-0.0	332.9	-0.3	455.0	-247.4	838.1	7220.2	20684.0	-20.2	
53.70	134.4	8.7	-100.5	-0.0	327.4	-0.3	447.2	-246.1	853.2	7168.8	20272.7	-17.6	
53.75	137.1	8.6	-97.9	-0.0	322.7	-0.3	438.8	-246.4	864.6	7200.3	19899.1	-13.4	
53.80	139.8	8.7	-98.3	-0.0	320.0	-0.3	434.0	-240.4	875.1	7375.6	19627.8	-17.5	
53.85	142.5	8.8	-98.5	-0.0	318.7	-0.3	431.5	-240.7	884.5	7458.2	19486.9	-19.6	
53.90	145.1	8.7	-96.2	-0.0	316.9	-0.3	429.8	-236.2	893.6	7252.2	19429.1	-13.2	
53.95	147.8	8.6	-94.4	-0.0	314.9	-0.3	429.8	-212.9	902.1	6803.9	19450.3	-9.2	
54.00	150.5	8.5	-94.5	-0.0	314.5	-0.3	435.1	-190.8	906.8	6282.9	19603.6	-10.1	
54.05	153.2	8.4	-93.4	-0.0	313.4	-0.3	441.0	-170.2	914.4	5740.3	19684.3	-7.2	
54.10	155.9	8.2	-93.6	-0.0	312.4	-0.3	449.5	-146.0	929.7	5253.9	19728.5	-9.1	
54.15	158.6	8.5	-92.6	-0.0	310.8	-0.3	450.2	-138.4	939.6	4936.0	19683.2	-7.0	
54.20	161.3	9.1	-88.5	-0.0	307.8	-0.3	440.1	-140.9	938.9	4709.4	19538.1	4.1	
54.25	164.0	9.3	-81.2	-0.0	303.1	-0.3	426.5	-128.4	937.7	4396.7	19296.3	24.4	
54.30	166.7	9.4	-75.5	-0.0	297.9	-0.3	419.0	-109.9	941.6	3959.4	19020.6	38.6	
54.35	169.4	9.6	-73.0	-0.0	292.4	-0.3	415.7	-93.6	947.0	3444.5	18715.5	41.7	
54.40	172.2	9.9	-70.0	-0.0	284.5	-0.3	405.2	-76.0	948.3	2768.4	18257.3	44.0	
54.45	174.9	9.7	-60.6	-0.0	273.2	-0.3	383.2	-53.5	947.5	1859.3	17588.6	65.0	
54.50	177.6	9.6	-53.6	-0.0	263.2	-0.3	365.4	-16.2	950.6	946.2	16967.7	79.1	
54.55	180.4	9.7	-50.1	-0.0	256.0	-0.3	354.8	16.9	957.8	318.2	16466.8	84.1	
54.60	183.1	10.2	-48.5	-0.0	251.4	-0.3	349.9	26.3	965.1	21.2	16129.4	85.0	
54.65	185.8	10.3	-48.4	-0.0	250.2	-0.3	351.9	31.5	970.1	-108.9	16027.3	84.2	
54.70	188.6	9.8	-45.8	-0.0	249.7	-0.3	350.7	36.8	971.2	-311.5	15986.8	92.5	
54.75	191.4	9.8	-47.2	-0.0	250.1	-0.3	351.5	38.7	970.5	-500.6	16012.9	87.9	
54.80	194.1	9.7	-53.4	-0.0	252.4	-0.3	361.8	48.4	972.8	-613.0	16144.4	69.1	
54.85	196.9	9.7	-56.9	-0.0	253.8	-0.3	369.3	67.7	976.2	-943.2	16201.1	58.3	
54.90	199.7	9.7	-54.6	-0.0	253.0	-0.3	366.6	85.9	976.6	-1464.1	16099.5	65.6	
54.95	202.4	9.6	-52.0	-0.0	252.3	-0.3	362.5	102.5	973.4	-1847.8	16007.8	73.8	
55.00	205.2	9.3	-50.6	-0.0	251.4	-0.3	358.8	111.4	969.8	-2022.2	15927.7	77.7	
55.05	208.0	9.0	-46.3	-0.0	249.7	-0.3	352.7	118.4	969.0	-2141.0	15791.6	90.9	
55.10	210.7	9.0	-45.4	-0.0	251.1	-0.3	353.7	132.4	966.3	-2215.8	15871.5	95.1	
55.15	213.5	9.0	-48.1	-0.0	255.0	-0.3	359.5	133.4	956.1	-2224.2	16161.6	89.8	
55.20	216.3	9.0	-51.3	-0.0	259.8	-0.3	368.2	134.1	944.0	-2345.1	16491.8	83.8	
55.25	219.1	9.5	-54.1	-0.0	263.6	-0.3	377.3	159.1	939.0	-2714.9	16683.4	77.7	
55.30	221.9	9.8	-52.3	-0.0	263.0	-0.3	370.8	184.4	935.9	-3314.2	16518.8	83.5	
55.35	224.7	9.9	-47.0	-0.0	260.0	-0.3	355.3	196.8	926.0	-3865.4	16192.8	98.7	
55.40	227.5	10.1	-44.6	-0.0	257.6	-0.3	344.7	209.6	914.2	-4217.7	15933.7	104.6	
55.45	230.3	10.4	-41.5	-0.0	255.7	-0.3	335.7	223.0	903.7	-4654.9	15668.9	113.2	
55.50	233.1	10.6	-40.5	-0.0	254.9	-0.3	329.3	239.3	897.1	-5068.7	15468.9	116.0	
55.55	236.0	10.4	-43.6	-0.0	254.6	-0.3	323.1	255.3	888.7	-5277.4	15374.1	105.0	
55.60	238.8	10.3	-41.8	-0.0	251.4	-0.3	307.1	250.2	874.4	-5495.8	15096.4	107.9	
55.65	241.6	10.1	-36.2	-0.0	247.1	-0.3	295.7	245.2	862.7	-5792.2	14681.1	122.7	
55.70	244.5	9.7	-37.3	-0.0	246.0	-0.3	303.3	262.0	861.1	-6038.0	14442.7	117.8	
55.75	247.3	9.3	-44.0	-0.0	247.6	-0.3	314.3	275.3	859.0	-6299.9	14410.6	96.5	
55.80	250.2	9.0	-49.9	-0.0	251.7	-0.3	320.6	288.6	845.5	-6662.8	14551.9	80.3	
55.85	253.0	9.3	-50.0	-0.0	256.2	-0.3	322.8	304.0	828.2	-7070.7	14713.0	84.6	
55.90	255.9	9.3	-45.8	-0.0	256.6	-0.3	315.4	306.5	818.4	-7342.3	14639.2	99.5	
55.95	258.7	9.4	-44.4	-0.0	255.3	-0.3	307.7	315.1	811.9	-7367.2	14514.8	103.0	
56.00	261.6	9.6	-42.5	-0.0	254.3	-0.3	300.6	323.4	802.9	-7280.2	14477.7	108.5	
56.05	264.4	9.7	-37.7	-0.0	253.8	-0.3	293.1	312.4	791.9	-7223.7	14517.8	124.4	
56.10	267.3	9.8	-38.9	-0.0	256.1	-0.3	302.7	300.3	784.1	-7074.5	14796.9	122.5	
56.15	270.2	9.9	-44.7	-0.0	258.9	-0.3	319.9	297.6	776.4	-6830.8	15121.9	105.5	
56.20	273.1	10.0	-44.2	-0.0	258.4	-0.3	320.7	295.5	764.1	-6672.9	15156.3	106.6	
56.25	276.0	9.9	-40.0	-0.0	257.9	-0.3	315.8	297.9	748.8	-6624.8	15159.0	120.6	
56.30	278.9	9.6	-36.2	-0.0	259.5	-0.3	314.6	297.6	735.7	-6658.4	15290.2	135.2	
56.35	281.8	10.1	-36.9	-0.0	261.9	-0.3	320.3	285.9	723.0	-6585.5	15543.2	135.2	
56.40	284.7	10.4	-42.4	-0.0	264.2	-0.3	335.4	277.8	712.3	-6262.1	15855.0	118.7	
56.45	287.6	10.4	-45.4	-0.0	266.2	-0.3	353.6	270.8	707.9	-5848.3	16146.2	110.5	
56.50	290.5	10.8	-44.9	-0.0	268.7	-0.3	365.2	257.8	702.8	-5474.1	16470.2	114.4	
56.55	293.4	11.0	-46.0	-0.0	271.8	-0.3	369.6	244.7	687.0	-5095.5	16865.9	113.9	
56.60	296.3	10.9	-46.8	-0.0	273.2	-0.3	368.3	237.2	669.0	-4864.9	17074.7	112.4	
56.65	299.2	10.4	-45.1	-0.0	272.5	-0.3	365.0	230.8	657.4	-4844.8	17052.1	117.7	
56.70	302.2	10.1	-44.3	-0.0	272.9	-0.3	369.0	234.2	650.1	-4769.4	17098.6	121.0	
56.75	305.1	9.9	-46.3	-0.0	274.2	-0.3	375.9	225.7	641.6	-4548.8	17255.8	115.3	
56.80	308.0	10.2	-48.1	-0.0	274.7	-0.3	379.4	206.3	629.9	-4398.4	17368.0	109.6	
56.85	311.0	10.5	-51.5	-0.0	275.6	-0.3	388.5	207.4	624.7	-4357.5	17427.7	98.9	
56.90	314.0	10.7	-53.2	-0.0	275.4	-0.3	393.2	207.6	623.1	-4315.2	17410.9	92.7	
56.95	316.9	10.6	-49.8	-0.0	272.9	-0.3	381.7	185.1	613.1	-4104.7	17332.4	102.0	
57.00	319.9	10.7	-46.1	-0.0	271.0	-0.3	368.0	171.8	597.9	-3804.0	17324.4	112.7	
57.05	322.9	11.1	-41.3	-0.0	269.1	-0.3	355.9	171.8	588.0	-3739.9	17226.5	127.4	
57.10	325.8	10.8	-36.9	-0.0	265.8	-0.3	344.5	165.3	584.5	-3748.0	17010.5	139.2	
57.15	328.8	10.5	-39.3	-0.0	264.6	-0.3	344.3	154.9	579.4	-3442.8	17000.0	129.5	
57.20	331.8	10.3	-43.1	-0.0	265.2	-0.3	350.1	135.7	572.0	-3072.5	17136.3	117.2	
57.25	334.8	10.2	-45.6	-0.0	266.8	-0.3	360.0	125.4	570.6	-2812.3	17284.4	110.3	
57.30	337.7	10.3	-50.1	-0.0	268.1	-0.3	372.2	122.2	574.4	-2381.7	17413.2	96.0	
57.35	340.7	10.6	-51.9	-0.0	266.8	-0.3	373.1	95.3	571.3	-1833.0	17406.8	88.6	
57.40	343.7	10.8	-48.7	-0.0	262.4	-0.3	360.2	71.2	565.7	-1400.5	17164.5	95.0	
57.45	346.7	10.7	-45.8	-0.0	257.6	-0.3	348.2	66.5	565.1	-1066.9	16864.5	100.4	
57.50	349.7	10.5	-45.1	-0.0	254.1	-0.3	338.3	53.4	565.1	-689.3	16650.6	99.1	
57.55	352.7	10.6	-50.2	-0.0	255.8	-0.3	342.4	29.5	563.8	-123.5	16792.8	83.6	
57.60	355.7	10.7	-56.5	-0.0	261.1	-0.3	358.1	7.2	567.5	528.0	17145.4	67.2	
57.65	358.7	10.7	-61.3	-0.0	267.1	-0.3	375.5	-16.2	574.9	1088.0	17511.2	56.7	
57.70	1.7	10.9	-68.0	-0.0	274.3	-0.3	393.2	-40.8	578.1	1693.5	17955.2	40.8	
57.75	4.7	11.2	-76.5	-0.0	282.7	-0.3	409.9	-59.9	579.4	2410.1	18458.2	20.3	
57.80	7.7	11.7	-80.8	-0.0	289.1	-0.3	418.6	-74.8	585.7	2901.1	18838.2	11.7	
57.85	10.8	11.6	-77.5	-0.0	293.0	-0.3	415.2	-79.2	591.1	3014.2	19119.8	26.8	
57.90	13.8	11.5	-76.1	-0.0	300.7	-0.3	417.2	-80.3	588.6	3121.0	19690.1	39.5	
57.95	16.8	11.6	-78.1	-0.0	312.9	-0.3	431.3	-100.5	586.2	3397.4	20528.7	44.8	
58.00	19.9	11.1	-81.3	-0.0	327.1	-0.3	458.8	-125.5	595.7	3673.3	21469.2	47.8	
58.05	22.9	10.8	-87.0	-0.0	341.0	-0.3	490.5	-133.4	615.0	3988.5	22374.1	42.5	
58.10	26.0	10.5	-93.0	-0.0	352.3	-0.3	509.6	-150.0	627.5	4439.0	23081.6	32.9	
58.15	29.1	10.4	-99.0	-0.0	361.0	-0.3	517.0	-178.7	631.1	4917.6	23603.2	21.2	
58.20	32.1	10.2	-103.2	-0.0	367.3	-0.3	525.1	-190.5	640.7	5259.5	23981.6	13.1	
58.25	35.2	10.1	-103.2	-0.0	369.4	-0.3	527.0	-191.1	656.6	5346.6	24100.7	14.9	
58.30	38.3	10.4	-100.7	-0.0	368.1	-0.3	515.5	-198.8	665.1	5353.2	24018.5	22.3	
58.35	41.3	10.7	-100.3	-0.0	366.5	-0.3	501.2	-207.6	667.9	5514.5	23887.7	22.1	
58.40	44.4	11.0	-101.8	-0.0	364.2	-0.3	494.4	-215.8	681.2	5897.8	23610.4	14.7	
58.45	47.5	11.0	-102.3	-0.0	360.4	-0.3	490.9	-233.4	702.8	6395.9	23152.9	9.1	
58.50	50.6	11.0	-105.2	-0.0	358.8	-0.3	490.6	-248.7	718.8	6959.7	22829.3	-2.4	
58.55	53.7	11.0	-112.4	-0.0	360.6	-0.3	492.6	-260.7	728.1	7547.3	22758.0	-25.3	
58.60	56.8	11.1	-119.2	-0.0	361.8	-0.3	492.7	-275.1	741.6	8038.7	22654.9	-47.4	
58.65	59.9	11.4	-121.3	-0.0	360.3	-0.3	489.8	-281.7	762.0	8349.9	22400.7	-56.1	
58.70	63.0	11.4	-119.8	-0.0	356.4	-0.3	477.0	-282.4	782.0	8463.0	22060.3	-55.0	
58.75	66.1	11.1	-117.7	-0.0	353.9	-0.3	455.9	-290.3	793.3	8556.0	21849.7	-50.2	
58.80	69.2	10.8	-121.4	-0.0	357.3	-0.3	450.5	-297.4	807.0	8808.6	22022.2	-59.3	
58.85	72.3	10.6	-128.7	-0.0	365.1	-0.3	465.8	-310.5	829.3	9272.7	22389.0	-76.7	
58.90	75.5	10.6	-134.7	-0.0	375.4	-0.3	492.5	-337.7	849.3	9804.9	22873.1	-86.9	
58.95	78.6	11.1	-141.2	-0.0	387.8	-0.3	522.4	-364.5	863.6	10386.1	23505.0	-97.1	
59.00	81.8	11.5	-134.6	-0.0	389.4	-0.3	537.5	-336.1	883.1	9342.5	24060.5	-72.6	
59.05	85.0	11.7	-141.2	-0.0	399.9	-0.3	563.3	-350.9	893.7	9240.3	24850.5	-84.9	
59.10	88.1	11.9	-149.8	-0.0	406.2	-0.3	571.2	-314.9	934.2	9360.8	25319.5	-108.1	
59.15	91.4	12.4	128.0	0.5	-399.3	-0.2	552.5	-331.9	930.9	8578.2	25068.6	-24.7	
59.20	94.5	12.7	126.8	0.9	-399.0	-0.2	552.7	-307.2	951.9	8375.9	25131.4	-11.9	
59.25	97.7	12.6	118.5	1.2	-404.8	-0.2	557.6	-286.6	995.3	8465.9	25549.5	-34.1	
59.30	100.9	12.7	126.8	1.4	-406.5	-0.1	563.1	-329.4	994.7	7873.0	25790.9	2.1	
59.35	104.1	12.6	124.9	1.5	-409.4	-0.0	576.9	-314.0	1010.5	7902.0	25984.2	-0.8	
59.40	107.3	12.2	120.0	1.7	-408.9	0.1	564.1	-286.4	1046.8	8306.8	25862.7	-11.9	
59.45	110.5	11.9	124.7	1.7	-402.9	0.1	549.1	-296.6	1048.8	7984.3	25519.1	14.2	
59.50	113.8	11.9	119.6	1.8	-401.2	0.2	561.9	-267.3	1067.3	7659.6	25472.1	0.9	
59.55	117.0	12.0	116.6	1.9	-398.8	0.3	558.8	-254.7	1104.6	7184.3	25418.2	-4.8	
59.60	120.3	12.2	118.9	1.9	-395.3	0.4	560.4	-264.6	1116.3	6431.8	25320.4	8.2	
59.65	123.5	12.2	112.3	1.9	-397.1	0.5	581.9	-218.8	1137.7	6150.1	25504.1	-15.0	
59.70	126.8	12.0	117.2	1.9	-394.8	0.6	569.0	-197.9	1172.1	6092.2	25368.7	4.9	
59.75	130.1	12.2	125.2	2.0	-391.9	0.7	562.0	-223.6	1184.9	5876.6	25177.9	35.8	
59.80	133.4	12.4	116.5	2.0	-394.0	0.8	584.3	-226.8	1201.7	6095.5	25206.5	4.6	
59.85	136.7	12.5	115.4	2.0	-388.8	0.9	571.8	-243.7	1224.2	6354.1	24737.7	6.2	
59.90	140.0	12.3	118.4	2.0	-375.3	1.0	542.9	-248.8	1236.2	6214.2	23784.4	30.4	
59.95	143.3	12.2	110.4	2.0	-363.0	1.1	530.7	-199.1	1258.6	6089.4	22923.9	15.4	
60.00	146.6	12.1	108.1	2.0	-349.1	1.2	499.3	-175.8	1276.3	5678.3	22043.7	21.7	
60.05	150.0	11.9	107.0	2.0	-336.4	1.3	475.4	-167.0	1279.8	4825.8	21333.7	30.6	
60.10	153.4	11.7	98.6	2.0	-330.9	1.4	481.8	-124.9	1291.7	4194.9	21051.6	7.4	
60.15	156.7	11.3	98.3	2.0	-322.8	1.5	468.7	-103.5	1306.8	3995.8	20511.7	14.4	
60.20	160.1	10.8	99.2	2.0	-313.8	1.6	451.7	-98.1	1311.7	3913.5	19877.0	26.7	
60.25	163.5	10.6	92.8	2.0	-306.8	1.7	447.4	-77.7	1324.2	3840.5	19368.8	11.6	
60.30	166.9	10.4	95.5	2.0	-297.1	1.8	428.7	-81.1	1333.5	3277.9	18772.1	30.6	
60.35	170.4	10.3	95.4	2.0	-288.6	1.9	419.2	-82.6	1335.4	2497.2	18267.0	38.9	
60.40	173.8	10.3	82.9	2.0	-281.9	2.0	424.9	-48.6	1344.8	1939.3	17817.2	2.6	
60.45	177.2	10.3	80.6	2.0	-270.1	2.1	410.6	-13.0	1351.5	1088.4	17035.9	6.6	
60.50	180.7	10.4	84.7	2.0	-253.6	2.2	376.5	24.3	1350.9	-0.6	15918.1	37.2	
60.55	184.2	10.6	81.1	2.0	-237.6	2.3	340.7	50.6	1348.4	-889.1	14776.7	40.7	
60.60	187.6	10.7	78.4	2.0	-221.9	2.4	304.6	46.4	1347.4	-1479.1	13645.4	47.3	
60.65	191.1	10.9	73.7	2.0	-210.7	2.5	285.8	65.3	1355.6	-1761.3	12796.0	42.2	
60.70	194.6	11.4	69.4	2.0	-205.2	2.6	279.3	105.9	1368.6	-2079.9	12298.7	33.0	
60.75	198.0	11.2	72.4	2.0	-203.8	2.7	275.9	123.2	1370.5	-2689.2	12059.9	44.6	
60.80	201.5	10.9	70.0	2.0	-209.0	2.8	291.1	142.0	1371.2	-3328.4	12237.0	31.3	
60.85	205.0	10.6	62.0	2.0	-216.3	2.9	303.2	166.3	1376.6	-4091.9	12514.2	-3.4	
60.90	208.5	10.6	63.5	2.0	-222.3	3.0	303.1	193.0	1375.9	-5032.1	12614.4	-4.2	
60.95	212.0	10.4	67.2	2.0	-226.3	3.1	306.1	229.6	1371.4	-5500.3	12676.6	4.5	
61.00	215.5	10.2	64.2	2.0	-226.9	3.2	302.9	236.7	1368.7	-5522.5	12716.0	-6.4	
61.05	219.1	10.3	57.6	2.0	-226.6	3.3	302.6	217.4	1367.3	-5497.0	12742.9	-28.8	
61.10	222.6	10.3	52.0	2.0	-227.3	3.4	306.1	220.1	1361.9	-5615.3	12740.3	-48.8	
61.15	226.1	10.3	50.6	2.0	-226.7	3.5	297.8	227.0	1349.6	-5795.7	12624.7	-53.1	
61.20	229.7	10.0	51.9	2.0	-223.7	3.6	289.5	235.2	1332.2	-5873.7	12357.3	-45.4	
61.25	233.2	9.8	51.9	2.0	-220.7	3.7	291.8	266.9	1322.6	-6019.8	11966.6	-42.7	
61.30	236.7	9.8	54.7	2.0	-217.8	3.8	274.1	294.8	1320.1	-6613.9	11370.8	-29.9	
61.35	240.3	10.0	59.5	2.0	-215.7	3.9	246.0	311.9	1310.5	-7308.7	10773.2	-11.3	
61.40	243.9	9.9	60.1	2.0	-213.2	4.0	229.8	323.5	1293.3	-7541.6	10397.9	-6.8	
61.45	247.5	9.9	59.5	2.0	-206.3	4.1	211.5	320.0	1286.4	-7282.2	9997.4	-2.2	
61.50	251.1	9.9	57.5	2.0	-200.8	4.2	210.4	321.1	1290.3	-6899.9	9749.7	-3.2	
61.55	254.7	10.2	53.8	2.0	-202.9	4.3	229.8	324.1	1283.9	-6804.2	9967.4	-18.3	
61.60	258.3	10.7	48.9	2.0	-208.9	4.4	239.1	303.1	1262.6	-6903.0	10509.2	-41.1	
61.65	261.9	11.0	44.6	2.0	-216.7	4.5	253.1	291.3	1241.8	-7045.2	11146.3	-63.6	
61.70	265.6	10.9	44.7	2.0	-226.7	4.6	280.1	318.6	1228.3	-7534.1	11606.9	-73.3	
61.75	269.2	10.5	47.8	2.0	-234.3	4.7	289.9	352.1	1222.7	-8240.3	11713.2	-70.0	
61.80	272.8	10.1	48.0	2.0	-235.4	4.8	284.7	355.5	1212.7	-8514.4	11632.3	-70.4	
61.85	276.5	9.7	44.4	2.0	-233.3	4.9	283.1	336.2	1196.7	-8484.7	11530.0	-80.8	
61.90	280.1	9.8	42.9	2.0	-227.7	5.0	273.7	320.0	1186.5	-8361.9	11174.8	-80.6	
61.95	283.8	9.6	41.6	2.0	-219.2	5.1	254.7	327.5	1179.4	-8132.9	10569.9	-76.4	
62.00	287.4	9.3	39.2	2.0	-209.7	5.2	238.0	319.7	1161.5	-7730.5	10046.3	-75.2	
62.05	291.1	9.1	36.6	2.0	-203.1	5.3	225.3	302.9	1139.0	-7403.3	9768.6	-77.5	
62.10	294.7	9.4	37.4	2.0	-200.1	5.4	216.3	302.6	1126.0	-7440.9	9484.1	-71.6	
62.15	298.4	9.8	42.4	2.0	-199.9	5.5	210.9	314.2	1117.5	-7848.0	9117.0	-54.5	
62.20	302.1	10.0	43.8	2.0	-198.9	5.6	205.2	319.6	1107.9	-7968.4	8919.0	-48.7	
62.25	305.7	10.0	41.3	2.0	-196.3	5.7	203.1	315.2	1100.4	-7620.1	8986.1	-54.6	
62.30	309.4	9.7	36.9	2.0	-193.3	5.8	213.2	291.5	1100.2	-7100.9	9160.4	-66.5	
62.35	313.1	9.2	29.2	2.0	-189.1	5.9	226.1	256.0	1102.4	-6390.3	9358.4	-88.9	
62.40	316.9	8.9	22.1	2.0	-185.0	6.0	229.8	221.3	1091.2	-5506.4	9630.0	-109.0	
62.45	320.6	9.4	18.4	2.0	-180.1	6.1	224.3	186.3	1070.4	-4657.9	9769.4	-117.0	
62.50	324.3	10.3	19.1	2.0	-174.7	6.2	214.0	167.3	1058.2	-4071.2	9659.3	-109.1	
62.55	328.0	10.8	21.0	2.0	-169.6	6.3	206.7	161.6	1055.2	-3618.5	9453.6	-97.5	
62.60	331.7	10.8	20.3	2.0	-165.8	6.4	205.5	142.4	1046.8	-3254.0	9324.8	-96.0	
62.65	335.4	10.7	19.4	2.0	-164.9	6.5	210.3	139.4	1032.6	-2926.9	9364.6	-98.2	
62.70	339.1	10.9	20.2	2.0	-161.1	6.6	209.8	137.0	1029.2	-2503.3	9200.6	-91.8	
62.75	342.9	11.0	18.8	2.0	-151.8	6.7	200.8	113.9	1037.2	-1897.8	8676.1	-87.2	
62.80	346.6	10.9	19.2	2.0	-140.0	6.8	177.6	89.3	1034.5	-1229.5	7991.0	-74.1	
62.85	350.4	10.9	20.6	2.0	-130.0	6.9	150.8	68.5	1024.2	-539.9	7411.6	-59.3	
62.90	354.1	10.6	18.2	2.0	-127.3	7.0	146.7	37.1	1020.0	42.2	7276.9	-64.8	
62.95	357.9	10.7	11.2	2.0	-131.8	7.1	164.2	5.3	1027.2	570.6	7550.6	-93.3	
63.00	1.6	10.9	8.1	2.0	-138.3	7.2	182.9	-14.0	1032.0	924.4	7948.0	-110.4	
63.05	5.3	10.9	11.8	2.0	-141.3	7.3	182.7	-31.7	1024.6	913.6	8181.1	-100.7	
63.10	9.1	10.7	12.0	2.0	-145.0	7.4	182.1	-34.1	1021.4	957.4	8455.9	-103.8	
63.15	12.8	10.6	7.2	2.0	-153.2	7.5	202.3	-30.3	1033.5	1195.1	8989.9	-128.7	
63.20	16.6	10.8	4.3	2.0	-159.6	7.6	215.8	-53.1	1050.1	1509.2	9368.0	-144.7	
63.25	20.3	10.3	7.1	2.0	-164.4	7.7	219.6	-76.1	1055.7	1870.7	9640.0	-140.2	
63.30	24.1	10.0	8.6	2.0	-168.7	7.8	221.4	-93.9	1055.8	2280.3	9858.7	-139.2	
63.35	27.8	9.8	6.2	2.0	-169.2	7.9	216.3	-119.0	1067.5	2706.5	9762.7	-148.0	
63.40	31.6	10.1	4.6	2.0	-165.5	8.0	204.0	-130.0	1090.4	3243.4	9299.5	-149.7	
63.45	35.4	10.3	7.7	2.0	-160.3	8.1	189.6	-141.2	1106.1	3591.6	8748.9	-133.8	
63.50	39.1	10.3	12.6	2.0	-157.4	8.2	179.9	-169.3	1115.6	3876.9	8343.1	-114.2	
63.55	42.9	10.0	8.5	2.0	-160.5	8.3	186.9	-180.9	1132.9	4365.4	8303.1	-131.4	
63.60	46.7	9.7	6.7	2.0	-163.8	8.4	195.0	-188.4	1152.9	4733.7	8333.8	-140.9	
63.65	50.5	9.7	9.6	2.0	-166.3	8.5	193.3	-203.3	1164.9	5084.1	8300.2	-133.4	
63.70	54.3	9.9	8.7	2.0	-171.4	8.6	189.9	-221.5	1179.8	5864.6	8193.5	-141.5	
63.75	58.1	10.1	8.9	2.0	-176.8	8.7	186.6	-256.8	1201.9	6759.0	7894.4	-146.2	
63.80	61.9	10.2	10.3	2.0	-178.2	8.8	173.4	-282.8	1221.1	7335.1	7428.6	-142.6	
63.85	65.6	10.3	9.7	2.0	-179.2	8.9	154.0	-285.8	1230.7	7768.8	7114.0	-145.8	
63.90	69.4	9.8	8.3	2.0	-182.7	9.0	141.3	-290.4	1229.4	8129.3	7110.8	-154.0	
63.95	73.2	9.7	7.2	2.0	-187.0	9.1	144.3	-298.5	1242.4	8482.2	7152.8	-162.3	
64.00	77.0	9.9	8.3	2.0	-191.8	9.2	169.2	-304.2	1271.0	8773.6	7260.5	-163.4	
64.05	80.8	10.3	7.0	2.0	-195.4	9.3	191.9	-314.9	1293.4	8909.1	7392.6	-171.5	
64.10	84.6	10.8	3.8	2.0	-195.9	9.4	189.3	-327.2	1303.0	8985.5	7307.9	-183.0	
64.15	88.4	11.0	-0.2	2.0	-192.5	9.5	168.7	-314.2	1317.5	9004.0	6953.5	-193.2	
64.20	92.2	10.3	1.3	2.0	-184.7	9.6	145.1	-293.2	1336.7	8688.9	6509.4	-180.3	
64.25	95.9	10.3	3.3	2.0	-180.5	9.7	136.5	-292.3	1350.1	8387.3	6391.5	-169.1	
64.30	99.7	10.3	-0.8	2.0	-181.9	9.8	139.0	-308.7	1361.7	8381.5	6479.2	-184.5	
64.35	103.5	10.3	-6.7	2.0	-180.5	9.9	148.6	-315.5	1372.7	8156.9	6535.5	-203.7	
64.40	107.3	10.5	-6.4	2.0	-174.2	10.0	159.9	-289.9	1390.3	7698.7	6402.2	-196.1	
64.45	111.1	10.6	-7.0	2.0	-168.4	10.1	161.1	-268.4	1412.2	7396.8	6126.3	-192.4	
64.50	114.9	10.8	-9.4	2.0	-162.9	10.2	151.4	-274.0	1423.8	7134.0	5778.4	-195.1	
64.55	118.7	11.2	-13.7	2.0	-151.9	10.3	138.1	-260.5	1437.7	6651.2	5121.6	-199.1	
64.60	122.4	11.5	-16.1	2.0	-136.6	10.4	117.4	-234.9	1462.1	6022.1	4147.3	-191.8	
64.65	126.2	11.6	-12.0	2.0	-121.6	10.5	81.8	-213.1	1477.4	5446.0	3083.6	-162.7	
64.70	130.0	11.4	-10.5	2.0	-113.2	10.6	46.3	-199.7	1482.3	5256.9	2184.3	-149.3	
64.75	133.8	11.3	-13.1	2.0	-108.7	10.7	23.9	-194.7	1486.7	5166.4	1474.4	-153.6	
64.80	137.5	11.4	-16.0	2.0	-102.0	10.8	14.2	-177.2	1502.5	4837.0	812.8	-157.0	
64.85	141.3	11.8	-16.0	2.0	-97.3	10.9	5.6	-167.8	1522.8	4564.6	114.7	-152.3	
64.90	145.1	11.4	-14.5	2.0	-96.2	11.0	-6.5	-172.0	1530.6	4437.6	-481.5	-145.9	
64.95	148.9	11.1	-12.3	2.0	-92.5	11.1	-14.9	-146.5	1531.3	4157.0	-901.4	-134.9	
65.00	152.6	11.2	-9.8	2.0	-83.0	11.2	-16.2	-102.6	1536.8	3457.6	-1197.7	-116.8	
65.05	156.4	11.2	-12.6	2.0	-74.2	11.3	-5.1	-81.2	1548.0	2813.2	-1182.4	-117.6	
65.10	160.2	11.5	-22.5	2.0	-71.8	11.4	16.2	-86.2	1555.9	2704.7	-877.5	-149.2	
65.15	164.0	11.8	-29.2	2.0	-70.7	11.5	25.4	-95.4	1556.3	2611.0	-771.3	-170.9	
65.20	167.7	11.9	-27.5	2.0	-68.2	11.6	10.0	-72.5	1558.1	2308.4	-1220.5	-162.6	
65.25	171.5	11.9	-21.8	2.0	-67.6	11.7	-11.8	-37.8	1555.8	1953.7	-1814.5	-142.6	
65.30	175.2	12.0	-21.2	2.0	-69.3	11.8	-25.6	-35.1	1547.5	1631.6	-2264.9	-142.1	
65.35	179.0	12.7	-24.7	2.0	-72.8	11.9	-34.6	-35.5	1547.2	1273.6	-2755.4	-157.7	
65.40	182.7	13.0	-19.3	2.0	-75.4	12.0	-45.3	4.0	1544.8	251.4	-3241.9	-141.9	
65.45	186.4	13.3	-7.4	2.0	-85.4	12.1	-65.9	64.3	1533.4	-1047.7	-3730.1	-110.6	
65.50	190.1	13.4	-4.8	2.0	-93.7	12.2	-76.8	110.8	1523.5	-1788.7	-4009.8	-110.2	
65.55	193.9	12.9	-12.0	2.0	-97.4	12.3	-73.4	114.9	1528.3	-2136.5	-4142.4	-138.6	
65.60	197.6	12.3	-18.8	2.0	-101.7	12.4	-70.3	111.5	1541.1	-2437.1	-4352.2	-166.1	
65.65	201.3	11.9	-19.0	2.0	-109.3	12.5	-80.7	139.5	1535.0	-2900.9	-4656.5	-174.5	
65.70	205.0	12.2	-15.7	2.0	-117.8	12.6	-104.8	157.6	1506.9	-3392.8	-5027.3	-171.6	
65.75	208.8	12.2	-15.4	2.0	-123.4	12.7	-115.5	168.4	1486.3	-3777.2	-5241.0	-176.1	
65.80	212.5	12.1	-17.6	2.0	-127.3	12.8	-103.6	190.8	1485.0	-4303.4	-5162.8	-187.8	
65.85	216.2	12.1	-18.3	2.0	-131.0	12.9	-81.5	213.7	1480.5	-5086.1	-4769.2	-194.0	
65.90	219.9	12.0	-20.8	2.0	-134.2	13.0	-63.0	239.1	1461.8	-5791.0	-4228.7	-205.4	
65.95	223.6	12.1	-23.2	2.0	-136.9	13.1	-54.4	259.9	1443.8	-6255.3	-3835.8	-216.5	
66.00	227.3	12.6	-22.5	2.0	-140.6	13.2	-52.8	273.1	1440.8	-6567.2	-3785.4	-217.8	
66.05	231.0	12.6	-20.1	2.0	-144.9	13.3	-56.9	292.9	1435.3	-6783.0	-3962.9	-214.0	
66.10	234.7	12.5	-18.7	2.0	-148.9	13.4	-72.3	297.7	1411.9	-6965.9	-4227.5	-212.9	
66.15	238.4	12.4	-20.4	2.0	-150.3	13.5	-89.9	283.0	1383.9	-6960.6	-4531.3	-220.3	
66.20	242.0	12.6	-22.4	2.0	-151.9	13.6	-94.0	289.9	1366.5	-6938.9	-4766.0	-228.9	
66.25	245.7	12.4	-18.1	2.0	-156.4	13.7	-89.6	304.8	1359.0	-7202.4	-4923.2	-218.4	
66.30	249.4	12.1	-14.1	2.0	-158.4	13.8	-83.9	309.7	1344.2	-7396.2	-4906.9	-206.8	
66.35	253.0	12.4	-16.6	2.0	-154.8	13.9	-74.2	308.3	1320.8	-7300.0	-4611.0	-211.8	
66.40	256.7	12.5	-17.6	2.0	-153.0	14.0	-67.4	314.5	1300.2	-7300.6	-4352.2	-213.3	
66.45	260.3	12.2	-12.3	2.0	-155.8	14.1	-64.4	333.1	1287.6	-7500.7	-4348.8	-197.9	
66.50	264.0	11.8	-7.8	2.0	-157.2	14.2	-74.7	337.9	1269.6	-7457.7	-4622.5	-184.1	
66.55	267.6	11.6	-8.2	2.0	-155.7	14.3	-99.5	317.2	1237.3	-7175.2	-4961.7	-183.7	
66.60	271.2	11.4	-6.8	2.0	-155.3	14.4	-117.8	307.7	1204.4	-7016.0	-5186.1	-178.7	
66.65	274.8	10.9	-4.4	2.0	-155.9	14.5	-118.3	317.1	1186.3	-6980.1	-5287.8	-170.9	
66.70	278.5	11.1	-5.2	2.0	-152.7	14.6	-109.2	307.0	1171.8	-6813.9	-5189.6	-170.4	
66.75	282.1	11.2	-11.4	2.0	-145.6	14.7	-95.1	284.0	1148.8	-6492.2	-4877.2	-184.6	
66.80	285.7	11.2	-11.6	2.0	-141.7	14.8	-80.7	287.7	1120.9	-6446.2	-4484.1	-181.4	
66.85	289.2	11.0	-5.4	2.0	-143.1	14.9	-71.6	307.5	1100.0	-6705.3	-4228.3	-161.6	
66.90	292.8	10.9	-3.4	2.0	-142.0	15.0	-69.3	306.4	1079.6	-6705.9	-4106.4	-153.7	
66.95	296.4	10.9	-8.6	2.0	-135.7	15.1	-68.1	283.3	1053.8	-6328.6	-3972.1	-165.4	
67.00	300.0	11.1	-12.7	2.0	-131.0	15.2	-67.4	265.1	1034.9	-5985.4	-3974.3	-174.6	
67.05	303.5	11.3	-11.5	2.0	-131.2	15.3	-75.3	257.7	1021.5	-5860.3	-4216.4	-170.6	
67.10	307.1	11.5	-9.2	2.0	-131.4	15.4	-87.4	252.3	1000.7	-5725.9	-4464.0	-163.1	
67.15	310.6	11.8	-10.3	2.0	-129.2	15.5	-98.0	239.2	975.9	-5406.2	-4652.9	-164.4	
67.20	314.2	12.1	-11.6	2.0	-127.8	15.6	-101.5	222.5	957.6	-5147.4	-4870.5	-167.8	
67.25	317.8	12.0	-10.2	2.0	-130.3	15.7	-98.1	220.6	947.7	-5181.5	-5125.1	-165.3	
67.30	321.3	11.4	-8.5	2.0	-132.9	15.8	-100.3	222.7	934.3	-5176.1	-5413.3	-162.1	
67.35	324.8	10.9	-6.5	2.0	-133.2	15.9	-111.6	209.5	912.0	-4938.4	-5706.8	-155.5	
67.40	328.3	10.6	-2.9	2.0	-133.5	16.0	-126.0	192.1	896.0	-4508.8	-6123.4	-143.3	
67.45	331.9	10.6	3.2	2.0	-135.9	16.1	-135.7	174.6	891.8	-4141.7	-6633.5	-124.9	
67.50	335.4	10.9	6.4	2.0	-140.0	16.2	-149.4	153.0	888.0	-3642.4	-7290.6	-117.9	
67.55	338.9	10.9	8.6	2.0	-143.5	16.3	-166.8	127.7	870.6	-2996.7	-7896.8	-113.9	
67.60	342.4	10.8	13.8	2.0	-145.3	16.4	-175.8	99.3	851.3	-2453.3	-8261.4	-97.9	
67.65	345.8	10.6	19.6	2.0	-146.0	16.5	-173.6	92.3	844.6	-1998.8	-8457.9	-78.7	
67.70	349.3	10.7	26.6	2.0	-146.2	16.6	-171.8	86.7	838.2	-1771.7	-8542.4	-54.8	
67.75	352.7	10.7	33.2	2.0	-145.6	16.7	-174.5	72.7	819.8	-1703.3	-8538.4	-31.8	
67.80	356.2	10.3	34.0	2.0	-144.2	16.8	-173.7	56.6	809.8	-1313.4	-8526.0	-27.4	
67.85	359.6	10.0	33.9	2.0	-143.3	16.9	-168.1	27.3	820.6	-668.7	-8554.3	-26.8	
67.90	3.0	9.9	31.8	2.0	-141.1	17.0	-158.8	6.0	827.8	37.8	-8446.2	-31.9	
67.95	6.5	10.3	29.4	2.0	-138.4	17.1	-155.7	-13.1	816.5	738.7	-8222.6	-37.6	
68.00	9.9	10.3	27.2	2.0	-136.0	17.2	-157.0	-54.7	802.9	1288.6	-7950.8	-42.6	
68.05	13.3	10.2	22.5	2.0	-131.2	17.3	-145.5	-77.2	798.8	1643.7	-7526.3	-54.0	
68.10	16.7	10.1	18.7	2.0	-126.1	17.4	-131.0	-74.4	801.7	1871.4	-7112.0	-61.9	
68.15	20.0	10.7	20.6	2.0	-125.2	17.5	-130.9	-86.9	799.4	2092.6	-6960.4	-54.6	
68.20	23.4	10.8	23.6	2.0	-127.2	17.6	-136.1	-103.8	795.5	2380.9	-6990.0	-46.1	
68.25	26.8	10.6	27.1	2.0	-128.5	17.7	-133.0	-109.3	802.7	2588.2	-7005.4	-35.4	
68.30	30.2	10.1	30.3	2.0	-130.4	17.8	-130.0	-120.5	818.9	2798.5	-7051.0	-26.4	
68.35	33.5	10.1	28.0	2.0	-133.7	17.9	-131.4	-137.7	824.4	3338.6	-7045.1	-37.6	
68.40	36.8	10.5	24.8	2.0	-136.4	18.0	-135.0	-154.4	814.9	3959.3	-6908.2	-51.2	
68.45	40.2	10.8	26.0	2.0	-136.7	18.1	-131.5	-170.6	810.0	4299.7	-6700.0	-47.4	
68.50	43.5	10.9	28.0	2.0	-141.4	18.2	-126.5	-191.6	823.1	4810.5	-6721.2	-45.2	
68.55	46.8	11.0	28.1	2.0	-147.8	18.3	-118.6	-222.7	836.0	5449.9	-6741.3	-51.3	
68.60	50.1	11.2	29.9	2.0	-151.5	18.4	-111.7	-243.9	836.1	5896.8	-6670.8	-49.0	
68.65	53.4	11.6	38.0	2.0	-152.7	18.5	-109.8	-242.5	835.2	6134.0	-6587.8	-22.1	
68.70	56.7	11.8	43.5	2.0	-153.3	18.6	-105.1	-239.1	839.3	6364.8	-6445.1	-3.9	
68.75	60.0	11.6	45.8	2.0	-156.9	18.7	-98.0	-250.9	847.9	6807.2	-6334.7	0.5	
68.80	63.2	11.6	48.6	2.0	-161.4	18.8	-94.3	-273.4	851.4	7271.5	-6242.7	5.5	
68.85	66.5	11.7	51.0	2.0	-165.7	18.9	-98.1	-292.5	854.2	7584.9	-6276.8	9.4	
68.90	69.7	11.9	51.6	2.0	-170.1	19.0	-107.8	-298.5	863.0	7807.7	-6487.7	7.1	
68.95	72.9	11.0	50.5	2.0	-174.7	19.1	-122.8	-306.0	874.7	7948.4	-6790.7	-1.2	
69.00	76.1	10.6	48.6	2.0	-174.5	19.2	-128.3	-306.8	882.0	7859.2	-6848.6	-7.8	
69.05	79.3	10.6	46.3	2.0	-171.4	19.3	-123.0	-301.5	892.7	7684.9	-6703.6	-12.5	
69.10	82.5	10.9	43.4	2.0	-166.8	19.4	-111.1	-303.6	902.6	7487.9	-6396.0	-17.8	
69.15	85.7	11.0	37.5	2.0	-161.7	19.5	-91.1	-299.8	907.8	7414.3	-5926.5	-33.2	
69.20	88.8	11.0	34.6	2.0	-161.0	19.6	-77.8	-294.3	918.5	7510.6	-5746.8	-42.1	
69.25	92.0	10.8	36.3	2.0	-160.9	19.7	-69.2	-295.8	931.7	7516.3	-5707.5	-36.3	
69.30	95.1	10.5	35.8	2.0	-161.3	19.8	-62.4	-297.5	943.4	7601.0	-5634.3	-38.4	
69.35	98.3	10.1	32.9	2.0	-164.2	19.9	-60.3	-309.5	951.4	7839.8	-5605.7	-51.1	
69.40	101.4	10.1	32.8	2.0	-166.5	20.0	-68.4	-323.8	956.3	7834.8	-5822.4	-53.7	
69.45	104.5	10.3	37.6	2.0	-165.3	20.1	-77.1	-307.3	961.1	7537.5	-6116.8	-36.3	
69.50	107.6	10.4	42.6	2.0	-163.8	20.2	-81.3	-288.1	968.5	7237.2	-6369.1	-17.5	
69.55	110.7	10.3	44.1	2.0	-163.5	20.3	-87.6	-286.1	971.7	7004.1	-6593.6	-12.1	
69.60	113.8	10.4	45.6	2.0	-163.3	20.4	-102.2	-275.2	972.9	6672.3	-6927.8	-6.8	
69.65	116.9	10.6	51.1	2.0	-162.5	20.5	-119.7	-255.6	975.8	6116.2	-7382.5	12.9	
69.70	119.9	10.9	55.0	2.0	-165.9	20.6	-135.6	-244.1	986.0	5823.2	-7939.3	22.8	
69.75	123.0	11.0	52.2	2.0	-173.3	20.7	-145.6	-246.2	999.4	6068.5	-8415.9	6.0	
69.80	126.0	11.2	53.7	2.0	-178.3	20.8	-149.2	-254.6	1006.1	6275.6	-8698.4	6.0	
69.85	129.0	11.6	60.6	2.0	-178.4	20.9	-145.8	-248.8	1008.3	6161.4	-8805.1	29.7	
69.90	132.0	11.6	67.1	2.0	-178.8	21.0	-143.5	-235.5	1012.8	6025.0	-8980.9	51.6	
69.95	135.0	11.3	72.3	2.0	-181.8	21.1	-149.5	-231.8	1015.6	5911.4	-9325.0	66.5	
70.00	138.0	10.7	80.8	2.0	-185.8	21.2	-161.5	-219.5	1013.7	5780.7	-9766.6	91.7	
70.05	140.9	10.6	93.3	2.0	-189.7	21.3	-178.1	-190.6	1013.2	5490.3	-10314.8	130.5	
70.10	143.9	10.5	102.2	2.0	-193.4	21.4	-192.5	-167.4	1016.6	5053.5	-10858.5	157.5	
70.15	146.8	10.4	104.0	2.0	-197.7	21.5	-204.0	-160.5	1020.5	4756.5	-11325.7	159.2	
70.20	149.8	10.5	105.1	2.0	-201.2	21.6	-216.0	-160.9	1022.3	4466.7	-11695.0	159.7	
70.25	152.7	10.4	108.4	2.0	-202.2	21.7	-225.8	-148.4	1020.9	4005.5	-11941.6	169.9	
70.30	155.6	10.2	109.4	2.0	-201.0	21.8	-229.0	-117.6	1018.0	3495.8	-12052.6	174.4	
70.35	158.5	10.3	102.9	2.0	-198.0	21.9	-225.8	-97.1	1015.0	2985.8	-11990.0	155.4	
70.40	161.4	10.7	92.5	2.0	-193.1	22.0	-219.6	-91.5	1010.8	2437.2	-11757.7	124.5	
70.45	164.3	11.1	83.4	2.0	-186.5	22.1	-209.8	-78.9	1005.5	1830.0	-11411.2	99.7	
70.50	167.1	11.1	78.5	2.0	-182.3	22.2	-206.4	-58.4	1003.6	1156.7	-11204.3	87.2	
70.55	169.9	11.4	74.7	2.0	-180.5	22.3	-208.4	-34.3	1001.3	601.1	-11125.1	76.1	
70.60	172.7	11.5	70.5	2.0	-178.4	22.4	-209.5	-3.4	993.9	98.5	-10990.2	63.6	
70.65	175.6	11.0	67.8	2.0	-174.3	22.5	-204.6	14.4	991.1	-564.0	-10683.0	58.3	
70.70	178.4	10.9	63.9	2.0	-168.3	22.6	-190.0	26.3	995.2	-1188.1	-10213.4	51.2	
70.75	181.2	11.0	58.3	2.0	-161.9	22.7	-173.4	41.3	994.8	-1634.2	-9694.4	38.2	
70.80	183.9	11.1	55.0	2.0	-157.4	22.8	-165.4	58.7	982.9	-2044.1	-9291.8	31.5	
70.85	186.7	11.1	54.2	2.0	-156.2	22.9	-165.5	80.6	972.7	-2295.3	-9115.2	29.8	
70.90	189.4	11.2	52.3	2.0	-156.0	23.0	-166.0	89.1	975.9	-2399.8	-9060.2	23.7	
70.95	192.2	11.3	49.6	2.0	-153.7	23.1	-160.4	81.6	978.4	-2522.5	-8868.9	16.4	
71.00	194.9	11.6	43.1	2.0	-149.2	23.2	-152.0	84.8	966.5	-2639.3	-8503.5	-1.2	
71.05	197.6	11.7	38.1	2.0	-144.3	23.3	-143.6	98.2	950.9	-2689.5	-8116.4	-13.4	
71.10	200.4	11.5	39.1	2.0	-141.6	23.4	-137.0	111.6	943.6	-2756.7	-7873.8	-7.5	
71.15	203.0	11.8	42.8	2.0	-140.2	23.5	-130.9	124.1	939.6	-2779.3	-7743.3	6.8	
71.20	205.7	11.9	45.9	2.0	-138.7	23.6	-128.0	128.6	927.4	-2804.6	-7620.1	19.0	
71.25	208.4	11.9	46.7	2.0	-137.2	23.7	-129.9	127.3	907.4	-2849.5	-7494.3	23.2	
71.30	211.0	12.1	46.6	2.0	-136.4	23.8	-131.7	136.8	889.7	-2817.7	-7432.5	23.6	
71.35	213.6	11.8	50.0	2.0	-136.7	23.9	-130.2	150.4	878.4	-2786.6	-7453.1	35.0	
71.40	216.2	11.1	55.0	2.0	-137.3	24.0	-126.8	161.2	865.5	-2836.8	-7468.7	51.4	
71.45	218.8	10.2	55.9	2.0	-137.1	24.1	-125.2	169.9	848.0	-2956.2	-7400.5	54.7	
71.50	221.4	9.6	53.5	2.0	-136.6	24.2	-126.0	175.0	829.9	-3278.0	-7224.6	47.0	
71.55	224.0	9.3	52.4	2.0	-136.9	24.3	-124.0	189.2	814.7	-3783.7	-6976.8	43.0	
71.60	226.6	9.2	52.1	2.0	-137.4	24.4	-118.3	210.1	799.6	-4269.9	-6699.2	41.4	
71.65	229.2	9.4	48.1	2.0	-135.5	24.5	-108.5	215.6	783.5	-4528.5	-6362.0	29.7	
71.70	231.7	9.7	38.3	2.0	-131.3	24.6	-95.3	214.7	768.1	-4577.6	-5971.6	0.0	
71.75	234.3	10.0	29.1	2.0	-128.7	24.7	-85.1	216.2	751.4	-4785.3	-5581.1	-28.7	
71.80	236.8	10.3	24.5	2.0	-128.8	24.8	-78.5	219.0	733.2	-5190.5	-5227.3	-44.8	
71.85	239.4	10.6	22.5	2.0	-130.0	24.9	-73.0	230.6	715.9	-5523.6	-4988.1	-52.7	
71.90	241.9	10.4	21.8	2.0	-131.5	25.0	-69.0	240.6	701.3	-5768.5	-4864.4	-56.5	
71.95	244.4	10.0	22.4	2.0	-133.9	25.1	-65.0	249.6	686.8	-6050.2	-4789.3	-57.1	
72.00	246.8	9.7	24.8	2.0	-136.9	25.2	-61.8	263.4	671.8	-6302.3	-4788.6	-51.7	
72.05	249.3	10.3	27.3	2.0	-139.9	25.3	-61.9	270.0	656.4	-6530.4	-4860.6	-46.3	
72.10	251.7	10.6	29.8	2.0	-143.1	25.4	-65.8	273.2	640.2	-6726.8	-5000.8	-40.9	
72.15	254.2	10.6	32.6	2.0	-147.0	25.5	-74.3	286.3	620.9	-6908.6	-5206.8	-35.0	
72.20	256.6	10.3	38.4	2.0	-151.7	25.6	-87.8	297.4	601.9	-7111.2	-5482.7	-19.7	
72.25	259.0	10.3	41.4	2.0	-156.0	25.7	-98.2	304.0	587.0	-7273.9	-5768.0	-13.8	
72.30	261.4	10.3	42.8	2.0	-159.0	25.8	-105.2	303.5	576.8	-7340.7	-6055.6	-11.9	
72.35	263.8	10.2	43.7	2.0	-161.0	25.9	-110.6	298.7	563.3	-7439.3	-6203.1	-11.1	
72.40	266.2	10.0	42.7	2.0	-161.4	26.0	-113.8	299.7	544.4	-7476.7	-6215.6	-14.9	
72.45	268.6	9.9	41.8	2.0	-159.7	26.1	-111.2	301.6	525.0	-7418.9	-6112.1	-16.2	
72.50	271.0	9.9	40.0	2.0	-156.3	26.2	-104.1	291.6	511.1	-7231.6	-6006.3	-19.0	
72.55	273.3	10.4	35.9	2.0	-151.4	26.3	-95.9	278.8	497.3	-6872.4	-5930.1	-28.0	
72.60	275.6	10.8	34.7	2.0	-147.1	26.4	-93.2	266.9	478.7	-6535.8	-5898.6	-27.9	
72.65	278.0	10.8	37.8	2.0	-145.3	26.5	-97.0	260.8	456.9	-6362.2	-5930.7	-15.4	
72.70	280.3	10.3	42.8	2.0	-144.9	26.6	-101.5	263.7	438.3	-6195.0	-6066.9	2.1	
72.75	282.5	9.8	48.7	2.0	-144.7	26.7	-104.8	260.6	424.9	-5984.3	-6277.3	22.5	
72.80	284.8	10.0	55.0	2.0	-144.8	26.8	-110.0	253.7	409.6	-5802.7	-6489.9	44.0	
72.85	287.1	9.8	57.8	2.0	-145.0	26.9	-112.2	253.1	390.0	-5698.7	-6610.0	53.6	
72.90	289.3	9.7	61.9	2.0	-145.2	27.0	-113.9	250.5	371.6	-5632.6	-6720.6	67.2	
72.95	291.6	9.7	63.1	2.0	-145.1	27.1	-116.2	244.9	357.7	-5470.3	-6870.3	71.4	
73.00	293.8	9.9	63.4	2.0	-144.7	27.2	-118.9	241.9	344.8	-5289.5	-6992.7	72.8	
73.05	296.0	10.2	63.8	2.0	-144.1	27.3	-120.7	240.4	329.5	-5291.0	-6951.7	74.9	
73.10	298.2	10.7	61.6	2.0	-142.8	27.4	-121.1	242.7	312.2	-5394.6	-6747.3	68.8	
73.15	300.4	10.4	56.0	2.0	-140.3	27.5	-118.5	242.8	296.1	-5496.7	-6445.5	51.8	
73.20	302.6	10.3	50.1	2.0	-138.1	27.6	-113.0	238.5	283.6	-5656.3	-6112.9	33.9	
73.25	304.8	10.2	45.7	2.0	-136.3	27.7	-108.3	236.5	270.6	-5810.1	-5800.6	20.6	
73.30	307.0	10.2	40.6	2.0	-134.2	27.8	-103.6	235.3	254.6	-5928.3	-5479.4	5.3	
73.35	309.1	9.9	33.9	2.0	-131.3	27.9	-97.6	228.5	239.8	-5950.5	-5182.9	-14.9	
73.40	311.3	9.3	26.9	2.0	-127.8	28.0	-90.1	219.8	229.8	-5858.8	-4944.7	-35.4	
73.45	313.4	9.1	22.0	2.0	-125.1	28.1	-81.7	211.6	222.9	-5810.1	-4743.6	-49.6	
73.50	315.5	8.7	21.6	2.0	-123.9	28.2	-78.1	208.0	213.6	-5826.7	-4612.0	-49.6	
73.55	317.6	8.4	23.6	2.0	-122.8	28.3	-81.5	208.3	198.8	-5770.5	-4561.2	-41.7	
73.60	319.7	8.2	26.7	2.0	-121.1	28.4	-86.5	204.2	184.9	-5600.2	-4594.5	-29.3	
73.65	321.8	8.3	30.2	2.0	-119.4	28.5	-87.5	197.5	177.5	-5369.2	-4697.2	-15.7	
73.70	323.8	8.4	33.9	2.0	-117.2	28.6	-85.3	189.7	172.6	-5083.6	-4801.6	-0.9	
73.75	325.9	8.9	35.1	2.0	-113.4	28.7	-80.9	177.3	164.9	-4727.0	-4823.0	7.1	
73.80	327.9	8.8	34.8	2.0	-108.8	28.8	-77.7	161.3	154.5	-4313.1	-4805.4	10.7	
73.85	330.0	8.6	36.5	2.0	-105.2	28.9	-76.8	147.7	145.7	-3918.3	-4843.5	20.1	
73.90	332.0	8.7	39.9	2.0	-103.6	29.0	-78.2	139.5	140.1	-3589.8	-4974.7	33.5	
73.95	334.0	8.7	41.6	2.0	-102.2	29.1	-79.5	128.7	134.9	-3247.6	-5108.3	40.6	
74.00	336.1	8.7	41.4	2.0	-99.5	29.2	-81.0	112.4	126.6	-2859.4	-5156.8	42.7	
74.05	338.1	8.7	40.4	2.0	-95.5	29.3	-81.5	91.3	115.4	-2445.5	-5095.3	43.1	
74.10	340.1	8.7	38.4	2.0	-91.2	29.4	-79.8	70.5	105.6	-1964.6	-5006.1	40.7	
74.15	342.0	8.8	35.8	2.0	-87.7	29.5	-76.7	54.4	99.1	-1464.3	-4941.4	35.1	
74.20	344.0	8.7	34.0	2.0	-85.2	29.6	-75.0	43.2	91.2	-1045.1	-4883.9	31.5	
74.25	346.0	8.9	34.7	2.0	-83.4	29.7	-76.5	34.4	79.4	-744.3	-4818.2	35.6	
74.30	347.9	8.9	37.6	2.0	-82.6	29.8	-79.9	25.0	68.9	-549.4	-4791.0	46.5	
74.35	349.8	8.7	40.8	2.0	-82.8	29.9	-81.8	19.5	63.6	-393.9	-4822.0	57.1	
74.40	351.7	8.8	43.1	2.0	-83.8	30.0	-83.2	21.5	60.4	-319.5	-4898.5	64.4	
74.45	353.6	9.0	44.7	2.0	-84.5	30.1	-85.9	23.1	53.7	-278.3	-4954.1	69.1	
74.50	355.5	9.3	44.6	2.0	-84.9	30.2	-89.3	17.4	45.9	-159.3	-4986.0	68.3	
74.55	357.4	9.3	43.0	2.0	-85.4	30.3	-91.6	1.9	43.7	21.9	-5027.8	62.3	
74.60	359.3	9.2	40.6	2.0	-86.3	30.4	-93.6	-13.2	43.1	202.9	-5082.6	53.1	
74.65	1.2	9.1	38.0	2.0	-86.8	30.5	-96.8	-16.4	37.0	320.1	-5113.3	43.5	
74.70	3.0	8.8	35.8	2.0	-86.6	30.6	-100.3	-17.9	29.2	372.9	-5085.2	36.2	
74.75	4.9	8.5	32.9	2.0	-84.5	30.7	-97.0	-26.7	27.0	448.1	-4925.4	28.5	
74.80	6.7	8.2	28.8	2.0	-80.1	30.8	-84.8	-35.5	30.1	548.0	-4605.2	18.8	
74.85	8.6	8.4	25.0	2.0	-73.9	30.9	-69.2	-43.1	30.7	571.9	-4158.4	12.0	
74.90	10.4	8.5	21.5	2.0	-67.6	31.0	-55.6	-49.0	26.7	605.4	-3700.2	6.2	
74.95	12.2	8.4	16.8	2.0	-63.7	31.1	-44.3	-57.1	25.3	811.8	-3359.5	-6.0	
75.00	14.0	8.3	13.5	2.0	-63.7	31.2	-37.6	-74.0	30.1	1139.5	-3226.0	-17.4	
75.05	15.8	8.6	13.3	2.0	-66.2	31.3	-37.5	-91.3	31.8	1488.5	-3241.0	-20.6	
75.10	17.5	8.9	13.2	2.0	-68.8	31.4	-42.0	-100.6	25.5	1763.9	-3293.8	-23.4	
75.15	19.3	8.8	13.8	2.0	-70.9	31.5	-46.7	-107.8	19.4	1953.7	-3347.9	-23.7	
75.20	21.1	8.7	15.1	2.0	-73.6	31.6	-48.4	-115.0	21.3	2160.3	-3436.3	-21.8	
75.25	22.8	8.8	18.7	2.0	-76.0	31.7	-47.0	-121.2	26.7	2326.2	-3522.4	-11.7	
75.30	24.5	8.9	23.6	2.0	-77.2	31.8	-47.3	-123.9	28.1	2353.4	-3602.0	3.7	
75.35	26.3	9.0	28.0	2.0	-78.5	31.9	-53.1	-118.9	28.5	2315.0	-3749.5	17.6	
75.40	28.0	9.0	29.0	2.0	-81.0	32.0	-60.3	-117.2	30.2	2396.1	-3908.7	18.5	
75.45	29.7	9.2	31.1	2.0	-85.5	32.1	-67.1	-129.6	32.2	2676.1	-4084.5	21.4	
75.50	31.4	9.3	32.4	2.0	-90.8	32.2	-72.8	-143.6	32.8	3059.9	-4260.8	20.5	
75.55	33.1	9.4	33.6	2.0	-96.0	32.3	-79.7	-155.0	31.4	3414.1	-4435.5	19.5	
75.60	34.8	9.2	33.0	2.0	-100.6	32.4	-87.5	-166.2	28.7	3727.9	-4587.8	12.7	
75.65	36.5	9.7	32.9	2.0	-105.8	32.5	-95.2	-177.5	29.3	4055.3	-4768.2	7.1	
75.70	38.2	10.1	35.6	2.0	-109.7	32.6	-97.0	-189.1	33.1	4296.6	-4910.7	12.6	
75.75	39.9	10.0	39.3	2.0	-111.6	32.7	-92.8	-196.4	38.3	4405.8	-4975.1	23.4	
75.80	41.5	10.5	41.3	2.0	-112.3	32.8	-86.2	-198.2	42.4	4504.5	-4961.3	29.6	
75.85	43.2	10.8	42.6	2.0	-113.2	32.9	-83.6	-200.5	44.1	4614.5	-4944.8	33.0	
75.90	44.8	10.8	44.3	2.0	-114.9	33.0	-84.9	-204.5	44.6	4737.0	-4993.4	37.2	
75.95	46.5	10.5	46.8	2.0	-117.7	33.1	-87.7	-208.2	47.0	4886.7	-5123.7	42.8	
76.00	48.1	10.3	49.3	2.0	-120.7	33.2	-90.3	-214.2	50.5	5071.8	-5231.6	48.6	
76.05	49.7	10.5	48.3	2.0	-123.5	33.3	-92.4	-221.4	53.5	5314.8	-5256.0	42.1	
76.10	51.3	10.8	45.9	2.0	-125.3	33.4	-90.7	-229.0	56.5	5552.0	-5167.6	32.2	
76.15	52.9	10.8	44.8	2.0	-124.3	33.5	-81.6	-236.9	60.8	5642.0	-4934.3	29.6	
76.20	54.5	10.6	43.7	2.0	-121.0	33.6	-67.0	-238.2	67.4	5601.5	-4597.1	29.0	
76.25	56.0	10.5	40.6	2.0	-116.0	33.7	-53.4	-234.8	73.4	5462.2	-4192.3	23.5	
76.30	57.6	10.2	36.1	2.0	-110.7	33.8	-44.6	-233.1	75.5	5285.8	-3771.0	13.3	
76.35	59.2	9.5	31.9	2.0	-106.6	33.9	-40.5	-232.0	78.1	5124.1	-3462.8	2.8	
76.40	60.8	9.4	28.3	2.0	-104.4	34.0	-37.9	-235.7	84.4	5032.8	-3270.7	-7.2	
76.45	62.3	9.4	23.6	2.0	-104.1	34.1	-36.8	-243.4	93.4	5061.2	-3137.3	-23.2	
76.50	63.8	9.5	18.7	2.0	-105.0	34.2	-38.1	-251.8	99.9	5181.8	-3000.5	-40.8	
76.55	65.4	9.7	15.2	2.0	-105.1	34.3	-39.9	-259.0	101.6	5273.0	-2805.6	-53.0	
76.60	66.9	10.2	13.9	2.0	-104.4	34.4	-39.3	-260.3	103.6	5310.3	-2606.7	-56.7	
76.65	68.4	10.6	12.7	2.0	-103.5	34.5	-33.5	-258.2	109.1	5338.1	-2407.9	-60.0	
76.70	69.9	10.3	13.4	2.0	-102.5	34.6	-26.4	-255.5	115.2	5339.1	-2215.8	-56.3	
76.75	71.4	10.4	15.1	2.0	-101.4	34.7	-22.3	-249.9	119.2	5330.6	-2061.8	-49.7	
76.80	72.9	10.5	17.5	2.0	-101.5	34.8	-22.6	-246.5	123.5	5359.6	-2015.7	-41.3	
76.85	74.4	10.4	19.4	2.0	-104.1	34.9	-23.3	-249.4	130.2	5535.7	-2076.5	-37.4	
76.90	75.8	10.6	20.7	2.0	-109.4	35.0	-25.9	-257.0	139.2	5861.3	-2259.2	-38.4	
76.95	77.3	10.9	22.1	2.0	-115.8	35.1	-31.7	-270.2	145.6	6238.8	-2507.0	-39.9	
77.00	78.8	11.3	24.0	2.0	-121.9	35.2	-40.5	-283.1	147.0	6592.5	-2755.2	-39.7	
77.05	80.3	11.3	25.1	2.0	-127.7	35.3	-47.5	-292.6	147.4	6939.4	-2976.5	-41.5	
77.10	81.7	11.3	26.8	2.0	-132.9	35.4	-50.8	-301.0	151.4	7241.0	-3191.5	-40.8	
77.15	83.2	11.4	29.3	2.0	-135.7	35.5	-50.6	-302.4	157.1	7397.8	-3342.7	-35.2	
77.20	84.6	12.0	32.9	2.0	-135.9	35.6	-49.4	-298.2	161.0	7397.7	-3405.2	-22.9	
77.25	86.0	12.1	35.3	2.0	-136.0	35.7	-49.5	-295.4	164.2	7395.3	-3444.0	-14.7	
77.30	87.4	11.4	37.4	2.0	-137.7	35.8	-50.5	-296.2	170.4	7486.1	-3536.6	-9.4	
77.35	88.8	11.4	39.4	2.0	-139.6	35.9	-52.6	-298.4	178.2	7544.9	-3711.1	-4.2	
77.40	90.2	11.5	40.9	2.0	-140.5	36.0	-54.6	-296.9	183.6	7537.6	-3882.2	0.0	
77.45	91.6	11.7	42.6	2.0	-141.5	36.1	-59.8	-296.1	186.2	7526.1	-4051.4	4.6	
77.50	93.0	11.7	41.1	2.0	-141.6	36.2	-65.0	-298.7	187.3	7463.5	-4166.8	-0.6	
77.55	94.4	11.9	39.8	2.0	-140.1	36.3	-68.3	-298.4	189.6	7284.3	-4246.7	-3.5	
77.60	95.8	12.2	40.3	2.0	-137.0	36.4	-69.6	-293.2	193.9	6982.2	-4305.5	1.3	
77.65	97.2	12.4	39.8	2.0	-133.8	36.5	-71.2	-287.2	199.5	6677.5	-4360.4	2.9	
77.70	98.5	12.6	37.9	2.0	-131.1	36.6	-73.0	-279.4	204.8	6434.6	-4389.3	-0.9	
77.75	99.9	12.7	37.4	2.0	-127.2	36.7	-70.8	-270.8	209.6	6150.7	-4317.9	1.0	
77.80	101.2	12.6	37.4	2.0	-122.4	36.8	-64.3	-262.8	215.5	5847.7	-4152.4	5.9	
77.85	102.5	12.5	33.6	2.0	-117.1	36.9	-54.3	-256.2	222.1	5567.5	-3894.5	-1.9	
77.90	103.9	12.4	29.2	2.0	-111.3	37.0	-44.8	-251.7	226.5	5274.0	-3568.5	-11.0	
77.95	105.2	12.3	25.9	2.0	-105.1	37.1	-39.7	-244.6	228.3	4943.9	-3250.8	-16.1	
78.00	106.5	12.4	23.6	2.0	-100.4	37.2	-41.0	-236.0	231.5	4657.8	-3077.9	-19.4	
78.05	107.8	12.3	21.1	2.0	-98.3	37.3	-44.4	-233.3	237.4	4499.9	-3030.7	-25.7	
78.10	109.1	11.5	17.8	2.0	-97.7	37.4	-44.9	-234.0	244.2	4470.6	-2989.2	-36.6	
78.15	110.4	11.2	15.1	2.0	-97.3	37.5	-42.0	-235.7	251.6	4481.3	-2901.5	-45.6	
78.20	111.7	11.2	12.5	2.0	-96.4	37.6	-36.1	-238.7	258.0	4488.6	-2736.2	-53.4	
78.25	113.0	11.1	10.8	2.0	-95.2	37.7	-29.7	-237.9	262.5	4499.8	-2537.0	-57.9	
78.30	114.3	11.0	10.7	2.0	-93.6	37.8	-24.5	-234.5	266.4	4469.2	-2362.6	-56.9	
78.35	115.5	10.8	13.1	2.0	-92.4	37.9	-23.0	-229.4	270.9	4423.6	-2283.6	-47.6	
78.40	116.8	10.7	15.9	2.0	-93.0	38.0	-25.8	-222.9	276.4	4466.8	-2317.9	-38.3	
78.45	118.0	10.9	18.7	2.0	-95.9	38.1	-30.4	-223.0	282.0	4657.7	-2410.0	-31.7	
78.50	119.3	10.9	20.9	2.0	-100.9	38.2	-34.8	-229.0	287.2	5010.6	-2512.0	-29.3	
78.55	120.5	10.7	23.3	2.0	-106.6	38.3	-35.0	-235.6	292.7	5437.7	-2564.0	-26.7	
78.60	121.8	10.7	25.2	2.0	-111.0	38.4	-30.1	-244.4	298.7	5788.7	-2531.6	-24.4	
78.65	123.0	10.9	26.2	2.0	-114.6	38.5	-25.3	-251.0	304.8	6084.8	-2478.1	-24.7	
78.70	124.2	11.2	27.2	2.0	-116.7	38.6	-23.3	-253.1	307.3	6263.1	-2428.5	-23.2	
78.75	125.5	11.2	29.4	2.0	-116.6	38.7	-24.1	-250.8	307.5	6273.6	-2404.8	-15.7	
78.80	126.7	11.4	31.7	2.0	-116.0	38.8	-26.5	-243.7	310.0	6226.2	-2440.0	-7.3	
78.85	127.9	11.8	32.2	2.0	-115.9	38.9	-28.1	-238.8	314.6	6210.2	-2483.6	-5.2	
78.90	129.1	12.4	31.3	2.0	-116.0	39.0	-28.3	-238.0	317.4	6234.7	-2458.0	-8.5	
78.95	130.3	12.5	29.3	2.0	-115.6	39.1	-26.1	-237.7	318.7	6249.3	-2335.5	-15.0	
79.00	131.5	12.4	26.7	2.0	-113.7	39.2	-21.7	-237.1	320.6	6166.2	-2142.8	-21.9	
79.05	132.7	12.5	24.4	2.0	-110.4	39.3	-17.1	-234.5	323.1	5975.6	-1947.3	-26.6	
79.10	133.9	12.5	22.1	2.0	-105.9	39.4	-14.9	-225.3	324.2	5697.3	-1793.3	-30.2	
79.15	135.1	12.5	20.5	2.0	-99.9	39.5	-13.1	-212.9	322.7	5314.5	-1618.3	-29.5	
79.20	136.3	12.5	19.5	2.0	-93.5	39.6	-9.9	-200.7	323.8	4899.4	-1443.6	-26.6	
79.25	137.4	12.3	17.1	2.0	-88.5	39.7	-4.7	-191.3	328.3	4582.5	-1266.8	-29.8	
79.30	138.6	12.0	13.8	2.0	-84.5	39.8	2.3	-185.0	332.4	4333.7	-1052.1	-37.1	
79.35	139.7	11.5	9.6	2.0	-81.1	39.9	9.9	-181.3	333.8	4136.7	-805.8	-48.1	
79.40	140.9	11.6	7.0	2.0	-78.3	40.0	15.2	-178.0	337.3	3959.5	-629.8	-54.3	
79.45	142.0	11.9	5.5	2.0	-75.6	40.1	15.0	-174.3	342.8	3765.6	-596.7	-56.9	
79.50	143.1	12.3	4.8	2.0	-72.5	40.2	10.7	-167.5	344.2	3539.7	-647.0	-55.9	
79.55	144.3	12.0	4.5	2.0	-69.1	40.3	4.8	-156.0	342.2	3288.7	-743.1	-53.6	
79.60	145.4	11.8	5.5	2.0	-66.0	40.4	1.6	-146.5	343.6	3054.9	-833.0	-47.2	
79.65	146.5	11.8	6.8	2.0	-64.3	40.5	2.9	-141.9	350.0	2912.0	-882.0	-41.1	
79.70	147.6	11.5	6.9	2.0	-63.1	40.6	6.3	-137.9	355.1	2827.4	-895.4	-39.5	
79.75	148.7	11.5	6.8	2.0	-62.1	40.7	7.4	-134.5	356.2	2745.7	-932.9	-38.7	
79.80	149.8	11.9	7.8	2.0	-62.2	40.8	5.9	-132.3	359.2	2709.1	-1057.6	-35.5	
79.85	150.9	12.3	10.1	2.0	-63.6	40.9	2.1	-133.2	365.3	2721.6	-1277.2	-28.9	
79.90	152.0	12.2	12.6	2.0	-65.5	41.0	-4.8	-134.3	367.6	2740.2	-1537.9	-22.3	
79.95	153.1	11.9	15.4	2.0	-67.9	41.1	-15.4	-130.9	364.0	2801.0	-1817.5	-15.1	
80.00	154.2	12.0	17.1	2.0	-70.0	41.2	-22.2	-128.3	361.0	2857.2	-2023.7	-11.1	
80.05	155.2	12.4	19.3	2.0	-71.7	41.3	-23.2	-129.2	363.6	2920.9	-2151.9	-5.4	
80.10	156.3	12.9	21.6	2.0	-73.0	41.4	-22.1	-128.2	366.3	3000.1	-2217.0	1.0	
80.15	157.3	13.0	22.8	2.0	-73.4	41.5	-20.8	-125.2	364.8	3038.1	-2225.3	4.8	
80.20	158.4	12.7	24.6	2.0	-73.2	41.6	-19.0	-120.9	363.2	3038.9	-2224.1	11.2	
80.25	159.4	12.5	26.8	2.0	-72.3	41.7	-17.1	-111.7	365.9	2962.2	-2257.6	19.7	
80.30	160.5	13.0	28.7	2.0	-70.2	41.8	-15.3	-102.2	368.7	2784.7	-2274.0	28.1	
80.35	161.5	13.0	28.5	2.0	-67.5	41.9	-15.5	-95.3	366.4	2563.1	-2245.3	30.3	
80.40	162.5	12.9	26.7	2.0	-64.8	42.0	-18.7	-89.8	362.0	2339.8	-2217.4	26.8	
80.45	163.6	12.7	24.7	2.0	-62.0	42.1	-20.9	-84.4	361.7	2086.6	-2193.4	22.7	
80.50	164.6	12.8	22.5	2.0	-59.1	42.2	-21.5	-78.0	364.8	1823.2	-2153.6	18.2	
80.55	165.6	12.9	19.1	2.0	-56.3	42.3	-21.7	-71.8	365.9	1626.6	-2062.9	9.3	
80.60	166.6	12.9	15.2	2.0	-52.9	42.4	-20.8	-67.1	364.6	1440.2	-1893.6	-0.7	
80.65	167.6	12.4	11.7	2.0	-47.9	42.5	-14.9	-62.6	365.3	1196.8	-1624.7	-7.6	
80.70	168.6	12.1	8.6	2.0	-41.7	42.6	-5.0	-52.7	369.1	910.6	-1289.3	-12.2	
80.75	169.6	11.9	5.7	2.0	-35.0	42.7	5.8	-42.5	371.2	634.2	-905.4	-15.4	
80.80	170.6	11.8	3.1	2.0	-28.9	42.8	13.8	-32.9	370.0	391.9	-535.3	-18.3	
80.85	171.6	12.0	0.6	2.0	-23.9	42.9	19.2	-23.2	369.1	184.9	-239.3	-21.7	
80.90	172.6	12.2	-1.3	2.0	-20.5	43.0	23.4	-16.3	371.5	-1.2	-45.4	-24.9	
80.95	173.5	12.0	-3.0	2.0	-21.3	43.1	24.3	-14.7	374.1	-97.2	31.1	-31.4	
81.00	174.5	12.0	-5.5	2.0	-21.1	43.2	22.1	-17.2	373.6	-85.3	40.5	-40.0	
81.05	175.5	12.0	-7.5	2.0	-20.5	43.3	19.9	-17.6	372.3	-43.9	25.9	-46.3	
81.10	176.5	11.9	-6.3	2.0	-21.4	43.4	20.9	-10.4	372.9	-120.3	35.6	-43.1	
81.15	177.4	11.8	-3.2	2.0	-23.9	43.5	23.5	-1.1	374.4	-304.0	77.1	-34.8	
81.20	178.4	11.7	-0.8	2.0	-25.9	43.6	25.1	3.8	374.1	-437.7	138.5	-28.6	
81.25	179.3	12.0	0.6	2.0	-26.7	43.7	26.1	5.1	371.4	-476.8	201.5	-24.6	
81.30	180.3	12.0	2.9	2.0	-26.6	43.8	27.6	7.8	369.7	-453.1	225.3	-16.6	
81.35	181.2	12.0	4.0	2.0	-24.9	43.9	28.1	13.3	370.7	-341.7	154.9	-11.1	
81.40	182.2	11.8	3.5	2.0	-21.7	44.0	24.9	13.4	370.6	-139.6	1.8	-9.6	
81.45	183.1	11.6	3.8	2.0	-22.3	44.1	18.0	4.7	366.9	103.2	-191.6	-9.4	
81.50	184.0	11.4	4.4	2.0	-25.7	44.2	11.6	-3.1	363.5	307.6	-386.3	-10.6	
81.55	185.0	11.2	6.9	2.0	-27.7	44.3	9.8	-3.7	362.7	386.3	-526.6	-4.1	
81.60	185.9	11.4	9.4	2.0	-28.5	44.4	11.6	0.5	361.9	382.3	-596.0	3.7	
81.65	186.8	11.8	11.5	2.0	-29.2	44.5	12.2	4.7	357.7	393.8	-648.6	10.3	
81.70	187.7	12.2	12.8	2.0	-30.3	44.6	10.6	4.3	352.6	425.9	-735.7	13.7	
81.75	188.6	12.4	14.7	2.0	-32.0	44.7	8.7	4.4	351.8	442.5	-886.8	18.3	
81.80	189.5	12.3	17.5	2.0	-34.3	44.8	5.6	9.7	352.5	414.9	-1078.3	25.9	
81.85	190.3	11.9	19.9	2.0	-36.3	44.9	0.8	16.5	350.0	353.8	-1241.9	31.9	
81.90	191.2	12.2	20.8	2.0	-37.6	45.0	-4.5	21.8	345.0	285.4	-1351.2	33.7	
81.95	192.1	12.3	21.2	2.0	-38.3	45.1	-7.8	28.5	342.7	126.8	-1404.1	34.5	
82.00	192.9	12.2	22.0	2.0	-38.0	45.2	-6.1	38.4	342.5	-194.9	-1345.8	37.7	
82.05	193.8	11.8	22.6	2.0	-38.0	45.3	-1.6	50.2	340.4	-604.9	-1183.3	39.6	
82.10	194.7	11.5	21.4	2.0	-39.0	45.4	2.2	60.2	336.5	-967.9	-982.1	34.6	
82.15	195.5	11.2	18.7	2.0	-40.9	45.5	6.6	67.9	334.8	-1290.4	-766.3	23.2	
82.20	196.4	11.3	17.4	2.0	-44.2	45.6	12.9	76.1	335.7	-1645.7	-529.2	15.6	
82.25	197.2	11.5	16.4	2.0	-48.9	45.7	18.2	85.7	337.2	-2027.4	-294.4	7.3	
82.30	198.1	11.5	13.7	2.0	-53.3	45.8	23.1	90.1	336.5	-2364.0	-16.0	-6.1	
82.35	198.9	10.8	9.7	2.0	-56.9	45.9	28.5	90.3	333.6	-2618.6	306.7	-23.4	
82.40	199.8	10.5	6.3	2.0	-60.7	46.0	34.4	94.5	330.6	-2840.4	626.9	-38.9	
82.45	200.6	10.4	5.5	2.0	-65.3	46.1	41.1	103.4	328.1	-3099.7	911.1	-46.5	
82.50	201.4	10.8	5.7	2.0	-69.6	46.2	46.0	112.6	326.9	-3354.0	1097.4	-50.3	
82.55	202.3	10.8	5.7	2.0	-72.8	46.3	47.1	118.6	326.1	-3563.6	1164.5	-53.0	
82.60	203.1	10.8	6.1	2.0	-75.2	46.4	45.8	121.4	324.8	-3751.7	1157.2	-54.2	
82.65	203.9	11.1	7.4	2.0	-77.4	46.5	43.8	128.2	323.8	-3928.9	1086.6	-52.1	
82.70	204.7	11.5	9.7	2.0	-78.7	46.6	43.2	136.0	324.8	-4043.4	959.8	-45.3	
82.75	205.5	12.1	12.0	2.0	-78.3	46.7	41.4	138.4	324.8	-4048.4	770.7	-37.2	
82.80	206.4	12.8	13.5	2.0	-76.3	46.8	35.1	135.9	320.9	-3950.4	515.0	-30.1	
82.85	207.2	13.1	14.9	2.0	-74.2	46.9	25.8	135.0	315.1	-3829.0	211.6	-22.9	
82.90	208.0	13.1	17.9	2.0	-72.7	47.0	17.0	136.5	311.9	-3725.1	-118.6	-11.4	
82.95	208.7	12.9	21.3	2.0	-70.8	47.1	10.0	137.6	311.4	-3551.3	-454.9	2.4	
83.00	209.5	12.9	24.8	2.0	-68.1	47.2	5.2	137.2	309.6	-3300.3	-726.4	17.1	
83.05	210.3	12.7	27.0	2.0	-65.5	47.3	3.9	133.4	305.1	-3075.0	-860.0	27.4	
83.10	211.1	12.3	28.5	2.0	-63.4	47.4	4.7	132.6	301.5	-2899.3	-929.7	34.4	
83.15	211.9	12.2	29.8	2.0	-62.0	47.5	7.6	131.3	300.8	-2769.0	-980.6	40.5	
83.20	212.7	12.0	31.3	2.0	-60.9	47.6	9.7	128.8	299.5	-2678.8	-1027.0	46.5	
83.25	213.5	11.8	32.5	2.0	-60.8	47.7	7.2	130.4	293.6	-2641.9	-1083.6	50.8	
83.30	214.2	12.2	33.1	2.0	-61.6	47.8	2.7	134.2	287.4	-2690.9	-1122.9	51.8	
83.35	215.0	12.1	32.4	2.0	-63.1	47.9	-0.5	138.9	285.6	-2782.7	-1153.5	48.0	
83.40	215.8	11.9	30.9	2.0	-64.3	48.0	-2.0	139.9	284.9	-2888.5	-1137.1	41.7	
83.45	216.6	11.6	28.1	2.0	-65.0	48.1	-1.1	138.1	281.0	-3000.7	-1010.5	31.4	
83.50	217.3	11.7	26.1	2.0	-65.7	48.2	1.1	142.1	275.6	-3109.9	-799.2	23.8	
83.55	218.1	11.8	25.2	2.0	-68.1	48.3	9.0	152.3	274.1	-3327.0	-496.4	18.2	
83.60	218.8	11.5	25.9	2.0	-72.2	48.4	19.2	162.5	274.9	-3639.0	-154.6	16.7	
83.65	219.6	11.5	25.8	2.0	-76.6	48.5	26.0	171.7	273.0	-3943.9	155.5	12.1	
83.70	220.3	11.5	25.3	2.0	-80.6	48.6	30.5	175.7	268.2	-4209.8	468.8	6.1	
83.75	221.1	11.4	22.4	2.0	-84.0	48.7	37.1	180.0	265.3	-4414.0	773.4	-7.0	
83.80	221.8	11.3	20.0	2.0	-86.5	48.8	43.9	186.9	265.0	-4530.4	1017.8	-17.8	
83.85	222.5	11.1	18.3	2.0	-88.5	48.9	48.8	190.1	262.6	-4627.8	1226.9	-25.6	
83.90	223.3	10.9	16.1	2.0	-90.0	49.0	49.9	187.8	256.8	-4716.1	1381.4	-34.8	
83.95	224.0	10.8	14.0	2.0	-91.4	49.1	48.2	187.9	252.7	-4810.4	1440.4	-43.4	
84.00	224.7	10.7	14.3	2.0	-94.0	49.2	49.5	194.1	252.6	-4984.7	1487.8	-45.0	
84.05	225.5	10.7	16.9	2.0	-97.5	49.3	53.5	203.8	250.8	-5203.2	1572.1	-39.5	
84.10	226.2	10.2	19.2	2.0	-99.7	49.4	55.1	212.8	245.6	-5336.9	1619.4	-33.8	
84.15	226.9	10.0	20.1	2.0	-100.4	49.5	54.8	215.9	241.5	-5391.8	1604.0	-31.6	
84.20	227.6	10.2	20.9	2.0	-100.6	49.6	55.0	214.6	239.8	-5432.8	1528.3	-28.9	
84.25	228.3	10.9	22.1	2.0	-100.1	49.7	52.2	215.8	238.3	-5447.9	1336.8	-24.3	
84.30	229.0	11.2	23.6	2.0	-98.8	49.8	44.4	216.4	234.4	-5417.1	1051.9	-17.7	
84.35	229.7	11.2	24.8	2.0	-97.0	49.9	34.3	214.6	228.9	-5347.3	724.3	-11.9	
84.40	230.5	11.5	26.4	2.0	-95.7	50.0	24.9	215.2	225.5	-5284.7	365.5	-5.1	
84.45	231.2	11.2	29.5	2.0	-95.4	50.1	18.5	216.1	223.4	-5279.4	50.8	5.8	
84.50	231.9	10.8	31.2	2.0	-95.2	50.2	14.5	215.0	219.5	-5269.6	-182.1	12.0	
84.55	232.6	11.1	32.3	2.0	-93.9	50.3	10.5	213.4	214.3	-5167.6	-388.2	16.9	
84.60	233.3	10.8	33.9	2.0	-92.1	50.4	9.7	210.4	210.4	-5029.0	-549.3	24.2	
84.65	234.0	10.3	37.3	2.0	-91.4	50.5	10.3	211.5	208.5	-4954.5	-689.8	36.8	
84.70	234.7	10.4	40.5	2.0	-91.6	50.6	9.7	215.5	206.3	-4939.5	-836.3	47.5	
84.75	235.3	10.2	42.4	2.0	-91.9	50.7	5.6	215.9	203.1	-4935.3	-1001.7	53.6	
84.80	236.0	10.1	42.7	2.0	-92.1	50.8	0.5	213.2	199.2	-4929.1	-1152.3	54.5	
84.85	236.7	10.3	43.3	2.0	-92.8	50.9	-2.9	214.0	195.1	-4959.5	-1242.9	56.0	
84.90	237.4	10.7	43.9	2.0	-94.1	51.0	-2.9	219.3	191.1	-5043.9	-1246.0	56.5	
84.95	238.1	10.9	43.4	2.0	-95.3	51.1	-1.9	223.1	187.3	-5142.5	-1197.5	53.6	
85.00	238.7	10.7	41.9	2.0	-96.3	51.2	-0.7	223.1	184.1	-5241.9	-1121.2	47.4	
85.05	239.4	10.7	40.3	2.0	-97.9	51.3	1.6	224.4	181.4	-5391.8	-992.2	40.2	
85.10	240.1	10.9	39.5	2.0	-100.7	51.4	5.8	229.9	179.1	-5618.1	-786.5	34.9	
85.15	240.7	11.0	39.1	2.0	-103.8	51.5	10.4	239.1	176.5	-5858.3	-549.5	30.5	
85.20	241.4	10.7	38.3	2.0	-106.4	51.6	15.9	246.5	173.5	-6054.8	-294.9	25.0	
85.25	242.0	10.5	36.8	2.0	-108.3	51.7	22.1	248.5	170.0	-6202.0	-8.3	18.1	
85.30	242.7	10.3	34.4	2.0	-109.8	51.8	27.0	250.2	165.8	-6308.7	284.7	8.1	
85.35	243.3	10.3	31.6	2.0	-111.6	51.9	31.0	253.9	161.4	-6415.0	560.7	-3.1	
85.40	243.9	10.3	29.4	2.0	-113.4	52.0	35.7	257.2	157.9	-6513.2	816.9	-12.3	
85.45	244.6	10.4	27.4	2.0	-114.4	52.1	40.3	258.1	155.8	-6562.6	1024.1	-20.5	
85.50	245.2	10.7	26.0	2.0	-115.5	52.2	43.7	259.3	154.1	-6611.7	1195.5	-26.2	
85.55	245.9	10.5	25.8	2.0	-117.5	52.3	46.4	262.7	151.2	-6726.3	1371.5	-28.9	
85.60	246.5	10.1	25.7	2.0	-119.1	52.4	49.7	264.9	148.2	-6813.1	1517.5	-31.0	
85.65	247.1	9.7	24.9	2.0	-119.0	52.5	52.9	262.9	146.6	-6793.8	1574.5	-33.4	
85.70	247.8	10.0	24.6	2.0	-117.7	52.6	54.9	259.1	144.6	-6702.2	1580.0	-33.4	
85.75	248.4	10.3	26.4	2.0	-116.7	52.7	54.0	260.5	141.2	-6636.4	1548.1	-26.1	
85.80	249.0	10.4	28.8	2.0	-116.4	52.8	51.2	265.0	137.0	-6614.9	1489.6	-17.5	
85.85	249.6	10.3	30.1	2.0	-115.1	52.9	48.5	264.6	134.5	-6540.1	1385.1	-11.7	
85.90	250.3	10.2	30.3	2.0	-112.1	53.0	44.5	257.7	133.7	-6368.6	1217.7	-8.1	
85.95	250.9	9.8	30.7	2.0	-109.0	53.1	40.5	252.0	130.6	-6179.0	1059.7	-3.7	
86.00	251.5	9.4	32.9	2.0	-106.9	53.2	36.7	252.9	125.5	-6045.0	923.0	5.9	
86.05	252.1	9.2	35.2	2.0	-104.7	53.3	33.2	253.8	122.0	-5900.1	744.7	16.3	
86.10	252.8	9.6	35.6	2.0	-101.1	53.4	30.3	247.9	120.3	-5673.1	521.7	20.9	
86.15	253.4	9.6	36.1	2.0	-97.9	53.5	26.3	240.1	116.7	-5470.1	311.5	26.0	
86.20	254.0	9.5	38.6	2.0	-96.8	53.6	22.2	239.0	110.7	-5400.2	171.4	35.7	
86.25	254.6	9.2	40.9	2.0	-96.2	53.7	19.8	241.5	106.1	-5358.7	63.2	44.0	
86.30	255.2	9.7	41.6	2.0	-94.9	53.8	18.7	240.1	104.5	-5262.3	-58.9	47.9	
86.35	255.8	9.8	41.9	2.0	-93.5	53.9	17.5	235.6	102.3	-5170.5	-163.6	50.3	
86.40	256.4	9.7	42.3	2.0	-93.2	54.0	14.0	234.4	96.9	-5153.3	-250.4	52.1	
86.45	257.0	9.5	42.8	2.0	-94.0	54.1	10.2	237.5	92.1	-5206.8	-321.6	53.0	
86.50	257.6	9.5	43.0	2.0	-95.1	54.2	7.9	240.3	90.3	-5276.2	-389.5	52.5	
86.55	258.2	9.5	43.7	2.0	-96.9	54.3	6.8	243.7	87.6	-5400.9	-413.6	53.0	
86.60	258.8	9.2	44.9	2.0	-99.9	54.4	6.9	250.5	82.0	-5620.5	-349.5	54.2	
86.65	259.4	9.6	45.6	2.0	-103.2	54.5	8.9	256.6	78.1	-5858.6	-233.7	53.5	
86.70	260.0	10.0	44.0	2.0	-105.0	54.6	13.0	257.7	77.4	-6000.3	-102.7	45.9	
86.75	260.6	9.8	41.7	2.0	-106.0	54.7	18.8	256.5	76.6	-6079.8	67.2	37.1	
86.80	261.2	9.7	39.6	2.0	-107.1	54.8	25.4	255.0	73.7	-6156.4	287.4	29.0	
86.85	261.7	9.5	37.6	2.0	-108.4	54.9	31.3	255.4	70.8	-6246.2	501.5	20.7	
86.90	262.3	9.3	35.6	2.0	-110.0	55.0	35.0	258.2	68.9	-6336.2	677.2	12.2	
86.95	262.9	9.6	34.0	2.0	-112.1	55.1	38.3	261.3	66.3	-6467.8	865.3	4.8	
87.00	263.5	9.8	33.9	2.0	-114.9	55.2	41.5	264.5	62.5	-6643.9	1069.7	1.6	
87.05	264.1	10.0	33.1	2.0	-116.9	55.3	43.5	266.7	59.2	-6765.1	1225.9	-3.3	
87.10	264.6	10.1	31.0	2.0	-117.8	55.4	45.8	267.7	58.7	-6815.5	1324.0	-11.2	
87.15	265.2	10.0	29.8	2.0	-118.5	55.5	49.4	266.1	57.6	-6853.4	1425.8	-16.4	
87.20	265.8	9.8	29.8	2.0	-119.1	55.6	51.1	265.8	54.3	-6890.3	1489.6	-17.0	
87.25	266.3	10.8	29.8	2.0	-119.4	55.7	49.8	266.5	50.6	-6918.6	1464.6	-17.3	
87.30	266.9	11.3	30.9	2.0	-120.1	55.8	47.6	269.9	47.9	-6979.0	1385.6	-14.1	
87.35	267.4	11.4	33.7	2.0	-121.3	55.9	44.7	275.9	44.1	-7074.6	1308.6	-5.6	
87.40	268.0	11.1	36.4	2.0	-121.9	56.0	41.1	280.2	39.3	-7129.1	1237.9	3.1	
87.45	268.5	11.1	36.9	2.0	-120.3	56.1	36.9	277.7	35.8	-7035.2	1116.4	6.5	
87.50	269.1	11.2	36.6	2.0	-116.9	56.2	33.2	270.7	33.5	-6822.1	942.7	8.9	
87.55	269.6	11.8	36.9	2.0	-113.2	56.3	31.3	264.1	31.1	-6582.1	776.9	13.4	
87.60	270.2	12.3	37.3	2.0	-109.6	56.4	28.7	260.3	27.8	-6341.3	607.0	18.6	
87.65	270.7	12.6	38.9	2.0	-106.6	56.5	24.6	258.3	24.2	-6138.0	424.7	26.9	
87.70	271.3	12.4	41.0	2.0	-104.7	56.6	21.6	255.2	20.5	-6020.0	281.8	35.9	
87.75	271.8	12.3	43.8	2.0	-103.9	56.7	19.6	254.1	17.3	-5965.8	167.0	46.6	
87.80	272.3	12.2	46.4	2.0	-103.2	56.8	18.1	255.4	15.2	-5911.7	68.7	56.1	
87.85	272.9	12.2	47.2	2.0	-101.9	56.9	17.6	253.8	12.7	-5823.5	5.2	60.1	
87.90	273.4	12.1	46.3	2.0	-99.8	57.0	16.0	249.9	10.4	-5676.0	-84.8	59.2	
87.95	274.0	11.8	45.6	2.0	-97.8	57.1	13.3	244.5	8.9	-5540.5	-201.1	58.8	
88.00	274.5	11.2	45.4	2.0	-97.2	57.2	11.8	240.6	7.4	-5507.7	-284.6	58.6	
88.05	275.1	11.1	45.1	2.0	-98.0	57.3	9.3	242.6	4.8	-5557.9	-349.4	56.8	
88.10	275.6	11.2	45.1	2.0	-99.6	57.4	5.8	248.4	0.8	-5662.1	-374.2	55.4	
88.15	276.1	11.3	46.2	2.0	-101.3	57.5	5.6	251.4	-3.4	-5789.4	-296.4	57.4	
88.20	276.7	11.3	46.9	2.0	-102.3	57.6	9.1	251.6	-6.4	-5867.3	-153.9	58.8	
88.25	277.2	11.4	45.1	2.0	-102.2	57.7	14.3	251.6	-8.6	-5854.9	5.4	52.7	
88.30	277.7	11.8	42.8	2.0	-101.4	57.8	20.2	248.5	-10.4	-5802.4	179.5	45.5	
88.35	278.2	11.7	41.5	2.0	-100.9	57.9	26.1	245.0	-12.3	-5756.6	372.1	41.6	
88.40	278.8	11.6	39.6	2.0	-101.0	58.0	30.6	245.9	-15.1	-5744.1	565.4	34.9	
88.45	279.3	11.3	38.6	2.0	-102.4	58.1	33.8	247.8	-18.7	-5820.9	752.0	29.9	
88.50	279.8	11.3	37.7	2.0	-104.7	58.2	36.4	250.8	-22.4	-5961.9	923.4	24.7	
88.55	280.3	11.5	36.7	2.0	-107.4	58.3	37.6	256.8	-25.7	-6125.4	1059.9	18.7	
88.60	280.8	11.8	36.0	2.0	-109.8	58.4	40.8	257.2	-29.4	-6269.3	1241.6	13.8	
88.65	281.3	11.8	33.4	2.0	-110.6	58.5	44.0	254.0	-32.9	-6302.6	1391.0	4.3	
88.70	281.8	11.8	30.3	2.0	-110.4	58.6	43.9	252.9	-35.7	-6277.3	1437.3	-6.4	
88.75	282.3	11.6	29.5	2.0	-111.2	58.7	45.0	251.8	-38.1	-6335.8	1483.3	-9.8	
88.80	282.8	11.3	29.9	2.0	-112.6	58.8	46.5	252.7	-39.4	-6429.0	1509.3	-10.1	
88.85	283.3	11.2	31.3	2.0	-113.3	58.9	44.3	257.5	-42.1	-6478.1	1487.1	-5.9	
88.90	283.8	11.1	33.9	2.0	-114.0	59.0	43.6	259.9	-46.7	-6510.3	1525.9	2.3	
88.95	284.3	10.9	35.4	2.0	-114.0	59.1	46.2	258.8	-50.8	-6493.8	1582.7	7.5	
89.00	284.8	11.2	35.8	2.0	-112.1	59.2	47.2	256.7	-51.3	-6369.0	1518.4	10.7	
89.05	285.3	11.4	35.2	2.0	-109.1	59.3	47.7	250.3	-51.9	-6176.5	1426.8	11.8	
89.10	285.8	11.1	34.5	2.0	-105.7	59.4	47.4	241.2	-55.3	-5955.5	1354.7	12.7	
89.15	286.3	11.0	33.7	2.0	-102.0	59.5	42.2	234.8	-58.2	-5722.6	1182.1	13.5	
89.20	286.8	11.1	34.1	2.0	-99.2	59.6	36.3	231.0	-59.1	-5568.1	944.8	17.9	
89.25	287.3	11.7	37.6	2.0	-98.5	59.7	32.8	231.4	-60.5	-5544.6	731.6	30.6	
89.30	287.8	11.8	40.9	2.0	-98.5	59.8	26.9	236.7	-64.3	-5551.6	514.2	41.8	
89.35	288.3	12.0	42.5	2.0	-97.8	59.9	19.5	238.0	-68.3	-5509.0	299.9	48.2	
89.40	288.7	12.5	43.6	2.0	-96.5	60.0	15.2	233.1	-71.2	-5430.4	123.1	53.1	
89.45	289.2	12.6	45.2	2.0	-95.8	60.1	11.9	231.3	-73.9	-5381.6	-54.4	59.4	
89.50	289.7	12.7	47.2	2.0	-95.7	60.2	8.2	233.8	-76.6	-5358.3	-245.9	66.3	
89.55	290.2	12.6	48.6	2.0	-95.5	60.3	5.7	233.3	-78.4	-5335.5	-407.2	71.2	
89.60	290.6	12.4	48.9	2.0	-95.4	60.4	1.8	230.2	-80.7	-5319.8	-537.0	72.5	
89.65	291.1	12.0	49.5	2.0	-96.1	60.5	-2.5	231.6	-84.7	-5361.8	-623.2	73.8	
89.70	291.6	11.5	51.3	2.0	-97.5	60.6	-2.6	234.8	-89.3	-5450.6	-619.0	78.8	
89.75	292.1	11.5	51.6	2.0	-98.0	60.7	0.7	235.4	-91.7	-5498.7	-561.1	79.2	
89.80	292.5	11.6	49.7	2.0	-97.1	60.8	4.6	232.1	-93.2	-5441.0	-467.6	73.6	
89.85	293.0	11.7	47.4	2.0	-95.9	60.9	8.7	227.1	-96.2	-5376.2	-302.2	66.8	
89.90	293.5	11.5	44.9	2.0	-95.8	61.0	13.3	223.6	-100.3	-5380.0	-92.5	58.4	
89.95	293.9	11.2	42.6	2.0	-96.4	61.1	17.1	223.9	-101.3	-5423.2	62.6	49.8	
90.00	294.4	11.0	41.0	2.0	-97.3	61.2	21.6	224.9	-101.2	-5486.1	218.9	43.5	
90.05	294.8	10.9	40.1	2.0	-99.3	61.3	25.9	227.5	-103.1	-5611.8	429.2	38.6	
90.10	295.3	11.2	39.4	2.0	-101.8	61.4	29.2	231.9	-107.6	-5764.0	679.9	33.3	
90.15	295.8	11.5	37.5	2.0	-103.7	61.5	32.6	233.3	-110.8	-5868.4	922.7	25.0	
90.20	296.2	11.5	35.0	2.0	-104.7	61.6	38.4	230.8	-111.2	-5910.9	1147.4	15.6	
90.25	296.7	11.2	32.6	2.0	-105.5	61.7	43.7	230.1	-111.4	-5932.3	1339.7	6.5	
90.30	297.1	11.2	31.0	2.0	-106.1	61.8	46.9	229.4	-113.9	-5932.7	1516.2	0.2	
90.35	297.6	11.7	29.3	2.0	-105.9	61.9	47.9	226.7	-115.5	-5896.5	1631.0	-5.2	
90.40	298.0	11.7	28.0	2.0	-105.4	62.0	47.0	225.4	-115.6	-5843.4	1672.4	-9.2	
90.45	298.4	11.6	28.4	2.0	-105.5	62.1	46.7	228.1	-117.6	-5835.3	1710.1	-8.2	
90.50	298.9	11.3	29.9	2.0	-105.8	62.2	46.8	231.1	-121.0	-5839.3	1736.0	-3.2	
90.55	299.3	11.2	31.2	2.0	-104.9	62.3	45.4	230.8	-123.3	-5775.1	1696.0	2.2	
90.60	299.7	11.3	31.2	2.0	-102.4	62.4	43.6	225.4	-125.1	-5621.6	1623.3	4.6	
90.65	300.1	11.6	31.8	2.0	-99.8	62.5	41.8	220.0	-127.3	-5457.0	1512.4	9.4	
90.70	300.6	12.3	32.9	2.0	-97.1	62.6	38.3	217.3	-129.8	-5303.6	1326.8	15.8	
90.75	301.0	12.3	34.8	2.0	-94.7	62.7	32.7	215.3	-131.1	-5185.8	1059.1	24.9	
90.80	301.4	12.1	36.8	2.0	-92.8	62.8	26.0	212.6	-132.0	-5103.1	746.7	33.5	
90.85	301.9	12.4	38.6	2.0	-91.1	62.9	16.9	210.9	-134.8	-5020.9	414.1	41.3	
90.90	302.3	12.7	41.2	2.0	-90.3	63.0	7.6	213.0	-139.3	-4966.5	94.2	51.2	
90.95	302.7	12.7	44.9	2.0	-89.9	63.1	3.6	213.6	-143.0	-4928.3	-150.2	64.3	
91.00	303.1	12.4	47.1	2.0	-88.6	63.2	2.0	209.9	-143.7	-4832.4	-372.9	73.2	
91.05	303.5	12.7	47.4	2.0	-86.7	63.3	-0.9	204.2	-144.0	-4681.6	-582.2	76.1	
91.10	304.0	13.0	48.1	2.0	-85.3	63.4	-2.6	198.3	-146.2	-4570.8	-703.4	79.8	
91.15	304.4	12.8	49.1	2.0	-84.7	63.5	-3.3	195.1	-148.8	-4522.1	-776.7	84.0	
91.20	304.8	12.5	49.9	2.0	-84.9	63.6	-5.7	196.3	-149.7	-4517.3	-890.7	86.4	
91.25	305.2	12.4	49.9	2.0	-85.4	63.7	-6.9	196.5	-150.2	-4531.7	-970.9	85.9	
91.30	305.7	12.6	49.2	2.0	-85.5	63.8	-7.3	195.0	-152.4	-4549.0	-959.8	83.4	
91.35	306.1	12.9	48.3	2.0	-85.4	63.9	-7.2	193.9	-156.1	-4559.3	-857.1	80.5	
91.40	306.5	12.9	46.5	2.0	-85.0	64.0	-4.1	192.4	-158.5	-4563.2	-685.6	74.6	
91.45	306.9	12.5	44.0	2.0	-84.7	64.1	2.1	190.4	-158.6	-4571.8	-468.5	66.5	
91.50	307.3	12.0	41.7	2.0	-84.9	64.2	8.3	189.8	-158.2	-4607.6	-224.5	58.1	
91.55	307.7	11.8	39.3	2.0	-86.0	64.3	13.3	191.4	-159.5	-4687.0	40.8	49.1	
91.60	308.1	12.0	37.6	2.0	-87.7	64.4	17.7	194.0	-161.8	-4797.7	321.3	41.4	
91.65	308.5	11.8	36.0	2.0	-89.6	64.5	22.2	197.1	-163.2	-4901.5	593.0	34.0	
91.70	308.9	11.7	34.2	2.0	-91.3	64.6	26.4	200.7	-164.2	-4985.7	841.6	26.0	
91.75	309.3	11.5	32.5	2.0	-92.6	64.7	31.0	201.4	-166.7	-5031.9	1101.8	18.9	
91.80	309.7	11.3	30.4	2.0	-93.2	64.8	34.7	198.7	-169.3	-5024.4	1333.1	11.1	
91.85	310.0	11.6	27.7	2.0	-92.9	64.9	36.5	194.8	-170.3	-4967.1	1477.9	2.3	
91.90	310.4	12.1	26.2	2.0	-93.0	65.0	39.0	193.5	-170.4	-4946.2	1579.8	-3.2	
91.95	310.8	12.6	27.0	2.0	-93.6	65.1	41.9	194.5	-171.6	-4963.9	1675.2	-1.0	
92.00	311.2	13.0	27.6	2.0	-93.7	65.2	43.0	195.7	-173.4	-4946.7	1722.4	1.2	
92.05	311.6	13.5	28.0	2.0	-93.0	65.3	42.9	195.5	-175.2	-4890.9	1727.3	3.1	
92.10	311.9	13.9	28.9	2.0	-91.9	65.4	43.3	192.9	-177.3	-4806.0	1718.1	7.4	
92.15	312.3	13.7	29.6	2.0	-89.8	65.5	42.5	189.7	-179.6	-4675.1	1640.6	11.7	
92.20	312.7	13.5	29.5	2.0	-86.6	65.6	40.0	184.4	-180.9	-4493.6	1475.1	14.7	
92.25	313.1	13.5	28.9	2.0	-83.1	65.7	36.2	176.7	-181.3	-4305.4	1252.3	16.0	
92.30	313.4	13.0	29.8	2.0	-80.3	65.8	29.8	171.9	-181.8	-4182.0	974.9	21.8	
92.35	313.8	13.0	31.7	2.0	-78.5	65.9	22.9	170.9	-184.0	-4099.8	704.8	30.3	
92.40	314.2	13.5	33.5	2.0	-77.0	66.0	17.1	169.3	-185.8	-4026.7	447.8	37.9	
92.45	314.6	13.7	34.1	2.0	-75.1	66.1	12.5	165.2	-186.8	-3911.6	207.6	42.1	
92.50	315.0	14.0	35.4	2.0	-73.2	66.2	7.2	162.0	-188.6	-3786.7	-27.8	48.2	
92.55	315.3	14.1	38.1	2.0	-72.6	66.3	3.1	161.4	-191.5	-3734.5	-229.5	58.1	
92.60	315.7	13.7	41.0	2.0	-72.9	66.4	0.1	162.2	-193.1	-3732.2	-428.5	67.8	
92.65	316.1	13.5	42.5	2.0	-73.3	66.5	-4.3	162.9	-192.5	-3729.9	-660.0	72.5	
92.70	316.4	13.4	43.5	2.0	-73.6	66.6	-8.4	162.3	-193.1	-3724.6	-824.8	75.8	
92.75	316.8	13.6	44.7	2.0	-73.8	66.7	-10.6	161.4	-196.1	-3726.0	-878.5	79.7	
92.80	317.2	14.0	45.1	2.0	-73.3	66.8	-10.1	160.1	-198.3	-3693.5	-867.1	81.6	
92.85	317.5	14.4	43.7	2.0	-72.3	66.9	-9.1	157.4	-198.5	-3624.0	-855.3	77.7	
92.90	317.9	14.5	41.4	2.0	-71.3	67.0	-8.3	154.7	-199.9	-3565.7	-813.3	70.7	
92.95	318.2	14.5	40.6	2.0	-71.2	67.1	-8.1	154.3	-203.1	-3574.5	-730.2	68.2	
93.00	318.6	14.6	40.5	2.0	-71.7	67.2	-5.9	155.1	-205.2	-3632.5	-598.8	67.2	
93.05	318.9	14.5	39.0	2.0	-71.9	67.3	0.2	155.1	-204.8	-3673.3	-405.4	62.1	
93.10	319.3	14.1	37.1	2.0	-72.1	67.4	7.5	155.6	-203.9	-3704.0	-160.1	55.3	
93.15	319.6	13.7	35.2	2.0	-72.7	67.5	15.3	155.0	-205.8	-3749.7	169.2	48.1	
93.20	319.9	14.0	33.5	2.0	-73.8	67.6	22.2	152.7	-208.7	-3801.4	511.8	41.1	
93.25	320.3	14.1	30.7	2.0	-74.8	67.7	27.2	151.4	-210.0	-3835.2	777.1	30.8	
93.30	320.6	13.8	28.0	2.0	-75.8	67.8	30.4	151.6	-210.0	-3870.0	962.7	20.2	
93.35	321.0	13.1	26.8	2.0	-77.4	67.9	31.7	153.5	-211.7	-3942.9	1117.3	14.5	
93.40	321.3	13.3	26.0	2.0	-79.2	68.0	33.5	156.2	-214.6	-4026.4	1283.3	9.9	
93.45	321.6	13.6	24.2	2.0	-80.1	68.1	36.0	155.4	-214.6	-4049.0	1432.0	3.0	
93.50	322.0	13.6	22.6	2.0	-80.4	68.2	40.0	152.2	-213.1	-4016.4	1601.4	-2.9	
93.55	322.3	13.5	22.0	2.0	-80.6	68.3	44.9	150.1	-214.6	-3949.7	1807.3	-5.1	
93.60	322.6	13.6	22.2	2.0	-80.6	68.4	48.5	149.2	-218.1	-3866.0	1967.0	-4.5	
93.65	322.9	14.1	21.8	2.0	-79.5	68.5	49.8	147.6	-219.1	-3765.0	1984.1	-4.6	
93.70	323.3	13.7	21.7	2.0	-77.3	68.6	46.7	144.9	-217.7	-3668.3	1835.6	-2.8	
93.75	323.6	13.5	22.1	2.0	-74.8	68.7	39.6	142.1	-218.5	-3591.2	1593.1	1.0	
93.80	323.9	13.4	23.3	2.0	-72.5	68.8	31.5	141.1	-221.9	-3515.8	1328.8	7.5	
93.85	324.2	13.3	24.5	2.0	-69.9	68.9	25.6	140.5	-223.6	-3404.9	1061.0	14.1	
93.90	324.6	13.4	25.6	2.0	-67.2	69.0	22.2	138.0	-222.2	-3271.9	805.7	20.7	
93.95	324.9	13.4	27.7	2.0	-64.6	69.1	18.8	133.4	-222.5	-3138.4	579.3	30.5	
94.00	325.2	12.6	29.8	2.0	-63.0	69.2	13.2	129.9	-225.6	-3055.0	337.3	39.4	
94.05	325.5	12.7	32.7	2.0	-62.1	69.3	7.3	128.7	-228.7	-3011.6	57.7	50.1	
94.10	325.8	13.1	35.5	2.0	-62.1	69.4	2.8	131.0	-228.6	-2992.4	-249.5	59.8	
94.15	326.1	13.0	38.3	2.0	-62.3	69.5	-2.4	132.5	-227.5	-2963.9	-567.1	69.2	
94.20	326.4	13.0	40.2	2.0	-62.6	69.6	-8.1	131.3	-229.7	-2928.0	-816.2	75.4	
94.25	326.8	12.9	40.6	2.0	-62.1	69.7	-12.4	126.7	-233.2	-2848.3	-971.4	77.5	
94.30	327.1	12.6	39.3	2.0	-60.7	69.8	-14.2	119.7	-233.2	-2722.6	-1066.9	74.2	
94.35	327.4	12.9	38.2	2.0	-59.5	69.9	-12.1	115.2	-232.8	-2648.6	-1057.9	71.7	
94.40	327.7	13.2	38.3	2.0	-59.4	70.0	-8.1	115.4	-234.9	-2675.8	-950.5	72.1	
94.45	328.0	13.3	37.3	2.0	-59.4	70.1	-6.8	116.0	-237.6	-2711.4	-836.0	68.7	
94.50	328.3	13.3	34.9	2.0	-58.8	70.2	-5.9	112.8	-238.1	-2710.6	-713.0	61.1	
94.55	328.6	13.4	32.6	2.0	-58.0	70.3	-1.8	108.6	-237.7	-2703.7	-516.2	54.0	
94.60	328.9	13.7	30.5	2.0	-57.7	70.4	3.8	109.1	-238.4	-2715.5	-263.2	47.0	
94.65	329.2	13.7	27.8	2.0	-57.7	70.5	9.3	111.2	-239.7	-2722.0	18.7	37.6	
94.70	329.5	13.7	25.0	2.0	-58.2	70.6	14.9	110.9	-240.5	-2741.7	322.4	27.5	
94.75	329.8	13.6	23.1	2.0	-60.0	70.7	19.2	111.6	-241.1	-2827.1	604.2	19.4	
94.80	330.1	13.6	22.6	2.0	-63.2	70.8	23.0	116.8	-242.6	-2990.5	866.1	14.4	
94.85	330.4	13.8	22.8	2.0	-66.6	70.9	27.9	122.0	-243.3	-3161.9	1118.5	11.8	
94.90	330.6	14.0	21.9	2.0	-68.5	71.0	32.5	122.8	-242.9	-3225.1	1334.7	6.6	
94.95	330.9	13.8	19.8	2.0	-68.9	71.1	34.8	121.6	-243.1	-3191.3	1490.0	-0.9	
95.00	331.2	13.7	18.2	2.0	-69.0	71.2	36.4	120.2	-244.6	-3148.1	1603.8	-6.5	
95.05	331.5	13.6	17.6	2.0	-69.0	71.3	38.6	118.1	-245.2	-3117.9	1672.9	-8.7	
95.10	331.8	13.6	17.8	2.0	-68.5	71.4	38.9	117.3	-244.1	-3090.4	1651.1	-7.3	
95.15	332.1	13.3	18.1	2.0	-67.8	71.5	36.4	118.5	-244.2	-3077.9	1556.8	-5.8	
95.20	332.3	13.0	19.7	2.0	-67.8	71.6	34.4	120.6	-247.1	-3109.3	1473.9	-0.0	
95.25	332.6	13.0	22.0	2.0	-67.2	71.7	32.1	120.5	-248.6	-3115.3	1342.2	8.3	
95.30	332.9	13.3	23.1	2.0	-65.3	71.8	28.8	117.4	-247.7	-3053.8	1139.2	14.0	
95.35	333.2	13.6	23.0	2.0	-62.6	71.9	25.9	111.8	-248.2	-2936.7	922.0	16.3	
95.40	333.5	13.9	23.1	2.0	-59.9	72.0	21.2	106.2	-250.3	-2807.7	664.9	19.4	
95.45	333.8	14.1	23.9	2.0	-57.9	72.1	13.9	103.5	-251.7	-2722.6	344.3	24.3	
95.50	334.0	14.2	26.2	2.0	-57.4	72.2	7.4	103.0	-251.6	-2715.4	19.8	32.6	
95.55	334.3	14.2	29.3	2.0	-58.2	72.3	2.0	104.1	-251.7	-2757.5	-262.6	42.5	
95.60	334.6	14.1	32.1	2.0	-59.1	72.4	-2.8	106.4	-253.5	-2791.4	-481.7	51.0	
95.65	334.9	14.3	34.3	2.0	-59.2	72.5	-5.8	105.8	-255.4	-2771.9	-621.5	58.6	
95.70	335.2	14.5	34.6	2.0	-58.3	72.6	-6.6	101.4	-255.9	-2688.7	-707.3	60.5	
95.75	335.4	14.5	34.0	2.0	-57.2	72.7	-8.6	97.8	-256.0	-2584.8	-805.9	59.5	
95.80	335.7	14.3	33.9	2.0	-56.7	72.8	-11.3	97.1	-257.4	-2514.2	-894.7	59.9	
95.85	336.0	14.1	33.9	2.0	-56.6	72.9	-12.7	96.3	-258.4	-2493.3	-942.2	59.7	
95.90	336.3	14.3	33.5	2.0	-56.6	73.0	-14.3	96.2	-257.5	-2481.0	-971.7	58.4	
95.95	336.5	14.3	32.9	2.0	-56.2	73.1	-15.1	98.1	-257.4	-2464.8	-926.4	56.7	
96.00	336.8	14.2	32.1	2.0	-55.7	73.2	-11.2	99.8	-259.0	-2478.3	-737.1	54.5	
96.05	337.1	14.0	30.8	2.0	-54.8	73.3	-4.6	99.2	-259.5	-2472.7	-480.3	50.9	
96.10	337.3	14.2	27.5	2.0	-53.1	73.4	0.8	97.0	-258.5	-2385.9	-241.7	41.5	
96.15	337.6	14.4	24.5	2.0	-52.1	73.5	4.6	95.8	-258.3	-2327.7	-25.3	31.9	
96.20	337.8	14.1	23.3	2.0	-52.5	73.6	8.8	96.6	-260.3	-2346.0	201.0	27.6	
96.25	338.1	13.6	23.5	2.0	-53.9	73.7	11.7	101.1	-260.9	-2414.6	375.3	26.8	
96.30	338.3	13.4	22.4	2.0	-54.8	73.8	13.3	104.2	-258.9	-2457.6	499.2	22.1	
96.35	338.6	13.9	20.9	2.0	-55.7	73.9	16.3	104.6	-258.7	-2479.1	670.2	16.1	
96.40	338.9	14.3	19.7	2.0	-56.6	74.0	21.1	104.1	-261.1	-2475.2	911.1	11.0	
96.45	339.1	14.6	18.6	2.0	-56.9	74.1	26.5	101.5	-261.8	-2409.0	1143.4	6.8	
96.50	339.4	14.6	16.3	2.0	-56.6	74.2	33.3	94.6	-260.1	-2289.3	1349.3	-0.8	
96.55	339.6	14.1	14.9	2.0	-56.5	74.3	37.4	89.1	-259.7	-2207.6	1476.5	-5.4	
96.60	339.9	13.7	14.6	2.0	-56.5	74.4	36.2	88.5	-262.1	-2204.2	1488.3	-6.4	
96.65	340.1	13.8	14.9	2.0	-56.3	74.5	33.3	88.9	-263.9	-2230.5	1420.5	-5.1	
96.70	340.4	13.5	15.6	2.0	-55.5	74.6	29.9	88.0	-262.4	-2245.3	1287.6	-2.0	
96.75	340.6	13.5	14.1	2.0	-54.3	74.7	26.3	88.6	-262.6	-2223.8	1149.0	-5.8	
96.80	340.9	13.8	15.0	2.0	-53.2	74.8	23.0	89.8	-265.9	-2184.5	1035.2	-1.9	
96.85	341.1	14.1	15.5	2.0	-52.0	74.9	21.2	87.6	-267.5	-2145.1	916.8	1.2	
96.90	341.4	14.3	16.5	2.0	-50.6	75.0	19.2	83.7	-265.9	-2113.1	743.9	6.0	
96.95	341.6	14.4	17.7	2.0	-49.9	75.1	15.4	83.5	-265.6	-2123.3	527.3	11.0	
97.00	341.9	14.2	19.9	2.0	-49.7	75.2	10.7	84.8	-267.7	-2152.0	298.2	18.5	
97.05	342.1	13.9	21.5	2.0	-49.1	75.3	6.0	83.0	-268.7	-2132.5	52.6	24.5	
97.10	342.4	13.6	22.7	2.0	-48.5	75.4	0.1	80.5	-267.5	-2079.5	-226.3	29.6	
97.15	342.6	13.8	23.7	2.0	-48.2	75.5	-5.7	78.5	-267.6	-2020.3	-480.0	33.0	
97.20	342.9	14.1	25.2	2.0	-47.9	75.6	-10.1	75.7	-269.8	-1944.9	-668.6	38.5	
97.25	343.1	14.4	26.5	2.0	-48.0	75.7	-13.0	74.5	-270.8	-1898.0	-814.6	43.1	
97.30	343.3	14.3	27.6	2.0	-48.5	75.8	-15.2	76.7	-270.0	-1878.7	-936.1	46.4	
97.35	343.6	13.8	29.8	2.0	-49.5	75.9	-15.0	81.6	-270.1	-1929.1	-974.8	52.8	
97.40	343.8	13.4	31.4	2.0	-50.2	76.0	-12.9	83.8	-270.7	-2004.3	-934.3	57.6	
97.45	344.0	13.6	30.5	2.0	-49.8	76.1	-11.2	81.0	-270.3	-2004.2	-867.2	55.0	
97.50	344.3	14.0	28.4	2.0	-48.4	76.2	-9.0	77.9	-270.2	-1950.1	-753.0	49.2	
97.55	344.5	14.3	26.5	2.0	-46.9	76.3	-4.7	76.1	-271.4	-1901.5	-572.3	44.1	
97.60	344.7	14.4	24.8	2.0	-46.3	76.4	-0.3	74.6	-272.2	-1902.6	-383.7	38.7	
97.65	344.9	14.5	23.1	2.0	-46.4	76.5	1.0	72.8	-271.1	-1936.0	-251.5	33.0	
97.70	345.2	14.3	20.3	2.0	-46.9	76.6	1.7	72.6	-271.1	-1992.6	-105.3	22.8	
97.75	345.4	13.8	18.7	2.0	-47.9	76.7	4.4	74.9	-272.3	-2059.2	114.9	16.3	
97.80	345.6	13.9	17.6	2.0	-48.7	76.8	12.0	76.7	-273.1	-2067.6	443.5	11.6	
97.85	345.8	14.1	16.7	2.0	-49.5	76.9	21.5	75.9	-272.4	-2009.8	810.2	8.0	
97.90	346.1	14.2	14.1	2.0	-49.8	77.0	29.3	69.9	-272.3	-1885.5	1138.2	-1.4	
97.95	346.3	14.3	10.3	2.0	-50.1	77.1	33.0	63.5	-273.5	-1769.8	1365.5	-14.8	
98.00	346.5	14.2	7.5	2.0	-50.1	77.2	33.2	60.7	-274.0	-1692.9	1467.5	-24.5	
98.05	346.7	13.9	7.7	2.0	-50.6	77.3	33.7	62.8	-273.7	-1704.5	1509.2	-24.0	
98.10	347.0	13.6	9.8	2.0	-51.2	77.4	34.5	64.8	-273.2	-1753.5	1514.2	-17.5	
98.15	347.2	13.8	9.7	2.0	-50.4	77.5	31.9	62.4	-273.0	-1750.1	1434.9	-17.1	
98.20	347.4	14.2	7.8	2.0	-48.5	77.6	27.1	58.0	-274.1	-1686.9	1313.9	-21.6	
98.25	347.6	14.3	7.8	2.0	-47.1	77.7	25.9	55.7	-276.0	-1614.7	1245.9	-20.4	
98.30	347.9	14.0	10.1	2.0	-46.0	77.8	28.2	55.6	-276.1	-1551.4	1189.8	-11.2	
98.35	348.1	13.8	12.6	2.0	-44.2	77.9	27.5	56.2	-274.5	-1493.4	1031.0	-0.8	
98.40	348.3	13.9	14.0	2.0	-41.9	78.0	21.0	56.4	-274.7	-1467.7	747.7	6.3	
98.45	348.5	14.0	15.7	2.0	-40.7	78.1	13.1	57.6	-276.9	-1501.2	425.2	13.2	
98.50	348.7	14.0	17.8	2.0	-40.3	78.2	7.2	59.2	-276.5	-1525.5	104.8	20.7	
98.55	348.9	13.9	18.9	2.0	-39.3	78.3	3.8	58.5	-273.9	-1444.3	-163.8	25.6	
98.60	349.2	13.6	19.7	2.0	-37.7	78.4	0.4	53.4	-274.5	-1299.3	-355.1	30.1	
98.65	349.4	13.4	19.4	2.0	-35.9	78.5	-2.2	45.0	-278.6	-1144.7	-467.2	30.6	
98.70	349.6	13.6	18.9	2.0	-35.4	78.6	-5.9	40.6	-279.8	-1044.2	-608.0	29.6	
98.75	349.8	13.5	19.5	2.0	-36.0	78.7	-8.8	41.3	-277.4	-1002.6	-749.6	31.1	
98.80	350.0	13.6	21.2	2.0	-36.3	78.8	-8.1	43.4	-277.2	-1004.3	-779.8	36.5	
98.85	350.2	14.1	22.3	2.0	-36.0	78.9	-8.4	44.0	-279.7	-981.2	-762.5	40.5	
98.90	350.4	14.2	20.9	2.0	-35.4	79.0	-10.7	43.5	-280.5	-924.5	-759.8	36.4	
98.95	350.6	14.2	18.8	2.0	-34.4	79.1	-9.9	41.0	-279.1	-885.9	-695.2	30.0	
99.00	350.8	14.2	17.6	2.0	-33.1	79.2	-4.6	39.2	-279.1	-905.0	-509.4	27.3	
99.05	351.0	13.8	16.1	2.0	-32.2	79.3	0.9	40.0	-280.8	-929.6	-271.8	23.0	
99.10	351.2	13.6	13.7	2.0	-31.4	79.4	2.6	38.0	-281.2	-909.3	-90.5	15.7	
99.15	351.4	13.7	11.9	2.0	-31.6	79.5	5.0	35.5	-281.1	-928.0	90.7	9.2	
99.20	351.6	14.4	11.1	2.0	-33.1	79.6	8.9	37.0	-281.8	-1000.4	286.3	5.0	
99.25	351.8	14.8	10.3	2.0	-34.3	79.7	12.1	38.9	-280.9	-1027.9	450.4	0.9	
99.30	352.0	15.0	8.5	2.0	-34.6	79.8	15.4	36.1	-279.4	-981.2	612.6	-5.5	
99.35	352.2	15.0	7.3	2.0	-35.5	79.9	18.7	33.1	-280.3	-926.1	795.8	-10.3	
99.40	352.3	14.5	6.8	2.0	-36.8	80.0	21.6	33.8	-282.6	-889.2	968.1	-13.4	
99.45	352.5	13.9	6.9	2.0	-38.1	80.1	25.8	33.7	-281.7	-878.3	1100.7	-14.4	
99.50	352.7	13.9	6.7	2.0	-39.1	80.2	30.0	31.8	-279.0	-894.0	1183.6	-16.0	
99.55	352.9	13.8	6.6	2.0	-39.5	80.3	30.2	32.2	-279.4	-916.5	1200.8	-16.8	
99.60	353.1	13.6	6.9	2.0	-39.4	80.4	28.6	33.2	-281.9	-926.8	1179.0	-15.6	
99.65	353.3	13.1	7.1	2.0	-38.6	80.5	28.3	30.4	-281.5	-921.6	1121.2	-14.2	
99.70	353.5	12.7	5.8	2.0	-37.1	80.6	27.7	26.8	-278.9	-885.2	1015.4	-17.2	
99.75	353.7	12.2	5.2	2.0	-35.2	80.7	23.7	26.6	-279.2	-840.8	872.9	-17.4	
99.80	353.8	11.6	5.9	2.0	-33.8	80.8	20.5	26.0	-282.3	-799.1	767.3	-13.5	
99.85	354.0	11.7	7.4	2.0	-32.6	80.9	18.7	24.4	-283.2	-776.9	661.3	-7.1	
99.90	354.2	11.8	8.7	2.0	-31.5	81.0	16.3	25.9	-281.8	-786.9	511.3	-1.4	
99.95	354.4	11.8	9.6	2.0	-31.0	81.1	12.1	28.4	-280.9	-839.1	330.8	2.0	
100.00	354.6	11.7	11.0	2.0	-30.7	81.2	9.6	28.1	-282.3	-863.0	204.5	6.9	
100.05	354.7	11.8	11.4	2.0	-29.6	81.3	7.5	25.5	-283.5	-803.6	99.1	9.5	
100.10	354.9	12.0	10.5	2.0	-27.7	81.4	4.6	21.9	-283.0	-678.1	-23.9	8.5	
100.15	355.1	11.5	10.9	2.0	-26.6	81.5	2.0	18.4	-283.2	-589.4	-136.3	10.8	
100.20	355.3	11.2	11.4	2.0	-26.4	81.6	0.4	15.7	-284.8	-558.9	-220.7	12.6	
100.25	355.4	11.0	10.9	2.0	-27.1	81.7	-4.3	16.4	-285.4	-542.4	-353.6	10.4	
100.30	355.6	10.6	10.7	2.0	-28.1	81.8	-9.5	19.4	-285.0	-520.1	-484.7	8.5	
100.35	355.8	10.3	12.6	2.0	-28.5	81.9	-9.7	21.6	-285.5	-523.5	-508.6	14.6	
100.40	355.9	10.4	14.0	2.0	-27.6	82.0	-5.4	19.8	-285.7	-507.4	-442.6	20.4	
100.45	356.1	11.1	12.3	2.0	-26.5	82.1	-4.4	15.4	-283.6	-431.8	-425.0	15.6	
100.50	356.3	11.4	9.9	2.0	-25.5	82.2	-5.5	12.6	-283.1	-350.4	-405.0	8.5	
100.55	356.5	11.6	9.9	2.0	-24.1	82.3	-2.3	11.7	-285.8	-334.9	-278.3	9.8	
100.60	356.6	11.9	10.6	2.0	-23.4	82.4	2.4	12.6	-286.2	-345.3	-147.8	12.9	
100.65	356.8	11.8	9.0	2.0	-22.7	82.5	2.9	13.3	-283.0	-307.5	-114.5	8.2	
100.70	357.0	11.7	6.8	2.0	-21.9	82.6	1.1	12.3	-282.4	-253.4	-88.6	1.3	
100.75	357.1	11.6	6.5	2.0	-21.6	82.7	3.1	10.1	-285.4	-242.0	43.2	0.8	
100.80	357.3	11.3	6.1	2.0	-22.4	82.8	7.9	8.6	-285.3	-218.0	211.7	-1.4	
100.85	357.4	11.2	4.9	2.0	-23.5	82.9	11.2	9.8	-281.7	-163.0	344.8	-6.8	
100.90	357.6	11.2	5.3	2.0	-26.1	83.0	16.1	9.6	-281.7	-138.4	547.1	-8.0	
100.95	357.8	11.0	6.3	2.0	-29.3	83.1	21.9	6.7	-285.3	-147.2	783.3	-7.7	
101.00	357.9	11.1	5.1	2.0	-30.6	83.2	22.8	3.7	-285.2	-103.6	885.6	-12.9	
101.05	358.1	11.3	2.3	2.0	-30.6	83.3	21.7	2.5	-282.2	-26.8	902.7	-22.6	
101.10	358.2	11.7	2.2	2.0	-31.7	83.4	24.0	2.5	-282.5	-10.2	976.0	-24.2	
101.15	358.4	11.9	3.7	2.0	-32.6	83.5	25.4	2.1	-285.0	-24.7	1034.4	-20.0	
101.20	358.5	12.0	2.1	2.0	-31.5	83.6	21.5	1.8	-284.3	-12.4	967.5	-24.2	
101.25	358.7	12.0	0.4	2.0	-30.4	83.7	18.2	1.2	-282.8	11.1	896.1	-28.9	
101.30	358.8	12.1	2.3	2.0	-31.0	83.8	20.5	0.4	-284.4	-7.1	933.4	-23.1	
101.35	359.0	12.3	4.2	2.0	-31.4	83.9	22.8	0.6	-286.6	-7.5	956.1	-17.0	
101.40	359.1	12.7	3.7	2.0	-29.7	84.0	20.0	1.0	-285.4	36.1	833.6	-16.9	
101.45	359.3	12.6	2.8	2.0	-27.0	84.1	15.2	-0.7	-283.8	50.8	640.0	-17.5	
101.50	359.4	12.4	3.4	2.0	-24.6	84.2	12.1	-2.7	-285.3	11.0	469.8	-13.0	
101.55	359.5	12.2	4.2	2.0	-21.9	84.3	8.4	-0.6	-286.5	-16.8	277.3	-7.4	
101.60	359.7	12.6	3.9	2.0	-18.7	84.4	3.4	2.0	-284.4	-22.2	47.7	-5.4	
101.65	359.8	13.2	5.1	2.0	-19.6	84.5	0.4	0.5	-283.6	-25.3	-122.1	-2.0	
101.70	360.0	13.7	7.2	2.0	-20.9	84.6	-1.4	-1.1	-286.8	-21.3	-217.8	3.9	
101.75	0.1	13.9	7.9	2.0	-22.4	84.7	-4.3	-0.8	-288.4	6.0	-328.2	4.5	
101.80	0.2	13.9	8.7	2.0	-24.3	84.8	-6.9	-0.8	-285.8	25.6	-463.2	5.7	
101.85	0.3	13.8	9.6	2.0	-25.2	84.9	-6.8	-2.1	-284.7	27.1	-531.2	7.8	
101.90	0.5	13.6	11.0	2.0	-25.6	85.0	-7.1	-2.0	-286.9	35.6	-561.6	12.0	
101.95	0.6	13.3	11.8	2.0	-26.5	85.1	-9.5	-1.3	-287.2	43.2	-617.4	14.1	
102.00	0.7	12.9	10.8	2.0	-26.8	85.2	-10.1	-2.9	-284.4	31.1	-639.9	10.4	
102.05	0.8	12.4	10.3	2.0	-25.4	85.3	-7.4	-2.8	-284.7	4.9	-542.0	10.0	
102.10	1.0	12.4	9.9	2.0	-23.4	85.4	-5.2	1.4	-288.2	-13.7	-394.8	10.7	
102.15	1.1	12.8	8.0	2.0	-21.6	85.5	-3.2	1.9	-288.3	3.1	-269.8	5.7	
102.20	1.2	12.8	5.7	2.0	-20.2	85.6	-0.8	-3.3	-285.4	25.5	-163.4	-0.7	
102.25	1.3	12.6	4.3	2.0	-18.7	85.7	1.6	-6.0	-285.4	30.3	-31.0	-3.9	
102.30	1.4	12.2	3.7	2.0	-19.9	85.8	3.9	-3.4	-287.6	45.5	125.8	-7.2	
102.35	1.5	12.1	2.6	2.0	-22.1	85.9	7.7	-1.8	-286.5	76.6	285.7	-13.1	
102.40	1.6	11.9	2.4	2.0	-24.4	86.0	12.0	-5.8	-283.5	130.2	435.1	-16.3	
102.45	1.8	11.6	2.7	2.0	-27.1	86.1	15.9	-10.2	-284.8	198.8	609.6	-17.9	
102.50	1.9	11.3	2.2	2.0	-29.2	86.2	17.9	-10.8	-287.4	240.6	756.5	-21.6	
102.55	2.0	11.9	1.1	2.0	-30.5	86.3	19.4	-11.9	-286.1	272.8	844.3	-26.6	
102.60	2.1	12.6	0.7	2.0	-31.7	86.4	22.6	-13.0	-284.3	289.4	925.4	-29.2	
102.65	2.2	12.9	1.7	2.0	-32.2	86.5	23.7	-11.3	-285.1	280.0	966.5	-26.4	
102.70	2.3	12.6	1.6	2.0	-31.9	86.6	22.2	-10.8	-285.8	280.5	945.1	-26.2	
102.75	2.4	12.4	0.4	2.0	-31.7	86.7	22.0	-13.9	-284.2	313.7	913.2	-30.2	
102.80	2.5	12.4	0.6	2.0	-31.8	86.8	23.1	-16.0	-283.3	353.8	907.6	-29.8	
102.85	2.6	12.4	2.0	2.0	-31.8	86.9	23.3	-13.3	-285.2	357.0	903.7	-25.0	
102.90	2.7	12.2	2.8	2.0	-30.9	87.0	22.2	-10.4	-286.5	312.7	852.8	-21.3	
102.95	2.8	11.8	2.8	2.0	-28.9	87.1	19.9	-10.2	-284.9	227.5	731.6	-19.2	
103.00	2.9	11.5	3.3	2.0	-26.5	87.2	16.4	-8.1	-284.2	138.7	581.8	-15.3	
103.05	3.0	11.5	4.2	2.0	-24.3	87.3	12.4	-3.7	-285.6	82.2	441.1	-9.9	
103.10	3.0	12.0	4.2	2.0	-23.0	87.4	10.8	-4.1	-286.3	101.7	332.7	-8.6	
103.15	3.1	12.3	3.3	2.0	-22.0	87.5	8.7	-9.9	-284.9	180.8	203.3	-10.6	
103.20	3.2	12.6	3.2	2.0	-21.9	87.6	4.0	-14.1	-285.1	250.3	50.9	-11.0	
103.25	3.3	12.7	3.9	2.0	-21.9	87.7	1.5	-14.0	-287.9	258.5	-33.9	-8.4	
103.30	3.4	12.5	4.7	2.0	-22.1	87.8	1.6	-14.0	-288.2	258.1	-91.0	-5.8	
103.35	3.5	12.3	5.3	2.0	-23.3	87.9	-0.3	-15.4	-286.0	304.8	-199.1	-5.3	
103.40	3.5	12.3	5.8	2.0	-24.9	88.0	-4.4	-15.8	-286.6	363.4	-313.7	-5.1	
103.45	3.6	12.7	6.5	2.0	-25.7	88.1	-5.7	-16.9	-289.0	394.4	-362.3	-3.4	
103.50	3.7	12.6	7.2	2.0	-26.3	88.2	-4.1	-19.5	-287.5	432.2	-380.1	-1.6	
103.55	3.8	12.4	6.7	2.0	-27.3	88.3	-4.2	-21.0	-284.4	497.1	-411.5	-4.4	
103.60	3.8	12.3	6.3	2.0	-27.3	88.4	-4.6	-19.4	-286.3	529.9	-380.8	-5.7	
103.65	3.9	12.6	6.3	2.0	-26.4	88.5	-2.5	-19.4	-289.4	502.6	-290.0	-4.7	
103.70	4.0	12.8	6.0	2.0	-25.7	88.6	-0.1	-21.6	-286.9	472.4	-233.4	-5.3	
103.75	4.0	12.5	5.7	2.0	-25.3	88.7	1.2	-20.6	-283.4	465.0	-185.2	-5.7	
103.80	4.1	12.6	5.7	2.0	-24.7	88.8	3.8	-16.9	-285.0	462.5	-54.1	-5.1	
103.85	4.2	12.7	5.5	2.0	-25.3	88.9	8.9	-16.9	-287.2	481.4	134.7	-6.3	
103.90	4.2	12.6	4.3	2.0	-26.9	89.0	11.8	-21.4	-284.1	555.4	254.8	-12.1	
103.95	4.3	12.3	2.8	2.0	-28.5	89.1	12.9	-22.9	-281.8	631.7	366.6	-18.8	
104.00	4.4	12.0	3.1	2.0	-30.5	89.2	17.4	-19.9	-284.9	646.2	590.0	-19.7	
104.05	4.4	11.9	3.8	2.0	-32.9	89.3	23.0	-19.6	-286.6	653.2	811.6	-19.6	
104.10	4.5	11.4	2.4	2.0	-34.3	89.4	24.1	-22.8	-283.6	703.9	904.7	-26.0	
104.15	4.6	11.3	0.4	2.0	-35.1	89.5	22.6	-24.3	-282.8	739.3	955.9	-33.8	
104.20	4.6	11.7	0.1	2.0	-36.3	89.6	24.2	-24.5	-285.9	724.7	1072.5	-36.2	
104.25	4.7	11.6	0.8	2.0	-37.6	89.7	28.1	-26.7	-285.7	712.8	1182.0	-34.8	
104.30	4.7	11.6	0.2	2.0	-38.0	89.8	29.4	-26.8	-282.7	712.5	1212.5	-37.3	
104.35	4.8	11.7	-0.5	2.0	-37.5	89.9	27.7	-23.8	-283.3	665.0	1208.2	-39.1	
104.40	4.9	11.4	0.4	2.0	-36.8	90.0	26.7	-21.5	-286.7	553.8	1210.5	-35.6	
104.45	4.9	11.5	1.1	2.0	-35.6	90.1	26.2	-20.6	-287.0	455.3	1156.1	-31.8	
104.50	5.0	12.0	0.9	2.0	-33.3	90.2	22.7	-19.8	-283.9	413.7	993.5	-30.3	
104.55	5.0	12.3	0.7	2.0	-30.8	90.3	18.0	-17.6	-284.4	389.0	811.3	-28.4	
104.60	5.1	12.3	-20.3	1.5	-28.6	90.4	14.6	-18.6	-287.6	358.5	647.7	-33.3	
104.65	5.1	12.0	-14.9	1.1	-26.0	90.5	10.4	-23.1	-286.7	337.3	421.3	-28.7	
104.70	5.2	11.3	-11.3	0.8	-24.0	90.5	5.5	-25.8	-283.6	340.3	177.4	-26.7	
104.75	5.3	11.5	-7.2	0.6	-23.2	90.5	3.0	-23.8	-284.9	325.7	34.8	-21.0	
104.80	5.3	11.9	-2.5	0.5	-22.8	90.6	2.7	-22.1	-288.2	303.1	-40.3	-11.5	
104.85	5.3	12.2	0.8	0.3	-23.4	90.6	1.3	-23.8	-287.1	296.0	-169.9	-5.6	
104.90	5.4	11.2	2.3	0.3	-25.2	90.6	-2.6	-25.9	-284.4	332.3	-346.2	-6.1	
104.95	5.4	10.5	3.9	0.2	-26.7	90.6	-5.6	-24.8	-285.6	366.9	-458.8	-5.1	
105.00	5.5	10.3	5.7	0.1	-27.4	90.6	-5.9	-24.6	-287.8	409.5	-499.9	-1.6	
105.05	5.5	10.7	6.5	0.1	-28.3	90.6	-6.0	-25.6	-285.9	447.0	-546.4	-1.3	
105.10	5.6	10.7	6.3	0.1	-28.8	90.6	-7.9	-25.3	-283.5	465.1	-586.9	-3.8	
105.15	5.6	10.3	6.2	0.1	-27.8	90.6	-7.4	-23.4	-285.2	435.8	-513.7	-3.9	
105.20	5.6	9.9	6.4	0.0	-25.8	90.6	-2.8	-22.3	-287.1	408.3	-337.8	-1.8	
105.25	5.7	10.1	5.8	0.0	-24.8	90.6	1.4	-20.5	-285.7	426.3	-173.4	-3.3	
105.30	5.7	10.8	4.6	0.0	-24.9	90.6	4.0	-19.5	-284.4	472.2	-31.0	-8.1	
105.35	5.8	10.6	4.0	0.0	-26.0	90.6	6.8	-22.6	-285.2	528.8	124.8	-11.4	
105.40	5.8	10.7	3.2	0.0	-27.8	90.7	10.1	-27.1	-285.5	599.1	282.6	-16.0	
105.45	5.8	10.9	2.0	0.0	-29.5	90.7	11.9	-27.8	-283.8	675.7	410.9	-22.1	
105.50	5.9	10.7	1.4	0.0	-30.9	90.7	13.4	-24.6	-283.6	714.3	555.5	-25.8	
105.55	5.9	10.8	1.6	0.0	-32.6	90.7	17.7	-22.9	-285.7	699.5	754.1	-26.8	
105.60	5.9	10.9	1.8	0.0	-34.3	90.7	20.9	-25.3	-285.8	708.7	897.4	-28.0	
105.65	6.0	10.8	0.1	0.0	-35.4	90.7	20.4	-27.3	-284.1	771.9	947.9	-35.0	
105.70	6.0	10.6	-1.0	0.0	-36.5	90.7	20.7	-28.6	-284.6	834.1	1003.3	-39.7	
105.75	6.0	10.5	-0.3	0.0	-37.8	90.7	24.4	-32.7	-285.9	862.3	1081.9	-38.8	
105.80	6.1	10.2	-0.4	0.0	-37.8	90.7	25.4	-35.4	-284.3	869.7	1066.1	-39.0	
105.85	6.1	10.1	-1.3	0.0	-36.5	90.7	22.2	-35.0	-282.2	858.0	964.9	-40.9	
105.90	6.1	10.0	-0.6	0.0	-35.5	90.7	20.8	-33.6	-283.8	806.2	914.0	-37.6	
105.95	6.2	9.6	1.5	0.0	-34.5	90.7	21.1	-31.4	-286.5	727.4	886.0	-29.5	
106.00	6.2	9.5	1.7	0.0	-32.7	90.7	18.5	-28.9	-285.5	680.0	760.8	-27.0	
106.05	6.2	9.5	1.2	0.0	-30.7	90.7	13.8	-28.3	-283.3	666.3	566.8	-26.6	
106.10	6.3	9.5	1.8	0.0	-29.1	90.7	10.5	-28.2	-284.9	630.5	416.8	-23.0	
106.15	6.3	9.4	2.7	0.0	-27.5	90.7	7.8	-26.9	-287.2	578.9	275.7	-18.2	
106.20	6.3	9.2	2.8	0.0	-26.2	90.7	4.1	-25.6	-285.3	543.3	88.0	-16.7	
106.25	6.3	9.0	3.2	0.0	-25.4	90.7	0.6	-24.9	-282.9	491.0	-83.7	-14.5	
106.30	6.4	9.1	4.7	0.0	-25.1	90.7	-0.8	-25.7	-285.3	438.0	-159.4	-9.1	
106.35	6.4	9.4	6.1	0.0	-25.1	90.7	-1.8	-24.9	-288.7	421.2	-205.1	-4.2	
106.40	6.4	9.8	6.4	0.0	-26.0	90.7	-4.5	-22.9	-287.4	448.1	-307.3	-4.0	
106.45	6.4	10.0	6.8	0.0	-27.0	90.7	-6.0	-22.9	-285.1	468.4	-402.8	-3.7	
106.50	6.5	10.2	7.7	0.0	-27.4	90.7	-6.3	-24.6	-286.1	462.8	-446.1	-1.1	
106.55	6.5	10.5	7.6	0.0	-27.8	90.7	-8.4	-24.1	-287.5	461.2	-489.6	-1.5	
106.60	6.5	10.8	6.5	0.0	-28.2	90.7	-10.3	-21.8	-286.0	482.7	-522.6	-5.9	
106.65	6.5	10.8	6.3	0.0	-28.0	90.7	-8.6	-22.5	-284.7	506.7	-468.5	-6.3	
106.70	6.5	10.8	6.6	0.0	-26.9	90.7	-4.2	-23.8	-286.6	510.6	-325.2	-4.0	
106.75	6.6	10.9	5.9	0.0	-26.5	90.7	-2.4	-24.4	-287.9	539.6	-213.2	-6.3	
106.80	6.6	11.0	4.3	0.0	-26.9	90.7	-2.1	-25.9	-286.0	585.0	-150.7	-12.0	
106.85	6.6	10.8	4.1	0.0	-26.7	90.7	1.1	-26.4	-285.0	589.0	-35.7	-12.7	
106.90	6.6	9.9	4.2	0.0	-26.6	90.7	5.6	-26.1	-285.8	567.7	118.1	-12.2	
106.95	6.6	10.2	3.4	0.0	-26.9	90.7	8.0	-24.6	-284.9	561.7	233.6	-15.2	
107.00	6.7	10.6	2.3	0.0	-27.8	90.7	9.5	-23.4	-283.3	579.3	343.6	-20.0	
107.05	6.7	10.9	1.9	0.0	-29.7	90.7	13.7	-26.4	-283.4	618.7	515.0	-23.1	
107.10	6.7	10.8	1.9	0.0	-31.8	90.7	17.3	-30.0	-284.9	662.0	686.5	-25.3	
107.15	6.7	10.9	1.1	0.0	-33.3	90.7	19.0	-28.5	-285.9	683.8	811.1	-29.5	
107.20	6.7	11.2	0.1	0.0	-34.0	90.7	20.3	-27.4	-284.5	684.9	881.6	-33.5	
107.25	6.8	11.7	0.2	0.0	-34.4	90.7	22.1	-28.9	-283.4	660.5	935.3	-33.9	
107.30	6.8	11.6	0.2	0.0	-34.5	90.7	22.0	-28.9	-284.5	632.0	964.5	-33.9	
107.35	6.8	11.2	-0.3	0.0	-34.5	90.7	20.7	-26.9	-285.3	633.3	966.6	-35.4	
107.40	6.8	10.8	-0.2	0.0	-34.8	90.7	21.7	-27.6	-284.2	658.9	977.8	-35.6	
107.45	6.9	10.6	0.6	0.0	-35.2	90.7	23.3	-30.2	-283.8	682.3	987.9	-33.1	
107.50	6.9	10.5	1.0	0.0	-34.7	90.7	21.2	-30.6	-285.8	682.1	938.4	-31.1	
107.55	6.9	10.1	0.8	0.0	-33.2	90.7	17.4	-28.9	-287.1	662.1	823.6	-30.5	
107.60	6.9	10.4	1.1	0.0	-31.2	90.7	14.9	-28.2	-285.9	612.3	675.3	-27.4	
107.65	6.9	10.8	1.7	0.0	-28.8	90.7	12.9	-26.2	-285.1	526.9	515.4	-22.9	
107.70	6.9	10.8	1.9	0.0	-26.3	90.7	8.4	-23.5	-285.8	456.3	321.7	-19.8	
107.75	7.0	10.6	2.3	0.0	-24.6	90.7	2.8	-23.7	-286.0	424.3	110.9	-16.7	
107.80	7.0	10.3	3.3	0.0	-24.3	90.7	0.3	-26.1	-285.6	405.7	-39.6	-12.9	
107.85	7.0	9.9	4.9	0.0	-24.4	90.7	0.6	-26.2	-285.9	395.4	-122.3	-7.7	
107.90	7.0	10.0	6.0	0.0	-25.2	90.7	-0.2	-24.4	-286.4	436.9	-206.8	-4.6	
107.95	7.0	10.1	6.9	0.0	-26.8	90.7	-2.3	-25.3	-285.9	507.5	-318.9	-3.0	
108.00	7.0	10.0	8.2	0.0	-28.6	90.7	-4.1	-29.8	-285.5	580.0	-422.3	-0.6	
108.05	7.0	10.0	8.9	0.0	-29.6	90.7	-5.5	-30.4	-286.2	618.6	-494.4	0.9	
108.10	7.0	10.1	8.5	0.0	-30.3	90.7	-7.5	-27.8	-285.8	641.5	-558.1	-1.0	
108.15	7.1	10.4	8.1	0.0	-30.7	90.7	-7.2	-29.4	-283.6	671.1	-566.6	-2.8	
108.20	7.1	9.9	7.6	0.0	-30.6	90.7	-4.7	-34.2	-283.9	710.9	-478.7	-4.4	
108.25	7.1	9.9	6.6	0.0	-29.9	90.7	-2.5	-33.8	-286.8	734.4	-331.7	-7.3	
108.30	7.1	10.4	5.3	0.0	-29.1	90.7	-0.2	-31.7	-286.5	725.6	-194.0	-10.8	
108.35	7.1	10.3	5.1	0.0	-28.1	90.7	4.9	-32.1	-283.2	677.8	-26.2	-10.6	
108.40	7.1	10.1	4.7	0.0	-27.8	90.7	10.7	-30.3	-283.2	628.6	193.4	-11.7	
108.45	7.2	9.8	3.6	0.0	-28.6	90.7	12.1	-24.8	-285.6	631.4	368.2	-16.2	
108.50	7.2	10.3	2.6	0.0	-29.9	90.7	12.9	-23.4	-285.0	665.4	495.8	-21.1	
108.55	7.2	10.8	1.8	0.0	-31.5	90.7	17.2	-27.2	-282.6	679.5	649.7	-25.2	
108.60	7.2	11.3	1.2	0.0	-33.3	90.7	20.6	-29.0	-282.9	684.5	811.3	-29.2	
108.65	7.2	11.3	-0.1	0.0	-34.9	90.7	21.4	-27.1	-285.4	708.5	951.5	-35.4	
108.70	7.3	11.2	-1.1	0.0	-36.6	90.7	23.1	-28.6	-285.4	757.6	1067.4	-40.4	
108.75	7.3	11.1	-0.8	0.0	-38.4	90.7	27.1	-34.0	-284.0	809.5	1171.9	-41.0	
108.80	7.3	10.9	-0.8	0.0	-38.9	90.7	28.2	-36.2	-284.1	812.7	1210.4	-41.6	
108.85	7.3	10.7	-1.2	0.0	-38.3	90.7	26.1	-34.5	-285.0	789.1	1174.0	-42.5	
108.90	7.3	10.4	-0.8	0.0	-37.5	90.7	25.8	-32.9	-284.4	764.0	1130.7	-40.3	
108.95	7.4	10.5	-0.1	0.0	-36.7	90.7	26.3	-32.4	-283.1	739.3	1071.5	-37.1	
109.00	7.4	10.3	0.2	0.0	-34.9	90.7	23.5	-30.3	-283.5	687.3	949.8	-34.3	
109.05	7.4	10.1	0.6	0.0	-32.3	90.7	19.3	-27.6	-285.0	594.6	793.6	-30.2	
109.10	7.4	9.7	1.4	0.0	-29.8	90.7	16.6	-27.4	-284.7	502.1	630.5	-25.1	
109.15	7.4	9.2	1.5	0.0	-27.6	90.7	15.2	-26.6	-283.5	429.1	482.6	-22.3	
109.20	7.4	8.8	1.7	0.0	-25.3	90.7	10.6	-24.5	-283.5	382.7	294.1	-19.3	
109.25	7.5	8.7	2.6	0.0	-23.8	90.7	6.6	-23.4	-284.9	352.9	129.1	-14.7	
109.30	7.5	9.0	3.9	0.0	-23.4	90.7	5.7	-26.0	-284.4	340.1	2.0	-9.9	
109.35	7.5	9.2	4.7	0.0	-24.2	90.7	4.2	-29.0	-282.3	373.6	-125.4	-8.0	
109.40	7.5	9.2	5.3	0.0	-25.7	90.7	1.7	-29.0	-283.2	454.6	-218.9	-7.4	
109.45	7.5	8.9	5.8	0.0	-26.6	90.7	-0.3	-28.7	-285.8	504.1	-271.3	-6.6	
109.50	7.5	8.8	5.9	0.0	-27.0	90.7	-1.4	-30.7	-285.8	508.6	-320.6	-6.7	
109.55	7.6	8.9	5.8	0.0	-27.4	90.7	-3.7	-29.6	-283.9	492.3	-391.0	-7.3	
109.60	7.6	8.8	5.9	0.0	-27.4	90.7	-5.1	-26.5	-284.2	499.2	-405.8	-7.2	
109.65	7.6	8.8	6.0	0.0	-26.8	90.7	-2.6	-25.9	-285.7	502.3	-319.2	-6.3	
109.70	7.6	8.7	5.4	0.0	-26.7	90.7	-0.1	-29.2	-285.1	530.2	-225.7	-8.3	
109.75	7.6	8.9	3.7	0.0	-27.0	90.7	0.7	-31.4	-283.8	580.5	-146.1	-14.2	
109.80	7.7	9.3	3.2	0.0	-27.4	90.7	3.3	-32.0	-284.4	621.7	-4.2	-16.4	
109.85	7.7	9.7	3.6	0.0	-27.9	90.7	8.8	-32.3	-285.6	632.4	192.1	-15.6	
109.90	7.7	9.8	3.3	0.0	-28.8	90.7	11.9	-32.4	-284.7	642.3	329.0	-17.6	
109.95	7.7	9.8	1.7	0.0	-29.4	90.7	10.9	-30.8	-283.7	665.1	391.4	-23.5	
