Time[s]	Rotor azimuth angle[deg]	Hub wind speed magnitude[m/s]	ACTTORQUE1[Nm]	PITRAT1[deg/s]	PITFRIC1[kNm]	PITCH1[deg]	Blade root 1 Fx[KN]	Blade root 1 Fy[KN]	Blade root 1 Fz[KN]	Blade root 1 Mx[kNm]	Blade root 1 My[kNm]	Blade root 1 Mz[kNm]	
END_OF_HEADER
50.00	308.5	13.3	-44.9	-0.7	161.5	11.4	232.0	164.1	504.4	-2727.9	9486.7	-4.8	
50.05	311.2	13.5	-41.5	-0.5	155.7	11.4	225.6	139.4	494.4	-2138.3	9253.5	-2.0	
50.10	313.9	13.3	-42.6	-0.5	151.9	11.4	218.4	128.8	484.8	-1645.8	9103.6	3.4	
50.15	316.6	13.1	-44.1	-0.6	150.2	11.3	210.6	125.2	470.0	-1301.1	9067.8	9.5	
50.20	319.3	13.1	-43.4	-0.7	149.3	11.3	204.6	115.9	453.6	-1003.3	9077.5	10.6	
50.25	322.0	13.8	-41.8	-0.7	149.4	11.3	206.5	103.2	442.9	-749.7	9130.3	5.9	
50.30	324.7	13.9	-42.0	-0.6	149.6	11.2	212.3	87.2	438.0	-549.0	9166.4	-0.5	
50.35	327.4	13.7	-45.6	-0.6	150.0	11.2	216.5	75.0	429.0	-379.4	9211.1	-5.3	
50.40	330.0	13.4	-51.2	-0.7	151.7	11.2	221.9	72.4	417.3	-200.4	9342.2	-14.3	
50.45	332.7	13.4	-53.0	-0.8	154.0	11.1	228.3	65.9	409.0	-34.3	9511.5	-20.6	
50.50	335.4	13.5	-52.4	-0.8	155.7	11.1	233.1	51.5	404.5	112.7	9641.2	-23.0	
50.55	338.1	13.4	-52.9	-0.8	156.2	11.0	234.0	33.5	397.8	257.6	9690.7	-25.1	
50.60	340.8	13.2	-52.8	-0.8	154.2	11.0	227.7	21.0	389.3	395.1	9562.2	-21.6	
50.65	343.5	13.2	-52.7	-0.9	151.3	11.0	221.9	21.0	385.7	496.7	9357.9	-19.7	
50.70	346.1	13.4	-48.8	-0.9	150.6	10.9	223.2	21.8	385.5	527.8	9300.3	-16.2	
50.75	348.8	13.6	-43.9	-0.8	153.2	10.9	230.7	11.3	384.2	570.5	9473.4	-15.8	
50.80	351.5	13.4	-45.5	-0.6	157.7	10.8	241.6	-2.4	381.0	646.2	9786.3	-23.5	
50.85	354.2	12.9	-53.7	-0.5	161.8	10.8	250.6	-12.7	378.7	683.4	10067.4	-30.3	
50.90	356.9	13.1	-63.9	-0.7	164.8	10.8	256.9	-17.0	377.8	820.6	10266.1	-32.6	
50.95	359.5	12.9	-71.0	-1.0	166.1	10.7	258.5	-29.9	380.2	1251.2	10308.7	-40.6	
51.00	2.2	12.5	-70.5	-1.2	165.5	10.7	254.0	-62.0	386.0	1838.0	10168.6	-51.3	
51.05	4.8	12.2	-64.2	-1.2	164.6	10.6	247.0	-84.0	388.8	2263.5	10007.5	-49.5	
51.10	7.5	12.0	-59.7	-1.2	163.9	10.6	237.8	-89.6	387.8	2575.1	9899.0	-40.2	
51.15	10.1	11.7	-61.4	-1.3	165.6	10.5	232.2	-102.9	385.0	3010.6	9919.6	-34.0	
51.20	12.8	11.4	-67.2	-1.5	171.5	10.4	239.4	-122.0	384.7	3580.8	10152.0	-38.7	
51.25	15.4	11.4	-69.2	-1.6	177.6	10.4	250.4	-135.8	389.5	4116.8	10396.1	-45.9	
51.30	18.1	11.5	-67.8	-1.6	181.3	10.3	254.4	-149.2	393.6	4587.3	10463.8	-45.6	
51.35	20.7	11.6	-70.4	-1.7	183.0	10.2	249.8	-165.3	395.1	5167.5	10319.1	-46.0	
51.40	23.4	11.7	-73.3	-1.9	183.1	10.1	238.6	-185.4	398.9	5886.6	9925.1	-48.6	
51.45	26.0	11.8	-69.5	-2.0	181.3	10.0	222.2	-201.4	407.7	6508.1	9358.4	-41.6	
51.50	28.6	11.8	-63.4	-2.1	180.2	9.9	209.0	-209.6	412.7	6888.6	8990.9	-30.4	
51.55	31.3	11.3	-62.2	-2.1	182.5	9.8	202.6	-223.5	410.4	7167.6	8967.6	-30.5	
51.60	33.9	10.7	-69.7	-2.1	188.1	9.7	208.3	-240.8	409.7	7457.5	9221.7	-45.7	
51.65	36.6	10.4	-78.1	-2.3	192.9	9.6	216.8	-252.6	418.0	7693.0	9438.5	-55.0	
51.70	39.2	10.2	-81.3	-2.5	196.1	9.5	222.8	-260.0	428.1	7857.6	9566.4	-54.3	
51.75	41.9	10.4	-80.4	-2.7	199.5	9.3	224.8	-264.5	433.5	8008.7	9749.3	-54.6	
51.80	44.5	11.0	-79.1	-2.7	204.2	9.2	226.4	-273.5	436.2	8166.6	10054.8	-61.0	
51.85	47.1	10.9	-80.1	-2.7	210.1	9.1	235.6	-283.5	441.1	8236.3	10512.4	-68.6	
51.90	49.8	10.6	-85.2	-2.7	216.1	8.9	252.7	-285.1	451.6	8265.5	11001.4	-77.6	
51.95	52.4	10.2	-89.4	-2.7	220.2	8.8	266.6	-286.4	462.9	8242.7	11360.0	-79.1	
52.00	55.0	9.8	-90.8	-2.8	222.4	8.7	271.3	-291.5	470.3	8114.5	11622.5	-75.7	
52.05	57.6	9.8	-89.9	-2.9	223.7	8.5	272.1	-287.3	479.7	7964.2	11846.4	-75.1	
52.10	60.3	10.0	-85.8	-2.9	223.0	8.4	270.6	-280.3	491.0	7725.1	11947.7	-70.4	
52.15	62.9	10.0	-84.6	-3.0	222.5	8.2	271.5	-279.1	503.9	7545.3	12005.3	-64.9	
52.20	65.5	10.2	-86.6	-3.0	223.3	8.1	273.9	-286.3	518.1	7588.4	12015.1	-65.2	
52.25	68.2	10.4	-85.5	-3.1	222.9	7.9	270.9	-294.1	532.0	7631.9	11926.1	-66.6	
52.30	70.8	10.5	-80.5	-3.0	220.6	7.8	262.3	-291.0	544.4	7522.1	11808.6	-58.4	
52.35	73.4	10.6	-81.3	-3.0	218.6	7.6	254.7	-288.4	556.6	7442.6	11689.0	-64.2	
52.40	76.0	10.6	-80.3	-3.0	217.0	7.5	247.6	-299.9	569.4	7474.8	11499.9	-59.5	
52.45	78.6	10.7	-81.6	-3.1	216.7	7.3	242.1	-309.8	586.9	7703.7	11288.5	-57.2	
52.50	81.2	10.8	-85.6	-3.1	217.3	7.2	238.3	-308.8	603.9	7940.6	11172.7	-66.1	
52.55	83.9	11.0	-84.5	-3.2	217.2	7.0	231.5	-306.0	615.3	8044.6	11108.1	-63.0	
52.60	86.5	11.2	-83.0	-3.3	219.7	6.8	231.7	-304.1	627.2	8228.3	11198.3	-60.4	
52.65	89.1	11.0	-83.2	-3.2	225.1	6.7	240.5	-312.1	644.6	8598.5	11372.4	-65.0	
52.70	91.7	10.8	-86.7	-3.2	230.6	6.5	249.5	-327.2	661.9	8941.0	11554.0	-69.8	
52.75	94.4	10.9	-90.5	-3.3	234.7	6.3	254.1	-331.7	675.7	9151.3	11746.5	-67.8	
52.80	97.0	10.9	-89.6	-3.3	238.7	6.2	257.9	-330.2	686.7	9300.1	11995.2	-62.8	
52.85	99.6	11.0	-90.5	-3.3	244.2	6.0	269.0	-333.4	697.5	9480.9	12336.7	-67.4	
52.90	102.3	11.4	-95.9	-3.3	251.5	5.9	289.8	-340.8	712.5	9744.1	12747.1	-80.6	
52.95	104.9	11.8	-98.6	-3.2	257.8	5.7	312.9	-347.5	728.2	9869.6	13162.5	-87.9	
53.00	107.6	12.1	-100.3	-3.2	261.6	5.5	327.1	-344.6	737.1	9750.5	13575.9	-88.4	
53.05	110.2	11.7	-104.0	-3.2	264.6	5.4	332.5	-334.1	741.6	9581.2	13974.4	-91.9	
53.10	112.9	11.4	-102.3	-3.2	264.9	5.2	332.6	-327.7	748.0	9347.1	14170.8	-89.5	
53.15	115.5	11.3	-95.2	-3.1	261.6	5.1	331.5	-317.4	764.7	9027.1	14096.6	-76.5	
53.20	118.2	11.3	-88.7	-3.0	256.8	4.9	326.1	-303.7	782.2	8668.7	13922.3	-62.0	
53.25	120.8	11.0	-84.9	-2.9	252.1	4.8	311.3	-295.8	786.8	8245.5	13811.7	-48.1	
53.30	123.5	10.8	-85.8	-2.9	249.0	4.6	300.8	-282.2	789.1	7808.3	13854.2	-40.5	
53.35	126.1	11.1	-86.2	-3.0	247.6	4.5	306.0	-259.8	802.5	7345.1	14011.7	-38.5	
53.40	128.8	11.1	-83.4	-3.0	247.0	4.3	316.4	-244.7	819.5	6852.3	14196.2	-36.1	
53.45	131.4	11.1	-81.6	-3.0	247.2	4.2	321.3	-235.5	829.9	6499.3	14372.1	-36.3	
53.50	134.1	10.8	-76.9	-2.9	246.7	4.0	319.3	-225.0	837.6	6180.1	14493.4	-27.6	
53.55	136.7	10.6	-71.0	-2.9	245.3	3.9	317.2	-210.0	851.7	5722.2	14582.6	-4.5	
53.60	139.4	10.5	-74.1	-3.0	247.4	3.7	326.8	-195.3	870.8	5384.9	14866.4	4.3	
53.65	142.1	10.4	-80.4	-3.1	256.5	3.6	351.6	-193.2	882.9	5282.7	15557.8	-6.9	
53.70	144.7	10.4	-86.1	-3.1	269.8	3.4	386.6	-193.6	889.4	5157.7	16553.2	-22.4	
53.75	147.4	10.4	-92.5	-3.1	280.8	3.3	417.2	-182.4	901.8	4974.9	17400.4	-30.9	
53.80	150.1	10.4	-92.2	-3.2	286.4	3.1	428.5	-173.8	916.2	4893.8	17833.2	-19.5	
53.85	152.7	10.3	-85.0	-3.3	285.8	2.9	416.3	-175.3	922.1	4989.5	17783.9	1.5	
53.90	155.4	10.0	-77.2	-3.3	281.1	2.8	397.1	-167.9	925.4	5041.7	17463.0	14.3	
53.95	158.1	9.5	-71.7	-3.2	275.7	2.6	385.8	-146.9	936.0	4899.2	17122.0	17.5	
54.00	160.8	9.3	-72.7	-3.1	272.7	2.5	382.7	-130.6	948.3	4662.0	16972.9	18.1	
54.05	163.5	9.4	-78.5	-3.2	273.7	2.3	382.7	-121.8	950.3	4456.0	17107.7	17.6	
54.10	166.2	10.0	-78.7	-3.4	276.4	2.1	384.1	-109.0	946.1	4249.9	17384.3	21.7	
54.15	168.9	9.8	-71.7	-3.4	277.0	2.0	382.3	-90.0	949.9	3951.2	17514.8	36.1	
54.20	171.6	9.1	-66.7	-3.4	277.8	1.8	382.0	-77.1	959.1	3693.9	17639.1	50.8	
54.25	174.3	8.8	-67.7	-3.4	282.8	1.6	388.8	-75.6	962.5	3624.7	18013.8	54.9	
54.30	177.0	8.8	-71.7	-3.6	291.0	1.5	403.1	-74.9	959.9	3540.1	18629.2	58.5	
54.35	179.7	9.1	-74.4	-3.7	300.8	1.3	425.1	-65.8	959.7	3244.9	19375.7	59.7	
54.40	182.5	8.7	-78.5	-3.8	311.9	1.1	453.2	-46.8	962.0	2860.1	20207.6	53.3	
54.45	185.2	8.6	-70.8	-3.5	322.1	0.9	477.2	-26.6	961.8	2452.8	20968.1	53.0	
54.50	187.9	8.9	-62.7	-3.2	327.1	0.7	485.0	-10.5	958.8	1851.8	21396.6	71.1	
54.55	190.7	9.1	-62.7	-3.1	327.0	0.6	479.7	12.7	958.8	1122.0	21449.5	90.8	
54.60	193.4	9.4	-57.0	-3.0	322.6	0.4	465.0	33.4	962.2	598.4	21174.2	119.6	
54.65	196.1	9.5	-50.6	-3.0	317.8	0.3	449.6	44.5	961.0	273.4	20861.0	141.4	
54.70	198.9	10.0	-46.6	-2.9	316.3	0.1	444.7	56.9	959.6	29.6	20765.3	151.7	
54.75	201.6	10.3	-37.8	-2.7	319.1	-0.0	451.6	69.3	960.0	-292.9	20945.9	158.6	
54.80	204.4	10.4	-36.8	-2.4	325.0	-0.1	467.3	75.9	956.0	-700.3	21338.4	155.2	
54.85	207.1	10.1	-50.6	-2.3	330.3	-0.3	482.2	90.1	950.1	-1059.4	21680.1	146.3	
54.90	209.9	9.8	-59.2	-2.5	332.0	-0.4	486.5	113.9	947.8	-1527.2	21757.3	149.6	
54.95	212.7	9.7	-32.0	-2.1	329.5	-0.5	474.3	142.5	948.7	-2136.6	21524.7	175.3	
55.00	215.5	9.6	-18.9	-1.6	325.9	-0.6	456.1	166.9	945.7	-2650.8	21223.3	192.9	
55.05	218.2	9.4	-18.6	-1.2	323.5	-0.6	444.7	170.6	937.0	-2956.6	21037.1	209.0	
55.10	221.0	9.3	-20.7	-0.9	323.5	-0.7	448.0	169.8	933.2	-2987.5	21029.6	214.5	
55.15	223.8	9.2	-27.1	-0.6	325.9	-0.7	461.0	175.2	935.0	-2819.5	21187.7	200.9	
55.20	226.7	9.2	-32.6	-0.4	327.8	-0.8	466.1	179.6	928.5	-2706.2	21333.4	191.3	
55.25	229.5	9.1	-34.6	-0.3	328.8	-0.8	465.9	175.1	912.2	-2698.5	21434.4	190.9	
55.30	232.3	9.3	-38.5	-0.2	330.3	-0.8	473.6	173.3	900.8	-2781.1	21526.1	183.6	
55.35	235.1	9.3	-40.9	-0.1	330.6	-0.8	482.3	189.1	900.2	-3021.2	21478.9	179.0	
55.40	238.0	9.1	-38.6	-0.0	328.2	-0.8	475.2	208.3	896.2	-3354.0	21239.1	187.0	
55.45	240.8	9.1	154.9	0.1	-327.0	-0.8	462.1	218.8	880.4	-3697.2	21127.5	198.0	
55.50	243.7	9.1	154.5	0.1	-328.1	-0.8	459.2	226.8	866.6	-3834.1	21195.3	197.2	
55.55	246.5	9.1	159.8	0.3	-328.0	-0.8	465.0	225.3	864.8	-3751.6	21193.8	195.2	
55.60	249.4	8.7	154.7	0.4	-326.9	-0.8	470.5	219.6	863.6	-3677.9	21112.1	195.8	
55.65	252.3	8.5	151.2	0.3	-327.9	-0.7	472.1	220.5	850.3	-3705.1	21189.7	202.6	
55.70	255.1	8.6	154.7	0.2	-329.4	-0.7	466.0	221.8	830.4	-3897.8	21304.5	213.9	
55.75	258.0	8.8	155.8	0.1	-329.5	-0.7	461.3	233.9	819.4	-4209.0	21254.9	219.5	
55.80	260.9	9.2	161.9	0.1	-329.6	-0.7	467.5	252.8	816.3	-4551.6	21150.9	221.5	
55.85	263.8	9.7	164.3	0.2	-330.4	-0.7	474.5	253.7	807.9	-4856.1	21135.2	225.8	
55.90	266.7	10.6	169.7	0.3	-333.4	-0.7	477.7	256.2	793.4	-5094.7	21307.6	228.4	
55.95	269.6	11.0	173.3	0.5	-336.8	-0.7	478.9	274.9	781.9	-5298.6	21504.1	229.2	
56.00	272.5	11.1	181.0	0.9	-337.3	-0.7	477.2	283.3	775.7	-5411.3	21508.7	239.6	
56.05	275.4	11.1	180.4	1.2	-335.3	-0.6	474.8	266.1	770.7	-5242.0	21436.8	249.3	
56.10	278.4	11.2	178.3	1.3	-334.9	-0.5	473.4	245.7	762.2	-4909.0	21520.6	258.6	
56.15	281.3	11.3	180.8	1.4	-336.5	-0.5	465.9	242.3	747.9	-4840.0	21695.8	273.5	
56.20	284.3	11.5	183.6	1.4	-339.5	-0.4	459.6	252.4	734.0	-5018.4	21906.8	287.4	
56.25	287.2	11.7	193.1	1.6	-345.8	-0.3	469.8	264.8	726.7	-5186.0	22312.8	291.0	
56.30	290.2	12.0	203.5	2.1	-354.7	-0.2	495.2	258.3	722.7	-5220.2	22942.2	283.2	
56.35	293.2	12.3	197.7	2.5	-363.4	-0.1	521.2	245.7	716.3	-5171.8	23584.7	261.9	
56.40	296.2	12.3	187.9	2.8	-368.9	0.0	535.3	250.3	708.9	-5116.1	23978.7	245.1	
56.45	299.2	12.3	186.1	3.0	-368.0	0.2	533.0	253.4	705.1	-4978.6	23948.7	245.9	
56.50	302.2	12.0	185.9	3.1	-361.6	0.3	519.2	234.8	703.6	-4599.2	23589.7	257.4	
56.55	305.3	11.7	190.3	3.4	-354.0	0.5	504.7	202.8	700.0	-4035.5	23185.9	266.0	
56.60	308.3	11.4	197.0	3.8	-347.4	0.7	492.9	181.3	692.2	-3605.1	22820.0	269.8	
56.65	311.3	11.2	192.0	4.2	-341.9	0.9	482.6	176.9	685.2	-3390.1	22468.7	272.3	
56.70	314.4	11.0	180.7	4.3	-340.5	1.1	482.6	180.6	680.6	-3168.5	22394.9	261.4	
56.75	317.5	10.9	181.1	4.6	-344.7	1.3	497.0	173.8	676.4	-2813.0	22728.1	242.7	
56.80	320.5	10.9	182.0	5.0	-352.7	1.5	520.0	159.7	671.7	-2561.9	23317.6	226.9	
56.85	323.6	10.7	175.6	5.2	-361.5	1.8	545.4	149.6	670.5	-2388.9	23944.1	207.5	
56.90	326.7	10.6	159.7	5.2	-367.3	2.1	564.2	136.8	672.0	-2022.3	24376.0	184.1	
56.95	329.8	10.6	145.8	4.9	-366.2	2.3	560.2	120.7	670.1	-1514.9	24354.0	175.6	
57.00	332.9	10.8	148.4	4.6	-361.3	2.5	543.5	110.6	667.5	-1059.6	24059.6	180.0	
57.05	336.0	10.8	168.6	4.8	-356.7	2.8	529.5	92.7	667.3	-665.4	23777.2	198.6	
57.10	339.2	10.6	175.1	5.1	-352.7	3.0	516.7	59.7	665.2	-279.7	23534.8	209.7	
57.15	342.3	10.6	172.4	5.3	-350.0	3.3	508.7	32.4	659.9	135.8	23364.9	213.0	
57.20	345.6	10.7	173.6	5.3	-347.0	3.6	492.1	67.6	666.7	-1579.1	23119.1	256.3	
57.25	348.9	10.9	164.7	5.2	-345.9	3.8	501.4	33.8	677.0	-1473.2	23014.3	233.7	
57.30	352.1	10.8	153.7	5.4	-345.9	4.1	528.5	75.6	704.3	-836.4	22934.6	155.3	
57.35	355.4	10.9	126.0	4.5	-328.0	4.3	470.7	-4.1	704.7	-1059.1	21753.2	214.3	
57.40	358.7	11.1	125.9	3.9	-322.7	4.5	468.8	20.1	713.7	-415.7	21371.0	191.3	
57.45	1.8	11.5	109.9	3.4	-324.0	4.7	488.7	36.5	739.6	177.3	21391.2	114.1	
57.50	5.2	11.8	124.9	3.0	-315.2	4.9	456.6	-70.4	735.1	-76.8	20811.1	158.9	
57.55	8.5	12.0	115.8	2.8	-312.9	5.0	461.7	-60.8	734.2	849.7	20610.6	118.3	
57.60	11.8	12.2	100.5	2.6	-303.4	5.2	445.9	-37.6	758.3	1976.0	19842.0	67.0	
57.65	15.1	12.1	110.6	2.4	-284.3	5.3	398.2	-73.7	773.5	2282.5	18466.9	114.1	
57.70	18.5	11.9	101.1	2.3	-283.8	5.4	415.4	-33.2	796.7	2876.5	18298.5	77.3	
57.75	21.8	11.6	86.3	2.2	-290.0	5.5	429.7	-58.3	817.5	3169.2	18660.0	16.8	
57.80	25.3	11.5	88.1	2.2	-295.7	5.6	438.8	-128.1	819.3	3162.1	19023.6	14.5	
57.85	28.7	11.4	81.8	2.1	-303.7	5.7	470.9	-89.3	848.1	3811.0	19432.0	-17.0	
57.90	32.1	11.2	86.6	2.1	-298.9	5.8	440.5	-97.0	882.3	4051.0	19067.2	2.6	
57.95	35.6	11.0	100.2	2.1	-296.1	5.9	412.1	-164.0	886.1	4227.2	18832.6	51.1	
58.00	39.1	10.4	92.6	2.1	-310.0	6.0	446.2	-193.7	893.3	5118.6	19566.4	10.2	
58.05	42.5	10.3	87.3	2.0	-317.7	6.1	448.8	-247.4	915.0	5501.9	19971.2	-16.3	
58.10	46.0	10.4	90.3	2.0	-319.2	6.2	453.3	-263.6	931.1	5645.5	19995.7	-7.8	
58.15	49.5	10.1	86.6	2.0	-322.0	6.3	475.2	-225.6	944.4	6091.9	20071.0	-23.7	
58.20	52.9	10.0	85.4	2.0	-315.2	6.4	442.4	-241.7	966.3	6129.8	19575.3	-21.3	
58.25	56.4	10.0	88.3	2.0	-306.5	6.5	422.9	-249.5	997.1	6041.4	18926.8	-2.8	
58.30	59.9	9.9	86.6	2.0	-304.8	6.6	444.5	-221.4	1027.8	6011.5	18760.2	-7.0	
58.35	63.4	10.0	85.2	2.0	-301.7	6.7	426.4	-233.3	1054.0	6050.8	18508.9	-8.8	
58.40	67.0	9.9	76.5	2.0	-300.4	6.8	418.7	-245.6	1083.7	6896.8	18084.8	-37.5	
58.45	70.6	9.7	69.7	2.0	-296.6	6.9	425.4	-252.5	1113.8	7722.9	17373.9	-57.2	
58.50	74.2	9.6	74.2	2.0	-283.7	7.1	378.6	-289.5	1140.9	7833.5	16283.8	-29.0	
58.55	77.8	10.0	73.0	2.0	-279.8	7.2	354.1	-299.8	1160.0	7940.0	15927.8	-29.1	
58.60	81.5	10.5	66.8	2.0	-286.3	7.3	374.5	-308.6	1171.4	8191.4	16271.2	-56.8	
58.65	85.1	10.8	64.8	2.0	-289.8	7.4	380.8	-322.1	1193.9	8070.8	16563.7	-67.3	
58.70	88.8	10.6	61.7	2.0	-291.7	7.5	403.0	-294.2	1231.3	7836.4	16806.0	-79.9	
58.75	92.5	10.8	58.1	2.0	-295.4	7.6	438.3	-296.6	1251.1	7687.6	17062.9	-95.8	
58.80	96.2	11.2	56.4	2.0	-295.5	7.7	424.6	-328.9	1263.3	7767.5	17004.0	-101.8	
58.85	99.8	11.7	57.2	2.0	-290.7	7.8	398.4	-314.3	1283.8	7916.4	16612.1	-94.5	
58.90	103.5	11.8	63.2	2.0	-279.6	7.9	380.2	-289.7	1301.5	7752.2	15838.2	-62.7	
58.95	107.2	11.5	64.8	2.0	-269.7	8.0	345.7	-277.6	1324.2	7737.2	15094.4	-47.2	
59.00	110.8	10.9	58.0	2.0	-265.3	8.1	324.7	-272.6	1349.0	7923.9	14664.2	-66.0	
59.05	114.6	11.0	55.4	2.0	-256.8	8.2	325.7	-276.4	1369.7	7488.0	14139.6	-66.7	
59.10	118.3	10.7	52.4	2.0	-245.8	8.3	320.4	-256.1	1405.6	6929.2	13517.0	-66.0	
59.15	122.0	10.3	49.0	2.0	-237.2	8.4	308.8	-223.4	1437.7	6576.5	13032.8	-69.1	
59.20	125.8	10.4	44.3	2.0	-230.9	8.5	307.8	-215.1	1450.4	6094.7	12743.5	-78.8	
59.25	129.5	10.8	41.3	2.0	-224.9	8.6	300.5	-204.4	1472.3	5524.2	12529.0	-83.2	
59.30	133.3	10.7	40.8	2.0	-219.3	8.7	287.7	-194.4	1501.8	4986.7	12322.3	-79.1	
59.35	137.1	10.4	36.6	2.0	-218.3	8.8	291.7	-207.8	1513.8	4830.2	12262.3	-92.7	
59.40	140.9	10.4	29.0	2.0	-220.1	8.9	297.3	-207.3	1526.3	5151.6	12255.2	-120.5	
59.45	144.6	10.8	30.2	2.0	-218.1	9.0	296.5	-190.9	1547.2	5107.9	12115.0	-114.5	
59.50	148.4	11.2	30.9	2.0	-212.2	9.1	300.4	-166.0	1564.6	4438.2	11920.1	-106.3	
59.55	152.2	11.5	29.5	2.0	-205.9	9.2	295.1	-129.6	1573.7	3743.4	11713.9	-104.5	
59.60	156.0	11.6	33.0	2.0	-198.6	9.3	275.2	-105.4	1578.5	3021.7	11425.5	-85.3	
59.65	159.8	11.7	38.2	2.0	-190.5	9.4	261.8	-58.5	1591.6	2048.7	11088.0	-59.5	
59.70	163.6	12.0	43.5	2.0	-185.6	9.5	254.4	-3.6	1614.2	1225.5	10860.7	-36.3	
59.75	167.5	11.8	41.5	2.0	-187.9	9.6	259.0	-8.3	1629.4	989.1	11028.5	-45.4	
59.80	171.3	11.5	30.8	2.0	-194.3	9.7	278.2	-29.1	1639.8	1125.2	11433.0	-88.5	
59.85	175.2	11.3	23.1	2.0	-197.2	9.8	289.1	-21.7	1653.0	1009.5	11631.0	-117.9	
59.90	179.1	11.6	25.4	2.0	-193.3	9.9	275.9	-9.6	1654.5	534.4	11405.5	-106.1	
59.95	182.9	11.6	21.4	2.0	-189.2	10.0	266.0	2.5	1646.9	272.0	11134.0	-115.8	
60.00	186.8	11.5	13.6	2.0	-187.0	10.1	267.4	18.4	1643.3	-84.1	10969.3	-140.4	
60.05	190.7	11.8	13.4	2.0	-184.5	10.2	269.5	51.3	1645.4	-975.8	10714.4	-138.5	
60.10	194.6	11.7	13.4	2.0	-180.6	10.3	267.2	87.4	1652.1	-1782.0	10289.8	-134.5	
60.15	198.4	11.6	12.6	2.0	-172.2	10.4	249.4	104.7	1649.6	-2208.1	9582.6	-128.9	
60.20	202.3	11.5	17.0	2.0	-160.8	10.5	229.8	114.7	1642.7	-2241.7	8734.5	-102.5	
60.25	206.2	11.7	15.7	2.0	-150.7	10.6	213.8	141.6	1639.8	-2238.5	7948.0	-96.8	
60.30	210.0	12.0	14.6	2.0	-143.9	10.7	198.2	154.6	1634.2	-2472.1	7354.6	-93.8	
60.35	213.9	12.3	13.3	2.0	-140.7	10.8	194.1	153.0	1620.5	-2686.6	7047.9	-94.9	
60.40	217.8	12.1	9.5	2.0	-142.1	10.9	202.5	162.0	1606.0	-2856.8	7066.9	-109.4	
60.45	221.7	12.2	11.2	2.0	-146.8	11.0	205.3	189.0	1596.7	-3505.1	7114.2	-108.4	
60.50	225.6	12.4	17.0	2.0	-153.0	11.1	204.9	226.7	1593.2	-4470.8	7017.5	-94.6	
60.55	229.6	12.3	15.7	2.0	-160.3	11.2	208.7	254.8	1588.2	-5241.8	7081.0	-106.6	
60.60	233.5	12.1	8.3	2.0	-166.0	11.3	204.5	251.5	1573.6	-5792.3	7230.4	-137.5	
60.65	237.4	12.0	0.9	2.0	-171.0	11.4	209.8	252.3	1553.8	-6240.2	7365.5	-167.8	
60.70	241.4	12.1	-5.5	2.0	-171.6	11.5	212.0	271.1	1539.1	-6462.4	7178.1	-190.5	
60.75	245.3	12.4	-6.9	2.0	-168.3	11.6	190.8	281.3	1522.4	-6679.4	6666.0	-192.1	
60.80	249.2	12.5	-12.4	2.0	-165.6	11.7	171.2	289.2	1499.2	-6931.0	6144.8	-208.2	
60.85	253.1	12.3	-16.5	2.0	-163.7	11.8	162.7	296.2	1479.8	-7154.7	5664.7	-220.4	
60.90	257.1	12.1	-12.5	2.0	-165.0	11.9	148.0	308.4	1468.4	-7693.4	5080.2	-207.9	
60.95	261.0	12.2	-4.4	2.0	-166.9	12.0	140.3	342.8	1460.1	-8134.2	4485.3	-182.1	
61.00	264.9	12.6	1.6	2.0	-170.5	12.1	138.2	373.8	1446.4	-8504.7	4198.3	-165.1	
61.05	268.9	12.9	0.8	2.0	-168.8	12.2	122.9	363.2	1432.5	-8551.7	3939.3	-166.0	
61.10	272.8	13.1	-5.5	2.0	-163.5	12.3	118.0	343.8	1421.9	-8309.1	3657.1	-182.5	
61.15	276.8	13.3	-8.3	2.0	-158.1	12.4	116.1	328.0	1415.0	-8081.0	3276.6	-186.7	
61.20	280.8	13.2	-11.9	2.0	-151.7	12.5	100.4	314.9	1403.3	-7731.9	3010.6	-192.4	
61.25	284.7	13.5	-20.8	2.0	-145.3	12.6	98.7	296.6	1378.8	-7194.9	3228.3	-216.7	
61.30	288.6	13.8	-27.7	2.0	-142.1	12.7	110.7	278.2	1351.8	-6789.7	3635.6	-237.4	
61.35	292.6	13.9	-29.5	2.0	-142.4	12.8	121.8	272.8	1334.2	-6709.1	3859.6	-243.7	
61.40	296.5	14.0	-31.1	2.0	-140.8	12.9	134.2	270.1	1319.1	-6579.5	3840.9	-247.6	
61.45	300.4	14.1	-28.9	2.0	-135.3	13.0	134.3	268.5	1300.2	-6284.9	3563.0	-234.6	
61.50	304.3	14.3	-21.3	2.0	-127.5	13.1	110.2	263.3	1278.7	-5976.5	3018.6	-200.6	
61.55	308.2	14.5	-13.3	2.0	-119.9	13.2	82.6	264.2	1258.8	-5679.6	2373.9	-165.5	
61.60	312.2	14.6	-11.7	2.0	-111.9	13.3	66.7	248.4	1244.7	-5316.8	1828.7	-152.1	
61.65	316.1	14.8	-17.0	2.0	-102.7	13.4	57.7	218.6	1231.2	-4791.6	1510.3	-160.9	
61.70	320.0	15.2	-26.4	2.0	-92.5	13.5	59.4	194.7	1216.2	-4101.5	1398.1	-183.1	
61.75	323.9	15.5	-34.7	2.0	-85.0	13.6	56.6	183.1	1205.0	-3642.3	1099.5	-204.1	
61.80	327.9	15.7	-30.6	2.0	-84.5	13.7	38.4	174.6	1189.0	-3759.5	670.7	-189.5	
61.85	331.8	15.4	-27.4	2.0	-85.8	13.8	24.9	174.0	1175.0	-3925.6	342.1	-180.0	
61.90	335.8	15.1	-35.6	2.0	-82.7	13.9	26.9	154.9	1172.6	-3756.0	179.1	-204.8	
61.95	339.8	15.0	-42.2	2.0	-77.6	14.0	32.5	118.4	1173.3	-3469.3	155.9	-222.5	
62.00	343.7	15.1	-44.6	2.0	-70.7	14.1	33.0	104.9	1167.3	-2990.3	95.9	-223.7	
62.05	347.6	15.0	-45.6	2.0	-63.1	14.2	28.9	89.2	1152.7	-2478.2	13.1	-219.8	
62.10	351.6	15.2	-49.2	2.0	-51.8	14.3	24.8	47.5	1143.0	-1743.0	-111.4	-220.6	
62.15	355.5	15.8	-57.4	2.0	-39.0	14.4	36.4	20.0	1142.5	-805.6	-103.2	-236.2	
62.20	359.4	16.2	-55.9	2.0	-32.7	14.5	39.5	7.5	1142.2	-204.6	-268.3	-224.5	
62.25	3.3	16.1	-41.7	2.0	-37.3	14.6	24.2	-4.1	1137.3	59.0	-738.2	-180.6	
62.30	7.2	15.7	-31.0	2.0	-44.0	14.7	10.4	-4.1	1133.4	396.4	-1222.0	-150.4	
62.35	11.1	15.3	-24.2	2.0	-49.9	14.8	0.7	-8.3	1137.2	658.9	-1607.6	-132.8	
62.40	15.0	15.3	-18.1	2.0	-59.1	14.9	-22.9	-22.2	1151.2	922.3	-2168.2	-121.1	
62.45	18.9	15.4	-14.9	2.0	-65.3	15.0	-37.0	-35.3	1157.2	1315.6	-2432.4	-116.6	
62.50	22.8	15.3	-16.0	2.0	-67.3	15.1	-38.8	-59.6	1154.6	1719.0	-2287.2	-122.3	
62.55	26.7	14.8	-22.4	2.0	-71.9	15.2	-31.2	-100.4	1157.5	2412.8	-1960.4	-148.8	
62.60	30.6	14.4	-32.4	2.0	-81.5	15.3	-13.9	-139.3	1169.3	3365.3	-1594.3	-192.7	
62.65	34.5	14.3	-37.7	2.0	-88.7	15.4	-2.6	-166.1	1179.4	3976.9	-1305.2	-218.3	
62.70	38.3	14.2	-35.7	2.0	-92.5	15.5	-2.2	-183.0	1185.2	4254.2	-1196.7	-214.9	
62.75	42.2	14.0	-33.2	2.0	-95.7	15.6	-1.4	-186.2	1187.1	4504.1	-1137.1	-209.8	
62.80	46.1	13.8	-29.9	2.0	-98.2	15.7	-7.9	-191.2	1193.5	4653.7	-1255.4	-201.0	
62.85	49.9	14.0	-22.2	2.0	-102.1	15.8	-18.2	-200.4	1205.7	4823.1	-1566.6	-178.1	
62.90	53.7	14.0	-14.8	2.0	-109.7	15.9	-24.6	-207.2	1217.4	5264.1	-1958.8	-160.6	
62.95	57.6	13.9	-6.1	2.0	-120.7	16.0	-41.5	-228.8	1230.0	5828.4	-2578.6	-141.5	
63.00	61.4	13.8	1.1	2.0	-133.0	16.1	-53.7	-247.5	1238.2	6538.2	-3108.3	-129.2	
63.05	65.2	14.5	5.7	2.0	-143.0	16.2	-52.8	-258.9	1250.8	7146.4	-3488.5	-123.5	
63.10	69.1	15.2	10.0	2.0	-149.9	16.3	-54.4	-279.2	1270.3	7446.9	-3887.1	-115.4	
63.15	72.9	15.7	10.9	2.0	-153.4	16.4	-61.1	-285.2	1284.5	7571.6	-4148.2	-116.2	
63.20	76.8	15.6	14.8	2.0	-150.4	16.5	-70.8	-281.6	1283.2	7287.5	-4191.0	-99.4	
63.25	80.6	15.6	15.9	2.0	-146.1	16.6	-79.0	-268.4	1286.0	6954.1	-4180.6	-91.6	
63.30	84.4	15.5	11.1	2.0	-147.3	16.7	-76.6	-262.2	1308.9	6990.4	-4295.1	-109.1	
63.35	88.3	15.2	8.5	2.0	-150.3	16.8	-72.2	-283.7	1330.8	7055.4	-4485.3	-121.2	
63.40	92.1	14.9	7.6	2.0	-152.8	16.9	-74.5	-300.9	1336.4	7153.7	-4582.7	-126.8	
63.45	95.9	14.8	5.4	2.0	-154.7	17.0	-80.0	-301.5	1337.6	7302.5	-4594.4	-136.2	
63.50	99.7	14.9	5.9	2.0	-156.0	17.1	-81.1	-301.8	1345.4	7342.2	-4713.7	-135.7	
63.55	103.5	15.1	8.8	2.0	-156.0	17.2	-79.0	-290.3	1361.4	7226.9	-4923.0	-125.9	
63.60	107.2	15.1	13.7	2.0	-151.8	17.3	-79.7	-273.8	1374.2	6852.7	-4961.2	-104.9	
63.65	111.0	14.8	14.3	2.0	-144.7	17.4	-74.1	-259.1	1377.5	6389.8	-4758.2	-95.5	
63.70	114.8	14.2	11.6	2.0	-142.7	17.5	-66.7	-252.5	1393.2	6195.9	-4783.7	-102.8	
63.75	118.5	14.3	12.9	2.0	-140.9	17.6	-62.3	-236.0	1415.8	5930.7	-4951.1	-96.8	
63.80	122.2	14.6	15.4	2.0	-140.0	17.7	-68.9	-213.1	1436.0	5635.4	-5242.8	-86.9	
63.85	125.9	14.7	14.4	2.0	-139.6	17.8	-79.6	-212.4	1439.6	5483.8	-5348.9	-90.1	
63.90	129.6	14.7	11.0	2.0	-139.5	17.9	-87.1	-223.0	1439.2	5465.1	-5306.9	-102.0	
63.95	133.4	14.6	9.2	2.0	-137.5	18.0	-84.4	-215.2	1450.7	5272.5	-5299.8	-105.7	
64.00	137.1	14.3	7.8	2.0	-132.5	18.1	-71.0	-192.6	1466.0	4940.9	-5187.8	-105.8	
64.05	140.7	13.9	3.7	2.0	-127.2	18.2	-57.9	-177.7	1472.3	4702.6	-4923.4	-114.4	
64.10	144.4	13.8	-0.1	2.0	-121.5	18.3	-49.1	-173.6	1470.0	4427.6	-4623.8	-121.8	
64.15	148.1	14.0	2.0	2.0	-117.0	18.4	-52.5	-163.7	1472.4	3952.2	-4622.6	-110.2	
64.20	151.8	13.7	8.8	2.0	-113.3	18.5	-57.2	-139.9	1480.6	3371.2	-4793.9	-83.0	
64.25	155.5	13.5	10.7	2.0	-111.5	18.6	-57.9	-113.2	1487.5	3047.6	-4919.6	-74.8	
64.30	159.1	13.5	7.2	2.0	-110.4	18.7	-62.1	-99.0	1483.0	2906.1	-4948.5	-85.6	
64.35	162.7	13.8	4.8	2.0	-108.6	18.8	-69.4	-97.8	1476.4	2670.5	-4919.1	-92.0	
64.40	166.4	14.0	2.5	2.0	-104.4	18.9	-67.0	-82.8	1473.1	2314.3	-4788.4	-95.9	
64.45	170.0	14.1	-1.9	2.0	-98.9	19.0	-60.5	-57.8	1472.0	1876.3	-4604.3	-105.6	
64.50	173.6	14.1	-5.3	2.0	-92.9	19.1	-53.5	-40.0	1467.6	1474.8	-4323.7	-111.2	
64.55	177.2	14.2	-7.5	2.0	-85.3	19.2	-42.4	-18.5	1461.2	1005.6	-3937.6	-111.2	
64.60	180.8	14.4	-7.8	2.0	-78.4	19.3	-28.6	11.3	1458.0	422.7	-3560.3	-105.1	
64.65	184.3	14.3	-8.2	2.0	-75.0	19.4	-17.4	36.1	1452.1	-194.2	-3295.9	-103.2	
64.70	187.9	14.2	-10.6	2.0	-75.2	19.5	-15.3	48.2	1442.6	-624.9	-3239.2	-111.5	
64.75	191.5	14.2	-12.9	2.0	-78.4	19.6	-21.2	55.0	1429.5	-830.0	-3427.8	-122.9	
64.80	195.0	14.3	-10.4	2.0	-84.9	19.7	-34.1	49.7	1419.9	-938.0	-3910.7	-120.7	
64.85	198.6	14.2	-8.0	2.0	-91.7	19.8	-41.6	56.5	1412.0	-1053.6	-4387.9	-119.2	
64.90	202.1	14.2	-8.4	2.0	-96.7	19.9	-47.3	70.2	1397.7	-1273.7	-4687.3	-125.6	
64.95	205.6	14.1	-8.0	2.0	-98.9	20.0	-48.6	75.4	1375.9	-1688.5	-4734.9	-126.3	
65.00	209.1	14.1	-4.5	2.0	-100.6	20.1	-42.4	100.5	1354.2	-2223.0	-4607.4	-115.9	
65.05	212.6	14.1	5.4	2.0	-103.8	20.2	-32.4	135.5	1340.2	-2822.1	-4463.7	-85.3	
65.10	216.0	14.2	13.6	2.0	-105.6	20.3	-21.6	159.5	1327.7	-3217.1	-4290.4	-59.1	
65.15	219.4	14.3	13.0	2.0	-104.9	20.4	-16.8	171.1	1307.1	-3280.0	-4155.2	-60.1	
65.20	222.9	14.3	14.0	2.0	-106.4	20.5	-22.1	172.6	1284.5	-3406.5	-4213.2	-58.4	
65.25	226.3	14.3	14.9	2.0	-109.8	20.6	-24.1	183.3	1269.4	-3661.8	-4306.3	-58.8	
65.30	229.8	14.2	10.0	2.0	-112.8	20.7	-26.3	195.0	1255.0	-3847.2	-4417.9	-78.6	
65.35	233.2	14.2	5.5	2.0	-116.6	20.8	-34.5	192.8	1231.2	-4160.8	-4551.0	-97.7	
65.40	236.6	14.3	7.1	2.0	-124.1	20.9	-45.9	206.2	1203.2	-4780.2	-4716.2	-99.6	
65.45	240.0	14.6	11.9	2.0	-133.9	21.0	-50.7	240.5	1182.2	-5581.0	-4818.0	-93.0	
65.50	243.4	14.4	14.8	2.0	-141.6	21.1	-50.8	265.0	1167.2	-6257.0	-4808.1	-90.7	
65.55	246.8	14.4	12.2	2.0	-143.9	21.2	-47.3	273.3	1147.9	-6538.8	-4707.5	-101.9	
65.60	250.1	14.9	8.7	2.0	-143.0	21.3	-42.1	274.4	1125.3	-6539.6	-4629.9	-113.3	
65.65	253.5	15.3	7.0	2.0	-142.1	21.4	-36.8	272.4	1108.5	-6457.8	-4663.2	-118.1	
65.70	256.8	15.6	7.6	2.0	-141.9	21.5	-34.1	270.7	1091.4	-6381.8	-4770.0	-115.8	
65.75	260.2	15.6	8.3	2.0	-143.6	21.6	-41.6	274.9	1061.8	-6370.5	-5008.1	-115.0	
65.80	263.5	15.6	14.2	2.0	-148.6	21.7	-59.3	273.2	1030.6	-6462.1	-5517.6	-99.7	
65.85	266.8	15.6	22.9	2.0	-156.2	21.8	-74.1	276.6	1009.9	-6632.8	-6195.6	-77.7	
65.90	270.1	15.6	30.4	2.0	-164.2	21.9	-84.9	287.0	992.6	-6837.8	-6820.3	-60.0	
65.95	273.3	16.0	34.8	2.0	-170.5	22.0	-97.8	287.4	967.6	-7008.4	-7324.4	-51.0	
66.00	276.6	16.1	38.4	2.0	-176.9	22.1	-118.3	289.1	938.7	-7120.3	-7878.7	-45.1	
66.05	279.8	16.0	44.6	2.0	-183.8	22.2	-138.2	294.9	914.0	-7225.6	-8457.2	-30.6	
66.10	283.1	15.9	50.2	2.0	-190.3	22.3	-161.2	297.1	893.7	-7210.2	-9077.6	-18.0	
66.15	286.3	16.0	50.7	2.0	-192.2	22.4	-179.0	288.9	867.6	-6954.7	-9476.1	-18.2	
66.20	289.4	16.1	52.0	2.0	-190.4	22.5	-184.0	272.3	841.5	-6699.2	-9555.2	-11.9	
66.25	292.6	15.7	53.4	2.0	-186.5	22.6	-173.1	268.6	822.3	-6518.6	-9367.8	-3.2	
66.30	295.8	15.9	52.8	2.0	-180.7	22.7	-154.3	270.9	801.4	-6403.3	-8958.7	0.5	
66.35	298.9	16.5	50.7	2.0	-173.3	22.8	-139.2	258.8	773.6	-6179.7	-8521.2	0.7	
66.40	302.1	16.4	46.5	2.0	-166.5	22.9	-129.4	239.6	750.5	-5697.8	-8334.5	-6.7	
66.45	305.2	16.7	45.5	2.0	-163.8	23.0	-124.4	221.0	739.9	-5277.0	-8441.3	-7.6	
66.50	308.3	17.3	46.9	2.0	-165.0	23.1	-126.4	215.7	727.6	-5120.1	-8660.7	-4.1	
66.55	311.4	17.9	47.0	2.0	-166.7	23.2	-137.8	218.3	702.7	-5082.4	-8827.0	-5.3	
66.60	314.5	18.5	45.3	2.0	-166.4	23.3	-150.4	210.6	674.3	-5131.4	-8796.8	-11.0	
66.65	317.6	18.8	43.7	2.0	-163.1	23.4	-151.0	196.4	655.5	-5127.5	-8563.6	-13.0	
66.70	320.7	18.4	41.0	2.0	-158.1	23.5	-140.7	189.4	645.5	-4968.2	-8267.8	-17.4	
66.75	323.7	18.0	36.5	2.0	-152.6	23.6	-132.7	176.6	630.2	-4682.7	-8023.3	-27.2	
66.80	326.8	17.6	34.0	2.0	-148.3	23.7	-131.1	165.0	607.5	-4349.4	-7891.7	-31.5	
66.85	329.8	17.1	34.6	2.0	-146.8	23.8	-134.6	158.2	593.0	-4072.2	-7929.1	-28.0	
66.90	332.8	17.2	39.1	2.0	-148.0	23.9	-140.5	149.5	585.5	-3939.5	-8111.8	-13.6	
66.95	335.8	17.3	41.9	2.0	-149.5	24.0	-147.0	144.5	570.0	-3789.1	-8316.7	-5.5	
67.00	338.8	17.2	42.9	2.0	-150.1	24.1	-151.9	137.3	550.8	-3574.2	-8484.0	-2.8	
67.05	341.7	17.7	45.2	2.0	-150.7	24.2	-153.3	123.2	541.8	-3321.7	-8667.8	4.3	
67.10	344.7	17.9	48.5	2.0	-151.9	24.3	-152.7	108.2	540.5	-3014.2	-8907.3	14.5	
67.15	347.6	17.5	53.0	2.0	-154.3	24.4	-159.4	83.8	531.6	-2649.0	-9238.6	27.7	
67.20	350.6	17.2	53.8	2.0	-157.4	24.5	-170.6	51.7	515.1	-2049.1	-9647.2	27.2	
67.25	353.5	16.9	56.2	2.0	-161.3	24.6	-178.5	29.7	505.2	-1338.7	-10072.2	31.7	
67.30	356.3	16.6	65.0	2.0	-164.9	24.7	-182.1	18.2	502.8	-802.0	-10398.9	58.2	
67.35	359.2	16.5	73.5	2.0	-164.5	24.8	-178.7	3.5	489.7	-366.4	-10410.7	87.7	
67.40	2.0	16.7	76.1	2.0	-162.1	24.9	-173.5	-20.7	468.6	221.3	-10263.3	99.2	
67.45	4.9	17.0	77.1	2.0	-161.4	25.0	-168.3	-38.0	458.8	679.9	-10207.3	103.3	
67.50	7.7	16.9	84.9	2.0	-164.1	25.1	-167.5	-35.4	464.2	770.3	-10402.1	127.4	
67.55	10.5	16.5	95.3	2.0	-170.3	25.2	-180.5	-31.9	466.9	757.3	-10840.4	156.8	
67.60	13.3	15.9	99.6	2.0	-176.8	25.3	-200.6	-49.8	456.8	967.8	-11252.6	165.0	
67.65	16.1	15.8	95.6	2.0	-179.3	25.4	-207.7	-81.5	448.2	1389.9	-11361.1	148.9	
67.70	18.9	15.8	89.7	2.0	-177.7	25.5	-198.6	-98.4	450.7	1797.5	-11181.8	130.1	
67.75	21.7	15.8	85.7	2.0	-174.0	25.6	-186.9	-108.7	450.0	2152.9	-10851.0	120.1	
67.80	24.4	15.4	82.6	2.0	-170.9	25.7	-183.1	-130.6	434.7	2543.7	-10507.2	112.5	
67.85	27.1	15.6	79.5	2.0	-169.0	25.8	-181.9	-148.5	420.9	2912.4	-10239.7	103.9	
67.90	29.9	16.1	78.2	2.0	-167.5	25.9	-177.3	-153.7	424.1	3067.8	-10079.2	101.0	
67.95	32.6	16.0	80.2	2.0	-167.8	26.0	-177.0	-151.0	435.3	3093.5	-10093.2	107.6	
68.00	35.3	16.3	83.2	2.0	-167.9	26.1	-181.3	-149.4	435.6	3119.3	-10081.5	117.8	
68.05	37.9	16.5	83.5	2.0	-165.7	26.2	-178.4	-157.5	427.9	3262.4	-9859.6	121.0	
68.10	40.6	16.5	81.1	2.0	-161.8	26.3	-161.7	-168.3	428.2	3533.8	-9465.5	116.6	
68.15	43.2	16.1	79.4	2.0	-160.0	26.4	-146.4	-177.2	437.9	3819.9	-9208.6	112.7	
68.20	45.9	15.7	79.2	2.0	-162.3	26.5	-144.1	-189.3	441.5	4178.9	-9209.8	109.7	
68.25	48.5	15.4	79.0	2.0	-167.3	26.6	-153.0	-208.7	435.8	4569.9	-9388.3	103.8	
68.30	51.1	15.2	81.0	2.0	-175.3	26.7	-169.1	-224.5	438.0	4960.3	-9792.9	102.6	
68.35	53.6	15.1	83.0	2.0	-182.5	26.8	-182.7	-231.0	449.5	5223.1	-10220.2	102.4	
68.40	56.2	15.1	87.0	2.0	-184.8	26.9	-190.9	-226.9	455.2	5240.4	-10392.6	113.9	
68.45	58.7	15.1	86.8	2.0	-182.6	27.0	-190.2	-224.5	452.5	5221.0	-10225.3	115.4	
68.50	61.2	15.0	84.6	2.0	-179.7	27.1	-181.0	-233.7	454.0	5355.6	-9902.1	110.7	
68.55	63.8	14.9	82.8	2.0	-179.2	27.2	-170.7	-248.1	464.2	5609.2	-9689.2	105.1	
68.60	66.3	15.0	83.3	2.0	-178.9	27.3	-164.3	-249.2	474.3	5759.8	-9574.5	106.9	
68.65	68.7	14.7	84.5	2.0	-178.6	27.4	-167.1	-250.1	478.0	5838.6	-9483.5	111.6	
68.70	71.2	14.2	81.2	2.0	-180.0	27.5	-172.7	-265.3	479.8	6118.5	-9375.5	98.7	
68.75	73.7	14.2	76.3	2.0	-182.1	27.6	-173.5	-284.4	486.1	6482.6	-9259.4	79.9	
68.80	76.1	14.4	73.1	2.0	-181.7	27.7	-166.3	-291.9	494.1	6660.4	-9072.1	69.4	
68.85	78.5	14.8	71.6	2.0	-178.2	27.8	-156.8	-287.7	498.3	6671.0	-8760.6	67.8	
68.90	81.0	14.9	69.1	2.0	-173.5	27.9	-147.8	-288.6	499.0	6632.1	-8358.8	63.5	
68.95	83.4	15.0	65.8	2.0	-169.7	28.0	-140.8	-293.5	501.0	6587.6	-8017.5	56.3	
69.00	85.8	15.0	64.9	2.0	-167.2	28.1	-137.1	-291.3	505.7	6522.9	-7830.8	55.6	
69.05	88.2	14.7	65.9	2.0	-165.8	28.2	-135.7	-285.0	512.2	6459.4	-7766.1	60.4	
69.10	90.5	14.3	64.9	2.0	-166.0	28.3	-135.1	-280.9	519.3	6534.7	-7722.9	57.0	
69.15	92.9	14.1	62.1	2.0	-165.8	28.4	-131.1	-286.2	525.8	6704.8	-7542.7	47.2	
69.20	95.2	14.3	58.9	2.0	-163.6	28.5	-121.6	-296.5	530.0	6797.1	-7203.9	38.6	
69.25	97.6	14.1	56.0	2.0	-159.2	28.6	-106.9	-295.0	535.2	6752.5	-6807.2	32.9	
69.30	99.9	14.0	51.5	2.0	-154.0	28.7	-94.2	-286.0	541.7	6562.8	-6480.9	22.8	
69.35	102.2	14.0	49.5	2.0	-149.2	28.8	-91.8	-277.2	544.8	6302.6	-6264.9	20.7	
69.40	104.5	14.3	48.9	2.0	-146.1	28.9	-97.5	-269.1	545.9	6088.3	-6168.0	21.9	
69.45	106.8	14.6	48.3	2.0	-144.8	29.0	-101.4	-267.1	551.0	5957.1	-6154.7	21.1	
69.50	109.1	15.1	46.6	2.0	-145.5	29.1	-98.9	-266.6	564.0	5950.2	-6227.5	14.6	
69.55	111.4	14.8	42.8	2.0	-146.3	29.2	-92.0	-264.7	578.4	6034.7	-6234.7	0.6	
69.60	113.6	14.7	39.8	2.0	-145.1	29.3	-85.7	-268.6	585.4	6041.4	-6082.0	-8.5	
69.65	115.9	15.1	39.2	2.0	-141.9	29.4	-83.1	-268.2	585.9	5907.7	-5878.9	-7.4	
69.70	118.1	14.7	40.6	2.0	-138.4	29.5	-82.0	-256.4	587.9	5671.8	-5781.8	1.0	
69.75	120.3	14.2	43.3	2.0	-135.9	29.6	-83.1	-243.0	594.1	5365.0	-5855.0	12.8	
69.80	122.5	14.1	44.6	2.0	-135.2	29.7	-88.2	-228.6	600.3	5134.8	-6034.3	18.0	
69.85	124.7	13.9	45.8	2.0	-136.0	29.8	-95.0	-218.3	604.9	5047.9	-6203.6	21.1	
69.90	126.8	14.0	47.2	2.0	-137.5	29.9	-99.5	-221.6	609.1	5050.3	-6328.7	24.5	
69.95	129.0	14.7	46.7	2.0	-139.6	30.0	-99.0	-224.0	615.6	5141.1	-6441.4	20.7	
70.00	131.2	14.5	45.8	2.0	-140.3	30.1	-93.0	-221.0	622.6	5193.2	-6478.2	16.8	
70.05	133.3	14.4	46.0	2.0	-138.4	30.2	-84.5	-223.9	625.5	5120.8	-6355.7	19.4	
70.10	135.4	14.4	46.3	2.0	-135.4	30.3	-82.2	-219.9	623.0	4978.3	-6197.4	23.6	
70.15	137.6	13.9	46.7	2.0	-132.0	30.4	-84.1	-211.4	618.1	4735.9	-6095.0	28.4	
70.20	139.7	13.7	47.8	2.0	-128.6	30.5	-86.3	-198.0	615.9	4401.2	-6065.5	35.3	
70.25	141.8	13.8	47.3	2.0	-125.6	30.6	-84.5	-181.1	619.1	4186.9	-5997.7	36.7	
70.30	143.8	13.7	44.0	2.0	-123.2	30.7	-79.6	-178.3	623.7	4140.1	-5820.1	27.7	
70.35	145.9	13.8	39.7	2.0	-120.6	30.8	-74.0	-184.7	625.8	4133.4	-5563.6	15.6	
70.40	148.0	14.2	36.1	2.0	-116.7	30.9	-69.7	-176.3	625.0	4000.5	-5325.2	7.4	
70.45	150.0	14.1	33.2	2.0	-111.2	31.0	-63.5	-161.5	622.9	3699.2	-5093.7	2.8	
70.50	152.0	13.9	30.5	2.0	-106.9	31.1	-60.3	-151.7	624.1	3379.3	-4957.7	-2.1	
70.55	154.0	13.7	28.8	2.0	-104.3	31.2	-63.4	-141.9	623.6	3126.9	-4914.3	-5.5	
70.60	156.0	13.6	29.0	2.0	-101.4	31.3	-69.0	-130.6	617.8	2796.2	-4887.7	-1.7	
70.65	158.0	13.4	30.0	2.0	-98.8	31.4	-72.8	-116.0	612.7	2486.2	-4876.4	4.0	
70.70	159.9	12.9	29.0	2.0	-97.8	31.5	-72.0	-102.5	614.7	2369.9	-4888.1	1.6	
70.75	161.9	13.1	27.2	2.0	-97.4	31.6	-68.0	-98.9	619.6	2375.4	-4864.3	-4.1	
70.80	163.8	13.2	27.9	2.0	-96.5	31.7	-66.4	-95.2	620.6	2325.1	-4824.7	-0.7	
70.85	165.7	13.4	30.2	2.0	-93.8	31.8	-65.7	-81.8	615.7	2079.0	-4747.3	10.0	
70.90	167.7	13.3	32.5	2.0	-90.0	31.9	-63.0	-61.9	610.6	1691.2	-4655.1	21.4	
70.95	169.6	13.1	33.1	2.0	-87.4	32.0	-60.3	-44.2	610.3	1332.4	-4602.4	26.3	
71.00	171.5	12.7	33.4	2.0	-85.4	32.1	-59.3	-32.8	610.4	970.9	-4563.0	29.1	
71.05	173.4	12.1	33.7	2.0	-84.0	32.2	-60.8	-24.6	606.2	634.8	-4523.1	31.5	
71.10	175.2	12.0	32.2	2.0	-83.1	32.3	-62.1	-18.6	600.4	426.7	-4486.3	27.6	
71.15	177.1	12.1	27.9	2.0	-82.0	32.4	-59.0	-16.4	598.4	330.7	-4424.1	13.7	
71.20	179.0	12.0	22.5	2.0	-80.9	32.5	-54.1	-14.9	600.7	231.7	-4357.4	-3.8	
71.25	180.9	12.2	19.2	2.0	-79.3	32.6	-50.6	-12.7	599.8	26.9	-4252.7	-13.4	
71.30	182.7	12.6	19.1	2.0	-77.2	32.7	-49.3	-4.7	592.0	-345.2	-4095.6	-11.7	
71.35	184.6	12.8	19.9	2.0	-75.3	32.8	-46.7	13.0	582.4	-824.5	-3885.9	-6.8	
71.40	186.4	12.7	20.6	2.0	-74.4	32.9	-40.9	35.2	579.0	-1300.4	-3670.8	-3.6	
71.45	188.2	12.5	21.3	2.0	-74.0	33.0	-33.1	51.8	579.6	-1676.8	-3455.6	-0.9	
71.50	190.0	12.4	21.4	2.0	-73.0	33.1	-26.9	59.1	576.2	-1895.5	-3247.3	0.4	
71.55	191.8	12.7	19.6	2.0	-71.9	33.2	-24.6	60.1	570.1	-1990.7	-3097.2	-4.7	
71.60	193.6	13.1	17.3	2.0	-71.6	33.3	-22.5	64.0	567.6	-2063.4	-3007.8	-12.2	
71.65	195.4	13.4	16.5	2.0	-72.1	33.4	-20.5	72.5	567.2	-2161.7	-2962.4	-15.6	
71.70	197.1	13.7	16.3	2.0	-72.8	33.5	-19.9	80.0	563.0	-2287.1	-2905.0	-16.8	
71.75	198.9	13.9	16.3	2.0	-73.1	33.6	-18.3	84.8	554.0	-2476.4	-2774.2	-17.3	
71.80	200.6	14.2	16.1	2.0	-73.7	33.7	-14.9	90.8	545.6	-2710.4	-2597.8	-18.4	
71.85	202.4	14.3	16.4	2.0	-75.2	33.8	-11.8	102.0	541.7	-2950.2	-2458.9	-18.9	
71.90	204.1	14.3	18.2	2.0	-76.2	33.9	-10.0	113.5	537.3	-3072.0	-2372.8	-13.5	
71.95	205.8	14.3	18.7	2.0	-75.1	34.0	-9.6	117.3	528.9	-3009.3	-2321.6	-10.8	
72.00	207.5	14.7	17.5	2.0	-72.2	34.1	-7.7	113.9	521.6	-2794.1	-2259.2	-12.1	
72.05	209.2	14.7	15.8	2.0	-69.0	34.2	-2.1	110.1	518.3	-2588.5	-2157.0	-14.8	
72.10	210.9	14.3	16.2	2.0	-67.8	34.3	2.1	113.8	513.1	-2553.9	-2034.6	-12.3	
72.15	212.6	14.5	19.7	2.0	-68.5	34.4	1.6	121.5	502.0	-2696.6	-1917.9	-1.0	
72.20	214.3	14.8	22.6	2.0	-69.2	34.5	2.4	129.2	489.3	-2841.4	-1769.0	8.3	
72.25	215.9	15.1	23.4	2.0	-69.4	34.6	4.7	135.7	481.4	-2920.0	-1639.4	11.0	
72.30	217.6	14.9	23.7	2.0	-69.9	34.7	7.7	143.7	476.3	-3010.5	-1514.9	11.6	
72.35	219.2	14.8	24.3	2.0	-70.8	34.8	9.6	151.1	468.9	-3117.6	-1394.0	12.7	
72.40	220.9	14.8	23.2	2.0	-70.4	34.9	12.4	150.3	460.0	-3156.0	-1258.0	9.1	
72.45	222.5	14.7	19.0	2.0	-68.6	35.0	16.1	143.4	454.1	-3081.1	-1129.6	-3.2	
72.50	224.2	15.0	15.3	2.0	-68.2	35.1	20.5	145.0	449.2	-3095.1	-986.5	-15.6	
72.55	225.8	15.5	16.8	2.0	-71.8	35.2	23.8	157.5	439.9	-3402.2	-796.6	-14.3	
72.60	227.4	15.3	19.9	2.0	-77.2	35.3	25.5	171.8	427.6	-3820.4	-622.1	-9.1	
72.65	229.0	14.9	20.3	2.0	-81.4	35.4	24.9	178.5	418.6	-4139.5	-566.2	-11.6	
72.70	230.6	14.5	19.5	2.0	-84.8	35.5	23.8	182.3	412.4	-4387.3	-582.1	-17.8	
72.75	232.2	14.4	20.8	2.0	-89.2	35.6	22.0	197.1	404.7	-4683.9	-614.0	-17.9	
72.80	233.8	14.4	23.1	2.0	-93.7	35.7	20.4	213.0	395.6	-4990.0	-622.9	-14.6	
72.85	235.4	14.5	21.8	2.0	-95.3	35.8	19.7	213.1	388.6	-5111.4	-653.0	-20.6	
72.90	236.9	14.2	18.9	2.0	-95.3	35.9	17.6	206.5	382.8	-5121.8	-775.3	-30.6	
72.95	238.5	14.6	20.1	2.0	-97.9	36.0	14.4	209.4	373.8	-5293.7	-921.9	-29.0	
73.00	240.0	15.0	25.2	2.0	-102.4	36.1	9.7	223.0	361.0	-5585.0	-1052.1	-16.0	
73.05	241.5	15.5	28.0	2.0	-104.9	36.2	5.4	236.4	347.6	-5728.8	-1165.6	-8.9	
73.10	243.1	15.3	28.1	2.0	-105.1	36.3	3.4	237.8	335.5	-5733.0	-1255.2	-8.6	
73.15	244.6	15.3	29.1	2.0	-105.8	36.4	5.2	236.3	325.1	-5782.1	-1317.6	-5.8	
73.20	246.1	15.8	31.1	2.0	-107.6	36.5	8.8	242.2	317.7	-5895.4	-1390.6	-1.0	
73.25	247.6	15.5	32.2	2.0	-109.1	36.6	10.1	246.8	311.1	-5976.1	-1488.9	1.3	
73.30	249.1	15.2	32.7	2.0	-109.7	36.7	4.8	245.8	302.2	-5986.8	-1684.9	2.7	
73.35	250.6	14.7	34.4	2.0	-111.5	36.8	-6.1	248.2	291.6	-6021.1	-2018.2	6.8	
73.40	252.1	14.5	40.8	2.0	-116.2	36.9	-17.9	254.3	283.5	-6249.1	-2398.1	23.9	
73.45	253.5	14.6	42.5	2.0	-121.4	37.0	-25.6	262.9	276.1	-6548.3	-2667.0	24.4	
73.50	255.0	14.8	42.5	2.0	-124.0	37.1	-30.3	268.6	266.3	-6699.6	-2781.9	22.1	
73.55	256.5	14.6	41.1	2.0	-124.1	37.2	-32.0	263.5	255.0	-6744.8	-2749.2	17.1	
73.60	257.9	14.7	40.7	2.0	-123.8	37.3	-30.1	262.9	246.2	-6767.0	-2670.6	15.7	
73.65	259.4	14.9	41.5	2.0	-124.1	37.4	-25.2	272.0	241.8	-6791.1	-2601.9	18.3	
73.70	260.8	14.4	41.5	2.0	-123.7	37.5	-19.8	271.5	239.1	-6800.2	-2516.4	18.8	
73.75	262.2	13.8	39.5	2.0	-122.3	37.6	-17.9	268.1	233.6	-6732.9	-2435.7	13.3	
73.80	263.6	13.4	37.2	2.0	-120.9	37.7	-16.8	266.5	222.3	-6689.2	-2281.0	6.9	
73.85	265.0	13.5	37.0	2.0	-120.9	37.8	-11.6	266.4	210.7	-6774.8	-2035.9	6.0	
73.90	266.4	13.5	35.2	2.0	-120.6	37.9	-5.1	269.4	201.9	-6804.8	-1843.0	0.1	
73.95	267.8	13.5	32.3	2.0	-119.4	38.0	-2.5	268.7	193.0	-6752.4	-1717.6	-8.5	
74.00	269.2	13.6	30.4	2.0	-118.2	38.1	-3.9	260.6	180.4	-6722.5	-1605.0	-13.8	
74.05	270.5	13.7	30.2	2.0	-117.7	38.2	-8.0	260.1	168.1	-6701.3	-1588.7	-14.1	
74.10	271.9	13.8	30.8	2.0	-118.0	38.3	-11.5	265.3	162.2	-6684.7	-1689.8	-12.1	
74.15	273.2	13.8	33.4	2.0	-119.4	38.4	-11.6	268.8	158.3	-6770.8	-1746.1	-4.7	
74.20	274.6	13.8	36.8	2.0	-121.0	38.5	-14.4	277.0	148.5	-6881.9	-1732.5	5.3	
74.25	275.9	13.5	38.6	2.0	-122.0	38.6	-16.6	282.6	133.6	-6987.8	-1586.1	10.6	
74.30	277.2	12.9	39.7	2.0	-122.1	38.7	-14.9	282.8	121.2	-7047.7	-1405.6	14.1	
74.35	278.5	12.9	39.3	2.0	-121.3	38.8	-9.9	288.5	114.3	-6991.4	-1300.3	13.7	
74.40	279.8	12.9	38.8	2.0	-119.3	38.9	-4.2	288.0	109.0	-6871.2	-1182.8	13.9	
74.45	281.2	13.1	35.8	2.0	-115.8	39.0	-1.2	274.9	101.8	-6673.6	-1013.7	7.1	
74.50	282.5	13.1	30.7	2.0	-111.2	39.1	-1.8	262.9	94.4	-6381.7	-881.4	-5.8	
74.55	283.8	13.3	26.8	2.0	-108.1	39.2	1.9	253.4	88.9	-6195.7	-722.6	-16.1	
74.60	285.1	13.5	25.4	2.0	-107.2	39.3	9.9	249.5	85.0	-6161.2	-542.6	-20.0	
74.65	286.4	13.6	24.5	2.0	-105.7	39.4	15.5	247.8	78.3	-6069.9	-386.2	-21.5	
74.70	287.7	13.6	22.2	2.0	-103.3	39.5	18.3	237.8	66.8	-5932.2	-224.1	-27.2	
74.75	289.0	13.5	20.8	2.0	-101.5	39.6	20.0	231.0	56.0	-5822.6	-139.3	-30.1	
74.80	290.3	12.8	21.8	2.0	-100.4	39.7	22.8	234.0	51.1	-5737.6	-180.3	-25.5	
74.85	291.5	12.5	24.1	2.0	-99.1	39.8	24.8	230.9	48.0	-5645.1	-251.7	-16.5	
74.90	292.8	12.3	24.4	2.0	-96.0	39.9	23.4	223.1	42.2	-5433.2	-331.6	-12.2	
74.95	294.0	12.4	23.7	2.0	-93.1	40.0	19.1	218.9	33.8	-5226.6	-427.3	-11.8	
75.00	295.3	12.4	26.9	2.0	-92.9	40.1	15.2	217.1	25.4	-5215.0	-534.6	-0.7	
75.05	296.5	12.4	30.4	2.0	-93.9	40.2	10.1	220.9	16.3	-5266.5	-713.9	10.5	
75.10	297.7	12.3	32.5	2.0	-94.1	40.3	2.4	224.8	6.5	-5241.8	-941.6	17.3	
75.15	298.9	12.6	34.1	2.0	-94.0	40.4	-2.1	220.4	-3.0	-5228.2	-1043.0	23.2	
75.20	300.1	12.9	34.9	2.0	-94.4	40.5	-3.5	221.3	-11.7	-5248.0	-1047.5	25.3	
75.25	301.3	13.2	34.4	2.0	-94.4	40.6	-3.2	223.1	-18.3	-5247.4	-1016.5	23.6	
75.30	302.5	12.6	32.0	2.0	-93.2	40.7	-0.8	214.3	-23.8	-5189.8	-925.8	16.8	
75.35	303.7	12.3	28.1	2.0	-90.4	40.8	1.9	205.4	-29.0	-5017.5	-824.2	5.9	
75.40	304.8	12.4	25.8	2.0	-87.9	40.9	3.0	198.6	-35.6	-4857.8	-729.4	0.6	
75.45	306.0	12.9	25.1	2.0	-86.8	41.0	4.3	192.6	-45.2	-4797.5	-610.4	-0.7	
75.50	307.2	13.1	22.9	2.0	-86.0	41.1	5.5	192.6	-55.6	-4738.6	-510.2	-7.3	
75.55	308.4	13.1	20.9	2.0	-84.6	41.2	6.9	187.4	-61.8	-4651.8	-435.8	-12.7	
75.60	309.5	13.1	19.5	2.0	-83.1	41.3	10.1	176.6	-65.1	-4578.2	-330.1	-16.2	
75.65	310.7	13.4	20.3	2.0	-82.7	41.4	9.3	177.9	-70.1	-4536.0	-320.6	-12.8	
75.70	311.8	13.7	22.6	2.0	-83.6	41.5	9.0	183.5	-75.9	-4580.7	-361.4	-6.2	
75.75	313.0	13.5	23.9	2.0	-83.7	41.6	10.0	179.9	-76.9	-4586.0	-475.6	-1.5	
75.80	314.1	13.5	24.2	2.0	-82.4	41.7	8.0	174.9	-75.2	-4481.9	-684.2	0.6	
75.85	315.3	13.6	25.5	2.0	-82.2	41.8	5.4	170.4	-79.1	-4454.7	-821.7	5.3	
75.90	316.4	13.7	29.2	2.0	-83.7	41.9	3.1	172.8	-89.1	-4539.9	-870.7	16.5	
75.95	317.5	14.0	31.2	2.0	-84.3	42.0	1.1	178.9	-95.8	-4555.9	-940.0	22.8	
76.00	318.7	14.2	30.7	2.0	-83.1	42.1	1.6	173.6	-95.7	-4465.5	-993.9	22.2	
76.05	319.8	13.8	29.9	2.0	-81.7	42.2	0.9	165.8	-97.2	-4372.7	-1006.2	20.9	
76.10	320.9	13.8	29.1	2.0	-80.9	42.3	-1.3	165.5	-105.1	-4316.4	-984.0	19.0	
76.15	322.0	13.8	28.1	2.0	-80.7	42.4	-0.3	164.3	-110.8	-4302.1	-947.0	15.9	
76.20	323.1	13.8	25.9	2.0	-79.4	42.5	4.6	158.3	-110.1	-4233.4	-902.4	9.5	
76.25	324.2	13.4	22.4	2.0	-77.9	42.6	9.8	153.8	-112.4	-4156.0	-774.0	-1.1	
76.30	325.3	13.0	20.6	2.0	-77.7	42.7	13.4	149.3	-122.8	-4179.9	-513.6	-6.9	
76.35	326.4	13.0	19.1	2.0	-77.5	42.8	15.7	143.3	-133.1	-4202.0	-271.1	-11.9	
76.40	327.5	13.0	16.5	2.0	-76.4	42.9	16.2	137.5	-135.5	-4132.0	-187.6	-19.8	
76.45	328.6	13.3	14.3	2.0	-74.4	43.0	14.3	129.8	-135.0	-4006.2	-238.9	-25.5	
76.50	329.6	13.8	13.0	2.0	-72.5	43.1	7.1	125.2	-139.8	-3857.4	-375.3	-27.7	
76.55	330.7	13.5	13.0	2.0	-70.4	43.2	-1.3	122.0	-147.9	-3685.1	-526.9	-25.9	
76.60	331.8	13.4	12.8	2.0	-67.7	43.3	-3.2	113.4	-150.5	-3487.9	-633.9	-23.8	
76.65	332.8	13.4	13.8	2.0	-65.3	43.4	-2.0	105.5	-148.9	-3304.7	-744.8	-18.0	
76.70	333.9	13.0	16.7	2.0	-64.2	43.5	-1.7	105.6	-152.4	-3187.8	-836.6	-7.0	
76.75	335.0	12.8	21.6	2.0	-63.6	43.6	-3.0	106.0	-160.0	-3110.0	-927.8	10.5	
76.80	336.0	13.0	25.2	2.0	-62.0	43.7	-6.6	103.5	-161.9	-2915.0	-1134.4	24.5	
76.85	337.1	13.4	26.8	2.0	-59.3	43.8	-10.0	96.9	-158.1	-2585.6	-1408.6	32.6	
76.90	338.1	13.9	27.5	2.0	-56.5	43.9	-11.7	86.1	-157.7	-2255.4	-1602.1	37.8	
76.95	339.2	14.3	27.3	2.0	-53.8	44.0	-14.5	77.9	-161.5	-1907.8	-1735.7	40.1	
77.00	340.2	14.0	26.6	2.0	-50.6	44.1	-13.6	70.0	-164.9	-1587.8	-1746.2	40.6	
77.05	341.2	13.6	25.1	2.0	-47.0	44.2	-8.4	60.0	-166.4	-1344.7	-1632.1	39.3	
77.10	342.3	13.2	23.6	2.0	-44.1	44.3	-4.6	55.9	-169.9	-1200.6	-1483.5	37.0	
77.15	343.3	13.0	23.0	2.0	-42.6	44.4	-1.9	56.4	-175.0	-1217.4	-1306.5	36.3	
77.20	344.3	12.8	23.2	2.0	-42.2	44.5	1.2	57.4	-177.4	-1347.1	-1123.3	37.5	
77.25	345.3	12.6	20.6	2.0	-41.6	44.6	3.8	55.9	-178.1	-1422.9	-952.5	29.0	
77.30	346.4	12.2	16.3	2.0	-40.3	44.7	4.4	51.7	-179.7	-1421.6	-783.1	15.7	
77.35	347.4	12.4	10.9	2.0	-38.5	44.8	7.4	47.0	-184.0	-1402.6	-525.6	-1.1	
77.40	348.3	12.6	6.4	2.0	-37.3	44.9	10.8	43.3	-187.3	-1386.4	-260.4	-15.2	
77.45	349.3	12.2	2.5	2.0	-36.8	45.0	14.3	37.7	-189.9	-1385.0	-0.0	-28.2	
77.50	350.3	11.6	0.3	2.0	-36.9	45.1	15.0	31.6	-193.3	-1390.4	191.8	-36.0	
77.55	351.3	11.1	-0.6	2.0	-37.6	45.2	14.2	31.3	-196.8	-1422.3	309.7	-39.7	
77.60	352.2	11.0	0.5	2.0	-38.4	45.3	14.8	33.3	-197.5	-1456.6	394.9	-36.6	
77.65	353.2	11.1	1.8	2.0	-38.7	45.4	17.8	33.4	-195.8	-1456.0	470.1	-32.6	
77.70	354.2	11.1	1.0	2.0	-37.6	45.5	21.4	30.1	-195.6	-1342.6	544.9	-34.0	
77.75	355.2	11.0	-0.6	2.0	-35.2	45.6	24.5	22.5	-196.9	-1132.8	599.0	-37.3	
77.80	356.1	11.0	-0.4	2.0	-32.3	45.7	25.9	12.7	-197.1	-907.9	569.9	-33.5	
77.85	357.1	11.2	-0.5	2.0	-28.6	45.8	24.6	7.4	-196.3	-683.0	418.1	-30.5	
77.90	358.0	11.8	0.1	2.0	-24.3	45.9	18.6	3.5	-196.5	-475.3	153.9	-24.0	
77.95	359.0	11.7	1.7	2.0	-21.6	46.0	9.2	-3.2	-198.3	-280.8	-156.8	-15.8	
78.00	360.0	11.4	4.0	2.0	-22.4	46.1	4.6	-7.3	-199.7	-74.0	-376.3	-8.8	
78.05	0.9	11.1	5.8	2.0	-24.1	46.2	6.6	-14.1	-198.2	131.0	-471.6	-4.2	
78.10	1.9	11.3	7.1	2.0	-25.7	46.3	11.9	-23.3	-197.1	350.8	-466.0	-1.4	
78.15	2.8	11.6	6.6	2.0	-28.4	46.4	11.9	-28.8	-198.5	567.0	-518.9	-5.7	
78.20	3.8	11.8	7.4	2.0	-30.2	46.5	8.8	-32.2	-201.4	649.9	-614.0	-4.7	
78.25	4.7	11.8	9.9	2.0	-31.7	46.6	5.0	-34.5	-201.9	660.2	-759.8	2.4	
78.30	5.7	11.6	11.2	2.0	-34.3	46.7	0.9	-36.6	-200.5	748.1	-935.6	4.3	
78.35	6.6	11.3	11.0	2.0	-37.2	46.8	-4.5	-45.3	-201.7	886.2	-1077.4	0.5	
78.40	7.5	11.2	9.4	2.0	-39.7	46.9	-10.6	-53.7	-205.7	1006.3	-1178.0	-7.4	
78.45	8.5	11.2	8.9	2.0	-40.7	47.0	-14.4	-53.8	-207.8	1052.0	-1233.6	-10.1	
78.50	9.4	11.3	8.8	2.0	-40.4	47.1	-12.7	-55.9	-207.1	1046.5	-1199.3	-10.1	
78.55	10.3	11.4	8.0	2.0	-40.6	47.2	-11.3	-59.9	-206.6	1113.7	-1146.5	-13.1	
78.60	11.2	11.7	7.2	2.0	-41.4	47.3	-13.1	-61.5	-207.6	1206.9	-1132.2	-16.8	
78.65	12.0	12.0	7.9	2.0	-40.8	47.4	-11.2	-62.5	-208.5	1199.3	-1066.5	-13.6	
78.70	12.9	12.4	9.7	2.0	-40.6	47.5	-9.0	-63.9	-205.7	1201.8	-1035.9	-7.3	
78.75	13.8	12.2	10.7	2.0	-42.1	47.6	-10.7	-68.0	-201.8	1296.6	-1095.1	-5.5	
78.80	14.7	12.1	9.0	2.0	-43.3	47.7	-11.5	-74.4	-202.4	1384.8	-1099.0	-12.5	
78.85	15.6	12.3	9.3	2.0	-44.3	47.8	-13.0	-77.7	-204.5	1466.8	-1098.5	-12.3	
78.90	16.5	11.9	8.8	2.0	-45.3	47.9	-13.5	-79.1	-203.4	1550.1	-1102.9	-15.0	
78.95	17.3	11.7	7.4	2.0	-46.0	48.0	-11.0	-85.4	-200.7	1628.6	-1058.6	-20.5	
79.00	18.2	11.7	6.4	2.0	-46.9	48.1	-8.4	-92.5	-199.8	1721.4	-997.3	-24.8	
79.05	19.1	12.0	5.5	2.0	-48.0	48.2	-6.6	-97.5	-199.7	1824.2	-946.7	-29.1	
79.10	20.0	12.2	5.4	2.0	-48.4	48.3	-3.8	-100.7	-197.7	1874.1	-895.9	-29.7	
79.15	20.8	12.1	5.9	2.0	-48.6	48.4	-2.2	-100.5	-194.2	1906.8	-869.3	-28.1	
79.20	21.7	11.4	5.7	2.0	-48.5	48.5	-1.8	-99.3	-193.2	1925.8	-828.7	-28.8	
79.25	22.5	11.0	5.8	2.0	-48.6	48.6	-1.6	-101.6	-195.0	1956.4	-755.6	-28.8	
79.30	23.4	11.0	4.9	2.0	-49.9	48.7	-2.6	-106.5	-195.7	2057.7	-715.1	-33.2	
79.35	24.2	11.0	4.3	2.0	-51.9	48.8	-3.2	-110.5	-194.7	2218.2	-689.1	-37.3	
79.40	25.1	11.0	4.1	2.0	-54.1	48.9	-2.9	-114.9	-194.3	2382.9	-649.8	-40.1	
79.45	25.9	10.9	4.5	2.0	-56.2	49.0	-4.2	-119.1	-194.4	2539.5	-652.7	-40.7	
79.50	26.7	10.6	5.3	2.0	-58.5	49.1	-7.5	-123.6	-193.0	2688.3	-711.6	-40.2	
79.55	27.5	10.6	6.2	2.0	-59.8	49.2	-9.2	-128.1	-190.6	2774.9	-738.9	-38.5	
79.60	28.3	10.7	8.0	2.0	-60.1	49.3	-10.0	-128.2	-189.0	2795.1	-734.7	-32.7	
79.65	29.1	10.7	8.5	2.0	-60.1	49.4	-10.2	-125.5	-188.5	2806.8	-720.2	-30.9	
79.70	29.9	10.3	9.6	2.0	-61.2	49.5	-11.7	-128.6	-187.8	2879.1	-747.8	-28.3	
79.75	30.7	10.1	9.9	2.0	-63.5	49.6	-14.7	-134.7	-185.6	3016.7	-842.0	-29.4	
79.80	31.5	10.1	9.9	2.0	-66.3	49.7	-16.7	-140.9	-183.3	3186.8	-951.8	-32.5	
79.85	32.3	9.8	10.8	2.0	-68.9	49.8	-18.5	-148.3	-180.9	3334.0	-1074.8	-31.7	
79.90	33.1	9.5	11.3	2.0	-72.2	49.9	-23.2	-157.4	-178.1	3510.4	-1258.4	-33.6	
79.95	33.9	9.3	11.1	2.0	-75.6	50.0	-29.1	-164.2	-176.1	3685.4	-1451.0	-37.6	
80.00	34.7	9.1	13.0	2.0	-76.7	50.1	-31.4	-166.3	-175.0	3733.3	-1553.5	-32.2	
80.05	35.5	9.3	14.6	2.0	-76.6	50.2	-30.0	-163.6	-173.4	3721.9	-1572.7	-26.6	
80.10	36.3	9.5	14.7	2.0	-77.3	50.3	-27.1	-163.5	-171.6	3788.5	-1558.9	-26.9	
80.15	37.1	9.3	14.3	2.0	-79.3	50.4	-26.0	-171.4	-170.2	3921.9	-1579.9	-30.1	
80.20	37.9	9.4	14.5	2.0	-81.7	50.5	-25.3	-179.1	-169.3	4072.0	-1628.4	-32.0	
80.25	38.7	9.6	15.6	2.0	-83.4	50.6	-24.5	-181.6	-167.1	4185.0	-1693.7	-29.9	
80.30	39.4	10.0	16.9	2.0	-84.4	50.7	-23.3	-183.0	-163.9	4251.6	-1730.2	-26.3	
80.35	40.2	9.8	16.0	2.0	-85.2	50.8	-24.7	-184.0	-163.0	4312.1	-1736.6	-30.3	
80.40	41.0	9.5	15.3	2.0	-85.5	50.9	-27.1	-184.8	-164.3	4341.9	-1711.3	-33.1	
80.45	41.7	9.1	15.0	2.0	-84.3	51.0	-25.1	-187.1	-164.8	4273.7	-1599.5	-32.8	
80.50	42.5	8.7	14.3	2.0	-82.3	51.1	-22.0	-184.8	-162.8	4173.2	-1475.8	-33.1	
80.55	43.2	8.8	12.4	2.0	-80.8	51.2	-20.2	-181.4	-160.1	4097.7	-1375.3	-38.2	
80.60	44.0	9.4	10.3	2.0	-80.1	51.3	-18.7	-182.5	-158.7	4076.8	-1267.9	-44.7	
80.65	44.7	9.7	9.0	2.0	-79.6	51.4	-18.8	-183.9	-157.0	4060.1	-1186.8	-48.6	
80.70	45.4	9.8	7.9	2.0	-78.3	51.5	-18.0	-183.1	-153.4	3987.3	-1099.2	-51.0	
80.75	46.1	9.8	7.1	2.0	-76.5	51.6	-16.7	-182.8	-149.6	3877.9	-990.8	-52.3	
80.80	46.9	10.1	5.5	2.0	-75.9	51.7	-18.7	-184.9	-147.3	3843.5	-927.8	-57.0	
80.85	47.6	10.1	4.9	2.0	-76.3	51.8	-21.0	-188.5	-146.8	3873.8	-882.0	-59.5	
80.90	48.3	9.9	5.7	2.0	-76.2	51.9	-19.0	-189.3	-146.0	3880.1	-807.7	-56.6	
80.95	49.0	9.1	6.0	2.0	-76.4	52.0	-17.5	-186.9	-141.1	3903.6	-822.4	-55.9	
81.00	49.7	8.8	5.6	2.0	-77.6	52.1	-18.7	-188.8	-135.4	3976.6	-914.0	-58.4	
81.05	50.4	8.8	5.3	2.0	-79.7	52.2	-19.2	-198.1	-132.9	4097.6	-973.8	-61.4	
81.10	51.1	8.7	6.0	2.0	-81.9	52.3	-19.0	-204.5	-131.5	4244.5	-1010.3	-61.5	
81.15	51.8	8.7	7.0	2.0	-83.8	52.4	-17.5	-205.0	-128.5	4378.4	-1058.1	-59.7	
81.20	52.5	8.8	8.6	2.0	-85.3	52.5	-15.5	-207.4	-124.4	4468.3	-1146.8	-55.6	
81.25	53.2	9.2	10.6	2.0	-87.6	52.6	-18.5	-211.6	-122.4	4587.3	-1334.9	-51.0	
81.30	53.9	9.5	12.1	2.0	-89.9	52.7	-24.1	-215.9	-123.2	4697.7	-1533.2	-48.5	
81.35	54.6	9.5	13.7	2.0	-91.4	52.8	-26.3	-218.4	-123.0	4760.6	-1662.0	-44.2	
81.40	55.3	8.8	15.0	2.0	-92.7	52.9	-26.6	-216.5	-120.0	4845.6	-1754.8	-41.2	
81.45	56.0	8.9	15.8	2.0	-94.2	53.0	-27.0	-216.5	-117.2	4938.0	-1825.6	-39.8	
81.50	56.7	9.0	16.4	2.0	-95.6	53.1	-27.0	-223.5	-116.7	5025.6	-1841.0	-39.4	
81.55	57.4	8.8	16.6	2.0	-97.4	53.2	-29.1	-229.2	-115.8	5145.5	-1858.7	-40.4	
81.60	58.1	8.7	16.1	2.0	-98.2	53.3	-29.9	-229.2	-113.4	5219.7	-1848.0	-43.0	
81.65	58.7	8.7	16.3	2.0	-97.9	53.4	-27.4	-228.3	-111.2	5216.2	-1794.2	-41.8	
81.70	59.4	9.0	17.2	2.0	-97.8	53.5	-27.6	-227.9	-109.7	5216.6	-1782.0	-38.9	
81.75	60.1	9.1	16.9	2.0	-97.8	53.6	-29.8	-228.6	-108.6	5217.7	-1770.6	-39.7	
81.80	60.7	9.4	15.4	2.0	-97.0	53.7	-30.3	-230.1	-106.9	5172.8	-1706.3	-44.0	
81.85	61.4	10.0	13.8	2.0	-95.9	53.8	-29.8	-228.6	-104.1	5125.5	-1609.3	-48.4	
81.90	62.0	9.9	13.2	2.0	-95.9	53.9	-28.0	-228.9	-100.9	5159.8	-1499.6	-50.6	
81.95	62.6	9.6	12.7	2.0	-97.1	54.0	-24.6	-236.3	-96.6	5261.7	-1405.2	-53.5	
82.00	63.3	9.0	11.7	2.0	-98.2	54.1	-21.6	-242.2	-91.8	5354.2	-1323.5	-58.1	
82.05	63.9	9.1	11.4	2.0	-98.0	54.2	-19.8	-240.8	-88.0	5366.7	-1233.8	-58.7	
82.10	64.6	9.2	11.7	2.0	-96.4	54.3	-17.0	-237.0	-86.1	5285.8	-1104.4	-56.3	
82.15	65.2	9.5	11.9	2.0	-95.4	54.4	-14.5	-235.1	-84.0	5236.5	-995.4	-54.4	
82.20	65.8	9.7	10.7	2.0	-95.7	54.5	-13.1	-235.8	-80.4	5277.5	-931.6	-59.1	
82.25	66.4	9.4	10.0	2.0	-96.6	54.6	-9.5	-239.7	-77.3	5355.6	-818.2	-62.4	
82.30	67.1	8.8	9.5	2.0	-97.6	54.7	-5.3	-243.5	-74.8	5435.9	-685.2	-64.8	
82.35	67.7	9.0	8.3	2.0	-99.2	54.8	-2.3	-247.1	-71.5	5562.6	-602.8	-70.6	
82.40	68.3	9.3	7.3	2.0	-101.0	54.9	0.6	-252.7	-68.0	5691.6	-555.2	-75.8	
82.45	68.9	9.6	7.4	2.0	-101.2	55.0	3.5	-253.4	-65.9	5710.9	-477.5	-75.8	
82.50	69.5	9.2	8.0	2.0	-99.3	55.1	4.9	-246.0	-65.2	5598.0	-362.1	-71.7	
82.55	70.2	9.4	8.4	2.0	-96.9	55.2	5.5	-238.2	-64.8	5449.4	-243.1	-68.0	
82.60	70.8	9.8	7.8	2.0	-96.6	55.3	6.4	-239.7	-64.2	5425.9	-152.2	-69.8	
82.65	71.4	9.7	6.9	2.0	-98.0	55.4	6.9	-245.7	-61.9	5516.5	-131.3	-74.2	
82.70	72.0	9.6	6.9	2.0	-99.5	55.5	7.1	-250.1	-59.1	5615.2	-136.9	-75.8	
82.75	72.6	9.5	6.6	2.0	-100.6	55.6	6.2	-252.8	-56.5	5697.1	-166.3	-78.0	
82.80	73.2	9.3	5.8	2.0	-102.3	55.7	2.4	-256.2	-53.7	5811.4	-251.9	-82.2	
82.85	73.8	9.2	6.0	2.0	-103.4	55.8	-0.6	-259.3	-51.6	5885.6	-324.4	-82.8	
82.90	74.4	9.1	8.0	2.0	-102.8	55.9	-0.6	-257.7	-50.5	5843.7	-332.7	-75.4	
82.95	75.0	8.9	9.8	2.0	-101.4	56.0	0.9	-251.6	-48.1	5757.3	-327.1	-67.8	
83.00	75.6	9.1	8.9	2.0	-101.1	56.1	1.0	-249.3	-44.1	5741.1	-372.4	-70.4	
83.05	76.2	9.3	10.2	2.0	-102.6	56.2	-1.0	-254.7	-40.3	5837.4	-475.5	-67.5	
83.10	76.8	9.1	10.7	2.0	-105.0	56.3	-4.0	-262.5	-37.6	5981.7	-621.3	-68.2	
83.15	77.3	9.6	11.1	2.0	-107.1	56.4	-6.3	-266.8	-33.0	6111.9	-816.7	-69.0	
83.20	77.9	10.0	11.6	2.0	-108.6	56.5	-8.8	-267.1	-26.7	6193.1	-1047.8	-68.7	
83.25	78.5	10.2	12.8	2.0	-109.0	56.6	-12.1	-267.2	-22.7	6191.6	-1229.4	-65.0	
83.30	79.1	10.8	13.9	2.0	-107.9	56.7	-15.8	-266.5	-22.8	6091.8	-1310.9	-60.0	
83.35	79.7	10.8	14.1	2.0	-106.5	56.8	-17.3	-264.4	-22.4	5985.3	-1328.0	-58.0	
83.40	80.3	10.3	13.9	2.0	-105.4	56.9	-15.5	-260.8	-18.9	5921.0	-1320.4	-57.6	
83.45	80.8	10.6	14.2	2.0	-104.6	57.0	-11.1	-258.3	-14.9	5876.8	-1278.8	-55.7	
83.50	81.4	10.9	14.0	2.0	-104.7	57.1	-7.9	-260.4	-11.7	5887.5	-1242.7	-56.6	
83.55	82.0	11.1	12.8	2.0	-106.0	57.2	-7.6	-266.3	-8.9	5974.7	-1226.9	-61.9	
83.60	82.6	11.3	11.0	2.0	-106.7	57.3	-8.0	-269.9	-6.2	6028.0	-1189.0	-69.0	
83.65	83.1	11.4	10.6	2.0	-105.1	57.4	-6.3	-266.1	-4.5	5941.4	-1077.0	-68.6	
83.70	83.7	11.5	11.2	2.0	-102.3	57.5	-2.7	-259.8	-3.9	5773.9	-893.6	-63.7	
83.75	84.3	11.7	11.0	2.0	-100.2	57.6	0.9	-257.0	-2.7	5654.2	-691.9	-62.6	
83.80	84.8	11.5	8.9	2.0	-99.6	57.7	4.0	-259.2	-1.0	5626.1	-480.3	-69.2	
83.85	85.4	11.3	6.5	2.0	-99.5	57.8	7.1	-261.6	0.4	5625.9	-261.3	-77.2	
83.90	86.0	11.2	5.4	2.0	-99.8	57.9	10.1	-261.8	3.1	5646.1	-96.0	-81.2	
83.95	86.5	11.3	4.3	2.0	-100.8	58.0	11.8	-263.6	8.5	5715.8	-40.2	-86.2	
84.00	87.1	11.2	3.5	2.0	-101.4	58.1	12.0	-265.6	13.6	5750.4	-10.4	-89.2	
84.05	87.6	10.9	3.4	2.0	-100.1	58.2	10.0	-261.3	15.2	5661.9	57.0	-88.3	
84.10	88.2	10.6	3.5	2.0	-98.3	58.3	8.6	-255.8	16.3	5540.5	143.7	-86.2	
84.15	88.7	10.3	3.9	2.0	-97.8	58.4	10.9	-255.4	19.6	5498.4	221.4	-84.3	
84.20	89.3	10.1	4.1	2.0	-98.4	58.5	13.7	-255.9	24.1	5538.8	247.8	-84.3	
84.25	89.8	10.4	4.8	2.0	-99.6	58.6	16.2	-256.9	28.3	5626.6	242.7	-83.0	
84.30	90.4	10.5	5.2	2.0	-101.7	58.7	16.7	-261.2	32.4	5764.8	194.9	-83.9	
84.35	90.9	10.3	4.6	2.0	-104.3	58.8	13.3	-266.3	37.0	5950.5	52.1	-88.5	
84.40	91.5	10.5	5.2	2.0	-106.2	58.9	8.8	-268.3	41.3	6081.5	-128.6	-88.5	
84.45	92.0	10.8	7.4	2.0	-106.1	59.0	7.0	-265.8	43.9	6076.7	-239.4	-80.6	
84.50	92.6	11.1	9.3	2.0	-105.6	59.1	7.1	-261.8	46.0	6046.1	-293.3	-73.8	
84.55	93.1	10.9	9.2	2.0	-106.4	59.2	6.7	-262.4	48.9	6103.4	-353.7	-74.9	
84.60	93.7	10.6	9.2	2.0	-107.6	59.3	6.5	-266.9	50.7	6178.7	-394.7	-75.9	
84.65	94.2	10.2	10.4	2.0	-108.4	59.4	6.4	-270.3	51.1	6225.9	-432.7	-72.8	
84.70	94.8	10.0	10.6	2.0	-109.7	59.5	5.5	-271.7	54.3	6307.5	-549.9	-73.2	
84.75	95.3	10.4	9.9	2.0	-111.2	59.6	2.4	-274.1	59.4	6393.0	-726.3	-77.3	
84.80	95.9	11.0	10.1	2.0	-111.4	59.7	-2.7	-275.0	61.3	6388.4	-861.7	-76.7	
84.85	96.4	11.3	11.1	2.0	-110.5	59.8	-7.8	-272.8	60.4	6314.8	-931.6	-72.5	
84.90	97.0	11.0	11.8	2.0	-109.7	59.9	-9.5	-270.3	61.3	6261.1	-952.0	-69.3	
84.95	97.5	10.9	11.8	2.0	-109.6	60.0	-6.6	-269.6	64.6	6252.8	-909.2	-69.0	
85.00	98.1	11.2	11.8	2.0	-109.4	60.1	-3.2	-268.4	66.8	6256.1	-825.5	-69.1	
85.05	98.6	11.8	11.9	2.0	-109.2	60.2	-2.8	-268.4	67.0	6250.7	-754.1	-68.4	
85.10	99.1	11.9	11.8	2.0	-109.6	60.3	-4.5	-272.1	68.9	6266.8	-751.6	-69.0	
85.15	99.7	11.5	10.6	2.0	-110.2	60.4	-6.0	-275.5	74.1	6292.7	-813.6	-73.7	
85.20	100.2	11.4	10.2	2.0	-109.7	60.5	-7.2	-272.2	78.0	6257.7	-847.5	-74.7	
85.25	100.7	11.5	10.7	2.0	-108.0	60.6	-6.7	-266.3	78.8	6147.1	-783.7	-71.1	
85.30	101.2	11.8	10.7	2.0	-106.8	60.7	-3.1	-265.6	80.4	6075.5	-651.2	-70.1	
85.35	101.8	11.4	9.7	2.0	-106.5	60.8	1.9	-266.9	84.3	6056.2	-496.1	-73.2	
85.40	102.3	11.5	8.8	2.0	-105.4	60.9	7.7	-264.7	87.4	5991.1	-297.6	-75.1	
85.45	102.8	11.7	8.4	2.0	-103.6	61.0	12.8	-258.7	88.8	5880.1	-98.3	-74.7	
85.50	103.3	11.4	7.8	2.0	-102.5	61.1	14.9	-255.3	91.7	5807.0	8.7	-75.7	
85.55	103.8	11.1	6.4	2.0	-102.4	61.2	14.5	-257.2	97.2	5783.4	27.0	-80.3	
85.60	104.3	10.9	5.0	2.0	-101.9	61.3	13.4	-257.5	101.2	5745.1	45.1	-84.7	
85.65	104.9	11.0	4.7	2.0	-100.5	61.4	13.2	-251.9	101.6	5651.8	126.5	-84.2	
85.70	105.4	11.1	4.6	2.0	-99.3	61.5	16.3	-247.9	102.0	5569.4	252.5	-83.5	
85.75	105.9	11.0	4.0	2.0	-99.6	61.6	21.3	-250.7	105.8	5571.9	354.2	-85.9	
85.80	106.4	10.7	2.9	2.0	-100.1	61.7	24.3	-253.6	108.8	5595.6	440.3	-90.0	
85.85	107.0	11.1	3.3	2.0	-100.0	61.8	25.6	-252.6	108.1	5582.9	538.0	-88.5	
85.90	107.5	11.5	3.6	2.0	-100.2	61.9	25.6	-252.0	108.7	5596.2	550.7	-87.8	
85.95	108.0	11.5	3.4	2.0	-101.2	62.0	23.7	-254.2	113.7	5676.4	425.3	-89.4	
86.00	108.5	11.6	3.8	2.0	-102.4	62.1	20.9	-257.6	118.1	5762.8	268.5	-89.3	
86.05	109.0	11.8	4.8	2.0	-103.3	62.2	17.2	-258.8	117.7	5828.9	157.1	-86.7	
86.10	109.5	12.1	5.7	2.0	-104.1	62.3	13.2	-258.7	116.3	5897.7	49.6	-84.6	
86.15	110.0	12.2	6.3	2.0	-105.3	62.4	11.3	-260.8	118.4	5982.4	-78.2	-83.8	
86.20	110.6	12.2	7.6	2.0	-106.0	62.5	10.6	-261.9	121.6	6023.7	-209.4	-79.8	
86.25	111.1	12.0	9.2	2.0	-106.1	62.6	9.0	-261.2	122.9	6024.5	-319.5	-74.4	
86.30	111.5	11.3	10.3	2.0	-106.6	62.7	5.5	-261.1	124.0	6061.0	-443.1	-71.4	
86.35	112.0	11.1	10.6	2.0	-107.8	62.8	1.5	-261.2	127.2	6130.8	-601.3	-71.4	
86.40	112.5	11.4	11.9	2.0	-108.2	62.9	-0.1	-259.2	130.8	6152.3	-727.8	-67.4	
86.45	113.0	11.8	13.0	2.0	-107.9	63.0	0.3	-255.9	133.1	6128.8	-794.6	-63.3	
86.50	113.5	11.5	13.2	2.0	-107.7	63.1	0.1	-253.5	134.4	6118.9	-824.9	-62.4	
86.55	114.0	11.1	12.8	2.0	-107.7	63.2	-0.3	-253.0	135.7	6115.9	-804.7	-63.8	
86.60	114.5	11.4	12.4	2.0	-106.8	63.3	1.5	-252.2	137.1	6062.0	-709.6	-64.3	
86.65	115.0	11.3	12.2	2.0	-105.5	63.4	5.5	-250.4	139.3	5985.3	-566.3	-63.5	
86.70	115.5	11.2	11.1	2.0	-104.8	63.5	9.6	-250.1	142.9	5943.6	-418.4	-66.9	
86.75	115.9	11.3	9.4	2.0	-105.0	63.6	12.7	-252.7	145.9	5950.6	-255.4	-72.7	
86.80	116.4	11.5	7.4	2.0	-105.2	63.7	15.7	-255.5	147.4	5961.0	-74.3	-79.7	
86.85	116.9	11.5	6.2	2.0	-104.7	63.8	19.0	-253.3	148.9	5928.2	110.9	-83.4	
86.90	117.4	11.0	5.7	2.0	-103.8	63.9	23.3	-249.3	151.3	5867.4	299.0	-84.3	
86.95	117.9	11.2	5.2	2.0	-102.9	64.0	27.9	-247.4	153.4	5786.6	498.2	-85.0	
87.00	118.3	11.6	4.1	2.0	-102.1	64.1	30.1	-245.5	154.1	5712.2	691.4	-88.0	
87.05	118.8	12.1	3.6	2.0	-101.8	64.2	31.9	-244.0	154.4	5666.3	870.0	-89.4	
87.10	119.3	12.0	3.3	2.0	-101.8	64.3	36.6	-245.0	156.8	5631.9	1014.9	-90.4	
87.15	119.8	11.5	2.9	2.0	-101.9	64.4	40.5	-246.0	160.7	5621.4	1075.5	-92.0	
87.20	120.2	10.8	2.5	2.0	-101.8	64.5	39.9	-244.9	162.8	5620.3	1049.8	-93.4	
87.25	120.7	10.8	1.7	2.0	-101.0	64.6	36.1	-243.3	162.3	5579.6	979.9	-95.2	
87.30	121.2	10.7	2.2	2.0	-99.6	64.7	31.5	-240.3	162.1	5505.1	868.2	-92.0	
87.35	121.6	10.3	3.2	2.0	-98.1	64.8	27.7	-235.4	163.8	5423.9	712.8	-87.0	
87.40	122.1	10.5	4.4	2.0	-96.6	64.9	26.2	-230.3	166.7	5340.9	577.7	-81.6	
87.45	122.6	10.9	5.3	2.0	-96.1	65.0	26.4	-228.1	168.5	5310.5	507.7	-77.8	
87.50	123.0	11.4	5.7	2.0	-96.6	65.1	26.5	-229.1	169.3	5354.9	460.4	-77.2	
87.55	123.5	11.7	6.0	2.0	-97.5	65.2	27.7	-232.8	171.5	5413.8	402.1	-77.1	
87.60	123.9	11.7	6.7	2.0	-97.6	65.3	29.4	-234.8	175.5	5416.2	312.3	-74.7	
87.65	124.4	11.5	6.7	2.0	-96.7	65.4	28.1	-231.9	178.4	5361.7	180.8	-73.7	
87.70	124.9	11.6	7.3	2.0	-95.7	65.5	23.7	-228.1	178.7	5298.1	34.1	-70.5	
87.75	125.3	11.7	6.9	2.0	-95.2	65.6	18.6	-228.5	178.9	5263.9	-96.9	-71.5	
87.80	125.8	11.7	7.2	2.0	-95.4	65.7	15.6	-230.9	181.4	5262.2	-197.5	-70.7	
87.85	126.2	11.9	6.8	2.0	-95.3	65.8	16.2	-229.9	184.5	5256.2	-226.4	-71.8	
87.90	126.7	12.1	6.8	2.0	-95.0	65.9	19.2	-227.8	185.9	5240.3	-174.2	-71.5	
87.95	127.1	12.1	6.3	2.0	-94.5	66.0	21.9	-226.8	187.1	5202.7	-97.9	-72.7	
88.00	127.6	11.7	5.5	2.0	-93.5	66.1	22.5	-225.7	189.6	5135.4	-49.7	-74.7	
88.05	128.0	11.9	5.4	2.0	-92.4	66.2	22.4	-224.8	191.9	5046.3	-17.5	-73.8	
88.10	128.5	12.1	5.9	2.0	-90.9	66.3	22.5	-223.1	192.7	4943.8	2.9	-70.8	
88.15	128.9	11.8	5.7	2.0	-90.2	66.4	20.6	-218.7	193.8	4901.0	-26.0	-70.7	
88.20	129.4	11.9	5.1	2.0	-90.5	66.5	19.7	-216.6	196.0	4924.9	-29.1	-72.8	
88.25	129.8	11.9	5.0	2.0	-91.1	66.6	22.7	-220.5	198.3	4961.9	69.0	-74.0	
88.30	130.2	11.6	4.3	2.0	-92.3	66.7	25.8	-224.9	199.6	5028.1	203.5	-77.7	
88.35	130.6	11.7	3.1	2.0	-93.4	66.8	26.8	-225.5	200.4	5108.6	319.5	-82.7	
88.40	131.1	11.7	4.0	2.0	-93.9	66.9	29.8	-225.0	201.4	5132.3	453.0	-80.0	
88.45	131.5	11.8	5.2	2.0	-93.6	67.0	32.9	-222.8	203.1	5104.8	547.2	-75.6	
88.50	131.9	11.7	5.3	2.0	-93.0	67.1	31.6	-217.6	204.6	5074.3	545.7	-74.8	
88.55	132.3	11.6	5.2	2.0	-92.6	67.2	29.9	-215.8	205.5	5050.6	536.5	-74.6	
88.60	132.7	11.3	5.4	2.0	-92.4	67.3	30.9	-215.8	206.0	5030.4	582.5	-74.0	
88.65	133.2	11.4	5.4	2.0	-92.4	67.4	33.3	-212.5	208.3	5026.1	645.4	-73.7	
88.70	133.6	11.6	5.4	2.0	-91.9	67.5	38.0	-208.7	211.7	4986.3	737.4	-73.3	
88.75	134.0	11.9	5.6	2.0	-90.7	67.6	42.1	-207.1	213.6	4876.8	849.5	-71.5	
88.80	134.4	11.9	5.1	2.0	-89.2	67.7	41.4	-203.9	214.3	4761.8	899.1	-71.6	
88.85	134.8	12.1	4.0	2.0	-88.3	67.8	39.1	-200.7	215.1	4699.3	895.4	-74.5	
88.90	135.2	12.3	3.8	2.0	-88.0	67.9	38.7	-200.9	217.0	4677.4	871.7	-74.8	
88.95	135.7	12.8	3.4	2.0	-87.7	68.0	37.9	-199.8	219.3	4666.0	807.3	-76.0	
89.00	136.1	13.2	3.1	2.0	-87.1	68.1	34.5	-196.5	221.2	4646.3	706.9	-76.3	
89.05	136.5	13.4	2.6	2.0	-86.7	68.2	32.9	-197.8	222.3	4625.4	656.9	-77.7	
89.10	136.9	13.2	1.8	2.0	-86.9	68.3	33.6	-201.5	223.9	4624.3	645.9	-80.6	
89.15	137.3	13.1	1.9	2.0	-86.7	68.4	34.5	-199.6	226.2	4614.3	635.2	-80.2	
89.20	137.7	13.2	3.1	2.0	-86.1	68.5	37.9	-196.5	228.2	4576.1	652.2	-75.6	
89.25	138.1	13.4	4.1	2.0	-85.6	68.6	39.8	-197.0	229.8	4533.7	627.0	-71.6	
89.30	138.5	13.3	3.6	2.0	-85.3	68.7	35.1	-197.1	230.6	4533.4	489.9	-73.0	
89.35	138.9	13.0	3.5	2.0	-85.3	68.8	27.8	-196.8	230.0	4549.1	308.9	-73.1	
89.40	139.3	12.5	4.6	2.0	-84.5	68.9	23.7	-196.3	230.0	4504.7	154.6	-68.8	
89.45	139.7	11.5	5.4	2.0	-83.2	69.0	20.4	-191.3	231.5	4422.5	2.9	-64.8	
89.50	140.1	11.5	5.6	2.0	-81.9	69.1	16.5	-183.7	233.3	4340.1	-128.0	-62.6	
89.55	140.5	12.1	6.1	2.0	-80.7	69.2	16.7	-181.8	233.9	4255.7	-126.8	-59.9	
89.60	140.9	12.0	6.8	2.0	-79.5	69.3	19.6	-181.1	233.9	4170.5	-34.1	-56.2	
89.65	141.3	12.0	6.9	2.0	-78.4	69.4	22.6	-175.5	235.5	4102.8	59.4	-54.8	
89.70	141.6	12.1	6.7	2.0	-77.6	69.5	27.6	-172.6	237.7	4039.3	172.6	-54.5	
89.75	142.0	11.9	6.1	2.0	-76.9	69.6	30.5	-173.4	238.6	3981.4	255.0	-56.0	
89.80	142.4	11.6	4.5	2.0	-76.3	69.7	26.8	-171.0	238.3	3943.4	243.9	-60.9	
89.85	142.8	11.4	3.6	2.0	-75.3	69.8	23.0	-167.2	238.6	3876.0	234.3	-62.9	
89.90	143.2	11.7	3.5	2.0	-73.9	69.9	25.0	-165.0	240.4	3771.7	318.0	-61.9	
89.95	143.5	11.6	2.8	2.0	-72.8	70.0	27.6	-161.0	242.9	3688.5	420.8	-63.2	
90.00	143.9	11.6	1.4	2.0	-72.2	70.1	29.7	-156.8	244.0	3631.6	556.2	-67.2	
90.05	144.3	11.8	1.0	2.0	-72.0	70.2	34.7	-158.8	244.2	3568.9	762.9	-68.7	
90.10	144.7	11.5	0.8	2.0	-71.8	70.3	39.3	-162.0	246.0	3501.0	916.3	-69.0	
90.15	145.0	11.0	-0.5	2.0	-71.3	70.4	40.1	-158.9	248.4	3466.7	945.0	-73.0	
90.20	145.4	10.5	-1.1	2.0	-70.6	70.5	40.3	-154.6	249.6	3419.5	943.2	-74.2	
90.25	145.8	10.8	0.1	2.0	-69.7	70.6	39.7	-153.5	250.5	3361.1	917.4	-69.2	
90.30	146.2	10.8	-0.5	2.0	-69.3	70.7	35.4	-153.3	251.2	3360.3	812.0	-71.1	
90.35	146.5	10.6	-1.5	2.0	-69.0	70.8	30.8	-152.8	252.6	3366.2	681.8	-74.2	
90.40	146.9	10.6	-1.3	2.0	-68.7	70.9	31.5	-154.0	254.0	3349.1	646.3	-73.2	
90.45	147.3	10.7	0.1	2.0	-68.8	71.0	32.9	-153.5	254.6	3353.3	640.2	-68.4	
90.50	147.6	10.8	0.6	2.0	-69.2	71.1	31.8	-151.1	254.8	3403.1	587.9	-67.0	
90.55	148.0	11.3	1.6	2.0	-69.0	71.2	31.1	-151.1	255.4	3402.1	518.6	-63.6	
90.60	148.4	11.1	3.2	2.0	-68.1	71.3	30.2	-150.9	256.1	3345.9	438.6	-57.0	
90.65	148.7	10.5	4.1	2.0	-67.6	71.4	26.5	-146.9	256.3	3330.8	307.2	-53.3	
90.70	149.1	10.0	3.9	2.0	-68.1	71.5	23.3	-144.1	256.4	3386.0	183.5	-54.6	
90.75	149.4	10.0	4.1	2.0	-69.0	71.6	23.4	-145.8	257.0	3458.4	129.6	-54.9	
90.80	149.8	10.1	4.6	2.0	-69.5	71.7	23.6	-146.9	257.8	3492.3	110.6	-53.8	
90.85	150.1	9.7	4.9	2.0	-68.9	71.8	23.1	-145.0	258.6	3452.8	104.0	-52.1	
90.90	150.5	10.1	4.9	2.0	-67.8	71.9	23.9	-142.5	258.5	3371.7	138.2	-51.0	
90.95	150.8	10.3	4.6	2.0	-66.6	72.0	25.3	-138.5	258.0	3290.2	204.8	-51.0	
91.00	151.2	9.8	4.8	2.0	-66.1	72.1	26.5	-133.7	258.7	3254.9	273.9	-49.5	
91.05	151.5	10.1	5.0	2.0	-65.7	72.2	28.5	-132.1	260.3	3226.5	347.0	-48.7	
91.10	151.9	10.2	3.8	2.0	-65.8	72.3	30.2	-134.8	261.5	3212.0	409.7	-52.7	
91.15	152.2	10.0	2.4	2.0	-66.1	72.4	28.5	-136.9	262.5	3228.0	428.0	-58.0	
91.20	152.6	9.8	1.9	2.0	-65.6	72.5	28.1	-133.8	263.7	3189.3	478.7	-59.0	
91.25	152.9	9.6	2.5	2.0	-64.3	72.6	32.4	-128.3	264.9	3077.3	615.8	-55.7	
91.30	153.2	9.6	2.4	2.0	-63.4	72.7	36.8	-124.6	266.2	2980.5	764.4	-55.2	
91.35	153.6	9.4	0.9	2.0	-64.0	72.8	37.5	-126.5	267.1	2992.5	860.3	-60.7	
91.40	153.9	9.9	-0.5	2.0	-65.1	72.9	38.4	-131.5	266.8	3043.1	943.6	-66.7	
91.45	154.3	11.1	-1.0	2.0	-65.9	73.0	41.6	-133.5	266.6	3071.3	1022.7	-69.2	
91.50	154.6	11.9	-0.6	2.0	-65.6	73.1	43.4	-130.3	268.7	3053.8	1024.6	-67.5	
91.55	154.9	12.4	-0.1	2.0	-64.4	73.2	41.8	-126.4	271.4	2990.6	957.7	-64.6	
91.60	155.2	12.5	-0.0	2.0	-62.6	73.3	37.9	-124.2	271.3	2881.8	873.0	-62.7	
91.65	155.6	12.7	0.0	2.0	-60.4	73.4	34.6	-120.4	269.5	2743.3	803.9	-60.2	
91.70	155.9	13.1	1.1	2.0	-58.3	73.5	35.1	-115.2	269.5	2601.0	784.3	-54.6	
91.75	156.2	13.5	1.9	2.0	-57.3	73.6	38.2	-112.6	271.5	2525.4	795.5	-50.9	
91.80	156.6	13.8	2.0	2.0	-57.3	73.7	38.9	-112.6	271.2	2523.1	780.9	-50.2	
91.85	156.9	13.6	1.6	2.0	-56.9	73.8	35.8	-112.1	268.0	2524.9	705.8	-51.5	
91.90	157.2	13.3	1.8	2.0	-55.5	73.9	31.8	-109.9	267.4	2458.2	558.6	-49.4	
91.95	157.5	13.7	2.7	2.0	-53.3	74.0	29.7	-105.9	271.3	2333.8	394.8	-44.0	
92.00	157.9	13.7	3.9	2.0	-51.6	74.1	28.2	-100.8	273.6	2232.0	283.7	-38.3	
92.05	158.2	13.7	4.1	2.0	-51.1	74.2	27.3	-97.0	271.1	2213.5	271.6	-37.0	
92.10	158.5	14.1	3.6	2.0	-52.1	74.3	28.7	-98.8	269.5	2274.4	320.0	-39.9	
92.15	158.8	14.3	3.7	2.0	-53.2	74.4	32.2	-103.4	272.3	2332.3	370.5	-40.6	
92.20	159.1	14.4	3.3	2.0	-53.8	74.5	35.9	-105.7	274.3	2357.8	422.5	-42.3	
92.25	159.5	14.5	3.0	2.0	-53.7	74.6	35.9	-104.2	272.9	2355.2	444.6	-43.5	
92.30	159.8	14.7	2.9	2.0	-53.0	74.7	31.9	-100.9	272.4	2322.2	391.8	-43.2	
92.35	160.1	14.7	2.7	2.0	-51.8	74.8	27.8	-97.4	275.0	2254.2	306.7	-42.5	
92.40	160.4	14.7	2.8	2.0	-50.1	74.9	26.9	-92.0	277.0	2141.7	275.4	-40.6	
92.45	160.7	14.7	3.0	2.0	-49.0	75.0	29.1	-88.7	276.8	2057.9	337.2	-38.7	
92.50	161.0	14.7	2.2	2.0	-49.6	75.1	32.4	-90.6	277.2	2076.6	455.8	-42.0	
92.55	161.3	14.5	1.5	2.0	-50.8	75.2	35.7	-92.2	278.5	2127.7	592.6	-45.8	
92.60	161.6	14.3	1.8	2.0	-51.1	75.3	40.1	-90.4	278.2	2099.5	746.2	-44.9	
92.65	161.9	14.1	2.6	2.0	-50.2	75.4	43.8	-86.3	278.5	1988.9	853.4	-41.3	
92.70	162.2	13.9	2.2	2.0	-49.2	75.5	43.0	-84.1	281.0	1915.7	852.9	-41.5	
92.75	162.5	13.9	1.2	2.0	-49.0	75.6	39.4	-83.2	281.8	1915.9	827.0	-44.9	
92.80	162.8	13.7	1.1	2.0	-49.3	75.7	37.9	-81.9	279.2	1936.0	859.9	-45.5	
92.85	163.1	13.4	1.0	2.0	-50.1	75.8	39.8	-81.2	277.8	1972.0	925.8	-46.8	
92.90	163.4	14.0	0.2	2.0	-51.2	75.9	42.2	-82.9	279.8	2035.0	961.9	-50.6	
92.95	163.7	14.2	-0.1	2.0	-52.0	76.0	43.9	-85.9	281.3	2073.6	996.1	-52.3	
93.00	164.0	14.3	0.5	2.0	-52.0	76.1	45.9	-85.9	279.5	2039.3	1064.2	-50.3	
93.05	164.3	14.3	1.6	2.0	-51.0	76.2	47.1	-81.1	278.3	1941.7	1104.0	-45.5	
93.10	164.6	14.1	2.6	2.0	-49.1	76.3	47.2	-75.2	281.0	1818.0	1056.9	-40.1	
93.15	164.9	13.9	2.8	2.0	-47.0	76.4	46.1	-71.6	283.2	1699.9	967.9	-37.3	
93.20	165.1	14.3	2.3	2.0	-45.5	76.5	42.7	-69.8	281.2	1635.4	865.6	-37.7	
93.25	165.4	14.4	1.3	2.0	-44.9	76.6	37.8	-69.2	278.8	1659.3	738.4	-40.3	
93.30	165.7	14.4	1.1	2.0	-44.8	76.7	34.7	-69.7	280.2	1705.9	608.9	-41.1	
93.35	166.0	14.3	1.9	2.0	-44.2	76.8	34.1	-69.4	282.7	1685.5	515.1	-37.5	
93.40	166.3	14.2	2.9	2.0	-42.8	76.9	33.5	-66.6	282.7	1602.2	456.4	-32.7	
93.45	166.6	14.2	3.3	2.0	-41.8	77.0	31.7	-64.3	282.6	1546.3	403.9	-30.5	
93.50	166.8	14.1	3.7	2.0	-41.4	77.1	32.1	-64.0	284.7	1518.5	394.1	-28.7	
93.55	167.1	14.1	4.6	2.0	-41.2	77.2	35.5	-63.1	286.1	1483.2	443.3	-25.4	
93.60	167.4	14.2	4.5	2.0	-41.2	77.3	37.8	-60.8	285.0	1477.8	483.7	-25.9	
93.65	167.6	14.6	3.3	2.0	-41.3	77.4	35.7	-60.1	284.7	1502.2	441.8	-29.8	
93.70	167.9	14.8	2.5	2.0	-40.9	77.5	31.8	-61.9	285.6	1491.7	364.5	-32.3	
93.75	168.2	14.8	2.2	2.0	-39.5	77.6	29.3	-59.8	285.3	1403.6	328.0	-32.1	
93.80	168.5	14.6	1.9	2.0	-37.5	77.7	28.1	-51.8	284.4	1266.5	336.1	-30.9	
93.85	168.7	14.2	1.8	2.0	-36.0	77.8	29.5	-46.2	286.1	1142.5	399.0	-30.0	
93.90	169.0	14.2	1.9	2.0	-35.9	77.9	33.4	-47.2	288.1	1068.8	532.1	-29.3	
93.95	169.3	14.4	2.1	2.0	-36.4	78.0	36.8	-45.7	285.8	1009.2	702.8	-29.3	
94.00	169.6	14.0	2.0	2.0	-37.2	78.1	40.6	-42.4	282.9	959.7	863.1	-30.2	
94.05	169.8	13.9	1.9	2.0	-37.9	78.2	45.4	-42.3	285.3	917.5	968.5	-31.6	
94.10	170.1	13.9	1.1	2.0	-37.7	78.3	45.6	-41.1	288.2	883.2	972.1	-33.9	
94.15	170.4	14.2	0.2	2.0	-36.5	78.4	40.6	-37.4	285.8	844.1	917.7	-35.8	
94.20	170.6	14.0	-0.5	2.0	-35.6	78.5	37.7	-36.0	283.6	792.1	887.6	-37.2	
94.25	170.9	13.6	-0.6	2.0	-35.6	78.6	39.3	-38.0	286.8	764.8	893.5	-37.7	
94.30	171.2	13.4	-0.6	2.0	-36.1	78.7	41.4	-37.1	289.8	777.6	925.7	-38.0	
94.35	171.4	13.1	-0.3	2.0	-37.0	78.8	43.0	-35.7	287.1	797.8	1005.2	-38.0	
94.40	171.7	12.9	0.5	2.0	-37.5	78.9	45.0	-36.3	283.8	761.1	1075.0	-35.7	
94.45	172.0	13.2	0.6	2.0	-36.2	79.0	44.3	-34.8	286.2	686.0	1010.7	-34.1	
94.50	172.2	12.8	0.7	2.0	-33.6	79.1	41.3	-30.0	290.6	584.9	856.0	-31.3	
94.55	172.5	12.5	1.4	2.0	-31.6	79.2	39.3	-26.8	290.8	485.4	748.4	-26.7	
94.60	172.7	12.3	1.8	2.0	-30.1	79.3	36.3	-26.6	289.2	443.0	653.6	-24.1	
94.65	173.0	12.1	0.8	2.0	-28.9	79.4	31.9	-27.0	290.6	465.5	528.9	-26.1	
94.70	173.3	12.3	0.7	2.0	-28.6	79.5	31.6	-26.4	292.5	484.3	483.5	-26.0	
94.75	173.5	12.7	2.2	2.0	-29.1	79.6	35.6	-25.8	291.4	446.3	554.1	-21.5	
94.80	173.8	12.6	3.2	2.0	-29.0	79.7	36.5	-22.6	289.3	395.0	593.6	-18.1	
94.85	174.0	12.8	2.6	2.0	-28.3	79.8	33.0	-19.6	289.0	397.8	540.7	-19.5	
94.90	174.3	13.1	2.5	2.0	-27.4	79.9	31.6	-18.7	290.6	363.8	489.1	-18.8	
94.95	174.5	13.1	3.5	2.0	-27.1	80.0	33.0	-19.3	291.5	313.4	482.6	-15.1	
95.00	174.8	12.9	2.6	2.0	-26.9	80.1	31.9	-18.9	291.4	335.3	455.8	-17.9	
95.05	175.1	12.8	1.3	2.0	-27.2	80.2	30.1	-19.2	291.4	393.3	442.9	-22.7	
95.10	175.3	13.2	1.6	2.0	-28.1	80.3	32.8	-20.3	290.7	386.0	528.1	-22.5	
95.15	175.6	13.2	2.6	2.0	-28.9	80.4	36.2	-18.2	288.8	320.3	635.2	-20.0	
95.20	175.8	13.1	2.4	2.0	-28.9	80.5	35.7	-14.4	288.0	273.7	662.7	-20.5	
95.25	176.1	12.9	2.0	2.0	-28.7	80.6	34.4	-13.6	289.2	257.7	655.0	-21.8	
95.30	176.3	12.8	2.5	2.0	-28.8	80.7	34.2	-13.6	289.4	246.8	665.4	-20.2	
95.35	176.6	12.8	2.9	2.0	-28.7	80.8	33.6	-10.9	288.1	243.0	665.5	-18.6	
95.40	176.8	12.9	2.9	2.0	-28.3	80.9	32.8	-9.2	289.3	258.7	632.0	-18.3	
95.45	177.1	12.7	2.3	2.0	-28.4	81.0	33.6	-12.4	291.8	299.3	618.1	-20.5	
95.50	177.3	12.5	1.7	2.0	-29.0	81.1	34.2	-14.4	290.8	345.0	640.8	-23.2	
95.55	177.5	12.3	2.2	2.0	-29.3	81.2	34.1	-11.8	288.2	348.2	669.6	-21.7	
95.60	177.8	11.9	3.2	2.0	-29.3	81.3	35.7	-8.4	289.2	296.9	687.2	-18.4	
95.65	178.0	11.4	4.0	2.0	-28.7	81.4	37.0	-5.9	292.5	210.7	671.8	-15.2	
95.70	178.3	11.0	4.2	2.0	-27.7	81.5	34.6	-2.6	292.6	134.3	621.1	-13.5	
95.75	178.5	11.4	3.7	2.0	-27.0	81.6	31.6	-0.4	290.3	97.8	582.5	-14.3	
95.80	178.7	11.6	3.2	2.0	-26.9	81.7	31.5	-1.3	290.6	100.7	572.0	-15.7	
95.85	179.0	11.8	2.8	2.0	-27.0	81.8	33.0	-1.5	293.4	109.9	571.0	-17.4	
95.90	179.2	11.7	3.3	2.0	-27.1	81.9	33.5	1.9	292.7	52.9	588.8	-15.9	
95.95	179.5	11.5	4.9	2.0	-27.7	82.0	33.9	5.4	289.6	-83.3	631.8	-10.7	
96.00	179.7	11.2	4.7	2.0	-28.4	82.1	34.4	7.0	289.3	-211.9	658.5	-12.4	
96.05	179.9	11.3	4.1	2.0	-28.8	82.2	34.7	8.7	291.7	-265.1	665.8	-14.9	
96.10	180.2	11.2	4.6	2.0	-29.8	82.3	37.0	11.0	291.8	-270.7	730.1	-14.1	
96.15	180.4	11.1	4.6	2.0	-31.0	82.4	40.9	7.9	290.1	-239.0	834.3	-15.3	
96.20	180.6	11.1	2.8	2.0	-31.0	82.5	40.4	3.2	290.1	-179.7	848.8	-21.2	
96.25	180.9	10.5	1.0	2.0	-30.1	82.6	36.6	2.9	289.9	-161.8	798.5	-26.9	
96.30	181.1	10.0	2.2	2.0	-30.7	82.7	37.0	6.5	287.7	-270.3	813.7	-23.3	
96.35	181.3	9.7	4.7	2.0	-31.9	82.8	39.3	11.6	286.7	-428.8	838.1	-15.8	
96.40	181.5	9.9	4.4	2.0	-31.7	82.9	37.0	15.8	288.3	-514.4	763.5	-16.6	
96.45	181.8	10.1	3.8	2.0	-30.9	83.0	33.1	17.6	289.0	-559.1	671.1	-17.9	
96.50	182.0	10.1	4.9	2.0	-31.4	83.1	34.3	16.9	287.7	-608.4	677.5	-14.6	
96.55	182.2	10.4	5.7	2.0	-31.9	83.2	37.6	15.3	288.1	-619.9	702.1	-12.2	
96.60	182.4	10.6	5.5	2.0	-31.3	83.3	36.7	17.5	290.7	-623.9	638.2	-12.6	
96.65	182.6	10.6	6.5	2.0	-31.4	83.4	34.0	21.2	290.2	-703.4	560.0	-9.1	
96.70	182.8	10.5	9.0	2.0	-32.5	83.5	31.8	25.4	287.0	-845.3	499.4	-1.5	
96.75	183.0	10.6	10.1	2.0	-33.0	83.6	28.6	31.0	286.6	-936.8	392.7	1.5	
96.80	183.2	11.0	9.1	2.0	-32.4	83.7	25.5	35.2	289.4	-924.2	270.0	-1.3	
96.85	183.4	10.9	8.4	2.0	-31.1	83.8	25.6	32.2	289.9	-840.3	232.6	-2.1	
96.90	183.6	10.9	7.9	2.0	-29.7	83.9	26.7	25.4	287.4	-742.5	258.1	-2.6	
96.95	183.8	11.1	6.8	2.0	-28.9	84.0	26.2	23.6	287.2	-676.9	258.0	-5.5	
97.00	184.0	11.3	6.7	2.0	-29.1	84.1	28.1	25.4	289.7	-676.1	290.4	-6.2	
97.05	184.2	11.3	8.8	2.0	-31.0	84.2	33.5	28.2	289.4	-752.8	411.1	-0.7	
97.10	184.4	11.2	10.3	2.0	-32.6	84.3	35.7	31.7	286.1	-829.4	502.9	2.8	
97.15	184.6	10.9	9.4	2.0	-32.6	84.4	33.0	33.6	285.5	-837.0	492.0	-0.5	
97.20	184.8	11.2	7.7	2.0	-32.2	84.5	32.4	32.2	287.6	-808.5	491.1	-5.9	
97.25	185.0	11.6	7.1	2.0	-32.4	84.6	35.3	29.4	287.0	-777.2	569.8	-7.9	
97.30	185.2	11.4	6.5	2.0	-32.6	84.7	36.1	29.1	285.0	-744.4	634.3	-10.4	
97.35	185.4	11.3	5.3	2.0	-32.8	84.8	35.0	30.4	285.6	-739.9	654.5	-14.7	
97.40	185.6	11.1	5.8	2.0	-34.1	84.9	37.2	30.7	287.0	-806.4	727.4	-14.1	
97.45	185.8	10.8	8.2	2.0	-36.6	85.0	41.8	34.4	285.7	-924.5	855.8	-8.4	
97.50	186.0	10.7	8.9	2.0	-38.0	85.1	43.6	39.7	284.6	-973.8	934.9	-7.4	
97.55	186.2	10.6	7.8	2.0	-37.5	85.2	43.9	37.4	285.8	-906.0	955.9	-10.9	
97.60	186.3	10.6	6.6	2.0	-36.5	85.3	44.1	31.5	286.9	-800.6	956.2	-13.9	
97.65	186.5	10.6	6.3	2.0	-35.7	85.4	43.2	30.7	285.6	-739.5	936.0	-14.1	
97.70	186.7	10.6	6.2	2.0	-35.2	85.5	41.4	33.1	285.2	-742.3	881.0	-14.1	
97.75	186.9	10.4	6.3	2.0	-35.0	85.6	39.2	35.0	287.3	-806.4	799.4	-13.4	
97.80	187.0	10.8	7.2	2.0	-35.5	85.7	36.8	38.5	287.3	-909.6	736.3	-10.6	
97.85	187.2	10.9	9.0	2.0	-36.5	85.8	35.7	43.9	284.3	-1009.0	722.2	-5.5	
97.90	187.3	10.7	10.5	2.0	-37.3	85.9	36.7	47.6	283.5	-1070.9	724.2	-1.3	
97.95	187.5	10.9	10.7	2.0	-37.1	86.0	38.5	45.7	286.4	-1059.0	707.1	-0.5	
98.00	187.7	10.9	9.8	2.0	-36.1	86.1	38.2	42.9	287.1	-1000.4	676.1	-2.4	
98.05	187.8	10.8	9.5	2.0	-35.7	86.2	36.7	43.8	283.5	-979.3	655.5	-2.9	
98.10	188.0	10.4	10.4	2.0	-36.1	86.3	36.0	46.1	282.5	-1033.0	620.8	-0.3	
98.15	188.1	10.2	11.9	2.0	-36.9	86.4	36.1	47.8	285.4	-1129.6	561.6	3.9	
98.20	188.3	10.2	12.9	2.0	-37.8	86.5	34.6	51.8	285.4	-1222.2	512.4	6.3	
98.25	188.4	10.2	13.1	2.0	-38.5	86.6	32.6	55.5	280.9	-1271.5	510.8	6.6	
98.30	188.6	10.2	12.8	2.0	-38.4	86.7	32.7	54.5	279.2	-1260.7	526.0	5.5	
98.35	188.7	10.2	11.8	2.0	-37.7	86.8	34.1	50.2	281.8	-1212.7	521.9	2.7	
98.40	188.9	9.5	11.0	2.0	-37.5	86.9	34.6	49.3	282.6	-1203.9	521.2	0.3	
98.45	189.0	9.1	11.5	2.0	-38.4	87.0	34.8	51.1	280.6	-1263.5	545.6	1.0	
98.50	189.2	9.1	12.4	2.0	-39.8	87.1	35.3	53.1	280.2	-1357.8	567.9	2.8	
98.55	189.3	9.8	12.9	2.0	-40.8	87.2	35.5	55.7	282.2	-1430.4	572.1	3.5	
98.60	189.5	9.9	13.1	2.0	-41.5	87.3	35.9	59.7	282.6	-1471.5	593.9	3.3	
98.65	189.6	9.9	13.5	2.0	-41.9	87.4	37.7	59.8	281.2	-1475.1	653.0	4.6	
98.70	189.7	9.7	13.6	2.0	-41.5	87.5	38.2	56.3	281.3	-1434.4	683.5	5.2	
98.75	189.9	9.6	12.8	2.0	-41.0	87.6	36.4	56.4	282.1	-1399.9	674.3	2.8	
98.80	190.0	9.4	12.3	2.0	-41.4	87.7	36.2	59.8	281.7	-1413.9	699.7	1.0	
98.85	190.1	9.0	12.9	2.0	-42.3	87.8	38.3	61.2	281.9	-1456.2	755.2	1.9	
98.90	190.3	9.1	13.3	2.0	-42.6	87.9	38.9	60.4	283.2	-1467.7	776.9	3.1	
98.95	190.4	9.3	12.6	2.0	-42.4	88.0	37.5	61.4	283.3	-1449.6	785.4	0.7	
99.00	190.5	9.6	12.0	2.0	-42.6	88.1	38.7	62.3	281.9	-1423.1	854.6	-1.4	
99.05	190.6	9.7	12.2	2.0	-43.1	88.2	42.4	61.1	281.6	-1399.0	949.0	-1.2	
99.10	190.7	9.8	12.0	2.0	-43.2	88.3	43.6	61.2	282.2	-1385.0	982.6	-1.9	
99.15	190.8	9.9	11.6	2.0	-43.5	88.4	41.4	64.6	281.7	-1417.5	962.9	-3.6	
99.20	191.0	9.7	12.3	2.0	-44.4	88.5	40.2	68.3	280.4	-1499.7	955.0	-2.0	
99.25	191.1	9.3	13.6	2.0	-45.3	88.6	40.5	69.9	279.9	-1574.8	948.9	1.5	
99.30	191.2	8.7	14.2	2.0	-45.7	88.7	40.1	72.1	280.0	-1624.6	920.1	3.0	
99.35	191.3	8.2	13.9	2.0	-45.8	88.8	39.1	74.0	279.8	-1650.3	888.0	1.8	
99.40	191.4	8.0	14.1	2.0	-45.7	88.9	39.4	71.5	278.9	-1655.3	876.8	2.6	
99.45	191.5	8.0	14.4	2.0	-45.2	89.0	39.1	68.5	278.2	-1636.7	841.6	4.3	
99.50	191.6	8.0	14.8	2.0	-44.9	89.1	37.4	70.3	277.9	-1644.6	772.8	5.8	
99.55	191.7	8.9	15.6	2.0	-45.4	89.2	37.0	73.5	278.2	-1701.3	709.5	8.1	
99.60	191.8	9.9	16.1	2.0	-45.7	89.3	35.5	74.4	279.2	-1759.0	619.6	9.6	
99.65	192.0	10.7	16.4	2.0	-45.1	89.4	31.4	73.6	278.9	-1764.5	493.4	11.1	
99.70	192.1	10.1	16.8	2.0	-44.4	89.5	27.5	73.3	277.3	-1741.0	388.3	13.2	
99.75	192.2	9.7	17.5	2.0	-44.1	89.6	27.8	71.9	277.2	-1726.6	346.5	16.0	
99.80	192.3	9.5	18.0	2.0	-43.7	89.7	29.4	68.9	279.3	-1710.9	319.8	18.1	
99.85	192.4	9.7	17.8	2.0	-43.3	89.8	28.1	67.4	280.0	-1687.6	279.0	18.0	
99.90	192.4	9.8	17.2	2.0	-43.2	89.9	26.1	68.5	278.0	-1682.1	273.3	15.9	
99.95	192.5	9.7	18.1	2.0	-43.7	90.0	27.1	70.8	277.5	-1707.2	305.5	18.5	
100.00	192.6	9.6	19.3	2.0	-44.3	90.1	29.9	72.9	280.0	-1739.2	340.3	22.1	
100.05	192.7	9.6	19.3	2.0	-44.6	90.2	31.6	74.6	281.7	-1747.4	381.9	21.5	
100.10	192.8	9.5	17.9	2.0	-44.3	90.3	30.8	74.2	280.3	-1712.0	438.1	17.3	
100.15	192.9	9.4	16.3	2.0	-44.0	90.4	30.2	71.9	277.7	-1672.0	516.3	11.8	
100.20	192.9	9.5	-4.9	1.5	-44.9	90.4	31.7	74.1	277.4	-1708.6	607.7	3.2	
100.25	193.0	9.7	0.9	1.1	-46.7	90.5	35.4	78.7	279.3	-1792.4	714.6	4.6	
100.30	193.1	9.6	4.6	0.8	-47.8	90.6	38.3	79.2	279.3	-1831.4	833.3	3.9	
100.35	193.2	9.9	6.4	0.6	-48.0	90.6	38.7	77.8	277.1	-1804.1	937.9	0.6	
100.40	193.3	10.0	7.5	0.5	-47.9	90.6	39.8	76.9	275.8	-1738.4	1041.1	-2.1	
100.45	193.3	9.6	9.2	0.3	-48.6	90.6	44.6	77.6	277.1	-1703.4	1167.7	-2.1	
100.50	193.4	9.1	10.9	0.3	-49.4	90.7	49.5	77.0	278.8	-1690.9	1274.6	-1.0	
100.55	193.5	8.8	11.4	0.2	-49.4	90.7	49.5	75.7	278.0	-1677.5	1309.6	-2.1	
100.60	193.6	8.6	11.0	0.1	-48.9	90.7	46.0	75.2	275.4	-1658.0	1285.1	-5.0	
100.65	193.6	8.7	11.2	0.1	-48.6	90.7	44.4	75.5	274.6	-1655.0	1247.1	-5.4	
100.70	193.7	9.0	12.2	0.1	-48.6	90.7	45.3	75.5	276.3	-1686.4	1198.2	-3.1	
100.75	193.8	9.6	13.0	0.1	-48.2	90.7	44.0	75.1	277.5	-1718.7	1101.1	-1.1	
100.80	193.9	9.3	12.7	0.0	-47.2	90.7	39.3	73.7	276.5	-1724.6	969.3	-1.7	
100.85	194.0	9.1	13.4	0.0	-46.5	90.7	36.0	72.8	275.9	-1733.1	865.8	0.7	
100.90	194.0	9.0	15.4	0.0	-46.8	90.7	37.1	74.4	277.1	-1774.4	815.3	7.0	
100.95	194.1	8.8	17.7	0.0	-47.5	90.7	39.2	78.2	278.9	-1832.5	766.4	14.2	
101.00	194.2	8.7	19.2	0.0	-47.6	90.7	37.8	79.0	279.0	-1879.6	669.3	18.9	
101.05	194.2	8.8	19.1	0.0	-47.1	90.7	33.5	77.1	277.8	-1892.6	540.1	18.8	
101.10	194.3	9.7	18.7	0.0	-46.1	90.7	29.2	74.7	276.6	-1859.6	415.1	18.5	
101.15	194.4	10.2	19.0	0.0	-45.7	90.7	27.6	76.5	277.0	-1846.6	326.7	19.8	
101.20	194.4	10.6	19.8	0.0	-45.7	90.7	27.5	78.2	278.0	-1849.5	268.3	22.6	
101.25	194.5	11.4	20.0	0.0	-45.7	90.7	26.7	77.0	278.2	-1852.4	235.1	23.0	
101.30	194.5	11.4	19.4	0.0	-45.3	90.7	25.2	74.8	276.8	-1833.1	240.9	21.4	
101.35	194.6	11.2	19.3	0.0	-44.9	90.7	26.2	74.7	274.8	-1790.0	312.5	21.4	
101.40	194.6	11.3	20.1	0.0	-45.0	90.7	31.5	76.6	274.7	-1761.4	441.8	24.1	
101.45	194.7	11.1	20.6	0.0	-45.4	90.7	37.7	77.0	276.0	-1746.1	576.6	25.5	
101.50	194.7	11.1	19.4	0.0	-45.4	90.7	38.7	76.2	276.3	-1722.9	640.3	21.3	
101.55	194.8	11.8	17.9	0.0	-45.3	90.7	35.3	76.9	274.6	-1716.7	649.6	16.1	
101.60	194.8	11.9	17.9	0.0	-46.1	90.7	34.9	77.8	273.1	-1761.1	699.6	15.3	
101.65	194.9	11.7	18.7	0.0	-47.7	90.7	39.3	79.3	274.8	-1834.0	806.7	16.5	
101.70	195.0	11.1	18.3	0.0	-48.6	90.7	42.7	81.0	276.6	-1849.6	904.4	14.1	
101.75	195.0	11.1	17.3	0.0	-48.3	90.7	42.3	80.4	274.9	-1797.3	975.2	11.1	
101.80	195.1	11.3	16.3	0.0	-48.2	90.7	42.8	76.9	272.2	-1749.4	1063.5	7.9	
101.85	195.1	11.6	16.0	0.0	-48.4	90.7	45.7	73.8	272.9	-1721.9	1140.7	6.5	
101.90	195.2	11.8	16.0	0.0	-48.2	90.7	47.5	74.1	276.4	-1690.1	1150.7	6.8	
101.95	195.3	11.8	15.9	0.0	-47.9	90.7	47.2	76.1	277.7	-1666.4	1134.8	6.7	
102.00	195.3	11.6	15.8	0.0	-47.7	90.7	46.5	74.5	276.2	-1658.3	1131.2	6.5	
102.05	195.4	11.6	15.7	0.0	-47.8	90.7	44.6	73.8	275.7	-1695.3	1099.8	6.0	
102.10	195.4	11.3	15.8	0.0	-48.1	90.7	43.7	75.5	276.7	-1739.2	1061.3	6.1	
102.15	195.5	11.0	16.9	0.0	-48.7	90.7	45.4	77.1	277.0	-1785.1	1062.9	9.2	
102.20	195.5	11.0	17.3	0.0	-49.0	90.7	46.7	75.5	276.0	-1806.5	1073.5	10.5	
102.25	195.6	10.8	16.7	0.0	-48.7	90.7	43.9	75.4	275.1	-1819.2	1016.0	8.7	
102.30	195.6	10.4	16.5	0.0	-48.5	90.7	40.3	78.0	275.4	-1849.2	918.0	8.1	
102.35	195.7	10.5	17.6	0.0	-49.0	90.7	40.9	80.1	276.5	-1905.6	871.2	11.6	
102.40	195.7	10.3	18.7	0.0	-49.5	90.7	42.4	81.7	277.2	-1950.1	854.1	14.8	
102.45	195.7	10.2	18.3	0.0	-48.8	90.7	40.3	82.7	276.0	-1915.9	804.8	14.1	
102.50	195.8	10.6	18.2	0.0	-47.6	90.7	37.7	81.4	273.4	-1842.5	754.2	14.8	
102.55	195.8	10.9	19.2	0.0	-47.4	90.7	39.3	80.0	271.7	-1833.2	757.3	18.5	
102.60	195.9	11.1	20.3	0.0	-47.9	90.7	41.4	81.0	272.7	-1871.8	743.0	21.7	
102.65	195.9	11.3	19.8	0.0	-47.7	90.7	38.4	82.0	273.9	-1891.3	648.8	20.3	
102.70	195.9	11.4	19.2	0.0	-47.6	90.7	34.1	82.5	272.8	-1912.7	567.3	18.3	
102.75	196.0	11.4	20.2	0.0	-47.9	90.7	34.3	82.6	270.8	-1943.7	561.9	21.3	
102.80	196.0	10.9	21.1	0.0	-48.2	90.7	36.4	84.0	271.8	-1959.1	563.6	24.2	
102.85	196.1	10.8	20.9	0.0	-48.4	90.7	36.3	86.4	274.2	-1976.2	530.2	23.2	
102.90	196.1	10.8	21.1	0.0	-48.9	90.7	36.2	86.8	273.2	-2009.8	538.1	23.4	
102.95	196.2	10.9	21.5	0.0	-49.2	90.7	35.9	85.4	270.1	-2028.2	568.7	24.5	
103.00	196.2	11.3	21.6	0.0	-49.2	90.7	34.0	87.0	270.5	-2034.9	544.6	24.9	
103.05	196.2	11.4	21.8	0.0	-49.5	90.7	34.8	88.8	274.0	-2051.5	529.2	25.5	
103.10	196.3	11.1	22.1	0.0	-49.8	90.7	38.0	86.1	276.0	-2067.2	578.3	26.1	
103.15	196.3	11.2	20.5	0.0	-49.4	90.7	37.9	83.0	274.5	-2026.8	635.7	20.9	
103.20	196.4	11.4	18.5	0.0	-48.1	90.7	35.4	80.8	273.0	-1925.8	663.9	15.5	
103.25	196.4	11.7	18.1	0.0	-47.8	90.7	38.4	78.2	273.1	-1866.6	762.5	14.3	
103.30	196.5	11.5	18.7	0.0	-49.0	90.7	45.8	77.7	274.1	-1879.1	929.5	15.4	
103.35	196.5	11.3	18.3	0.0	-49.4	90.7	47.5	78.8	274.7	-1869.1	1008.8	13.6	
103.40	196.6	11.1	16.6	0.0	-48.9	90.7	43.7	79.7	273.7	-1826.9	1013.6	8.1	
103.45	196.6	11.3	15.8	0.0	-49.3	90.7	43.4	81.0	272.1	-1822.6	1078.9	4.9	
103.50	196.6	11.3	16.5	0.0	-50.4	90.7	47.6	82.7	273.3	-1843.4	1176.4	6.3	
103.55	196.7	11.4	16.5	0.0	-50.6	90.7	50.4	83.6	275.6	-1823.3	1229.1	6.0	
103.60	196.7	11.5	15.2	0.0	-50.0	90.7	49.9	81.6	274.0	-1749.0	1268.2	2.3	
103.65	196.7	11.1	14.5	0.0	-49.9	90.7	49.5	78.7	269.7	-1703.9	1325.2	0.1	
103.70	196.8	10.7	15.6	0.0	-50.5	90.7	50.1	79.6	268.8	-1747.2	1342.3	3.0	
103.75	196.8	10.7	17.1	0.0	-51.4	90.7	50.5	84.5	271.3	-1847.9	1296.1	7.3	
103.80	196.8	10.7	18.9	0.0	-52.2	90.7	50.3	89.6	272.8	-1948.9	1226.2	12.7	
103.85	196.9	10.7	19.7	0.0	-52.0	90.7	48.1	90.7	271.8	-1984.0	1146.0	15.5	
103.90	196.9	10.9	19.1	0.0	-50.6	90.7	44.0	88.8	270.5	-1933.6	1035.4	15.0	
103.95	197.0	10.6	18.8	0.0	-49.1	90.7	41.4	88.1	270.8	-1867.9	924.0	15.5	
104.00	197.0	10.1	19.7	0.0	-48.9	90.7	42.3	89.6	271.5	-1884.5	855.5	18.5	
104.05	197.0	9.6	21.2	0.0	-49.2	90.7	41.9	90.0	271.3	-1939.8	779.3	23.5	
104.10	197.1	9.5	21.3	0.0	-48.7	90.7	35.4	89.7	270.6	-1968.2	611.2	24.4	
104.15	197.1	9.7	21.5	0.0	-48.4	90.7	29.4	90.0	269.7	-1994.3	446.4	25.3	
104.20	197.2	10.1	23.1	0.0	-49.0	90.7	29.5	91.5	269.9	-2052.0	370.6	30.4	
104.25	197.2	10.4	24.3	0.0	-49.1	90.7	31.2	90.6	272.8	-2070.4	309.8	34.1	
104.30	197.3	10.4	23.3	0.0	-48.3	90.7	29.1	87.8	274.7	-2021.8	228.7	31.6	
104.35	197.3	10.3	22.5	0.0	-47.7	90.7	26.4	86.3	272.3	-1989.6	216.2	29.4	
104.40	197.4	10.6	23.7	0.0	-48.4	90.7	28.7	87.2	269.1	-2028.3	307.6	33.0	
104.45	197.4	10.9	25.4	0.0	-49.9	90.7	33.5	91.5	270.8	-2108.1	401.9	37.4	
104.50	197.5	10.9	25.2	0.0	-50.9	90.7	34.9	95.4	274.6	-2161.0	436.6	35.6	
104.55	197.5	10.6	23.8	0.0	-50.7	90.7	33.2	93.4	272.9	-2151.1	475.2	31.0	
104.60	197.6	10.7	22.2	0.0	-50.0	90.7	31.0	88.5	268.3	-2101.4	531.8	26.2	
104.65	197.6	10.7	20.3	0.0	-49.5	90.7	31.3	86.9	268.5	-2046.2	593.1	20.1	
104.70	197.6	10.4	19.2	0.0	-49.8	90.7	35.6	89.9	273.1	-2025.5	689.4	16.0	
104.75	197.7	10.2	19.4	0.0	-50.5	90.7	40.6	89.7	272.8	-2021.5	846.1	16.0	
104.80	197.7	10.0	19.5	0.0	-51.3	90.7	42.0	87.8	267.9	-2026.0	996.9	15.6	
104.85	197.8	9.8	18.5	0.0	-51.8	90.7	41.6	88.4	266.7	-2019.9	1082.0	11.9	
104.90	197.8	9.5	18.4	0.0	-52.6	90.7	45.7	91.7	270.3	-2023.9	1172.1	10.7	
104.95	197.9	9.4	20.3	0.0	-54.1	90.7	51.5	95.1	272.4	-2067.7	1276.6	15.7	
105.00	197.9	9.3	20.7	0.0	-54.3	90.7	51.1	95.0	270.7	-2081.0	1299.3	16.6	
105.05	198.0	8.8	18.8	0.0	-53.1	90.7	44.7	92.7	269.1	-2039.5	1211.5	11.6	
105.10	198.0	8.2	17.6	0.0	-52.3	90.7	41.3	92.4	269.8	-2021.4	1133.4	8.1	
105.15	198.1	7.7	18.8	0.0	-53.0	90.7	44.4	94.1	271.0	-2072.6	1141.9	11.5	
105.20	198.1	8.4	20.4	0.0	-53.8	90.7	46.1	96.3	271.4	-2134.3	1133.2	16.3	
105.25	198.2	8.8	19.9	0.0	-53.1	90.7	41.8	96.2	270.6	-2128.7	1042.4	15.1	
105.30	198.2	9.2	18.8	0.0	-52.0	90.7	37.5	93.7	269.7	-2096.2	944.0	12.6	
105.35	198.3	9.1	20.5	0.0	-52.1	90.7	39.2	92.9	270.5	-2117.1	910.4	18.2	
105.40	198.3	9.3	22.4	0.0	-52.2	90.7	42.2	93.5	272.2	-2133.6	880.9	24.8	
105.45	198.4	9.5	22.4	0.0	-51.5	90.7	39.9	93.2	273.4	-2120.0	774.9	25.4	
105.50	198.4	9.2	21.7	0.0	-51.0	90.7	35.1	91.4	272.6	-2128.0	654.7	23.4	
105.55	198.5	9.5	22.2	0.0	-51.5	90.7	33.0	91.3	270.1	-2191.6	606.0	24.5	
105.60	198.5	9.9	23.4	0.0	-52.7	90.7	33.6	95.8	269.7	-2275.7	584.2	27.5	
105.65	198.6	10.3	23.8	0.0	-53.2	90.7	33.6	98.7	271.8	-2313.8	534.5	28.5	
105.70	198.6	10.2	23.1	0.0	-52.8	90.7	31.7	96.0	271.9	-2305.8	485.1	26.6	
105.75	198.7	10.1	22.7	0.0	-52.4	90.7	29.4	93.4	268.0	-2291.3	474.5	25.4	
105.80	198.7	9.8	22.6	0.0	-52.3	90.7	28.5	94.8	266.8	-2284.1	465.9	25.3	
105.85	198.8	10.0	23.0	0.0	-52.8	90.7	30.6	98.0	270.5	-2305.1	471.0	26.2	
105.90	198.8	10.2	24.1	0.0	-53.4	90.7	34.0	99.1	271.8	-2335.4	524.1	29.4	
105.95	198.9	10.5	24.7	0.0	-53.9	90.7	34.3	100.1	268.5	-2356.3	573.7	31.0	
106.00	198.9	10.3	24.2	0.0	-53.7	90.7	32.2	99.3	266.4	-2345.8	579.4	29.5	
106.05	199.0	10.4	23.2	0.0	-53.5	90.7	32.7	97.6	268.6	-2327.8	593.1	26.3	
106.10	199.0	10.7	23.2	0.0	-53.6	90.7	36.1	97.3	269.9	-2322.2	657.9	25.9	
106.15	199.1	11.0	23.4	0.0	-53.7	90.7	36.9	97.7	267.8	-2313.4	702.0	26.6	
106.20	199.1	11.0	22.6	0.0	-53.7	90.7	33.5	98.0	267.0	-2321.6	672.7	24.0	
106.25	199.2	11.0	22.2	0.0	-54.4	90.7	32.5	99.7	269.1	-2375.3	665.4	21.9	
106.30	199.2	10.7	23.4	0.0	-55.7	90.7	35.9	103.9	270.3	-2442.7	740.6	24.7	
106.35	199.3	10.5	23.8	0.0	-56.1	90.7	38.7	105.9	270.0	-2439.5	817.8	25.7	
106.40	199.3	10.4	22.7	0.0	-55.3	90.7	38.8	102.7	269.9	-2369.7	850.4	22.7	
106.45	199.4	10.1	21.4	0.0	-54.4	90.7	39.5	96.5	269.7	-2303.1	889.9	19.0	
106.50	199.4	10.1	21.1	0.0	-54.4	90.7	41.6	94.1	269.4	-2284.3	949.3	18.1	
106.55	199.5	10.4	21.5	0.0	-54.8	90.7	43.8	95.5	269.9	-2287.7	999.5	19.0	
106.60	199.5	10.5	21.5	0.0	-54.9	90.7	44.2	96.4	271.2	-2282.6	1016.6	18.8	
106.65	199.6	10.3	20.8	0.0	-54.7	90.7	42.7	95.9	270.7	-2273.7	1021.8	16.5	
106.70	199.6	10.0	20.0	0.0	-54.1	90.7	41.9	93.8	269.0	-2220.0	1035.8	14.5	
106.75	199.7	9.8	19.3	0.0	-53.2	90.7	42.8	93.0	269.3	-2137.0	1052.6	12.9	
106.80	199.7	9.8	18.6	0.0	-52.7	90.7	45.1	93.1	270.4	-2070.7	1093.6	11.2	
106.85	199.8	10.1	18.3	0.0	-52.5	90.7	46.2	92.1	269.4	-2038.6	1123.9	10.3	
106.90	199.8	10.8	18.7	0.0	-52.6	90.7	44.1	92.4	267.3	-2066.7	1093.9	11.6	
106.95	199.8	10.7	19.8	0.0	-53.5	90.7	42.6	95.9	267.2	-2166.7	1041.8	14.5	
107.00	199.9	10.7	21.7	0.0	-55.2	90.7	44.5	101.1	269.7	-2290.9	1020.7	19.4	
107.05	199.9	10.8	22.8	0.0	-55.8	90.7	45.6	104.0	270.7	-2343.2	1001.7	22.6	
107.10	200.0	10.8	22.6	0.0	-55.0	90.7	42.1	102.5	267.9	-2313.6	930.5	22.7	
107.15	200.0	10.5	22.0	0.0	-53.9	90.7	38.5	99.1	265.6	-2280.7	837.5	21.6	
107.20	200.1	10.0	22.2	0.0	-53.6	90.7	38.2	98.4	266.9	-2283.9	761.2	22.7	
107.25	200.1	10.1	23.3	0.0	-53.7	90.7	38.2	100.8	268.5	-2306.4	692.0	26.4	
107.30	200.1	10.2	24.6	0.0	-54.3	90.7	35.9	105.0	267.1	-2361.5	618.4	30.0	
107.35	200.2	10.4	25.0	0.0	-54.6	90.7	32.3	106.8	265.3	-2410.2	535.1	31.3	
107.40	200.2	10.9	24.8	0.0	-54.5	90.7	29.6	105.9	266.7	-2418.2	444.7	30.8	
107.45	200.3	11.0	25.0	0.0	-54.0	90.7	30.0	104.1	269.1	-2393.3	401.6	31.9	
107.50	200.3	10.8	25.5	0.0	-53.7	90.7	33.1	102.4	267.8	-2362.6	446.0	33.8	
107.55	200.4	10.7	25.0	0.0	-53.4	90.7	33.8	101.2	265.8	-2342.5	483.1	32.3	
107.60	200.4	10.4	23.8	0.0	-53.3	90.7	31.7	100.2	266.1	-2343.1	463.6	28.3	
107.65	200.5	10.0	24.3	0.0	-54.2	90.7	31.3	101.8	266.9	-2407.0	458.7	29.2	
107.70	200.5	10.0	25.8	0.0	-55.5	90.7	34.2	104.0	266.3	-2484.8	520.6	32.9	
107.75	200.5	10.0	25.5	0.0	-55.5	90.7	35.8	104.3	267.1	-2469.5	574.7	32.0	
107.80	200.6	10.0	23.3	0.0	-54.2	90.7	35.4	102.6	268.8	-2367.1	612.1	25.9	
107.85	200.6	10.1	22.1	0.0	-53.3	90.7	37.2	99.9	267.2	-2271.8	723.2	22.5	
107.90	200.7	10.2	22.2	0.0	-53.6	90.7	41.4	99.4	265.0	-2240.2	873.5	22.5	
107.95	200.7	10.3	22.1	0.0	-54.1	90.7	44.4	100.7	266.4	-2234.1	967.3	21.6	
108.00	200.7	10.0	21.3	0.0	-54.5	90.7	45.4	101.7	268.2	-2236.4	1021.2	18.6	
108.05	200.8	9.7	21.2	0.0	-55.1	90.7	45.8	102.6	265.9	-2252.8	1090.9	17.7	
108.10	200.8	9.5	21.3	0.0	-55.5	90.7	45.6	103.5	263.8	-2262.6	1126.9	17.6	
108.15	200.8	9.6	20.5	0.0	-55.0	90.7	45.3	102.9	266.0	-2234.7	1110.1	15.3	
108.20	200.9	10.0	20.1	0.0	-54.7	90.7	46.4	101.9	268.6	-2205.4	1110.0	14.3	
108.25	200.9	10.2	21.0	0.0	-55.2	90.7	48.5	102.6	266.8	-2219.2	1168.4	16.7	
108.30	201.0	10.2	21.7	0.0	-55.8	90.7	48.8	105.4	264.0	-2234.0	1211.3	18.7	
108.35	201.0	10.2	21.7	0.0	-55.7	90.7	47.7	108.1	264.8	-2235.9	1187.5	18.7	
108.40	201.0	10.0	22.2	0.0	-55.9	90.7	48.2	108.8	266.5	-2266.4	1157.7	20.4	
108.45	201.1	9.5	23.2	0.0	-56.1	90.7	47.9	108.8	265.6	-2302.7	1112.0	23.6	
108.50	201.1	8.8	23.0	0.0	-55.3	90.7	43.6	107.7	264.4	-2296.1	1000.3	23.7	
108.55	201.2	8.7	21.7	0.0	-54.1	90.7	39.4	105.6	265.0	-2258.3	881.6	20.4	
108.60	201.2	9.0	21.3	0.0	-53.5	90.7	38.4	104.9	265.7	-2240.2	820.3	19.7	
108.65	201.3	9.3	21.9	0.0	-53.4	90.7	38.7	104.3	264.7	-2245.3	788.2	21.8	
108.70	201.3	9.5	23.2	0.0	-53.7	90.7	38.2	104.9	263.9	-2282.8	743.0	25.8	
108.75	201.4	9.4	23.8	0.0	-54.1	90.7	37.1	105.6	264.1	-2324.8	696.0	27.7	
108.80	201.4	9.1	24.5	0.0	-54.4	90.7	37.1	106.7	264.5	-2350.8	677.0	29.6	
108.85	201.5	9.0	25.1	0.0	-54.3	90.7	37.4	107.6	264.0	-2346.3	664.7	31.9	
108.90	201.5	8.8	25.5	0.0	-54.1	90.7	36.7	108.3	263.9	-2339.7	624.3	33.5	
108.95	201.6	8.7	24.7	0.0	-53.6	90.7	34.9	105.6	265.0	-2328.6	559.6	31.2	
109.00	201.6	8.7	23.5	0.0	-53.0	90.7	32.3	101.3	265.1	-2305.8	496.6	27.8	
109.05	201.6	8.9	23.2	0.0	-52.8	90.7	30.6	101.8	262.8	-2299.9	478.2	26.7	
109.10	201.7	9.3	24.2	0.0	-53.7	90.7	31.0	106.8	261.2	-2347.8	497.4	29.4	
109.15	201.7	9.9	25.3	0.0	-54.9	90.7	33.0	110.6	262.9	-2425.1	519.9	31.8	
109.20	201.8	10.3	25.7	0.0	-55.5	90.7	32.6	111.0	264.5	-2470.0	503.3	32.8	
109.25	201.8	10.4	26.3	0.0	-55.8	90.7	31.5	111.8	263.2	-2495.3	505.7	34.4	
109.30	201.8	10.7	26.9	0.0	-56.3	90.7	33.6	113.0	262.2	-2511.4	577.1	36.0	
109.35	201.9	10.6	27.0	0.0	-56.9	90.7	37.4	114.1	264.5	-2535.0	655.2	35.8	
109.40	201.9	10.3	26.5	0.0	-57.2	90.7	38.0	114.9	266.1	-2543.0	681.1	33.9	
109.45	202.0	10.5	26.3	0.0	-57.5	90.7	35.9	115.6	263.5	-2567.6	692.4	32.6	
109.50	202.0	10.4	26.5	0.0	-58.3	90.7	35.9	116.1	260.9	-2614.8	738.9	32.6	
109.55	202.1	9.9	25.8	0.0	-58.7	90.7	36.8	116.7	262.8	-2633.7	768.7	29.7	
109.60	202.1	9.4	24.2	0.0	-58.2	90.7	36.6	117.1	265.0	-2596.0	774.5	24.9	
109.65	202.2	9.7	23.9	0.0	-58.0	90.7	36.2	116.8	263.3	-2568.4	811.4	24.0	
109.70	202.2	10.1	23.9	0.0	-58.4	90.7	37.6	115.4	261.2	-2579.8	890.1	23.5	
109.75	202.3	9.7	23.7	0.0	-59.0	90.7	39.8	114.9	263.1	-2606.6	946.2	22.5	
109.80	202.3	9.8	24.2	0.0	-60.0	90.7	42.3	117.1	265.4	-2652.8	999.4	23.1	
109.85	202.4	9.9	25.7	0.0	-61.7	90.7	45.7	119.7	263.3	-2742.1	1103.2	26.6	
109.90	202.4	9.6	26.3	0.0	-63.1	90.7	46.9	120.7	261.1	-2827.5	1166.0	27.2	
109.95	202.5	9.7	25.0	0.0	-63.1	90.7	44.5	119.8	263.0	-2852.7	1113.3	22.7	
