Time[s]	Rotor azimuth angle[deg]	Hub wind speed magnitude[m/s]	ACTTORQUE1[Nm]	PITRAT1[deg/s]	PITFRIC1[kNm]	PITCH1[deg]	Blade root 1 Fx[KN]	Blade root 1 Fy[KN]	Blade root 1 Fz[KN]	Blade root 1 Mx[kNm]	Blade root 1 My[kNm]	Blade root 1 Mz[kNm]	
END_OF_HEADER
50.00	304.3	14.9	52.4	0.1	-176.8	9.4	253.9	187.8	515.9	-3423.7	10376.5	5.6	
50.05	307.0	14.9	-49.6	-0.0	178.3	9.4	249.3	199.2	501.7	-3485.0	10480.7	18.6	
50.10	309.7	14.8	-48.9	-0.1	180.0	9.4	254.1	195.0	495.4	-3397.9	10645.8	19.7	
50.15	312.4	14.9	-49.2	-0.1	180.2	9.3	261.7	172.9	493.8	-3120.7	10766.7	8.6	
50.20	315.1	15.3	-50.2	-0.0	178.5	9.3	262.5	149.7	487.5	-2820.1	10755.5	-0.6	
50.25	317.8	15.5	52.7	0.0	-175.9	9.3	255.4	138.2	473.5	-2549.5	10669.3	-1.9	
50.30	320.5	15.4	52.6	0.1	-174.0	9.4	250.7	126.4	459.4	-2163.2	10648.3	-0.8	
50.35	323.2	15.1	52.2	0.2	-173.8	9.4	255.8	99.8	450.6	-1613.9	10752.1	-9.2	
50.40	325.9	14.9	49.5	0.4	-174.4	9.4	264.7	69.6	444.8	-1065.5	10870.1	-23.9	
50.45	328.5	14.8	48.1	0.5	-175.6	9.4	271.4	58.0	434.2	-774.4	10982.6	-26.0	
50.50	331.2	14.7	46.7	0.5	-177.6	9.4	277.8	60.9	420.3	-621.2	11134.3	-18.7	
50.55	333.9	14.3	44.3	0.4	-179.4	9.4	287.2	60.3	415.6	-317.8	11265.8	-14.8	
50.60	336.6	14.2	45.3	0.3	-179.6	9.5	294.7	45.0	419.4	79.7	11269.8	-10.9	
50.65	339.2	14.1	50.1	0.3	-176.4	9.5	288.6	28.9	419.7	407.6	11037.8	-1.7	
50.70	341.9	14.1	50.9	0.2	-171.8	9.5	271.9	24.4	408.4	652.8	10736.0	6.7	
50.75	344.6	14.4	46.8	0.1	-167.3	9.5	253.6	13.3	398.2	1002.5	10430.6	10.1	
50.80	347.3	14.9	-53.4	-0.1	165.3	9.5	245.6	-9.6	401.1	1519.1	10238.5	4.8	
50.85	350.0	15.3	-50.4	-0.1	167.0	9.5	247.7	-30.3	406.1	1927.2	10290.2	3.4	
50.90	352.8	15.4	-46.7	-0.1	171.0	9.5	250.9	-44.9	397.5	2042.1	10563.2	6.1	
50.95	355.5	15.6	-50.6	-0.1	176.8	9.5	258.1	-55.6	387.3	2143.6	10975.2	-0.2	
51.00	358.2	15.9	-63.0	-0.2	183.8	9.5	272.8	-67.5	391.3	2468.4	11394.9	-16.5	
51.05	0.9	15.6	-70.7	-0.4	189.2	9.5	284.0	-80.6	400.8	2819.7	11682.9	-23.9	
51.10	3.5	15.0	-69.9	-0.7	193.0	9.4	284.8	-84.4	399.3	3095.6	11906.6	-18.4	
51.15	6.2	14.2	-63.5	-0.8	196.1	9.4	276.8	-94.7	388.5	3459.4	12072.8	-6.3	
51.20	8.9	14.6	-61.1	-0.9	200.4	9.4	273.7	-119.0	383.9	3960.5	12243.5	4.4	
51.25	11.6	14.7	-67.1	-1.1	206.7	9.3	284.5	-136.2	394.3	4628.5	12456.4	0.7	
51.30	14.3	14.8	-69.3	-1.3	212.0	9.2	294.6	-145.5	404.4	5124.6	12643.2	-1.3	
51.35	17.0	14.7	-65.5	-1.4	216.0	9.2	298.6	-156.2	401.7	5380.2	12843.7	3.1	
51.40	19.6	14.4	-65.7	-1.3	221.2	9.1	306.7	-166.9	402.1	5683.1	13103.3	-7.3	
51.45	22.3	14.1	-69.1	-1.3	225.6	9.0	319.7	-183.4	416.1	5972.8	13268.2	-19.7	
51.50	25.0	14.0	-77.2	-1.4	228.8	9.0	331.4	-199.4	430.4	6187.7	13362.0	-25.8	
51.55	27.7	14.1	-84.6	-1.6	231.0	8.9	332.6	-207.6	433.5	6439.0	13407.7	-29.9	
51.60	30.4	14.1	-83.8	-1.8	231.6	8.8	321.5	-223.7	430.6	6726.7	13324.1	-32.4	
51.65	33.1	13.8	-81.2	-1.8	232.0	8.7	310.8	-247.6	436.6	7113.4	13124.3	-37.9	
51.70	35.8	14.0	-79.5	-1.8	232.3	8.6	304.2	-269.0	451.1	7592.6	12838.8	-41.6	
51.75	38.5	14.3	-76.6	-1.8	231.6	8.5	297.4	-281.8	460.1	7883.2	12582.6	-36.3	
51.80	41.1	14.0	-78.6	-1.8	231.5	8.5	293.4	-279.6	462.4	7951.0	12539.5	-35.8	
51.85	43.8	13.6	-82.1	-1.9	233.3	8.4	298.8	-271.5	470.0	7950.3	12703.1	-45.1	
51.90	46.5	13.4	-81.7	-1.8	235.7	8.3	310.8	-273.5	484.8	7946.1	12867.4	-53.0	
51.95	49.2	13.8	-83.0	-1.7	238.4	8.2	324.2	-280.0	498.0	8027.8	13001.3	-54.7	
52.00	51.9	14.1	-87.1	-1.8	241.5	8.1	330.0	-286.7	505.8	8226.5	13114.1	-53.8	
52.05	54.6	14.2	-88.3	-1.8	243.3	8.0	324.0	-297.7	511.2	8448.1	13123.2	-49.6	
52.10	57.3	14.2	-85.5	-1.9	243.2	7.9	311.9	-305.8	521.9	8672.4	12967.9	-46.6	
52.15	60.0	14.1	-81.6	-1.8	242.8	7.8	302.7	-317.3	537.4	8952.3	12712.8	-47.0	
52.20	62.7	14.0	-80.9	-1.7	243.0	7.7	295.1	-338.4	546.2	9108.5	12571.0	-43.9	
52.25	65.5	13.8	-86.4	-1.8	245.7	7.6	296.9	-347.0	550.9	9113.0	12790.5	-42.0	
52.30	68.2	14.0	-90.6	-1.9	248.4	7.6	304.2	-338.4	561.2	8953.3	13145.6	-45.0	
52.35	70.9	14.0	-89.2	-2.0	250.3	7.5	314.0	-333.5	575.0	8748.8	13432.7	-44.0	
52.40	73.6	13.9	-88.6	-2.0	253.6	7.4	326.9	-333.9	589.4	8771.1	13671.1	-48.0	
52.45	76.3	14.0	-88.8	-2.0	258.0	7.3	336.5	-341.7	603.5	9080.2	13815.9	-57.1	
52.50	79.0	14.1	-88.7	-1.8	260.3	7.2	336.2	-354.7	618.1	9432.0	13742.0	-62.0	
52.55	81.7	14.2	-90.6	-1.7	260.6	7.1	331.7	-357.7	635.5	9718.9	13549.9	-65.2	
52.60	84.3	14.0	-91.6	-1.6	261.9	7.0	330.4	-357.5	652.1	9934.1	13508.1	-64.0	
52.65	87.0	14.0	-96.0	-1.6	265.0	6.9	330.0	-360.0	664.4	10053.6	13695.7	-64.6	
52.70	89.7	14.0	-105.1	-1.7	269.9	6.8	336.2	-356.9	676.0	10127.2	14077.5	-73.6	
52.75	92.4	13.5	-109.4	-1.9	272.9	6.7	348.4	-349.2	690.2	10057.2	14385.3	-82.6	
52.80	95.1	13.3	-108.3	-2.0	271.7	6.6	355.3	-345.1	709.6	9875.7	14374.5	-84.1	
52.85	97.8	13.4	-108.7	-2.2	270.6	6.5	356.2	-345.9	727.0	9791.0	14305.3	-86.1	
52.90	100.5	13.3	-107.4	-2.3	269.8	6.4	349.1	-349.7	737.9	9748.6	14263.0	-85.1	
52.95	103.2	13.1	-102.1	-2.3	268.1	6.3	339.9	-344.9	747.2	9606.8	14227.0	-78.6	
53.00	105.9	12.7	-97.8	-2.2	267.4	6.2	340.2	-337.0	759.1	9455.7	14272.2	-78.7	
53.05	108.6	12.2	-95.3	-2.1	267.0	6.1	345.8	-338.7	770.5	9278.5	14326.1	-77.1	
53.10	111.4	12.3	-101.0	-2.1	266.3	6.0	348.8	-342.2	781.7	9152.0	14317.0	-78.9	
53.15	114.1	12.9	-106.7	-2.3	263.0	5.9	342.9	-328.4	790.9	8951.1	14187.3	-74.8	
53.20	116.8	12.6	-99.0	-2.6	254.9	5.8	325.0	-304.7	796.5	8447.8	13879.8	-50.7	
53.25	119.5	12.6	-82.8	-2.7	246.0	5.6	305.9	-282.0	806.0	7924.6	13499.8	-24.9	
53.30	122.2	12.7	-67.4	-2.5	242.4	5.5	299.5	-272.8	821.0	7645.1	13364.5	-9.0	
53.35	124.9	12.6	-65.5	-2.3	244.3	5.4	308.0	-273.9	836.2	7527.4	13562.3	-10.3	
53.40	127.7	12.8	-76.4	-2.3	248.7	5.3	324.6	-269.0	850.4	7374.8	13979.2	-17.7	
53.45	130.4	13.2	-85.6	-2.4	254.8	5.1	344.8	-259.6	863.5	7208.0	14540.1	-24.2	
53.50	133.1	13.4	-81.0	-2.3	262.8	5.0	366.9	-262.2	874.6	7191.3	15150.1	-32.0	
53.55	135.9	13.3	-71.1	-1.7	270.2	4.9	387.6	-270.4	884.3	7205.3	15677.7	-43.5	
53.60	138.6	13.0	-76.2	-1.3	271.1	4.8	393.6	-260.4	896.3	6977.1	15846.7	-45.9	
53.65	141.4	12.6	-74.7	-0.9	266.5	4.8	383.0	-239.0	905.1	6537.4	15716.9	-31.2	
53.70	144.1	12.5	-72.9	-0.7	262.4	4.8	370.0	-224.0	910.1	6207.4	15573.9	-18.7	
53.75	146.8	12.5	-72.7	-0.5	260.3	4.7	364.3	-209.1	919.9	6020.7	15509.9	-12.2	
53.80	149.5	13.5	-71.6	-0.4	257.7	4.7	360.3	-196.1	936.4	5830.1	15385.8	-5.2	
53.85	152.2	13.7	-69.1	-0.3	254.7	4.7	353.2	-184.4	946.1	5607.4	15252.1	4.7	
53.90	154.9	13.7	-68.8	-0.2	253.0	4.7	347.3	-168.7	945.9	5471.4	15205.3	7.3	
53.95	157.7	13.4	-68.3	-0.2	251.6	4.7	344.0	-157.5	950.8	5339.4	15162.5	9.9	
54.00	160.4	13.6	-66.7	-0.1	251.3	4.7	348.0	-141.9	962.7	5010.3	15250.2	17.3	
54.05	163.1	14.0	-65.2	-0.1	252.8	4.6	354.4	-119.8	970.3	4537.4	15511.7	24.9	
54.10	165.9	14.1	-66.0	-0.1	255.2	4.6	358.9	-102.0	969.1	4013.0	15851.3	25.6	
54.15	168.7	13.9	-67.5	-0.0	259.0	4.6	368.6	-85.2	972.8	3500.1	16244.0	21.7	
54.20	171.5	13.6	83.6	0.0	-263.4	4.6	382.7	-62.1	985.5	3056.3	16631.8	19.5	
54.25	174.2	13.5	86.9	0.0	-267.2	4.6	391.7	-56.8	992.0	2664.1	16963.1	28.1	
54.30	177.0	13.5	88.0	0.1	-270.4	4.6	397.0	-62.4	988.4	2432.3	17233.4	29.3	
54.35	179.8	13.5	86.0	0.1	-273.0	4.6	405.4	-55.0	987.8	2268.7	17430.2	20.3	
54.40	182.6	13.5	86.8	0.1	-270.9	4.7	403.7	-42.3	992.9	1934.7	17313.1	25.8	
54.45	185.4	13.5	90.7	0.1	-266.8	4.7	395.3	-21.9	995.5	1482.7	17072.9	43.7	
54.50	188.2	13.4	92.6	0.1	-263.7	4.7	388.5	-1.1	990.2	1023.3	16898.7	53.5	
54.55	191.0	13.4	91.5	0.1	-261.0	4.7	384.6	19.4	987.6	490.1	16728.4	52.6	
54.60	193.8	13.4	90.6	0.1	-256.6	4.7	379.2	51.7	995.1	-133.9	16403.8	54.1	
54.65	196.6	13.4	93.1	0.1	-250.3	4.7	366.4	75.8	999.3	-715.8	15936.0	69.2	
54.70	199.4	13.4	97.2	0.1	-244.4	4.7	351.6	81.3	994.2	-1063.2	15507.4	89.2	
54.75	202.2	13.5	96.2	0.1	-241.6	4.7	348.6	85.4	993.0	-1111.6	15301.1	88.5	
54.80	205.0	13.3	92.9	0.1	-241.0	4.7	353.8	91.1	996.6	-1137.0	15234.8	81.2	
54.85	207.9	12.8	93.2	0.1	-240.7	4.7	356.9	86.2	994.5	-1240.0	15197.5	81.6	
54.90	210.7	12.7	91.7	0.0	-241.2	4.7	357.8	83.1	982.2	-1307.5	15236.4	75.5	
54.95	213.5	12.6	90.1	0.0	-243.1	4.7	358.3	99.8	967.0	-1533.4	15362.5	67.7	
55.00	216.3	12.2	91.4	0.0	-244.8	4.7	357.7	132.1	956.5	-2039.8	15411.1	70.0	
55.05	219.1	12.3	91.9	0.0	-244.3	4.7	357.2	160.4	950.9	-2486.0	15285.0	71.8	
55.10	222.0	12.5	90.8	0.0	-239.7	4.7	350.6	161.9	945.1	-2636.6	14921.4	72.7	
55.15	224.8	12.7	90.3	0.0	-232.2	4.7	333.2	164.7	937.3	-2706.7	14381.7	78.1	
55.20	227.6	13.2	93.0	0.0	-225.3	4.7	310.7	185.0	928.1	-2864.5	13858.2	94.3	
55.25	230.5	13.4	96.4	0.0	-221.9	4.7	298.0	198.5	917.6	-2965.1	13593.2	109.2	
55.30	233.3	13.5	92.3	0.0	-225.1	4.7	310.7	195.9	907.6	-2890.4	13834.6	92.1	
55.35	236.2	13.9	84.8	0.0	-232.5	4.7	338.0	188.7	899.4	-2943.1	14339.8	58.8	
55.40	239.1	14.5	82.6	0.0	-239.4	4.7	356.0	195.4	890.9	-3440.0	14720.7	44.3	
55.45	242.0	15.2	85.7	0.0	-245.5	4.7	360.7	222.2	878.8	-4166.1	14965.4	48.6	
55.50	244.9	15.4	87.7	0.0	-249.5	4.7	358.9	241.1	866.4	-4688.9	15109.1	51.6	
55.55	247.8	15.6	85.9	0.0	-250.8	4.7	360.5	243.0	860.6	-4929.9	15138.0	44.1	
55.60	250.7	15.6	85.7	0.0	-250.5	4.7	363.7	244.9	859.6	-5181.3	15018.4	43.6	
55.65	253.6	15.3	-71.0	-0.4	250.0	4.7	358.6	248.6	851.4	-5597.9	14838.7	51.1	
55.70	256.5	15.5	-64.0	-0.6	248.2	4.7	343.8	249.6	833.6	-5794.5	14665.2	62.3	
55.75	259.4	15.6	-63.9	-0.9	244.5	4.6	329.9	252.9	816.6	-5761.6	14424.2	61.9	
55.80	262.2	15.5	-55.0	-1.1	240.9	4.6	321.7	265.9	808.1	-5963.4	14046.8	76.9	
55.85	265.1	14.9	-44.0	-1.1	240.6	4.5	324.0	280.6	804.7	-6311.7	13836.4	91.1	
55.90	268.0	14.5	-46.0	-1.0	243.4	4.5	331.4	284.7	794.0	-6458.3	13981.7	75.8	
55.95	270.9	14.5	-58.4	-1.1	245.8	4.4	331.9	286.3	776.6	-6546.2	14151.1	55.3	
56.00	273.8	14.8	-67.7	-1.5	245.6	4.4	329.0	299.6	768.0	-6717.0	14045.1	58.3	
56.05	276.8	15.0	-63.6	-1.8	243.4	4.3	327.3	307.6	766.3	-6745.8	13826.7	72.7	
56.10	279.7	15.0	-52.2	-1.9	240.2	4.2	327.5	285.1	757.3	-6325.2	13819.4	72.4	
56.15	282.6	14.9	-44.3	-1.7	238.3	4.1	329.4	247.5	739.0	-5691.3	14018.8	63.7	
56.20	285.5	15.0	-42.4	-1.5	238.2	4.0	331.0	228.7	722.9	-5371.6	14182.9	64.7	
56.25	288.5	15.3	-46.8	-1.5	240.1	3.9	335.8	227.9	711.5	-5194.9	14398.4	73.9	
56.30	291.4	15.7	-57.6	-1.6	242.9	3.8	343.2	223.8	696.3	-4834.8	14749.5	64.2	
56.35	294.3	15.5	-59.7	-1.8	245.0	3.8	347.5	211.5	680.2	-4470.5	15051.3	55.4	
56.40	297.3	15.3	-49.7	-1.7	245.6	3.7	347.8	209.4	669.3	-4392.8	15132.3	68.0	
56.45	300.2	15.2	-42.8	-1.6	243.9	3.6	345.2	214.5	664.0	-4309.3	15021.0	82.3	
56.50	303.1	15.3	-46.4	-1.6	240.9	3.5	339.0	211.9	655.7	-3926.6	14921.5	85.5	
56.55	306.1	15.4	-51.2	-1.8	238.8	3.4	332.5	198.5	644.0	-3350.0	14946.1	85.2	
56.60	309.0	15.6	-45.3	-1.8	239.9	3.3	335.4	183.4	636.9	-2891.0	15145.2	88.1	
56.65	312.0	16.0	-39.6	-1.6	246.3	3.3	352.6	174.3	630.8	-2631.3	15659.5	82.7	
56.70	315.0	15.9	-49.9	-1.5	255.6	3.2	371.7	165.5	618.1	-2472.8	16364.1	66.3	
56.75	318.0	15.6	-66.9	-1.7	261.2	3.1	379.8	146.6	603.7	-2328.9	16827.2	56.1	
56.80	321.0	15.6	-72.0	-2.0	261.6	3.0	379.9	138.7	599.3	-2273.2	16873.4	61.2	
56.85	324.0	15.8	-61.1	-2.2	259.8	2.9	376.4	147.8	598.6	-2455.0	16710.6	76.9	
56.90	327.0	15.9	-43.1	-2.1	258.3	2.8	367.2	144.6	586.9	-2722.6	16589.6	98.6	
56.95	330.0	15.8	-32.2	-1.8	257.2	2.7	362.4	120.8	573.1	-2668.4	16568.6	108.7	
57.00	333.0	15.5	-32.4	-1.6	254.7	2.6	363.9	100.1	574.3	-2386.2	16433.8	107.6	
57.05	336.0	15.2	-36.8	-1.5	249.7	2.5	357.8	94.6	580.6	-2135.9	16098.2	113.4	
57.10	339.0	14.9	-35.9	-1.5	245.1	2.5	342.8	91.2	575.1	-1778.8	15840.3	121.9	
57.15	342.0	14.7	-25.5	-1.3	244.4	2.4	332.7	73.1	564.1	-1378.6	15881.8	128.3	
57.20	345.0	14.7	-24.9	-0.9	249.4	2.3	345.7	54.2	566.6	-1071.5	16256.4	118.8	
57.25	347.9	14.8	-46.7	-0.8	259.4	2.3	378.7	50.3	581.6	-785.9	16920.7	86.8	
57.30	350.9	15.0	-69.6	-1.1	270.3	2.2	405.1	45.9	585.4	-519.5	17682.2	63.6	
57.35	354.0	14.9	-76.1	-1.4	279.8	2.2	418.6	37.8	580.2	-156.6	18370.5	57.8	
57.40	357.0	14.6	-64.8	-1.4	285.2	2.1	424.9	18.5	585.9	339.6	18762.8	60.9	
57.45	0.0	14.6	-52.9	-1.0	286.9	2.1	423.9	-19.6	598.7	903.7	18860.3	66.7	
57.50	3.1	14.6	-61.1	-0.9	288.3	2.0	418.9	-50.8	603.0	1606.7	18923.5	58.2	
57.55	6.1	14.6	-75.8	-1.0	290.9	2.0	413.3	-75.8	597.3	2369.2	19055.9	48.7	
57.60	9.2	14.9	-77.5	-1.2	292.5	1.9	408.3	-103.2	597.1	3018.3	19085.5	53.6	
57.65	12.3	15.2	-65.4	-1.1	295.2	1.8	414.2	-120.2	607.2	3540.0	19162.4	57.4	
57.70	15.3	15.4	-50.8	-0.6	299.3	1.8	423.1	-136.5	612.2	3995.6	19345.8	51.2	
57.75	18.4	15.5	120.7	0.0	-303.4	1.8	425.4	-154.4	608.3	4439.1	19543.3	39.7	
57.80	21.4	15.3	98.3	0.1	-307.2	1.8	429.4	-158.5	613.6	4941.6	19703.1	19.2	
57.85	24.5	15.0	-92.5	-0.0	311.6	1.8	440.0	-157.0	628.9	5410.8	19884.7	8.3	
57.90	27.6	14.4	-89.3	-0.0	317.9	1.8	451.3	-173.5	639.1	5953.6	20165.2	10.4	
57.95	30.6	13.9	96.8	0.0	-326.8	1.8	463.4	-199.3	642.3	6591.2	20612.5	-0.6	
58.00	33.7	13.5	90.7	0.0	-334.5	1.8	469.8	-221.1	649.4	7106.3	21000.5	-22.0	
58.05	36.8	14.4	-117.3	-0.2	336.6	1.8	464.6	-227.5	661.7	7333.3	21093.0	-33.7	
58.10	39.9	15.2	-116.2	-0.6	335.9	1.8	455.9	-229.4	672.8	7412.5	21021.2	-18.1	
58.15	43.1	15.7	-104.0	-0.6	339.1	1.7	462.6	-248.3	681.7	7553.0	21172.1	-12.2	
58.20	46.2	16.1	-96.2	-0.3	345.7	1.7	484.8	-276.0	696.2	7727.8	21525.8	-24.4	
58.25	49.3	16.3	106.1	0.0	-350.3	1.7	504.7	-287.9	712.9	7702.7	21821.2	-32.4	
58.30	52.4	16.0	101.3	0.2	-352.0	1.7	511.2	-287.0	725.1	7591.5	21968.3	-27.0	
58.35	55.5	15.8	97.4	0.2	-353.5	1.7	507.4	-291.0	732.6	7719.3	22044.8	-16.7	
58.40	58.6	15.7	99.8	0.2	-356.3	1.7	505.4	-305.6	745.6	8157.5	22079.9	-14.7	
58.45	61.7	15.8	109.9	0.4	-358.5	1.8	509.6	-319.4	767.1	8532.6	22068.2	-9.9	
58.50	64.8	15.7	113.5	0.7	-357.9	1.8	508.6	-314.9	790.2	8542.2	22003.6	2.5	
58.55	67.9	15.4	100.3	0.5	-359.4	1.8	506.6	-301.8	807.2	8466.8	22169.1	-0.1	
58.60	71.0	15.0	83.7	0.1	-365.5	1.8	511.1	-300.1	822.2	8646.4	22573.7	-24.8	
58.65	74.1	14.9	-132.1	-0.2	371.6	1.8	525.6	-303.7	846.4	8889.4	22910.1	-44.4	
58.70	77.3	14.7	-117.3	-0.1	375.5	1.8	543.1	-308.0	876.0	8931.8	23126.3	-40.3	
58.75	80.6	14.3	126.4	0.2	-365.2	1.8	536.6	-270.2	909.9	6924.3	23042.1	28.9	
58.80	83.9	14.5	113.9	0.4	-379.1	1.8	567.5	-323.6	922.6	7295.3	23855.7	-3.5	
58.85	87.0	14.5	87.3	0.2	-391.7	1.9	579.6	-297.5	971.6	8305.6	24494.1	-68.8	
58.90	90.3	14.1	138.9	0.6	-382.0	1.9	552.1	-351.2	956.4	7833.9	23881.1	36.1	
58.95	93.6	14.2	132.7	1.0	-381.3	1.9	554.4	-321.1	980.1	8204.7	23728.9	30.3	
59.00	96.7	14.4	117.3	1.3	-390.7	2.0	559.5	-324.9	1027.0	8894.2	24178.4	-20.8	
59.05	100.1	14.6	124.1	1.4	-391.0	2.0	565.3	-407.1	1006.9	8081.5	24349.2	10.8	
59.10	103.3	14.9	113.1	1.6	-391.3	2.1	593.4	-338.0	1022.6	7953.6	24442.6	-21.2	
59.15	106.4	14.9	105.2	1.7	-381.6	2.2	562.4	-261.4	1074.0	8293.8	23702.8	-33.9	
59.20	109.7	14.6	111.7	1.8	-366.1	2.3	524.2	-277.8	1071.7	7912.1	22679.8	7.3	
59.25	113.0	14.5	100.3	1.8	-362.2	2.4	529.4	-238.6	1094.9	7945.6	22375.5	-25.2	
59.30	116.2	14.7	99.9	1.9	-353.5	2.5	491.4	-237.8	1138.6	7737.5	21820.9	-16.2	
59.35	119.6	15.2	111.4	1.9	-343.4	2.6	462.5	-276.5	1143.3	7166.5	21231.5	34.7	
59.40	122.9	14.9	103.5	1.9	-347.6	2.7	488.1	-229.3	1173.7	7537.8	21412.6	4.6	
59.45	126.2	14.8	107.1	1.9	-349.1	2.8	482.1	-224.0	1215.9	7559.7	21512.7	16.4	
59.50	129.6	14.8	115.3	2.0	-349.7	2.9	496.6	-260.4	1225.0	6596.3	21780.5	44.2	
59.55	133.1	14.4	104.7	2.0	-358.3	3.0	548.4	-233.0	1239.4	5897.8	22538.3	-0.0	
59.60	136.5	14.1	107.0	2.0	-356.6	3.1	535.7	-233.3	1253.0	5286.2	22580.5	9.6	
59.65	139.9	13.9	116.2	2.0	-347.6	3.2	513.5	-229.5	1255.8	4641.3	22088.3	50.7	
59.70	143.2	13.7	108.1	2.0	-344.4	3.3	533.1	-155.0	1281.4	4471.5	21879.0	26.1	
59.75	146.6	13.8	105.7	2.0	-339.6	3.4	524.4	-147.8	1307.6	4277.0	21555.8	22.8	
59.80	150.0	14.0	104.3	2.0	-335.2	3.4	516.7	-167.5	1310.8	3967.2	21277.9	22.5	
59.85	153.4	13.9	95.9	2.0	-332.0	3.5	528.0	-125.0	1328.2	3911.3	21029.5	-3.0	
59.90	156.8	14.1	104.5	2.0	-317.4	3.6	491.9	-94.2	1348.6	3458.8	20094.7	41.2	
59.95	160.3	14.4	111.0	2.0	-302.5	3.7	459.8	-59.0	1360.6	2825.2	19158.7	78.5	
60.00	163.8	14.4	104.6	2.0	-296.1	3.8	456.8	-8.5	1378.9	2215.3	18750.9	63.0	
60.05	167.3	14.5	110.4	2.0	-290.7	3.9	440.4	-20.0	1393.7	1220.1	18467.6	88.2	
60.10	170.9	14.6	111.3	2.0	-289.3	4.0	440.1	-33.2	1410.7	507.7	18379.6	92.7	
60.15	174.5	14.7	98.2	2.0	-290.5	4.1	455.0	-9.0	1432.5	423.5	18416.9	46.7	
60.20	178.1	15.1	98.6	2.0	-284.8	4.2	436.2	-7.0	1440.6	192.1	18037.4	53.8	
60.25	181.6	15.1	99.5	2.0	-280.1	4.3	422.1	-5.3	1441.4	-102.6	17723.0	61.4	
60.30	185.2	14.7	90.5	2.0	-281.2	4.4	432.0	-3.2	1446.6	-259.8	17771.1	29.4	
60.35	188.8	14.9	88.7	2.0	-281.6	4.5	440.5	-14.9	1445.8	-579.3	17773.0	23.0	
60.40	192.3	14.7	89.0	2.0	-282.4	4.6	453.1	23.1	1443.3	-1013.6	17775.9	23.0	
60.45	195.9	14.6	85.3	2.0	-279.3	4.7	448.4	94.3	1449.2	-1455.3	17491.5	13.4	
60.50	199.5	14.8	90.1	2.0	-271.5	4.8	425.7	125.8	1454.0	-2044.4	16879.9	37.8	
60.55	203.0	14.9	91.3	2.0	-266.2	4.9	417.5	142.2	1458.8	-2403.4	16431.4	47.1	
60.60	206.7	14.8	87.4	2.0	-262.4	5.0	410.8	152.7	1468.3	-2568.1	16110.2	37.7	
60.65	210.3	14.7	91.7	2.0	-259.0	5.1	402.6	162.2	1471.1	-2842.4	15818.3	55.9	
60.70	213.9	14.7	94.6	2.0	-260.4	5.2	404.2	186.3	1465.8	-3082.6	15849.7	64.5	
60.75	217.6	14.9	94.0	2.0	-264.2	5.3	397.7	184.5	1459.2	-3454.3	16096.5	58.6	
60.80	221.4	14.9	96.1	2.0	-271.5	5.4	404.6	174.1	1451.8	-4088.1	16517.0	58.5	
60.85	225.0	14.5	95.9	2.0	-282.5	5.5	436.7	183.7	1445.2	-4721.3	17110.7	46.6	
60.90	228.8	14.3	92.1	2.0	-288.6	5.6	446.6	195.7	1440.9	-5245.9	17401.3	27.5	
60.95	232.5	14.4	87.8	2.0	-289.7	5.7	444.6	218.0	1430.9	-5607.5	17358.6	11.9	
61.00	236.1	14.6	85.8	2.0	-288.7	5.8	446.7	246.1	1413.6	-5942.0	17142.2	5.9	
61.05	239.8	14.6	84.3	2.0	-282.7	5.9	428.6	254.2	1403.6	-6279.0	16574.4	6.6	
61.10	243.6	14.9	79.3	2.0	-275.2	6.0	412.9	265.3	1396.9	-6432.3	15936.5	-2.9	
61.15	247.3	15.3	75.3	2.0	-269.3	6.1	410.4	289.8	1384.9	-6468.7	15411.0	-10.7	
61.20	251.0	15.5	75.6	2.0	-260.0	6.2	378.1	309.4	1373.6	-6692.7	14595.8	-0.3	
61.25	254.8	15.4	78.2	2.0	-249.1	6.3	344.8	328.2	1375.7	-7043.0	13550.4	19.2	
61.30	258.6	15.3	75.7	2.0	-241.1	6.4	335.5	335.6	1379.6	-7321.3	12702.3	18.7	
61.35	262.4	15.2	68.7	2.0	-236.3	6.5	317.8	325.0	1372.0	-7571.7	12211.7	-0.5	
61.40	266.3	14.9	60.9	2.0	-235.7	6.6	304.2	332.2	1356.3	-7838.1	12011.9	-26.5	
61.45	270.1	15.0	54.6	2.0	-236.4	6.7	309.2	344.7	1346.5	-8167.9	11816.5	-49.0	
61.50	274.0	15.0	47.8	2.0	-231.8	6.8	297.8	327.1	1345.1	-8252.9	11406.3	-67.8	
61.55	277.8	14.5	39.8	2.0	-226.4	6.9	279.0	301.3	1334.0	-8138.3	11114.2	-89.8	
61.60	281.7	14.2	34.1	2.0	-222.7	7.0	272.0	289.7	1311.5	-8063.3	10889.5	-105.7	
61.65	285.5	14.2	29.9	2.0	-217.1	7.1	263.4	298.5	1296.3	-7899.1	10498.2	-114.4	
61.70	289.3	14.4	27.0	2.0	-208.8	7.2	254.0	306.4	1291.3	-7604.0	9935.0	-116.2	
61.75	293.1	14.1	28.0	2.0	-203.4	7.3	247.9	307.9	1273.3	-7516.2	9509.5	-107.3	
61.80	297.0	13.9	32.1	2.0	-197.7	7.4	224.2	302.2	1247.0	-7481.3	9080.2	-87.6	
61.85	300.8	13.9	35.8	2.0	-193.3	7.5	206.0	314.0	1228.7	-7433.5	8712.7	-70.6	
61.90	304.6	14.1	35.6	2.0	-190.0	7.6	211.5	331.0	1229.1	-7358.0	8382.6	-67.9	
61.95	308.5	14.0	29.1	2.0	-181.6	7.7	216.9	300.1	1238.2	-6795.1	8098.8	-81.7	
62.00	312.4	14.2	19.1	2.0	-172.9	7.8	218.5	252.3	1237.2	-5902.2	8096.4	-107.2	
62.05	316.3	14.8	11.3	2.0	-169.2	7.9	222.0	225.9	1227.3	-5432.8	8155.3	-130.4	
62.10	320.2	15.1	9.2	2.0	-166.4	8.0	211.8	209.0	1212.3	-5343.9	8043.1	-134.8	
62.15	324.2	15.2	7.2	2.0	-161.4	8.1	194.4	189.4	1195.2	-4988.8	7924.9	-136.7	
62.20	328.1	15.2	-1.2	2.0	-154.8	8.2	190.2	157.2	1182.9	-4336.1	7832.2	-158.9	
62.25	332.0	15.2	-3.0	2.0	-149.3	8.3	188.5	133.0	1178.0	-3974.7	7605.1	-159.6	
62.30	336.0	14.9	0.8	2.0	-146.4	8.4	185.9	141.2	1175.7	-3880.2	7399.3	-143.5	
62.35	339.9	14.6	0.3	2.0	-143.6	8.5	190.4	133.0	1172.3	-3441.0	7386.1	-142.4	
62.40	343.8	14.5	-3.7	2.0	-138.4	8.6	195.3	92.1	1172.7	-2596.8	7360.8	-151.1	
62.45	347.8	15.1	-2.1	2.0	-133.1	8.7	197.0	84.1	1181.6	-1875.8	7159.6	-140.2	
62.50	351.7	15.5	3.0	2.0	-127.8	8.8	189.3	89.8	1186.9	-1463.6	6852.7	-117.6	
62.55	355.7	15.5	6.2	2.0	-124.0	8.9	173.8	71.5	1175.5	-1049.1	6710.8	-102.7	
62.60	359.6	15.4	5.7	2.0	-125.3	9.0	174.9	42.8	1169.8	-360.0	6912.4	-105.8	
62.65	3.6	15.7	2.1	2.0	-129.1	9.1	192.6	-3.9	1186.0	376.5	7153.1	-122.1	
62.70	7.6	16.0	-2.4	2.0	-129.9	9.2	198.8	-30.0	1206.1	763.7	7141.3	-138.3	
62.75	11.6	16.3	-3.6	2.0	-129.0	9.3	189.9	-28.5	1205.6	982.7	7070.9	-141.2	
62.80	15.6	16.4	-5.8	2.0	-127.5	9.4	172.9	-44.0	1197.6	1173.0	6975.4	-147.5	
62.85	19.6	16.2	-8.4	2.0	-129.0	9.5	171.8	-76.2	1211.8	1478.6	6989.5	-157.9	
62.90	23.6	15.8	-11.3	2.0	-132.5	9.6	184.7	-97.3	1237.0	1844.4	7098.1	-171.3	
62.95	27.6	15.4	-13.1	2.0	-136.3	9.7	189.7	-116.3	1241.8	2355.0	7197.9	-181.2	
63.00	31.5	15.1	-12.5	2.0	-136.2	9.8	175.3	-134.9	1240.6	3023.2	6944.0	-179.1	
63.05	35.5	14.9	-9.9	2.0	-133.7	9.9	161.9	-157.0	1260.8	3737.6	6335.2	-167.9	
63.10	39.5	14.9	-7.4	2.0	-134.4	10.0	159.8	-185.3	1291.9	4325.8	5910.7	-159.7	
63.15	43.4	15.0	-7.4	2.0	-141.3	10.1	162.4	-200.9	1308.1	5035.5	5954.0	-166.7	
63.20	47.4	15.1	-4.4	2.0	-150.8	10.2	174.4	-201.9	1312.1	5609.5	6371.8	-165.8	
63.25	51.4	15.2	1.3	2.0	-156.9	10.3	190.4	-198.1	1327.7	5696.5	6856.3	-152.5	
63.30	55.4	15.3	-0.2	2.0	-164.2	10.4	208.6	-205.6	1360.5	5960.3	7254.5	-164.9	
63.35	59.4	15.5	-4.9	2.0	-174.2	10.5	222.5	-245.9	1383.4	6564.7	7560.7	-191.1	
63.40	63.4	15.5	-5.8	2.0	-183.1	10.6	225.3	-289.9	1392.2	7215.3	7729.2	-202.9	
63.45	67.5	15.5	-5.3	2.0	-188.5	10.7	222.4	-301.4	1410.2	7851.3	7628.4	-206.7	
63.50	71.5	15.6	-2.1	2.0	-189.9	10.8	217.4	-318.1	1432.7	8283.6	7247.3	-197.0	
63.55	75.5	15.7	-3.1	2.0	-192.8	10.9	209.1	-346.5	1442.7	8774.4	6904.4	-203.3	
63.60	79.6	15.9	-4.4	2.0	-193.3	11.0	196.5	-354.3	1438.9	8865.0	6851.0	-208.4	
63.65	83.6	15.7	0.3	2.0	-187.8	11.1	183.1	-339.4	1437.0	8572.2	6641.4	-186.6	
63.70	87.6	15.1	2.9	2.0	-180.6	11.2	176.4	-311.6	1452.7	8356.9	6131.3	-170.6	
63.75	91.6	14.7	-0.0	2.0	-174.3	11.3	164.4	-295.2	1483.6	8401.7	5284.2	-174.5	
63.80	95.6	14.3	0.5	2.0	-169.9	11.4	146.2	-299.6	1510.2	8519.9	4389.4	-168.3	
63.85	99.6	14.1	1.5	2.0	-167.2	11.5	131.2	-309.0	1525.4	8547.8	3818.7	-162.0	
63.90	103.6	14.8	1.8	2.0	-163.4	11.6	117.5	-298.3	1536.1	8385.2	3568.1	-157.4	
63.95	107.6	14.8	-1.8	2.0	-158.9	11.7	114.9	-283.1	1548.5	8106.1	3443.9	-165.3	
64.00	111.6	14.7	-7.7	2.0	-154.7	11.8	114.5	-285.4	1566.1	7859.3	3145.6	-181.2	
64.05	115.6	14.7	-12.8	2.0	-148.6	11.9	108.6	-285.3	1583.4	7511.7	2745.9	-192.7	
64.10	119.7	15.0	-16.5	2.0	-136.4	12.0	89.5	-267.5	1597.7	6808.6	2119.1	-192.9	
64.15	123.7	15.3	-15.0	2.0	-121.3	12.1	60.0	-246.4	1607.4	5905.0	1372.4	-172.9	
64.20	127.7	15.5	-15.4	2.0	-112.4	12.2	47.5	-229.1	1618.0	5348.9	978.9	-165.2	
64.25	131.6	15.1	-20.2	2.0	-110.4	12.3	51.4	-224.8	1642.6	5245.2	604.4	-179.8	
64.30	135.6	15.0	-25.4	2.0	-106.2	12.4	57.0	-212.3	1666.7	4969.2	210.4	-193.5	
64.35	139.6	15.6	-25.7	2.0	-96.5	12.5	43.9	-175.8	1671.1	4348.4	-129.3	-184.8	
64.40	143.6	15.1	-19.6	2.0	-87.5	12.6	28.1	-144.1	1661.0	3769.9	-263.7	-154.8	
64.45	147.5	14.8	-17.7	2.0	-84.8	12.7	20.4	-139.4	1665.9	3556.8	-446.1	-145.4	
64.50	151.5	14.6	-19.6	2.0	-81.6	12.8	30.6	-116.8	1685.9	3336.3	-563.5	-148.7	
64.55	155.5	14.4	-24.1	2.0	-73.1	12.9	42.5	-74.7	1701.1	2777.0	-580.9	-155.8	
64.60	159.5	14.1	-29.5	2.0	-63.1	13.0	50.1	-47.7	1703.0	2099.2	-333.2	-164.3	
64.65	163.5	13.8	-35.3	2.0	-57.7	13.1	59.7	-46.6	1707.3	1686.5	108.7	-179.0	
64.70	167.5	13.9	-40.8	2.0	-53.5	13.2	71.8	-41.7	1718.6	1285.0	386.7	-193.5	
64.75	171.5	14.1	-48.1	2.0	-45.2	13.3	66.0	-26.6	1727.7	735.2	116.5	-210.5	
64.80	175.5	14.4	-54.1	2.0	-42.7	13.4	35.3	-1.4	1724.1	184.1	-638.5	-228.6	
64.85	179.5	14.8	-50.3	2.0	-53.3	13.5	-6.1	12.8	1713.3	-268.8	-1513.7	-226.1	
64.90	183.5	14.2	-45.3	2.0	-61.8	13.6	-23.7	12.3	1707.9	-694.7	-2030.5	-217.1	
64.95	187.4	13.8	-41.2	2.0	-66.0	13.7	-16.9	36.5	1705.7	-1081.5	-2172.4	-207.5	
65.00	191.3	13.7	-38.1	2.0	-68.8	13.8	-3.0	66.9	1696.9	-1475.0	-2102.8	-199.7	
65.05	195.3	14.1	-32.1	2.0	-73.0	13.9	-0.0	88.0	1684.8	-1838.4	-2156.8	-183.1	
65.10	199.2	14.5	-23.0	2.0	-79.5	14.0	-1.2	119.6	1679.5	-2207.4	-2370.3	-158.6	
65.15	203.1	14.8	-13.9	2.0	-87.1	14.1	-10.2	139.3	1680.4	-2537.5	-2763.5	-135.0	
65.20	207.0	15.1	-11.7	2.0	-91.5	14.2	-16.8	154.3	1672.0	-2772.6	-2950.6	-131.8	
65.25	210.9	15.0	-13.5	2.0	-96.1	14.3	-20.6	182.9	1650.8	-3200.5	-2915.4	-142.6	
65.30	214.9	14.8	-13.2	2.0	-102.3	14.4	-23.4	194.5	1632.8	-3850.2	-2829.2	-147.5	
65.35	218.8	14.5	-19.3	2.0	-106.1	14.5	-14.4	197.5	1621.2	-4332.0	-2624.0	-172.4	
65.40	222.7	14.3	-29.7	2.0	-108.5	14.6	-2.7	204.3	1607.4	-4691.4	-2335.3	-210.3	
65.45	226.6	14.3	-37.1	2.0	-113.0	14.7	6.1	221.3	1583.3	-5195.5	-1937.6	-240.5	
65.50	230.6	14.2	-39.8	2.0	-119.7	14.8	14.3	249.8	1557.8	-5791.2	-1523.7	-256.2	
65.55	234.5	14.3	-41.1	2.0	-124.8	14.9	25.9	262.4	1543.9	-6220.0	-1284.4	-265.8	
65.60	238.4	14.6	-44.6	2.0	-126.9	15.0	33.8	255.4	1536.0	-6396.8	-1335.6	-280.1	
65.65	242.3	15.0	-43.5	2.0	-130.9	15.1	28.6	265.1	1519.4	-6627.7	-1620.3	-280.4	
65.70	246.1	15.3	-31.1	2.0	-139.7	15.2	2.9	291.8	1489.5	-7122.3	-2143.7	-246.5	
65.75	250.0	15.3	-22.5	2.0	-144.7	15.3	-25.6	305.7	1458.6	-7272.3	-2803.0	-221.9	
65.80	253.8	15.1	-19.0	2.0	-145.1	15.4	-39.2	307.7	1435.9	-7057.6	-3395.1	-210.4	
65.85	257.7	14.6	-15.2	2.0	-144.9	15.5	-35.0	303.8	1424.5	-6876.6	-3767.1	-197.2	
65.90	261.5	14.9	-10.9	2.0	-145.3	15.6	-23.3	314.3	1409.1	-6855.3	-3833.1	-182.6	
65.95	265.4	15.2	-10.2	2.0	-144.2	15.7	-19.4	312.2	1386.0	-6829.6	-3750.6	-179.2	
66.00	269.3	15.5	-12.9	2.0	-142.8	15.8	-23.1	306.0	1364.2	-6717.8	-3816.1	-187.3	
66.05	273.1	15.7	-11.3	2.0	-146.5	15.9	-36.9	310.1	1346.3	-6792.6	-4233.6	-185.4	
66.10	277.0	16.0	-4.2	2.0	-154.2	16.0	-60.9	312.6	1326.9	-7055.6	-4885.8	-168.7	
66.15	280.8	16.3	-2.6	2.0	-158.8	16.1	-83.7	309.4	1301.2	-7119.3	-5408.1	-167.9	
66.20	284.6	16.4	-7.3	2.0	-159.9	16.2	-101.7	296.5	1266.4	-7090.6	-5668.6	-185.0	
66.25	288.4	16.8	-11.5	2.0	-161.0	16.3	-113.5	284.4	1230.8	-7108.9	-5851.5	-200.6	
66.30	292.2	17.1	-8.7	2.0	-162.7	16.4	-115.9	284.5	1207.0	-7107.5	-6072.0	-192.5	
66.35	296.0	17.4	-6.1	2.0	-162.5	16.5	-112.9	284.2	1193.6	-6935.9	-6267.2	-183.2	
66.40	299.8	17.2	-4.5	2.0	-160.3	16.6	-107.3	285.6	1177.0	-6723.6	-6282.3	-175.9	
66.45	303.5	17.0	-2.8	2.0	-159.0	16.7	-110.4	276.4	1153.0	-6624.0	-6304.2	-168.7	
66.50	307.3	16.9	1.2	2.0	-157.5	16.8	-106.0	268.9	1132.3	-6615.4	-6197.6	-153.2	
66.55	311.0	16.2	4.0	2.0	-152.3	16.9	-91.8	262.4	1121.5	-6361.7	-5960.8	-138.7	
66.60	314.7	16.2	1.5	2.0	-144.1	17.0	-75.0	251.6	1107.1	-5972.3	-5546.8	-139.1	
66.65	318.4	16.5	-4.6	2.0	-134.9	17.1	-65.3	231.7	1084.3	-5567.4	-5073.4	-150.8	
66.70	322.2	16.8	-9.2	2.0	-128.2	17.2	-62.1	220.7	1060.2	-5304.6	-4690.6	-159.9	
66.75	325.9	16.8	-13.4	2.0	-122.7	17.3	-64.8	194.5	1047.2	-4868.2	-4667.4	-168.5	
66.80	329.6	16.7	-21.7	2.0	-117.4	17.4	-70.9	151.0	1043.9	-4010.9	-5067.3	-192.0	
66.85	333.4	16.6	-23.6	2.0	-117.1	17.5	-78.8	123.8	1035.9	-3294.1	-5609.9	-198.2	
66.90	337.1	17.2	-12.4	2.0	-122.6	17.6	-96.9	119.1	1016.6	-3061.7	-6196.2	-165.2	
66.95	340.8	17.3	1.9	2.0	-126.1	17.7	-108.9	116.0	994.0	-2978.8	-6530.1	-119.7	
67.00	344.4	17.0	6.4	2.0	-124.1	17.8	-108.5	91.9	981.3	-2538.5	-6618.9	-102.1	
67.05	348.1	16.9	9.3	2.0	-119.8	17.9	-97.1	67.1	973.6	-1877.4	-6579.6	-88.0	
67.10	351.8	17.0	18.2	2.0	-119.6	18.0	-93.0	55.4	965.9	-1223.7	-6749.3	-57.1	
67.15	355.4	17.3	28.0	2.0	-125.6	18.1	-108.8	36.2	954.3	-514.7	-7282.6	-29.6	
67.20	359.0	17.7	33.3	2.0	-136.3	18.2	-132.5	0.3	947.3	533.5	-8049.2	-22.1	
67.25	2.7	17.7	38.6	2.0	-147.2	18.3	-152.0	-33.1	943.0	1322.0	-8726.5	-14.6	
67.30	6.3	17.5	46.4	2.0	-155.1	18.4	-177.4	-38.3	936.6	1325.0	-9261.4	4.2	
67.35	9.9	17.7	49.0	2.0	-156.1	18.5	-188.7	-27.1	921.9	1199.3	-9338.4	12.2	
67.40	13.5	17.7	45.0	2.0	-152.4	18.6	-185.2	-45.3	912.8	1329.9	-9045.1	2.1	
67.45	17.0	17.6	36.0	2.0	-147.5	18.7	-167.7	-74.3	916.3	1702.8	-8621.9	-24.0	
67.50	20.6	17.2	31.2	2.0	-144.4	18.8	-150.1	-84.0	923.3	2140.5	-8313.9	-37.4	
67.55	24.2	17.1	31.8	2.0	-145.6	18.9	-149.2	-103.9	922.1	2474.3	-8283.0	-36.5	
67.60	27.7	17.0	28.4	2.0	-149.2	19.0	-152.3	-135.5	915.9	3075.1	-8308.1	-51.7	
67.65	31.3	16.7	20.4	2.0	-152.8	19.1	-147.6	-159.3	919.5	3717.9	-8292.5	-82.7	
67.70	34.8	16.9	22.0	2.0	-155.3	19.2	-146.2	-173.4	927.0	3922.0	-8368.7	-79.7	
67.75	38.3	17.2	30.4	2.0	-155.4	19.3	-145.0	-175.3	926.1	3920.3	-8380.9	-51.2	
67.80	41.8	17.4	34.3	2.0	-155.8	19.4	-140.2	-184.0	923.7	4160.9	-8287.1	-38.0	
67.85	45.3	17.3	35.8	2.0	-157.6	19.5	-128.4	-208.0	931.6	4595.4	-8153.6	-34.7	
67.90	48.8	17.1	39.6	2.0	-161.6	19.6	-115.6	-224.9	950.0	5066.3	-8185.3	-25.5	
67.95	52.2	16.7	46.8	2.0	-167.3	19.7	-110.6	-237.9	962.5	5481.4	-8387.6	-6.6	
68.00	55.7	16.4	52.4	2.0	-175.1	19.8	-121.8	-254.4	960.6	5984.3	-8691.5	4.9	
68.05	59.1	16.2	55.7	2.0	-181.0	19.9	-137.8	-263.2	953.1	6431.6	-8880.6	10.0	
68.10	62.5	16.2	59.5	2.0	-183.9	20.0	-149.5	-260.4	954.5	6612.8	-9001.5	20.3	
68.15	66.0	16.2	64.1	2.0	-185.4	20.1	-154.7	-263.1	966.0	6611.1	-9115.7	34.6	
68.20	69.4	16.3	68.7	2.0	-188.9	20.2	-158.6	-285.7	977.2	6779.0	-9239.2	47.0	
68.25	72.8	16.3	67.9	2.0	-191.7	20.3	-161.4	-292.7	982.7	7014.5	-9287.1	41.6	
68.30	76.2	15.9	68.3	2.0	-193.2	20.4	-163.8	-283.6	988.8	7124.9	-9367.3	41.2	
68.35	79.5	16.0	73.6	2.0	-196.1	20.5	-164.9	-283.4	998.2	7230.9	-9549.8	56.5	
68.40	82.9	16.2	73.6	2.0	-200.6	20.6	-158.2	-297.3	1006.0	7583.1	-9669.9	51.9	
68.45	86.3	16.1	71.9	2.0	-205.4	20.7	-158.2	-315.5	1010.0	7859.1	-9855.2	41.5	
68.50	89.6	15.7	76.1	2.0	-209.3	20.8	-169.5	-320.8	1013.1	7855.7	-10190.4	51.9	
68.55	92.9	15.3	84.9	2.0	-214.1	20.9	-188.6	-310.9	1020.0	7762.0	-10706.3	77.5	
68.60	96.2	15.2	94.7	2.0	-218.3	21.0	-206.4	-298.8	1027.9	7599.6	-11203.7	106.8	
68.65	99.5	15.4	102.3	2.0	-220.0	21.1	-216.0	-288.4	1035.2	7357.4	-11519.9	131.2	
68.70	102.8	15.7	106.3	2.0	-219.6	21.2	-211.5	-281.1	1044.3	7234.6	-11586.5	145.4	
68.75	106.0	16.1	102.4	2.0	-217.6	21.3	-200.0	-279.1	1052.6	7171.0	-11464.7	134.0	
68.80	109.3	15.8	98.8	2.0	-214.9	21.4	-193.0	-273.0	1057.1	7022.1	-11340.4	124.2	
68.85	112.5	15.6	98.6	2.0	-211.4	21.5	-189.6	-262.0	1061.0	6743.7	-11233.9	127.0	
68.90	115.7	15.5	95.0	2.0	-208.5	21.6	-188.8	-255.7	1066.6	6502.5	-11141.5	117.8	
68.95	118.9	15.6	86.8	2.0	-205.4	21.7	-184.9	-256.2	1075.5	6283.2	-10997.2	92.5	
69.00	122.1	15.6	77.5	2.0	-201.1	21.8	-178.4	-256.6	1086.3	5955.5	-10810.0	65.0	
69.05	125.3	15.5	71.2	2.0	-196.1	21.9	-173.8	-243.5	1093.6	5553.5	-10627.7	48.4	
69.10	128.5	15.8	68.5	2.0	-190.9	22.0	-173.0	-225.7	1093.0	5129.3	-10454.2	44.2	
69.15	131.6	16.0	68.3	2.0	-185.6	22.1	-172.6	-206.1	1088.6	4693.9	-10270.8	48.9	
69.20	134.8	16.3	68.3	2.0	-181.3	22.2	-168.6	-193.0	1092.0	4324.5	-10110.3	53.2	
69.25	137.9	16.6	68.0	2.0	-177.1	22.3	-160.5	-184.8	1103.2	3972.6	-9946.0	56.2	
69.30	141.0	17.0	69.5	2.0	-172.7	22.4	-155.6	-163.3	1108.4	3584.4	-9793.0	65.9	
69.35	144.1	17.3	72.6	2.0	-168.9	22.5	-156.5	-139.3	1105.5	3274.8	-9645.9	80.5	
69.40	147.2	17.3	70.7	2.0	-165.4	22.7	-152.4	-131.4	1105.0	3216.6	-9412.4	77.2	
69.45	150.3	17.3	64.4	2.0	-161.7	22.8	-139.8	-128.6	1113.6	3188.6	-9156.3	59.5	
69.50	153.3	17.3	59.3	2.0	-157.5	22.9	-128.0	-124.2	1120.6	2957.3	-8930.7	46.2	
69.55	156.4	17.3	54.1	2.0	-155.3	23.0	-127.8	-120.1	1115.3	2713.0	-8840.1	30.6	
69.60	159.5	17.0	50.5	2.0	-155.8	23.1	-138.1	-114.1	1103.8	2486.2	-8949.0	17.5	
69.65	162.5	16.7	51.8	2.0	-156.9	23.2	-148.1	-97.7	1101.0	2096.2	-9141.3	20.9	
69.70	165.5	16.6	55.8	2.0	-156.6	23.3	-151.1	-76.5	1102.1	1629.1	-9230.6	34.9	
69.75	168.5	16.5	54.9	2.0	-153.8	23.4	-147.6	-59.8	1092.8	1296.2	-9106.7	34.7	
69.80	171.5	16.4	51.4	2.0	-150.7	23.5	-143.8	-52.0	1078.4	1165.6	-8921.3	25.6	
69.85	174.4	16.5	51.4	2.0	-148.3	23.6	-138.3	-41.2	1073.4	973.7	-8792.3	28.3	
69.90	177.3	16.4	55.6	2.0	-147.0	23.7	-131.6	-15.8	1076.2	673.0	-8750.3	43.8	
69.95	180.2	16.2	59.4	2.0	-147.9	23.8	-134.0	2.9	1071.6	445.8	-8831.9	56.0	
70.00	183.2	16.2	62.0	2.0	-150.7	23.9	-147.0	10.2	1056.9	242.4	-9025.2	62.1	
70.05	186.0	16.4	63.8	2.0	-152.3	24.0	-154.8	26.1	1043.7	-162.4	-9133.0	66.8	
70.10	188.9	16.6	67.7	2.0	-152.0	24.1	-152.0	45.8	1036.8	-640.2	-9087.3	80.4	
70.15	191.8	16.6	64.7	2.0	-149.5	24.2	-143.5	59.7	1025.7	-902.7	-8889.6	72.8	
70.20	194.6	16.7	57.8	2.0	-146.1	24.3	-137.0	68.9	1007.4	-1098.3	-8632.7	52.4	
70.25	197.5	16.8	54.1	2.0	-144.5	24.4	-133.5	79.9	995.5	-1537.7	-8445.3	41.2	
70.30	200.3	17.2	54.8	2.0	-145.7	24.5	-133.0	94.3	994.3	-2035.7	-8413.4	42.2	
70.35	203.2	17.1	51.9	2.0	-146.1	24.6	-132.7	102.0	987.8	-2352.5	-8350.9	32.1	
70.40	206.0	16.9	47.7	2.0	-143.8	24.7	-130.1	111.4	968.0	-2624.8	-8087.1	19.9	
70.45	208.7	16.4	43.6	2.0	-140.3	24.8	-120.1	136.4	947.4	-3085.0	-7625.0	9.5	
70.50	211.5	16.2	41.0	2.0	-137.8	24.9	-105.7	159.4	934.8	-3662.0	-7133.7	2.9	
70.55	214.3	16.0	37.8	2.0	-136.3	25.0	-93.7	165.6	924.8	-4102.1	-6770.1	-6.6	
70.60	217.0	16.0	33.6	2.0	-136.5	25.1	-90.8	170.3	909.0	-4382.0	-6610.7	-21.1	
70.65	219.8	15.3	32.5	2.0	-139.7	25.2	-95.6	184.6	893.0	-4748.1	-6613.3	-28.2	
70.70	222.5	15.3	32.1	2.0	-144.9	25.3	-103.1	204.8	883.3	-5171.2	-6728.7	-34.8	
70.75	225.2	15.7	30.8	2.0	-148.2	25.4	-106.0	216.8	873.1	-5442.7	-6798.4	-42.5	
70.80	227.9	15.7	27.6	2.0	-148.3	25.5	-99.8	211.2	858.9	-5607.6	-6707.7	-53.7	
70.85	230.6	15.6	24.7	2.0	-147.2	25.6	-88.6	210.0	840.7	-5789.1	-6481.3	-62.4	
70.90	233.2	15.4	24.5	2.0	-146.9	25.7	-79.4	222.9	823.5	-5999.4	-6247.1	-62.7	
70.95	235.9	15.8	27.9	2.0	-146.8	25.8	-74.1	234.3	805.4	-6158.2	-6062.6	-51.1	
71.00	238.5	16.0	29.8	2.0	-145.1	25.9	-72.5	235.4	785.3	-6087.6	-5970.7	-42.8	
71.05	241.1	16.1	30.8	2.0	-142.8	26.0	-73.1	233.0	767.7	-5828.4	-6005.9	-37.1	
71.10	243.7	16.2	31.9	2.0	-142.0	26.1	-73.9	233.6	752.7	-5700.6	-6059.5	-32.4	
71.15	246.3	16.0	36.5	2.0	-143.4	26.2	-78.4	241.8	735.9	-5717.8	-6165.6	-18.2	
71.20	248.8	15.8	42.1	2.0	-145.3	26.3	-85.8	250.4	714.1	-5733.3	-6325.7	-0.9	
71.25	251.4	16.0	47.3	2.0	-146.6	26.4	-89.9	250.3	691.8	-5763.9	-6452.8	15.6	
71.30	254.0	16.1	51.1	2.0	-148.2	26.5	-88.5	255.3	674.6	-5852.1	-6538.7	27.3	
71.35	256.5	16.1	52.2	2.0	-150.3	26.6	-86.2	263.0	659.7	-6013.4	-6590.7	28.9	
71.40	259.0	15.9	51.2	2.0	-151.4	26.7	-91.3	257.6	639.3	-6095.7	-6666.8	24.4	
71.45	261.6	15.8	49.1	2.0	-152.6	26.8	-105.1	249.8	615.1	-6004.4	-6908.6	15.8	
71.50	264.1	15.9	48.8	2.0	-156.0	26.9	-120.4	250.2	594.5	-5957.4	-7275.3	11.5	
71.55	266.6	16.1	52.7	2.0	-160.7	27.0	-130.2	261.3	579.4	-6091.7	-7591.0	20.0	
71.60	269.0	16.2	54.4	2.0	-162.6	27.1	-131.5	271.1	563.1	-6209.7	-7661.0	24.2	
71.65	271.5	16.3	52.8	2.0	-160.5	27.2	-124.7	263.2	543.2	-6318.5	-7422.1	20.9	
71.70	273.9	16.5	52.7	2.0	-158.1	27.3	-111.3	256.6	524.7	-6523.8	-7061.1	22.7	
71.75	276.4	16.4	56.4	2.0	-158.2	27.4	-96.3	273.1	510.3	-6786.6	-6785.9	35.5	
71.80	278.8	16.3	59.4	2.0	-158.9	27.5	-85.6	290.2	496.3	-7013.3	-6595.7	44.9	
71.85	281.2	16.5	58.2	2.0	-158.2	27.6	-85.0	290.6	478.1	-7060.9	-6485.1	41.6	
71.90	283.6	15.8	53.8	2.0	-156.9	27.7	-91.3	282.6	458.0	-7011.4	-6440.5	27.7	
71.95	286.0	15.7	47.4	2.0	-156.6	27.8	-94.9	274.7	440.8	-7050.3	-6408.4	6.1	
72.00	288.4	16.2	42.5	2.0	-157.3	27.9	-95.1	273.2	428.5	-7139.3	-6418.4	-11.6	
72.05	290.7	15.9	37.5	2.0	-157.6	28.0	-95.3	270.9	415.5	-7218.8	-6381.4	-28.7	
72.10	293.1	15.6	35.0	2.0	-157.0	28.1	-95.8	266.0	397.7	-7347.5	-6204.7	-36.8	
72.15	295.4	15.2	32.8	2.0	-155.4	28.2	-92.2	262.5	378.5	-7440.4	-5939.7	-42.8	
72.20	297.7	15.0	29.1	2.0	-152.6	28.3	-83.1	258.6	365.0	-7404.3	-5692.0	-52.7	
72.25	300.0	14.9	25.6	2.0	-148.1	28.4	-69.7	250.8	356.0	-7238.4	-5417.7	-60.2	
72.30	302.3	14.9	23.2	2.0	-141.5	28.5	-59.2	240.1	343.2	-6922.6	-5083.6	-62.0	
72.35	304.5	14.4	22.9	2.0	-134.1	28.6	-56.3	232.0	324.7	-6503.5	-4775.2	-55.4	
72.40	306.8	14.0	24.8	2.0	-128.6	28.7	-59.5	227.9	304.5	-6121.5	-4629.2	-43.4	
72.45	309.0	13.7	27.5	2.0	-125.9	28.8	-63.2	226.3	290.7	-5817.1	-4704.1	-31.4	
72.50	311.3	13.3	30.8	2.0	-124.0	28.9	-66.2	214.9	285.5	-5516.1	-4897.4	-18.2	
72.55	313.5	13.1	33.6	2.0	-120.8	29.0	-69.1	193.2	279.3	-5147.4	-5025.0	-5.6	
72.60	315.7	13.1	34.2	2.0	-116.0	29.1	-70.0	176.4	263.9	-4722.4	-5017.5	1.3	
72.65	317.9	13.3	35.3	2.0	-111.7	29.2	-67.7	170.1	247.2	-4360.6	-4946.6	9.4	
72.70	320.1	13.9	37.3	2.0	-107.8	29.3	-62.9	163.8	236.8	-4050.6	-4863.4	20.3	
72.75	322.3	14.4	36.4	2.0	-102.6	29.4	-58.1	147.6	229.5	-3638.9	-4759.1	22.4	
72.80	324.5	14.3	35.5	2.0	-97.3	29.5	-60.2	124.8	218.2	-3133.0	-4707.5	24.5	
72.85	326.7	14.2	35.0	2.0	-94.2	29.6	-67.5	109.1	200.9	-2718.9	-4739.9	25.9	
72.90	328.8	14.0	39.7	2.0	-93.5	29.7	-72.6	109.4	187.5	-2439.9	-4832.1	42.8	
72.95	331.0	14.3	42.4	2.0	-90.8	29.8	-65.6	108.7	181.8	-2188.3	-4751.1	54.7	
73.00	333.1	14.3	39.3	2.0	-83.6	29.9	-49.3	92.0	176.4	-1831.6	-4382.6	51.4	
73.05	335.2	14.2	32.1	2.0	-74.2	30.0	-31.8	69.8	163.2	-1473.8	-3864.3	35.9	
73.10	337.3	14.0	28.4	2.0	-68.8	30.1	-22.4	56.7	146.9	-1363.0	-3525.7	28.7	
73.15	339.4	13.5	29.9	2.0	-69.8	30.2	-25.1	56.0	136.3	-1395.6	-3602.2	32.9	
73.20	341.5	13.1	31.8	2.0	-75.4	30.3	-40.0	56.3	131.1	-1338.8	-4058.2	33.9	
73.25	343.6	13.1	33.0	2.0	-82.0	30.4	-59.6	49.3	123.0	-1298.2	-4575.1	31.4	
73.30	345.6	13.6	34.4	2.0	-86.8	30.5	-74.8	39.8	111.9	-1367.2	-4919.7	31.1	
73.35	347.7	14.1	34.8	2.0	-88.6	30.6	-78.3	36.3	104.4	-1530.9	-5012.0	30.9	
73.40	349.7	14.1	31.1	2.0	-86.4	30.7	-68.9	34.3	100.9	-1646.2	-4835.0	20.5	
73.45	351.7	14.1	27.2	2.0	-83.0	30.8	-58.7	33.8	97.0	-1649.4	-4588.7	10.5	
73.50	353.8	14.2	26.5	2.0	-81.7	30.9	-57.2	35.4	91.7	-1703.5	-4470.5	9.4	
73.55	355.8	14.3	29.8	2.0	-83.7	31.0	-63.9	37.5	87.6	-1916.3	-4527.4	18.7	
73.60	357.8	14.4	32.8	2.0	-86.7	31.1	-74.4	38.5	85.5	-2029.3	-4703.4	25.9	
73.65	359.8	14.4	29.4	2.0	-87.3	31.2	-80.8	29.2	85.6	-1840.2	-4821.5	13.7	
73.70	1.8	14.5	23.2	2.0	-83.8	31.3	-75.7	9.0	85.5	-1395.0	-4721.4	-4.2	
73.75	3.8	14.1	19.5	2.0	-78.7	31.4	-64.2	-10.6	83.1	-879.3	-4487.4	-11.7	
73.80	5.7	13.8	16.5	2.0	-75.0	31.5	-53.7	-28.6	79.1	-451.8	-4279.2	-18.2	
73.85	7.7	13.6	15.2	2.0	-75.1	31.6	-50.7	-49.0	77.0	-58.0	-4286.1	-22.8	
73.90	9.7	13.6	17.5	2.0	-79.6	31.7	-56.6	-62.9	78.6	285.3	-4575.0	-19.4	
73.95	11.6	13.8	27.3	2.0	-85.3	31.8	-66.0	-65.5	79.2	482.8	-4964.2	8.4	
74.00	13.6	14.2	38.0	2.0	-90.1	31.9	-73.0	-66.4	75.8	697.7	-5297.1	40.4	
74.05	15.5	14.4	44.2	2.0	-94.0	32.0	-75.6	-76.6	73.4	1120.8	-5500.8	57.8	
74.10	17.4	14.6	46.4	2.0	-97.4	32.1	-74.4	-93.5	74.8	1632.5	-5600.8	61.8	
74.15	19.3	14.8	49.2	2.0	-100.5	32.2	-75.9	-105.9	76.0	1995.9	-5697.2	68.3	
74.20	21.2	15.3	53.6	2.0	-104.0	32.3	-82.3	-116.1	72.9	2305.0	-5826.8	80.0	
74.25	23.1	15.7	55.1	2.0	-107.9	32.4	-88.3	-128.2	70.0	2711.6	-5932.7	81.2	
74.30	24.9	16.0	53.6	2.0	-111.0	32.5	-89.5	-139.0	72.5	3142.1	-5947.5	72.9	
74.35	26.8	16.0	52.1	2.0	-111.2	32.6	-87.2	-144.2	76.3	3361.1	-5830.0	67.7	
74.40	28.7	16.2	50.1	2.0	-108.4	32.7	-83.0	-148.3	75.0	3400.4	-5559.3	63.5	
74.45	30.5	16.5	46.3	2.0	-105.8	32.8	-77.3	-162.0	71.3	3550.1	-5201.4	53.2	
74.50	32.3	16.2	40.2	2.0	-105.0	32.9	-66.7	-181.9	71.9	3892.1	-4820.4	33.0	
74.55	34.2	15.7	37.4	2.0	-104.8	33.0	-56.1	-191.2	78.6	4162.7	-4537.7	23.5	
74.60	36.0	15.1	37.0	2.0	-103.8	33.1	-49.9	-192.5	84.1	4250.4	-4341.8	23.2	
74.65	37.8	15.4	34.7	2.0	-102.8	33.2	-48.3	-198.8	83.6	4329.0	-4136.6	16.4	
74.70	39.6	15.4	29.9	2.0	-102.8	33.3	-47.0	-211.8	81.9	4501.7	-3890.4	-0.3	
74.75	41.4	15.4	25.9	2.0	-101.4	33.4	-42.1	-217.1	83.9	4575.1	-3615.0	-12.6	
74.80	43.2	15.3	24.8	2.0	-97.6	33.5	-34.4	-208.3	87.4	4452.8	-3346.5	-12.5	
74.85	44.9	15.3	23.1	2.0	-94.4	33.6	-30.3	-200.5	88.4	4332.8	-3134.1	-15.2	
74.90	46.7	15.3	19.8	2.0	-94.6	33.7	-31.5	-207.6	89.9	4387.3	-3042.2	-26.5	
74.95	48.5	15.8	17.3	2.0	-95.8	33.8	-34.0	-219.7	96.8	4425.1	-3086.0	-36.3	
75.00	50.2	16.0	17.4	2.0	-95.6	33.9	-34.6	-219.5	107.2	4335.1	-3167.5	-36.0	
75.05	52.0	16.1	18.1	2.0	-95.2	34.0	-34.3	-218.7	113.5	4291.9	-3175.1	-33.3	
75.10	53.7	16.0	16.7	2.0	-96.4	34.1	-33.9	-226.4	113.5	4452.2	-3063.9	-39.2	
75.15	55.4	15.8	14.6	2.0	-98.7	34.2	-32.8	-233.2	111.8	4753.5	-2883.4	-48.4	
75.20	57.2	15.6	14.6	2.0	-100.1	34.3	-28.1	-239.4	113.9	4947.5	-2720.1	-50.0	
75.25	58.9	15.5	17.7	2.0	-101.3	34.4	-23.3	-241.8	121.4	5066.9	-2669.9	-40.6	
75.30	60.6	15.7	19.5	2.0	-104.4	34.5	-21.4	-247.2	127.6	5312.8	-2657.2	-37.3	
75.35	62.3	15.7	20.2	2.0	-108.7	34.6	-25.3	-260.5	132.8	5597.0	-2722.5	-39.5	
75.40	63.9	15.6	21.9	2.0	-112.2	34.7	-27.5	-263.9	138.9	5833.6	-2806.2	-37.0	
75.45	65.6	15.7	25.0	2.0	-114.6	34.8	-26.6	-264.2	148.2	5970.6	-2917.7	-28.6	
75.50	67.3	15.6	27.1	2.0	-117.3	34.9	-24.4	-275.1	156.1	6111.7	-3018.3	-24.4	
75.55	69.0	15.3	27.6	2.0	-121.5	35.0	-27.8	-286.5	159.4	6355.6	-3164.7	-26.8	
75.60	70.6	15.5	29.5	2.0	-124.8	35.1	-34.1	-293.2	158.9	6530.0	-3322.6	-23.6	
75.65	72.3	15.4	33.1	2.0	-126.8	35.2	-40.3	-292.4	161.5	6552.7	-3589.6	-13.1	
75.70	73.9	15.4	36.6	2.0	-129.8	35.3	-49.4	-285.4	169.5	6601.2	-3991.1	-4.2	
75.75	75.5	15.8	39.0	2.0	-134.5	35.4	-61.5	-290.9	177.5	6728.6	-4406.6	-0.8	
75.80	77.2	16.0	40.3	2.0	-138.6	35.5	-71.5	-303.5	181.3	6862.0	-4674.8	-0.1	
75.85	78.8	15.9	44.0	2.0	-140.5	35.6	-77.2	-302.6	184.9	6914.8	-4840.4	10.5	
75.90	80.4	15.3	46.9	2.0	-139.6	35.7	-74.4	-294.8	188.9	6843.6	-4863.0	21.4	
75.95	82.0	15.4	47.7	2.0	-138.7	35.8	-66.5	-290.9	193.2	6822.5	-4799.9	25.0	
76.00	83.6	15.5	47.0	2.0	-138.8	35.9	-59.6	-294.0	197.0	6893.1	-4695.0	22.7	
76.05	85.2	15.4	46.1	2.0	-136.2	36.0	-53.7	-297.4	198.7	6787.8	-4490.4	22.2	
76.10	86.8	15.8	45.6	2.0	-132.1	36.1	-48.7	-292.7	202.5	6565.0	-4283.7	24.6	
76.15	88.4	15.8	43.8	2.0	-129.7	36.2	-45.0	-288.1	210.5	6442.8	-4150.0	20.7	
76.20	89.9	15.5	39.9	2.0	-129.2	36.3	-42.1	-293.0	219.7	6456.2	-4029.4	7.8	
76.25	91.5	15.2	35.1	2.0	-128.6	36.4	-42.1	-297.7	225.7	6464.3	-3886.7	-8.2	
76.30	93.0	15.2	30.8	2.0	-125.2	36.5	-41.2	-297.9	227.5	6295.2	-3665.8	-19.6	
76.35	94.6	15.5	27.0	2.0	-121.1	36.6	-37.7	-295.0	230.3	6073.8	-3449.6	-28.6	
76.40	96.1	14.9	22.9	2.0	-118.1	36.7	-32.5	-290.9	236.7	5913.1	-3284.8	-39.5	
76.45	97.7	14.8	22.1	2.0	-114.8	36.8	-28.7	-285.2	243.5	5733.2	-3125.3	-39.1	
76.50	99.2	15.0	23.5	2.0	-110.4	36.9	-31.2	-272.7	248.2	5455.8	-2993.0	-29.6	
76.55	100.6	14.6	25.1	2.0	-106.9	37.0	-35.5	-257.3	253.7	5241.7	-2920.7	-20.9	
76.60	102.1	14.5	25.9	2.0	-106.9	37.1	-36.4	-255.3	264.6	5240.1	-2911.0	-17.9	
76.65	103.6	14.6	24.8	2.0	-109.2	37.2	-32.1	-263.9	278.2	5424.1	-2867.1	-24.0	
76.70	105.1	14.7	23.6	2.0	-110.9	37.3	-26.3	-267.2	287.6	5625.1	-2727.5	-29.8	
76.75	106.6	14.8	22.9	2.0	-110.8	37.4	-21.0	-264.5	289.9	5729.3	-2506.5	-32.1	
76.80	108.0	14.7	23.6	2.0	-110.5	37.5	-19.0	-259.7	291.6	5783.9	-2346.1	-29.4	
76.85	109.5	14.3	23.0	2.0	-110.5	37.6	-18.7	-257.4	297.3	5810.1	-2292.3	-31.5	
76.90	111.0	14.5	23.5	2.0	-111.1	37.7	-19.4	-262.7	305.2	5829.1	-2298.8	-30.3	
76.95	112.5	14.8	24.7	2.0	-112.4	37.8	-22.9	-266.6	311.1	5901.2	-2336.5	-27.5	
77.00	113.9	14.8	24.3	2.0	-114.4	37.9	-25.3	-266.5	315.0	6059.2	-2356.7	-31.0	
77.05	115.4	14.7	23.3	2.0	-116.9	38.0	-22.1	-269.6	320.5	6249.0	-2337.3	-36.7	
77.10	116.8	14.6	22.7	2.0	-119.5	38.1	-14.7	-277.1	327.6	6466.3	-2258.8	-41.6	
77.15	118.3	14.5	22.6	2.0	-120.6	38.2	-8.1	-281.8	330.5	6586.2	-2104.5	-42.9	
77.20	119.7	14.4	23.5	2.0	-118.7	38.3	-6.5	-277.2	326.5	6505.2	-1947.6	-38.1	
77.25	121.1	14.3	25.1	2.0	-115.6	38.4	-9.0	-263.5	323.3	6317.0	-1903.5	-29.3	
77.30	122.5	14.4	27.7	2.0	-113.9	38.5	-12.8	-252.9	328.7	6166.5	-2019.5	-18.8	
77.35	123.9	14.8	29.1	2.0	-113.7	38.6	-15.5	-250.0	338.1	6097.0	-2181.1	-13.8	
77.40	125.3	14.9	28.9	2.0	-113.5	38.7	-18.2	-248.6	343.5	6038.5	-2293.7	-14.1	
77.45	126.7	14.8	27.7	2.0	-112.4	38.8	-20.1	-246.2	344.7	5945.0	-2337.9	-17.3	
77.50	128.1	14.9	25.8	2.0	-110.7	38.9	-17.9	-243.8	348.7	5814.6	-2326.1	-22.3	
77.55	129.5	15.3	23.9	2.0	-108.5	39.0	-14.4	-240.3	355.2	5660.5	-2280.9	-26.5	
77.60	130.9	15.9	23.1	2.0	-104.5	39.1	-14.2	-232.6	356.9	5388.5	-2195.9	-25.3	
77.65	132.3	15.9	22.8	2.0	-99.6	39.2	-17.7	-221.4	354.3	5057.5	-2117.2	-21.4	
77.70	133.6	15.9	22.0	2.0	-96.4	39.3	-21.1	-211.7	357.1	4817.9	-2111.5	-20.9	
77.75	135.0	15.7	20.4	2.0	-94.8	39.4	-19.1	-207.3	366.5	4698.0	-2106.2	-24.7	
77.80	136.3	15.3	18.8	2.0	-93.2	39.5	-12.1	-204.1	375.4	4619.8	-1990.7	-28.7	
77.85	137.6	14.9	17.1	2.0	-90.2	39.6	-3.6	-195.9	379.0	4501.4	-1741.7	-31.6	
77.90	139.0	14.6	15.0	2.0	-86.1	39.7	6.6	-190.3	379.6	4308.6	-1394.4	-34.5	
77.95	140.3	15.0	12.6	2.0	-81.7	39.8	16.7	-188.1	383.8	4058.6	-1093.9	-38.6	
78.00	141.6	15.3	10.6	2.0	-77.2	39.9	20.4	-180.1	389.3	3755.3	-959.3	-40.7	
78.05	143.0	15.4	9.9	2.0	-72.2	40.0	15.8	-166.8	388.9	3404.8	-954.4	-38.1	
78.10	144.3	15.3	9.0	2.0	-68.9	40.1	7.8	-157.2	386.0	3162.5	-1016.6	-38.1	
78.15	145.6	15.0	6.8	2.0	-68.8	40.2	4.2	-155.3	388.9	3136.7	-1087.2	-45.6	
78.20	146.9	14.9	4.1	2.0	-69.6	40.3	7.9	-159.7	396.5	3175.2	-1085.4	-55.6	
78.25	148.2	15.0	2.5	2.0	-68.4	40.4	14.0	-158.1	400.3	3113.7	-985.4	-60.0	
78.30	149.5	15.3	2.6	2.0	-65.2	40.5	18.0	-147.6	398.2	2941.2	-840.8	-56.4	
78.35	150.8	15.4	3.9	2.0	-61.7	40.6	21.0	-138.6	397.5	2724.5	-711.3	-48.1	
78.40	152.1	14.9	5.9	2.0	-59.2	40.7	23.7	-130.0	402.4	2570.9	-644.2	-39.0	
78.45	153.3	13.9	8.3	2.0	-57.4	40.8	24.0	-121.6	405.7	2455.2	-632.6	-28.8	
78.50	154.6	13.1	9.7	2.0	-56.8	40.9	21.6	-118.4	403.5	2413.7	-656.1	-23.4	
78.55	155.9	12.9	9.2	2.0	-59.5	41.0	16.8	-122.0	403.1	2582.9	-776.7	-27.9	
78.60	157.1	13.2	7.6	2.0	-64.5	41.1	13.3	-131.8	408.1	2889.5	-950.5	-38.3	
78.65	158.4	13.5	7.8	2.0	-67.6	41.2	11.8	-135.4	412.0	3080.6	-1081.1	-40.7	
78.70	159.6	13.8	9.6	2.0	-67.2	41.3	10.6	-128.4	410.0	3054.5	-1136.0	-34.1	
78.75	160.9	14.2	12.0	2.0	-64.8	41.4	10.0	-119.4	408.3	2885.0	-1145.6	-23.7	
78.80	162.1	14.3	14.2	2.0	-61.8	41.5	11.9	-112.2	412.1	2668.6	-1120.1	-13.2	
78.85	163.4	13.9	15.4	2.0	-58.2	41.6	15.7	-101.3	415.4	2435.1	-1040.4	-5.4	
78.90	164.6	14.1	16.3	2.0	-54.2	41.7	19.6	-87.4	413.8	2203.6	-915.2	1.7	
78.95	165.8	14.3	16.0	2.0	-52.2	41.8	22.0	-80.6	413.0	2100.5	-821.5	2.8	
79.00	167.0	14.4	13.3	2.0	-53.2	41.9	22.4	-83.2	416.9	2173.4	-804.2	-7.5	
79.05	168.2	14.2	10.2	2.0	-53.9	42.0	20.4	-87.0	418.7	2212.9	-815.1	-18.8	
79.10	169.4	14.1	7.9	2.0	-51.6	42.1	16.8	-82.7	414.3	2053.2	-799.2	-24.5	
79.15	170.7	13.9	6.7	2.0	-47.3	42.2	15.2	-71.1	410.7	1767.9	-729.9	-24.3	
79.20	171.9	13.4	4.6	2.0	-41.9	42.3	18.4	-58.5	412.0	1429.2	-572.1	-26.1	
79.25	173.1	13.0	2.4	2.0	-35.1	42.4	26.2	-46.3	412.1	1002.3	-295.9	-26.8	
79.30	174.3	12.7	0.4	2.0	-28.4	42.5	35.0	-31.8	408.4	556.1	31.9	-27.0	
79.35	175.4	13.1	-1.2	2.0	-25.9	42.6	42.9	-19.2	407.5	226.0	299.8	-30.2	
79.40	176.6	13.1	-3.0	2.0	-27.5	42.7	49.8	-17.1	411.7	45.3	473.3	-37.9	
79.45	177.8	13.2	-5.4	2.0	-28.1	42.8	50.6	-17.9	413.5	-21.2	517.2	-46.6	
79.50	179.0	13.7	-7.7	2.0	-27.0	42.9	44.5	-12.5	409.4	-100.6	448.0	-53.6	
79.55	180.2	13.9	-7.9	2.0	-26.4	43.0	37.3	-7.3	405.8	-277.5	336.9	-53.5	
79.60	181.4	13.8	-7.3	2.0	-27.2	43.1	32.8	-2.1	406.6	-460.5	228.5	-52.4	
79.65	182.5	13.9	-7.2	2.0	-28.3	43.2	31.3	4.3	406.0	-574.6	177.8	-53.0	
79.70	183.7	13.6	-5.7	2.0	-30.4	43.3	34.1	10.7	401.3	-713.9	241.4	-49.9	
79.75	184.8	13.5	-3.4	2.0	-32.7	43.4	40.1	19.6	399.2	-848.0	314.6	-44.3	
79.80	186.0	13.7	-0.9	2.0	-33.6	43.5	44.3	25.8	403.2	-909.8	259.9	-36.5	
79.85	187.1	13.8	1.4	2.0	-33.3	43.6	42.0	24.3	407.0	-925.8	65.5	-28.4	
79.90	188.2	13.7	2.8	2.0	-33.0	43.7	32.3	25.1	403.7	-895.8	-247.4	-23.5	
79.95	189.4	13.4	5.7	2.0	-34.6	43.8	19.6	31.1	398.6	-866.7	-622.3	-14.9	
80.00	190.5	13.3	9.6	2.0	-37.2	43.9	11.6	35.0	396.5	-865.8	-924.6	-4.4	
80.05	191.6	13.2	11.4	2.0	-39.0	44.0	7.5	38.0	394.9	-844.1	-1113.4	0.2	
80.10	192.7	13.0	11.9	2.0	-39.1	44.1	5.9	38.5	388.9	-809.3	-1157.6	1.7	
80.15	193.8	13.6	13.3	2.0	-39.0	44.2	8.1	40.2	382.2	-879.3	-1091.4	6.6	
80.20	194.9	13.7	15.7	2.0	-40.1	44.3	13.4	48.4	381.3	-1031.9	-1027.2	13.8	
80.25	196.0	13.6	17.8	2.0	-42.2	44.4	16.9	59.9	384.3	-1209.5	-1018.6	18.8	
80.30	197.1	13.7	18.3	2.0	-44.3	44.5	17.3	68.1	383.0	-1402.6	-995.0	18.5	
80.35	198.2	14.0	18.6	2.0	-46.5	44.6	15.6	75.2	376.4	-1616.0	-933.0	17.3	
80.40	199.3	14.4	18.9	2.0	-48.7	44.7	17.4	80.5	372.8	-1852.3	-813.0	16.2	
80.45	200.4	14.6	17.6	2.0	-50.7	44.8	22.9	83.0	373.6	-2072.5	-625.1	9.8	
80.50	201.5	14.7	13.3	2.0	-52.0	44.9	27.1	85.8	370.6	-2215.5	-384.9	-6.2	
80.55	202.6	14.8	10.0	2.0	-53.7	45.0	28.4	88.1	362.4	-2375.9	-126.1	-19.5	
80.60	203.7	14.8	8.5	2.0	-56.7	45.1	30.2	92.0	357.3	-2594.3	88.4	-27.5	
80.65	204.8	14.8	8.7	2.0	-60.5	45.2	33.9	102.4	360.4	-2839.4	218.3	-30.7	
80.70	205.8	14.7	9.5	2.0	-64.5	45.3	39.3	112.9	363.7	-3093.7	372.2	-32.0	
80.75	206.9	14.6	9.6	2.0	-68.1	45.4	43.2	119.0	358.9	-3317.3	602.0	-35.0	
80.80	208.0	13.9	8.8	2.0	-70.5	45.5	47.2	124.7	353.0	-3439.9	835.8	-40.4	
80.85	209.0	13.4	9.0	2.0	-72.0	45.6	55.4	126.8	353.7	-3489.6	1031.8	-41.3	
80.90	210.1	13.2	9.7	2.0	-72.5	45.7	63.6	125.5	355.7	-3474.1	1167.3	-39.3	
80.95	211.1	13.6	9.2	2.0	-71.5	45.8	63.1	124.9	350.7	-3392.7	1193.4	-39.9	
81.00	212.1	13.9	8.1	2.0	-69.7	45.9	55.6	124.2	342.1	-3290.9	1118.3	-41.9	
81.05	213.2	14.0	9.0	2.0	-68.3	46.0	48.1	126.4	338.2	-3236.1	960.4	-37.4	
81.10	214.2	13.7	12.7	2.0	-68.2	46.1	44.3	134.3	338.1	-3254.5	807.0	-24.7	
81.15	215.2	13.8	16.1	2.0	-68.8	46.2	44.9	142.4	335.9	-3287.3	780.9	-13.6	
81.20	216.3	14.1	17.4	2.0	-69.3	46.3	48.2	144.6	330.6	-3289.0	887.8	-9.7	
81.25	217.3	13.7	18.1	2.0	-70.0	46.4	53.1	145.0	326.2	-3303.4	1038.7	-7.9	
81.30	218.3	13.9	19.4	2.0	-70.6	46.5	58.2	146.1	324.6	-3313.6	1129.3	-4.2	
81.35	219.4	14.2	19.9	2.0	-70.1	46.6	60.0	145.6	322.2	-3273.9	1119.1	-1.7	
81.40	220.4	14.4	19.5	2.0	-68.6	46.7	55.4	144.0	315.5	-3203.4	1012.1	-1.5	
81.45	221.4	14.3	18.4	2.0	-66.7	46.8	45.5	142.2	307.3	-3128.0	831.6	-3.6	
81.50	222.4	14.0	17.2	2.0	-65.0	46.9	36.8	141.8	301.3	-3056.3	645.0	-5.8	
81.55	223.4	13.9	16.9	2.0	-64.1	47.0	33.8	142.7	298.3	-3007.5	529.3	-6.1	
81.60	224.4	14.1	18.2	2.0	-64.3	47.1	37.6	143.6	295.6	-3021.4	556.5	-2.0	
81.65	225.4	14.3	19.9	2.0	-65.6	47.2	44.9	145.0	291.5	-3082.5	710.0	2.7	
81.70	226.4	14.2	20.7	2.0	-67.4	47.3	50.8	149.5	287.2	-3162.1	873.1	3.8	
81.75	227.4	14.2	22.6	2.0	-69.5	47.4	53.4	156.3	283.0	-3296.1	932.6	8.0	
81.80	228.4	14.2	26.2	2.0	-71.9	47.5	51.1	165.4	278.7	-3496.1	810.1	17.9	
81.85	229.4	14.4	28.8	2.0	-73.7	47.6	43.2	173.8	274.6	-3667.0	550.1	25.3	
81.90	230.4	14.4	28.5	2.0	-74.5	47.7	33.4	177.0	270.5	-3755.7	294.7	23.3	
81.95	231.4	14.3	26.6	2.0	-75.1	47.8	26.1	177.6	265.3	-3818.4	146.1	16.1	
82.00	232.4	14.1	26.0	2.0	-76.9	47.9	23.9	180.1	259.9	-3950.1	126.1	12.3	
82.05	233.3	13.5	26.5	2.0	-79.5	48.0	28.9	183.8	256.8	-4135.7	224.6	11.4	
82.10	234.3	13.4	25.8	2.0	-82.1	48.1	37.8	186.3	254.9	-4302.8	418.0	6.6	
82.15	235.3	13.5	24.3	2.0	-84.6	48.2	45.0	190.8	249.6	-4456.4	659.6	-1.3	
82.20	236.2	13.5	25.0	2.0	-88.4	48.3	48.5	200.9	241.4	-4687.6	865.9	-2.6	
82.25	237.2	14.0	27.2	2.0	-92.6	48.4	51.6	210.2	235.7	-4959.1	996.5	0.6	
82.30	238.1	14.4	27.6	2.0	-95.3	48.5	52.7	216.4	234.3	-5145.4	1005.9	-0.7	
82.35	239.1	14.1	25.3	2.0	-96.8	48.6	51.7	217.9	231.7	-5261.7	999.8	-10.0	
82.40	240.0	14.0	22.7	2.0	-98.6	48.7	48.9	217.7	223.7	-5399.8	1042.5	-20.7	
82.45	240.9	13.9	21.2	2.0	-100.8	48.8	46.3	220.0	215.5	-5568.8	1071.5	-28.1	
82.50	241.9	13.6	20.0	2.0	-102.7	48.9	46.7	222.8	211.5	-5711.4	1049.1	-33.9	
82.55	242.8	13.6	19.8	2.0	-104.1	49.0	48.9	224.1	209.8	-5831.2	993.9	-36.3	
82.60	243.7	13.5	21.8	2.0	-106.5	49.1	47.1	229.4	204.3	-6010.6	917.7	-31.8	
82.65	244.7	13.1	25.1	2.0	-109.4	49.2	41.7	239.2	196.5	-6232.5	811.6	-23.3	
82.70	245.6	12.8	28.2	2.0	-111.3	49.3	36.6	248.5	193.2	-6377.8	630.9	-14.5	
82.75	246.5	12.3	30.2	2.0	-111.2	49.4	34.2	249.7	193.3	-6381.5	433.1	-7.6	
82.80	247.4	11.5	31.8	2.0	-109.5	49.5	32.0	246.8	190.9	-6274.2	259.8	-0.3	
82.85	248.3	11.8	33.7	2.0	-107.5	49.6	29.8	244.1	184.3	-6137.1	147.0	8.3	
82.90	249.2	12.1	34.8	2.0	-105.4	49.7	28.8	242.1	177.8	-5989.1	57.9	14.0	
82.95	250.1	12.2	35.3	2.0	-103.3	49.8	27.8	238.4	174.5	-5844.1	-73.8	17.8	
83.00	251.0	11.9	36.6	2.0	-102.1	49.9	24.8	237.0	170.4	-5758.9	-229.6	23.4	
83.05	251.9	11.9	38.7	2.0	-102.4	50.0	20.0	239.2	162.9	-5775.5	-352.4	30.4	
83.10	252.8	12.0	40.6	2.0	-103.0	50.1	15.0	242.3	157.2	-5812.4	-481.6	36.3	
83.15	253.7	12.2	41.4	2.0	-103.3	50.2	11.6	244.9	155.1	-5814.6	-628.8	38.7	
83.20	254.5	12.0	41.7	2.0	-103.9	50.3	10.8	246.3	151.7	-5846.6	-702.0	39.2	
83.25	255.4	11.6	42.7	2.0	-105.3	50.4	10.2	247.3	144.7	-5960.4	-702.5	41.3	
83.30	256.3	11.7	42.8	2.0	-106.8	50.5	8.0	249.7	137.6	-6070.6	-719.8	40.2	
83.35	257.2	12.0	42.3	2.0	-108.2	50.6	6.8	252.3	132.4	-6174.0	-727.2	37.0	
83.40	258.0	12.3	43.1	2.0	-110.2	50.7	6.0	257.1	127.3	-6319.8	-703.6	37.6	
83.45	258.9	12.3	43.7	2.0	-112.7	50.8	4.5	265.4	119.7	-6495.8	-635.9	37.3	
83.50	259.7	12.5	42.6	2.0	-114.2	50.9	5.3	270.1	113.4	-6614.2	-524.2	32.2	
83.55	260.6	12.6	40.5	2.0	-114.6	51.0	9.2	267.5	110.1	-6658.7	-396.6	24.3	
83.60	261.4	12.0	37.4	2.0	-114.6	51.1	14.6	266.5	106.9	-6671.4	-257.4	13.9	
83.65	262.3	11.4	36.4	2.0	-114.9	51.2	19.8	267.2	102.0	-6696.0	-85.1	10.2	
83.70	263.1	10.9	35.1	2.0	-115.2	51.3	25.6	266.5	96.8	-6726.1	120.2	5.3	
83.75	264.0	10.8	33.7	2.0	-115.4	51.4	31.0	266.6	92.5	-6735.3	306.3	0.4	
83.80	264.8	10.7	32.6	2.0	-115.8	51.5	36.9	265.2	88.9	-6761.7	505.1	-3.8	
83.85	265.7	10.9	31.2	2.0	-116.1	51.6	41.8	263.4	84.4	-6771.7	705.4	-9.1	
83.90	266.5	11.3	29.8	2.0	-115.7	51.7	43.7	263.0	79.2	-6726.8	852.3	-13.3	
83.95	267.3	11.5	29.3	2.0	-115.5	51.8	45.7	263.5	74.5	-6696.1	969.9	-15.1	
84.00	268.1	11.6	29.4	2.0	-115.7	51.9	47.8	264.3	71.1	-6702.7	1045.9	-14.9	
84.05	269.0	11.7	29.1	2.0	-115.9	52.0	47.4	266.8	68.3	-6712.5	1053.2	-15.9	
84.10	269.8	11.5	28.9	2.0	-116.2	52.1	45.4	267.0	64.7	-6738.4	1053.0	-16.9	
84.15	270.6	11.2	29.4	2.0	-116.6	52.2	43.2	266.8	59.3	-6771.4	1070.3	-15.8	
84.20	271.4	10.7	29.7	2.0	-116.3	52.3	41.1	268.6	53.7	-6748.8	1051.5	-14.4	
84.25	272.2	11.2	30.3	2.0	-114.9	52.4	40.4	265.5	50.0	-6663.9	989.4	-10.8	
84.30	273.0	11.7	30.9	2.0	-113.1	52.5	38.0	262.2	46.0	-6561.5	870.0	-7.0	
84.35	273.8	12.0	31.5	2.0	-111.2	52.6	32.0	260.9	39.7	-6446.9	699.1	-3.2	
84.40	274.6	12.4	32.6	2.0	-108.9	52.7	25.4	257.3	33.2	-6307.4	523.5	2.9	
84.45	275.4	12.5	33.3	2.0	-106.0	52.8	21.5	253.0	28.2	-6109.8	360.5	8.5	
84.50	276.2	12.3	34.7	2.0	-103.1	52.9	20.2	252.5	24.1	-5907.0	214.8	15.9	
84.55	276.9	12.4	37.1	2.0	-101.2	53.0	21.1	251.9	19.0	-5772.1	127.6	26.2	
84.60	277.7	12.3	39.7	2.0	-100.1	53.1	21.7	249.9	12.9	-5694.7	65.1	36.2	
84.65	278.5	12.1	40.6	2.0	-98.5	53.2	19.9	245.8	7.6	-5590.8	-48.8	40.9	
84.70	279.3	11.7	41.3	2.0	-97.4	53.3	17.1	242.4	3.2	-5516.8	-203.8	44.5	
84.75	280.0	12.1	43.4	2.0	-98.1	53.4	13.7	243.9	-2.4	-5562.3	-359.3	51.0	
84.80	280.8	12.6	45.9	2.0	-99.7	53.5	8.8	248.8	-6.9	-5652.3	-551.5	57.7	
84.85	281.5	12.8	46.1	2.0	-100.8	53.6	4.0	248.2	-9.4	-5713.9	-717.9	57.7	
84.90	282.3	12.8	44.6	2.0	-101.1	53.7	1.7	244.0	-13.1	-5745.7	-758.7	51.9	
84.95	283.1	12.8	43.4	2.0	-101.7	53.8	2.8	244.1	-19.1	-5798.2	-666.9	47.3	
85.00	283.8	13.3	42.9	2.0	-103.1	53.9	8.5	246.5	-23.7	-5904.8	-491.3	44.2	
85.05	284.6	13.1	41.6	2.0	-104.2	54.0	14.6	247.6	-25.8	-6000.4	-319.5	38.7	
85.10	285.3	13.1	39.6	2.0	-105.1	54.1	17.7	248.5	-28.7	-6066.0	-179.9	30.8	
85.15	286.1	13.4	38.4	2.0	-106.7	54.2	19.4	248.4	-34.1	-6183.3	-18.2	25.1	
85.20	286.8	13.6	37.8	2.0	-108.7	54.3	19.9	250.1	-38.0	-6332.4	98.5	21.1	
85.25	287.5	14.0	36.0	2.0	-110.2	54.4	20.0	253.4	-39.6	-6434.5	141.6	13.5	
85.30	288.3	14.8	34.0	2.0	-111.3	54.5	22.2	254.7	-42.0	-6506.4	229.8	5.5	
85.35	289.0	14.2	32.9	2.0	-112.4	54.6	25.2	253.1	-47.4	-6581.2	399.0	0.5	
85.40	289.7	13.7	31.1	2.0	-112.9	54.7	27.6	250.6	-52.1	-6611.8	555.4	-6.1	
85.45	290.4	13.3	29.0	2.0	-112.9	54.8	30.0	248.3	-55.4	-6607.4	660.1	-13.4	
85.50	291.1	13.2	29.1	2.0	-113.7	54.9	31.3	249.7	-58.5	-6650.8	704.1	-13.7	
85.55	291.8	13.2	31.3	2.0	-115.0	55.0	30.3	256.8	-62.8	-6727.1	690.8	-7.5	
85.60	292.5	13.3	33.7	2.0	-115.5	55.1	26.8	261.1	-66.2	-6762.9	606.3	0.3	
85.65	293.2	13.3	34.6	2.0	-115.0	55.2	23.7	259.5	-68.6	-6733.4	505.6	3.9	
85.70	293.9	13.2	35.5	2.0	-114.0	55.3	22.5	257.9	-71.9	-6669.6	421.5	8.0	
85.75	294.6	13.2	36.9	2.0	-113.4	55.4	22.8	258.2	-75.9	-6625.8	350.3	13.4	
85.80	295.3	13.4	38.7	2.0	-112.8	55.5	24.4	255.9	-78.8	-6584.7	297.7	20.1	
85.85	295.9	13.5	39.1	2.0	-111.4	55.6	23.5	251.6	-81.5	-6494.4	212.9	22.9	
85.90	296.6	13.5	39.2	2.0	-110.0	55.7	19.1	248.2	-86.0	-6398.1	99.0	24.4	
85.95	297.3	13.3	39.3	2.0	-108.3	55.8	14.9	243.9	-90.8	-6279.7	-18.2	26.5	
86.00	298.0	13.4	38.9	2.0	-105.7	55.9	11.1	238.2	-92.9	-6090.7	-185.2	27.9	
86.05	298.7	13.6	38.2	2.0	-102.4	56.0	7.0	230.6	-94.1	-5853.8	-374.9	28.6	
86.10	299.3	14.1	38.3	2.0	-99.7	56.1	3.2	225.7	-97.4	-5653.6	-516.5	31.7	
86.15	300.0	14.5	39.2	2.0	-97.9	56.2	1.9	222.3	-102.5	-5515.9	-565.7	36.5	
86.20	300.7	14.5	39.9	2.0	-96.5	56.3	3.3	220.0	-105.5	-5418.3	-558.6	40.4	
86.25	301.3	14.1	40.5	2.0	-95.4	56.4	4.9	217.6	-106.9	-5341.2	-543.9	43.7	
86.30	302.0	14.3	41.3	2.0	-94.9	56.5	5.9	216.2	-110.2	-5308.1	-501.6	46.8	
86.35	302.6	14.4	42.2	2.0	-94.4	56.6	4.3	216.0	-115.0	-5264.7	-491.3	50.3	
86.40	303.3	14.6	41.6	2.0	-93.3	56.7	0.5	215.4	-117.9	-5178.7	-562.3	49.6	
86.45	303.9	14.5	40.9	2.0	-92.4	56.8	-3.8	213.1	-119.4	-5100.4	-674.8	48.0	
86.50	304.5	14.4	40.0	2.0	-92.0	56.9	-8.4	211.4	-122.2	-5057.8	-778.0	45.5	
86.55	305.2	14.4	39.9	2.0	-92.1	57.0	-12.5	211.6	-127.8	-5054.4	-809.0	44.9	
86.60	305.8	14.4	40.2	2.0	-92.1	57.1	-10.6	211.1	-131.9	-5066.7	-712.1	45.7	
86.65	306.4	14.8	40.5	2.0	-92.0	57.2	-3.8	210.5	-132.9	-5081.1	-545.6	46.9	
86.70	307.0	15.3	40.2	2.0	-92.5	57.3	4.2	213.4	-135.0	-5127.5	-335.4	45.4	
86.75	307.6	15.6	40.1	2.0	-93.5	57.4	10.9	214.9	-138.8	-5206.9	-115.2	44.3	
86.80	308.3	15.6	39.2	2.0	-94.1	57.5	14.2	212.0	-141.3	-5253.7	29.0	40.7	
86.85	308.9	15.2	36.8	2.0	-93.9	57.6	14.5	209.4	-143.2	-5248.7	95.0	32.5	
86.90	309.5	14.4	34.1	2.0	-93.5	57.7	15.2	207.5	-145.7	-5221.0	141.2	23.5	
86.95	310.1	14.2	32.0	2.0	-93.5	57.8	16.1	205.1	-149.3	-5218.0	200.1	16.3	
87.00	310.7	14.0	29.7	2.0	-93.5	57.9	16.7	202.2	-153.0	-5221.8	283.8	8.5	
87.05	311.3	13.8	27.6	2.0	-93.4	58.0	17.8	197.9	-155.1	-5217.9	383.7	1.3	
87.10	311.9	13.5	26.6	2.0	-93.7	58.1	21.2	194.2	-157.9	-5234.3	529.7	-2.5	
87.15	312.5	13.2	27.1	2.0	-94.7	58.2	25.3	196.5	-161.1	-5289.9	668.3	-1.6	
87.20	313.1	13.2	28.4	2.0	-95.5	58.3	29.0	201.3	-162.8	-5319.9	745.2	2.0	
87.25	313.7	13.8	29.2	2.0	-95.4	58.4	31.1	199.8	-162.8	-5311.7	762.5	4.8	
87.30	314.3	13.9	28.9	2.0	-94.6	58.5	29.1	195.8	-164.3	-5272.0	704.7	4.6	
87.35	314.9	13.7	28.9	2.0	-93.8	58.6	24.1	195.5	-168.4	-5222.0	598.4	5.6	
87.40	315.4	13.1	30.1	2.0	-93.3	58.7	20.4	195.1	-171.7	-5197.2	480.8	10.1	
87.45	316.0	13.1	30.6	2.0	-92.1	58.8	16.3	192.1	-173.3	-5130.1	319.5	13.0	
87.50	316.6	13.5	29.8	2.0	-89.9	58.9	9.9	188.9	-176.1	-4982.4	122.9	12.4	
87.55	317.2	14.2	30.0	2.0	-87.6	59.0	5.2	183.4	-179.7	-4822.5	-32.4	15.4	
87.60	317.7	14.4	32.1	2.0	-85.9	59.1	2.6	179.3	-180.9	-4700.6	-181.0	24.2	
87.65	318.3	14.6	34.6	2.0	-84.7	59.2	0.9	180.3	-181.1	-4595.1	-336.9	34.1	
87.70	318.8	14.9	36.8	2.0	-83.9	59.3	1.8	182.7	-182.9	-4521.0	-409.3	42.3	
87.75	319.4	15.0	39.7	2.0	-82.5	59.4	3.3	179.9	-186.2	-4423.6	-405.2	53.9	
87.80	319.9	14.9	40.8	2.0	-80.8	59.5	3.1	174.3	-188.6	-4306.0	-428.0	59.2	
87.85	320.5	14.5	39.1	2.0	-79.2	59.6	2.0	168.5	-190.9	-4186.2	-501.1	55.0	
87.90	321.1	14.3	37.7	2.0	-77.7	59.7	-1.3	161.8	-193.7	-4073.4	-638.3	51.7	
87.95	321.6	14.2	36.0	2.0	-76.4	59.8	-6.0	156.9	-195.8	-3955.5	-801.0	47.4	
88.00	322.2	13.9	35.0	2.0	-75.7	59.9	-10.4	155.3	-198.0	-3881.7	-921.4	44.4	
88.05	322.7	13.8	35.0	2.0	-75.4	60.0	-12.8	151.9	-200.9	-3856.5	-956.8	44.6	
88.10	323.2	13.6	34.7	2.0	-75.5	60.1	-12.3	150.2	-203.5	-3877.7	-918.0	43.5	
88.15	323.8	13.5	34.6	2.0	-76.0	60.2	-7.9	151.8	-204.7	-3932.5	-802.4	42.8	
88.20	324.3	13.7	34.6	2.0	-76.2	60.3	0.9	153.5	-205.6	-3980.3	-573.9	42.8	
88.25	324.8	13.7	33.8	2.0	-75.2	60.4	9.5	152.6	-207.4	-3939.1	-290.9	40.7	
88.30	325.4	13.4	32.1	2.0	-73.6	60.5	13.3	148.3	-210.0	-3837.4	-72.3	36.6	
88.35	325.9	14.0	29.5	2.0	-72.6	60.6	15.0	144.4	-212.5	-3772.4	73.8	28.6	
88.40	326.4	14.1	27.7	2.0	-72.1	60.7	14.4	142.9	-213.9	-3734.9	126.8	22.9	
88.45	326.9	13.8	25.2	2.0	-71.3	60.8	11.4	141.9	-213.7	-3681.0	108.3	15.0	
88.50	327.4	13.9	23.2	2.0	-70.8	60.9	10.3	139.5	-215.5	-3646.6	164.3	8.8	
88.55	328.0	14.1	22.5	2.0	-71.2	61.0	10.8	140.2	-220.1	-3660.6	295.2	6.0	
88.60	328.5	14.4	21.7	2.0	-71.7	61.1	15.5	140.1	-222.2	-3676.8	467.3	3.0	
88.65	329.0	14.4	21.5	2.0	-72.4	61.2	22.8	137.2	-220.5	-3714.2	639.3	1.4	
88.70	329.5	14.7	21.9	2.0	-73.2	61.3	27.0	136.4	-220.3	-3757.2	756.5	2.1	
88.75	330.0	15.1	22.6	2.0	-73.9	61.4	28.6	138.5	-224.4	-3780.1	842.4	3.7	
88.80	330.5	15.4	23.0	2.0	-73.1	61.5	26.5	138.5	-226.1	-3727.9	796.2	6.0	
88.85	331.0	15.4	22.8	2.0	-71.5	61.6	22.4	136.4	-224.8	-3643.4	637.3	6.9	
88.90	331.5	15.2	22.5	2.0	-70.4	61.7	18.8	134.5	-225.9	-3586.4	488.4	6.9	
88.95	332.0	14.6	22.7	2.0	-68.8	61.8	14.1	129.9	-229.8	-3491.5	361.1	9.1	
89.00	332.5	14.2	21.8	2.0	-66.3	61.9	10.7	122.0	-232.9	-3332.9	264.1	8.6	
89.05	333.0	14.0	20.4	2.0	-63.8	62.0	12.3	114.0	-233.9	-3168.2	222.8	6.4	
89.10	333.5	13.8	21.6	2.0	-62.1	62.1	14.7	110.3	-233.5	-3058.6	170.3	11.8	
89.15	334.0	13.7	22.9	2.0	-60.9	62.2	15.6	107.7	-234.5	-2970.5	98.7	17.9	
89.20	334.5	13.5	23.7	2.0	-59.1	62.3	14.1	102.5	-236.4	-2849.7	-11.6	22.3	
89.25	334.9	13.1	24.0	2.0	-57.3	62.4	11.5	98.6	-236.9	-2724.1	-149.3	25.0	
89.30	335.4	13.4	25.7	2.0	-56.5	62.5	8.8	98.2	-237.4	-2657.3	-282.6	31.7	
89.35	335.9	13.7	26.8	2.0	-56.5	62.6	5.8	98.9	-240.3	-2638.4	-393.6	35.4	
89.40	336.4	13.5	26.8	2.0	-56.5	62.7	1.2	98.1	-243.8	-2614.8	-511.2	35.7	
89.45	336.9	13.9	26.0	2.0	-55.9	62.8	-3.1	94.1	-245.5	-2557.0	-605.3	33.4	
89.50	337.3	14.1	26.3	2.0	-55.4	62.9	-5.8	89.7	-246.3	-2524.9	-656.4	35.0	
89.55	337.8	14.2	27.2	2.0	-56.0	63.0	-5.4	90.1	-247.7	-2566.9	-652.9	37.4	
89.60	338.3	14.2	27.7	2.0	-56.8	63.1	-4.6	93.4	-247.5	-2621.3	-651.0	38.2	
89.65	338.8	13.9	26.5	2.0	-56.5	63.2	-2.7	94.8	-247.2	-2609.6	-585.7	34.4	
89.70	339.2	13.6	25.1	2.0	-54.8	63.3	-0.1	90.0	-247.7	-2517.4	-450.3	31.4	
89.75	339.7	13.6	23.0	2.0	-52.5	63.4	4.5	83.4	-249.8	-2392.2	-248.0	26.5	
89.80	340.1	13.7	20.7	2.0	-50.6	63.5	9.4	78.6	-251.0	-2269.3	-59.0	20.5	
89.85	340.6	13.9	19.2	2.0	-49.1	63.6	10.9	75.0	-250.3	-2165.8	39.1	16.7	
89.90	341.1	14.3	17.8	2.0	-48.7	63.7	10.1	75.1	-251.6	-2133.1	91.3	12.5	
89.95	341.5	14.5	18.0	2.0	-49.5	63.8	8.5	77.6	-255.4	-2181.7	133.4	12.3	
90.00	342.0	14.6	17.0	2.0	-49.8	63.9	8.3	77.3	-256.1	-2204.6	156.7	8.5	
90.05	342.5	14.4	15.3	2.0	-49.1	64.0	10.1	72.7	-253.0	-2163.9	188.0	3.6	
90.10	342.9	14.8	13.6	2.0	-48.2	64.1	15.1	67.0	-252.5	-2095.9	308.5	-1.6	
90.15	343.4	15.3	14.0	2.0	-48.2	64.2	20.3	64.5	-255.8	-2064.8	470.6	-0.2	
90.20	343.8	15.8	14.7	2.0	-48.6	64.3	24.5	64.5	-257.0	-2059.5	588.3	2.0	
90.25	344.3	15.6	15.4	2.0	-48.8	64.4	27.1	64.4	-254.1	-2069.1	621.6	3.9	
90.30	344.7	15.4	15.9	2.0	-48.9	64.5	25.5	62.3	-253.9	-2088.2	592.7	5.6	
90.35	345.2	15.5	14.6	2.0	-48.0	64.6	20.5	61.3	-258.3	-2041.0	536.9	2.2	
90.40	345.6	15.5	12.7	2.0	-46.0	64.7	16.5	59.7	-260.8	-1903.4	475.4	-2.3	
90.45	346.1	15.6	11.7	2.0	-43.7	64.8	17.5	54.0	-259.1	-1744.5	463.0	-3.5	
90.50	346.5	15.8	10.4	2.0	-41.6	64.9	18.4	48.9	-258.4	-1596.6	455.9	-5.8	
90.55	347.0	15.8	9.2	2.0	-40.1	65.0	15.8	46.1	-261.7	-1495.0	421.1	-8.4	
90.60	347.4	15.9	9.8	2.0	-39.2	65.1	14.2	41.5	-263.7	-1454.8	381.7	-5.7	
90.65	347.9	15.9	11.0	2.0	-39.0	65.2	15.7	39.9	-262.0	-1448.2	344.4	-1.3	
90.70	348.3	15.7	12.9	2.0	-38.9	65.3	15.5	44.5	-260.3	-1445.8	267.9	5.3	
90.75	348.8	15.3	14.0	2.0	-38.1	65.4	12.9	44.7	-262.2	-1395.8	187.3	9.8	
90.80	349.2	15.1	13.4	2.0	-36.1	65.5	7.8	38.4	-264.9	-1274.3	72.0	10.0	
90.85	349.6	15.6	12.7	2.0	-34.2	65.6	1.4	35.9	-265.9	-1142.3	-103.0	9.3	
90.90	350.1	16.1	13.9	2.0	-34.3	65.7	-2.4	39.3	-266.2	-1109.9	-263.1	13.4	
90.95	350.5	16.4	15.9	2.0	-35.1	65.8	-4.7	40.9	-266.7	-1128.2	-391.9	19.6	
91.00	350.9	16.1	16.6	2.0	-35.1	65.9	-8.8	38.4	-267.2	-1079.8	-525.2	21.8	
91.05	351.4	15.9	16.5	2.0	-34.9	66.0	-11.6	35.0	-267.3	-1021.2	-612.9	21.8	
91.10	351.8	15.9	16.7	2.0	-34.2	66.1	-7.0	32.5	-267.4	-1006.9	-553.0	23.1	
91.15	352.2	16.2	16.8	2.0	-33.0	66.2	0.4	30.5	-266.2	-974.3	-439.6	24.5	
91.20	352.7	16.6	14.6	2.0	-31.3	66.3	3.2	28.2	-264.8	-862.4	-381.6	18.9	
91.25	353.1	16.8	12.6	2.0	-29.3	66.4	1.6	21.0	-266.2	-730.3	-362.3	13.9	
91.30	353.5	16.6	12.0	2.0	-28.5	66.5	0.5	16.5	-269.3	-693.2	-331.6	12.7	
91.35	354.0	16.1	12.0	2.0	-29.2	66.6	-0.4	20.4	-269.4	-732.9	-333.5	12.1	
91.40	354.4	15.8	11.3	2.0	-29.3	66.7	0.1	22.2	-266.8	-751.8	-310.4	9.4	
91.45	354.8	15.6	8.4	2.0	-28.0	66.8	1.8	16.6	-267.3	-701.7	-191.9	1.0	
91.50	355.2	15.8	6.2	2.0	-26.7	66.9	3.8	12.9	-271.2	-636.9	-2.5	-5.4	
91.55	355.7	15.8	6.1	2.0	-27.7	67.0	9.6	13.8	-271.7	-664.4	224.6	-6.6	
91.60	356.1	15.6	6.5	2.0	-30.3	67.1	18.8	13.9	-268.2	-758.7	447.3	-8.0	
91.65	356.5	16.2	5.8	2.0	-31.8	67.2	21.8	14.1	-266.6	-815.8	563.3	-12.0	
91.70	356.9	16.6	3.6	2.0	-31.7	67.3	18.3	13.9	-270.0	-790.2	589.2	-19.2	
91.75	357.3	16.6	3.6	2.0	-31.5	67.4	15.8	12.5	-272.5	-778.2	596.8	-19.3	
91.80	357.8	16.3	3.1	2.0	-31.2	67.5	15.5	11.9	-270.5	-765.6	578.7	-20.4	
91.85	358.2	16.0	1.4	2.0	-29.9	67.6	13.9	12.2	-268.6	-678.4	534.3	-25.2	
91.90	358.6	15.7	-0.2	2.0	-28.4	67.7	11.9	8.5	-271.2	-553.0	530.4	-29.1	
91.95	359.0	15.6	-0.3	2.0	-27.6	67.8	11.3	3.1	-275.0	-444.7	550.5	-28.8	
92.00	359.4	15.5	0.3	2.0	-26.5	67.9	11.2	4.5	-274.1	-371.3	499.4	-25.5	
92.05	359.8	15.4	2.7	2.0	-25.4	68.0	11.7	8.7	-270.0	-360.9	397.9	-16.3	
92.10	0.2	15.1	4.8	2.0	-24.7	68.1	12.6	6.7	-269.8	-361.9	317.6	-8.1	
92.15	0.6	15.3	4.5	2.0	-22.4	68.2	9.2	3.4	-272.7	-268.9	180.8	-7.0	
92.20	1.0	15.5	3.7	2.0	-19.6	68.3	3.9	1.0	-272.4	-121.0	-22.0	-6.9	
92.25	1.3	15.6	4.5	2.0	-20.1	68.4	3.7	-4.9	-269.6	8.1	-158.1	-4.8	
92.30	1.7	15.0	6.1	2.0	-21.8	68.5	3.4	-9.3	-269.7	98.2	-259.6	-0.8	
92.35	2.1	14.5	6.7	2.0	-24.1	68.6	-2.3	-10.1	-272.9	198.8	-402.0	-1.2	
92.40	2.5	14.1	6.6	2.0	-26.5	68.7	-7.7	-13.7	-274.5	294.8	-533.5	-3.9	
92.45	2.9	14.0	7.4	2.0	-27.3	68.8	-7.0	-17.9	-273.3	329.8	-577.3	-2.0	
92.50	3.3	13.9	8.1	2.0	-27.5	68.9	-5.8	-16.1	-271.6	331.9	-599.9	0.4	
92.55	3.7	13.6	8.4	2.0	-27.4	69.0	-5.8	-14.3	-271.3	329.8	-600.2	1.4	
92.60	4.1	12.9	7.9	2.0	-26.7	69.1	-2.8	-19.7	-272.5	358.9	-501.6	0.4	
92.65	4.4	12.8	6.0	2.0	-26.3	69.2	0.5	-25.9	-272.4	412.8	-387.4	-5.6	
92.70	4.8	13.2	4.7	2.0	-26.4	69.3	1.5	-28.6	-270.9	479.7	-312.8	-10.2	
92.75	5.2	13.6	3.8	2.0	-26.3	69.4	4.1	-32.4	-271.0	518.4	-191.3	-13.4	
92.80	5.6	13.7	2.7	2.0	-26.5	69.5	5.8	-34.1	-273.1	551.1	-63.6	-17.4	
92.85	5.9	13.7	1.0	2.0	-27.0	69.6	2.7	-32.7	-274.5	601.9	-27.3	-23.7	
92.90	6.3	13.4	-0.2	2.0	-27.2	69.7	1.0	-32.6	-274.6	616.9	12.1	-28.0	
92.95	6.7	13.3	-0.1	2.0	-27.1	69.8	3.4	-34.5	-274.2	590.0	103.4	-27.5	
93.00	7.0	13.2	-0.0	2.0	-27.3	69.9	6.2	-34.6	-273.6	588.7	195.5	-27.4	
93.05	7.4	13.4	-0.5	2.0	-28.0	70.0	8.7	-34.7	-272.3	608.2	276.0	-29.7	
93.10	7.8	13.6	-0.0	2.0	-28.6	70.1	13.3	-34.4	-271.9	589.7	394.4	-28.6	
93.15	8.1	13.8	0.8	2.0	-28.8	70.2	17.2	-31.8	-272.3	536.6	487.4	-26.0	
93.20	8.5	13.4	1.1	2.0	-28.2	70.3	17.1	-31.2	-271.4	498.0	468.9	-24.4	
93.25	8.8	13.4	0.7	2.0	-27.7	70.4	15.4	-35.6	-270.1	502.5	395.3	-25.3	
93.30	9.2	13.6	0.2	2.0	-27.7	70.5	11.6	-39.7	-270.6	561.8	285.6	-26.9	
93.35	9.5	14.0	0.0	2.0	-27.9	70.6	7.1	-38.6	-272.5	632.0	167.6	-27.9	
93.40	9.9	14.2	0.4	2.0	-28.3	70.7	5.5	-37.1	-272.6	685.0	79.3	-27.0	
93.45	10.2	14.4	0.7	2.0	-29.1	70.8	5.6	-39.9	-269.9	739.3	6.9	-26.7	
93.50	10.6	14.4	1.5	2.0	-30.1	70.9	5.5	-43.1	-268.1	807.1	-36.3	-25.1	
93.55	10.9	14.2	2.1	2.0	-31.3	71.0	7.1	-47.1	-269.6	886.0	12.4	-24.1	
93.60	11.2	13.9	2.3	2.0	-32.5	71.1	12.5	-50.5	-270.7	952.5	132.9	-24.5	
93.65	11.6	13.4	3.0	2.0	-33.7	71.2	16.1	-53.0	-268.2	1030.2	170.7	-23.5	
93.70	11.9	14.0	2.9	2.0	-34.6	71.3	13.8	-56.0	-266.2	1101.9	90.8	-24.5	
93.75	12.2	14.1	2.5	2.0	-35.0	71.4	7.3	-60.0	-268.5	1131.5	-37.3	-26.6	
93.80	12.6	13.7	1.9	2.0	-35.8	71.5	0.4	-62.9	-271.3	1169.7	-171.2	-29.2	
93.85	12.9	13.9	1.5	2.0	-37.2	71.6	-4.0	-62.9	-269.1	1251.8	-296.0	-31.9	
93.90	13.2	13.9	1.5	2.0	-38.6	71.7	-3.7	-63.5	-267.0	1355.5	-311.1	-33.4	
93.95	13.5	13.8	2.1	2.0	-39.5	71.8	-1.5	-65.5	-269.5	1436.6	-217.7	-32.1	
94.00	13.8	14.0	2.5	2.0	-40.4	71.9	0.6	-68.5	-271.9	1507.7	-114.7	-31.7	
94.05	14.2	14.2	3.0	2.0	-40.6	72.0	3.6	-70.6	-269.2	1521.4	-56.9	-30.4	
94.10	14.5	14.4	4.0	2.0	-40.2	72.1	6.9	-70.5	-265.7	1492.6	-29.6	-26.5	
94.15	14.8	14.4	4.7	2.0	-39.7	72.2	6.4	-66.9	-266.6	1467.9	-44.1	-23.4	
94.20	15.1	14.3	4.6	2.0	-40.1	72.3	1.9	-64.9	-269.1	1499.7	-124.4	-24.5	
94.25	15.4	14.4	3.8	2.0	-41.6	72.4	-2.3	-70.4	-268.4	1580.4	-248.3	-28.4	
94.30	15.7	14.9	3.1	2.0	-43.0	72.5	-4.4	-77.6	-265.7	1647.4	-354.9	-32.3	
94.35	16.0	14.7	2.9	2.0	-44.0	72.6	-4.5	-79.7	-266.2	1716.6	-363.6	-34.0	
94.40	16.3	14.3	3.2	2.0	-44.6	72.7	-3.5	-78.8	-268.5	1780.9	-294.1	-33.5	
94.45	16.6	14.1	3.8	2.0	-44.7	72.8	0.6	-78.3	-268.1	1806.9	-178.5	-31.6	
94.50	16.9	14.3	4.7	2.0	-44.1	72.9	6.3	-77.1	-264.9	1772.6	-57.7	-28.0	
94.55	17.3	14.3	4.8	2.0	-43.4	73.0	11.3	-76.6	-263.0	1717.7	68.2	-27.1	
94.60	17.6	13.9	3.9	2.0	-43.3	73.1	13.0	-78.2	-262.9	1700.8	166.7	-30.0	
94.65	17.9	13.5	2.6	2.0	-44.7	73.2	12.8	-82.0	-262.9	1790.3	227.3	-35.9	
94.70	18.2	13.1	1.6	2.0	-46.5	73.3	13.5	-86.9	-262.7	1906.9	283.1	-41.0	
94.75	18.5	12.9	0.7	2.0	-47.0	73.4	14.6	-89.3	-262.5	1928.1	334.6	-44.5	
94.80	18.8	13.0	-1.1	2.0	-46.6	73.5	12.1	-90.2	-261.8	1892.3	335.1	-50.3	
94.85	19.1	13.4	-2.8	2.0	-46.3	73.6	8.9	-91.3	-261.5	1866.0	344.0	-56.0	
94.90	19.4	13.8	-2.9	2.0	-46.9	73.7	10.5	-93.1	-262.2	1884.9	457.0	-57.0	
94.95	19.6	13.6	-2.4	2.0	-48.3	73.8	16.3	-92.8	-262.4	1936.5	641.9	-56.5	
95.00	19.9	13.4	-1.9	2.0	-50.1	73.9	21.5	-92.5	-260.6	2029.9	783.2	-56.6	
95.05	20.2	13.3	-1.8	2.0	-51.7	74.0	23.3	-96.2	-258.7	2135.3	825.1	-57.8	
95.10	20.5	13.1	-1.6	2.0	-53.0	74.1	21.9	-102.8	-258.8	2236.5	787.2	-58.5	
95.15	20.8	13.0	-1.8	2.0	-53.8	74.2	17.9	-103.5	-260.5	2325.1	693.6	-59.9	
95.20	21.1	12.9	-1.2	2.0	-54.2	74.3	14.8	-101.4	-260.2	2400.5	568.4	-58.3	
95.25	21.3	12.8	-0.1	2.0	-55.0	74.4	13.4	-105.5	-258.4	2483.9	429.8	-55.5	
95.30	21.6	13.1	0.3	2.0	-55.5	74.5	8.3	-110.8	-258.6	2533.2	241.6	-54.4	
95.35	21.9	13.4	0.5	2.0	-56.0	74.6	1.2	-113.3	-260.9	2571.9	54.2	-54.4	
95.40	22.2	13.6	1.7	2.0	-56.7	74.7	-0.2	-114.7	-261.1	2615.9	-47.8	-50.9	
95.45	22.4	13.4	4.2	2.0	-57.5	74.8	2.9	-114.2	-258.9	2678.0	-96.5	-43.0	
95.50	22.7	13.2	5.9	2.0	-57.8	74.9	3.7	-109.7	-257.6	2717.3	-179.5	-37.6	
95.55	23.0	12.9	7.1	2.0	-57.2	75.0	0.1	-105.5	-258.0	2667.5	-322.5	-32.7	
95.60	23.2	13.3	7.8	2.0	-56.2	75.1	-3.6	-106.6	-257.4	2561.6	-477.5	-29.5	
95.65	23.5	13.8	8.0	2.0	-56.0	75.2	-5.6	-106.9	-255.4	2525.1	-586.3	-28.6	
95.70	23.8	14.1	8.2	2.0	-56.0	75.3	-6.9	-103.1	-255.1	2531.3	-622.6	-27.9	
95.75	24.0	14.3	7.9	2.0	-56.6	75.4	-6.5	-106.1	-257.3	2571.6	-581.4	-29.6	
95.80	24.3	14.5	6.8	2.0	-57.7	75.5	-7.1	-115.6	-257.9	2635.3	-569.8	-34.4	
95.85	24.6	14.6	4.7	2.0	-59.4	75.6	-9.6	-123.2	-255.9	2733.7	-605.2	-43.2	
95.90	24.8	14.4	3.6	2.0	-59.8	75.7	-8.8	-124.5	-255.0	2774.2	-541.4	-47.6	
95.95	25.1	14.4	4.0	2.0	-58.9	75.8	-3.4	-122.3	-256.0	2742.5	-357.2	-45.1	
96.00	25.3	14.5	3.9	2.0	-58.8	75.9	0.5	-119.8	-255.2	2762.6	-205.9	-45.4	
96.05	25.6	14.3	3.4	2.0	-59.6	76.0	2.8	-121.8	-252.4	2822.9	-98.8	-48.1	
96.10	25.8	14.5	3.1	2.0	-59.2	76.1	7.5	-125.5	-251.5	2781.5	76.7	-48.5	
96.15	26.1	14.7	2.6	2.0	-58.5	76.2	12.4	-124.6	-252.7	2716.9	291.4	-49.5	
96.20	26.3	14.3	1.3	2.0	-58.6	76.3	13.1	-121.3	-252.3	2720.5	403.2	-54.1	
96.25	26.6	14.6	-0.3	2.0	-58.8	76.4	12.3	-122.1	-251.1	2728.7	431.8	-59.8	
96.30	26.8	14.9	-0.5	2.0	-58.2	76.5	11.5	-125.0	-251.5	2676.2	435.0	-60.0	
96.35	27.1	15.1	-1.0	2.0	-57.0	76.6	9.5	-122.3	-251.7	2592.5	408.7	-60.5	
96.40	27.3	14.6	-1.7	2.0	-56.4	76.7	8.8	-119.1	-249.0	2560.4	392.4	-62.2	
96.45	27.5	14.2	-1.1	2.0	-57.1	76.8	12.7	-119.9	-247.4	2597.3	484.6	-60.9	
96.50	27.8	14.0	0.2	2.0	-57.9	76.9	16.7	-117.9	-249.5	2635.2	630.7	-57.2	
96.55	28.0	13.9	1.4	2.0	-58.6	77.0	19.5	-116.1	-250.0	2666.3	717.9	-53.8	
96.60	28.2	14.1	1.8	2.0	-59.7	77.1	23.6	-121.2	-246.2	2729.0	750.6	-53.4	
96.65	28.5	14.6	1.6	2.0	-61.2	77.2	24.8	-128.0	-243.7	2831.1	736.0	-55.7	
96.70	28.7	14.5	0.7	2.0	-62.4	77.3	19.5	-128.5	-247.0	2944.4	663.3	-60.1	
96.75	29.0	14.2	0.1	2.0	-63.1	77.4	13.0	-129.0	-249.7	3027.6	524.0	-62.9	
96.80	29.2	13.8	0.6	2.0	-63.8	77.5	10.2	-135.0	-246.9	3086.5	351.3	-61.8	
96.85	29.4	13.2	0.9	2.0	-64.2	77.6	7.8	-138.8	-244.1	3119.2	201.7	-61.0	
96.90	29.7	13.1	0.9	2.0	-64.2	77.7	3.9	-137.3	-246.4	3126.5	124.3	-60.9	
96.95	29.9	13.4	1.1	2.0	-64.3	77.8	3.1	-137.7	-248.4	3132.8	112.6	-60.5	
97.00	30.1	13.4	2.3	2.0	-64.6	77.9	4.7	-139.8	-245.6	3156.2	76.8	-56.7	
97.05	30.3	13.2	4.0	2.0	-64.1	78.0	5.9	-136.3	-241.8	3132.8	8.0	-50.3	
97.10	30.6	12.8	5.9	2.0	-63.2	78.1	6.7	-132.0	-241.9	3077.7	-35.9	-43.1	
97.15	30.8	12.8	6.2	2.0	-63.7	78.2	4.3	-135.8	-242.7	3100.5	-130.9	-42.6	
97.20	31.0	12.9	4.9	2.0	-66.1	78.3	-2.9	-144.1	-241.6	3242.5	-336.3	-49.2	
97.25	31.2	13.0	4.5	2.0	-68.1	78.4	-9.4	-147.6	-242.1	3362.3	-508.5	-52.5	
97.30	31.5	12.7	5.0	2.0	-68.4	78.5	-10.5	-146.5	-244.2	3379.2	-564.8	-51.2	
97.35	31.7	13.0	5.8	2.0	-68.8	78.6	-10.3	-147.4	-242.2	3398.1	-630.5	-49.1	
97.40	31.9	13.4	5.9	2.0	-70.0	78.7	-12.5	-150.3	-238.5	3468.9	-710.1	-49.8	
97.45	32.1	13.6	5.7	2.0	-70.6	78.8	-11.9	-151.3	-240.1	3522.7	-635.3	-50.9	
97.50	32.3	13.5	6.6	2.0	-70.5	78.9	-4.7	-150.6	-241.9	3546.4	-421.7	-47.8	
97.55	32.5	13.1	7.4	2.0	-71.0	79.0	4.3	-149.4	-237.9	3607.4	-240.5	-45.6	
97.60	32.7	12.7	7.5	2.0	-71.6	79.1	8.8	-148.9	-233.8	3665.3	-134.8	-45.9	
97.65	32.9	12.7	7.0	2.0	-71.3	79.2	9.9	-148.4	-236.6	3640.3	-4.0	-47.2	
97.70	33.1	12.6	5.4	2.0	-70.3	79.3	7.6	-146.9	-240.1	3569.6	86.2	-51.8	
97.75	33.3	12.1	3.4	2.0	-69.7	79.4	5.7	-146.1	-236.8	3527.3	104.4	-58.0	
97.80	33.6	12.3	2.1	2.0	-69.6	79.5	7.7	-146.4	-233.0	3519.6	180.0	-62.2	
97.85	33.8	12.2	1.7	2.0	-70.2	79.6	12.1	-147.6	-235.2	3541.2	387.6	-64.3	
97.90	34.0	11.9	0.7	2.0	-71.6	79.7	15.6	-151.3	-237.1	3609.0	607.7	-69.4	
97.95	34.2	12.2	-0.9	2.0	-73.4	79.8	19.3	-156.5	-234.4	3694.0	787.3	-76.4	
98.00	34.4	12.2	-0.9	2.0	-74.0	79.9	25.5	-157.6	-232.2	3687.2	997.2	-77.0	
98.05	34.6	11.9	0.2	2.0	-73.7	80.0	31.7	-153.2	-233.5	3609.2	1213.8	-73.1	
98.10	34.8	11.5	0.6	2.0	-74.0	80.1	32.8	-151.7	-232.5	3614.6	1270.8	-71.8	
98.15	35.0	11.3	-0.4	2.0	-75.2	80.2	30.4	-157.6	-229.3	3719.1	1201.0	-76.5	
98.20	35.2	11.1	-2.4	2.0	-76.1	80.3	28.3	-165.0	-229.7	3790.0	1149.3	-84.4	
98.25	35.4	11.1	-3.3	2.0	-76.3	80.4	24.3	-168.4	-231.5	3823.2	1055.9	-87.7	
98.30	35.6	10.9	-3.4	2.0	-76.2	80.5	20.2	-169.7	-230.2	3854.0	901.0	-88.0	
98.35	35.8	10.6	-2.6	2.0	-75.9	80.6	18.7	-171.4	-227.9	3854.7	759.8	-84.7	
98.40	36.0	10.4	-1.1	2.0	-74.6	80.7	17.1	-168.6	-228.5	3783.2	656.7	-78.5	
98.45	36.2	10.1	-0.1	2.0	-72.6	80.8	13.3	-162.0	-229.6	3668.9	524.7	-73.0	
98.50	36.4	9.9	1.7	2.0	-71.8	80.9	12.1	-160.2	-227.5	3636.8	369.8	-66.0	
98.55	36.6	10.0	3.2	2.0	-72.2	81.0	11.8	-164.1	-223.6	3672.1	180.5	-61.1	
98.60	36.7	9.8	4.2	2.0	-72.8	81.1	8.8	-165.2	-223.7	3721.8	-11.0	-58.4	
98.65	36.9	9.5	4.9	2.0	-73.1	81.2	3.9	-163.3	-225.7	3742.3	-193.4	-56.4	
98.70	37.1	9.1	5.4	2.0	-73.4	81.3	0.6	-165.1	-224.4	3746.1	-371.3	-54.7	
98.75	37.3	9.5	5.5	2.0	-73.9	81.4	-2.9	-168.1	-222.6	3756.0	-533.1	-55.0	
98.80	37.5	10.0	5.4	2.0	-74.4	81.5	-8.3	-166.4	-224.9	3781.0	-646.0	-55.8	
98.85	37.7	10.6	6.1	2.0	-74.8	81.6	-9.8	-164.5	-226.9	3806.8	-678.1	-53.8	
98.90	37.9	10.9	6.9	2.0	-75.5	81.7	-5.6	-166.7	-224.4	3863.7	-635.9	-51.8	
98.95	38.0	11.1	6.3	2.0	-76.4	81.8	-2.4	-168.3	-221.1	3942.8	-566.1	-54.8	
99.00	38.2	11.1	4.6	2.0	-76.6	81.9	-2.6	-167.2	-221.7	3971.7	-478.0	-60.9	
99.05	38.4	10.9	4.1	2.0	-77.0	82.0	-1.5	-170.2	-223.5	4009.6	-356.6	-62.8	
99.10	38.6	10.9	4.3	2.0	-77.2	82.1	3.6	-172.9	-221.9	4027.6	-203.2	-62.3	
99.15	38.8	11.3	4.1	2.0	-76.4	82.2	8.1	-169.6	-218.8	3981.2	-55.6	-62.4	
99.20	38.9	11.3	2.7	2.0	-75.2	82.3	9.7	-165.0	-218.8	3905.6	95.7	-65.8	
99.25	39.1	11.0	1.3	2.0	-75.2	82.4	8.8	-167.9	-220.2	3889.8	214.6	-70.7	
99.30	39.3	10.7	-0.0	2.0	-76.1	82.5	8.8	-173.6	-220.0	3936.0	318.4	-76.1	
99.35	39.5	10.8	-1.0	2.0	-76.9	82.6	12.9	-174.1	-218.5	3975.2	481.7	-80.3	
99.40	39.6	10.5	-1.4	2.0	-77.8	82.7	18.8	-173.8	-216.3	4023.4	660.6	-82.5	
99.45	39.8	10.1	-1.7	2.0	-79.4	82.8	22.7	-178.0	-214.7	4111.8	792.1	-85.2	
99.50	40.0	9.6	-2.4	2.0	-80.8	82.9	22.7	-182.0	-215.4	4186.7	874.1	-89.0	
99.55	40.2	9.9	-2.4	2.0	-80.7	83.0	23.3	-180.0	-216.1	4165.5	955.3	-89.0	
99.60	40.3	10.2	-1.7	2.0	-79.6	83.1	27.4	-175.3	-213.8	4078.5	1024.7	-85.4	
99.65	40.5	10.5	-1.1	2.0	-79.3	83.2	30.1	-175.4	-210.7	4060.2	1015.3	-82.9	
99.70	40.7	10.9	-1.4	2.0	-80.1	83.3	27.9	-180.4	-211.7	4123.2	953.2	-84.9	
99.75	40.8	11.1	-2.1	2.0	-81.1	83.4	24.1	-184.8	-214.6	4200.9	888.8	-88.3	
99.80	41.0	11.1	-2.9	2.0	-81.3	83.5	21.9	-185.9	-214.1	4231.7	803.5	-91.2	
99.85	41.2	10.5	-2.2	2.0	-80.8	83.6	21.3	-183.8	-211.4	4217.2	695.8	-88.4	
99.90	41.3	10.1	-0.7	2.0	-79.5	83.7	20.0	-178.7	-211.0	4150.1	590.7	-81.8	
99.95	41.5	9.9	0.3	2.0	-78.2	83.8	16.0	-174.7	-211.9	4078.3	461.6	-77.0	
100.00	41.6	10.3	0.8	2.0	-77.7	83.9	12.3	-174.8	-211.6	4059.7	335.0	-74.9	
100.05	41.8	10.5	1.5	2.0	-78.0	84.0	11.5	-176.2	-210.9	4080.4	257.9	-73.0	
100.10	41.9	10.6	2.1	2.0	-78.6	84.1	11.1	-177.2	-211.3	4124.8	196.1	-71.4	
100.15	42.1	10.7	2.4	2.0	-79.6	84.2	10.2	-179.4	-211.8	4198.0	114.5	-71.3	
100.20	42.2	10.7	2.6	2.0	-80.9	84.3	6.5	-183.7	-210.5	4284.1	-42.8	-72.0	
100.25	42.4	10.6	2.8	2.0	-81.3	84.4	1.9	-185.6	-210.4	4311.0	-179.5	-71.7	
100.30	42.5	10.3	3.1	2.0	-80.7	84.5	-1.1	-182.6	-212.1	4267.2	-242.5	-69.9	
100.35	42.7	10.1	3.1	2.0	-80.2	84.6	-3.4	-180.1	-211.1	4233.4	-326.7	-69.4	
100.40	42.8	10.0	3.2	2.0	-80.7	84.7	-4.6	-182.2	-208.0	4258.2	-424.3	-69.8	
100.45	43.0	9.9	4.1	2.0	-80.8	84.8	-4.2	-183.8	-207.7	4258.1	-432.6	-66.8	
100.50	43.1	9.9	4.4	2.0	-80.4	84.9	-1.7	-182.5	-209.3	4243.2	-342.9	-65.3	
100.55	43.3	9.9	3.7	2.0	-80.7	85.0	-0.3	-183.2	-207.6	4264.2	-292.9	-68.0	
100.60	43.4	10.1	3.1	2.0	-81.5	85.1	-0.5	-188.2	-205.0	4313.8	-292.9	-70.9	
100.65	43.5	10.0	3.1	2.0	-81.5	85.2	-0.3	-190.5	-206.1	4312.5	-262.8	-71.0	
100.70	43.7	9.9	3.3	2.0	-81.3	85.3	-0.1	-189.2	-207.3	4296.3	-229.4	-69.9	
100.75	43.8	9.8	2.8	2.0	-81.6	85.4	0.6	-188.8	-204.3	4329.1	-219.8	-71.9	
100.80	44.0	8.9	2.0	2.0	-82.5	85.5	2.7	-191.2	-202.3	4391.9	-149.9	-75.6	
100.85	44.1	8.7	1.5	2.0	-83.7	85.6	4.5	-194.9	-205.4	4471.9	-7.4	-78.7	
100.90	44.2	9.1	0.6	2.0	-85.4	85.7	6.3	-199.3	-207.2	4583.2	118.6	-83.4	
100.95	44.4	9.3	0.4	2.0	-86.6	85.8	10.5	-202.4	-203.9	4664.7	223.7	-85.2	
101.00	44.5	9.3	1.0	2.0	-86.5	85.9	16.8	-200.9	-201.9	4646.8	392.2	-83.1	
101.05	44.6	9.3	1.0	2.0	-85.5	86.0	19.6	-196.9	-203.6	4569.1	558.5	-82.0	
101.10	44.8	9.0	0.4	2.0	-85.1	86.1	16.9	-195.3	-204.7	4535.1	604.9	-83.7	
101.15	44.9	8.7	-0.8	2.0	-85.6	86.2	15.1	-197.4	-203.4	4567.9	595.7	-88.3	
101.20	45.0	8.5	-0.5	2.0	-86.2	86.3	17.6	-197.4	-203.1	4603.3	654.8	-87.9	
101.25	45.1	8.7	-0.5	2.0	-86.1	86.4	19.9	-194.2	-203.8	4593.5	724.8	-87.9	
101.30	45.2	9.0	-0.9	2.0	-86.3	86.5	19.2	-194.3	-202.9	4616.4	725.5	-89.4	
101.35	45.4	9.4	-1.2	2.0	-86.8	86.6	18.2	-197.8	-202.2	4646.8	714.9	-90.9	
101.40	45.5	9.8	-0.7	2.0	-86.1	86.7	17.8	-196.3	-203.1	4594.0	732.3	-88.7	
101.45	45.6	9.6	0.6	2.0	-85.2	86.8	20.3	-191.2	-203.0	4529.7	762.7	-83.2	
101.50	45.7	9.3	1.5	2.0	-85.3	86.9	22.8	-191.1	-198.5	4550.7	709.3	-80.0	
101.55	45.8	8.9	1.2	2.0	-86.8	87.0	21.4	-197.5	-196.3	4659.7	613.0	-82.7	
101.60	45.9	9.0	0.6	2.0	-88.3	87.1	15.7	-202.4	-200.8	4767.4	532.1	-86.2	
101.65	46.0	8.8	0.3	2.0	-89.1	87.2	10.4	-203.2	-204.3	4837.8	423.6	-87.9	
101.70	46.1	7.9	1.1	2.0	-89.2	87.3	9.2	-203.5	-200.7	4861.1	261.6	-85.4	
101.75	46.2	8.1	2.2	2.0	-88.7	87.4	9.4	-203.2	-195.9	4828.3	109.1	-81.3	
101.80	46.4	8.1	2.6	2.0	-87.9	87.5	6.0	-201.0	-197.5	4778.9	18.6	-79.1	
101.85	46.5	8.0	2.3	2.0	-87.7	87.6	1.7	-201.1	-200.7	4757.6	-37.3	-79.6	
101.90	46.6	8.5	2.7	2.0	-87.3	87.7	2.9	-202.9	-198.7	4723.4	-70.5	-78.1	
101.95	46.7	8.7	3.4	2.0	-86.6	87.8	7.2	-201.7	-194.7	4674.6	-78.3	-74.8	
102.00	46.8	8.6	4.2	2.0	-85.6	87.9	9.4	-197.3	-194.8	4613.8	-58.6	-71.3	
102.05	46.9	8.3	4.0	2.0	-85.3	88.0	7.5	-196.9	-196.9	4592.7	-70.3	-71.5	
102.10	47.0	8.4	3.0	2.0	-85.5	88.1	2.6	-199.7	-197.5	4595.2	-142.5	-75.0	
102.15	47.1	8.8	2.2	2.0	-85.1	88.2	-1.0	-198.5	-197.2	4566.2	-194.2	-77.6	
102.20	47.2	9.1	2.4	2.0	-83.9	88.3	-1.3	-193.1	-197.1	4495.5	-192.6	-75.6	
102.25	47.3	9.6	2.8	2.0	-83.7	88.4	-0.1	-191.5	-196.1	4484.0	-186.2	-74.2	
102.30	47.3	10.2	2.3	2.0	-85.1	88.5	0.5	-196.5	-195.4	4575.9	-165.0	-77.3	
102.35	47.4	10.6	1.3	2.0	-86.6	88.6	1.0	-200.4	-196.9	4678.0	-71.8	-82.0	
102.40	47.5	10.5	1.1	2.0	-87.5	88.7	4.6	-201.5	-198.7	4747.2	86.3	-83.7	
102.45	47.6	10.4	1.9	2.0	-88.0	88.8	10.9	-203.1	-196.6	4771.4	209.0	-81.3	
102.50	47.7	10.7	1.9	2.0	-87.9	88.9	14.1	-204.7	-193.4	4759.4	248.4	-81.3	
102.55	47.8	10.7	1.7	2.0	-86.8	89.0	13.0	-201.4	-193.5	4685.9	265.3	-80.9	
102.60	47.8	10.7	1.4	2.0	-85.9	89.1	11.6	-197.7	-194.5	4625.8	302.5	-81.0	
102.65	47.9	10.6	0.6	2.0	-86.1	89.2	12.0	-197.8	-192.6	4640.4	324.2	-83.9	
102.70	48.0	11.1	0.1	2.0	-86.9	89.3	11.5	-199.6	-190.6	4696.8	309.7	-86.5	
102.75	48.1	11.6	-0.4	2.0	-87.1	89.4	10.8	-200.7	-192.0	4710.3	319.6	-88.3	
102.80	48.1	11.7	-0.1	2.0	-86.8	89.5	12.3	-203.3	-192.5	4677.1	363.1	-87.0	
102.85	48.2	11.9	-0.1	2.0	-86.2	89.6	16.7	-203.3	-189.3	4629.0	437.9	-86.7	
102.90	48.3	12.0	0.0	2.0	-85.7	89.7	19.0	-198.8	-187.2	4594.8	521.3	-85.7	
102.95	48.4	12.1	0.5	2.0	-85.4	89.8	20.7	-195.6	-188.7	4569.5	610.3	-83.5	
103.00	48.4	12.2	1.0	2.0	-85.7	89.9	23.2	-199.5	-189.0	4574.9	642.1	-82.1	
103.05	48.5	12.0	0.4	2.0	-86.5	90.0	23.9	-205.5	-185.6	4629.4	591.7	-85.0	
103.10	48.6	11.6	-0.6	2.0	-87.1	90.1	22.3	-205.0	-184.4	4676.3	566.7	-89.2	
103.15	48.6	11.0	-0.6	2.0	-87.2	90.2	21.0	-202.0	-187.7	4681.9	621.1	-89.3	
103.20	48.7	10.6	-0.8	2.0	-87.0	90.3	19.2	-202.2	-189.9	4665.0	633.3	-89.6	
103.25	48.8	10.5	-1.5	2.0	-86.5	90.4	15.9	-203.8	-188.6	4639.5	545.7	-91.6	
103.30	48.8	10.6	-23.6	1.5	-85.1	90.4	13.3	-201.4	-187.6	4549.6	467.3	-101.2	
103.35	48.9	10.6	-17.7	1.1	-84.2	90.5	15.0	-199.3	-188.5	4480.4	492.1	-96.7	
103.40	49.0	10.6	-13.7	0.8	-84.7	90.6	16.0	-201.0	-188.2	4517.1	496.8	-95.6	
103.45	49.0	10.4	-11.1	0.6	-85.7	90.6	13.5	-203.6	-187.9	4585.0	436.8	-96.9	
103.50	49.1	10.1	-8.3	0.5	-85.5	90.6	13.1	-204.0	-189.2	4570.6	406.7	-94.0	
103.55	49.2	9.7	-5.0	0.3	-84.8	90.6	16.4	-204.5	-187.7	4525.1	390.7	-87.1	
103.60	49.2	9.6	-2.9	0.3	-84.9	90.7	17.7	-203.9	-184.5	4539.3	341.8	-83.9	
103.65	49.3	9.5	-2.0	0.2	-85.0	90.7	12.4	-200.5	-185.9	4558.5	255.3	-83.7	
103.70	49.3	9.4	-1.0	0.1	-84.7	90.7	7.4	-198.9	-190.7	4542.5	184.7	-81.9	
103.75	49.4	9.6	-0.6	0.1	-84.7	90.7	5.3	-201.7	-190.1	4540.6	57.8	-82.2	
103.80	49.4	9.6	-1.0	0.1	-85.8	90.7	3.2	-206.1	-184.2	4615.0	-132.0	-85.7	
103.85	49.5	9.4	-0.9	0.1	-87.4	90.7	1.2	-207.8	-183.2	4723.2	-221.4	-87.8	
103.90	49.5	9.0	0.3	0.0	-88.5	90.7	1.1	-209.1	-187.5	4801.0	-182.6	-85.5	
103.95	49.6	8.9	1.1	0.0	-89.3	90.7	3.0	-211.5	-187.6	4855.1	-149.5	-84.2	
104.00	49.6	8.9	1.7	0.0	-89.6	90.7	5.7	-212.0	-182.3	4883.9	-154.4	-82.8	
104.05	49.6	8.8	3.1	0.0	-89.5	90.7	9.9	-209.6	-181.0	4883.0	-71.4	-78.0	
104.10	49.7	8.8	4.6	0.0	-89.9	90.7	13.5	-208.9	-183.8	4911.7	55.5	-73.4	
104.15	49.7	9.1	4.4	0.0	-91.2	90.7	12.8	-211.2	-183.9	5007.0	84.2	-75.6	
104.20	49.8	9.8	2.8	0.0	-92.3	90.7	9.8	-212.7	-182.3	5086.4	62.4	-82.5	
104.25	49.8	10.2	2.0	0.0	-92.6	90.7	10.3	-212.8	-182.5	5106.8	112.3	-85.6	
104.30	49.9	10.4	2.0	0.0	-92.5	90.7	12.2	-213.1	-183.0	5094.2	193.2	-85.4	
104.35	49.9	10.4	1.6	0.0	-92.8	90.7	12.7	-213.8	-182.0	5112.6	265.0	-87.3	
104.40	49.9	10.2	0.7	0.0	-93.0	90.7	13.8	-212.5	-182.7	5120.7	404.8	-90.5	
104.45	50.0	10.5	0.7	0.0	-92.7	90.7	18.7	-209.7	-185.2	5086.7	629.1	-90.3	
104.50	50.0	11.0	0.9	0.0	-93.4	90.7	23.9	-211.2	-184.2	5111.4	782.9	-90.1	
104.55	50.1	11.2	1.2	0.0	-94.7	90.7	26.4	-214.9	-181.4	5192.4	846.7	-90.7	
104.60	50.1	11.2	0.5	0.0	-95.4	90.7	27.5	-215.2	-182.9	5225.4	925.9	-93.6	
104.65	50.2	11.2	0.5	0.0	-95.3	90.7	27.8	-214.5	-185.4	5209.4	981.7	-93.4	
104.70	50.2	10.9	-0.0	0.0	-94.7	90.7	25.9	-214.2	-184.0	5172.8	934.2	-94.7	
104.75	50.2	10.8	-0.8	0.0	-93.7	90.7	23.3	-213.1	-182.3	5116.3	861.6	-96.5	
104.80	50.3	10.7	-1.2	0.0	-92.6	90.7	22.5	-211.1	-184.1	5041.8	848.7	-96.9	
104.85	50.3	10.6	-0.8	0.0	-92.5	90.7	22.3	-212.5	-185.6	5029.3	833.1	-95.1	
104.90	50.4	10.7	-0.8	0.0	-92.7	90.7	21.1	-215.3	-183.4	5052.7	752.7	-95.4	
104.95	50.4	10.7	-0.7	0.0	-92.0	90.7	21.2	-214.5	-182.3	5009.2	711.0	-94.6	
105.00	50.4	10.5	-0.4	0.0	-90.5	90.7	20.7	-211.3	-183.2	4909.7	670.7	-92.0	
105.05	50.5	10.2	0.1	0.0	-89.1	90.7	17.5	-209.4	-182.3	4826.0	527.8	-88.8	
105.10	50.5	10.2	0.7	0.0	-88.2	90.7	14.2	-208.1	-181.0	4778.6	359.4	-85.8	
105.15	50.5	10.6	1.5	0.0	-87.2	90.7	12.0	-204.9	-181.6	4719.5	246.2	-82.0	
105.20	50.6	10.9	1.3	0.0	-86.8	90.7	9.5	-203.8	-182.6	4697.4	136.2	-82.4	
105.25	50.6	11.1	1.0	0.0	-87.7	90.7	4.2	-208.5	-181.4	4756.3	-50.5	-84.4	
105.30	50.6	11.2	1.2	0.0	-88.6	90.7	2.5	-213.6	-181.7	4805.5	-149.7	-84.4	
105.35	50.7	11.3	2.4	0.0	-88.0	90.7	5.5	-211.4	-183.1	4766.1	-113.3	-79.8	
105.40	50.7	11.4	2.7	0.0	-87.1	90.7	6.8	-205.6	-181.5	4713.2	-103.9	-77.8	
105.45	50.7	11.6	2.5	0.0	-86.6	90.7	4.3	-203.0	-179.6	4684.0	-162.4	-78.1	
105.50	50.7	12.1	2.8	0.0	-86.1	90.7	2.1	-203.4	-182.2	4644.9	-172.6	-76.6	
105.55	50.8	12.4	2.9	0.0	-85.9	90.7	1.6	-203.4	-185.2	4628.2	-152.0	-75.9	
105.60	50.8	12.4	2.3	0.0	-86.7	90.7	1.0	-203.3	-183.2	4686.2	-189.6	-78.7	
105.65	50.8	11.8	1.6	0.0	-87.7	90.7	1.0	-203.6	-180.9	4763.7	-206.0	-82.1	
105.70	50.8	11.8	1.9	0.0	-88.5	90.7	3.0	-206.3	-183.7	4815.2	-103.4	-81.9	
105.75	50.9	11.8	1.7	0.0	-88.6	90.7	4.9	-207.6	-186.0	4822.5	13.7	-82.7	
105.80	50.9	11.6	1.5	0.0	-88.7	90.7	7.1	-207.1	-182.6	4830.3	79.9	-83.4	
105.85	50.9	11.6	2.8	0.0	-88.1	90.7	12.2	-203.5	-180.6	4792.3	219.3	-78.3	
105.90	50.9	11.6	4.0	0.0	-87.2	90.7	18.8	-199.2	-183.3	4718.2	447.8	-73.3	
105.95	51.0	11.6	2.8	0.0	-87.6	90.7	19.3	-200.2	-183.9	4736.4	537.4	-78.0	
106.00	51.0	11.1	-0.3	0.0	-89.5	90.7	15.2	-206.4	-181.3	4867.9	483.2	-90.5	
106.05	51.0	10.9	-1.3	0.0	-91.1	90.7	14.8	-211.7	-182.0	4974.6	510.4	-95.5	
106.10	51.0	10.9	-0.7	0.0	-91.3	90.7	18.1	-210.5	-184.3	4977.1	621.9	-93.7	
106.15	51.1	10.7	-1.1	0.0	-91.0	90.7	18.2	-208.4	-181.6	4960.0	629.3	-94.8	
106.20	51.1	10.7	-1.8	0.0	-90.4	90.7	16.1	-207.6	-178.8	4926.6	597.9	-96.8	
106.25	51.1	10.8	-1.0	0.0	-90.0	90.7	18.4	-208.1	-181.5	4876.1	711.7	-93.4	
106.30	51.1	10.0	0.2	0.0	-90.6	90.7	24.2	-208.8	-183.4	4888.2	878.3	-89.8	
106.35	51.2	9.4	-0.1	0.0	-92.1	90.7	26.7	-210.8	-179.5	4997.9	903.0	-92.5	
106.40	51.2	9.1	-0.7	0.0	-93.8	90.7	26.8	-215.1	-177.6	5116.2	872.3	-96.3	
106.45	51.2	9.1	-0.4	0.0	-94.4	90.7	25.9	-219.1	-181.6	5154.8	863.0	-95.7	
106.50	51.2	9.0	-0.5	0.0	-94.1	90.7	21.6	-219.8	-182.9	5146.1	762.4	-95.8	
106.55	51.3	8.8	-1.4	0.0	-92.9	90.7	15.7	-214.8	-179.6	5096.4	586.0	-97.7	
106.60	51.3	8.9	-1.1	0.0	-91.6	90.7	12.7	-209.7	-179.6	5021.3	481.8	-95.4	
106.65	51.3	8.7	0.3	0.0	-90.7	90.7	12.0	-208.0	-183.1	4956.6	443.1	-89.5	
106.70	51.3	8.6	0.5	0.0	-91.1	90.7	10.3	-211.3	-183.4	4988.1	354.4	-89.2	
106.75	51.3	8.6	-0.1	0.0	-92.4	90.7	8.9	-215.4	-180.9	5078.7	252.0	-92.8	
106.80	51.4	8.9	0.6	0.0	-92.9	90.7	10.4	-216.8	-181.6	5114.6	232.9	-90.8	
106.85	51.4	9.0	2.5	0.0	-92.0	90.7	12.6	-214.0	-184.4	5053.4	236.4	-83.6	
106.90	51.4	8.9	3.3	0.0	-90.4	90.7	10.5	-209.5	-182.5	4952.3	102.4	-79.1	
106.95	51.4	8.8	3.0	0.0	-88.7	90.7	6.0	-204.8	-179.2	4840.0	-79.9	-78.4	
107.00	51.4	8.6	3.5	0.0	-87.8	90.7	3.3	-201.6	-181.1	4777.6	-155.2	-75.6	
107.05	51.4	8.3	3.9	0.0	-88.3	90.7	2.1	-202.4	-183.2	4810.3	-192.4	-74.9	
107.10	51.4	7.9	2.9	0.0	-90.1	90.7	0.7	-207.3	-181.0	4934.5	-272.5	-80.1	
107.15	51.4	8.0	2.5	0.0	-91.7	90.7	-0.8	-210.8	-179.9	5038.8	-311.2	-83.2	
107.20	51.5	8.6	2.9	0.0	-91.4	90.7	1.4	-211.6	-182.2	5021.8	-228.9	-81.4	
107.25	51.5	9.4	3.3	0.0	-90.5	90.7	4.5	-211.3	-181.8	4951.6	-141.9	-79.1	
107.30	51.5	9.7	3.1	0.0	-89.8	90.7	4.6	-208.5	-179.1	4913.8	-100.0	-79.3	
107.35	51.5	9.6	3.0	0.0	-89.6	90.7	6.1	-205.7	-179.2	4907.8	-8.1	-79.4	
107.40	51.5	9.7	3.3	0.0	-90.4	90.7	10.7	-208.8	-179.9	4954.7	113.4	-79.1	
107.45	51.5	9.7	2.5	0.0	-92.2	90.7	13.9	-215.6	-177.3	5073.0	189.0	-83.8	
107.50	51.5	9.7	1.0	0.0	-93.3	90.7	14.5	-216.9	-175.5	5150.4	271.9	-90.0	
107.55	51.6	9.7	0.6	0.0	-93.0	90.7	15.7	-213.9	-177.8	5117.6	434.8	-91.0	
107.60	51.6	9.5	1.1	0.0	-91.9	90.7	18.3	-211.2	-179.5	5026.3	597.6	-88.2	
107.65	51.6	9.3	0.6	0.0	-90.9	90.7	19.9	-209.9	-177.5	4946.3	675.8	-89.0	
107.70	51.6	9.5	-0.7	0.0	-90.6	90.7	20.3	-208.6	-176.4	4916.2	738.7	-93.1	
107.75	51.6	9.5	-1.7	0.0	-90.9	90.7	20.0	-209.2	-178.5	4927.6	819.1	-96.9	
107.80	51.6	9.6	-2.2	0.0	-92.5	90.7	21.7	-214.4	-179.7	5022.4	882.0	-100.0	
107.85	51.7	10.3	-2.5	0.0	-94.1	90.7	23.3	-219.3	-177.7	5134.6	877.2	-102.8	
107.90	51.7	10.4	-2.4	0.0	-94.3	90.7	24.2	-217.7	-176.6	5151.9	881.3	-102.6	
107.95	51.7	10.4	-1.0	0.0	-93.3	90.7	26.0	-213.3	-177.8	5078.6	927.4	-96.6	
108.00	51.7	10.5	0.4	0.0	-92.5	90.7	27.3	-211.3	-178.4	5020.5	944.0	-91.2	
108.05	51.7	10.5	1.0	0.0	-92.6	90.7	26.4	-210.4	-178.4	5032.4	904.1	-89.0	
108.10	51.7	10.4	0.8	0.0	-92.6	90.7	25.0	-209.7	-178.7	5048.6	832.4	-89.9	
108.15	51.7	10.2	0.5	0.0	-92.4	90.7	23.1	-211.3	-178.5	5047.9	714.9	-90.5	
108.20	51.7	9.7	-0.3	0.0	-92.1	90.7	19.6	-214.0	-177.4	5041.7	553.8	-93.3	
108.25	51.7	9.4	-0.8	0.0	-91.6	90.7	14.3	-214.0	-176.7	5017.1	385.9	-94.4	
108.30	51.7	9.3	-0.3	0.0	-90.1	90.7	11.7	-209.6	-177.5	4927.0	295.0	-91.2	
108.35	51.8	9.2	1.0	0.0	-88.4	90.7	12.1	-205.0	-177.7	4808.7	248.9	-85.0	
108.40	51.8	9.2	2.1	0.0	-87.3	90.7	12.3	-202.9	-175.5	4740.6	174.9	-80.2	
108.45	51.8	9.1	2.3	0.0	-87.3	90.7	12.4	-202.9	-174.2	4745.3	129.3	-79.3	
108.50	51.8	9.0	2.8	0.0	-88.3	90.7	12.7	-204.3	-175.5	4808.4	137.8	-78.5	
108.55	51.8	9.1	3.0	0.0	-89.5	90.7	11.7	-207.2	-176.5	4891.9	108.1	-79.0	
108.60	51.8	9.6	2.6	0.0	-90.1	90.7	10.3	-210.7	-175.1	4929.3	24.1	-81.2	
108.65	51.8	9.9	1.5	0.0	-89.6	90.7	8.5	-210.9	-173.8	4891.1	-52.9	-84.3	
108.70	51.8	9.9	1.2	0.0	-88.7	90.7	5.0	-207.9	-174.8	4831.2	-94.6	-84.6	
108.75	51.8	9.9	0.8	0.0	-88.0	90.7	3.0	-206.0	-177.1	4788.5	-85.2	-85.5	
108.80	51.8	10.1	0.8	0.0	-87.7	90.7	3.1	-206.5	-177.9	4762.6	-55.6	-84.9	
108.85	51.8	10.0	0.1	0.0	-87.5	90.7	4.8	-207.1	-176.9	4747.2	-11.3	-87.4	
108.90	51.9	9.7	-0.1	0.0	-87.5	90.7	8.3	-206.8	-175.8	4743.2	75.8	-87.7	
108.95	51.9	9.0	0.2	0.0	-87.5	90.7	12.0	-206.9	-175.7	4743.4	195.4	-86.9	
109.00	51.9	9.5	0.1	0.0	-87.4	90.7	13.8	-206.4	-176.4	4729.6	295.4	-87.1	
109.05	51.9	10.1	-0.3	0.0	-86.9	90.7	15.1	-204.2	-176.3	4689.9	362.9	-87.7	
109.10	51.9	10.4	-0.6	0.0	-86.7	90.7	16.3	-203.6	-175.6	4675.5	404.0	-88.8	
109.15	51.9	10.2	-0.5	0.0	-87.8	90.7	17.4	-207.6	-176.0	4744.8	447.0	-89.6	
109.20	51.9	10.0	-1.3	0.0	-89.0	90.7	17.8	-211.0	-177.5	4822.2	491.5	-93.7	
109.25	51.9	9.8	-2.4	0.0	-90.1	90.7	16.6	-212.6	-178.3	4895.0	516.2	-98.2	
109.30	51.9	9.8	-2.7	0.0	-90.6	90.7	16.9	-213.1	-177.7	4926.4	552.4	-99.9	
109.35	52.0	9.6	-2.5	0.0	-90.1	90.7	20.0	-212.3	-176.4	4882.5	617.9	-98.8	
109.40	52.0	9.2	-2.1	0.0	-89.2	90.7	22.4	-209.4	-176.0	4815.7	682.7	-96.3	
109.45	52.0	9.1	-1.7	0.0	-88.5	90.7	23.0	-205.5	-176.4	4770.6	728.2	-94.5	
109.50	52.0	9.0	-1.8	0.0	-88.0	90.7	23.4	-203.6	-175.9	4732.6	744.3	-94.3	
109.55	52.0	9.0	-1.8	0.0	-87.5	90.7	24.2	-203.9	-175.8	4691.1	749.6	-93.7	
109.60	52.0	9.6	-2.0	0.0	-86.9	90.7	23.4	-203.3	-176.3	4651.0	726.1	-93.8	
109.65	52.0	10.2	-2.2	0.0	-86.7	90.7	22.0	-202.8	-175.5	4643.4	672.9	-94.2	
109.70	52.0	10.6	-2.2	0.0	-86.7	90.7	20.5	-203.3	-174.5	4650.5	620.8	-94.4	
109.75	52.0	10.6	-2.0	0.0	-86.4	90.7	19.5	-203.3	-175.5	4629.4	604.8	-93.2	
109.80	52.0	10.4	-1.8	0.0	-86.1	90.7	20.6	-201.5	-176.1	4609.2	616.3	-92.1	
109.85	52.0	10.3	-2.1	0.0	-86.9	90.7	19.0	-202.4	-174.1	4677.8	557.9	-94.0	
109.90	52.0	10.3	-2.4	0.0	-88.4	90.7	17.3	-206.1	-174.6	4789.0	523.5	-96.6	
109.95	52.0	10.6	-1.8	0.0	-89.7	90.7	16.8	-209.7	-178.1	4874.3	509.2	-95.8	
