Time[s]	Rotor azimuth angle[deg]	Hub wind speed magnitude[m/s]	ACTTORQUE1[Nm]	PITRAT1[deg/s]	PITFRIC1[kNm]	PITCH1[deg]	Blade root 1 Fx[KN]	Blade root 1 Fy[KN]	Blade root 1 Fz[KN]	Blade root 1 Mx[kNm]	Blade root 1 My[kNm]	Blade root 1 Mz[kNm]	
END_OF_HEADER
50.00	306.5	14.7	70.5	0.7	-204.5	6.4	278.2	189.1	520.8	-3621.6	12442.6	37.8	
50.05	309.3	14.5	66.8	0.6	-202.5	6.4	280.9	164.8	510.9	-3092.4	12475.2	29.5	
50.10	312.0	14.7	64.7	0.6	-201.7	6.4	284.0	155.3	499.3	-2709.9	12516.1	25.0	
50.15	314.7	14.8	69.5	0.7	-201.1	6.5	283.3	156.9	487.5	-2569.4	12503.4	29.5	
50.20	317.4	14.5	74.0	0.8	-199.2	6.5	278.1	149.4	477.8	-2511.9	12400.0	37.3	
50.25	320.2	14.3	69.0	0.8	-196.5	6.6	273.7	140.3	472.1	-2347.6	12256.7	37.1	
50.30	322.9	14.0	63.0	0.7	-193.0	6.6	267.2	137.6	468.6	-2201.9	12035.7	42.2	
50.35	325.6	13.6	63.1	0.5	-188.0	6.6	254.8	134.5	462.7	-2064.0	11720.0	55.9	
50.40	328.3	13.5	66.2	0.4	-184.9	6.6	249.1	126.4	455.0	-1666.2	11580.6	57.8	
50.45	331.1	13.3	71.7	0.5	-184.8	6.7	252.8	100.8	449.4	-1041.9	11667.4	47.0	
50.50	333.8	13.0	71.9	0.6	-186.1	6.7	256.6	74.5	444.3	-504.7	11817.5	38.1	
50.55	336.5	13.0	66.4	0.7	-186.7	6.7	253.9	59.5	433.8	-173.4	11904.6	35.5	
50.60	339.2	13.0	61.4	0.6	-185.6	6.8	246.3	49.1	420.5	97.1	11857.2	34.1	
50.65	341.9	13.1	58.0	0.5	-184.8	6.8	244.6	43.1	415.4	325.6	11805.0	29.4	
50.70	344.7	13.4	58.5	0.4	-184.6	6.8	246.9	33.4	418.8	500.2	11778.4	32.7	
50.75	347.4	13.7	64.9	0.4	-185.6	6.8	249.5	19.7	417.5	666.6	11845.1	38.8	
50.80	350.1	13.9	67.6	0.4	-186.7	6.9	249.5	4.3	408.1	880.7	11927.7	38.6	
50.85	352.8	13.8	65.5	0.5	-186.7	6.9	248.5	-5.2	402.4	1203.0	11901.3	32.7	
50.90	355.5	13.9	62.5	0.5	-185.0	6.9	245.5	-16.4	405.3	1665.1	11720.3	27.9	
50.95	358.2	13.9	62.3	0.5	-182.4	6.9	238.0	-38.7	408.0	2233.0	11440.5	30.3	
51.00	0.9	13.8	62.1	0.5	-180.5	6.9	229.9	-66.6	406.0	2767.8	11182.6	32.1	
51.05	3.7	13.9	59.3	0.4	-179.3	7.0	225.8	-84.6	406.2	3120.7	10987.9	29.1	
51.10	6.4	13.8	54.7	0.3	-179.6	7.0	229.4	-84.2	413.5	3301.4	10944.4	22.7	
51.15	9.1	13.6	52.9	0.2	-183.4	7.0	240.0	-83.5	418.9	3415.8	11174.3	14.2	
51.20	11.9	13.4	54.9	0.2	-191.0	7.0	256.0	-96.7	417.6	3607.0	11655.1	-0.6	
51.25	14.6	13.2	59.8	0.4	-199.4	7.0	274.0	-115.7	417.0	3890.6	12166.5	-14.0	
51.30	17.3	13.1	59.9	0.5	-204.5	7.0	284.8	-129.8	423.6	4212.9	12412.9	-20.9	
51.35	20.1	13.3	53.8	0.5	-205.3	7.1	281.4	-146.3	429.9	4620.8	12311.8	-20.3	
51.40	22.8	13.4	47.7	0.4	-205.1	7.1	272.3	-166.2	431.4	5170.6	12066.1	-24.4	
51.45	25.5	13.4	48.3	0.3	-205.2	7.1	266.3	-186.7	433.1	5652.7	11835.0	-26.9	
51.50	28.3	13.0	53.0	0.3	-205.3	7.1	266.8	-198.6	439.9	5889.0	11693.7	-25.3	
51.55	31.0	13.0	55.9	0.4	-205.7	7.1	271.8	-198.8	448.4	5949.6	11680.7	-21.5	
51.60	33.7	13.2	56.5	0.4	-206.8	7.2	273.4	-207.7	451.8	5999.0	11725.1	-16.8	
51.65	36.4	13.4	55.6	0.4	-208.4	7.2	273.5	-215.4	457.1	6145.5	11765.9	-16.4	
51.70	39.2	13.4	56.6	0.4	-208.4	7.2	269.5	-216.5	470.9	6333.9	11659.4	-14.7	
51.75	41.9	13.5	59.3	0.4	-207.1	7.2	257.9	-229.3	484.3	6601.7	11383.6	-6.9	
51.80	44.6	13.6	57.4	0.4	-207.7	7.2	248.0	-246.8	493.6	7023.2	11158.5	-8.8	
51.85	47.3	13.7	53.7	0.3	-210.8	7.3	242.4	-269.8	499.9	7491.1	11081.4	-18.9	
51.90	50.1	13.8	50.3	0.3	-215.2	7.3	246.0	-286.9	508.9	7863.1	11172.4	-31.2	
51.95	52.8	14.1	50.0	0.2	-219.9	7.3	258.4	-290.4	522.7	8107.0	11382.1	-40.0	
52.00	55.5	13.9	54.2	0.2	-224.2	7.3	268.8	-304.1	533.2	8266.7	11598.1	-42.0	
52.05	58.2	13.6	56.5	0.3	-229.0	7.3	278.1	-318.7	541.7	8499.2	11809.0	-50.4	
52.10	60.9	13.4	52.5	0.4	-232.0	7.3	285.2	-317.0	556.7	8743.3	11882.6	-64.6	
52.15	63.7	13.5	48.3	0.4	-230.2	7.4	279.7	-318.5	572.8	8835.3	11636.4	-63.7	
52.20	66.4	13.4	43.0	0.3	-228.8	7.4	269.3	-327.4	583.0	9054.5	11318.5	-63.3	
52.25	69.1	13.1	39.2	0.1	-230.8	7.4	262.7	-334.9	590.8	9466.4	11161.9	-74.8	
52.30	71.8	13.1	41.3	0.0	-230.8	7.4	251.3	-345.9	597.3	9672.1	10976.1	-74.5	
52.35	74.5	13.0	-90.4	-0.1	228.8	7.4	244.1	-341.5	608.4	9677.3	10787.8	-68.7	
52.40	77.3	13.0	-85.7	-0.1	228.2	7.4	245.2	-339.3	622.0	9679.5	10709.5	-63.1	
52.45	80.0	13.4	-81.2	-0.0	229.4	7.4	251.1	-351.2	632.4	9632.7	10814.7	-57.6	
52.50	82.7	13.5	-88.2	-0.0	233.7	7.4	271.5	-349.1	645.6	9596.7	11219.4	-70.4	
52.55	85.4	13.4	-92.5	-0.0	238.0	7.4	296.0	-336.1	660.4	9430.9	11744.8	-80.6	
52.60	88.2	13.6	-94.7	-0.0	242.2	7.4	312.3	-340.4	671.0	9264.8	12212.4	-83.8	
52.65	90.9	13.9	-102.9	-0.1	247.7	7.4	324.3	-350.2	680.3	9336.2	12618.5	-99.3	
52.70	93.6	13.9	-105.5	-0.1	250.1	7.4	326.2	-353.3	691.1	9428.6	12748.3	-107.4	
52.75	96.3	13.6	-100.3	-0.1	246.4	7.4	312.8	-351.0	703.9	9324.8	12502.9	-92.9	
52.80	99.0	13.5	-96.3	-0.2	242.5	7.3	299.2	-343.5	717.3	9189.6	12283.8	-79.5	
52.85	101.7	13.5	-91.9	-0.2	241.8	7.3	293.2	-341.6	727.3	9104.3	12289.5	-75.3	
52.90	104.4	13.2	-92.3	-0.1	242.8	7.3	296.2	-345.5	739.4	9056.5	12386.5	-80.5	
52.95	107.1	13.4	-98.5	-0.2	242.1	7.3	306.2	-333.6	758.3	8876.5	12443.6	-90.3	
53.00	109.8	13.6	-99.1	-0.3	238.5	7.3	308.2	-315.4	776.0	8547.7	12370.2	-88.4	
53.05	112.4	13.6	-98.3	-0.4	236.3	7.3	300.7	-308.0	787.1	8392.8	12293.5	-84.9	
53.10	115.1	13.7	-98.5	-0.5	236.4	7.3	294.9	-305.6	796.4	8425.8	12293.9	-87.3	
53.15	117.8	13.7	-94.7	-0.6	235.6	7.2	293.9	-304.0	808.8	8375.9	12249.8	-84.3	
53.20	120.5	13.6	-94.6	-0.6	235.8	7.2	299.7	-303.8	825.0	8364.1	12244.2	-86.9	
53.25	123.2	13.6	-99.6	-0.7	237.7	7.2	306.7	-300.3	837.9	8422.8	12362.7	-97.0	
53.30	125.9	13.6	-103.9	-0.8	239.0	7.1	307.9	-301.2	842.7	8410.4	12475.6	-103.6	
53.35	128.5	13.6	-102.2	-0.9	236.6	7.1	305.6	-292.0	845.8	8165.0	12446.9	-97.7	
53.40	131.2	13.5	-96.3	-0.9	233.4	7.1	307.6	-274.1	857.0	7943.7	12331.3	-92.2	
53.45	133.9	13.4	-88.4	-0.9	228.3	7.0	301.8	-268.6	865.8	7671.5	12063.3	-78.5	
53.50	136.6	13.3	-86.0	-1.0	222.9	7.0	291.3	-256.5	868.0	7354.0	11838.8	-65.1	
53.55	139.3	13.4	-83.9	-1.0	218.7	6.9	284.4	-235.0	872.7	7069.6	11701.9	-58.3	
53.60	142.0	13.6	-79.4	-1.0	215.3	6.9	281.4	-225.7	881.3	6788.9	11585.3	-56.9	
53.65	144.6	14.0	-75.7	-1.0	211.6	6.8	278.3	-212.9	889.5	6435.4	11492.9	-56.8	
53.70	147.3	14.1	-72.2	-0.8	209.5	6.8	276.3	-199.2	891.7	6126.3	11514.0	-55.8	
53.75	150.0	14.1	-72.5	-0.7	207.3	6.7	273.8	-195.6	891.8	5762.4	11526.0	-56.1	
53.80	152.7	14.2	-79.5	-0.8	205.3	6.7	278.0	-180.1	900.3	5425.8	11531.0	-58.5	
53.85	155.4	14.5	-84.1	-1.0	203.6	6.6	283.5	-161.8	912.9	5106.7	11537.8	-64.9	
53.90	158.0	14.5	-79.4	-1.0	201.9	6.6	283.6	-154.3	914.3	4644.2	11605.0	-59.7	
53.95	160.7	14.3	-77.2	-1.1	202.6	6.5	290.3	-140.6	912.3	4204.6	11835.5	-61.6	
54.00	163.4	14.4	-73.6	-1.0	202.2	6.5	297.5	-122.7	917.8	3766.8	11941.6	-60.8	
54.05	166.0	14.6	-71.9	-0.9	199.8	6.4	298.6	-110.3	927.4	3410.0	11863.8	-55.8	
54.10	168.7	14.8	-75.4	-0.9	199.1	6.4	301.5	-94.4	930.5	3149.0	11885.6	-57.9	
54.15	171.4	14.8	-71.6	-0.9	196.8	6.3	296.7	-77.0	927.9	2737.2	11837.0	-53.4	
54.20	174.0	15.0	-66.6	-0.8	193.6	6.3	292.8	-62.4	929.0	2237.0	11717.2	-44.4	
54.25	176.7	15.2	-68.0	-0.8	189.3	6.3	289.0	-50.8	938.3	1917.0	11456.5	-43.8	
54.30	179.4	15.4	-67.6	-0.9	184.5	6.2	281.6	-37.2	940.5	1583.0	11165.7	-42.2	
54.35	182.0	15.4	-59.0	-0.9	179.2	6.2	268.4	-11.8	934.3	1094.7	10868.1	-21.8	
54.40	184.7	15.5	-52.0	-0.8	176.8	6.1	263.5	11.5	929.7	655.1	10739.8	-13.8	
54.45	187.4	15.6	-47.8	-0.5	175.7	6.1	264.1	11.1	931.4	443.7	10668.6	-17.2	
54.50	190.0	15.3	-52.5	-0.4	176.4	6.1	269.5	12.4	931.6	273.4	10708.8	-27.1	
54.55	192.7	15.4	-61.7	-0.4	177.7	6.1	274.3	32.0	927.5	4.5	10796.0	-32.1	
54.60	195.4	15.7	-68.2	-0.6	178.6	6.0	275.6	48.7	920.8	-326.4	10850.2	-32.8	
54.65	198.0	16.1	-71.4	-0.7	181.0	6.0	285.2	57.0	918.2	-481.8	11001.2	-44.0	
54.70	200.7	16.4	-68.0	-0.7	183.0	6.0	295.3	61.2	917.0	-591.3	11117.8	-54.0	
54.75	203.4	16.5	-63.2	-0.6	181.9	5.9	293.8	67.0	910.0	-902.2	11018.2	-49.1	
54.80	206.1	16.4	-61.6	-0.6	177.6	5.9	279.2	85.6	901.2	-1259.7	10683.7	-34.2	
54.85	208.7	16.5	-58.7	-0.6	172.5	5.9	261.8	101.7	893.1	-1508.5	10301.3	-24.9	
54.90	211.4	16.7	-53.2	-0.5	168.9	5.9	251.8	107.9	886.7	-1683.6	10028.4	-22.5	
54.95	214.1	16.8	-49.7	-0.4	168.7	5.8	253.5	118.5	883.0	-1956.6	9948.3	-19.4	
55.00	216.8	16.7	-50.0	-0.3	168.4	5.8	253.8	126.2	879.1	-2267.5	9850.8	-16.4	
55.05	219.4	16.6	-53.5	-0.3	167.7	5.8	250.1	128.3	869.4	-2483.4	9760.2	-13.6	
55.10	222.1	16.5	-59.4	-0.5	167.7	5.8	247.0	140.1	858.2	-2579.4	9733.8	-15.8	
55.15	224.7	16.2	-55.3	-0.6	168.8	5.8	244.4	156.1	850.3	-2792.6	9746.4	-8.6	
55.20	227.4	15.9	-48.2	-0.5	171.9	5.7	244.6	168.2	842.5	-3109.1	9882.2	-0.0	
55.25	230.0	15.7	-50.1	-0.4	178.0	5.7	253.2	179.8	829.7	-3270.9	10284.1	-7.7	
55.30	232.6	15.3	-58.2	-0.4	184.7	5.7	263.7	185.3	814.3	-3425.0	10747.5	-16.9	
55.35	235.3	15.1	-67.8	-0.6	190.3	5.7	272.0	194.1	803.7	-3670.4	11086.4	-18.5	
55.40	237.9	15.0	-70.7	-0.8	194.7	5.6	277.8	215.4	796.8	-3890.2	11314.7	-16.1	
55.45	240.5	14.7	-61.0	-1.0	197.0	5.6	273.3	221.5	783.7	-4161.0	11413.1	2.2	
55.50	243.2	14.6	-54.7	-1.0	198.6	5.5	269.2	216.4	767.9	-4338.3	11511.4	17.1	
55.55	245.8	14.5	-55.3	-1.1	201.3	5.5	273.1	219.5	755.8	-4419.2	11691.7	17.6	
55.60	248.5	14.5	-52.9	-1.1	204.9	5.4	276.3	229.2	744.1	-4661.8	11870.6	23.7	
55.65	251.1	14.5	-52.5	-1.1	208.8	5.4	278.7	242.6	730.3	-4860.0	12092.1	28.0	
55.70	253.7	14.4	-53.4	-1.0	212.1	5.3	284.8	243.5	716.9	-4831.4	12364.1	24.9	
55.75	256.4	14.3	-51.8	-1.0	213.8	5.3	288.0	235.6	705.3	-4868.1	12507.7	29.4	
55.80	259.0	14.3	-55.2	-1.0	215.6	5.2	290.8	241.2	697.4	-5023.6	12576.1	36.2	
55.85	261.7	14.3	-57.4	-1.2	218.1	5.2	292.3	257.5	690.4	-5182.7	12688.6	45.8	
55.90	264.3	14.2	-55.1	-1.4	221.4	5.1	292.0	259.8	678.5	-5276.2	12925.3	57.1	
55.95	267.0	14.3	-51.9	-1.6	224.8	5.0	297.3	251.9	666.4	-5160.1	13258.0	61.8	
56.00	269.6	14.4	-46.4	-1.5	228.3	4.9	309.4	245.2	656.2	-4966.9	13612.2	58.9	
56.05	272.3	14.1	-41.3	-1.2	230.4	4.9	317.5	237.6	644.1	-4847.3	13825.9	58.7	
56.10	274.9	14.1	-45.3	-1.1	232.0	4.8	323.3	238.4	630.4	-4684.3	14002.0	54.3	
56.15	277.6	14.0	-50.2	-1.0	231.9	4.8	324.0	238.6	619.4	-4478.8	14075.7	54.3	
56.20	280.2	13.7	-51.8	-1.1	230.6	4.7	320.1	227.6	609.1	-4386.1	14035.6	60.8	
56.25	282.9	13.7	-52.6	-1.2	230.0	4.7	320.0	226.1	597.9	-4302.1	14024.9	59.7	
56.30	285.5	13.8	-49.3	-1.1	229.4	4.6	317.7	232.2	582.9	-4247.3	14001.5	57.2	
56.35	288.1	13.8	-45.3	-1.1	226.7	4.5	309.3	223.6	566.7	-4194.5	13853.1	65.1	
56.40	290.8	13.9	-45.9	-1.1	223.3	4.5	304.7	219.2	553.8	-3971.6	13679.2	64.7	
56.45	293.4	13.9	-39.7	-1.0	218.3	4.4	297.2	212.9	541.7	-3688.0	13405.0	65.1	
56.50	296.0	13.9	-30.5	-0.7	211.8	4.4	280.3	203.2	523.8	-3523.5	13019.4	75.9	
56.55	298.7	14.0	-32.0	-0.6	207.4	4.4	266.0	203.9	507.0	-3380.0	12757.0	81.1	
56.60	301.3	14.1	-33.8	-0.6	204.8	4.3	256.3	196.3	494.8	-3271.3	12627.4	88.7	
56.65	303.9	14.0	-38.7	-0.7	203.7	4.3	254.9	185.4	484.1	-3191.3	12595.8	89.2	
56.70	306.6	13.9	-43.1	-0.9	204.0	4.3	263.0	187.4	473.9	-3052.6	12636.3	75.6	
56.75	309.2	14.0	-35.9	-0.8	203.4	4.2	270.0	180.6	465.8	-2921.4	12624.1	69.2	
56.80	311.8	14.1	-31.4	-0.6	203.0	4.2	274.3	166.1	459.5	-2753.2	12643.7	69.3	
56.85	314.5	14.5	-34.0	-0.4	203.9	4.2	276.5	158.2	450.6	-2529.1	12778.6	67.8	
56.90	317.1	14.5	-36.1	-0.4	204.0	4.1	271.4	147.6	437.4	-2314.1	12866.7	70.9	
56.95	319.8	14.2	-43.0	-0.5	203.9	4.1	268.3	139.3	425.9	-2060.4	12925.0	69.3	
57.00	322.4	14.0	-47.0	-0.7	204.3	4.1	273.0	125.3	424.0	-1667.8	13022.2	66.3	
57.05	325.1	13.8	-44.4	-0.8	205.4	4.1	278.9	106.6	422.6	-1290.7	13151.3	66.2	
57.10	327.7	13.7	-42.1	-0.8	206.1	4.0	280.2	91.7	413.5	-962.1	13257.3	67.8	
57.15	330.4	14.0	-39.4	-0.8	206.5	4.0	280.4	84.8	403.2	-722.1	13310.5	66.1	
57.20	333.0	14.1	-36.6	-0.6	207.2	3.9	284.4	83.8	399.6	-574.3	13362.0	64.8	
57.25	335.7	14.1	-40.1	-0.5	208.7	3.9	291.2	78.5	397.9	-367.7	13470.1	59.0	
57.30	338.3	14.4	-45.8	-0.5	209.6	3.9	293.8	58.0	390.6	-19.4	13560.5	51.1	
57.35	340.9	14.3	-49.7	-0.6	208.1	3.9	289.5	37.7	383.0	408.9	13467.2	46.1	
57.40	343.6	14.2	-51.6	-0.8	204.0	3.8	279.8	30.2	381.9	837.8	13163.5	47.1	
57.45	346.2	13.9	-50.0	-0.9	199.9	3.8	268.1	16.5	382.3	1266.1	12861.9	51.4	
57.50	348.8	13.9	-46.6	-1.0	200.2	3.7	262.5	-4.4	377.6	1684.5	12856.0	51.9	
57.55	351.4	13.9	-43.0	-1.0	206.3	3.7	270.1	-20.5	370.1	1976.1	13262.2	50.3	
57.60	354.1	13.7	-45.3	-0.9	215.1	3.6	285.2	-33.1	364.9	2151.2	13867.7	47.4	
57.65	356.7	13.5	-57.8	-0.9	224.9	3.6	304.6	-42.2	362.1	2355.5	14523.9	33.7	
57.70	359.3	13.3	-66.7	-1.1	232.5	3.5	319.6	-50.9	361.5	2610.1	15017.6	19.9	
57.75	1.9	13.1	-64.4	-1.1	236.2	3.5	324.7	-62.8	362.2	2846.1	15238.3	20.0	
57.80	4.5	13.2	-62.2	-1.1	237.2	3.4	324.0	-78.2	365.2	3182.5	15236.4	23.1	
57.85	7.2	13.3	-62.0	-1.1	236.0	3.4	318.0	-102.7	367.8	3645.3	15035.6	27.2	
57.90	9.8	13.2	-62.6	-1.2	233.2	3.3	308.1	-122.0	369.1	4047.0	14725.0	26.0	
57.95	12.4	13.2	-61.8	-1.2	230.4	3.3	299.6	-127.1	372.4	4375.3	14422.5	21.9	
58.00	15.0	13.2	-56.9	-1.1	228.8	3.2	294.1	-136.2	373.6	4646.0	14212.8	21.7	
58.05	17.7	13.3	-53.7	-0.9	228.2	3.1	290.9	-153.7	374.0	4973.2	14035.3	20.5	
58.10	20.3	13.2	-56.5	-0.8	227.3	3.1	290.7	-167.1	379.9	5274.1	13828.6	17.0	
58.15	23.0	13.2	-63.1	-0.8	225.9	3.1	290.5	-175.3	389.1	5481.5	13616.5	14.6	
58.20	25.6	13.2	-71.0	-1.1	226.3	3.0	292.2	-178.3	397.6	5724.6	13527.5	9.1	
58.25	28.3	13.5	-73.0	-1.2	229.5	3.0	296.2	-187.0	403.8	6062.3	13619.8	4.0	
58.30	30.9	13.7	-67.1	-1.3	234.9	2.9	303.8	-199.0	410.4	6380.0	13876.4	5.2	
58.35	33.5	13.9	-62.9	-1.1	241.8	2.8	313.3	-213.6	417.8	6655.8	14264.2	4.8	
58.40	36.2	13.8	-65.2	-0.9	249.1	2.8	320.4	-231.4	422.1	6978.5	14665.9	-0.1	
58.45	38.8	13.8	-73.7	-0.8	255.1	2.7	325.2	-246.7	426.2	7271.2	14989.2	-8.6	
58.50	41.5	13.9	-80.1	-0.8	258.5	2.7	327.9	-256.6	435.1	7449.4	15152.8	-12.9	
58.55	44.2	14.2	-78.4	-0.8	260.3	2.7	331.9	-261.9	447.8	7531.7	15227.5	-12.9	
58.60	46.8	14.5	-74.6	-0.6	262.3	2.6	337.5	-270.5	457.8	7619.8	15315.3	-15.5	
58.65	49.5	14.7	-74.6	-0.4	263.9	2.6	340.8	-280.3	465.8	7727.9	15358.0	-22.0	
58.70	52.1	14.4	-74.9	-0.2	262.8	2.6	340.2	-283.0	478.3	7748.5	15246.9	-21.7	
58.75	54.7	14.4	79.0	0.0	-259.6	2.6	333.4	-284.3	493.0	7728.4	14984.7	-14.3	
58.80	57.4	14.4	79.8	0.2	-257.6	2.6	325.9	-289.2	505.4	7841.9	14751.1	-11.8	
58.85	60.0	14.4	77.7	0.4	-257.4	2.6	321.6	-299.5	518.2	8105.3	14563.1	-14.8	
58.90	62.7	14.7	72.7	0.5	-257.7	2.6	319.2	-312.4	532.8	8363.2	14403.0	-15.1	
58.95	65.3	14.8	67.0	0.4	-259.0	2.7	319.9	-317.6	546.8	8525.8	14395.4	-20.6	
59.00	68.0	14.5	65.1	0.3	-261.0	2.7	323.1	-311.6	559.5	8594.4	14532.9	-27.9	
59.05	70.7	14.2	65.3	0.3	-262.7	2.7	324.9	-312.5	570.6	8609.7	14657.5	-32.0	
59.10	73.3	14.1	67.5	0.3	-264.3	2.7	329.5	-315.0	584.7	8624.0	14759.6	-33.7	
59.15	76.0	14.4	71.5	0.4	-266.3	2.7	338.7	-313.1	601.6	8621.5	14899.4	-36.2	
59.20	78.7	14.1	71.4	0.6	-268.9	2.8	345.9	-314.6	616.8	8621.3	15094.2	-41.7	
59.25	81.4	13.8	66.3	0.6	-273.0	2.8	350.2	-323.4	628.2	8711.7	15353.8	-52.2	
59.30	84.0	13.6	64.8	0.7	-277.1	2.8	351.7	-336.1	637.7	8937.0	15545.3	-59.1	
59.35	86.7	13.6	66.7	0.7	-279.8	2.8	351.2	-344.6	648.7	9206.6	15596.7	-58.2	
59.40	89.4	13.5	67.2	0.7	-280.8	2.9	347.9	-347.3	660.9	9381.8	15566.0	-53.8	
59.45	92.1	13.4	67.5	0.8	-282.6	2.9	347.1	-349.4	667.8	9455.4	15676.2	-53.7	
59.50	94.8	13.3	65.9	0.8	-285.9	3.0	354.5	-348.8	675.9	9523.4	15898.1	-65.5	
59.55	97.4	13.3	63.0	0.8	-287.4	3.0	365.3	-343.1	688.6	9413.3	16076.7	-76.6	
59.60	100.1	13.5	59.0	0.8	-287.7	3.0	377.0	-330.2	703.8	9193.7	16212.7	-84.7	
59.65	102.7	13.8	54.5	0.8	-289.6	3.1	388.5	-319.1	717.4	9108.1	16412.6	-95.7	
59.70	105.4	13.7	51.0	0.7	-291.6	3.1	392.8	-322.0	730.0	9165.8	16521.6	-104.5	
59.75	108.1	13.5	48.3	0.5	-291.7	3.2	392.5	-326.5	742.7	9187.2	16497.3	-103.4	
59.80	110.7	13.4	50.0	0.3	-290.1	3.2	389.8	-325.0	755.8	9159.4	16375.1	-95.8	
59.85	113.4	13.5	52.2	0.2	-288.1	3.2	383.1	-327.2	766.4	9168.3	16201.3	-87.7	
59.90	116.1	13.5	-114.0	-0.0	285.7	3.2	374.5	-331.7	776.4	9200.9	15975.6	-81.5	
59.95	118.7	13.5	-107.5	-0.2	281.1	3.2	367.1	-323.1	786.9	8961.0	15739.0	-69.2	
60.00	121.4	13.2	-92.8	-0.1	274.9	3.2	361.1	-300.5	797.4	8444.6	15545.1	-49.1	
60.05	124.0	13.1	-86.0	-0.0	270.9	3.2	359.7	-285.0	807.9	7989.1	15469.0	-39.3	
60.10	126.7	13.4	-89.0	-0.0	269.2	3.2	363.1	-278.6	819.4	7691.3	15466.6	-36.6	
60.15	129.4	13.7	-93.7	-0.1	267.6	3.2	367.8	-263.0	836.1	7428.9	15468.7	-35.8	
60.20	132.0	13.8	-95.1	-0.4	266.9	3.2	369.5	-247.5	850.5	7220.0	15518.7	-33.4	
60.25	134.7	13.6	-93.4	-0.5	268.7	3.1	370.3	-245.3	857.6	7159.4	15693.3	-35.5	
60.30	137.4	13.6	-87.9	-0.5	271.7	3.1	373.4	-246.0	863.6	7069.6	15970.2	-30.9	
60.35	140.0	13.4	-84.5	-0.4	274.6	3.1	382.2	-239.4	875.1	6899.8	16254.7	-27.0	
60.40	142.7	13.3	-87.0	-0.3	277.5	3.1	394.6	-226.3	884.5	6638.5	16585.6	-26.7	
60.45	145.4	12.7	-88.6	-0.4	279.7	3.1	401.2	-213.4	888.7	6311.6	16887.8	-23.2	
60.50	148.1	12.5	-85.6	-0.3	282.3	3.0	408.6	-202.2	894.5	5959.0	17213.9	-17.6	
60.55	150.8	12.5	-84.2	-0.2	284.5	3.0	416.5	-194.4	905.8	5584.3	17492.6	-14.3	
60.60	153.5	12.7	-88.8	-0.3	285.2	3.0	418.1	-180.7	916.9	5223.7	17660.5	-12.6	
60.65	156.1	12.9	-92.4	-0.4	287.8	3.0	421.5	-164.7	920.9	5041.8	17928.8	-13.9	
60.70	158.8	13.0	-90.1	-0.4	291.9	3.0	427.9	-157.5	921.3	4851.3	18285.7	-11.5	
60.75	161.5	13.1	-85.6	-0.4	294.7	3.0	436.5	-149.4	929.8	4645.5	18537.6	-7.5	
60.80	164.2	13.2	-82.3	-0.2	295.7	2.9	444.2	-137.0	937.5	4428.5	18654.0	-7.1	
60.85	166.9	13.3	-78.7	-0.1	290.1	2.9	429.4	-125.1	934.9	4098.6	18352.0	3.9	
60.90	169.5	13.1	-78.6	-0.1	282.2	2.9	412.1	-108.8	932.9	3755.5	17875.9	14.3	
60.95	172.2	12.6	-71.5	-0.1	273.4	2.9	400.0	-86.1	941.9	3351.2	17321.7	24.1	
61.00	174.9	12.3	92.1	0.1	-265.8	2.9	392.3	-65.6	951.6	2957.6	16836.1	26.7	
61.05	177.6	12.2	91.1	0.3	-260.2	2.9	383.8	-54.5	951.6	2678.4	16480.0	25.7	
61.10	180.3	12.2	88.7	0.5	-256.6	3.0	379.1	-44.4	944.6	2328.1	16284.1	24.6	
61.15	183.0	12.2	86.9	0.7	-250.3	3.0	369.1	-27.8	947.8	2015.3	15877.5	27.0	
61.20	185.7	12.1	82.1	0.8	-243.9	3.0	359.6	-13.7	949.2	1739.6	15452.7	24.9	
61.25	188.4	12.4	80.6	0.9	-236.8	3.1	344.8	-9.3	942.4	1521.4	14978.1	27.7	
61.30	191.1	12.4	81.2	1.0	-231.5	3.1	335.9	4.7	933.1	1082.7	14653.7	29.6	
61.35	193.8	12.3	75.6	1.1	-228.1	3.2	335.1	30.8	933.4	542.9	14417.2	22.4	
61.40	196.5	12.5	63.6	1.0	-226.6	3.2	341.4	50.1	934.3	16.7	14287.6	4.0	
61.45	199.2	12.3	59.8	0.8	-223.8	3.2	342.0	63.9	929.7	-431.3	14065.9	-1.7	
61.50	201.9	12.1	65.9	0.9	-217.3	3.3	330.7	79.6	926.9	-855.9	13581.4	3.5	
61.55	204.6	12.2	74.1	1.1	-208.5	3.3	307.9	95.2	923.7	-1392.0	12919.9	23.6	
61.60	207.3	12.3	72.2	1.2	-201.7	3.4	288.5	110.5	917.2	-1795.6	12394.7	31.1	
61.65	210.0	12.5	63.8	1.2	-199.2	3.5	283.7	117.9	907.8	-1917.9	12197.9	18.8	
61.70	212.7	12.9	56.5	1.1	-199.5	3.5	288.4	114.9	898.3	-2137.7	12181.7	5.6	
61.75	215.4	13.2	52.3	1.0	-202.5	3.6	301.6	128.8	894.7	-2574.6	12275.7	-6.7	
61.80	218.1	13.4	51.5	0.9	-205.7	3.6	315.7	148.8	892.1	-2950.3	12381.2	-21.9	
61.85	220.8	13.6	49.1	0.9	-204.7	3.7	315.8	152.3	884.7	-3199.5	12247.1	-28.5	
61.90	223.5	13.5	46.3	0.7	-199.9	3.7	304.3	162.6	876.6	-3445.8	11823.2	-18.7	
61.95	226.2	13.4	53.2	0.6	-194.6	3.7	287.6	180.3	870.8	-3752.1	11325.5	1.7	
62.00	228.9	13.4	59.7	0.6	-191.8	3.8	272.7	188.3	859.8	-3975.6	11061.6	11.6	
62.05	231.6	13.2	57.1	0.5	-192.5	3.8	266.9	195.5	841.4	-4007.2	11120.0	9.2	
62.10	234.3	13.2	55.1	0.4	-195.0	3.8	271.6	199.8	826.0	-3979.4	11325.2	11.8	
62.15	236.9	13.3	56.7	0.3	-196.9	3.8	280.3	200.2	819.4	-3954.0	11466.6	15.9	
62.20	239.6	13.2	56.7	0.2	-198.6	3.8	288.2	203.4	813.3	-3903.9	11604.4	8.5	
62.25	242.3	13.0	60.9	0.2	-200.2	3.8	288.1	211.9	801.1	-3940.4	11714.5	6.8	
62.30	245.0	12.7	63.0	0.1	-201.1	3.8	281.0	222.8	786.0	-4199.2	11702.9	21.0	
62.35	247.7	12.8	-57.4	-0.1	202.8	3.9	280.5	233.9	775.2	-4444.4	11737.1	31.6	
62.40	250.4	12.9	-59.0	-0.3	206.5	3.8	289.6	236.7	766.0	-4546.4	11978.4	28.5	
62.45	253.1	13.1	-56.8	-0.3	211.6	3.8	296.1	233.2	750.6	-4641.3	12362.6	27.0	
62.50	255.7	13.2	-55.9	-0.4	217.5	3.8	298.7	234.6	732.2	-4775.3	12792.0	31.4	
62.55	258.4	13.2	-55.2	-0.4	222.1	3.8	299.3	238.4	715.8	-4860.4	13138.4	38.2	
62.60	261.1	13.1	-55.6	-0.5	223.7	3.8	300.9	238.2	704.5	-4783.1	13302.9	41.1	
62.65	263.8	12.7	-56.5	-0.6	223.6	3.7	304.3	238.8	696.3	-4651.6	13340.3	38.1	
62.70	266.5	12.5	-51.4	-0.6	223.2	3.7	301.7	241.6	685.9	-4753.7	13281.6	46.2	
62.75	269.2	12.3	-46.7	-0.6	223.6	3.7	291.0	249.6	670.0	-5100.2	13205.8	62.3	
62.80	271.9	12.4	-48.2	-0.7	225.5	3.7	281.9	265.1	653.6	-5444.5	13227.6	73.4	
62.85	274.6	12.3	-50.9	-0.8	228.1	3.6	281.8	278.1	641.3	-5653.5	13333.7	77.1	
62.90	277.2	12.1	-50.1	-1.0	230.8	3.6	292.0	276.5	632.9	-5721.4	13513.7	76.8	
62.95	279.9	11.9	-46.0	-0.9	232.8	3.5	307.1	264.2	625.7	-5543.2	13747.1	68.3	
63.00	282.6	11.8	-42.3	-0.7	231.9	3.5	312.4	247.6	614.4	-5177.8	13844.8	56.2	
63.05	285.3	11.7	-45.4	-0.6	227.2	3.4	301.3	232.8	600.3	-4875.7	13645.4	54.5	
63.10	288.0	11.6	-48.8	-0.6	221.1	3.4	281.2	239.3	585.5	-4759.6	13246.6	61.1	
63.15	290.7	11.8	-42.4	-0.7	215.2	3.4	258.9	245.9	570.6	-4862.2	12776.6	75.8	
63.20	293.4	11.9	-33.6	-0.6	210.7	3.4	243.4	240.9	554.5	-5006.5	12414.4	83.7	
63.25	296.1	12.0	-32.9	-0.4	209.1	3.3	244.3	241.7	542.2	-5002.7	12296.7	73.5	
63.30	298.8	11.8	-35.0	-0.2	208.5	3.3	250.1	242.5	533.5	-4958.8	12258.5	68.5	
63.35	301.5	11.6	-38.2	-0.2	206.1	3.3	251.6	231.5	523.8	-4736.8	12174.9	67.0	
63.40	304.1	11.6	-42.8	-0.1	202.1	3.3	254.1	213.2	511.9	-4124.4	12118.1	49.4	
63.45	306.8	12.0	77.6	0.1	-197.1	3.3	252.7	189.9	500.2	-3495.0	11974.4	40.4	
63.50	309.5	12.0	73.4	0.2	-191.2	3.3	244.3	171.0	491.0	-3099.0	11685.0	44.2	
63.55	312.2	11.6	63.7	0.1	-185.9	3.3	233.5	165.9	479.6	-2827.6	11387.2	45.8	
63.60	314.9	11.2	63.8	0.0	-181.8	3.3	223.4	162.4	463.4	-2681.8	11145.6	48.4	
63.65	317.6	11.2	69.3	0.1	-178.5	3.3	218.7	158.4	451.8	-2646.5	10924.0	52.6	
63.70	320.3	11.4	72.4	0.2	-175.5	3.3	220.3	153.2	450.6	-2566.7	10718.4	53.7	
63.75	323.0	11.5	71.0	0.4	-173.2	3.3	222.7	141.7	446.9	-2359.8	10600.3	49.6	
63.80	325.7	11.5	60.9	0.4	-171.8	3.4	224.1	124.9	434.9	-1957.2	10609.8	38.5	
63.85	328.3	11.6	51.0	0.2	-169.6	3.4	222.6	105.7	426.1	-1350.0	10571.3	30.5	
63.90	331.0	11.8	-47.6	-0.0	166.7	3.4	219.4	84.4	423.1	-798.2	10440.8	29.4	
63.95	333.7	11.4	-44.2	-0.1	165.0	3.4	216.7	65.5	417.1	-417.0	10365.9	30.0	
64.00	336.4	11.3	-42.8	-0.2	166.0	3.4	217.1	59.6	404.4	-195.2	10460.6	26.2	
64.05	339.1	11.4	-41.6	-0.2	168.4	3.4	220.2	58.9	393.1	-198.0	10641.7	28.0	
64.10	341.8	11.5	-44.1	-0.3	171.7	3.3	229.5	57.2	391.9	-233.4	10868.1	26.6	
64.15	344.4	11.6	-46.2	-0.3	175.8	3.3	241.8	48.4	394.1	-48.2	11147.8	21.2	
64.20	347.1	11.8	-45.1	-0.3	179.9	3.3	248.6	33.6	389.8	211.4	11453.3	22.0	
64.25	349.8	12.2	-46.9	-0.3	183.5	3.3	249.9	20.7	382.7	488.6	11716.7	28.4	
64.30	352.5	12.1	-50.6	-0.5	186.4	3.3	251.0	3.9	380.4	923.3	11919.1	31.2	
64.35	355.1	11.8	-53.1	-0.6	188.9	3.3	252.4	-24.5	382.0	1570.5	12032.7	24.9	
64.40	357.8	11.7	-52.9	-0.7	191.4	3.2	252.8	-49.5	380.4	2121.0	12128.1	23.4	
64.45	0.4	11.6	-48.2	-0.8	193.0	3.2	250.1	-60.1	376.7	2385.3	12206.9	34.3	
64.50	3.1	11.6	-45.4	-0.8	195.6	3.1	251.8	-62.3	374.6	2474.0	12386.7	41.7	
64.55	5.7	11.5	-50.9	-0.8	200.8	3.1	262.2	-70.2	378.3	2676.0	12701.6	34.8	
64.60	8.4	11.3	-59.1	-1.0	207.5	3.1	276.3	-85.4	384.2	3024.9	13087.9	23.6	
64.65	11.1	11.1	-64.6	-1.2	214.3	3.0	288.2	-97.4	387.9	3426.9	13472.7	17.9	
64.70	13.7	11.2	-66.6	-1.4	219.8	2.9	293.6	-107.4	392.4	3916.7	13745.9	15.5	
64.75	16.4	11.3	-65.5	-1.5	224.8	2.9	293.2	-133.0	396.3	4556.1	13911.3	13.0	
64.80	19.0	11.3	-63.1	-1.5	230.8	2.8	293.7	-161.1	399.1	5293.9	14087.7	11.6	
64.85	21.7	11.1	-62.0	-1.4	236.7	2.7	296.0	-177.8	402.2	5838.1	14322.0	14.5	
64.90	24.3	10.8	-65.5	-1.4	242.5	2.7	298.6	-191.2	405.9	6176.5	14623.6	16.9	
64.95	27.0	10.8	-75.2	-1.5	251.6	2.6	311.1	-199.1	409.9	6507.9	15180.7	4.0	
65.00	29.7	11.1	-82.3	-1.5	262.9	2.5	331.4	-207.3	413.8	6808.7	15916.3	-10.8	
65.05	32.3	11.4	-87.2	-1.6	273.2	2.4	350.5	-222.5	420.6	7063.6	16566.8	-13.9	
65.10	35.0	11.7	-95.8	-1.8	283.3	2.3	368.9	-235.1	429.1	7425.2	17164.9	-23.1	
65.15	37.6	12.0	-98.7	-1.9	292.6	2.2	381.5	-246.8	434.8	7863.7	17683.1	-34.3	
65.20	40.3	11.8	-94.8	-1.9	299.0	2.2	383.9	-266.5	436.6	8272.3	17989.7	-32.4	
65.25	42.9	11.8	-91.2	-1.7	302.8	2.1	385.0	-283.0	441.9	8633.7	18097.8	-25.7	
65.30	45.6	11.9	-88.1	-1.5	305.8	2.0	389.3	-298.2	452.4	8958.1	18142.9	-24.7	
65.35	48.2	11.8	-92.6	-1.3	308.3	1.9	393.6	-307.1	461.2	9120.1	18235.3	-32.7	
65.40	50.9	11.9	-102.5	-1.4	308.8	1.8	393.3	-304.0	465.2	9040.6	18325.0	-40.7	
65.45	53.5	12.1	-104.4	-1.4	307.1	1.8	389.5	-298.4	470.7	8835.5	18295.2	-39.9	
65.50	56.2	12.0	-101.1	-1.5	305.2	1.7	387.7	-299.8	483.8	8829.6	18127.7	-36.8	
65.55	58.8	12.3	-101.4	-1.5	304.6	1.6	389.7	-302.7	502.1	9059.3	17935.8	-39.9	
65.60	61.5	12.6	-98.0	-1.5	304.2	1.5	385.6	-315.1	514.0	9266.7	17774.7	-33.8	
65.65	64.1	12.6	-93.3	-1.4	305.1	1.5	379.1	-333.1	520.7	9437.8	17731.3	-27.6	
65.70	66.8	12.8	-94.0	-1.2	308.0	1.4	381.6	-340.8	534.1	9664.5	17829.1	-34.1	
65.75	69.4	12.9	-100.2	-1.2	310.5	1.3	387.7	-343.1	549.9	9761.9	17954.4	-43.8	
65.80	72.0	12.8	-108.7	-1.3	312.2	1.3	392.3	-347.0	559.7	9739.5	18079.6	-47.2	
65.85	74.7	12.6	-113.2	-1.4	314.6	1.2	401.2	-347.1	569.2	9744.0	18252.7	-54.7	
65.90	77.3	12.4	-111.3	-1.5	316.3	1.1	411.5	-345.5	582.4	9680.7	18405.3	-62.5	
65.95	80.0	12.2	-111.4	-1.4	316.5	1.1	416.6	-342.0	596.7	9570.3	18455.6	-67.0	
66.00	82.6	12.4	-111.9	-1.4	316.7	1.0	418.2	-338.6	610.0	9621.6	18440.8	-69.7	
66.05	85.2	12.8	-107.0	-1.3	316.8	0.9	412.9	-349.0	622.3	9862.5	18299.4	-64.3	
66.10	87.9	13.2	-107.1	-1.2	317.0	0.9	407.8	-362.7	636.4	10165.1	18123.3	-66.2	
66.15	90.5	13.6	-109.7	-1.1	316.3	0.8	403.1	-363.3	650.4	10322.2	17967.3	-71.4	
66.20	93.2	13.6	-111.0	-1.1	313.1	0.8	389.5	-363.6	657.2	10228.6	17774.0	-66.6	
66.25	95.8	13.0	-121.4	-1.4	310.5	0.7	377.9	-366.3	661.7	10182.3	17591.6	-66.5	
66.30	98.4	12.8	-132.6	-2.0	309.6	0.6	383.0	-351.9	674.0	10163.5	17527.1	-79.8	
66.35	101.1	13.0	-125.6	-2.3	308.0	0.5	391.8	-341.4	689.6	9961.5	17498.9	-79.1	
66.40	103.7	13.5	-111.0	-2.3	308.6	0.4	400.3	-340.9	702.3	9723.9	17644.6	-71.0	
66.45	106.3	13.2	-101.3	-2.1	311.1	0.3	407.4	-339.2	712.5	9612.4	17897.7	-66.8	
66.50	108.9	13.1	-103.3	-1.9	312.4	0.2	408.7	-337.9	723.3	9562.1	18030.8	-64.6	
66.55	111.6	13.1	-117.1	-2.1	313.1	0.1	411.6	-333.6	737.5	9520.4	18100.3	-66.7	
66.60	114.2	13.3	-110.8	-2.1	314.2	-0.0	416.6	-330.6	752.3	9481.9	18194.4	-59.9	
66.65	116.8	13.6	-85.7	-1.6	315.1	-0.1	418.7	-334.3	760.0	9319.2	18332.3	-44.3	
66.70	119.4	14.0	-89.4	-1.2	314.9	-0.2	423.3	-323.0	764.9	8944.8	18508.6	-44.4	
66.75	122.1	14.2	-95.0	-0.9	313.4	-0.2	430.7	-296.8	777.3	8506.3	18613.6	-51.7	
66.80	124.7	14.2	-95.3	-0.7	310.1	-0.3	428.2	-285.5	790.7	8080.2	18542.7	-46.0	
66.85	127.3	14.0	-91.5	-0.5	307.1	-0.3	420.0	-279.5	801.6	7752.4	18457.4	-28.7	
66.90	129.9	14.0	-91.0	-0.4	306.0	-0.3	418.2	-261.2	812.6	7475.3	18509.5	-22.4	
66.95	132.5	14.0	-90.9	-0.3	305.1	-0.3	418.6	-251.2	823.2	7200.2	18552.2	-19.0	
67.00	135.1	14.0	-89.8	-0.2	305.4	-0.4	421.4	-252.6	836.3	7054.1	18616.9	-11.8	
67.05	137.8	13.9	-90.9	-0.2	309.1	-0.4	432.6	-248.5	848.8	6967.4	18912.6	-9.7	
67.10	140.4	13.4	-91.3	-0.1	312.1	-0.4	438.8	-241.0	853.6	6741.6	19222.4	-6.5	
67.15	143.0	12.9	-91.2	-0.1	313.7	-0.4	441.8	-222.3	857.3	6341.4	19504.1	-3.1	
67.20	145.6	12.7	-92.3	-0.1	316.4	-0.4	449.9	-197.7	866.6	5959.4	19838.1	-3.1	
67.25	148.2	13.0	-92.2	-0.0	318.2	-0.4	455.7	-190.3	876.4	5634.7	20059.2	-0.5	
67.30	150.9	13.4	-93.9	-0.0	318.9	-0.4	458.5	-185.2	884.3	5411.2	20168.2	-5.0	
67.35	153.5	13.8	-96.0	-0.0	319.3	-0.4	462.6	-161.7	892.0	5221.6	20257.7	-11.4	
67.40	156.1	13.5	-92.8	-0.0	317.7	-0.4	457.4	-151.9	899.6	5099.8	20181.0	-1.9	
67.45	158.7	13.0	-87.7	-0.0	316.6	-0.4	449.6	-158.7	901.6	4965.0	20142.3	15.0	
67.50	161.4	12.7	-88.0	-0.0	317.7	-0.4	453.4	-151.6	904.1	4871.1	20245.5	15.2	
67.55	164.0	12.7	-89.0	-0.0	316.4	-0.4	455.5	-135.5	907.6	4663.5	20203.0	10.7	
67.60	166.6	12.8	-84.8	-0.0	311.3	-0.4	445.3	-121.6	909.0	4308.8	19922.6	19.8	
67.65	169.2	12.7	-82.5	-0.0	307.5	-0.4	439.4	-102.2	911.9	4018.4	19722.7	24.1	
67.70	171.9	12.7	-80.3	-0.0	303.9	-0.4	434.7	-85.3	914.7	3601.1	19546.9	28.1	
67.75	174.5	12.8	-75.7	-0.0	300.0	-0.4	427.7	-71.1	915.8	3113.1	19360.5	40.2	
67.80	177.1	12.8	-76.2	-0.0	299.0	-0.4	428.8	-51.4	916.5	2795.0	19332.6	37.3	
67.85	179.7	12.9	-75.9	-0.0	298.1	-0.4	430.0	-39.9	918.0	2627.3	19285.8	37.6	
67.90	182.4	12.8	-73.7	-0.0	295.9	-0.4	428.1	-39.4	920.9	2466.9	19142.1	42.7	
67.95	185.0	12.5	-72.2	-0.0	294.1	-0.4	426.4	-31.8	919.7	2183.5	19047.2	46.2	
68.00	187.6	12.4	-70.6	-0.0	293.4	-0.4	424.0	-15.4	911.7	1780.5	19050.4	51.1	
68.05	190.2	12.5	-69.1	-0.0	293.4	-0.4	425.6	1.7	903.9	1363.9	19092.5	56.1	
68.10	192.9	12.6	-64.6	-0.0	292.2	-0.4	426.3	27.2	904.6	779.4	19024.1	70.5	
68.15	195.5	12.5	-62.8	-0.0	291.7	-0.4	427.2	52.4	906.7	141.5	18989.6	76.2	
68.20	198.2	12.5	-60.7	-0.0	293.1	-0.4	427.6	67.6	897.8	-526.8	19092.2	84.9	
68.25	200.8	12.5	-60.4	-0.0	296.0	-0.4	433.7	77.7	890.5	-989.9	19278.5	88.6	
68.30	203.4	12.4	-61.3	-0.0	298.0	-0.4	444.1	88.6	895.6	-1228.4	19375.4	87.7	
68.35	206.1	12.4	-60.9	-0.0	298.7	-0.4	451.6	96.8	899.6	-1346.1	19387.2	89.6	
68.40	208.7	12.5	-60.7	-0.0	298.8	-0.4	453.4	99.4	889.2	-1419.7	19391.8	90.5	
68.45	211.4	12.7	127.7	0.3	-295.7	-0.4	444.6	96.7	874.9	-1534.0	19183.4	101.6	
68.50	214.0	12.7	130.9	0.7	-290.1	-0.4	431.3	104.3	868.1	-1821.7	18773.7	114.6	
68.55	216.6	12.7	108.2	0.5	-285.3	-0.3	420.1	126.7	865.2	-2137.1	18394.4	114.6	
68.60	219.3	12.7	-75.8	-0.3	283.2	-0.3	409.4	152.4	854.5	-2481.3	18201.6	112.7	
68.65	221.9	12.5	-41.3	-0.2	283.0	-0.3	402.7	167.8	843.9	-2832.6	18144.6	132.9	
68.70	224.6	12.3	-43.7	-0.1	284.3	-0.3	408.2	177.8	843.3	-3036.2	18182.8	128.0	
68.75	227.2	12.1	-48.7	-0.1	285.0	-0.4	417.6	180.7	846.3	-2955.8	18223.5	113.2	
68.80	229.9	12.2	-49.5	-0.1	283.2	-0.4	414.8	172.9	837.5	-2742.1	18140.6	109.9	
68.85	232.5	12.3	-48.3	-0.1	280.9	-0.4	405.5	172.5	819.5	-2591.0	18027.1	112.7	
68.90	235.2	12.3	-46.8	-0.0	278.7	-0.4	396.5	180.5	805.9	-2578.7	17884.1	116.0	
68.95	237.8	12.3	120.0	0.1	-276.2	-0.4	387.9	181.3	794.4	-2768.2	17699.0	122.1	
69.00	240.5	12.1	114.8	0.0	-275.8	-0.4	385.6	187.0	780.0	-3108.3	17622.1	120.4	
69.05	243.1	12.0	114.8	0.0	-276.7	-0.4	385.2	208.5	767.4	-3575.5	17580.2	119.0	
69.10	245.8	12.3	115.4	0.0	-276.1	-0.4	381.0	227.8	759.6	-4031.2	17426.4	121.3	
69.15	248.4	12.4	114.4	0.0	-275.0	-0.4	381.7	235.4	753.8	-4226.7	17285.7	118.7	
69.20	251.1	12.3	117.6	0.1	-274.1	-0.4	382.6	235.7	743.0	-4257.4	17209.4	117.2	
69.25	253.7	12.5	132.4	0.5	-271.8	-0.3	374.3	228.5	726.4	-4239.0	17081.9	128.7	
69.30	256.4	12.3	117.7	0.6	-268.8	-0.3	361.5	228.7	708.2	-4265.1	16886.6	125.8	
69.35	259.0	12.0	105.0	0.4	-265.1	-0.3	348.5	237.8	691.8	-4403.1	16595.2	124.7	
69.40	261.7	12.0	103.7	0.1	-260.8	-0.3	338.2	242.9	679.4	-4617.6	16220.9	130.1	
69.45	264.3	12.1	-48.5	-0.2	258.8	-0.3	338.6	250.6	669.4	-4849.2	15993.3	126.3	
69.50	267.0	12.1	-42.8	-0.2	259.1	-0.3	339.7	264.0	659.3	-5199.3	15885.7	122.2	
69.55	269.6	12.1	-37.2	-0.2	259.4	-0.3	333.6	276.3	647.1	-5607.8	15773.5	124.3	
69.60	272.3	12.0	-36.3	-0.1	257.8	-0.3	325.1	282.1	636.2	-5813.1	15587.7	127.5	
69.65	274.9	11.9	-36.1	-0.1	254.2	-0.3	318.1	280.6	625.9	-5686.3	15367.8	126.0	
69.70	277.6	12.0	-34.7	-0.1	249.3	-0.3	309.1	270.1	616.3	-5451.9	15109.8	127.0	
69.75	280.3	12.2	-32.6	-0.1	245.0	-0.3	299.8	254.7	604.3	-5227.7	14907.6	130.8	
69.80	282.9	12.1	114.4	0.1	-243.3	-0.3	295.6	243.0	589.6	-4941.8	14913.8	131.5	
69.85	285.6	11.9	107.7	0.1	-243.7	-0.3	296.8	233.1	574.5	-4692.4	15057.5	123.1	
69.90	288.2	11.7	-43.6	-0.0	244.6	-0.3	300.8	229.8	560.9	-4613.0	15158.5	113.9	
69.95	290.9	11.8	-39.6	-0.0	245.4	-0.3	309.3	235.2	551.3	-4585.8	15207.8	108.2	
70.00	293.5	11.9	-42.5	-0.0	245.4	-0.3	316.4	239.2	541.9	-4514.5	15208.9	98.6	
70.05	296.2	11.8	-44.1	-0.0	243.5	-0.3	316.7	233.8	529.6	-4369.8	15119.3	91.3	
70.10	298.8	12.0	-44.9	-0.0	240.6	-0.3	315.1	229.7	518.2	-4130.0	14983.1	86.1	
70.15	301.4	12.2	-43.6	-0.0	237.1	-0.3	309.3	228.2	508.7	-3877.7	14798.3	87.1	
70.20	304.1	12.3	-39.2	-0.0	232.6	-0.3	297.1	215.4	498.1	-3610.9	14580.9	97.6	
70.25	306.8	12.1	-35.5	-0.0	228.3	-0.3	284.6	197.5	485.9	-3254.9	14396.8	106.2	
70.30	309.4	11.8	-34.0	-0.0	224.4	-0.3	276.1	180.1	474.9	-2934.4	14225.5	107.5	
70.35	312.1	11.5	-34.3	-0.0	222.3	-0.3	275.4	167.4	465.9	-2757.8	14131.7	104.4	
70.40	314.7	11.5	-36.6	-0.0	223.1	-0.3	281.6	164.6	456.2	-2690.3	14197.2	97.4	
70.45	317.4	11.5	-39.6	-0.0	224.3	-0.3	286.8	161.5	444.4	-2645.1	14298.8	88.3	
70.50	320.0	11.5	-42.1	-0.0	224.3	-0.3	289.6	154.1	433.7	-2615.0	14315.2	79.7	
70.55	322.7	11.1	-44.1	-0.0	222.7	-0.3	290.0	153.4	426.5	-2595.1	14206.0	71.3	
70.60	325.4	10.9	-41.9	-0.0	218.3	-0.3	280.9	145.0	421.4	-2474.4	13922.9	74.3	
70.65	328.0	10.9	-38.3	-0.0	212.5	-0.3	266.7	128.7	413.5	-2217.9	13593.4	81.0	
70.70	330.7	11.1	-37.4	-0.0	208.6	-0.3	259.1	117.8	406.7	-1874.2	13381.4	80.1	
70.75	333.3	11.2	-38.3	-0.0	207.3	-0.3	259.0	111.2	402.7	-1619.3	13326.3	75.7	
70.80	336.0	11.1	-39.4	-0.0	208.2	-0.3	263.4	97.0	398.7	-1423.7	13425.8	72.9	
70.85	338.6	10.9	-43.0	-0.0	210.6	-0.3	272.6	82.3	393.8	-1107.4	13628.5	62.8	
70.90	341.3	10.7	-44.2	-0.0	211.6	-0.3	276.6	70.8	389.3	-824.4	13729.9	59.8	
70.95	344.0	10.6	-41.9	-0.0	210.0	-0.3	270.9	67.7	387.5	-634.7	13633.2	66.2	
71.00	346.6	10.3	-39.2	-0.0	208.3	-0.3	263.6	60.6	386.0	-418.1	13543.1	73.8	
71.05	349.3	10.3	-39.3	-0.0	209.0	-0.3	262.5	38.9	383.9	-87.7	13619.7	74.0	
71.10	352.0	10.3	-42.6	-0.0	212.4	-0.3	270.3	15.0	383.4	342.8	13856.3	66.2	
71.15	354.6	9.9	-46.4	-0.0	216.9	-0.3	280.4	-3.7	383.3	789.9	14153.8	57.7	
71.20	357.3	10.1	-51.4	-0.0	222.6	-0.3	292.1	-15.5	380.6	1238.5	14521.9	46.3	
71.25	360.0	10.2	-57.6	-0.0	227.9	-0.3	303.9	-32.3	378.6	1779.1	14832.9	30.1	
71.30	2.6	10.4	83.5	0.2	-229.5	-0.3	307.2	-56.5	380.7	2275.8	14860.8	25.7	
71.35	5.2	10.4	85.6	0.5	-226.8	-0.3	300.0	-70.6	384.2	2635.1	14604.8	30.8	
71.40	7.9	10.5	69.9	0.4	-222.7	-0.3	287.1	-73.5	383.6	2897.0	14272.4	34.5	
71.45	10.6	10.7	-78.3	-0.2	220.8	-0.3	278.6	-82.6	381.7	3225.5	14075.4	24.7	
71.50	13.2	10.4	-58.9	-0.2	222.5	-0.3	280.5	-95.6	384.5	3650.2	14087.4	19.1	
71.55	15.9	10.5	-63.2	-0.1	226.4	-0.3	291.1	-108.2	390.8	4004.2	14246.1	4.0	
71.60	18.5	10.7	-64.7	-0.1	228.9	-0.3	296.0	-129.7	393.2	4314.9	14308.4	2.7	
71.65	21.2	10.9	-66.1	-0.1	230.7	-0.3	297.8	-148.4	393.7	4706.0	14300.2	0.7	
71.70	23.8	11.0	-69.9	-0.1	231.8	-0.3	299.0	-159.7	400.2	5121.4	14218.9	-10.3	
71.75	26.5	11.0	-69.4	-0.0	229.3	-0.3	290.1	-170.5	409.0	5329.5	13939.7	-10.7	
71.80	29.2	11.2	-65.2	-0.0	225.6	-0.3	278.5	-174.5	417.0	5366.5	13643.4	0.4	
71.85	31.8	11.2	-62.6	-0.0	225.1	-0.3	272.6	-184.8	420.8	5456.0	13567.6	9.2	
71.90	34.5	11.1	-64.3	-0.0	229.5	-0.3	275.8	-201.8	423.6	5667.3	13796.6	8.0	
71.95	37.2	10.6	-69.5	-0.0	237.0	-0.3	286.4	-212.9	429.9	5976.2	14233.2	-1.9	
72.00	39.8	10.7	-75.1	-0.0	244.9	-0.3	299.1	-215.5	439.2	6232.6	14726.3	-13.2	
72.05	42.5	11.0	-79.5	-0.0	251.6	-0.3	309.5	-223.4	447.8	6433.3	15144.0	-21.5	
72.10	45.1	10.6	-84.2	-0.0	258.0	-0.3	322.1	-238.8	456.7	6706.8	15486.5	-31.1	
72.15	47.8	10.4	-87.5	-0.0	263.2	-0.3	335.2	-255.3	467.8	6995.8	15709.3	-37.4	
72.20	50.4	10.2	-89.8	-0.0	266.2	-0.3	345.7	-257.9	481.3	7131.7	15861.0	-42.0	
72.25	53.1	10.1	-91.9	-0.0	268.2	-0.3	348.1	-257.0	490.6	7216.8	15973.7	-47.2	
72.30	55.7	10.2	-92.7	-0.0	269.4	-0.3	343.8	-263.4	496.1	7320.6	16015.8	-49.0	
72.35	58.4	10.4	-91.1	-0.0	269.4	-0.3	337.9	-280.7	504.1	7508.9	15904.7	-43.4	
72.40	61.1	10.5	-90.3	-0.0	269.3	-0.3	336.2	-294.1	519.4	7816.0	15711.7	-40.6	
72.45	63.7	10.6	-91.2	-0.0	270.1	-0.3	334.3	-303.5	534.3	8170.9	15566.5	-42.9	
72.50	66.4	10.6	-92.5	-0.0	271.9	-0.3	331.8	-306.4	543.8	8400.3	15590.3	-45.5	
72.55	69.0	10.2	-93.5	-0.0	274.4	-0.3	334.3	-309.6	552.7	8484.7	15740.7	-46.5	
72.60	71.7	10.2	-97.0	-0.0	278.0	-0.3	347.2	-315.6	566.8	8542.7	15958.9	-54.9	
72.65	74.3	10.5	-103.5	-0.0	282.2	-0.3	367.1	-315.2	584.9	8594.8	16231.0	-73.0	
72.70	77.0	10.9	-107.4	-0.0	284.9	-0.3	377.1	-311.9	600.1	8566.4	16440.4	-83.8	
72.75	79.6	10.9	-105.3	-0.0	285.5	-0.3	372.0	-309.3	610.1	8456.4	16559.7	-75.8	
72.80	82.3	10.8	-101.2	-0.0	286.1	-0.3	362.5	-314.1	620.0	8478.4	16606.8	-61.3	
72.85	84.9	10.8	-100.3	-0.0	288.3	-0.3	360.8	-324.5	634.1	8706.1	16642.5	-56.0	
72.90	87.6	10.8	-102.9	-0.0	292.2	-0.3	370.3	-335.0	651.0	9013.5	16757.1	-60.9	
72.95	90.3	10.8	-104.2	-0.0	296.7	-0.3	382.2	-345.9	666.0	9215.1	16963.9	-61.2	
73.00	92.9	10.9	-106.0	-0.0	301.8	-0.3	394.2	-351.9	676.1	9235.5	17341.1	-62.2	
73.05	95.6	10.6	-108.4	-0.0	306.6	-0.3	408.1	-343.7	684.8	9065.2	17819.5	-65.6	
73.10	98.3	10.3	-109.1	-0.0	309.1	-0.3	421.8	-328.5	697.4	8793.2	18144.5	-65.5	
73.15	100.9	10.1	-107.9	-0.0	309.8	-0.3	433.6	-321.6	714.1	8590.0	18272.3	-60.6	
73.20	103.6	10.2	-107.0	-0.0	311.2	-0.3	442.7	-320.7	730.8	8498.6	18393.6	-56.3	
73.25	106.3	10.0	-106.0	-0.0	312.5	-0.3	443.8	-322.5	742.8	8458.9	18504.3	-51.3	
73.30	108.9	9.7	-104.1	-0.0	312.0	-0.3	437.4	-315.4	750.9	8402.5	18512.4	-45.5	
73.35	111.6	9.5	-101.3	-0.0	311.0	-0.3	430.5	-309.6	762.3	8480.3	18416.7	-36.7	
73.40	114.3	9.6	-99.4	-0.0	310.3	-0.3	426.6	-318.1	777.9	8694.1	18236.9	-30.9	
73.45	117.0	9.6	-97.5	-0.0	309.2	-0.3	423.1	-326.4	794.1	8803.4	18067.4	-25.5	
73.50	119.6	9.5	-98.1	-0.0	307.4	-0.3	419.5	-316.3	803.6	8593.3	18044.1	-29.4	
73.55	122.3	9.7	-97.5	-0.0	305.6	-0.3	418.5	-290.8	809.1	8061.8	18178.7	-29.3	
73.60	125.0	9.9	-97.0	-0.0	306.6	-0.3	426.2	-269.6	821.1	7557.5	18485.8	-26.5	
73.65	127.7	9.6	85.7	0.1	-311.6	-0.3	442.2	-262.2	839.1	7294.2	18949.2	-25.2	
73.70	130.3	9.4	89.4	0.2	-318.3	-0.3	458.8	-259.7	852.3	7180.2	19487.3	-26.6	
73.75	133.0	9.2	85.4	0.2	-323.5	-0.3	466.2	-256.6	860.5	7223.8	19861.7	-30.8	
73.80	135.7	9.1	79.1	0.0	-327.6	-0.3	469.6	-261.3	870.0	7430.9	20094.6	-36.2	
73.85	138.4	9.5	-107.7	-0.0	331.5	-0.3	476.7	-268.7	880.0	7537.0	20334.8	-30.0	
73.90	141.1	9.7	-106.1	-0.0	335.8	-0.3	490.3	-260.6	889.7	7457.6	20677.1	-29.7	
73.95	143.7	9.8	95.8	0.1	-338.1	-0.3	498.9	-234.0	893.9	7000.3	21030.6	-22.5	
74.00	146.4	9.6	110.9	0.5	-337.4	-0.3	497.7	-204.0	895.0	6233.4	21249.4	-4.6	
74.05	149.1	9.6	113.3	0.8	-336.1	-0.2	497.1	-177.8	903.3	5491.1	21374.5	7.7	
74.10	151.8	9.8	108.7	1.0	-335.2	-0.2	497.5	-157.7	918.2	4962.9	21444.0	17.3	
74.15	154.5	10.0	98.0	0.8	-334.4	-0.1	493.2	-148.5	927.9	4715.3	21446.0	24.9	
74.20	157.2	10.2	89.9	0.4	-334.7	-0.1	487.4	-145.5	934.4	4761.5	21477.5	28.7	
74.25	159.9	10.5	101.1	0.1	-338.5	-0.1	491.1	-151.8	941.7	4961.4	21701.4	36.5	
74.30	162.6	10.6	117.8	0.3	-346.5	-0.1	509.3	-158.4	946.0	5005.1	22257.6	42.8	
74.35	165.3	10.4	117.7	0.4	-355.1	-0.1	532.1	-151.4	948.0	4877.0	22889.0	30.0	
74.40	168.0	10.4	112.6	0.5	-360.0	-0.0	546.9	-129.7	943.9	4415.3	23335.8	18.7	
74.45	170.7	10.9	113.2	0.5	-356.1	-0.0	538.0	-98.8	945.2	3696.1	23205.9	31.5	
74.50	173.4	11.2	116.0	0.5	-349.8	0.0	526.4	-68.3	952.0	2972.9	22875.2	46.0	
74.55	176.1	11.5	123.3	0.6	-343.7	0.0	513.9	-51.3	957.6	2468.1	22507.8	62.5	
74.60	178.8	11.5	124.3	0.8	-338.2	0.1	500.6	-45.5	960.0	2398.3	22130.2	72.7	
74.65	181.5	11.7	118.1	0.8	-333.6	0.1	489.9	-44.8	961.6	2605.6	21784.9	71.3	
74.70	184.2	11.9	119.0	0.8	-330.0	0.1	481.0	-45.9	961.0	2837.7	21508.5	71.4	
74.75	186.9	11.9	124.0	1.0	-327.0	0.2	472.7	-42.2	956.7	2967.2	21294.3	72.9	
74.80	189.6	11.9	124.4	1.2	-324.7	0.2	466.5	-30.7	948.6	2729.5	21174.9	78.7	
74.85	192.3	11.8	119.0	1.2	-322.3	0.3	461.6	-7.5	942.8	2119.2	21084.5	89.8	
74.90	195.0	11.5	113.8	1.0	-321.9	0.4	463.0	26.7	943.8	1399.5	21107.4	94.3	
74.95	197.7	11.3	113.6	0.8	-323.8	0.4	469.1	56.1	945.4	770.4	21258.1	92.1	
75.00	200.4	11.2	116.7	0.6	-326.2	0.4	474.9	70.8	943.9	320.0	21429.7	94.4	
75.05	203.1	11.1	125.8	0.6	-327.7	0.5	479.2	73.6	942.1	160.9	21534.0	104.7	
75.10	205.8	11.5	136.7	0.8	-328.1	0.5	482.2	64.5	938.0	261.0	21557.1	114.4	
75.15	208.6	11.8	140.8	1.1	-327.3	0.6	480.7	57.7	928.5	412.6	21507.6	123.3	
75.20	211.3	12.0	142.3	1.3	-325.8	0.6	476.3	61.3	915.5	329.8	21422.1	130.0	
75.25	214.0	11.8	146.6	1.7	-324.4	0.7	473.7	76.7	905.2	-103.5	21328.7	136.4	
75.30	216.7	12.0	145.5	2.0	-322.7	0.8	472.7	101.6	899.3	-784.2	21177.5	141.5	
75.35	219.5	12.5	136.7	2.0	-321.7	0.9	474.4	128.4	895.0	-1558.3	21041.0	141.5	
75.40	222.2	12.5	127.7	1.8	-320.0	1.0	472.0	155.8	890.5	-2211.2	20836.8	138.3	
75.45	224.9	12.4	124.6	1.7	-317.1	1.1	464.5	178.3	886.0	-2675.4	20558.6	132.7	
75.50	227.6	12.4	129.8	1.7	-310.5	1.1	447.2	188.1	879.6	-2861.1	20074.2	137.1	
75.55	230.4	12.7	135.1	1.8	-300.4	1.2	423.9	185.1	870.8	-2784.6	19384.6	150.7	
75.60	233.1	12.8	135.6	1.8	-290.4	1.3	403.8	173.7	860.1	-2627.5	18717.7	165.1	
75.65	235.8	12.8	134.1	1.9	-284.6	1.4	392.7	169.7	848.8	-2650.6	18316.6	170.8	
75.70	238.6	12.8	133.4	1.9	-285.2	1.5	395.2	185.1	837.5	-2979.7	18297.2	163.2	
75.75	241.3	12.9	131.3	2.0	-289.2	1.6	405.0	201.4	826.5	-3513.0	18468.4	150.8	
75.80	244.1	12.9	124.2	2.0	-292.4	1.7	417.1	215.2	818.6	-3998.2	18577.4	137.2	
75.85	246.8	12.7	120.5	1.9	-293.5	1.8	426.4	230.9	812.9	-4363.7	18530.7	130.1	
75.90	249.6	12.8	124.1	2.0	-291.5	1.9	420.8	242.6	803.0	-4617.3	18325.1	131.4	
75.95	252.3	12.9	128.0	2.1	-287.9	2.0	404.9	249.7	786.0	-4664.7	18071.8	135.0	
76.00	255.1	13.1	127.1	2.3	-281.7	2.1	390.0	242.4	768.9	-4349.9	17727.4	132.9	
76.05	257.8	13.2	120.0	2.4	-272.6	2.2	380.7	218.4	758.2	-3813.0	17215.3	127.2	
76.10	260.6	13.3	111.2	2.3	-264.1	2.3	376.8	200.8	749.7	-3427.1	16685.7	119.6	
76.15	263.3	13.3	110.1	2.4	-258.6	2.5	371.4	206.9	737.4	-3402.1	16279.8	111.9	
76.20	266.1	13.3	111.7	2.5	-254.9	2.6	358.8	224.1	720.5	-3716.6	15942.9	109.3	
76.25	268.8	13.1	108.2	2.6	-251.6	2.7	344.7	238.9	705.1	-4203.4	15582.8	114.4	
76.30	271.6	13.0	105.0	2.5	-247.9	2.8	334.1	250.1	694.7	-4633.0	15183.1	120.1	
76.35	274.4	12.7	103.7	2.5	-244.1	3.0	326.4	258.1	684.8	-4834.1	14831.9	118.8	
76.40	277.2	12.7	99.8	2.4	-241.0	3.1	320.3	261.5	670.8	-4781.0	14624.7	110.4	
76.45	279.9	12.8	97.9	2.4	-237.8	3.2	314.7	252.2	656.4	-4536.7	14487.6	104.9	
76.50	282.7	12.8	97.2	2.4	-233.6	3.3	312.8	229.5	647.1	-4150.8	14328.5	97.8	
76.55	285.5	12.6	90.8	2.4	-229.0	3.5	310.2	210.3	638.2	-3852.5	14097.6	82.9	
76.60	288.3	12.4	82.5	2.2	-224.5	3.6	301.5	208.2	624.3	-3866.0	13778.2	74.6	
76.65	291.0	12.4	80.4	2.0	-220.5	3.7	286.2	221.8	608.2	-4201.4	13384.8	81.2	
76.70	293.8	12.2	86.9	2.0	-217.4	3.8	271.8	238.2	594.1	-4601.9	13017.8	93.4	
76.75	296.6	12.2	96.8	2.1	-215.6	3.9	265.5	243.6	582.3	-4898.9	12780.9	100.0	
76.80	299.4	12.6	99.5	2.3	-214.7	4.0	265.9	246.5	570.9	-5014.4	12659.6	94.7	
76.85	302.1	12.6	90.1	2.5	-213.3	4.1	270.2	241.6	562.9	-4860.1	12612.6	80.2	
76.90	304.9	12.6	74.9	2.3	-211.7	4.2	276.5	225.3	556.7	-4433.2	12665.3	61.5	
76.95	307.7	12.7	64.6	2.1	-211.5	4.3	283.5	203.0	547.7	-3909.1	12851.5	44.3	
77.00	310.5	12.6	63.9	1.8	-211.3	4.4	287.8	178.5	536.6	-3496.4	12998.0	36.1	
77.05	313.3	12.6	66.9	1.7	-209.7	4.5	288.4	164.2	527.5	-3283.3	12956.5	33.2	
77.10	316.0	12.5	69.8	1.7	-206.7	4.6	282.2	166.3	519.1	-3323.0	12729.1	37.2	
77.15	318.8	12.3	72.7	1.7	-202.9	4.7	268.9	169.5	507.8	-3489.6	12421.4	48.4	
77.20	321.6	12.2	74.3	1.7	-199.9	4.8	259.0	174.8	496.5	-3531.3	12200.1	52.6	
77.25	324.4	12.2	74.0	1.8	-197.5	4.9	257.1	168.8	490.2	-3328.7	12094.1	46.6	
77.30	327.2	12.1	69.1	1.8	-194.3	5.0	257.1	146.9	488.2	-2890.0	11990.5	37.1	
77.35	330.0	12.4	59.7	1.8	-189.7	5.0	255.2	121.5	486.1	-2224.9	11819.7	25.8	
77.40	332.8	12.9	54.8	1.6	-183.0	5.1	245.6	90.7	481.3	-1485.2	11484.5	22.4	
77.45	335.6	13.1	56.2	1.6	-176.4	5.2	235.4	63.9	475.5	-845.4	11112.3	24.8	
77.50	338.4	12.9	62.2	1.6	-173.8	5.3	234.6	55.2	470.5	-447.7	10949.5	28.5	
77.55	341.2	12.8	67.5	1.9	-174.9	5.4	241.1	50.1	464.5	-264.6	11028.5	27.7	
77.60	344.0	12.9	62.9	2.0	-177.9	5.5	250.8	43.1	455.7	-126.2	11240.9	15.4	
77.65	346.8	13.0	51.5	2.0	-179.0	5.6	256.1	38.3	449.7	110.3	11314.4	-0.0	
77.70	349.6	13.2	43.8	1.8	-174.5	5.7	246.2	30.3	449.3	393.0	10999.6	1.7	
77.75	352.4	13.5	40.0	1.5	-167.1	5.8	228.2	14.0	451.2	830.9	10464.4	12.1	
77.80	355.2	13.4	41.2	1.2	-162.3	5.8	216.6	-11.6	452.5	1526.2	10055.6	13.8	
77.85	358.0	13.3	47.9	1.2	-162.2	5.9	216.0	-44.1	454.6	2258.0	9897.6	8.7	
77.90	0.8	13.3	53.3	1.3	-165.5	5.9	222.6	-70.3	452.6	2720.2	10001.6	3.0	
77.95	3.6	13.1	55.1	1.5	-169.2	6.0	228.9	-78.2	449.1	2914.3	10215.6	-1.5	
78.00	6.4	12.8	54.0	1.6	-171.9	6.1	231.1	-84.7	445.6	2927.5	10414.6	-5.2	
78.05	9.2	12.7	50.1	1.6	-173.6	6.2	231.0	-89.1	444.7	2888.1	10552.9	-3.7	
78.10	12.0	12.8	46.9	1.5	-174.1	6.3	229.2	-88.9	449.3	2910.6	10587.8	2.1	
78.15	14.8	12.6	48.6	1.4	-173.8	6.3	224.2	-97.7	454.7	3014.9	10538.5	12.5	
78.20	17.6	12.8	48.3	1.2	-175.6	6.4	223.4	-108.7	462.7	3384.9	10550.4	5.6	
78.25	20.4	13.3	49.7	1.2	-179.6	6.4	225.1	-128.3	471.2	3972.0	10624.1	-8.0	
78.30	23.2	13.0	55.5	1.3	-183.4	6.5	225.3	-153.4	477.3	4500.7	10679.0	-7.9	
78.35	26.0	12.9	57.2	1.5	-186.5	6.6	225.9	-167.7	485.3	4886.5	10725.5	-6.0	
78.40	28.8	12.8	54.4	1.5	-188.9	6.7	225.3	-180.1	492.2	5112.6	10798.0	-9.4	
78.45	31.6	12.6	48.4	1.5	-191.4	6.7	224.0	-188.5	496.7	5219.4	10931.5	-18.6	
78.50	34.4	12.6	43.0	1.3	-194.6	6.8	227.5	-187.4	502.5	5336.0	11134.7	-24.9	
78.55	37.3	12.6	43.6	1.1	-198.7	6.9	236.3	-191.0	512.2	5507.9	11361.9	-23.1	
78.60	40.1	12.7	47.1	1.0	-205.3	6.9	249.2	-209.3	522.8	5834.6	11680.8	-28.1	
78.65	42.9	12.5	49.0	1.0	-215.2	7.0	266.1	-230.5	531.9	6439.5	12111.4	-50.6	
78.70	45.7	12.4	49.2	1.1	-223.0	7.0	275.5	-250.1	541.5	7118.9	12332.3	-71.6	
78.75	48.5	12.2	46.3	1.2	-225.9	7.1	274.2	-270.9	551.5	7687.6	12193.5	-75.3	
78.80	51.3	12.0	42.4	1.2	-227.6	7.1	273.0	-289.1	561.5	8243.3	11932.2	-76.2	
78.85	54.1	11.8	41.3	1.1	-229.3	7.2	273.9	-304.9	571.0	8652.4	11739.1	-78.9	
78.90	56.9	11.7	40.2	1.0	-228.8	7.2	269.6	-314.3	575.4	8749.6	11599.2	-75.3	
78.95	59.7	11.7	39.0	0.8	-226.9	7.3	263.0	-307.3	579.8	8699.0	11495.9	-69.7	
79.00	62.5	11.7	42.9	0.7	-225.2	7.3	256.6	-297.8	590.5	8709.8	11354.5	-62.5	
79.05	65.3	11.8	48.9	0.6	-224.4	7.4	248.9	-306.5	605.2	8907.6	11100.3	-55.6	
79.10	68.1	11.8	52.7	0.7	-225.0	7.4	242.9	-325.4	620.5	9268.5	10803.5	-54.8	
79.15	70.9	12.1	54.1	0.8	-225.9	7.4	240.3	-337.1	635.3	9574.2	10581.1	-55.0	
79.20	73.7	12.4	48.1	0.8	-226.6	7.5	237.4	-345.4	647.1	9735.7	10471.8	-59.6	
79.25	76.5	12.1	38.0	0.6	-228.4	7.5	238.6	-352.6	654.9	9822.6	10539.4	-70.8	
79.30	79.2	12.2	35.8	0.4	-230.7	7.5	247.6	-355.4	663.9	9835.4	10720.6	-80.7	
79.35	82.0	12.3	39.5	0.3	-231.1	7.5	258.6	-354.4	675.0	9663.4	10885.0	-82.4	
79.40	84.8	12.3	42.0	0.3	-230.2	7.6	268.2	-348.1	688.5	9423.8	10992.9	-85.5	
79.45	87.6	12.4	42.8	0.3	-229.6	7.6	272.8	-342.3	701.0	9264.7	11062.2	-87.8	
79.50	90.4	12.5	44.3	0.4	-228.3	7.6	270.1	-338.6	713.1	9150.3	11034.5	-83.8	
79.55	93.2	12.7	43.2	0.4	-227.5	7.6	267.6	-337.3	727.9	9128.2	10966.8	-82.4	
79.60	96.0	12.9	41.3	0.4	-227.4	7.6	269.2	-336.8	744.4	9145.0	10920.4	-86.1	
79.65	98.7	13.1	39.6	0.4	-227.7	7.7	269.1	-340.8	756.7	9142.0	10926.5	-92.1	
79.70	101.5	13.2	37.1	0.4	-227.9	7.7	267.8	-341.1	764.5	9039.3	11028.8	-91.5	
79.75	104.3	13.6	33.8	0.2	-228.0	7.7	270.2	-334.9	771.0	8818.4	11225.0	-88.1	
79.80	107.1	13.6	-99.3	-0.0	228.0	7.7	278.2	-327.1	782.7	8609.6	11372.1	-87.3	
79.85	109.8	13.5	-96.7	-0.1	228.2	7.7	289.5	-319.6	799.4	8533.5	11425.5	-95.2	
79.90	112.6	13.9	-92.3	-0.0	227.2	7.7	293.5	-313.0	813.9	8432.8	11399.9	-97.8	
79.95	115.4	14.1	39.8	0.0	-226.3	7.7	291.3	-307.9	824.1	8294.7	11432.2	-95.1	
80.00	118.1	14.2	-95.4	-0.1	225.6	7.7	288.0	-300.4	833.0	8175.5	11464.2	-93.6	
80.05	120.9	14.2	-99.1	-0.2	224.4	7.7	286.1	-295.0	844.1	8151.1	11385.0	-98.8	
80.10	123.6	14.2	-101.3	-0.4	222.9	7.7	285.0	-291.0	857.9	8184.3	11222.2	-104.0	
80.15	126.4	14.3	-100.9	-0.5	221.2	7.6	281.0	-293.5	872.9	8224.4	11020.1	-104.2	
80.20	129.1	14.4	-94.6	-0.6	218.5	7.6	272.5	-292.8	879.7	8081.6	10884.3	-91.3	
80.25	131.8	14.4	-86.4	-0.7	214.2	7.6	260.8	-281.4	881.1	7810.8	10735.8	-76.7	
80.30	134.6	14.4	-80.7	-0.7	210.5	7.5	255.8	-264.9	888.5	7651.0	10553.7	-69.8	
80.35	137.3	14.2	-78.7	-0.6	207.0	7.5	257.0	-255.7	901.5	7472.7	10364.1	-70.7	
80.40	140.1	14.3	-78.4	-0.5	204.7	7.5	261.0	-246.3	914.3	7261.4	10309.2	-72.3	
80.45	142.8	14.4	-79.3	-0.5	204.2	7.5	265.2	-233.5	917.5	6916.7	10507.8	-73.9	
80.50	145.6	14.7	-80.0	-0.5	202.9	7.4	265.8	-220.6	914.7	6423.7	10735.5	-66.6	
80.55	148.3	14.6	-83.7	-0.7	202.8	7.4	273.4	-201.3	923.4	6088.3	10935.9	-66.8	
80.60	151.0	14.4	-82.8	-0.8	203.0	7.4	280.6	-191.3	938.7	5910.4	11031.1	-68.9	
80.65	153.8	14.3	-76.6	-0.7	204.0	7.3	283.0	-187.5	942.6	5620.3	11268.5	-61.4	
80.70	156.5	14.2	-74.7	-0.7	208.2	7.3	291.4	-173.2	937.7	5201.5	11821.9	-56.7	
80.75	159.2	14.2	-77.0	-0.6	215.0	7.3	310.6	-156.2	937.5	4762.5	12531.0	-54.8	
80.80	162.0	14.3	-85.3	-0.7	219.7	7.2	329.2	-142.3	947.6	4369.4	13002.5	-67.4	
80.85	164.7	14.2	-88.4	-0.8	221.8	7.2	339.8	-120.5	955.5	3929.5	13298.1	-69.2	
80.90	167.4	14.2	-81.6	-0.8	220.6	7.2	333.3	-101.6	954.8	3384.0	13393.0	-55.4	
80.95	170.2	14.2	-73.2	-0.8	220.7	7.1	328.5	-91.3	951.8	2837.2	13545.7	-31.2	
81.00	172.9	14.4	-72.8	-0.8	223.2	7.1	336.3	-78.0	959.6	2529.8	13787.2	-25.9	
81.05	175.6	14.6	-73.0	-0.8	227.2	7.0	348.9	-64.4	970.7	2334.9	14086.9	-29.2	
81.10	178.3	14.9	-73.8	-0.7	230.6	7.0	356.0	-54.3	972.8	2188.8	14355.9	-37.0	
81.15	181.0	14.9	-72.5	-0.5	232.9	7.0	358.8	-42.7	965.5	1975.3	14563.4	-37.3	
81.20	183.7	14.9	-69.9	-0.4	232.1	6.9	356.1	-32.7	962.7	1763.0	14540.7	-23.8	
81.25	186.5	15.1	-75.3	-0.4	229.3	6.9	354.2	-27.7	966.7	1720.8	14338.0	-23.9	
81.30	189.2	15.2	-79.1	-0.6	225.5	6.9	349.3	-16.8	967.7	1668.3	14070.4	-23.4	
81.35	191.9	15.1	-74.6	-0.7	221.9	6.9	340.2	5.4	962.3	1388.3	13860.6	-13.8	
81.40	194.6	14.9	-64.8	-0.8	218.8	6.8	331.3	23.8	958.5	1023.7	13683.1	3.3	
81.45	197.3	15.1	-61.8	-0.7	218.4	6.8	333.5	32.0	957.3	807.4	13656.9	0.3	
81.50	200.0	15.0	-61.2	-0.6	218.1	6.8	336.7	38.4	954.4	697.1	13631.1	-6.9	
81.55	202.8	14.9	-58.5	-0.5	216.1	6.7	331.5	51.0	944.7	461.9	13511.4	-5.0	
81.60	205.5	14.9	-57.2	-0.3	213.0	6.7	320.9	68.5	933.4	139.1	13314.2	1.6	
81.65	208.2	14.8	-52.7	-0.2	209.8	6.7	311.7	75.3	926.1	-72.5	13098.7	13.0	
81.70	210.9	14.6	-55.5	-0.2	209.6	6.7	312.9	75.0	918.8	-304.5	13081.5	11.8	
81.75	213.7	14.6	-60.7	-0.2	212.2	6.7	320.6	83.2	910.8	-628.7	13241.6	11.3	
81.80	216.4	14.7	-64.1	-0.3	216.8	6.7	330.2	104.1	901.2	-1084.9	13525.5	10.0	
81.85	219.1	14.8	-63.3	-0.4	222.6	6.6	342.1	121.7	890.7	-1528.1	13882.3	10.9	
81.90	221.8	14.5	-60.5	-0.3	228.0	6.6	356.3	134.5	881.5	-1885.4	14205.0	11.7	
81.95	224.5	14.2	-57.2	-0.2	231.7	6.6	366.2	142.8	872.8	-2255.9	14406.8	16.6	
82.00	227.2	14.0	-59.7	-0.1	233.8	6.6	369.3	152.4	861.8	-2542.8	14512.5	17.1	
82.05	229.9	14.0	-65.4	-0.1	232.6	6.6	360.9	162.7	849.5	-2748.6	14404.5	17.4	
82.10	232.6	14.1	-63.9	-0.3	227.3	6.6	342.6	166.0	838.7	-2942.1	14010.4	31.1	
82.15	235.3	14.1	-58.0	-0.5	223.3	6.6	332.4	174.1	832.3	-3119.9	13679.9	41.8	
82.20	238.0	13.9	-52.1	-0.4	223.4	6.6	333.0	184.9	824.9	-3344.6	13627.3	42.2	
82.25	240.8	14.0	-52.0	-0.3	226.2	6.5	337.0	189.9	811.8	-3571.3	13777.6	33.2	
82.30	243.5	14.1	-55.5	-0.2	228.7	6.5	341.8	197.6	796.0	-3732.6	13919.7	21.8	
82.35	246.2	14.1	-58.1	-0.2	227.1	6.5	341.8	204.7	784.9	-3837.7	13759.1	21.0	
82.40	248.9	14.0	-55.6	-0.2	221.3	6.5	330.2	213.8	777.2	-3925.2	13304.8	30.8	
82.45	251.6	13.9	-53.2	-0.2	215.9	6.5	310.7	223.9	764.5	-3981.5	12899.2	42.2	
82.50	254.3	13.8	-50.1	-0.3	213.1	6.5	292.8	224.8	744.7	-4012.5	12723.6	48.7	
82.55	257.0	13.3	-50.2	-0.4	212.8	6.5	287.3	223.8	728.3	-4046.8	12720.5	49.5	
82.60	259.7	13.0	-52.8	-0.4	213.8	6.4	296.6	232.4	722.5	-4029.9	12772.0	44.3	
82.65	262.4	13.0	-50.9	-0.5	214.9	6.4	307.9	234.3	716.7	-4008.7	12839.6	41.8	
82.70	265.1	12.7	-46.7	-0.3	215.8	6.4	307.8	232.9	701.4	-4057.3	12913.3	40.7	
82.75	267.8	12.7	-41.3	-0.1	215.5	6.4	297.8	237.4	681.9	-4178.0	12882.1	43.7	
82.80	270.5	12.9	83.4	0.1	-213.0	6.4	284.7	242.3	666.6	-4425.8	12633.6	49.4	
82.85	273.2	13.1	74.9	0.1	-209.3	6.4	276.5	242.4	657.1	-4607.3	12293.2	50.4	
82.90	276.0	13.1	-57.0	-0.2	206.3	6.4	277.2	235.6	648.8	-4587.7	12079.2	38.1	
82.95	278.7	13.0	-58.6	-0.3	205.6	6.4	281.0	227.8	634.5	-4552.1	12048.6	24.1	
83.00	281.4	12.7	-52.2	-0.3	205.0	6.4	281.1	229.0	619.5	-4638.5	11980.7	24.5	
83.05	284.1	12.8	-44.6	-0.1	203.1	6.4	275.8	234.8	604.7	-4772.7	11789.3	29.5	
83.10	286.8	13.1	75.5	0.1	-199.1	6.4	268.8	226.2	593.9	-4722.7	11520.4	34.1	
83.15	289.5	13.3	71.2	0.1	-195.3	6.4	261.2	222.6	583.0	-4604.9	11295.9	39.1	
83.20	292.2	13.2	68.7	0.1	-193.7	6.4	252.9	228.7	570.8	-4642.8	11167.8	50.6	
83.25	294.9	13.0	-43.7	-0.0	194.1	6.4	247.2	236.8	555.5	-4721.3	11172.3	54.7	
83.30	297.6	13.1	-43.3	-0.0	194.8	6.4	249.2	232.7	541.1	-4621.9	11290.7	46.1	
83.35	300.3	13.2	-47.4	-0.0	195.3	6.4	258.8	218.2	532.9	-4399.2	11434.6	32.4	
83.40	303.0	13.4	-53.9	-0.1	195.6	6.4	270.0	209.0	528.2	-4156.6	11543.7	22.2	
83.45	305.7	13.5	-54.5	-0.2	195.2	6.4	273.7	202.1	520.5	-3913.0	11605.9	18.9	
83.50	308.4	13.4	-47.0	-0.1	194.9	6.3	268.0	196.9	506.3	-3741.9	11674.5	23.7	
83.55	311.2	13.5	75.5	0.1	-194.5	6.3	257.1	184.9	493.1	-3675.8	11722.7	36.7	
83.60	313.9	13.7	77.0	0.3	-194.0	6.4	252.4	165.8	486.5	-3503.4	11784.4	46.5	
83.65	316.6	13.6	69.6	0.3	-193.9	6.4	256.3	154.6	482.4	-3083.5	11904.1	41.4	
83.70	319.3	13.7	63.9	0.2	-193.9	6.4	258.8	145.6	474.1	-2614.9	12030.4	36.3	
83.75	322.1	14.0	68.9	0.3	-193.5	6.4	257.0	131.5	463.6	-2223.3	12108.5	42.3	
83.80	324.8	14.1	76.0	0.4	-192.4	6.4	257.2	116.9	457.4	-1807.8	12118.4	45.6	
83.85	327.5	14.3	75.9	0.6	-189.0	6.4	254.2	102.0	453.8	-1393.0	11944.6	45.5	
83.90	330.2	14.6	68.6	0.6	-183.9	6.5	243.7	95.1	445.6	-1146.6	11627.6	51.5	
83.95	332.9	14.2	62.9	0.5	-179.2	6.5	233.4	96.7	436.6	-933.0	11317.0	57.6	
84.00	335.7	14.2	66.6	0.4	-176.5	6.5	232.5	88.7	433.7	-637.3	11147.2	56.0	
84.05	338.4	14.3	67.5	0.5	-177.2	6.6	243.3	67.4	434.1	-299.8	11207.6	43.8	
84.10	341.1	14.4	61.6	0.6	-181.0	6.6	260.6	52.0	432.4	61.1	11456.0	22.1	
84.15	343.8	14.4	54.0	0.6	-184.5	6.6	271.8	37.7	425.1	472.6	11690.8	5.6	
84.20	346.6	14.3	48.3	0.4	-185.9	6.6	274.6	18.2	418.0	904.6	11778.7	-2.0	
84.25	349.3	14.4	50.2	0.3	-184.6	6.7	270.3	1.0	419.5	1274.4	11658.8	1.2	
84.30	352.0	14.6	60.5	0.4	-181.3	6.7	258.3	-13.7	420.6	1433.0	11423.0	18.8	
84.35	354.8	14.7	67.6	0.5	-179.3	6.7	244.8	-27.1	411.8	1511.5	11304.9	38.1	
84.40	357.5	14.9	65.5	0.5	-181.4	6.7	243.1	-34.5	404.9	1764.5	11435.6	38.7	
84.45	0.2	14.7	62.8	0.5	-186.4	6.7	253.2	-43.6	409.0	2085.4	11727.1	29.1	
84.50	2.9	14.7	62.4	0.6	-189.9	6.8	259.7	-52.2	418.2	2364.6	11917.6	19.4	
84.55	5.6	15.0	64.6	0.7	-191.7	6.8	255.9	-62.9	416.0	2572.1	12016.2	16.7	
84.60	8.4	15.0	65.2	0.8	-191.4	6.8	244.9	-77.9	409.2	2769.4	11977.0	18.5	
84.65	11.1	14.9	58.5	0.7	-190.4	6.9	237.7	-88.8	414.1	3066.4	11830.6	13.8	
84.70	13.9	14.6	53.3	0.6	-190.1	6.9	236.9	-96.8	427.2	3432.9	11684.8	5.9	
84.75	16.6	14.5	58.2	0.7	-189.8	6.9	233.3	-109.6	431.4	3676.9	11578.7	6.5	
84.80	19.3	14.2	64.7	0.9	-190.1	7.0	228.2	-127.9	428.4	3930.8	11511.3	6.9	
84.85	22.1	14.0	61.9	1.1	-191.5	7.0	229.1	-145.3	432.3	4321.5	11452.8	-4.5	
84.90	24.8	14.0	50.3	1.1	-192.3	7.1	231.2	-164.1	444.1	4793.3	11279.5	-17.1	
84.95	27.6	13.9	38.5	0.8	-192.9	7.1	232.4	-176.3	452.3	5249.4	11091.1	-26.8	
85.00	30.3	13.7	41.2	0.6	-193.6	7.2	230.2	-186.8	453.0	5637.5	10941.2	-26.7	
85.05	33.1	13.4	47.9	0.6	-194.6	7.2	229.1	-198.6	456.4	5952.4	10834.2	-25.8	
85.10	35.8	13.6	50.2	0.6	-196.0	7.2	230.7	-210.2	467.4	6249.1	10747.9	-31.3	
85.15	38.5	13.7	48.9	0.7	-197.9	7.3	233.0	-219.6	479.5	6584.6	10673.6	-36.3	
85.20	41.3	13.7	48.5	0.7	-201.1	7.3	235.6	-231.2	487.0	6987.7	10662.0	-34.8	
85.25	44.0	13.6	48.9	0.6	-206.3	7.3	243.6	-244.3	495.4	7399.3	10805.5	-35.0	
85.30	46.7	13.6	48.9	0.6	-213.6	7.3	257.4	-259.6	507.6	7762.3	11137.1	-46.5	
85.35	49.5	13.8	46.6	0.7	-221.3	7.4	271.8	-273.9	517.3	7999.4	11599.6	-62.9	
85.40	52.2	13.9	40.8	0.6	-227.0	7.4	276.5	-286.5	521.7	8196.8	11939.6	-75.3	
85.45	54.9	14.1	36.9	0.4	-228.6	7.4	270.0	-291.5	528.7	8357.3	11972.3	-75.8	
85.50	57.7	14.4	41.4	0.2	-225.9	7.4	255.6	-293.4	540.9	8359.5	11737.2	-62.2	
85.55	60.4	14.8	50.4	0.2	-223.1	7.5	245.9	-294.5	555.8	8297.5	11530.4	-51.7	
85.60	63.1	14.8	55.7	0.4	-224.6	7.5	246.8	-306.3	565.9	8340.4	11592.4	-52.9	
85.65	65.9	14.5	50.5	0.4	-228.9	7.5	256.7	-318.6	573.9	8469.6	11835.0	-65.9	
85.70	68.6	14.3	40.8	0.3	-233.0	7.5	270.1	-324.8	585.8	8644.6	12037.6	-78.8	
85.75	71.3	14.4	37.6	0.2	-235.5	7.5	280.7	-326.6	600.3	8831.8	12092.5	-85.3	
85.80	74.0	14.4	42.1	0.1	-237.2	7.5	286.0	-332.7	612.1	9041.2	12055.1	-87.6	
85.85	76.8	14.0	44.2	0.1	-237.6	7.5	286.8	-339.4	621.3	9136.2	11990.3	-89.3	
85.90	79.5	14.1	43.7	0.2	-235.7	7.5	283.3	-340.6	631.3	9098.4	11833.1	-87.8	
85.95	82.2	14.4	41.1	0.1	-232.1	7.6	276.3	-336.2	643.5	9072.4	11523.7	-85.9	
86.00	84.9	14.6	39.5	0.0	-227.9	7.6	267.7	-330.3	657.8	9118.9	11106.5	-82.7	
86.05	87.7	14.3	42.4	0.0	-224.5	7.6	259.6	-336.1	670.6	9173.9	10710.1	-73.5	
86.10	90.4	14.0	44.7	0.0	-222.3	7.6	255.4	-343.8	684.0	9236.3	10408.4	-68.7	
86.15	93.1	14.0	43.5	0.0	-221.5	7.6	254.5	-349.2	696.0	9310.8	10226.7	-71.8	
86.20	95.8	13.9	-88.9	-0.1	220.0	7.6	251.3	-348.5	706.1	9315.9	10066.8	-73.3	
86.25	98.5	13.8	-90.9	-0.3	218.0	7.5	247.0	-343.9	717.8	9251.9	9939.5	-69.8	
86.30	101.2	13.5	-87.1	-0.4	217.5	7.5	244.6	-339.7	732.5	9231.1	9907.9	-64.8	
86.35	104.0	13.4	-82.4	-0.4	218.4	7.5	246.0	-335.8	746.3	9163.8	10052.2	-65.3	
86.40	106.7	13.3	-79.9	-0.4	219.3	7.5	251.4	-327.4	757.3	8953.2	10339.3	-62.6	
86.45	109.4	13.2	-82.3	-0.3	221.8	7.5	264.1	-315.8	771.1	8779.7	10724.4	-63.9	
86.50	112.1	13.2	-88.6	-0.4	226.5	7.5	281.4	-314.5	787.4	8748.8	11146.8	-72.6	
86.55	114.8	13.3	-94.8	-0.5	231.5	7.4	296.9	-319.3	800.6	8747.9	11563.4	-82.3	
86.60	117.5	13.5	-95.2	-0.5	233.8	7.4	304.4	-314.4	812.6	8659.2	11824.9	-86.6	
86.65	120.2	13.7	-88.6	-0.4	232.4	7.4	304.3	-304.0	823.9	8365.1	11926.7	-79.8	
86.70	122.9	13.9	-84.0	-0.3	231.1	7.4	303.9	-294.5	833.6	8050.9	12035.3	-71.8	
86.75	125.7	14.0	-84.9	-0.2	231.7	7.4	307.9	-287.7	845.4	7835.2	12228.2	-70.5	
86.80	128.4	13.9	-85.8	-0.2	231.6	7.3	310.4	-281.7	855.5	7575.8	12374.7	-71.0	
86.85	131.1	13.6	-87.7	-0.2	228.5	7.3	308.0	-266.4	864.0	7265.9	12326.8	-73.9	
86.90	133.8	13.4	-85.7	-0.2	223.1	7.3	299.1	-249.7	872.5	6958.9	12084.8	-70.9	
86.95	136.5	13.3	-81.3	-0.2	218.0	7.3	287.2	-242.0	880.4	6654.0	11853.6	-60.9	
87.00	139.2	13.7	-81.1	-0.2	215.8	7.3	283.0	-233.3	888.5	6409.8	11820.4	-55.1	
87.05	141.9	14.1	-82.7	-0.3	216.1	7.3	288.6	-222.4	895.8	6236.1	11939.4	-54.8	
87.10	144.6	14.3	-86.7	-0.4	219.9	7.3	308.3	-213.5	903.4	6146.9	12261.3	-69.3	
87.15	147.3	14.4	-92.0	-0.4	225.2	7.3	334.8	-204.6	915.2	6060.8	12688.4	-91.1	
87.20	150.0	14.4	-91.3	-0.3	227.3	7.2	346.9	-197.7	926.4	5852.9	12929.8	-93.9	
87.25	152.7	14.5	-89.1	-0.3	226.8	7.2	344.2	-191.5	927.3	5585.2	13018.4	-83.7	
87.30	155.4	14.2	-86.4	-0.3	223.7	7.2	334.9	-179.9	923.8	5322.2	12923.3	-71.5	
87.35	158.1	14.0	-82.1	-0.3	218.7	7.2	326.8	-164.8	930.0	5046.5	12664.3	-62.6	
87.40	160.8	13.9	-79.0	-0.3	214.7	7.2	322.5	-158.6	940.1	4891.4	12418.1	-57.5	
87.45	163.5	13.8	-76.9	-0.3	213.2	7.2	318.0	-157.6	942.3	4792.6	12346.3	-49.1	
87.50	166.2	13.7	-79.0	-0.4	215.0	7.1	324.1	-149.1	936.4	4635.7	12549.1	-50.6	
87.55	168.9	13.8	-80.4	-0.4	213.6	7.1	325.7	-130.0	940.2	4363.9	12544.3	-55.3	
87.60	171.6	14.2	-76.1	-0.4	211.3	7.1	326.5	-113.2	945.8	4058.9	12480.4	-48.4	
87.65	174.3	14.2	-71.3	-0.4	207.7	7.1	320.4	-97.5	943.2	3710.6	12336.6	-42.2	
87.70	176.9	13.9	-69.0	-0.4	204.9	7.1	317.1	-77.7	937.8	3326.5	12254.9	-36.1	
87.75	179.6	13.6	-69.4	-0.4	202.9	7.0	317.8	-61.1	937.5	2984.1	12194.8	-30.1	
87.80	182.3	13.6	-71.0	-0.5	199.8	7.0	313.9	-55.6	940.6	2742.2	12026.0	-29.1	
87.85	185.0	13.6	-71.6	-0.6	198.1	7.0	313.2	-46.0	936.3	2443.4	11968.3	-33.6	
87.90	187.6	13.5	-67.8	-0.7	196.1	7.0	310.4	-28.2	931.9	2129.4	11890.1	-29.1	
87.95	190.3	13.6	-66.8	-0.7	194.0	6.9	306.0	-15.1	929.5	1756.7	11813.0	-29.8	
88.00	193.0	13.8	-64.9	-0.8	192.7	6.9	302.9	-2.8	927.2	1291.2	11785.0	-27.0	
88.05	195.7	13.9	-60.5	-0.7	194.6	6.8	306.5	17.2	921.8	721.7	11966.6	-18.1	
88.10	198.3	13.6	-61.0	-0.7	197.9	6.8	311.7	37.8	915.4	74.7	12225.2	-12.7	
88.15	201.0	13.4	-67.6	-0.8	201.8	6.8	317.6	55.2	911.9	-461.3	12488.2	-12.6	
88.20	203.7	13.4	-71.9	-1.0	205.6	6.7	324.2	70.8	907.9	-795.7	12737.0	-17.1	
88.25	206.3	13.2	-70.3	-1.1	208.5	6.7	331.2	75.4	902.7	-997.5	12924.6	-17.6	
88.30	209.0	13.2	-67.2	-1.2	208.7	6.6	333.1	78.8	900.0	-1168.5	12914.0	-13.6	
88.35	211.6	13.4	-64.0	-1.2	208.2	6.5	332.1	90.6	894.7	-1354.3	12861.4	-10.6	
88.40	214.3	13.3	-59.5	-1.2	207.7	6.5	327.4	100.6	882.6	-1600.0	12810.0	-2.6	
88.45	216.9	13.2	-59.2	-1.2	208.0	6.4	324.9	113.8	870.2	-1879.6	12797.1	3.5	
88.50	219.6	13.2	-60.3	-1.2	210.2	6.4	329.4	133.4	864.3	-2209.2	12887.6	7.3	
88.55	222.2	13.2	-60.1	-1.2	212.7	6.3	333.0	148.1	860.7	-2582.6	12987.4	11.2	
88.60	224.9	13.2	-59.6	-1.3	213.0	6.2	325.6	160.7	852.4	-2883.6	12956.4	18.4	
88.65	227.6	13.1	-57.1	-1.4	211.5	6.2	310.4	169.6	841.1	-3068.5	12830.1	27.0	
88.70	230.2	12.9	-53.2	-1.4	209.2	6.1	296.4	177.9	831.8	-3149.7	12664.0	32.7	
88.75	232.9	12.9	-49.0	-1.4	207.1	6.0	288.0	182.3	824.5	-3165.0	12517.5	37.9	
88.80	235.5	13.0	-44.3	-1.3	207.6	6.0	288.4	183.1	812.5	-3171.2	12565.0	41.7	
88.85	238.2	13.1	-42.7	-1.1	210.9	5.9	295.9	184.9	798.4	-3215.2	12795.8	40.5	
88.90	240.9	13.1	-46.0	-1.0	215.6	5.9	305.2	189.9	786.6	-3437.6	13086.8	37.7	
88.95	243.5	13.2	-51.3	-0.9	220.1	5.8	310.9	205.1	776.4	-3781.9	13317.1	35.5	
89.00	246.2	13.5	-53.7	-0.9	222.6	5.8	310.2	221.7	765.6	-4095.5	13402.6	38.2	
89.05	248.8	13.7	-51.8	-0.9	222.4	5.7	303.8	226.6	753.5	-4277.6	13344.8	47.0	
89.10	251.5	13.8	-49.3	-0.9	221.4	5.7	299.3	229.8	741.5	-4307.1	13271.2	51.1	
89.15	254.1	13.8	-45.6	-0.8	221.4	5.6	302.6	231.3	729.6	-4255.5	13287.6	50.8	
89.20	256.8	13.8	-44.7	-0.6	222.9	5.6	313.6	227.0	717.8	-4157.6	13428.6	46.4	
89.25	259.4	13.8	-50.1	-0.5	224.5	5.6	322.5	222.1	704.8	-4122.5	13556.3	39.4	
89.30	262.1	13.5	-55.6	-0.5	224.9	5.5	323.7	223.8	690.2	-4230.6	13564.8	36.3	
89.35	264.8	13.1	-58.8	-0.6	225.0	5.5	318.3	236.4	674.0	-4507.9	13489.5	35.7	
89.40	267.4	12.8	-59.6	-0.8	223.7	5.5	309.9	248.0	660.4	-4807.0	13288.5	37.2	
89.45	270.1	13.1	-55.8	-0.9	220.7	5.4	301.6	251.2	649.4	-5043.6	12977.1	39.9	
89.50	272.7	13.4	-48.7	-0.8	216.6	5.4	293.3	252.4	638.8	-5175.0	12615.6	41.3	
89.55	275.4	13.5	-43.7	-0.6	213.2	5.3	284.5	260.0	624.4	-5254.2	12326.0	40.9	
89.60	278.1	13.5	-42.0	-0.4	209.3	5.3	274.0	258.2	608.1	-5272.4	12034.3	41.0	
89.65	280.7	13.6	-41.5	-0.3	203.3	5.3	265.1	246.5	595.3	-5107.1	11672.8	39.8	
89.70	283.4	13.6	-40.9	-0.1	195.8	5.3	257.1	232.9	587.9	-4837.9	11226.0	37.4	
89.75	286.1	13.4	-40.3	-0.1	189.0	5.3	244.6	223.7	577.6	-4706.8	10777.1	41.7	
89.80	288.7	13.5	-39.1	-0.0	185.4	5.3	231.3	229.1	561.1	-4751.7	10487.6	49.0	
89.85	291.4	13.7	-38.0	-0.0	184.6	5.3	227.0	234.9	547.0	-4804.1	10404.9	52.4	
89.90	294.0	14.0	69.8	0.0	-184.4	5.3	233.1	231.2	538.2	-4721.5	10435.1	45.8	
89.95	296.7	14.1	66.0	0.1	-184.9	5.3	245.0	228.9	531.5	-4537.6	10541.0	32.6	
90.00	299.4	14.5	62.5	0.1	-184.6	5.3	246.8	226.8	521.1	-4388.6	10588.2	27.9	
90.05	302.0	15.0	60.8	0.0	-182.4	5.3	235.8	216.4	507.0	-4219.0	10534.9	36.9	
90.10	304.7	14.7	-47.2	-0.2	179.4	5.3	226.7	202.9	494.7	-3814.4	10507.9	41.5	
90.15	307.3	14.5	-46.9	-0.4	177.0	5.3	225.3	183.7	487.7	-3334.3	10524.9	43.3	
90.20	310.0	14.3	-45.7	-0.5	176.5	5.3	231.6	161.0	482.3	-2905.8	10639.9	42.2	
90.25	312.6	14.0	-44.1	-0.6	179.8	5.2	245.9	146.9	472.4	-2506.6	10994.8	33.9	
90.30	315.3	14.0	-39.6	-0.4	185.9	5.2	260.0	137.7	455.0	-2236.9	11513.5	30.9	
90.35	317.9	14.3	-42.6	-0.3	192.1	5.2	272.7	129.8	440.1	-2044.0	12015.1	31.7	
90.40	320.5	14.3	-51.3	-0.4	196.9	5.2	285.3	129.5	434.3	-1835.3	12387.2	27.2	
90.45	323.2	14.2	-54.2	-0.5	199.7	5.1	290.4	126.8	428.5	-1703.2	12613.6	27.3	
90.50	325.8	14.1	-54.4	-0.6	202.2	5.1	288.6	118.2	417.5	-1579.4	12842.4	36.2	
90.55	328.5	14.5	-56.0	-0.9	206.6	5.1	292.1	112.3	409.4	-1286.0	13211.7	41.2	
90.60	331.1	14.7	-55.3	-1.0	211.6	5.0	301.3	92.4	407.2	-886.8	13619.9	44.9	
90.65	333.8	14.6	-55.2	-1.1	216.8	5.0	313.5	71.2	404.9	-459.3	14017.9	41.1	
90.70	336.4	14.3	-52.7	-1.1	222.2	4.9	323.5	57.5	397.3	-69.6	14419.6	34.8	
90.75	339.1	14.1	-46.2	-0.9	225.9	4.9	324.1	42.4	386.6	135.0	14712.2	43.8	
90.80	341.7	14.0	-47.8	-0.8	228.4	4.8	323.9	32.7	381.2	244.1	14911.4	54.8	
90.85	344.4	14.2	-53.2	-0.9	229.6	4.8	325.5	24.4	380.5	400.1	14996.8	57.8	
90.90	347.0	14.1	-53.3	-1.0	228.9	4.7	323.4	16.9	379.3	613.3	14945.4	57.6	
90.95	349.7	13.8	-50.1	-1.1	227.0	4.7	316.7	7.2	377.9	868.3	14807.6	61.1	
91.00	352.3	13.2	-46.4	-1.0	226.3	4.6	314.2	-8.1	378.6	1239.6	14738.1	63.7	
91.05	355.0	13.1	-44.3	-0.9	227.8	4.6	318.0	-30.7	380.3	1825.9	14773.0	61.9	
91.10	357.6	13.1	-47.4	-0.8	230.5	4.5	324.1	-52.6	379.3	2515.4	14850.2	52.1	
91.15	0.2	13.2	-52.1	-0.7	231.5	4.5	325.2	-65.1	378.7	3120.1	14807.1	37.5	
91.20	2.9	13.1	-52.8	-0.6	229.0	4.5	316.5	-76.4	380.9	3482.0	14549.0	33.1	
91.25	5.5	13.1	-54.4	-0.5	225.8	4.4	305.6	-86.7	383.9	3761.8	14245.9	33.1	
91.30	8.2	13.0	-59.5	-0.6	224.5	4.4	299.3	-95.4	383.1	4056.7	14079.9	31.3	
91.35	10.8	12.9	-63.0	-0.8	224.3	4.4	294.6	-107.6	383.3	4313.1	13988.7	30.7	
91.40	13.5	12.9	-63.4	-0.9	226.7	4.3	298.3	-113.0	389.5	4561.6	14076.5	22.9	
91.45	16.2	13.0	-59.3	-0.8	231.9	4.3	308.0	-123.5	395.6	4861.8	14347.4	10.4	
91.50	18.8	13.1	-56.3	-0.4	237.3	4.3	313.4	-154.0	393.4	5253.4	14591.8	4.2	
91.55	21.5	13.1	-63.5	-0.2	240.5	4.2	317.6	-177.7	394.1	5675.3	14646.7	-6.5	
91.60	24.2	13.0	-70.0	-0.2	238.7	4.2	315.1	-191.1	404.8	5912.2	14382.2	-8.5	
91.65	26.8	12.7	-68.1	-0.2	233.1	4.2	301.2	-201.3	413.4	5968.2	13911.1	-1.8	
91.70	29.5	12.6	-63.8	-0.1	227.8	4.2	284.3	-203.4	415.0	5992.2	13498.9	3.8	
91.75	32.2	12.6	75.5	0.1	-224.0	4.2	272.1	-205.5	416.4	5895.3	13257.1	12.7	
91.80	34.8	12.4	76.2	0.3	-222.4	4.2	269.9	-203.9	426.5	5777.7	13178.1	12.0	
91.85	37.5	12.4	70.4	0.4	-223.5	4.2	273.0	-204.3	439.6	5919.4	13179.0	-4.0	
91.90	40.2	12.5	67.8	0.6	-223.8	4.3	267.9	-217.7	447.3	6266.6	13026.2	-11.8	
91.95	42.9	12.6	65.0	0.7	-221.0	4.3	253.7	-229.8	456.2	6539.9	12654.4	-6.7	
92.00	45.5	12.9	61.6	0.6	-217.4	4.3	241.0	-232.9	470.5	6704.9	12266.3	0.2	
92.05	48.2	13.0	60.0	0.5	-217.1	4.4	237.7	-237.9	483.9	6884.4	12130.8	0.3	
92.10	50.9	12.6	57.0	0.4	-221.6	4.4	246.0	-250.1	492.8	7064.0	12361.0	-8.5	
92.15	53.6	12.5	56.5	0.3	-228.5	4.4	264.7	-256.6	503.1	7127.1	12852.6	-21.4	
92.20	56.3	12.3	61.0	0.3	-235.9	4.4	285.3	-261.0	516.2	7151.5	13409.2	-31.5	
92.25	59.0	12.0	63.4	0.5	-243.1	4.4	299.5	-270.6	529.6	7375.7	13842.9	-45.8	
92.30	61.7	11.9	62.2	0.7	-248.4	4.5	303.8	-287.6	540.8	7796.3	14004.8	-56.9	
92.35	64.4	11.9	60.5	0.8	-250.1	4.5	301.1	-304.8	552.4	8178.9	13891.9	-57.8	
92.40	67.1	11.9	58.4	0.9	-250.9	4.6	300.4	-313.3	566.6	8489.4	13741.9	-60.6	
92.45	69.8	11.9	55.2	0.9	-253.0	4.6	304.2	-318.7	578.3	8774.4	13716.8	-71.8	
92.50	72.4	12.0	50.7	1.0	-255.2	4.6	308.8	-325.7	586.6	8975.9	13754.9	-84.1	
92.55	75.1	12.1	48.8	1.0	-255.1	4.7	311.3	-322.7	598.5	8978.3	13730.8	-88.1	
92.60	77.8	12.0	51.4	1.0	-251.6	4.7	306.9	-314.3	614.4	8797.6	13549.6	-81.3	
92.65	80.5	12.0	50.5	1.0	-248.2	4.8	299.6	-308.8	629.5	8686.5	13332.0	-78.9	
92.70	83.2	12.0	45.0	1.0	-245.7	4.8	288.6	-309.6	644.9	8786.5	13048.1	-81.8	
92.75	85.9	12.1	43.4	0.8	-242.2	4.9	274.5	-313.9	660.8	8825.8	12704.6	-74.6	
92.80	88.6	12.1	45.6	0.7	-238.0	4.9	260.3	-314.8	675.0	8711.0	12416.6	-59.2	
92.85	91.3	12.1	47.1	0.5	-237.5	5.0	252.9	-315.7	685.8	8732.4	12363.0	-54.7	
92.90	94.0	12.0	50.1	0.4	-240.5	5.0	253.5	-328.9	695.2	8917.0	12462.0	-57.6	
92.95	96.7	11.7	49.8	0.3	-242.7	5.0	263.0	-340.4	708.4	8935.8	12585.1	-58.7	
93.00	99.4	11.5	53.8	0.3	-244.3	5.0	281.1	-332.3	726.3	8753.8	12822.7	-60.3	
93.05	102.1	11.6	59.6	0.5	-248.1	5.0	300.6	-320.7	737.3	8557.8	13275.8	-65.0	
93.10	104.8	11.5	58.7	0.7	-253.6	5.1	319.1	-315.7	745.7	8478.9	13778.8	-74.9	
93.15	107.5	11.5	55.1	0.7	-257.4	5.1	336.2	-307.6	761.6	8406.2	14117.0	-80.7	
93.20	110.2	11.5	57.0	0.8	-258.0	5.1	343.2	-297.0	781.5	8282.7	14230.2	-73.8	
93.25	113.0	11.1	57.9	0.9	-257.6	5.2	334.1	-293.6	792.3	8214.7	14254.6	-64.2	
93.30	115.7	10.7	57.1	0.8	-257.3	5.2	315.4	-296.1	795.5	8274.4	14237.4	-53.8	
93.35	118.4	10.6	59.9	0.8	-256.3	5.3	303.8	-296.3	806.0	8308.3	14148.5	-42.1	
93.40	121.1	11.0	62.9	0.7	-256.3	5.3	308.9	-293.7	825.7	8267.6	14146.6	-36.7	
93.45	123.8	11.3	63.3	0.7	-262.5	5.3	333.2	-292.2	840.9	8285.6	14610.1	-47.8	
93.50	126.6	11.7	62.3	0.8	-272.3	5.4	364.8	-291.5	846.2	8139.6	15448.4	-69.1	
93.55	129.3	11.9	60.7	0.9	-278.4	5.4	390.0	-275.8	856.9	7712.4	16136.5	-79.1	
93.60	132.0	11.8	58.6	0.9	-279.5	5.5	401.8	-253.5	874.2	7262.5	16431.2	-77.4	
93.65	134.7	11.7	59.6	0.9	-277.2	5.5	394.5	-249.0	884.1	7045.2	16354.0	-68.4	
93.70	137.4	11.5	61.7	0.8	-274.0	5.5	380.5	-244.0	887.5	7003.0	16149.3	-59.5	
93.75	140.1	11.7	63.4	0.8	-270.4	5.6	371.2	-234.1	898.8	6970.5	15899.9	-51.4	
93.80	142.8	11.9	62.6	0.8	-268.2	5.6	370.1	-232.5	913.7	6971.7	15712.2	-50.5	
93.85	145.5	11.8	59.9	0.8	-268.0	5.7	371.6	-229.0	919.9	6960.3	15694.4	-59.1	
93.90	148.2	11.8	62.1	0.8	-266.4	5.7	367.4	-214.2	919.6	6745.6	15696.9	-56.2	
93.95	151.0	11.7	62.0	0.8	-262.3	5.7	362.8	-189.9	924.9	6224.0	15620.1	-51.5	
94.00	153.7	11.6	60.5	0.8	-256.8	5.8	359.9	-160.5	936.3	5632.5	15438.2	-42.8	
94.05	156.4	11.8	57.2	0.7	-252.8	5.8	359.3	-141.1	943.7	5202.7	15290.0	-51.3	
94.10	159.1	11.8	57.3	0.7	-246.9	5.9	347.4	-135.2	944.9	4734.7	15014.2	-47.8	
94.15	161.9	11.6	57.5	0.6	-241.8	5.9	338.4	-122.6	951.6	4291.4	14774.2	-34.5	
94.20	164.6	11.5	56.0	0.5	-238.8	5.9	334.8	-115.1	959.7	4144.1	14590.4	-32.6	
94.25	167.3	11.6	58.0	0.5	-235.6	5.9	326.6	-121.0	957.7	4097.3	14376.1	-28.2	
94.30	170.1	12.0	62.2	0.5	-232.3	6.0	321.4	-115.4	951.7	3906.9	14192.9	-22.8	
94.35	172.8	12.1	66.4	0.6	-228.3	6.0	319.3	-99.5	953.0	3517.7	14005.0	-16.4	
94.40	175.5	12.0	61.4	0.6	-226.1	6.0	323.0	-87.1	955.5	3148.5	13915.0	-18.9	
94.45	178.2	11.9	49.9	0.4	-224.8	6.1	328.5	-64.5	952.7	2750.6	13900.9	-27.5	
94.50	180.9	11.7	49.1	0.2	-220.0	6.1	323.0	-34.3	950.0	2216.1	13657.4	-20.2	
94.55	183.6	11.5	58.1	0.1	-211.4	6.1	306.1	-8.5	952.5	1622.4	13137.2	-0.5	
94.60	186.3	11.5	63.4	0.2	-205.0	6.1	295.7	8.9	954.8	1324.4	12718.1	5.6	
94.65	189.0	11.7	59.5	0.2	-197.9	6.1	279.9	10.5	952.0	1335.8	12223.7	-2.6	
94.70	191.7	11.6	56.0	0.2	-189.2	6.1	257.1	10.1	944.7	1221.0	11647.1	10.6	
94.75	194.4	11.4	52.1	0.0	-184.5	6.1	246.5	25.1	939.9	1019.5	11340.0	16.1	
94.80	197.1	11.0	-55.5	-0.1	186.2	6.1	253.3	38.6	934.6	758.0	11467.4	5.6	
94.85	199.8	11.1	-59.5	-0.1	191.0	6.1	267.9	40.2	926.5	421.8	11814.8	-10.5	
94.90	202.5	11.2	-66.4	-0.2	196.9	6.1	286.4	55.2	921.1	-75.6	12206.8	-20.2	
94.95	205.2	11.1	-70.9	-0.3	202.4	6.1	305.4	79.9	919.4	-671.8	12538.5	-24.7	
95.00	207.9	10.7	-69.3	-0.4	202.5	6.1	303.6	97.8	915.1	-1225.6	12498.6	-17.6	
95.05	210.6	10.5	-65.2	-0.5	200.0	6.0	292.4	115.9	905.4	-1530.3	12296.4	-14.3	
95.10	213.3	10.4	-54.0	-0.5	195.8	6.0	276.3	125.6	894.4	-1748.4	11982.6	2.7	
95.15	216.0	10.5	-50.7	-0.4	192.6	6.0	268.0	122.7	886.2	-1947.7	11742.5	12.4	
95.20	218.7	10.5	-58.0	-0.5	192.6	6.0	272.0	130.8	880.6	-1979.7	11719.5	0.6	
95.25	221.4	10.3	-59.8	-0.5	193.7	6.0	273.3	143.9	869.7	-2138.4	11763.5	-4.9	
95.30	224.1	10.0	-56.5	-0.6	194.8	5.9	269.2	156.4	856.8	-2618.4	11755.3	4.7	
95.35	226.8	10.1	-54.6	-0.5	197.2	5.9	270.0	181.9	851.3	-3204.9	11757.8	9.2	
95.40	229.5	10.3	-53.2	-0.5	200.5	5.9	272.8	205.1	848.4	-3787.9	11795.7	7.2	
95.45	232.1	10.5	-58.8	-0.5	202.8	5.8	272.2	216.9	840.1	-4281.0	11799.9	3.5	
95.50	234.8	10.5	-67.1	-0.7	204.2	5.8	271.9	228.5	827.2	-4580.6	11786.3	-2.4	
95.55	237.5	10.4	-66.2	-0.8	203.0	5.8	270.3	230.3	816.0	-4723.2	11641.8	-5.9	
95.60	240.2	10.1	-63.5	-0.9	198.4	5.7	266.9	216.7	808.3	-4665.0	11336.6	-10.6	
95.65	242.9	10.0	-63.4	-1.0	193.0	5.7	261.6	208.3	797.9	-4516.1	10994.6	-15.8	
95.70	245.6	10.1	-58.5	-1.0	188.0	5.6	248.7	207.6	781.3	-4529.9	10625.6	-7.7	
95.75	248.3	10.2	-54.3	-1.0	184.8	5.6	234.4	220.1	765.3	-4722.3	10290.0	2.4	
95.80	250.9	10.1	-51.5	-1.0	184.2	5.5	226.5	243.4	754.2	-4994.7	10086.7	4.5	
95.85	253.6	10.2	-43.2	-0.8	184.5	5.5	218.7	255.3	741.2	-5368.6	9917.4	16.4	
95.90	256.3	10.4	-40.1	-0.7	185.1	5.5	213.7	266.6	723.4	-5617.1	9826.3	27.6	
95.95	258.9	10.6	-45.7	-0.7	184.2	5.4	213.3	276.1	708.4	-5526.8	9791.5	25.9	
96.00	261.6	10.6	-52.2	-0.8	180.8	5.4	215.8	264.8	698.4	-5155.6	9732.8	17.5	
96.05	264.2	10.7	-57.1	-1.0	178.7	5.3	223.0	251.5	686.5	-4736.6	9792.1	3.7	
96.10	266.9	10.9	-56.7	-1.1	178.2	5.3	228.9	240.8	670.7	-4418.6	9924.6	-6.2	
96.15	269.5	10.9	-59.1	-1.1	177.9	5.2	229.6	225.9	651.7	-4265.0	10019.8	-16.9	
96.20	272.2	10.8	-65.6	-1.3	176.6	5.2	228.1	221.0	633.7	-4170.4	9979.3	-25.6	
96.25	274.8	10.3	-61.2	-1.5	174.8	5.1	221.8	233.3	618.8	-4308.6	9775.2	-14.4	
96.30	277.5	10.5	-47.4	-1.5	173.0	5.0	208.8	240.4	604.7	-4653.2	9483.7	13.2	
96.35	280.1	10.7	-39.7	-1.4	172.9	5.0	198.0	247.7	586.4	-4901.6	9373.5	26.9	
96.40	282.8	10.9	-38.3	-1.3	173.4	4.9	194.2	250.5	569.1	-4924.5	9412.3	26.4	
96.45	285.4	11.0	-42.6	-1.3	172.2	4.8	194.3	243.9	558.7	-4798.7	9406.7	27.4	
96.50	288.0	11.0	-52.1	-1.5	170.2	4.8	199.6	233.5	553.2	-4448.2	9431.4	21.7	
96.55	290.7	10.8	-52.4	-1.8	169.2	4.7	202.9	223.5	541.3	-4089.1	9532.2	17.2	
96.60	293.3	10.5	-45.5	-1.8	170.8	4.6	204.6	216.3	523.8	-3982.2	9740.0	20.0	
96.65	295.9	10.4	-45.0	-1.8	176.0	4.5	214.3	221.8	508.9	-4061.9	10112.0	19.4	
96.70	298.5	10.3	-48.6	-1.8	182.6	4.4	229.0	225.5	499.3	-4274.4	10527.3	19.7	
96.75	301.2	10.3	-55.6	-2.0	187.9	4.3	241.6	221.5	489.9	-4486.7	10866.8	16.0	
96.80	303.8	10.6	-62.0	-2.2	191.5	4.2	250.0	227.1	478.7	-4572.4	11101.7	5.0	
96.85	306.4	10.9	-56.4	-2.3	191.5	4.1	246.0	224.6	468.4	-4639.2	11100.2	10.5	
96.90	309.1	10.7	-47.9	-2.3	188.1	4.0	233.9	206.2	460.5	-4526.5	10941.8	28.3	
96.95	311.7	10.5	-45.6	-2.4	183.0	3.9	225.0	183.2	452.6	-4018.1	10797.1	33.5	
97.00	314.3	10.4	-42.6	-2.4	177.5	3.8	217.9	159.0	440.2	-3442.1	10634.4	32.2	
97.05	316.9	10.1	-37.9	-2.3	173.4	3.6	211.4	145.7	427.3	-3056.1	10474.3	37.1	
97.10	319.5	9.9	-31.5	-2.2	172.0	3.5	208.1	141.8	418.3	-2807.5	10461.1	49.6	
97.15	322.1	9.8	-28.9	-2.1	173.5	3.4	210.1	132.8	408.1	-2565.8	10658.2	58.1	
97.20	324.7	9.7	-40.9	-2.2	178.1	3.3	222.6	131.5	397.4	-2303.7	11046.5	47.6	
97.25	327.2	9.9	-55.0	-2.4	183.8	3.2	241.8	138.1	391.3	-2029.3	11489.3	30.7	
97.30	329.8	10.1	-58.1	-2.7	188.5	3.1	257.7	128.4	389.8	-1642.6	11880.6	23.3	
97.35	332.4	10.2	-58.0	-2.9	192.3	2.9	268.9	100.2	388.7	-968.7	12246.5	18.8	
97.40	335.0	10.2	-56.3	-3.0	194.7	2.8	271.0	71.5	381.8	-220.8	12492.5	18.9	
97.45	337.6	10.1	-49.6	-3.1	194.3	2.6	261.9	43.9	371.3	405.7	12504.3	30.0	
97.50	340.2	10.0	-42.8	-3.0	193.6	2.5	253.5	27.5	362.9	924.2	12461.7	38.9	
97.55	342.8	9.7	-37.7	-2.9	193.5	2.3	248.4	10.3	356.9	1317.9	12447.3	41.1	
97.60	345.4	9.4	-38.7	-2.7	193.7	2.2	243.7	-10.3	347.6	1521.5	12454.7	41.7	
97.65	348.0	9.2	-47.7	-2.8	194.3	2.0	242.6	-13.9	336.5	1625.5	12504.5	37.6	
97.70	350.6	9.2	-53.7	-3.0	192.8	1.9	237.9	-10.5	331.0	1689.8	12401.0	37.6	
97.75	353.2	9.2	-53.9	-3.2	190.6	1.7	233.3	-14.4	330.0	1797.5	12224.3	38.5	
97.80	355.7	9.0	-53.0	-3.4	190.2	1.6	234.9	-18.6	331.7	2082.2	12147.7	31.2	
97.85	358.3	9.2	-40.6	-3.3	191.4	1.4	235.8	-33.4	329.6	2435.3	12164.4	34.4	
97.90	0.8	9.4	-37.7	-3.1	194.0	1.3	237.8	-52.4	324.6	2726.4	12291.6	39.4	
97.95	3.4	9.3	-50.1	-3.1	198.2	1.1	246.3	-63.3	324.8	3039.0	12512.8	28.8	
98.00	5.9	9.4	-60.0	-3.2	202.7	0.9	256.6	-73.6	327.0	3229.0	12779.6	14.7	
98.05	8.5	9.5	-66.1	-3.4	206.5	0.8	263.8	-77.1	326.1	3209.1	13054.1	4.0	
98.10	11.1	9.6	-64.7	-3.6	209.3	0.6	268.9	-78.0	325.5	3104.3	13281.5	5.4	
98.15	13.7	9.6	-62.0	-3.7	211.0	0.4	271.6	-94.6	328.1	3067.9	13400.1	11.8	
98.20	16.2	9.6	-63.2	-3.8	213.9	0.2	279.5	-107.3	336.0	3257.6	13539.9	7.1	
98.25	18.8	9.8	-43.4	-3.3	217.2	0.1	286.7	-114.3	344.1	3512.4	13699.0	10.2	
98.30	21.4	9.9	-28.8	-2.5	219.6	-0.1	286.4	-135.1	345.9	3734.7	13800.8	20.0	
98.35	23.9	10.0	-39.2	-1.9	223.8	-0.2	291.5	-160.2	347.8	4184.5	13955.4	12.4	
98.40	26.4	10.0	-48.6	-1.4	228.5	-0.3	300.6	-178.8	355.6	4755.3	14090.5	-0.7	
98.45	29.0	10.1	-54.6	-1.1	230.4	-0.3	300.3	-192.7	363.4	5161.3	14065.5	-3.4	
98.50	31.5	10.2	-59.8	-0.8	232.4	-0.4	298.8	-190.9	366.7	5475.6	14117.3	-7.5	
98.55	34.0	10.2	-64.9	-0.6	236.0	-0.4	301.8	-186.9	370.1	5713.1	14308.2	-12.7	
98.60	36.6	10.1	-68.9	-0.4	239.7	-0.5	305.0	-202.2	376.5	5948.7	14477.1	-16.0	
98.65	39.1	10.2	-74.4	-0.3	244.7	-0.5	312.7	-213.7	387.3	6353.8	14665.6	-25.1	
98.70	41.6	10.3	-78.7	-0.2	249.1	-0.5	316.3	-218.5	398.3	6793.6	14807.6	-31.8	
98.75	44.2	10.1	-79.4	-0.2	251.9	-0.5	308.7	-235.3	404.7	7191.6	14835.7	-28.6	
98.80	46.7	10.0	-82.4	-0.1	257.1	-0.5	307.9	-254.8	411.8	7716.6	14976.1	-35.0	
98.85	49.3	10.0	-87.1	-0.1	263.9	-0.5	316.4	-278.0	421.2	8204.5	15215.5	-42.2	
98.90	51.8	10.1	-88.9	-0.0	270.2	-0.5	326.9	-303.1	429.0	8474.3	15529.6	-40.4	
98.95	54.4	10.1	68.2	0.0	-278.2	-0.5	342.3	-305.7	436.2	8605.0	16094.9	-48.3	
99.00	56.9	10.0	67.8	0.0	-286.4	-0.5	353.6	-305.0	439.6	8598.4	16766.1	-56.9	
99.05	59.5	10.3	69.3	0.1	-292.8	-0.5	361.1	-307.5	444.9	8503.8	17330.7	-57.4	
99.10	62.0	10.3	69.4	0.1	-297.7	-0.5	371.7	-301.5	459.0	8511.8	17713.4	-61.4	
99.15	64.5	10.1	69.9	0.1	-300.2	-0.5	380.2	-298.2	476.2	8544.3	17877.0	-61.4	
99.20	67.1	10.0	71.5	0.1	-300.7	-0.5	380.2	-305.9	487.6	8591.6	17872.7	-56.2	
99.25	69.6	10.1	71.5	0.1	-301.6	-0.5	381.5	-307.2	498.3	8696.7	17884.3	-56.9	
99.30	72.1	10.5	72.6	0.1	-302.1	-0.5	384.8	-306.2	510.9	8680.1	17914.5	-53.4	
99.35	74.7	10.1	73.9	0.1	-302.9	-0.5	388.8	-312.6	522.5	8577.4	17994.5	-49.6	
99.40	77.2	10.2	72.6	0.1	-306.0	-0.5	398.7	-312.9	536.8	8579.4	18214.6	-57.1	
99.45	79.8	10.5	72.9	0.1	-308.3	-0.5	405.7	-317.3	550.9	8553.5	18387.2	-58.1	
99.50	82.3	10.6	76.8	0.1	-308.2	-0.5	406.6	-319.3	565.9	8393.4	18431.3	-44.5	
99.55	84.9	10.7	78.6	0.1	-309.4	-0.5	410.6	-311.8	582.0	8302.8	18563.7	-39.5	
99.60	87.4	10.7	79.8	0.1	-311.2	-0.4	412.4	-310.8	594.6	8291.2	18698.6	-37.1	
99.65	90.0	10.7	82.3	0.1	-312.8	-0.4	410.3	-319.3	605.0	8396.1	18766.0	-30.1	
99.70	92.5	10.7	83.3	0.1	-315.8	-0.4	413.1	-321.6	618.6	8593.6	18905.9	-29.7	
99.75	95.1	10.7	83.6	0.1	-319.3	-0.4	418.5	-324.3	632.8	8770.3	19082.0	-32.1	
99.80	97.6	10.7	81.8	0.1	-323.7	-0.4	426.9	-327.5	646.1	8971.0	19321.5	-42.6	
99.85	100.2	10.9	78.1	0.1	-328.6	-0.4	438.3	-329.3	660.8	9200.4	19576.7	-60.2	
99.90	102.8	11.0	76.3	0.1	-330.9	-0.4	446.8	-331.0	676.1	9311.8	19680.1	-68.8	
99.95	105.3	10.8	74.5	0.1	-331.3	-0.4	450.6	-326.8	690.3	9344.3	19685.1	-72.3	
100.00	107.9	10.8	74.0	0.1	-331.2	-0.4	447.6	-321.4	699.9	9399.8	19656.6	-74.6	
100.05	110.5	11.0	74.5	0.0	-329.5	-0.4	439.3	-320.5	706.2	9386.3	19542.1	-72.0	
100.10	113.0	11.2	76.4	0.0	-325.9	-0.4	429.4	-319.7	716.9	9325.5	19282.0	-62.1	
100.15	115.6	11.2	78.5	0.0	-321.9	-0.4	419.4	-323.7	731.6	9340.2	18944.2	-51.4	
100.20	118.2	11.2	80.2	0.0	-319.2	-0.4	411.4	-332.0	741.3	9349.2	18707.5	-43.1	
100.25	120.8	11.1	80.0	0.0	-318.8	-0.4	414.1	-322.3	748.9	9186.9	18760.7	-43.5	
100.30	123.3	10.8	78.5	0.0	-320.0	-0.4	425.2	-306.6	762.3	8974.0	18955.5	-50.2	
100.35	125.9	10.8	77.1	0.0	-322.1	-0.4	435.9	-304.3	773.5	8809.6	19175.4	-57.2	
100.40	128.4	11.1	75.7	0.0	-324.1	-0.4	442.5	-296.3	780.0	8649.9	19404.6	-63.9	
100.45	131.0	11.3	76.3	0.0	-323.1	-0.4	439.8	-275.6	785.8	8288.4	19515.5	-61.1	
100.50	133.6	11.1	80.5	0.0	-321.0	-0.4	434.5	-251.9	793.2	7788.3	19595.3	-44.4	
100.55	136.1	10.9	84.5	0.0	-322.8	-0.4	439.8	-235.8	805.0	7483.6	19862.0	-32.5	
100.60	138.7	10.9	87.3	0.0	-327.8	-0.4	452.9	-236.1	815.8	7266.7	20299.3	-28.0	
100.65	141.2	11.0	90.6	0.0	-332.8	-0.4	468.0	-236.4	826.3	6953.4	20757.3	-21.6	
100.70	143.8	10.9	93.6	0.0	-336.3	-0.4	481.4	-218.3	837.3	6539.0	21146.8	-15.0	
100.75	146.4	10.7	97.7	0.0	-337.7	-0.4	484.8	-200.4	842.6	6089.4	21398.6	-2.4	
100.80	149.0	11.0	100.2	0.0	-338.3	-0.4	485.7	-197.2	845.7	5779.7	21532.1	5.6	
100.85	151.5	11.0	101.7	0.0	-337.0	-0.4	486.7	-189.7	854.1	5483.5	21503.8	12.3	
100.90	154.1	10.8	104.0	0.0	-332.1	-0.4	479.7	-175.6	864.4	5081.0	21248.0	24.9	
100.95	156.7	10.7	107.6	0.0	-325.8	-0.4	462.0	-157.9	868.6	4668.8	20923.0	43.5	
101.00	159.3	10.8	110.5	0.0	-322.8	-0.4	450.3	-143.8	870.8	4499.6	20773.4	56.5	
101.05	161.8	11.0	109.5	0.0	-322.9	-0.4	451.3	-136.9	879.6	4469.2	20781.6	52.9	
101.10	164.4	11.2	106.4	0.0	-323.5	-0.4	458.8	-129.4	891.5	4399.7	20818.6	41.8	
101.15	166.9	11.2	103.7	0.0	-325.4	-0.4	467.3	-109.2	895.8	4194.3	20991.0	30.5	
101.20	169.5	11.1	101.2	0.0	-328.6	-0.4	474.9	-90.9	893.0	4031.3	21265.9	18.9	
101.25	172.1	11.2	101.4	0.0	-330.3	-0.4	479.8	-86.3	893.8	3914.7	21400.1	17.7	
101.30	174.7	11.1	103.7	0.0	-328.0	-0.4	478.8	-77.5	903.9	3664.7	21271.8	28.0	
101.35	177.3	10.8	105.1	0.0	-324.8	-0.4	473.7	-59.9	908.0	3272.8	21108.6	35.8	
101.40	179.9	10.3	106.8	0.0	-319.5	-0.4	457.2	-53.1	901.9	2938.5	20807.8	47.3	
101.45	182.5	10.3	108.8	0.0	-314.4	-0.4	444.0	-45.9	899.3	2602.1	20506.0	59.2	
101.50	185.1	10.2	108.3	0.0	-312.0	-0.4	446.6	-33.1	906.5	2400.8	20335.4	60.0	
101.55	187.7	10.1	106.3	0.0	-311.7	-0.4	454.6	-26.3	905.8	2171.0	20320.0	53.3	
101.60	190.3	9.9	106.2	0.0	-308.9	-0.4	449.2	-16.3	894.8	1795.8	20167.5	55.7	
101.65	192.9	9.9	106.8	0.0	-304.8	-0.4	441.9	3.2	886.0	1398.5	19920.6	61.8	
101.70	195.5	9.9	109.3	0.0	-297.9	-0.4	430.3	21.6	885.3	912.6	19458.8	77.4	
101.75	198.0	10.4	113.6	0.0	-290.2	-0.4	415.6	45.1	885.4	325.8	18926.2	99.8	
101.80	200.6	10.5	114.8	0.0	-286.5	-0.4	409.4	72.7	880.0	-219.2	18663.3	107.5	
101.85	203.2	10.5	114.2	0.0	-284.8	-0.4	406.1	90.0	874.6	-736.1	18525.7	107.3	
101.90	205.8	10.4	114.9	0.0	-282.9	-0.4	401.3	107.2	875.7	-1245.5	18351.4	111.5	
101.95	208.4	10.5	115.0	0.0	-281.7	-0.4	400.0	124.4	874.7	-1595.3	18228.1	113.1	
102.00	211.1	10.5	114.5	0.0	-281.2	-0.4	400.2	123.7	864.7	-1808.8	18171.5	111.8	
102.05	213.7	10.2	113.7	0.0	-278.4	-0.4	395.7	122.1	858.0	-2029.3	17953.7	112.0	
102.10	216.3	10.4	112.8	0.0	-273.5	-0.4	386.3	136.2	858.2	-2371.6	17556.4	113.5	
102.15	218.9	10.4	114.7	0.0	-267.8	-0.4	367.3	147.7	852.0	-2831.1	17095.8	126.1	
102.20	221.6	10.4	115.8	0.0	-264.5	-0.4	351.1	158.3	836.0	-3201.1	16816.3	133.1	
102.25	224.2	10.6	114.5	0.0	-264.0	-0.4	348.8	177.1	826.4	-3470.0	16719.8	129.1	
102.30	226.8	10.8	113.7	0.0	-264.2	-0.4	352.6	194.1	825.1	-3787.6	16625.4	126.2	
102.35	229.4	11.0	112.6	0.0	-264.2	-0.4	356.6	203.8	820.5	-4000.3	16558.6	122.3	
102.40	232.0	11.0	109.6	0.0	-264.6	-0.4	359.0	209.5	808.2	-3997.3	16582.2	111.5	
102.45	234.6	11.1	107.0	0.0	-263.4	-0.4	355.0	212.6	797.4	-3954.3	16515.6	103.9	
102.50	237.2	11.2	106.4	0.0	-260.7	-0.4	348.6	223.8	792.5	-4013.5	16293.9	104.6	
102.55	239.9	11.3	106.4	0.0	-258.1	-0.4	343.8	235.8	786.7	-4061.6	16075.3	107.2	
102.60	242.5	11.2	106.8	0.0	-256.1	-0.4	336.0	228.9	772.7	-4118.9	15945.6	110.6	
102.65	245.1	11.1	107.1	0.0	-256.6	-0.4	332.2	222.7	756.3	-4289.4	15974.6	111.1	
102.70	247.8	10.7	109.3	0.0	-258.9	-0.4	335.1	238.3	745.4	-4589.4	16043.7	116.5	
102.75	250.4	10.5	113.8	0.0	-260.2	-0.4	334.2	251.5	736.0	-4937.4	16029.4	130.5	
102.80	253.1	10.3	116.3	0.0	-261.7	-0.4	336.0	250.2	723.7	-5058.0	16122.0	137.5	
102.85	255.7	10.2	114.3	0.0	-265.3	-0.4	346.8	247.7	710.3	-4982.1	16418.0	127.0	
102.90	258.3	10.3	112.5	0.0	-267.8	-0.4	353.7	246.8	698.3	-5005.1	16602.2	118.5	
102.95	261.0	10.3	111.7	0.0	-266.9	-0.4	354.9	246.5	687.1	-4962.0	16552.1	116.7	
103.00	263.6	10.3	108.3	0.0	-263.5	-0.4	351.9	248.3	674.3	-4721.8	16366.6	108.3	
103.05	266.2	10.1	107.8	0.0	-258.6	-0.4	340.5	246.3	660.7	-4584.9	16061.1	111.5	
103.10	268.8	10.1	112.5	0.0	-254.5	-0.4	322.8	253.9	646.6	-4797.1	15720.9	131.7	
103.15	271.4	10.5	115.4	0.0	-253.9	-0.4	312.8	272.5	631.8	-5050.6	15590.4	142.2	
103.20	274.1	10.3	114.4	0.0	-254.7	-0.4	311.1	273.9	616.4	-5107.6	15652.6	138.1	
103.25	276.7	10.1	112.5	0.0	-256.2	-0.4	319.5	261.8	604.3	-5040.9	15803.6	129.9	
103.30	279.4	10.2	110.1	0.0	-258.7	-0.4	336.4	256.8	598.0	-4972.9	15997.4	119.4	
103.35	282.0	10.3	108.9	0.0	-260.6	-0.4	344.9	256.9	588.8	-4918.8	16149.1	113.2	
103.40	284.7	10.2	107.9	0.0	-260.8	-0.4	343.6	243.0	572.4	-4792.7	16247.3	109.4	
103.45	287.3	9.9	106.9	0.0	-260.3	-0.4	344.1	232.6	558.6	-4649.7	16279.4	106.8	
103.50	289.9	9.8	107.5	0.0	-258.4	-0.4	341.6	229.9	550.1	-4622.1	16149.1	110.8	
103.55	292.6	9.9	108.4	0.0	-254.3	-0.4	329.0	227.1	536.8	-4647.4	15872.5	117.8	
103.60	295.2	10.3	107.4	0.0	-249.7	-0.4	314.6	227.0	518.7	-4554.5	15581.2	119.0	
103.65	297.9	10.3	106.0	0.0	-244.1	-0.4	301.4	230.4	505.1	-4436.2	15213.2	119.6	
103.70	300.5	10.1	104.8	0.0	-237.9	-0.4	290.9	232.5	498.5	-4413.9	14759.0	121.9	
103.75	303.1	9.9	101.1	0.0	-232.5	-0.4	287.1	228.9	494.2	-4256.6	14397.4	114.5	
103.80	305.8	10.1	95.4	0.0	-227.5	-0.4	283.2	216.2	486.0	-3932.7	14136.1	100.1	
103.85	308.4	10.3	92.1	0.0	-222.6	-0.4	277.6	204.3	476.3	-3640.5	13874.5	93.6	
103.90	311.1	10.4	90.8	0.0	-218.5	-0.4	274.1	204.1	470.3	-3470.6	13607.9	93.1	
103.95	313.7	10.6	90.2	0.0	-215.1	-0.4	269.2	192.0	462.9	-3322.8	13421.6	94.7	
104.00	316.4	10.7	88.5	0.0	-214.7	-0.4	267.6	168.7	449.0	-3179.5	13483.4	89.2	
104.05	319.1	10.8	87.4	0.0	-217.1	-0.4	272.9	160.6	437.1	-3133.8	13686.7	82.8	
104.10	321.7	10.8	87.7	0.0	-218.9	-0.4	277.8	162.2	431.4	-3133.5	13817.7	82.0	
104.15	324.4	10.6	85.3	0.0	-219.8	-0.4	282.7	153.0	424.1	-2892.3	13940.0	73.1	
104.20	327.0	10.1	80.2	0.0	-219.6	-0.4	288.2	131.2	414.4	-2410.7	14039.6	55.8	
104.25	329.7	10.2	77.4	0.0	-217.4	-0.4	288.9	114.0	410.0	-2059.0	13946.9	48.5	
104.30	332.3	10.1	76.8	0.0	-212.8	-0.4	282.5	107.5	408.1	-1881.3	13646.3	50.8	
104.35	335.0	9.8	74.5	0.0	-207.9	-0.4	274.2	106.4	401.3	-1595.1	13339.8	47.9	
104.40	337.6	9.6	73.3	0.0	-204.2	-0.4	264.6	99.9	391.3	-1302.2	13129.8	47.4	
104.45	340.3	9.5	75.4	0.0	-201.9	-0.4	257.9	92.1	387.3	-1244.5	12995.3	56.7	
104.50	342.9	9.6	77.9	0.0	-201.4	-0.4	257.5	85.5	389.0	-1260.3	12957.9	66.2	
104.55	345.6	9.3	77.9	0.0	-201.8	-0.4	259.4	71.0	385.8	-1056.5	13017.3	65.6	
104.60	348.3	9.3	76.5	0.0	-202.0	-0.4	260.8	46.2	381.4	-613.9	13077.2	60.5	
104.65	351.0	9.5	74.4	0.0	-203.4	-0.4	268.8	30.7	384.5	-152.1	13174.7	52.1	
104.70	353.7	9.7	71.8	0.0	-205.5	-0.4	279.0	16.7	390.7	252.7	13306.4	41.1	
104.75	356.3	9.7	69.4	0.0	-207.9	-0.4	284.5	-11.1	387.2	643.3	13459.4	30.4	
104.80	359.0	9.6	67.6	0.0	-209.9	-0.4	287.2	-28.0	381.0	980.8	13584.3	22.1	
104.85	1.7	9.3	69.8	0.0	-208.7	-0.4	282.4	-28.3	383.6	1112.2	13498.0	31.0	
104.90	4.3	8.9	72.6	0.0	-205.8	-0.4	272.7	-28.3	388.7	1198.7	13293.6	43.4	
104.95	7.0	8.7	71.3	0.0	-205.8	-0.4	269.3	-33.4	389.9	1518.7	13265.5	39.1	
105.00	9.7	8.8	69.5	0.0	-208.2	-0.4	271.1	-54.3	391.1	2047.1	13363.7	30.5	
105.05	12.4	8.9	69.7	0.0	-211.4	-0.4	277.0	-77.9	398.3	2597.1	13476.7	27.9	
105.10	15.1	9.1	68.9	0.0	-215.3	-0.4	284.6	-93.2	406.9	3096.5	13630.0	21.3	
105.15	17.7	9.5	66.7	0.0	-219.6	-0.4	288.3	-109.7	408.6	3531.0	13832.6	9.4	
105.20	20.4	9.6	64.7	0.0	-223.7	-0.4	290.1	-121.6	408.3	3837.6	14052.2	-1.7	
105.25	23.1	9.7	64.7	0.0	-226.5	-0.4	293.1	-126.0	415.0	3921.5	14229.5	-4.5	
105.30	25.8	9.8	67.5	0.0	-228.1	-0.4	294.9	-136.5	424.1	3911.1	14338.1	3.4	
105.35	28.5	10.2	68.0	0.0	-230.7	-0.4	297.8	-148.7	430.3	4053.3	14471.2	2.8	
105.40	31.2	10.2	66.6	0.0	-233.5	-0.4	300.5	-159.8	436.5	4333.0	14584.6	-4.8	
105.45	33.9	10.2	65.8	0.0	-234.8	-0.4	299.5	-174.7	446.9	4679.2	14552.3	-9.0	
105.50	36.6	10.4	64.2	0.0	-236.8	-0.4	300.5	-189.8	457.4	5091.0	14533.5	-16.5	
105.55	39.3	10.7	62.3	0.0	-239.6	-0.4	300.7	-205.4	464.5	5563.9	14552.1	-25.7	
105.60	42.0	10.8	62.3	0.0	-241.4	-0.4	297.4	-219.1	470.3	5930.1	14536.4	-27.5	
105.65	44.7	10.6	64.0	0.0	-242.4	-0.4	294.0	-229.2	476.5	6119.3	14525.5	-22.8	
105.70	47.4	10.7	64.0	0.0	-244.2	-0.4	297.8	-224.4	488.9	6193.3	14626.7	-24.5	
105.75	50.1	10.7	64.6	0.0	-246.5	-0.4	302.9	-219.2	504.1	6180.9	14807.8	-24.8	
105.80	52.9	10.6	65.5	0.0	-250.7	-0.4	306.8	-230.5	514.1	6293.6	15069.1	-26.0	
105.85	55.6	10.4	65.9	0.0	-257.3	-0.4	315.5	-243.2	524.6	6637.7	15408.6	-31.2	
105.90	58.3	10.2	67.7	0.0	-263.5	-0.4	323.6	-260.4	538.7	7051.6	15668.6	-31.2	
105.95	61.0	9.9	70.0	0.0	-269.3	-0.4	332.1	-278.7	554.3	7492.5	15878.3	-29.1	
106.00	63.7	9.7	70.8	0.0	-275.7	-0.4	340.5	-292.9	568.7	7981.4	16118.8	-32.6	
106.05	66.5	9.5	71.9	0.0	-281.2	-0.4	342.3	-312.1	578.5	8384.9	16327.9	-34.5	
106.10	69.2	9.4	71.6	0.0	-286.0	-0.4	344.8	-322.3	588.3	8597.5	16587.4	-40.0	
106.15	71.9	9.4	69.1	0.0	-290.7	-0.4	351.9	-318.9	600.3	8644.3	16949.1	-53.7	
106.20	74.6	9.3	66.9	0.0	-295.8	-0.4	362.2	-310.6	614.2	8654.3	17356.2	-66.3	
106.25	77.3	9.3	66.2	0.0	-302.4	-0.4	376.3	-309.3	628.5	8771.1	17805.5	-75.0	
106.30	80.0	9.7	66.2	0.0	-309.7	-0.4	390.6	-315.8	644.2	8996.5	18250.1	-82.3	
106.35	82.8	10.1	68.1	0.0	-315.9	-0.4	399.8	-323.5	659.9	9197.3	18623.0	-82.2	
106.40	85.5	10.4	72.5	0.0	-321.1	-0.4	404.7	-327.6	672.1	9279.6	18992.9	-72.3	
106.45	88.2	10.4	77.9	0.0	-327.1	-0.4	411.0	-330.9	684.5	9356.2	19421.8	-59.7	
106.50	90.9	10.3	81.2	0.0	-334.6	-0.4	425.5	-338.0	699.4	9412.9	19964.7	-56.0	
106.55	93.7	10.2	83.2	0.0	-340.9	-0.4	441.7	-341.7	715.2	9290.6	20479.6	-55.2	
106.60	96.4	10.2	83.7	0.0	-345.0	-0.4	453.4	-333.5	730.1	9037.1	20907.3	-57.6	
106.65	99.2	10.5	91.0	0.2	-347.4	-0.4	456.2	-325.5	742.6	8815.7	21200.1	-55.6	
106.70	101.9	10.7	83.3	0.1	-348.4	-0.4	454.8	-320.6	754.9	8650.3	21344.6	-57.2	
106.75	104.6	10.8	-123.5	-0.0	348.3	-0.4	455.8	-312.8	771.4	8557.7	21372.4	-59.0	
106.80	107.4	10.7	-119.2	-0.0	347.1	-0.4	454.7	-310.0	787.5	8564.7	21267.2	-62.4	
106.85	110.1	10.6	-120.1	-0.0	346.1	-0.4	452.5	-310.7	798.8	8575.7	21178.4	-66.3	
106.90	112.9	10.6	-121.0	-0.0	344.4	-0.4	448.6	-299.9	811.5	8517.4	21084.2	-71.2	
106.95	115.6	10.9	-117.2	-0.0	340.2	-0.4	436.9	-293.5	824.4	8359.7	20837.1	-62.1	
107.00	118.3	11.0	-113.6	-0.0	336.1	-0.4	427.6	-290.0	837.7	8277.1	20552.5	-53.8	
107.05	121.1	11.0	91.3	0.2	-332.3	-0.4	423.1	-278.5	849.9	8135.0	20323.4	-44.5	
107.10	123.9	11.1	99.5	0.5	-328.0	-0.4	418.5	-269.4	859.9	7839.9	20104.1	-30.9	
107.15	126.6	11.3	90.9	0.7	-326.3	-0.3	423.0	-259.9	872.2	7623.3	20047.2	-38.0	
107.20	129.4	11.5	78.3	0.7	-326.3	-0.3	432.4	-251.5	886.9	7470.7	20078.2	-56.4	
107.25	132.1	11.6	75.0	0.7	-323.3	-0.3	430.8	-247.5	897.9	7239.4	19920.5	-57.7	
107.30	134.9	11.4	75.1	0.6	-318.2	-0.2	422.0	-237.6	907.9	7075.4	19606.9	-54.1	
107.35	137.7	11.2	82.2	0.7	-312.7	-0.2	409.6	-229.8	916.0	6942.2	19246.2	-43.5	
107.40	140.4	11.1	86.1	0.8	-306.2	-0.2	394.8	-227.6	921.9	6716.4	18845.1	-25.2	
107.45	143.2	11.2	80.1	0.8	-301.3	-0.1	389.9	-219.1	931.0	6594.1	18516.6	-23.6	
107.50	145.9	11.3	82.5	0.9	-296.3	-0.1	387.0	-209.7	938.6	6432.3	18184.8	-21.9	
107.55	148.7	11.6	85.2	1.0	-291.2	-0.0	384.7	-198.1	940.4	6049.5	17928.2	-19.6	
107.60	151.5	11.4	83.9	1.2	-285.8	0.0	382.3	-171.7	947.0	5635.0	17670.6	-17.0	
107.65	154.2	11.1	86.6	1.4	-281.1	0.1	381.8	-149.5	955.5	5185.4	17461.3	-10.0	
107.70	157.0	11.0	83.7	1.5	-277.2	0.2	380.1	-138.9	962.5	4764.3	17281.6	-5.8	
107.75	159.8	11.2	79.9	1.6	-274.9	0.3	381.5	-119.4	968.1	4343.6	17227.1	-13.5	
107.80	162.5	11.2	85.7	1.8	-271.3	0.3	376.3	-103.1	972.0	3844.3	17088.9	-5.7	
107.85	165.3	11.0	79.5	1.9	-268.0	0.4	369.9	-96.0	975.8	3462.6	16938.8	1.5	
107.90	168.1	11.0	73.9	1.7	-267.9	0.5	370.2	-86.5	978.9	3205.6	16978.9	12.1	
107.95	170.9	11.1	82.0	1.6	-269.6	0.6	376.5	-81.2	981.8	2963.3	17140.4	22.0	
108.00	173.6	11.2	88.3	1.6	-272.7	0.7	386.6	-73.6	981.8	2585.2	17413.2	27.7	
108.05	176.4	11.0	89.1	1.6	-275.5	0.8	396.5	-57.2	983.7	2192.8	17662.2	27.2	
108.10	179.2	10.8	88.5	1.6	-277.4	0.8	404.6	-37.2	986.3	1830.0	17828.5	28.3	
108.15	181.9	10.7	81.2	1.4	-277.4	0.9	405.5	-16.6	987.1	1413.0	17863.1	26.5	
108.20	184.7	10.8	83.9	1.3	-277.0	1.0	404.1	8.8	985.7	943.1	17872.8	33.0	
108.25	187.5	10.8	96.7	1.4	-277.0	1.1	404.4	22.4	984.9	634.6	17884.0	41.7	
108.30	190.2	10.6	100.9	1.5	-277.1	1.1	406.1	23.9	982.9	410.4	17896.1	49.3	
108.35	193.0	10.9	93.2	1.5	-277.0	1.2	410.7	31.4	982.6	339.2	17872.1	43.9	
108.40	195.8	11.2	89.5	1.4	-272.5	1.3	402.2	41.6	982.9	248.0	17558.1	46.8	
108.45	198.6	11.5	92.1	1.3	-265.4	1.3	382.2	48.7	976.4	18.5	17083.2	60.7	
108.50	201.3	11.2	94.8	1.4	-263.9	1.4	378.9	61.8	965.5	-196.2	16976.3	58.8	
108.55	204.1	10.8	94.6	1.4	-264.6	1.5	385.1	68.1	957.6	-364.5	17015.1	49.7	
108.60	206.9	10.4	86.4	1.3	-265.0	1.5	390.9	76.2	953.7	-727.5	17016.4	47.2	
108.65	209.6	10.5	81.6	1.0	-264.0	1.6	391.4	102.8	950.6	-1071.9	16902.8	51.1	
108.70	212.4	10.8	90.2	0.9	-263.1	1.7	386.7	121.7	939.5	-1383.7	16818.7	58.7	
108.75	215.2	11.1	95.8	1.0	-260.6	1.7	377.3	124.6	926.5	-1620.0	16639.6	65.1	
108.80	217.9	11.1	95.6	1.0	-257.9	1.8	376.2	136.9	923.9	-1783.9	16408.0	69.2	
108.85	220.7	11.4	94.9	1.0	-255.4	1.8	377.2	143.7	921.7	-1951.9	16193.5	72.3	
108.90	223.5	11.7	88.8	0.8	-252.0	1.8	369.0	142.2	910.7	-2080.5	15949.3	76.5	
108.95	226.2	11.8	89.9	0.6	-250.5	1.9	360.2	156.4	895.3	-2306.5	15823.4	76.6	
109.00	229.0	11.7	106.8	0.9	-249.0	1.9	348.9	172.8	885.1	-2731.7	15659.7	88.1	
109.05	231.8	11.6	115.1	1.2	-246.4	2.0	334.9	188.5	879.7	-3227.5	15383.1	105.7	
109.10	234.6	11.3	109.9	1.4	-246.0	2.0	326.9	206.0	869.9	-3572.3	15274.3	110.4	
109.15	237.3	11.5	105.1	1.4	-247.3	2.1	322.9	207.4	852.8	-3762.5	15357.2	112.9	
109.20	240.1	11.7	97.3	1.2	-251.4	2.2	332.2	206.1	840.1	-3865.8	15633.5	105.6	
109.25	242.8	11.8	93.3	1.0	-258.6	2.2	357.8	217.1	835.5	-3872.2	16114.8	83.9	
109.30	245.6	11.8	97.4	1.0	-264.0	2.3	374.9	215.5	825.6	-3901.3	16499.7	76.4	
109.35	248.4	11.8	95.5	0.8	-265.9	2.3	376.2	210.7	808.2	-3927.4	16656.1	82.6	
109.40	251.1	11.8	95.8	0.6	-266.3	2.3	370.0	222.8	791.1	-3985.6	16684.2	93.0	
109.45	253.9	12.3	105.5	0.5	-265.5	2.4	360.5	233.0	776.2	-4185.0	16589.4	110.3	
109.50	256.6	12.3	110.6	0.4	-264.7	2.4	356.5	237.7	763.8	-4429.5	16480.8	119.1	
109.55	259.4	12.0	114.5	0.5	-265.2	2.4	361.1	244.9	752.9	-4545.3	16471.9	121.6	
109.60	262.1	11.6	114.5	0.6	-265.6	2.4	365.8	243.7	740.6	-4524.2	16509.4	117.5	
109.65	264.9	11.6	103.7	0.4	-265.4	2.5	370.6	236.4	728.3	-4345.0	16553.8	104.5	
109.70	267.7	11.6	101.3	0.3	-264.3	2.5	373.3	234.3	716.6	-4114.2	16530.8	98.0	
109.75	270.4	11.4	108.9	0.4	-261.2	2.5	368.4	226.6	704.3	-3918.2	16369.3	106.4	
109.80	273.2	11.3	106.8	0.4	-258.2	2.5	359.5	218.6	687.8	-3708.7	16231.4	108.0	
109.85	275.9	11.2	99.7	0.3	-255.6	2.5	350.5	218.2	670.4	-3586.5	16101.4	103.1	
109.90	278.7	11.2	104.1	0.2	-252.9	2.6	341.0	222.9	655.1	-3741.4	15881.2	112.8	
109.95	281.4	11.3	108.6	0.2	-251.3	2.6	337.3	233.1	644.0	-3904.3	15715.6	120.2	
