Time[s]	Rotor azimuth angle[deg]	Hub wind speed magnitude[m/s]	ACTTORQUE1[Nm]	PITRAT1[deg/s]	PITFRIC1[kNm]	PITCH1[deg]	Blade root 1 Fx[KN]	Blade root 1 Fy[KN]	Blade root 1 Fz[KN]	Blade root 1 Mx[kNm]	Blade root 1 My[kNm]	Blade root 1 Mz[kNm]	
END_OF_HEADER
50.00	289.0	12.9	117.7	2.5	-259.9	4.1	351.4	209.8	625.3	-3631.1	16464.4	140.2	
50.05	291.7	12.2	111.3	2.5	-262.7	4.3	362.4	197.0	611.7	-3255.2	16766.5	122.3	
50.10	294.5	12.1	102.5	2.3	-266.5	4.4	377.1	200.9	600.5	-3051.8	17055.8	105.3	
50.15	297.2	12.3	102.0	2.2	-268.5	4.5	386.5	208.0	592.3	-2997.9	17190.2	98.8	
50.20	300.0	12.6	108.7	2.2	-268.7	4.6	385.1	198.5	579.5	-2833.9	17261.1	100.6	
50.25	302.7	12.5	112.0	2.3	-267.6	4.7	374.3	180.3	560.9	-2564.0	17293.2	105.9	
50.30	305.5	12.3	109.7	2.2	-264.9	4.8	361.2	170.9	546.1	-2360.7	17168.7	116.9	
50.35	308.2	12.1	104.3	2.1	-262.4	4.9	356.5	169.2	537.5	-2165.4	17028.1	118.5	
50.40	311.0	12.0	102.8	1.9	-261.4	5.0	358.9	156.2	527.7	-1837.5	17004.8	108.6	
50.45	313.7	11.7	105.8	2.0	-261.2	5.1	361.0	138.0	512.4	-1564.7	17043.0	94.5	
50.50	316.5	11.4	106.5	2.1	-258.8	5.2	357.2	129.3	496.6	-1593.3	16892.5	89.4	
50.55	319.3	10.8	98.3	2.1	-252.4	5.3	347.1	131.7	485.9	-1794.0	16419.7	87.1	
50.60	322.0	10.6	84.3	1.9	-244.2	5.4	336.6	138.0	479.2	-1839.2	15817.1	72.7	
50.65	324.8	10.6	75.9	1.6	-236.3	5.5	325.7	135.6	472.0	-1872.3	15244.5	55.7	
50.70	327.6	10.7	78.6	1.5	-229.5	5.6	314.0	129.0	464.1	-1938.0	14764.2	54.0	
50.75	330.3	10.7	79.3	1.6	-223.3	5.7	305.6	115.5	458.6	-1800.6	14349.2	46.7	
50.80	333.1	10.7	72.5	1.5	-214.8	5.8	293.1	91.9	453.6	-1345.9	13815.5	37.9	
50.85	335.9	10.7	61.8	1.3	-205.3	5.8	277.6	70.4	447.3	-779.3	13205.2	30.9	
50.90	338.6	10.9	60.8	1.2	-196.0	5.9	259.8	61.3	440.3	-493.2	12577.9	35.3	
50.95	341.4	11.0	67.2	1.2	-188.8	6.0	248.1	52.4	434.7	-304.3	12080.4	37.6	
51.00	344.2	11.0	64.1	1.3	-185.2	6.0	247.9	37.4	430.3	-29.2	11820.1	18.8	
51.05	346.9	11.3	52.1	1.3	-183.4	6.1	254.3	25.4	428.0	203.7	11671.5	-3.4	
51.10	349.7	11.1	41.0	1.1	-182.5	6.2	261.3	31.4	428.2	332.8	11580.6	-20.2	
51.15	352.5	10.8	37.7	1.0	-180.1	6.2	260.7	28.9	429.3	629.2	11386.5	-27.3	
51.20	355.2	11.2	40.9	0.9	-175.4	6.2	248.0	0.7	425.6	1040.3	11043.3	-24.6	
51.25	358.0	11.4	42.5	0.8	-170.8	6.3	233.7	-25.1	422.1	1559.5	10673.2	-21.7	
51.30	0.7	11.5	40.4	0.8	-166.4	6.3	218.2	-43.9	424.7	2117.3	10272.0	-15.9	
51.35	3.5	11.5	35.9	0.5	-165.2	6.4	210.0	-63.2	423.6	2552.0	10091.0	-13.9	
51.40	6.2	11.6	34.2	0.4	-167.4	6.4	210.1	-72.9	419.9	2921.9	10150.2	-26.8	
51.45	9.0	11.7	41.1	0.4	-170.9	6.4	216.3	-84.4	419.0	3131.6	10341.7	-38.2	
51.50	11.7	11.6	44.0	0.6	-175.3	6.4	226.4	-100.6	421.4	3200.8	10619.9	-43.4	
51.55	14.5	11.9	36.0	0.5	-180.4	6.5	241.1	-103.8	427.8	3280.3	10943.7	-51.7	
51.60	17.2	12.4	28.8	0.3	-185.8	6.5	255.5	-104.7	433.5	3463.4	11272.3	-63.8	
51.65	20.0	12.8	27.4	0.2	-189.7	6.5	263.8	-121.5	440.5	3797.3	11427.9	-73.4	
51.70	22.7	12.6	31.9	0.1	-192.8	6.5	268.4	-145.2	448.5	4241.7	11462.0	-77.6	
51.75	25.5	12.6	39.1	0.2	-194.7	6.5	267.9	-167.8	455.5	4685.6	11403.8	-74.1	
51.80	28.2	12.7	37.8	0.3	-196.2	6.5	263.9	-191.1	457.9	5087.9	11325.0	-73.1	
51.85	31.0	12.9	29.2	0.2	-198.3	6.5	260.8	-207.5	461.2	5534.5	11262.6	-82.1	
51.90	33.7	13.2	28.2	0.0	-200.1	6.5	262.3	-215.4	468.0	5835.4	11231.6	-87.4	
51.95	36.5	13.4	33.9	0.0	-200.7	6.5	265.0	-218.5	478.1	5917.2	11218.3	-82.8	
52.00	39.2	13.3	37.2	0.1	-202.9	6.5	271.8	-218.8	487.1	6006.5	11333.2	-81.9	
52.05	42.0	13.5	34.8	0.1	-205.8	6.5	276.6	-228.7	494.1	6187.8	11450.9	-87.2	
52.10	44.7	13.6	-92.0	-0.0	209.2	6.5	280.4	-241.9	502.4	6510.5	11518.2	-92.4	
52.15	47.4	13.6	-95.4	-0.2	212.4	6.5	281.7	-248.8	514.0	6982.8	11492.0	-94.7	
52.20	50.2	13.8	-91.8	-0.2	213.9	6.5	273.1	-264.0	521.2	7445.5	11320.7	-93.0	
52.25	52.9	13.9	-87.4	-0.2	213.7	6.5	256.8	-287.0	523.7	7872.0	10983.4	-90.7	
52.30	55.7	13.9	-85.7	-0.2	211.6	6.5	239.4	-302.4	530.1	8259.4	10484.2	-89.7	
52.35	58.4	13.5	-86.3	-0.2	206.7	6.5	220.3	-307.4	539.2	8419.8	9893.5	-83.2	
52.40	61.1	13.5	-86.3	-0.4	201.6	6.5	206.5	-303.0	546.1	8392.1	9441.7	-75.2	
52.45	63.9	13.8	-81.6	-0.4	199.5	6.5	204.2	-295.5	555.6	8348.5	9291.0	-71.2	
52.50	66.6	13.8	-75.8	-0.3	200.8	6.4	213.0	-301.8	568.4	8317.1	9396.7	-73.6	
52.55	69.3	13.6	-75.4	-0.1	204.0	6.4	225.4	-313.0	583.6	8387.5	9573.2	-78.0	
52.60	72.0	13.4	-83.1	-0.1	209.2	6.4	235.1	-319.2	599.5	8734.5	9734.3	-85.4	
52.65	74.8	13.3	-88.8	-0.1	213.1	6.4	231.4	-332.5	609.4	9081.7	9772.7	-83.5	
52.70	77.5	13.2	-90.6	-0.3	215.7	6.4	221.6	-347.4	617.6	9355.8	9755.2	-75.4	
52.75	80.2	13.2	-87.5	-0.4	218.5	6.4	219.0	-348.8	628.3	9535.1	9857.3	-71.1	
52.80	82.9	13.3	-84.0	-0.4	221.3	6.4	225.2	-348.8	638.4	9516.8	10151.7	-65.4	
52.85	85.6	13.4	-90.8	-0.5	226.0	6.4	242.7	-349.7	649.5	9399.3	10686.2	-70.1	
52.90	88.3	13.5	-98.8	-0.7	232.9	6.3	271.6	-340.3	667.7	9337.9	11364.0	-84.0	
52.95	91.0	13.4	-97.4	-0.7	238.6	6.3	295.7	-335.4	688.2	9248.3	11923.3	-90.0	
53.00	93.7	13.4	-94.3	-0.7	242.5	6.3	308.7	-335.9	703.8	9112.1	12350.0	-86.3	
53.05	96.4	13.3	-97.3	-0.6	247.8	6.2	317.9	-335.1	715.4	9138.6	12790.8	-92.4	
53.10	99.1	13.3	-103.7	-0.7	253.4	6.2	323.0	-341.6	725.3	9303.2	13160.2	-101.2	
53.15	101.8	13.2	-112.7	-0.8	257.1	6.2	322.8	-350.7	733.9	9449.9	13367.4	-105.3	
53.20	104.5	13.0	-115.0	-1.1	258.5	6.1	321.1	-352.9	742.9	9509.1	13443.8	-102.7	
53.25	107.2	12.8	-107.5	-1.2	258.8	6.0	320.0	-348.8	751.8	9435.7	13530.0	-94.1	
53.30	109.9	12.8	-101.5	-1.3	259.9	6.0	322.1	-342.4	760.4	9255.8	13753.7	-84.2	
53.35	112.5	12.8	-100.2	-1.3	261.8	5.9	330.6	-331.3	770.3	9005.5	14086.8	-78.1	
53.40	115.2	12.8	-97.5	-1.3	263.1	5.9	340.9	-317.6	784.3	8753.2	14356.7	-73.1	
53.45	117.9	12.5	-95.6	-1.3	262.8	5.8	345.0	-307.6	797.8	8594.4	14425.1	-70.3	
53.50	120.6	12.4	-97.4	-1.3	261.5	5.7	340.1	-305.2	809.9	8637.5	14297.7	-70.5	
53.55	123.3	12.4	-98.8	-1.4	260.3	5.7	328.6	-305.4	819.6	8778.4	14120.9	-65.4	
53.60	125.9	12.0	-95.9	-1.5	258.4	5.6	312.2	-307.5	825.1	8849.7	13939.7	-50.0	
53.65	128.6	11.9	-92.6	-1.7	258.0	5.5	305.4	-309.4	831.1	8923.4	13859.1	-42.2	
53.70	131.3	11.9	-90.7	-1.7	259.6	5.4	314.1	-301.8	842.7	8983.0	13955.2	-48.9	
53.75	133.9	12.1	-88.9	-1.6	261.8	5.3	326.2	-298.0	856.9	8894.4	14168.7	-51.5	
53.80	136.6	12.1	-89.1	-1.6	262.8	5.3	332.5	-288.1	865.9	8647.6	14410.0	-47.1	
53.85	139.2	12.1	-88.1	-1.6	262.5	5.2	334.6	-271.4	869.1	8323.4	14605.8	-39.6	
53.90	141.9	12.1	-87.2	-1.6	262.9	5.1	342.1	-255.7	874.3	8065.4	14792.0	-37.7	
53.95	144.5	12.3	-92.3	-1.6	265.5	5.0	358.3	-237.4	884.6	7912.9	15080.2	-48.4	
54.00	147.2	12.5	-95.2	-1.7	268.4	4.9	368.4	-233.6	892.4	7730.3	15388.6	-49.6	
54.05	149.8	12.8	-93.7	-1.8	270.3	4.8	370.1	-236.8	893.8	7557.8	15619.1	-42.6	
54.10	152.5	12.9	-91.1	-1.8	269.9	4.8	369.5	-226.4	895.6	7390.1	15684.1	-39.7	
54.15	155.1	12.8	-84.3	-1.7	264.7	4.7	361.9	-213.1	897.7	7017.6	15467.4	-29.3	
54.20	157.8	12.6	-77.8	-1.7	256.7	4.6	353.5	-193.4	900.2	6411.5	15120.7	-20.3	
54.25	160.4	12.5	-71.7	-1.6	248.9	4.5	349.1	-167.0	903.7	5730.2	14807.2	-10.6	
54.30	163.1	12.6	-69.0	-1.5	239.5	4.4	338.5	-147.3	902.9	5002.6	14379.0	-4.3	
54.35	165.7	12.5	-70.2	-1.6	228.2	4.3	320.0	-126.0	901.2	4374.1	13763.1	1.4	
54.40	168.4	12.8	-64.0	-1.8	215.3	4.3	296.6	-100.5	904.5	3814.4	13008.0	15.1	
54.45	171.0	13.4	-49.2	-1.8	202.7	4.2	271.2	-83.9	910.7	3263.3	12251.8	38.7	
54.50	173.7	13.6	-43.4	-1.8	196.0	4.1	259.3	-73.1	914.0	2904.7	11859.9	44.9	
54.55	176.3	13.5	-45.8	-1.8	195.7	4.0	263.7	-68.2	912.5	2694.7	11877.2	34.4	
54.60	178.9	13.4	-48.8	-1.7	197.8	3.9	277.1	-58.9	914.5	2371.2	12078.2	27.6	
54.65	181.6	13.7	-53.1	-1.8	201.0	3.8	294.7	-37.8	922.1	1918.6	12353.3	20.5	
54.70	184.2	14.1	-54.7	-1.7	203.7	3.7	305.1	-21.4	923.9	1524.8	12590.4	11.4	
54.75	186.9	14.4	-55.4	-1.7	204.6	3.6	304.4	-15.7	918.7	1308.0	12687.3	6.8	
54.80	189.5	14.4	-56.8	-1.7	203.7	3.6	300.4	-4.6	916.8	1052.6	12659.0	12.9	
54.85	192.1	14.4	-53.7	-1.7	201.9	3.5	296.6	14.7	919.4	721.5	12554.4	24.5	
54.90	194.8	14.4	-50.0	-1.7	201.2	3.4	294.9	27.3	916.0	513.3	12517.5	22.2	
54.95	197.4	14.3	-46.9	-1.5	200.6	3.3	292.6	28.3	904.3	489.4	12488.4	14.0	
55.00	200.0	14.3	-42.5	-1.3	196.7	3.2	285.0	33.6	897.4	373.1	12219.0	22.4	
55.05	202.6	14.3	-41.3	-1.2	190.7	3.2	274.8	49.8	899.5	93.0	11789.0	39.7	
55.10	205.3	14.0	-44.3	-1.3	187.4	3.1	267.5	65.4	894.2	-209.3	11558.8	45.4	
55.15	207.9	13.9	-47.7	-1.4	188.3	3.1	264.9	79.1	879.7	-463.7	11628.6	36.8	
55.20	210.5	14.0	-49.4	-1.5	190.9	3.0	266.5	98.9	869.2	-858.6	11783.1	33.4	
55.25	213.1	14.4	-50.5	-1.6	192.7	2.9	268.2	121.8	866.5	-1387.3	11847.1	40.9	
55.30	215.7	14.7	-51.1	-1.8	194.3	2.8	268.8	139.9	860.6	-1729.1	11897.3	44.9	
55.35	218.4	14.7	-46.4	-1.9	194.9	2.7	263.7	142.8	847.0	-1909.4	11936.6	46.6	
55.40	221.0	14.1	-38.0	-1.8	195.5	2.6	257.9	144.4	834.1	-2193.8	11958.8	52.9	
55.45	223.6	13.6	-34.0	-1.7	198.1	2.5	261.2	162.0	830.2	-2601.1	12042.7	58.3	
55.50	226.2	13.3	-38.1	-1.6	201.8	2.5	269.1	174.5	825.2	-3018.4	12200.2	58.2	
55.55	228.9	13.3	-49.4	-1.6	206.0	2.4	278.0	175.2	812.0	-3358.3	12425.2	48.8	
55.60	231.5	13.3	-54.2	-1.8	209.8	2.3	287.9	180.9	799.7	-3681.0	12612.1	40.8	
55.65	234.1	13.4	-47.0	-1.7	212.3	2.2	292.4	204.0	795.0	-4162.4	12611.5	43.9	
55.70	236.8	13.9	-40.8	-1.6	213.4	2.1	288.5	230.1	789.4	-4670.7	12491.0	54.0	
55.75	239.4	13.8	-40.2	-1.5	212.2	2.0	277.7	231.3	774.4	-4902.9	12338.1	59.1	
55.80	242.0	13.6	-40.3	-1.4	209.3	2.0	268.4	225.4	759.9	-4919.8	12137.4	59.7	
55.85	244.6	13.1	-44.4	-1.4	207.0	1.9	266.0	240.7	756.1	-4974.0	11903.1	59.9	
55.90	247.2	13.3	-49.1	-1.6	205.9	1.8	264.5	254.3	751.3	-5084.4	11745.2	64.0	
55.95	249.9	13.4	-47.9	-1.8	206.7	1.7	264.5	248.3	735.9	-5076.1	11843.6	64.6	
56.00	252.5	13.6	-41.7	-1.8	208.7	1.7	268.6	237.9	719.7	-4985.9	12073.5	62.8	
56.05	255.1	13.8	-38.0	-1.7	210.8	1.6	273.5	240.1	711.0	-5054.8	12203.3	68.5	
56.10	257.7	13.9	-41.5	-1.7	214.0	1.5	278.9	257.0	702.8	-5224.2	12353.5	74.0	
56.15	260.3	13.9	-39.9	-1.7	218.7	1.4	285.3	264.2	686.2	-5277.5	12704.4	77.4	
56.20	263.0	13.8	-32.8	-1.4	223.6	1.3	293.0	253.9	666.8	-5221.4	13150.3	77.2	
56.25	265.6	13.8	-34.2	-1.1	227.0	1.3	303.2	246.0	654.9	-5130.8	13459.9	73.4	
56.30	268.2	13.8	-45.6	-1.1	228.0	1.2	310.7	247.6	646.8	-4969.2	13586.8	68.6	
56.35	270.8	13.7	-54.1	-1.4	226.9	1.1	308.4	238.8	632.7	-4695.2	13631.0	74.4	
56.40	273.4	13.7	-52.9	-1.7	227.1	1.1	306.0	226.3	615.6	-4357.9	13800.4	82.9	
56.45	276.1	13.7	-38.9	-1.6	230.6	1.0	312.4	228.1	602.3	-4194.4	14119.7	92.5	
56.50	278.7	14.1	-25.2	-1.3	235.9	0.9	323.5	232.4	590.9	-4235.1	14500.6	104.7	
56.55	281.3	14.3	-30.3	-1.0	242.5	0.9	336.8	231.2	576.4	-4202.9	15006.9	103.4	
56.60	283.9	14.5	-44.7	-1.0	248.5	0.8	347.3	224.8	562.1	-4081.3	15505.3	96.1	
56.65	286.5	14.6	-51.2	-1.2	252.7	0.8	349.5	229.1	551.0	-4155.8	15812.6	105.9	
56.70	289.2	14.9	-50.9	-1.5	256.1	0.7	351.6	233.6	541.7	-4243.4	16053.4	117.0	
56.75	291.8	15.1	-48.6	-1.6	260.9	0.6	363.9	222.7	532.4	-4084.6	16457.1	108.8	
56.80	294.4	14.8	-47.4	-1.6	267.1	0.5	385.4	201.8	525.4	-3833.1	16985.1	102.9	
56.85	297.1	14.8	-52.5	-1.7	273.5	0.4	403.5	194.7	518.1	-3773.2	17461.4	98.3	
56.90	299.7	14.9	-49.9	-1.6	279.1	0.4	409.2	202.2	504.7	-3829.7	17865.7	106.6	
56.95	302.3	15.1	-38.6	-1.4	282.7	0.3	403.5	198.5	484.1	-3869.4	18171.3	122.3	
57.00	305.0	15.7	-29.3	-1.1	282.5	0.2	394.5	184.7	469.9	-3869.0	18210.4	140.1	
57.05	307.6	16.0	-27.9	-0.9	280.4	0.2	391.0	185.5	469.6	-3892.5	18054.9	154.6	
57.10	310.2	16.0	-33.8	-0.8	280.1	0.1	389.8	191.5	466.9	-3915.5	18022.5	162.0	
57.15	312.9	16.4	-42.9	-1.0	283.6	0.1	392.4	185.3	452.5	-3722.2	18348.8	157.1	
57.20	315.5	16.6	-41.9	-1.0	289.4	0.0	405.2	174.2	442.2	-3364.5	18849.3	148.5	
57.25	318.1	16.7	-31.7	-0.7	293.0	-0.0	420.6	162.4	442.1	-3051.6	19151.3	146.9	
57.30	320.8	16.6	-34.4	-0.4	294.2	-0.0	430.9	148.4	441.2	-2673.4	19285.3	136.9	
57.35	323.4	16.3	-45.2	-0.3	295.0	-0.1	431.4	132.3	429.7	-2236.8	19424.8	125.8	
57.40	326.1	15.7	-43.8	-0.3	293.3	-0.1	419.5	111.8	418.0	-1912.9	19385.6	140.8	
57.45	328.7	15.4	-36.6	-0.3	290.4	-0.1	411.7	97.2	418.7	-1589.4	19224.8	159.6	
57.50	331.4	15.2	-32.6	-0.1	290.7	-0.1	416.5	86.2	419.1	-1212.3	19270.5	160.3	
57.55	334.0	15.0	136.0	0.1	-295.5	-0.1	429.0	67.6	409.8	-714.4	19640.3	143.3	
57.60	336.7	14.5	130.4	0.2	-301.6	-0.1	442.1	47.0	400.0	-170.8	20093.6	127.0	
57.65	339.3	14.2	126.7	0.4	-304.8	-0.1	449.8	30.4	399.1	407.8	20309.6	116.6	
57.70	342.0	14.0	126.1	0.5	-304.2	-0.1	448.7	14.7	399.7	1049.4	20247.1	111.4	
57.75	344.7	14.1	124.8	0.7	-301.9	-0.0	438.8	-1.2	393.9	1591.6	20070.5	105.3	
57.80	347.3	14.3	125.7	0.9	-301.3	0.0	432.8	-7.9	387.7	1864.8	20025.2	100.8	
57.85	350.0	14.4	122.6	1.1	-304.3	0.1	440.4	-10.3	388.2	1973.3	20224.5	89.1	
57.90	352.7	14.3	110.0	1.1	-309.1	0.1	453.1	-21.3	390.3	2188.4	20522.5	63.4	
57.95	355.3	14.2	101.9	1.1	-312.7	0.2	458.1	-33.7	385.4	2435.7	20760.2	48.6	
58.00	358.0	14.1	107.7	1.1	-313.6	0.2	453.6	-42.1	379.6	2647.0	20820.2	55.5	
58.05	0.7	14.2	119.1	1.3	-312.5	0.3	446.7	-54.6	380.5	2841.0	20725.3	69.9	
58.10	3.4	14.2	122.2	1.6	-312.7	0.4	445.4	-77.1	384.7	3192.7	20681.0	69.9	
58.15	6.1	14.1	117.9	1.8	-315.9	0.4	451.9	-98.2	383.9	3485.5	20848.5	61.6	
58.20	8.7	14.1	114.6	1.8	-316.7	0.5	450.8	-104.8	384.0	3454.9	20914.3	68.0	
58.25	11.4	14.1	110.6	1.8	-318.4	0.6	455.9	-100.2	386.5	3296.2	21055.0	67.4	
58.30	14.1	13.8	109.4	1.8	-321.1	0.7	465.0	-104.2	391.1	3261.9	21230.5	57.9	
58.35	16.8	13.0	108.6	1.8	-321.3	0.8	469.8	-117.9	397.8	3349.3	21209.6	44.4	
58.40	19.5	13.0	106.8	1.9	-317.3	0.9	463.5	-120.6	407.3	3441.5	20891.6	40.6	
58.45	22.2	13.1	106.5	1.9	-311.5	1.0	449.4	-121.6	416.3	3663.9	20443.1	49.1	
58.50	24.9	13.2	104.7	2.0	-308.7	1.1	438.9	-140.3	423.1	4145.2	20144.2	46.0	
58.55	27.5	13.0	104.1	2.1	-309.9	1.2	438.4	-164.9	432.6	4786.4	20064.2	31.1	
58.60	30.2	13.2	108.0	2.3	-312.1	1.3	441.6	-184.5	443.9	5244.5	20077.2	29.9	
58.65	32.9	13.8	100.0	2.4	-315.1	1.4	445.2	-199.6	453.3	5546.2	20199.9	21.9	
58.70	35.6	13.8	84.8	2.1	-320.3	1.5	451.6	-204.9	459.9	5895.7	20478.3	2.7	
58.75	38.3	13.8	80.7	1.9	-326.0	1.6	460.0	-219.1	471.0	6355.9	20744.9	-14.2	
58.80	41.1	13.8	87.8	1.8	-329.5	1.7	464.6	-237.0	485.1	6727.0	20856.0	-18.7	
58.85	43.8	14.0	91.4	1.9	-334.5	1.8	472.7	-243.8	497.0	7115.0	21083.9	-32.7	
58.90	46.5	14.2	85.0	2.0	-340.6	1.9	476.8	-262.4	505.7	7799.6	21287.8	-62.0	
58.95	49.2	14.3	73.6	1.9	-343.3	2.0	468.6	-293.1	513.2	8588.9	21168.7	-81.1	
59.00	51.9	14.0	71.0	1.8	-342.2	2.1	456.6	-306.9	522.6	9163.1	20839.2	-80.2	
59.05	54.6	14.0	78.1	1.8	-340.5	2.2	444.9	-312.2	532.1	9566.4	20529.7	-74.2	
59.10	57.3	14.0	75.3	1.8	-340.7	2.3	436.8	-325.9	537.7	9864.9	20388.2	-85.0	
59.15	60.1	13.8	66.6	1.7	-340.8	2.4	434.4	-332.0	545.2	10011.6	20316.2	-99.7	
59.20	62.8	13.4	66.9	1.6	-338.9	2.4	435.2	-322.6	557.7	9954.4	20191.1	-100.0	
59.25	65.5	13.1	71.1	1.6	-336.8	2.5	435.0	-318.1	570.6	9826.3	20074.2	-90.4	
59.30	68.2	13.2	71.8	1.6	-338.0	2.6	438.9	-321.1	583.1	9866.1	20132.0	-94.9	
59.35	71.0	13.1	77.3	1.8	-340.2	2.7	441.9	-330.1	595.9	9992.7	20219.2	-96.9	
59.40	73.7	13.1	81.1	2.0	-339.8	2.8	439.3	-342.3	607.7	9989.4	20157.1	-81.9	
59.45	76.5	13.1	74.5	1.9	-340.6	2.9	443.8	-347.9	621.9	9972.0	20197.1	-75.0	
59.50	79.2	12.6	70.3	1.7	-343.9	3.0	453.5	-350.8	636.1	10039.4	20402.1	-80.6	
59.55	81.9	12.1	75.2	1.6	-345.5	3.1	457.7	-353.5	645.4	9940.9	20559.4	-79.1	
59.60	84.7	11.7	83.5	1.7	-342.3	3.1	455.3	-348.2	657.6	9636.2	20443.0	-63.8	
59.65	87.4	11.5	91.5	1.9	-336.4	3.2	451.2	-334.8	674.2	9272.6	20141.6	-44.5	
59.70	90.2	11.5	90.4	2.0	-331.0	3.3	445.8	-327.4	691.1	9068.4	19799.5	-36.5	
59.75	92.9	11.7	82.3	2.0	-328.5	3.4	445.4	-324.6	709.5	9080.1	19576.9	-42.1	
59.80	95.6	11.9	82.6	2.0	-326.3	3.5	443.4	-323.1	730.9	9132.9	19358.9	-43.1	
59.85	98.4	12.0	88.8	2.1	-323.2	3.6	434.1	-328.7	748.8	9108.3	19107.6	-34.8	
59.90	101.1	12.1	85.3	2.2	-321.6	3.7	425.8	-333.2	763.5	9248.9	18900.1	-42.2	
59.95	103.9	12.0	76.0	2.2	-320.2	3.8	419.5	-335.2	779.1	9541.5	18634.3	-58.7	
60.00	106.7	11.6	70.0	2.1	-315.4	4.0	407.9	-334.5	794.5	9638.9	18195.0	-62.0	
60.05	109.4	11.4	68.6	2.0	-309.0	4.1	395.4	-333.4	809.6	9560.8	17708.5	-58.6	
60.10	112.2	11.7	71.3	2.0	-303.8	4.2	384.9	-332.4	820.1	9496.9	17312.4	-61.6	
60.15	115.0	11.7	69.7	2.1	-299.0	4.3	375.8	-326.4	828.0	9429.4	16965.0	-69.5	
60.20	117.7	11.6	62.7	2.0	-292.7	4.4	367.3	-313.6	839.0	9257.8	16556.4	-70.4	
60.25	120.5	11.7	60.8	1.9	-286.4	4.5	360.8	-305.3	852.5	9114.0	16112.7	-66.2	
60.30	123.3	11.6	63.1	2.0	-282.0	4.6	356.9	-302.4	863.7	9184.6	15690.4	-70.3	
60.35	126.0	11.6	60.8	2.0	-277.1	4.7	349.0	-305.0	871.1	9306.8	15197.2	-75.8	
60.40	128.8	11.5	56.8	2.0	-269.6	4.8	334.8	-301.8	879.9	9164.1	14650.7	-63.9	
60.45	131.6	11.6	55.8	1.8	-262.1	4.9	321.3	-286.3	890.9	8878.2	14218.4	-49.4	
60.50	134.3	12.0	59.8	1.7	-255.7	4.9	310.5	-271.9	895.5	8526.4	13920.0	-39.5	
60.55	137.1	12.5	63.2	1.7	-249.2	5.0	303.7	-256.9	899.4	8091.5	13654.5	-35.3	
60.60	139.9	12.9	63.9	1.8	-242.2	5.1	300.9	-238.4	913.5	7632.7	13347.4	-32.6	
60.65	142.6	12.9	60.5	1.8	-235.8	5.2	297.6	-229.6	927.2	7171.0	13066.6	-28.9	
60.70	145.4	12.7	52.3	1.6	-231.9	5.3	295.5	-219.4	931.3	6762.4	12973.5	-30.6	
60.75	148.2	12.4	48.6	1.4	-230.3	5.4	298.1	-203.8	933.9	6395.4	13038.8	-35.6	
60.80	151.0	12.2	53.4	1.3	-228.3	5.4	303.5	-193.5	942.1	5953.2	13076.1	-34.6	
60.85	153.7	12.1	55.3	1.4	-226.3	5.5	312.5	-182.7	953.5	5520.3	13091.2	-39.6	
60.90	156.5	12.0	54.7	1.4	-223.1	5.6	314.5	-162.8	957.9	5068.5	13026.6	-43.7	
60.95	159.3	12.1	54.7	1.4	-215.2	5.6	298.8	-147.8	954.8	4466.4	12680.5	-30.1	
61.00	162.0	12.0	51.0	1.3	-204.9	5.7	280.6	-121.5	958.1	3822.8	12157.5	-14.0	
61.05	164.8	11.8	50.1	1.2	-195.5	5.8	268.2	-96.2	968.0	3259.7	11637.4	-4.3	
61.10	167.5	11.6	50.2	1.1	-187.4	5.8	257.5	-82.6	973.0	2805.2	11162.2	-4.3	
61.15	170.3	11.7	45.0	1.0	-180.9	5.9	250.2	-60.0	973.2	2362.7	10804.3	-11.8	
61.20	173.0	11.7	44.3	0.8	-173.6	5.9	238.3	-43.5	975.5	1939.3	10365.9	-4.9	
61.25	175.8	11.8	45.7	0.7	-166.1	6.0	225.6	-39.6	981.3	1695.8	9869.5	4.8	
61.30	178.6	11.7	43.4	0.6	-161.2	6.0	219.0	-28.0	984.0	1581.4	9538.2	1.2	
61.35	181.3	11.7	45.1	0.6	-158.6	6.0	214.9	-11.9	980.2	1302.3	9396.6	-0.4	
61.40	184.1	11.7	45.3	0.6	-157.9	6.1	215.9	2.8	977.5	906.9	9390.6	-3.8	
61.45	186.9	11.8	39.0	0.6	-158.5	6.1	223.8	10.8	980.3	645.2	9435.2	-17.4	
61.50	189.6	11.4	33.0	0.4	-158.4	6.1	230.1	15.0	980.8	419.9	9418.1	-27.2	
61.55	192.4	11.1	29.6	0.2	-156.0	6.1	228.0	26.7	977.5	199.5	9246.2	-29.4	
61.60	195.2	11.0	32.1	0.1	-151.5	6.1	217.5	47.4	973.1	-54.3	8934.8	-22.9	
61.65	197.9	11.3	41.5	0.1	-146.9	6.1	205.2	60.4	969.6	-316.8	8607.6	-11.6	
61.70	200.7	11.4	47.1	0.3	-143.5	6.1	195.9	62.0	965.2	-504.1	8368.3	-6.8	
61.75	203.5	11.3	44.9	0.5	-142.3	6.2	192.2	70.0	957.3	-689.3	8270.1	-8.3	
61.80	206.2	11.0	40.4	0.5	-142.4	6.2	189.8	89.5	946.6	-1021.5	8234.7	-4.8	
61.85	208.9	10.8	37.2	0.4	-143.3	6.2	189.7	110.0	938.5	-1391.8	8230.0	-3.4	
61.90	211.7	10.8	38.5	0.3	-145.2	6.2	193.8	124.9	933.5	-1754.5	8277.2	-6.0	
61.95	214.5	11.0	41.8	0.4	-147.3	6.3	197.6	136.3	927.6	-2202.4	8315.3	-6.0	
62.00	217.2	11.1	39.2	0.3	-148.9	6.3	197.7	146.5	920.7	-2647.7	8299.1	-6.9	
62.05	219.9	11.3	32.5	0.1	-150.3	6.3	194.0	158.2	912.1	-2965.5	8290.4	-14.5	
62.10	222.7	11.3	-55.7	-0.1	152.3	6.3	187.9	176.2	898.6	-3272.5	8328.9	-15.0	
62.15	225.4	11.0	-48.8	-0.1	155.7	6.3	184.2	190.0	883.0	-3638.9	8446.4	-6.2	
62.20	228.2	10.7	-44.9	-0.0	161.3	6.3	191.0	198.4	869.8	-3961.8	8741.0	-4.7	
62.25	230.9	10.7	47.8	0.1	-168.0	6.3	205.1	206.9	859.3	-4239.8	9130.4	-14.2	
62.30	233.6	10.8	-59.2	-0.0	172.1	6.3	212.3	209.9	847.8	-4506.8	9332.2	-20.4	
62.35	236.3	10.8	-65.3	-0.3	172.7	6.3	211.7	218.8	837.1	-4697.1	9284.5	-20.9	
62.40	239.1	10.9	-62.0	-0.5	172.2	6.2	208.7	236.9	828.7	-4876.0	9114.4	-14.9	
62.45	241.8	10.6	-53.3	-0.5	172.4	6.2	205.4	247.6	820.4	-5128.1	8981.2	-6.8	
62.50	244.5	10.3	-49.3	-0.4	173.1	6.2	204.2	246.9	806.9	-5261.0	8980.2	-8.6	
62.55	247.3	9.9	-50.9	-0.3	172.7	6.2	205.9	242.9	790.9	-5197.6	9001.6	-15.0	
62.60	250.0	9.6	-53.3	-0.3	170.9	6.2	206.2	243.0	779.7	-5122.4	8901.6	-13.7	
62.65	252.7	9.5	-57.0	-0.4	168.6	6.1	203.7	247.9	770.9	-5020.8	8758.0	-11.5	
62.70	255.4	9.5	-55.3	-0.5	167.2	6.1	200.2	253.2	758.6	-4903.7	8702.8	-12.6	
62.75	258.2	9.8	-50.4	-0.5	166.5	6.1	194.2	244.3	741.1	-4908.4	8692.5	-10.6	
62.80	260.9	10.2	-53.9	-0.5	166.3	6.1	192.3	240.9	725.2	-4940.8	8688.7	-12.0	
62.85	263.6	10.5	-62.0	-0.7	166.3	6.0	196.7	254.2	714.8	-4927.1	8661.8	-17.5	
62.90	266.3	10.4	-61.7	-1.0	165.4	6.0	197.7	257.8	702.8	-4938.0	8570.7	-12.9	
62.95	269.0	10.5	-52.2	-1.1	164.2	5.9	193.6	251.3	685.5	-4954.8	8502.2	-1.7	
63.00	271.7	10.6	-40.1	-0.9	164.0	5.9	190.7	250.1	668.8	-4948.1	8507.0	6.1	
63.05	274.4	10.2	-37.0	-0.7	163.5	5.9	186.7	246.6	653.3	-4963.1	8490.1	9.4	
63.10	277.1	10.0	-47.3	-0.8	163.0	5.8	186.0	243.9	638.9	-4877.4	8514.1	7.0	
63.15	279.8	10.0	-55.8	-1.0	163.1	5.8	190.8	240.5	623.9	-4660.1	8660.2	0.2	
63.20	282.5	10.2	-53.1	-1.1	165.1	5.7	197.6	234.6	607.0	-4552.2	8905.8	-2.0	
63.25	285.1	10.3	-51.4	-1.1	169.2	5.7	207.1	233.5	589.3	-4610.2	9216.9	-8.3	
63.30	287.8	10.4	-53.7	-1.1	173.1	5.6	215.9	237.4	572.7	-4699.3	9493.0	-14.2	
63.35	290.5	10.6	-56.8	-1.2	175.1	5.6	218.9	234.5	557.0	-4762.3	9640.0	-10.1	
63.40	293.1	10.7	-60.7	-1.4	174.5	5.5	218.5	227.4	543.6	-4663.1	9667.6	-3.8	
63.45	295.8	10.7	-60.1	-1.6	174.2	5.4	221.0	229.2	533.0	-4475.4	9733.9	-3.2	
63.50	298.5	10.6	-52.6	-1.7	175.2	5.3	221.5	223.0	521.2	-4404.7	9873.3	4.2	
63.55	301.1	10.4	-50.5	-1.7	177.6	5.2	221.5	207.6	506.4	-4306.5	10157.7	8.5	
63.60	303.8	10.2	-55.5	-1.9	180.6	5.2	226.2	197.3	491.3	-4070.0	10523.5	4.1	
63.65	306.4	10.2	-58.6	-2.0	182.1	5.1	230.1	189.8	479.8	-3880.5	10727.5	4.0	
63.70	309.1	10.1	-56.5	-2.2	183.5	4.9	236.7	190.5	471.5	-3746.2	10875.0	7.8	
63.75	311.8	10.2	-48.4	-2.1	186.5	4.8	247.6	185.9	462.8	-3590.8	11161.1	11.4	
63.80	314.4	10.3	-43.6	-1.9	190.2	4.7	259.9	166.8	453.7	-3346.8	11536.1	12.8	
63.85	317.1	10.4	-52.6	-1.8	193.9	4.6	272.5	152.3	445.7	-3067.3	11898.6	6.4	
63.90	319.7	10.6	-62.6	-2.0	196.1	4.6	280.2	146.8	439.7	-2720.4	12147.9	4.4	
63.95	322.4	10.8	-62.9	-2.3	196.3	4.4	278.8	136.9	432.3	-2307.2	12270.8	12.2	
64.00	325.0	11.1	-55.5	-2.4	195.4	4.3	273.0	120.1	422.5	-1857.8	12323.4	23.9	
64.05	327.6	11.3	-47.1	-2.4	196.7	4.2	273.9	106.3	411.2	-1464.6	12496.0	28.6	
64.10	330.2	11.1	-44.7	-2.2	199.1	4.1	279.3	93.0	402.2	-1105.4	12721.9	29.0	
64.15	332.9	11.0	-53.4	-2.3	202.7	4.0	288.9	78.6	396.5	-688.2	13010.8	21.7	
64.20	335.5	10.8	-61.9	-2.4	206.3	3.9	296.6	66.4	391.9	-349.5	13290.7	15.5	
64.25	338.1	10.5	-62.6	-2.6	210.0	3.7	302.4	56.6	387.2	-86.8	13567.0	14.6	
64.30	340.7	10.0	-61.5	-2.6	216.8	3.6	313.7	47.7	378.9	140.3	14059.3	14.3	
64.35	343.3	9.7	-64.8	-2.7	225.3	3.5	328.1	32.7	369.8	463.3	14667.3	12.2	
64.40	345.9	9.8	-73.9	-2.9	233.8	3.3	345.2	11.6	364.5	969.1	15244.4	-0.3	
64.45	348.5	10.1	-78.5	-3.0	238.6	3.2	353.3	-11.6	362.3	1507.0	15541.0	-11.3	
64.50	351.1	10.2	-70.5	-3.1	240.5	3.0	349.8	-25.2	353.3	1773.3	15675.0	2.5	
64.55	353.7	9.9	-62.7	-3.0	241.9	2.9	344.3	-32.5	345.5	2020.7	15772.1	16.2	
64.60	356.3	9.8	-61.3	-2.9	242.9	2.7	341.6	-47.2	343.8	2284.5	15821.8	23.3	
64.65	358.9	9.9	-68.6	-3.0	245.5	2.6	346.6	-60.5	346.6	2490.1	15961.7	16.2	
64.70	1.5	10.0	-74.4	-3.1	247.6	2.4	348.4	-65.8	349.7	2738.8	16076.1	8.1	
64.75	4.0	10.0	-68.9	-3.2	248.0	2.3	338.7	-69.6	345.6	2810.5	16124.8	23.1	
64.80	6.6	10.2	-69.4	-3.2	253.0	2.1	341.7	-75.9	341.1	3092.4	16445.2	24.6	
64.85	9.2	10.7	-74.4	-3.3	262.4	2.0	358.3	-93.7	346.0	3677.0	16987.7	12.6	
64.90	11.8	10.2	-80.1	-3.3	272.7	1.8	378.3	-117.8	350.2	4127.4	17605.2	-6.0	
64.95	14.4	9.8	-87.5	-3.3	279.3	1.6	387.2	-128.4	351.1	4438.9	18014.0	-15.3	
65.00	17.0	9.6	-91.7	-3.5	283.3	1.5	387.4	-135.5	346.9	4657.9	18262.8	-9.2	
65.05	19.6	10.1	-90.1	-3.6	287.4	1.3	391.7	-150.8	348.8	4955.8	18475.6	-5.3	
65.10	22.2	10.4	-91.0	-3.7	292.1	1.1	403.2	-161.1	359.4	5247.4	18713.8	-7.9	
65.15	24.8	10.4	-93.2	-3.8	297.5	0.9	415.6	-170.3	365.8	5373.1	19048.4	-13.1	
65.20	27.3	10.8	-85.7	-3.7	301.1	0.7	416.2	-184.4	365.9	5570.6	19257.9	-6.7	
65.25	29.9	11.0	-91.8	-3.6	306.4	0.5	420.6	-200.3	368.8	6005.8	19511.9	-14.0	
65.30	32.5	11.2	-96.5	-3.6	309.4	0.4	421.5	-213.4	378.4	6411.0	19597.1	-21.0	
65.35	35.1	11.6	-96.5	-3.6	310.3	0.2	417.8	-222.9	390.3	6784.5	19531.8	-23.4	
65.40	37.6	11.8	-68.3	-2.9	314.0	0.0	418.1	-237.3	394.0	7130.2	19676.8	-16.1	
65.45	40.2	12.0	-73.0	-2.2	317.3	-0.1	417.8	-253.2	396.3	7355.2	19837.4	-20.3	
65.50	42.7	11.9	-82.3	-1.7	320.0	-0.2	423.5	-251.8	408.0	7423.1	20005.5	-29.3	
65.55	45.3	11.9	-90.3	-1.2	323.6	-0.3	434.3	-246.4	422.3	7488.5	20243.4	-40.6	
65.60	47.9	11.9	-99.4	-0.9	328.5	-0.3	442.2	-258.2	430.8	7724.4	20502.4	-53.0	
65.65	50.4	11.8	-107.6	-0.7	333.5	-0.4	445.3	-275.4	438.3	8072.5	20730.0	-65.8	
65.70	53.0	12.0	-111.0	-0.5	336.3	-0.4	444.0	-285.1	450.3	8323.0	20838.4	-67.1	
65.75	55.5	12.3	-111.6	-0.4	338.6	-0.4	442.5	-295.8	460.8	8505.2	20930.6	-61.1	
65.80	58.1	12.2	-114.9	-0.3	343.5	-0.4	447.0	-309.9	469.9	8864.9	21133.9	-63.3	
65.85	60.7	11.9	-120.1	-0.2	349.5	-0.5	455.5	-322.1	478.5	9211.0	21433.7	-72.0	
65.90	63.2	11.6	-122.1	-0.2	353.4	-0.5	464.1	-327.5	486.0	9254.0	21697.1	-72.8	
65.95	65.8	11.7	-123.0	-0.1	355.2	-0.5	472.4	-326.2	495.5	9147.2	21862.2	-72.3	
66.00	68.4	11.4	-124.5	-0.1	356.0	-0.5	477.8	-328.4	507.3	9206.1	21870.4	-78.8	
66.05	70.9	11.1	-127.8	-0.0	355.3	-0.5	475.7	-335.5	519.2	9476.3	21686.2	-88.7	
66.10	73.5	11.1	78.0	0.0	-352.6	-0.5	465.3	-337.5	531.2	9704.5	21369.1	-89.0	
66.15	76.0	11.0	79.7	0.0	-349.9	-0.5	453.3	-337.6	542.2	9832.5	21106.7	-79.5	
66.20	78.6	11.1	79.9	0.1	-350.0	-0.5	446.7	-343.0	551.3	10003.7	21038.1	-78.3	
66.25	81.2	11.4	77.8	0.1	-353.1	-0.5	448.1	-352.3	560.4	10249.3	21151.5	-88.0	
66.30	83.7	11.4	76.0	0.1	-356.7	-0.5	458.4	-355.5	572.9	10406.6	21330.3	-97.2	
66.35	86.3	11.3	76.4	0.1	-359.1	-0.5	473.1	-354.8	589.6	10417.8	21472.3	-97.7	
66.40	88.9	11.3	76.4	0.1	-361.4	-0.5	485.4	-355.8	603.9	10380.5	21644.2	-99.8	
66.45	91.4	11.3	76.1	0.1	-364.6	-0.5	494.6	-361.0	614.6	10395.3	21863.5	-104.0	
66.50	94.0	11.3	77.5	0.1	-366.3	-0.4	501.5	-364.6	626.7	10350.7	21987.1	-100.5	
66.55	96.6	11.5	81.8	0.1	-365.1	-0.4	502.7	-362.3	642.9	10240.6	21926.3	-84.4	
66.60	99.1	11.5	84.3	0.1	-362.7	-0.4	495.5	-361.3	656.7	10200.7	21749.8	-73.3	
66.65	101.7	11.4	85.4	0.1	-360.2	-0.4	484.6	-360.0	665.0	10192.0	21570.0	-67.1	
66.70	104.2	11.2	86.0	0.1	-355.0	-0.4	470.7	-353.9	674.5	10048.6	21245.7	-59.9	
66.75	106.8	11.7	86.1	0.1	-346.9	-0.4	456.7	-342.8	690.6	9820.2	20717.0	-51.3	
66.80	109.3	11.9	83.5	0.1	-338.9	-0.4	444.9	-332.0	706.9	9661.8	20163.2	-52.1	
66.85	111.9	11.7	79.4	0.1	-331.7	-0.4	431.5	-319.0	717.7	9513.2	19676.6	-55.6	
66.90	114.5	11.5	79.2	0.1	-323.6	-0.4	417.2	-305.9	728.7	9236.6	19183.5	-49.2	
66.95	117.0	11.3	79.4	0.0	-316.3	-0.4	408.5	-301.4	744.9	8973.4	18716.8	-41.8	
67.00	119.6	11.2	77.7	0.0	-311.7	-0.4	404.2	-299.5	760.2	8849.6	18386.2	-43.6	
67.05	122.2	11.1	77.2	0.0	-307.9	-0.4	396.0	-296.3	768.0	8701.0	18158.0	-41.7	
67.10	124.8	11.0	78.2	0.0	-303.6	-0.4	385.3	-288.7	772.9	8450.1	17958.0	-34.4	
67.15	127.4	10.8	79.1	0.0	-300.1	-0.4	380.9	-272.0	783.8	8169.0	17834.1	-27.9	
67.20	130.0	11.3	78.5	0.0	-298.0	-0.4	379.3	-268.0	793.9	7901.2	17779.6	-28.1	
67.25	132.6	11.4	77.6	0.0	-296.6	-0.4	377.4	-268.9	799.8	7700.4	17749.2	-29.7	
67.30	135.1	11.3	76.3	0.0	-294.1	-0.4	375.8	-252.1	807.9	7488.8	17662.1	-31.8	
67.35	137.7	10.8	77.6	0.0	-289.3	-0.4	369.9	-232.4	818.4	7186.2	17437.7	-22.8	
67.40	140.3	10.5	78.2	0.0	-285.5	-0.4	365.8	-223.0	826.8	6955.5	17241.7	-17.0	
67.45	142.9	10.3	75.4	0.0	-284.1	-0.4	369.7	-219.7	835.0	6840.1	17159.0	-25.2	
67.50	145.5	10.1	72.3	0.0	-281.1	-0.4	372.9	-211.5	844.5	6580.8	17018.0	-32.7	
67.55	148.1	10.0	72.1	0.0	-275.8	-0.4	368.5	-194.9	852.4	6141.0	16778.9	-28.0	
67.60	150.7	9.9	71.6	0.0	-271.4	-0.4	363.4	-172.0	855.9	5753.3	16613.3	-25.8	
67.65	153.2	9.7	71.7	0.0	-267.5	-0.4	357.2	-157.9	857.8	5428.4	16440.8	-21.4	
67.70	155.8	9.8	73.3	0.0	-261.8	-0.4	348.9	-156.0	863.5	5039.6	16135.9	-10.2	
67.75	158.4	9.9	72.1	0.0	-255.9	-0.4	345.7	-142.7	871.7	4639.6	15805.1	-8.4	
67.80	161.0	10.0	70.4	0.0	-248.7	-0.4	338.2	-129.1	875.6	4275.9	15374.5	-7.1	
67.85	163.6	9.9	70.7	0.0	-239.3	-0.4	323.3	-119.1	877.8	3898.9	14789.9	3.4	
67.90	166.2	9.7	69.8	0.0	-230.1	-0.4	312.3	-97.9	885.6	3510.4	14218.9	9.7	
67.95	168.8	9.5	68.4	0.0	-222.2	-0.4	303.7	-81.6	890.7	3049.7	13749.7	12.7	
68.00	171.4	9.6	67.1	0.0	-215.3	-0.4	293.4	-72.1	888.4	2563.5	13356.7	14.9	
68.05	173.9	9.6	65.7	0.0	-209.8	-0.4	286.5	-50.1	888.3	2111.9	13045.6	15.8	
68.10	176.5	9.6	66.8	0.0	-203.7	-0.4	277.1	-26.8	890.4	1614.4	12682.6	25.5	
68.15	179.1	9.9	67.4	0.0	-198.7	-0.4	268.9	-13.7	892.0	1190.1	12377.4	32.7	
68.20	181.7	9.9	64.5	0.0	-197.5	-0.4	270.6	1.6	892.7	896.8	12304.2	24.0	
68.25	184.3	9.7	63.3	0.0	-197.2	-0.4	273.7	7.6	893.9	546.2	12292.3	20.2	
68.30	187.0	9.4	64.3	0.0	-197.0	-0.4	277.7	14.7	898.6	173.4	12276.1	23.8	
68.35	189.6	9.4	64.1	0.0	-197.7	-0.4	283.6	32.5	903.1	-86.4	12301.6	22.4	
68.40	192.2	9.4	64.9	0.0	-197.3	-0.4	281.4	41.4	899.1	-393.0	12267.9	25.6	
68.45	194.8	9.4	66.5	0.0	-195.9	-0.4	274.4	53.8	892.3	-736.1	12170.4	32.4	
68.50	197.4	9.5	67.9	0.0	-194.4	-0.4	267.8	69.9	889.4	-1041.5	12043.2	38.5	
68.55	200.0	9.4	69.8	0.0	-192.7	-0.4	259.6	74.1	885.9	-1272.4	11912.3	46.8	
68.60	202.6	9.1	69.2	0.0	-193.4	-0.4	258.1	86.7	880.6	-1388.6	11949.2	44.3	
68.65	205.2	9.4	69.4	0.0	-195.4	-0.4	259.7	104.2	875.3	-1600.0	12056.3	42.8	
68.70	207.8	9.7	70.7	0.0	-196.8	-0.4	261.4	111.2	873.4	-1895.5	12110.2	46.1	
68.75	210.4	10.1	69.7	0.0	-199.6	-0.4	270.5	122.6	873.0	-2109.9	12252.7	39.6	
68.80	213.0	10.1	68.5	0.0	-203.0	-0.4	279.8	135.9	867.2	-2315.3	12439.1	32.1	
68.85	215.6	10.3	70.7	0.0	-204.7	-0.4	280.4	143.9	856.0	-2573.7	12516.5	38.2	
68.90	218.2	10.3	73.0	0.0	-205.7	-0.4	279.8	155.5	846.3	-2766.8	12551.1	45.0	
68.95	220.8	10.0	74.9	0.0	-206.2	-0.4	277.1	160.6	837.6	-2895.6	12563.0	50.8	
69.00	223.4	10.4	76.8	0.0	-206.4	-0.4	270.1	163.0	827.0	-3072.3	12562.2	57.4	
69.05	226.0	10.9	79.4	0.0	-208.4	-0.4	265.9	179.3	815.0	-3372.8	12633.5	64.2	
69.10	228.6	11.6	84.3	0.0	-211.5	-0.4	264.9	197.9	804.6	-3787.5	12737.9	77.9	
69.15	231.2	11.4	85.9	0.0	-215.7	-0.4	273.7	208.0	797.3	-4100.2	12944.0	79.2	
69.20	233.8	11.4	84.9	0.0	-221.1	-0.4	293.7	216.4	792.5	-4223.8	13273.0	70.4	
69.25	236.4	11.4	85.3	0.0	-225.4	-0.4	306.9	221.1	784.2	-4398.1	13523.1	67.5	
69.30	239.0	11.3	88.1	0.0	-228.1	-0.4	305.6	228.7	771.4	-4683.1	13641.5	74.4	
69.35	241.6	11.4	90.6	0.0	-229.4	-0.4	297.9	241.0	758.6	-4877.7	13683.9	81.7	
69.40	244.2	11.6	92.3	0.0	-229.2	-0.4	291.2	244.7	749.6	-4930.6	13661.5	87.7	
69.45	246.8	12.3	94.8	0.0	-229.1	-0.4	289.0	241.0	741.9	-4992.7	13652.1	96.3	
69.50	249.4	12.8	95.8	0.0	-232.3	-0.4	294.6	243.5	732.4	-5144.1	13844.4	96.4	
69.55	252.0	12.9	94.9	0.0	-238.2	-0.4	304.6	254.0	720.5	-5347.9	14210.8	87.7	
69.60	254.7	12.5	94.8	0.0	-243.6	-0.4	313.0	262.7	708.4	-5578.4	14536.5	81.8	
69.65	257.3	12.2	96.6	0.0	-246.5	-0.4	318.7	268.7	696.6	-5771.1	14680.7	85.0	
69.70	259.9	11.9	99.0	0.0	-246.6	-0.4	319.7	270.3	685.5	-5875.5	14647.6	93.2	
69.75	262.5	11.7	99.3	0.0	-244.3	-0.4	313.7	265.6	673.8	-5863.2	14494.5	96.7	
69.80	265.1	11.7	99.1	0.0	-241.8	-0.4	307.3	266.3	661.3	-5778.3	14349.3	98.3	
69.85	267.7	11.6	100.4	0.0	-240.0	-0.4	303.4	269.4	650.1	-5716.7	14246.8	104.6	
69.90	270.4	11.3	100.6	0.0	-238.7	-0.4	301.5	260.4	638.7	-5613.9	14210.2	106.5	
69.95	273.0	11.0	97.1	0.0	-238.2	-0.4	303.3	255.6	623.8	-5418.2	14266.2	95.0	
70.00	275.6	11.0	96.5	0.0	-237.4	-0.4	301.4	261.3	608.1	-5368.2	14223.1	93.9	
70.05	278.2	11.3	100.6	0.0	-235.2	-0.4	292.7	265.5	595.5	-5465.5	14032.1	110.1	
70.10	280.8	11.5	100.4	0.0	-234.1	-0.4	290.1	262.9	582.1	-5368.2	14004.9	110.6	
70.15	283.4	11.4	96.0	0.0	-234.7	-0.4	296.8	254.5	567.2	-5155.1	14143.9	94.8	
70.20	286.0	11.2	92.2	0.0	-235.2	-0.4	305.1	247.3	556.3	-5061.2	14222.9	81.2	
70.25	288.6	11.4	90.7	0.0	-235.9	-0.4	313.1	249.1	548.2	-4997.2	14280.5	75.3	
70.30	291.3	11.3	90.3	0.0	-236.0	-0.4	314.2	242.5	535.3	-4848.4	14363.3	74.0	
70.35	293.9	11.2	90.2	0.0	-234.1	-0.4	306.0	226.2	517.9	-4583.5	14364.4	75.6	
70.40	296.5	11.3	91.2	0.0	-230.3	-0.4	294.2	217.9	502.8	-4396.3	14177.4	82.7	
70.45	299.1	11.3	93.8	0.0	-227.0	-0.4	285.2	220.3	491.7	-4430.5	13928.3	95.1	
70.50	301.7	11.4	95.0	0.0	-226.3	-0.4	283.8	218.1	480.3	-4450.7	13889.1	99.7	
70.55	304.4	11.9	91.8	0.0	-228.6	-0.4	293.5	208.4	467.9	-4279.1	14129.2	86.5	
70.60	307.0	11.9	88.1	0.0	-232.0	-0.4	308.2	204.4	459.9	-4174.6	14400.5	70.6	
70.65	309.6	11.8	87.3	0.0	-233.9	-0.4	316.8	207.4	455.5	-4230.8	14511.1	65.6	
70.70	312.2	11.9	86.6	0.0	-233.8	-0.4	317.7	205.1	446.7	-4146.7	14533.6	63.6	
70.75	314.8	12.1	84.4	0.0	-232.0	-0.4	314.7	188.4	433.8	-3781.6	14540.0	57.8	
70.80	317.5	12.2	84.2	0.0	-229.3	-0.4	309.6	170.7	425.3	-3502.3	14446.0	59.8	
70.85	320.1	12.2	86.2	0.0	-226.9	-0.4	304.8	166.5	420.2	-3434.4	14301.4	68.8	
70.90	322.7	11.9	85.8	0.0	-226.2	-0.4	304.6	159.6	409.1	-3272.3	14304.0	68.5	
70.95	325.3	11.5	82.6	0.0	-227.3	-0.4	311.2	143.2	396.5	-2980.2	14461.5	56.4	
71.00	327.9	11.4	80.2	0.0	-228.4	-0.4	322.0	132.3	395.1	-2760.9	14574.7	47.0	
71.05	330.5	11.4	80.3	0.0	-228.4	-0.4	327.7	126.4	397.7	-2660.2	14582.6	47.3	
71.10	333.2	11.3	82.1	0.0	-228.5	-0.4	326.5	114.4	388.8	-2486.8	14645.1	53.4	
71.15	335.8	11.2	82.2	0.0	-229.9	-0.4	327.5	97.4	375.6	-2103.0	14831.2	52.3	
71.20	338.4	11.0	81.2	0.0	-232.4	-0.4	337.4	80.3	374.3	-1560.6	15079.7	46.4	
71.25	341.0	11.1	80.0	0.0	-236.5	-0.4	350.1	61.9	377.6	-1026.4	15405.3	38.1	
71.30	343.6	11.6	79.5	0.0	-242.2	-0.4	358.3	44.7	370.1	-533.1	15852.7	30.7	
71.35	346.2	11.3	80.5	0.0	-248.9	-0.4	364.7	33.3	356.4	-189.5	16362.8	27.6	
71.40	348.8	11.1	82.5	0.0	-253.8	-0.4	371.9	25.6	354.5	35.5	16715.5	29.6	
71.45	351.4	11.2	84.0	0.0	-258.2	-0.4	383.2	16.5	362.7	360.7	17007.5	30.1	
71.50	354.0	11.3	86.0	0.0	-260.8	-0.4	384.9	-1.6	364.4	761.4	17187.3	34.3	
71.55	356.6	11.2	89.1	0.0	-262.5	-0.4	379.7	-19.9	358.2	1111.3	17319.2	43.4	
71.60	359.2	11.0	89.2	0.0	-266.1	-0.4	381.5	-26.1	355.4	1382.8	17569.8	40.0	
71.65	1.8	10.9	86.2	0.0	-271.2	-0.4	391.2	-42.4	359.8	1861.9	17874.9	24.8	
71.70	4.4	10.8	85.5	0.0	-274.6	-0.4	394.3	-73.1	361.9	2448.6	18043.6	18.7	
71.75	7.1	10.7	85.8	0.0	-275.7	-0.4	389.4	-88.8	359.4	2883.5	18063.6	18.7	
71.80	9.7	10.9	86.9	0.0	-276.4	-0.4	385.8	-89.8	356.4	3095.0	18096.2	22.0	
71.85	12.3	10.9	87.7	0.0	-279.5	-0.4	392.1	-98.0	358.6	3331.4	18267.9	21.5	
71.90	14.9	11.0	84.9	0.0	-283.8	-0.4	403.6	-114.6	369.6	3779.5	18458.2	7.6	
71.95	17.6	11.3	82.7	0.0	-288.3	-0.4	414.7	-127.7	376.1	3998.5	18709.6	-4.3	
72.00	20.2	11.5	83.9	0.0	-290.1	-0.4	414.2	-129.0	376.7	3968.9	18857.2	-2.2	
72.05	22.8	11.5	84.4	0.0	-293.5	-0.4	415.8	-127.5	378.7	4104.2	19090.0	-3.8	
72.10	25.4	11.0	84.8	0.0	-299.3	-0.4	423.9	-147.9	385.3	4528.9	19395.0	-8.2	
72.15	28.0	10.8	83.5	0.0	-305.0	-0.4	433.6	-175.0	394.7	5020.5	19652.6	-18.5	
72.20	30.7	10.7	82.7	0.0	-309.2	-0.4	439.9	-184.0	400.9	5327.1	19873.3	-25.5	
72.25	33.3	10.6	83.4	0.0	-309.5	-0.4	431.5	-194.0	402.7	5521.3	19853.0	-23.3	
72.30	35.9	10.6	81.8	0.0	-309.3	-0.4	424.1	-210.4	407.5	5825.4	19744.5	-28.4	
72.35	38.5	10.6	78.3	0.0	-308.9	-0.4	425.4	-216.0	422.3	6066.1	19612.7	-40.0	
72.40	41.2	10.8	78.2	0.0	-306.5	-0.4	423.7	-219.9	438.1	6100.7	19399.1	-38.0	
72.45	43.8	10.7	77.7	0.0	-304.3	-0.4	414.5	-227.4	446.9	6179.9	19206.0	-37.4	
72.50	46.4	10.5	76.2	0.0	-304.6	-0.4	405.8	-238.5	449.8	6464.8	19145.5	-42.9	
72.55	49.0	10.3	74.8	0.0	-305.5	-0.4	401.6	-250.8	459.7	6846.4	19065.1	-48.9	
72.60	51.6	10.1	75.5	0.0	-304.1	-0.4	395.2	-260.6	476.1	7189.6	18813.8	-45.1	
72.65	54.3	10.0	72.6	0.0	-305.5	-0.4	393.0	-271.9	487.4	7645.7	18719.6	-56.3	
72.70	56.9	10.1	68.3	0.0	-307.9	-0.4	388.0	-289.7	493.7	8146.9	18679.9	-73.5	
72.75	59.5	9.9	67.6	0.0	-306.4	-0.4	378.2	-298.8	502.4	8332.8	18471.7	-74.3	
72.80	62.2	9.9	66.1	0.0	-304.2	-0.4	377.4	-290.2	518.4	8389.8	18274.9	-77.3	
72.85	64.8	10.0	63.1	0.0	-304.6	-0.4	382.1	-296.6	531.9	8647.7	18144.7	-87.9	
72.90	67.5	10.0	61.0	0.0	-305.7	-0.4	383.9	-315.5	539.0	8935.4	18051.1	-96.1	
72.95	70.1	9.6	60.0	0.0	-305.3	-0.4	383.1	-313.7	547.6	9028.3	17967.5	-99.3	
73.00	72.8	9.1	60.6	0.0	-303.2	-0.4	378.5	-310.5	558.3	9013.7	17803.8	-95.3	
73.05	75.4	8.6	59.9	0.0	-302.1	-0.4	371.8	-323.9	568.0	9210.7	17589.1	-96.6	
73.10	78.0	8.7	58.6	0.0	-301.7	-0.4	366.9	-331.9	579.3	9481.9	17396.6	-100.5	
73.15	80.7	9.0	61.3	0.0	-298.3	-0.4	358.1	-329.4	591.9	9459.0	17131.3	-87.7	
73.20	83.3	9.1	63.6	0.0	-295.0	-0.4	349.4	-320.6	604.4	9288.3	16973.9	-76.6	
73.25	85.9	9.3	62.4	0.0	-294.4	-0.4	346.0	-316.3	616.2	9170.5	16989.4	-80.1	
73.30	88.6	9.6	63.2	0.0	-293.7	-0.4	346.1	-325.3	626.7	9023.2	16981.1	-76.7	
73.35	91.2	9.7	65.0	0.0	-292.3	-0.4	351.0	-322.3	642.2	8876.5	16921.4	-69.3	
73.40	93.8	9.8	64.0	0.0	-292.7	-0.4	358.3	-306.9	659.0	8780.7	17001.8	-72.8	
73.45	96.5	9.8	64.8	0.0	-293.4	-0.4	358.4	-311.3	667.7	8648.5	17117.1	-70.8	
73.50	99.1	9.7	65.9	0.0	-293.9	-0.4	359.3	-320.0	678.8	8546.5	17177.9	-67.8	
73.55	101.7	9.9	65.9	0.0	-293.1	-0.4	364.1	-315.1	699.1	8490.0	17118.5	-66.9	
73.60	104.4	9.7	66.1	0.0	-290.0	-0.4	362.4	-311.8	716.9	8374.0	16908.4	-63.1	
73.65	107.0	9.1	65.3	0.0	-287.1	-0.4	356.3	-305.1	730.7	8338.1	16699.7	-62.9	
73.70	109.6	8.7	66.0	0.0	-284.5	-0.4	348.3	-296.5	745.4	8282.7	16532.5	-57.8	
73.75	112.3	9.1	70.0	0.0	-282.0	-0.4	340.7	-294.2	756.4	8050.7	16451.2	-41.7	
73.80	114.9	9.6	71.3	0.0	-283.2	-0.4	343.7	-294.6	765.8	7972.0	16574.6	-38.6	
73.85	117.5	9.2	70.2	0.0	-287.1	-0.4	354.8	-294.5	778.1	8121.9	16792.7	-46.0	
73.90	120.2	9.6	70.8	0.0	-288.9	-0.4	363.6	-289.6	791.0	8115.9	16926.5	-45.8	
73.95	122.8	9.8	71.1	0.0	-289.9	-0.4	371.9	-276.8	803.3	7919.4	17090.3	-45.7	
74.00	125.5	9.8	69.2	0.0	-292.4	-0.4	381.5	-266.2	815.2	7755.5	17361.2	-54.8	
74.05	128.1	9.5	69.1	0.0	-294.0	-0.4	385.2	-265.8	823.9	7633.9	17533.9	-56.7	
74.10	130.8	9.3	72.6	0.0	-293.3	-0.4	382.1	-262.3	836.4	7525.2	17523.2	-44.0	
74.15	133.4	9.3	75.4	0.0	-291.6	-0.4	375.5	-245.1	848.5	7395.0	17475.0	-32.7	
74.20	136.1	9.5	77.6	0.0	-290.8	-0.4	368.1	-240.7	851.6	7233.1	17503.2	-24.5	
74.25	138.8	9.6	77.2	0.0	-292.3	-0.4	371.1	-241.7	854.5	7075.0	17683.0	-27.2	
74.30	141.4	9.7	76.2	0.0	-293.7	-0.4	382.7	-232.3	864.3	6835.2	17862.7	-32.1	
74.35	144.1	9.3	75.8	0.0	-292.1	-0.4	389.6	-223.4	875.3	6526.2	17840.0	-31.9	
74.40	146.7	9.3	73.8	0.0	-288.8	-0.4	389.7	-203.5	883.5	6239.6	17694.8	-35.5	
74.45	149.4	9.4	74.2	0.0	-281.9	-0.4	375.9	-180.7	889.8	5835.6	17349.1	-27.3	
74.50	152.0	9.3	78.6	0.0	-271.5	-0.4	351.4	-166.4	896.3	5277.6	16784.9	-1.6	
74.55	154.7	9.1	80.0	0.0	-262.8	-0.4	334.4	-154.9	903.9	4871.0	16273.4	11.8	
74.60	157.3	8.9	77.2	0.0	-257.7	-0.4	330.2	-137.6	909.6	4594.9	15982.2	7.2	
74.65	160.0	9.2	75.3	0.0	-253.4	-0.4	328.8	-125.4	914.5	4238.6	15756.4	5.1	
74.70	162.7	9.3	73.8	0.0	-249.8	-0.4	330.9	-107.9	922.3	3817.9	15590.4	3.4	
74.75	165.3	9.5	72.5	0.0	-246.4	-0.4	330.8	-93.3	928.3	3411.4	15425.7	2.6	
74.80	168.0	9.8	73.0	0.0	-241.8	-0.4	324.3	-89.7	929.1	3008.8	15173.8	8.8	
74.85	170.7	9.8	73.0	0.0	-236.5	-0.4	318.3	-69.5	933.6	2604.3	14869.6	14.3	
74.90	173.3	9.9	74.1	0.0	-230.1	-0.4	309.5	-44.2	941.4	2153.0	14490.1	24.2	
74.95	176.0	10.2	75.4	0.0	-225.9	-0.4	302.8	-30.8	941.6	1687.4	14254.4	33.1	
75.00	178.7	10.3	74.4	0.0	-226.2	-0.4	307.6	-19.6	938.1	1364.6	14302.5	29.3	
75.05	181.3	10.5	74.8	0.0	-226.8	-0.4	313.6	-11.6	936.6	1033.1	14358.9	30.0	
75.10	184.0	11.0	76.5	0.0	-225.7	-0.4	314.8	-6.1	937.6	750.7	14288.1	37.1	
75.15	186.7	10.9	74.8	0.0	-224.0	-0.4	314.8	13.8	939.5	662.4	14166.9	32.8	
75.20	189.4	10.8	74.6	0.0	-220.6	-0.4	306.9	26.4	936.1	504.4	13932.0	35.7	
75.25	192.1	10.7	76.3	0.0	-214.9	-0.4	293.3	29.8	932.5	205.1	13551.1	47.0	
75.30	194.7	10.8	76.2	0.0	-211.5	-0.4	290.0	45.1	932.3	-113.2	13300.5	50.0	
75.35	197.4	10.9	75.8	0.0	-209.8	-0.4	288.8	60.1	927.7	-454.2	13160.9	50.3	
75.40	200.1	11.0	76.4	0.0	-208.4	-0.4	284.5	72.2	919.3	-719.2	13058.2	53.7	
75.45	202.8	11.2	75.7	0.0	-209.0	-0.4	286.9	90.1	914.8	-869.7	13071.5	51.0	
75.50	205.5	11.2	76.1	0.0	-209.3	-0.4	289.5	92.2	911.7	-1060.4	13075.8	52.0	
75.55	208.1	11.2	74.3	0.0	-209.7	-0.4	292.0	87.4	906.7	-1180.3	13095.5	45.4	
75.60	210.8	11.1	71.2	0.0	-211.1	-0.4	296.1	101.6	898.6	-1291.9	13178.5	33.3	
75.65	213.5	11.0	72.6	0.0	-210.7	-0.4	291.0	119.1	888.8	-1632.6	13113.4	38.6	
75.70	216.1	11.0	76.1	0.0	-210.4	-0.4	285.7	139.7	881.5	-2119.5	13011.7	50.7	
75.75	218.8	10.8	76.8	0.0	-212.5	-0.4	288.1	157.4	874.5	-2563.3	13070.7	51.2	
75.80	221.5	10.6	77.5	0.0	-214.9	-0.4	288.4	162.9	863.2	-2992.9	13167.4	51.0	
75.85	224.2	10.4	78.4	0.0	-216.3	-0.4	286.0	175.1	853.0	-3359.9	13183.0	52.7	
75.90	226.8	10.7	80.0	0.0	-216.7	-0.4	283.9	197.3	846.1	-3622.6	13115.8	57.8	
75.95	229.5	10.5	81.2	0.0	-216.9	-0.4	280.3	209.9	836.7	-3893.5	13045.6	62.0	
76.00	232.1	10.1	80.5	0.0	-217.5	-0.4	279.1	208.1	822.3	-4090.1	13056.2	59.0	
76.05	234.8	9.9	79.8	0.0	-219.1	-0.4	283.6	211.3	808.9	-4295.5	13110.4	54.8	
76.10	237.5	10.1	81.9	0.0	-220.4	-0.4	283.6	226.1	798.7	-4665.6	13065.6	60.7	
76.15	240.1	10.2	84.3	0.0	-222.1	-0.4	280.5	247.2	787.8	-5057.3	13029.6	67.4	
76.20	242.8	10.1	84.2	0.0	-223.9	-0.4	278.1	257.9	774.7	-5358.6	13056.2	65.3	
76.25	245.5	9.9	84.5	0.0	-224.4	-0.4	276.1	254.1	762.9	-5605.5	13013.8	65.8	
76.30	248.1	9.8	85.7	0.0	-225.2	-0.4	278.7	264.2	757.7	-5863.3	12938.7	69.1	
76.35	250.8	9.9	88.1	0.0	-225.1	-0.4	276.6	270.2	748.6	-6015.3	12864.6	77.2	
76.40	253.5	9.5	89.4	0.0	-224.8	-0.4	271.9	265.4	730.8	-5895.6	12930.4	81.9	
76.45	256.1	9.2	89.8	0.0	-226.7	-0.4	277.1	265.4	715.7	-5698.6	13174.9	81.4	
76.50	258.8	9.0	92.4	0.0	-230.3	-0.4	288.1	263.9	708.4	-5751.7	13429.4	86.9	
76.55	261.5	8.9	92.7	0.0	-234.1	-0.4	299.9	258.9	700.1	-5756.2	13734.5	84.1	
76.60	264.1	9.1	90.1	0.0	-238.1	-0.4	309.6	262.2	686.0	-5575.0	14112.2	71.4	
76.65	266.8	9.4	91.9	0.0	-239.8	-0.4	310.0	262.5	672.2	-5516.7	14283.0	75.6	
76.70	269.4	9.5	95.2	0.0	-240.8	-0.4	312.2	270.4	664.3	-5551.5	14334.6	85.9	
76.75	272.1	9.6	93.0	0.0	-243.6	-0.4	324.7	276.5	654.8	-5445.7	14571.7	75.7	
76.80	274.7	9.7	89.4	0.0	-245.8	-0.4	335.1	260.1	639.0	-5251.3	14839.9	61.2	
76.85	277.4	9.7	87.7	0.0	-247.5	-0.4	343.0	247.2	623.9	-5068.2	15055.0	53.4	
76.90	280.1	10.0	89.9	0.0	-248.2	-0.4	343.1	251.0	611.8	-4964.2	15149.9	60.5	
76.95	282.7	10.3	95.9	0.0	-246.0	-0.4	327.3	243.5	594.9	-4902.3	15058.6	83.2	
77.00	285.4	10.4	98.2	0.0	-242.7	-0.4	311.2	234.6	576.0	-4756.7	14914.1	94.5	
77.05	288.0	10.4	96.8	0.0	-240.5	-0.4	306.2	239.4	563.6	-4737.8	14763.9	91.9	
77.10	290.7	10.3	99.8	0.0	-239.5	-0.4	304.7	242.8	556.0	-4982.0	14605.5	103.0	
77.15	293.4	10.3	100.2	0.0	-240.6	-0.4	305.1	243.5	541.9	-5134.0	14651.7	103.4	
77.20	296.0	10.0	98.7	0.0	-242.9	-0.4	306.0	247.9	522.3	-5136.4	14833.8	96.0	
77.25	298.7	9.9	99.6	0.0	-242.9	-0.4	304.5	246.8	508.8	-5253.8	14815.6	99.1	
77.30	301.4	10.0	100.5	0.0	-241.8	-0.4	308.8	245.2	505.8	-5284.3	14708.0	103.1	
77.35	304.0	9.6	98.0	0.0	-241.3	-0.4	318.1	230.8	503.5	-4983.0	14782.2	95.0	
77.40	306.7	9.4	95.7	0.0	-241.7	-0.4	320.5	205.3	492.1	-4652.5	14963.2	86.7	
77.45	309.4	9.4	96.1	0.0	-243.1	-0.4	320.3	201.9	478.7	-4572.4	15118.4	86.9	
77.50	312.1	9.5	95.9	0.0	-244.8	-0.4	323.7	212.9	471.5	-4606.4	15217.6	84.4	
77.55	314.7	9.3	94.0	0.0	-244.0	-0.4	324.2	202.3	464.1	-4495.8	15209.8	78.8	
77.60	317.4	9.0	90.0	0.0	-241.3	-0.4	324.6	181.2	455.3	-4168.2	15133.3	67.6	
77.65	320.1	9.2	87.4	0.0	-237.9	-0.4	323.7	174.2	450.0	-3893.0	14959.8	62.1	
77.70	322.8	9.1	89.2	0.0	-233.2	-0.4	316.0	169.3	447.3	-3745.9	14655.4	73.1	
77.75	325.5	9.1	87.9	0.0	-230.4	-0.4	316.3	156.2	441.6	-3273.8	14572.2	71.3	
77.80	328.1	9.3	81.9	0.0	-229.1	-0.4	320.4	128.4	434.3	-2614.7	14631.6	52.2	
77.85	330.8	9.3	81.5	0.0	-226.4	-0.4	317.1	105.2	429.3	-2128.4	14544.9	53.3	
77.90	333.5	9.4	79.5	0.0	-225.5	-0.4	316.7	105.6	424.1	-1742.5	14532.7	47.3	
77.95	336.1	9.5	78.2	0.0	-225.7	-0.4	311.5	100.4	410.7	-1428.9	14612.3	42.7	
78.00	338.8	9.3	77.7	0.0	-226.9	-0.4	306.6	82.4	398.0	-1114.9	14768.4	39.8	
78.05	341.5	9.1	76.8	0.0	-230.4	-0.4	314.4	74.9	396.8	-859.8	15038.0	33.2	
78.10	344.1	9.1	76.8	0.0	-231.9	-0.4	318.7	63.9	399.9	-593.5	15150.3	31.8	
78.15	346.8	9.1	75.3	0.0	-231.2	-0.4	314.4	44.7	393.7	-197.9	15138.0	27.3	
78.20	349.5	9.3	73.5	0.0	-231.1	-0.4	310.7	32.5	384.7	214.2	15151.7	21.1	
78.25	352.2	9.6	75.8	0.0	-229.2	-0.4	303.5	11.2	385.5	625.5	15020.0	31.1	
78.30	354.8	10.0	77.2	0.0	-229.1	-0.4	302.0	-12.7	383.7	931.9	15001.6	35.8	
78.35	357.5	10.2	75.3	0.0	-229.6	-0.4	300.8	-26.5	376.1	1254.0	15027.9	29.0	
78.40	0.1	10.4	73.4	0.0	-229.8	-0.4	298.6	-34.2	368.6	1329.8	15040.8	22.1	
78.45	2.8	10.7	74.2	0.0	-228.5	-0.4	297.7	-35.7	372.9	1374.5	14937.1	26.1	
78.50	5.5	10.9	72.6	0.0	-227.3	-0.4	299.7	-36.0	383.5	1548.6	14818.4	21.9	
78.55	8.2	11.1	70.4	0.0	-227.0	-0.4	299.0	-51.7	386.4	1824.0	14755.0	14.7	
78.60	10.8	11.2	69.8	0.0	-227.9	-0.4	298.2	-72.5	386.5	2215.1	14759.0	11.8	
78.65	13.5	11.5	71.4	0.0	-230.9	-0.4	302.8	-78.1	392.3	2483.6	14928.4	14.2	
78.70	16.2	11.9	70.6	0.0	-235.2	-0.4	307.8	-84.4	401.1	2791.0	15180.2	7.1	
78.75	18.9	11.8	68.5	0.0	-245.5	-0.4	326.1	-106.2	399.0	3271.7	15805.8	-10.1	
78.80	21.5	11.7	67.1	0.0	-256.0	-0.4	346.3	-126.5	399.3	3631.2	16469.2	-25.6	
78.85	24.2	11.6	68.9	0.0	-262.6	-0.4	360.4	-135.2	411.1	3811.0	16880.3	-26.1	
78.90	26.9	11.3	70.5	0.0	-266.3	-0.4	363.9	-139.3	421.2	3959.9	17111.7	-24.4	
78.95	29.6	11.0	72.3	0.0	-270.4	-0.4	362.3	-154.7	422.3	4397.9	17312.2	-22.2	
79.00	32.3	10.8	74.1	0.0	-274.3	-0.4	361.4	-177.0	425.6	4899.8	17455.5	-20.0	
79.05	34.9	11.1	75.8	0.0	-276.2	-0.4	362.4	-185.0	437.8	5086.3	17531.0	-15.9	
79.10	37.6	11.7	74.3	0.0	-278.6	-0.4	364.6	-188.4	449.1	5312.4	17633.3	-23.7	
79.15	40.3	12.0	72.1	0.0	-283.3	-0.4	368.4	-210.6	449.4	5701.3	17837.8	-35.6	
79.20	43.0	11.8	71.4	0.0	-285.9	-0.4	370.6	-230.7	453.7	6133.8	17860.5	-40.8	
79.25	45.6	11.7	71.8	0.0	-285.0	-0.4	372.6	-229.6	473.6	6480.0	17649.4	-38.7	
79.30	48.3	11.7	72.6	0.0	-282.0	-0.4	364.3	-235.0	490.9	6752.5	17295.5	-32.9	
79.35	51.0	11.6	73.1	0.0	-282.5	-0.4	355.6	-252.9	496.0	7147.0	17170.3	-31.6	
79.40	53.6	11.5	70.5	0.0	-287.2	-0.4	357.3	-268.1	502.7	7591.5	17327.8	-45.1	
79.45	56.3	11.6	69.0	0.0	-292.4	-0.4	368.3	-275.0	518.8	7842.2	17591.7	-55.6	
79.50	59.0	11.8	68.5	0.0	-298.4	-0.4	383.7	-278.7	536.2	7989.6	17957.7	-63.1	
79.55	61.7	11.6	67.8	0.0	-305.1	-0.4	392.7	-291.1	547.2	8220.2	18359.0	-72.4	
79.60	64.4	11.5	67.0	0.0	-310.9	-0.4	395.5	-309.8	553.8	8451.0	18686.2	-81.0	
79.65	67.1	11.3	66.3	0.0	-313.5	-0.4	397.9	-314.3	567.2	8578.5	18821.7	-85.9	
79.70	69.8	11.2	66.8	0.0	-313.1	-0.4	397.1	-312.2	584.0	8704.1	18718.2	-83.8	
79.75	72.5	11.1	68.4	0.0	-311.9	-0.4	391.1	-323.5	593.8	8865.3	18522.4	-77.1	
79.80	75.2	11.0	68.7	0.0	-311.9	-0.4	388.2	-334.0	599.5	8964.3	18459.6	-76.2	
79.85	77.9	11.1	66.9	0.0	-311.9	-0.4	390.3	-326.6	608.8	8868.4	18507.5	-82.2	
79.90	80.6	11.1	65.2	0.0	-311.9	-0.4	396.9	-316.5	620.6	8739.2	18561.7	-88.1	
79.95	83.3	11.1	63.7	0.0	-313.0	-0.4	406.8	-319.7	634.1	8833.8	18568.7	-94.5	
80.00	86.0	10.9	61.6	0.0	-313.8	-0.4	412.9	-328.9	649.9	9082.5	18465.4	-102.3	
80.05	88.6	11.1	61.8	0.0	-311.0	-0.4	406.6	-326.0	663.3	9099.3	18228.3	-98.6	
80.10	91.3	11.4	64.5	0.0	-306.3	-0.4	391.9	-317.1	673.4	8934.8	17963.3	-84.8	
80.15	94.0	11.4	65.4	0.0	-305.2	-0.4	384.2	-318.1	685.0	8968.9	17856.7	-80.6	
80.20	96.7	11.2	66.4	0.0	-307.0	-0.4	387.2	-326.8	697.8	9067.1	17924.4	-78.9	
80.25	99.4	11.1	67.5	0.0	-307.4	-0.4	392.1	-327.3	711.6	9000.2	17971.3	-75.6	
80.30	102.1	11.2	68.9	0.0	-306.1	-0.4	395.2	-315.3	725.2	8687.7	18016.2	-69.5	
80.35	104.8	10.8	70.4	0.0	-305.2	-0.4	398.0	-311.7	739.0	8389.9	18071.3	-63.4	
80.40	107.5	10.6	70.0	0.0	-305.1	-0.4	402.6	-311.6	756.4	8317.1	18070.3	-64.7	
80.45	110.2	10.9	70.2	0.0	-302.8	-0.4	401.1	-308.7	775.5	8335.4	17863.7	-61.7	
80.50	112.9	11.2	70.3	0.0	-299.2	-0.4	393.6	-302.7	790.4	8303.6	17598.8	-58.0	
80.55	115.6	11.3	68.9	0.0	-297.3	-0.4	386.8	-296.9	798.6	8287.8	17463.7	-60.6	
80.60	118.3	10.9	68.7	0.0	-295.7	-0.4	382.1	-297.0	807.6	8251.7	17350.6	-59.9	
80.65	121.0	10.7	68.8	0.0	-292.6	-0.4	380.4	-292.8	823.4	8186.8	17123.9	-56.5	
80.70	123.6	10.7	68.6	0.0	-288.4	-0.4	377.7	-278.9	839.9	8114.3	16829.1	-52.8	
80.75	126.3	10.9	70.6	0.0	-284.1	-0.4	368.2	-270.0	849.8	7926.3	16591.3	-41.6	
80.80	129.0	11.3	72.8	0.0	-281.4	-0.4	361.7	-258.3	857.0	7585.4	16555.1	-31.5	
80.85	131.8	11.8	72.8	0.0	-280.8	-0.4	364.9	-249.2	866.3	7261.6	16649.3	-30.7	
80.90	134.5	12.1	70.2	0.0	-281.7	-0.4	374.2	-248.1	876.1	7113.5	16754.9	-40.8	
80.95	137.2	11.7	66.3	0.0	-282.4	-0.4	383.1	-240.0	884.8	7055.9	16825.8	-54.9	
81.00	139.9	11.6	66.7	0.0	-278.8	-0.4	377.1	-228.8	889.4	6793.1	16668.9	-49.9	
81.05	142.6	11.7	69.7	0.0	-271.9	-0.4	361.9	-215.8	891.8	6341.0	16346.9	-32.7	
81.10	145.3	11.8	70.7	0.0	-265.9	-0.4	351.3	-202.0	895.7	5966.2	16047.6	-23.2	
81.15	148.0	11.9	71.2	0.0	-260.1	-0.4	343.2	-192.2	904.4	5656.9	15727.0	-15.6	
81.20	150.7	12.0	73.0	0.0	-253.4	-0.4	333.4	-177.3	915.4	5278.1	15362.3	-3.0	
81.25	153.4	11.8	74.9	0.0	-247.3	-0.4	323.3	-152.9	923.9	4836.2	15075.9	9.8	
81.30	156.2	11.9	75.9	0.0	-243.8	-0.4	315.8	-137.0	925.9	4426.3	14959.1	16.8	
81.35	158.9	12.0	75.9	0.0	-243.9	-0.4	319.1	-130.7	928.2	4117.1	15056.4	16.7	
81.40	161.6	11.9	74.7	0.0	-246.2	-0.4	332.9	-121.0	936.1	3874.1	15261.0	10.2	
81.45	164.3	11.8	74.2	0.0	-247.0	-0.4	343.6	-104.9	944.9	3540.4	15387.4	7.6	
81.50	167.0	11.6	74.7	0.0	-246.2	-0.4	344.6	-86.7	947.4	3118.6	15424.7	10.3	
81.55	169.7	11.5	75.7	0.0	-244.9	-0.4	341.5	-72.6	948.2	2702.8	15416.6	15.1	
81.60	172.4	11.2	77.1	0.0	-242.3	-0.4	338.2	-62.9	955.1	2295.8	15295.5	22.4	
81.65	175.1	10.9	77.2	0.0	-238.8	-0.4	334.8	-49.4	966.1	1979.7	15081.2	26.1	
81.70	177.8	10.6	76.4	0.0	-236.8	-0.4	331.0	-26.6	966.5	1702.1	14981.3	25.5	
81.75	180.6	10.2	77.3	0.0	-235.8	-0.4	324.5	-5.1	956.9	1367.1	14971.0	29.5	
81.80	183.3	10.2	79.9	0.0	-236.2	-0.4	325.4	5.0	955.4	1013.0	15029.0	38.0	
81.85	186.0	10.5	80.9	0.0	-236.9	-0.4	332.8	8.0	963.8	795.1	15066.3	40.7	
81.90	188.7	10.6	81.7	0.0	-235.7	-0.4	330.7	14.2	964.5	641.4	14984.0	44.8	
81.95	191.4	10.6	84.1	0.0	-232.9	-0.4	317.6	31.8	954.4	365.5	14824.2	55.7	
82.00	194.2	10.4	85.1	0.0	-232.2	-0.4	312.7	57.6	951.3	-58.7	14780.5	59.9	
82.05	196.9	10.3	83.6	0.0	-235.2	-0.4	323.9	72.1	957.5	-456.2	14954.6	51.9	
82.10	199.6	10.7	83.2	0.0	-240.1	-0.4	338.4	75.9	955.4	-753.6	15273.3	45.6	
82.15	202.4	11.3	83.7	0.0	-245.1	-0.4	348.1	83.6	939.4	-1043.9	15617.2	42.3	
82.20	205.1	11.4	83.8	0.0	-247.0	-0.4	349.3	101.0	927.4	-1406.7	15721.9	40.5	
82.25	207.8	11.3	84.4	0.0	-243.7	-0.4	341.7	118.4	929.8	-1814.1	15436.9	45.9	
82.30	210.6	11.2	85.8	0.0	-237.9	-0.4	330.4	127.7	931.8	-2147.3	14966.7	56.5	
82.35	213.3	11.2	87.5	0.0	-231.8	-0.4	316.0	125.5	920.8	-2395.1	14514.3	68.4	
82.40	216.0	11.3	87.9	0.0	-228.3	-0.4	306.0	136.4	909.2	-2675.9	14218.3	73.5	
82.45	218.8	11.4	86.9	0.0	-228.5	-0.4	305.7	164.8	906.3	-3068.8	14118.5	69.8	
82.50	221.5	11.4	86.8	0.0	-230.6	-0.4	311.7	182.9	903.6	-3447.8	14159.3	67.2	
82.55	224.2	11.0	87.1	0.0	-232.7	-0.4	317.9	183.3	893.0	-3655.8	14261.1	66.2	
82.60	227.0	10.7	88.7	0.0	-233.3	-0.4	317.4	186.7	881.1	-3821.5	14269.2	71.1	
82.65	229.7	10.8	92.4	0.0	-231.9	-0.4	305.4	202.8	874.0	-4060.0	14105.8	85.4	
82.70	232.4	11.2	95.9	0.0	-231.0	-0.4	292.0	223.3	865.0	-4283.3	13970.0	98.3	
82.75	235.1	11.3	98.2	0.0	-231.8	-0.4	288.0	229.9	851.6	-4421.2	14002.5	105.4	
82.80	237.9	11.2	97.8	0.0	-234.8	-0.4	295.5	223.7	840.6	-4564.1	14195.0	101.0	
82.85	240.6	11.4	95.5	0.0	-240.4	-0.4	310.8	233.8	833.8	-4808.0	14507.1	87.3	
82.90	243.4	11.7	95.5	0.0	-245.2	-0.4	317.7	253.4	822.9	-5139.3	14731.6	82.8	
82.95	246.1	11.9	98.8	0.0	-245.9	-0.4	310.0	257.7	803.8	-5369.6	14735.2	93.4	
83.00	248.8	11.7	99.7	0.0	-244.6	-0.4	304.1	256.8	788.2	-5383.3	14652.9	97.6	
83.05	251.6	12.0	99.9	0.0	-243.8	-0.4	305.6	258.2	780.7	-5452.0	14563.9	99.1	
83.10	254.3	12.3	101.0	0.0	-244.5	-0.4	309.8	256.8	771.3	-5589.1	14565.6	102.2	
83.15	257.1	12.4	100.0	0.0	-247.3	-0.4	317.7	261.0	756.0	-5596.0	14781.7	95.9	
83.20	259.8	12.4	98.5	0.0	-249.6	-0.4	321.5	267.4	742.2	-5611.1	14947.8	88.6	
83.25	262.6	12.5	99.1	0.0	-249.6	-0.4	319.4	275.8	736.0	-5768.6	14885.6	90.7	
83.30	265.4	12.7	100.6	0.0	-249.8	-0.4	316.9	285.5	729.7	-5969.0	14810.7	95.7	
83.35	268.1	13.1	103.0	0.0	-250.9	-0.4	312.1	286.9	716.3	-6147.8	14842.6	102.8	
83.40	270.9	13.4	104.7	0.0	-252.0	-0.4	306.4	279.5	700.4	-6286.4	14920.9	107.5	
83.45	273.7	13.3	103.1	0.0	-253.1	-0.4	311.3	284.1	689.2	-6285.1	15003.4	100.6	
83.50	276.4	13.0	100.7	0.0	-252.9	-0.4	322.0	288.3	681.8	-6169.4	15001.9	92.7	
83.55	279.2	13.1	99.1	0.0	-251.7	-0.4	329.8	273.1	671.6	-6039.3	14976.3	88.4	
83.60	282.0	13.6	94.7	0.0	-251.9	-0.4	337.3	259.4	655.9	-5867.3	15087.8	73.1	
83.65	284.7	14.0	90.4	0.0	-251.1	-0.4	337.6	257.5	639.5	-5783.0	15065.8	59.4	
83.70	287.5	14.2	90.7	0.0	-247.0	-0.4	327.4	259.8	626.8	-5836.1	14745.1	64.3	
83.75	290.3	14.2	91.1	0.0	-241.3	-0.4	315.7	266.6	616.4	-5790.3	14321.3	71.5	
83.80	293.0	14.6	90.3	0.0	-234.7	-0.4	301.1	262.5	604.3	-5627.9	13904.0	75.2	
83.85	295.8	14.6	90.0	0.0	-229.4	-0.4	285.9	250.3	587.9	-5532.8	13586.9	79.6	
83.90	298.5	14.3	93.4	0.1	-226.5	-0.4	278.7	248.1	572.7	-5397.7	13436.2	85.6	
83.95	301.3	14.0	89.9	0.0	-225.2	-0.4	281.2	237.7	560.2	-5071.8	13488.0	85.6	
84.00	304.0	13.9	85.8	0.0	-225.8	-0.4	293.5	216.2	548.9	-4544.0	13742.5	70.3	
84.05	306.8	13.9	80.7	0.0	-228.5	-0.4	310.6	206.0	538.5	-4104.1	14072.0	49.7	
84.10	309.6	13.7	81.1	0.0	-228.6	-0.4	312.9	197.5	529.5	-3992.7	14129.4	50.7	
84.15	312.3	13.6	83.2	0.0	-225.9	-0.4	303.0	185.3	519.1	-3988.1	13975.1	60.2	
84.20	315.1	13.7	83.7	0.0	-223.4	-0.4	294.7	182.6	508.0	-3921.6	13825.5	64.4	
84.25	317.9	13.9	84.9	0.0	-220.2	-0.4	286.9	178.4	500.3	-3792.2	13645.8	71.6	
84.30	320.7	13.7	85.5	0.0	-218.8	-0.4	286.3	169.0	494.8	-3559.9	13617.5	75.2	
84.35	323.4	13.2	81.7	0.0	-220.8	-0.4	296.5	155.0	485.4	-3192.3	13870.2	59.9	
84.40	326.2	12.9	83.0	0.1	-224.4	-0.4	311.6	132.1	474.6	-2752.7	14239.2	43.2	
84.45	329.0	12.7	68.7	0.0	-227.4	-0.4	326.6	114.9	470.9	-2265.2	14534.3	24.3	
84.50	331.8	12.4	75.9	0.0	-229.0	-0.4	331.5	110.4	468.8	-1948.4	14689.9	32.1	
84.55	334.5	11.6	82.2	0.0	-229.2	-0.4	323.9	106.6	460.5	-1826.3	14752.9	53.4	
84.60	337.3	11.8	86.7	0.0	-232.4	-0.4	323.4	102.7	451.2	-1784.1	15014.1	65.4	
84.65	340.1	12.1	86.7	0.0	-238.9	-0.4	337.0	98.4	451.6	-1685.2	15489.6	58.9	
84.70	342.9	12.5	87.5	0.0	-246.0	-0.4	349.4	88.8	455.6	-1561.2	16008.9	54.5	
84.75	345.6	12.5	90.5	0.0	-253.4	-0.4	356.4	76.9	450.8	-1287.3	16588.5	57.3	
84.80	348.4	12.5	93.8	0.0	-259.7	-0.4	358.1	60.4	444.3	-749.3	17107.9	62.3	
84.85	351.2	12.7	95.1	0.0	-265.3	-0.4	361.4	31.9	443.9	-212.8	17548.5	61.3	
84.90	354.0	12.3	98.3	0.0	-271.2	-0.4	369.4	7.3	447.5	260.3	17969.0	66.4	
84.95	356.8	12.2	99.4	0.0	-279.0	-0.4	383.4	-9.7	445.3	609.3	18518.2	62.1	
85.00	359.5	12.8	98.3	0.0	-286.9	-0.4	397.9	-25.5	439.8	821.3	19068.0	50.5	
85.05	2.3	12.8	95.4	0.0	-292.7	-0.4	411.5	-27.2	442.4	1043.5	19455.9	34.8	
85.10	5.0	12.9	101.0	0.1	-294.6	-0.4	414.4	-33.6	449.1	1349.7	19561.0	36.3	
85.15	7.8	13.0	113.9	0.5	-294.1	-0.4	408.7	-56.1	449.0	1707.3	19504.0	46.9	
85.20	10.6	13.1	95.1	0.6	-293.0	-0.3	401.7	-75.2	450.0	2376.0	19361.0	27.7	
85.25	13.3	13.0	69.5	0.1	-291.5	-0.3	394.2	-93.4	455.9	3214.7	19132.5	0.2	
85.30	16.1	12.7	-98.2	-0.2	288.9	-0.3	381.2	-116.1	461.0	3920.4	18815.7	-1.7	
85.35	18.9	12.5	-83.7	-0.2	292.2	-0.3	387.2	-135.3	462.4	4581.9	18887.9	-2.1	
85.40	21.6	12.7	-95.0	-0.1	299.7	-0.3	407.7	-152.5	465.9	5068.3	19268.1	-31.6	
85.45	24.4	13.2	-101.9	-0.1	305.9	-0.3	426.3	-169.1	473.3	5380.4	19599.0	-52.7	
85.50	27.2	12.9	-106.5	-0.0	308.3	-0.3	433.1	-173.9	481.8	5586.0	19695.8	-59.0	
85.55	30.0	12.8	-107.4	-0.0	307.7	-0.3	428.5	-181.3	488.7	5807.9	19583.7	-62.0	
85.60	32.8	12.7	-106.5	-0.0	306.3	-0.3	416.8	-200.0	492.6	6172.0	19364.3	-60.4	
85.65	35.6	12.6	-105.8	-0.0	305.3	-0.3	403.2	-214.1	496.1	6606.2	19155.9	-58.7	
85.70	38.4	12.7	-104.5	-0.0	305.5	-0.3	393.2	-229.0	498.3	7004.2	19037.0	-53.6	
85.75	41.2	12.8	-102.7	-0.0	306.7	-0.3	388.9	-248.7	500.8	7316.2	18990.1	-46.4	
85.80	44.0	13.2	-104.8	-0.0	310.2	-0.3	395.2	-256.6	507.7	7581.9	19133.1	-50.0	
85.85	46.8	13.2	74.0	0.0	-314.7	-0.3	409.7	-262.1	520.3	7722.3	19384.0	-65.2	
85.90	49.5	13.1	88.1	0.4	-316.2	-0.3	416.4	-266.4	532.7	7637.7	19507.4	-60.7	
85.95	52.3	13.0	90.4	0.8	-317.0	-0.3	417.6	-262.0	542.9	7500.3	19622.8	-58.8	
86.00	55.1	13.1	85.2	1.1	-318.2	-0.3	416.6	-262.1	552.5	7444.8	19737.5	-58.6	
86.05	57.9	13.4	69.5	0.9	-318.8	-0.2	413.8	-271.0	564.8	7568.6	19720.7	-61.2	
86.10	60.7	13.7	58.1	0.5	-320.4	-0.2	417.8	-281.7	579.5	7866.2	19686.8	-65.3	
86.15	63.4	13.6	64.7	0.2	-322.6	-0.2	422.1	-300.2	592.2	8234.5	19666.0	-60.7	
86.20	66.2	13.5	71.5	0.0	-326.4	-0.1	426.7	-318.0	603.1	8587.1	19768.7	-63.7	
86.25	69.0	13.6	76.9	0.1	-329.0	-0.1	429.2	-325.5	615.4	8817.6	19854.1	-69.4	
86.30	71.7	13.8	82.2	0.2	-328.9	-0.1	429.5	-326.1	630.8	8929.4	19779.0	-67.3	
86.35	74.5	14.1	72.9	0.2	-328.0	-0.1	432.1	-324.4	648.9	9048.3	19636.0	-78.5	
86.40	77.3	14.4	60.6	0.1	-327.4	-0.1	434.1	-323.1	665.2	9171.3	19508.0	-98.7	
86.45	80.0	14.0	-134.5	-0.2	325.5	-0.1	429.8	-320.5	677.0	9158.6	19363.3	-107.2	
86.50	82.8	13.7	-140.1	-0.6	323.0	-0.1	419.8	-319.3	688.3	9175.7	19165.3	-103.8	
86.55	85.6	13.4	-122.1	-0.6	322.8	-0.2	410.5	-327.3	701.2	9449.4	19011.6	-91.9	
86.60	88.4	13.5	-114.6	-0.5	325.0	-0.2	406.4	-344.0	715.4	9900.1	18927.1	-88.4	
86.65	91.1	13.6	-115.4	-0.3	326.5	-0.2	403.1	-355.8	730.3	10197.8	18869.1	-84.5	
86.70	93.9	13.5	98.4	0.2	-326.2	-0.2	395.1	-357.9	744.1	10235.1	18824.5	-63.6	
86.75	96.7	13.2	99.4	0.8	-326.1	-0.2	387.4	-359.5	753.3	10120.5	18890.4	-53.1	
86.80	99.5	13.5	73.3	0.7	-328.6	-0.2	392.2	-355.1	761.5	10017.3	19147.2	-69.9	
86.85	102.3	13.7	50.1	0.2	-331.0	-0.1	407.3	-342.4	773.5	9868.1	19405.4	-95.2	
86.90	105.1	13.8	-139.3	-0.2	330.6	-0.1	417.8	-329.2	785.0	9543.9	19528.2	-95.5	
86.95	107.9	13.7	-126.3	-0.2	332.3	-0.1	428.2	-320.7	793.8	9335.8	19749.0	-92.4	
87.00	110.7	13.8	-118.9	-0.1	335.8	-0.2	435.8	-329.1	803.9	9493.5	19928.4	-95.0	
87.05	113.4	14.0	77.3	0.1	-333.8	-0.2	430.2	-336.6	816.3	9637.6	19680.5	-89.1	
87.10	116.2	13.8	78.3	0.2	-326.9	-0.1	416.8	-330.4	833.1	9572.9	19157.9	-69.8	
87.15	119.0	13.8	86.2	0.4	-321.3	-0.1	405.3	-318.0	846.6	9426.7	18800.3	-53.2	
87.20	121.7	14.2	84.0	0.6	-319.3	-0.1	402.3	-310.2	850.5	9165.3	18779.2	-53.4	
87.25	124.5	14.2	66.5	0.4	-317.7	-0.1	410.7	-297.8	856.6	8720.9	18851.8	-66.2	
87.30	127.3	14.3	57.7	0.1	-314.2	-0.1	423.8	-272.9	873.5	8201.7	18792.0	-75.4	
87.35	130.1	14.5	-114.8	-0.1	308.2	-0.1	422.0	-259.2	888.1	7787.7	18490.7	-66.0	
87.40	132.8	14.6	-100.7	-0.1	301.2	-0.1	404.6	-256.5	894.4	7566.9	18055.7	-47.1	
87.45	135.6	14.7	91.3	0.3	-294.3	-0.1	386.2	-248.7	904.4	7453.9	17589.8	-23.4	
87.50	138.3	14.7	105.0	0.9	-287.6	-0.0	373.8	-248.4	920.2	7342.4	17106.8	-0.9	
87.55	141.1	14.4	96.6	1.2	-283.3	0.0	370.5	-248.4	932.4	7274.1	16779.0	1.0	
87.60	143.9	14.0	77.1	1.2	-280.2	0.1	370.5	-238.1	936.3	7139.7	16602.4	-10.2	
87.65	146.6	13.7	62.4	0.8	-275.2	0.1	367.5	-218.0	938.2	6670.5	16424.4	-10.6	
87.70	149.4	13.7	53.8	0.2	-269.7	0.1	364.9	-189.9	946.3	6032.9	16271.2	-5.8	
87.75	152.2	13.7	-88.3	-0.2	266.2	0.1	361.8	-169.6	954.8	5570.6	16181.8	5.5	
87.80	154.9	13.8	92.6	0.1	-263.4	0.1	356.2	-160.0	958.0	5274.7	16086.5	21.0	
87.85	157.7	14.1	104.0	0.6	-260.4	0.2	353.1	-144.8	964.8	5059.3	15940.5	27.3	
87.90	160.5	14.1	102.4	1.2	-258.0	0.2	352.4	-137.2	976.7	4965.9	15777.9	26.2	
87.95	163.3	14.1	88.9	1.4	-257.7	0.3	352.9	-142.4	985.4	5023.6	15717.5	18.1	
88.00	166.0	14.2	67.2	1.1	-258.7	0.3	354.0	-144.8	986.4	5016.4	15798.1	7.5	
88.05	168.8	14.2	57.9	0.6	-258.4	0.4	353.9	-129.6	982.4	4656.1	15903.2	5.1	
88.10	171.6	14.0	65.2	0.3	-258.1	0.4	357.4	-106.8	979.5	4031.1	16063.2	6.7	
88.15	174.4	13.5	77.8	0.3	-259.3	0.4	366.3	-87.3	980.0	3491.5	16272.0	6.9	
88.20	177.1	13.5	87.1	0.5	-260.1	0.4	373.9	-76.5	979.7	3067.9	16404.4	10.7	
88.25	179.9	13.5	88.5	0.7	-257.4	0.5	371.0	-57.7	977.1	2616.5	16289.7	18.3	
88.30	182.6	13.7	85.8	0.9	-251.8	0.5	360.9	-28.5	977.4	2204.5	15965.0	22.1	
88.35	185.4	13.8	83.7	1.0	-245.2	0.6	346.9	-18.7	975.8	1905.2	15543.2	32.0	
88.40	188.1	13.9	73.9	0.8	-239.6	0.6	337.5	-21.4	971.7	1723.5	15168.8	38.7	
88.45	190.9	14.1	60.7	0.3	-236.0	0.6	337.0	-8.8	968.9	1469.8	14930.4	34.2	
88.50	193.6	14.5	-75.1	-0.2	232.3	0.6	332.7	18.8	964.9	919.6	14706.5	36.1	
88.55	196.3	14.8	-59.1	-0.3	228.2	0.6	320.9	45.9	955.8	264.4	14452.2	45.8	
88.60	199.1	14.8	-35.4	-0.0	224.2	0.6	309.5	65.9	947.8	-293.7	14181.3	59.9	
88.65	201.8	14.6	104.7	0.5	-220.7	0.6	303.3	80.2	945.1	-822.1	13901.8	70.9	
88.70	204.5	14.8	88.6	0.7	-218.4	0.7	301.3	95.8	943.4	-1286.0	13690.1	67.6	
88.75	207.3	15.1	69.0	0.4	-218.0	0.7	301.4	108.5	935.8	-1548.4	13620.5	57.3	
88.80	210.0	15.5	-65.4	-0.0	218.7	0.7	304.3	116.6	927.5	-1655.5	13653.0	47.3	
88.85	212.8	15.3	-66.6	-0.4	219.9	0.7	308.9	123.2	923.9	-1858.2	13705.8	43.2	
88.90	215.5	15.1	-64.1	-0.8	221.6	0.6	313.0	130.4	919.8	-2139.4	13779.5	42.4	
88.95	218.3	14.9	-57.3	-0.9	223.2	0.6	314.4	140.0	908.8	-2372.9	13857.0	42.2	
89.00	221.0	14.8	-47.8	-0.8	222.9	0.6	308.2	151.4	896.0	-2679.5	13784.3	50.1	
89.05	223.7	14.6	-36.8	-0.6	222.0	0.5	299.9	175.0	887.9	-3168.4	13612.1	65.7	
89.10	226.5	14.5	-29.4	-0.2	223.0	0.5	296.8	201.5	882.1	-3669.2	13532.0	72.8	
89.15	229.2	14.6	93.6	0.1	-223.6	0.5	297.4	199.0	872.2	-3848.7	13541.9	62.5	
89.20	232.0	14.6	-61.9	-0.1	223.7	0.5	304.8	190.8	861.4	-3734.7	13578.8	36.9	
89.25	234.7	14.7	-78.3	-0.7	222.0	0.5	308.6	196.8	856.7	-3709.5	13436.0	26.7	
89.30	237.4	14.1	-69.5	-1.2	217.4	0.4	296.7	199.3	848.2	-3829.6	13077.0	39.0	
89.35	240.2	14.1	-49.9	-1.2	214.4	0.4	283.3	205.4	830.3	-3941.5	12838.3	48.1	
89.40	242.9	14.3	-31.8	-0.9	212.9	0.3	272.9	213.6	808.2	-4194.5	12667.4	59.2	
89.45	245.6	14.6	-30.3	-0.6	212.3	0.3	269.0	226.4	792.6	-4640.3	12463.4	71.6	
89.50	248.3	14.7	-43.0	-0.6	213.9	0.3	277.9	243.8	784.6	-4938.9	12428.5	67.2	
89.55	251.0	14.5	-48.2	-0.6	218.2	0.2	291.8	253.9	774.4	-5131.1	12652.0	59.8	
89.60	253.7	14.2	-54.2	-0.8	223.3	0.2	302.3	252.4	760.1	-5280.9	12998.1	54.8	
89.65	256.5	14.2	-67.4	-1.2	228.6	0.1	315.2	256.0	748.5	-5296.9	13397.4	45.0	
89.70	259.2	14.4	-66.3	-1.5	231.6	0.1	324.3	254.2	739.2	-5183.3	13672.0	41.7	
89.75	261.9	14.4	-36.1	-1.1	231.0	0.0	319.7	246.4	724.4	-5056.8	13709.8	60.0	
89.80	264.6	14.3	-33.7	-0.8	229.4	-0.0	304.7	247.9	703.8	-5092.1	13619.4	78.6	
89.85	267.3	14.0	-18.3	-0.3	228.9	-0.1	289.3	249.3	681.8	-5269.4	13567.2	106.7	
89.90	270.0	13.8	121.0	0.2	-231.3	-0.1	290.3	246.9	665.0	-5356.1	13743.0	118.1	
89.95	272.7	13.8	100.3	0.3	-236.9	-0.1	312.9	248.4	654.8	-5295.9	14168.5	94.5	
90.00	275.4	13.9	-62.1	-0.0	241.5	-0.0	336.4	247.1	648.4	-5168.2	14537.2	68.1	
90.05	278.1	14.0	-75.9	-0.6	243.8	-0.1	345.6	243.3	638.7	-5032.3	14758.6	57.4	
90.10	280.8	14.0	-43.3	-0.5	243.7	-0.1	339.3	242.1	623.6	-4852.0	14838.7	74.8	
90.15	283.5	14.0	-40.6	-0.3	242.1	-0.1	326.9	243.0	606.6	-4709.7	14800.7	87.6	
90.20	286.2	14.0	-37.4	-0.3	240.5	-0.1	319.0	237.8	592.3	-4573.4	14762.4	100.8	
90.25	288.9	14.0	-38.9	-0.2	242.1	-0.1	326.6	230.2	582.1	-4388.6	14946.7	100.2	
90.30	291.6	13.9	-44.3	-0.1	248.2	-0.1	344.8	224.8	571.9	-4224.5	15441.0	90.0	
90.35	294.3	13.8	-49.8	-0.1	257.4	-0.2	364.1	228.4	560.3	-4157.0	16135.8	81.9	
90.40	297.1	14.0	-51.2	-0.1	264.7	-0.2	374.5	221.9	549.1	-4102.5	16713.6	85.4	
90.45	299.8	13.9	-50.5	-0.1	268.7	-0.2	377.3	213.6	539.1	-4016.2	17061.7	92.7	
90.50	302.5	13.7	-49.0	-0.0	269.8	-0.2	374.2	208.1	530.5	-3938.4	17189.0	99.7	
90.55	305.2	13.6	-43.3	-0.0	267.6	-0.2	363.4	196.6	520.2	-3846.5	17086.7	117.5	
90.60	307.9	13.5	-38.3	-0.0	265.1	-0.2	353.8	186.2	505.4	-3729.9	16973.1	132.6	
90.65	310.6	13.4	119.9	0.1	-264.1	-0.2	351.9	181.2	490.1	-3585.4	16952.8	135.4	
90.70	313.3	13.5	132.9	0.5	-264.5	-0.2	357.8	175.8	477.7	-3441.2	17015.5	131.5	
90.75	315.9	13.6	117.1	0.7	-264.6	-0.1	364.5	166.0	469.6	-3199.2	17067.2	112.4	
90.80	318.6	13.7	89.3	0.3	-262.9	-0.1	364.8	154.4	463.3	-2860.7	17012.7	94.7	
90.85	321.3	13.7	-75.0	-0.4	259.3	-0.1	355.7	141.4	454.3	-2574.6	16833.5	94.8	
90.90	323.9	13.6	-38.1	-0.3	256.8	-0.1	348.5	135.5	444.5	-2282.7	16717.8	113.4	
90.95	326.6	13.5	-43.3	-0.2	259.1	-0.1	358.4	130.7	437.7	-1888.3	16927.7	101.0	
91.00	329.3	13.8	-52.9	-0.2	266.1	-0.1	381.5	112.1	432.0	-1507.5	17455.4	77.6	
91.05	332.0	13.9	-62.0	-0.1	274.3	-0.1	403.4	90.6	424.8	-1151.4	18056.9	56.2	
91.10	334.6	14.0	-63.2	-0.0	280.0	-0.1	414.6	77.8	415.3	-833.2	18491.3	49.0	
91.15	337.3	14.0	-68.6	-0.1	280.9	-0.1	410.9	65.6	407.1	-564.3	18598.0	54.5	
91.20	340.0	13.8	-61.0	-0.1	277.9	-0.1	400.0	49.5	405.2	-154.6	18414.4	65.6	
91.25	342.7	13.6	-59.7	-0.0	275.3	-0.2	393.9	27.4	407.9	473.3	18231.3	68.5	
91.30	345.4	13.4	-59.2	-0.0	275.8	-0.2	393.0	1.8	401.4	878.9	18270.6	71.3	
91.35	348.1	13.9	-61.5	-0.0	278.4	-0.2	397.3	-9.7	391.5	1139.8	18448.3	66.3	
91.40	350.8	14.3	98.5	0.0	-281.6	-0.2	406.5	-15.2	385.4	1478.9	18642.1	51.5	
91.45	353.5	14.5	107.5	0.3	-280.5	-0.1	404.0	-29.7	383.2	1815.8	18535.4	52.1	
91.50	356.2	14.3	102.8	0.5	-277.2	-0.1	397.5	-39.5	382.4	2212.8	18258.9	45.3	
91.55	358.8	13.8	96.6	0.6	-273.0	-0.1	386.5	-41.5	379.2	2401.4	17949.0	45.7	
91.60	1.5	13.3	78.4	0.3	-269.6	-0.1	376.2	-49.7	377.0	2535.9	17700.9	45.0	
91.65	4.2	13.1	-97.9	-0.4	271.6	-0.1	384.3	-59.0	379.2	2853.8	17774.7	23.6	
91.70	6.8	13.3	-71.4	-0.3	275.0	-0.1	397.3	-69.0	384.7	3197.7	17930.1	16.7	
91.75	9.5	13.6	-74.1	-0.2	275.8	-0.1	399.7	-75.6	387.8	3307.2	17961.0	11.7	
91.80	12.2	14.2	-76.6	-0.2	277.4	-0.1	402.6	-88.3	386.9	3505.5	18024.7	7.2	
91.85	14.9	14.7	96.3	0.2	-278.5	-0.1	403.9	-116.6	388.5	3808.1	18021.6	8.4	
91.90	17.5	15.0	87.3	0.3	-278.5	-0.1	406.2	-145.1	395.9	4145.3	17908.8	-1.1	
91.95	20.2	15.1	-99.3	-0.1	276.5	-0.1	403.1	-153.6	404.8	4360.3	17696.0	-12.7	
92.00	22.9	14.8	-87.1	-0.2	275.8	-0.1	399.1	-158.5	404.9	4504.7	17609.7	-1.4	
92.05	25.6	14.5	-80.0	-0.2	277.0	-0.1	398.9	-171.2	404.0	4659.7	17653.1	-5.1	
92.10	28.2	14.6	-87.6	-0.1	280.0	-0.1	409.2	-180.8	412.0	4852.8	17788.9	-26.3	
92.15	30.9	15.0	-92.4	-0.1	281.3	-0.1	417.8	-188.6	424.9	5026.5	17796.3	-40.2	
92.20	33.5	15.3	-89.2	-0.1	279.2	-0.1	408.9	-197.1	432.9	5290.7	17562.1	-30.2	
92.25	36.2	15.4	-88.1	-0.1	276.5	-0.1	392.6	-204.5	438.5	5698.7	17247.1	-28.4	
92.30	38.8	15.0	-86.4	-0.0	273.2	-0.1	375.1	-212.5	449.1	6054.3	16890.9	-25.0	
92.35	41.5	14.6	-84.4	-0.0	271.3	-0.1	362.4	-225.1	462.7	6364.0	16628.3	-19.8	
92.40	44.2	14.5	-86.4	-0.0	274.4	-0.1	360.8	-242.7	470.4	6753.8	16694.9	-23.3	
92.45	46.8	14.2	-90.4	-0.0	281.4	-0.1	368.1	-259.2	470.2	7080.4	17082.3	-29.8	
92.50	49.5	14.2	-94.9	-0.0	288.7	-0.1	379.2	-267.1	475.6	7349.6	17523.2	-37.6	
92.55	52.2	14.4	-98.8	-0.0	295.4	-0.1	391.7	-271.6	486.5	7560.0	17931.5	-44.1	
92.60	54.9	14.6	-101.6	-0.0	301.2	-0.1	401.1	-284.2	497.1	7822.8	18239.8	-47.7	
92.65	57.5	14.7	83.6	0.3	-306.2	-0.1	406.4	-300.9	508.3	8261.3	18412.8	-52.0	
92.70	60.2	14.6	69.0	0.2	-308.8	-0.1	403.9	-314.3	519.9	8669.3	18405.1	-63.6	
92.75	62.9	14.7	-122.1	-0.1	310.4	-0.1	397.9	-319.6	529.2	9014.6	18371.7	-70.6	
92.80	65.5	14.9	-112.2	-0.1	314.3	-0.1	395.8	-321.7	535.6	9414.3	18498.9	-74.4	
92.85	68.2	15.1	-116.9	-0.1	319.5	-0.1	399.2	-332.9	539.5	9708.8	18756.4	-84.5	
92.90	70.8	14.7	-122.1	-0.0	324.3	-0.1	410.1	-341.3	549.9	9864.7	19031.1	-96.9	
92.95	73.5	14.5	-125.7	-0.0	326.1	-0.1	419.4	-335.5	566.0	9805.9	19190.5	-106.9	
93.00	76.1	14.4	-126.0	-0.0	326.1	-0.1	420.5	-328.6	581.1	9629.7	19272.9	-107.5	
93.05	78.8	14.2	-125.9	-0.0	326.7	-0.1	419.8	-327.1	595.6	9551.2	19355.2	-106.4	
93.10	81.4	14.0	-122.5	-0.0	325.9	-0.1	418.0	-324.9	612.0	9385.2	19369.7	-95.1	
93.15	84.1	13.8	-117.7	-0.0	325.1	-0.1	417.4	-324.6	627.7	9119.8	19413.2	-79.4	
93.20	86.7	13.4	-118.8	-0.0	327.4	-0.1	421.4	-329.9	640.4	9084.4	19591.0	-80.7	
93.25	89.4	13.1	-122.0	-0.0	330.4	-0.1	424.4	-340.8	649.0	9174.4	19761.4	-88.6	
93.30	92.0	12.8	-119.9	-0.0	328.3	-0.1	419.6	-341.0	661.1	9050.4	19649.9	-83.5	
93.35	94.7	12.7	-116.2	-0.0	323.9	-0.1	415.0	-325.8	678.6	8781.6	19428.8	-75.3	
93.40	97.3	12.7	-116.7	-0.0	321.2	-0.1	412.3	-319.8	694.7	8656.0	19266.4	-79.6	
93.45	100.0	12.7	71.1	0.0	-318.2	-0.1	405.0	-320.6	706.5	8578.4	19056.2	-79.1	
93.50	102.6	12.7	-113.2	-0.0	313.0	-0.1	396.1	-308.8	720.6	8436.5	18727.8	-70.5	
93.55	105.3	12.8	-107.4	-0.0	308.0	-0.1	389.2	-295.7	735.6	8349.3	18379.9	-60.7	
93.60	107.9	12.9	-107.9	-0.0	306.6	-0.1	387.5	-295.7	745.8	8410.8	18233.0	-63.8	
93.65	110.6	12.9	-110.2	-0.0	307.7	-0.1	390.3	-303.6	753.4	8513.1	18250.4	-70.6	
93.70	113.3	12.8	-109.8	-0.0	307.4	-0.1	393.6	-306.7	764.0	8507.5	18196.6	-69.7	
93.75	116.0	13.0	-108.9	-0.0	305.4	-0.1	394.9	-305.2	780.2	8573.1	17988.3	-68.6	
93.80	118.6	13.3	-108.2	-0.0	302.8	-0.1	388.7	-305.4	795.1	8813.6	17654.8	-68.7	
93.85	121.3	13.8	72.7	0.1	-299.4	-0.1	374.7	-313.7	804.7	9045.8	17255.5	-61.1	
93.90	123.9	13.8	73.1	0.1	-294.9	-0.1	361.3	-319.1	813.4	9119.1	16844.5	-51.6	
93.95	126.6	13.7	-108.1	-0.0	290.7	-0.1	356.7	-308.2	823.4	9049.8	16550.5	-55.8	
94.00	129.3	13.9	-98.9	-0.0	287.9	-0.1	356.2	-295.8	828.3	8900.9	16414.1	-53.3	
94.05	131.9	13.8	-99.6	-0.0	287.6	-0.1	359.7	-287.1	833.0	8786.7	16450.7	-55.4	
94.10	134.6	13.7	-100.1	-0.0	288.6	-0.1	367.4	-277.4	843.8	8666.7	16591.5	-56.0	
94.15	137.2	13.5	-99.1	-0.0	289.5	-0.1	374.0	-273.4	855.2	8521.4	16719.9	-51.3	
94.20	139.8	13.4	82.5	0.3	-290.0	-0.1	379.0	-263.1	863.9	8418.7	16815.8	-45.8	
94.25	142.5	13.4	83.4	0.6	-288.2	-0.1	378.1	-255.2	871.2	8285.1	16743.0	-40.1	
94.30	145.1	13.4	72.9	0.6	-283.6	-0.1	374.7	-242.5	880.2	7964.1	16536.2	-34.7	
94.35	147.8	13.1	55.1	0.2	-277.9	-0.1	370.5	-218.2	887.0	7465.3	16341.0	-34.9	
94.40	150.4	13.0	-108.1	-0.4	271.9	-0.1	361.2	-197.0	886.3	6797.2	16197.3	-26.5	
94.45	153.1	13.3	-73.6	-0.3	266.2	-0.1	350.4	-182.6	885.0	6082.8	16071.8	1.1	
94.50	155.7	13.3	-70.9	-0.2	262.2	-0.1	348.6	-162.3	893.9	5453.4	16001.8	9.5	
94.55	158.4	13.3	-69.2	-0.2	259.8	-0.1	351.0	-141.4	906.4	4902.0	15992.2	15.2	
94.60	161.0	13.4	-67.8	-0.1	259.2	-0.1	352.9	-128.9	911.7	4423.0	16088.3	21.2	
94.65	163.7	13.7	-64.3	-0.0	260.7	-0.1	358.5	-120.7	911.8	4067.5	16292.3	25.2	
94.70	166.3	14.1	90.0	0.2	-262.0	-0.1	366.5	-114.9	916.8	3777.9	16442.3	26.7	
94.75	169.0	14.3	-81.0	-0.1	261.2	-0.1	369.4	-106.3	923.2	3447.0	16450.5	18.4	
94.80	171.6	13.8	-64.9	-0.1	258.2	-0.1	362.9	-86.6	921.9	3006.7	16341.1	31.6	
94.85	174.3	13.6	-62.3	-0.1	254.0	-0.1	352.3	-59.8	915.7	2448.4	16161.2	37.2	
94.90	176.9	13.6	-59.7	-0.1	249.5	-0.1	345.6	-34.1	919.0	1895.1	15915.8	42.3	
94.95	179.6	13.9	-57.1	-0.0	244.9	-0.1	342.7	-18.9	930.7	1480.2	15614.4	47.1	
95.00	182.3	14.0	-54.1	-0.0	239.7	-0.1	334.7	-14.3	935.6	1244.1	15260.5	52.7	
95.05	184.9	14.1	-50.3	-0.0	234.4	-0.1	321.0	-7.0	931.4	1100.1	14911.2	60.8	
95.10	187.6	14.1	-47.1	-0.0	230.7	-0.1	311.3	6.7	928.8	1004.1	14669.0	68.2	
95.15	190.2	13.9	-45.6	-0.0	230.3	-0.1	314.2	15.4	931.6	1013.0	14631.3	73.1	
95.20	192.9	13.9	-50.0	-0.0	232.9	-0.1	326.2	9.5	931.4	1047.3	14790.4	60.9	
95.25	195.5	14.3	-53.9	-0.0	235.3	-0.1	335.2	8.8	925.1	927.9	14960.3	50.1	
95.30	198.2	14.6	-53.6	-0.0	234.2	-0.1	331.1	28.6	917.8	615.1	14904.7	49.8	
95.35	200.8	14.7	-49.6	-0.0	230.3	-0.1	318.8	55.6	911.8	277.4	14649.6	60.0	
95.40	203.4	14.5	-47.1	-0.0	227.1	-0.1	311.4	70.2	904.7	123.7	14425.8	65.3	
95.45	206.1	13.9	-48.7	-0.0	226.0	-0.1	313.3	76.7	898.3	76.4	14336.2	58.8	
95.50	208.7	13.5	89.3	0.2	-225.1	-0.1	314.4	84.2	890.0	-135.3	14268.2	57.6	
95.55	211.3	13.2	77.9	0.1	-223.6	-0.1	310.5	98.6	879.3	-472.9	14152.6	58.9	
95.60	214.0	13.1	-48.5	-0.1	220.8	-0.1	302.0	111.2	869.5	-738.1	13952.8	69.5	
95.65	216.6	13.2	-40.0	-0.0	218.4	-0.1	294.5	121.5	861.2	-1068.9	13765.1	79.3	
95.70	219.3	13.4	-38.4	-0.0	217.7	-0.1	290.9	137.3	854.2	-1564.0	13657.8	84.6	
95.75	222.0	13.1	-37.2	-0.0	218.9	-0.1	289.1	156.7	846.6	-2253.2	13639.3	90.2	
95.80	224.6	13.1	104.8	0.2	-221.5	-0.1	286.3	169.2	836.3	-2944.3	13701.5	106.8	
95.85	227.3	13.3	99.1	0.3	-227.1	-0.1	293.3	188.5	827.4	-3448.3	13981.4	107.5	
95.90	229.9	13.4	-48.7	-0.0	234.5	-0.1	305.9	205.8	821.7	-3868.3	14393.7	103.5	
95.95	232.6	13.4	-43.5	-0.1	241.8	-0.1	317.4	208.9	814.8	-4254.1	14831.2	106.1	
96.00	235.3	13.4	-41.8	-0.1	248.8	-0.1	331.4	212.8	806.8	-4516.5	15275.3	101.4	
96.05	237.9	13.3	-45.3	-0.1	253.2	-0.1	341.3	222.0	799.4	-4737.1	15521.3	94.8	
96.10	240.6	13.5	-44.6	-0.1	253.8	-0.1	341.9	231.3	792.6	-5030.1	15464.2	98.6	
96.15	243.3	13.8	-44.3	-0.0	253.9	-0.1	341.9	247.2	784.5	-5355.2	15340.2	100.1	
96.20	245.9	14.0	113.2	0.2	-253.9	-0.1	339.6	258.8	775.1	-5660.1	15225.6	105.3	
96.25	248.6	14.1	128.4	0.8	-253.2	-0.1	333.1	260.0	761.8	-5874.9	15109.0	116.1	
96.30	251.2	14.2	112.9	0.9	-252.4	-0.0	329.4	263.5	749.0	-5895.2	15048.2	112.9	
96.35	253.9	14.8	93.0	0.6	-250.6	-0.0	327.2	265.6	739.4	-5715.1	14980.3	106.5	
96.40	256.6	15.0	84.1	0.1	-248.1	0.0	324.3	262.7	729.8	-5479.5	14886.6	103.8	
96.45	259.2	15.1	-53.8	-0.2	244.5	0.0	319.7	251.5	716.8	-5218.1	14740.8	101.2	
96.50	261.9	15.0	-38.6	-0.1	240.7	0.0	313.8	243.6	702.7	-5018.4	14545.4	102.2	
96.55	264.5	15.0	-37.7	-0.1	236.6	-0.0	305.4	245.8	688.0	-4909.1	14278.3	102.7	
96.60	267.2	15.1	-44.9	-0.3	233.8	-0.0	298.3	257.0	672.2	-4867.2	14081.4	105.0	
96.65	269.8	15.3	-36.7	-0.4	231.7	-0.0	291.2	258.3	655.5	-4806.4	13961.4	115.2	
96.70	272.5	15.1	-21.8	-0.1	230.8	-0.0	289.0	249.8	641.3	-4641.4	13977.2	122.0	
96.75	275.1	14.9	113.6	0.2	-233.2	-0.0	296.3	242.3	627.4	-4427.8	14245.6	118.1	
96.80	277.8	14.9	98.0	0.1	-237.6	-0.0	308.7	237.9	613.9	-4200.5	14654.1	108.3	
96.85	280.5	14.9	-59.0	-0.3	242.7	-0.0	323.4	230.8	601.5	-3922.3	15112.7	96.8	
96.90	283.1	15.0	-43.6	-0.3	247.2	-0.1	336.6	220.3	589.7	-3699.6	15512.0	95.7	
96.95	285.8	15.0	-39.8	-0.1	251.7	-0.1	347.7	216.1	576.4	-3720.3	15852.9	94.4	
97.00	288.5	15.2	118.4	0.2	-258.5	-0.1	358.9	222.0	561.0	-3976.3	16295.0	100.6	
97.05	291.1	15.0	109.2	0.3	-266.3	-0.1	369.6	225.2	544.4	-4244.8	16813.7	100.3	
97.10	293.8	14.7	-64.4	-0.0	273.5	-0.0	383.4	226.5	531.1	-4450.3	17299.5	89.7	
97.15	296.5	14.7	-69.7	-0.3	277.9	-0.1	397.4	230.6	524.2	-4577.1	17569.5	79.2	
97.20	299.2	14.9	-51.4	-0.2	277.6	-0.1	398.4	227.6	519.1	-4676.2	17523.7	90.5	
97.25	301.8	15.0	-46.3	-0.2	273.5	-0.1	383.7	219.9	510.5	-4691.7	17256.4	106.8	
97.30	304.5	14.7	-39.6	-0.1	267.4	-0.1	361.7	213.6	498.3	-4541.7	16897.5	125.5	
97.35	307.2	15.0	-34.7	-0.1	261.4	-0.1	344.9	203.2	487.3	-4327.3	16551.7	137.9	
97.40	309.9	15.3	-33.5	-0.1	258.7	-0.1	341.3	194.3	479.1	-4202.6	16405.8	140.5	
97.45	312.5	15.2	123.8	0.1	-261.0	-0.1	348.7	191.8	470.8	-4196.7	16577.6	138.4	
97.50	315.2	15.4	131.2	0.5	-265.1	-0.1	356.8	188.5	459.9	-4225.9	16882.7	136.9	
97.55	317.8	15.5	117.5	0.6	-268.1	-0.1	364.4	184.0	451.2	-4181.1	17121.3	125.6	
97.60	320.5	15.3	102.8	0.4	-269.1	-0.0	373.7	184.0	447.6	-3957.8	17230.7	112.3	
97.65	323.2	15.1	99.8	0.1	-267.7	-0.0	381.1	167.4	448.2	-3421.5	17234.2	106.1	
97.70	325.8	14.8	-56.0	-0.1	267.3	-0.0	387.1	136.6	444.7	-2687.7	17351.2	100.4	
97.75	328.5	14.4	-55.8	-0.2	268.7	-0.0	391.0	107.1	435.1	-1952.8	17583.3	92.7	
97.80	331.2	14.6	-50.7	-0.2	269.5	-0.0	388.7	88.4	423.9	-1397.8	17721.9	96.8	
97.85	333.8	14.7	-49.6	-0.2	270.6	-0.0	390.3	76.8	417.1	-911.2	17845.3	97.3	
97.90	336.5	14.7	-50.6	-0.1	274.0	-0.1	402.0	62.2	414.3	-371.1	18098.8	88.3	
97.95	339.2	14.7	114.3	0.1	-279.4	-0.1	417.6	41.8	411.9	114.8	18474.8	82.9	
98.00	341.8	14.7	109.9	0.3	-285.5	-0.0	432.6	26.1	408.0	497.7	18891.6	69.6	
98.05	344.5	14.6	96.0	0.2	-289.7	-0.0	440.8	17.5	404.5	874.4	19176.5	54.1	
98.10	347.2	14.5	-86.2	-0.1	292.0	-0.0	443.5	5.1	399.5	1301.2	19326.6	40.0	
98.15	349.9	14.8	-82.9	-0.4	292.1	-0.0	440.8	-10.7	395.8	1780.1	19308.9	36.1	
98.20	352.6	15.2	-67.4	-0.2	288.9	-0.1	429.1	-26.4	394.1	2161.6	19053.3	40.8	
98.25	355.3	15.6	116.5	0.2	-284.2	-0.1	413.1	-39.1	390.0	2298.5	18729.3	57.9	
98.30	358.0	15.5	115.8	0.6	-279.8	-0.0	398.0	-46.1	385.2	2339.7	18432.7	70.4	
98.35	0.7	15.3	104.1	0.7	-278.3	-0.0	395.5	-51.9	384.7	2438.1	18309.1	62.7	
98.40	3.4	15.5	95.4	0.7	-278.4	0.0	399.5	-61.2	390.1	2543.1	18285.3	47.3	
98.45	6.1	15.9	95.9	0.8	-280.3	0.1	405.7	-71.3	392.4	2569.8	18406.3	40.9	
98.50	8.8	16.2	101.1	0.9	-282.8	0.1	408.2	-80.4	390.4	2576.7	18584.4	44.4	
98.55	11.5	16.2	98.5	1.0	-284.8	0.2	408.6	-87.1	390.2	2644.6	18723.7	42.4	
98.60	14.2	16.4	92.0	1.0	-285.0	0.2	405.3	-91.2	397.5	2846.1	18706.0	38.4	
98.65	16.9	16.6	96.6	1.0	-282.8	0.3	393.2	-98.6	405.1	3011.7	18538.4	42.9	
98.70	19.5	16.7	106.6	1.3	-284.2	0.3	391.5	-113.1	408.0	3202.1	18603.9	44.7	
98.75	22.2	16.7	104.3	1.6	-288.5	0.4	400.9	-126.1	412.7	3389.7	18856.6	31.9	
98.80	24.9	16.7	87.2	1.6	-292.5	0.5	415.6	-139.1	424.9	3726.2	19045.3	7.5	
98.85	27.6	16.6	72.3	1.3	-293.5	0.5	422.2	-151.0	437.3	4091.7	19004.8	-6.4	
98.90	30.3	16.5	73.2	1.1	-291.6	0.6	416.3	-160.2	446.6	4456.1	18769.9	-9.6	
98.95	33.0	16.7	85.8	1.2	-289.8	0.7	408.1	-173.5	454.1	4840.7	18539.0	-9.0	
99.00	35.7	17.1	91.4	1.5	-287.5	0.7	397.8	-194.1	464.5	5243.4	18242.5	-12.8	
99.05	38.4	17.1	86.6	1.7	-286.2	0.8	391.1	-209.7	475.8	5702.6	17988.4	-15.1	
99.10	41.2	17.2	76.8	1.7	-287.3	0.9	389.7	-220.8	486.5	6254.0	17870.6	-27.3	
99.15	43.9	17.4	72.5	1.7	-288.9	1.0	387.4	-234.8	495.9	6750.8	17797.4	-37.3	
99.20	46.6	17.7	74.9	1.8	-291.0	1.1	389.4	-250.1	506.5	7127.8	17782.1	-43.9	
99.25	49.3	17.5	76.2	1.9	-295.3	1.2	400.3	-266.0	519.3	7549.4	17886.4	-56.1	
99.30	52.1	17.0	67.8	1.9	-298.3	1.3	405.5	-284.8	531.3	7970.1	17897.0	-66.1	
99.35	54.8	16.8	55.8	1.7	-299.4	1.3	401.8	-289.2	541.0	8291.0	17832.0	-71.3	
99.40	57.5	17.0	60.7	1.5	-300.1	1.4	393.1	-286.2	550.6	8592.6	17770.4	-71.0	
99.45	60.3	17.4	80.5	1.8	-300.8	1.5	382.9	-300.3	556.5	8823.1	17709.6	-59.5	
99.50	63.0	17.8	87.7	2.2	-303.4	1.6	384.8	-316.6	565.1	9068.3	17765.7	-58.9	
99.55	65.8	17.7	77.7	2.5	-307.2	1.7	397.7	-323.7	579.3	9314.7	17900.9	-71.8	
99.60	68.5	17.4	63.2	2.3	-310.0	1.8	406.0	-333.5	591.4	9477.1	17998.1	-78.8	
99.65	71.2	17.3	53.8	2.0	-312.2	1.9	410.1	-335.7	601.9	9606.8	18098.1	-85.8	
99.70	74.0	17.9	62.9	1.9	-312.9	2.0	409.3	-334.7	613.9	9666.5	18122.4	-85.0	
99.75	76.7	18.3	76.4	2.1	-310.9	2.1	402.3	-339.7	625.2	9535.8	18016.5	-74.9	
99.80	79.5	18.7	72.8	2.2	-308.6	2.3	397.2	-337.0	639.3	9446.7	17870.8	-73.6	
99.85	82.2	18.7	65.5	2.2	-305.9	2.4	391.3	-334.9	653.8	9366.6	17684.9	-70.2	
99.90	85.0	18.7	64.8	2.0	-304.4	2.5	387.7	-333.3	666.8	9229.8	17636.6	-60.9	
99.95	87.7	18.7	67.3	1.9	-306.4	2.6	396.4	-325.7	682.0	9140.6	17829.1	-67.0	
100.00	90.4	18.6	77.9	2.1	-308.5	2.7	407.0	-330.8	697.0	9054.7	18003.8	-67.6	
100.05	93.2	18.8	82.4	2.4	-307.9	2.8	410.0	-342.8	713.1	8970.9	17948.6	-57.6	
100.10	95.9	19.0	73.8	2.4	-306.1	2.9	409.8	-335.8	733.4	9004.9	17776.2	-55.5	
100.15	98.7	19.0	70.0	2.3	-301.8	3.0	397.2	-327.4	749.1	8961.8	17470.0	-46.2	
100.20	101.4	18.9	74.6	2.2	-298.2	3.1	382.9	-323.1	761.6	8878.5	17238.7	-33.1	
100.25	104.2	18.6	81.5	2.3	-298.6	3.2	382.9	-318.2	778.8	8901.9	17253.3	-31.6	
100.30	106.9	18.1	82.6	2.4	-300.9	3.4	387.5	-328.9	797.0	8991.2	17350.4	-33.6	
100.35	109.7	17.9	68.1	2.3	-303.4	3.5	390.0	-332.6	812.2	9181.4	17444.4	-45.5	
100.40	112.5	17.7	59.2	1.9	-305.0	3.6	390.1	-320.7	824.4	9331.0	17514.7	-55.4	
100.45	115.2	17.4	70.1	1.7	-305.1	3.7	387.9	-315.7	836.0	9330.8	17532.7	-44.9	
100.50	118.0	17.4	79.9	1.8	-308.2	3.8	396.2	-316.1	850.4	9379.5	17732.5	-41.1	
100.55	120.8	17.5	79.8	1.9	-314.9	3.9	414.8	-320.8	863.4	9547.2	18148.4	-55.4	
100.60	123.6	17.8	72.5	1.9	-319.2	4.0	427.4	-322.3	872.4	9571.2	18461.2	-69.7	
100.65	126.3	17.3	63.8	1.7	-319.5	4.0	431.3	-311.4	883.7	9466.4	18540.6	-77.0	
100.70	129.1	16.7	66.5	1.6	-317.7	4.1	428.1	-296.9	894.0	9366.2	18462.9	-74.0	
100.75	131.9	16.3	75.1	1.6	-315.0	4.2	417.9	-299.2	901.2	9314.7	18277.8	-59.9	
100.80	134.7	16.4	77.3	1.6	-310.6	4.3	405.1	-299.9	908.8	9231.5	17975.6	-46.7	
100.85	137.4	16.7	77.6	1.6	-303.9	4.4	392.2	-286.9	918.5	8989.7	17583.6	-35.3	
100.90	140.2	16.9	76.5	1.5	-296.6	4.4	379.5	-265.3	924.7	8571.1	17240.5	-25.6	
100.95	143.0	17.1	74.5	1.4	-292.0	4.5	373.8	-250.6	929.4	8209.5	17071.2	-21.4	
101.00	145.8	17.3	78.8	1.4	-289.2	4.6	376.4	-243.1	938.3	7886.9	16984.5	-15.7	
101.05	148.6	17.4	84.9	1.5	-285.4	4.7	381.6	-232.1	950.3	7429.8	16871.3	-4.8	
101.10	151.3	17.0	84.6	1.6	-281.2	4.7	385.9	-208.3	959.4	6850.9	16789.2	0.7	
101.15	154.1	16.7	83.3	1.6	-278.5	4.8	388.7	-187.6	964.4	6340.3	16791.3	3.7	
101.20	156.9	16.5	84.0	1.6	-276.6	4.9	390.1	-174.9	971.0	5982.3	16773.1	7.7	
101.25	159.7	16.5	86.8	1.7	-273.1	5.0	388.2	-163.9	980.4	5655.6	16620.8	15.1	
101.30	162.5	16.2	89.3	1.8	-266.3	5.1	375.5	-151.7	987.4	5310.6	16232.4	23.9	
101.35	165.3	16.1	88.0	1.9	-257.2	5.2	354.5	-137.1	986.9	4921.6	15713.4	35.2	
101.40	168.1	16.2	82.8	1.8	-249.0	5.3	337.7	-121.1	987.5	4544.0	15244.6	43.7	
101.45	170.8	16.2	78.4	1.7	-244.1	5.3	335.0	-105.6	993.9	4207.4	14974.1	43.0	
101.50	173.6	16.2	77.5	1.6	-241.6	5.4	340.7	-91.1	997.2	3803.4	14875.5	33.8	
101.55	176.4	16.1	79.4	1.7	-239.3	5.5	345.8	-72.4	997.2	3366.3	14806.2	25.9	
101.60	179.2	16.0	80.6	1.8	-235.0	5.6	342.3	-56.8	996.1	2940.3	14579.2	26.7	
101.65	182.0	15.6	76.0	1.8	-229.1	5.7	334.9	-45.4	996.0	2606.5	14219.3	28.1	
101.70	184.9	15.1	68.9	1.7	-222.4	5.8	325.5	-34.7	997.9	2438.8	13759.0	26.2	
101.75	187.7	14.7	67.6	1.6	-214.9	5.9	312.3	-27.8	996.2	2213.2	13263.7	30.7	
101.80	190.5	14.9	68.3	1.6	-207.9	5.9	298.8	-15.7	990.8	1850.5	12831.2	33.5	
101.85	193.3	15.2	67.2	1.5	-202.1	6.0	288.7	2.5	987.5	1482.0	12470.0	31.9	
101.90	196.1	15.5	65.2	1.5	-197.0	6.1	281.2	15.8	986.1	1111.5	12142.3	30.3	
101.95	198.9	15.5	62.7	1.5	-192.6	6.2	275.1	27.7	983.0	722.4	11860.5	29.1	
102.00	201.7	15.5	62.5	1.5	-189.9	6.2	271.6	52.5	979.1	280.9	11672.2	24.4	
102.05	204.5	15.6	64.9	1.5	-187.4	6.3	265.2	74.8	972.2	-268.1	11497.1	25.9	
102.10	207.3	15.3	62.1	1.5	-185.0	6.4	259.0	85.2	965.0	-707.1	11307.6	28.4	
102.15	210.1	14.9	55.5	1.4	-183.3	6.5	259.7	95.5	959.1	-917.0	11153.9	20.6	
102.20	212.9	14.7	54.1	1.3	-181.1	6.5	258.4	103.3	951.7	-1190.5	10966.2	18.9	
102.25	215.7	14.6	53.4	1.2	-178.9	6.6	252.2	115.6	942.2	-1546.2	10761.5	16.2	
102.30	218.4	14.5	54.0	1.2	-177.6	6.7	248.1	132.7	931.1	-1860.6	10609.7	10.1	
102.35	221.2	14.4	55.5	1.2	-176.1	6.7	245.4	135.0	917.3	-2182.8	10447.2	9.4	
102.40	224.0	14.3	50.2	1.2	-175.1	6.8	245.7	148.1	907.1	-2528.1	10279.2	5.8	
102.45	226.8	14.6	46.4	1.0	-175.2	6.8	243.7	176.9	899.1	-3012.2	10111.8	4.2	
102.50	229.6	14.7	49.1	0.9	-175.3	6.9	233.9	191.9	885.0	-3593.8	9936.7	9.8	
102.55	232.3	14.8	47.8	0.7	-176.0	6.9	230.3	204.8	870.0	-3977.7	9844.9	7.3	
102.60	235.1	14.2	44.5	0.5	-175.3	7.0	229.4	209.4	860.8	-4219.4	9685.2	1.5	
102.65	237.9	14.2	43.5	0.4	-173.6	7.0	225.2	216.1	855.2	-4463.9	9435.0	0.7	
102.70	240.7	14.5	44.5	0.2	-172.8	7.0	216.1	237.2	844.4	-4674.6	9243.8	1.8	
102.75	243.5	15.0	52.6	0.2	-171.4	7.0	199.0	240.6	826.0	-4886.8	9059.5	11.4	
102.80	246.2	15.1	57.5	0.2	-169.6	7.0	186.5	237.1	809.8	-5035.5	8865.0	18.3	
102.85	249.0	15.0	54.0	0.3	-169.3	7.0	189.9	245.9	804.6	-5127.3	8763.8	13.1	
102.90	251.8	14.6	49.8	0.2	-170.7	7.0	196.9	249.2	798.2	-5283.2	8776.9	8.6	
102.95	254.6	14.4	47.7	0.1	-174.7	7.0	206.5	259.1	784.2	-5398.9	9024.0	1.6	
103.00	257.4	14.3	47.4	0.0	-178.9	7.0	216.3	262.8	768.3	-5440.1	9352.3	-7.0	
103.05	260.1	14.6	48.6	0.0	-180.1	7.0	224.2	254.8	758.6	-5406.0	9486.7	-12.6	
103.10	262.9	14.2	-61.5	-0.0	179.7	7.0	233.8	256.9	753.5	-5246.4	9519.7	-24.1	
103.15	265.6	14.2	-63.7	-0.2	178.8	7.0	234.3	254.6	740.6	-5096.8	9541.1	-25.8	
103.20	268.4	14.8	-60.8	-0.3	178.9	7.0	225.3	249.5	716.8	-5043.2	9630.4	-14.8	
103.25	271.2	15.0	-57.7	-0.3	179.2	7.0	220.0	251.0	695.6	-4971.4	9719.3	-9.6	
103.30	273.9	15.1	-52.6	-0.3	178.8	7.0	221.6	248.5	683.8	-4962.0	9703.4	-6.3	
103.35	276.7	15.1	-51.3	-0.3	178.8	7.0	226.6	245.6	674.4	-5015.4	9680.7	-0.7	
103.40	279.4	14.9	-54.4	-0.3	180.1	7.0	230.6	245.2	658.8	-4997.5	9803.1	0.7	
103.45	282.2	14.8	-55.9	-0.4	181.7	7.0	232.6	239.6	638.1	-4925.7	10005.8	-2.9	
103.50	284.9	14.9	-57.3	-0.4	183.1	6.9	239.5	237.0	622.9	-4872.7	10153.2	-10.1	
103.55	287.7	15.1	-57.7	-0.4	184.2	6.9	252.7	238.1	614.6	-4759.4	10274.0	-18.2	
103.60	290.4	15.2	-58.1	-0.3	185.3	6.9	264.9	223.6	603.1	-4514.5	10480.6	-27.0	
103.65	293.1	15.2	-65.3	-0.3	186.4	6.9	269.3	208.7	584.3	-4254.5	10714.9	-36.8	
103.70	295.9	15.0	-68.5	-0.4	187.3	6.9	268.8	209.6	565.2	-4155.4	10840.5	-39.8	
103.75	298.6	14.8	-62.5	-0.4	185.3	6.8	260.2	211.0	552.2	-4248.0	10673.5	-25.1	
103.80	301.3	14.9	-56.8	-0.4	179.6	6.8	246.1	201.3	543.9	-4174.5	10301.3	-9.5	
103.85	304.1	15.4	-54.4	-0.5	173.9	6.8	233.5	191.5	532.9	-3914.3	10000.7	-4.0	
103.90	306.8	15.6	-51.0	-0.5	171.7	6.8	226.7	185.3	517.4	-3755.9	9917.8	0.6	
103.95	309.6	15.9	-49.3	-0.5	172.8	6.7	232.1	183.4	505.7	-3604.5	10067.8	0.5	
104.00	312.3	16.5	-50.7	-0.4	175.7	6.7	246.2	170.9	500.0	-3207.4	10423.1	-8.6	
104.05	315.0	16.1	-52.8	-0.4	178.1	6.7	257.1	143.9	491.9	-2756.0	10762.1	-10.8	
104.10	317.8	15.9	-57.8	-0.5	178.9	6.7	261.5	131.1	481.8	-2359.1	10929.1	-9.2	
104.15	320.5	16.0	-60.3	-0.6	178.7	6.7	261.7	133.2	474.6	-2087.9	10973.2	-6.1	
104.20	323.2	16.1	-59.2	-0.8	179.4	6.6	263.6	120.7	467.1	-1843.3	11086.7	-3.2	
104.25	325.9	16.0	-60.7	-0.9	182.5	6.6	273.3	105.3	458.5	-1520.0	11367.9	-10.7	
104.30	328.6	15.5	-60.9	-1.0	183.8	6.5	278.1	94.6	449.8	-1203.4	11510.9	-19.9	
104.35	331.3	15.1	-57.2	-1.0	180.3	6.5	267.6	84.6	438.2	-1011.1	11309.7	-13.5	
104.40	334.0	15.1	-53.4	-1.0	174.3	6.4	250.9	77.1	425.4	-786.3	10936.2	-3.1	
104.45	336.7	15.4	-47.4	-1.0	167.5	6.4	236.7	63.8	419.9	-394.7	10502.4	2.1	
104.50	339.4	15.5	-44.4	-0.9	163.5	6.3	232.0	43.9	418.5	-41.2	10231.6	1.5	
104.55	342.1	15.6	-48.3	-0.9	163.0	6.3	233.8	32.0	413.1	148.7	10195.1	-4.7	
104.60	344.8	15.6	-54.6	-0.9	165.6	6.2	242.1	26.7	402.5	276.8	10378.1	-18.8	
104.65	347.5	15.3	-60.6	-1.0	167.7	6.2	248.9	16.2	396.4	410.7	10515.5	-32.3	
104.70	350.2	15.3	-66.6	-1.1	168.9	6.1	255.5	3.7	398.1	616.0	10580.9	-43.1	
104.75	352.9	15.5	-63.7	-1.2	168.4	6.1	253.4	-4.9	397.7	845.8	10531.2	-40.2	
104.80	355.6	15.8	-56.9	-1.2	168.0	6.0	247.2	-17.1	389.3	1037.2	10512.4	-30.7	
104.85	358.3	15.6	-56.8	-1.1	169.5	6.0	246.9	-32.5	383.0	1323.6	10590.6	-30.6	
104.90	0.9	15.3	-64.5	-1.1	173.1	5.9	257.6	-50.7	387.4	1783.6	10753.9	-48.7	
104.95	3.6	15.6	-69.5	-1.2	176.3	5.9	268.0	-67.8	392.7	2158.4	10891.9	-56.8	
105.00	6.3	15.6	-71.2	-1.3	177.1	5.8	268.9	-77.8	390.1	2387.1	10893.0	-57.5	
105.05	9.0	15.5	-68.0	-1.3	175.6	5.7	264.5	-83.9	384.2	2466.5	10772.7	-55.0	
105.10	11.7	15.8	-63.3	-1.2	172.0	5.7	257.6	-94.8	389.3	2629.4	10461.8	-52.7	
105.15	14.4	15.7	-62.5	-1.2	167.6	5.6	249.1	-107.6	399.8	2887.1	10048.0	-53.9	
105.20	17.1	15.6	-59.0	-1.1	163.2	5.5	236.1	-115.6	402.1	3111.7	9651.2	-43.1	
105.25	19.8	16.1	-55.9	-1.1	159.9	5.5	222.3	-125.1	400.8	3430.2	9305.4	-37.5	
105.30	22.5	16.4	-55.4	-1.0	159.6	5.4	218.3	-141.4	403.5	3799.9	9112.7	-40.4	
105.35	25.2	16.6	-59.1	-0.9	162.3	5.4	223.2	-160.5	412.8	4293.5	9068.1	-52.5	
105.40	27.8	17.0	-65.0	-0.9	166.2	5.3	230.6	-177.8	417.5	4707.8	9130.7	-62.6	
105.45	30.5	17.2	-69.5	-0.9	168.6	5.3	233.4	-186.7	420.1	4979.4	9169.1	-62.6	
105.50	33.2	17.3	-70.4	-1.0	170.3	5.3	234.8	-190.6	428.5	5263.4	9132.6	-60.5	
105.55	35.9	16.7	-64.7	-1.0	172.3	5.2	235.7	-200.6	439.8	5530.7	9121.5	-53.2	
105.60	38.5	16.3	-62.5	-0.9	177.2	5.2	243.3	-217.6	447.4	5771.5	9340.6	-54.7	
105.65	41.2	16.2	-65.7	-0.7	182.1	5.1	251.7	-226.7	456.2	5957.1	9613.3	-59.4	
105.70	43.9	16.4	-73.7	-0.7	187.2	5.1	257.0	-233.3	466.7	6211.7	9865.6	-69.5	
105.75	46.6	16.5	-80.8	-0.8	191.8	5.0	254.4	-250.9	474.6	6631.3	9973.3	-76.4	
105.80	49.2	16.5	-79.3	-0.8	194.9	5.0	249.1	-266.9	483.1	7004.4	9963.7	-71.2	
105.85	51.9	16.4	-71.6	-0.7	197.0	5.0	248.6	-274.5	495.9	7157.1	10015.1	-58.7	
105.90	54.6	16.3	-72.3	-0.7	201.8	4.9	256.0	-282.6	508.6	7297.5	10316.4	-57.2	
105.95	57.2	16.2	-82.8	-0.7	210.6	4.9	270.0	-290.6	516.0	7493.4	10924.6	-69.0	
106.00	59.9	16.2	-87.6	-0.8	218.8	4.9	284.2	-294.3	523.5	7579.7	11567.5	-72.5	
106.05	62.6	16.1	-86.4	-0.8	225.6	4.8	300.4	-289.5	537.9	7597.2	12125.1	-70.9	
106.10	65.2	16.0	-87.7	-0.7	232.3	4.8	314.1	-290.8	554.2	7798.3	12547.8	-76.1	
106.15	67.9	16.1	-93.4	-0.7	239.8	4.8	322.2	-311.1	564.0	8154.2	12919.2	-85.0	
106.20	70.6	16.3	-98.7	-0.7	246.2	4.7	326.8	-326.1	572.4	8433.7	13259.4	-86.1	
106.25	73.2	16.6	-100.7	-0.8	251.2	4.7	330.9	-325.9	584.4	8600.7	13581.9	-80.3	
106.30	75.9	16.7	-100.7	-0.9	256.5	4.6	332.8	-327.3	595.7	8771.5	13929.8	-77.1	
106.35	78.6	16.3	-98.6	-0.9	262.5	4.6	334.5	-335.3	604.4	8953.3	14314.1	-75.3	
106.40	81.3	15.9	-93.9	-0.8	267.4	4.5	339.6	-338.7	614.7	9005.8	14693.7	-70.0	
106.45	83.9	15.5	-94.8	-0.7	272.5	4.5	351.0	-339.4	629.2	9030.7	15082.8	-66.4	
106.50	86.6	15.1	-106.0	-0.8	279.6	4.5	367.0	-341.0	644.5	9190.0	15557.0	-75.0	
106.55	89.3	14.8	-112.4	-1.0	286.4	4.4	376.8	-343.8	657.3	9394.0	15999.0	-76.7	
106.60	91.9	14.7	-109.4	-1.1	292.1	4.4	381.1	-350.7	668.2	9550.3	16364.2	-69.9	
106.65	94.6	14.5	-105.2	-1.1	296.0	4.3	384.2	-352.2	682.8	9690.4	16603.4	-66.3	
106.70	97.2	14.4	-105.5	-1.0	300.0	4.3	390.6	-355.1	698.6	9892.5	16801.0	-72.3	
106.75	99.9	14.5	-106.7	-0.9	302.1	4.2	392.2	-356.4	712.6	10011.1	16892.8	-73.2	
106.80	102.6	14.6	-106.1	-0.9	302.1	4.2	389.7	-346.8	726.1	9930.7	16954.2	-67.4	
106.85	105.2	14.6	-103.7	-0.8	303.5	4.1	390.1	-338.7	739.2	9795.2	17159.8	-61.3	
106.90	107.9	14.7	-104.9	-0.7	307.4	4.1	397.8	-335.3	753.0	9730.7	17519.0	-63.8	
106.95	110.6	14.8	-108.2	-0.6	312.2	4.1	410.0	-331.7	768.4	9709.3	17899.8	-68.7	
107.00	113.2	15.0	-109.3	-0.6	315.5	4.0	419.2	-331.1	784.5	9669.8	18171.1	-69.1	
107.05	115.9	15.2	-107.9	-0.5	317.5	4.0	421.8	-330.6	798.7	9588.8	18363.5	-60.7	
107.10	118.6	14.9	-106.0	-0.5	319.3	4.0	419.8	-327.0	810.0	9510.9	18563.2	-49.5	
107.15	121.3	14.5	-101.6	-0.4	320.5	4.0	416.2	-323.1	818.3	9363.5	18754.9	-36.2	
107.20	124.0	14.0	-96.9	-0.3	321.3	3.9	420.1	-315.1	827.1	9107.7	18940.3	-28.7	
107.25	126.7	13.5	-95.3	-0.0	323.2	3.9	436.7	-300.6	840.9	8838.7	19200.7	-35.4	
107.30	129.4	13.3	93.1	0.3	-324.8	3.9	450.8	-287.6	853.3	8546.4	19442.7	-41.8	
107.35	132.1	13.4	89.7	0.4	-323.7	4.0	450.1	-280.2	861.4	8253.1	19483.1	-35.6	
107.40	134.8	13.7	88.0	0.4	-318.9	4.0	437.7	-271.2	869.9	8016.8	19228.0	-20.7	
107.45	137.5	13.8	91.2	0.5	-311.7	4.0	423.1	-258.4	879.8	7830.8	18765.1	-6.3	
107.50	140.2	13.7	92.7	0.6	-304.9	4.0	412.1	-247.2	890.1	7703.9	18302.0	0.4	
107.55	142.9	13.0	90.5	0.7	-300.8	4.1	408.0	-239.8	898.7	7595.6	18031.5	-0.6	
107.60	145.6	12.9	89.4	0.8	-298.2	4.1	407.3	-233.9	904.3	7400.5	17899.3	-1.6	
107.65	148.3	13.2	88.0	0.9	-294.6	4.1	408.0	-224.6	909.8	7110.0	17733.8	-3.1	
107.70	151.0	13.8	86.2	0.9	-287.9	4.2	402.5	-209.6	920.2	6822.0	17331.1	-2.6	
107.75	153.7	13.9	86.8	1.0	-277.3	4.2	384.9	-192.1	931.3	6500.4	16660.1	6.5	
107.80	156.4	13.9	87.6	1.2	-265.6	4.3	360.3	-180.6	939.6	6155.3	15924.8	20.0	
107.85	159.2	13.7	86.7	1.3	-257.2	4.3	344.0	-166.8	944.2	5850.3	15417.0	25.8	
107.90	161.9	13.9	84.8	1.4	-252.3	4.4	339.1	-154.9	946.6	5552.3	15166.3	24.5	
107.95	164.6	14.2	79.4	1.5	-248.4	4.5	336.6	-145.5	949.8	5334.8	14940.9	17.0	
108.00	167.3	14.5	73.6	1.4	-244.0	4.6	332.1	-134.7	952.5	5198.7	14664.1	9.3	
108.05	170.0	13.9	73.1	1.5	-238.9	4.6	325.6	-119.1	953.2	4898.5	14391.5	11.0	
108.10	172.7	13.5	75.5	1.5	-233.3	4.7	319.6	-98.0	953.2	4355.0	14161.7	20.1	
108.15	175.5	13.4	77.2	1.6	-229.1	4.8	318.5	-81.4	953.9	3793.6	14011.1	24.0	
108.20	178.2	13.5	76.6	1.7	-226.3	4.9	322.8	-66.4	955.1	3288.2	13917.5	20.5	
108.25	180.9	13.7	72.7	1.8	-223.0	5.0	325.5	-45.7	957.3	2718.0	13781.3	18.6	
108.30	183.7	14.0	68.0	1.7	-218.3	5.0	320.5	-22.3	957.2	2129.5	13548.3	20.1	
108.35	186.4	14.4	66.0	1.7	-213.4	5.1	309.8	-8.3	951.0	1683.7	13277.9	23.1	
108.40	189.1	14.8	64.1	1.6	-208.4	5.2	298.9	-0.4	945.0	1317.9	12972.6	23.7	
108.45	191.9	14.9	62.8	1.4	-202.6	5.3	288.7	12.1	945.1	825.6	12601.2	28.5	
108.50	194.6	14.8	62.1	1.3	-197.7	5.4	280.6	34.0	946.3	266.2	12275.9	30.1	
108.55	197.3	14.9	63.3	1.3	-194.6	5.4	273.8	57.9	942.5	-276.1	12051.2	30.8	
108.60	200.1	14.8	66.7	1.2	-192.0	5.5	266.8	71.2	938.4	-856.4	11835.9	41.1	
108.65	202.8	14.6	68.0	1.2	-190.9	5.5	266.9	89.6	942.1	-1419.5	11682.9	47.6	
108.70	205.5	14.2	66.6	1.1	-191.7	5.6	270.2	109.6	945.7	-1903.6	11640.8	44.2	
108.75	208.3	14.2	62.8	1.0	-192.5	5.7	268.0	117.8	938.0	-2223.3	11652.3	38.4	
108.80	211.0	14.2	60.4	0.8	-192.9	5.7	264.8	129.0	927.6	-2364.6	11653.8	36.4	
108.85	213.7	14.1	64.6	0.8	-192.6	5.7	265.0	138.0	924.2	-2464.8	11598.4	39.0	
108.90	216.5	14.2	69.1	0.8	-192.7	5.8	269.2	141.9	923.0	-2527.0	11576.5	37.0	
108.95	219.2	14.4	68.6	0.9	-193.8	5.8	273.7	147.4	916.3	-2563.7	11641.6	27.5	
109.00	222.0	14.5	67.9	1.0	-194.6	5.9	273.0	152.3	905.1	-2743.6	11663.5	26.6	
109.05	224.7	14.4	65.3	1.0	-195.3	5.9	272.2	168.2	898.1	-3039.0	11635.5	33.3	
109.10	227.5	14.3	62.0	0.9	-196.9	6.0	274.3	186.2	894.9	-3302.7	11648.8	34.8	
109.15	230.2	14.4	64.8	0.8	-198.6	6.0	274.2	191.3	884.0	-3500.6	11729.0	34.5	
109.20	233.0	14.4	70.1	0.8	-200.6	6.1	273.7	192.9	866.7	-3627.2	11864.3	34.3	
109.25	235.7	14.3	74.1	1.0	-202.1	6.1	276.2	196.7	854.6	-3690.7	11956.7	34.9	
109.30	238.5	14.2	73.7	1.1	-203.0	6.1	282.5	200.4	847.5	-3706.4	12010.5	31.5	
109.35	241.2	14.3	71.0	1.2	-205.5	6.2	291.2	208.3	837.9	-3746.2	12168.4	25.6	
109.40	244.0	14.4	70.7	1.3	-209.2	6.3	296.7	213.2	822.3	-3919.3	12394.6	22.5	
109.45	246.8	14.5	69.3	1.3	-211.9	6.3	299.6	218.9	807.7	-4180.1	12518.7	19.7	
109.50	249.5	14.3	65.2	1.3	-211.9	6.4	298.0	229.2	799.3	-4502.4	12397.2	20.5	
109.55	252.3	14.0	63.2	1.1	-208.5	6.5	287.6	235.0	788.2	-4802.4	12033.5	26.4	
109.60	255.1	13.8	65.8	1.0	-204.6	6.5	276.0	248.7	775.1	-5023.4	11629.5	32.3	
109.65	257.8	13.7	72.2	1.1	-201.0	6.6	265.3	251.2	761.8	-5174.8	11293.8	37.5	
109.70	260.6	13.8	74.8	1.3	-198.8	6.6	262.0	243.7	748.3	-5189.9	11142.4	32.9	
109.75	263.4	14.0	69.2	1.5	-197.5	6.7	267.4	237.9	735.2	-5030.3	11118.8	18.7	
109.80	266.1	13.9	60.4	1.5	-196.2	6.8	272.1	234.6	723.1	-4901.7	11073.6	8.6	
109.85	268.9	13.8	51.3	1.3	-195.6	6.8	274.7	236.3	711.1	-4850.6	11046.0	0.3	
109.90	271.6	13.7	50.2	1.2	-197.2	6.9	276.6	244.6	695.3	-4940.5	11133.9	-1.7	
109.95	274.4	13.4	55.9	1.1	-199.2	7.0	277.4	249.2	678.9	-5118.4	11218.3	1.9	
