Time[s]	Rotor azimuth angle[deg]	Hub wind speed magnitude[m/s]	ACTTORQUE1[Nm]	PITRAT1[deg/s]	PITFRIC1[kNm]	PITCH1[deg]	Blade root 1 Fx[KN]	Blade root 1 Fy[KN]	Blade root 1 Fz[KN]	Blade root 1 Mx[kNm]	Blade root 1 My[kNm]	Blade root 1 Mz[kNm]	
END_OF_HEADER
50.00	304.7	19.0	-56.3	-0.4	147.5	21.2	232.0	165.2	440.5	-3015.0	8332.7	-43.5	
50.05	307.2	19.0	-52.6	-0.5	146.2	21.2	221.8	166.3	420.3	-2670.7	8386.3	-25.6	
50.10	309.7	19.2	-45.6	-0.5	141.9	21.2	212.4	138.2	407.0	-2212.4	8264.6	-15.2	
50.15	312.3	19.5	-39.0	-0.4	134.4	21.1	204.7	120.3	408.3	-1874.3	7808.4	-9.3	
50.20	314.8	19.9	-33.1	-0.3	126.2	21.1	194.7	116.1	410.2	-1730.6	7238.4	-0.3	
50.25	317.3	20.3	-30.5	-0.2	120.1	21.1	181.1	106.8	399.0	-1559.6	6861.5	5.8	
50.30	319.9	20.6	-31.0	-0.2	117.8	21.1	173.5	94.5	386.7	-1083.8	6818.5	3.9	
50.35	322.4	20.9	-32.4	-0.1	120.1	21.1	179.0	85.4	381.9	-714.3	7047.3	3.5	
50.40	324.9	21.1	-30.6	-0.0	125.1	21.1	190.6	75.7	374.7	-591.2	7422.2	5.5	
50.45	327.5	21.8	38.9	0.1	-129.7	21.1	199.0	67.7	362.3	-274.5	7786.4	-7.1	
50.50	330.0	21.8	33.5	0.1	-134.1	21.1	204.9	51.1	351.2	191.8	8127.9	-16.5	
50.55	332.5	21.5	-46.1	-0.0	138.3	21.1	212.8	35.7	350.7	582.9	8415.3	-8.3	
50.60	335.1	20.8	-48.3	-0.2	143.6	21.1	226.0	30.0	353.5	896.9	8753.9	-6.0	
50.65	337.6	20.5	-50.9	-0.2	151.4	21.1	243.9	16.2	347.9	1150.5	9275.1	-17.0	
50.70	340.2	20.4	-58.9	-0.2	160.4	21.1	264.5	-1.5	339.5	1382.7	9875.5	-40.4	
50.75	342.8	20.3	-66.1	-0.3	164.7	21.1	274.4	-13.9	339.2	1463.4	10165.2	-55.2	
50.80	345.3	20.7	-61.2	-0.3	160.2	21.1	259.1	-25.1	338.1	1344.9	9881.7	-42.0	
50.85	347.9	21.1	-50.9	-0.3	151.2	21.0	230.2	-26.6	327.5	1321.2	9286.0	-26.1	
50.90	350.5	21.6	-44.8	-0.2	144.1	21.0	209.2	-27.8	319.3	1501.4	8783.2	-27.1	
50.95	353.0	21.4	-46.2	-0.0	142.8	21.0	210.3	-48.4	326.0	1744.8	8619.6	-37.8	
51.00	355.6	21.4	28.5	0.1	-147.8	21.0	229.2	-71.3	339.4	2180.6	8822.7	-60.6	
51.05	358.1	21.8	20.9	0.0	-155.0	21.0	247.0	-83.8	338.3	2564.3	9224.2	-75.5	
51.10	0.7	21.9	-75.1	-0.2	159.9	21.0	256.4	-83.9	327.8	2661.1	9564.6	-69.6	
51.15	3.3	21.3	-76.9	-0.5	161.3	21.0	262.9	-69.2	332.1	2716.0	9654.2	-66.6	
51.20	5.8	20.1	-70.4	-0.7	159.3	21.0	261.9	-82.4	346.7	2916.1	9412.9	-61.3	
51.25	8.4	19.2	-62.4	-0.7	155.5	20.9	247.8	-124.4	349.6	3352.3	8949.3	-54.0	
51.30	11.0	18.8	-59.3	-0.7	151.6	20.9	229.0	-148.5	345.7	3958.8	8393.1	-52.5	
51.35	13.6	19.0	-56.8	-0.7	148.2	20.9	217.7	-159.7	347.4	4375.0	7897.6	-50.9	
51.40	16.2	19.6	-57.6	-0.6	145.8	20.8	208.7	-177.3	359.6	4848.3	7375.1	-60.0	
51.45	18.8	19.9	-61.6	-0.5	145.9	20.8	199.0	-202.9	367.6	5462.3	6889.6	-79.5	
51.50	21.4	20.0	-58.9	-0.4	145.1	20.8	190.1	-225.9	364.4	5685.1	6590.6	-73.2	
51.55	24.0	20.0	-59.7	-0.4	143.6	20.8	191.6	-210.0	366.3	5559.6	6587.6	-56.6	
51.60	26.6	20.5	-63.1	-0.6	144.5	20.7	198.8	-186.4	378.3	5563.7	6710.6	-50.9	
51.65	29.2	21.0	-62.8	-0.7	148.8	20.7	203.7	-204.3	383.1	5824.9	6847.8	-48.9	
51.70	31.8	20.8	-62.4	-0.8	154.0	20.7	203.1	-235.7	387.3	6371.6	6796.5	-53.6	
51.75	34.4	20.6	-62.2	-0.7	157.9	20.6	201.9	-254.9	400.3	6917.0	6592.4	-57.9	
51.80	37.0	20.3	-65.0	-0.7	160.5	20.6	200.5	-267.1	413.4	7281.4	6437.5	-62.4	
51.85	39.6	20.1	-72.2	-0.8	164.2	20.6	193.6	-281.0	421.4	7765.8	6257.2	-75.1	
51.90	42.2	20.7	-74.7	-0.8	168.0	20.5	192.6	-304.0	422.9	8077.0	6236.0	-86.1	
51.95	44.9	21.4	-71.2	-0.8	167.7	20.5	200.8	-312.4	429.6	7869.5	6400.8	-86.7	
52.00	47.5	22.0	-69.4	-0.7	164.5	20.4	209.3	-294.5	445.2	7397.8	6601.5	-84.7	
52.05	50.1	21.7	-71.2	-0.6	162.9	20.4	211.4	-287.1	450.8	7070.5	6792.9	-88.4	
52.10	52.7	21.1	-73.2	-0.6	162.7	20.4	201.1	-297.4	454.9	7187.9	6635.5	-91.9	
52.15	55.4	20.4	-71.8	-0.6	161.9	20.4	194.2	-304.5	475.0	7432.9	6233.2	-87.9	
52.20	58.0	20.4	-67.6	-0.5	160.5	20.3	195.2	-307.4	501.6	7472.8	5962.9	-76.6	
52.25	60.6	20.3	-74.4	-0.5	163.5	20.3	200.9	-308.9	514.4	7562.2	6177.4	-89.8	
52.30	63.3	20.1	-87.4	-0.7	171.7	20.3	209.7	-324.7	510.5	7834.9	6746.2	-113.6	
52.35	65.9	19.9	-94.9	-0.8	178.5	20.2	222.4	-335.0	515.9	8028.0	7222.8	-126.4	
52.40	68.5	19.5	-90.2	-0.9	179.2	20.2	238.6	-316.4	540.3	7928.8	7409.2	-119.5	
52.45	71.2	18.9	-80.0	-0.8	176.3	20.1	244.8	-301.4	562.5	7651.5	7391.3	-108.9	
52.50	73.8	18.9	-75.4	-0.6	173.1	20.1	229.7	-314.2	572.1	7524.2	7158.4	-107.5	
52.55	76.5	19.0	-78.1	-0.5	170.6	20.1	210.8	-328.8	581.6	7566.1	6818.5	-112.0	
52.60	79.2	19.0	-84.0	-0.5	167.8	20.1	207.5	-324.9	602.4	7553.9	6517.1	-121.0	
52.65	81.8	18.3	-90.0	-0.6	168.9	20.0	219.3	-321.9	626.2	7676.8	6449.3	-129.2	
52.70	84.5	18.3	-98.0	-0.7	175.4	20.0	227.1	-344.1	638.7	8104.3	6585.4	-149.7	
52.75	87.2	18.6	-98.3	-0.7	181.7	20.0	224.9	-376.1	640.4	8518.3	6707.4	-152.8	
52.80	89.8	18.9	-92.5	-0.7	182.1	19.9	219.7	-378.7	648.4	8642.1	6588.8	-134.4	
52.85	92.5	18.9	-86.9	-0.8	178.6	19.9	213.9	-360.5	669.5	8674.2	6167.9	-114.8	
52.90	95.1	19.1	-82.2	-0.8	176.3	19.8	209.1	-349.5	691.0	8755.8	5763.8	-104.1	
52.95	97.8	19.7	-76.4	-0.7	176.7	19.8	208.9	-355.2	704.2	8843.2	5641.4	-92.8	
53.00	100.5	19.4	-73.7	-0.6	176.4	19.8	208.0	-361.6	717.8	8843.0	5550.6	-90.5	
53.05	103.2	19.1	-70.8	-0.5	172.9	19.7	206.8	-353.5	729.6	8615.2	5443.7	-79.8	
53.10	105.9	19.2	-70.6	-0.6	170.0	19.7	205.8	-341.1	743.1	8480.7	5288.6	-67.9	
53.15	108.6	20.3	-73.1	-0.7	169.1	19.7	199.5	-337.1	760.9	8533.1	5079.3	-70.5	
53.20	111.3	21.0	-72.1	-0.7	168.3	19.6	191.9	-344.6	775.8	8494.4	4992.4	-78.0	
53.25	114.1	20.9	-68.0	-0.6	164.9	19.6	184.8	-344.1	787.0	8194.4	4993.0	-82.2	
53.30	116.8	20.4	-66.0	-0.4	160.0	19.6	183.0	-330.0	797.8	7703.5	5138.0	-85.2	
53.35	119.5	20.4	-67.4	-0.4	156.7	19.6	188.9	-310.0	809.5	7177.4	5494.7	-82.3	
53.40	122.3	20.9	-74.3	-0.4	158.8	19.6	205.1	-302.8	824.5	6959.9	5980.8	-90.6	
53.45	125.0	21.1	-81.3	-0.5	163.1	19.5	225.1	-304.6	841.6	6914.3	6443.6	-111.3	
53.50	127.8	21.0	-79.8	-0.4	163.5	19.5	238.6	-291.2	858.4	6616.6	6787.8	-118.6	
53.55	130.5	20.7	-73.3	-0.3	160.0	19.5	241.0	-263.5	870.2	5992.5	7057.0	-104.3	
53.60	133.3	20.4	-71.8	-0.2	159.7	19.5	241.0	-245.9	877.5	5588.5	7391.1	-96.1	
53.65	136.0	20.2	-77.6	-0.2	163.9	19.5	245.7	-246.3	889.0	5615.6	7744.2	-105.5	
53.70	138.8	20.0	-79.7	-0.1	167.6	19.5	256.2	-244.9	908.1	5668.4	8008.2	-112.4	
53.75	141.5	19.8	-77.4	-0.0	169.7	19.5	270.6	-227.8	925.7	5524.1	8290.1	-110.4	
53.80	144.3	19.3	19.4	0.1	-172.0	19.5	277.8	-217.2	938.1	5464.6	8526.0	-116.7	
53.85	147.1	18.7	13.2	0.0	-175.2	19.5	281.7	-224.7	948.6	5511.4	8755.0	-127.9	
53.90	149.8	19.4	-91.7	-0.1	177.7	19.5	288.3	-221.9	963.5	5408.1	9010.6	-122.4	
53.95	152.6	19.7	-87.4	-0.2	179.1	19.5	297.8	-197.5	979.4	5083.7	9323.3	-106.3	
54.00	155.4	19.9	-81.1	-0.2	179.2	19.4	300.2	-179.2	986.6	4728.3	9537.9	-95.1	
54.05	158.2	20.3	-77.6	-0.2	177.9	19.4	293.2	-176.3	990.2	4529.4	9547.3	-95.5	
54.10	161.0	20.3	-75.8	-0.1	175.0	19.4	283.2	-171.9	999.4	4348.8	9420.4	-90.5	
54.15	163.8	20.3	-74.0	-0.1	174.9	19.4	284.9	-164.8	1007.7	4250.2	9451.1	-83.1	
54.20	166.7	20.6	-81.2	-0.1	178.3	19.4	296.0	-164.9	1011.5	4441.9	9618.2	-97.9	
54.25	169.5	21.2	-85.5	-0.1	181.7	19.4	310.1	-165.0	1015.5	4685.5	9741.3	-115.3	
54.30	172.3	21.8	20.3	0.0	-178.1	19.4	310.5	-161.0	1022.0	4571.7	9491.6	-123.5	
54.35	175.1	22.0	22.1	0.2	-164.3	19.4	283.3	-144.5	1023.8	4038.8	8686.0	-103.4	
54.40	178.0	21.9	22.8	0.2	-147.8	19.4	246.7	-118.5	1014.4	3420.7	7746.2	-72.7	
54.45	180.8	21.6	23.7	0.1	-133.6	19.4	217.6	-89.9	1005.1	2963.3	6903.2	-46.3	
54.50	183.6	21.2	26.4	0.1	-124.4	19.4	203.6	-60.8	1005.7	2662.9	6352.5	-29.6	
54.55	186.4	21.2	29.1	0.1	-121.7	19.4	206.0	-38.6	1008.9	2367.1	6256.5	-22.8	
54.60	189.3	21.5	29.5	0.2	-123.8	19.4	215.6	-28.8	1004.2	1989.5	6529.1	-28.1	
54.65	192.1	21.9	22.6	0.1	-127.7	19.5	225.7	-18.4	1002.4	1660.0	6897.4	-40.9	
54.70	194.9	21.8	-60.7	-0.2	131.4	19.5	234.7	-5.6	1008.5	1356.1	7218.6	-46.7	
54.75	197.8	21.5	-60.6	-0.4	134.2	19.4	239.4	20.7	1014.2	804.4	7494.9	-38.3	
54.80	200.7	20.8	-56.3	-0.6	139.2	19.4	243.3	48.4	1011.8	22.5	7899.2	-38.5	
54.85	203.5	20.9	-55.9	-0.4	148.0	19.4	252.7	54.1	1003.1	-759.4	8509.0	-58.6	
54.90	206.4	20.7	-62.6	-0.2	157.3	19.4	266.5	56.1	997.1	-1317.9	9114.3	-84.4	
54.95	209.3	20.5	-72.2	-0.1	164.9	19.4	281.9	65.7	996.5	-1768.7	9571.9	-97.7	
55.00	212.2	20.7	-76.8	-0.1	169.7	19.4	290.5	78.9	998.2	-2104.8	9840.4	-97.5	
55.05	215.0	20.9	-79.9	-0.1	174.4	19.4	293.7	95.4	992.2	-2327.3	10133.6	-102.7	
55.10	217.9	21.1	27.3	0.1	-179.2	19.4	295.4	109.7	981.0	-2525.8	10451.8	-101.7	
55.15	220.8	21.4	27.6	0.1	-182.3	19.4	300.1	118.5	974.2	-2783.0	10615.3	-98.4	
55.20	223.6	21.3	26.2	0.1	-181.9	19.4	301.4	140.7	973.6	-3076.5	10469.2	-80.4	
55.25	226.5	21.2	-77.4	-0.1	179.4	19.4	293.0	170.2	969.9	-3418.5	10143.4	-60.3	
55.30	229.4	21.2	-68.2	-0.3	175.7	19.3	274.1	187.0	958.5	-3770.4	9752.7	-38.7	
55.35	232.3	20.7	-57.8	-0.3	171.8	19.3	256.0	205.4	948.3	-4021.2	9347.4	-23.4	
55.40	235.2	20.6	-52.6	-0.3	168.0	19.3	252.7	207.2	948.5	-4046.1	9026.4	-20.1	
55.45	238.1	21.3	-58.2	-0.3	165.1	19.3	258.7	191.1	947.6	-3810.1	8909.5	-36.5	
55.50	241.1	21.0	-66.9	-0.3	163.3	19.3	261.2	178.5	937.0	-3410.1	8952.1	-59.4	
55.55	244.0	20.9	-66.0	-0.3	163.1	19.3	256.2	177.4	919.4	-3286.7	9008.5	-60.6	
55.60	247.0	21.1	-58.9	-0.3	163.7	19.3	251.5	181.0	905.5	-3414.4	9027.4	-45.6	
55.65	249.9	21.1	-55.6	-0.2	164.2	19.2	255.1	178.8	901.7	-3406.8	9066.4	-39.5	
55.70	252.9	21.1	-55.5	-0.1	166.1	19.2	258.0	177.5	892.3	-3451.5	9206.6	-37.7	
55.75	255.8	21.2	-55.7	-0.0	171.5	19.2	259.6	189.1	873.0	-3747.1	9524.5	-26.5	
55.80	258.7	21.4	-54.6	-0.0	176.7	19.2	263.6	208.7	857.5	-3939.5	9833.3	-11.5	
55.85	261.7	21.6	50.8	0.0	-178.9	19.2	272.8	208.8	849.4	-3745.7	10076.0	-10.1	
55.90	264.6	21.7	49.6	0.1	-180.3	19.2	284.9	195.6	840.2	-3379.8	10318.0	-20.3	
55.95	267.6	21.4	47.9	0.2	-181.6	19.3	290.5	185.1	827.0	-3137.8	10508.9	-27.5	
56.00	270.5	21.5	48.3	0.2	-183.5	19.3	290.6	189.7	812.1	-3113.5	10666.6	-24.9	
56.05	273.5	21.6	47.0	0.2	-186.4	19.3	293.6	194.5	798.9	-3127.0	10892.1	-24.2	
56.10	276.4	21.3	47.7	0.2	-189.4	19.3	294.5	194.7	784.5	-3221.9	11108.7	-17.9	
56.15	279.4	20.8	53.3	0.1	-193.3	19.3	293.3	199.4	769.2	-3467.3	11352.6	-4.6	
56.20	282.4	20.3	57.3	0.1	-199.5	19.3	298.6	198.8	752.9	-3678.3	11775.4	5.5	
56.25	285.4	19.8	-64.2	-0.0	205.2	19.3	313.0	193.3	741.1	-3516.0	12258.7	-2.7	
56.30	288.3	19.0	-73.5	-0.1	208.8	19.3	330.2	177.1	731.8	-3045.5	12650.7	-29.4	
56.35	291.3	18.6	-78.9	-0.2	211.6	19.3	347.0	159.5	721.9	-2709.3	12929.9	-52.0	
56.40	294.4	19.0	-77.8	-0.1	212.0	19.3	352.5	156.2	709.5	-2703.8	12964.4	-61.4	
56.45	297.4	18.8	-75.5	-0.1	207.1	19.3	338.6	148.5	695.0	-2824.8	12615.6	-64.4	
56.50	300.4	18.8	44.9	0.0	-195.8	19.3	310.2	140.6	682.7	-2860.0	11822.0	-52.4	
56.55	303.4	19.0	48.3	0.1	-182.7	19.3	279.8	156.4	674.5	-3046.4	10817.1	-24.2	
56.60	306.4	19.9	61.2	0.2	-175.3	19.3	259.4	183.5	668.8	-3427.0	10126.1	22.8	
56.65	309.4	20.4	65.1	0.3	-171.3	19.3	250.0	181.7	667.3	-3334.5	9864.6	34.2	
56.70	312.5	20.5	60.1	0.4	-169.3	19.3	246.8	144.4	660.8	-2782.5	9957.8	21.9	
56.75	315.5	19.5	56.1	0.4	-169.1	19.3	246.0	120.3	651.0	-2340.3	10098.2	23.9	
56.80	318.6	19.3	53.1	0.3	-168.0	19.4	250.2	122.8	649.2	-1930.2	10087.4	33.9	
56.85	321.6	19.4	47.4	0.1	-166.0	19.4	258.9	106.8	654.8	-1141.8	10045.6	19.2	
56.90	324.7	19.4	44.5	0.1	-168.6	19.4	274.1	61.3	653.3	-199.8	10304.7	-8.8	
56.95	327.7	19.2	45.3	0.1	-176.7	19.4	298.0	24.8	647.5	399.1	10863.7	-31.0	
57.00	330.8	19.3	46.4	0.2	-186.2	19.4	323.4	22.3	642.3	479.8	11507.5	-38.1	
57.05	333.9	20.0	42.6	0.2	-193.8	19.4	340.0	25.2	635.5	586.1	12031.9	-40.3	
57.10	337.0	20.0	39.7	0.1	-197.1	19.4	341.3	7.8	625.6	1076.2	12255.6	-48.0	
57.15	340.0	19.8	46.1	0.1	-194.4	19.4	325.3	-16.6	616.6	1586.7	12047.8	-38.5	
57.20	343.1	19.2	55.2	0.2	-185.8	19.4	299.4	-35.8	612.9	1918.2	11418.6	-17.7	
57.25	346.2	19.4	50.4	0.4	-176.5	19.4	278.8	-50.0	612.1	2340.6	10672.5	-24.5	
57.30	349.3	19.6	41.2	0.5	-172.0	19.4	269.5	-70.2	608.7	2927.1	10187.6	-38.0	
57.35	352.3	19.9	35.1	0.4	-172.5	19.5	272.5	-87.6	607.3	3378.9	10063.3	-48.6	
57.40	355.4	20.1	36.3	0.4	-174.2	19.5	285.5	-84.3	611.5	3354.3	10172.4	-47.3	
57.45	358.6	20.3	40.8	0.5	-174.3	19.5	295.0	-66.3	614.3	2867.5	10312.7	-39.5	
57.50	1.7	20.6	39.5	0.5	-172.0	19.5	288.9	-69.8	614.3	2542.0	10230.8	-41.3	
57.55	4.8	20.3	33.2	0.5	-167.3	19.6	272.6	-94.8	615.0	2674.5	9857.5	-50.1	
57.60	8.1	19.9	44.9	0.4	-155.8	19.6	251.1	-64.8	634.7	876.6	9374.7	4.3	
57.65	11.4	19.4	34.6	0.4	-154.4	19.6	254.6	-100.0	657.1	1460.7	9130.4	-36.7	
57.70	14.5	19.4	11.2	0.6	-158.2	19.6	259.7	-104.6	677.3	2617.3	9131.6	-134.2	
57.75	17.8	19.4	29.5	0.9	-158.9	19.7	251.1	-212.0	661.1	2684.0	9030.9	-104.5	
57.80	21.0	19.7	16.2	1.2	-162.1	19.7	269.8	-159.8	670.6	3538.4	9030.2	-141.2	
57.85	24.2	20.4	8.0	1.4	-160.9	19.8	272.0	-152.7	701.8	3414.9	8965.5	-159.4	
57.90	27.5	21.1	16.9	1.6	-160.1	19.9	279.6	-223.1	703.0	2533.7	9044.2	-121.6	
57.95	30.7	21.6	7.5	1.7	-163.3	19.9	298.8	-161.1	705.4	2942.2	9232.0	-152.1	
58.00	33.9	21.5	8.9	1.8	-157.3	20.0	273.3	-168.8	721.9	3093.7	8740.8	-137.3	
58.05	37.1	21.8	21.8	1.8	-147.8	20.1	265.0	-182.3	747.1	3449.1	7807.4	-81.1	
58.10	40.4	22.3	17.3	1.9	-142.3	20.2	261.2	-136.0	785.0	4509.6	6809.3	-88.9	
58.15	43.6	22.5	16.4	1.9	-132.0	20.3	198.8	-215.9	790.6	4699.2	5699.3	-80.2	
58.20	47.0	22.7	15.8	1.9	-129.5	20.4	175.2	-254.5	793.0	5036.1	5074.1	-78.6	
58.25	50.3	22.9	9.8	1.9	-131.8	20.5	195.6	-217.2	828.1	5468.9	4909.8	-100.6	
58.30	53.6	23.3	10.0	2.0	-126.7	20.6	184.1	-244.8	866.6	4992.5	4753.3	-94.3	
58.35	57.0	23.9	2.1	2.0	-127.3	20.7	197.2	-227.2	891.0	4969.1	4831.6	-121.3	
58.40	60.4	24.1	-5.0	2.0	-128.0	20.8	216.3	-235.4	901.7	4723.3	5058.7	-146.3	
58.45	63.8	23.5	-8.2	2.0	-122.9	20.9	186.0	-286.1	922.2	4258.4	4854.4	-152.0	
58.50	67.1	23.2	-18.8	2.0	-127.4	21.0	195.7	-258.6	957.0	4892.5	4751.2	-192.4	
58.55	70.5	23.2	-20.1	2.0	-135.3	21.1	221.7	-279.5	971.3	5485.3	4830.6	-204.8	
58.60	73.9	23.5	-19.6	2.0	-139.1	21.2	199.6	-325.2	983.6	5950.8	4590.8	-206.5	
58.65	77.3	23.1	-26.0	2.0	-143.8	21.3	201.4	-307.5	1008.5	6546.2	4412.9	-233.4	
58.70	80.7	22.9	-23.2	2.0	-138.8	21.4	213.7	-314.9	1024.2	6190.2	4172.5	-218.7	
58.75	84.1	23.2	-13.5	2.0	-128.0	21.5	180.3	-302.1	1038.1	5752.0	3483.4	-174.4	
58.80	87.5	23.2	-5.9	2.0	-121.9	21.6	164.6	-254.2	1060.6	5774.8	2736.3	-142.3	
58.85	91.0	23.3	1.2	2.0	-114.7	21.7	172.2	-255.8	1081.7	5425.2	2070.1	-110.7	
58.90	94.4	23.6	1.1	2.0	-108.5	21.8	148.9	-245.2	1108.8	5199.2	1388.9	-104.9	
58.95	97.9	23.8	-3.8	2.0	-105.5	21.9	127.3	-240.2	1130.2	5091.9	958.7	-118.4	
59.00	101.5	24.1	-6.6	2.0	-105.0	22.0	126.9	-283.4	1138.6	4964.7	769.1	-127.8	
59.05	104.9	24.5	-16.4	2.0	-114.1	22.1	105.2	-295.6	1160.5	5678.7	291.5	-170.4	
59.10	108.4	24.8	-20.0	2.0	-119.1	22.2	84.1	-294.1	1188.2	6055.9	-324.2	-187.6	
59.15	111.9	24.8	-15.9	2.0	-112.9	22.3	92.8	-289.4	1199.7	5567.3	-505.4	-167.5	
59.20	115.4	24.8	-16.9	2.0	-110.2	22.4	91.4	-269.2	1208.7	5413.0	-512.6	-168.3	
59.25	118.9	24.5	-13.3	2.0	-108.9	22.5	88.3	-283.6	1219.7	5254.9	-648.1	-154.5	
59.30	122.4	24.2	-2.7	2.0	-105.8	22.6	101.2	-268.6	1240.5	4958.6	-1075.6	-115.1	
59.35	125.8	24.0	5.3	2.0	-101.0	22.7	91.4	-206.3	1264.3	4580.8	-1654.1	-82.7	
59.40	129.3	23.9	17.8	2.0	-97.8	22.8	58.4	-194.9	1274.7	4118.3	-2245.2	-36.9	
59.45	132.8	23.8	17.2	2.0	-103.5	22.9	37.5	-209.5	1289.8	4165.4	-2915.5	-44.6	
59.50	136.3	23.7	16.1	2.0	-110.6	23.0	9.2	-205.5	1317.1	4214.4	-3712.1	-55.3	
59.55	139.7	23.8	21.7	2.0	-107.0	23.1	-10.6	-180.0	1330.2	3552.7	-4079.8	-32.5	
59.60	143.2	23.8	16.2	2.0	-98.6	23.2	4.1	-140.1	1331.9	3155.8	-3736.1	-43.0	
59.65	146.7	23.6	2.8	2.0	-89.4	23.3	37.1	-140.3	1342.1	3082.8	-2809.7	-79.7	
59.70	150.2	23.3	-8.3	2.0	-77.5	23.4	76.6	-157.1	1362.6	2665.9	-1716.0	-106.2	
59.75	153.8	23.5	-19.9	2.0	-64.8	23.5	114.7	-128.7	1383.8	2017.4	-856.9	-132.9	
59.80	157.3	24.1	-26.3	2.0	-53.0	23.6	114.3	-95.5	1388.4	1272.8	-492.4	-143.4	
59.85	160.8	24.4	-29.2	2.0	-45.6	23.7	86.8	-81.5	1383.6	722.1	-530.9	-145.9	
59.90	164.3	23.9	-34.3	2.0	-42.0	23.8	79.4	-67.1	1394.8	362.5	-552.6	-159.7	
59.95	167.8	24.2	-39.7	2.0	-37.2	23.9	92.5	-50.0	1409.3	-92.4	-268.7	-173.4	
60.00	171.3	24.7	-43.8	2.0	-39.2	24.0	107.9	-38.7	1406.2	-358.0	203.4	-189.7	
60.05	174.8	25.3	-51.5	2.0	-43.7	24.1	123.4	-44.0	1396.7	-362.7	607.3	-220.4	
60.10	178.4	25.5	-49.0	2.0	-45.5	24.2	132.3	-38.3	1400.0	-559.5	600.3	-213.6	
60.15	181.8	25.3	-35.4	2.0	-46.9	24.3	123.8	-16.3	1417.9	-953.2	-33.3	-168.3	
60.20	185.4	24.9	-23.5	2.0	-55.7	24.4	95.8	8.2	1424.5	-1380.5	-987.7	-136.3	
60.25	188.9	24.9	-18.4	2.0	-63.7	24.5	72.4	27.9	1409.3	-1732.2	-1615.7	-126.8	
60.30	192.4	25.1	-13.2	2.0	-69.0	24.6	66.1	49.9	1401.0	-1955.0	-1951.2	-114.3	
60.35	195.9	25.1	-6.1	2.0	-73.2	24.7	72.8	63.5	1403.4	-2186.5	-2112.0	-94.3	
60.40	199.4	24.7	-3.8	2.0	-75.0	24.8	75.3	65.1	1400.1	-2231.0	-2250.7	-88.1	
60.45	202.9	23.8	-5.4	2.0	-75.9	24.9	67.1	67.9	1381.2	-2108.4	-2492.0	-94.5	
60.50	206.4	23.4	-3.9	2.0	-82.5	25.0	42.6	74.8	1368.9	-2273.9	-3045.0	-95.8	
60.55	209.9	23.6	0.8	2.0	-92.1	25.1	25.5	98.4	1370.3	-2769.1	-3521.1	-89.3	
60.60	213.4	23.7	2.2	2.0	-95.7	25.2	33.3	112.4	1369.1	-3138.1	-3513.5	-88.1	
60.65	216.9	24.2	-4.0	2.0	-92.3	25.3	55.1	112.3	1346.8	-3368.1	-2908.5	-105.9	
60.70	220.4	25.0	-7.0	2.0	-91.8	25.4	76.6	134.2	1316.2	-3783.4	-2136.6	-115.8	
60.75	223.8	25.8	-2.0	2.0	-96.8	25.5	99.5	156.5	1301.4	-4347.9	-1644.6	-103.8	
60.80	227.3	26.3	0.5	2.0	-100.1	25.6	102.9	163.6	1295.5	-4573.0	-1699.6	-98.6	
60.85	230.8	26.5	-2.3	2.0	-100.5	25.7	83.3	161.8	1279.4	-4520.7	-2025.7	-108.4	
60.90	234.2	26.2	-4.3	2.0	-101.4	25.8	68.0	154.0	1253.9	-4559.7	-2238.9	-116.1	
60.95	237.7	26.6	-5.1	2.0	-105.0	25.9	62.6	172.2	1231.1	-4775.1	-2354.1	-122.4	
61.00	241.1	26.5	-4.7	2.0	-109.9	26.0	60.7	193.8	1217.7	-5097.3	-2445.1	-126.0	
61.05	244.6	25.9	-4.8	2.0	-114.3	26.1	62.4	192.3	1201.4	-5468.2	-2463.0	-130.8	
61.10	248.0	25.3	-2.4	2.0	-120.5	26.2	64.4	206.4	1177.4	-6016.4	-2314.3	-128.7	
61.15	251.5	25.1	4.3	2.0	-130.5	26.3	55.5	233.5	1157.2	-6815.5	-2153.8	-115.6	
61.20	254.9	25.0	10.5	2.0	-138.0	26.4	53.3	253.9	1146.7	-7405.2	-1986.0	-102.1	
61.25	258.3	24.7	6.0	2.0	-137.2	26.5	57.7	269.6	1134.3	-7353.8	-1779.8	-116.6	
61.30	261.7	24.5	-2.6	2.0	-133.1	26.6	56.8	264.1	1119.8	-7128.2	-1489.9	-141.9	
61.35	265.1	24.6	-10.5	2.0	-130.2	26.7	61.0	251.1	1103.3	-7028.3	-1078.6	-166.3	
61.40	268.5	25.1	-16.0	2.0	-127.8	26.8	67.2	241.9	1077.9	-6949.8	-580.7	-182.6	
61.45	271.9	24.8	-19.3	2.0	-124.6	26.9	70.7	230.9	1050.6	-6775.7	-138.3	-190.7	
61.50	275.2	24.5	-19.6	2.0	-121.4	27.0	89.0	234.3	1032.1	-6520.2	228.7	-188.8	
61.55	278.6	24.5	-15.9	2.0	-119.8	27.1	113.2	236.0	1022.4	-6352.2	597.2	-174.4	
61.60	281.9	24.6	-13.6	2.0	-118.2	27.2	124.4	225.5	1004.7	-6195.7	1031.1	-165.0	
61.65	285.3	24.9	-16.9	2.0	-115.0	27.3	123.1	214.4	976.9	-5952.5	1284.8	-172.9	
61.70	288.6	25.2	-16.6	2.0	-112.5	27.4	114.0	204.7	949.4	-5829.4	1256.4	-169.4	
61.75	292.0	25.1	-12.8	2.0	-106.6	27.5	101.0	203.0	930.1	-5477.9	902.5	-150.5	
61.80	295.3	25.0	-12.5	2.0	-95.3	27.6	90.5	191.2	915.5	-4735.5	404.6	-138.2	
61.85	298.6	24.7	-14.4	2.0	-84.6	27.7	78.9	163.9	891.5	-4045.9	-21.4	-134.1	
61.90	301.9	23.7	-11.7	2.0	-77.7	27.8	63.4	149.6	860.0	-3586.7	-376.7	-117.7	
61.95	305.2	23.8	-6.4	2.0	-73.7	27.9	62.4	136.9	841.5	-3291.4	-628.3	-95.5	
62.00	308.5	24.2	-1.7	2.0	-70.3	28.0	64.6	119.1	831.7	-2982.8	-1002.4	-76.3	
62.05	311.8	24.0	4.6	2.0	-69.5	28.1	44.8	116.2	812.8	-2699.5	-1584.3	-53.7	
62.10	315.1	24.1	17.7	2.0	-73.1	28.2	15.5	121.7	781.5	-2685.3	-2141.3	-12.2	
62.15	318.3	24.1	25.1	2.0	-74.8	28.3	-1.0	114.2	755.9	-2575.4	-2529.6	11.3	
62.20	321.6	24.2	19.0	2.0	-70.7	28.4	-0.1	91.0	750.2	-1891.0	-2794.3	-5.6	
62.25	324.8	24.4	9.9	2.0	-65.8	28.5	8.8	60.6	745.8	-1142.6	-2869.7	-31.8	
62.30	328.1	24.5	5.4	2.0	-61.2	28.6	17.4	44.0	721.8	-792.8	-2692.2	-42.7	
62.35	331.3	24.5	6.4	2.0	-58.4	28.7	15.0	27.8	695.0	-605.1	-2584.0	-36.4	
62.40	334.5	24.7	8.9	2.0	-57.5	28.8	15.1	9.5	681.6	-409.4	-2607.1	-26.9	
62.45	337.7	24.6	10.2	2.0	-58.4	28.9	19.8	1.6	675.0	-211.4	-2696.4	-23.2	
62.50	340.9	24.1	9.4	2.0	-58.9	29.0	20.5	6.5	658.5	-99.5	-2751.8	-26.5	
62.55	344.0	23.7	7.4	2.0	-58.6	29.1	17.2	0.5	634.9	4.4	-2759.3	-33.2	
62.60	347.2	23.4	5.2	2.0	-59.6	29.2	15.3	-20.2	618.4	203.4	-2820.0	-41.8	
62.65	350.3	23.4	5.6	2.0	-64.5	29.3	8.5	-40.8	614.2	396.5	-3130.9	-45.5	
62.70	353.4	23.8	7.3	2.0	-71.1	29.4	-3.6	-57.0	605.5	524.5	-3575.3	-46.0	
62.75	356.5	24.2	8.3	2.0	-76.6	29.5	-14.0	-60.1	591.7	801.8	-3948.9	-48.0	
62.80	359.5	24.3	10.3	2.0	-77.6	29.6	-11.1	-52.2	585.7	1048.3	-3998.9	-42.2	
62.85	2.6	24.3	15.0	2.0	-73.9	29.7	3.0	-62.0	585.4	1013.0	-3686.9	-22.4	
62.90	5.6	24.2	16.6	2.0	-69.0	29.8	14.7	-77.7	577.2	917.7	-3286.3	-11.9	
62.95	8.7	24.0	14.9	2.0	-67.2	29.9	19.9	-98.2	563.4	1101.5	-3029.9	-15.9	
63.00	11.7	24.5	11.6	2.0	-70.6	30.0	29.1	-127.4	559.1	1706.2	-2935.8	-30.9	
63.05	14.7	24.8	9.9	2.0	-83.2	30.1	24.3	-146.0	569.4	2618.3	-3396.4	-49.1	
63.10	17.7	24.8	15.8	2.0	-96.2	30.2	3.7	-168.9	574.2	3162.6	-4140.6	-41.9	
63.15	20.7	25.8	24.3	2.0	-103.4	30.3	-19.9	-189.6	561.7	3216.4	-4707.3	-19.9	
63.20	23.7	26.5	27.1	2.0	-105.3	30.4	-33.0	-186.1	549.9	3196.3	-4913.9	-12.1	
63.25	26.7	26.9	28.9	2.0	-103.2	30.5	-24.4	-189.3	550.2	3203.6	-4710.7	-4.0	
63.30	29.6	26.5	32.8	2.0	-102.1	30.6	-10.6	-190.6	552.1	3370.3	-4481.6	10.6	
63.35	32.5	26.5	38.8	2.0	-103.6	30.7	-7.5	-182.0	547.7	3599.1	-4485.4	29.6	
63.40	35.4	26.6	43.1	2.0	-108.8	30.8	-14.1	-200.2	546.7	3857.8	-4714.5	39.2	
63.45	38.3	26.6	40.1	2.0	-119.5	30.9	-27.5	-220.6	556.9	4397.6	-5226.5	18.2	
63.50	41.2	25.9	35.7	2.0	-129.0	31.0	-40.9	-226.3	563.5	4833.0	-5761.4	-6.4	
63.55	44.1	25.1	39.5	2.0	-135.2	31.1	-57.4	-233.7	559.1	4872.1	-6296.5	0.4	
63.60	46.9	24.8	43.2	2.0	-141.3	31.2	-74.3	-232.1	557.5	4846.2	-6880.3	6.9	
63.65	49.8	24.8	43.6	2.0	-143.8	31.3	-87.8	-227.4	556.7	4654.3	-7241.9	5.7	
63.70	52.6	24.9	46.0	2.0	-142.8	31.4	-98.6	-224.7	552.3	4240.6	-7402.7	15.0	
63.75	55.5	24.5	49.7	2.0	-142.8	31.5	-99.6	-216.8	550.1	4025.8	-7543.9	27.8	
63.80	58.3	24.3	54.1	2.0	-148.9	31.6	-92.7	-233.7	566.2	4185.7	-7931.6	36.7	
63.85	61.2	24.2	55.4	2.0	-157.4	31.7	-86.8	-260.1	590.0	4501.6	-8393.1	32.9	
63.90	64.0	24.4	53.4	2.0	-163.4	31.8	-94.4	-265.7	596.3	4670.4	-8786.8	19.9	
63.95	66.8	24.3	59.5	2.0	-163.6	31.9	-110.3	-256.4	588.9	4323.5	-8997.9	40.5	
64.00	69.6	24.0	64.8	2.0	-164.1	32.0	-122.6	-242.9	589.0	3975.9	-9219.1	58.4	
64.05	72.3	23.8	68.6	2.0	-167.6	32.1	-123.7	-245.9	602.6	3997.7	-9476.3	67.9	
64.10	75.1	23.8	70.2	2.0	-170.0	32.2	-119.4	-266.8	611.0	4055.4	-9588.6	71.0	
64.15	77.9	24.0	77.4	2.0	-171.3	32.3	-121.2	-263.7	611.4	4012.7	-9713.5	94.5	
64.20	80.6	24.4	85.4	2.0	-174.8	32.4	-124.4	-257.2	616.7	4035.7	-10007.1	118.5	
64.25	83.3	24.8	88.9	2.0	-180.4	32.5	-121.1	-266.7	633.3	4151.1	-10380.0	124.9	
64.30	86.0	25.0	92.1	2.0	-184.8	32.6	-121.9	-256.3	652.1	4060.6	-10781.0	131.3	
64.35	88.7	24.8	96.7	2.0	-184.1	32.7	-125.7	-236.2	658.7	3671.7	-10913.8	148.0	
64.40	91.4	24.0	98.8	2.0	-183.5	32.8	-137.3	-232.8	661.2	3330.4	-10963.8	155.5	
64.45	94.1	23.6	95.4	2.0	-185.2	32.9	-152.1	-232.7	666.9	3111.4	-11130.8	142.4	
64.50	96.8	24.0	91.9	2.0	-189.3	33.0	-163.5	-229.5	678.3	2909.5	-11490.7	126.2	
64.55	99.4	24.3	95.5	2.0	-195.5	33.1	-179.6	-222.7	691.5	2789.0	-11975.6	132.5	
64.60	102.1	24.6	96.9	2.0	-201.0	33.2	-199.1	-219.1	692.4	2897.5	-12345.7	131.8	
64.65	104.7	24.7	91.7	2.0	-203.4	33.3	-211.0	-226.4	689.5	2987.8	-12479.0	111.4	
64.70	107.3	24.7	90.9	2.0	-204.7	33.4	-211.6	-229.0	694.8	3057.0	-12544.8	107.5	
64.75	109.9	24.7	96.5	2.0	-204.0	33.5	-204.1	-211.6	708.2	2987.3	-12552.3	127.1	
64.80	112.4	24.4	101.6	2.0	-199.2	33.6	-189.3	-196.3	718.6	2890.9	-12263.1	149.6	
64.85	115.0	23.9	102.7	2.0	-193.4	33.7	-178.4	-195.4	725.4	2986.1	-11801.4	159.0	
64.90	117.5	23.6	101.4	2.0	-187.4	33.8	-172.2	-195.9	729.4	3093.4	-11311.9	160.7	
64.95	120.1	23.5	99.9	2.0	-181.8	33.9	-161.0	-196.4	735.0	3109.5	-10888.3	160.9	
65.00	122.6	23.4	92.9	2.0	-180.3	34.0	-155.4	-191.3	745.0	3177.9	-10759.4	138.7	
65.05	125.1	23.5	84.2	2.0	-180.7	34.1	-155.9	-193.2	756.0	3393.9	-10711.4	108.3	
65.10	127.6	23.8	75.9	2.0	-177.6	34.2	-159.3	-195.1	756.0	3447.7	-10436.4	82.8	
65.15	130.1	24.2	68.4	2.0	-171.1	34.3	-164.9	-179.4	746.4	3148.0	-10051.5	63.6	
65.20	132.6	24.6	62.0	2.0	-164.6	34.4	-165.7	-164.8	745.6	2598.6	-9730.3	48.3	
65.25	135.1	24.8	55.4	2.0	-159.7	34.5	-157.6	-161.1	762.6	2060.8	-9485.4	30.6	
65.30	137.5	24.6	50.7	2.0	-153.6	34.6	-146.6	-146.5	778.8	1517.9	-9161.5	20.3	
65.35	140.0	24.7	49.1	2.0	-145.0	34.7	-139.6	-122.3	775.3	930.4	-8649.5	23.5	
65.40	142.4	24.8	44.6	2.0	-135.2	34.8	-127.9	-103.4	764.4	599.6	-8005.3	18.1	
65.45	144.8	24.8	36.3	2.0	-126.8	34.9	-108.1	-94.7	769.9	551.7	-7429.2	-2.1	
65.50	147.3	24.5	25.7	2.0	-119.6	35.0	-85.9	-98.0	787.1	589.0	-6906.8	-31.2	
65.55	149.7	24.4	19.0	2.0	-112.5	35.1	-72.8	-97.3	789.6	544.9	-6391.9	-47.1	
65.60	152.1	24.3	17.2	2.0	-106.6	35.2	-69.8	-89.9	778.7	412.3	-5985.6	-47.6	
65.65	154.5	23.7	18.3	2.0	-104.9	35.3	-71.9	-81.1	779.5	379.1	-5879.9	-42.1	
65.70	156.9	23.9	19.9	2.0	-103.8	35.4	-66.3	-69.9	792.8	287.1	-5827.4	-35.6	
65.75	159.2	24.4	21.5	2.0	-99.7	35.5	-53.3	-56.6	797.6	-29.0	-5573.6	-25.9	
65.80	161.6	24.2	21.6	2.0	-94.8	35.6	-44.9	-47.5	790.2	-394.0	-5228.6	-20.7	
65.85	164.0	23.6	20.0	2.0	-91.3	35.7	-39.4	-41.2	785.3	-669.2	-4959.3	-22.8	
65.90	166.4	23.1	23.0	2.0	-91.0	35.8	-37.7	-28.8	788.1	-952.9	-4918.6	-12.0	
65.95	168.7	23.0	27.7	2.0	-94.9	35.9	-44.4	-13.1	792.8	-1204.5	-5165.1	0.1	
66.00	171.1	22.7	32.4	2.0	-101.7	36.0	-63.6	-12.1	793.1	-1229.6	-5633.4	9.5	
66.05	173.4	22.5	33.3	2.0	-106.7	36.1	-79.0	-16.7	789.0	-1068.8	-6006.8	7.5	
66.10	175.8	22.6	34.5	2.0	-107.9	36.2	-80.3	-14.2	787.5	-957.8	-6116.1	10.5	
66.15	178.1	22.9	35.5	2.0	-105.0	36.3	-67.3	-9.8	790.4	-1046.5	-5916.2	17.0	
66.20	180.4	23.1	36.9	2.0	-100.7	36.4	-52.0	4.3	788.3	-1254.2	-5590.8	26.1	
66.25	182.7	23.2	38.7	2.0	-96.0	36.5	-38.6	24.6	776.3	-1526.9	-5180.2	36.9	
66.30	185.0	22.6	40.8	2.0	-92.7	36.6	-29.1	34.8	766.9	-1735.4	-4856.8	47.5	
66.35	187.3	22.3	38.9	2.0	-91.6	36.7	-26.1	34.0	768.0	-1723.2	-4782.1	41.9	
66.40	189.6	22.2	35.7	2.0	-92.6	36.8	-28.8	35.8	768.2	-1677.8	-4867.1	30.1	
66.45	191.9	22.2	34.2	2.0	-93.2	36.9	-34.1	34.0	757.2	-1742.7	-4897.1	24.3	
66.50	194.1	22.3	30.5	2.0	-92.4	37.0	-39.3	34.5	741.6	-1810.8	-4807.3	12.3	
66.55	196.4	22.6	25.7	2.0	-89.6	37.1	-35.0	44.1	734.1	-1972.1	-4509.7	-1.3	
66.60	198.6	23.1	23.2	2.0	-85.6	37.2	-17.9	59.2	731.3	-2406.9	-3917.7	-5.8	
66.65	200.9	23.4	23.4	2.0	-83.1	37.3	0.3	82.1	721.2	-2988.6	-3179.1	-2.8	
66.70	203.1	23.6	21.3	2.0	-80.8	37.4	18.3	96.3	707.4	-3365.7	-2422.6	-7.7	
66.75	205.3	23.6	15.7	2.0	-77.8	37.5	33.2	99.5	702.9	-3431.6	-1869.3	-23.9	
66.80	207.5	23.8	9.6	2.0	-75.3	37.6	42.5	100.0	701.3	-3393.0	-1494.5	-42.5	
66.85	209.7	24.2	3.1	2.0	-72.0	37.7	47.6	99.1	692.8	-3262.4	-1157.4	-61.3	
66.90	211.9	24.5	-5.0	2.0	-66.3	37.8	51.3	91.0	680.5	-2937.9	-836.0	-83.4	
66.95	214.0	24.5	-11.8	2.0	-60.3	37.9	56.3	73.9	667.2	-2600.6	-466.7	-100.7	
67.00	216.2	24.5	-11.3	2.0	-58.1	38.0	62.6	71.0	656.6	-2471.1	-144.1	-97.0	
67.05	218.3	24.6	-3.0	2.0	-60.2	38.1	68.9	89.1	647.7	-2587.3	134.3	-70.3	
67.10	220.5	25.4	5.6	2.0	-61.6	38.2	75.4	101.5	636.1	-2629.7	441.5	-42.5	
67.15	222.6	25.8	9.7	2.0	-60.3	38.3	82.6	102.1	625.3	-2465.7	694.7	-26.9	
67.20	224.7	25.7	13.1	2.0	-58.8	38.4	92.3	101.8	617.9	-2253.0	928.0	-13.9	
67.25	226.8	25.9	16.3	2.0	-58.5	38.5	103.4	104.5	613.4	-2071.9	1187.6	-2.4	
67.30	229.0	26.0	14.4	2.0	-57.3	38.6	108.8	99.7	605.0	-1849.2	1367.0	-8.0	
67.35	231.1	26.0	11.2	2.0	-54.0	38.7	106.8	85.7	594.0	-1588.2	1366.0	-15.6	
67.40	233.2	25.8	8.4	2.0	-51.9	38.8	98.7	80.6	582.0	-1524.9	1243.5	-22.9	
67.45	235.3	25.5	10.1	2.0	-54.0	38.9	92.6	88.7	568.2	-1766.8	1205.3	-19.2	
67.50	237.4	24.9	13.2	2.0	-58.1	39.0	91.3	104.0	550.9	-2047.6	1311.5	-12.7	
67.55	239.5	24.4	12.5	2.0	-61.1	39.1	93.1	110.1	535.3	-2204.1	1478.1	-18.2	
67.60	241.6	23.9	12.2	2.0	-64.5	39.2	100.0	112.1	522.4	-2362.5	1687.9	-22.7	
67.65	243.6	23.6	14.3	2.0	-68.3	39.3	109.6	118.9	513.3	-2563.2	1853.7	-19.1	
67.70	245.7	24.2	16.2	2.0	-71.6	39.4	114.9	126.8	506.9	-2809.4	1897.1	-15.9	
67.75	247.8	24.3	15.6	2.0	-73.2	39.5	111.5	129.8	497.8	-3020.2	1806.8	-19.6	
67.80	249.8	24.2	12.5	2.0	-72.5	39.6	104.3	130.6	482.8	-3088.2	1629.7	-29.5	
67.85	251.9	23.9	10.2	2.0	-71.8	39.7	98.8	130.9	468.1	-3148.3	1438.3	-36.7	
67.90	253.9	23.7	11.5	2.0	-73.6	39.8	98.6	135.5	454.5	-3331.1	1352.5	-34.0	
67.95	255.9	23.5	12.0	2.0	-76.2	39.9	99.8	145.5	439.5	-3527.8	1357.1	-35.1	
68.00	257.9	23.4	13.1	2.0	-78.3	40.0	98.9	150.6	423.6	-3673.8	1416.9	-33.3	
68.05	260.0	23.3	13.5	2.0	-79.7	40.1	95.1	149.0	412.9	-3814.9	1391.4	-33.4	
68.10	262.0	23.2	16.6	2.0	-81.3	40.2	93.7	158.2	407.5	-3970.9	1261.2	-24.3	
68.15	264.0	23.2	21.9	2.0	-83.8	40.3	94.5	172.7	403.2	-4168.8	1148.8	-8.8	
68.20	266.0	23.3	23.5	2.0	-83.9	40.4	92.4	170.4	393.4	-4194.7	1127.6	-3.1	
68.25	268.0	23.6	20.0	2.0	-81.2	40.5	88.9	161.6	376.7	-4014.8	1169.8	-12.4	
68.30	269.9	24.3	17.1	2.0	-78.6	40.6	92.9	150.9	361.0	-3807.4	1291.5	-19.9	
68.35	271.9	24.7	15.2	2.0	-77.1	40.7	100.2	144.5	350.8	-3658.7	1390.8	-24.8	
68.40	273.9	24.9	11.0	2.0	-74.4	40.8	98.7	140.7	338.2	-3483.5	1343.7	-36.8	
68.45	275.8	24.9	7.8	2.0	-70.8	40.9	87.1	133.4	324.5	-3320.6	1138.1	-44.2	
68.50	277.8	25.2	9.4	2.0	-68.4	41.0	72.2	128.4	313.9	-3258.9	847.8	-36.0	
68.55	279.7	25.6	15.0	2.0	-68.0	41.1	62.8	137.6	305.4	-3284.1	569.4	-16.6	
68.60	281.6	26.0	21.7	2.0	-69.5	41.2	64.1	154.0	293.9	-3378.4	450.9	4.9	
68.65	283.5	25.8	26.1	2.0	-70.3	41.3	72.6	159.7	279.7	-3411.3	543.5	19.2	
68.70	285.4	25.6	26.5	2.0	-69.1	41.4	83.3	155.4	267.2	-3292.3	742.7	21.7	
68.75	287.3	25.5	26.8	2.0	-69.7	41.5	91.6	151.4	254.8	-3293.6	940.9	22.3	
68.80	289.1	25.1	29.5	2.0	-72.5	41.6	87.7	158.6	239.2	-3513.2	946.4	28.7	
68.85	291.0	24.6	30.8	2.0	-74.2	41.7	74.2	172.4	226.8	-3699.0	675.9	31.6	
68.90	292.9	23.9	29.8	2.0	-73.7	41.8	58.6	170.5	221.6	-3733.2	308.9	28.5	
68.95	294.8	24.3	25.2	2.0	-71.7	41.9	46.3	156.8	215.4	-3644.8	119.7	14.9	
69.00	296.6	24.5	18.4	2.0	-69.9	42.0	44.1	145.4	203.0	-3545.3	249.0	-6.6	
69.05	298.5	24.5	12.1	2.0	-69.3	42.1	58.1	134.5	189.1	-3468.9	681.8	-27.9	
69.10	300.3	24.8	8.1	2.0	-70.1	42.2	80.6	129.5	177.9	-3359.2	1259.2	-42.4	
69.15	302.2	24.8	7.1	2.0	-72.8	42.3	100.2	125.0	166.9	-3300.1	1846.0	-48.5	
69.20	304.0	24.7	9.4	2.0	-76.4	42.4	110.5	125.8	150.8	-3330.5	2289.2	-44.3	
69.25	305.8	24.8	11.4	2.0	-76.9	42.5	110.5	129.5	136.9	-3311.6	2393.2	-37.8	
69.30	307.6	24.7	11.4	2.0	-74.2	42.6	109.8	125.6	136.0	-3182.3	2234.0	-35.0	
69.35	309.4	24.5	11.3	2.0	-69.6	42.7	106.4	114.1	136.2	-2957.1	2005.0	-30.7	
69.40	311.2	23.9	10.0	2.0	-65.4	42.8	97.4	106.1	122.7	-2714.1	1868.7	-31.1	
69.45	313.0	24.1	7.5	2.0	-61.1	42.9	91.4	93.7	103.1	-2421.8	1813.0	-35.5	
69.50	314.7	24.6	5.3	2.0	-57.6	43.0	89.4	84.5	92.5	-2258.6	1647.4	-39.3	
69.55	316.5	24.5	7.2	2.0	-56.3	43.1	86.0	85.2	89.8	-2328.7	1364.5	-31.5	
69.60	318.3	24.1	13.6	2.0	-56.5	43.2	74.7	89.3	81.5	-2525.4	1063.4	-9.9	
69.65	320.1	23.9	18.4	2.0	-55.4	43.3	60.8	90.3	66.2	-2559.9	823.6	7.8	
69.70	321.8	24.6	20.0	2.0	-52.1	43.4	55.1	90.5	59.1	-2375.6	597.9	16.5	
69.75	323.6	25.5	20.3	2.0	-48.6	43.5	64.6	84.9	65.7	-2125.4	487.4	21.1	
69.80	325.3	26.3	17.7	2.0	-45.0	43.6	75.5	71.9	66.5	-1828.7	553.1	16.0	
69.85	327.0	27.1	12.3	2.0	-39.6	43.7	75.5	46.9	49.1	-1418.4	666.1	2.5	
69.90	328.8	26.6	5.9	2.0	-34.6	43.8	71.3	24.4	31.5	-1035.8	680.4	-14.4	
69.95	330.5	26.0	2.4	2.0	-30.4	43.9	70.0	13.8	30.1	-772.2	528.7	-22.1	
70.00	332.2	25.5	4.3	2.0	-28.6	44.0	66.4	18.1	30.6	-736.7	323.2	-14.0	
70.05	333.9	26.3	6.4	2.0	-27.9	44.1	56.9	18.8	17.1	-749.8	230.5	-5.9	
70.10	335.6	27.2	4.3	2.0	-25.0	44.2	48.0	10.5	3.8	-554.6	246.4	-10.2	
70.15	337.3	28.1	2.8	2.0	-23.9	44.3	54.0	-7.0	3.4	-236.6	449.5	-14.3	
70.20	339.0	28.2	4.3	2.0	-28.5	44.4	71.4	-14.5	8.6	-17.6	804.8	-13.9	
70.25	340.6	27.7	6.2	2.0	-34.9	44.5	86.0	-12.7	3.0	158.0	1236.2	-13.6	
70.30	342.3	26.9	7.2	2.0	-41.6	44.6	92.1	-22.2	-11.6	455.5	1662.8	-16.9	
70.35	343.9	27.2	4.7	2.0	-47.2	44.7	92.2	-46.4	-17.6	984.2	1883.1	-31.0	
70.40	345.5	27.1	3.9	2.0	-50.5	44.8	94.5	-57.7	-13.4	1316.0	1953.5	-37.2	
70.45	347.2	27.1	6.4	2.0	-50.8	44.9	93.5	-54.7	-17.1	1330.5	1971.0	-28.7	
70.50	348.8	27.1	6.2	2.0	-50.8	45.0	85.1	-53.2	-30.1	1425.2	1921.0	-29.5	
70.55	350.5	26.5	2.6	2.0	-52.8	45.1	79.7	-69.2	-35.8	1736.5	1834.8	-43.9	
70.60	352.1	26.2	1.0	2.0	-54.6	45.2	84.3	-86.8	-30.3	1918.5	1779.6	-51.0	
70.65	353.7	26.8	2.0	2.0	-51.7	45.3	87.2	-84.3	-29.0	1711.0	1683.0	-44.7	
70.70	355.4	26.8	4.1	2.0	-48.0	45.4	85.4	-80.1	-38.2	1410.6	1589.2	-33.9	
70.75	357.0	26.7	3.2	2.0	-46.2	45.5	76.7	-93.0	-43.3	1457.4	1327.7	-35.2	
70.80	358.6	26.5	2.2	2.0	-44.5	45.6	66.4	-100.0	-39.2	1610.7	913.4	-37.0	
70.85	0.2	27.3	5.8	2.0	-40.8	45.7	58.2	-92.6	-39.5	1505.9	540.5	-21.0	
70.90	1.8	27.9	8.0	2.0	-37.5	45.8	50.6	-81.1	-47.1	1358.4	269.0	-10.0	
70.95	3.5	28.1	6.5	2.0	-39.2	45.9	36.5	-92.0	-51.1	1500.1	-119.7	-17.1	
71.00	5.1	28.0	2.3	2.0	-44.1	46.0	29.9	-112.8	-48.9	1764.8	-450.4	-36.2	
71.05	6.7	27.8	3.2	2.0	-45.0	46.1	28.8	-111.9	-47.6	1747.3	-728.2	-34.1	
71.10	8.2	27.8	8.5	2.0	-43.0	46.2	27.4	-97.2	-49.5	1482.0	-1001.8	-13.7	
71.15	9.8	29.0	11.6	2.0	-44.7	46.3	19.7	-97.9	-49.2	1320.7	-1395.1	-4.8	
71.20	11.4	29.5	12.5	2.0	-50.1	46.4	6.5	-109.8	-48.0	1298.9	-1898.8	-7.3	
71.25	13.0	29.3	13.3	2.0	-54.5	46.5	-4.9	-110.8	-50.7	1162.8	-2354.9	-8.8	
71.30	14.6	28.0	19.3	2.0	-58.9	46.6	-16.2	-104.6	-50.6	977.1	-2808.2	7.4	
71.35	16.2	27.7	21.3	2.0	-64.2	46.7	-27.4	-108.6	-48.1	926.5	-3229.3	8.9	
71.40	17.8	27.8	21.5	2.0	-69.2	46.8	-39.5	-112.0	-47.1	1019.9	-3578.3	4.6	
71.45	19.3	28.2	21.5	2.0	-70.6	46.9	-45.7	-105.9	-48.2	937.6	-3718.6	3.0	
71.50	20.9	28.3	25.4	2.0	-68.9	47.0	-42.0	-98.7	-46.4	633.6	-3675.1	18.2	
71.55	22.5	28.1	27.5	2.0	-68.9	47.1	-38.6	-97.8	-38.0	469.6	-3711.8	25.4	
71.60	24.1	27.6	25.3	2.0	-70.4	47.2	-38.2	-106.6	-31.5	461.0	-3814.7	16.4	
71.65	25.6	27.2	24.7	2.0	-72.3	47.3	-42.0	-110.0	-33.4	398.2	-3945.8	12.6	
71.70	27.2	26.8	28.3	2.0	-74.6	47.4	-48.1	-105.1	-35.5	299.0	-4137.9	22.4	
71.75	28.8	26.4	26.7	2.0	-79.0	47.5	-55.1	-108.3	-28.8	307.3	-4458.7	12.7	
71.80	30.3	26.4	25.5	2.0	-83.6	47.6	-59.9	-124.7	-20.0	465.8	-4753.8	4.0	
71.85	31.9	26.3	24.8	2.0	-86.8	47.7	-63.6	-141.4	-19.4	721.2	-4916.3	-1.7	
71.90	33.4	26.3	23.6	2.0	-87.8	47.8	-62.3	-150.2	-20.4	983.2	-4921.5	-6.8	
71.95	34.9	26.2	26.8	2.0	-88.2	47.9	-59.5	-151.3	-14.8	1148.3	-4925.5	3.8	
72.00	36.4	26.4	31.6	2.0	-88.4	48.0	-57.1	-145.3	-10.0	1302.8	-4927.2	19.9	
72.05	37.9	26.7	35.3	2.0	-87.5	48.1	-54.1	-139.8	-8.8	1359.6	-4859.1	33.6	
72.10	39.4	26.6	37.8	2.0	-87.0	48.2	-53.4	-142.1	-7.2	1404.9	-4796.8	42.7	
72.15	40.9	27.0	38.0	2.0	-87.6	48.3	-55.1	-145.4	-2.3	1518.9	-4808.0	43.0	
72.20	42.4	27.6	36.7	2.0	-89.0	48.4	-59.5	-149.0	4.2	1640.6	-4858.9	37.0	
72.25	43.9	27.9	34.9	2.0	-89.8	48.5	-64.7	-152.0	8.8	1731.2	-4874.2	30.0	
72.30	45.4	27.9	29.4	2.0	-90.1	48.6	-66.8	-160.4	12.7	1941.5	-4785.2	10.9	
72.35	46.8	27.8	23.1	2.0	-89.9	48.7	-65.4	-177.6	16.8	2272.8	-4573.7	-10.8	
72.40	48.3	27.6	15.9	2.0	-89.3	48.8	-62.2	-195.8	19.1	2604.4	-4275.5	-34.8	
72.45	49.8	27.8	10.1	2.0	-87.2	48.9	-54.1	-200.7	18.7	2861.4	-3907.9	-52.7	
72.50	51.3	28.1	8.1	2.0	-84.6	49.0	-44.7	-201.8	21.2	2993.6	-3559.4	-56.8	
72.55	52.7	28.1	6.8	2.0	-82.6	49.1	-37.1	-207.5	25.9	3132.8	-3204.8	-59.2	
72.60	54.2	28.3	5.9	2.0	-80.7	49.2	-36.1	-204.7	30.8	3231.1	-2902.2	-60.6	
72.65	55.6	28.4	3.9	2.0	-77.5	49.3	-29.3	-200.0	33.1	3275.9	-2483.6	-64.0	
72.70	57.1	28.1	2.9	2.0	-77.0	49.4	-18.1	-206.2	38.3	3454.4	-2130.9	-67.2	
72.75	58.6	27.0	-1.3	2.0	-83.4	49.5	-9.1	-227.7	48.2	3995.2	-2003.8	-87.6	
72.80	60.0	26.5	-3.4	2.0	-90.9	49.6	-7.9	-249.2	52.5	4555.3	-1994.6	-102.5	
72.85	61.4	26.6	-3.3	2.0	-92.5	49.7	-9.6	-250.3	45.4	4729.0	-1907.0	-103.9	
72.90	62.9	27.0	0.1	2.0	-91.9	49.8	-10.5	-240.9	43.5	4710.2	-1904.8	-91.5	
72.95	64.3	27.4	2.9	2.0	-93.3	49.9	-10.6	-244.6	54.2	4744.7	-2053.5	-83.5	
73.00	65.7	27.8	3.7	2.0	-94.6	50.0	-9.5	-251.1	63.1	4793.8	-2111.6	-81.9	
73.05	67.1	28.0	5.1	2.0	-92.8	50.1	-8.9	-245.9	63.5	4698.7	-2033.7	-75.2	
73.10	68.6	28.2	5.6	2.0	-90.8	50.2	-6.2	-237.3	63.8	4590.9	-1956.7	-71.6	
73.15	70.0	28.4	5.9	2.0	-93.6	50.3	-7.3	-241.6	73.8	4700.4	-2195.7	-73.5	
73.20	71.4	28.6	5.6	2.0	-98.7	50.4	-12.0	-253.3	84.1	4875.7	-2604.7	-79.4	
73.25	72.8	28.6	7.1	2.0	-99.6	50.5	-23.3	-251.0	82.7	4779.8	-2917.8	-75.2	
73.30	74.2	28.4	7.9	2.0	-97.5	50.6	-33.8	-243.5	77.8	4518.2	-3077.1	-70.2	
73.35	75.6	28.2	9.1	2.0	-97.4	50.7	-42.5	-240.2	85.7	4320.6	-3329.1	-66.2	
73.40	77.0	28.1	8.7	2.0	-98.4	50.8	-44.0	-242.1	97.2	4266.7	-3494.3	-68.6	
73.45	78.4	28.2	9.0	2.0	-98.0	50.9	-41.4	-244.9	101.4	4246.2	-3457.2	-67.2	
73.50	79.7	28.0	9.5	2.0	-98.6	51.0	-35.3	-254.0	104.1	4360.0	-3353.2	-65.9	
73.55	81.1	28.1	9.0	2.0	-102.4	51.1	-32.4	-264.3	112.1	4619.0	-3424.1	-71.7	
73.60	82.4	28.2	9.3	2.0	-105.3	51.2	-34.1	-268.0	121.1	4711.9	-3637.3	-73.4	
73.65	83.8	28.5	13.3	2.0	-104.0	51.3	-38.9	-260.7	122.8	4442.4	-3832.2	-58.3	
73.70	85.1	28.1	17.1	2.0	-100.8	51.4	-49.3	-240.4	120.1	4040.8	-4002.3	-42.0	
73.75	86.5	27.6	17.5	2.0	-101.1	51.5	-58.4	-235.3	124.2	3860.6	-4205.4	-40.8	
73.80	87.8	27.3	16.9	2.0	-102.4	51.6	-58.5	-244.5	133.8	3804.7	-4346.6	-44.4	
73.85	89.1	27.4	19.7	2.0	-101.6	51.7	-55.6	-240.8	141.6	3649.4	-4406.7	-33.9	
73.90	90.4	27.5	22.1	2.0	-99.7	51.8	-51.6	-234.4	148.0	3457.9	-4396.0	-23.7	
73.95	91.8	27.3	20.2	2.0	-98.8	51.9	-49.6	-234.2	155.3	3329.9	-4407.4	-29.3	
74.00	93.1	27.6	16.5	2.0	-99.0	52.0	-54.9	-228.9	160.0	3260.4	-4488.5	-42.5	
74.05	94.4	27.5	18.6	2.0	-96.9	52.1	-58.4	-220.1	162.6	2976.0	-4514.7	-32.9	
74.10	95.7	26.6	21.1	2.0	-93.9	52.2	-59.0	-210.4	168.5	2568.2	-4521.1	-21.4	
74.15	97.0	26.1	18.6	2.0	-92.9	52.3	-61.2	-201.1	176.9	2424.9	-4539.4	-28.9	
74.20	98.3	25.6	13.8	2.0	-91.1	52.4	-57.5	-203.7	182.6	2479.2	-4341.3	-43.8	
74.25	99.6	25.2	10.5	2.0	-87.5	52.5	-44.3	-215.4	187.6	2540.4	-3952.7	-51.3	
74.30	100.9	25.0	6.9	2.0	-85.7	52.6	-33.3	-224.0	200.1	2584.6	-3723.7	-62.0	
74.35	102.2	25.2	4.3	2.0	-84.6	52.7	-29.7	-223.6	213.4	2508.5	-3671.6	-69.7	
74.40	103.5	25.8	3.3	2.0	-82.2	52.8	-32.1	-215.5	216.7	2334.9	-3590.4	-70.9	
74.45	104.8	25.6	4.5	2.0	-80.6	52.9	-37.1	-206.6	215.9	2283.8	-3508.4	-65.3	
74.50	106.1	25.5	5.1	2.0	-81.7	53.0	-40.1	-205.0	224.0	2383.5	-3540.0	-64.1	
74.55	107.4	25.5	5.0	2.0	-83.2	53.1	-36.6	-207.5	236.5	2537.5	-3550.1	-66.0	
74.60	108.7	25.2	4.5	2.0	-83.2	53.2	-31.8	-208.5	244.4	2652.6	-3456.3	-67.7	
74.65	109.9	24.6	3.6	2.0	-82.6	53.3	-26.7	-212.8	249.1	2794.5	-3265.2	-70.4	
74.70	111.2	24.0	3.3	2.0	-83.1	53.4	-20.7	-217.2	255.9	3023.5	-3085.9	-71.8	
74.75	112.4	23.9	4.8	2.0	-84.2	53.5	-14.8	-222.0	265.0	3199.7	-2997.9	-67.9	
74.80	113.7	24.2	7.1	2.0	-84.2	53.6	-16.1	-215.0	271.3	3150.5	-3071.0	-59.8	
74.85	114.9	24.4	8.1	2.0	-83.2	53.7	-23.4	-198.9	274.8	2948.5	-3213.7	-55.2	
74.90	116.2	24.1	8.3	2.0	-82.3	53.8	-29.6	-190.6	277.9	2802.0	-3286.6	-54.0	
74.95	117.4	24.2	6.4	2.0	-82.9	53.9	-30.2	-196.0	283.4	2894.8	-3233.4	-61.1	
75.00	118.7	24.1	2.8	2.0	-83.7	54.0	-25.3	-201.9	290.0	3121.6	-3076.2	-74.2	
75.05	119.9	23.5	1.0	2.0	-83.0	54.1	-18.1	-201.0	294.6	3242.2	-2864.0	-79.4	
75.10	121.1	23.8	0.4	2.0	-81.4	54.2	-10.8	-200.6	297.8	3292.2	-2623.7	-80.0	
75.15	122.3	24.4	-1.1	2.0	-82.2	54.3	-7.2	-207.1	303.7	3452.2	-2466.9	-86.0	
75.20	123.6	25.0	-1.1	2.0	-83.5	54.4	-8.7	-213.7	308.0	3596.1	-2397.1	-87.2	
75.25	124.8	24.5	-0.2	2.0	-82.1	54.5	-8.7	-210.6	307.5	3551.1	-2282.1	-82.6	
75.30	126.0	24.3	2.3	2.0	-79.4	54.6	-7.7	-197.4	307.7	3414.3	-2190.7	-71.4	
75.35	127.2	24.2	0.7	2.0	-78.8	54.7	-2.9	-194.2	313.3	3427.6	-2098.4	-76.5	
75.40	128.4	24.2	-2.1	2.0	-79.8	54.8	-0.4	-203.2	320.8	3508.3	-2041.0	-87.1	
75.45	129.6	24.1	-3.4	2.0	-78.5	54.9	-3.6	-202.1	322.6	3418.9	-2014.4	-90.1	
75.50	130.7	24.2	-0.2	2.0	-74.9	55.0	-8.8	-189.0	321.0	3142.6	-2019.3	-75.7	
75.55	131.9	24.7	-0.3	2.0	-73.6	55.1	-9.6	-183.1	325.0	3011.3	-2054.4	-74.7	
75.60	133.1	24.6	-0.9	2.0	-74.9	55.2	-10.0	-182.9	334.0	3038.6	-2186.0	-77.9	
75.65	134.3	24.4	-0.7	2.0	-73.7	55.3	-12.3	-173.4	336.4	2888.9	-2268.3	-75.9	
75.70	135.4	25.0	2.1	2.0	-69.6	55.4	-12.0	-163.7	332.0	2606.4	-2173.2	-62.3	
75.75	136.6	25.1	2.7	2.0	-67.8	55.5	-10.5	-160.1	334.4	2494.8	-2107.8	-58.6	
75.80	137.7	25.0	1.8	2.0	-68.0	55.6	-9.6	-159.8	344.3	2475.9	-2147.4	-61.9	
75.85	138.9	24.8	1.5	2.0	-66.4	55.7	-5.3	-156.1	347.8	2366.4	-2105.1	-61.3	
75.90	140.0	24.6	2.9	2.0	-63.9	55.8	-4.7	-144.7	346.6	2157.9	-2095.6	-53.8	
75.95	141.2	24.7	3.3	2.0	-63.4	55.9	-6.9	-140.6	349.7	2038.6	-2178.2	-52.0	
76.00	142.4	24.9	3.2	2.0	-64.0	56.0	-11.5	-140.1	355.0	1941.7	-2318.6	-53.0	
76.05	143.5	24.4	3.2	2.0	-62.1	56.1	-14.1	-132.0	352.6	1677.9	-2369.4	-51.1	
76.10	144.6	24.2	4.7	2.0	-58.5	56.2	-15.0	-113.2	348.2	1265.7	-2372.0	-42.5	
76.15	145.8	24.2	4.7	2.0	-56.6	56.3	-14.6	-103.1	353.0	968.1	-2383.4	-40.3	
76.20	146.9	24.3	3.2	2.0	-55.7	56.4	-13.5	-103.6	362.6	778.2	-2371.3	-44.9	
76.25	148.1	24.2	1.7	2.0	-52.8	56.5	-12.5	-93.0	362.9	473.6	-2256.3	-47.0	
76.30	149.2	23.9	2.4	2.0	-49.2	56.6	-8.9	-75.0	360.0	71.8	-2092.4	-41.2	
76.35	150.3	23.6	1.7	2.0	-48.6	56.7	-7.3	-66.3	366.8	-194.6	-2053.1	-42.9	
76.40	151.4	23.9	-1.0	2.0	-49.5	56.8	-12.0	-64.3	372.9	-309.9	-2108.3	-52.8	
76.45	152.6	24.2	-1.1	2.0	-49.9	56.9	-19.1	-59.0	367.5	-485.8	-2124.6	-53.7	
76.50	153.7	24.1	-0.5	2.0	-50.1	57.0	-21.5	-50.6	361.5	-666.0	-2118.4	-51.8	
76.55	154.8	23.6	-1.5	2.0	-51.5	57.1	-21.7	-50.8	370.0	-657.0	-2222.8	-56.8	
76.60	155.9	23.2	-4.2	2.0	-52.1	57.2	-19.4	-62.4	381.5	-479.3	-2274.3	-66.6	
76.65	157.0	23.0	-4.8	2.0	-50.5	57.3	-15.8	-69.8	380.9	-361.3	-2153.4	-66.8	
76.70	158.1	22.9	-2.6	2.0	-47.8	57.4	-9.9	-65.8	376.6	-430.3	-1947.2	-56.7	
76.75	159.2	23.0	-0.7	2.0	-46.2	57.5	-1.6	-63.7	381.5	-403.8	-1837.1	-48.5	
76.80	160.3	23.6	-0.2	2.0	-47.1	57.6	-0.7	-66.1	388.6	-269.2	-1919.5	-47.7	
76.85	161.4	23.1	2.6	2.0	-49.3	57.7	-9.9	-58.7	383.6	-250.6	-2111.4	-40.3	
76.90	162.5	22.7	9.4	2.0	-52.4	57.8	-23.2	-43.8	375.2	-403.2	-2359.9	-20.0	
76.95	163.5	22.3	13.7	2.0	-56.7	57.9	-33.5	-37.2	376.6	-464.2	-2682.9	-9.6	
77.00	164.6	22.4	12.3	2.0	-61.0	58.0	-40.4	-40.6	383.8	-313.1	-3006.7	-18.8	
77.05	165.7	22.5	11.7	2.0	-62.6	58.1	-41.6	-46.5	384.9	-171.2	-3119.9	-22.5	
77.10	166.7	22.7	13.1	2.0	-60.9	58.2	-36.7	-45.8	380.3	-208.9	-3003.5	-16.0	
77.15	167.8	23.0	15.9	2.0	-58.6	58.3	-30.2	-40.3	379.7	-282.7	-2847.9	-4.0	
77.20	168.8	23.1	16.0	2.0	-56.5	58.4	-23.2	-34.7	382.6	-296.2	-2705.4	-1.5	
77.25	169.9	23.1	15.6	2.0	-54.2	58.5	-19.3	-31.5	381.8	-262.3	-2551.0	-0.5	
77.30	170.9	23.1	15.7	2.0	-52.2	58.6	-19.8	-26.9	375.9	-230.8	-2419.5	1.5	
77.35	171.9	23.2	14.9	2.0	-50.8	58.7	-20.8	-26.3	372.9	-130.5	-2324.1	0.3	
77.40	172.9	23.5	11.2	2.0	-50.0	58.8	-20.1	-34.6	376.7	139.1	-2236.9	-11.6	
77.45	173.9	23.7	6.8	2.0	-48.4	58.9	-17.5	-41.2	378.3	436.7	-2056.8	-25.0	
77.50	174.9	24.0	3.0	2.0	-43.3	59.0	-8.6	-38.4	371.7	518.1	-1663.7	-33.0	
77.55	175.9	24.1	0.9	2.0	-36.7	59.1	3.2	-31.3	367.2	365.6	-1215.3	-33.6	
77.60	176.9	24.0	0.2	2.0	-31.8	59.2	12.0	-25.6	371.4	145.3	-889.5	-31.1	
77.65	177.9	24.2	-1.0	2.0	-28.0	59.3	18.4	-18.5	374.6	-83.2	-614.3	-31.6	
77.70	178.8	24.3	-0.5	2.0	-26.9	59.4	21.4	-4.8	369.8	-408.0	-368.5	-28.7	
77.75	179.8	24.1	-0.8	2.0	-28.7	59.5	22.3	7.7	366.6	-652.3	-216.7	-31.5	
77.80	180.8	24.3	-3.4	2.0	-30.0	59.6	19.8	14.0	371.6	-740.9	-232.1	-41.6	
77.85	181.7	24.6	-5.5	2.0	-30.9	59.7	18.7	11.9	374.7	-821.0	-215.4	-49.9	
77.90	182.7	25.0	-5.4	2.0	-32.2	59.8	17.7	12.6	370.5	-944.7	-117.2	-50.8	
77.95	183.6	25.3	-5.9	2.0	-33.7	59.9	18.4	20.3	364.7	-1051.2	21.6	-53.9	
78.00	184.6	25.5	-4.9	2.0	-36.1	60.0	24.1	30.5	365.2	-1187.2	186.1	-53.1	
78.05	185.5	25.5	-3.0	2.0	-39.1	60.1	32.7	37.7	367.6	-1353.5	348.8	-49.6	
78.10	186.5	25.9	-1.9	2.0	-41.0	60.2	35.9	40.9	366.4	-1473.9	395.4	-47.4	
78.15	187.4	26.1	0.3	2.0	-41.5	60.3	36.4	37.4	364.1	-1536.4	348.2	-40.4	
78.20	188.3	26.1	0.6	2.0	-41.3	60.4	37.7	33.4	364.4	-1542.0	267.5	-39.3	
78.25	189.3	24.9	-0.6	2.0	-40.9	60.5	38.4	34.1	365.6	-1517.5	162.0	-43.0	
78.30	190.2	24.6	1.1	2.0	-42.5	60.6	35.8	40.0	363.2	-1643.0	18.5	-38.8	
78.35	191.1	24.9	5.2	2.0	-45.8	60.7	31.1	43.1	357.2	-1893.2	-146.1	-27.9	
78.40	192.0	25.5	9.3	2.0	-50.3	60.8	22.8	48.3	354.2	-2208.9	-403.0	-18.4	
78.45	193.0	25.4	11.4	2.0	-55.3	60.9	15.9	58.4	355.3	-2518.3	-651.2	-16.0	
78.50	193.9	25.0	14.7	2.0	-60.0	61.0	15.3	73.2	353.5	-2822.5	-745.7	-9.4	
78.55	194.8	25.1	18.9	2.0	-63.7	61.1	17.4	82.2	351.0	-3074.9	-762.3	1.1	
78.60	195.7	25.3	19.4	2.0	-65.1	61.2	18.6	78.4	353.3	-3181.6	-818.5	1.7	
78.65	196.7	25.5	18.6	2.0	-65.4	61.3	19.2	72.7	356.5	-3210.1	-860.3	-1.7	
78.70	197.6	24.9	18.0	2.0	-65.4	61.4	23.1	73.4	353.4	-3228.2	-767.9	-3.7	
78.75	198.5	25.1	18.7	2.0	-65.3	61.5	26.4	77.4	348.4	-3235.8	-648.8	-1.0	
78.80	199.4	25.8	17.0	2.0	-63.3	61.6	26.1	74.3	346.9	-3095.2	-627.6	-5.0	
78.85	200.3	26.9	14.2	2.0	-60.9	61.7	23.1	69.5	344.9	-2923.7	-656.9	-12.3	
78.90	201.2	27.2	14.0	2.0	-59.7	61.8	23.6	67.3	340.5	-2854.3	-595.0	-11.5	
78.95	202.0	27.2	13.3	2.0	-58.2	61.9	27.8	66.4	337.2	-2761.2	-466.3	-12.4	
79.00	202.9	27.3	11.9	2.0	-55.9	62.0	30.6	66.2	337.3	-2596.2	-391.0	-15.1	
79.05	203.8	27.1	13.6	2.0	-56.3	62.1	32.9	72.2	335.8	-2613.5	-310.2	-9.7	
79.10	204.6	26.9	17.9	2.0	-59.7	62.2	36.8	84.0	331.5	-2852.1	-185.8	1.7	
79.15	205.5	26.8	21.2	2.0	-63.3	62.3	38.3	96.1	330.9	-3096.8	-129.2	9.6	
79.20	206.4	26.9	22.0	2.0	-65.7	62.4	37.0	104.2	332.1	-3258.8	-113.1	9.9	
79.25	207.2	26.9	22.4	2.0	-67.7	62.5	36.5	110.1	328.0	-3397.1	-19.9	9.1	
79.30	208.1	26.8	24.0	2.0	-68.8	62.6	33.3	117.0	320.8	-3467.3	22.8	13.5	
79.35	208.9	26.2	23.0	2.0	-68.4	62.7	33.9	120.8	318.8	-3431.3	55.1	10.4	
79.40	209.8	26.0	20.3	2.0	-67.3	62.8	38.6	115.1	321.3	-3354.3	146.3	2.4	
79.45	210.7	26.4	17.3	2.0	-67.0	62.9	37.9	115.2	317.9	-3327.4	255.2	-7.6	
79.50	211.5	26.2	17.1	2.0	-68.7	63.0	35.9	125.3	307.5	-3425.4	399.3	-10.0	
79.55	212.4	26.0	20.0	2.0	-72.3	63.1	43.4	134.5	303.9	-3640.7	606.4	-3.6	
79.60	213.2	25.7	21.0	2.0	-75.1	63.2	54.8	138.6	308.3	-3796.9	783.0	-2.9	
79.65	214.1	25.5	20.0	2.0	-75.8	63.3	56.6	138.1	307.3	-3831.4	853.9	-7.0	
79.70	215.0	25.4	17.5	2.0	-75.3	63.4	56.0	130.0	296.4	-3804.4	960.3	-15.3	
79.75	215.8	25.4	15.5	2.0	-73.7	63.5	56.8	119.1	288.1	-3708.0	987.1	-20.5	
79.80	216.7	25.4	12.6	2.0	-70.7	63.6	54.2	114.8	288.6	-3538.9	762.5	-27.6	
79.85	217.5	25.0	13.4	2.0	-70.3	63.7	45.8	119.7	287.7	-3567.7	410.5	-24.2	
79.90	218.3	24.3	18.6	2.0	-73.1	63.8	38.0	128.1	278.0	-3786.9	188.0	-9.3	
79.95	219.1	24.4	24.3	2.0	-75.6	63.9	29.3	136.5	269.1	-3973.4	5.1	7.9	
80.00	220.0	24.3	26.3	2.0	-76.9	64.0	26.9	143.3	268.2	-4047.6	-119.7	13.6	
80.05	220.8	24.2	30.8	2.0	-77.8	64.1	34.2	148.6	268.2	-4097.1	-117.0	27.8	
80.10	221.6	24.2	37.3	2.0	-79.0	64.2	44.4	154.1	262.8	-4170.3	-43.4	49.0	
80.15	222.4	24.4	38.6	2.0	-78.3	64.3	46.9	151.7	258.1	-4128.7	-72.3	54.1	
80.20	223.2	24.5	34.1	2.0	-75.7	64.4	38.7	139.8	256.1	-3962.9	-270.8	41.4	
80.25	223.9	24.3	33.3	2.0	-75.3	64.5	26.5	138.6	251.4	-3925.8	-520.7	39.1	
80.30	224.7	24.5	36.3	2.0	-76.6	64.6	22.0	147.2	243.9	-3993.6	-631.6	48.0	
80.35	225.5	24.5	39.0	2.0	-77.1	64.7	23.1	153.4	241.4	-4006.5	-639.6	57.0	
80.40	226.3	24.0	35.3	2.0	-75.3	64.8	24.6	150.0	240.8	-3896.4	-516.5	46.0	
80.45	227.1	24.0	30.4	2.0	-73.4	64.9	26.4	145.6	235.2	-3804.3	-207.6	30.8	
80.50	227.8	23.9	29.3	2.0	-73.3	65.0	36.5	145.4	227.9	-3790.8	269.4	27.4	
80.55	228.6	23.6	30.8	2.0	-75.1	65.1	54.0	152.0	226.9	-3827.5	768.4	30.8	
80.60	229.4	23.6	31.2	2.0	-77.0	65.2	67.8	158.6	230.5	-3838.8	1168.7	30.1	
80.65	230.1	23.8	28.3	2.0	-78.5	65.3	71.2	160.1	229.1	-3843.2	1477.8	18.5	
80.70	230.9	24.2	24.3	2.0	-79.7	65.4	67.2	156.1	220.3	-3865.2	1713.0	3.7	
80.75	231.7	24.2	21.0	2.0	-80.1	65.5	63.7	150.1	214.3	-3871.5	1839.0	-8.1	
80.80	232.5	23.9	17.8	2.0	-79.9	65.6	65.4	147.5	216.0	-3824.7	1905.1	-18.8	
80.85	233.2	23.6	15.0	2.0	-79.9	65.7	68.7	149.8	215.2	-3747.5	2032.3	-28.4	
80.90	234.0	23.9	14.2	2.0	-80.2	65.8	69.7	150.3	207.2	-3662.5	2236.0	-31.5	
80.95	234.7	23.6	13.9	2.0	-79.9	65.9	69.7	144.1	200.1	-3559.7	2388.9	-32.2	
81.00	235.5	23.3	15.4	2.0	-79.8	66.0	72.4	142.3	199.2	-3529.0	2425.1	-26.7	
81.05	236.2	23.4	18.6	2.0	-79.7	66.1	75.5	150.9	200.9	-3539.6	2345.0	-15.9	
81.10	237.0	24.1	24.2	2.0	-79.3	66.2	76.1	160.6	198.8	-3571.3	2197.2	3.6	
81.15	237.7	24.9	28.2	2.0	-77.8	66.3	72.4	163.6	193.1	-3553.2	2000.2	19.2	
81.20	238.5	25.8	27.9	2.0	-72.8	66.4	59.8	157.5	188.6	-3378.4	1599.3	23.1	
81.25	239.2	25.7	26.9	2.0	-67.5	66.5	47.1	149.6	185.6	-3184.3	1115.5	24.9	
81.30	239.9	25.6	28.8	2.0	-63.8	66.6	39.8	139.3	182.7	-3056.9	679.7	35.0	
81.35	240.7	25.7	32.5	2.0	-62.3	66.7	32.9	140.0	181.2	-3006.4	269.8	49.1	
81.40	241.4	24.4	35.6	2.0	-62.1	66.8	24.3	146.7	177.5	-2993.6	-46.9	60.2	
81.45	242.2	24.1	39.5	2.0	-63.4	66.9	16.2	151.4	172.7	-3078.1	-247.7	72.1	
81.50	242.9	24.4	44.3	2.0	-66.4	67.0	12.7	157.6	169.4	-3276.5	-378.5	85.8	
81.55	243.6	24.3	47.2	2.0	-67.6	67.1	14.3	161.3	169.6	-3343.2	-491.4	94.4	
81.60	244.4	24.5	47.0	2.0	-66.8	67.2	20.0	160.5	169.4	-3283.0	-489.3	94.6	
81.65	245.1	24.6	46.8	2.0	-66.0	67.3	24.8	157.5	164.6	-3247.9	-339.6	94.6	
81.70	245.8	24.7	43.2	2.0	-65.9	67.4	22.5	155.1	159.0	-3261.0	-224.8	82.3	
81.75	246.6	24.8	39.6	2.0	-66.6	67.5	18.4	153.7	156.7	-3325.1	-174.1	69.4	
81.80	247.3	24.8	37.8	2.0	-67.5	67.6	20.6	152.3	156.6	-3403.6	-51.2	62.1	
81.85	248.0	24.9	35.7	2.0	-67.5	67.7	27.8	152.9	153.9	-3388.4	249.9	55.0	
81.90	248.7	25.1	30.8	2.0	-66.5	67.8	34.3	152.8	148.5	-3254.9	673.1	39.1	
81.95	249.4	25.3	26.2	2.0	-65.8	67.9	40.6	146.1	142.6	-3095.3	1122.8	24.1	
82.00	250.1	25.5	22.6	2.0	-66.2	68.0	50.8	138.9	139.9	-2956.3	1544.4	11.5	
82.05	250.8	26.0	22.1	2.0	-67.9	68.1	61.8	139.7	139.7	-2883.6	1896.3	7.9	
82.10	251.5	26.3	24.5	2.0	-71.5	68.2	69.9	148.8	140.3	-2953.2	2213.0	12.6	
82.15	252.2	26.5	25.7	2.0	-75.1	68.3	74.6	156.5	138.3	-3013.5	2534.3	12.9	
82.20	252.9	26.5	24.9	2.0	-76.0	68.4	72.5	157.9	133.9	-2945.2	2718.7	9.3	
82.25	253.5	26.2	24.5	2.0	-75.9	68.5	71.9	153.5	130.3	-2870.4	2801.5	8.2	
82.30	254.2	25.7	24.8	2.0	-75.2	68.6	76.1	146.8	129.5	-2780.8	2837.5	10.0	
82.35	254.9	25.6	23.7	2.0	-73.3	68.7	75.2	145.3	129.3	-2650.4	2771.1	8.1	
82.40	255.6	25.1	22.7	2.0	-71.4	68.8	69.4	143.3	124.0	-2526.6	2716.3	6.5	
82.45	256.3	24.6	22.9	2.0	-69.6	68.9	65.0	137.4	117.6	-2438.0	2648.4	9.1	
82.50	257.0	24.6	24.5	2.0	-66.8	69.0	60.7	138.8	117.7	-2393.6	2399.0	17.3	
82.55	257.6	25.0	29.1	2.0	-64.7	69.1	57.3	147.8	121.0	-2458.7	2056.7	35.0	
82.60	258.3	25.3	34.0	2.0	-64.6	69.2	56.2	155.4	119.0	-2592.1	1840.1	52.3	
82.65	259.0	25.2	36.5	2.0	-63.1	69.3	50.8	155.1	111.9	-2588.1	1661.4	62.3	
82.70	259.7	25.5	35.6	2.0	-58.2	69.4	40.8	145.1	105.0	-2380.7	1368.4	64.0	
82.75	260.4	25.4	34.0	2.0	-52.7	69.5	34.6	131.6	102.5	-2169.3	973.4	63.9	
82.80	261.1	24.6	34.8	2.0	-49.0	69.6	31.7	123.5	101.6	-2047.2	566.5	70.6	
82.85	261.8	24.2	35.6	2.0	-46.7	69.7	24.5	122.6	99.3	-1951.0	176.2	75.3	
82.90	262.5	24.4	35.4	2.0	-45.1	69.8	13.2	120.3	93.6	-1845.0	-138.0	76.6	
82.95	263.1	25.3	37.0	2.0	-44.8	69.9	5.4	116.8	85.7	-1818.7	-318.4	82.1	
83.00	263.8	25.6	40.2	2.0	-45.8	70.0	4.9	118.0	81.1	-1874.9	-428.0	92.2	
83.05	264.5	25.6	43.1	2.0	-46.9	70.1	10.0	121.1	83.1	-1926.4	-520.7	100.9	
83.10	265.1	25.3	43.2	2.0	-46.5	70.2	16.7	119.9	83.3	-1910.5	-462.1	101.9	
83.15	265.8	25.6	42.8	2.0	-46.5	70.3	17.7	122.0	75.6	-1940.7	-291.9	100.3	
83.20	266.4	25.6	42.3	2.0	-48.0	70.4	16.3	126.2	67.5	-2065.0	-142.3	97.3	
83.25	267.0	25.1	41.3	2.0	-50.3	70.5	17.2	128.8	67.1	-2234.2	-112.6	91.6	
83.30	267.7	25.0	39.5	2.0	-52.7	70.6	19.5	132.6	68.8	-2406.7	-91.6	82.8	
83.35	268.3	25.0	37.7	2.0	-55.2	70.7	19.7	139.0	63.8	-2582.9	65.2	74.3	
83.40	268.9	25.1	36.4	2.0	-57.4	70.8	19.8	141.9	55.1	-2725.9	367.6	67.6	
83.45	269.6	25.1	33.8	2.0	-59.2	70.9	25.4	140.0	48.9	-2791.7	753.9	56.7	
83.50	270.2	24.9	31.9	2.0	-61.8	71.0	36.0	143.9	47.8	-2857.6	1115.4	47.7	
83.55	270.8	24.4	32.0	2.0	-65.5	71.1	49.4	151.5	46.8	-2956.2	1512.2	44.3	
83.60	271.4	24.0	31.9	2.0	-69.2	71.2	60.8	152.5	41.6	-3007.4	1959.7	40.2	
83.65	272.0	24.0	28.6	2.0	-70.5	71.3	65.8	146.3	36.3	-2909.2	2294.1	27.8	
83.70	272.7	24.3	25.8	2.0	-71.3	71.4	68.0	143.1	32.5	-2821.4	2500.6	17.2	
83.75	273.3	24.6	26.1	2.0	-73.5	71.5	71.7	147.6	30.0	-2915.5	2631.6	16.1	
83.80	273.9	25.1	27.1	2.0	-75.7	71.6	74.7	153.0	27.8	-3070.8	2681.0	17.3	
83.85	274.5	25.6	25.7	2.0	-75.4	71.7	72.5	151.4	25.5	-3089.6	2641.3	12.9	
83.90	275.1	25.3	24.2	2.0	-74.0	71.8	66.7	144.8	19.7	-3018.1	2607.0	9.1	
83.95	275.7	25.1	23.6	2.0	-73.2	71.9	62.8	143.9	12.3	-2982.8	2570.6	7.7	
84.00	276.3	24.8	24.9	2.0	-71.6	72.0	62.1	146.7	8.9	-2943.7	2423.2	13.8	
84.05	276.9	24.4	28.6	2.0	-69.4	72.1	62.8	147.3	9.8	-2914.4	2186.6	28.9	
84.10	277.5	24.7	31.0	2.0	-66.8	72.2	61.1	145.5	7.9	-2852.6	1950.4	39.6	
84.15	278.1	25.3	31.8	2.0	-63.1	72.3	52.5	141.5	1.4	-2719.6	1686.4	46.2	
84.20	278.7	25.2	33.0	2.0	-58.9	72.4	44.1	137.3	-6.0	-2520.4	1428.1	54.5	
84.25	279.3	25.5	35.5	2.0	-54.5	72.5	43.6	130.3	-9.3	-2297.5	1174.2	67.2	
84.30	279.9	26.1	36.3	2.0	-48.9	72.6	46.2	118.3	-10.2	-1988.1	905.3	75.6	
84.35	280.5	27.0	33.3	2.0	-42.8	72.7	40.3	105.0	-13.1	-1667.4	585.4	71.6	
84.40	281.1	27.0	31.6	2.0	-39.1	72.8	30.1	95.3	-21.4	-1471.3	353.7	69.3	
84.45	281.7	26.7	32.4	2.0	-37.3	72.9	22.6	92.2	-30.1	-1371.0	198.6	74.0	
84.50	282.3	26.1	34.6	2.0	-37.0	73.0	17.8	98.3	-32.1	-1346.5	-18.5	81.7	
84.55	282.8	25.6	36.7	2.0	-37.4	73.1	16.2	104.5	-32.2	-1348.7	-182.1	88.5	
84.60	283.4	25.4	38.4	2.0	-36.8	73.2	17.7	103.2	-37.7	-1301.5	-152.4	95.1	
84.65	284.0	25.7	36.4	2.0	-33.6	73.3	15.6	94.2	-45.2	-1087.7	-71.1	91.5	
84.70	284.5	25.8	32.3	2.0	-29.6	73.4	15.2	84.4	-49.0	-811.6	21.8	81.2	
84.75	285.1	25.9	32.8	2.0	-28.7	73.5	24.0	81.1	-51.1	-719.5	219.6	83.8	
84.80	285.6	26.2	34.6	2.0	-31.3	73.6	30.9	87.5	-54.0	-830.7	391.1	87.4	
84.85	286.2	26.1	34.2	2.0	-33.6	73.7	28.6	94.1	-57.0	-972.1	464.1	83.7	
84.90	286.7	25.9	32.2	2.0	-34.7	73.8	25.3	90.7	-62.4	-994.0	605.5	76.0	
84.95	287.3	25.6	29.8	2.0	-35.0	73.9	26.3	84.3	-69.0	-851.1	849.6	67.3	
85.00	287.8	25.0	26.6	2.0	-34.7	74.0	29.7	82.0	-71.5	-569.2	1031.7	56.5	
85.05	288.3	24.8	24.3	2.0	-35.6	74.1	38.0	74.8	-72.0	-257.4	1231.6	47.9	
85.10	288.9	24.6	23.5	2.0	-38.4	74.2	46.1	65.0	-75.1	-36.3	1478.3	42.2	
85.15	289.4	23.5	23.4	2.0	-40.8	74.3	46.6	66.0	-79.3	35.0	1656.5	39.6	
85.20	289.9	23.4	25.6	2.0	-43.2	74.4	46.4	73.0	-84.2	-70.8	1817.4	44.8	
85.25	290.5	23.8	28.7	2.0	-46.2	74.5	54.0	77.6	-87.2	-220.2	2008.2	52.4	
85.30	291.0	24.4	29.1	2.0	-47.6	74.6	60.1	79.0	-87.2	-172.1	2099.4	52.4	
85.35	291.5	24.8	26.7	2.0	-47.3	74.7	59.9	72.4	-87.4	91.9	2102.2	44.4	
85.40	292.0	25.1	23.6	2.0	-47.8	74.8	59.6	56.4	-92.5	398.0	2135.3	33.4	
85.45	292.5	25.3	21.8	2.0	-47.4	74.9	56.8	49.1	-99.0	535.6	2089.1	27.3	
85.50	293.1	25.0	21.2	2.0	-44.2	75.0	49.8	59.3	-101.6	392.3	1867.9	28.6	
85.55	293.6	24.8	24.0	2.0	-41.7	75.1	47.3	72.8	-102.3	53.9	1687.5	40.6	
85.60	294.1	25.1	27.4	2.0	-41.0	75.2	45.8	80.1	-104.9	-221.5	1604.9	52.9	
85.65	294.6	24.8	29.6	2.0	-41.3	75.3	41.4	84.6	-111.4	-280.2	1600.6	60.3	
85.70	295.1	25.1	28.8	2.0	-41.1	75.4	41.1	80.8	-115.1	-111.1	1616.3	57.9	
85.75	295.6	25.8	27.1	2.0	-39.5	75.5	44.1	67.0	-113.2	113.0	1527.5	53.4	
85.80	296.1	25.6	25.5	2.0	-37.0	75.6	43.3	61.5	-113.4	206.5	1344.1	50.6	
85.85	296.6	25.2	26.1	2.0	-34.2	75.7	34.9	66.1	-119.0	156.8	1130.4	55.3	
85.90	297.1	24.9	28.2	2.0	-32.0	75.8	27.6	67.7	-124.2	107.7	972.3	64.8	
85.95	297.6	25.4	27.7	2.0	-29.4	75.9	21.9	63.9	-124.4	147.2	781.7	65.5	
86.00	298.0	25.9	24.7	2.0	-27.5	76.0	16.9	60.0	-125.3	290.0	601.1	57.2	
86.05	298.5	26.2	25.9	2.0	-27.6	76.1	15.5	60.6	-128.2	385.9	544.8	61.4	
86.10	299.0	25.8	28.6	2.0	-28.8	76.2	18.1	56.7	-129.3	510.5	578.1	69.4	
86.15	299.5	25.7	29.1	2.0	-30.0	76.3	17.4	53.7	-129.6	678.8	543.1	70.1	
86.20	299.9	25.6	29.1	2.0	-29.8	76.4	12.5	57.7	-133.0	725.5	433.8	70.0	
86.25	300.4	25.4	31.1	2.0	-27.8	76.5	13.0	64.5	-135.8	553.4	373.6	78.9	
86.30	300.9	26.5	32.1	2.0	-25.9	76.6	15.4	63.2	-133.5	432.7	301.3	84.4	
86.35	301.3	27.4	30.7	2.0	-25.5	76.7	11.1	61.1	-131.1	478.1	171.9	80.1	
86.40	301.8	27.9	29.6	2.0	-25.6	76.8	5.4	62.0	-136.8	485.0	171.2	75.8	
86.45	302.3	27.7	30.9	2.0	-25.8	76.9	4.7	61.3	-144.7	451.7	264.3	80.4	
86.50	302.8	27.6	29.6	2.0	-26.3	77.0	5.4	57.6	-143.8	537.0	205.2	75.4	
86.55	303.2	27.5	27.4	2.0	-26.9	77.1	5.2	56.4	-139.2	625.4	71.2	67.2	
86.60	303.7	27.7	27.8	2.0	-27.0	77.2	6.8	58.3	-142.8	615.5	123.8	68.5	
86.65	304.1	27.6	29.8	2.0	-27.1	77.3	7.5	63.3	-149.9	555.1	262.9	75.2	
86.70	304.6	27.2	29.5	2.0	-27.5	77.4	9.1	67.7	-149.9	525.0	341.6	73.7	
86.75	305.0	26.7	29.1	2.0	-28.0	77.5	14.0	64.9	-145.2	545.9	396.9	72.1	
86.80	305.5	26.5	30.8	2.0	-28.2	77.6	14.7	60.4	-145.7	554.4	438.6	77.5	
86.85	305.9	26.2	29.9	2.0	-29.6	77.7	9.9	55.6	-153.3	659.2	484.8	73.0	
86.90	306.4	25.5	27.9	2.0	-30.3	77.8	4.9	51.2	-156.8	769.9	441.8	65.4	
86.95	306.8	25.6	25.4	2.0	-30.1	77.9	4.1	47.0	-153.5	823.2	322.3	57.2	
87.00	307.3	25.8	25.2	2.0	-28.9	78.0	1.3	49.4	-152.9	760.7	206.5	57.8	
87.05	307.7	25.8	25.8	2.0	-26.8	78.1	-2.1	56.7	-158.0	574.2	182.1	61.8	
87.10	308.2	26.1	26.3	2.0	-25.3	78.2	-0.5	59.0	-160.3	418.6	234.7	65.1	
87.15	308.6	26.0	26.7	2.0	-26.0	78.3	4.9	56.1	-157.6	447.6	313.9	65.5	
87.20	309.0	25.6	27.3	2.0	-27.5	78.4	12.0	56.7	-156.9	489.5	435.4	66.3	
87.25	309.5	25.6	28.8	2.0	-28.2	78.5	18.1	59.0	-160.7	410.6	556.9	70.6	
87.30	309.9	25.7	28.5	2.0	-27.5	78.6	18.5	59.7	-163.5	308.6	555.2	70.3	
87.35	310.3	25.8	25.5	2.0	-25.2	78.7	11.1	57.4	-161.7	297.0	374.0	62.2	
87.40	310.7	25.5	24.1	2.0	-23.9	78.8	5.3	53.0	-162.8	287.3	269.8	58.9	
87.45	311.2	25.2	24.5	2.0	-24.0	78.9	5.0	53.0	-168.1	226.8	323.2	60.2	
87.50	311.6	25.0	23.9	2.0	-24.4	79.0	4.6	56.7	-169.6	237.1	334.9	57.8	
87.55	312.0	25.2	21.5	2.0	-25.4	79.1	5.4	56.0	-167.2	350.3	351.6	48.3	
87.60	312.4	25.8	21.7	2.0	-28.0	79.2	9.4	46.9	-168.5	489.9	521.9	46.4	
87.65	312.8	26.4	24.1	2.0	-31.4	79.3	14.7	41.4	-174.9	590.0	778.8	51.2	
87.70	313.2	26.2	23.8	2.0	-33.0	79.4	17.9	42.9	-175.7	654.0	875.7	48.7	
87.75	313.6	25.9	23.8	2.0	-32.3	79.5	19.0	40.7	-171.8	646.1	824.7	49.5	
87.80	314.0	25.4	24.4	2.0	-30.8	79.6	17.5	41.1	-173.4	540.1	755.4	52.9	
87.85	314.3	24.9	24.3	2.0	-29.2	79.7	12.0	46.9	-179.9	442.6	663.7	54.2	
87.90	314.7	25.0	22.3	2.0	-28.1	79.8	6.3	47.0	-182.2	458.4	545.3	48.4	
87.95	315.1	25.3	20.8	2.0	-27.5	79.9	4.7	42.2	-181.5	507.7	456.9	43.9	
88.00	315.5	25.6	21.1	2.0	-27.1	80.0	3.5	44.0	-184.2	514.6	387.1	45.2	
88.05	315.9	26.2	22.3	2.0	-26.5	80.1	-1.0	47.4	-188.7	521.2	271.9	50.1	
88.10	316.3	26.5	23.0	2.0	-26.0	80.2	-3.2	42.2	-188.1	542.4	141.5	52.8	
88.15	316.6	26.6	25.2	2.0	-25.3	80.3	-2.5	34.9	-185.9	535.6	34.1	61.1	
88.20	317.0	27.0	26.6	2.0	-25.1	80.4	-3.0	36.8	-189.1	508.1	-51.0	66.1	
88.25	317.4	27.2	27.3	2.0	-26.2	80.5	-5.9	40.1	-193.1	544.0	-192.5	67.6	
88.30	317.7	27.2	27.5	2.0	-27.8	80.6	-5.7	34.7	-192.9	641.0	-328.9	66.6	
88.35	318.1	27.4	27.7	2.0	-29.6	80.7	-4.8	26.7	-193.1	777.4	-402.3	65.4	
88.40	318.5	27.8	28.8	2.0	-31.2	80.8	-6.9	26.0	-197.1	875.8	-469.2	67.6	
88.45	318.8	28.1	28.4	2.0	-32.4	80.9	-8.3	25.0	-199.9	941.6	-536.0	65.1	
88.50	319.2	28.4	28.2	2.0	-32.1	81.0	-5.9	24.2	-199.6	922.1	-536.1	64.8	
88.55	319.5	28.7	28.4	2.0	-31.1	81.1	-2.7	25.2	-199.7	870.8	-471.3	66.3	
88.60	319.8	29.1	26.9	2.0	-30.0	81.2	1.5	24.7	-201.8	844.6	-336.2	62.2	
88.65	320.2	29.5	24.7	2.0	-28.3	81.3	4.6	22.3	-203.2	763.2	-184.4	56.5	
88.70	320.5	29.5	23.0	2.0	-26.5	81.4	7.6	23.2	-206.0	640.7	19.7	52.3	
88.75	320.8	29.1	22.9	2.0	-25.6	81.5	11.7	32.0	-210.8	467.7	262.4	52.9	
88.80	321.2	29.1	21.6	2.0	-26.0	81.6	15.4	39.9	-212.5	305.9	448.2	48.0	
88.85	321.5	29.2	19.7	2.0	-27.5	81.7	17.4	39.4	-211.3	279.3	596.0	40.1	
88.90	321.8	29.2	18.7	2.0	-30.3	81.8	18.5	37.6	-212.9	354.9	792.3	34.1	
88.95	322.1	28.7	19.3	2.0	-34.7	81.9	25.2	40.3	-217.6	416.6	1109.2	31.6	
89.00	322.4	28.3	19.1	2.0	-38.9	82.0	35.3	40.0	-217.6	486.8	1406.5	26.6	
89.05	322.7	28.0	17.3	2.0	-41.6	82.1	40.6	35.4	-214.7	569.0	1594.0	17.6	
89.10	323.0	28.1	18.0	2.0	-44.0	82.2	41.7	32.0	-218.2	585.9	1778.6	17.8	
89.15	323.2	28.1	19.4	2.0	-45.6	82.3	42.1	34.2	-225.3	540.7	1912.4	21.1	
89.20	323.5	28.0	19.3	2.0	-45.2	82.4	42.3	37.9	-225.8	527.0	1876.3	21.1	
89.25	323.8	27.9	18.2	2.0	-43.3	82.5	40.5	38.5	-222.2	586.4	1712.2	19.1	
89.30	324.1	27.7	18.7	2.0	-41.6	82.6	38.4	39.4	-224.6	603.1	1566.7	22.7	
89.35	324.4	27.5	18.1	2.0	-39.7	82.7	35.3	37.9	-228.8	651.2	1401.5	22.3	
89.40	324.7	27.3	16.9	2.0	-37.1	82.8	29.5	33.1	-227.5	747.9	1144.5	21.0	
89.45	325.0	27.3	18.6	2.0	-35.8	82.9	28.4	32.1	-226.6	800.1	989.2	28.0	
89.50	325.2	27.5	24.1	2.0	-35.4	83.0	33.3	39.6	-231.9	727.6	967.8	47.3	
89.55	325.5	27.9	25.5	2.0	-33.9	83.1	34.8	43.8	-234.9	721.0	816.0	53.7	
89.60	325.8	28.4	22.4	2.0	-32.1	83.2	26.3	35.2	-230.5	895.2	410.0	45.0	
89.65	326.1	28.8	21.0	2.0	-33.0	83.3	16.9	22.5	-229.7	1099.2	54.4	39.1	
89.70	326.4	28.8	24.4	2.0	-34.2	83.4	13.0	20.0	-235.8	1197.6	-110.6	49.5	
89.75	326.7	28.6	25.5	2.0	-35.6	83.5	12.6	24.3	-237.2	1277.5	-242.3	52.0	
89.80	326.9	28.4	25.2	2.0	-37.2	83.6	10.2	24.5	-233.1	1363.4	-400.9	49.4	
89.85	327.2	28.0	25.3	2.0	-39.0	83.7	5.2	17.1	-235.2	1515.8	-457.9	47.9	
89.90	327.5	27.7	26.9	2.0	-40.9	83.8	-0.0	10.1	-243.4	1690.9	-421.1	51.5	
89.95	327.8	27.6	27.7	2.0	-42.9	83.9	2.5	5.3	-246.5	1878.8	-326.9	52.3	
90.00	328.1	27.8	27.4	2.0	-44.7	84.0	8.1	4.6	-241.1	2014.7	-285.8	49.3	
90.05	328.3	28.6	26.7	2.0	-45.0	84.1	9.4	8.7	-239.2	2027.8	-279.3	46.8	
90.10	328.6	28.9	26.3	2.0	-44.2	84.2	5.9	13.7	-244.9	1960.5	-248.6	46.1	
90.15	328.9	28.8	25.0	2.0	-45.1	84.3	5.7	10.4	-247.4	2046.2	-136.9	40.8	
90.20	329.1	28.3	25.4	2.0	-48.9	84.4	12.1	-2.5	-243.4	2340.9	95.1	38.3	
90.25	329.4	28.1	26.6	2.0	-54.3	84.5	20.2	-11.8	-242.8	2687.9	398.2	37.1	
90.30	329.7	28.0	27.3	2.0	-58.2	84.6	24.2	-14.0	-247.9	2931.3	628.5	35.6	
90.35	329.9	27.3	26.1	2.0	-60.5	84.7	22.2	-18.1	-250.8	3097.5	684.1	29.0	
90.40	330.2	27.5	25.9	2.0	-61.7	84.8	17.9	-21.5	-247.9	3202.6	616.5	27.3	
90.45	330.4	27.9	27.2	2.0	-61.4	84.9	16.0	-17.6	-246.5	3206.8	574.4	31.9	
90.50	330.7	28.1	28.1	2.0	-60.6	85.0	19.0	-9.4	-249.3	3135.8	630.3	35.9	
90.55	331.0	27.4	27.5	2.0	-60.9	85.1	22.6	-10.9	-249.4	3140.0	686.3	33.5	
90.60	331.3	26.6	26.2	2.0	-62.5	85.2	25.2	-21.4	-247.2	3226.7	733.4	27.4	
90.65	331.5	26.0	25.5	2.0	-63.8	85.3	29.8	-28.5	-248.6	3278.1	846.6	23.6	
90.70	331.8	25.8	26.5	2.0	-63.8	85.4	36.9	-27.2	-251.3	3219.7	985.3	27.0	
90.75	332.0	25.8	27.1	2.0	-61.7	85.5	38.3	-18.5	-250.6	3068.5	961.7	31.3	
90.80	332.3	25.9	26.6	2.0	-58.5	85.6	31.0	-10.2	-249.1	2907.3	756.6	32.9	
90.85	332.6	26.0	27.0	2.0	-54.4	85.7	21.6	-3.0	-251.7	2673.1	515.8	38.3	
90.90	332.8	26.2	26.5	2.0	-52.0	85.8	13.9	-1.4	-254.1	2542.9	309.9	39.1	
90.95	333.1	26.5	26.3	2.0	-53.2	85.9	9.5	-4.8	-253.1	2657.7	181.6	37.3	
91.00	333.3	26.9	24.2	2.0	-55.7	86.0	10.8	-10.7	-253.4	2838.6	190.2	27.5	
91.05	333.6	27.1	23.8	2.0	-56.4	86.1	13.0	-13.0	-256.3	2874.9	222.4	25.2	
91.10	333.8	27.0	22.5	2.0	-54.9	86.2	11.7	-10.8	-258.7	2774.4	168.5	22.3	
91.15	334.1	26.7	23.4	2.0	-52.7	86.3	8.0	-9.3	-256.9	2624.1	29.3	27.6	
91.20	334.3	26.7	23.1	2.0	-50.8	86.4	5.0	-7.0	-254.1	2485.6	-114.6	28.5	
91.25	334.6	26.8	24.1	2.0	-49.3	86.5	4.9	-0.1	-257.5	2375.5	-171.1	33.3	
91.30	334.8	26.8	24.5	2.0	-48.4	86.6	0.1	6.6	-260.3	2286.5	-328.4	35.6	
91.35	335.1	27.1	23.5	2.0	-48.1	86.7	-8.5	6.1	-258.0	2192.3	-602.8	32.6	
91.40	335.3	27.1	23.4	2.0	-46.9	86.8	-14.2	5.3	-258.0	2023.1	-798.2	33.5	
91.45	335.6	26.6	23.8	2.0	-45.2	86.9	-16.0	10.7	-262.9	1844.8	-847.8	36.5	
91.50	335.8	26.8	25.5	2.0	-43.8	87.0	-16.7	21.9	-264.8	1676.7	-880.1	43.7	
91.55	336.1	26.9	25.9	2.0	-42.1	87.1	-13.5	26.8	-261.5	1526.8	-883.0	46.9	
91.60	336.3	26.9	25.4	2.0	-39.9	87.2	-6.4	25.6	-259.5	1389.8	-808.6	47.2	
91.65	336.6	28.1	24.4	2.0	-39.3	87.3	-4.8	21.9	-259.6	1372.8	-772.6	44.3	
91.70	336.8	28.5	23.1	2.0	-40.0	87.4	-4.3	18.1	-259.8	1476.2	-714.0	39.3	
91.75	337.0	28.2	22.7	2.0	-40.2	87.5	-1.0	17.2	-259.1	1539.7	-610.5	37.8	
91.80	337.3	27.8	22.6	2.0	-39.2	87.6	0.7	22.1	-260.4	1468.8	-544.6	38.3	
91.85	337.5	28.1	21.6	2.0	-38.2	87.7	-3.5	30.3	-262.5	1348.6	-577.0	36.0	
91.90	337.7	28.6	20.0	2.0	-38.2	87.8	-8.1	30.6	-262.0	1332.6	-598.7	30.4	
91.95	337.9	28.7	19.3	2.0	-38.6	87.9	-6.1	26.5	-261.5	1432.1	-456.6	27.7	
92.00	338.1	28.5	19.3	2.0	-40.8	88.0	-0.1	26.4	-262.5	1659.3	-198.5	25.4	
92.05	338.4	28.4	19.8	2.0	-44.0	88.1	6.9	24.7	-262.0	1920.4	75.3	23.8	
92.10	338.6	28.7	19.6	2.0	-46.4	88.2	14.7	13.7	-258.9	2093.8	307.7	21.0	
92.15	338.8	29.0	18.4	2.0	-47.2	88.3	16.3	6.5	-258.4	2148.4	417.8	15.8	
92.20	339.0	29.1	17.1	2.0	-46.8	88.4	11.7	12.6	-262.5	2112.7	432.6	12.0	
92.25	339.2	29.1	19.1	2.0	-45.4	88.5	10.6	21.8	-265.0	1979.1	449.3	20.0	
92.30	339.4	29.5	20.3	2.0	-44.5	88.6	12.2	22.7	-263.6	1910.2	419.1	25.2	
92.35	339.6	29.6	19.0	2.0	-45.0	88.7	8.2	23.2	-262.3	1978.9	268.5	20.2	
92.40	339.8	29.3	17.0	2.0	-46.8	88.8	2.0	22.1	-263.7	2136.6	109.1	11.5	
92.45	340.1	29.5	17.0	2.0	-48.3	88.9	4.2	15.8	-265.4	2268.0	109.3	10.0	
92.50	340.3	29.7	19.9	2.0	-48.5	89.0	10.5	17.1	-263.6	2268.8	156.2	19.7	
92.55	340.5	29.6	22.0	2.0	-47.5	89.1	11.2	26.1	-261.1	2178.0	80.4	28.1	
92.60	340.7	29.5	22.8	2.0	-46.1	89.2	10.0	29.3	-263.1	2061.1	-37.7	32.3	
92.65	340.9	29.5	23.5	2.0	-45.3	89.3	6.2	25.7	-265.8	1999.1	-219.3	35.5	
92.70	341.1	29.6	23.1	2.0	-46.8	89.4	-1.5	21.7	-265.4	2083.4	-500.5	32.6	
92.75	341.3	29.4	22.9	2.0	-49.6	89.5	-8.3	19.2	-263.5	2216.8	-786.4	29.1	
92.80	341.4	28.9	23.6	2.0	-51.7	89.6	-10.2	12.3	-263.8	2344.1	-948.2	29.3	
92.85	341.6	28.4	24.0	2.0	-52.5	89.7	-12.4	8.8	-265.0	2368.7	-1057.3	29.8	
92.90	341.8	28.6	23.8	2.0	-52.3	89.8	-15.3	17.4	-265.8	2286.8	-1135.1	29.4	
92.95	342.0	28.4	24.9	2.0	-50.5	89.9	-12.0	27.5	-265.3	2141.4	-1070.9	34.9	
93.00	342.2	28.3	27.2	2.0	-47.7	90.0	-2.9	28.5	-265.3	2005.4	-874.9	45.5	
93.05	342.4	28.8	27.0	2.0	-47.2	90.1	-0.2	24.1	-266.6	2017.4	-770.4	45.5	
93.10	342.6	29.2	23.9	2.0	-48.9	90.2	-7.1	22.0	-268.3	2132.9	-839.2	33.0	
93.15	342.8	29.4	22.2	2.0	-49.5	90.3	-9.9	16.9	-269.1	2175.1	-875.4	26.9	
93.20	343.0	28.9	22.1	2.0	-48.2	90.4	-5.7	11.0	-268.4	2118.5	-815.3	27.8	
93.25	343.2	28.1	-0.5	1.5	-47.6	90.5	-8.6	13.1	-266.9	2055.8	-833.5	15.5	
93.30	343.4	27.6	2.9	1.1	-47.2	90.5	-14.0	18.0	-269.3	2006.1	-814.0	11.1	
93.35	343.5	27.9	6.3	0.8	-45.1	90.6	-8.9	17.2	-274.1	1925.8	-574.7	12.4	
93.40	343.7	28.3	9.5	0.6	-43.3	90.6	2.5	14.1	-274.5	1870.2	-253.7	16.3	
93.45	343.9	28.6	11.2	0.5	-44.1	90.7	10.4	16.4	-271.7	1933.5	-23.4	14.3	
93.50	344.1	28.5	11.6	0.3	-45.1	90.7	12.8	17.0	-271.3	2008.1	96.9	9.8	
93.55	344.2	28.9	12.7	0.3	-44.8	90.7	15.2	10.5	-274.1	1983.5	176.8	10.0	
93.60	344.4	28.8	12.9	0.2	-43.4	90.7	14.4	9.3	-273.8	1882.0	133.9	9.3	
93.65	344.6	27.3	11.8	0.1	-41.4	90.7	12.7	17.5	-269.8	1725.7	43.8	5.3	
93.70	344.7	26.6	12.0	0.1	-39.8	90.7	15.3	21.2	-268.5	1589.1	91.9	5.9	
93.75	344.9	26.3	13.0	0.1	-39.4	90.7	20.0	15.7	-272.8	1540.0	279.2	8.7	
93.80	345.1	26.7	12.7	0.1	-40.5	90.7	20.3	13.3	-277.1	1593.2	413.6	5.7	
93.85	345.2	25.7	11.5	0.0	-42.3	90.7	22.6	14.6	-276.4	1702.1	516.5	-0.9	
93.90	345.4	24.8	12.4	0.0	-43.9	90.7	32.1	10.8	-272.8	1754.8	672.0	-0.0	
93.95	345.5	24.2	14.0	0.0	-44.3	90.7	36.9	6.6	-270.7	1751.0	736.7	4.8	
94.00	345.7	24.7	12.5	0.0	-43.7	90.7	30.4	10.6	-272.2	1753.9	647.2	-0.1	
94.05	345.8	25.4	12.1	0.0	-42.4	90.7	25.1	18.0	-273.8	1673.4	587.9	-0.4	
94.10	345.9	26.2	12.7	0.0	-42.2	90.7	32.4	19.3	-273.0	1578.1	723.9	1.9	
94.15	346.1	26.3	12.8	0.0	-42.8	90.7	36.7	21.0	-271.5	1570.7	821.9	1.5	
94.20	346.2	26.3	10.7	0.0	-43.9	90.7	30.1	18.5	-274.0	1693.4	797.7	-6.9	
94.25	346.4	26.3	9.1	0.0	-45.7	90.7	27.4	8.8	-280.5	1840.5	844.9	-14.1	
94.30	346.5	26.8	10.4	0.0	-46.8	90.7	30.7	2.8	-281.9	1905.8	888.9	-11.2	
94.35	346.6	26.9	9.9	0.0	-45.8	90.7	28.4	7.5	-276.4	1899.1	734.2	-11.9	
94.40	346.8	26.8	9.2	0.0	-43.9	90.7	22.7	15.3	-274.4	1818.6	526.3	-12.1	
94.45	346.9	26.3	10.6	0.0	-42.5	90.7	21.3	14.1	-278.9	1735.0	448.5	-6.1	
94.50	347.1	26.3	11.9	0.0	-43.0	90.7	20.5	9.3	-281.1	1799.5	389.2	-2.3	
94.55	347.2	26.5	11.6	0.0	-44.9	90.7	18.3	7.6	-278.0	1971.4	274.0	-5.0	
94.60	347.3	26.7	11.2	0.0	-46.0	90.7	20.0	4.7	-277.5	2064.7	217.2	-7.6	
94.65	347.5	27.1	14.2	0.0	-47.5	90.7	21.5	-4.3	-281.6	2172.5	156.0	1.3	
94.70	347.6	27.3	14.1	0.0	-47.4	90.7	12.2	-8.1	-282.6	2192.0	-131.3	1.1	
94.75	347.8	27.3	13.3	0.0	-48.2	90.7	3.1	-10.6	-279.7	2223.2	-448.1	-2.5	
94.80	347.9	27.5	15.7	0.0	-48.7	90.7	3.5	-13.2	-278.9	2228.6	-557.0	5.2	
94.85	348.1	27.8	17.2	0.0	-49.7	90.7	8.1	-14.1	-280.6	2304.4	-519.6	9.4	
94.90	348.2	27.6	16.3	0.0	-52.3	90.7	6.1	-14.1	-280.5	2500.6	-558.7	3.7	
94.95	348.3	27.4	15.2	0.0	-55.9	90.7	4.7	-21.0	-279.4	2761.1	-565.6	-3.6	
95.00	348.5	27.1	17.0	0.0	-58.3	90.7	10.0	-29.3	-280.6	2939.6	-433.7	-0.0	
95.05	348.6	26.6	18.9	0.0	-59.8	90.7	16.9	-31.5	-280.7	3058.3	-277.4	5.0	
95.10	348.7	26.4	18.7	0.0	-61.4	90.7	16.1	-30.4	-276.3	3192.4	-257.8	2.9	
95.15	348.8	26.4	17.6	0.0	-62.9	90.7	13.9	-32.5	-275.9	3301.2	-214.8	-2.4	
95.20	349.0	26.4	17.6	0.0	-63.1	90.7	15.7	-36.1	-281.4	3313.4	-49.6	-2.7	
95.25	349.1	26.9	17.2	0.0	-63.9	90.7	17.8	-37.8	-283.1	3363.5	127.9	-4.7	
95.30	349.2	26.8	15.6	0.0	-66.8	90.7	19.0	-40.4	-278.5	3563.8	268.7	-13.3	
95.35	349.4	26.3	15.6	0.0	-69.8	90.7	20.0	-46.0	-278.4	3765.5	426.9	-16.4	
95.40	349.5	26.4	15.9	0.0	-71.7	90.7	22.5	-50.4	-286.1	3864.4	622.1	-17.3	
95.45	349.6	26.8	14.9	0.0	-72.0	90.7	22.5	-50.5	-286.0	3880.7	648.2	-20.9	
95.50	349.8	27.3	15.2	0.0	-70.9	90.7	21.9	-52.7	-275.9	3813.3	551.0	-18.6	
95.55	349.9	27.3	15.9	0.0	-69.2	90.7	27.3	-53.8	-275.0	3660.3	637.0	-14.6	
95.60	350.0	27.6	17.2	0.0	-66.8	90.7	29.4	-45.4	-285.1	3454.2	785.3	-7.6	
95.65	350.2	27.7	15.8	0.0	-64.7	90.7	23.9	-36.3	-287.5	3332.8	732.8	-10.4	
95.70	350.3	27.2	13.9	0.0	-63.3	90.7	21.3	-38.9	-280.8	3260.4	584.3	-15.7	
95.75	350.5	27.1	15.0	0.0	-62.0	90.7	24.3	-45.0	-281.0	3150.8	520.2	-10.3	
95.80	350.6	27.2	15.3	0.0	-61.9	90.7	18.6	-44.6	-287.3	3168.1	339.9	-9.4	
95.85	350.7	27.5	13.6	0.0	-63.0	90.7	3.6	-44.3	-286.2	3286.4	-64.5	-16.2	
95.90	350.9	27.7	13.8	0.0	-63.0	90.7	-1.8	-48.9	-280.6	3256.1	-375.5	-15.6	
95.95	351.0	28.0	16.8	0.0	-60.0	90.7	3.7	-46.9	-280.9	3017.1	-448.5	-2.4	
96.00	351.1	28.4	17.9	0.0	-56.8	90.7	5.6	-37.9	-282.9	2797.6	-483.0	4.8	
96.05	351.3	28.0	17.2	0.0	-56.6	90.7	0.0	-37.4	-280.9	2763.9	-591.5	2.3	
96.10	351.4	27.9	17.9	0.0	-56.6	90.7	0.5	-42.8	-282.8	2752.7	-547.4	4.8	
96.15	351.5	28.0	19.7	0.0	-55.0	90.7	6.7	-39.0	-290.1	2663.3	-401.7	12.4	
96.20	351.7	28.3	18.8	0.0	-53.7	90.7	3.6	-30.1	-287.4	2568.5	-526.4	11.0	
96.25	351.8	28.4	16.1	0.0	-53.7	90.7	-5.6	-31.2	-279.0	2494.0	-817.5	1.6	
96.30	351.9	28.4	15.3	0.0	-52.6	90.7	-11.9	-33.9	-281.2	2345.4	-930.3	-0.1	
96.35	352.0	28.9	14.6	0.0	-50.6	90.7	-13.9	-27.1	-289.6	2231.3	-843.9	-0.7	
96.40	352.2	28.8	13.7	0.0	-49.1	90.7	-10.7	-19.8	-287.6	2186.2	-691.0	-2.2	
96.45	352.3	28.2	13.1	0.0	-46.8	90.7	-0.8	-21.3	-279.9	2081.0	-447.1	-1.9	
96.50	352.4	27.3	12.0	0.0	-45.2	90.7	7.5	-25.4	-283.4	1988.6	-116.6	-4.0	
96.55	352.5	27.2	11.4	0.0	-44.3	90.7	7.0	-18.7	-292.2	1930.1	106.2	-5.0	
96.60	352.6	27.1	10.3	0.0	-45.0	90.7	6.2	-13.9	-290.1	1994.6	164.0	-9.8	
96.65	352.8	27.0	10.7	0.0	-44.6	90.7	10.4	-14.9	-281.4	1964.2	151.8	-8.0	
96.70	352.9	27.5	9.2	0.0	-43.3	90.7	8.7	-15.1	-281.4	1870.9	74.0	-11.6	
96.75	353.0	28.3	7.6	0.0	-42.9	90.7	-1.0	-12.4	-287.4	1852.4	-52.0	-16.7	
96.80	353.1	29.2	5.3	0.0	-44.0	90.7	-3.2	-15.0	-287.4	1931.4	-61.4	-25.9	
96.85	353.2	29.2	5.7	0.0	-44.7	90.7	5.1	-20.0	-282.8	1967.0	86.0	-25.2	
96.90	353.4	28.9	8.1	0.0	-43.5	90.7	14.5	-14.5	-284.5	1855.3	307.7	-15.7	
96.95	353.5	28.5	10.2	0.0	-42.9	90.7	17.1	-6.5	-288.2	1793.2	409.1	-7.9	
97.00	353.6	28.0	10.0	0.0	-43.8	90.7	19.0	-10.4	-284.4	1857.4	391.0	-9.5	
97.05	353.7	28.1	8.9	0.0	-44.7	90.7	18.8	-19.4	-279.4	1933.2	286.5	-14.1	
97.10	353.8	28.6	9.0	0.0	-44.6	90.7	13.9	-18.0	-282.7	1948.3	158.7	-13.7	
97.15	353.9	29.0	8.2	0.0	-43.1	90.7	6.2	-9.2	-287.2	1872.5	-10.2	-14.8	
97.20	354.1	29.0	8.1	0.0	-41.9	90.7	4.9	-8.1	-283.3	1783.8	-140.0	-14.0	
97.25	354.2	28.8	8.5	0.0	-42.1	90.7	3.9	-12.8	-279.1	1785.5	-221.0	-12.8	
97.30	354.3	28.7	8.4	0.0	-42.9	90.7	0.3	-10.0	-285.9	1851.3	-199.7	-14.0	
97.35	354.4	29.1	9.1	0.0	-44.1	90.7	-0.2	-9.0	-291.1	1944.6	-137.0	-12.9	
97.40	354.5	29.3	10.0	0.0	-45.2	90.7	5.1	-18.8	-283.5	2011.1	-105.8	-11.0	
97.45	354.6	28.7	8.7	0.0	-45.5	90.7	10.8	-22.9	-279.0	2016.9	-53.1	-15.5	
97.50	354.7	28.2	8.9	0.0	-44.2	90.7	8.0	-12.6	-285.7	1948.3	-39.0	-13.6	
97.55	354.8	27.8	8.9	0.0	-42.9	90.7	0.8	-8.2	-289.3	1857.0	-137.3	-12.5	
97.60	354.9	27.7	8.1	0.0	-41.9	90.7	-1.2	-10.8	-285.1	1771.4	-248.3	-14.0	
97.65	355.0	27.4	7.5	0.0	-41.2	90.7	-3.1	-6.6	-284.0	1708.5	-337.2	-15.4	
97.70	355.1	27.1	7.4	0.0	-40.8	90.7	-7.3	-0.8	-288.7	1660.0	-414.4	-15.5	
97.75	355.2	27.1	7.6	0.0	-40.8	90.7	-8.9	-6.6	-289.4	1621.4	-492.3	-14.5	
97.80	355.2	26.9	7.1	0.0	-40.4	90.7	-7.6	-13.1	-284.6	1565.2	-545.0	-16.0	
97.85	355.3	26.8	7.9	0.0	-38.1	90.7	-3.5	-3.6	-284.5	1437.6	-477.1	-10.9	
97.90	355.4	26.9	10.6	0.0	-35.9	90.7	4.5	4.6	-286.6	1309.7	-313.3	0.5	
97.95	355.5	26.8	11.7	0.0	-35.4	90.7	11.7	-1.4	-284.6	1276.3	-197.2	4.8	
98.00	355.6	27.0	8.8	0.0	-35.5	90.7	8.9	-5.3	-282.5	1284.2	-238.2	-5.2	
98.05	355.7	27.3	8.2	0.0	-35.2	90.7	2.6	2.9	-286.8	1262.7	-285.2	-7.0	
98.10	355.7	27.2	9.0	0.0	-33.9	90.7	6.5	9.5	-291.0	1157.6	-210.3	-3.0	
98.15	355.8	27.1	8.4	0.0	-32.6	90.7	10.5	7.3	-284.6	1052.5	-231.3	-3.8	
98.20	355.9	26.9	5.1	0.0	-31.8	90.7	2.4	6.6	-278.7	958.8	-400.4	-14.3	
98.25	356.0	26.0	2.1	0.0	-29.9	90.7	-0.6	10.9	-285.3	818.8	-310.9	-22.6	
98.30	356.1	25.5	3.4	0.0	-27.6	90.7	13.0	11.9	-290.7	674.4	98.8	-16.1	
98.35	356.1	25.2	5.3	0.0	-29.4	90.7	30.3	9.6	-282.4	610.1	486.4	-11.2	
98.40	356.2	25.3	4.3	0.0	-31.6	90.7	35.2	13.7	-278.6	602.4	709.2	-16.7	
98.45	356.3	25.5	3.9	0.0	-32.7	90.7	32.7	17.2	-288.5	512.1	873.0	-19.3	
98.50	356.4	25.8	3.9	0.0	-33.1	90.7	34.3	12.1	-292.1	379.3	970.6	-19.9	
98.55	356.4	25.6	1.0	0.0	-31.2	90.7	31.6	13.7	-282.7	319.4	848.9	-27.8	
98.60	356.5	25.3	-2.0	0.0	-29.5	90.7	25.4	25.9	-279.5	261.2	726.8	-36.4	
98.65	356.6	25.2	-1.6	0.0	-30.7	90.7	25.7	29.5	-288.1	151.7	836.3	-36.2	
98.70	356.6	25.5	-1.0	0.0	-32.5	90.7	29.8	19.0	-291.0	127.9	987.5	-36.0	
98.75	356.7	25.7	-3.2	0.0	-33.2	90.7	31.1	11.4	-284.3	229.7	1035.7	-44.1	
98.80	356.7	26.1	-3.1	0.0	-35.7	90.7	36.2	16.8	-284.4	310.5	1188.0	-46.5	
98.85	356.8	26.5	0.8	0.0	-38.9	90.7	45.6	16.6	-290.2	334.7	1400.8	-36.2	
98.90	356.9	26.5	2.2	0.0	-37.8	90.7	45.8	7.9	-288.4	371.4	1312.2	-30.2	
98.95	356.9	26.6	-1.7	0.0	-33.4	90.7	36.1	5.1	-282.2	451.6	964.2	-39.1	
99.00	356.9	27.4	-3.0	0.0	-29.5	90.7	26.8	15.6	-282.9	422.5	665.9	-39.7	
99.05	357.0	27.7	0.1	0.0	-28.1	90.7	26.9	21.4	-287.7	343.8	574.3	-27.6	
99.10	357.0	28.2	1.1	0.0	-26.8	90.7	25.3	15.6	-285.3	395.1	437.3	-22.9	
99.15	357.1	28.8	-1.2	0.0	-27.3	90.7	19.3	9.9	-281.9	588.4	277.0	-31.3	
99.20	357.1	28.9	-0.2	0.0	-29.4	90.7	20.8	7.6	-286.8	728.1	335.9	-30.0	
99.25	357.2	29.0	2.8	0.0	-31.4	90.7	30.2	2.7	-290.8	777.9	502.0	-21.8	
99.30	357.2	29.4	3.3	0.0	-31.9	90.7	31.5	-3.2	-284.3	869.6	422.5	-20.7	
99.35	357.3	30.1	1.3	0.0	-32.3	90.7	24.6	-4.7	-279.2	998.8	210.9	-27.8	
99.40	357.3	30.7	2.5	0.0	-32.5	90.7	23.0	-3.9	-284.5	1019.7	178.2	-24.0	
99.45	357.4	31.3	3.1	0.0	-32.8	90.7	26.7	-5.0	-288.1	1022.2	236.5	-22.1	
99.50	357.4	31.5	2.6	0.0	-33.9	90.7	23.0	-4.6	-282.4	1136.2	148.1	-25.0	
99.55	357.5	31.3	1.6	0.0	-35.6	90.7	20.2	-4.6	-281.1	1270.0	149.5	-29.9	
99.60	357.5	30.6	2.7	0.0	-37.6	90.7	24.7	-11.5	-288.2	1359.3	359.3	-28.4	
99.65	357.6	29.5	3.0	0.0	-39.0	90.7	27.1	-18.6	-291.3	1405.9	505.9	-28.7	
99.70	357.7	28.9	1.0	0.0	-38.6	90.7	26.0	-19.2	-285.3	1379.7	507.7	-35.1	
99.75	357.7	28.6	0.2	0.0	-37.4	90.7	30.5	-15.0	-282.3	1237.9	612.1	-36.6	
99.80	357.8	28.2	2.2	0.0	-37.5	90.7	36.8	-13.2	-286.8	1097.7	810.3	-29.9	
99.85	357.9	27.6	0.9	0.0	-36.8	90.7	34.9	-13.8	-288.4	1004.0	852.2	-33.9	
99.90	357.9	27.1	-3.1	0.0	-35.6	90.7	31.8	-10.4	-285.9	914.1	835.4	-46.1	
99.95	358.0	27.2	-2.4	0.0	-35.2	90.7	35.3	-8.7	-283.7	787.0	915.6	-43.5	
100.00	358.0	27.3	0.1	0.0	-35.7	90.7	40.2	-8.0	-285.5	623.0	1056.5	-35.4	
100.05	358.1	27.3	-1.4	0.0	-36.0	90.7	40.1	-1.8	-288.9	542.0	1122.6	-40.8	
100.10	358.1	26.8	-4.1	0.0	-34.7	90.7	33.9	2.5	-286.3	569.4	1019.2	-48.7	
100.15	358.2	26.8	-4.3	0.0	-34.4	90.7	34.7	-4.0	-283.2	576.5	991.6	-49.1	
100.20	358.3	26.9	-1.5	0.0	-35.1	90.7	40.7	-9.8	-285.4	477.8	1079.6	-40.3	
100.25	358.3	26.9	-1.9	0.0	-34.3	90.7	39.4	-5.3	-286.5	378.8	1053.9	-40.8	
100.30	358.4	27.3	-3.6	0.0	-32.9	90.7	35.6	0.7	-283.9	329.6	977.6	-45.3	
100.35	358.4	27.3	-1.6	0.0	-33.3	90.7	38.1	2.3	-284.3	231.1	1028.3	-38.7	
100.40	358.5	26.6	-0.8	0.0	-34.8	90.7	43.5	2.4	-288.1	137.4	1137.5	-37.5	
100.45	358.5	26.6	-1.8	0.0	-33.4	90.7	39.5	3.3	-286.9	200.8	1037.1	-39.4	
100.50	358.6	26.5	-4.3	0.0	-30.2	90.7	30.4	3.2	-282.4	232.5	807.2	-45.0	
100.55	358.7	26.2	-3.3	0.0	-29.4	90.7	30.2	-1.2	-284.9	150.6	769.5	-40.8	
100.60	358.7	26.3	-0.9	0.0	-29.4	90.7	31.2	6.6	-289.9	-75.1	771.2	-32.6	
100.65	358.8	26.2	-1.7	0.0	-28.2	90.7	25.0	21.9	-287.0	-319.9	603.6	-34.2	
100.70	358.9	25.8	-1.2	0.0	-28.3	90.7	21.0	24.3	-282.8	-511.1	467.8	-32.5	
100.75	358.9	25.2	2.1	0.0	-30.7	90.7	22.5	22.8	-288.4	-712.0	508.6	-23.6	
100.80	359.0	25.1	3.9	0.0	-32.2	90.7	21.2	28.0	-294.6	-833.0	495.4	-18.9	
100.85	359.1	25.3	0.4	0.0	-30.5	90.7	17.1	27.0	-288.2	-800.3	311.6	-29.2	
100.90	359.2	25.3	-0.9	0.0	-29.6	90.7	16.4	21.9	-281.4	-792.7	172.6	-32.7	
100.95	359.2	25.9	1.7	0.0	-30.7	90.7	18.0	23.7	-287.1	-857.5	189.6	-24.8	
101.00	359.3	26.2	3.0	0.0	-31.2	90.7	13.2	30.5	-292.1	-894.3	114.9	-20.9	
101.05	359.4	25.9	1.9	0.0	-30.6	90.7	8.8	32.4	-286.3	-862.9	-28.7	-24.2	
101.10	359.5	26.0	2.2	0.0	-30.1	90.7	10.9	27.7	-282.4	-833.5	-42.7	-22.4	
101.15	359.6	26.0	4.4	0.0	-30.3	90.7	13.0	23.1	-288.9	-856.4	44.3	-15.0	
101.20	359.7	25.9	3.1	0.0	-29.8	90.7	9.9	24.9	-293.7	-813.9	47.0	-19.1	
101.25	359.7	26.5	-0.5	0.0	-28.3	90.7	3.9	24.3	-286.6	-708.2	-94.6	-29.9	
101.30	359.8	26.4	-0.5	0.0	-27.7	90.7	9.2	21.9	-282.6	-675.9	-23.4	-29.5	
101.35	359.9	26.1	2.8	0.0	-28.8	90.7	19.6	24.4	-288.3	-693.8	225.2	-19.2	
101.40	360.0	26.4	2.5	0.0	-28.1	90.7	19.1	27.7	-287.4	-608.2	281.0	-19.4	
101.45	0.1	26.2	-1.2	0.0	-26.2	90.7	15.9	24.8	-281.3	-462.7	284.1	-30.2	
101.50	0.1	25.9	-1.0	0.0	-28.2	90.7	21.4	23.5	-284.7	-466.2	502.9	-31.8	
101.55	0.2	26.0	0.2	0.0	-30.8	90.7	24.4	27.8	-291.3	-519.9	688.4	-30.0	
101.60	0.3	26.1	-2.2	0.0	-29.8	90.7	19.6	30.9	-288.6	-474.0	633.5	-37.5	
101.65	0.4	26.3	-4.9	0.0	-29.0	90.7	14.1	31.8	-282.9	-522.0	524.5	-45.7	
101.70	0.5	26.8	-3.8	0.0	-30.5	90.7	16.1	34.2	-287.5	-591.7	601.0	-43.6	
101.75	0.6	26.8	-2.6	0.0	-30.9	90.7	17.2	37.8	-292.2	-542.6	663.1	-40.0	
101.80	0.7	27.0	-5.9	0.0	-28.2	90.7	16.7	32.2	-285.1	-304.2	599.4	-48.3	
101.85	0.8	27.4	-8.4	0.0	-26.2	90.7	16.7	19.1	-279.3	-8.4	560.2	-55.0	
101.90	0.9	27.0	-5.3	0.0	-28.2	90.7	19.8	15.5	-287.8	152.3	688.4	-46.6	
101.95	1.0	27.0	-1.3	0.0	-29.3	90.7	20.9	20.8	-294.4	246.3	725.2	-33.8	
102.00	1.1	27.3	-1.7	0.0	-26.5	90.7	16.7	20.6	-286.5	313.3	476.0	-32.2	
102.05	1.2	27.9	-3.2	0.0	-23.1	90.7	8.2	16.3	-281.3	317.7	125.6	-34.1	
102.10	1.3	28.0	-1.9	0.0	-22.7	90.7	-0.2	17.5	-290.1	283.1	-116.5	-29.4	
102.15	1.5	27.9	0.1	0.0	-25.2	90.7	-6.2	18.9	-294.2	347.4	-340.0	-24.9	
102.20	1.6	28.0	1.3	0.0	-28.3	90.7	-7.6	12.6	-283.8	472.6	-580.1	-24.0	
102.25	1.7	27.6	2.5	0.0	-29.3	90.7	-4.7	5.2	-280.5	541.9	-647.6	-20.8	
102.30	1.8	27.0	3.8	0.0	-28.2	90.7	-2.1	7.0	-290.3	492.3	-569.7	-15.0	
102.35	1.9	26.4	5.3	0.0	-28.1	90.7	-2.7	10.6	-292.1	431.9	-595.7	-10.1	
102.40	2.1	26.1	5.8	0.0	-28.5	90.7	-0.7	11.2	-282.1	381.1	-669.5	-8.5	
102.45	2.2	25.9	7.0	0.0	-27.6	90.7	3.2	19.3	-281.0	256.6	-628.9	-3.6	
102.50	2.3	26.2	8.1	0.0	-27.1	90.7	1.6	29.5	-289.2	180.9	-582.2	0.7	
102.55	2.4	25.6	5.6	0.0	-28.5	90.7	-3.5	23.0	-287.4	333.4	-652.3	-9.3	
102.60	2.6	25.2	1.7	0.0	-29.5	90.7	-5.5	10.4	-280.4	527.6	-663.1	-23.5	
102.65	2.7	25.8	0.6	0.0	-27.9	90.7	-0.5	8.9	-285.2	604.9	-414.0	-25.9	
102.70	2.8	25.7	1.1	0.0	-25.7	90.7	3.1	16.4	-292.6	522.3	-132.2	-21.9	
102.75	2.9	25.4	-1.0	0.0	-24.4	90.7	7.1	14.3	-288.0	440.7	53.7	-27.7	
102.80	3.1	25.0	-2.7	0.0	-24.4	90.7	12.3	11.5	-282.0	371.5	240.8	-33.5	
102.85	3.2	24.8	-2.5	0.0	-26.9	90.7	17.2	17.4	-287.9	328.7	510.7	-35.6	
102.90	3.3	24.7	-1.7	0.0	-29.6	90.7	22.4	22.6	-291.9	290.1	730.3	-35.4	
102.95	3.5	24.8	-3.5	0.0	-29.5	90.7	24.4	17.2	-284.6	238.1	752.5	-41.5	
103.00	3.6	23.7	-5.1	0.0	-28.3	90.7	21.8	17.2	-280.2	73.6	703.6	-45.9	
103.05	3.7	23.1	-3.6	0.0	-29.3	90.7	18.6	28.2	-288.3	-154.0	744.2	-41.6	
103.10	3.9	23.2	-2.7	0.0	-31.3	90.7	20.0	35.1	-292.6	-365.5	814.7	-40.7	
103.15	4.0	23.1	-3.5	0.0	-31.4	90.7	22.9	32.5	-284.8	-461.1	778.3	-43.3	
103.20	4.1	23.2	-4.7	0.0	-30.5	90.7	21.1	30.5	-281.7	-489.6	690.5	-46.6	
103.25	4.2	23.5	-3.5	0.0	-30.5	90.7	21.0	30.2	-289.4	-464.5	699.7	-42.5	
103.30	4.4	23.7	-3.1	0.0	-29.4	90.7	23.0	25.4	-290.3	-379.8	665.3	-40.1	
103.35	4.5	23.9	-4.2	0.0	-26.9	90.7	23.9	20.5	-281.6	-283.3	516.6	-41.1	
103.40	4.6	24.2	-3.1	0.0	-25.3	90.7	22.0	23.3	-280.1	-275.6	380.7	-35.9	
103.45	4.7	24.3	-0.1	0.0	-25.4	90.7	20.9	25.8	-287.0	-338.9	325.3	-25.9	
103.50	4.8	24.2	-1.0	0.0	-24.6	90.7	18.4	23.4	-286.4	-356.3	211.6	-28.2	
103.55	5.0	23.9	-3.5	0.0	-22.1	90.7	13.9	20.1	-280.9	-245.9	50.5	-34.3	
103.60	5.1	24.3	-4.2	0.0	-20.4	90.7	13.5	18.2	-283.8	-117.0	40.9	-34.7	
103.65	5.2	24.8	-2.8	0.0	-20.3	90.7	16.7	11.3	-288.4	-40.7	112.4	-29.8	
103.70	5.3	25.2	-4.2	0.0	-19.6	90.7	15.7	7.2	-285.4	5.4	75.6	-34.0	
103.75	5.4	25.2	-5.7	0.0	-19.1	90.7	11.8	11.8	-280.7	-41.3	7.7	-38.5	
103.80	5.5	25.4	-2.2	0.0	-22.0	90.7	15.5	19.6	-283.5	-194.2	139.6	-29.7	
103.85	5.6	25.7	1.1	0.0	-25.3	90.7	23.2	22.1	-286.8	-300.2	349.9	-21.6	
103.90	5.8	25.9	-1.5	0.0	-25.5	90.7	24.1	21.0	-283.1	-252.6	411.1	-30.8	
103.95	5.9	25.8	-7.2	0.0	-24.1	90.7	19.1	16.6	-279.6	-98.7	383.0	-48.9	
104.00	6.0	25.5	-7.9	0.0	-25.5	90.7	19.6	9.5	-285.4	57.0	505.8	-52.5	
104.05	6.1	25.3	-6.2	0.0	-28.1	90.7	25.0	6.1	-289.9	112.7	681.4	-49.3	
104.10	6.2	25.6	-8.3	0.0	-28.6	90.7	27.0	8.5	-284.2	167.4	704.8	-57.0	
104.15	6.3	26.0	-11.6	0.0	-27.3	90.7	22.5	8.0	-278.5	175.6	624.6	-67.0	
104.20	6.4	26.1	-9.9	0.0	-28.5	90.7	22.9	1.8	-284.3	169.3	719.4	-62.5	
104.25	6.5	26.4	-6.4	0.0	-31.9	90.7	29.6	-2.3	-289.7	289.0	928.6	-54.1	
104.30	6.6	26.6	-6.8	0.0	-34.2	90.7	34.6	-1.7	-282.8	514.2	1014.6	-57.5	
104.35	6.6	26.5	-8.0	0.0	-36.3	90.7	38.3	-5.8	-276.7	733.0	1054.9	-63.8	
104.40	6.7	26.5	-6.4	0.0	-38.3	90.7	40.3	-14.3	-283.5	871.0	1122.1	-60.3	
104.45	6.8	26.3	-7.5	0.0	-37.2	90.7	34.4	-15.3	-288.2	891.9	1008.3	-63.0	
104.50	6.9	25.8	-10.3	0.0	-34.0	90.7	27.0	-10.5	-280.7	853.5	755.7	-69.4	
104.55	7.0	25.2	-8.9	0.0	-32.4	90.7	29.6	-7.4	-275.8	746.9	688.7	-63.0	
104.60	7.1	25.1	-5.1	0.0	-32.8	90.7	34.2	-8.3	-281.6	670.1	775.5	-50.3	
104.65	7.1	25.5	-7.3	0.0	-33.4	90.7	31.3	-12.1	-285.2	754.1	769.8	-58.6	
104.70	7.2	25.3	-10.9	0.0	-34.7	90.7	26.7	-21.2	-281.1	954.1	682.9	-72.2	
104.75	7.3	24.9	-8.6	0.0	-36.9	90.7	33.1	-28.3	-281.2	1056.4	785.1	-66.5	
104.80	7.4	24.6	-4.1	0.0	-37.5	90.7	39.9	-24.5	-285.0	1003.7	901.3	-51.5	
104.85	7.4	24.8	-4.5	0.0	-35.6	90.7	36.0	-15.3	-282.6	952.3	778.1	-51.1	
104.90	7.5	25.7	-7.5	0.0	-32.8	90.7	26.8	-13.0	-277.0	903.9	529.3	-58.6	
104.95	7.6	26.7	-7.0	0.0	-31.7	90.7	24.5	-16.7	-279.5	840.8	467.7	-55.7	
105.00	7.6	26.3	-4.8	0.0	-32.6	90.7	27.3	-16.6	-285.6	850.4	555.7	-49.0	
105.05	7.7	25.8	-6.2	0.0	-33.0	90.7	25.3	-15.8	-282.9	918.7	527.2	-54.3	
105.10	7.8	25.3	-9.1	0.0	-33.7	90.7	23.5	-23.8	-279.1	983.0	493.4	-64.9	
105.15	7.9	24.8	-7.5	0.0	-33.8	90.7	25.4	-29.7	-284.2	920.8	575.6	-59.7	
105.20	7.9	24.3	-6.2	0.0	-32.8	90.7	26.1	-24.9	-288.5	811.1	620.6	-54.0	
105.25	8.0	23.9	-6.9	0.0	-29.9	90.7	24.6	-13.1	-281.9	642.4	522.3	-53.6	
105.30	8.1	23.4	-6.8	0.0	-27.2	90.7	26.5	-7.7	-276.3	428.0	466.4	-50.7	
105.35	8.1	22.7	-6.1	0.0	-25.5	90.7	26.1	-6.6	-279.8	185.5	464.4	-46.3	
105.40	8.2	22.4	-5.6	0.0	-24.6	90.7	21.8	-1.5	-283.8	28.6	446.0	-44.0	
105.45	8.3	22.4	-8.1	0.0	-24.7	90.7	21.1	1.4	-281.1	-10.8	457.3	-52.5	
105.50	8.4	22.6	-7.7	0.0	-26.1	90.7	25.0	1.9	-279.3	-99.4	543.0	-52.5	
105.55	8.4	22.9	-6.7	0.0	-27.0	90.7	25.1	2.1	-283.6	-184.1	585.5	-50.0	
105.60	8.5	23.2	-7.4	0.0	-26.0	90.7	20.2	1.2	-285.6	-216.6	509.9	-51.4	
105.65	8.6	23.2	-10.1	0.0	-24.7	90.7	17.6	-2.3	-280.9	-205.4	414.4	-59.4	
105.70	8.6	23.1	-10.1	0.0	-25.3	90.7	20.6	-2.0	-278.6	-229.5	449.1	-59.8	
105.75	8.7	22.9	-7.6	0.0	-27.0	90.7	24.4	3.2	-282.0	-232.7	576.7	-53.0	
105.80	8.8	23.0	-7.3	0.0	-28.0	90.7	26.0	3.8	-283.4	-173.3	666.9	-53.1	
105.85	8.8	23.6	-9.8	0.0	-27.7	90.7	25.2	-5.0	-279.6	-83.1	665.2	-61.4	
105.90	8.9	24.0	-10.3	0.0	-27.8	90.7	24.0	-9.0	-279.9	-43.2	673.3	-63.2	
105.95	9.0	24.1	-8.7	0.0	-28.2	90.7	23.7	-3.1	-285.5	-42.5	710.5	-57.9	
106.00	9.0	24.2	-8.8	0.0	-27.1	90.7	21.5	0.7	-284.9	-60.9	627.6	-57.4	
106.05	9.1	24.5	-12.0	0.0	-24.8	90.7	18.4	-3.1	-280.1	-67.8	463.2	-66.0	
106.10	9.2	24.9	-13.0	0.0	-22.1	90.7	11.0	-6.6	-280.8	-60.4	278.8	-66.7	
106.15	9.2	25.2	-11.1	0.0	-21.8	90.7	8.9	-2.6	-286.3	-91.6	246.5	-59.8	
106.20	9.3	25.3	-9.2	0.0	-22.9	90.7	14.9	0.2	-284.6	-124.4	313.8	-54.5	
106.25	9.3	25.3	-8.1	0.0	-23.2	90.7	19.9	-1.0	-278.8	-89.3	337.1	-51.1	
106.30	9.4	25.7	-7.4	0.0	-22.4	90.7	17.5	-1.3	-280.7	8.9	292.4	-47.8	
106.35	9.5	26.4	-6.1	0.0	-22.8	90.7	17.0	-2.1	-286.7	146.8	287.1	-43.8	
106.40	9.5	27.1	-6.2	0.0	-23.1	90.7	18.2	-9.7	-283.0	268.3	202.9	-44.2	
106.45	9.6	27.1	-6.9	0.0	-23.3	90.7	16.2	-15.0	-276.1	347.1	35.4	-47.0	
106.50	9.7	27.1	-6.9	0.0	-22.3	90.7	8.9	-6.1	-280.5	289.1	-93.6	-45.9	
106.55	9.7	27.3	-6.3	0.0	-20.7	90.7	4.5	1.5	-287.0	147.6	-125.9	-42.3	
106.60	9.8	27.6	-7.0	0.0	-20.2	90.7	4.6	-2.1	-284.1	52.2	-148.8	-44.2	
106.65	9.9	27.5	-7.7	0.0	-20.3	90.7	5.1	-4.3	-280.3	60.3	-154.4	-46.6	
106.70	9.9	27.5	-7.2	0.0	-20.3	90.7	6.2	-1.5	-283.8	147.0	-62.9	-45.1	
106.75	10.0	27.7	-6.8	0.0	-22.1	90.7	11.2	-4.6	-286.8	263.4	95.0	-45.3	
106.80	10.1	27.7	-7.7	0.0	-23.7	90.7	14.4	-11.5	-282.9	352.2	157.6	-50.1	
106.85	10.1	27.5	-9.3	0.0	-23.4	90.7	12.2	-11.7	-279.8	351.3	121.5	-55.2	
106.90	10.2	26.9	-8.2	0.0	-22.4	90.7	11.6	-5.7	-282.8	253.1	167.0	-50.4	
106.95	10.2	26.8	-6.9	0.0	-22.6	90.7	13.7	-1.9	-285.4	169.0	269.8	-46.3	
107.00	10.3	26.7	-8.5	0.0	-23.0	90.7	11.8	-3.0	-284.1	215.0	275.5	-52.1	
107.05	10.3	26.6	-11.0	0.0	-23.1	90.7	6.2	-4.8	-285.4	305.6	213.9	-60.9	
107.10	10.4	26.7	-11.8	0.0	-23.3	90.7	3.9	-8.2	-288.9	328.7	185.0	-63.8	
107.15	10.4	26.6	-12.1	0.0	-22.8	90.7	6.6	-8.4	-287.8	278.9	185.4	-64.2	
107.20	10.4	26.2	-12.3	0.0	-21.8	90.7	5.6	-2.0	-282.8	259.8	98.0	-63.9	
107.25	10.5	25.4	-10.9	0.0	-21.4	90.7	5.6	5.6	-283.0	229.5	67.1	-58.7	
107.30	10.5	25.0	-8.3	0.0	-21.5	90.7	10.3	2.5	-286.6	204.9	125.4	-49.9	
107.35	10.5	24.9	-7.6	0.0	-21.1	90.7	12.1	-3.9	-284.0	193.0	78.6	-47.4	
107.40	10.6	25.5	-8.3	0.0	-21.6	90.7	7.5	-4.6	-280.6	245.4	-69.1	-50.1	
107.45	10.6	25.2	-6.4	0.0	-21.9	90.7	7.0	-2.0	-285.5	263.3	-96.2	-44.0	
107.50	10.6	24.5	-4.9	0.0	-20.6	90.7	9.3	0.0	-289.2	126.5	-119.8	-37.3	
107.55	10.7	24.2	-5.1	0.0	-23.1	90.7	1.4	0.0	-283.3	-2.8	-394.3	-40.8	
107.60	10.7	24.6	-5.9	0.0	-26.0	90.7	-5.7	0.5	-280.2	-23.8	-602.5	-46.3	
107.65	10.7	25.2	-4.3	0.0	-25.0	90.7	-3.1	1.5	-284.8	-36.0	-529.4	-40.0	
107.70	10.7	25.9	-3.0	0.0	-22.7	90.7	3.8	1.8	-287.0	-23.1	-349.8	-32.9	
107.75	10.8	26.1	-3.7	0.0	-21.4	90.7	7.7	0.8	-282.1	4.9	-245.5	-34.0	
107.80	10.8	26.3	-4.6	0.0	-19.9	90.7	11.5	-1.6	-279.8	-60.9	-104.7	-35.6	
107.85	10.9	26.6	-3.1	0.0	-21.6	90.7	16.7	-3.0	-284.5	-192.9	120.9	-32.4	
107.90	10.9	26.2	-2.6	0.0	-24.1	90.7	19.5	-0.3	-287.4	-285.8	294.9	-33.0	
107.95	10.9	26.0	-4.8	0.0	-24.7	90.7	18.1	3.6	-283.2	-331.7	326.3	-41.2	
108.00	11.0	26.3	-6.6	0.0	-25.5	90.7	18.0	2.3	-281.4	-349.5	389.1	-48.1	
108.05	11.0	26.9	-7.4	0.0	-26.9	90.7	19.4	-3.4	-285.2	-338.3	526.8	-52.4	
108.10	11.1	27.5	-9.2	0.0	-27.9	90.7	18.2	-6.0	-286.8	-312.7	627.9	-59.6	
108.15	11.1	27.9	-10.5	0.0	-29.5	90.7	20.3	-3.3	-284.0	-304.4	757.9	-65.6	
108.20	11.1	27.3	-8.5	0.0	-32.4	90.7	27.1	-1.9	-283.3	-331.7	967.0	-61.7	
108.25	11.2	26.8	-6.1	0.0	-35.1	90.7	32.6	-1.9	-286.2	-361.0	1152.4	-55.9	
108.30	11.2	26.6	-7.0	0.0	-35.6	90.7	34.2	-6.4	-285.9	-319.2	1198.0	-59.7	
108.35	11.3	26.8	-9.6	0.0	-34.0	90.7	32.5	-17.5	-281.2	-180.0	1098.8	-67.0	
108.40	11.3	26.8	-10.3	0.0	-32.9	90.7	31.1	-23.7	-281.5	-65.0	1019.9	-68.3	
108.45	11.4	26.4	-9.5	0.0	-32.2	90.7	29.9	-20.5	-286.1	-59.4	971.6	-64.6	
108.50	11.4	25.6	-9.3	0.0	-30.2	90.7	27.1	-15.4	-285.3	-125.3	828.6	-62.1	
108.55	11.4	25.0	-9.6	0.0	-27.5	90.7	24.1	-16.1	-280.4	-139.9	630.1	-60.6	
108.60	11.5	24.8	-9.3	0.0	-25.5	90.7	20.6	-16.9	-281.1	-115.2	489.6	-57.3	
108.65	11.5	24.6	-8.5	0.0	-24.8	90.7	19.7	-13.2	-285.8	-88.3	446.9	-54.0	
108.70	11.5	24.5	-7.6	0.0	-24.0	90.7	21.4	-10.6	-284.2	-35.3	389.9	-50.1	
108.75	11.5	24.5	-7.0	0.0	-22.8	90.7	23.9	-14.6	-278.4	42.4	289.7	-46.8	
108.80	11.5	24.7	-6.9	0.0	-21.9	90.7	22.6	-22.3	-276.6	131.1	175.1	-45.7	
108.85	11.6	25.0	-6.9	0.0	-22.5	90.7	19.6	-24.8	-280.5	230.2	124.2	-46.2	
108.90	11.6	25.4	-6.5	0.0	-23.6	90.7	20.1	-23.5	-282.2	315.2	142.3	-46.0	
108.95	11.6	25.6	-5.7	0.0	-24.1	90.7	22.1	-21.8	-279.4	359.7	139.4	-43.7	
109.00	11.6	25.3	-5.9	0.0	-23.9	90.7	19.9	-21.2	-278.8	365.0	92.6	-44.2	
109.05	11.6	24.7	-6.5	0.0	-23.2	90.7	14.4	-20.6	-281.5	329.5	45.1	-45.7	
109.10	11.7	24.4	-6.7	0.0	-23.7	90.7	14.6	-20.2	-283.0	350.4	98.0	-46.5	
109.15	11.7	24.3	-5.6	0.0	-24.5	90.7	18.1	-15.5	-280.6	385.6	190.0	-43.6	
109.20	11.7	24.3	-6.1	0.0	-25.3	90.7	21.5	-13.0	-277.9	388.9	297.8	-46.1	
109.25	11.7	24.4	-6.5	0.0	-26.3	90.7	26.1	-15.4	-279.0	313.8	453.8	-48.5	
109.30	11.8	24.5	-7.8	0.0	-27.4	90.7	27.7	-21.6	-279.5	275.3	555.6	-54.1	
109.35	11.8	24.7	-8.9	0.0	-28.0	90.7	27.1	-24.3	-278.1	270.4	609.1	-58.7	
109.40	11.8	24.5	-8.2	0.0	-30.1	90.7	32.2	-22.0	-279.3	237.2	780.1	-58.2	
109.45	11.8	24.8	-7.5	0.0	-32.0	90.7	37.0	-20.6	-280.6	197.0	921.7	-57.6	
109.50	11.9	25.1	-9.8	0.0	-31.0	90.7	32.2	-22.8	-279.1	224.2	852.6	-64.6	
109.55	11.9	25.1	-11.3	0.0	-29.7	90.7	26.3	-24.1	-278.3	221.3	762.7	-68.7	
109.60	11.9	24.5	-10.5	0.0	-30.7	90.7	29.1	-22.8	-280.0	182.4	845.9	-66.8	
109.65	11.9	24.3	-9.3	0.0	-32.4	90.7	34.5	-21.1	-279.4	191.1	967.9	-64.5	
109.70	12.0	24.8	-9.2	0.0	-33.4	90.7	36.8	-23.0	-276.2	248.8	1023.0	-65.0	
109.75	12.0	24.4	-8.8	0.0	-34.3	90.7	38.3	-25.6	-276.7	217.3	1092.6	-64.5	
109.80	12.0	24.1	-7.6	0.0	-36.3	90.7	42.9	-29.4	-279.4	178.3	1227.8	-62.3	
109.85	12.1	24.0	-8.6	0.0	-36.9	90.7	44.6	-31.0	-277.7	232.1	1264.2	-66.3	
109.90	12.1	24.1	-10.0	0.0	-36.2	90.7	42.2	-30.9	-274.7	333.8	1197.3	-70.7	
109.95	12.1	24.4	-10.0	0.0	-35.9	90.7	40.2	-33.1	-276.6	366.3	1160.7	-70.3	
