Time[s]	Rotor azimuth angle[deg]	Hub wind speed magnitude[m/s]	ACTTORQUE1[Nm]	PITRAT1[deg/s]	PITFRIC1[kNm]	PITCH1[deg]	Blade root 1 Fx[KN]	Blade root 1 Fy[KN]	Blade root 1 Fz[KN]	Blade root 1 Mx[kNm]	Blade root 1 My[kNm]	Blade root 1 Mz[kNm]	
END_OF_HEADER
50.00	305.7	27.0	35.6	0.5	-148.6	24.0	257.0	141.3	550.1	-1824.9	8637.6	-11.4	
50.05	308.4	27.1	36.0	0.5	-144.5	24.1	253.3	124.6	537.6	-1642.2	8405.0	-21.7	
50.10	311.2	27.9	33.2	0.6	-140.4	24.1	245.2	98.8	518.9	-1406.9	8197.4	-40.6	
50.15	314.0	27.9	27.8	0.7	-137.2	24.1	246.7	83.5	517.0	-1237.1	7992.6	-51.3	
50.20	316.8	28.3	20.7	0.7	-134.4	24.2	247.4	72.0	518.4	-1161.4	7795.9	-56.0	
50.25	319.6	28.9	12.9	0.5	-133.2	24.2	241.6	67.1	501.9	-939.5	7770.8	-67.5	
50.30	322.4	28.7	14.4	0.4	-133.3	24.2	234.5	63.4	476.2	-747.8	7840.2	-68.0	
50.35	325.1	28.7	23.0	0.4	-131.8	24.2	235.0	45.3	470.4	-630.9	7753.6	-58.7	
50.40	327.9	28.8	21.6	0.5	-129.9	24.3	247.0	33.0	480.4	-331.2	7591.9	-66.5	
50.45	330.6	28.8	15.6	0.5	-130.4	24.3	258.9	20.8	474.6	5.0	7612.6	-79.4	
50.50	333.3	28.6	11.6	0.5	-130.5	24.3	259.6	8.3	454.5	273.1	7626.1	-83.9	
50.55	336.1	28.5	8.8	0.4	-123.9	24.3	242.4	1.2	442.9	503.7	7173.8	-84.2	
50.60	338.8	28.9	11.7	0.3	-114.5	24.3	221.8	-8.0	438.4	566.6	6518.4	-69.1	
50.65	341.5	29.2	10.7	0.3	-106.9	24.4	205.2	-17.8	428.5	788.0	5968.9	-63.4	
50.70	344.2	29.1	2.4	0.2	-101.3	24.4	189.8	-28.4	415.4	1320.0	5493.1	-78.5	
50.75	346.9	28.5	-1.0	0.0	-95.3	24.4	171.7	-53.1	409.9	1790.6	4921.8	-81.0	
50.80	349.7	28.6	-50.6	-0.1	90.2	24.4	160.0	-63.6	408.1	2059.1	4414.8	-69.2	
50.85	352.4	28.4	-44.3	-0.1	86.2	24.4	150.8	-66.6	405.4	2239.1	4008.9	-59.5	
50.90	355.1	27.9	-42.5	-0.2	83.2	24.4	138.2	-87.4	400.8	2450.3	3621.8	-54.8	
50.95	357.8	27.0	-46.1	-0.4	81.4	24.3	124.8	-100.0	398.2	2697.2	3288.7	-55.1	
51.00	0.5	27.1	-44.5	-0.6	82.5	24.3	120.3	-94.4	398.4	2913.6	3234.4	-43.1	
51.05	3.2	27.3	-43.4	-0.8	89.6	24.3	133.0	-102.5	390.6	3194.9	3659.8	-35.8	
51.10	5.9	25.7	-48.7	-0.9	99.8	24.2	146.8	-124.7	386.0	3714.4	4130.6	-48.5	
51.15	8.6	25.4	-57.4	-1.0	110.7	24.2	161.2	-150.2	387.4	4422.5	4487.0	-76.6	
51.20	11.3	25.1	-58.9	-1.0	114.2	24.1	161.2	-173.1	390.8	4752.9	4461.8	-80.7	
51.25	14.0	23.8	-56.0	-1.1	114.4	24.1	155.8	-182.8	390.8	4866.3	4335.6	-65.1	
51.30	16.7	23.7	-54.8	-1.2	118.5	24.0	162.5	-179.9	390.9	5101.1	4532.9	-61.1	
51.35	19.4	23.6	-59.1	-1.2	125.0	24.0	174.2	-198.5	396.0	5378.4	4865.8	-78.5	
51.40	22.1	23.4	-67.0	-1.2	131.1	23.9	189.2	-224.6	401.6	5533.2	5238.8	-97.9	
51.45	24.8	23.3	-68.8	-1.3	131.9	23.9	197.0	-219.6	405.0	5432.5	5420.3	-99.1	
51.50	27.5	23.5	-66.6	-1.3	129.6	23.8	192.2	-218.7	406.3	5293.0	5330.2	-87.4	
51.55	30.1	23.9	-74.5	-1.5	130.5	23.7	180.5	-235.6	410.8	5652.1	5018.8	-105.6	
51.60	32.8	23.1	-76.7	-1.6	131.3	23.6	168.5	-243.3	419.8	6059.3	4613.0	-122.9	
51.65	35.4	23.0	-64.8	-1.5	128.8	23.6	166.0	-240.9	428.2	6008.4	4365.3	-104.5	
51.70	38.0	23.5	-62.2	-1.4	128.4	23.5	168.1	-241.1	437.7	6040.6	4254.2	-96.5	
51.75	40.7	23.3	-72.7	-1.4	133.9	23.4	172.7	-265.5	446.5	6449.8	4263.7	-115.3	
51.80	43.3	23.4	-78.9	-1.5	138.2	23.4	182.0	-289.6	450.6	6654.2	4397.4	-122.0	
51.85	46.0	23.6	-76.7	-1.6	136.7	23.3	187.8	-278.4	463.0	6570.6	4331.0	-108.9	
51.90	48.6	23.5	-68.5	-1.7	131.9	23.2	177.8	-272.4	483.6	6430.5	3911.3	-91.4	
51.95	51.3	23.4	-63.3	-1.7	130.5	23.1	153.8	-291.8	491.7	6538.8	3455.9	-87.3	
52.00	53.9	23.1	-62.3	-1.6	131.0	23.0	130.6	-302.0	493.0	6723.7	3177.1	-91.2	
52.05	56.6	22.5	-58.7	-1.5	129.1	22.9	115.8	-300.8	501.9	6670.8	2975.8	-84.9	
52.10	59.3	21.8	-59.0	-1.5	129.8	22.9	117.4	-304.1	521.2	6752.9	2860.9	-81.9	
52.15	61.9	21.6	-69.7	-1.4	136.5	22.8	122.9	-319.1	536.9	7215.2	2908.9	-106.0	
52.20	64.6	22.1	-76.0	-1.4	142.3	22.7	122.3	-343.2	538.9	7566.3	3047.5	-121.2	
52.25	67.3	22.4	-71.0	-1.4	141.4	22.7	120.4	-342.1	543.8	7493.3	3037.6	-103.5	
52.30	70.0	22.7	-65.1	-1.4	139.2	22.6	125.5	-319.0	562.8	7426.7	2869.2	-81.2	
52.35	72.6	22.8	-65.6	-1.5	143.0	22.5	132.7	-323.1	578.2	7756.7	2734.3	-79.6	
52.40	75.3	22.2	-68.1	-1.4	147.8	22.4	130.4	-340.4	588.3	8150.3	2531.7	-88.1	
52.45	78.0	21.9	-65.1	-1.4	148.8	22.4	124.3	-342.3	597.5	8289.3	2291.9	-86.3	
52.50	80.7	22.0	-57.8	-1.2	147.0	22.3	117.6	-341.0	609.5	8217.8	2034.3	-66.8	
52.55	83.3	22.2	-62.1	-1.2	149.0	22.2	115.3	-340.9	622.2	8413.7	1838.2	-69.8	
52.60	86.0	22.7	-70.9	-1.2	154.5	22.2	114.5	-354.3	634.6	8830.0	1640.8	-86.1	
52.65	88.7	23.6	-69.7	-1.2	156.4	22.1	114.6	-367.4	648.4	8959.1	1449.0	-81.8	
52.70	91.3	23.3	-67.3	-1.2	153.5	22.1	123.0	-352.9	659.8	8751.1	1531.9	-80.1	
52.75	94.0	23.1	-67.1	-1.2	151.4	22.0	132.3	-345.3	669.6	8559.8	1686.0	-83.1	
52.80	96.7	23.3	-70.8	-1.1	151.3	21.9	140.3	-352.5	681.4	8503.2	1759.4	-94.3	
52.85	99.3	22.9	-69.3	-1.1	148.8	21.9	146.4	-345.0	699.6	8312.2	1735.3	-90.5	
52.90	102.0	22.2	-60.5	-1.1	143.0	21.8	144.8	-336.9	720.5	7907.7	1560.5	-68.4	
52.95	104.6	21.3	-56.7	-1.1	138.8	21.8	138.8	-330.4	730.7	7618.1	1464.3	-59.5	
53.00	107.3	20.8	-58.5	-1.1	136.8	21.7	127.8	-318.2	734.2	7527.7	1362.3	-66.1	
53.05	110.0	20.6	-60.9	-1.0	136.4	21.7	125.3	-330.2	747.0	7483.4	1198.7	-74.8	
53.10	112.6	20.7	-65.1	-1.0	135.8	21.6	133.2	-342.5	771.7	7398.5	1051.6	-87.1	
53.15	115.3	20.6	-67.8	-1.0	132.6	21.6	137.2	-322.2	786.5	7190.9	1051.6	-102.1	
53.20	117.9	20.8	-64.1	-1.0	125.6	21.5	132.1	-302.4	782.3	6695.0	1190.0	-99.7	
53.25	120.6	21.2	-59.9	-1.0	118.5	21.5	125.0	-288.2	789.1	6193.6	1188.5	-86.5	
53.30	123.2	20.6	-56.3	-1.0	112.7	21.4	127.5	-273.3	813.4	5768.1	1165.4	-78.2	
53.35	125.9	20.9	-54.1	-1.1	107.2	21.4	133.0	-265.2	829.6	5321.7	1246.4	-73.1	
53.40	128.5	22.0	-62.3	-1.2	105.8	21.3	131.1	-251.3	829.6	5217.2	1391.7	-84.6	
53.45	131.2	22.9	-69.5	-1.5	108.1	21.2	127.1	-249.1	829.1	5359.6	1578.5	-99.1	
53.50	133.8	23.2	-67.9	-1.6	111.5	21.2	134.7	-267.5	840.8	5487.2	1821.7	-102.3	
53.55	136.5	23.1	-69.3	-1.7	116.6	21.1	151.0	-267.2	857.5	5772.0	2065.9	-115.3	
53.60	139.2	23.1	-70.7	-1.7	120.2	21.0	158.7	-269.8	861.1	5967.2	2256.5	-126.1	
53.65	141.8	23.7	-69.7	-1.6	119.1	20.9	154.8	-270.3	859.9	5874.4	2278.5	-122.8	
53.70	144.4	24.6	-64.2	-1.7	114.6	20.8	152.8	-241.7	870.2	5592.1	2254.2	-101.9	
53.75	147.1	24.1	-51.9	-1.7	109.9	20.7	149.5	-225.2	879.8	5241.0	2272.8	-69.0	
53.80	149.7	23.8	-48.9	-1.6	108.5	20.7	147.5	-210.8	877.8	5113.3	2396.7	-60.4	
53.85	152.3	23.8	-51.3	-1.7	107.0	20.6	144.3	-191.7	876.4	5009.1	2478.4	-61.9	
53.90	154.9	24.1	-50.0	-1.8	106.8	20.5	147.6	-185.6	884.0	4891.8	2669.1	-52.5	
53.95	157.5	23.2	-53.4	-1.9	110.8	20.4	155.1	-176.9	894.6	5074.1	2959.7	-55.2	
54.00	160.1	21.8	-55.8	-2.1	114.0	20.3	158.3	-175.5	896.9	5181.3	3236.5	-61.6	
54.05	162.8	20.9	-50.5	-2.1	111.5	20.2	159.7	-160.8	895.4	4781.6	3541.6	-57.7	
54.10	165.4	20.6	-45.3	-2.0	106.7	20.1	167.1	-118.1	904.6	4080.7	3899.1	-55.0	
54.15	168.0	20.4	-45.1	-2.0	103.2	20.0	177.5	-90.8	914.4	3151.6	4370.9	-57.9	
54.20	170.7	20.0	-51.9	-2.0	104.3	19.9	188.1	-77.6	914.4	2273.8	4966.3	-70.0	
54.25	173.3	20.4	-57.9	-2.1	107.4	19.8	195.5	-54.5	912.4	1603.2	5465.5	-84.4	
54.30	176.0	20.7	-54.7	-2.1	108.9	19.7	196.8	-38.4	914.4	914.3	5744.5	-79.7	
54.35	178.6	20.5	-54.8	-2.0	109.8	19.6	196.6	-26.8	921.4	502.1	5861.7	-85.7	
54.40	181.3	20.4	-61.4	-1.9	109.9	19.5	194.0	-24.8	925.8	449.7	5879.6	-116.8	
54.45	183.9	20.7	-64.2	-1.7	108.2	19.4	184.0	-35.4	926.8	186.3	5786.5	-131.6	
54.50	186.6	21.7	-64.9	-1.7	108.9	19.3	181.2	-7.8	927.3	-436.3	5843.8	-120.0	
54.55	189.3	22.0	-63.4	-1.7	117.9	19.2	198.4	39.2	926.5	-1291.7	6355.2	-97.1	
54.60	192.0	22.2	-65.7	-1.7	132.3	19.1	230.0	62.3	930.0	-1977.4	7200.8	-92.8	
54.65	194.7	22.3	-74.3	-1.7	145.6	19.0	264.9	77.3	937.6	-2229.8	8057.2	-112.4	
54.70	197.4	22.6	-74.9	-1.6	152.8	19.0	284.3	78.1	945.3	-2365.0	8519.5	-115.2	
54.75	200.1	22.1	-70.7	-1.5	150.9	18.9	279.5	73.2	950.5	-2374.1	8383.2	-102.9	
54.80	202.8	21.0	-68.7	-1.5	141.6	18.8	256.9	73.4	953.9	-2011.7	7815.3	-100.8	
54.85	205.5	20.8	-63.8	-1.3	130.4	18.7	223.9	65.4	949.3	-1652.2	7135.6	-106.6	
54.90	208.3	20.8	-56.1	-1.1	123.8	18.7	198.9	67.1	939.1	-1673.5	6689.5	-98.3	
54.95	211.0	20.9	-52.2	-0.9	125.2	18.6	199.2	82.1	931.3	-1962.6	6714.4	-80.8	
55.00	213.7	21.1	-52.6	-0.8	130.7	18.6	215.9	88.4	925.6	-2155.6	7039.4	-66.0	
55.05	216.4	20.9	-59.1	-0.8	134.0	18.6	228.3	92.9	919.6	-2132.9	7273.5	-68.8	
55.10	219.1	20.5	-58.1	-0.8	135.1	18.5	231.4	110.5	914.3	-2124.7	7333.0	-59.7	
55.15	221.8	19.6	-48.1	-0.7	132.6	18.5	225.3	132.9	909.7	-2011.2	7155.3	-39.0	
55.20	224.5	19.5	-40.8	-0.7	127.9	18.4	217.9	131.3	904.3	-1664.4	6906.3	-23.4	
55.25	227.2	19.7	-42.0	-0.6	126.5	18.4	217.1	118.3	889.9	-1242.5	6923.5	-23.2	
55.30	229.9	19.7	-47.6	-0.6	129.7	18.4	219.2	119.7	869.6	-1029.4	7208.0	-34.9	
55.35	232.6	19.3	-52.0	-0.6	135.5	18.4	223.6	128.8	846.8	-1100.3	7631.5	-40.8	
55.40	235.4	18.9	-54.4	-0.7	138.7	18.3	228.0	132.7	829.7	-1196.6	7865.6	-41.2	
55.45	238.1	18.4	-51.6	-0.7	138.2	18.3	229.8	129.4	822.7	-1427.9	7792.0	-33.1	
55.50	240.8	18.4	-47.8	-0.7	137.8	18.2	227.8	136.0	817.1	-1854.4	7672.3	-25.6	
55.55	243.6	18.3	-50.0	-0.7	142.0	18.2	225.5	162.7	805.4	-2407.8	7820.6	-27.6	
55.60	246.3	18.0	-57.9	-0.8	149.9	18.2	229.7	187.3	791.0	-2945.5	8222.9	-38.3	
55.65	249.0	18.1	-65.6	-1.0	158.0	18.1	242.0	191.9	779.5	-3383.6	8682.1	-50.7	
55.70	251.8	17.8	-72.1	-1.1	165.0	18.1	256.1	200.2	774.7	-3815.1	9036.8	-66.5	
55.75	254.5	17.4	-72.2	-1.2	171.5	18.0	256.2	216.5	764.0	-4477.8	9254.7	-65.5	
55.80	257.3	18.2	-68.2	-1.2	176.2	18.0	239.9	232.1	744.6	-5129.0	9334.9	-48.5	
55.85	260.0	18.3	-67.3	-1.3	177.4	17.9	224.0	245.3	729.0	-5467.8	9267.5	-44.0	
55.90	262.7	18.3	-66.4	-1.4	175.9	17.8	217.9	245.0	723.7	-5713.9	9006.9	-46.3	
55.95	265.5	18.7	-67.4	-1.4	175.0	17.8	221.6	246.1	722.8	-5975.4	8741.1	-55.4	
56.00	268.2	19.3	-72.6	-1.4	177.2	17.7	231.1	258.0	712.7	-6155.4	8773.0	-74.3	
56.05	271.0	19.4	-76.0	-1.3	180.7	17.6	239.7	258.4	693.5	-6314.9	8983.3	-82.0	
56.10	273.7	18.3	-79.3	-1.4	182.8	17.6	251.1	254.8	681.0	-6375.9	9126.5	-83.8	
56.15	276.4	18.7	-78.3	-1.5	182.6	17.5	261.6	261.2	679.2	-6309.4	9106.9	-75.4	
56.20	279.2	19.1	-72.8	-1.6	180.8	17.4	261.0	263.0	675.3	-6172.0	9038.8	-58.2	
56.25	281.9	18.9	-68.1	-1.7	177.3	17.3	246.4	249.7	660.0	-5853.3	9016.2	-42.9	
56.30	284.7	18.6	-62.2	-1.8	173.2	17.2	231.2	231.6	642.0	-5376.1	9049.2	-25.4	
56.35	287.4	18.3	-57.6	-1.9	168.4	17.2	225.9	221.6	635.0	-4762.1	9020.9	-16.5	
56.40	290.2	18.3	-55.3	-1.9	164.9	17.1	230.7	206.9	633.4	-4107.2	9069.5	-15.5	
56.45	293.0	18.9	-51.3	-1.9	166.9	17.0	238.1	193.8	623.3	-3682.8	9426.1	-13.1	
56.50	295.8	19.1	-44.7	-1.7	175.8	16.9	250.1	196.6	604.7	-3610.8	10150.2	-1.8	
56.55	298.6	19.1	-41.7	-1.5	183.0	16.8	263.1	184.1	590.0	-3512.1	10770.3	7.7	
56.60	301.4	19.4	-46.6	-1.3	184.0	16.7	277.8	158.4	586.8	-2995.6	11006.0	2.9	
56.65	304.1	19.5	-53.4	-1.2	179.8	16.7	287.7	142.7	591.1	-2144.9	10874.3	-12.0	
56.70	306.9	19.6	-48.3	-1.2	173.2	16.6	276.0	124.0	583.9	-1426.4	10542.4	-1.9	
56.75	309.7	19.7	-39.9	-1.1	168.3	16.5	252.6	109.4	561.4	-790.1	10334.9	17.0	
56.80	312.5	19.4	-38.2	-1.0	167.1	16.5	241.0	89.1	540.6	-140.9	10345.1	22.6	
56.85	315.3	19.2	-46.6	-1.0	169.0	16.4	250.7	65.1	532.3	327.3	10485.3	8.9	
56.90	318.1	19.5	-55.8	-1.1	172.6	16.4	266.8	69.8	529.0	504.4	10709.8	3.1	
56.95	320.9	18.4	-53.4	-1.3	178.8	16.3	279.5	89.1	516.9	399.7	11137.3	22.1	
57.00	323.7	17.6	-47.2	-1.4	187.2	16.3	294.8	95.2	500.9	195.0	11747.4	33.3	
57.05	326.6	17.8	-45.6	-1.3	194.1	16.2	314.5	89.0	501.7	67.1	12216.3	26.1	
57.10	329.4	18.2	-49.9	-1.2	197.5	16.1	327.8	68.3	509.4	-36.4	12447.2	10.7	
57.15	332.3	18.1	-57.8	-1.2	197.9	16.1	322.5	49.2	500.9	-27.9	12505.5	-1.3	
57.20	335.1	17.4	-62.9	-1.3	197.3	16.0	307.2	43.3	480.5	145.4	12523.3	-5.6	
57.25	338.0	17.2	-58.1	-1.3	195.8	15.9	294.9	22.5	469.5	329.3	12456.1	-1.7	
57.30	340.9	17.4	-53.7	-1.1	194.2	15.9	294.7	-8.4	474.1	626.5	12322.8	-16.6	
57.35	343.7	17.6	-52.8	-0.8	193.4	15.8	299.1	-29.6	478.9	867.7	12225.5	-30.7	
57.40	346.5	18.0	-56.8	-0.6	192.5	15.8	298.6	-44.3	471.6	836.6	12160.5	-27.0	
57.45	349.4	17.8	-64.5	-0.6	192.1	15.8	303.5	-29.4	468.7	880.5	12126.4	-23.3	
57.50	352.2	17.1	-65.8	-0.7	192.1	15.7	313.7	-20.2	481.6	1141.0	12067.0	-21.3	
57.55	355.0	17.9	-58.8	-0.7	191.9	15.7	317.4	-31.2	493.8	1460.1	11989.2	-10.9	
57.60	357.8	18.4	-57.6	-0.7	192.5	15.7	313.8	-42.3	493.9	2012.6	11960.3	-10.1	
57.65	0.7	18.4	-59.6	-0.7	193.9	15.6	306.2	-66.1	485.4	2718.0	11949.9	-6.0	
57.70	3.5	17.3	-65.9	-0.9	195.9	15.6	301.4	-102.8	488.1	3730.2	11817.8	-5.4	
57.75	6.4	16.6	-71.9	-1.2	200.3	15.5	302.4	-140.6	503.7	5034.3	11626.3	-13.3	
57.80	9.2	16.4	-68.6	-1.2	207.6	15.5	309.4	-174.3	511.4	5977.1	11714.9	-15.9	
57.85	12.1	17.7	-67.7	-1.2	215.5	15.4	318.4	-199.1	513.2	6497.2	12048.9	-25.4	
57.90	15.0	17.7	-73.6	-1.1	222.3	15.4	325.3	-225.1	516.0	6799.4	12396.4	-37.5	
57.95	17.9	17.1	-77.3	-1.2	226.0	15.3	326.5	-231.3	523.8	6931.3	12624.6	-33.9	
58.00	20.8	17.3	-78.2	-1.3	227.7	15.2	319.9	-219.8	528.3	7003.9	12763.4	-21.9	
58.05	23.7	17.3	-74.7	-1.4	230.5	15.2	307.9	-212.2	524.8	7121.0	12993.4	-10.1	
58.10	26.5	17.3	-73.7	-1.4	239.6	15.1	305.7	-230.8	525.8	7756.8	13399.6	-19.3	
58.15	29.4	17.2	-82.7	-1.2	255.1	15.0	328.3	-269.7	531.7	8658.0	14079.9	-48.2	
58.20	32.3	17.3	-96.2	-1.2	268.0	15.0	355.4	-302.2	542.3	9405.6	14603.2	-67.5	
58.25	35.2	17.2	-109.1	-1.3	275.5	14.9	372.7	-321.5	553.1	9997.1	14796.5	-81.2	
58.30	38.1	16.1	-108.2	-1.5	275.6	14.8	368.6	-328.9	561.1	10223.6	14633.7	-76.3	
58.35	41.0	15.9	-93.7	-1.5	268.5	14.8	352.5	-315.4	570.2	9892.2	14274.4	-52.8	
58.40	43.9	15.8	-76.0	-1.4	260.0	14.7	341.8	-293.3	582.6	9189.9	14039.2	-18.9	
58.45	46.9	15.6	-71.7	-1.2	258.7	14.6	349.1	-290.6	594.3	8728.5	14199.0	-8.2	
58.50	49.8	15.1	-84.9	-1.1	263.5	14.6	358.7	-311.6	606.7	8803.2	14490.5	-34.5	
58.55	52.8	14.7	-98.3	-1.2	269.4	14.5	369.1	-333.7	618.3	9028.7	14792.3	-61.2	
58.60	55.7	14.7	-100.0	-1.2	272.5	14.5	379.8	-332.7	638.5	9192.1	14918.2	-65.9	
58.65	58.6	14.3	-102.4	-1.2	275.4	14.4	388.0	-346.2	662.6	9544.4	14888.0	-80.3	
58.70	61.6	14.0	-106.2	-1.1	279.3	14.3	390.8	-373.0	679.8	9991.8	14862.7	-93.9	
58.75	64.5	14.0	-107.4	-1.1	281.2	14.3	391.7	-369.1	686.8	9819.0	15143.1	-94.8	
58.80	67.4	14.1	-103.4	-1.1	276.9	14.2	387.8	-338.1	695.0	8962.0	15368.5	-81.8	
58.85	70.4	14.1	-99.5	-1.0	272.8	14.2	388.1	-309.8	714.3	8345.8	15400.7	-68.9	
58.90	73.4	14.1	-101.5	-1.0	273.4	14.1	394.0	-315.4	735.8	8440.2	15348.7	-79.7	
58.95	76.3	13.9	-98.4	-0.9	273.2	14.1	392.9	-345.0	755.2	8853.2	15021.1	-82.8	
59.00	79.3	14.1	-93.5	-0.6	269.9	14.0	389.0	-349.3	780.4	9070.0	14579.0	-79.3	
59.05	82.3	14.7	-91.9	-0.4	266.4	14.0	378.5	-348.3	804.4	9243.8	14158.0	-82.2	
59.10	85.3	14.4	-97.3	-0.2	264.8	14.0	354.6	-370.0	814.3	9636.8	13744.2	-89.7	
59.15	88.3	13.8	-104.2	-0.2	263.8	14.0	332.1	-395.0	821.8	10144.6	13254.1	-91.3	
59.20	91.3	13.0	-105.7	-0.4	260.6	14.0	330.0	-386.6	836.1	10232.9	12892.8	-86.6	
59.25	94.3	12.4	-105.1	-0.5	256.6	13.9	338.6	-365.6	858.9	10174.2	12568.3	-84.0	
59.30	97.3	13.1	-107.6	-0.7	255.1	13.9	342.6	-365.5	876.0	10262.1	12318.6	-91.8	
59.35	100.3	14.7	-107.1	-0.8	256.6	13.9	342.4	-383.0	887.5	10458.6	12242.7	-96.9	
59.40	103.3	15.2	-101.4	-0.8	255.1	13.8	339.2	-380.8	908.8	10522.8	12035.8	-89.7	
59.45	106.3	15.6	-93.4	-0.8	247.1	13.8	324.2	-352.3	927.8	10193.1	11618.2	-75.2	
59.50	109.3	16.0	-87.7	-0.8	240.2	13.8	299.3	-330.2	934.8	10047.3	11167.7	-70.3	
59.55	112.4	16.5	-86.1	-0.6	237.4	13.7	275.9	-348.9	943.2	10293.7	10647.2	-78.1	
59.60	115.5	17.3	-82.5	-0.4	229.6	13.7	252.3	-375.1	959.8	10185.8	9875.2	-73.1	
59.65	118.5	18.2	-82.6	-0.4	218.8	13.7	243.1	-349.4	972.9	9571.1	9427.5	-66.9	
59.70	121.6	18.7	-85.3	-0.5	211.6	13.7	243.0	-312.6	972.8	8920.6	9421.9	-76.7	
59.75	124.6	18.8	-89.0	-0.5	212.2	13.6	265.2	-299.9	974.3	8371.7	9955.5	-93.0	
59.80	127.6	18.7	-92.6	-0.4	217.8	13.6	310.0	-284.5	999.5	7926.7	10746.0	-115.2	
59.85	130.6	18.5	-95.3	-0.2	220.1	13.6	340.3	-270.4	1025.5	7391.0	11253.1	-129.6	
59.90	133.7	19.3	-98.4	-0.1	213.4	13.6	326.1	-254.1	1026.0	6732.8	11141.0	-130.0	
59.95	136.7	20.1	-103.3	-0.4	202.0	13.6	294.0	-224.4	1022.7	6148.0	10638.2	-120.8	
60.00	139.8	20.1	-97.2	-0.7	189.8	13.5	271.0	-202.3	1045.9	5632.0	9957.6	-99.3	
60.05	142.8	20.5	-88.4	-1.0	180.0	13.5	260.6	-188.0	1075.2	4993.2	9486.3	-85.5	
60.10	145.9	20.5	-80.9	-1.1	174.5	13.4	252.0	-174.3	1077.4	4230.1	9441.2	-89.2	
60.15	149.0	20.0	-71.4	-1.0	169.6	13.4	244.1	-152.0	1067.0	3259.5	9494.6	-93.6	
60.20	152.0	20.2	-69.2	-0.8	160.9	13.4	238.1	-129.1	1091.2	2561.0	9055.1	-100.0	
60.25	155.1	20.5	-73.3	-0.7	151.4	13.3	235.6	-110.4	1131.5	2182.0	8416.5	-108.7	
60.30	158.2	20.8	-69.3	-0.7	144.1	13.3	222.9	-96.2	1139.6	1812.6	7981.2	-99.8	
60.35	161.3	20.9	-66.2	-0.6	139.4	13.2	207.9	-79.6	1131.1	1529.8	7742.6	-95.5	
60.40	164.4	21.1	-71.8	-0.7	136.9	13.2	210.7	-71.2	1143.7	1351.3	7572.6	-107.2	
60.45	167.5	21.2	-78.9	-0.8	134.2	13.2	220.0	-72.4	1170.4	1229.1	7343.5	-115.9	
60.50	170.6	20.5	-81.5	-1.1	131.7	13.1	220.1	-59.6	1177.7	1230.2	7151.6	-118.2	
60.55	173.7	20.6	-68.0	-1.2	126.0	13.1	201.1	-34.9	1166.7	1053.7	6822.5	-94.0	
60.60	176.9	20.6	-45.3	-1.0	118.4	13.0	180.6	-15.4	1174.7	573.9	6368.7	-55.3	
60.65	180.0	19.9	-36.3	-0.7	117.6	13.0	185.4	1.5	1200.0	191.1	6295.0	-49.3	
60.70	183.3	18.9	-32.0	-0.3	130.9	12.9	199.9	64.7	1210.5	-2210.0	6876.2	-21.9	
60.75	186.5	18.2	-63.8	-0.3	144.4	12.9	226.6	56.4	1204.0	-2347.8	7839.5	-85.9	
60.80	189.7	18.3	-89.7	-0.4	158.7	12.9	271.6	109.5	1214.8	-2103.3	8835.1	-128.7	
60.85	193.0	18.6	47.0	0.2	-161.2	12.9	255.2	47.3	1223.1	-2977.6	8879.9	-78.5	
60.90	196.2	19.2	30.6	0.7	-165.9	12.9	268.7	104.6	1232.1	-2647.9	9256.2	-119.5	
60.95	199.4	20.4	22.8	1.0	-172.8	13.0	284.9	117.8	1222.7	-2675.1	9739.9	-138.2	
61.00	202.7	20.1	25.7	1.3	-176.0	13.0	260.9	39.0	1212.2	-3776.2	9779.3	-120.3	
61.05	206.0	19.7	16.1	1.4	-182.1	13.1	279.5	123.2	1222.4	-3883.6	10089.4	-151.1	
61.10	209.1	19.4	30.3	1.6	-182.9	13.2	284.8	166.4	1219.1	-4334.4	9896.4	-97.1	
61.15	212.4	19.5	44.8	1.7	-173.6	13.3	239.6	160.6	1207.4	-4778.0	9046.9	-33.3	
61.20	215.6	19.4	40.5	1.8	-171.4	13.3	234.3	250.7	1224.3	-4647.0	8735.0	-42.4	
61.25	218.9	19.1	50.3	1.8	-178.7	13.4	249.4	243.8	1237.1	-5551.1	8814.8	-13.4	
61.30	222.3	19.2	45.9	1.9	-183.4	13.5	248.7	220.0	1236.6	-5900.3	9078.1	-31.5	
61.35	225.6	19.1	32.8	1.9	-185.4	13.6	256.5	266.8	1229.4	-5386.7	9436.8	-76.8	
61.40	228.9	19.1	42.5	1.9	-188.0	13.7	271.3	248.1	1214.6	-5681.1	9520.7	-45.1	
61.45	232.2	19.3	33.6	1.9	-188.7	13.8	281.1	256.2	1217.9	-5512.0	9633.9	-75.7	
61.50	235.6	19.4	19.6	2.0	-189.7	13.9	273.4	264.2	1216.0	-5450.7	9758.0	-124.1	
61.55	239.1	19.4	30.8	2.0	-194.9	14.0	265.2	205.6	1189.5	-6513.1	9747.0	-90.6	
61.60	242.5	19.5	33.0	2.0	-199.7	14.1	258.7	246.1	1179.8	-6920.5	9839.1	-87.4	
61.65	245.9	19.2	32.6	2.0	-204.6	14.2	251.6	297.3	1189.1	-7032.7	10085.5	-93.3	
61.70	249.3	18.9	43.8	2.0	-213.2	14.3	266.4	297.6	1173.8	-7638.5	10435.5	-63.3	
61.75	252.7	19.3	42.9	2.0	-219.2	14.4	286.7	319.3	1159.2	-7629.3	10901.6	-72.1	
61.80	256.2	19.8	41.8	2.0	-219.2	14.5	283.9	290.2	1158.1	-7495.8	11083.4	-76.2	
61.85	259.6	20.3	42.6	2.0	-218.9	14.6	301.3	268.4	1147.0	-7389.6	11146.5	-73.0	
61.90	263.0	21.0	41.1	2.0	-215.8	14.7	310.1	320.5	1140.0	-6915.3	11026.7	-75.0	
61.95	266.5	21.2	47.7	2.0	-210.3	14.8	280.5	327.7	1142.4	-6895.0	10597.8	-46.7	
62.00	270.0	21.3	49.1	2.0	-212.1	14.9	294.6	301.6	1137.9	-7079.6	10678.5	-43.6	
62.05	273.6	21.2	32.1	2.0	-216.5	15.0	332.8	294.8	1134.8	-6726.4	11211.6	-106.2	
62.10	277.1	22.3	25.5	2.0	-214.9	15.1	330.8	258.5	1131.5	-6497.3	11299.2	-127.3	
62.15	280.6	22.6	29.5	2.0	-214.7	15.2	339.2	269.2	1117.6	-6541.2	11218.8	-113.3	
62.20	284.2	22.4	26.6	2.0	-213.4	15.3	344.4	292.5	1104.0	-6373.5	11154.7	-122.2	
62.25	287.8	21.9	21.2	2.0	-207.5	15.4	314.0	249.3	1089.2	-6212.8	10913.0	-134.7	
62.30	291.3	22.4	14.3	2.0	-203.2	15.5	309.4	228.5	1071.7	-5986.5	10742.7	-154.1	
62.35	294.9	22.9	13.9	2.0	-198.4	15.6	307.8	220.5	1062.0	-5847.1	10426.7	-150.8	
62.40	298.5	21.2	18.6	2.0	-187.4	15.7	275.6	201.5	1057.0	-5630.4	9729.1	-123.7	
62.45	302.0	20.6	13.7	2.0	-175.9	15.8	257.7	222.4	1041.7	-5158.0	9013.3	-128.9	
62.50	305.6	20.4	12.3	2.0	-165.9	15.9	240.1	229.0	1024.4	-5031.2	8252.9	-123.7	
62.55	309.2	20.7	21.6	2.0	-157.6	16.0	202.2	213.4	1014.6	-5327.0	7446.6	-83.5	
62.60	312.8	21.2	22.1	2.0	-154.1	16.1	200.8	219.8	1005.4	-5229.0	7181.7	-78.1	
62.65	316.3	21.4	11.4	2.0	-150.1	16.2	214.9	212.0	991.8	-4719.0	7163.2	-110.9	
62.70	320.0	21.1	9.3	2.0	-143.7	16.3	205.3	195.9	984.3	-4350.8	6894.4	-111.9	
62.75	323.6	21.2	7.8	2.0	-134.2	16.4	190.0	194.1	989.6	-3970.0	6318.6	-107.4	
62.80	327.3	21.1	0.4	2.0	-122.5	16.5	175.5	157.8	991.8	-3503.9	5688.3	-121.1	
62.85	331.0	20.9	-5.5	2.0	-113.0	16.6	158.8	112.4	981.7	-3076.8	5255.4	-132.0	
62.90	334.6	21.0	-11.2	2.0	-108.8	16.7	161.3	101.3	973.9	-2711.9	5117.4	-147.3	
62.95	338.3	21.1	-18.8	2.0	-107.8	16.8	177.0	81.1	978.9	-2372.0	5185.5	-172.5	
63.00	341.9	21.1	-20.9	2.0	-109.4	16.9	188.6	64.5	977.1	-2057.4	5435.9	-181.1	
63.05	345.6	20.8	-21.5	2.0	-110.1	17.0	188.1	64.7	965.4	-1930.1	5543.5	-184.0	
63.10	349.3	20.5	-17.6	2.0	-108.0	17.1	180.0	55.7	956.7	-1949.9	5410.6	-168.5	
63.15	353.0	20.4	-14.8	2.0	-104.1	17.2	177.1	46.3	957.6	-1573.6	5240.3	-154.8	
63.20	356.6	20.3	-16.0	2.0	-97.8	17.3	175.2	25.3	970.1	-757.8	4945.4	-152.7	
63.25	0.3	19.8	-18.9	2.0	-91.5	17.4	168.3	-8.7	986.2	102.3	4537.4	-156.2	
63.30	3.9	19.7	-15.8	2.0	-93.4	17.5	172.9	-2.5	985.6	363.9	4656.3	-147.6	
63.35	7.6	20.2	-12.3	2.0	-99.1	17.6	179.8	-1.5	978.9	318.7	5072.6	-141.3	
63.40	11.3	20.9	-14.8	2.0	-107.8	17.7	198.6	-37.7	985.8	580.5	5645.5	-158.5	
63.45	15.0	20.3	-25.2	2.0	-113.1	17.8	213.6	-75.7	1007.7	1283.0	5843.1	-199.6	
63.50	18.7	19.0	-27.8	2.0	-112.2	17.9	210.9	-94.1	1014.2	1691.0	5654.5	-207.8	
63.55	22.4	18.6	-29.2	2.0	-105.5	18.0	180.1	-101.3	1009.2	2198.1	5006.5	-205.6	
63.60	26.1	18.2	-31.6	2.0	-102.3	18.1	153.1	-132.1	1007.5	2915.8	4352.9	-210.7	
63.65	29.8	18.1	-31.7	2.0	-104.8	18.2	145.2	-182.8	1018.6	3683.6	3854.0	-213.8	
63.70	33.4	18.9	-25.7	2.0	-103.6	18.3	129.4	-189.0	1035.1	4054.4	3318.1	-191.7	
63.75	37.1	18.3	-16.3	2.0	-100.3	18.4	106.4	-183.2	1034.4	4146.7	2859.4	-156.3	
63.80	40.8	17.9	-11.1	2.0	-103.8	18.5	96.5	-199.1	1035.6	4635.8	2517.4	-141.8	
63.85	44.4	17.6	-7.9	2.0	-112.6	18.6	97.4	-220.1	1065.4	5474.6	2091.6	-139.6	
63.90	48.1	17.6	-0.9	2.0	-121.6	18.7	104.2	-244.9	1103.1	6237.2	1605.3	-124.7	
63.95	51.8	17.6	3.0	2.0	-127.8	18.8	104.7	-261.2	1118.5	6730.9	1274.3	-117.4	
64.00	55.5	17.6	6.2	2.0	-131.1	18.9	91.3	-273.5	1106.8	6945.5	1426.9	-109.9	
64.05	59.2	17.4	2.7	2.0	-138.6	19.0	89.7	-286.8	1109.5	7406.0	1789.8	-129.1	
64.10	62.9	17.3	-3.8	2.0	-147.6	19.1	107.1	-293.9	1131.0	8003.9	2010.0	-160.6	
64.15	66.6	17.3	0.5	2.0	-155.1	19.2	110.0	-334.5	1155.9	8505.0	1762.8	-153.4	
64.20	70.3	17.4	4.2	2.0	-160.3	19.3	106.4	-356.1	1170.4	8863.5	1614.5	-145.9	
64.25	74.0	18.1	5.3	2.0	-160.6	19.4	110.6	-345.2	1167.2	8829.4	2034.1	-142.5	
64.30	77.7	18.8	2.6	2.0	-158.5	19.5	118.2	-329.4	1169.5	8575.2	2511.9	-149.6	
64.35	81.4	19.3	-2.3	2.0	-158.6	19.6	138.2	-318.1	1194.8	8495.3	2762.3	-166.7	
64.40	85.1	18.6	-1.9	2.0	-158.4	19.7	161.3	-333.1	1220.0	8347.8	2873.8	-164.7	
64.45	88.7	18.0	1.6	2.0	-151.8	19.8	153.4	-332.4	1221.2	7816.2	2920.0	-146.2	
64.50	92.4	17.6	-0.8	2.0	-145.9	19.9	117.3	-306.6	1220.9	7604.2	2516.1	-148.6	
64.55	96.1	17.0	-3.4	2.0	-141.8	20.0	86.8	-299.6	1236.3	7556.4	1646.2	-153.3	
64.60	99.7	16.9	-0.8	2.0	-138.1	20.1	73.4	-299.5	1273.2	7398.5	715.4	-140.7	
64.65	103.4	16.9	-2.5	2.0	-135.2	20.2	70.7	-299.4	1305.2	7184.9	226.2	-143.6	
64.70	107.0	16.8	-7.7	2.0	-126.6	20.3	64.3	-285.9	1303.2	6582.2	225.9	-153.2	
64.75	110.7	17.2	-14.2	2.0	-117.2	20.4	51.6	-262.4	1296.5	5947.9	103.6	-165.8	
64.80	114.3	17.7	-14.9	2.0	-109.5	20.5	34.2	-238.1	1319.8	5390.5	-651.7	-160.8	
64.85	118.0	18.0	-11.7	2.0	-107.8	20.6	16.9	-228.3	1364.6	4995.4	-1781.7	-148.1	
64.90	121.6	18.2	-8.4	2.0	-107.2	20.7	-8.5	-204.2	1381.5	4674.8	-2527.0	-135.9	
64.95	125.2	18.5	-6.7	2.0	-105.6	20.8	-43.7	-186.4	1369.6	4364.9	-2900.7	-128.7	
65.00	128.9	18.9	-5.1	2.0	-108.7	20.9	-54.0	-201.9	1369.5	4349.5	-3239.6	-126.1	
65.05	132.5	17.6	-3.7	2.0	-116.5	21.0	-41.0	-210.4	1404.2	4577.8	-3832.9	-129.0	
65.10	136.1	16.9	-0.5	2.0	-124.9	21.1	-30.1	-213.1	1433.9	4899.9	-4398.4	-126.5	
65.15	139.7	16.6	6.3	2.0	-127.4	21.2	-36.9	-206.6	1418.8	4980.6	-4634.9	-105.7	
65.20	143.3	16.7	14.2	2.0	-125.1	21.3	-51.8	-177.8	1399.7	4708.3	-4784.5	-76.4	
65.25	146.9	16.5	24.4	2.0	-121.9	21.4	-58.7	-153.4	1416.4	4115.7	-5055.9	-38.1	
65.30	150.5	16.2	27.7	2.0	-117.1	21.5	-44.7	-140.8	1442.9	3543.3	-5066.7	-22.1	
65.35	154.1	16.3	21.3	2.0	-109.2	21.6	-30.4	-109.3	1439.5	3152.4	-4737.9	-36.1	
65.40	157.7	16.2	16.6	2.0	-103.1	21.7	-32.3	-94.2	1416.2	2828.7	-4469.5	-46.0	
65.45	161.2	16.1	15.4	2.0	-107.1	21.8	-46.8	-103.1	1416.5	2625.7	-4891.9	-54.4	
65.50	164.8	16.5	12.5	2.0	-115.0	21.9	-59.3	-87.6	1428.5	2289.3	-5715.7	-72.0	
65.55	168.4	17.5	9.6	2.0	-125.8	22.0	-87.4	-71.0	1422.5	1855.1	-6710.3	-92.9	
65.60	172.0	18.4	11.8	2.0	-135.4	22.1	-118.2	-58.0	1400.7	1338.1	-7529.7	-94.7	
65.65	175.5	18.9	20.9	2.0	-141.6	22.2	-133.0	-33.0	1394.3	495.8	-8091.1	-69.7	
65.70	179.0	18.7	29.8	2.0	-144.1	22.3	-125.0	-6.2	1407.3	-479.9	-8311.8	-41.7	
65.75	182.6	18.8	31.7	2.0	-145.8	22.4	-116.5	38.8	1401.0	-1275.6	-8364.9	-37.0	
65.80	186.1	19.2	32.9	2.0	-148.9	22.5	-120.6	71.6	1373.8	-2017.1	-8428.4	-35.8	
65.85	189.6	19.0	39.1	2.0	-153.8	22.6	-128.5	82.4	1362.7	-2440.9	-8678.3	-19.5	
65.90	193.0	19.3	41.8	2.0	-160.4	22.7	-135.2	100.5	1373.3	-2620.6	-9083.8	-16.7	
65.95	196.5	20.1	41.6	2.0	-162.9	22.8	-133.7	110.6	1376.6	-2987.6	-9157.7	-20.2	
66.00	200.0	21.0	35.7	2.0	-165.1	22.9	-144.1	123.0	1358.3	-3494.2	-9117.2	-42.6	
66.05	203.5	21.5	30.5	2.0	-166.4	23.0	-149.1	148.9	1338.7	-4245.9	-8851.9	-61.8	
66.10	206.9	22.0	26.9	2.0	-165.4	23.1	-128.2	170.9	1334.9	-5179.9	-8236.8	-73.0	
66.15	210.4	22.4	16.7	2.0	-162.1	23.2	-98.8	196.0	1332.2	-5732.8	-7534.3	-104.7	
66.20	213.8	22.8	7.2	2.0	-158.6	23.3	-71.2	222.0	1312.2	-6266.6	-6706.1	-134.0	
66.25	217.2	23.2	-1.0	2.0	-159.0	23.4	-57.5	238.0	1290.6	-6996.4	-5964.5	-162.5	
66.30	220.7	22.8	-9.8	2.0	-160.4	23.5	-51.0	248.9	1290.2	-7422.9	-5546.3	-194.0	
66.35	224.1	22.5	-17.2	2.0	-160.7	23.6	-47.3	249.6	1290.1	-7563.3	-5392.4	-219.8	
66.40	227.6	22.2	-17.2	2.0	-161.1	23.7	-65.5	234.3	1272.9	-7500.4	-5617.5	-220.2	
66.45	231.0	21.8	-12.0	2.0	-162.9	23.8	-84.9	253.2	1241.3	-7440.6	-5833.6	-203.9	
66.50	234.3	21.7	-3.8	2.0	-166.9	23.9	-91.5	297.8	1212.7	-7750.7	-5754.7	-179.9	
66.55	237.7	21.8	3.0	2.0	-168.5	24.0	-87.5	308.2	1201.2	-8057.0	-5499.3	-158.1	
66.60	241.1	22.3	3.5	2.0	-160.3	24.1	-63.9	287.3	1188.6	-7748.1	-4998.3	-148.3	
66.65	244.4	21.7	2.6	2.0	-149.4	24.2	-21.6	275.0	1172.8	-7339.8	-4206.8	-140.4	
66.70	247.8	20.9	4.3	2.0	-141.6	24.3	11.4	275.7	1161.9	-7034.6	-3549.8	-126.7	
66.75	251.1	20.5	1.5	2.0	-135.6	24.4	18.9	289.9	1149.1	-6612.7	-3312.8	-130.4	
66.80	254.5	20.5	8.3	2.0	-131.2	24.5	7.3	279.4	1127.3	-6284.0	-3322.0	-102.8	
66.85	257.8	20.9	12.0	2.0	-127.8	24.6	-9.0	246.7	1100.2	-6082.3	-3396.2	-86.6	
66.90	261.2	21.8	6.8	2.0	-124.7	24.7	-13.5	240.7	1075.9	-5866.9	-3371.1	-101.2	
66.95	264.5	22.1	2.4	2.0	-121.3	24.8	-2.9	243.7	1053.4	-5745.4	-3085.5	-113.1	
67.00	267.8	22.1	-2.0	2.0	-115.0	24.9	3.6	236.0	1022.5	-5445.0	-2735.1	-121.9	
67.05	271.0	22.0	-5.4	2.0	-106.5	25.0	4.9	214.7	986.7	-5004.3	-2366.2	-124.9	
67.10	274.3	23.0	-6.7	2.0	-99.4	25.1	16.5	202.1	956.1	-4675.2	-1926.6	-122.3	
67.15	277.5	23.5	-2.5	2.0	-97.2	25.2	33.1	215.1	938.6	-4592.8	-1589.1	-105.9	
67.20	280.7	23.2	6.1	2.0	-98.5	25.3	44.0	232.6	917.4	-4771.8	-1185.8	-77.7	
67.25	283.9	23.4	12.4	2.0	-97.2	25.4	52.8	238.4	885.5	-4778.6	-646.9	-54.7	
67.30	287.1	23.2	9.3	2.0	-93.2	25.5	62.6	227.0	860.0	-4560.6	-150.0	-61.2	
67.35	290.3	22.7	0.2	2.0	-89.7	25.6	79.9	208.9	848.2	-4337.8	274.4	-89.0	
67.40	293.5	21.9	-4.9	2.0	-90.6	25.7	96.4	211.4	835.0	-4342.6	685.9	-107.5	
67.45	296.7	21.4	-6.0	2.0	-94.6	25.8	109.6	207.2	810.9	-4524.2	1314.0	-115.2	
67.50	300.0	21.2	-13.9	2.0	-93.6	25.9	110.1	179.2	787.9	-4387.6	1755.3	-141.4	
67.55	303.2	20.1	-25.4	2.0	-89.5	26.0	103.2	160.8	772.7	-4105.4	1801.9	-176.8	
67.60	306.3	20.0	-26.1	2.0	-91.6	26.1	102.2	161.6	759.7	-4297.2	1782.4	-181.1	
67.65	309.5	20.3	-20.4	2.0	-97.3	26.2	100.5	176.6	741.5	-4711.5	1854.1	-167.3	
67.70	312.7	20.3	-19.9	2.0	-97.7	26.3	100.4	169.1	722.7	-4684.4	2080.0	-165.9	
67.75	315.8	20.2	-24.4	2.0	-92.3	26.4	104.6	132.3	707.0	-4225.5	2305.5	-176.0	
67.80	318.9	20.2	-23.6	2.0	-88.3	26.5	113.1	129.1	692.1	-3837.2	2373.7	-169.4	
67.85	322.0	20.4	-17.9	2.0	-85.5	26.6	118.5	149.4	682.7	-3622.4	2229.0	-146.9	
67.90	325.1	21.4	-13.5	2.0	-77.7	26.7	113.7	130.6	676.4	-3155.0	1959.9	-124.1	
67.95	328.2	22.1	-13.8	2.0	-65.6	26.8	101.4	99.1	660.7	-2356.6	1696.0	-112.8	
68.00	331.3	21.2	-12.6	2.0	-57.0	26.9	93.6	85.5	641.7	-1833.2	1406.4	-100.3	
68.05	334.4	21.0	-8.8	2.0	-50.2	27.0	81.8	83.3	628.0	-1635.6	845.3	-80.6	
68.10	337.4	21.3	-7.0	2.0	-42.1	27.1	71.2	78.6	618.2	-1230.6	286.2	-66.3	
68.15	340.5	22.0	-14.3	2.0	-29.2	27.2	65.6	39.5	609.3	-346.7	-145.1	-78.1	
68.20	343.5	21.8	-15.5	2.0	-34.4	27.3	55.8	-8.7	597.4	502.3	-678.7	-87.5	
68.25	346.6	21.2	-5.9	2.0	-44.2	27.4	36.1	-18.6	582.7	776.3	-1445.3	-64.6	
68.30	349.6	20.3	6.9	2.0	-52.0	27.5	17.8	-15.9	570.4	776.0	-2158.3	-28.2	
68.35	352.6	20.6	13.2	2.0	-60.3	27.6	5.4	-36.1	558.4	1173.5	-2646.3	-14.9	
68.40	355.6	20.6	14.5	2.0	-67.6	27.7	-2.5	-59.1	545.2	1677.2	-2947.7	-17.8	
68.45	358.6	20.3	16.9	2.0	-72.2	27.8	-14.2	-66.4	535.4	1720.7	-3300.4	-14.1	
68.50	1.5	20.7	22.9	2.0	-73.4	27.9	-23.5	-57.3	526.3	1481.0	-3533.7	5.4	
68.55	4.5	20.8	26.2	2.0	-73.5	28.0	-26.1	-52.7	519.3	1443.8	-3573.5	16.5	
68.60	7.5	20.7	24.4	2.0	-72.6	28.1	-15.4	-73.8	518.4	1701.3	-3329.6	11.3	
68.65	10.4	20.6	15.8	2.0	-70.7	28.2	8.7	-98.5	521.2	2106.4	-2829.6	-16.6	
68.70	13.4	20.5	4.1	2.0	-68.5	28.3	33.1	-110.7	523.9	2327.6	-2345.2	-54.5	
68.75	16.3	20.6	-6.7	2.0	-66.9	28.4	45.2	-125.0	517.7	2336.9	-2100.4	-90.0	
68.80	19.3	20.7	-14.7	2.0	-73.8	28.5	21.9	-142.2	510.9	2479.6	-2655.0	-124.3	
68.85	22.2	20.9	-9.8	2.0	-84.1	28.6	-12.4	-158.3	505.3	2528.5	-3571.8	-117.8	
68.90	25.1	21.2	1.9	2.0	-90.1	28.7	-32.8	-154.9	503.9	2288.2	-4259.6	-83.6	
68.95	28.0	21.2	4.8	2.0	-92.1	28.8	-39.9	-135.1	508.8	2043.2	-4602.6	-75.7	
69.00	30.9	21.1	1.6	2.0	-90.5	28.9	-32.3	-136.4	510.2	1896.4	-4528.7	-84.8	
69.05	33.8	21.0	-0.8	2.0	-90.7	29.0	-25.3	-156.2	514.6	1894.2	-4490.5	-93.6	
69.10	36.6	20.8	3.9	2.0	-96.2	29.1	-29.1	-164.6	523.6	2004.1	-4854.2	-82.7	
69.15	39.5	20.8	11.8	2.0	-104.5	29.2	-42.0	-159.7	532.1	2090.7	-5499.9	-64.0	
69.20	42.3	20.5	20.3	2.0	-116.8	29.3	-70.0	-153.1	535.5	2397.1	-6366.6	-47.1	
69.25	45.1	20.0	27.1	2.0	-132.7	29.4	-106.8	-170.8	537.1	3021.8	-7311.6	-39.6	
69.30	47.9	20.2	33.6	2.0	-142.8	29.5	-122.8	-201.8	538.2	3548.8	-7804.5	-27.5	
69.35	50.8	20.2	42.3	2.0	-144.3	29.6	-110.2	-216.8	548.2	3858.0	-7747.7	0.8	
69.40	53.6	20.0	45.6	2.0	-141.1	29.7	-84.6	-222.8	559.6	4172.3	-7310.2	15.3	
69.45	56.3	20.0	45.7	2.0	-143.1	29.8	-71.8	-246.1	563.8	4747.4	-7067.6	13.8	
69.50	59.1	20.4	46.5	2.0	-151.1	29.9	-72.7	-268.5	564.1	5397.9	-7269.4	8.5	
69.55	61.8	21.1	56.0	2.0	-161.1	30.0	-89.5	-270.9	574.3	5734.7	-7930.3	31.2	
69.60	64.6	21.5	66.5	2.0	-167.5	30.1	-105.0	-269.5	585.2	5823.6	-8436.0	60.9	
69.65	67.3	21.8	69.0	2.0	-170.1	30.2	-109.8	-275.6	587.7	6109.0	-8440.2	66.8	
69.70	70.0	21.9	62.8	2.0	-168.9	30.3	-101.4	-294.5	583.0	6475.7	-7998.2	46.8	
69.75	72.7	21.5	58.5	2.0	-165.1	30.4	-89.6	-308.2	589.4	6511.7	-7546.4	35.9	
69.80	75.4	21.3	57.6	2.0	-159.7	30.5	-79.7	-296.3	607.1	6304.2	-7224.9	38.0	
69.85	78.1	21.2	56.6	2.0	-154.3	30.6	-79.8	-286.7	617.6	6041.0	-6935.3	40.1	
69.90	80.8	21.4	52.4	2.0	-151.5	30.7	-84.6	-294.6	615.9	6000.3	-6660.2	28.3	
69.95	83.5	21.8	47.2	2.0	-150.4	30.8	-78.9	-295.8	623.4	6097.3	-6451.7	11.6	
70.00	86.2	22.4	43.0	2.0	-145.9	30.9	-63.1	-285.6	641.9	5913.3	-6187.8	1.5	
70.05	88.9	23.0	40.2	2.0	-135.9	31.0	-39.0	-275.6	653.1	5538.3	-5540.0	2.1	
70.10	91.6	23.8	28.7	2.0	-128.2	31.1	-19.2	-284.0	653.3	5470.3	-4735.2	-29.7	
70.15	94.2	24.1	19.2	2.0	-125.1	31.2	-5.2	-307.5	657.2	5551.3	-4148.9	-59.3	
70.20	96.9	23.3	15.3	2.0	-124.3	31.3	3.0	-313.6	673.4	5539.0	-3999.9	-71.7	
70.25	99.5	22.8	17.6	2.0	-123.7	31.4	2.0	-292.6	687.9	5435.6	-4154.0	-63.2	
70.30	102.1	22.2	20.1	2.0	-122.8	31.5	-9.3	-278.7	692.0	5282.1	-4293.5	-53.8	
70.35	104.7	21.5	21.2	2.0	-122.0	31.6	-19.8	-280.8	695.1	5197.2	-4285.5	-49.1	
70.40	107.3	21.7	22.0	2.0	-116.8	31.7	-11.4	-277.1	702.7	4932.0	-4008.2	-41.4	
70.45	109.9	21.7	24.4	2.0	-107.9	31.8	8.6	-249.8	720.1	4401.0	-3690.2	-24.2	
70.50	112.5	21.6	24.4	2.0	-101.2	31.9	24.5	-224.8	737.1	4045.1	-3415.1	-17.6	
70.55	115.1	21.4	21.6	2.0	-102.9	32.0	20.2	-235.9	747.3	4160.6	-3417.5	-28.8	
70.60	117.7	21.6	21.4	2.0	-107.7	32.1	0.9	-248.2	751.7	4262.2	-3795.5	-34.3	
70.65	120.3	21.8	26.5	2.0	-113.7	32.2	-24.4	-240.3	762.2	4121.1	-4601.0	-22.8	
70.70	122.9	20.9	30.4	2.0	-122.9	32.3	-46.4	-233.9	776.3	4069.4	-5534.2	-18.6	
70.75	125.5	20.3	30.4	2.0	-131.9	32.4	-60.8	-239.7	785.8	4308.5	-6160.2	-27.4	
70.80	128.0	20.0	32.9	2.0	-133.1	32.5	-63.4	-245.0	786.9	4320.4	-6245.4	-20.2	
70.85	130.6	20.5	40.7	2.0	-129.8	32.6	-59.7	-235.5	787.7	4028.2	-6171.3	10.0	
70.90	133.1	20.6	46.4	2.0	-128.7	32.7	-54.4	-215.1	790.6	3852.9	-6259.7	30.4	
70.95	135.6	20.8	52.0	2.0	-131.9	32.8	-53.5	-208.4	797.4	3884.3	-6542.4	46.5	
71.00	138.1	21.3	63.1	2.0	-138.0	32.9	-61.1	-208.6	808.8	4047.8	-6963.9	78.5	
71.05	140.6	21.5	68.8	2.0	-142.7	33.0	-72.5	-200.6	813.9	4156.8	-7317.1	93.6	
71.10	143.1	21.3	72.1	2.0	-143.8	33.1	-79.8	-192.4	805.5	4120.3	-7457.8	103.8	
71.15	145.6	20.8	68.7	2.0	-143.2	33.2	-79.2	-184.3	801.3	4055.4	-7471.0	92.8	
71.20	148.1	20.7	62.6	2.0	-140.7	33.3	-70.2	-185.1	812.0	3893.3	-7347.1	74.0	
71.25	150.6	20.7	62.1	2.0	-134.5	33.4	-61.9	-185.5	817.7	3501.1	-7019.4	78.6	
71.30	153.1	20.8	61.5	2.0	-125.1	33.5	-56.4	-162.9	802.3	3043.9	-6537.2	86.0	
71.35	155.5	19.6	57.6	2.0	-116.2	33.6	-49.5	-136.9	788.8	2569.2	-6107.2	81.5	
71.40	158.0	18.9	49.6	2.0	-110.2	33.7	-38.3	-127.7	800.9	2118.0	-5826.2	59.9	
71.45	160.4	19.5	43.4	2.0	-105.7	33.8	-32.2	-115.4	819.5	1682.3	-5636.9	43.5	
71.50	162.9	19.9	36.7	2.0	-98.6	33.9	-29.6	-108.2	814.1	1183.8	-5241.9	27.4	
71.55	165.3	20.2	27.5	2.0	-91.2	34.0	-28.7	-97.5	794.8	811.8	-4791.6	3.0	
71.60	167.7	20.0	15.9	2.0	-85.8	34.1	-20.3	-86.2	792.9	676.7	-4435.6	-31.2	
71.65	170.1	20.1	9.2	2.0	-81.3	34.2	-9.1	-77.9	807.8	413.2	-4150.3	-49.8	
71.70	172.5	19.8	8.8	2.0	-76.6	34.3	-8.3	-56.8	806.5	-145.1	-3874.8	-46.5	
71.75	174.8	19.0	12.2	2.0	-71.4	34.4	-10.8	-30.6	781.8	-781.6	-3489.5	-29.6	
71.80	177.2	19.8	11.0	2.0	-68.5	34.5	-6.6	-14.2	771.4	-1155.9	-3212.1	-30.6	
71.85	179.5	20.8	8.7	2.0	-68.3	34.6	4.1	0.1	790.0	-1222.7	-3191.1	-38.4	
71.90	181.8	21.6	11.4	2.0	-70.9	34.7	7.4	18.3	801.9	-1354.5	-3288.1	-31.8	
71.95	184.1	20.7	17.0	2.0	-72.7	34.8	1.8	33.8	786.2	-1688.2	-3254.5	-14.3	
72.00	186.5	20.3	19.7	2.0	-72.2	34.9	-0.3	37.2	772.5	-1864.1	-3110.3	-4.5	
72.05	188.8	20.3	12.3	2.0	-68.6	35.0	10.3	25.2	780.0	-1738.0	-2898.0	-26.3	
72.10	191.2	20.7	8.3	2.0	-66.1	35.1	19.7	22.4	784.0	-1635.1	-2723.4	-37.5	
72.15	193.5	20.7	11.1	2.0	-65.7	35.2	16.9	37.9	764.5	-1697.9	-2622.8	-27.5	
72.20	195.8	20.4	12.8	2.0	-64.8	35.3	10.9	43.5	745.8	-1667.9	-2574.6	-21.0	
72.25	198.1	19.9	8.8	2.0	-62.5	35.4	14.0	37.4	749.0	-1478.0	-2498.7	-32.3	
72.30	200.4	19.9	3.8	2.0	-59.7	35.5	27.2	38.2	755.3	-1430.3	-2250.3	-46.5	
72.35	202.7	20.5	4.7	2.0	-59.9	35.6	36.3	50.1	744.1	-1768.1	-1963.0	-43.7	
72.40	205.0	22.0	9.4	2.0	-63.0	35.7	39.6	62.1	729.9	-2174.1	-1854.2	-30.9	
72.45	207.3	22.1	11.0	2.0	-66.2	35.8	39.6	67.6	725.8	-2359.3	-1987.2	-28.5	
72.50	209.5	21.8	13.0	2.0	-71.7	35.9	28.5	77.4	720.8	-2577.8	-2359.8	-27.2	
72.55	211.8	21.0	19.7	2.0	-80.8	36.0	7.4	95.8	702.1	-3031.0	-2846.1	-13.1	
72.60	214.0	21.6	28.3	2.0	-89.2	36.1	-10.5	109.0	686.1	-3413.0	-3324.8	8.1	
72.65	216.3	22.4	28.5	2.0	-92.4	36.2	-16.8	107.7	683.1	-3418.7	-3665.4	5.6	
72.70	218.5	23.3	25.2	2.0	-92.2	36.3	-13.7	106.4	680.4	-3342.3	-3727.8	-5.8	
72.75	220.7	23.6	29.2	2.0	-93.2	36.4	-8.3	120.4	668.2	-3607.9	-3538.2	7.0	
72.80	222.9	24.2	35.5	2.0	-95.8	36.5	2.1	146.0	652.7	-4112.9	-3164.2	26.1	
72.85	225.1	25.0	37.9	2.0	-97.3	36.6	19.5	164.1	646.9	-4502.7	-2690.9	32.7	
72.90	227.3	24.7	33.0	2.0	-96.0	36.7	36.8	167.9	640.1	-4663.2	-2148.9	17.2	
72.95	229.5	24.6	29.8	2.0	-97.0	36.8	46.0	176.8	622.4	-4932.1	-1627.6	5.4	
73.00	231.6	24.7	28.5	2.0	-100.8	36.9	52.7	186.1	604.9	-5336.0	-1164.7	-2.8	
73.05	233.8	25.2	19.3	2.0	-101.3	37.0	60.8	186.8	599.1	-5434.9	-832.0	-35.2	
73.10	236.0	25.4	3.9	2.0	-99.3	37.1	66.4	177.4	595.6	-5338.4	-581.9	-85.9	
73.15	238.2	25.5	-5.7	2.0	-100.8	37.2	68.8	164.6	582.3	-5515.0	-321.9	-120.5	
73.20	240.4	25.5	-6.9	2.0	-106.4	37.3	65.1	174.5	563.6	-5937.2	-184.2	-130.2	
73.25	242.5	25.2	-5.1	2.0	-112.1	37.4	61.0	199.7	550.5	-6313.8	-169.4	-129.7	
73.30	244.6	24.8	-1.9	2.0	-115.3	37.5	61.3	207.9	542.5	-6541.0	-163.2	-122.0	
73.35	246.7	24.2	4.5	2.0	-116.4	37.6	56.5	210.2	531.6	-6622.6	-288.7	-101.0	
73.40	248.8	23.5	12.2	2.0	-116.2	37.7	47.8	219.6	516.7	-6587.7	-495.0	-74.3	
73.45	250.9	22.9	18.4	2.0	-113.8	37.8	40.2	223.4	506.0	-6384.2	-726.5	-50.6	
73.50	253.0	23.0	21.9	2.0	-106.8	37.9	35.3	220.9	497.3	-5831.9	-968.1	-31.6	
73.55	255.0	22.7	24.9	2.0	-98.3	38.0	33.3	211.1	486.9	-5187.0	-1102.2	-12.8	
73.60	257.1	22.3	27.8	2.0	-91.1	38.1	36.6	197.7	472.3	-4689.9	-1048.0	4.5	
73.65	259.1	21.9	29.7	2.0	-84.7	38.2	46.3	189.7	459.5	-4257.0	-896.6	17.2	
73.70	261.2	22.5	28.1	2.0	-78.5	38.3	61.4	176.4	450.9	-3854.5	-661.0	18.1	
73.75	263.3	22.8	26.3	2.0	-72.4	38.4	73.7	162.6	439.5	-3463.8	-381.1	17.9	
73.80	265.3	22.4	25.7	2.0	-69.0	38.5	75.6	161.7	419.8	-3241.7	-113.7	19.3	
73.85	267.3	21.1	26.5	2.0	-68.8	38.6	74.8	161.9	398.5	-3233.8	204.3	22.0	
73.90	269.4	20.8	21.1	2.0	-66.9	38.7	79.6	154.6	384.6	-3086.3	479.2	5.5	
73.95	271.4	21.5	14.1	2.0	-64.8	38.8	85.9	143.1	374.0	-2898.6	734.7	-16.3	
74.00	273.4	21.8	9.4	2.0	-64.0	38.9	89.0	130.7	356.5	-2782.3	1037.0	-31.6	
74.05	275.4	21.8	8.0	2.0	-66.5	39.0	89.4	133.6	335.4	-2854.8	1375.9	-39.0	
74.10	277.3	21.5	8.9	2.0	-71.3	39.1	92.3	142.3	319.4	-3080.6	1694.4	-40.7	
74.15	279.3	21.8	9.5	2.0	-76.5	39.2	96.9	149.0	311.6	-3377.5	1942.1	-43.9	
74.20	281.2	21.5	11.8	2.0	-81.7	39.3	99.6	158.2	298.3	-3654.3	2218.0	-41.2	
74.25	283.2	21.1	16.2	2.0	-88.5	39.4	100.2	171.7	278.2	-4022.3	2552.3	-32.7	
74.30	285.1	20.8	19.0	2.0	-92.9	39.5	101.1	186.2	260.1	-4243.4	2792.2	-27.6	
74.35	287.0	21.3	16.2	2.0	-91.9	39.6	107.7	187.7	253.6	-4094.3	2859.0	-36.4	
74.40	288.9	21.7	11.0	2.0	-88.9	39.7	118.0	170.3	253.0	-3806.4	2909.2	-51.3	
74.45	290.9	21.8	8.0	2.0	-87.2	39.8	126.7	146.6	245.1	-3543.2	3103.8	-59.7	
74.50	292.8	22.2	5.4	2.0	-87.2	39.9	132.3	137.6	230.0	-3328.9	3355.4	-68.7	
74.55	294.7	22.3	3.7	2.0	-87.3	40.0	134.0	135.7	216.1	-3228.5	3483.5	-74.6	
74.60	296.6	21.7	4.5	2.0	-87.0	40.1	134.2	135.2	204.0	-3193.4	3497.3	-71.4	
74.65	298.5	22.8	4.3	2.0	-84.3	40.2	126.1	137.9	193.6	-3137.1	3300.5	-69.8	
74.70	300.4	23.3	5.3	2.0	-81.4	40.3	116.7	132.1	180.9	-3084.1	3095.2	-63.1	
74.75	302.2	23.0	6.3	2.0	-77.6	40.4	107.2	126.8	165.9	-2973.4	2853.8	-56.0	
74.80	304.1	22.5	4.7	2.0	-70.5	40.5	99.4	120.9	158.8	-2676.1	2439.3	-54.4	
74.85	306.0	22.0	4.2	2.0	-63.3	40.6	98.7	102.4	157.5	-2341.4	2056.4	-49.0	
74.90	307.8	21.7	5.5	2.0	-57.4	40.7	95.9	88.7	152.2	-2094.1	1715.0	-38.3	
74.95	309.7	21.6	6.9	2.0	-52.4	40.8	82.1	90.6	137.6	-1983.6	1287.0	-28.6	
75.00	311.5	22.3	10.9	2.0	-49.9	40.9	62.7	93.2	120.0	-2070.9	794.1	-12.4	
75.05	313.3	23.3	17.2	2.0	-48.4	41.0	42.7	95.5	106.2	-2128.1	242.3	10.5	
75.10	315.1	23.6	21.1	2.0	-46.6	41.1	29.3	97.6	98.3	-1996.7	-271.9	25.8	
75.15	316.9	23.9	21.3	2.0	-43.6	41.2	22.3	89.1	91.9	-1708.1	-650.7	29.3	
75.20	318.7	24.2	20.1	2.0	-40.9	41.3	19.5	81.3	82.7	-1422.3	-835.9	28.3	
75.25	320.5	24.5	21.0	2.0	-38.7	41.4	20.7	79.0	73.0	-1249.9	-831.1	33.4	
75.30	322.3	24.4	20.4	2.0	-35.4	41.5	31.4	68.2	68.8	-1106.9	-623.8	34.5	
75.35	324.1	24.2	16.8	2.0	-31.6	41.6	43.6	55.0	66.9	-927.2	-362.5	26.0	
75.40	325.8	23.8	14.2	2.0	-30.4	41.7	51.4	58.3	59.4	-890.3	-75.6	18.5	
75.45	327.6	23.8	15.7	2.0	-33.6	41.8	54.8	61.1	44.8	-1094.2	294.2	20.2	
75.50	329.3	23.9	16.2	2.0	-36.9	41.9	53.5	58.5	32.1	-1264.7	594.3	18.9	
75.55	331.1	23.7	7.3	2.0	-36.3	42.0	55.5	46.9	27.2	-1108.8	817.8	-11.2	
75.60	332.8	24.5	-4.7	2.0	-34.6	42.1	62.2	24.9	25.6	-765.4	1006.5	-50.8	
75.65	334.6	25.1	-12.4	2.0	-35.6	42.2	69.1	12.4	18.5	-565.5	1215.9	-78.1	
75.70	336.3	25.5	-13.4	2.0	-37.9	42.3	72.1	12.0	9.9	-687.3	1342.5	-83.9	
75.75	338.1	25.1	-11.9	2.0	-39.3	42.4	71.7	6.5	5.1	-950.1	1316.9	-80.3	
75.80	339.8	24.4	-10.5	2.0	-38.6	42.5	65.5	9.6	3.1	-1171.9	1075.8	-74.6	
75.85	341.4	23.4	-5.5	2.0	-40.2	42.6	59.3	27.6	-4.3	-1491.5	842.4	-59.1	
75.90	343.1	22.0	2.2	2.0	-43.0	42.7	51.5	43.4	-13.0	-1815.9	607.7	-35.4	
75.95	344.8	21.7	4.5	2.0	-41.6	42.8	44.7	46.2	-15.0	-1776.6	369.1	-26.0	
76.00	346.5	22.2	2.3	2.0	-35.8	42.9	39.5	28.3	-14.3	-1414.1	157.8	-27.9	
76.05	348.2	22.5	1.3	2.0	-30.1	43.0	33.1	10.1	-17.7	-1028.1	-82.6	-25.6	
76.10	349.8	22.8	2.5	2.0	-26.7	43.1	25.0	6.0	-23.8	-693.4	-384.8	-18.3	
76.15	351.5	23.0	3.6	2.0	-25.6	43.2	20.0	0.4	-25.7	-334.8	-645.9	-13.4	
76.20	353.1	23.0	2.9	2.0	-26.1	43.3	22.4	-14.9	-25.2	95.0	-736.4	-16.0	
76.25	354.8	22.8	3.3	2.0	-27.4	43.4	27.5	-30.8	-28.7	445.0	-663.1	-16.3	
76.30	356.4	22.5	4.4	2.0	-28.4	43.5	32.9	-45.7	-34.4	623.3	-533.9	-13.1	
76.35	358.1	22.1	6.4	2.0	-29.8	43.6	30.8	-56.6	-37.1	685.6	-584.8	-7.9	
76.40	359.7	23.0	7.7	2.0	-33.3	43.7	21.6	-59.6	-39.9	792.2	-862.9	-6.7	
76.45	1.3	23.9	10.2	2.0	-38.9	43.8	11.5	-63.0	-42.7	995.7	-1237.2	-3.9	
76.50	2.9	23.5	10.0	2.0	-47.0	43.9	2.0	-81.4	-44.0	1357.5	-1663.7	-12.5	
76.55	4.5	23.9	10.4	2.0	-55.7	44.0	-10.8	-98.5	-44.4	1727.6	-2148.0	-20.0	
76.60	6.1	24.1	13.1	2.0	-60.8	44.1	-21.3	-104.3	-49.2	1828.4	-2521.4	-15.9	
76.65	7.7	23.7	17.8	2.0	-61.6	44.2	-24.2	-97.6	-56.3	1670.1	-2717.5	-0.6	
76.70	9.3	24.1	22.2	2.0	-63.1	44.3	-26.8	-84.5	-56.0	1540.9	-2959.7	13.2	
76.75	10.8	24.3	28.0	2.0	-65.0	44.4	-28.3	-78.5	-51.9	1447.0	-3191.9	31.1	
76.80	12.4	24.1	31.2	2.0	-66.3	44.5	-32.0	-75.1	-53.8	1258.3	-3375.3	40.8	
76.85	14.0	23.5	34.2	2.0	-68.2	44.6	-38.4	-70.1	-56.6	1197.1	-3555.6	49.3	
76.90	15.5	23.0	32.5	2.0	-70.1	44.7	-35.3	-83.6	-53.5	1426.2	-3589.8	41.5	
76.95	17.1	22.8	28.0	2.0	-72.8	44.8	-31.7	-102.5	-47.0	1856.0	-3574.3	23.4	
77.00	18.6	23.4	22.7	2.0	-73.7	44.9	-28.1	-111.0	-50.6	2230.1	-3403.3	4.3	
77.05	20.1	23.8	18.4	2.0	-70.6	45.0	-24.6	-114.9	-59.3	2220.8	-3103.6	-7.5	
77.10	21.6	24.0	15.0	2.0	-65.5	45.1	-22.7	-114.2	-59.0	1917.5	-2850.3	-13.8	
77.15	23.2	24.6	9.0	2.0	-59.7	45.2	-17.8	-109.6	-53.4	1549.3	-2588.2	-28.7	
77.20	24.7	25.0	4.5	2.0	-54.1	45.3	-14.3	-106.8	-52.0	1127.5	-2349.8	-38.6	
77.25	26.2	25.1	1.4	2.0	-50.6	45.4	-17.7	-99.0	-55.5	703.1	-2248.6	-45.8	
77.30	27.7	25.0	-1.6	2.0	-48.7	45.5	-22.7	-80.4	-55.2	324.0	-2239.1	-54.2	
77.35	29.1	24.5	-4.4	2.0	-48.1	45.6	-21.2	-77.0	-46.2	106.2	-2233.2	-63.1	
77.40	30.6	23.9	-8.8	2.0	-47.7	45.7	-15.9	-92.5	-38.7	129.9	-2164.1	-78.0	
77.45	32.1	23.8	-12.5	2.0	-48.3	45.8	-19.2	-107.1	-38.1	221.2	-2158.8	-91.0	
77.50	33.6	23.7	-12.5	2.0	-48.1	45.9	-22.8	-110.2	-40.2	161.8	-2139.6	-91.1	
77.55	35.0	23.6	-9.3	2.0	-49.0	46.0	-26.2	-100.3	-34.5	18.2	-2243.7	-80.9	
77.60	36.5	24.2	-5.7	2.0	-52.1	46.1	-30.7	-96.1	-24.4	120.3	-2488.9	-71.8	
77.65	38.0	24.6	-4.2	2.0	-55.8	46.2	-35.2	-109.1	-21.9	459.0	-2700.7	-70.1	
77.70	39.4	24.9	-2.4	2.0	-59.6	46.3	-37.6	-126.3	-24.6	861.4	-2845.5	-67.9	
77.75	40.9	24.5	0.9	2.0	-64.1	46.4	-37.8	-130.7	-17.5	1203.4	-3077.6	-60.8	
77.80	42.4	24.8	6.8	2.0	-69.0	46.5	-35.4	-135.6	-4.9	1460.1	-3368.0	-45.6	
77.85	43.8	24.7	12.3	2.0	-74.2	46.6	-37.8	-146.1	-2.3	1679.3	-3669.8	-32.1	
77.90	45.3	23.3	16.6	2.0	-81.4	46.7	-51.0	-155.3	-5.7	1906.0	-4121.1	-24.5	
77.95	46.7	23.5	23.8	2.0	-89.5	46.8	-68.2	-156.7	-1.8	1989.5	-4734.8	-7.8	
78.00	48.2	23.4	30.9	2.0	-95.8	46.9	-78.8	-148.4	4.9	1897.9	-5289.7	10.2	
78.05	49.7	21.9	36.9	2.0	-102.1	47.0	-92.7	-140.8	8.1	1809.3	-5818.8	24.6	
78.10	51.1	21.9	40.3	2.0	-108.4	47.1	-109.1	-144.4	7.8	1843.1	-6267.8	30.0	
78.15	52.6	22.2	41.2	2.0	-112.2	47.2	-116.9	-152.1	9.8	1958.6	-6502.9	29.2	
78.20	54.1	22.8	43.0	2.0	-113.0	47.3	-114.2	-153.7	17.8	1947.0	-6559.5	34.6	
78.25	55.5	21.9	43.2	2.0	-112.1	47.4	-109.6	-150.2	26.3	1838.7	-6534.3	36.3	
78.30	57.0	21.0	43.0	2.0	-112.3	47.5	-110.2	-154.5	30.2	1876.1	-6523.5	35.2	
78.35	58.4	20.5	39.8	2.0	-113.3	47.6	-110.9	-168.4	32.2	2071.3	-6503.9	23.3	
78.40	59.9	20.8	38.8	2.0	-113.6	47.7	-111.4	-173.8	35.3	2128.1	-6497.8	19.7	
78.45	61.3	21.2	38.2	2.0	-111.4	47.8	-108.1	-166.4	37.3	2087.2	-6359.5	19.7	
78.50	62.7	21.4	36.6	2.0	-109.0	47.9	-100.4	-171.8	42.1	2173.9	-6124.7	16.7	
78.55	64.1	21.0	30.8	2.0	-106.7	48.0	-92.3	-188.8	48.6	2354.2	-5831.7	-1.0	
78.60	65.6	21.4	26.8	2.0	-102.8	48.1	-85.5	-192.2	53.7	2399.3	-5489.2	-10.7	
78.65	66.9	22.0	24.7	2.0	-97.4	48.2	-76.5	-188.6	59.2	2288.9	-5105.9	-12.7	
78.70	68.3	21.3	23.6	2.0	-93.3	48.3	-68.1	-185.0	68.7	2206.5	-4818.0	-12.3	
78.75	69.7	22.0	21.0	2.0	-91.8	48.4	-65.6	-183.8	78.2	2266.5	-4661.1	-19.6	
78.80	71.1	22.8	17.2	2.0	-90.1	48.5	-63.1	-189.9	82.4	2348.2	-4453.7	-31.1	
78.85	72.5	22.7	13.0	2.0	-86.9	48.6	-58.8	-192.8	86.0	2362.4	-4166.5	-42.4	
78.90	73.9	22.8	9.2	2.0	-83.1	48.7	-51.8	-188.5	94.4	2356.7	-3843.1	-51.5	
78.95	75.2	22.8	6.7	2.0	-78.3	48.8	-42.3	-186.5	104.7	2323.6	-3438.2	-55.4	
79.00	76.6	22.2	3.5	2.0	-73.9	48.9	-36.2	-188.0	110.2	2343.1	-3011.9	-61.9	
79.05	78.0	22.1	-0.7	2.0	-71.9	49.0	-34.8	-190.2	115.2	2457.4	-2702.1	-74.3	
79.10	79.4	22.0	-5.1	2.0	-72.2	49.1	-30.6	-198.5	123.8	2660.8	-2494.8	-89.6	
79.15	80.7	21.8	-8.2	2.0	-74.0	49.2	-25.8	-204.1	131.9	2967.6	-2317.0	-102.0	
79.20	82.1	22.0	-8.6	2.0	-76.4	49.3	-23.5	-208.3	135.5	3300.2	-2136.5	-105.8	
79.25	83.5	22.4	-9.8	2.0	-78.1	49.4	-18.8	-218.8	136.8	3543.5	-1907.9	-111.7	
79.30	84.9	22.9	-7.3	2.0	-80.3	49.5	-14.1	-231.2	141.4	3767.8	-1757.2	-105.5	
79.35	86.2	22.3	-7.7	2.0	-82.9	49.6	-11.5	-238.4	149.6	3943.9	-1766.3	-109.3	
79.40	87.6	21.7	-5.9	2.0	-84.9	49.7	-12.7	-239.6	157.2	4030.0	-1918.5	-105.3	
79.45	89.0	21.1	-2.8	2.0	-88.4	49.8	-20.0	-239.8	162.6	4171.5	-2215.7	-97.8	
79.50	90.3	20.7	0.7	2.0	-94.2	49.9	-31.0	-244.8	169.1	4420.8	-2631.5	-91.7	
79.55	91.7	20.4	2.9	2.0	-100.9	50.0	-40.9	-252.0	175.8	4692.4	-3093.0	-90.9	
79.60	93.0	20.3	6.6	2.0	-105.6	50.1	-50.4	-250.1	180.6	4801.0	-3551.6	-83.0	
79.65	94.4	20.7	11.5	2.0	-109.2	50.2	-59.5	-247.8	184.4	4811.7	-3975.8	-69.6	
79.70	95.7	20.9	17.6	2.0	-112.5	50.3	-66.4	-248.6	189.2	4836.5	-4315.8	-52.0	
79.75	97.0	21.3	21.2	2.0	-114.8	50.4	-71.8	-242.6	194.6	4842.4	-4576.6	-41.8	
79.80	98.3	22.7	26.0	2.0	-115.5	50.5	-73.7	-233.3	199.0	4769.2	-4766.0	-26.1	
79.85	99.6	23.5	30.1	2.0	-116.6	50.6	-71.5	-233.6	205.7	4693.6	-4947.8	-13.2	
79.90	101.0	24.0	31.8	2.0	-119.0	50.7	-71.5	-239.4	216.2	4680.9	-5172.0	-9.9	
79.95	102.3	24.4	31.7	2.0	-120.2	50.8	-73.3	-245.8	222.7	4643.4	-5297.5	-11.6	
80.00	103.6	24.2	30.9	2.0	-117.9	50.9	-75.1	-241.0	224.1	4395.6	-5288.5	-11.6	
80.05	104.9	24.2	28.1	2.0	-114.2	51.0	-74.8	-228.6	227.0	4135.4	-5181.0	-17.6	
80.10	106.2	24.6	24.6	2.0	-109.4	51.1	-67.1	-227.6	235.2	3929.0	-4888.4	-25.1	
80.15	107.6	23.5	20.2	2.0	-103.2	51.2	-55.6	-233.9	244.6	3743.4	-4411.3	-33.9	
80.20	108.9	22.7	12.9	2.0	-95.8	51.3	-45.2	-233.3	249.1	3554.2	-3834.7	-51.5	
80.25	110.2	22.1	5.2	2.0	-88.4	51.4	-33.8	-228.8	250.5	3408.6	-3217.3	-70.6	
80.30	111.4	21.0	-1.0	2.0	-83.9	51.5	-19.2	-230.6	256.9	3394.7	-2701.8	-87.4	
80.35	112.7	20.5	-5.2	2.0	-80.6	51.6	-8.3	-232.1	266.7	3341.9	-2340.2	-98.4	
80.40	114.0	20.3	-7.8	2.0	-74.7	51.7	-5.5	-221.4	271.4	3024.5	-2056.8	-101.3	
80.45	115.3	20.2	-10.7	2.0	-66.4	51.8	-6.3	-200.4	270.1	2531.6	-1783.9	-103.3	
80.50	116.5	20.1	-12.9	2.0	-60.6	51.9	-3.7	-190.9	273.6	2203.2	-1527.1	-105.0	
80.55	117.8	19.9	-14.5	2.0	-58.4	52.0	5.4	-194.3	284.4	2138.5	-1282.2	-108.2	
80.60	119.0	20.2	-15.3	2.0	-58.3	52.1	10.0	-189.6	294.1	2184.2	-1195.4	-110.9	
80.65	120.2	19.9	-14.1	2.0	-58.0	52.2	7.9	-177.7	294.6	2177.8	-1240.6	-106.3	
80.70	121.5	19.4	-13.8	2.0	-59.2	52.3	2.5	-171.9	296.4	2174.2	-1453.0	-106.5	
80.75	122.7	18.9	-12.0	2.0	-64.2	52.4	-8.3	-177.4	309.2	2275.5	-1906.6	-105.6	
80.80	123.9	18.5	-7.7	2.0	-68.1	52.5	-19.3	-177.6	317.5	2284.1	-2314.2	-94.5	
80.85	125.2	18.5	-1.3	2.0	-68.0	52.6	-27.7	-162.8	312.7	2112.0	-2517.2	-72.6	
80.90	126.4	18.6	3.9	2.0	-69.4	52.7	-34.3	-148.9	313.5	2052.8	-2748.0	-56.1	
80.95	127.6	19.5	6.4	2.0	-73.5	52.8	-36.1	-150.2	326.2	2190.0	-3009.0	-51.5	
81.00	128.9	20.3	9.5	2.0	-76.2	52.9	-37.4	-150.4	336.4	2227.5	-3227.1	-43.6	
81.05	130.1	21.1	12.6	2.0	-78.5	53.0	-43.7	-145.2	335.6	2255.0	-3431.9	-35.3	
81.10	131.3	20.1	14.0	2.0	-81.9	53.1	-50.5	-143.7	334.7	2425.6	-3621.8	-33.8	
81.15	132.6	19.8	15.5	2.0	-85.9	53.2	-51.9	-153.6	344.3	2672.4	-3780.6	-32.8	
81.20	133.8	20.3	16.8	2.0	-88.0	53.3	-48.9	-161.5	353.4	2806.1	-3844.9	-30.5	
81.25	135.1	20.1	16.9	2.0	-87.3	53.4	-43.8	-161.9	349.5	2874.0	-3737.9	-29.5	
81.30	136.3	20.4	16.0	2.0	-86.0	53.5	-38.9	-165.8	346.1	2904.1	-3576.8	-30.9	
81.35	137.5	21.0	16.5	2.0	-85.2	53.6	-33.4	-174.1	354.1	2925.4	-3448.8	-28.7	
81.40	138.7	21.8	17.1	2.0	-83.3	53.7	-30.1	-173.3	362.3	2826.8	-3338.6	-24.6	
81.45	139.9	22.0	16.4	2.0	-77.8	53.8	-27.2	-156.9	358.7	2512.7	-3122.8	-21.4	
81.50	141.1	21.8	15.0	2.0	-72.6	53.9	-24.6	-143.1	355.8	2211.0	-2914.6	-21.0	
81.55	142.3	21.2	12.2	2.0	-69.5	54.0	-22.6	-136.6	363.0	2015.6	-2790.5	-27.7	
81.60	143.5	20.7	9.5	2.0	-66.1	54.1	-18.4	-136.6	367.9	1842.4	-2596.3	-33.6	
81.65	144.8	20.3	7.2	2.0	-61.0	54.2	-15.2	-130.4	363.9	1537.6	-2360.8	-36.4	
81.70	145.9	19.8	4.4	2.0	-56.1	54.3	-13.9	-112.3	361.7	1217.5	-2182.6	-40.9	
81.75	147.1	20.2	1.1	2.0	-52.7	54.4	-11.2	-102.5	367.5	1010.4	-2027.2	-48.8	
81.80	148.3	20.9	-1.7	2.0	-48.9	54.5	-3.6	-103.5	373.5	876.0	-1766.6	-54.7	
81.85	149.5	21.4	-4.1	2.0	-44.5	54.6	1.5	-94.4	374.5	731.4	-1497.7	-58.7	
81.90	150.7	21.0	-5.7	2.0	-39.6	54.7	6.4	-82.5	374.7	522.3	-1220.9	-59.2	
81.95	151.8	20.3	-9.0	2.0	-35.7	54.8	15.2	-83.0	379.2	456.0	-917.3	-66.6	
82.00	153.0	19.7	-13.8	2.0	-34.0	54.9	21.4	-84.0	384.1	567.0	-683.0	-81.3	
82.05	154.2	19.7	-16.5	2.0	-32.7	55.0	25.3	-83.7	384.1	616.3	-482.5	-89.2	
82.10	155.3	19.7	-16.7	2.0	-30.2	55.1	27.6	-81.8	382.6	496.4	-342.1	-87.6	
82.15	156.5	19.5	-16.9	2.0	-29.5	55.2	24.1	-77.3	386.7	409.9	-385.6	-87.4	
82.20	157.7	20.2	-17.8	2.0	-30.7	55.3	19.0	-75.8	390.3	446.9	-484.0	-92.0	
82.25	158.8	20.7	-17.2	2.0	-30.7	55.4	18.2	-72.0	389.1	468.1	-479.3	-89.7	
82.30	160.0	20.6	-15.3	2.0	-29.9	55.5	22.8	-67.9	388.9	483.9	-387.6	-82.4	
82.35	161.1	20.9	-14.2	2.0	-31.3	55.6	29.2	-71.5	392.6	638.8	-296.4	-80.1	
82.40	162.2	21.0	-13.2	2.0	-34.8	55.7	33.0	-80.2	394.0	901.6	-262.2	-80.2	
82.45	163.4	20.8	-11.6	2.0	-36.7	55.8	34.1	-81.4	389.8	1050.0	-268.8	-76.5	
82.50	164.5	20.2	-6.1	2.0	-37.1	55.9	29.9	-74.9	387.5	1061.9	-415.2	-58.1	
82.55	165.6	20.7	-0.7	2.0	-39.5	56.0	20.8	-75.2	390.7	1092.0	-742.6	-41.9	
82.60	166.8	22.0	1.6	2.0	-43.3	56.1	10.2	-75.6	392.6	1178.9	-1104.0	-37.6	
82.65	167.9	22.3	2.7	2.0	-45.5	56.2	3.7	-67.6	388.5	1248.8	-1311.8	-36.3	
82.70	169.0	22.6	4.5	2.0	-44.9	56.3	5.4	-59.8	385.5	1209.1	-1320.6	-29.6	
82.75	170.1	22.9	5.5	2.0	-43.3	56.4	12.9	-59.3	389.3	1143.4	-1209.5	-24.4	
82.80	171.2	22.8	5.8	2.0	-41.8	56.5	18.0	-59.9	392.8	1097.0	-1080.3	-22.0	
82.85	172.3	22.4	5.4	2.0	-39.0	56.6	20.7	-56.6	389.3	971.0	-918.7	-20.4	
82.90	173.4	21.7	4.9	2.0	-35.4	56.7	23.3	-47.7	386.0	765.0	-776.3	-18.5	
82.95	174.5	20.6	4.4	2.0	-33.6	56.8	21.6	-36.7	389.4	584.7	-793.0	-18.4	
83.00	175.7	21.0	2.5	2.0	-33.5	56.9	15.5	-32.4	393.7	412.2	-901.7	-25.0	
83.05	176.8	21.9	0.4	2.0	-32.6	57.0	10.1	-31.0	391.0	202.9	-915.0	-31.4	
83.10	177.8	23.2	-3.4	2.0	-30.0	57.1	10.6	-21.7	384.7	-11.8	-765.5	-41.7	
83.15	178.9	23.2	-6.6	2.0	-26.9	57.2	19.0	-13.5	385.9	-189.1	-500.1	-49.7	
83.20	180.0	22.8	-7.4	2.0	-25.7	57.3	33.7	-10.8	391.9	-378.3	-133.3	-51.2	
83.25	181.1	22.1	-6.3	2.0	-29.1	57.4	43.5	-5.9	391.9	-603.6	190.0	-50.7	
83.30	182.2	22.1	-5.4	2.0	-33.4	57.5	45.8	2.5	387.7	-888.0	370.6	-52.1	
83.35	183.2	21.8	-3.5	2.0	-37.7	57.6	47.0	11.2	386.8	-1207.5	430.2	-49.6	
83.40	184.3	21.0	-2.2	2.0	-40.4	57.7	42.8	22.7	389.6	-1446.8	295.8	-48.1	
83.45	185.4	21.0	-2.8	2.0	-41.8	57.8	36.2	33.6	387.9	-1579.3	123.2	-51.4	
83.50	186.4	20.7	-1.7	2.0	-43.3	57.9	32.5	35.3	383.4	-1709.0	41.1	-49.1	
83.55	187.5	20.4	-1.9	2.0	-44.2	58.0	33.1	32.4	381.8	-1778.9	47.6	-50.7	
83.60	188.5	20.2	-3.0	2.0	-44.3	58.1	37.4	34.0	381.7	-1771.1	129.8	-54.6	
83.65	189.6	20.5	-2.9	2.0	-44.6	58.2	46.0	31.6	381.3	-1759.7	287.2	-54.4	
83.70	190.6	21.1	-1.2	2.0	-44.9	58.3	50.5	29.1	380.8	-1764.4	334.7	-49.0	
83.75	191.6	21.1	0.9	2.0	-44.8	58.4	46.4	34.8	379.1	-1781.8	175.0	-41.8	
83.80	192.7	20.2	4.1	2.0	-45.6	58.5	40.4	43.0	374.1	-1856.5	-15.9	-31.6	
83.85	193.7	19.0	6.0	2.0	-45.6	58.6	34.0	47.7	370.3	-1847.7	-217.8	-24.9	
83.90	194.7	18.7	7.7	2.0	-44.9	58.7	26.4	49.4	369.8	-1746.6	-483.4	-18.3	
83.95	195.7	19.5	11.0	2.0	-45.7	58.8	23.3	47.0	368.7	-1760.2	-677.9	-7.8	
84.00	196.7	20.3	13.8	2.0	-47.3	58.9	20.4	51.1	364.4	-1827.4	-820.8	0.2	
84.05	197.7	20.5	13.5	2.0	-48.2	59.0	14.8	58.8	362.3	-1807.5	-985.0	-2.0	
84.10	198.6	20.2	14.0	2.0	-47.8	59.1	13.4	56.6	363.3	-1717.1	-1080.5	0.2	
84.15	199.6	19.9	17.7	2.0	-48.0	59.2	16.3	56.5	361.2	-1730.0	-1094.6	12.9	
84.20	200.5	20.0	21.4	2.0	-49.2	59.3	17.9	65.6	355.4	-1815.2	-1082.4	24.1	
84.25	201.5	20.1	21.4	2.0	-49.7	59.4	18.1	69.2	352.3	-1867.4	-1061.1	23.9	
84.30	202.5	20.4	20.8	2.0	-51.1	59.5	13.1	72.2	352.9	-1947.8	-1116.5	20.4	
84.35	203.4	20.8	22.6	2.0	-54.6	59.6	6.7	86.7	349.2	-2190.8	-1152.5	23.1	
84.40	204.3	21.2	27.0	2.0	-59.2	59.7	5.5	103.6	343.4	-2561.4	-1065.8	33.6	
84.45	205.3	20.8	27.0	2.0	-60.6	59.8	8.9	107.6	343.4	-2732.9	-886.2	31.9	
84.50	206.2	19.9	18.8	2.0	-58.7	59.9	17.4	104.4	343.2	-2670.7	-572.4	6.0	
84.55	207.1	19.8	14.4	2.0	-57.7	60.0	27.1	101.3	336.8	-2657.8	-164.0	-8.3	
84.60	208.1	20.6	13.3	2.0	-60.1	60.1	37.9	104.6	328.7	-2823.6	278.1	-14.4	
84.65	209.0	21.9	13.4	2.0	-63.7	60.2	45.2	115.2	325.9	-3013.9	580.7	-17.8	
84.70	209.9	22.7	14.0	2.0	-67.8	60.3	49.3	122.7	327.4	-3267.4	774.3	-19.9	
84.75	210.9	22.8	13.3	2.0	-71.4	60.4	53.2	124.0	326.2	-3491.7	979.8	-25.6	
84.80	211.8	22.6	12.2	2.0	-73.8	60.5	54.0	125.2	320.0	-3617.6	1184.2	-32.0	
84.85	212.7	21.9	8.8	2.0	-74.6	60.6	60.6	120.4	316.0	-3579.9	1477.7	-44.2	
84.90	213.6	21.0	4.7	2.0	-73.4	60.7	70.3	111.0	315.6	-3367.5	1738.5	-57.3	
84.95	214.5	20.5	2.9	2.0	-72.6	60.8	77.2	106.6	312.4	-3202.1	1918.2	-62.6	
85.00	215.5	21.5	5.7	2.0	-74.4	60.9	80.6	109.6	305.7	-3272.3	2051.0	-55.0	
85.05	216.4	22.2	8.1	2.0	-76.6	61.0	77.9	117.4	301.0	-3456.3	2048.9	-48.9	
85.10	217.3	22.7	8.4	2.0	-76.1	61.1	70.3	123.4	301.8	-3521.0	1856.6	-47.4	
85.15	218.2	23.3	10.5	2.0	-74.6	61.2	66.7	122.1	301.9	-3497.2	1669.4	-38.7	
85.20	219.1	24.2	12.9	2.0	-73.5	61.3	69.5	119.6	296.0	-3431.8	1619.2	-29.2	
85.25	220.0	24.1	13.0	2.0	-70.9	61.4	70.9	118.5	291.4	-3254.9	1540.2	-26.2	
85.30	220.9	23.1	10.9	2.0	-66.7	61.5	71.6	109.7	291.1	-2988.6	1413.5	-29.4	
85.35	221.8	22.2	11.9	2.0	-63.1	61.6	68.1	98.7	287.2	-2802.5	1247.8	-22.1	
85.40	222.6	21.7	15.8	2.0	-61.8	61.7	57.6	105.3	277.6	-2804.7	996.6	-7.6	
85.45	223.5	21.4	21.5	2.0	-63.1	61.8	47.9	122.0	272.3	-2964.3	695.3	10.8	
85.50	224.4	21.4	27.0	2.0	-64.8	61.9	43.4	133.7	272.9	-3116.2	419.6	27.9	
85.55	225.2	21.4	28.5	2.0	-64.1	62.0	36.4	136.8	269.2	-3090.7	176.6	33.6	
85.60	226.1	21.4	26.5	2.0	-61.7	62.1	28.7	130.6	257.8	-2943.0	37.9	29.4	
85.65	226.9	22.1	26.5	2.0	-60.0	62.2	27.8	122.5	248.3	-2847.8	-12.3	31.0	
85.70	227.8	21.6	28.2	2.0	-59.9	62.3	31.2	123.3	248.2	-2831.6	-119.0	36.9	
85.75	228.6	20.8	31.3	2.0	-61.4	62.4	32.9	132.5	249.4	-2906.5	-242.5	46.0	
85.80	229.5	21.3	33.4	2.0	-64.0	62.5	30.2	141.5	241.4	-3086.2	-266.7	50.7	
85.85	230.3	21.3	34.9	2.0	-66.9	62.6	22.4	148.9	230.8	-3292.6	-306.8	53.1	
85.90	231.2	21.3	37.0	2.0	-69.9	62.7	16.5	156.0	227.8	-3497.5	-406.0	57.1	
85.95	232.0	21.4	38.0	2.0	-72.2	62.8	18.8	162.0	226.7	-3655.8	-400.6	58.4	
86.00	232.8	21.9	38.8	2.0	-73.5	62.9	25.1	168.2	220.3	-3750.6	-227.0	59.6	
86.05	233.6	22.3	35.7	2.0	-73.1	63.0	27.3	170.2	214.4	-3729.4	-56.7	49.3	
86.10	234.5	22.0	30.9	2.0	-72.1	63.1	24.8	161.3	212.7	-3681.4	12.6	34.0	
86.15	235.3	21.4	30.8	2.0	-75.1	63.2	26.3	161.8	212.5	-3902.1	92.5	30.7	
86.20	236.1	21.1	35.0	2.0	-82.0	63.3	32.5	181.9	211.9	-4364.1	240.7	38.2	
86.25	236.9	21.6	37.9	2.0	-88.1	63.4	39.3	199.4	211.6	-4750.8	462.0	42.1	
86.30	237.7	22.0	35.1	2.0	-90.4	63.5	43.4	200.7	207.5	-4888.6	732.6	30.1	
86.35	238.5	22.3	32.0	2.0	-92.2	63.6	43.8	200.4	199.6	-4998.2	960.5	17.7	
86.40	239.4	22.5	31.5	2.0	-96.0	63.7	49.4	203.2	194.3	-5234.2	1200.5	12.0	
86.45	240.2	22.3	30.3	2.0	-99.0	63.8	57.1	205.9	197.0	-5409.9	1365.3	5.0	
86.50	241.0	22.2	25.5	2.0	-98.5	63.9	57.9	205.8	197.3	-5351.8	1444.3	-11.0	
86.55	241.8	22.2	22.4	2.0	-98.6	64.0	54.7	207.1	188.6	-5325.2	1573.5	-21.8	
86.60	242.6	21.9	23.7	2.0	-101.5	64.1	57.0	210.6	178.6	-5494.7	1777.8	-20.1	
86.65	243.4	21.7	24.9	2.0	-104.2	64.2	62.5	214.9	177.6	-5667.6	1852.9	-18.8	
86.70	244.2	21.6	23.4	2.0	-104.2	64.3	66.6	215.6	179.0	-5665.1	1833.8	-23.8	
86.75	244.9	22.2	23.0	2.0	-102.7	64.4	69.2	208.0	171.9	-5556.2	1884.4	-23.9	
86.80	245.7	23.2	25.6	2.0	-102.1	64.5	70.6	204.6	161.0	-5503.4	1939.5	-14.1	
86.85	246.5	24.3	27.7	2.0	-101.1	64.6	69.9	208.7	158.8	-5461.8	1802.7	-5.9	
86.90	247.3	24.0	28.3	2.0	-99.7	64.7	66.7	211.8	163.5	-5434.7	1505.8	-2.6	
86.95	248.0	23.9	30.5	2.0	-98.5	64.8	59.9	208.1	160.9	-5428.9	1226.7	6.2	
87.00	248.8	24.0	33.2	2.0	-96.6	64.9	48.9	203.6	149.9	-5362.8	977.7	17.2	
87.05	249.5	24.4	34.5	2.0	-93.9	65.0	41.5	205.0	143.2	-5198.4	742.1	24.4	
87.10	250.3	24.5	36.5	2.0	-92.1	65.1	39.9	209.5	143.9	-5076.2	507.8	33.2	
87.15	251.0	24.1	39.6	2.0	-91.3	65.2	38.0	210.9	142.4	-5033.5	276.7	44.7	
87.20	251.8	23.1	41.9	2.0	-89.1	65.3	30.7	201.6	136.7	-4903.7	33.5	54.8	
87.25	252.5	23.6	42.5	2.0	-85.9	65.4	22.8	190.8	133.7	-4694.8	-183.1	60.1	
87.30	253.2	24.4	41.3	2.0	-82.5	65.5	20.9	189.6	132.2	-4440.5	-275.1	59.2	
87.35	254.0	25.1	44.1	2.0	-81.1	65.6	21.4	195.7	130.2	-4309.6	-353.5	70.4	
87.40	254.7	23.9	47.8	2.0	-81.2	65.7	23.3	196.1	127.5	-4315.0	-403.1	83.0	
87.45	255.4	22.9	47.1	2.0	-80.4	65.8	20.2	188.3	125.1	-4275.6	-476.8	81.4	
87.50	256.1	22.8	43.4	2.0	-78.9	65.9	13.8	184.6	120.3	-4171.7	-494.4	70.2	
87.55	256.8	23.0	42.2	2.0	-78.0	66.0	13.9	187.4	112.5	-4117.7	-342.5	66.8	
87.60	257.5	23.1	43.5	2.0	-77.6	66.1	20.0	189.3	109.3	-4095.0	-180.1	71.6	
87.65	258.2	22.8	41.4	2.0	-76.6	66.2	23.3	189.1	110.9	-4015.1	-124.1	65.5	
87.70	258.9	22.7	37.7	2.0	-75.5	66.3	23.2	185.4	109.9	-3948.6	-27.0	53.8	
87.75	259.6	22.4	36.9	2.0	-76.2	66.4	25.3	183.3	102.7	-4005.2	249.5	50.5	
87.80	260.3	22.0	38.0	2.0	-78.2	66.5	32.0	186.4	96.4	-4113.7	578.5	52.3	
87.85	261.0	21.7	38.5	2.0	-80.4	66.6	40.8	193.2	94.7	-4216.1	829.9	51.8	
87.90	261.6	21.6	38.5	2.0	-83.9	66.7	48.5	201.8	91.3	-4407.8	1066.6	48.3	
87.95	262.3	21.5	39.2	2.0	-88.3	66.8	52.2	209.3	85.4	-4672.1	1308.5	46.2	
88.00	263.0	21.6	36.9	2.0	-90.4	66.9	54.0	206.4	81.1	-4781.3	1529.0	36.4	
88.05	263.7	21.5	32.4	2.0	-90.3	67.0	56.4	200.6	79.3	-4726.7	1716.5	21.0	
88.10	264.4	21.3	30.2	2.0	-90.9	67.1	61.7	203.3	76.5	-4688.9	1911.5	12.8	
88.15	265.0	21.1	30.0	2.0	-92.5	67.2	69.1	205.0	72.6	-4724.6	2117.5	10.6	
88.20	265.7	21.2	28.6	2.0	-93.0	67.3	72.6	199.0	70.1	-4715.8	2256.0	5.2	
88.25	266.4	21.4	24.8	2.0	-92.3	67.4	70.2	193.2	66.9	-4653.1	2321.1	-7.2	
88.30	267.1	21.5	24.7	2.0	-92.7	67.5	68.1	194.4	60.8	-4651.9	2397.1	-7.7	
88.35	267.7	22.0	27.7	2.0	-93.5	67.6	72.8	198.8	55.9	-4651.8	2498.0	1.6	
88.40	268.4	22.3	29.2	2.0	-91.5	67.7	77.8	196.2	57.9	-4507.0	2452.8	8.7	
88.45	269.0	22.1	27.2	2.0	-87.7	67.8	74.9	187.7	59.9	-4299.2	2284.6	5.7	
88.50	269.7	22.4	25.6	2.0	-84.7	67.9	64.9	180.9	53.9	-4162.5	2125.9	3.1	
88.55	270.3	22.8	28.6	2.0	-83.1	68.0	55.3	184.0	45.4	-4118.2	1947.6	15.0	
88.60	271.0	23.3	34.1	2.0	-82.5	68.1	55.3	189.3	42.5	-4135.8	1769.5	34.6	
88.65	271.6	22.9	36.4	2.0	-80.5	68.2	55.7	193.4	44.9	-4057.0	1515.8	44.5	
88.70	272.2	22.7	35.6	2.0	-77.1	68.3	45.5	196.3	39.5	-3879.0	1257.7	45.2	
88.75	272.8	22.8	37.4	2.0	-74.6	68.4	35.7	191.1	26.1	-3746.1	1158.1	53.8	
88.80	273.5	23.1	38.8	2.0	-71.5	68.5	33.5	180.0	22.6	-3593.0	967.4	61.7	
88.85	274.1	23.6	38.3	2.0	-68.2	68.6	32.6	178.2	28.1	-3420.3	607.4	63.3	
88.90	274.7	24.0	39.7	2.0	-67.3	68.7	29.9	184.7	25.2	-3371.8	379.4	69.1	
88.95	275.3	23.4	44.6	2.0	-68.2	68.8	25.9	187.5	14.2	-3447.8	319.2	84.9	
89.00	275.9	23.0	45.2	2.0	-67.5	68.9	19.0	180.9	7.4	-3433.2	190.1	87.5	
89.05	276.5	22.8	42.8	2.0	-65.6	69.0	12.0	176.5	6.3	-3304.6	-39.9	81.5	
89.10	277.1	22.6	43.7	2.0	-65.1	69.1	17.0	179.3	1.7	-3263.1	-19.9	84.8	
89.15	277.7	22.7	45.3	2.0	-65.0	69.2	24.0	180.8	-4.9	-3243.1	132.7	90.6	
89.20	278.3	22.6	41.9	2.0	-62.4	69.3	20.7	174.3	-8.1	-3066.9	133.5	81.5	
89.25	278.9	21.6	37.7	2.0	-60.3	69.4	15.5	163.5	-12.0	-2939.5	107.7	69.0	
89.30	279.5	21.7	38.8	2.0	-62.7	69.5	16.4	163.5	-19.7	-3109.5	197.3	70.4	
89.35	280.1	21.8	42.3	2.0	-68.1	69.6	20.5	176.6	-23.3	-3467.5	265.5	77.2	
89.40	280.7	21.5	42.3	2.0	-71.5	69.7	24.6	185.3	-22.2	-3702.4	317.5	73.8	
89.45	281.3	21.1	40.9	2.0	-73.6	69.8	27.9	185.9	-25.8	-3825.2	536.8	66.9	
89.50	281.9	20.4	40.5	2.0	-76.3	69.9	30.7	188.3	-35.7	-3955.1	892.9	62.9	
89.55	282.5	19.6	40.3	2.0	-78.7	70.0	36.2	193.4	-39.5	-4053.9	1151.0	59.7	
89.60	283.1	20.2	38.3	2.0	-79.2	70.1	43.2	191.6	-35.7	-4070.1	1254.1	52.4	
89.65	283.7	20.6	36.8	2.0	-80.4	70.2	47.3	191.3	-33.9	-4123.8	1365.6	45.9	
89.70	284.2	20.8	36.3	2.0	-83.4	70.3	47.1	200.1	-42.5	-4248.8	1604.2	41.3	
89.75	284.8	21.1	36.2	2.0	-85.6	70.4	48.0	202.9	-49.8	-4304.8	1869.1	38.9	
89.80	285.4	21.5	30.7	2.0	-83.7	70.5	51.4	189.6	-45.6	-4143.5	1970.5	21.6	
89.85	286.0	22.2	25.9	2.0	-81.1	70.6	54.6	178.0	-44.8	-3923.1	2049.9	7.9	
89.90	286.6	23.2	25.0	2.0	-80.5	70.7	56.3	173.9	-54.1	-3795.7	2188.5	5.5	
89.95	287.1	22.9	24.5	2.0	-79.1	70.8	56.9	166.4	-60.1	-3681.3	2209.9	5.0	
90.00	287.7	22.2	22.8	2.0	-76.1	70.9	53.4	157.5	-59.4	-3562.8	2015.1	2.1	
90.05	288.2	22.0	25.2	2.0	-76.2	71.0	49.2	164.1	-63.2	-3648.5	1830.8	10.2	
90.10	288.8	22.4	31.0	2.0	-78.2	71.1	49.3	174.3	-71.2	-3797.6	1785.4	28.4	
90.15	289.4	22.8	33.4	2.0	-77.2	71.2	50.1	170.9	-72.8	-3763.9	1698.0	37.5	
90.20	289.9	22.8	30.8	2.0	-73.3	71.3	48.1	159.8	-71.6	-3560.4	1521.4	32.5	
90.25	290.5	23.7	31.8	2.0	-72.4	71.4	45.0	161.1	-78.8	-3526.9	1393.4	36.8	
90.30	291.0	24.3	36.2	2.0	-73.9	71.5	41.7	170.0	-88.4	-3675.0	1230.8	50.2	
90.35	291.6	24.3	38.2	2.0	-73.8	71.6	32.5	174.7	-89.6	-3778.7	796.2	57.3	
90.40	292.1	23.9	38.8	2.0	-72.8	71.7	18.8	173.5	-87.6	-3789.4	268.8	60.4	
90.45	292.7	23.7	42.1	2.0	-73.7	71.8	7.6	172.2	-92.7	-3870.2	-42.1	70.9	
90.50	293.2	23.8	44.6	2.0	-74.1	71.9	1.9	172.4	-99.7	-3891.4	-186.0	79.0	
90.55	293.8	22.4	43.6	2.0	-72.0	72.0	1.1	170.7	-99.0	-3724.6	-338.3	77.6	
90.60	294.3	21.4	43.0	2.0	-69.5	72.1	5.8	167.0	-94.8	-3537.5	-405.3	78.0	
90.65	294.8	21.1	45.3	2.0	-68.7	72.2	8.8	166.6	-98.6	-3486.2	-347.2	86.8	
90.70	295.4	21.4	48.6	2.0	-69.3	72.3	6.1	170.5	-108.4	-3515.6	-313.4	97.4	
90.75	295.9	21.5	47.8	2.0	-69.6	72.4	-0.1	170.6	-110.5	-3511.4	-492.0	94.4	
90.80	296.4	21.4	47.0	2.0	-70.1	72.5	-3.8	167.9	-105.6	-3528.4	-710.5	91.1	
90.85	296.9	21.3	47.5	2.0	-71.0	72.6	-6.4	172.0	-106.9	-3570.7	-763.0	92.2	
90.90	297.5	21.1	47.1	2.0	-71.1	72.7	-7.6	177.8	-115.1	-3580.3	-642.3	90.6	
90.95	298.0	21.0	43.5	2.0	-69.2	72.8	-3.1	170.6	-117.5	-3483.2	-460.6	80.2	
91.00	298.5	21.1	39.8	2.0	-67.0	72.9	2.8	159.9	-114.0	-3369.9	-298.1	69.6	
91.05	299.1	20.8	39.6	2.0	-68.0	73.0	8.4	159.7	-117.2	-3454.9	-52.0	67.9	
91.10	299.6	20.4	42.0	2.0	-71.6	73.1	18.1	166.1	-124.0	-3685.5	289.8	72.5	
91.15	300.1	20.8	40.9	2.0	-73.1	73.2	25.0	167.7	-124.9	-3773.4	515.0	67.1	
91.20	300.6	21.0	37.0	2.0	-72.0	73.3	27.8	164.6	-122.4	-3673.0	669.5	55.0	
91.25	301.1	21.4	34.2	2.0	-71.1	73.4	32.7	160.3	-126.1	-3547.1	951.6	46.2	
91.30	301.6	21.8	31.9	2.0	-71.5	73.5	41.3	155.9	-130.8	-3472.8	1292.1	37.9	
91.35	302.1	21.9	27.3	2.0	-70.7	73.6	46.2	151.0	-129.5	-3335.7	1483.2	22.9	
91.40	302.6	22.0	22.9	2.0	-70.1	73.7	47.9	147.2	-128.9	-3223.5	1643.5	8.6	
91.45	303.1	22.1	23.0	2.0	-71.8	73.8	50.8	144.6	-136.4	-3226.0	1909.7	7.1	
91.50	303.6	22.0	23.2	2.0	-73.2	73.9	52.3	145.8	-143.7	-3245.4	2059.8	6.6	
91.55	304.1	22.0	20.6	2.0	-71.7	74.0	51.9	145.1	-141.2	-3165.3	1978.2	-1.0	
91.60	304.6	22.4	19.6	2.0	-69.9	74.1	53.6	140.5	-136.9	-3064.6	1905.0	-2.6	
91.65	305.0	22.3	21.1	2.0	-69.9	74.2	55.4	140.0	-142.1	-3014.4	1972.5	2.6	
91.70	305.5	21.5	22.5	2.0	-69.3	74.3	51.7	143.1	-148.5	-2959.1	1957.4	7.9	
91.75	306.0	20.0	22.7	2.0	-67.1	74.4	46.0	143.1	-147.8	-2882.9	1780.3	10.7	
91.80	306.5	20.8	25.7	2.0	-66.0	74.5	43.8	143.7	-145.2	-2917.0	1563.1	22.3	
91.85	306.9	20.8	29.9	2.0	-65.9	74.6	41.7	150.5	-149.9	-2976.9	1371.5	36.8	
91.90	307.4	20.2	32.0	2.0	-64.5	74.7	32.4	157.7	-155.0	-2972.7	1052.2	45.2	
91.95	307.8	19.4	31.6	2.0	-60.9	74.8	22.7	149.7	-153.5	-2836.8	666.6	47.5	
92.00	308.3	18.8	31.8	2.0	-57.0	74.9	15.5	135.6	-152.2	-2641.5	328.1	52.2	
92.05	308.7	18.5	32.8	2.0	-55.1	75.0	7.1	133.8	-155.9	-2525.9	0.1	57.3	
92.10	309.2	18.9	35.6	2.0	-55.3	75.1	2.2	138.1	-159.8	-2509.0	-280.4	66.9	
92.15	309.6	19.0	40.1	2.0	-56.6	75.2	2.5	140.3	-158.9	-2566.9	-493.5	81.1	
92.20	310.1	19.0	43.1	2.0	-57.5	75.3	-0.7	139.5	-157.6	-2592.1	-706.5	90.5	
92.25	310.5	18.9	44.8	2.0	-58.3	75.4	-4.5	139.8	-163.0	-2618.7	-807.8	95.5	
92.30	310.9	19.2	46.6	2.0	-59.6	75.5	-2.7	143.5	-169.9	-2717.3	-779.1	100.2	
92.35	311.4	19.5	46.7	2.0	-60.1	75.6	1.4	143.6	-168.5	-2755.8	-774.0	100.1	
92.40	311.8	19.9	45.4	2.0	-60.0	75.7	3.8	140.1	-165.7	-2768.7	-743.7	95.9	
92.45	312.2	20.0	43.7	2.0	-60.4	75.8	4.3	138.3	-171.5	-2836.7	-594.1	89.8	
92.50	312.7	19.9	40.1	2.0	-61.0	75.9	1.3	136.2	-178.2	-2907.9	-459.7	76.5	
92.55	313.1	19.8	36.0	2.0	-61.6	76.0	0.3	136.3	-178.3	-2973.0	-348.7	62.0	
92.60	313.5	19.7	33.9	2.0	-62.6	76.1	8.1	139.4	-176.8	-3052.9	-88.5	53.9	
92.65	313.9	19.5	32.9	2.0	-63.4	76.2	17.7	143.9	-179.0	-3086.5	277.9	49.5	
92.70	314.4	18.9	29.9	2.0	-63.6	76.3	24.2	143.1	-182.9	-3042.4	673.1	39.0	
92.75	314.8	19.1	26.4	2.0	-64.2	76.4	30.4	137.8	-184.9	-2979.9	1066.8	26.6	
92.80	315.2	19.5	24.3	2.0	-66.0	76.5	38.5	136.9	-185.1	-2985.1	1414.6	17.3	
92.85	315.6	20.0	23.5	2.0	-68.5	76.6	46.6	141.7	-185.4	-3032.8	1693.0	12.1	
92.90	316.0	19.6	23.3	2.0	-70.3	76.7	48.8	145.4	-186.4	-3086.8	1840.3	9.5	
92.95	316.4	19.6	21.7	2.0	-70.1	76.8	45.1	142.4	-189.0	-3066.8	1860.9	4.4	
93.00	316.8	19.9	21.0	2.0	-69.9	76.9	39.1	145.7	-192.2	-3089.6	1778.9	2.1	
93.05	317.2	20.1	21.8	2.0	-70.5	77.0	40.5	151.2	-193.1	-3151.4	1733.9	4.2	
93.10	317.6	20.2	23.7	2.0	-70.6	77.1	46.5	152.1	-190.0	-3149.2	1731.4	10.9	
93.15	318.0	20.3	24.4	2.0	-69.2	77.2	48.2	149.0	-189.9	-3031.5	1741.7	14.7	
93.20	318.4	20.6	26.0	2.0	-68.2	77.3	46.2	147.3	-194.8	-2952.6	1737.8	21.1	
93.25	318.8	21.5	28.2	2.0	-67.8	77.4	47.5	147.8	-198.8	-2919.4	1718.8	29.0	
93.30	319.2	22.3	30.4	2.0	-66.0	77.5	48.3	146.5	-196.8	-2855.7	1567.6	38.3	
93.35	319.6	22.2	31.0	2.0	-63.0	77.6	41.7	144.4	-192.9	-2792.3	1218.0	43.5	
93.40	319.9	21.8	29.1	2.0	-60.5	77.7	30.6	143.5	-199.0	-2725.6	872.9	39.3	
93.45	320.3	21.0	28.2	2.0	-59.4	77.8	20.2	145.9	-207.2	-2709.2	589.5	37.5	
93.50	320.7	19.8	29.4	2.0	-58.1	77.9	19.1	142.1	-205.4	-2648.7	410.1	42.9	
93.55	321.1	18.9	28.6	2.0	-56.0	78.0	23.0	133.8	-200.4	-2530.6	343.3	42.2	
93.60	321.5	18.4	27.9	2.0	-55.1	78.1	22.8	131.1	-206.0	-2459.0	366.3	40.6	
93.65	321.9	18.4	27.5	2.0	-54.2	78.2	19.7	127.8	-216.6	-2387.2	411.5	40.2	
93.70	322.3	18.5	28.3	2.0	-53.2	78.3	15.6	121.6	-215.6	-2349.9	279.9	44.1	
93.75	322.7	18.6	29.3	2.0	-53.3	78.4	12.8	120.6	-210.8	-2378.5	70.2	47.3	
93.80	323.0	18.9	31.5	2.0	-54.7	78.5	9.0	128.7	-216.0	-2459.9	-68.5	53.3	
93.85	323.4	19.0	31.8	2.0	-55.4	78.6	2.8	133.2	-223.8	-2491.3	-163.5	53.6	
93.90	323.8	19.5	27.7	2.0	-53.5	78.7	-2.7	124.7	-222.9	-2362.9	-270.9	41.4	
93.95	324.1	20.3	23.9	2.0	-51.0	78.8	-1.2	113.4	-220.1	-2210.7	-245.9	30.9	
94.00	324.5	19.4	26.6	2.0	-51.6	78.9	5.9	114.3	-223.6	-2265.0	-36.9	39.7	
94.05	324.9	19.0	28.5	2.0	-52.4	79.0	12.8	116.2	-227.7	-2308.3	177.7	45.4	
94.10	325.2	18.9	26.7	2.0	-52.4	79.1	14.7	117.8	-225.6	-2297.0	219.4	39.2	
94.15	325.6	18.6	25.7	2.0	-52.8	79.2	14.8	119.7	-224.0	-2329.0	202.7	35.3	
94.20	326.0	18.9	27.7	2.0	-55.0	79.3	15.8	124.4	-227.6	-2469.2	258.1	40.1	
94.25	326.3	19.5	28.7	2.0	-55.8	79.4	15.3	124.7	-228.6	-2531.3	279.6	42.8	
94.30	326.7	19.7	25.6	2.0	-55.1	79.5	10.9	122.2	-226.0	-2491.4	198.5	32.8	
94.35	327.0	19.2	23.2	2.0	-55.2	79.6	9.4	123.7	-228.9	-2494.0	217.9	24.4	
94.40	327.4	19.0	25.3	2.0	-57.2	79.7	14.7	129.2	-234.9	-2601.7	402.1	29.6	
94.45	327.7	19.9	27.5	2.0	-59.0	79.8	21.3	130.1	-232.5	-2709.2	559.0	35.5	
94.50	328.0	19.8	26.0	2.0	-58.7	79.9	25.9	124.9	-227.2	-2677.6	666.5	30.4	
94.55	328.4	20.0	24.5	2.0	-59.3	80.0	29.1	128.1	-231.9	-2652.7	855.6	24.9	
94.60	328.7	20.9	24.4	2.0	-60.8	80.1	35.8	134.7	-240.6	-2646.5	1124.0	23.1	
94.65	329.1	21.5	22.6	2.0	-59.9	80.2	40.5	127.9	-236.7	-2546.9	1214.1	17.7	
94.70	329.4	21.6	16.8	2.0	-56.4	80.3	37.1	111.0	-229.2	-2354.8	1127.5	1.3	
94.75	329.7	21.2	15.5	2.0	-55.1	80.4	26.7	108.2	-237.1	-2295.4	1053.8	-1.9	
94.80	330.1	21.8	16.6	2.0	-57.1	80.5	23.7	116.2	-250.8	-2401.1	1112.5	-0.1	
94.85	330.4	22.0	16.7	2.0	-57.8	80.6	24.9	117.1	-245.8	-2494.4	1031.0	-0.6	
94.90	330.7	21.8	14.7	2.0	-56.4	80.7	23.6	111.4	-235.5	-2468.5	876.2	-5.9	
94.95	331.1	21.9	16.1	2.0	-56.8	80.8	22.6	110.9	-243.1	-2475.1	924.2	-1.4	
95.00	331.4	21.7	18.1	2.0	-56.7	80.9	22.2	108.3	-254.4	-2440.3	1006.3	5.5	
95.05	331.7	21.6	16.0	2.0	-53.3	81.0	23.3	100.5	-249.4	-2233.3	883.2	1.8	
95.10	332.1	22.1	15.9	2.0	-49.7	81.1	22.8	96.0	-240.1	-2065.0	619.8	4.8	
95.15	332.4	22.4	20.1	2.0	-49.9	81.2	20.4	96.3	-246.3	-2113.0	448.3	19.1	
95.20	332.7	22.6	23.1	2.0	-50.7	81.3	11.1	96.5	-255.2	-2211.2	195.4	28.6	
95.25	333.0	22.7	22.2	2.0	-49.7	81.4	-4.4	93.6	-251.2	-2144.2	-273.7	26.4	
95.30	333.4	23.1	22.3	2.0	-49.7	81.5	-8.6	93.7	-245.8	-2085.3	-556.6	27.0	
95.35	333.7	23.4	27.2	2.0	-50.6	81.6	-1.2	98.1	-250.1	-2154.5	-515.2	42.6	
95.40	334.0	23.5	28.7	2.0	-50.1	81.7	2.1	99.8	-254.5	-2111.6	-487.2	48.4	
95.45	334.3	23.3	25.6	2.0	-47.4	81.8	-5.3	91.3	-250.2	-1873.7	-675.3	40.4	
95.50	334.5	23.0	24.4	2.0	-45.8	81.9	-8.3	83.2	-248.8	-1736.5	-753.2	37.8	
95.55	334.8	22.8	28.5	2.0	-46.6	82.0	-0.2	90.1	-256.2	-1842.7	-584.0	51.0	
95.60	335.1	23.1	31.9	2.0	-48.9	82.1	2.3	103.2	-255.3	-1982.2	-581.4	60.6	
95.65	335.4	23.4	30.3	2.0	-50.2	82.2	-3.6	105.6	-246.4	-2043.0	-725.9	53.9	
95.70	335.7	23.8	27.6	2.0	-49.4	82.3	-3.2	100.7	-249.7	-2040.0	-573.1	45.2	
95.75	335.9	24.0	26.5	2.0	-48.2	82.4	3.0	101.0	-260.6	-2004.7	-196.5	42.9	
95.80	336.2	24.3	23.1	2.0	-46.3	82.5	9.4	99.9	-258.5	-1874.8	78.6	32.9	
95.85	336.5	24.6	17.9	2.0	-44.2	82.6	16.6	89.4	-249.2	-1729.0	290.2	17.3	
95.90	336.8	24.0	15.7	2.0	-44.6	82.7	20.6	83.6	-253.6	-1699.4	565.4	9.4	
95.95	337.0	24.3	15.0	2.0	-46.3	82.8	17.1	89.6	-265.5	-1736.9	764.1	5.3	
96.00	337.3	25.0	13.6	2.0	-47.1	82.9	17.0	92.3	-264.0	-1761.9	839.6	-0.4	
96.05	337.6	26.2	12.8	2.0	-47.5	83.0	23.0	86.9	-253.7	-1790.9	892.2	-3.6	
96.10	337.9	26.2	13.2	2.0	-49.0	83.1	25.6	88.3	-255.8	-1860.3	994.9	-3.6	
96.15	338.1	25.7	12.2	2.0	-50.1	83.2	24.3	92.2	-266.0	-1866.8	1109.1	-8.4	
96.20	338.4	25.9	10.0	2.0	-49.7	83.3	27.0	86.9	-264.5	-1811.7	1170.5	-15.3	
96.25	338.7	25.8	9.9	2.0	-49.2	83.4	34.6	77.6	-256.5	-1758.6	1229.3	-15.4	
96.30	338.9	25.6	12.2	2.0	-49.7	83.5	36.0	79.0	-259.1	-1788.4	1231.8	-7.7	
96.35	339.2	25.3	13.1	2.0	-49.9	83.6	29.4	84.4	-266.9	-1892.3	1077.5	-5.1	
96.40	339.4	25.4	11.9	2.0	-49.5	83.7	22.1	83.6	-265.5	-2008.3	774.5	-8.6	
96.45	339.7	25.5	11.9	2.0	-49.1	83.8	17.8	83.0	-259.5	-2079.6	474.9	-8.4	
96.50	339.9	24.9	15.0	2.0	-49.6	83.9	11.9	91.9	-261.1	-2134.6	243.3	1.8	
96.55	340.1	24.5	17.2	2.0	-50.5	84.0	7.7	99.3	-267.4	-2183.9	96.2	8.7	
96.60	340.3	24.5	17.1	2.0	-49.7	84.1	7.0	92.8	-266.9	-2146.6	-35.5	8.9	
96.65	340.5	25.4	17.1	2.0	-48.7	84.2	6.0	87.7	-262.3	-2080.6	-181.3	10.1	
96.70	340.7	25.1	19.7	2.0	-49.2	84.3	8.0	93.1	-263.9	-2099.7	-193.1	18.5	
96.75	340.9	24.6	23.5	2.0	-51.3	84.4	13.0	100.4	-267.7	-2239.4	-124.2	29.5	
96.80	341.1	23.9	23.7	2.0	-51.4	84.5	13.4	98.8	-265.5	-2254.1	-163.3	30.1	
96.85	341.3	23.2	21.7	2.0	-50.4	84.6	4.7	96.6	-263.7	-2166.8	-323.8	24.1	
96.90	341.5	23.3	20.9	2.0	-50.3	84.7	0.3	98.6	-268.8	-2151.1	-351.1	21.5	
96.95	341.6	24.3	20.3	2.0	-50.8	84.8	4.3	99.3	-272.3	-2194.3	-250.2	19.0	
97.00	341.8	23.1	18.6	2.0	-50.4	84.9	3.5	95.1	-267.2	-2181.8	-254.4	13.5	
97.05	342.0	22.7	17.0	2.0	-50.6	85.0	-2.0	97.4	-266.3	-2191.4	-258.1	7.8	
97.10	342.2	23.0	17.6	2.0	-52.3	85.1	-0.1	104.6	-274.8	-2307.8	-67.7	8.2	
97.15	342.3	23.1	19.5	2.0	-55.2	85.2	12.3	107.7	-276.9	-2505.4	226.1	11.8	
97.20	342.5	23.0	18.9	2.0	-56.3	85.3	20.7	103.0	-266.0	-2585.5	356.1	8.5	
97.25	342.7	22.7	15.8	2.0	-55.2	85.4	19.4	99.8	-263.3	-2510.5	408.9	-0.9	
97.30	342.9	22.4	14.9	2.0	-55.9	85.5	20.1	102.6	-275.6	-2501.7	608.1	-4.6	
97.35	343.0	21.8	14.9	2.0	-57.2	85.6	25.3	101.6	-278.7	-2567.6	753.1	-6.0	
97.40	343.2	21.1	14.1	2.0	-57.2	85.7	25.6	99.8	-267.1	-2609.4	656.0	-8.7	
97.45	343.3	21.3	12.3	2.0	-57.3	85.8	23.2	100.4	-264.1	-2635.0	590.0	-15.2	
97.50	343.5	21.4	11.2	2.0	-58.0	85.9	21.9	100.1	-274.5	-2660.7	680.1	-19.7	
97.55	343.7	21.5	10.3	2.0	-57.3	86.0	20.5	96.4	-278.5	-2596.7	739.1	-21.9	
97.60	343.8	21.6	10.4	2.0	-56.6	86.1	22.1	96.9	-269.8	-2545.8	731.5	-20.7	
97.65	343.9	21.0	12.5	2.0	-58.2	86.2	31.3	101.0	-266.3	-2612.2	873.4	-15.2	
97.70	344.1	20.1	15.1	2.0	-60.3	86.3	38.1	100.2	-273.0	-2704.2	1058.8	-8.4	
97.75	344.2	19.0	13.6	2.0	-59.1	86.4	31.8	95.1	-275.1	-2656.0	978.5	-12.3	
97.80	344.3	18.7	11.0	2.0	-56.9	86.5	24.0	93.0	-271.4	-2565.9	778.8	-19.2	
97.85	344.5	19.0	12.6	2.0	-57.8	86.6	26.1	98.5	-271.6	-2635.9	732.6	-14.7	
97.90	344.6	20.1	15.6	2.0	-59.6	86.7	29.0	104.5	-274.0	-2758.9	712.0	-6.1	
97.95	344.7	20.4	14.3	2.0	-58.3	86.8	20.6	101.3	-272.4	-2715.8	506.0	-9.1	
98.00	344.8	20.3	11.2	2.0	-56.2	86.9	9.4	94.7	-272.3	-2616.9	299.7	-17.9	
98.05	344.9	19.8	13.1	2.0	-56.9	87.0	12.8	97.1	-278.3	-2641.6	381.3	-11.8	
98.10	345.0	20.5	17.9	2.0	-57.6	87.1	21.1	102.3	-279.5	-2654.9	503.1	3.9	
98.15	345.1	21.0	18.8	2.0	-55.6	87.2	19.8	100.4	-273.8	-2528.8	399.3	8.8	
98.20	345.2	21.2	16.2	2.0	-52.6	87.3	12.7	90.7	-274.2	-2360.1	220.7	3.1	
98.25	345.3	20.5	15.7	2.0	-50.7	87.4	8.7	83.7	-280.9	-2233.5	135.3	3.3	
98.30	345.4	20.5	16.0	2.0	-48.5	87.5	7.8	83.1	-281.3	-2071.9	49.4	6.6	
98.35	345.5	20.9	15.3	2.0	-46.6	87.6	10.5	85.9	-273.7	-1927.0	-41.2	6.1	
98.40	345.6	20.7	15.2	2.0	-45.9	87.7	10.3	86.5	-271.7	-1871.1	-97.4	6.3	
98.45	345.6	20.7	16.2	2.0	-45.5	87.8	7.3	85.3	-279.8	-1842.1	-65.7	10.1	
98.50	345.7	20.6	15.9	2.0	-44.8	87.9	5.5	84.8	-283.3	-1789.0	-33.8	9.9	
98.55	345.8	19.7	15.5	2.0	-43.6	88.0	10.6	83.5	-276.4	-1707.6	15.6	9.5	
98.60	345.9	19.7	15.0	2.0	-43.0	88.1	17.7	82.0	-271.7	-1660.4	116.4	8.6	
98.65	346.0	20.1	15.2	2.0	-42.8	88.2	16.6	82.2	-277.2	-1630.8	183.2	9.4	
98.70	346.1	21.1	13.5	2.0	-42.5	88.3	13.2	82.0	-281.9	-1608.3	203.8	4.0	
98.75	346.1	20.6	11.4	2.0	-41.6	88.4	13.9	75.9	-275.3	-1559.9	195.9	-2.4	
98.80	346.2	20.0	10.1	2.0	-41.1	88.5	17.8	74.3	-269.3	-1517.5	282.6	-6.6	
98.85	346.3	19.9	12.1	2.0	-42.5	88.6	23.1	82.9	-275.9	-1519.8	548.9	-0.9	
98.90	346.4	19.5	13.2	2.0	-44.0	88.7	28.2	86.8	-282.0	-1499.1	822.2	1.3	
98.95	346.4	19.7	10.2	2.0	-43.3	88.8	30.0	79.6	-276.2	-1408.2	908.9	-8.2	
99.00	346.5	20.7	7.2	2.0	-42.3	88.9	28.6	73.8	-272.6	-1335.1	923.9	-17.6	
99.05	346.6	21.3	7.6	2.0	-43.3	89.0	29.1	75.6	-279.6	-1331.7	1033.8	-17.2	
99.10	346.6	21.3	7.4	2.0	-43.8	89.1	31.4	75.2	-282.4	-1322.8	1099.2	-18.2	
99.15	346.7	20.8	5.6	2.0	-41.4	89.2	27.8	67.9	-275.6	-1239.6	959.1	-22.0	
99.20	346.8	21.2	2.9	2.0	-39.4	89.3	24.2	60.9	-274.6	-1157.8	867.7	-29.4	
99.25	346.8	21.5	4.0	2.0	-40.0	89.4	23.7	61.7	-281.5	-1182.4	898.6	-26.4	
99.30	346.9	21.8	5.7	2.0	-40.3	89.5	24.7	64.1	-283.3	-1198.1	901.1	-20.6	
99.35	346.9	22.3	7.0	2.0	-39.2	89.6	22.6	63.2	-277.6	-1196.8	762.5	-15.1	
99.40	347.0	22.5	10.0	2.0	-38.8	89.7	20.2	64.9	-278.4	-1236.4	633.6	-4.6	
99.45	347.1	22.5	11.8	2.0	-38.1	89.8	17.0	65.7	-284.4	-1235.7	495.8	2.2	
99.50	347.1	22.0	10.5	2.0	-35.6	89.9	10.4	60.6	-282.7	-1140.1	204.2	0.4	
99.55	347.2	21.7	8.8	2.0	-33.7	90.0	3.9	56.5	-277.3	-1027.0	-111.2	-3.5	
99.60	347.2	21.4	9.7	2.0	-33.2	90.1	1.7	55.6	-280.0	-958.8	-265.3	0.3	
99.65	347.3	20.8	11.8	2.0	-33.3	90.2	-0.0	53.0	-283.9	-940.2	-374.1	7.1	
99.70	347.3	21.1	12.8	2.0	-34.3	90.3	-2.0	51.5	-280.8	-967.1	-504.2	9.8	
99.75	347.4	21.4	-7.4	1.5	-35.5	90.4	-1.9	56.4	-277.6	-1030.3	-552.8	4.0	
99.80	347.4	21.4	0.2	1.1	-35.7	90.5	2.3	64.0	-280.5	-1070.4	-447.0	13.4	
99.85	347.4	21.3	6.0	0.8	-35.5	90.5	5.0	70.3	-283.3	-1073.6	-346.4	21.1	
99.90	347.5	21.5	6.7	0.6	-34.3	90.5	3.8	69.2	-280.4	-975.9	-367.7	15.5	
99.95	347.5	22.1	5.9	0.5	-33.3	90.6	0.7	64.8	-277.6	-890.7	-417.6	6.9	
100.00	347.6	22.6	6.7	0.3	-32.6	90.6	2.2	64.0	-281.0	-872.0	-311.6	5.3	
100.05	347.6	22.8	6.7	0.3	-32.1	90.6	5.1	67.1	-282.7	-863.2	-161.8	2.1	
100.10	347.7	22.8	3.2	0.2	-30.4	90.6	5.9	66.0	-279.1	-753.8	-53.4	-11.3	
100.15	347.7	22.7	2.4	0.1	-29.9	90.6	9.5	65.0	-278.8	-700.5	148.8	-15.4	
100.20	347.7	22.5	3.8	0.1	-30.9	90.6	17.7	61.3	-282.6	-646.5	465.2	-13.4	
100.25	347.8	22.3	4.0	0.1	-31.7	90.6	23.1	56.5	-281.7	-540.6	683.1	-14.7	
100.30	347.8	22.5	1.2	0.1	-32.2	90.6	27.2	52.9	-278.9	-374.8	829.7	-25.5	
100.35	347.9	22.5	-0.2	0.0	-33.0	90.6	29.7	50.8	-280.1	-215.5	953.1	-31.7	
100.40	347.9	22.4	2.0	0.0	-32.8	90.6	26.8	47.0	-282.8	-150.5	960.5	-24.5	
100.45	347.9	22.6	1.3	0.0	-32.0	90.6	24.0	46.5	-283.4	-194.3	892.6	-26.5	
100.50	348.0	22.8	0.9	0.0	-31.2	90.6	21.0	54.2	-280.9	-356.6	759.5	-27.3	
100.55	348.0	23.1	3.3	0.0	-31.5	90.6	20.3	61.2	-279.9	-510.0	673.8	-19.7	
100.60	348.1	23.7	6.3	0.0	-32.2	90.6	22.7	61.3	-282.1	-589.6	670.9	-10.0	
100.65	348.1	23.0	7.2	0.0	-31.7	90.6	24.5	55.1	-282.1	-578.8	645.9	-6.6	
100.70	348.2	22.4	6.7	0.0	-30.3	90.6	24.9	48.1	-280.0	-516.6	584.6	-6.9	
100.75	348.3	22.4	8.5	0.0	-29.6	90.6	26.6	47.1	-280.1	-487.3	545.1	-0.2	
100.80	348.3	22.4	10.1	0.0	-28.6	90.6	24.7	50.3	-281.5	-491.8	420.0	6.2	
100.85	348.4	22.6	10.6	0.0	-27.4	90.6	17.0	54.4	-281.1	-532.3	153.2	9.2	
100.90	348.4	23.0	10.4	0.0	-27.6	90.7	9.2	55.6	-281.0	-559.9	-120.6	8.3	
100.95	348.5	22.9	11.9	0.0	-28.8	90.7	3.2	56.1	-282.1	-573.7	-331.5	12.2	
101.00	348.5	22.7	10.5	0.0	-29.0	90.7	-2.4	53.5	-281.1	-461.0	-509.3	6.9	
101.05	348.6	22.6	8.4	0.0	-28.6	90.7	-5.6	48.6	-280.3	-300.3	-594.6	0.3	
101.10	348.6	22.9	8.2	0.0	-26.4	90.7	-0.3	45.0	-283.0	-217.5	-465.4	1.7	
101.15	348.7	22.8	9.5	0.0	-24.8	90.7	7.3	45.8	-283.1	-263.3	-286.8	7.9	
101.20	348.8	22.5	9.4	0.0	-24.7	90.7	9.3	45.2	-279.4	-313.6	-222.9	7.5	
101.25	348.8	22.3	9.0	0.0	-25.9	90.7	6.3	48.5	-280.4	-418.6	-209.0	5.1	
101.30	348.9	22.0	9.6	0.0	-27.2	90.7	5.2	52.7	-285.8	-524.9	-145.1	5.6	
101.35	348.9	21.6	10.0	0.0	-28.0	90.7	5.2	56.0	-284.9	-584.0	-135.0	6.4	
101.40	349.0	21.4	7.8	0.0	-28.1	90.7	4.2	57.2	-279.8	-580.0	-174.8	-1.2	
101.45	349.0	21.4	5.5	0.0	-27.4	90.7	2.3	54.6	-280.3	-541.6	-155.3	-8.6	
101.50	349.1	21.5	4.6	0.0	-26.2	90.7	1.9	49.5	-285.5	-483.6	-24.8	-10.5	
101.55	349.1	21.3	4.6	0.0	-26.2	90.7	6.4	48.0	-286.4	-455.0	166.1	-10.5	
101.60	349.2	21.1	6.2	0.0	-28.9	90.7	16.2	54.1	-282.3	-541.1	393.5	-7.6	
101.65	349.2	21.0	8.3	0.0	-32.8	90.7	27.4	59.5	-280.7	-671.9	654.8	-4.2	
101.70	349.3	20.8	9.0	0.0	-34.2	90.7	29.4	55.3	-282.0	-713.6	775.2	-3.2	
101.75	349.4	20.6	5.6	0.0	-33.0	90.7	24.1	49.9	-283.3	-639.7	744.1	-13.6	
101.80	349.4	20.5	2.3	0.0	-31.2	90.7	23.0	46.2	-283.0	-454.8	729.9	-23.4	
101.85	349.4	21.0	2.6	0.0	-30.9	90.7	28.0	42.8	-279.8	-316.9	775.4	-22.0	
101.90	349.5	21.4	3.2	0.0	-30.7	90.7	30.0	38.1	-277.8	-236.1	798.3	-19.6	
101.95	349.6	21.8	2.0	0.0	-30.2	90.7	24.1	39.2	-280.3	-252.0	755.3	-23.3	
102.00	349.6	22.3	2.4	0.0	-31.4	90.7	20.4	47.3	-284.1	-395.4	772.1	-23.0	
102.05	349.7	22.2	7.1	0.0	-35.2	90.7	28.5	56.5	-283.4	-620.4	938.3	-11.0	
102.10	349.7	22.3	9.9	0.0	-37.9	90.7	38.6	61.5	-278.7	-718.8	1085.6	-4.0	
102.15	349.8	22.7	8.4	0.0	-36.9	90.7	36.8	59.6	-277.1	-661.7	1048.7	-8.0	
102.20	349.9	23.1	5.1	0.0	-34.8	90.7	30.4	52.1	-282.4	-536.2	962.2	-17.4	
102.25	349.9	23.2	3.3	0.0	-32.7	90.7	26.1	46.2	-284.7	-459.8	847.8	-21.3	
102.30	350.0	22.9	3.6	0.0	-30.5	90.7	25.0	43.8	-278.4	-434.3	688.1	-18.3	
102.35	350.0	23.2	4.5	0.0	-29.6	90.7	24.1	48.3	-275.7	-462.4	569.3	-14.3	
102.40	350.1	23.0	6.6	0.0	-30.8	90.7	20.2	57.0	-282.9	-616.7	510.5	-8.3	
102.45	350.2	22.4	7.2	0.0	-31.2	90.7	13.6	58.6	-287.5	-731.8	390.7	-6.6	
102.50	350.2	22.7	7.4	0.0	-30.6	90.7	9.8	56.3	-282.4	-764.8	224.1	-5.2	
102.55	350.3	23.0	9.1	0.0	-29.8	90.7	13.5	56.5	-280.0	-709.7	187.1	1.3	
102.60	350.3	23.2	10.1	0.0	-28.6	90.7	17.4	56.0	-284.5	-607.5	192.3	6.0	
102.65	350.4	22.8	8.8	0.0	-26.6	90.7	12.6	48.5	-285.3	-513.3	3.7	3.5	
102.70	350.5	22.8	6.9	0.0	-27.4	90.7	2.0	40.9	-281.0	-508.2	-325.2	-3.8	
102.75	350.6	23.1	7.9	0.0	-29.4	90.7	-1.3	41.9	-281.6	-583.8	-466.2	-2.3	
102.80	350.6	23.5	13.5	0.0	-31.1	90.7	4.5	52.2	-285.3	-748.4	-391.0	15.2	
102.85	350.7	23.7	14.9	0.0	-32.3	90.7	6.6	56.0	-283.1	-847.2	-381.4	18.8	
102.90	350.8	23.9	11.9	0.0	-31.1	90.7	3.2	49.1	-280.4	-740.1	-433.3	9.7	
102.95	350.9	24.4	9.8	0.0	-29.4	90.7	2.3	45.1	-284.9	-640.4	-369.3	4.3	
103.00	350.9	24.4	9.9	0.0	-28.6	90.7	8.5	44.5	-287.4	-643.9	-188.6	5.3	
103.05	351.0	24.2	9.3	0.0	-27.6	90.7	15.6	44.5	-281.6	-597.4	-49.1	4.4	
103.10	351.1	24.2	6.9	0.0	-26.6	90.7	15.9	44.1	-277.7	-523.0	9.5	-2.8	
103.15	351.1	23.9	4.1	0.0	-26.0	90.7	13.4	43.2	-282.6	-468.8	123.3	-11.9	
103.20	351.2	24.0	3.6	0.0	-26.7	90.7	17.2	39.2	-287.0	-401.2	362.0	-14.4	
103.25	351.3	24.4	3.3	0.0	-29.1	90.7	26.9	37.8	-282.7	-277.8	653.2	-17.7	
103.30	351.3	24.4	3.1	0.0	-32.1	90.7	34.4	41.0	-277.8	-145.8	912.7	-21.4	
103.35	351.4	24.5	2.2	0.0	-34.9	90.7	35.8	42.5	-281.3	-90.1	1125.1	-27.2	
103.40	351.4	24.8	1.4	0.0	-37.0	90.7	35.0	41.3	-287.2	-84.5	1279.0	-32.3	
103.45	351.5	24.8	0.4	0.0	-37.4	90.7	35.0	41.9	-283.7	-124.2	1314.2	-36.1	
103.50	351.6	24.6	1.7	0.0	-38.6	90.7	39.8	46.9	-278.2	-197.1	1377.5	-32.6	
103.55	351.6	24.5	3.0	0.0	-39.9	90.7	42.3	50.1	-280.5	-279.0	1448.0	-29.6	
103.60	351.7	25.2	2.1	0.0	-39.1	90.7	37.2	48.0	-285.1	-332.3	1390.7	-32.0	
103.65	351.8	25.3	0.8	0.0	-37.4	90.7	31.6	46.9	-284.9	-392.2	1246.8	-34.7	
103.70	351.8	25.2	2.8	0.0	-37.6	90.7	35.1	51.6	-281.6	-556.5	1184.6	-28.0	
103.75	351.9	25.4	7.1	0.0	-38.9	90.7	41.3	58.8	-280.1	-752.2	1161.6	-14.4	
103.80	352.0	26.1	8.6	0.0	-37.7	90.7	39.1	60.9	-280.9	-792.6	1013.2	-8.3	
103.85	352.0	27.0	5.9	0.0	-32.7	90.7	26.7	54.5	-282.6	-638.0	691.5	-12.4	
103.90	352.1	27.8	4.5	0.0	-28.6	90.7	21.5	44.9	-284.4	-479.9	458.6	-13.2	
103.95	352.2	28.2	5.7	0.0	-26.1	90.7	22.2	36.0	-283.8	-405.2	288.2	-6.5	
104.00	352.3	28.2	6.4	0.0	-25.7	90.7	18.3	36.4	-282.3	-469.7	53.3	-3.7	
104.05	352.3	27.8	7.2	0.0	-27.9	90.7	5.4	43.9	-284.2	-571.0	-261.4	-3.1	
104.10	352.4	27.7	9.6	0.0	-30.0	90.7	-1.3	45.3	-288.4	-649.6	-436.5	3.1	
104.15	352.5	27.9	12.8	0.0	-31.3	90.7	2.2	41.9	-287.4	-753.1	-471.2	12.7	
104.20	352.6	28.3	12.5	0.0	-31.2	90.7	6.0	39.7	-281.4	-733.0	-509.3	11.7	
104.25	352.7	28.2	11.5	0.0	-30.3	90.7	4.3	39.3	-279.1	-625.8	-544.9	9.2	
104.30	352.8	28.2	10.7	0.0	-28.3	90.7	3.2	34.0	-285.4	-509.3	-457.1	8.4	
104.35	352.8	28.6	11.0	0.0	-27.4	90.7	6.0	32.4	-290.4	-531.1	-316.3	10.3	
104.40	352.9	29.5	10.6	0.0	-29.0	90.7	4.1	37.6	-285.7	-637.9	-349.1	7.4	
104.45	353.0	30.4	9.4	0.0	-30.3	90.7	-0.0	42.5	-281.7	-709.0	-411.3	1.8	
104.50	353.1	31.0	8.1	0.0	-30.0	90.7	-1.3	41.7	-287.0	-721.0	-329.3	-2.2	
104.55	353.2	30.0	5.7	0.0	-28.1	90.7	-2.5	38.0	-291.7	-614.8	-220.4	-8.6	
104.60	353.3	29.1	3.9	0.0	-25.5	90.7	-0.3	35.6	-287.2	-450.8	-121.2	-12.0	
104.65	353.4	28.4	4.0	0.0	-24.6	90.7	10.2	33.7	-280.8	-396.1	101.8	-10.9	
104.70	353.5	29.5	4.4	0.0	-26.4	90.7	21.8	28.3	-281.6	-339.4	420.3	-11.4	
104.75	353.5	29.4	3.5	0.0	-28.3	90.7	23.7	27.3	-286.5	-263.5	629.9	-16.5	
104.80	353.6	29.0	2.2	0.0	-29.4	90.7	22.7	29.9	-286.9	-242.3	721.4	-21.8	
104.85	353.7	28.5	2.9	0.0	-30.5	90.7	26.0	29.9	-283.3	-268.7	790.4	-20.4	
104.90	353.8	28.2	3.9	0.0	-31.2	90.7	30.7	25.5	-282.3	-219.2	861.2	-17.6	
104.95	353.9	28.2	1.0	0.0	-30.1	90.7	27.3	20.4	-283.7	-90.5	817.6	-26.7	
105.00	354.0	28.6	-3.4	0.0	-28.5	90.7	19.0	19.8	-285.8	69.5	718.3	-40.3	
105.05	354.1	28.5	-2.8	0.0	-29.5	90.7	21.4	23.3	-286.0	104.8	779.6	-39.2	
105.10	354.1	28.3	1.3	0.0	-32.2	90.7	32.8	22.1	-282.9	60.1	968.2	-27.7	
105.15	354.2	28.2	4.0	0.0	-34.0	90.7	39.2	19.4	-279.7	53.1	1090.8	-20.1	
105.20	354.3	28.0	2.2	0.0	-34.4	90.7	36.7	19.6	-281.9	119.1	1122.8	-26.8	
105.25	354.4	28.0	0.8	0.0	-35.4	90.7	37.0	18.8	-287.1	158.6	1194.3	-32.8	
105.30	354.5	28.0	2.5	0.0	-35.4	90.7	39.2	19.6	-286.7	121.2	1191.5	-26.9	
105.35	354.5	28.7	2.0	0.0	-32.8	90.7	35.6	22.3	-281.8	80.5	1001.5	-25.9	
105.40	354.6	28.9	-0.1	0.0	-29.0	90.7	26.1	27.8	-281.6	4.4	732.4	-29.4	
105.45	354.7	28.5	-0.7	0.0	-25.9	90.7	14.3	34.0	-287.9	-121.3	482.6	-28.2	
105.50	354.8	28.5	0.3	0.0	-24.6	90.7	10.3	34.7	-290.4	-203.0	337.4	-23.7	
105.55	354.9	29.0	1.7	0.0	-23.7	90.7	12.5	33.5	-284.9	-220.2	249.1	-18.0	
105.60	355.0	29.6	2.7	0.0	-23.4	90.7	14.8	34.9	-282.8	-224.2	209.0	-14.0	
105.65	355.1	29.8	4.5	0.0	-22.7	90.7	14.9	29.4	-287.2	-190.8	187.3	-7.4	
105.70	355.2	30.6	4.5	0.0	-20.5	90.7	11.1	19.9	-290.0	-113.0	57.4	-5.2	
105.75	355.3	31.5	4.8	0.0	-21.5	90.7	6.8	21.1	-287.0	-100.1	-179.0	-4.9	
105.80	355.4	32.3	6.3	0.0	-24.4	90.7	5.7	26.1	-283.8	-134.2	-390.8	-2.7	
105.85	355.5	32.9	9.2	0.0	-26.8	90.7	2.6	25.0	-284.4	-159.6	-581.5	4.7	
105.90	355.6	33.2	9.8	0.0	-29.8	90.7	-7.5	22.5	-287.8	-145.5	-813.7	4.0	
105.95	355.7	33.3	8.7	0.0	-32.0	90.7	-14.8	26.4	-290.8	-152.4	-964.3	-2.3	
106.00	355.8	32.1	8.8	0.0	-31.4	90.7	-9.2	29.7	-288.4	-195.6	-903.8	-1.1	
106.05	355.9	31.2	8.8	0.0	-28.3	90.7	2.9	24.1	-283.2	-133.5	-700.8	1.8	
106.10	356.0	31.5	8.2	0.0	-25.5	90.7	7.5	18.7	-283.3	12.7	-518.8	2.7	
106.15	356.1	31.5	5.0	0.0	-23.6	90.7	7.1	16.2	-287.8	109.9	-361.9	-6.5	
106.20	356.2	31.6	3.7	0.0	-21.1	90.7	13.3	10.6	-287.4	122.4	-149.3	-8.4	
106.25	356.3	32.2	3.6	0.0	-20.3	90.7	22.5	7.6	-281.4	94.0	70.0	-8.1	
106.30	356.4	32.9	3.2	0.0	-22.4	90.7	24.2	12.0	-279.4	108.1	245.5	-11.3	
106.35	356.5	33.4	1.8	0.0	-25.7	90.7	22.0	15.5	-286.0	197.0	469.5	-19.5	
106.40	356.6	33.7	1.1	0.0	-30.2	90.7	25.2	14.3	-291.4	346.3	769.2	-26.6	
106.45	356.7	33.8	0.1	0.0	-34.6	90.7	31.7	11.2	-287.6	562.2	1018.0	-34.2	
106.50	356.8	33.6	-1.7	0.0	-37.6	90.7	35.7	8.3	-281.4	719.9	1186.8	-43.5	
106.55	356.9	33.2	-2.4	0.0	-41.3	90.7	40.9	2.2	-283.2	830.7	1424.8	-49.6	
106.60	357.0	32.6	-1.4	0.0	-44.1	90.7	42.6	-1.6	-287.1	923.9	1611.2	-49.0	
106.65	357.1	32.3	-0.8	0.0	-45.4	90.7	43.4	-0.6	-286.2	957.2	1703.6	-48.0	
106.70	357.3	32.1	0.6	0.0	-46.1	90.7	49.8	2.4	-283.4	857.3	1799.7	-43.9	
106.75	357.4	31.9	2.2	0.0	-45.9	90.7	53.6	0.6	-282.5	744.4	1816.7	-38.2	
106.80	357.5	32.6	1.5	0.0	-43.1	90.7	45.0	-0.1	-285.4	717.5	1623.6	-37.9	
106.85	357.6	33.5	-0.8	0.0	-39.3	90.7	34.0	6.9	-288.7	698.4	1341.9	-42.1	
106.90	357.7	32.6	0.5	0.0	-35.9	90.7	31.1	14.3	-287.7	627.9	1091.7	-34.3	
106.95	357.9	31.8	2.9	0.0	-32.1	90.7	30.9	13.4	-283.1	539.9	812.9	-22.1	
107.00	358.0	31.0	3.8	0.0	-27.8	90.7	24.8	12.8	-281.9	464.2	481.0	-14.9	
107.05	358.1	29.6	3.5	0.0	-25.3	90.7	16.0	13.7	-285.0	462.4	189.2	-13.4	
107.10	358.2	29.1	6.1	0.0	-24.9	90.7	16.0	13.5	-286.8	464.7	63.2	-4.1	
107.15	358.4	29.2	8.9	0.0	-25.8	90.7	21.7	8.6	-284.6	527.0	2.4	4.9	
107.20	358.5	30.0	10.8	0.0	-26.8	90.7	19.3	6.4	-282.3	582.3	-202.3	10.3	
107.25	358.6	30.2	10.1	0.0	-29.3	90.7	8.1	3.7	-283.9	661.0	-513.7	5.3	
107.30	358.8	30.1	10.2	0.0	-32.3	90.7	-0.5	-5.2	-286.2	764.9	-757.9	2.8	
107.35	358.9	29.3	11.1	0.0	-35.1	90.7	-2.5	-13.0	-285.3	909.2	-879.2	3.1	
107.40	359.0	29.0	11.1	0.0	-37.1	90.7	-3.8	-10.7	-283.4	1085.4	-919.4	0.9	
107.45	359.2	28.8	10.0	0.0	-37.8	90.7	-5.8	-9.4	-284.7	1190.0	-875.5	-3.4	
107.50	359.3	28.9	9.3	0.0	-37.0	90.7	-2.4	-19.1	-287.3	1201.0	-695.1	-5.2	
107.55	359.5	27.7	7.8	0.0	-36.1	90.7	0.1	-24.0	-287.9	1203.5	-496.7	-9.3	
107.60	359.6	27.1	6.0	0.0	-33.9	90.7	5.5	-12.9	-287.7	1144.3	-232.0	-13.2	
107.65	359.7	27.0	5.3	0.0	-32.2	90.7	15.5	-4.0	-285.9	1035.4	81.7	-13.9	
107.70	359.9	27.6	5.4	0.0	-32.3	90.7	23.0	-8.7	-283.7	970.1	322.7	-13.9	
107.75	360.0	27.7	2.1	0.0	-34.0	90.7	18.9	-17.3	-283.9	1074.4	390.5	-26.8	
107.80	0.1	27.4	-2.0	0.0	-35.8	90.7	15.7	-17.1	-286.3	1180.0	504.6	-42.6	
107.85	0.3	26.9	-0.9	0.0	-38.3	90.7	24.8	-18.3	-286.4	1206.5	805.7	-41.3	
107.90	0.4	26.2	1.3	0.0	-40.6	90.7	33.5	-19.2	-284.0	1191.4	1074.2	-36.3	
107.95	0.5	25.6	0.8	0.0	-41.2	90.7	30.9	-15.5	-284.8	1188.5	1166.9	-38.4	
108.00	0.7	25.3	-1.1	0.0	-42.2	90.7	27.7	-13.5	-288.7	1237.9	1233.9	-46.1	
108.05	0.8	25.6	0.2	0.0	-44.2	90.7	35.3	-16.2	-288.9	1267.1	1382.3	-43.7	
108.10	0.9	25.7	-0.2	0.0	-46.3	90.7	45.1	-23.7	-282.3	1358.0	1468.4	-47.0	
108.15	1.1	25.1	-1.0	0.0	-46.2	90.7	42.3	-25.7	-277.9	1459.7	1369.9	-49.8	
108.20	1.2	24.7	-2.1	0.0	-45.5	90.7	36.6	-23.4	-283.3	1469.2	1301.4	-52.6	
108.25	1.3	24.4	-1.2	0.0	-45.2	90.7	38.1	-26.6	-288.4	1411.0	1313.1	-49.5	
108.30	1.4	23.9	-1.1	0.0	-43.5	90.7	39.6	-27.2	-283.5	1327.5	1212.1	-47.3	
108.35	1.5	23.9	-0.8	0.0	-40.7	90.7	33.2	-22.8	-279.0	1283.6	979.4	-43.6	
108.40	1.7	23.9	-0.2	0.0	-37.2	90.7	22.4	-18.7	-284.7	1156.6	742.2	-37.9	
108.45	1.8	23.9	1.9	0.0	-34.2	90.7	19.4	-20.0	-291.1	971.3	617.4	-27.9	
108.50	1.9	23.3	2.1	0.0	-31.4	90.7	17.0	-17.3	-286.0	859.0	404.3	-24.2	
108.55	2.0	23.2	1.7	0.0	-29.4	90.7	11.7	-12.0	-278.1	815.3	149.8	-23.7	
108.60	2.1	23.4	3.2	0.0	-28.8	90.7	14.0	-12.8	-282.9	757.9	155.7	-17.8	
108.65	2.3	22.9	3.8	0.0	-28.4	90.7	13.6	-16.7	-290.2	706.9	157.8	-15.3	
108.70	2.4	22.7	2.6	0.0	-28.8	90.7	6.2	-16.4	-287.8	770.8	-42.4	-19.8	
108.75	2.5	22.7	2.0	0.0	-29.2	90.7	1.3	-15.2	-282.8	769.5	-251.3	-22.4	
108.80	2.6	22.5	3.3	0.0	-28.0	90.7	4.2	-17.0	-285.6	655.5	-281.5	-16.7	
108.85	2.7	22.0	3.6	0.0	-27.4	90.7	-0.6	-15.5	-289.1	537.9	-405.5	-15.0	
108.90	2.9	21.6	2.6	0.0	-29.3	90.7	-12.1	-11.0	-287.5	490.7	-644.5	-20.4	
108.95	3.0	22.0	2.7	0.0	-28.6	90.7	-12.6	-7.5	-286.5	385.4	-663.7	-19.5	
109.00	3.1	21.9	4.7	0.0	-24.5	90.7	-0.6	-6.2	-288.2	231.3	-422.7	-8.4	
109.05	3.2	21.6	4.4	0.0	-22.4	90.7	5.4	-5.5	-287.6	176.2	-262.7	-7.2	
109.10	3.4	21.3	1.9	0.0	-22.7	90.7	0.6	-6.2	-285.1	212.0	-276.4	-16.2	
109.15	3.5	21.5	0.6	0.0	-21.9	90.7	2.7	-10.8	-286.2	217.5	-159.1	-19.8	
109.20	3.6	21.7	1.1	0.0	-20.7	90.7	11.9	-11.4	-287.0	153.5	60.9	-16.8	
109.25	3.7	22.1	0.4	0.0	-21.4	90.7	14.1	-9.4	-282.4	171.7	136.9	-20.2	
109.30	3.8	22.6	-2.3	0.0	-22.9	90.7	12.3	-10.2	-280.1	278.3	191.7	-30.7	
109.35	4.0	23.3	-3.3	0.0	-25.2	90.7	12.7	-13.7	-285.0	336.8	362.7	-36.4	
109.40	4.1	24.3	-3.5	0.0	-27.9	90.7	15.7	-17.0	-289.1	373.5	575.3	-39.9	
109.45	4.2	24.5	-4.4	0.0	-29.7	90.7	18.5	-15.7	-285.9	406.4	716.2	-44.9	
109.50	4.3	24.1	-4.7	0.0	-31.3	90.7	22.2	-15.6	-281.8	407.7	847.3	-47.3	
109.55	4.4	23.2	-3.5	0.0	-33.9	90.7	27.6	-16.6	-284.4	387.4	1050.9	-46.1	
109.60	4.5	23.0	-4.4	0.0	-36.0	90.7	30.3	-16.8	-287.2	435.4	1191.6	-51.0	
109.65	4.6	22.5	-6.5	0.0	-36.5	90.7	30.9	-17.1	-282.9	476.5	1215.0	-58.8	
109.70	4.8	22.1	-6.4	0.0	-36.6	90.7	32.6	-16.6	-279.3	434.1	1240.2	-58.6	
109.75	4.9	22.5	-5.2	0.0	-37.1	90.7	34.0	-13.8	-283.4	363.7	1298.5	-54.9	
109.80	5.0	22.8	-5.5	0.0	-36.4	90.7	30.2	-12.5	-287.6	370.4	1245.3	-55.3	
109.85	5.1	22.8	-8.2	0.0	-33.9	90.7	23.8	-14.3	-285.9	407.9	1055.2	-62.0	
109.90	5.2	22.0	-8.4	0.0	-30.7	90.7	18.2	-14.6	-284.1	357.9	829.0	-59.6	
109.95	5.3	21.8	-6.6	0.0	-28.2	90.7	15.4	-11.2	-286.4	301.4	656.2	-50.8	
