Time[s]	Rotor azimuth angle[deg]	Hub wind speed magnitude[m/s]	ACTTORQUE1[Nm]	PITRAT1[deg/s]	PITFRIC1[kNm]	PITCH1[deg]	Blade root 1 Fx[KN]	Blade root 1 Fy[KN]	Blade root 1 Fz[KN]	Blade root 1 Mx[kNm]	Blade root 1 My[kNm]	Blade root 1 Mz[kNm]	
END_OF_HEADER
50.00	277.8	18.5	-58.4	-0.1	141.9	18.3	208.7	180.1	610.5	-3320.6	7635.2	-72.4	
50.05	280.5	18.3	-59.3	-0.1	140.3	18.3	209.1	175.9	594.1	-3483.5	7454.4	-72.8	
50.10	283.1	18.3	-63.2	-0.1	137.4	18.3	214.8	176.6	583.2	-3404.8	7240.8	-76.3	
50.15	285.7	18.3	-59.3	-0.1	136.0	18.3	219.3	182.1	572.4	-3415.8	7102.8	-64.0	
50.20	288.4	17.5	-51.8	-0.1	135.2	18.3	215.7	184.1	556.7	-3519.1	7007.6	-46.6	
50.25	291.0	16.7	-54.6	-0.1	132.7	18.3	204.6	191.5	536.4	-3431.4	6867.9	-51.4	
50.30	293.6	17.1	-55.4	-0.2	127.3	18.3	187.4	181.1	518.7	-3287.0	6563.0	-53.9	
50.35	296.2	17.0	-52.3	-0.3	123.0	18.3	182.3	169.9	510.3	-3127.7	6325.6	-38.2	
50.40	298.8	16.8	-51.9	-0.5	122.7	18.3	191.4	175.8	507.7	-2932.7	6354.2	-32.0	
50.45	301.4	17.1	-51.3	-0.7	125.5	18.2	201.5	165.3	497.2	-2822.8	6647.1	-34.0	
50.50	304.0	17.6	-58.5	-0.7	131.1	18.2	216.3	149.1	479.9	-2693.9	7163.5	-57.0	
50.55	306.6	17.7	-66.4	-0.9	136.4	18.2	230.9	144.5	471.4	-2660.4	7574.1	-75.3	
50.60	309.2	16.6	-70.0	-1.1	138.5	18.1	232.6	139.0	463.6	-2825.4	7697.8	-78.6	
50.65	311.8	16.0	-70.4	-1.3	135.8	18.1	215.1	145.4	445.1	-2862.7	7516.8	-77.4	
50.70	314.4	15.5	-65.9	-1.4	131.6	18.0	195.1	148.0	420.7	-2705.4	7301.1	-80.0	
50.75	317.0	15.1	-56.2	-1.3	126.8	17.9	183.9	132.3	408.7	-2576.1	7033.0	-72.9	
50.80	319.6	15.7	-52.5	-1.2	120.5	17.9	180.6	113.9	409.7	-2338.7	6643.2	-73.1	
50.85	322.2	16.6	-50.7	-1.2	112.2	17.8	169.7	99.2	403.7	-2038.7	6142.6	-70.2	
50.90	324.7	17.9	-48.4	-1.2	104.9	17.7	150.4	93.7	384.6	-1857.2	5698.0	-53.6	
50.95	327.3	16.7	-44.5	-1.4	101.1	17.7	140.3	100.6	369.0	-1771.2	5447.2	-27.3	
51.00	329.8	16.1	-38.4	-1.6	99.3	17.6	146.1	101.3	368.8	-1573.7	5347.3	-12.5	
51.05	332.4	15.8	-37.0	-1.7	98.3	17.5	154.2	88.1	371.7	-1310.2	5345.4	-19.2	
51.10	334.9	15.5	-40.0	-1.8	99.2	17.4	156.9	67.2	363.0	-965.3	5511.7	-24.8	
51.15	337.5	15.5	-43.3	-1.9	102.2	17.3	160.3	58.8	350.8	-611.3	5798.8	-24.6	
51.20	340.1	15.8	-43.7	-2.1	104.1	17.2	164.1	46.4	349.6	-300.9	5968.9	-20.2	
51.25	342.6	16.2	-44.4	-2.3	106.7	17.1	175.1	25.2	358.3	116.1	6147.4	-26.9	
51.30	345.2	16.3	-48.4	-2.3	113.1	17.0	191.1	4.5	357.6	588.9	6569.0	-50.8	
51.35	347.8	16.1	-51.7	-2.3	120.7	16.9	202.2	-20.5	343.2	829.4	7097.5	-61.1	
51.40	350.4	15.7	-58.1	-2.3	124.7	16.8	205.8	-44.0	333.2	1026.1	7362.2	-68.7	
51.45	352.9	15.9	-60.2	-2.4	123.4	16.7	203.7	-39.0	339.9	1317.0	7221.1	-74.1	
51.50	355.5	16.3	-52.0	-2.4	119.7	16.5	194.0	-31.8	341.5	1369.9	6958.5	-62.7	
51.55	358.1	17.1	-42.2	-2.2	117.5	16.4	181.8	-39.7	330.2	1338.8	6832.8	-45.1	
51.60	0.6	17.1	-39.0	-2.0	119.7	16.3	183.4	-57.2	328.2	1725.3	6899.4	-41.0	
51.65	3.2	16.8	-41.5	-1.8	122.5	16.2	190.6	-87.3	343.4	2250.8	6903.3	-41.0	
51.70	5.7	16.2	-50.2	-1.9	124.0	16.1	192.2	-90.9	355.2	2691.7	6849.2	-44.8	
51.75	8.2	16.8	-51.3	-2.0	124.2	16.0	179.1	-77.7	348.9	2953.5	6817.1	-40.5	
51.80	10.8	17.1	-41.4	-1.9	125.8	15.9	166.2	-86.6	338.5	3011.7	6956.5	-21.8	
51.85	13.4	16.5	-41.2	-1.8	132.9	15.8	177.4	-97.8	345.3	3151.2	7423.8	-18.8	
51.90	16.0	15.7	-51.4	-1.9	142.6	15.8	199.1	-116.8	359.0	3411.5	8014.1	-30.5	
51.95	18.6	14.9	-59.6	-2.0	149.5	15.7	204.2	-141.5	361.3	3682.8	8405.0	-35.8	
52.00	21.1	13.9	-62.9	-2.2	156.3	15.6	206.4	-148.8	360.6	4110.9	8760.7	-39.5	
52.05	23.7	14.4	-59.8	-2.1	164.6	15.4	216.9	-166.2	370.4	4649.2	9127.1	-47.7	
52.10	26.3	14.4	-58.8	-1.8	173.6	15.3	234.3	-202.3	387.3	5263.5	9438.4	-62.1	
52.15	28.9	14.1	-67.2	-1.6	182.7	15.3	250.4	-239.5	396.9	5993.3	9671.2	-81.7	
52.20	31.5	14.5	-76.5	-1.4	188.3	15.2	253.5	-265.5	396.0	6551.4	9742.0	-91.7	
52.25	34.1	14.5	-80.1	-1.5	188.2	15.1	245.0	-261.7	394.4	6836.4	9572.0	-82.9	
52.30	36.7	14.2	-73.3	-1.5	184.5	15.0	231.6	-248.1	403.9	7095.7	9083.6	-60.0	
52.35	39.3	14.6	-57.9	-1.4	180.8	15.0	220.2	-262.4	417.7	7380.3	8463.5	-31.7	
52.40	41.8	14.5	-49.4	-1.2	178.4	14.9	208.9	-275.7	432.7	7699.4	7888.8	-16.1	
52.45	44.4	14.1	-54.5	-1.1	177.6	14.8	198.5	-274.7	447.3	8006.7	7501.5	-20.8	
52.50	47.0	13.6	-58.9	-1.2	176.2	14.8	188.1	-269.0	456.9	8046.6	7337.9	-15.2	
52.55	49.6	13.3	-60.9	-1.4	178.6	14.7	188.1	-265.0	471.1	8204.3	7436.6	-9.8	
52.60	52.3	12.9	-63.1	-1.5	186.3	14.6	200.1	-284.3	487.7	8516.9	7843.8	-22.5	
52.65	54.9	11.9	-65.6	-1.4	194.4	14.6	213.6	-309.1	496.6	8619.6	8492.3	-36.1	
52.70	57.6	11.6	-73.9	-1.4	202.2	14.5	227.1	-309.5	503.2	8628.3	9267.6	-51.2	
52.75	60.2	11.8	-80.9	-1.5	210.2	14.4	242.2	-314.5	508.6	8647.6	10005.1	-62.4	
52.80	62.9	12.2	-86.5	-1.4	218.5	14.4	265.1	-329.6	521.7	8748.0	10632.9	-82.4	
52.85	65.6	12.9	-85.2	-1.2	225.3	14.3	288.6	-334.4	543.9	8824.9	11137.4	-92.2	
52.90	68.2	13.6	-84.5	-0.9	232.0	14.2	304.5	-347.6	553.8	8806.4	11703.0	-98.0	
52.95	70.8	14.3	-88.8	-0.7	236.4	14.2	307.0	-359.2	557.8	8811.8	12076.2	-98.2	
53.00	73.5	14.2	-96.4	-0.7	236.2	14.2	302.3	-353.8	574.0	8935.8	11979.1	-96.2	
53.05	76.1	13.8	-90.2	-0.7	231.1	14.1	286.5	-339.4	596.2	8941.9	11546.3	-75.5	
53.10	78.7	13.7	-80.9	-0.7	227.8	14.1	265.6	-321.5	607.2	8862.7	11376.0	-52.2	
53.15	81.3	13.9	-78.9	-0.6	231.4	14.1	255.5	-317.7	609.9	8928.6	11701.9	-45.3	
53.20	84.0	14.1	-84.8	-0.6	238.6	14.0	264.3	-335.3	622.6	9196.3	12104.0	-52.4	
53.25	86.6	14.1	-97.3	-0.8	245.7	14.0	293.0	-342.1	653.3	9541.5	12402.0	-69.0	
53.30	89.3	14.0	-106.4	-1.0	252.3	13.9	319.8	-333.7	682.6	9751.5	12796.0	-80.2	
53.35	91.9	14.3	-106.2	-1.3	258.5	13.9	324.0	-340.0	693.3	9851.2	13265.9	-78.1	
53.40	94.6	15.2	-100.8	-1.3	265.0	13.8	319.9	-357.7	699.4	10029.1	13710.1	-69.7	
53.45	97.3	15.2	-97.3	-1.3	272.1	13.8	330.1	-372.9	715.0	10333.7	14069.3	-68.8	
53.50	100.0	15.2	-99.6	-1.2	279.1	13.7	348.6	-383.6	738.3	10751.4	14328.3	-70.1	
53.55	102.6	15.6	-108.2	-1.3	289.3	13.6	363.0	-395.4	751.6	11257.4	14831.0	-78.1	
53.60	105.3	16.8	-112.6	-1.3	302.4	13.6	372.8	-408.6	750.5	11784.2	15617.2	-84.9	
53.65	108.0	17.8	-112.9	-1.1	313.2	13.5	386.1	-412.0	752.5	12080.0	16370.0	-91.8	
53.70	110.6	18.3	-115.5	-1.0	318.8	13.5	406.2	-404.1	769.4	12192.9	16770.3	-100.0	
53.75	113.3	18.5	-122.7	-0.9	320.2	13.4	422.4	-393.2	788.6	12194.2	16868.2	-109.8	
53.80	115.9	18.3	-128.4	-1.0	318.8	13.4	421.3	-375.1	797.7	12041.1	16883.3	-107.2	
53.85	118.6	17.9	-127.6	-1.2	316.8	13.3	410.8	-352.7	800.6	11776.7	16960.7	-93.0	
53.90	121.3	18.5	-119.8	-1.4	314.5	13.2	407.3	-341.0	806.2	11405.9	17034.9	-77.7	
53.95	124.0	18.8	-113.2	-1.4	314.1	13.2	418.8	-340.0	821.1	11139.9	17130.7	-73.1	
54.00	126.7	18.8	-117.2	-1.3	317.9	13.1	440.4	-344.5	835.3	11010.1	17471.9	-89.6	
54.05	129.5	17.7	-121.7	-1.4	320.4	13.0	454.0	-352.9	842.8	10842.2	17738.7	-95.4	
54.10	132.2	17.2	-120.8	-1.4	316.4	13.0	452.0	-349.1	852.2	10422.5	17644.6	-90.7	
54.15	134.9	17.1	-105.2	-1.4	303.6	12.9	429.0	-334.5	863.8	9640.5	17061.2	-60.3	
54.20	137.6	17.6	-85.9	-1.3	284.6	12.8	392.0	-314.4	871.7	8630.3	16102.4	-24.0	
54.25	140.4	16.9	-78.3	-1.2	267.3	12.8	363.9	-283.8	875.3	7680.1	15252.3	-6.7	
54.30	143.1	15.8	-76.2	-1.3	253.3	12.7	347.2	-251.7	883.1	6870.9	14567.4	-0.4	
54.35	145.8	14.9	-72.2	-1.3	244.0	12.6	346.0	-228.0	896.4	6224.5	14127.5	1.6	
54.40	148.5	14.6	-67.5	-1.2	238.9	12.6	354.4	-210.0	909.3	5797.9	13883.3	-5.5	
54.45	151.3	14.6	-59.1	-1.0	230.9	12.5	348.1	-199.3	924.5	5495.5	13375.6	-8.2	
54.50	154.0	14.8	-49.7	-0.6	218.5	12.5	325.6	-182.2	937.4	5053.7	12614.9	4.9	
54.55	156.8	14.9	-47.8	-0.4	205.4	12.5	300.6	-155.4	950.8	4622.5	11820.6	14.4	
54.60	159.5	15.2	-50.6	-0.4	196.4	12.4	284.7	-132.6	965.9	4289.0	11278.9	14.9	
54.65	162.3	15.6	-56.9	-0.4	194.7	12.4	287.4	-121.5	975.2	3984.5	11252.2	3.7	
54.70	165.1	16.8	-63.7	-0.5	199.3	12.4	304.2	-113.7	976.2	3644.3	11692.5	-10.1	
54.75	167.9	17.6	-73.8	-0.5	208.6	12.4	332.9	-111.8	977.2	3478.2	12398.5	-35.2	
54.80	170.7	18.2	-82.4	-0.6	216.1	12.3	354.8	-122.6	985.2	3564.9	12881.4	-55.5	
54.85	173.5	18.4	-83.6	-0.7	217.7	12.3	360.8	-125.9	993.1	3664.6	12952.2	-61.0	
54.90	176.3	18.5	-74.2	-0.6	214.8	12.3	357.4	-113.2	995.5	3556.0	12778.8	-50.1	
54.95	179.1	18.4	-64.7	-0.4	210.3	12.3	352.2	-97.7	997.0	3309.6	12515.0	-40.9	
55.00	182.0	18.0	-67.4	-0.2	206.4	12.2	353.5	-93.4	1000.0	3080.8	12270.6	-53.5	
55.05	184.8	18.1	-70.4	-0.1	197.8	12.2	344.0	-85.1	1004.3	2703.3	11723.3	-57.4	
55.10	187.6	18.3	-61.3	-0.0	184.0	12.2	319.5	-54.4	1003.6	2015.4	10886.3	-28.2	
55.15	190.5	17.8	-50.1	-0.0	170.5	12.2	293.5	-17.1	1000.0	1393.7	10045.0	-6.2	
55.20	193.3	17.6	49.8	0.2	-159.1	12.2	271.3	3.7	1002.4	1018.9	9287.9	-8.0	
55.25	196.2	17.7	48.0	0.4	-149.9	12.3	255.0	2.4	1010.2	756.8	8654.8	-17.9	
55.30	199.0	18.1	42.3	0.6	-144.0	12.3	247.3	11.1	1015.9	472.5	8243.1	-22.5	
55.35	201.9	18.9	34.9	0.6	-141.6	12.3	244.2	38.3	1013.5	15.7	8081.8	-17.4	
55.40	204.7	19.7	28.8	0.4	-143.8	12.3	245.3	59.0	1006.1	-611.4	8211.7	-19.8	
55.45	207.6	20.0	23.2	0.2	-152.6	12.3	264.2	81.2	1003.4	-1210.6	8748.3	-54.9	
55.50	210.5	19.7	25.2	0.2	-163.7	12.4	290.4	97.7	1006.9	-1947.1	9380.6	-77.6	
55.55	213.4	19.3	27.4	0.2	-172.3	12.4	305.2	111.7	1006.0	-2881.1	9768.2	-74.6	
55.60	216.3	19.2	24.6	0.0	-177.8	12.4	303.6	138.9	999.0	-3629.5	9933.7	-74.3	
55.65	219.2	20.0	-76.7	-0.0	179.9	12.4	285.8	162.8	989.7	-4206.9	9898.1	-74.6	
55.70	222.1	20.6	38.9	0.1	-180.1	12.4	263.3	179.9	984.6	-4766.2	9700.4	-64.1	
55.75	225.0	20.4	48.3	0.4	-180.3	12.4	251.5	199.7	985.0	-5159.7	9507.7	-47.5	
55.80	227.9	20.9	51.2	0.6	-182.2	12.4	253.1	200.4	985.3	-5414.1	9523.3	-37.8	
55.85	230.9	21.3	43.7	0.7	-188.2	12.4	267.5	197.0	982.4	-5565.1	9929.6	-50.5	
55.90	233.8	21.6	37.8	0.7	-198.5	12.5	286.9	221.2	976.6	-5794.2	10595.2	-64.0	
55.95	236.8	21.5	46.8	0.6	-207.2	12.5	293.6	244.2	971.7	-6221.3	11053.2	-41.7	
56.00	239.7	21.1	55.8	0.6	-212.0	12.5	297.1	258.6	969.1	-6362.8	11349.7	-15.9	
56.05	242.7	20.5	59.0	0.6	-213.7	12.6	304.1	264.3	966.9	-6046.4	11638.5	-8.3	
56.10	245.7	21.0	62.2	0.6	-214.5	12.6	304.4	250.6	957.3	-5737.9	11903.4	-5.2	
56.15	248.6	21.0	60.9	0.6	-217.3	12.6	314.0	249.1	945.7	-5366.9	12291.8	-12.9	
56.20	251.6	20.8	55.3	0.7	-218.0	12.7	329.7	243.2	943.8	-4786.7	12558.0	-30.7	
56.25	254.7	20.3	50.6	0.6	-215.4	12.7	338.5	210.7	941.9	-4245.3	12578.9	-37.7	
56.30	257.7	20.2	48.2	0.5	-212.8	12.7	339.5	199.7	933.0	-3929.4	12501.9	-34.7	
56.35	260.7	20.4	57.5	0.5	-212.5	12.8	331.5	214.7	916.8	-4110.1	12424.7	-14.4	
56.40	263.8	19.8	68.7	0.7	-212.0	12.8	320.8	225.9	899.5	-4362.1	12323.5	5.2	
56.45	266.8	19.9	69.8	0.9	-208.8	12.8	318.9	221.0	890.1	-4117.5	12173.2	4.3	
56.50	269.8	20.3	74.2	1.2	-206.2	12.9	319.6	208.8	880.2	-3922.6	12059.9	14.6	
56.55	272.9	20.7	80.6	1.4	-207.5	12.9	317.6	220.2	862.6	-4038.6	12119.2	39.4	
56.60	275.9	21.6	76.7	1.5	-209.7	13.0	312.7	232.5	843.9	-4006.8	12310.9	38.5	
56.65	279.0	22.4	69.8	1.5	-209.9	13.1	306.0	212.8	825.7	-3799.1	12462.1	25.1	
56.70	282.0	22.8	63.6	1.5	-210.0	13.2	309.4	207.0	817.0	-3756.7	12490.8	18.3	
56.75	285.1	23.8	64.3	1.3	-210.7	13.2	316.1	225.5	814.3	-4080.2	12398.1	29.1	
56.80	288.2	24.3	67.4	1.2	-213.8	13.3	322.1	224.7	801.0	-4427.3	12525.5	27.7	
56.85	291.3	23.7	66.9	1.3	-220.5	13.4	337.6	219.7	779.7	-4446.7	13039.5	2.1	
56.90	294.4	22.9	68.2	1.5	-226.7	13.4	356.7	209.0	767.5	-4550.6	13481.5	-16.4	
56.95	297.5	22.4	70.5	1.6	-229.4	13.5	364.9	206.5	762.6	-4872.7	13570.4	-7.1	
57.00	300.6	22.6	60.5	1.6	-229.1	13.6	365.3	214.8	753.6	-4843.7	13550.7	-20.5	
57.05	303.8	22.3	50.8	1.6	-223.6	13.7	351.6	189.4	738.9	-4418.9	13344.0	-41.5	
57.10	306.9	22.0	48.8	1.5	-215.3	13.7	333.4	164.4	735.2	-4058.3	12884.6	-39.1	
57.15	310.2	21.9	71.6	1.4	-223.0	13.8	308.0	216.1	741.0	-6231.3	12620.7	32.4	
57.20	313.4	21.0	72.4	1.4	-224.3	13.9	301.2	205.1	733.0	-6458.5	12666.0	22.8	
57.25	316.6	20.7	52.5	1.5	-225.7	14.0	342.3	234.3	727.3	-5654.1	13000.3	-55.9	
57.30	319.9	20.9	65.5	1.6	-211.6	14.0	298.4	130.4	740.1	-5403.5	12218.2	-2.5	
57.35	323.1	21.1	59.1	1.7	-203.8	14.1	307.9	173.4	762.9	-4429.8	11870.3	-12.6	
57.40	326.3	21.3	49.9	1.8	-207.1	14.2	342.1	185.7	768.8	-3941.7	12189.1	-44.7	
57.45	329.7	21.4	58.0	1.9	-210.7	14.3	324.4	68.0	743.4	-3864.5	12695.9	-18.0	
57.50	332.9	21.2	42.6	1.9	-218.9	14.4	358.6	79.9	738.2	-2506.0	13565.4	-77.6	
57.55	336.1	21.1	38.6	1.9	-219.2	14.5	383.7	81.3	760.5	-1812.9	13607.6	-90.4	
57.60	339.5	21.3	58.6	1.9	-204.8	14.6	337.4	59.3	765.5	-1685.0	12669.3	-6.5	
57.65	342.7	21.8	52.8	2.0	-195.2	14.7	314.6	112.4	756.8	-645.9	12061.9	-15.8	
57.70	346.0	21.3	43.3	2.0	-188.0	14.8	309.0	47.9	746.8	-180.1	11603.5	-41.0	
57.75	349.4	20.4	41.5	2.0	-180.1	14.9	305.8	-23.3	770.3	267.8	11007.1	-38.8	
57.80	352.7	19.5	32.7	2.0	-177.0	15.0	321.5	3.4	802.2	966.0	10663.4	-65.6	
57.85	356.1	19.8	29.5	2.0	-171.6	15.1	308.6	-28.4	785.5	851.4	10306.0	-70.9	
57.90	359.5	20.2	25.4	2.0	-166.4	15.2	289.5	-34.5	769.1	1084.9	9959.8	-79.7	
57.95	2.9	20.5	16.5	2.0	-161.0	15.3	285.5	-32.6	790.2	1485.5	9486.1	-104.7	
58.00	6.3	20.7	11.2	2.0	-148.8	15.4	260.3	-96.2	815.4	1092.3	8616.0	-110.6	
58.05	9.8	20.6	7.8	2.0	-137.7	15.5	231.8	-84.8	815.1	1077.6	7862.1	-111.0	
58.10	13.2	20.5	7.1	2.0	-130.5	15.6	212.6	-72.3	798.7	1146.6	7385.1	-106.4	
58.15	16.7	21.2	2.1	2.0	-123.9	15.7	197.9	-96.3	813.4	964.2	6905.7	-116.9	
58.20	20.1	21.5	-9.4	2.0	-120.5	15.8	211.5	-78.0	863.0	1257.6	6544.3	-153.0	
58.25	23.6	21.2	-11.7	2.0	-117.9	15.9	221.1	-105.7	887.0	1306.6	6253.5	-158.2	
58.30	27.1	20.2	-9.2	2.0	-113.3	16.0	197.9	-135.5	878.3	1263.7	5931.2	-145.0	
58.35	30.6	19.5	-9.1	2.0	-109.0	16.1	184.1	-110.2	892.7	1795.8	5514.3	-140.1	
58.40	34.2	18.7	-1.9	2.0	-104.9	16.2	184.2	-116.9	922.7	1910.0	5107.9	-111.6	
58.45	37.8	17.2	-2.2	2.0	-104.1	16.3	174.3	-125.3	946.8	2026.8	4987.2	-111.5	
58.50	41.3	17.2	-10.6	2.0	-113.3	16.4	180.0	-137.4	955.1	2761.9	5372.4	-149.8	
58.55	44.9	17.2	-12.3	2.0	-121.7	16.5	196.9	-193.8	957.6	3196.0	5696.0	-164.1	
58.60	48.5	16.8	-16.0	2.0	-123.2	16.6	193.8	-208.6	990.1	3730.0	5440.5	-178.3	
58.65	52.0	18.2	-17.7	2.0	-122.7	16.7	187.7	-201.8	1026.6	4272.3	4968.4	-183.3	
58.70	55.7	19.0	-11.8	2.0	-122.7	16.8	180.9	-231.6	1035.0	4662.4	4521.8	-163.1	
58.75	59.2	19.1	-15.9	2.0	-128.4	16.9	163.3	-250.1	1041.0	5362.4	4350.5	-183.0	
58.80	62.8	18.7	-14.7	2.0	-131.1	17.0	150.4	-260.7	1056.5	5623.2	4322.4	-181.4	
58.85	66.4	17.9	-5.5	2.0	-132.5	17.1	165.7	-258.8	1073.5	5626.4	4436.0	-151.3	
58.90	70.0	17.3	-5.8	2.0	-141.1	17.2	174.3	-251.1	1097.9	6312.2	4593.5	-160.9	
58.95	73.5	18.2	-4.1	2.0	-152.2	17.3	166.3	-299.2	1122.3	7267.8	4444.5	-166.3	
59.00	77.2	19.1	2.6	2.0	-158.1	17.4	171.4	-330.9	1145.4	7874.1	4053.8	-149.3	
59.05	80.7	20.2	5.7	2.0	-160.0	17.5	163.2	-317.2	1178.7	8294.0	3560.4	-140.3	
59.10	84.3	21.7	11.7	2.0	-159.4	17.6	136.2	-328.3	1196.6	8397.0	3151.9	-119.4	
59.15	88.0	22.6	12.4	2.0	-157.0	17.7	140.0	-316.6	1203.9	8148.9	3343.9	-114.3	
59.20	91.6	22.7	9.3	2.0	-154.6	17.8	149.2	-290.5	1219.8	7771.0	3851.1	-122.8	
59.25	95.3	22.0	7.2	2.0	-152.5	17.9	151.6	-297.0	1238.2	7296.7	4311.6	-127.9	
59.30	98.9	21.3	2.9	2.0	-156.6	18.0	172.5	-297.6	1263.4	7429.7	4598.3	-146.7	
59.35	102.6	21.1	-5.2	2.0	-158.0	18.1	176.7	-293.5	1284.7	7467.9	4716.8	-175.9	
59.40	106.2	20.7	-1.1	2.0	-153.2	18.2	154.3	-298.5	1295.5	7107.1	4627.4	-157.1	
59.45	109.9	19.7	-12.0	2.0	-151.4	18.3	156.3	-282.3	1308.6	7062.6	4493.2	-192.7	
59.50	113.6	19.7	-20.4	2.0	-148.9	18.4	164.9	-281.9	1323.4	6861.5	4419.4	-219.0	
59.55	117.3	19.7	-18.2	2.0	-139.8	18.5	159.9	-277.9	1341.3	6058.3	4381.6	-202.4	
59.60	121.0	19.1	-18.9	2.0	-129.8	18.6	167.4	-232.0	1350.1	5071.2	4549.9	-194.8	
59.65	124.7	19.2	-22.3	2.0	-121.5	18.7	162.6	-211.7	1357.3	4384.9	4432.6	-198.1	
59.70	128.3	19.4	-26.2	2.0	-114.3	18.8	141.3	-213.1	1382.0	4232.5	3816.3	-204.2	
59.75	132.0	19.6	-24.1	2.0	-108.3	18.9	140.5	-195.3	1416.0	4028.3	3388.0	-191.0	
59.80	135.7	19.4	-21.5	2.0	-101.0	19.0	130.6	-182.0	1439.6	3548.7	3149.3	-174.7	
59.85	139.4	19.2	-22.0	2.0	-98.9	19.1	113.3	-168.2	1444.1	3429.8	3129.9	-174.5	
59.90	143.1	19.4	-28.7	2.0	-103.5	19.2	126.8	-182.1	1452.5	3569.2	3400.4	-201.9	
59.95	146.8	20.5	-32.6	2.0	-105.1	19.3	151.1	-177.4	1479.2	3567.3	3494.0	-216.9	
60.00	150.4	20.6	-27.2	2.0	-102.9	19.4	163.5	-153.4	1505.2	3368.0	3465.9	-196.1	
60.05	154.1	21.0	-22.7	2.0	-98.9	19.5	157.9	-155.3	1508.1	3187.2	3227.8	-176.9	
60.10	157.8	22.0	-24.7	2.0	-93.0	19.6	139.8	-152.5	1505.9	3198.8	2621.5	-177.9	
60.15	161.5	21.8	-22.0	2.0	-81.6	19.7	112.0	-125.0	1519.6	2941.5	1661.6	-157.0	
60.20	165.2	21.3	-14.1	2.0	-69.4	19.8	82.4	-98.4	1541.1	2479.7	601.8	-117.9	
60.25	168.9	20.7	-14.1	2.0	-67.7	19.9	61.4	-82.4	1543.1	2496.6	-78.4	-116.1	
60.30	172.5	21.3	-13.4	2.0	-67.8	20.0	60.8	-78.3	1518.1	2535.7	-58.5	-113.7	
60.35	176.2	21.3	-12.7	2.0	-65.3	20.1	75.9	-64.0	1509.8	2348.0	69.5	-108.7	
60.40	179.9	20.8	-12.6	2.0	-60.2	20.2	78.7	-36.2	1529.6	1968.0	-277.1	-103.6	
60.45	183.6	20.3	-6.0	2.0	-53.9	20.3	62.7	-25.6	1531.3	1382.6	-734.8	-74.5	
60.50	187.3	20.4	-0.7	2.0	-48.1	20.4	43.1	-4.2	1506.2	804.7	-914.1	-50.6	
60.55	190.9	20.9	-4.3	2.0	-41.6	20.5	42.0	41.4	1488.8	79.1	-683.3	-56.5	
60.60	194.6	21.7	-8.8	2.0	-42.3	20.6	72.1	53.3	1503.1	-632.9	-96.4	-72.6	
60.65	198.3	22.0	-19.2	2.0	-52.2	20.7	117.0	61.3	1514.2	-1001.7	765.7	-118.1	
60.70	202.0	22.2	-31.3	2.0	-61.6	20.8	126.9	63.7	1488.2	-1413.7	1363.6	-169.2	
60.75	205.7	22.4	-29.5	2.0	-74.5	20.9	121.3	82.3	1450.5	-2382.7	1751.3	-175.9	
60.80	209.3	22.8	-28.4	2.0	-84.4	21.0	117.1	135.5	1451.2	-3212.0	1646.8	-181.8	
60.85	213.0	23.3	-34.2	2.0	-89.9	21.1	113.5	154.2	1471.5	-3752.9	1301.0	-207.2	
60.90	216.7	24.1	-37.8	2.0	-94.2	21.2	108.0	143.6	1462.6	-4230.1	978.3	-224.1	
60.95	220.3	23.0	-37.5	2.0	-102.4	21.3	102.5	166.0	1426.8	-4881.8	778.8	-231.0	
61.00	223.9	22.1	-33.4	2.0	-111.5	21.4	85.3	183.9	1409.9	-5614.0	340.5	-226.0	
61.05	227.6	21.3	-29.6	2.0	-116.7	21.5	74.2	208.6	1413.0	-5950.8	-295.2	-218.4	
61.10	231.2	21.5	-20.0	2.0	-122.4	21.6	60.3	244.6	1397.2	-6253.0	-872.4	-191.2	
61.15	234.8	21.5	-8.2	2.0	-127.4	21.7	37.9	241.4	1366.6	-6626.0	-1218.1	-155.5	
61.20	238.4	21.3	-6.8	2.0	-127.8	21.8	34.8	246.7	1348.2	-6645.3	-1310.2	-151.2	
61.25	241.9	19.9	-9.6	2.0	-128.4	21.9	44.7	268.8	1336.5	-6641.6	-1239.0	-161.3	
61.30	245.5	18.9	-13.0	2.0	-128.2	22.0	37.8	270.6	1312.9	-6605.8	-1409.6	-172.6	
61.35	249.1	18.4	-12.3	2.0	-125.4	22.1	35.6	264.9	1281.8	-6334.5	-1808.8	-167.6	
61.40	252.7	18.8	-8.2	2.0	-123.1	22.2	40.8	247.2	1264.4	-6047.2	-2310.5	-151.2	
61.45	256.3	19.7	-7.2	2.0	-122.3	22.3	43.0	240.8	1247.6	-5923.5	-2533.9	-147.0	
61.50	259.9	20.4	-4.6	2.0	-124.2	22.4	45.2	260.0	1216.0	-6080.0	-2451.2	-140.1	
61.55	263.5	20.8	3.3	2.0	-128.0	22.5	42.3	260.5	1188.6	-6396.6	-2483.3	-116.5	
61.60	267.0	21.7	6.1	2.0	-127.5	22.6	36.1	241.8	1178.9	-6331.4	-2714.5	-106.6	
61.65	270.6	21.7	-1.5	2.0	-123.0	22.7	29.8	229.8	1166.7	-5855.1	-3034.3	-128.1	
61.70	274.1	20.4	-4.7	2.0	-123.3	22.8	16.2	234.2	1136.8	-5767.0	-3280.6	-139.3	
61.75	277.7	20.2	-1.4	2.0	-126.7	22.9	-1.9	255.9	1098.2	-5991.3	-3338.0	-131.5	
61.80	281.2	20.2	0.8	2.0	-126.6	23.0	-3.0	250.7	1077.7	-6042.6	-3291.3	-123.7	
61.85	284.8	20.4	-4.3	2.0	-121.4	23.1	14.4	211.6	1068.3	-5789.6	-3195.7	-136.1	
61.90	288.3	20.3	-4.8	2.0	-121.4	23.2	20.3	224.0	1047.6	-5745.6	-3230.9	-138.1	
61.95	291.8	20.4	9.0	2.0	-130.5	23.3	3.7	260.6	1022.0	-6255.5	-3554.3	-99.6	
62.00	295.3	20.6	19.8	2.0	-137.1	23.4	-14.9	258.8	1000.2	-6606.9	-3975.0	-69.0	
62.05	298.8	21.3	16.7	2.0	-133.7	23.5	-26.0	236.9	983.6	-6128.8	-4373.2	-76.2	
62.10	302.3	21.3	10.3	2.0	-128.2	23.6	-17.3	222.4	966.9	-5645.5	-4426.6	-93.0	
62.15	305.8	21.1	8.3	2.0	-125.5	23.7	3.6	222.5	947.7	-5625.7	-4142.5	-97.0	
62.20	309.2	21.8	3.2	2.0	-122.1	23.8	3.9	216.2	922.1	-5490.1	-3952.5	-111.1	
62.25	312.7	22.3	1.8	2.0	-121.6	23.9	-13.1	194.0	895.5	-5540.6	-3957.7	-115.4	
62.30	316.2	22.6	7.2	2.0	-126.6	24.0	-28.1	187.1	876.0	-5867.6	-4203.4	-101.9	
62.35	319.6	22.7	9.4	2.0	-129.9	24.1	-35.9	198.8	868.5	-5823.6	-4621.7	-97.7	
62.40	323.1	23.2	5.6	2.0	-126.2	24.2	-30.1	174.9	868.6	-5447.1	-4750.8	-106.8	
62.45	326.5	23.8	-6.8	2.0	-114.9	24.3	-8.3	133.0	861.1	-4745.8	-4458.2	-138.3	
62.50	329.9	24.7	-17.2	2.0	-103.5	24.4	11.1	105.3	843.3	-4060.8	-4057.6	-162.4	
62.55	333.3	25.9	-17.7	2.0	-97.7	24.5	14.9	81.4	825.6	-3625.8	-3983.1	-158.6	
62.60	336.7	26.1	-11.9	2.0	-100.3	24.6	-6.6	81.0	808.2	-3234.6	-4568.5	-141.1	
62.65	340.1	24.7	5.0	2.0	-110.7	24.7	-48.6	75.1	795.7	-3026.9	-5606.2	-93.6	
62.70	343.5	24.9	23.8	2.0	-120.9	24.8	-81.8	55.6	788.0	-2656.2	-6604.5	-39.1	
62.75	346.8	24.9	33.7	2.0	-125.6	24.9	-89.2	46.3	785.2	-2038.5	-7194.1	-10.0	
62.80	350.2	24.8	38.5	2.0	-124.2	25.0	-79.2	33.7	778.2	-1478.6	-7269.4	8.1	
62.85	353.6	25.1	41.3	2.0	-121.6	25.1	-70.4	13.7	768.8	-780.3	-7226.9	20.3	
62.90	356.9	25.0	42.3	2.0	-121.8	25.2	-67.7	-3.4	760.4	-81.5	-7305.0	23.3	
62.95	0.2	24.4	47.4	2.0	-127.3	25.3	-80.0	-32.3	755.4	418.1	-7658.1	35.5	
63.00	3.6	24.0	51.2	2.0	-134.7	25.4	-100.5	-61.4	745.5	854.6	-8103.3	41.0	
63.05	6.9	24.2	48.7	2.0	-142.6	25.5	-122.9	-77.9	734.0	1427.7	-8551.7	24.5	
63.10	10.2	24.7	48.0	2.0	-145.5	25.6	-132.6	-97.4	725.7	1775.3	-8661.4	19.2	
63.15	13.5	25.2	46.3	2.0	-141.5	25.7	-125.9	-108.9	717.4	1963.5	-8306.9	17.3	
63.20	16.8	25.2	37.2	2.0	-132.5	25.8	-103.5	-121.8	709.4	2344.0	-7523.9	-4.7	
63.25	20.0	25.0	29.6	2.0	-124.5	25.9	-82.3	-152.2	704.0	2672.9	-6726.4	-22.7	
63.30	23.3	24.7	26.2	2.0	-118.3	26.0	-62.5	-163.5	701.3	2927.9	-6105.4	-28.4	
63.35	26.5	25.3	31.6	2.0	-117.8	26.1	-51.7	-156.3	707.9	3303.9	-5891.8	-9.5	
63.40	29.7	25.7	40.6	2.0	-122.2	26.2	-50.1	-175.5	714.5	3794.7	-5922.4	17.0	
63.45	32.9	25.6	43.6	2.0	-128.2	26.3	-52.2	-197.2	711.8	4374.5	-5998.5	21.4	
63.50	36.1	25.8	44.7	2.0	-129.8	26.4	-46.8	-201.9	704.8	4703.9	-5897.1	23.7	
63.55	39.2	25.8	44.4	2.0	-132.3	26.5	-44.2	-215.8	707.7	4795.0	-6008.5	20.3	
63.60	42.4	25.5	44.5	2.0	-137.9	26.6	-43.7	-227.8	714.6	5005.0	-6335.9	14.7	
63.65	45.6	25.7	47.0	2.0	-143.2	26.7	-61.5	-223.3	715.9	4855.4	-6946.4	18.2	
63.70	48.7	25.8	54.6	2.0	-148.1	26.8	-88.4	-216.7	715.6	4376.4	-7680.0	39.4	
63.75	51.9	25.9	58.3	2.0	-155.4	26.9	-112.5	-205.2	724.6	4133.7	-8429.0	44.6	
63.80	55.0	26.6	54.2	2.0	-161.8	27.0	-124.1	-210.3	737.3	4125.2	-8924.7	24.4	
63.85	58.1	26.8	51.1	2.0	-164.0	27.1	-121.4	-228.6	744.4	4261.1	-8993.1	11.2	
63.90	61.2	26.3	47.5	2.0	-162.4	27.2	-106.7	-240.9	742.3	4613.2	-8662.3	0.9	
63.95	64.3	25.4	44.5	2.0	-161.5	27.3	-98.5	-257.5	740.7	4946.2	-8356.0	-8.8	
64.00	67.4	25.3	46.6	2.0	-163.4	27.4	-105.3	-270.6	743.2	5125.2	-8363.9	-3.5	
64.05	70.4	25.4	50.9	2.0	-165.3	27.5	-112.7	-267.2	744.1	5233.3	-8468.5	9.5	
64.10	73.5	24.9	57.2	2.0	-170.6	27.6	-119.7	-279.1	747.4	5557.0	-8687.6	25.9	
64.15	76.5	24.0	61.7	2.0	-178.5	27.7	-125.9	-301.5	751.0	6095.5	-8969.9	33.1	
64.20	79.5	23.2	65.5	2.0	-183.4	27.8	-128.1	-300.6	758.6	6397.4	-9202.6	41.5	
64.25	82.4	23.6	71.4	2.0	-182.6	27.9	-127.5	-284.1	768.1	6208.1	-9309.2	62.5	
64.30	85.4	23.5	77.4	2.0	-182.8	28.0	-137.4	-282.0	777.3	5953.7	-9470.1	83.0	
64.35	88.4	23.7	77.5	2.0	-187.8	28.1	-156.0	-297.9	784.3	6048.0	-9773.3	78.2	
64.40	91.3	24.5	73.4	2.0	-191.9	28.2	-170.7	-300.5	790.1	6128.7	-10050.3	60.1	
64.45	94.2	24.1	78.2	2.0	-191.4	28.3	-170.4	-284.6	799.7	6118.2	-10056.0	77.0	
64.50	97.1	23.5	73.3	2.0	-188.3	28.4	-153.0	-288.8	810.0	6405.3	-9598.5	63.2	
64.55	100.0	22.9	61.7	2.0	-184.5	28.5	-125.2	-320.2	812.1	6997.0	-8750.0	27.2	
64.60	102.9	21.9	51.3	2.0	-180.4	28.6	-96.1	-343.9	812.4	7505.7	-7830.3	-4.4	
64.65	105.7	21.5	46.8	2.0	-176.3	28.7	-72.4	-346.7	816.9	7788.5	-7106.0	-15.5	
64.70	108.6	21.7	48.0	2.0	-171.2	28.8	-49.7	-341.4	827.8	7833.8	-6491.1	-6.3	
64.75	111.4	22.0	49.2	2.0	-166.2	28.9	-25.2	-335.0	839.9	7905.4	-5815.8	2.7	
64.80	114.2	22.1	45.4	2.0	-158.4	29.0	0.5	-330.2	841.0	7812.5	-4937.0	-2.6	
64.85	117.0	22.0	38.9	2.0	-149.0	29.1	21.4	-327.4	835.9	7474.5	-4135.6	-15.4	
64.90	119.8	21.5	32.6	2.0	-141.1	29.2	31.6	-309.2	837.7	7105.1	-3661.9	-29.1	
64.95	122.5	21.2	27.9	2.0	-136.3	29.3	35.1	-298.2	839.4	6853.8	-3406.2	-40.5	
65.00	125.3	21.2	23.3	2.0	-137.4	29.4	21.7	-307.0	839.3	6822.5	-3611.3	-57.6	
65.05	128.0	21.3	22.3	2.0	-143.5	29.5	-12.2	-307.1	844.0	6867.0	-4440.2	-67.1	
65.10	130.7	21.3	28.0	2.0	-145.5	29.6	-46.2	-290.7	848.6	6428.7	-5346.3	-49.3	
65.15	133.4	21.3	36.4	2.0	-142.3	29.7	-62.6	-262.3	848.9	5751.4	-5836.0	-17.5	
65.20	136.1	21.1	40.6	2.0	-138.7	29.8	-63.8	-237.3	851.8	5335.6	-5950.2	0.8	
65.25	138.8	20.7	42.0	2.0	-131.9	29.9	-54.0	-226.9	856.5	4817.3	-5761.7	12.1	
65.30	141.4	20.6	47.7	2.0	-122.1	30.0	-45.5	-197.0	861.0	3982.0	-5577.6	41.6	
65.35	144.1	21.0	51.9	2.0	-117.9	30.1	-54.6	-158.1	865.9	3321.2	-5745.5	60.2	
65.40	146.7	21.2	51.1	2.0	-121.5	30.2	-73.9	-158.7	869.4	3127.2	-6127.8	53.9	
65.45	149.4	21.1	44.2	2.0	-129.2	30.3	-89.0	-177.9	879.5	3442.6	-6534.1	22.5	
65.50	152.0	20.7	34.8	2.0	-130.3	30.4	-82.3	-182.6	893.1	3582.4	-6536.1	-10.8	
65.55	154.6	21.8	28.1	2.0	-122.5	30.5	-63.9	-183.9	898.0	3242.0	-6059.9	-26.0	
65.60	157.2	22.1	16.4	2.0	-109.5	30.6	-41.0	-174.4	883.5	2931.0	-5174.4	-53.3	
65.65	159.8	21.6	4.0	2.0	-95.4	30.7	-13.7	-166.9	867.5	2685.2	-4133.8	-81.6	
65.70	162.4	21.0	-1.2	2.0	-81.5	30.8	16.1	-152.5	871.3	2160.5	-3262.1	-85.7	
65.75	164.9	20.6	0.1	2.0	-71.1	30.9	29.3	-108.9	881.2	1494.7	-2874.9	-70.7	
65.80	167.5	20.3	2.1	2.0	-65.6	31.0	22.6	-76.4	876.6	1062.2	-2725.3	-58.4	
65.85	170.0	20.7	1.2	2.0	-61.1	31.1	17.8	-75.7	863.7	940.9	-2418.5	-57.1	
65.90	172.5	21.3	-2.9	2.0	-56.6	31.2	31.5	-76.1	869.3	1042.9	-1980.4	-66.7	
65.95	175.0	22.0	-4.8	2.0	-51.0	31.3	56.8	-67.6	880.8	1023.4	-1462.6	-67.5	
66.00	177.4	21.2	-6.1	2.0	-46.0	31.4	71.5	-53.4	864.9	951.4	-1050.5	-67.1	
66.05	179.9	20.8	-6.3	2.0	-46.5	31.5	57.0	-42.4	835.3	918.5	-1222.8	-68.0	
66.10	182.4	20.8	-2.3	2.0	-52.9	31.6	30.1	-40.4	830.3	625.5	-1983.4	-60.7	
66.15	184.9	20.8	10.4	2.0	-65.4	31.7	0.2	-19.3	845.4	-2.9	-3111.4	-29.8	
66.20	187.4	21.1	26.3	2.0	-80.9	31.8	-32.7	11.5	841.9	-580.7	-4199.7	9.4	
66.25	189.8	21.5	35.8	2.0	-91.9	31.9	-60.4	16.7	819.8	-688.6	-4959.5	31.1	
66.30	192.3	21.4	32.7	2.0	-95.2	32.0	-58.2	15.5	813.4	-389.2	-5256.4	17.1	
66.35	194.7	21.5	36.9	2.0	-94.1	32.1	-35.0	21.0	826.5	-275.4	-5227.0	32.5	
66.40	197.1	21.6	47.7	2.0	-92.2	32.2	-17.8	31.3	822.4	-592.4	-5069.9	71.6	
66.45	199.5	21.1	53.9	2.0	-92.5	32.3	-23.5	44.1	790.7	-850.0	-5038.8	92.7	
66.50	201.9	22.0	53.9	2.0	-95.5	32.4	-38.2	44.9	768.4	-837.2	-5262.8	89.7	
66.55	204.3	23.2	58.0	2.0	-102.0	32.5	-48.9	52.3	770.4	-987.6	-5700.6	97.3	
66.60	206.6	24.0	65.3	2.0	-109.5	32.6	-56.8	79.6	767.4	-1473.2	-6099.4	114.7	
66.65	209.0	23.7	65.4	2.0	-111.7	32.7	-59.3	92.2	742.0	-2009.3	-6108.5	112.7	
66.70	211.4	23.0	51.0	2.0	-106.5	32.8	-45.9	81.3	720.7	-2282.8	-5658.5	68.5	
66.75	213.7	22.9	33.5	2.0	-101.5	32.9	-21.4	84.2	719.6	-2639.4	-5100.5	13.6	
66.80	216.0	22.6	30.9	2.0	-104.6	33.0	-2.2	113.6	715.7	-3632.5	-4651.8	1.3	
66.85	218.3	22.1	37.7	2.0	-115.3	33.1	-4.1	151.9	695.4	-4892.9	-4444.9	14.0	
66.90	220.6	21.8	36.0	2.0	-124.8	33.2	-25.0	181.3	671.2	-5690.4	-4503.2	-1.1	
66.95	222.8	21.8	30.4	2.0	-130.1	33.3	-41.8	196.3	656.6	-6109.9	-4555.3	-25.6	
67.00	225.1	21.7	29.7	2.0	-136.2	33.4	-48.3	218.9	646.6	-6624.3	-4529.7	-34.2	
67.05	227.3	21.4	31.0	2.0	-139.5	33.5	-44.3	239.0	632.7	-6966.7	-4381.7	-33.1	
67.10	229.5	21.4	24.6	2.0	-135.5	33.6	-28.1	226.4	622.3	-6894.3	-4011.7	-51.1	
67.15	231.7	21.6	12.0	2.0	-129.1	33.7	-12.4	208.2	616.0	-6628.4	-3616.0	-87.7	
67.20	233.9	22.0	12.2	2.0	-130.2	33.8	-5.6	222.5	606.5	-6808.1	-3384.4	-88.3	
67.25	236.1	21.6	24.6	2.0	-135.8	33.9	-4.1	243.3	593.9	-7267.4	-3285.7	-51.3	
67.30	238.3	21.4	30.7	2.0	-134.4	34.0	-5.2	239.7	583.4	-7163.0	-3309.0	-29.0	
67.35	240.5	21.6	25.3	2.0	-125.5	34.1	-6.1	225.2	573.6	-6475.4	-3300.1	-38.6	
67.40	242.6	21.9	24.2	2.0	-116.3	34.2	-1.1	211.9	559.0	-5867.0	-3056.0	-33.0	
67.45	244.8	21.9	27.6	2.0	-108.3	34.3	10.4	209.1	540.0	-5444.4	-2607.2	-13.6	
67.50	246.9	21.6	23.7	2.0	-96.5	34.4	27.0	196.3	526.9	-4729.0	-2117.6	-15.2	
67.55	249.1	22.5	16.7	2.0	-84.3	34.5	41.2	166.8	519.8	-3972.3	-1744.3	-26.9	
67.60	251.2	22.8	18.3	2.0	-78.9	34.6	46.7	161.4	505.3	-3654.7	-1509.7	-16.0	
67.65	253.3	22.6	30.7	2.0	-84.1	34.7	39.4	193.2	485.2	-3994.3	-1538.2	21.1	
67.70	255.4	22.0	43.8	2.0	-94.1	34.8	25.1	217.1	471.2	-4628.4	-1839.9	56.4	
67.75	257.5	22.3	42.8	2.0	-100.0	34.9	14.7	229.4	463.0	-4942.3	-2183.2	46.9	
67.80	259.6	23.1	39.0	2.0	-104.1	35.0	5.2	231.8	452.5	-5193.4	-2395.7	29.8	
67.85	261.7	23.4	38.5	2.0	-109.0	35.1	0.3	223.5	435.3	-5675.9	-2310.4	23.2	
67.90	263.8	23.2	34.8	2.0	-111.4	35.2	-1.3	232.2	419.4	-5885.9	-2226.2	7.9	
67.95	265.9	23.0	27.6	2.0	-110.0	35.3	-0.5	227.0	410.7	-5822.3	-2166.3	-15.3	
68.00	268.0	23.2	21.5	2.0	-107.5	35.4	3.3	211.2	399.4	-5751.1	-1960.1	-33.6	
68.05	270.0	22.8	18.6	2.0	-105.8	35.5	11.0	222.1	382.3	-5723.6	-1553.6	-42.0	
68.10	272.1	22.6	18.8	2.0	-106.4	35.6	28.9	221.4	367.1	-5926.4	-828.1	-41.7	
68.15	274.1	23.9	18.1	2.0	-107.0	35.7	57.5	217.2	355.4	-6029.8	25.1	-45.0	
68.20	276.1	23.7	12.2	2.0	-105.5	35.8	90.4	225.6	344.8	-5815.6	831.3	-63.5	
68.25	278.2	23.3	12.2	2.0	-107.5	35.9	120.9	217.2	334.3	-5782.3	1658.2	-65.5	
68.30	280.2	23.4	12.7	2.0	-109.6	36.0	140.2	210.3	320.0	-5740.5	2273.8	-66.1	
68.35	282.2	23.1	3.4	2.0	-106.1	36.1	142.3	200.4	307.1	-5443.0	2380.1	-94.3	
68.40	284.3	22.8	-5.7	2.0	-100.9	36.2	133.1	169.4	303.3	-5226.4	2115.8	-120.6	
68.45	286.3	22.7	-8.4	2.0	-97.4	36.3	113.3	165.6	296.4	-5165.7	1641.0	-126.3	
68.50	288.3	23.2	-3.0	2.0	-98.3	36.4	91.5	182.0	277.2	-5330.2	1345.1	-108.6	
68.55	290.3	23.6	1.7	2.0	-98.9	36.5	73.7	186.6	256.2	-5436.3	1183.3	-93.2	
68.60	292.3	24.0	0.8	2.0	-95.4	36.6	63.4	189.5	244.9	-5232.9	937.6	-92.8	
68.65	294.3	23.2	7.3	2.0	-94.1	36.7	58.6	188.4	242.0	-5183.2	635.9	-68.9	
68.70	296.3	23.0	21.8	2.0	-95.5	36.8	53.5	190.8	233.8	-5325.0	347.5	-20.6	
68.75	298.2	23.2	28.8	2.0	-92.9	36.9	44.0	201.0	223.0	-5119.2	-90.9	5.8	
68.80	300.2	23.8	29.3	2.0	-85.9	37.0	38.5	191.1	219.7	-4593.5	-544.0	14.9	
68.85	302.2	23.6	31.0	2.0	-79.6	37.1	40.4	176.5	222.8	-4105.7	-816.0	26.8	
68.90	304.1	22.9	32.8	2.0	-75.0	37.2	40.1	171.3	218.0	-3745.7	-917.5	37.6	
68.95	306.1	22.3	30.8	2.0	-70.6	37.3	32.1	157.5	197.8	-3462.8	-930.5	35.0	
69.00	308.0	22.5	25.8	2.0	-64.8	37.4	20.8	142.8	175.6	-3039.1	-1038.0	23.7	
69.05	310.0	23.1	23.7	2.0	-59.8	37.5	15.9	129.3	166.2	-2601.1	-1242.2	21.6	
69.10	311.9	23.4	24.7	2.0	-57.5	37.6	18.7	117.3	164.2	-2346.1	-1418.4	27.1	
69.15	313.8	24.2	24.3	2.0	-56.3	37.7	22.0	113.1	153.9	-2224.8	-1469.9	27.2	
69.20	315.7	24.7	20.6	2.0	-54.3	37.8	30.0	103.7	136.6	-2220.0	-1254.4	16.4	
69.25	317.6	24.2	17.9	2.0	-52.9	37.9	43.9	91.5	127.5	-2297.3	-921.6	8.5	
69.30	319.5	24.1	20.4	2.0	-54.4	38.0	57.6	93.7	121.3	-2481.0	-645.2	15.7	
69.35	321.3	24.2	23.8	2.0	-56.0	38.1	58.9	101.3	102.8	-2620.3	-583.4	25.5	
69.40	323.1	24.3	23.8	2.0	-57.7	38.2	45.4	107.0	81.4	-2700.6	-855.8	23.9	
69.45	325.0	25.1	24.4	2.0	-60.4	38.3	28.4	103.1	73.8	-2772.7	-1305.7	23.2	
69.50	326.8	25.7	25.7	2.0	-62.7	38.4	19.3	93.8	72.0	-2858.5	-1595.5	25.5	
69.55	328.6	26.0	23.6	2.0	-63.0	38.5	16.6	87.9	63.0	-2891.0	-1633.2	18.1	
69.60	330.5	25.6	16.2	2.0	-61.2	38.6	22.6	85.5	50.8	-2853.0	-1450.9	-5.7	
69.65	332.3	25.1	11.2	2.0	-60.6	38.7	31.9	83.8	47.1	-2908.2	-1221.3	-22.0	
69.70	334.1	24.6	13.8	2.0	-64.4	38.8	35.2	88.3	47.5	-3240.4	-1114.4	-16.9	
69.75	335.9	23.9	19.0	2.0	-70.9	38.9	26.1	98.7	38.3	-3718.2	-1187.1	-5.6	
69.80	337.8	24.1	20.1	2.0	-75.6	39.0	9.5	105.1	27.2	-4005.6	-1448.0	-6.6	
69.85	339.6	24.7	17.8	2.0	-77.0	39.1	0.1	100.8	26.9	-4043.4	-1684.4	-16.0	
69.90	341.4	24.0	15.0	2.0	-75.9	39.2	-0.6	91.8	33.7	-3929.6	-1779.6	-24.2	
69.95	343.2	23.6	11.1	2.0	-72.2	39.3	3.2	76.9	27.9	-3723.5	-1678.6	-34.1	
70.00	345.0	23.2	4.7	2.0	-66.6	39.4	3.3	56.6	14.9	-3347.9	-1649.2	-50.5	
70.05	346.8	22.4	0.4	2.0	-62.9	39.5	-2.3	40.7	12.8	-2907.3	-1949.4	-61.6	
70.10	348.6	21.6	6.0	2.0	-64.6	39.6	-8.2	35.6	17.3	-2711.4	-2419.8	-44.0	
70.15	350.3	20.9	18.6	2.0	-69.0	39.7	-16.6	41.3	13.8	-2680.7	-2897.5	-5.2	
70.20	352.1	20.7	28.9	2.0	-72.2	39.8	-26.8	41.9	6.4	-2504.7	-3352.3	27.0	
70.25	353.8	20.3	33.3	2.0	-72.4	39.9	-29.2	21.2	7.7	-2108.0	-3674.7	41.8	
70.30	355.5	20.0	35.6	2.0	-71.4	40.0	-22.4	6.1	14.3	-1651.0	-3851.2	50.8	
70.35	357.3	20.2	37.5	2.0	-69.9	40.1	-17.3	-0.8	10.4	-1203.9	-3921.0	58.8	
70.40	359.0	20.5	39.0	2.0	-70.9	40.2	-23.2	-20.2	-0.0	-692.5	-4087.6	63.1	
70.45	0.6	21.5	41.1	2.0	-75.9	40.3	-36.3	-36.0	-3.8	-104.6	-4457.9	65.1	
70.50	2.3	23.5	45.4	2.0	-80.9	40.4	-47.3	-39.9	-1.2	253.0	-4804.7	74.8	
70.55	4.0	22.8	49.3	2.0	-81.6	40.5	-51.6	-37.6	-4.4	284.6	-4843.9	87.7	
70.60	5.7	22.2	47.2	2.0	-78.7	40.6	-52.3	-37.1	-12.4	259.1	-4616.5	83.3	
70.65	7.4	21.9	40.0	2.0	-73.2	40.7	-43.3	-50.8	-12.4	389.0	-4182.4	64.1	
70.70	9.1	21.4	31.3	2.0	-65.6	40.8	-23.9	-69.9	-5.5	510.6	-3571.4	42.1	
70.75	10.8	21.4	23.4	2.0	-57.9	40.9	-7.9	-77.3	-6.6	585.6	-2955.9	22.5	
70.80	12.5	21.6	16.5	2.0	-54.7	41.0	-11.5	-81.8	-13.8	663.3	-2674.2	2.1	
70.85	14.2	21.7	9.4	2.0	-55.9	41.1	-24.1	-92.6	-17.6	820.4	-2676.8	-23.4	
70.90	15.8	21.1	6.3	2.0	-59.2	41.2	-38.4	-97.6	-13.7	945.4	-2874.4	-37.5	
70.95	17.5	20.3	5.0	2.0	-59.5	41.3	-45.0	-97.2	-14.1	951.8	-2894.0	-42.3	
71.00	19.1	19.8	3.7	2.0	-56.7	41.4	-43.2	-100.9	-20.9	1009.9	-2631.0	-44.0	
71.05	20.8	19.2	-0.5	2.0	-54.6	41.5	-35.1	-110.6	-23.0	1315.0	-2290.3	-56.3	
71.10	22.4	18.6	0.0	2.0	-54.8	41.6	-19.6	-124.4	-15.8	1694.1	-2013.8	-54.7	
71.15	24.0	18.4	5.8	2.0	-55.6	41.7	-2.8	-129.4	-9.8	1958.2	-1844.0	-35.8	
71.20	25.6	18.5	12.1	2.0	-58.5	41.8	0.5	-125.8	-9.1	2202.4	-1917.6	-16.8	
71.25	27.2	18.6	15.8	2.0	-63.5	41.9	-8.2	-125.6	-8.6	2474.1	-2182.5	-9.3	
71.30	28.8	18.9	17.8	2.0	-68.5	42.0	-13.9	-134.7	-5.9	2731.7	-2420.2	-7.5	
71.35	30.4	18.8	21.5	2.0	-72.2	42.1	-19.2	-141.4	0.5	2881.4	-2642.0	1.8	
71.40	32.0	18.5	23.6	2.0	-74.7	42.2	-21.3	-152.0	3.5	3026.2	-2717.8	6.4	
71.45	33.6	17.9	19.1	2.0	-77.7	42.3	-22.1	-167.5	2.8	3296.7	-2679.6	-12.2	
71.50	35.2	18.0	12.8	2.0	-81.6	42.4	-23.3	-179.5	5.5	3617.8	-2691.2	-37.6	
71.55	36.7	18.8	8.7	2.0	-85.0	42.5	-25.6	-187.4	12.4	3805.1	-2823.7	-55.0	
71.60	38.3	20.5	9.5	2.0	-87.1	42.6	-29.5	-197.0	18.2	3815.1	-3008.7	-54.4	
71.65	39.8	18.9	8.7	2.0	-87.4	42.7	-31.2	-199.2	19.6	3822.2	-3024.8	-57.4	
71.70	41.4	18.5	6.2	2.0	-87.6	42.8	-27.6	-205.2	18.7	3980.1	-2817.1	-66.2	
71.75	42.9	19.5	4.8	2.0	-88.1	42.9	-20.3	-216.9	20.4	4143.9	-2572.3	-71.5	
71.80	44.4	19.7	8.4	2.0	-89.5	43.0	-20.6	-221.5	25.4	4215.9	-2626.4	-60.6	
71.85	45.9	19.8	11.9	2.0	-91.0	43.1	-25.7	-221.6	27.4	4204.5	-2850.0	-50.2	
71.90	47.4	19.8	13.9	2.0	-95.9	43.2	-41.7	-226.4	28.3	4316.3	-3294.0	-48.3	
71.95	48.9	19.0	15.9	2.0	-103.1	43.3	-62.4	-231.0	28.9	4514.4	-3869.8	-48.5	
72.00	50.4	18.4	20.2	2.0	-107.2	43.4	-77.9	-223.7	29.0	4471.0	-4386.5	-37.7	
72.05	51.9	18.3	27.6	2.0	-107.8	43.5	-80.4	-212.9	29.8	4304.5	-4654.7	-13.2	
72.10	53.4	19.7	29.2	2.0	-108.6	43.6	-75.3	-216.3	33.5	4309.3	-4721.3	-8.5	
72.15	54.9	20.1	29.3	2.0	-109.5	43.7	-71.2	-227.5	36.0	4416.0	-4674.5	-8.8	
72.20	56.4	20.2	28.4	2.0	-108.6	43.8	-64.4	-230.2	35.3	4397.9	-4596.2	-11.0	
72.25	57.9	20.3	32.2	2.0	-108.7	43.9	-60.7	-226.5	41.1	4241.0	-4758.1	1.8	
72.30	59.3	20.8	35.9	2.0	-112.1	44.0	-65.2	-225.6	51.2	4192.3	-5127.8	11.1	
72.35	60.8	20.9	33.3	2.0	-115.9	44.1	-76.9	-229.2	54.5	4258.7	-5413.1	-1.7	
72.40	62.2	20.1	29.0	2.0	-116.2	44.2	-83.5	-237.1	51.1	4276.9	-5396.6	-16.6	
72.45	63.7	19.6	24.5	2.0	-113.1	44.3	-74.9	-246.4	51.3	4272.3	-5070.6	-28.9	
72.50	65.1	19.6	22.2	2.0	-110.2	44.4	-56.3	-255.6	61.7	4375.7	-4664.9	-33.9	
72.55	66.5	20.2	17.6	2.0	-107.7	44.5	-35.0	-264.0	72.2	4539.7	-4191.6	-47.4	
72.60	67.9	20.2	14.5	2.0	-105.4	44.6	-23.6	-269.3	75.9	4643.7	-3787.2	-55.6	
72.65	69.3	20.0	15.6	2.0	-104.4	44.7	-24.5	-272.4	80.5	4642.5	-3652.8	-50.8	
72.70	70.6	19.6	16.9	2.0	-104.2	44.8	-27.2	-274.9	88.9	4584.5	-3673.4	-46.2	
72.75	72.0	19.6	17.1	2.0	-104.9	44.9	-28.7	-272.2	99.5	4584.1	-3751.1	-46.1	
72.80	73.4	19.4	17.4	2.0	-103.8	45.0	-29.3	-264.5	107.8	4538.6	-3704.5	-44.2	
72.85	74.7	19.3	16.3	2.0	-100.6	45.1	-24.6	-265.7	108.3	4498.3	-3359.1	-44.8	
72.90	76.1	19.9	15.0	2.0	-98.5	45.2	-21.6	-269.3	110.3	4526.6	-3031.1	-47.1	
72.95	77.4	20.5	9.0	2.0	-98.6	45.3	-22.1	-273.1	117.8	4582.2	-2925.8	-67.6	
73.00	78.8	21.0	9.0	2.0	-99.5	45.4	-24.7	-275.7	127.2	4607.6	-2986.9	-68.7	
73.05	80.1	21.6	11.2	2.0	-99.6	45.5	-28.2	-268.2	133.3	4588.0	-3050.5	-61.0	
73.10	81.5	21.1	11.3	2.0	-99.6	45.6	-33.8	-257.7	135.9	4604.4	-3082.8	-60.9	
73.15	82.8	20.3	9.1	2.0	-99.1	45.7	-34.9	-254.2	138.0	4624.1	-2999.7	-67.9	
73.20	84.2	19.4	8.6	2.0	-96.5	45.8	-25.6	-253.9	140.8	4554.4	-2732.8	-67.0	
73.25	85.5	19.3	8.4	2.0	-93.5	45.9	-12.1	-256.6	144.6	4480.4	-2395.9	-64.5	
73.30	86.9	19.7	6.0	2.0	-93.3	46.0	-0.3	-264.5	147.2	4593.5	-2078.5	-72.8	
73.35	88.3	20.2	3.4	2.0	-97.1	46.1	3.3	-273.1	148.3	4929.2	-1940.3	-85.3	
73.40	89.6	19.5	2.5	2.0	-101.7	46.2	-0.2	-281.6	150.2	5238.9	-2043.0	-93.0	
73.45	90.9	18.7	5.2	2.0	-105.3	46.3	-5.2	-288.5	156.4	5408.5	-2280.7	-87.4	
73.50	92.2	18.7	4.7	2.0	-110.1	46.4	-9.9	-295.9	162.8	5683.0	-2490.8	-93.8	
73.55	93.6	18.9	4.9	2.0	-113.5	46.5	-15.5	-302.9	165.7	5894.3	-2603.4	-96.7	
73.60	94.9	18.6	6.8	2.0	-113.3	46.6	-11.6	-306.6	162.6	5936.2	-2444.3	-90.1	
73.65	96.1	17.4	10.1	2.0	-113.6	46.7	-3.5	-304.1	167.1	5997.2	-2368.6	-78.9	
73.70	97.4	17.1	13.1	2.0	-115.4	46.8	2.4	-302.0	179.2	6072.6	-2517.6	-70.2	
73.75	98.7	17.3	15.5	2.0	-115.9	46.9	2.7	-299.6	186.3	6037.3	-2717.3	-62.7	
73.80	99.9	18.3	18.9	2.0	-116.8	47.0	-9.0	-290.8	191.3	5956.0	-3077.5	-51.8	
73.85	101.2	18.6	22.3	2.0	-117.7	47.1	-25.9	-281.8	199.8	5811.6	-3517.5	-41.1	
73.90	102.4	19.0	26.0	2.0	-119.1	47.2	-38.2	-280.4	209.4	5727.3	-3830.8	-29.8	
73.95	103.7	19.4	24.3	2.0	-120.1	47.3	-44.1	-275.1	215.4	5737.4	-3964.9	-36.5	
74.00	104.9	17.9	23.3	2.0	-118.6	47.4	-44.6	-271.8	218.0	5662.5	-3889.9	-38.6	
74.05	106.2	17.7	22.5	2.0	-116.3	47.5	-40.7	-277.1	221.6	5581.5	-3672.8	-39.3	
74.10	107.4	18.7	20.1	2.0	-113.7	47.6	-34.6	-276.7	225.2	5514.1	-3402.6	-44.5	
74.15	108.7	19.6	16.4	2.0	-110.4	47.7	-26.2	-271.5	229.7	5415.1	-3106.3	-53.9	
74.20	109.9	20.5	14.8	2.0	-105.9	47.8	-15.6	-263.3	234.4	5262.0	-2735.7	-55.2	
74.25	111.1	21.2	13.4	2.0	-101.1	47.9	-5.9	-257.1	240.4	5061.8	-2347.5	-55.0	
74.30	112.4	20.2	9.4	2.0	-96.5	48.0	4.2	-252.7	243.6	4896.2	-1880.0	-64.1	
74.35	113.6	20.5	3.4	2.0	-93.7	48.1	16.9	-254.6	243.1	4835.1	-1353.3	-82.2	
74.40	114.8	21.3	-3.4	2.0	-92.7	48.2	30.2	-257.5	243.0	4859.7	-867.0	-104.3	
74.45	116.1	21.2	-7.3	2.0	-92.3	48.3	39.6	-259.4	245.8	4863.3	-511.5	-117.5	
74.50	117.3	21.1	-9.0	2.0	-89.6	48.4	41.9	-256.8	246.8	4685.5	-275.6	-120.4	
74.55	118.5	20.8	-11.5	2.0	-85.8	48.5	35.1	-248.7	245.8	4429.0	-224.8	-125.4	
74.60	119.7	20.1	-12.9	2.0	-82.9	48.6	24.4	-238.0	247.3	4237.0	-328.3	-127.1	
74.65	120.8	20.3	-11.4	2.0	-80.8	48.7	19.1	-231.0	255.0	4083.9	-444.6	-120.0	
74.70	122.0	20.5	-7.5	2.0	-78.4	48.8	19.9	-220.5	266.3	3912.3	-527.8	-104.1	
74.75	123.2	20.0	-5.6	2.0	-75.8	48.9	25.4	-205.5	272.3	3753.8	-481.8	-95.0	
74.80	124.3	20.5	-4.3	2.0	-74.8	49.0	32.6	-203.8	276.7	3692.4	-364.7	-89.6	
74.85	125.5	20.8	-2.2	2.0	-76.3	49.1	30.6	-212.4	286.9	3763.1	-472.6	-84.0	
74.90	126.7	20.3	-1.8	2.0	-77.6	49.2	20.5	-205.0	294.0	3834.2	-738.3	-83.7	
74.95	127.8	19.7	3.1	2.0	-77.6	49.3	11.2	-190.7	296.0	3816.0	-1032.6	-66.9	
75.00	129.0	19.7	6.1	2.0	-80.8	49.4	2.3	-188.7	302.8	3949.8	-1420.3	-59.8	
75.05	130.2	20.6	6.7	2.0	-87.9	49.5	-9.6	-198.8	317.1	4304.9	-1869.3	-64.8	
75.10	131.3	21.3	7.6	2.0	-91.4	49.6	-16.3	-208.4	324.3	4448.5	-2100.0	-65.3	
75.15	132.5	21.3	10.5	2.0	-90.0	49.7	-11.6	-208.7	322.2	4358.3	-2046.9	-53.8	
75.20	133.7	20.7	11.8	2.0	-88.9	49.8	-6.0	-199.7	325.2	4303.6	-2038.0	-48.5	
75.25	134.8	21.1	11.5	2.0	-88.7	49.9	-1.8	-195.3	333.7	4267.0	-2093.2	-49.1	
75.30	136.0	21.1	14.1	2.0	-85.7	50.0	-4.1	-187.3	333.3	4009.5	-2150.7	-37.2	
75.35	137.2	20.7	16.1	2.0	-81.2	50.1	-16.4	-168.3	326.3	3580.1	-2310.8	-25.9	
75.40	138.3	19.2	16.1	2.0	-78.5	50.2	-24.7	-158.0	325.6	3248.4	-2482.9	-23.2	
75.45	139.5	18.3	13.3	2.0	-78.3	50.3	-23.9	-161.3	336.1	3121.6	-2583.3	-32.6	
75.50	140.6	18.0	9.1	2.0	-76.9	50.4	-22.8	-155.1	341.2	3037.0	-2545.1	-45.5	
75.55	141.8	18.1	6.3	2.0	-71.7	50.5	-18.1	-142.9	333.3	2830.1	-2245.1	-50.1	
75.60	142.9	18.0	2.8	2.0	-66.8	50.6	-9.4	-143.3	329.8	2629.5	-1903.5	-57.3	
75.65	144.1	17.6	-1.5	2.0	-64.0	50.7	-0.6	-147.6	338.8	2496.8	-1688.8	-69.3	
75.70	145.2	17.0	-2.2	2.0	-60.1	50.8	4.8	-140.8	344.6	2274.1	-1513.7	-67.6	
75.75	146.3	17.6	-1.3	2.0	-54.1	50.9	6.6	-125.4	337.4	1944.7	-1288.2	-58.5	
75.80	147.4	18.3	-0.1	2.0	-51.2	51.0	5.4	-112.9	335.4	1799.1	-1174.6	-51.6	
75.85	148.5	18.7	-2.8	2.0	-53.4	51.1	4.5	-116.3	347.1	1955.5	-1214.0	-63.2	
75.90	149.5	18.8	-4.6	2.0	-55.5	51.2	4.8	-121.3	358.2	2065.6	-1292.2	-71.5	
75.95	150.6	18.9	-4.7	2.0	-54.2	51.3	1.8	-115.6	355.6	1941.3	-1338.2	-70.3	
76.00	151.7	19.1	-3.6	2.0	-52.6	51.4	-1.7	-105.8	351.7	1797.9	-1379.8	-65.1	
76.05	152.7	18.8	-1.9	2.0	-53.6	51.5	-2.6	-105.0	359.0	1801.6	-1491.9	-60.2	
76.10	153.8	19.1	-0.0	2.0	-55.4	51.6	-3.1	-106.7	369.1	1839.9	-1636.4	-55.4	
76.15	154.8	20.2	3.9	2.0	-55.2	51.7	-8.0	-94.9	367.6	1731.7	-1780.8	-41.8	
76.20	155.9	19.7	7.1	2.0	-54.4	51.8	-14.4	-77.9	363.3	1533.8	-1936.7	-30.0	
76.25	156.9	19.8	9.7	2.0	-55.5	51.9	-18.2	-74.6	370.4	1446.5	-2108.3	-22.1	
76.30	157.9	20.5	10.7	2.0	-58.0	52.0	-20.8	-79.5	379.7	1563.2	-2229.9	-21.4	
76.35	158.9	20.7	10.2	2.0	-58.0	52.1	-20.3	-77.2	375.7	1670.1	-2163.9	-23.1	
76.40	159.9	20.8	10.4	2.0	-55.1	52.2	-15.3	-69.0	364.9	1656.6	-1939.4	-19.4	
76.45	161.0	21.0	8.8	2.0	-52.8	52.3	-7.6	-63.9	366.4	1638.5	-1740.8	-22.5	
76.50	162.0	21.6	6.1	2.0	-50.7	52.4	-0.2	-65.9	374.7	1574.0	-1564.3	-29.6	
76.55	163.0	21.1	4.3	2.0	-46.0	52.5	1.9	-64.1	371.4	1307.1	-1340.8	-31.1	
76.60	164.0	20.7	2.6	2.0	-40.9	52.6	0.8	-54.8	361.5	1043.2	-1106.3	-32.1	
76.65	165.0	21.3	-0.5	2.0	-37.2	52.7	6.1	-49.1	362.5	900.4	-874.4	-38.9	
76.70	166.0	22.5	-3.1	2.0	-33.8	52.8	16.5	-47.7	371.8	773.5	-618.0	-44.3	
76.75	167.0	23.2	-7.1	2.0	-30.7	52.9	23.7	-46.8	372.0	677.8	-310.5	-55.2	
76.80	168.0	23.1	-10.4	2.0	-29.4	53.0	26.7	-50.8	361.2	642.8	20.6	-65.1	
76.85	169.0	23.2	-13.3	2.0	-30.4	53.1	28.7	-55.7	357.5	667.7	219.8	-76.0	
76.90	170.0	23.2	-14.2	2.0	-29.7	53.2	31.7	-47.6	364.6	618.2	244.1	-78.4	
76.95	171.0	23.1	-12.1	2.0	-26.1	53.3	33.4	-33.4	369.0	365.2	201.4	-67.8	
77.00	171.9	23.2	-9.7	2.0	-22.1	53.4	29.0	-25.9	365.6	107.7	94.2	-55.6	
77.05	172.9	22.8	-7.9	2.0	-21.9	53.5	19.1	-26.0	363.8	56.8	-133.8	-49.1	
77.10	173.8	22.2	-6.5	2.0	-24.5	53.6	17.5	-29.8	369.3	101.8	-316.0	-46.7	
77.15	174.8	22.1	-4.4	2.0	-25.2	53.7	23.5	-22.8	373.3	76.9	-377.6	-40.1	
77.20	175.7	21.8	-0.7	2.0	-25.9	53.8	24.6	-10.8	371.2	69.6	-457.7	-28.2	
77.25	176.6	21.8	1.6	2.0	-27.7	53.9	19.7	-13.4	368.2	150.6	-591.2	-22.2	
77.30	177.5	22.9	2.8	2.0	-30.8	54.0	11.6	-21.9	368.0	263.5	-795.7	-21.2	
77.35	178.4	23.0	5.2	2.0	-32.7	54.1	5.6	-14.0	368.2	275.4	-976.5	-14.9	
77.40	179.3	22.8	9.8	2.0	-32.1	54.2	7.7	5.6	366.5	96.7	-981.8	1.6	
77.45	180.2	22.9	13.0	2.0	-31.1	54.3	12.8	17.3	364.6	-95.8	-866.4	13.5	
77.50	181.2	22.3	10.9	2.0	-30.0	54.4	13.9	17.9	363.5	-184.6	-769.2	7.3	
77.55	182.1	21.8	7.9	2.0	-28.8	54.5	17.0	17.8	360.1	-357.2	-596.8	-1.6	
77.60	183.0	21.6	7.1	2.0	-30.0	54.6	23.1	20.0	356.9	-668.6	-383.6	-5.7	
77.65	184.0	21.0	6.7	2.0	-33.0	54.7	24.6	28.0	357.4	-932.1	-292.7	-10.0	
77.70	184.9	20.4	3.0	2.0	-34.4	54.8	23.1	30.9	357.5	-1052.1	-251.1	-24.0	
77.75	185.8	19.8	-1.2	2.0	-34.3	54.9	20.4	25.6	353.3	-1076.4	-196.1	-38.3	
77.80	186.7	20.0	-2.7	2.0	-35.4	55.0	17.1	27.0	348.0	-1170.6	-163.1	-44.7	
77.85	187.6	19.9	-1.8	2.0	-38.3	55.1	19.0	32.8	348.5	-1382.8	-82.5	-44.5	
77.90	188.5	19.8	-1.9	2.0	-40.3	55.2	25.5	38.0	350.8	-1507.0	80.6	-46.8	
77.95	189.4	19.8	-1.7	2.0	-40.7	55.3	29.8	43.9	347.6	-1497.7	257.8	-46.6	
78.00	190.2	20.2	1.3	2.0	-41.9	55.4	34.8	47.5	343.7	-1540.4	417.2	-37.5	
78.05	191.1	20.7	5.0	2.0	-43.4	55.5	39.5	48.0	346.8	-1641.9	441.9	-26.2	
78.10	192.0	19.9	6.2	2.0	-43.0	55.6	37.6	50.1	352.4	-1645.4	256.1	-21.6	
78.15	192.8	20.0	6.0	2.0	-41.6	55.7	31.6	49.2	350.6	-1573.7	23.6	-21.1	
78.20	193.6	20.6	5.8	2.0	-40.3	55.8	22.5	46.8	344.0	-1479.1	-247.1	-20.4	
78.25	194.5	21.7	6.8	2.0	-40.3	55.9	13.7	49.7	341.9	-1387.3	-569.0	-16.9	
78.30	195.3	22.6	11.0	2.0	-42.4	56.0	9.8	55.9	343.3	-1441.1	-796.4	-4.8	
78.35	196.1	23.4	16.0	2.0	-46.1	56.1	9.1	66.2	341.4	-1695.5	-855.0	8.9	
78.40	197.0	24.3	18.9	2.0	-49.2	56.2	9.3	76.8	336.8	-1941.9	-812.0	15.8	
78.45	197.8	24.4	19.9	2.0	-51.0	56.3	11.8	81.6	335.0	-2102.8	-723.7	17.3	
78.50	198.6	24.1	20.0	2.0	-51.9	56.4	17.3	85.1	335.7	-2195.8	-614.3	16.6	
78.55	199.4	23.3	21.6	2.0	-53.0	56.5	22.0	92.8	334.8	-2282.1	-523.8	21.0	
78.60	200.2	23.2	21.2	2.0	-55.0	56.6	25.8	99.1	331.6	-2434.0	-417.5	17.7	
78.65	201.1	22.6	17.7	2.0	-56.7	56.7	24.8	98.1	327.8	-2584.0	-340.2	4.0	
78.70	201.9	20.8	12.0	2.0	-57.5	56.8	20.7	92.3	323.8	-2671.4	-291.7	-16.4	
78.75	202.7	21.2	9.1	2.0	-58.7	56.9	20.6	90.4	319.6	-2782.1	-172.5	-27.4	
78.80	203.5	21.8	9.1	2.0	-59.9	57.0	28.6	90.2	317.9	-2878.5	61.2	-28.6	
78.85	204.3	22.0	8.1	2.0	-59.8	57.1	37.2	87.7	317.5	-2851.2	303.0	-31.8	
78.90	205.1	22.5	5.0	2.0	-58.7	57.2	43.7	82.5	316.0	-2740.1	529.8	-41.6	
78.95	205.9	23.1	4.5	2.0	-58.8	57.3	49.3	79.9	312.3	-2707.9	713.7	-43.5	
79.00	206.7	23.7	8.4	2.0	-59.9	57.4	52.0	82.4	311.2	-2779.8	738.8	-31.2	
79.05	207.5	23.8	11.4	2.0	-60.4	57.5	52.3	88.4	312.9	-2821.5	638.2	-21.2	
79.10	208.3	23.9	13.0	2.0	-59.7	57.6	48.7	92.7	312.2	-2795.3	477.2	-14.9	
79.15	209.0	24.0	14.4	2.0	-58.2	57.7	40.0	92.8	307.6	-2726.7	237.7	-8.9	
79.20	209.8	23.2	17.1	2.0	-57.4	57.8	30.9	93.7	304.9	-2685.5	-66.7	1.2	
79.25	210.5	22.9	19.8	2.0	-57.2	57.9	26.8	93.2	304.3	-2657.5	-318.4	10.9	
79.30	211.2	23.3	20.8	2.0	-56.4	58.0	23.5	92.3	302.1	-2570.4	-518.1	15.1	
79.35	211.9	23.5	21.7	2.0	-55.5	58.1	17.0	93.5	297.9	-2452.2	-725.5	19.0	
79.40	212.6	23.3	25.4	2.0	-56.3	58.2	14.7	98.9	293.4	-2466.1	-840.1	31.1	
79.45	213.3	22.9	31.8	2.0	-59.2	58.3	16.1	112.5	291.4	-2653.4	-863.0	50.0	
79.50	214.0	22.8	35.0	2.0	-61.8	58.4	19.1	126.5	290.4	-2841.8	-777.5	58.4	
79.55	214.7	22.7	34.6	2.0	-62.3	58.5	21.6	130.1	288.5	-2910.5	-618.7	56.4	
79.60	215.4	22.7	31.0	2.0	-61.0	58.6	27.4	124.0	283.4	-2868.3	-337.2	45.6	
79.65	216.1	23.5	27.2	2.0	-60.2	58.7	34.2	121.9	276.5	-2835.2	-15.2	33.2	
79.70	216.8	24.0	22.8	2.0	-60.6	58.8	40.6	124.4	271.5	-2846.2	293.2	17.8	
79.75	217.5	24.4	18.6	2.0	-61.4	58.9	43.6	123.9	269.8	-2875.0	500.2	2.4	
79.80	218.2	24.9	15.8	2.0	-62.6	59.0	43.7	122.7	265.5	-2945.4	662.6	-8.4	
79.85	218.9	25.4	15.1	2.0	-65.6	59.1	45.2	125.5	259.0	-3117.2	893.3	-13.7	
79.90	219.6	25.4	15.6	2.0	-70.4	59.2	52.1	134.6	258.0	-3362.4	1206.8	-16.9	
79.95	220.3	24.5	16.2	2.0	-74.8	59.3	62.9	142.7	261.5	-3552.7	1527.8	-19.0	
80.00	221.0	24.8	17.1	2.0	-78.5	59.4	74.6	145.6	261.4	-3687.9	1849.6	-19.9	
80.05	221.7	25.5	16.6	2.0	-80.6	59.5	82.7	140.3	255.7	-3722.5	2134.0	-23.7	
80.10	222.3	26.3	14.9	2.0	-79.8	59.6	81.6	135.9	252.7	-3639.4	2188.1	-28.8	
80.15	223.0	26.0	12.1	2.0	-77.1	59.7	76.2	133.6	253.4	-3512.9	2032.1	-35.7	
80.20	223.7	25.3	13.0	2.0	-74.7	59.8	70.1	131.2	253.0	-3459.5	1782.1	-30.1	
80.25	224.3	24.4	16.1	2.0	-73.0	59.9	59.5	134.8	248.3	-3471.6	1461.4	-17.7	
80.30	225.0	24.8	17.3	2.0	-72.2	60.0	49.3	142.1	244.3	-3510.1	1169.9	-12.9	
80.35	225.6	25.1	18.9	2.0	-71.5	60.1	47.3	141.9	244.6	-3512.9	1002.9	-6.7	
80.40	226.3	25.2	21.4	2.0	-70.5	60.2	51.0	138.6	243.5	-3451.7	948.4	2.8	
80.45	226.9	24.5	26.7	2.0	-70.6	60.3	54.7	143.4	236.8	-3451.3	935.9	21.1	
80.50	227.5	23.9	31.3	2.0	-71.2	60.4	57.8	149.9	231.0	-3492.5	901.9	36.3	
80.55	228.1	23.6	32.8	2.0	-70.9	60.5	55.3	153.7	230.7	-3504.1	712.5	41.6	
80.60	228.7	24.6	34.2	2.0	-70.8	60.6	45.5	158.4	227.9	-3539.8	423.4	46.6	
80.65	229.4	25.0	35.6	2.0	-71.6	60.7	35.4	161.4	219.6	-3625.7	205.8	50.6	
80.70	230.0	25.1	35.7	2.0	-72.8	60.8	28.5	164.6	212.9	-3720.8	62.9	49.6	
80.75	230.6	26.2	34.1	2.0	-73.9	60.9	26.9	167.7	209.7	-3799.2	21.9	43.3	
80.80	231.2	26.5	32.3	2.0	-75.3	61.0	29.9	168.3	205.7	-3901.6	122.1	35.8	
80.85	231.9	26.7	32.6	2.0	-77.8	61.1	34.4	168.0	199.3	-4086.1	321.2	34.3	
80.90	232.5	27.8	32.1	2.0	-80.1	61.2	38.8	170.0	194.5	-4235.2	527.2	30.1	
80.95	233.1	27.7	32.0	2.0	-81.9	61.3	43.9	175.4	194.2	-4334.7	687.7	27.9	
81.00	233.8	27.2	33.0	2.0	-84.2	61.4	52.0	180.5	195.1	-4455.4	881.8	29.1	
81.05	234.4	26.8	34.0	2.0	-86.3	61.5	56.0	184.1	193.3	-4567.5	1048.6	30.3	
81.10	235.0	27.0	31.8	2.0	-86.5	61.6	55.6	182.6	190.0	-4562.9	1151.3	22.7	
81.15	235.7	26.9	27.6	2.0	-85.2	61.7	56.4	174.7	187.5	-4456.7	1253.5	9.4	
81.20	236.3	26.0	24.5	2.0	-83.8	61.8	59.1	169.8	186.2	-4330.3	1354.6	0.4	
81.25	236.9	25.4	23.6	2.0	-83.3	61.9	59.7	169.8	184.2	-4272.8	1405.5	-2.3	
81.30	237.5	24.7	23.7	2.0	-82.8	62.0	58.9	168.2	182.9	-4246.4	1404.3	-1.6	
81.35	238.1	23.9	23.9	2.0	-81.8	62.1	54.2	168.1	182.4	-4202.2	1294.0	0.1	
81.40	238.7	23.7	26.0	2.0	-82.1	62.2	49.8	173.9	182.5	-4247.1	1178.5	7.2	
81.45	239.3	23.7	31.0	2.0	-84.7	62.3	50.2	186.2	181.4	-4425.1	1162.3	21.8	
81.50	239.9	23.8	36.5	2.0	-86.8	62.4	52.3	195.0	177.5	-4551.8	1197.0	38.4	
81.55	240.5	23.9	38.3	2.0	-86.4	62.5	52.6	197.3	174.6	-4519.2	1187.6	44.9	
81.60	241.1	23.2	37.3	2.0	-84.2	62.6	52.7	191.8	171.1	-4369.5	1168.4	43.8	
81.65	241.7	22.2	36.0	2.0	-82.3	62.7	50.3	186.7	165.5	-4256.8	1125.5	41.2	
81.70	242.3	22.3	34.6	2.0	-80.8	62.8	44.3	187.0	161.0	-4170.4	1009.1	37.9	
81.75	242.9	21.1	33.3	2.0	-79.0	62.9	40.1	186.6	158.0	-4060.2	919.1	35.4	
81.80	243.5	19.6	33.7	2.0	-78.2	63.0	39.2	186.1	152.5	-3998.6	946.3	37.4	
81.85	244.1	18.8	35.4	2.0	-78.6	63.1	38.3	190.5	145.3	-4013.1	1005.3	42.9	
81.90	244.7	20.0	37.5	2.0	-79.1	63.2	42.5	192.3	140.1	-4006.1	1141.3	49.8	
81.95	245.3	21.1	35.4	2.0	-77.8	63.3	51.5	185.7	138.3	-3851.0	1358.8	43.6	
82.00	245.9	21.6	32.4	2.0	-75.2	63.4	57.8	176.5	135.8	-3588.9	1546.3	35.9	
82.05	246.5	21.8	30.8	2.0	-73.5	63.5	59.8	172.3	131.8	-3409.2	1669.4	32.2	
82.10	247.1	22.2	31.6	2.0	-73.4	63.6	61.1	171.7	130.6	-3368.5	1722.5	35.1	
82.15	247.7	22.8	31.7	2.0	-72.8	63.7	59.3	173.0	132.0	-3343.1	1670.0	36.0	
82.20	248.3	22.9	32.0	2.0	-71.5	63.8	53.5	174.1	130.7	-3279.5	1587.8	38.2	
82.25	248.9	22.9	30.8	2.0	-69.9	63.9	48.5	169.8	125.3	-3172.4	1579.2	35.7	
82.30	249.6	22.9	30.9	2.0	-67.9	64.0	47.1	162.3	121.3	-3022.2	1591.9	38.1	
82.35	250.2	22.6	30.4	2.0	-65.7	64.1	49.3	162.2	123.3	-2834.0	1581.9	38.7	
82.40	250.8	22.1	30.3	2.0	-64.0	64.2	54.6	162.5	125.3	-2644.3	1641.6	40.1	
82.45	251.4	21.6	32.4	2.0	-63.6	64.3	57.3	161.1	124.0	-2554.9	1725.2	47.5	
82.50	252.0	21.3	35.0	2.0	-63.3	64.4	54.6	162.1	121.8	-2534.0	1718.3	56.7	
82.55	252.5	21.8	36.1	2.0	-62.8	64.5	51.4	165.1	121.2	-2530.2	1644.8	61.0	
82.60	253.1	22.5	38.3	2.0	-63.1	64.6	51.6	170.3	120.4	-2566.7	1607.4	68.2	
82.65	253.7	22.3	39.3	2.0	-62.8	64.7	51.2	171.4	116.0	-2547.8	1587.4	72.1	
82.70	254.3	22.5	37.7	2.0	-60.4	64.8	48.1	165.8	110.7	-2402.4	1522.2	68.9	
82.75	254.9	22.6	33.9	2.0	-57.2	64.9	46.6	154.6	107.6	-2185.4	1475.8	59.3	
82.80	255.5	22.4	31.9	2.0	-56.1	65.0	46.2	150.0	104.7	-2087.8	1494.8	53.4	
82.85	256.1	21.7	31.9	2.0	-57.5	65.1	45.6	157.2	99.8	-2158.3	1557.2	51.8	
82.90	256.7	21.3	33.0	2.0	-59.9	65.2	46.0	167.0	94.7	-2304.7	1624.1	53.3	
82.95	257.3	21.5	35.7	2.0	-62.4	65.3	50.6	172.1	91.0	-2444.5	1723.5	60.2	
83.00	257.8	21.5	37.3	2.0	-64.5	65.4	56.0	173.4	86.8	-2554.8	1838.8	63.6	
83.05	258.4	21.2	37.9	2.0	-66.1	65.5	58.1	174.0	81.2	-2658.3	1894.7	64.0	
83.10	259.0	20.7	37.0	2.0	-66.9	65.6	59.6	173.2	78.2	-2743.5	1892.1	60.1	
83.15	259.6	19.9	35.5	2.0	-66.3	65.7	59.3	166.9	76.1	-2749.1	1831.2	55.7	
83.20	260.2	18.9	33.7	2.0	-65.3	65.8	56.1	163.0	74.0	-2749.0	1723.7	50.5	
83.25	260.8	17.7	33.3	2.0	-66.1	65.9	52.2	168.4	72.4	-2860.8	1641.2	48.3	
83.30	261.4	18.1	34.0	2.0	-67.7	66.0	51.4	171.6	70.1	-2994.9	1635.8	49.0	
83.35	262.0	17.9	34.3	2.0	-68.1	66.1	50.7	169.6	69.9	-3058.1	1591.6	49.6	
83.40	262.6	17.5	34.1	2.0	-67.7	66.2	48.9	168.1	69.5	-3066.7	1518.1	49.5	
83.45	263.2	18.0	35.1	2.0	-68.0	66.3	49.1	170.8	67.4	-3089.0	1505.6	52.6	
83.50	263.8	18.3	37.6	2.0	-69.0	66.4	50.6	177.9	66.1	-3163.4	1488.5	59.9	
83.55	264.4	18.6	38.6	2.0	-69.4	66.5	50.2	180.4	66.8	-3224.5	1402.5	63.1	
83.60	264.9	19.5	38.5	2.0	-68.7	66.6	45.9	178.0	67.2	-3248.4	1238.8	63.5	
83.65	265.5	19.3	38.6	2.0	-68.3	66.7	42.1	175.0	65.0	-3273.5	1112.8	64.2	
83.70	266.1	18.9	38.6	2.0	-68.8	66.8	39.1	177.7	62.1	-3343.0	1011.9	63.8	
83.75	266.6	19.6	40.6	2.0	-71.1	66.9	37.2	185.4	59.7	-3530.2	921.7	68.1	
83.80	267.2	19.9	43.2	2.0	-73.7	67.0	36.1	190.1	56.9	-3740.0	853.9	74.7	
83.85	267.8	19.9	43.8	2.0	-75.6	67.1	31.7	194.6	53.2	-3893.4	770.1	74.9	
83.90	268.3	19.6	43.1	2.0	-76.4	67.2	27.7	197.2	48.1	-3957.3	749.2	71.5	
83.95	268.8	19.6	42.9	2.0	-77.2	67.3	29.9	199.9	43.3	-3996.0	832.3	70.0	
84.00	269.4	19.9	42.4	2.0	-78.0	67.4	31.9	206.4	39.9	-4036.0	874.8	67.7	
84.05	269.9	20.4	43.3	2.0	-78.9	67.5	31.6	212.4	36.9	-4084.8	881.1	69.7	
84.10	270.5	20.8	43.4	2.0	-79.5	67.6	35.1	208.8	32.5	-4124.7	984.8	69.6	
84.15	271.0	21.1	42.6	2.0	-79.1	67.7	40.2	201.9	28.1	-4073.3	1142.8	67.2	
84.20	271.6	21.1	40.1	2.0	-77.6	67.8	43.8	195.6	24.3	-3927.6	1281.7	60.1	
84.25	272.1	21.7	36.6	2.0	-75.6	67.9	49.8	186.5	20.5	-3742.2	1429.6	50.2	
84.30	272.7	22.4	33.2	2.0	-73.1	68.0	55.0	172.6	18.3	-3537.4	1521.5	41.1	
84.35	273.2	23.1	31.8	2.0	-71.0	68.1	54.5	164.2	16.8	-3385.3	1532.5	38.4	
84.40	273.8	23.2	31.5	2.0	-71.1	68.2	52.1	169.6	13.1	-3377.4	1553.3	37.1	
84.45	274.3	23.1	34.4	2.0	-73.2	68.3	51.7	181.1	9.9	-3507.0	1588.7	44.9	
84.50	274.9	22.8	36.8	2.0	-75.8	68.4	51.9	190.1	9.9	-3682.8	1599.4	50.7	
84.55	275.4	22.0	38.8	2.0	-76.4	68.5	50.0	190.8	9.9	-3749.5	1568.4	56.6	
84.60	276.0	21.4	38.2	2.0	-76.2	68.6	48.7	190.4	7.1	-3732.2	1576.3	55.0	
84.65	276.5	20.8	37.2	2.0	-75.9	68.7	49.9	190.0	4.0	-3686.5	1622.9	51.9	
84.70	277.0	20.7	36.7	2.0	-74.4	68.8	50.9	186.4	3.7	-3586.0	1598.3	51.5	
84.75	277.6	21.0	36.1	2.0	-72.6	68.9	48.3	184.4	4.2	-3496.9	1479.7	51.5	
84.80	278.1	21.4	37.5	2.0	-71.4	69.0	44.1	183.0	1.6	-3447.5	1381.9	57.4	
84.85	278.7	21.3	37.3	2.0	-70.2	69.1	40.2	182.4	-2.3	-3387.6	1307.3	57.9	
84.90	279.2	20.9	37.1	2.0	-68.4	69.2	38.3	182.9	-4.1	-3270.2	1226.8	59.0	
84.95	279.7	20.5	37.6	2.0	-66.9	69.3	41.0	181.5	-5.3	-3149.3	1226.6	62.0	
85.00	280.2	20.3	39.0	2.0	-66.3	69.4	46.5	178.4	-10.2	-3055.1	1332.7	67.6	
85.05	280.7	20.0	38.7	2.0	-65.9	69.5	48.3	178.1	-17.4	-2982.2	1402.7	67.1	
85.10	281.2	19.9	36.9	2.0	-65.5	69.6	46.6	177.1	-22.7	-2973.2	1366.6	61.2	
85.15	281.8	20.4	37.2	2.0	-66.8	69.7	44.6	178.0	-27.1	-3113.1	1277.2	60.9	
85.20	282.3	20.6	39.2	2.0	-69.7	69.8	41.4	185.9	-33.1	-3364.1	1144.6	65.0	
85.25	282.8	20.8	40.2	2.0	-72.3	69.9	35.7	194.4	-39.1	-3601.3	962.1	65.8	
85.30	283.3	20.9	40.8	2.0	-74.0	70.0	31.4	196.3	-43.6	-3762.9	827.4	66.1	
85.35	283.8	20.1	40.3	2.0	-75.0	70.1	31.5	191.0	-47.9	-3852.9	804.0	63.5	
85.40	284.3	19.9	40.7	2.0	-75.8	70.2	35.6	188.5	-52.3	-3903.7	887.3	63.8	
85.45	284.9	20.9	40.6	2.0	-77.0	70.3	39.9	190.3	-54.9	-3963.4	989.6	62.2	
85.50	285.4	20.8	41.2	2.0	-78.4	70.4	43.6	190.4	-57.0	-4031.7	1110.6	63.1	
85.55	285.9	21.1	42.4	2.0	-80.1	70.5	44.7	192.3	-60.9	-4130.6	1201.5	65.5	
85.60	286.4	22.0	42.3	2.0	-81.4	70.6	40.8	196.4	-64.7	-4234.7	1158.2	63.8	
85.65	287.0	22.3	40.8	2.0	-81.9	70.7	36.3	197.2	-65.9	-4306.3	1020.4	58.1	
85.70	287.5	22.7	38.7	2.0	-81.8	70.8	34.0	191.0	-64.7	-4346.4	892.3	51.0	
85.75	288.0	23.1	37.8	2.0	-81.8	70.9	29.7	189.0	-65.7	-4376.0	800.4	47.9	
85.80	288.5	23.7	37.6	2.0	-83.3	71.0	26.2	196.5	-70.6	-4468.4	787.9	45.9	
85.85	289.0	24.1	39.5	2.0	-85.6	71.1	29.3	200.4	-74.9	-4608.2	875.8	50.0	
85.90	289.6	24.4	41.8	2.0	-87.3	71.2	33.2	197.9	-73.0	-4743.9	887.4	56.3	
85.95	290.1	24.5	42.2	2.0	-88.0	71.3	31.3	197.6	-72.4	-4816.8	814.0	56.7	
86.00	290.6	24.4	42.8	2.0	-88.5	71.4	28.7	200.2	-79.2	-4841.9	805.6	58.6	
86.05	291.1	24.3	43.8	2.0	-88.1	71.5	28.5	200.0	-85.4	-4811.5	793.5	62.3	
86.10	291.6	24.8	42.8	2.0	-86.1	71.6	26.4	196.1	-84.9	-4697.3	626.2	60.8	
86.15	292.1	25.6	41.8	2.0	-84.5	71.7	24.3	191.7	-84.9	-4603.5	467.2	59.1	
86.20	292.6	26.0	41.6	2.0	-83.6	71.8	24.7	185.0	-90.9	-4553.3	485.4	59.3	
86.25	293.1	25.5	40.2	2.0	-81.9	71.9	23.8	179.2	-97.9	-4423.4	548.6	56.1	
86.30	293.6	24.5	37.8	2.0	-79.5	72.0	24.6	175.8	-101.0	-4243.9	580.9	50.4	
86.35	294.1	23.6	37.9	2.0	-78.4	72.1	30.4	172.1	-103.3	-4162.5	641.9	51.7	
86.40	294.6	22.9	39.3	2.0	-78.4	72.2	33.8	170.5	-107.6	-4150.6	677.8	56.5	
86.45	295.0	22.4	38.3	2.0	-76.8	72.3	30.2	168.6	-112.0	-4044.8	624.8	54.8	
86.50	295.5	22.7	37.7	2.0	-74.4	72.4	28.3	164.1	-115.2	-3868.9	611.5	55.1	
86.55	296.0	24.0	37.6	2.0	-73.2	72.5	31.7	161.8	-119.5	-3766.1	692.8	56.0	
86.60	296.5	23.5	38.3	2.0	-73.9	72.6	32.9	166.6	-122.6	-3804.4	705.5	57.7	
86.65	297.0	22.7	37.7	2.0	-74.7	72.7	30.9	169.7	-123.7	-3863.3	660.8	54.8	
86.70	297.5	21.9	36.9	2.0	-74.3	72.8	26.9	163.1	-124.5	-3860.6	624.2	52.2	
86.75	298.0	21.9	35.4	2.0	-73.4	72.9	23.4	157.9	-128.0	-3802.5	622.8	48.0	
86.80	298.4	21.6	34.6	2.0	-72.3	73.0	21.6	161.9	-131.4	-3709.7	595.0	46.4	
86.85	298.9	21.2	35.1	2.0	-71.3	73.1	23.6	162.9	-130.1	-3635.8	546.8	49.2	
86.90	299.4	20.6	34.9	2.0	-70.0	73.2	22.2	157.6	-126.7	-3575.1	435.0	49.9	
86.95	299.8	20.8	34.2	2.0	-68.5	73.3	12.4	153.8	-129.2	-3485.2	273.7	48.9	
87.00	300.3	21.1	34.5	2.0	-68.0	73.4	5.9	157.9	-134.8	-3437.9	207.2	50.3	
87.05	300.7	21.0	37.5	2.0	-68.0	73.5	9.7	161.9	-135.6	-3428.1	236.1	60.6	
87.10	301.2	20.6	39.6	2.0	-68.3	73.6	14.5	167.0	-132.7	-3434.4	211.3	67.7	
87.15	301.6	20.4	39.8	2.0	-68.3	73.7	14.4	171.4	-134.5	-3426.1	150.4	68.3	
87.20	302.1	20.6	39.1	2.0	-68.2	73.8	11.3	167.4	-140.1	-3425.0	111.4	66.0	
87.25	302.5	21.0	38.8	2.0	-68.0	73.9	8.8	161.2	-143.2	-3429.1	59.9	65.2	
87.30	302.9	21.4	39.7	2.0	-68.5	74.0	9.0	163.5	-143.6	-3457.7	-12.6	67.9	
87.35	303.3	21.5	41.9	2.0	-70.7	74.1	12.0	172.6	-145.1	-3600.4	-49.4	73.1	
87.40	303.7	22.0	44.1	2.0	-73.1	74.2	12.1	175.3	-149.3	-3765.8	-67.9	78.2	
87.45	304.2	22.0	43.3	2.0	-74.1	74.3	7.7	174.0	-153.6	-3840.7	-90.1	74.6	
87.50	304.6	21.8	41.6	2.0	-74.1	74.4	6.1	172.0	-156.0	-3846.4	-58.8	68.6	
87.55	305.0	21.8	42.0	2.0	-74.6	74.5	13.3	172.6	-158.9	-3882.6	123.6	69.4	
87.60	305.4	22.1	41.1	2.0	-74.7	74.6	23.1	172.7	-160.9	-3869.8	358.2	66.5	
87.65	305.8	22.6	38.6	2.0	-74.2	74.7	25.4	168.7	-160.0	-3826.6	481.4	58.3	
87.70	306.2	23.4	35.8	2.0	-74.3	74.8	22.7	163.0	-161.2	-3838.1	574.6	48.7	
87.75	306.6	23.8	35.8	2.0	-76.4	74.9	21.5	164.0	-166.5	-3973.9	710.2	46.5	
87.80	307.0	23.8	36.1	2.0	-78.3	75.0	21.9	171.2	-167.8	-4083.0	770.4	45.8	
87.85	307.5	23.3	35.0	2.0	-78.9	75.1	23.5	173.3	-164.5	-4132.1	764.7	41.3	
87.90	307.9	22.8	34.0	2.0	-79.8	75.2	24.4	171.6	-163.9	-4200.2	783.1	36.9	
87.95	308.3	22.5	32.2	2.0	-79.9	75.3	21.5	170.5	-168.7	-4199.3	833.7	30.5	
88.00	308.7	22.5	31.6	2.0	-79.6	75.4	20.6	169.5	-170.3	-4162.2	905.3	28.8	
88.05	309.1	22.8	33.9	2.0	-80.0	75.5	25.5	169.3	-164.4	-4186.0	953.6	36.4	
88.10	309.5	23.0	36.1	2.0	-81.5	75.6	29.1	176.6	-162.4	-4280.7	949.9	42.4	
88.15	309.8	22.8	38.3	2.0	-83.4	75.7	25.0	188.3	-167.6	-4406.8	856.3	48.2	
88.20	310.2	22.5	39.1	2.0	-83.4	75.8	19.5	187.1	-168.5	-4447.2	691.4	50.7	
88.25	310.6	22.4	38.5	2.0	-81.4	75.9	14.6	176.8	-164.4	-4355.6	454.1	50.7	
88.30	310.9	22.5	37.9	2.0	-79.7	76.0	9.7	177.9	-166.0	-4240.6	232.9	50.3	
88.35	311.3	23.0	41.5	2.0	-79.9	76.1	8.8	187.4	-172.5	-4225.2	122.2	62.7	
88.40	311.6	22.7	44.2	2.0	-79.9	76.2	11.4	185.2	-171.5	-4240.6	38.0	72.0	
88.45	312.0	21.6	43.2	2.0	-78.6	76.3	9.8	176.4	-167.5	-4163.9	-79.2	69.7	
88.50	312.3	21.6	42.4	2.0	-77.5	76.4	5.5	176.9	-172.2	-4081.8	-127.6	68.2	
88.55	312.6	22.1	45.0	2.0	-77.1	76.5	9.5	179.5	-180.3	-4035.9	-12.9	77.2	
88.60	313.0	22.7	44.1	2.0	-74.8	76.6	15.4	172.8	-179.8	-3876.6	24.2	76.8	
88.65	313.3	22.8	39.8	2.0	-71.1	76.7	13.5	164.7	-175.7	-3624.4	-106.2	65.7	
88.70	313.6	22.3	36.6	2.0	-69.4	76.8	10.1	160.8	-181.1	-3501.7	-118.8	56.2	
88.75	313.9	21.7	36.3	2.0	-69.3	76.9	9.4	158.1	-190.1	-3500.8	14.8	55.3	
88.80	314.3	21.3	34.7	2.0	-68.9	77.0	8.0	157.8	-190.6	-3466.6	69.3	50.2	
88.85	314.6	21.4	33.6	2.0	-69.3	77.1	9.3	161.9	-187.2	-3491.7	117.5	46.1	
88.90	314.9	21.7	34.1	2.0	-71.7	77.2	15.4	167.4	-190.2	-3643.1	317.6	45.2	
88.95	315.2	21.9	34.3	2.0	-73.8	77.3	18.9	169.0	-195.2	-3766.3	531.7	44.1	
89.00	315.5	21.7	31.9	2.0	-73.4	77.4	19.0	164.4	-193.6	-3735.8	638.4	36.2	
89.05	315.9	21.6	29.2	2.0	-72.5	77.5	21.5	158.4	-190.3	-3668.3	729.7	27.6	
89.10	316.2	21.5	28.1	2.0	-73.4	77.6	25.7	162.1	-192.5	-3695.2	849.5	23.1	
89.15	316.5	21.6	29.9	2.0	-74.9	77.7	24.9	171.2	-195.3	-3773.7	876.8	27.7	
89.20	316.8	21.7	30.0	2.0	-74.2	77.8	23.1	167.2	-192.2	-3743.9	832.6	28.7	
89.25	317.1	21.7	28.8	2.0	-71.9	77.9	20.5	156.9	-189.8	-3619.2	770.8	26.9	
89.30	317.4	21.8	27.9	2.0	-71.0	78.0	18.7	157.1	-194.3	-3548.0	754.6	24.8	
89.35	317.6	22.1	29.0	2.0	-71.0	78.1	19.9	162.5	-197.2	-3531.9	740.6	28.7	
89.40	317.9	22.7	30.5	2.0	-70.6	78.2	24.7	160.6	-193.3	-3512.5	710.4	34.0	
89.45	318.2	23.1	30.6	2.0	-68.9	78.3	29.1	151.6	-190.8	-3410.1	702.2	36.2	
89.50	318.5	23.4	30.6	2.0	-68.2	78.4	28.1	149.4	-196.6	-3353.9	704.9	37.0	
89.55	318.7	23.5	31.0	2.0	-68.6	78.5	28.3	150.1	-201.2	-3379.2	706.4	38.0	
89.60	319.0	22.9	32.1	2.0	-68.9	78.6	29.9	150.0	-198.7	-3423.2	621.9	41.2	
89.65	319.2	22.4	32.7	2.0	-69.9	78.7	30.4	154.7	-198.7	-3495.6	540.6	42.4	
89.70	319.5	22.2	33.6	2.0	-70.9	78.8	28.4	158.1	-205.5	-3564.0	538.7	44.3	
89.75	319.7	23.1	33.2	2.0	-70.7	78.9	23.2	152.8	-210.0	-3561.9	513.5	43.2	
89.80	320.0	22.8	30.9	2.0	-69.5	79.0	19.8	145.8	-210.0	-3498.8	482.9	36.6	
89.85	320.2	21.4	30.3	2.0	-68.8	79.1	22.0	143.2	-212.4	-3439.3	570.9	35.3	
89.90	320.5	20.6	31.1	2.0	-69.0	79.2	28.2	143.9	-216.1	-3409.3	750.0	37.7	
89.95	320.7	20.4	29.0	2.0	-67.2	79.3	30.6	138.7	-215.8	-3258.6	853.2	32.3	
90.00	321.0	20.7	24.0	2.0	-63.4	79.4	28.6	127.9	-215.5	-2987.3	886.7	18.9	
90.05	321.2	21.0	22.5	2.0	-60.9	79.5	27.5	119.1	-218.4	-2792.8	946.2	16.2	
90.10	321.5	21.2	23.5	2.0	-60.2	79.6	30.4	117.9	-221.2	-2700.5	1034.0	20.5	
90.15	321.7	21.6	23.1	2.0	-58.5	79.7	31.4	116.3	-218.0	-2582.5	999.5	20.8	
90.20	322.0	22.8	21.6	2.0	-55.9	79.8	26.7	110.4	-215.2	-2453.0	863.6	18.3	
90.25	322.3	22.6	21.9	2.0	-55.1	79.9	20.4	108.5	-220.8	-2416.6	794.8	19.9	
90.30	322.5	21.9	24.9	2.0	-55.7	80.0	16.0	113.7	-226.3	-2459.7	734.1	29.8	
90.35	322.8	21.8	27.3	2.0	-55.5	80.1	16.5	116.2	-221.2	-2480.8	596.7	38.1	
90.40	323.0	21.7	27.5	2.0	-54.1	80.2	20.0	113.8	-214.7	-2407.5	478.9	40.4	
90.45	323.3	21.3	28.9	2.0	-53.2	80.3	21.0	114.7	-219.4	-2339.2	459.6	45.9	
90.50	323.5	20.2	30.4	2.0	-53.5	80.4	18.1	119.8	-224.5	-2354.8	394.8	50.9	
90.55	323.8	20.5	32.6	2.0	-54.5	80.5	19.7	121.9	-220.9	-2434.9	308.2	57.3	
90.60	324.0	20.8	35.2	2.0	-55.8	80.6	25.3	125.4	-216.8	-2529.0	289.8	65.2	
90.65	324.2	20.6	33.6	2.0	-55.7	80.7	27.1	129.8	-222.0	-2495.8	340.2	59.6	
90.70	324.5	20.9	30.8	2.0	-53.1	80.8	22.9	125.6	-227.7	-2312.2	332.6	52.6	
90.75	324.7	20.8	25.8	2.0	-49.4	80.9	20.3	111.9	-228.3	-2067.0	318.3	39.1	
90.80	324.9	20.0	24.0	2.0	-48.1	81.0	20.8	106.0	-227.9	-1981.5	342.0	34.3	
90.85	325.2	19.7	23.4	2.0	-48.7	81.1	22.7	109.1	-231.1	-2002.3	435.3	31.6	
90.90	325.4	19.5	23.1	2.0	-50.1	81.2	23.0	114.4	-234.9	-2066.6	534.9	29.0	
90.95	325.6	19.4	22.1	2.0	-51.4	81.3	21.8	115.2	-236.0	-2140.0	616.0	24.5	
91.00	325.8	20.2	21.9	2.0	-52.9	81.4	24.9	113.8	-238.8	-2195.2	818.8	22.3	
91.05	326.1	20.6	23.5	2.0	-55.1	81.5	31.9	115.0	-241.7	-2252.5	1080.3	25.8	
91.10	326.3	20.6	22.0	2.0	-56.2	81.6	37.3	113.3	-241.0	-2270.0	1234.3	19.2	
91.15	326.5	19.9	20.8	2.0	-56.6	81.7	36.6	112.5	-241.7	-2291.7	1266.6	14.9	
91.20	326.8	19.5	20.0	2.0	-58.1	81.8	30.8	116.0	-246.3	-2436.5	1218.6	10.5	
91.25	327.0	19.2	21.4	2.0	-60.9	81.9	27.5	121.3	-248.2	-2690.3	1136.8	12.5	
91.30	327.3	18.3	20.6	2.0	-61.8	82.0	26.0	122.8	-243.7	-2815.2	998.0	9.0	
91.35	327.5	18.2	19.6	2.0	-61.1	82.1	23.0	120.9	-241.5	-2811.4	881.4	6.2	
91.40	327.7	18.4	20.7	2.0	-61.1	82.2	19.3	121.5	-246.7	-2818.4	833.0	10.0	
91.45	328.0	18.7	21.0	2.0	-60.9	82.3	19.6	122.9	-250.9	-2800.8	803.4	11.3	
91.50	328.2	19.5	22.4	2.0	-59.9	82.4	20.3	121.0	-244.4	-2780.3	635.9	17.1	
91.55	328.4	20.2	23.9	2.0	-58.9	82.5	19.2	118.4	-238.7	-2754.0	445.2	23.1	
91.60	328.7	20.5	29.1	2.0	-60.3	82.6	17.0	125.7	-244.9	-2846.0	357.0	39.5	
91.65	328.9	21.5	31.9	2.0	-62.0	82.7	14.3	136.6	-250.7	-2954.8	239.5	47.4	
91.70	329.1	21.7	31.9	2.0	-62.3	82.8	13.6	137.4	-244.3	-2990.1	31.4	47.1	
91.75	329.4	21.2	31.1	2.0	-62.4	82.9	14.4	130.2	-238.0	-3015.7	-101.4	44.4	
91.80	329.6	21.0	31.6	2.0	-63.2	83.0	10.9	128.8	-245.0	-3079.6	-114.9	45.2	
91.85	329.8	20.9	30.2	2.0	-63.5	83.1	5.1	130.7	-252.9	-3088.2	-143.3	40.1	
91.90	330.0	21.0	28.4	2.0	-62.7	83.2	3.9	127.9	-250.9	-3038.9	-190.1	34.9	
91.95	330.2	21.5	28.7	2.0	-62.4	83.3	8.9	124.6	-246.7	-3032.7	-132.1	36.2	
92.00	330.5	21.7	30.0	2.0	-63.2	83.4	11.0	124.6	-250.5	-3089.8	-30.1	39.9	
92.05	330.7	21.7	28.5	2.0	-63.2	83.5	6.3	120.8	-255.1	-3097.2	-7.8	34.6	
92.10	330.9	21.3	24.2	2.0	-61.1	83.6	2.0	108.2	-253.7	-2974.6	-7.3	22.2	
92.15	331.1	21.9	23.1	2.0	-60.0	83.7	4.0	105.9	-252.9	-2899.8	101.3	19.3	
92.20	331.4	22.6	24.8	2.0	-60.7	83.8	11.4	113.9	-257.0	-2911.8	319.6	24.2	
92.25	331.6	22.5	22.8	2.0	-60.6	83.9	15.7	115.7	-258.0	-2873.1	445.8	17.6	
92.30	331.8	22.5	18.1	2.0	-57.4	84.0	12.6	104.6	-255.0	-2669.7	415.5	4.9	
92.35	332.0	22.9	13.9	2.0	-54.1	84.1	7.9	95.6	-256.0	-2453.7	387.0	-6.6	
92.40	332.3	23.9	16.5	2.0	-53.3	84.2	7.4	94.9	-259.9	-2386.1	410.8	3.5	
92.45	332.5	23.3	19.4	2.0	-54.9	84.3	15.5	98.5	-257.1	-2484.5	476.2	11.9	
92.50	332.7	23.0	20.2	2.0	-55.8	84.4	15.3	99.0	-248.8	-2573.9	371.7	13.6	
92.55	332.9	23.0	21.2	2.0	-56.3	84.5	6.8	101.8	-250.7	-2625.6	251.8	16.3	
92.60	333.2	23.4	23.1	2.0	-57.5	84.6	4.8	107.8	-259.8	-2682.9	288.8	21.7	
92.65	333.4	23.1	25.0	2.0	-57.7	84.7	11.6	109.6	-257.4	-2690.0	320.7	28.0	
92.70	333.6	22.2	24.4	2.0	-56.5	84.8	16.3	109.5	-245.9	-2616.4	228.1	27.2	
92.75	333.8	23.3	24.1	2.0	-55.4	84.9	13.0	111.5	-245.3	-2536.0	119.9	27.3	
92.80	334.0	23.7	24.7	2.0	-54.9	85.0	10.3	112.8	-255.7	-2487.9	152.3	30.0	
92.85	334.2	23.8	24.0	2.0	-53.7	85.1	11.1	110.6	-255.8	-2399.7	163.4	28.5	
92.90	334.4	23.3	22.6	2.0	-51.8	85.2	11.7	104.9	-245.2	-2286.2	77.1	25.8	
92.95	334.6	23.1	22.8	2.0	-51.2	85.3	14.0	99.9	-245.1	-2254.9	121.0	26.9	
93.00	334.8	23.1	23.5	2.0	-52.0	85.4	11.9	99.5	-255.7	-2300.9	206.5	28.6	
93.05	335.0	23.4	19.0	2.0	-50.9	85.5	6.9	98.0	-259.4	-2225.5	186.5	14.4	
93.10	335.2	23.4	17.4	2.0	-50.1	85.6	4.9	96.4	-253.9	-2172.0	114.9	9.5	
93.15	335.4	23.4	19.9	2.0	-50.9	85.7	7.7	96.0	-252.4	-2236.2	150.9	17.5	
93.20	335.6	23.5	22.2	2.0	-51.6	85.8	7.4	95.6	-258.2	-2279.6	213.7	24.5	
93.25	335.8	23.3	20.7	2.0	-51.3	85.9	3.3	97.5	-261.6	-2249.8	188.4	19.8	
93.30	336.0	23.4	19.3	2.0	-51.1	86.0	5.7	99.8	-258.3	-2231.6	200.5	15.3	
93.35	336.1	24.1	21.1	2.0	-51.7	86.1	10.5	99.3	-256.3	-2274.8	256.6	20.6	
93.40	336.3	23.3	22.5	2.0	-53.3	86.2	10.6	101.4	-260.9	-2385.9	267.2	24.0	
93.45	336.5	22.6	22.4	2.0	-54.2	86.3	6.6	101.6	-264.1	-2456.7	168.8	22.9	
93.50	336.7	22.5	20.9	2.0	-53.7	86.4	4.5	96.9	-260.1	-2445.6	29.9	18.1	
93.55	336.9	22.7	20.9	2.0	-53.2	86.5	5.1	93.8	-256.3	-2416.7	-52.2	18.7	
93.60	337.1	22.5	22.8	2.0	-54.3	86.6	4.1	99.7	-259.3	-2482.0	-77.6	24.1	
93.65	337.3	22.0	24.8	2.0	-55.5	86.7	4.2	103.5	-261.8	-2557.3	-73.7	29.7	
93.70	337.5	22.2	25.9	2.0	-55.7	86.8	5.3	100.5	-257.0	-2585.4	-105.2	33.3	
93.75	337.6	22.1	25.2	2.0	-55.7	86.9	5.7	101.0	-254.1	-2584.0	-133.2	30.8	
93.80	337.8	21.8	25.6	2.0	-56.9	87.0	7.3	110.4	-258.9	-2645.3	-66.6	31.0	
93.85	338.0	23.0	27.4	2.0	-57.7	87.1	11.7	113.5	-260.5	-2699.1	42.2	36.2	
93.90	338.2	23.9	27.1	2.0	-57.1	87.2	16.1	106.9	-254.5	-2671.4	100.1	36.0	
93.95	338.3	24.6	24.6	2.0	-56.6	87.3	15.1	106.4	-252.4	-2640.4	110.9	28.0	
94.00	338.5	25.2	22.3	2.0	-57.4	87.4	15.6	113.5	-258.9	-2665.3	233.9	19.0	
94.05	338.6	25.3	22.6	2.0	-58.6	87.5	22.2	112.8	-259.9	-2728.7	452.9	19.1	
94.10	338.8	25.0	23.5	2.0	-58.9	87.6	25.6	106.3	-253.7	-2742.3	592.8	21.7	
94.15	338.9	24.5	20.9	2.0	-59.1	87.7	23.8	109.4	-257.0	-2712.5	729.8	12.8	
94.20	339.0	23.7	18.7	2.0	-60.4	87.8	22.2	117.8	-267.2	-2737.4	892.7	3.8	
94.25	339.2	22.8	18.7	2.0	-60.5	87.9	23.7	114.1	-267.1	-2732.6	968.4	3.8	
94.30	339.3	21.6	17.5	2.0	-60.1	88.0	26.0	110.0	-259.9	-2721.5	951.0	-0.1	
94.35	339.4	21.9	15.4	2.0	-59.3	88.1	24.8	112.6	-261.1	-2651.5	939.5	-6.3	
94.40	339.5	22.9	15.1	2.0	-58.8	88.2	22.8	114.6	-268.7	-2589.4	980.2	-7.2	
94.45	339.7	23.7	15.2	2.0	-58.5	88.3	27.0	108.0	-269.4	-2554.4	1037.5	-6.2	
94.50	339.8	24.9	15.4	2.0	-57.9	88.4	31.1	103.7	-263.7	-2538.3	990.0	-5.2	
94.55	339.9	25.9	16.2	2.0	-57.8	88.5	29.5	109.4	-263.3	-2557.9	869.1	-2.0	
94.60	340.0	25.9	17.6	2.0	-57.6	88.6	27.0	110.7	-269.6	-2566.1	793.3	2.7	
94.65	340.2	25.6	19.1	2.0	-56.2	88.7	25.2	103.2	-270.5	-2511.8	663.1	9.4	
94.70	340.3	25.4	18.4	2.0	-53.8	88.8	17.9	99.2	-265.1	-2415.1	343.5	9.5	
94.75	340.4	25.5	18.7	2.0	-53.9	88.9	10.5	104.3	-264.7	-2433.4	50.1	10.3	
94.80	340.5	25.2	22.1	2.0	-56.2	89.0	10.7	109.5	-268.8	-2586.7	-60.1	19.8	
94.85	340.6	24.9	25.6	2.0	-58.1	89.1	13.8	112.4	-267.8	-2723.6	-109.4	29.9	
94.90	340.8	24.4	26.0	2.0	-58.9	89.2	12.6	116.1	-263.4	-2767.6	-198.3	30.5	
94.95	340.9	25.1	26.2	2.0	-59.3	89.3	14.2	118.7	-265.4	-2793.9	-144.3	30.6	
95.00	341.0	25.7	26.8	2.0	-60.1	89.4	20.6	117.1	-269.1	-2855.0	29.4	31.8	
95.05	341.1	26.0	26.6	2.0	-59.6	89.5	23.6	113.3	-265.8	-2830.4	99.6	31.6	
95.10	341.2	25.3	23.7	2.0	-57.9	89.6	22.4	112.1	-262.5	-2704.9	129.1	23.4	
95.15	341.3	25.3	22.7	2.0	-56.4	89.7	24.0	112.2	-267.1	-2573.9	297.5	21.7	
95.20	341.3	25.9	20.3	2.0	-55.3	89.8	25.4	108.3	-271.3	-2470.2	467.3	14.5	
95.25	341.4	24.7	16.1	2.0	-53.7	89.9	21.0	103.6	-268.3	-2367.3	481.8	1.5	
95.30	341.5	24.7	12.9	2.0	-52.7	90.0	19.0	102.0	-267.2	-2275.3	570.2	-8.4	
95.35	341.6	25.7	13.6	2.0	-53.2	90.1	27.3	101.2	-272.8	-2192.5	903.8	-6.6	
95.40	341.7	25.3	13.8	2.0	-53.3	90.2	35.6	97.4	-276.1	-2057.4	1201.2	-6.0	
95.45	341.7	24.2	9.8	2.0	-51.0	90.3	35.6	88.8	-272.4	-1855.1	1250.6	-17.5	
95.50	341.8	23.1	7.2	2.0	-49.7	90.4	34.2	80.8	-272.0	-1757.5	1254.5	-24.9	
95.55	341.9	23.7	-12.3	1.5	-50.7	90.5	38.0	79.3	-277.4	-1786.9	1336.4	-27.9	
95.60	342.0	24.4	-5.7	1.1	-51.2	90.5	39.1	83.8	-275.9	-1852.9	1285.1	-22.3	
95.65	342.0	25.0	-2.2	0.8	-49.7	90.6	36.9	86.4	-271.3	-1805.5	1146.9	-21.2	
95.70	342.1	25.5	1.8	0.6	-48.4	90.6	34.8	84.0	-274.1	-1750.0	1069.6	-15.5	
95.75	342.2	25.5	5.5	0.5	-47.8	90.6	31.8	81.4	-280.1	-1751.1	984.4	-8.9	
95.80	342.3	25.3	6.5	0.3	-46.0	90.7	27.1	79.1	-276.8	-1727.1	768.1	-8.9	
95.85	342.4	24.9	7.0	0.3	-44.5	90.7	26.3	77.0	-270.6	-1692.4	581.5	-9.5	
95.90	342.5	24.9	10.2	0.2	-44.1	90.7	27.1	75.3	-273.1	-1683.3	514.8	-1.0	
95.95	342.5	24.7	13.0	0.1	-43.5	90.7	23.8	74.6	-278.6	-1659.7	420.0	7.4	
96.00	342.6	24.4	12.8	0.1	-42.3	90.7	20.4	75.1	-275.4	-1609.7	246.4	6.2	
96.05	342.7	24.4	13.7	0.1	-42.0	90.7	19.6	76.6	-269.1	-1601.2	109.5	8.3	
96.10	342.8	24.3	16.6	0.1	-42.8	90.7	21.6	79.5	-272.0	-1645.1	131.9	16.9	
96.15	342.9	23.9	17.8	0.0	-43.4	90.7	20.1	83.3	-277.4	-1679.9	138.8	19.7	
96.20	342.9	24.4	14.8	0.0	-42.2	90.7	13.4	81.6	-273.8	-1604.0	4.9	10.1	
96.25	343.0	24.6	13.1	0.0	-40.5	90.7	12.4	77.9	-270.6	-1491.4	-1.6	5.4	
96.30	343.0	24.5	15.1	0.0	-40.5	90.7	16.5	80.0	-275.4	-1469.0	163.2	12.1	
96.35	343.1	24.7	14.5	0.0	-40.4	90.7	16.8	81.8	-279.3	-1441.5	257.9	10.0	
96.40	343.2	24.8	12.7	0.0	-40.4	90.7	12.2	79.4	-276.3	-1458.4	200.2	3.7	
96.45	343.3	24.7	12.3	0.0	-42.0	90.7	11.0	79.0	-275.8	-1580.3	211.1	0.7	
96.50	343.3	24.3	14.7	0.0	-44.4	90.7	13.8	85.1	-280.8	-1725.1	330.5	6.2	
96.55	343.4	23.9	15.3	0.0	-44.5	90.7	15.9	87.6	-281.5	-1703.1	408.6	8.2	
96.60	343.5	23.7	13.6	0.0	-42.6	90.7	15.8	82.8	-277.2	-1576.5	400.5	4.2	
96.65	343.5	23.6	12.2	0.0	-41.5	90.7	17.9	77.0	-278.3	-1493.6	455.9	0.6	
96.70	343.6	24.5	12.5	0.0	-41.5	90.7	20.9	72.6	-282.1	-1477.0	526.5	1.4	
96.75	343.7	25.4	11.5	0.0	-40.9	90.7	22.2	70.1	-279.5	-1449.1	500.2	-1.5	
96.80	343.8	26.1	10.4	0.0	-40.5	90.7	20.3	72.2	-276.0	-1440.0	420.4	-4.9	
96.85	343.9	26.2	11.2	0.0	-40.9	90.7	20.3	73.2	-280.2	-1461.9	430.7	-2.3	
96.90	344.0	26.5	13.2	0.0	-41.9	90.7	19.3	72.1	-284.3	-1542.2	409.7	3.5	
96.95	344.1	27.0	11.4	0.0	-40.2	90.7	13.4	62.9	-278.5	-1486.3	226.6	-0.9	
97.00	344.2	27.1	9.5	0.0	-38.4	90.7	11.0	60.2	-275.1	-1374.2	141.4	-5.9	
97.05	344.3	27.5	11.2	0.0	-38.0	90.7	17.6	65.8	-280.0	-1292.5	304.0	0.3	
97.10	344.4	28.1	13.0	0.0	-38.3	90.7	23.5	68.9	-280.9	-1264.0	433.8	6.3	
97.15	344.5	28.3	12.5	0.0	-38.3	90.7	22.2	68.0	-274.2	-1283.0	393.5	4.5	
97.20	344.6	28.6	12.6	0.0	-39.3	90.7	21.3	72.8	-273.0	-1345.7	414.8	4.0	
97.25	344.7	29.0	15.1	0.0	-41.8	90.7	25.5	83.9	-278.8	-1442.1	585.8	10.0	
97.30	344.8	28.5	15.9	0.0	-42.3	90.7	27.6	87.0	-278.5	-1436.6	665.8	12.4	
97.35	344.9	27.2	12.4	0.0	-39.7	90.7	22.7	82.6	-274.1	-1287.3	570.8	2.9	
97.40	345.0	26.1	10.3	0.0	-37.9	90.7	15.3	82.1	-276.1	-1188.2	466.9	-2.6	
97.45	345.1	26.2	10.7	0.0	-37.7	90.7	14.9	80.3	-280.5	-1169.1	476.0	-1.1	
97.50	345.2	26.4	10.8	0.0	-36.7	90.7	16.2	76.7	-277.0	-1115.4	442.9	0.2	
97.55	345.2	26.4	9.6	0.0	-35.1	90.7	12.7	79.7	-272.9	-1020.9	336.8	-2.1	
97.60	345.3	26.2	10.2	0.0	-34.4	90.7	14.4	82.6	-278.3	-930.6	392.4	0.7	
97.65	345.4	25.7	13.0	0.0	-33.9	90.7	18.2	79.9	-282.3	-870.2	439.5	10.6	
97.70	345.5	25.9	11.3	0.0	-30.3	90.7	15.2	66.7	-276.2	-700.6	255.4	8.6	
97.75	345.6	27.0	8.3	0.0	-27.5	90.7	11.2	61.6	-274.0	-550.4	62.5	0.8	
97.80	345.8	27.3	9.3	0.0	-27.5	90.7	8.6	65.7	-280.4	-531.8	-48.7	4.5	
97.85	345.9	28.1	11.8	0.0	-28.8	90.7	7.1	66.4	-282.6	-601.2	-189.3	11.6	
97.90	346.0	29.4	11.8	0.0	-30.9	90.7	4.6	62.9	-276.3	-696.8	-397.5	9.5	
97.95	346.1	28.0	12.2	0.0	-32.7	90.7	-0.9	61.0	-272.7	-758.7	-569.7	9.1	
98.00	346.2	27.2	13.2	0.0	-32.6	90.7	-1.0	63.4	-279.3	-782.6	-499.8	12.9	
98.05	346.3	26.9	14.5	0.0	-31.5	90.7	5.9	65.6	-283.6	-776.3	-308.0	18.5	
98.10	346.4	26.6	13.5	0.0	-30.5	90.7	12.1	62.9	-277.0	-741.0	-219.0	15.9	
98.15	346.5	26.5	11.0	0.0	-30.5	90.7	10.6	61.5	-271.3	-746.8	-237.6	7.3	
98.20	346.7	26.5	11.0	0.0	-31.4	90.7	6.6	63.9	-276.9	-819.7	-185.2	6.5	
98.25	346.8	26.7	11.8	0.0	-33.1	90.7	6.4	69.0	-282.2	-946.1	-72.3	7.5	
98.30	346.9	26.7	12.4	0.0	-34.8	90.7	10.2	74.3	-276.5	-1067.1	17.3	7.7	
98.35	347.0	26.5	10.4	0.0	-35.7	90.7	13.2	77.1	-269.9	-1127.0	111.5	-0.0	
98.40	347.1	25.9	8.1	0.0	-35.9	90.7	13.9	74.0	-273.8	-1112.0	294.0	-8.2	
98.45	347.2	25.1	6.7	0.0	-36.0	90.7	16.0	67.7	-281.2	-1027.3	561.9	-12.9	
98.50	347.3	24.8	6.7	0.0	-35.9	90.7	18.8	61.6	-279.4	-910.8	743.7	-12.9	
98.55	347.4	25.7	6.5	0.0	-38.1	90.7	26.7	66.3	-275.4	-947.5	924.1	-15.9	
98.60	347.4	25.7	8.2	0.0	-41.0	90.7	30.2	75.4	-276.3	-1142.8	999.7	-13.0	
98.65	347.5	25.6	8.3	0.0	-41.9	90.7	23.1	77.0	-278.0	-1328.9	866.8	-13.5	
98.70	347.6	26.2	7.2	0.0	-41.8	90.7	16.7	75.2	-278.5	-1414.8	725.0	-17.1	
98.75	347.7	25.1	8.1	0.0	-41.6	90.7	17.9	75.1	-279.0	-1405.7	698.2	-13.6	
98.80	347.8	23.9	10.2	0.0	-40.8	90.7	22.0	70.4	-277.6	-1356.9	697.0	-5.9	
98.85	347.9	22.9	9.5	0.0	-39.6	90.7	25.2	61.6	-277.3	-1287.7	681.6	-6.9	
98.90	348.0	22.3	8.5	0.0	-38.7	90.7	21.8	57.1	-279.4	-1274.6	571.0	-9.3	
98.95	348.0	21.9	10.8	0.0	-40.4	90.7	18.3	65.2	-281.8	-1440.9	448.5	-3.4	
99.00	348.1	22.0	16.3	0.0	-44.0	90.7	21.5	77.7	-280.3	-1696.0	387.8	11.8	
99.05	348.2	22.0	20.9	0.0	-45.9	90.7	26.6	83.4	-276.1	-1838.3	337.8	25.9	
99.10	348.3	22.8	18.2	0.0	-43.9	90.7	21.1	78.1	-274.5	-1729.6	167.1	18.6	
99.15	348.3	24.6	13.3	0.0	-40.1	90.7	11.0	69.9	-278.9	-1476.5	11.2	5.5	
99.20	348.4	24.5	11.3	0.0	-37.6	90.7	12.7	65.0	-283.5	-1298.5	70.1	1.2	
99.25	348.5	24.2	13.0	0.0	-38.0	90.7	20.0	66.3	-279.4	-1316.2	157.7	6.4	
99.30	348.6	23.7	13.2	0.0	-39.9	90.7	19.0	72.2	-273.6	-1448.4	123.5	5.6	
99.35	348.7	23.8	13.5	0.0	-42.4	90.7	13.5	79.9	-277.4	-1615.8	119.4	4.0	
99.40	348.7	24.6	14.5	0.0	-44.3	90.7	13.2	86.0	-283.5	-1727.8	237.7	5.5	
99.45	348.8	25.7	14.9	0.0	-44.3	90.7	19.6	87.5	-280.3	-1697.1	386.9	6.7	
99.50	348.9	25.8	12.4	0.0	-42.5	90.7	26.2	84.1	-273.2	-1530.7	504.7	-0.1	
99.55	349.0	25.9	9.6	0.0	-39.8	90.7	26.4	76.4	-275.4	-1299.3	599.7	-7.0	
99.60	349.1	26.0	7.2	0.0	-38.2	90.7	20.5	69.2	-283.3	-1173.5	620.2	-13.6	
99.65	349.2	25.1	5.3	0.0	-38.1	90.7	16.9	67.6	-284.0	-1190.7	575.9	-20.0	
99.70	349.2	25.1	6.6	0.0	-40.0	90.7	18.8	74.4	-278.2	-1351.4	536.3	-17.3	
99.75	349.3	25.1	10.0	0.0	-42.8	90.7	23.6	81.4	-276.4	-1537.3	582.5	-8.5	
99.80	349.4	24.3	11.5	0.0	-43.4	90.7	23.7	79.3	-280.6	-1569.6	631.7	-4.0	
99.85	349.5	24.6	9.3	0.0	-41.4	90.7	20.9	71.6	-283.7	-1427.9	633.7	-9.6	
99.90	349.5	25.2	7.4	0.0	-40.1	90.7	24.1	67.7	-282.6	-1313.9	663.0	-14.6	
99.95	349.6	25.9	8.8	0.0	-40.4	90.7	31.7	67.3	-280.3	-1305.9	717.8	-10.4	
100.00	349.7	26.2	10.2	0.0	-40.7	90.7	34.2	66.8	-280.0	-1344.7	692.3	-5.6	
100.05	349.7	26.5	8.7	0.0	-40.2	90.7	27.3	64.6	-281.0	-1387.3	529.2	-10.2	
100.10	349.8	26.8	8.3	0.0	-40.1	90.7	17.7	65.5	-282.5	-1446.4	336.6	-11.6	
100.15	349.9	27.0	10.5	0.0	-41.4	90.7	19.7	68.7	-283.5	-1531.3	342.8	-5.4	
100.20	350.0	26.8	12.9	0.0	-42.7	90.7	29.3	71.1	-281.0	-1586.0	473.2	1.5	
100.25	350.0	26.3	10.6	0.0	-41.4	90.7	31.9	66.0	-278.1	-1474.3	535.8	-5.1	
100.30	350.1	25.9	7.1	0.0	-39.5	90.7	26.1	61.0	-280.9	-1332.5	551.3	-15.2	
100.35	350.2	25.7	7.7	0.0	-40.3	90.7	25.1	62.1	-288.6	-1338.7	671.2	-14.0	
100.40	350.2	25.7	9.7	0.0	-43.0	90.7	31.7	69.1	-287.7	-1478.3	787.2	-9.7	
100.45	350.3	25.8	8.3	0.0	-43.7	90.7	33.6	74.8	-277.8	-1557.5	718.0	-15.1	
100.50	350.4	25.8	5.5	0.0	-42.4	90.7	27.6	74.2	-276.6	-1506.3	621.4	-23.7	
100.55	350.4	25.6	4.0	0.0	-41.0	90.7	23.5	69.8	-287.1	-1374.3	679.3	-27.4	
100.60	350.5	24.3	3.1	0.0	-40.1	90.7	25.0	66.5	-289.3	-1247.9	767.7	-29.4	
100.65	350.6	24.2	3.4	0.0	-40.3	90.7	30.5	69.2	-279.4	-1238.7	803.5	-28.6	
100.70	350.6	24.6	6.1	0.0	-42.1	90.7	33.2	76.1	-276.8	-1351.3	850.5	-21.0	
100.75	350.7	25.5	9.9	0.0	-45.1	90.7	31.4	84.7	-286.9	-1541.8	909.3	-11.0	
100.80	350.8	25.9	11.3	0.0	-46.2	90.7	26.6	87.5	-290.4	-1678.4	817.1	-7.5	
100.85	350.8	25.9	9.5	0.0	-44.6	90.7	23.5	83.4	-282.4	-1663.0	609.6	-12.1	
100.90	350.9	25.4	9.5	0.0	-43.0	90.7	22.9	80.1	-278.3	-1594.7	458.5	-10.3	
100.95	350.9	24.8	9.8	0.0	-41.7	90.7	22.6	77.7	-285.0	-1510.6	408.8	-8.2	
101.00	351.0	24.5	8.0	0.0	-38.8	90.7	19.8	69.3	-287.9	-1336.5	304.2	-11.4	
101.05	351.1	24.6	5.7	0.0	-35.2	90.7	17.4	55.8	-282.0	-1125.5	165.1	-15.7	
101.10	351.1	25.2	7.3	0.0	-34.7	90.7	18.0	54.3	-280.2	-1097.8	138.6	-9.5	
101.15	351.2	25.8	11.5	0.0	-37.9	90.7	21.1	66.7	-287.0	-1284.8	231.9	1.5	
101.20	351.2	26.5	12.7	0.0	-39.0	90.7	23.8	70.0	-287.8	-1354.4	260.8	4.6	
101.25	351.3	26.0	9.4	0.0	-36.1	90.7	19.9	60.1	-280.8	-1186.8	119.1	-4.0	
101.30	351.3	26.0	5.9	0.0	-32.2	90.7	15.2	47.6	-281.5	-934.3	47.2	-11.8	
101.35	351.4	26.3	4.1	0.0	-29.7	90.7	17.2	40.6	-289.4	-745.1	160.8	-15.7	
101.40	351.5	26.3	2.0	0.0	-28.1	90.7	18.3	36.2	-288.0	-619.2	206.2	-21.2	
101.45	351.5	26.7	0.9	0.0	-28.2	90.7	16.1	37.3	-281.1	-642.6	170.4	-25.0	
101.50	351.6	27.2	3.0	0.0	-31.6	90.7	15.9	46.2	-283.6	-854.9	263.5	-21.3	
101.55	351.7	27.0	6.4	0.0	-35.8	90.7	21.0	55.9	-290.1	-1066.0	503.9	-13.9	
101.60	351.7	27.3	6.6	0.0	-36.9	90.7	25.4	59.4	-286.3	-1063.8	657.3	-14.2	
101.65	351.8	27.5	4.5	0.0	-35.0	90.7	26.5	56.6	-280.4	-854.2	721.2	-19.5	
101.70	351.8	26.3	3.0	0.0	-34.6	90.7	29.1	52.1	-285.0	-679.7	850.3	-24.4	
101.75	351.9	26.1	2.0	0.0	-34.0	90.7	28.1	46.0	-289.3	-604.8	869.9	-27.2	
101.80	351.9	26.3	0.6	0.0	-31.6	90.7	20.7	42.6	-283.8	-589.1	676.4	-29.6	
101.85	352.0	26.6	1.5	0.0	-32.1	90.7	17.7	52.0	-281.5	-723.1	566.9	-27.0	
101.90	352.1	25.8	5.8	0.0	-35.4	90.7	20.5	66.1	-286.2	-943.4	607.8	-15.4	
101.95	352.1	25.0	7.0	0.0	-35.4	90.7	22.2	65.9	-286.7	-942.0	597.4	-11.3	
102.00	352.2	24.6	4.3	0.0	-31.9	90.7	19.5	55.3	-281.7	-753.9	470.0	-17.2	
102.05	352.2	24.0	2.3	0.0	-29.5	90.7	18.3	48.4	-281.9	-609.9	398.4	-21.6	
102.10	352.3	24.3	4.6	0.0	-30.3	90.7	22.2	49.8	-286.9	-643.3	430.4	-14.3	
102.15	352.3	25.4	7.5	0.0	-31.7	90.7	22.4	55.6	-285.6	-802.6	324.3	-6.0	
102.20	352.4	25.6	9.4	0.0	-33.9	90.7	16.1	61.7	-279.9	-1029.4	55.3	-1.6	
102.25	352.4	25.6	11.6	0.0	-37.5	90.7	9.8	66.6	-281.6	-1283.2	-138.7	2.5	
102.30	352.5	25.4	14.4	0.0	-40.1	90.7	8.1	71.1	-288.3	-1460.7	-171.1	9.2	
102.35	352.6	25.3	14.2	0.0	-39.3	90.7	10.6	68.3	-286.8	-1402.8	-160.9	9.6	
102.40	352.6	25.9	10.5	0.0	-35.5	90.7	11.2	56.6	-280.2	-1153.7	-182.7	0.4	
102.45	352.7	26.6	7.0	0.0	-33.2	90.7	10.5	48.5	-283.1	-1002.3	-134.3	-9.0	
102.50	352.8	26.2	7.1	0.0	-33.7	90.7	10.2	46.6	-290.2	-1050.6	-47.4	-9.3	
102.55	352.9	26.7	8.6	0.0	-35.9	90.7	9.9	50.6	-287.9	-1204.6	-42.1	-6.2	
102.60	352.9	27.4	9.2	0.0	-37.9	90.7	10.4	56.2	-281.0	-1345.9	-49.0	-6.4	
102.65	353.0	28.0	9.7	0.0	-39.4	90.7	12.7	61.6	-283.8	-1444.0	74.5	-6.2	
102.70	353.1	27.6	8.1	0.0	-38.9	90.7	12.4	59.1	-290.6	-1389.9	205.8	-11.0	
102.75	353.2	27.1	3.5	0.0	-36.4	90.7	9.5	50.6	-288.4	-1229.0	218.6	-24.2	
102.80	353.2	26.9	1.9	0.0	-35.6	90.7	10.8	49.5	-283.4	-1163.0	262.7	-29.2	
102.85	353.3	27.3	4.8	0.0	-38.4	90.7	17.8	56.8	-285.2	-1301.5	442.7	-21.9	
102.90	353.4	27.3	8.8	0.0	-42.6	90.7	22.8	65.1	-288.1	-1562.2	584.3	-12.3	
102.95	353.5	26.5	9.5	0.0	-45.5	90.7	19.4	70.3	-284.4	-1803.6	523.9	-12.9	
103.00	353.5	27.0	8.7	0.0	-47.5	90.7	14.8	75.0	-281.4	-1969.8	445.7	-17.7	
103.05	353.6	27.1	9.8	0.0	-48.1	90.7	19.0	76.3	-285.9	-1976.8	564.7	-14.5	
103.10	353.7	26.9	10.8	0.0	-47.0	90.7	25.8	71.6	-287.4	-1858.8	686.4	-10.0	
103.15	353.7	26.4	7.2	0.0	-43.2	90.7	24.6	59.9	-281.8	-1617.1	598.0	-18.3	
103.20	353.8	26.0	4.5	0.0	-41.2	90.7	18.0	55.9	-280.3	-1531.0	443.8	-25.8	
103.25	353.8	25.6	7.4	0.0	-43.2	90.7	16.5	63.6	-286.2	-1667.3	435.0	-17.7	
103.30	353.9	25.4	12.5	0.0	-46.2	90.7	22.3	73.9	-286.8	-1847.8	497.2	-3.1	
103.35	353.9	25.1	13.5	0.0	-46.7	90.7	24.4	76.7	-279.1	-1894.2	449.2	-0.5	
103.40	354.0	24.9	11.3	0.0	-45.5	90.7	21.5	71.3	-278.6	-1832.0	408.9	-6.7	
103.45	354.1	25.9	9.6	0.0	-44.0	90.7	20.4	61.5	-287.8	-1713.4	488.7	-11.1	
103.50	354.1	26.4	7.7	0.0	-42.4	90.7	21.6	54.3	-289.4	-1593.8	530.3	-16.0	
103.55	354.2	26.4	6.4	0.0	-41.6	90.7	22.2	54.6	-282.0	-1558.1	461.0	-19.7	
103.60	354.2	25.5	7.8	0.0	-43.8	90.7	21.4	61.7	-281.6	-1726.4	407.7	-17.1	
103.65	354.3	24.3	11.7	0.0	-48.1	90.7	17.5	70.4	-288.6	-2040.1	361.8	-7.8	
103.70	354.4	23.2	13.9	0.0	-50.9	90.7	12.5	75.8	-288.4	-2256.8	253.8	-3.1	
103.75	354.4	22.8	12.5	0.0	-51.1	90.7	11.6	78.3	-282.4	-2273.4	195.7	-8.1	
103.80	354.5	23.0	12.1	0.0	-49.9	90.7	17.7	78.8	-283.5	-2163.3	339.7	-8.5	
103.85	354.5	23.4	11.7	0.0	-47.8	90.7	21.0	73.7	-288.6	-1983.1	477.6	-7.7	
103.90	354.6	23.7	8.5	0.0	-45.3	90.7	16.9	68.8	-289.0	-1814.3	422.0	-16.1	
103.95	354.6	24.2	7.8	0.0	-44.3	90.7	13.6	70.0	-286.0	-1764.9	300.5	-17.7	
104.00	354.7	24.6	10.2	0.0	-44.5	90.7	15.3	71.2	-284.3	-1786.4	240.1	-9.4	
104.05	354.8	24.8	11.5	0.0	-43.7	90.7	14.7	69.6	-283.9	-1738.1	159.0	-4.1	
104.10	354.8	24.6	9.5	0.0	-41.1	90.7	10.7	66.1	-284.5	-1559.8	67.9	-8.6	
104.15	354.9	24.4	6.0	0.0	-38.5	90.7	10.5	60.5	-284.6	-1380.4	71.2	-17.8	
104.20	354.9	24.4	6.3	0.0	-37.0	90.7	15.5	54.7	-284.4	-1271.8	166.7	-15.4	
104.25	355.0	25.2	8.2	0.0	-37.0	90.7	19.8	54.0	-284.5	-1251.6	259.9	-9.0	
104.30	355.0	25.5	8.5	0.0	-37.6	90.7	20.1	58.0	-284.1	-1280.1	272.6	-8.4	
104.35	355.0	25.5	9.0	0.0	-37.9	90.7	18.8	60.9	-283.9	-1305.6	247.3	-7.1	
104.40	355.1	26.2	10.4	0.0	-38.7	90.7	19.4	61.9	-284.5	-1359.6	249.7	-3.0	
104.45	355.1	26.3	10.8	0.0	-39.3	90.7	20.8	61.5	-283.6	-1408.6	262.6	-2.1	
104.50	355.1	25.8	9.4	0.0	-39.0	90.7	21.8	59.1	-281.0	-1383.6	288.9	-6.5	
104.55	355.2	25.2	7.2	0.0	-37.5	90.7	23.1	51.3	-281.7	-1257.5	410.4	-12.9	
104.60	355.2	24.4	5.3	0.0	-36.5	90.7	27.4	42.7	-285.6	-1078.5	641.7	-18.2	
104.65	355.3	23.5	3.8	0.0	-36.4	90.7	30.6	39.9	-287.4	-936.5	830.4	-23.3	
104.70	355.3	22.3	2.4	0.0	-36.4	90.7	31.1	38.4	-285.7	-855.1	915.2	-28.1	
104.75	355.3	22.4	2.9	0.0	-36.4	90.7	32.0	34.1	-285.0	-805.2	976.4	-26.6	
104.80	355.4	23.2	2.2	0.0	-35.9	90.7	30.0	32.0	-287.1	-737.7	986.2	-28.3	
104.85	355.4	23.4	-1.4	0.0	-34.4	90.7	24.5	33.1	-288.0	-651.1	915.8	-39.1	
104.90	355.4	23.3	-3.0	0.0	-33.7	90.7	23.7	32.6	-286.1	-588.8	899.1	-43.8	
104.95	355.5	23.4	-1.1	0.0	-34.6	90.7	28.6	31.0	-284.7	-580.3	983.5	-38.3	
105.00	355.5	24.5	0.1	0.0	-35.5	90.7	31.6	31.0	-285.5	-574.0	1055.7	-35.3	
105.05	355.6	24.6	-0.4	0.0	-35.2	90.7	29.4	32.6	-286.7	-568.0	1029.9	-36.5	
105.10	355.6	24.6	0.5	0.0	-34.5	90.7	28.5	31.8	-287.0	-576.0	969.7	-32.6	
105.15	355.6	25.3	2.9	0.0	-34.1	90.7	29.5	34.8	-286.2	-652.0	879.4	-24.1	
105.20	355.6	25.5	4.3	0.0	-33.4	90.7	27.2	41.5	-284.4	-758.6	689.4	-18.6	
105.25	355.7	25.3	4.0	0.0	-31.8	90.7	19.4	43.7	-283.2	-811.9	409.7	-18.1	
105.30	355.7	24.7	4.9	0.0	-30.7	90.7	12.9	39.6	-284.6	-825.4	179.5	-13.9	
105.35	355.7	25.0	5.9	0.0	-30.2	90.7	10.7	36.1	-285.7	-816.3	51.0	-10.1	
105.40	355.8	25.2	6.1	0.0	-31.0	90.7	11.4	42.3	-284.8	-864.4	-6.1	-10.2	
105.45	355.8	25.0	7.5	0.0	-31.7	90.7	14.4	45.7	-283.9	-907.8	4.9	-6.0	
105.50	355.8	25.4	9.9	0.0	-32.1	90.7	16.5	41.7	-284.5	-946.7	31.9	1.7	
105.55	355.9	25.0	10.1	0.0	-31.7	90.7	16.2	35.2	-285.2	-927.2	32.3	3.0	
105.60	355.9	24.0	8.4	0.0	-31.2	90.7	13.6	34.6	-284.9	-895.7	-2.0	-2.3	
105.65	355.9	24.1	7.0	0.0	-30.7	90.7	14.3	32.2	-285.1	-862.7	31.7	-6.6	
105.70	356.0	23.9	6.2	0.0	-30.0	90.7	16.1	24.6	-285.3	-821.2	104.8	-8.9	
105.75	356.0	23.5	3.5	0.0	-29.7	90.7	11.1	22.3	-286.4	-813.1	110.0	-17.8	
105.80	356.0	24.0	0.7	0.0	-29.6	90.7	8.0	21.6	-289.1	-790.3	190.3	-27.1	
105.85	356.1	24.2	1.2	0.0	-30.6	90.7	12.9	19.8	-290.6	-791.5	402.3	-26.5	
105.90	356.1	24.0	1.8	0.0	-32.7	90.7	17.7	23.7	-289.7	-852.5	580.9	-26.4	
105.95	356.1	22.3	0.1	0.0	-33.8	90.7	20.0	25.9	-288.0	-865.6	689.4	-33.6	
106.00	356.2	22.2	-1.4	0.0	-34.1	90.7	22.6	18.0	-286.2	-811.3	799.4	-38.7	
106.05	356.2	22.5	-0.8	0.0	-34.8	90.7	25.3	14.1	-287.7	-736.4	934.4	-37.6	
106.10	356.2	22.6	-0.5	0.0	-35.9	90.7	27.1	19.6	-289.9	-712.3	1036.0	-37.4	
106.15	356.3	23.2	-1.0	0.0	-36.4	90.7	28.4	25.2	-288.3	-747.3	1051.4	-39.9	
106.20	356.3	23.6	-1.4	0.0	-35.7	90.7	28.1	22.7	-286.1	-746.5	993.4	-40.6	
106.25	356.3	23.5	-0.8	0.0	-33.9	90.7	23.5	21.4	-286.8	-696.0	872.1	-36.6	
106.30	356.4	23.6	-1.1	0.0	-31.8	90.7	19.6	25.4	-289.9	-567.2	770.1	-35.5	
106.35	356.4	24.3	-1.1	0.0	-30.3	90.7	22.0	26.1	-288.1	-444.2	711.1	-34.2	
106.40	356.4	25.4	0.2	0.0	-28.6	90.7	25.9	18.8	-281.8	-329.3	635.6	-27.9	
106.45	356.5	25.4	0.9	0.0	-27.3	90.7	27.2	14.4	-280.7	-221.4	586.5	-24.2	
106.50	356.5	25.3	1.1	0.0	-27.2	90.7	26.0	19.6	-285.4	-189.0	574.1	-23.5	
106.55	356.5	25.1	2.5	0.0	-27.1	90.7	26.4	22.9	-286.7	-201.1	557.7	-18.7	
106.60	356.5	26.2	5.3	0.0	-26.6	90.7	26.6	24.8	-283.8	-287.1	473.1	-8.3	
106.65	356.5	26.8	6.0	0.0	-26.2	90.7	21.1	31.1	-284.3	-415.0	306.6	-5.7	
106.70	356.6	26.9	5.0	0.0	-25.7	90.7	13.8	33.3	-286.8	-459.7	140.4	-8.6	
106.75	356.6	27.0	3.9	0.0	-24.7	90.7	10.7	30.5	-287.0	-418.3	46.0	-11.2	
106.80	356.6	27.9	2.1	0.0	-23.2	90.7	9.0	26.1	-285.2	-319.4	-4.6	-15.9	
106.85	356.7	28.8	1.3	0.0	-22.1	90.7	9.0	22.2	-285.4	-242.8	21.8	-17.5	
106.90	356.7	28.4	2.5	0.0	-22.4	90.7	12.8	19.6	-286.7	-223.1	148.9	-13.9	
106.95	356.7	28.7	3.1	0.0	-23.0	90.7	15.9	15.9	-287.6	-158.8	279.1	-12.6	
107.00	356.8	29.3	3.2	0.0	-23.3	90.7	13.9	17.5	-289.5	-136.9	308.2	-12.4	
107.05	356.8	29.9	2.3	0.0	-23.4	90.7	12.9	21.6	-292.0	-155.9	298.2	-15.4	
107.10	356.9	29.7	1.5	0.0	-21.7	90.7	12.0	17.9	-289.6	-100.9	199.3	-16.6	
107.15	356.9	29.0	-1.5	0.0	-19.5	90.7	6.1	7.3	-286.1	94.9	1.9	-24.9	
107.20	357.0	27.8	-3.2	0.0	-21.8	90.7	-0.9	3.0	-288.4	245.9	-137.4	-32.7	
107.25	357.0	28.5	-3.0	0.0	-21.4	90.7	-0.4	7.2	-292.5	201.4	-127.3	-31.7	
107.30	357.1	28.3	0.7	0.0	-20.0	90.7	6.1	15.7	-289.0	-82.2	-62.3	-17.6	
107.35	357.1	27.1	4.3	0.0	-22.7	90.7	12.4	20.8	-283.2	-296.2	6.5	-8.0	
107.40	357.2	26.4	6.2	0.0	-24.8	90.7	13.5	28.8	-285.8	-420.4	76.9	-3.4	
107.45	357.2	26.6	7.7	0.0	-26.0	90.7	14.7	31.5	-292.2	-476.7	158.5	0.4	
107.50	357.3	27.4	7.1	0.0	-25.7	90.7	19.3	26.9	-288.7	-461.9	170.2	-1.3	
107.55	357.3	27.0	5.1	0.0	-24.4	90.7	19.3	25.3	-279.3	-399.7	57.6	-6.8	
107.60	357.3	27.0	3.4	0.0	-23.7	90.7	15.0	29.9	-279.9	-345.8	-3.8	-12.1	
107.65	357.4	27.2	3.9	0.0	-23.8	90.7	11.7	31.2	-288.4	-337.6	60.3	-10.5	
107.70	357.4	27.1	3.0	0.0	-23.9	90.7	12.4	27.3	-289.5	-322.6	156.2	-13.4	
107.75	357.5	27.3	1.7	0.0	-23.7	90.7	14.9	22.3	-283.0	-266.8	248.7	-17.9	
107.80	357.5	27.8	1.8	0.0	-26.1	90.7	21.2	21.3	-283.5	-209.2	486.6	-19.9	
107.85	357.5	28.9	2.5	0.0	-29.1	90.7	25.3	20.0	-290.1	-142.1	734.7	-20.4	
107.90	357.6	29.0	1.4	0.0	-30.2	90.7	25.5	16.1	-290.4	-68.1	832.0	-25.2	
107.95	357.6	28.6	0.2	0.0	-30.0	90.7	24.9	17.3	-285.5	-102.2	817.6	-29.5	
108.00	357.6	27.7	1.3	0.0	-31.5	90.7	28.4	24.9	-284.4	-302.0	866.0	-26.9	
108.05	357.7	27.4	2.3	0.0	-33.0	90.7	29.6	29.3	-285.6	-488.0	896.8	-25.2	
108.10	357.7	26.8	1.0	0.0	-32.6	90.7	24.3	31.6	-287.1	-534.1	837.8	-29.0	
108.15	357.8	25.8	0.1	0.0	-32.8	90.7	21.4	36.0	-290.0	-565.9	821.2	-32.6	
108.20	357.8	26.0	1.6	0.0	-33.7	90.7	24.4	36.1	-290.8	-646.2	840.1	-28.3	
108.25	357.8	25.9	3.9	0.0	-33.4	90.7	25.6	33.3	-287.0	-724.4	757.6	-19.9	
108.30	357.9	25.1	1.9	0.0	-32.3	90.7	24.1	35.4	-285.6	-718.0	642.2	-25.7	
108.35	357.9	25.1	1.5	0.0	-30.7	90.7	17.8	40.1	-287.7	-693.4	468.6	-25.4	
108.40	357.9	25.0	3.5	0.0	-30.2	90.7	14.0	42.8	-289.2	-735.3	304.6	-18.3	
108.45	358.0	25.1	5.1	0.0	-30.5	90.7	16.6	42.4	-286.9	-797.2	188.4	-13.0	
108.50	358.0	24.9	5.8	0.0	-30.7	90.7	14.5	42.2	-282.1	-839.0	-11.0	-10.7	
108.55	358.1	24.2	6.0	0.0	-30.9	90.7	8.6	42.1	-283.6	-842.8	-176.2	-10.5	
108.60	358.1	23.2	6.8	0.0	-31.3	90.7	6.4	41.1	-288.9	-861.3	-209.6	-7.9	
108.65	358.2	23.1	9.2	0.0	-31.9	90.7	10.5	41.4	-288.6	-915.6	-171.6	-0.4	
108.70	358.2	23.2	10.3	0.0	-33.4	90.7	13.7	45.6	-282.7	-1019.8	-177.8	1.9	
108.75	358.2	23.1	9.6	0.0	-34.6	90.7	14.6	50.0	-281.6	-1105.0	-148.6	-1.5	
108.80	358.2	21.6	9.5	0.0	-35.1	90.7	11.8	49.5	-286.8	-1151.2	-82.6	-2.4	
108.85	358.3	20.7	8.0	0.0	-35.5	90.7	9.2	48.7	-289.6	-1186.8	-18.5	-8.2	
108.90	358.3	20.3	6.3	0.0	-35.4	90.7	9.8	47.8	-286.1	-1177.7	50.5	-13.7	
108.95	358.3	21.3	5.5	0.0	-35.5	90.7	12.6	47.0	-283.6	-1180.7	162.6	-16.6	
109.00	358.3	21.3	4.9	0.0	-35.5	90.7	14.4	43.7	-287.5	-1149.7	335.7	-18.8	
109.05	358.3	21.1	1.6	0.0	-35.4	90.7	14.4	40.4	-290.9	-1088.3	487.0	-29.8	
109.10	358.3	20.9	-0.4	0.0	-35.3	90.7	15.2	38.9	-287.9	-1037.3	592.0	-36.8	
109.15	358.3	20.3	1.3	0.0	-36.7	90.7	23.0	37.7	-285.2	-1012.8	799.8	-32.3	
109.20	358.3	19.7	3.9	0.0	-39.4	90.7	30.5	40.7	-287.0	-1065.3	1026.5	-26.1	
109.25	358.3	19.0	2.8	0.0	-40.0	90.7	29.3	43.8	-288.7	-1061.6	1084.3	-30.5	
109.30	358.3	18.5	1.1	0.0	-39.0	90.7	25.8	44.0	-288.7	-995.1	1049.2	-35.3	
109.35	358.3	18.4	0.4	0.0	-38.4	90.7	26.9	41.6	-288.6	-958.3	1027.9	-37.0	
109.40	358.3	18.7	1.1	0.0	-37.2	90.7	27.4	37.2	-286.7	-930.9	941.8	-33.3	
109.45	358.3	19.1	1.7	0.0	-35.5	90.7	23.5	36.9	-285.2	-914.7	786.0	-29.6	
109.50	358.3	18.9	0.5	0.0	-35.1	90.7	21.1	42.0	-286.7	-937.5	691.2	-33.3	
109.55	358.3	17.8	4.1	0.0	-35.7	90.7	24.0	44.9	-287.0	-981.1	679.5	-21.5	
109.60	358.3	16.4	7.3	0.0	-36.3	90.7	29.3	45.2	-284.3	-1024.8	690.3	-11.1	
109.65	358.3	15.5	8.6	0.0	-36.1	90.7	28.8	45.3	-282.2	-1051.0	625.5	-6.7	
109.70	358.3	15.2	7.8	0.0	-35.2	90.7	24.9	44.3	-284.6	-1025.3	543.0	-8.3	
109.75	358.3	16.5	8.1	0.0	-34.5	90.7	23.4	44.7	-287.4	-998.2	483.4	-6.9	
109.80	358.3	16.9	8.1	0.0	-34.1	90.7	22.5	46.5	-285.7	-1004.8	381.4	-6.4	
109.85	358.3	16.8	7.0	0.0	-33.5	90.7	18.2	46.8	-282.7	-1011.1	214.6	-9.3	
109.90	358.3	17.0	6.7	0.0	-33.2	90.7	12.3	43.1	-283.4	-1025.3	95.1	-10.3	
109.95	358.4	17.0	7.9	0.0	-33.6	90.7	11.3	39.0	-286.7	-1059.2	131.6	-6.5	
