Time[s]	Rotor azimuth angle[deg]	Hub wind speed magnitude[m/s]	ACTTORQUE1[Nm]	PITRAT1[deg/s]	PITFRIC1[kNm]	PITCH1[deg]	Blade root 1 Fx[KN]	Blade root 1 Fy[KN]	Blade root 1 Fz[KN]	Blade root 1 Mx[kNm]	Blade root 1 My[kNm]	Blade root 1 Mz[kNm]	
END_OF_HEADER
50.00	281.0	21.9	12.0	0.1	-159.4	22.4	251.6	181.8	660.9	-4340.4	8462.0	-115.7	
50.05	283.8	21.9	15.5	0.0	-154.3	22.4	241.3	172.0	643.8	-3979.3	8275.4	-99.3	
50.10	286.5	22.1	20.7	0.0	-146.4	22.4	221.9	171.2	623.7	-3488.6	7912.6	-74.2	
50.15	289.2	22.1	26.2	0.0	-139.1	22.4	210.5	173.7	610.1	-3114.3	7506.5	-48.3	
50.20	292.0	22.3	28.9	0.0	-133.8	22.4	211.9	180.9	602.0	-2784.2	7197.2	-33.8	
50.25	294.7	22.6	30.5	0.1	-130.2	22.4	212.5	174.7	590.6	-2482.1	7035.8	-36.7	
50.30	297.5	22.8	23.9	0.1	-127.5	22.4	205.4	157.6	570.7	-2351.9	6929.6	-46.3	
50.35	300.2	23.6	-56.9	-0.1	121.8	22.4	192.1	155.4	556.8	-2346.4	6524.3	-48.6	
50.40	303.0	23.6	-53.1	-0.4	111.0	22.4	171.0	161.9	554.6	-2371.1	5676.8	-36.9	
50.45	305.8	23.0	-43.0	-0.5	101.5	22.4	151.8	157.2	550.0	-2460.1	4899.6	-23.0	
50.50	308.6	23.5	-36.0	-0.5	95.6	22.3	140.0	146.5	537.9	-2423.5	4481.3	-28.3	
50.55	311.3	24.3	-32.2	-0.3	92.8	22.3	132.6	125.5	518.6	-2384.7	4345.8	-41.4	
50.60	314.1	25.3	-33.6	-0.1	90.0	22.3	121.0	104.9	496.8	-2488.9	4136.9	-50.5	
50.65	316.8	25.4	-38.1	-0.1	84.6	22.3	109.3	102.0	475.5	-2418.4	3756.9	-56.1	
50.70	319.6	25.3	-41.6	-0.1	78.7	22.3	108.6	102.7	464.0	-2164.3	3395.6	-66.3	
50.75	322.3	25.2	-42.2	-0.0	77.5	22.3	120.3	100.1	458.0	-2073.2	3326.8	-69.2	
50.80	325.0	25.2	4.0	0.0	-80.5	22.3	139.4	98.2	455.1	-2043.7	3564.3	-72.0	
50.85	327.8	25.1	3.8	0.0	-87.7	22.3	166.0	87.0	449.3	-2055.8	4121.0	-78.2	
50.90	330.5	25.0	-57.4	-0.1	95.6	22.3	194.4	73.3	448.5	-2056.3	4716.3	-90.9	
50.95	333.3	25.0	-64.6	-0.2	101.0	22.3	212.9	73.8	451.3	-1961.8	5140.2	-97.2	
51.00	336.0	24.8	-61.8	-0.3	102.9	22.3	212.5	63.5	446.2	-1806.1	5361.5	-95.7	
51.05	338.8	24.9	-59.0	-0.3	102.3	22.2	202.6	36.9	432.4	-1542.0	5462.5	-105.1	
51.10	341.5	25.5	-66.5	-0.2	96.8	22.2	187.7	5.2	428.0	-998.2	5218.1	-141.3	
51.15	344.3	26.9	-73.2	-0.2	89.6	22.2	173.2	-27.5	428.2	-563.4	4769.9	-163.0	
51.20	347.1	28.0	-76.2	-0.4	83.8	22.2	163.8	-34.4	421.1	-367.2	4376.4	-158.4	
51.25	349.8	28.1	-70.3	-0.6	77.0	22.2	153.3	-25.3	412.6	-212.4	3917.4	-137.9	
51.30	352.6	27.4	-57.0	-0.7	69.7	22.1	145.1	-35.1	414.2	-83.8	3383.2	-116.5	
51.35	355.3	27.1	-43.5	-0.6	61.1	22.1	137.2	-27.8	423.5	-168.5	2748.2	-98.1	
51.40	358.1	27.5	-28.6	-0.4	51.1	22.1	121.2	-16.7	425.7	-253.0	2030.0	-65.6	
51.45	0.8	26.8	-16.4	-0.3	40.1	22.1	97.8	-30.9	419.7	120.2	1272.2	-30.0	
51.50	3.5	26.3	-17.8	-0.4	40.7	22.1	78.6	-58.5	422.6	1226.5	523.8	-15.5	
51.55	6.2	26.1	-24.0	-0.4	56.0	22.0	71.8	-94.3	429.7	2427.4	47.6	-16.5	
51.60	9.0	26.0	-26.4	-0.5	70.1	22.0	71.3	-127.9	426.0	3415.1	-100.1	-16.7	
51.65	11.7	25.9	-34.1	-0.5	83.7	22.0	78.8	-152.2	417.1	4378.4	36.6	-28.1	
51.70	14.4	25.9	-45.3	-0.6	96.3	22.0	95.4	-194.2	414.3	5188.5	310.4	-45.6	
51.75	17.1	26.5	-51.7	-0.8	103.5	21.9	112.5	-215.0	419.8	5643.2	506.8	-52.1	
51.80	19.8	26.9	-45.5	-0.9	103.6	21.9	119.8	-200.4	424.0	5670.1	572.9	-34.5	
51.85	22.6	27.1	-33.8	-1.0	99.3	21.8	109.0	-194.6	420.3	5386.9	443.0	-10.7	
51.90	25.3	27.5	-28.7	-1.0	94.9	21.8	93.1	-196.8	417.7	5085.9	199.5	1.3	
51.95	28.0	28.1	-31.6	-1.1	93.6	21.7	79.7	-207.1	426.2	4966.4	-128.3	-2.9	
52.00	30.7	28.6	-38.4	-1.3	95.3	21.7	68.1	-228.1	432.9	5031.8	-370.4	-16.0	
52.05	33.4	28.3	-47.4	-1.5	98.5	21.6	64.5	-234.7	430.6	5267.9	-288.8	-38.4	
52.10	36.1	27.9	-50.6	-1.6	100.4	21.5	66.3	-236.4	433.5	5408.0	-96.3	-61.3	
52.15	38.8	27.5	-44.5	-1.5	99.7	21.5	75.2	-246.8	446.3	5312.3	136.8	-67.1	
52.20	41.5	26.8	-40.8	-1.2	98.1	21.4	92.2	-249.1	463.8	5129.2	514.8	-69.1	
52.25	44.2	26.0	-43.0	-1.1	95.4	21.3	109.7	-244.8	474.2	4817.0	1078.2	-70.7	
52.30	46.9	25.4	-50.3	-1.1	93.8	21.3	123.0	-229.6	481.3	4532.6	1665.3	-75.6	
52.35	49.5	26.1	-53.5	-1.3	93.9	21.2	131.7	-214.2	488.8	4397.0	2062.1	-73.0	
52.40	52.3	26.9	-53.2	-1.4	97.0	21.1	134.3	-235.7	502.2	4569.3	2081.3	-72.0	
52.45	55.0	27.4	-59.0	-1.4	104.5	21.1	136.6	-270.4	517.2	5118.7	1974.6	-88.7	
52.50	57.7	26.6	-70.2	-1.5	112.8	21.0	135.7	-288.1	527.7	5746.7	1935.2	-117.0	
52.55	60.4	26.7	-74.2	-1.6	116.0	20.9	131.9	-295.0	532.2	5979.3	1954.6	-125.8	
52.60	63.1	26.8	-70.2	-1.7	115.9	20.8	127.1	-294.9	545.6	6000.4	1845.0	-119.2	
52.65	65.8	25.9	-59.8	-1.6	114.8	20.8	128.5	-296.3	566.5	5913.0	1766.2	-103.1	
52.70	68.5	26.6	-53.6	-1.4	114.1	20.7	128.0	-295.2	582.5	5830.4	1817.7	-88.8	
52.75	71.2	27.0	-55.7	-1.4	115.5	20.6	127.4	-284.0	586.4	5879.8	2101.6	-78.6	
52.80	73.8	26.0	-58.3	-1.5	120.9	20.5	128.4	-282.2	597.7	6245.5	2276.8	-70.0	
52.85	76.5	25.7	-59.7	-1.5	131.1	20.5	137.5	-302.8	622.6	6954.7	2331.9	-67.5	
52.90	79.2	25.4	-65.8	-1.5	143.3	20.4	147.8	-334.5	649.2	7754.7	2475.9	-83.5	
52.95	81.9	24.5	-71.1	-1.5	152.8	20.3	146.7	-358.4	660.5	8322.6	2815.5	-97.6	
53.00	84.6	25.1	-73.4	-1.4	157.4	20.2	139.1	-360.8	662.4	8564.2	3185.7	-98.6	
53.05	87.2	25.7	-73.5	-1.4	159.2	20.2	129.1	-355.6	676.4	8719.7	3194.0	-92.0	
53.10	89.9	26.0	-70.4	-1.4	161.0	20.1	132.9	-350.5	698.7	8877.9	3128.5	-81.7	
53.15	92.6	26.3	-72.7	-1.4	162.6	20.0	145.9	-344.7	716.3	8937.8	3302.3	-92.6	
53.20	95.3	26.7	-74.5	-1.4	164.0	20.0	159.9	-341.9	721.3	8848.8	3776.8	-96.5	
53.25	98.1	27.6	-77.8	-1.4	166.6	19.9	180.1	-339.8	722.5	8703.9	4480.4	-99.5	
53.30	100.8	27.2	-86.7	-1.4	173.3	19.8	204.3	-347.7	742.3	8989.7	4890.5	-120.2	
53.35	103.5	26.5	-89.1	-1.4	176.7	19.8	210.7	-359.0	767.0	9231.9	4857.2	-130.1	
53.40	106.2	25.6	-78.6	-1.3	174.2	19.7	199.4	-350.5	773.9	9024.7	4915.0	-107.2	
53.45	108.9	26.0	-71.7	-1.2	172.0	19.6	185.8	-336.0	770.0	8753.3	5169.4	-93.5	
53.50	111.6	26.5	-73.9	-1.0	171.5	19.6	184.3	-341.7	772.2	8551.6	5395.9	-95.5	
53.55	114.4	27.1	-81.2	-1.1	170.1	19.5	201.2	-342.6	789.0	8272.9	5562.7	-104.8	
53.60	117.1	28.0	-86.4	-1.2	167.5	19.5	227.9	-317.3	804.4	7786.6	5912.2	-114.9	
53.65	119.8	28.1	-85.0	-1.3	163.9	19.4	239.9	-293.0	808.9	7160.3	6298.9	-119.2	
53.70	122.6	27.7	-79.0	-1.2	160.4	19.3	239.2	-282.4	813.8	6552.3	6595.5	-119.7	
53.75	125.3	27.6	-67.0	-1.0	155.0	19.3	233.9	-274.1	832.2	5980.4	6593.3	-104.9	
53.80	128.0	27.5	-61.0	-0.7	147.7	19.2	221.3	-268.3	859.3	5542.2	6265.4	-92.5	
53.85	130.8	27.5	-65.9	-0.6	144.9	19.2	211.8	-260.8	874.5	5401.1	6136.7	-91.1	
53.90	133.5	27.3	-80.7	-0.8	149.8	19.2	215.9	-251.4	879.8	5683.7	6397.6	-112.3	
53.95	136.2	27.2	-90.3	-0.9	156.3	19.1	232.3	-258.4	888.8	5854.0	6828.1	-132.5	
54.00	138.9	26.9	-91.5	-1.0	159.0	19.1	249.5	-263.2	908.4	5780.4	7075.2	-142.4	
54.05	141.7	26.1	-87.6	-1.0	156.5	19.0	255.1	-242.3	923.0	5497.5	7090.7	-142.7	
54.10	144.4	26.1	-79.7	-1.0	152.2	19.0	248.7	-215.9	925.6	5049.8	7096.1	-121.8	
54.15	147.2	26.1	-68.5	-1.0	149.0	18.9	241.9	-186.5	936.8	4683.3	7129.6	-86.0	
54.20	149.9	26.1	-56.7	-0.9	150.3	18.9	249.5	-168.9	963.0	4557.0	7314.5	-60.4	
54.25	152.7	26.4	-52.7	-0.7	155.9	18.8	264.7	-180.5	979.1	4666.0	7663.8	-54.2	
54.30	155.4	26.7	-67.5	-0.5	165.9	18.8	281.5	-204.4	979.7	5210.1	8123.6	-83.8	
54.35	158.2	26.7	-85.4	-0.6	172.9	18.8	287.6	-221.0	981.2	5811.8	8301.6	-112.5	
54.40	161.0	28.0	-86.9	-0.8	171.5	18.8	276.6	-221.0	989.3	5994.4	8066.6	-103.2	
54.45	163.8	28.7	-73.9	-0.9	165.7	18.7	255.4	-203.1	991.7	5792.5	7762.0	-73.6	
54.50	166.6	28.8	-53.6	-0.8	159.5	18.7	236.3	-174.9	982.1	5235.5	7714.1	-42.1	
54.55	169.3	28.5	-42.5	-0.5	158.5	18.6	240.8	-143.6	978.9	4516.6	8117.2	-22.4	
54.60	172.1	28.3	-50.4	-0.4	163.5	18.6	265.7	-112.9	993.5	3946.2	8783.7	-25.0	
54.65	174.9	28.1	-59.5	-0.4	170.9	18.6	291.6	-102.3	1006.3	3510.2	9492.1	-27.0	
54.70	177.8	27.5	-67.4	-0.6	177.9	18.6	306.4	-97.8	1006.6	3370.0	10065.2	-33.1	
54.75	180.6	27.7	-72.4	-0.7	182.5	18.5	309.1	-94.8	1004.2	3562.7	10363.6	-48.2	
54.80	183.4	28.1	-69.0	-0.7	183.6	18.5	303.8	-107.6	1009.3	3760.3	10386.8	-50.7	
54.85	186.2	28.0	-64.4	-0.6	185.3	18.5	302.1	-105.0	1012.4	3774.3	10518.9	-48.0	
54.90	189.0	27.8	-62.7	-0.5	189.6	18.4	306.8	-91.1	1004.1	3543.3	10948.1	-46.0	
54.95	191.8	27.8	-63.6	-0.3	195.8	18.4	317.4	-78.1	992.3	3031.5	11573.5	-42.0	
55.00	194.6	28.4	-69.7	-0.3	204.1	18.4	341.3	-39.6	992.0	2371.6	12320.9	-37.3	
55.05	197.4	28.9	-70.7	-0.4	210.2	18.4	360.2	-4.7	999.2	1595.5	12853.6	-20.9	
55.10	200.2	29.1	-68.7	-0.5	210.9	18.4	360.6	8.9	1004.5	1034.4	12963.2	-7.7	
55.15	203.0	28.8	-66.1	-0.7	208.8	18.3	350.5	30.6	1004.4	651.7	12855.2	2.3	
55.20	205.9	28.2	-60.5	-0.8	204.7	18.3	333.8	45.7	1001.6	331.6	12603.2	12.0	
55.25	208.7	27.5	-53.9	-0.8	200.5	18.3	320.5	45.7	1001.1	307.9	12319.8	19.1	
55.30	211.5	26.7	-49.1	-0.7	199.9	18.2	317.6	47.1	992.9	387.5	12289.7	18.4	
55.35	214.4	25.2	-44.9	-0.5	202.5	18.2	321.5	48.3	979.7	118.8	12491.4	19.0	
55.40	217.2	24.1	-45.8	-0.3	205.2	18.2	326.3	70.8	972.1	-415.0	12668.8	18.7	
55.45	220.1	23.4	-48.3	-0.2	206.5	18.2	325.4	99.7	967.3	-997.6	12718.9	26.4	
55.50	223.0	23.9	-51.8	-0.2	206.7	18.2	322.2	116.9	962.6	-1448.5	12684.8	32.9	
55.55	225.9	23.5	-54.1	-0.3	207.6	18.1	324.0	136.6	962.2	-1780.1	12685.6	35.3	
55.60	228.8	22.7	-53.4	-0.3	209.6	18.1	327.4	155.0	964.0	-2020.1	12774.6	33.0	
55.65	231.7	23.0	-50.9	-0.3	210.7	18.1	325.9	157.4	959.2	-2124.3	12842.0	32.8	
55.70	234.6	22.7	-49.7	-0.3	210.8	18.1	322.0	147.0	942.9	-2052.7	12899.2	33.2	
55.75	237.5	22.2	-50.9	-0.2	210.8	18.1	322.1	138.7	927.2	-1861.7	12951.2	27.3	
55.80	240.4	22.0	-54.3	-0.1	211.8	18.1	329.4	145.8	918.9	-1848.9	13008.0	15.1	
55.85	243.3	22.4	-57.0	-0.0	211.0	18.1	336.0	150.4	914.7	-2028.3	12896.6	5.7	
55.90	246.3	22.8	63.9	0.0	-206.1	18.1	331.2	151.4	911.0	-2354.2	12478.0	4.1	
55.95	249.2	22.5	60.6	0.1	-199.4	18.1	316.2	162.4	906.8	-2768.1	11907.0	4.8	
56.00	252.1	22.7	58.5	0.0	-196.1	18.1	299.2	187.2	896.1	-3323.9	11517.2	6.7	
56.05	255.0	23.3	60.0	0.0	-195.3	18.1	286.0	213.8	878.5	-3725.6	11328.2	12.2	
56.10	258.0	24.0	62.9	0.1	-192.3	18.1	280.8	218.1	861.8	-3689.0	11119.8	17.1	
56.15	260.9	24.4	63.4	0.2	-186.7	18.1	276.8	199.7	845.3	-3415.5	10821.1	14.8	
56.20	263.8	24.5	58.3	0.3	-181.2	18.1	271.3	185.2	831.1	-3123.5	10527.1	7.4	
56.25	266.7	24.4	51.1	0.3	-178.4	18.1	264.6	183.9	813.4	-2977.1	10383.5	2.4	
56.30	269.7	24.3	44.6	0.1	-177.7	18.1	261.4	189.2	794.0	-3022.1	10327.4	-3.4	
56.35	272.6	25.0	-60.9	-0.1	176.8	18.1	265.4	194.6	783.0	-3194.4	10195.8	-8.5	
56.40	275.6	26.4	-56.9	-0.2	177.4	18.1	277.0	196.2	778.5	-3430.7	10137.7	-8.6	
56.45	278.5	25.7	-56.0	-0.1	179.6	18.1	287.5	197.6	765.7	-3653.7	10218.4	-22.2	
56.50	281.5	25.4	51.0	0.1	-184.0	18.1	299.1	202.5	746.5	-3801.5	10495.3	-27.4	
56.55	284.5	25.4	47.5	0.2	-186.1	18.1	310.2	195.0	735.8	-3769.1	10664.3	-39.4	
56.60	287.5	24.4	38.2	0.3	-184.0	18.1	314.5	177.5	728.5	-3505.7	10610.5	-61.9	
56.65	290.5	23.8	28.0	0.3	-177.8	18.1	302.0	166.1	716.0	-3240.2	10265.2	-83.4	
56.70	293.5	23.6	22.9	0.2	-168.9	18.1	274.9	150.3	699.3	-3231.4	9673.5	-81.6	
56.75	296.5	23.2	23.0	0.1	-160.8	18.2	252.6	150.3	687.2	-3283.5	9072.2	-65.3	
56.80	299.5	22.8	-65.1	-0.1	153.1	18.2	241.0	158.3	680.5	-3286.8	8474.3	-54.1	
56.85	302.5	22.6	-56.6	-0.1	147.5	18.2	236.8	162.6	674.0	-3433.2	7963.3	-43.9	
56.90	305.5	22.8	33.8	0.0	-145.3	18.2	240.9	179.0	668.6	-3595.1	7666.6	-43.7	
56.95	308.5	22.3	35.7	0.2	-144.9	18.2	244.6	176.0	665.6	-3808.3	7531.4	-46.6	
57.00	311.5	22.0	30.4	0.3	-145.2	18.2	244.6	165.6	663.3	-3936.7	7513.9	-51.1	
57.05	314.5	23.1	20.4	0.2	-144.9	18.2	242.0	171.9	655.7	-3784.3	7563.5	-56.7	
57.10	317.5	23.6	-68.5	-0.1	140.9	18.2	233.1	156.5	649.8	-3382.3	7480.3	-65.5	
57.15	320.6	23.4	-70.0	-0.2	135.3	18.2	225.8	127.6	646.5	-2819.5	7327.8	-87.5	
57.20	323.6	22.4	-67.9	-0.2	133.4	18.2	224.7	107.6	638.1	-2425.2	7352.1	-102.1	
57.25	326.6	22.4	-64.6	-0.1	133.3	18.2	221.7	82.2	619.1	-2249.0	7458.8	-101.7	
57.30	329.6	22.5	-70.6	-0.1	131.5	18.2	219.6	69.0	601.3	-1963.1	7427.9	-113.4	
57.35	332.6	22.1	-74.1	-0.1	128.6	18.2	218.5	77.0	592.5	-1785.4	7252.5	-118.1	
57.40	335.6	21.6	-66.5	-0.1	126.0	18.1	214.7	86.0	591.4	-1957.3	6998.7	-99.5	
57.45	338.6	21.3	-58.0	-0.1	124.3	18.1	210.5	85.1	585.8	-2060.1	6853.7	-79.2	
57.50	341.7	21.5	-57.3	-0.1	119.0	18.1	200.3	60.4	583.7	-1651.2	6610.9	-74.6	
57.55	344.7	22.5	-58.1	-0.3	111.2	18.1	186.5	26.9	588.4	-978.0	6203.0	-71.6	
57.60	347.7	22.8	-51.8	-0.4	104.6	18.1	171.6	16.7	589.9	-321.9	5812.1	-49.7	
57.65	350.7	22.4	-42.9	-0.5	104.3	18.1	166.7	2.8	587.7	283.0	5810.0	-38.7	
57.70	353.8	22.0	-46.8	-0.3	113.0	18.1	184.6	-34.6	589.6	1101.9	6317.6	-68.2	
57.75	356.8	22.3	-62.2	-0.1	126.2	18.1	214.5	-73.6	597.1	1943.4	7028.6	-111.0	
57.80	359.9	22.9	-69.9	-0.1	136.1	18.0	235.8	-95.1	598.5	2275.3	7627.2	-108.3	
57.85	3.0	22.6	-74.2	-0.3	141.3	18.0	247.4	-86.6	592.6	2263.2	8028.2	-90.1	
57.90	6.1	22.5	-78.4	-0.5	141.8	18.0	247.0	-78.5	601.4	2493.4	8001.3	-99.0	
57.95	9.2	22.4	-75.5	-0.6	139.5	18.0	238.0	-95.4	617.7	2867.4	7679.2	-111.9	
58.00	12.2	22.4	-67.2	-0.5	137.1	18.0	226.6	-118.2	618.9	3106.5	7393.2	-105.4	
58.05	15.3	22.6	-64.1	-0.3	139.8	17.9	225.1	-138.9	609.5	3550.5	7392.9	-99.5	
58.10	18.4	22.9	-73.3	-0.2	144.0	17.9	226.0	-166.5	608.5	4282.5	7317.6	-118.0	
58.15	21.5	23.1	-81.9	-0.2	143.4	17.9	220.2	-180.6	620.3	4773.2	6918.3	-138.4	
58.20	24.6	23.5	-73.4	-0.2	135.8	17.9	198.2	-177.1	627.8	4815.0	6245.8	-117.9	
58.25	27.7	23.6	-62.2	-0.2	131.2	17.9	181.8	-182.5	623.7	4815.1	5829.8	-89.6	
58.30	30.7	23.0	-66.6	-0.2	134.7	17.9	194.2	-192.3	626.8	4919.1	6022.9	-89.5	
58.35	33.8	23.2	-76.5	-0.3	140.4	17.9	218.2	-182.6	648.9	4963.4	6481.3	-106.3	
58.40	36.9	23.7	-77.3	-0.4	142.2	17.9	221.0	-178.4	666.9	4889.8	6686.7	-115.3	
58.45	40.0	24.4	-68.7	-0.4	139.0	17.8	200.5	-193.5	667.0	4772.3	6496.6	-100.4	
58.50	43.1	23.8	-61.7	-0.3	135.4	17.8	176.4	-213.4	677.9	5050.4	5921.3	-88.1	
58.55	46.2	23.2	-65.3	-0.2	135.1	17.8	160.8	-244.4	709.2	5601.8	5266.7	-97.8	
58.60	49.3	22.7	-76.0	-0.2	138.3	17.8	157.5	-268.3	731.8	6067.1	4993.2	-118.9	
58.65	52.4	22.9	-79.0	-0.3	140.9	17.8	164.1	-263.2	733.6	6065.2	5304.4	-125.5	
58.70	55.5	23.0	-76.1	-0.2	144.6	17.8	175.1	-273.5	739.1	5925.1	5800.7	-125.1	
58.75	58.7	22.8	-82.7	-0.1	150.0	17.8	191.8	-288.8	760.2	6056.0	6133.8	-140.4	
58.80	61.9	22.0	-63.9	-0.1	130.8	17.8	191.9	-226.6	803.6	4098.6	6016.2	-93.4	
58.85	65.1	21.5	-71.6	-0.1	132.3	17.8	201.6	-231.5	825.2	4115.2	6078.2	-117.0	
58.90	68.2	21.2	-86.9	-0.1	134.7	17.8	174.1	-202.2	860.5	4819.4	5895.7	-166.4	
58.95	71.5	20.9	22.2	0.5	-137.1	17.8	174.3	-305.2	860.3	5012.8	5645.9	-127.9	
59.00	74.6	20.7	8.9	0.9	-149.0	17.8	194.3	-266.9	883.8	6224.7	5783.5	-168.4	
59.05	77.8	20.7	4.5	1.1	-153.5	17.9	173.6	-258.4	917.3	6608.2	5914.2	-175.3	
59.10	81.1	21.0	9.1	1.4	-158.7	17.9	198.4	-344.6	907.0	6168.3	6571.0	-155.0	
59.15	84.3	20.9	-3.0	1.5	-171.7	18.0	229.1	-313.0	915.8	6963.4	7202.1	-202.6	
59.20	87.5	21.0	2.9	1.6	-172.3	18.1	204.3	-314.4	932.0	7190.3	7080.2	-177.6	
59.25	90.7	21.7	18.1	1.7	-164.3	18.1	215.1	-297.2	947.7	6953.7	6473.6	-113.6	
59.30	94.0	21.7	12.3	1.8	-162.8	18.2	235.9	-215.4	981.5	7179.5	6218.9	-129.0	
59.35	97.2	21.9	14.1	1.9	-158.7	18.3	190.5	-270.8	994.8	6910.1	5989.4	-116.6	
59.40	100.5	22.4	10.5	1.9	-159.1	18.4	191.3	-309.6	1006.8	6825.4	5969.1	-127.8	
59.45	103.7	21.6	4.1	1.9	-157.1	18.5	202.7	-273.8	1041.8	6976.6	5621.6	-146.5	
59.50	107.0	20.8	12.2	1.9	-144.1	18.6	147.1	-285.3	1066.6	6604.9	4530.0	-105.0	
59.55	110.2	20.3	6.1	2.0	-141.2	18.7	131.2	-260.8	1083.6	6890.9	3779.2	-122.2	
59.60	113.6	20.7	-6.2	2.0	-143.8	18.8	147.6	-262.0	1098.4	7069.1	3794.6	-166.7	
59.65	116.9	20.9	-2.6	2.0	-136.8	18.9	137.4	-308.2	1111.0	6176.6	4027.3	-146.9	
59.70	120.2	21.1	-7.0	2.0	-131.6	19.0	166.8	-259.8	1136.1	5490.2	4416.1	-156.5	
59.75	123.5	22.0	-11.2	2.0	-126.2	19.1	195.2	-211.2	1155.8	4791.6	4659.9	-165.4	
59.80	126.7	22.6	-7.9	2.0	-116.7	19.2	166.7	-192.5	1177.3	4124.1	4420.9	-144.4	
59.85	130.0	22.8	-10.2	2.0	-111.3	19.3	154.9	-156.8	1202.1	3901.7	4176.2	-146.7	
59.90	133.4	22.5	-9.5	2.0	-106.5	19.4	158.1	-182.5	1216.6	3489.9	3965.9	-139.5	
59.95	136.8	22.8	-12.9	2.0	-102.9	19.5	143.5	-204.8	1230.8	3517.2	3515.1	-147.5	
60.00	140.1	23.3	-23.2	2.0	-101.0	19.6	146.1	-176.0	1243.2	3767.1	3105.2	-180.8	
60.05	143.5	23.9	-22.8	2.0	-92.4	19.7	146.1	-162.8	1252.1	3246.3	2743.8	-170.7	
60.10	146.9	23.9	-17.5	2.0	-84.6	19.8	129.3	-141.6	1265.1	2751.0	2522.8	-144.9	
60.15	150.2	23.8	-18.3	2.0	-82.4	19.9	136.4	-125.8	1271.2	2311.5	2730.5	-145.3	
60.20	153.7	23.3	-21.8	2.0	-81.6	20.0	159.3	-133.3	1274.8	1693.3	3004.6	-156.5	
60.25	157.0	22.6	-23.8	2.0	-78.1	20.1	163.4	-104.3	1295.5	1538.8	2816.6	-160.0	
60.30	160.4	22.2	-19.1	2.0	-71.4	20.2	147.9	-88.3	1317.7	1506.4	2297.3	-137.1	
60.35	163.8	21.9	-15.8	2.0	-64.8	20.3	123.7	-95.6	1316.6	1430.9	1791.2	-119.1	
60.40	167.2	21.2	-18.4	2.0	-62.0	20.4	104.4	-77.8	1310.1	1536.2	1520.3	-125.3	
60.45	170.6	20.6	-20.4	2.0	-61.9	20.5	109.0	-79.2	1318.4	1348.4	1660.4	-131.9	
60.50	174.0	20.2	-24.0	2.0	-65.9	20.6	130.7	-81.2	1334.9	1245.5	2015.1	-148.2	
60.55	177.4	21.1	-24.0	2.0	-70.7	20.7	147.4	-69.2	1340.3	1390.0	2319.6	-153.1	
60.60	180.8	21.1	-18.1	2.0	-69.3	20.8	149.4	-55.3	1328.5	1140.9	2355.5	-131.5	
60.65	184.2	20.9	-21.8	2.0	-64.2	20.9	147.4	-26.1	1324.5	819.5	2105.7	-138.9	
60.70	187.5	20.8	-27.2	2.0	-56.4	21.0	139.3	-7.5	1332.2	683.5	1549.5	-149.8	
60.75	190.9	21.0	-21.9	2.0	-45.2	21.1	117.3	-11.1	1327.3	563.5	723.6	-120.6	
60.80	194.2	21.3	-13.3	2.0	-37.7	21.2	84.0	3.3	1310.2	422.8	-172.3	-83.4	
60.85	197.6	21.7	-2.7	2.0	-41.7	21.3	55.2	25.9	1293.8	76.8	-838.7	-51.0	
60.90	200.9	21.1	0.9	2.0	-44.3	21.4	53.3	55.3	1281.9	-440.4	-901.8	-41.2	
60.95	204.3	21.2	-3.4	2.0	-47.1	21.5	58.6	86.6	1277.2	-896.7	-695.6	-58.7	
61.00	207.6	21.8	-3.6	2.0	-53.4	21.6	70.1	90.0	1269.8	-1555.4	-329.7	-65.8	
61.05	211.0	22.5	-2.8	2.0	-63.8	21.7	82.9	107.3	1256.3	-2326.0	29.4	-73.5	
61.10	214.4	22.8	-5.2	2.0	-77.2	21.8	72.2	150.2	1249.5	-3247.0	181.4	-94.8	
61.15	217.8	22.9	-5.9	2.0	-92.6	21.9	71.1	176.8	1244.9	-4303.5	652.7	-113.0	
61.20	221.1	22.9	-15.2	2.0	-102.4	22.0	100.0	185.9	1234.1	-4792.2	1575.5	-154.4	
61.25	224.5	23.2	-30.2	2.0	-110.3	22.1	134.7	176.9	1221.9	-4908.7	2733.4	-213.8	
61.30	227.8	23.6	-39.4	2.0	-121.7	22.2	169.4	170.1	1213.1	-5174.7	3834.7	-257.0	
61.35	231.2	24.2	-40.5	2.0	-131.4	22.3	194.1	190.8	1199.2	-5475.1	4506.5	-270.4	
61.40	234.5	24.8	-38.9	2.0	-136.0	22.4	195.7	202.8	1180.7	-5715.6	4733.3	-269.3	
61.45	237.8	25.6	-35.1	2.0	-135.2	22.5	187.5	203.7	1171.1	-5866.4	4483.3	-255.7	
61.50	241.1	26.3	-27.8	2.0	-136.7	22.6	191.6	223.1	1167.9	-6188.8	4149.3	-232.0	
61.55	244.5	26.2	-17.7	2.0	-141.6	22.7	176.4	241.1	1157.3	-6819.7	3818.4	-202.4	
61.60	247.8	26.1	-11.1	2.0	-143.3	22.8	155.2	259.7	1136.5	-7119.3	3535.7	-181.4	
61.65	251.1	25.6	-10.5	2.0	-137.7	22.9	153.8	265.4	1120.4	-6798.2	3234.7	-173.9	
61.70	254.4	24.4	-10.6	2.0	-128.1	23.0	148.0	248.0	1114.5	-6292.6	2724.5	-164.6	
61.75	257.7	23.7	-9.9	2.0	-120.1	23.1	133.3	242.0	1102.5	-5896.9	2215.8	-154.0	
61.80	261.0	23.0	-9.6	2.0	-114.3	23.2	120.1	236.6	1071.1	-5602.1	1882.9	-147.3	
61.85	264.3	22.3	-12.8	2.0	-105.6	23.3	101.2	215.6	1037.0	-5151.6	1473.8	-149.4	
61.90	267.6	22.5	-14.1	2.0	-96.3	23.4	86.8	206.0	1016.4	-4632.8	866.3	-144.6	
61.95	270.9	22.2	-9.0	2.0	-94.5	23.5	93.1	216.9	1003.5	-4531.2	390.8	-125.2	
62.00	274.1	21.7	-0.9	2.0	-96.5	23.6	89.1	228.7	979.8	-4695.3	103.5	-99.6	
62.05	277.4	22.1	1.6	2.0	-95.5	23.7	67.6	223.7	942.6	-4681.8	-79.8	-90.0	
62.10	280.6	21.9	1.8	2.0	-93.6	23.8	47.5	210.8	913.3	-4579.1	-523.8	-87.3	
62.15	283.9	21.6	10.3	2.0	-95.2	23.9	32.9	214.6	896.5	-4605.9	-1125.5	-59.9	
62.20	287.1	21.2	18.1	2.0	-96.7	24.0	15.5	230.5	879.2	-4543.2	-1640.1	-34.4	
62.25	290.3	21.1	16.5	2.0	-93.7	24.1	7.6	222.1	850.3	-4304.9	-1753.1	-37.0	
62.30	293.5	21.0	9.1	2.0	-89.3	24.2	1.1	192.9	821.8	-4093.6	-1675.5	-58.1	
62.35	296.8	20.7	3.0	2.0	-88.2	24.3	7.0	175.5	810.4	-4113.9	-1559.9	-77.8	
62.40	300.0	20.2	1.4	2.0	-92.4	24.4	26.1	188.5	804.8	-4437.3	-1483.5	-87.5	
62.45	303.2	20.3	3.3	2.0	-99.0	24.5	29.1	212.2	783.8	-4905.5	-1481.3	-87.7	
62.50	306.4	20.8	5.1	2.0	-104.2	24.6	21.7	220.8	759.8	-5329.6	-1423.5	-86.8	
62.55	309.6	20.7	-1.1	2.0	-103.7	24.7	31.5	208.9	748.8	-5383.6	-1228.6	-107.6	
62.60	312.8	21.0	-9.1	2.0	-102.2	24.8	44.6	192.2	742.5	-5343.5	-1094.0	-133.4	
62.65	316.0	21.6	-14.0	2.0	-101.2	24.9	44.9	182.8	731.6	-5281.5	-1169.9	-149.4	
62.70	319.2	22.5	-16.3	2.0	-100.4	25.0	29.5	185.7	712.4	-5143.8	-1523.2	-156.3	
62.75	322.4	22.5	-10.1	2.0	-102.5	25.1	13.3	183.8	688.2	-5231.5	-1866.2	-137.2	
62.80	325.5	22.5	-7.4	2.0	-105.3	25.2	-1.6	182.1	675.0	-5243.0	-2438.5	-130.7	
62.85	328.7	23.0	-7.9	2.0	-109.7	25.3	-15.7	170.1	672.8	-5205.5	-3278.7	-137.0	
62.90	331.9	22.8	-0.2	2.0	-116.9	25.4	-36.4	152.4	666.4	-5290.5	-4182.5	-117.7	
62.95	335.0	22.6	12.0	2.0	-124.1	25.5	-60.3	158.6	642.8	-5304.1	-4974.9	-83.1	
63.00	338.1	22.3	20.8	2.0	-129.6	25.6	-82.4	154.9	627.5	-5015.1	-5820.7	-58.4	
63.05	341.2	22.5	24.4	2.0	-133.9	25.7	-95.5	133.1	633.4	-4567.4	-6614.7	-50.1	
63.10	344.4	22.4	30.9	2.0	-139.8	25.8	-115.2	111.0	635.3	-4164.1	-7399.4	-33.6	
63.15	347.5	21.8	39.4	2.0	-145.9	25.9	-142.1	76.8	622.4	-3743.5	-8138.5	-10.5	
63.20	350.6	22.2	42.4	2.0	-148.9	26.0	-158.0	41.1	610.3	-2940.9	-8707.5	-3.3	
63.25	353.6	22.6	43.7	2.0	-151.3	26.1	-164.2	27.4	611.6	-1876.9	-9172.5	-1.4	
63.30	356.7	22.9	48.2	2.0	-148.7	26.2	-152.7	24.8	610.6	-1170.9	-9127.4	16.6	
63.35	359.7	22.7	53.9	2.0	-142.5	26.3	-138.2	9.4	597.4	-737.5	-8756.8	42.5	
63.40	2.8	22.4	57.5	2.0	-138.2	26.4	-126.7	-30.4	581.9	19.1	-8501.4	59.1	
63.45	5.8	22.0	60.8	2.0	-142.6	26.5	-123.6	-70.3	582.3	885.1	-8754.7	66.2	
63.50	8.8	21.8	73.0	2.0	-155.3	26.6	-140.0	-74.0	591.1	1403.7	-9602.5	95.2	
63.55	11.9	22.2	87.6	2.0	-171.0	26.7	-170.6	-60.8	589.3	1778.3	-10679.2	129.9	
63.60	14.9	23.1	97.6	2.0	-182.8	26.8	-198.4	-82.8	573.6	2066.6	-11451.9	152.2	
63.65	17.9	23.2	98.8	2.0	-187.2	26.9	-202.0	-115.2	563.6	2350.7	-11693.6	151.9	
63.70	21.0	23.3	97.0	2.0	-186.7	27.0	-188.5	-125.6	565.5	2475.2	-11643.4	146.4	
63.75	24.0	23.4	100.8	2.0	-185.5	27.1	-182.2	-122.3	563.2	2323.7	-11604.4	160.6	
63.80	27.0	23.3	102.9	2.0	-187.0	27.2	-193.2	-110.9	550.3	2195.4	-11742.9	166.1	
63.85	30.0	23.4	100.5	2.0	-188.8	27.3	-199.9	-118.0	546.5	2184.5	-11859.0	156.2	
63.90	33.0	23.7	95.5	2.0	-189.1	27.4	-194.2	-143.3	562.7	2220.3	-11838.0	138.8	
63.95	35.9	23.6	84.0	2.0	-185.3	27.5	-184.5	-152.9	575.1	2198.1	-11545.5	103.0	
64.00	38.9	22.9	69.9	2.0	-175.5	27.6	-172.9	-153.3	568.1	2103.2	-10835.8	64.6	
64.05	41.8	22.2	58.4	2.0	-163.2	27.7	-156.1	-154.8	555.2	2152.0	-9922.4	37.3	
64.10	44.7	22.3	50.4	2.0	-154.4	27.8	-137.5	-166.1	559.4	2271.4	-9217.2	18.7	
64.15	47.6	22.9	49.2	2.0	-147.8	27.9	-113.0	-184.1	577.1	2232.7	-8698.3	20.9	
64.20	50.5	23.6	41.5	2.0	-142.9	28.0	-94.7	-192.6	594.8	2248.4	-8297.5	-0.4	
64.25	53.3	23.5	38.7	2.0	-138.1	28.1	-94.1	-191.7	597.9	2281.7	-7909.5	-5.4	
64.30	56.2	23.5	36.6	2.0	-132.8	28.2	-95.6	-184.2	597.0	2306.1	-7505.8	-7.1	
64.35	59.0	23.5	35.6	2.0	-131.0	28.3	-90.5	-181.7	611.9	2560.5	-7280.1	-8.6	
64.40	61.8	23.8	30.5	2.0	-131.5	28.4	-81.2	-202.9	637.3	2946.4	-7106.1	-26.9	
64.45	64.7	24.4	24.4	2.0	-130.0	28.5	-70.4	-226.8	649.3	3306.9	-6745.0	-46.2	
64.50	67.5	24.8	21.2	2.0	-126.7	28.6	-62.5	-234.8	648.2	3624.0	-6273.6	-54.0	
64.55	70.3	24.7	20.8	2.0	-126.5	28.7	-53.8	-252.5	652.5	4130.8	-5875.8	-55.2	
64.60	73.1	24.8	22.6	2.0	-131.7	28.8	-41.8	-266.7	669.6	4882.6	-5727.2	-54.0	
64.65	75.9	24.8	24.3	2.0	-135.5	28.9	-16.8	-279.8	686.7	5569.0	-5418.1	-52.1	
64.70	78.7	24.6	27.3	2.0	-138.2	29.0	-2.4	-305.3	693.9	6126.6	-4979.1	-44.4	
64.75	81.5	24.7	29.2	2.0	-140.2	29.1	0.9	-319.5	690.1	6612.8	-4523.5	-40.0	
64.80	84.2	24.7	33.5	2.0	-143.0	29.2	7.3	-326.5	688.9	7055.9	-4185.9	-28.1	
64.85	87.0	24.5	36.6	2.0	-145.9	29.3	13.4	-325.6	698.0	7393.9	-4015.1	-20.4	
64.90	89.7	24.6	38.7	2.0	-149.8	29.4	15.7	-327.0	715.0	7745.4	-3949.8	-16.8	
64.95	92.5	24.8	37.9	2.0	-152.3	29.5	14.0	-343.9	718.4	8007.0	-3736.2	-22.3	
65.00	95.2	24.7	35.9	2.0	-153.1	29.6	7.1	-359.5	708.3	8164.1	-3431.9	-29.9	
65.05	98.0	25.4	32.6	2.0	-154.6	29.7	3.9	-359.0	707.2	8326.5	-3330.7	-42.8	
65.10	100.7	25.5	32.0	2.0	-159.0	29.8	6.6	-360.3	726.0	8513.5	-3714.4	-49.0	
65.15	103.4	23.9	33.9	2.0	-158.9	29.9	-3.3	-351.3	738.6	8283.4	-4215.1	-42.6	
65.20	106.1	23.5	34.6	2.0	-153.8	30.0	-18.4	-329.6	729.7	7861.7	-4339.5	-34.9	
65.25	108.8	23.5	32.6	2.0	-147.9	30.1	-19.3	-320.6	721.7	7507.7	-4127.0	-35.9	
65.30	111.5	23.7	29.3	2.0	-142.9	30.2	-0.6	-321.2	734.7	7206.2	-3856.8	-42.5	
65.35	114.1	23.6	26.5	2.0	-138.5	30.3	21.7	-303.8	759.8	6945.7	-3696.4	-47.6	
65.40	116.8	23.8	24.5	2.0	-133.4	30.4	29.3	-290.6	769.0	6615.4	-3565.3	-49.4	
65.45	119.4	24.5	21.0	2.0	-130.0	30.5	18.3	-290.2	761.0	6349.6	-3531.8	-58.0	
65.50	122.0	25.1	16.7	2.0	-129.6	30.6	2.5	-289.5	760.8	6167.8	-3793.4	-72.3	
65.55	124.7	25.4	17.1	2.0	-128.6	30.7	-10.4	-278.5	774.4	5708.5	-4368.8	-69.8	
65.60	127.3	25.3	18.1	2.0	-124.6	30.8	-17.6	-248.5	781.8	5082.4	-4758.2	-62.4	
65.65	129.9	25.3	19.1	2.0	-119.0	30.9	-27.3	-223.5	777.4	4542.2	-4803.2	-53.2	
65.70	132.5	25.1	19.1	2.0	-111.2	31.0	-24.6	-220.4	776.8	4059.1	-4468.7	-45.7	
65.75	135.0	24.8	17.8	2.0	-101.9	31.1	-9.1	-201.5	791.9	3516.7	-4069.2	-40.7	
65.80	137.6	25.2	19.4	2.0	-93.9	31.2	6.5	-176.4	809.3	2985.7	-3796.0	-27.4	
65.85	140.2	24.8	15.3	2.0	-91.7	31.3	12.4	-174.3	816.9	2885.2	-3662.6	-39.0	
65.90	142.7	24.1	11.3	2.0	-93.3	31.4	9.3	-177.1	814.1	3130.9	-3608.7	-54.4	
65.95	145.2	24.2	11.2	2.0	-93.5	31.5	6.6	-175.6	815.4	3194.9	-3585.1	-55.2	
66.00	147.8	23.7	14.6	2.0	-91.3	31.6	5.7	-166.0	821.4	2935.8	-3612.7	-41.0	
66.05	150.3	23.0	12.4	2.0	-88.4	31.7	7.0	-153.4	822.5	2731.6	-3545.9	-45.8	
66.10	152.8	23.3	8.2	2.0	-86.8	31.8	7.5	-159.7	825.3	2681.4	-3400.0	-58.6	
66.15	155.4	23.5	8.6	2.0	-84.8	31.9	10.4	-167.5	833.3	2610.3	-3221.6	-55.3	
66.20	157.8	23.6	13.3	2.0	-82.8	32.0	13.9	-158.7	840.0	2568.0	-3086.6	-37.1	
66.25	160.3	23.7	13.1	2.0	-81.9	32.1	23.9	-161.9	839.4	2744.2	-2827.9	-37.0	
66.30	162.8	24.0	9.5	2.0	-83.7	32.2	38.6	-167.2	835.6	3244.4	-2432.2	-51.1	
66.35	165.2	24.0	10.1	2.0	-84.9	32.3	53.1	-160.6	835.6	3653.9	-1964.1	-50.1	
66.40	167.6	23.8	16.1	2.0	-82.8	32.4	60.9	-158.9	832.4	3693.7	-1506.1	-27.5	
66.45	170.0	23.4	21.3	2.0	-79.3	32.5	55.9	-141.9	823.7	3563.9	-1274.1	-6.2	
66.50	172.4	23.7	22.1	2.0	-76.0	32.6	49.6	-121.4	818.6	3409.3	-1152.0	-0.2	
66.55	174.8	24.4	23.5	2.0	-70.6	32.7	53.2	-108.6	820.1	3087.0	-913.9	10.3	
66.60	177.2	25.1	23.3	2.0	-64.2	32.8	66.3	-81.7	820.7	2735.1	-533.6	15.8	
66.65	179.6	25.1	19.9	2.0	-60.5	32.9	83.2	-68.5	814.7	2502.6	-54.5	7.7	
66.70	182.0	24.6	13.3	2.0	-60.2	33.0	94.8	-77.7	805.8	2417.7	315.9	-14.5	
66.75	184.4	23.8	3.0	2.0	-59.7	33.1	94.1	-78.7	801.4	2380.9	333.9	-49.3	
66.80	186.7	23.0	-1.4	2.0	-54.5	33.2	77.1	-73.2	795.9	2063.3	5.6	-59.3	
66.85	189.1	22.4	-1.5	2.0	-48.0	33.3	53.6	-61.6	781.1	1603.1	-400.5	-53.1	
66.90	191.4	22.1	-1.2	2.0	-44.7	33.4	38.5	-45.0	771.8	1316.1	-679.1	-48.7	
66.95	193.8	21.9	-1.2	2.0	-39.3	33.5	41.5	-28.0	766.9	946.9	-563.0	-43.5	
67.00	196.1	21.4	-4.2	2.0	-29.8	33.6	59.9	-3.6	757.0	360.0	-0.2	-44.3	
67.05	198.4	20.4	0.3	2.0	-35.3	33.7	82.1	28.1	745.8	-206.8	678.1	-34.2	
67.10	200.7	20.5	6.2	2.0	-45.1	33.8	101.7	46.7	745.2	-675.7	1196.0	-23.9	
67.15	203.0	20.5	9.5	2.0	-51.6	33.9	113.9	59.6	750.9	-1082.8	1457.8	-19.0	
67.20	205.3	20.4	9.6	2.0	-55.5	34.0	110.2	76.7	748.7	-1515.4	1448.7	-22.7	
67.25	207.7	19.8	5.3	2.0	-59.0	34.1	92.0	89.4	735.3	-2039.2	1237.4	-40.6	
67.30	210.0	19.7	-1.7	2.0	-61.4	34.2	72.5	91.7	725.2	-2457.7	868.3	-67.3	
67.35	212.3	19.5	-10.1	2.0	-62.2	34.3	63.9	83.7	723.1	-2656.3	507.3	-96.7	
67.40	214.6	18.6	-14.7	2.0	-65.0	34.4	64.2	80.0	714.5	-2907.0	370.2	-115.3	
67.45	216.9	19.4	-14.7	2.0	-71.9	34.5	61.4	100.1	695.4	-3406.8	343.9	-122.4	
67.50	219.2	20.5	-10.7	2.0	-80.0	34.6	60.6	121.3	683.1	-3985.2	347.0	-116.7	
67.55	221.4	21.4	-6.8	2.0	-84.2	34.7	63.1	130.3	682.6	-4282.5	227.4	-107.4	
67.60	223.6	20.9	-0.1	2.0	-85.4	34.8	65.4	139.1	679.5	-4352.3	-28.2	-85.8	
67.65	225.8	20.4	12.4	2.0	-87.1	34.9	63.4	159.3	664.7	-4436.8	-297.9	-44.5	
67.70	228.0	19.9	23.0	2.0	-88.1	35.0	55.9	178.6	644.9	-4457.2	-544.6	-9.1	
67.75	230.2	20.4	26.0	2.0	-86.2	35.1	50.8	179.8	632.0	-4276.8	-801.6	3.1	
67.80	232.4	20.3	25.8	2.0	-82.6	35.2	47.1	166.1	622.4	-3964.9	-1168.4	5.9	
67.85	234.6	19.4	27.8	2.0	-80.8	35.3	39.8	149.5	605.5	-3739.1	-1589.7	14.7	
67.90	236.8	19.1	30.0	2.0	-82.1	35.4	30.6	148.5	588.2	-3662.8	-2017.4	21.0	
67.95	239.0	18.6	29.5	2.0	-85.3	35.5	20.8	157.1	576.4	-3679.1	-2440.2	16.1	
68.00	241.2	18.1	31.9	2.0	-90.5	35.6	7.4	162.9	564.4	-3851.6	-2870.3	18.9	
68.05	243.3	18.9	36.9	2.0	-96.0	35.7	-6.4	163.6	544.3	-4120.2	-3232.3	30.7	
68.10	245.5	19.2	42.1	2.0	-100.9	35.8	-15.8	169.0	524.1	-4342.8	-3535.5	43.8	
68.15	247.6	19.2	44.7	2.0	-103.1	35.9	-19.6	172.6	511.9	-4361.1	-3772.5	50.3	
68.20	249.7	19.1	46.5	2.0	-102.8	36.0	-18.3	175.5	501.5	-4231.7	-3884.4	57.0	
68.25	251.8	19.3	48.9	2.0	-101.4	36.1	-15.6	179.1	483.0	-4153.5	-3821.7	66.4	
68.30	253.9	19.4	50.6	2.0	-100.7	36.2	-16.6	181.5	460.9	-4209.7	-3694.5	73.0	
68.35	255.9	18.8	49.2	2.0	-101.9	36.3	-22.1	183.8	444.5	-4322.4	-3703.5	67.1	
68.40	258.0	18.3	47.9	2.0	-106.2	36.4	-30.6	194.9	434.4	-4549.2	-3902.1	58.2	
68.45	260.0	18.4	51.5	2.0	-113.0	36.5	-39.3	212.1	421.5	-5040.0	-4050.5	63.8	
68.50	262.0	19.5	55.0	2.0	-119.5	36.6	-49.4	231.7	403.0	-5552.8	-4110.9	69.2	
68.55	264.0	19.8	52.9	2.0	-123.6	36.7	-53.4	249.5	387.4	-5932.6	-4038.9	58.1	
68.60	266.1	19.5	47.3	2.0	-124.8	36.8	-37.8	252.2	381.2	-6286.1	-3650.7	37.6	
68.65	268.1	18.9	40.1	2.0	-124.2	36.9	-13.8	248.3	378.0	-6546.5	-3111.6	13.4	
68.70	270.0	18.6	30.9	2.0	-121.5	37.0	5.7	240.7	365.5	-6630.1	-2481.5	-15.3	
68.75	272.0	18.3	21.5	2.0	-118.8	37.1	14.5	235.6	344.2	-6634.2	-1914.0	-45.1	
68.80	273.9	17.8	17.2	2.0	-118.7	37.2	13.3	247.0	325.5	-6683.1	-1612.9	-59.5	
68.85	275.9	17.8	19.8	2.0	-121.4	37.3	12.3	260.3	314.4	-6901.1	-1422.4	-53.4	
68.90	277.8	17.7	20.3	2.0	-122.5	37.4	16.3	257.6	305.2	-7054.2	-1159.4	-52.8	
68.95	279.7	17.6	14.7	2.0	-120.6	37.5	23.2	253.4	293.1	-6975.8	-809.6	-70.2	
69.00	281.6	17.4	10.0	2.0	-120.0	37.6	35.0	251.2	277.2	-6981.3	-335.5	-85.5	
69.05	283.5	17.5	12.7	2.0	-122.2	37.7	48.4	255.2	264.4	-7153.5	58.3	-78.8	
69.10	285.4	17.9	13.7	2.0	-121.2	37.8	53.2	254.5	256.7	-7081.6	106.8	-74.2	
69.15	287.3	18.1	10.9	2.0	-116.5	37.9	48.4	237.2	244.7	-6783.5	-76.5	-78.9	
69.20	289.2	18.1	9.8	2.0	-112.1	38.0	34.3	226.9	227.4	-6489.1	-477.0	-78.5	
69.25	291.0	17.8	15.8	2.0	-109.9	38.1	19.1	225.1	215.4	-6280.1	-973.9	-55.7	
69.30	292.9	17.6	20.4	2.0	-105.5	38.2	9.6	208.8	207.3	-5921.7	-1383.6	-35.5	
69.35	294.7	17.6	18.9	2.0	-97.6	38.3	5.9	192.7	196.1	-5275.3	-1677.4	-32.7	
69.40	296.5	17.8	20.5	2.0	-90.6	38.4	3.0	180.9	183.6	-4680.3	-1898.5	-20.2	
69.45	298.4	17.0	28.2	2.0	-86.5	38.5	4.0	170.9	171.6	-4341.1	-2008.8	10.1	
69.50	300.1	17.0	36.4	2.0	-84.3	38.6	1.9	167.8	161.2	-4050.5	-2237.1	40.6	
69.55	301.9	17.5	41.9	2.0	-82.6	38.7	-5.3	164.8	151.3	-3671.8	-2638.6	61.3	
69.60	303.7	17.8	47.0	2.0	-81.7	38.8	-12.8	158.4	140.1	-3315.8	-3008.3	79.8	
69.65	305.5	18.5	51.7	2.0	-81.7	38.9	-19.3	154.4	127.9	-3079.1	-3276.1	95.9	
69.70	307.2	19.4	54.6	2.0	-81.6	39.0	-23.1	147.3	119.6	-2928.9	-3434.2	105.9	
69.75	309.0	19.4	51.5	2.0	-79.1	39.1	-23.3	130.5	108.6	-2718.4	-3439.9	97.6	
69.80	310.8	20.3	45.0	2.0	-76.6	39.2	-22.5	120.7	95.9	-2530.4	-3392.2	78.0	
69.85	312.5	21.3	43.0	2.0	-75.3	39.3	-19.4	116.0	84.2	-2599.2	-3246.8	72.3	
69.90	314.2	21.0	43.4	2.0	-75.4	39.4	-16.7	115.8	71.9	-2851.1	-3048.1	73.5	
69.95	315.9	20.9	37.7	2.0	-74.7	39.5	-15.1	119.5	58.4	-2975.1	-2859.1	54.8	
70.00	317.6	20.7	29.3	2.0	-73.3	39.6	-10.0	116.6	47.4	-3092.0	-2590.8	27.3	
70.05	319.3	20.0	25.7	2.0	-73.9	39.7	-2.4	121.9	40.2	-3419.6	-2205.4	14.3	
70.10	321.0	19.1	24.8	2.0	-76.1	39.8	7.2	138.2	32.0	-3842.5	-1690.3	8.9	
70.15	322.7	18.2	22.6	2.0	-78.4	39.9	20.0	144.4	22.3	-4224.6	-1066.8	-0.9	
70.20	324.3	17.5	16.7	2.0	-79.3	40.0	28.5	136.7	15.4	-4407.4	-592.2	-21.9	
70.25	326.0	18.3	9.1	2.0	-80.0	40.1	34.2	134.2	12.3	-4498.9	-280.4	-48.7	
70.30	327.6	19.2	5.3	2.0	-81.1	40.2	40.4	131.4	9.9	-4597.8	2.8	-62.8	
70.35	329.3	19.1	0.4	2.0	-80.0	40.3	43.1	126.7	5.5	-4520.1	235.0	-78.8	
70.40	330.9	18.4	-7.4	2.0	-76.4	40.4	41.1	116.2	-3.3	-4269.6	393.8	-101.9	
70.45	332.5	17.8	-9.7	2.0	-75.4	40.5	41.3	109.5	-12.2	-4188.8	508.1	-108.6	
70.50	334.1	17.7	-5.4	2.0	-76.5	40.6	45.4	115.3	-13.8	-4246.3	532.2	-95.1	
70.55	335.8	17.7	-0.4	2.0	-77.2	40.7	48.5	123.8	-10.2	-4288.0	456.7	-78.4	
70.60	337.4	18.2	3.8	2.0	-75.8	40.8	49.0	115.3	-11.1	-4211.9	386.6	-62.9	
70.65	339.0	19.5	6.6	2.0	-72.7	40.9	46.1	107.9	-17.9	-4000.3	280.4	-49.9	
70.70	340.6	19.3	10.4	2.0	-68.5	41.0	44.2	106.2	-22.0	-3695.0	111.7	-32.7	
70.75	342.2	18.9	11.5	2.0	-61.1	41.1	42.2	89.5	-20.8	-3182.0	-157.4	-21.7	
70.80	343.8	18.3	7.3	2.0	-50.6	41.2	32.6	64.3	-23.1	-2394.7	-596.3	-25.7	
70.85	345.4	17.6	4.9	2.0	-44.0	41.3	15.1	40.1	-34.6	-1694.7	-1136.0	-27.1	
70.90	347.0	17.7	8.0	2.0	-44.0	41.4	0.4	23.9	-43.6	-1268.2	-1663.7	-16.5	
70.95	348.6	18.6	12.1	2.0	-46.9	41.5	-8.9	8.3	-41.6	-851.9	-2192.1	-5.3	
71.00	350.1	19.4	16.6	2.0	-49.7	41.6	-11.6	-8.4	-39.7	-459.1	-2513.2	7.3	
71.05	351.7	19.8	20.2	2.0	-50.5	41.7	-10.3	-20.3	-47.4	-38.0	-2589.1	18.8	
71.10	353.2	19.9	22.5	2.0	-49.7	41.8	-3.2	-26.7	-59.0	401.2	-2467.9	27.6	
71.15	354.7	19.8	25.1	2.0	-51.2	41.9	1.4	-38.0	-60.7	813.8	-2454.2	34.9	
71.20	356.2	19.3	28.0	2.0	-55.6	42.0	-2.4	-49.0	-59.1	1208.6	-2621.6	40.4	
71.25	357.7	18.5	31.1	2.0	-60.6	42.1	-16.7	-55.8	-68.4	1482.2	-2874.1	46.1	
71.30	359.2	17.3	33.7	2.0	-63.9	42.2	-31.2	-56.1	-81.9	1563.1	-3080.0	51.6	
71.35	0.6	17.0	33.7	2.0	-65.6	42.3	-38.9	-52.0	-83.7	1549.3	-3226.7	50.0	
71.40	2.1	17.5	30.3	2.0	-64.5	42.4	-39.5	-49.2	-78.1	1382.8	-3220.5	39.4	
71.45	3.6	18.3	26.5	2.0	-59.8	42.5	-35.6	-50.4	-82.9	1096.0	-2947.8	31.2	
71.50	5.1	18.3	20.7	2.0	-53.0	42.6	-27.2	-50.5	-93.4	833.2	-2501.8	18.2	
71.55	6.6	17.8	14.2	2.0	-47.2	42.7	-15.0	-50.3	-91.4	679.8	-2105.5	1.5	
71.60	8.1	16.9	7.0	2.0	-43.3	42.8	-2.5	-55.4	-81.2	629.0	-1815.1	-19.5	
71.65	9.5	16.2	1.1	2.0	-41.2	42.9	-0.4	-61.2	-80.5	611.9	-1630.8	-37.5	
71.70	11.0	15.9	-3.4	2.0	-39.8	43.0	-5.7	-68.7	-89.9	620.2	-1482.5	-51.5	
71.75	12.4	15.9	-6.5	2.0	-37.5	43.1	-3.9	-75.7	-92.4	660.4	-1249.3	-60.0	
71.80	13.8	15.6	-9.8	2.0	-34.9	43.2	6.3	-78.2	-86.8	794.4	-912.9	-68.5	
71.85	15.3	15.9	-12.3	2.0	-32.6	43.3	22.2	-82.0	-88.5	930.5	-399.9	-74.8	
71.90	16.7	17.2	-12.8	2.0	-33.4	43.4	33.6	-88.2	-95.4	1043.5	24.9	-77.3	
71.95	18.1	17.6	-12.4	2.0	-36.0	43.5	43.0	-94.4	-95.3	1192.7	209.2	-78.4	
72.00	19.5	18.2	-10.3	2.0	-36.7	43.6	50.0	-100.6	-84.9	1242.1	132.0	-72.1	
72.05	20.9	19.1	-7.2	2.0	-35.8	43.7	46.1	-101.1	-75.9	1176.2	-192.7	-60.7	
72.10	22.3	19.0	-4.0	2.0	-36.4	43.8	29.6	-96.1	-76.1	1082.8	-660.7	-50.1	
72.15	23.6	19.2	-0.4	2.0	-39.8	43.9	13.6	-103.9	-79.3	1090.0	-1046.1	-41.3	
72.20	25.0	19.4	0.8	2.0	-46.1	44.0	3.4	-120.0	-78.8	1370.9	-1369.7	-43.4	
72.25	26.4	20.1	2.7	2.0	-53.3	44.1	-4.5	-131.4	-75.5	1768.0	-1699.4	-43.9	
72.30	27.7	20.0	6.9	2.0	-60.3	44.2	-11.8	-146.7	-76.9	2150.6	-2003.7	-36.7	
72.35	29.1	19.9	10.9	2.0	-67.6	44.3	-21.7	-158.5	-78.6	2520.4	-2361.4	-30.1	
72.40	30.4	20.6	14.5	2.0	-73.7	44.4	-29.1	-163.6	-75.5	2814.6	-2701.1	-23.8	
72.45	31.8	20.7	21.0	2.0	-77.1	44.5	-32.8	-163.7	-67.2	2907.9	-2972.2	-5.0	
72.50	33.1	20.8	28.8	2.0	-77.4	44.6	-31.5	-156.1	-61.5	2855.4	-3095.6	21.6	
72.55	34.5	21.0	31.3	2.0	-77.2	44.7	-28.1	-153.1	-60.4	2861.1	-3081.3	30.2	
72.60	35.8	21.2	29.6	2.0	-79.7	44.8	-29.9	-167.2	-60.0	3033.9	-3124.6	21.9	
72.65	37.2	21.4	26.2	2.0	-85.1	44.9	-39.3	-184.4	-58.0	3307.4	-3356.3	4.9	
72.70	38.5	21.5	25.6	2.0	-91.1	45.0	-51.9	-197.3	-57.2	3518.4	-3719.6	-3.2	
72.75	39.9	22.0	26.1	2.0	-97.1	45.1	-64.2	-205.8	-56.0	3712.3	-4108.9	-7.4	
72.80	41.2	22.2	26.1	2.0	-101.7	45.2	-69.7	-211.1	-52.2	3950.8	-4347.3	-12.2	
72.85	42.6	22.0	25.0	2.0	-102.4	45.3	-65.6	-218.1	-47.7	4060.2	-4303.0	-16.5	
72.90	43.9	21.0	23.6	2.0	-98.4	45.4	-52.0	-219.9	-47.8	3993.4	-3944.7	-17.4	
72.95	45.2	20.3	24.5	2.0	-92.1	45.5	-34.1	-214.2	-45.6	3802.0	-3498.3	-7.9	
73.00	46.5	19.8	23.9	2.0	-87.5	45.6	-20.7	-211.1	-37.1	3600.9	-3232.6	-5.5	
73.05	47.9	19.5	23.2	2.0	-85.5	45.7	-21.2	-201.0	-31.4	3461.1	-3211.1	-5.7	
73.10	49.2	19.2	22.1	2.0	-85.3	45.8	-29.9	-192.8	-33.1	3385.3	-3298.1	-9.4	
73.15	50.5	19.0	21.2	2.0	-87.2	45.9	-37.7	-202.0	-30.2	3391.7	-3459.0	-14.4	
73.20	51.8	19.3	16.0	2.0	-91.0	46.0	-42.0	-218.6	-18.4	3542.3	-3652.3	-36.0	
73.25	53.1	19.3	9.1	2.0	-92.6	46.1	-43.1	-228.5	-12.0	3685.4	-3643.0	-61.4	
73.30	54.3	19.3	5.9	2.0	-90.1	46.2	-40.3	-233.4	-14.6	3654.8	-3379.6	-69.8	
73.35	55.6	19.2	5.2	2.0	-85.9	46.3	-34.7	-225.8	-13.6	3521.5	-3088.9	-67.9	
73.40	56.9	18.7	3.7	2.0	-82.5	46.4	-25.1	-217.9	-3.9	3392.1	-2897.5	-69.8	
73.45	58.1	18.6	8.5	2.0	-81.1	46.5	-19.9	-217.8	9.1	3275.5	-2873.3	-51.9	
73.50	59.4	19.0	10.0	2.0	-81.1	46.6	-20.8	-216.0	15.3	3255.9	-2891.6	-46.8	
73.55	60.6	19.3	11.1	2.0	-82.6	46.7	-24.2	-212.9	17.1	3424.6	-2883.2	-44.4	
73.60	61.9	20.2	11.9	2.0	-85.8	46.8	-22.9	-220.7	21.4	3733.2	-2845.7	-44.9	
73.65	63.1	21.6	10.6	2.0	-90.1	46.9	-24.5	-227.2	28.4	4041.8	-2934.1	-53.6	
73.70	64.3	22.5	11.4	2.0	-93.4	47.0	-33.5	-231.4	32.2	4195.8	-3120.1	-54.3	
73.75	65.6	22.4	12.1	2.0	-96.6	47.1	-40.7	-246.0	29.1	4361.4	-3222.9	-55.1	
73.80	66.8	21.7	12.4	2.0	-101.8	47.2	-52.9	-257.8	28.1	4628.3	-3464.7	-59.2	
73.85	68.0	20.8	13.7	2.0	-106.9	47.3	-63.4	-260.0	31.6	4825.7	-3809.5	-59.8	
73.90	69.2	20.8	19.7	2.0	-109.4	47.4	-68.4	-254.1	37.3	4787.9	-4162.0	-41.6	
73.95	70.5	21.1	24.3	2.0	-111.1	47.5	-64.5	-252.9	42.8	4820.2	-4328.2	-27.6	
74.00	71.7	20.2	26.4	2.0	-113.8	47.6	-59.9	-266.3	48.6	5028.9	-4337.4	-23.3	
74.05	72.9	20.3	27.2	2.0	-114.4	47.7	-54.9	-274.9	51.0	5172.1	-4200.8	-20.9	
74.10	74.1	20.6	28.7	2.0	-112.7	47.8	-51.8	-263.1	50.5	5153.0	-4078.2	-14.2	
74.15	75.3	20.8	30.3	2.0	-112.0	47.9	-49.0	-255.2	52.4	5136.6	-4047.1	-8.0	
74.20	76.4	20.3	29.1	2.0	-115.9	48.0	-53.6	-260.6	59.2	5357.5	-4210.3	-16.1	
74.25	77.6	19.8	25.8	2.0	-121.0	48.1	-69.9	-268.8	61.7	5607.5	-4460.5	-32.6	
74.30	78.8	19.5	21.6	2.0	-120.7	48.2	-80.4	-267.9	57.4	5572.3	-4464.3	-46.5	
74.35	80.0	19.6	21.2	2.0	-118.1	48.3	-79.3	-262.8	61.9	5377.9	-4409.7	-45.4	
74.40	81.1	19.5	19.5	2.0	-116.0	48.4	-68.7	-261.8	78.7	5264.3	-4295.8	-49.1	
74.45	82.3	18.8	15.2	2.0	-110.4	48.5	-54.0	-259.2	88.4	5056.7	-3886.7	-58.1	
74.50	83.5	19.4	12.7	2.0	-100.3	48.6	-43.0	-245.2	83.7	4619.1	-3283.5	-56.8	
74.55	84.6	20.2	11.3	2.0	-92.6	48.7	-35.4	-233.5	83.7	4222.9	-2887.3	-53.8	
74.60	85.8	21.0	9.0	2.0	-89.6	48.8	-28.9	-231.6	99.8	3975.8	-2844.5	-58.7	
74.65	86.9	20.8	6.5	2.0	-86.8	48.9	-27.8	-221.1	114.5	3728.9	-2854.0	-64.5	
74.70	88.1	20.7	3.4	2.0	-81.7	49.0	-34.4	-206.2	113.3	3462.0	-2633.9	-69.9	
74.75	89.2	20.6	-2.0	2.0	-78.1	49.1	-38.3	-207.5	108.8	3388.4	-2256.5	-84.8	
74.80	90.4	21.2	-9.3	2.0	-79.3	49.2	-34.1	-223.8	118.9	3541.9	-2085.8	-111.2	
74.85	91.6	21.5	-14.1	2.0	-79.4	49.3	-22.9	-234.1	136.3	3553.6	-2009.3	-127.8	
74.90	92.7	21.5	-14.6	2.0	-74.5	49.4	-15.9	-224.7	140.5	3268.6	-1801.5	-124.5	
74.95	93.9	21.3	-14.4	2.0	-69.2	49.5	-16.6	-208.4	134.0	2989.5	-1585.2	-118.6	
75.00	95.0	21.7	-12.9	2.0	-68.5	49.6	-18.8	-203.4	136.7	2898.4	-1664.7	-112.9	
75.05	96.2	22.8	-9.1	2.0	-69.3	49.7	-16.9	-201.2	149.5	2790.6	-1945.5	-100.5	
75.10	97.3	23.4	-2.5	2.0	-69.1	49.8	-15.2	-192.6	157.9	2610.6	-2185.4	-77.5	
75.15	98.5	23.7	1.6	2.0	-70.2	49.9	-18.5	-189.3	158.8	2598.9	-2340.9	-64.6	
75.20	99.6	23.8	2.5	2.0	-75.2	50.0	-27.5	-200.4	159.6	2879.6	-2543.5	-66.6	
75.25	100.7	23.6	3.7	2.0	-82.6	50.1	-35.0	-213.0	163.9	3272.0	-2874.8	-70.0	
75.30	101.9	23.5	7.0	2.0	-89.2	50.2	-40.2	-217.2	169.6	3517.7	-3320.3	-65.3	
75.35	103.0	23.4	11.9	2.0	-94.7	50.3	-51.9	-215.3	173.5	3592.5	-3834.2	-53.9	
75.40	104.1	24.3	16.5	2.0	-100.0	50.4	-67.8	-214.4	175.1	3674.2	-4285.1	-43.4	
75.45	105.2	24.9	21.9	2.0	-103.5	50.5	-78.4	-213.6	178.0	3711.3	-4579.4	-28.5	
75.50	106.4	25.5	28.1	2.0	-103.8	50.6	-76.8	-209.7	184.1	3654.5	-4661.4	-7.1	
75.55	107.5	26.3	33.0	2.0	-102.0	50.7	-65.7	-200.3	194.0	3580.8	-4592.4	11.3	
75.60	108.6	26.5	33.7	2.0	-100.8	50.8	-52.3	-200.8	205.4	3619.3	-4439.7	14.8	
75.65	109.7	26.2	32.3	2.0	-100.6	50.9	-42.7	-217.2	211.8	3809.1	-4198.4	10.2	
75.70	110.9	25.7	29.3	2.0	-101.2	51.0	-40.2	-229.3	214.8	4056.7	-3975.8	-0.7	
75.75	112.0	25.0	26.1	2.0	-102.7	51.1	-40.5	-234.4	219.5	4271.4	-3889.4	-13.2	
75.80	113.1	24.2	24.4	2.0	-102.9	51.2	-42.0	-234.7	225.7	4274.9	-3891.2	-19.2	
75.85	114.2	23.9	21.6	2.0	-101.9	51.3	-49.6	-226.6	231.4	4151.2	-3934.1	-27.8	
75.90	115.4	24.9	18.9	2.0	-99.4	51.4	-56.6	-223.7	232.9	4007.8	-3821.3	-34.5	
75.95	116.5	26.1	15.7	2.0	-94.2	51.5	-52.0	-226.9	234.2	3792.0	-3456.7	-40.1	
76.00	117.6	25.6	13.4	2.0	-87.8	51.6	-36.7	-217.9	239.9	3582.3	-3012.6	-41.9	
76.05	118.7	25.5	10.6	2.0	-81.3	51.7	-13.5	-203.4	249.0	3397.5	-2515.5	-44.8	
76.10	119.8	25.4	7.1	2.0	-75.2	51.8	10.5	-198.2	256.1	3247.9	-1927.0	-50.7	
76.15	120.9	24.9	4.6	2.0	-71.6	51.9	18.9	-197.9	258.7	3175.4	-1472.0	-55.9	
76.20	122.0	24.9	2.7	2.0	-68.0	52.0	16.5	-190.4	259.0	3022.4	-1196.8	-58.6	
76.25	123.1	25.0	1.7	2.0	-63.0	52.1	16.7	-176.0	261.6	2734.3	-999.1	-57.2	
76.30	124.2	24.8	-1.9	2.0	-60.1	52.2	18.6	-165.9	269.9	2564.8	-885.4	-66.8	
76.35	125.3	25.2	-7.3	2.0	-60.5	52.3	18.6	-166.9	277.8	2634.7	-739.6	-85.7	
76.40	126.4	25.3	-11.3	2.0	-60.9	52.4	22.0	-175.5	278.5	2715.0	-370.6	-99.7	
76.45	127.6	25.1	-12.4	2.0	-60.0	52.5	30.5	-177.7	279.2	2663.0	71.9	-102.4	
76.50	128.7	25.5	-14.4	2.0	-58.5	52.6	44.2	-169.6	287.2	2530.1	387.5	-107.8	
76.55	129.8	25.7	-16.6	2.0	-56.6	52.7	54.2	-159.3	298.9	2364.9	544.6	-113.6	
76.60	130.9	25.8	-15.6	2.0	-56.3	52.8	53.3	-160.2	304.3	2316.6	616.0	-109.9	
76.65	132.0	24.8	-14.1	2.0	-56.7	52.9	45.1	-165.8	304.8	2349.4	576.4	-105.3	
76.70	133.1	24.4	-13.1	2.0	-56.6	53.0	37.2	-164.9	310.5	2391.1	327.3	-101.5	
76.75	134.2	24.2	-13.0	2.0	-57.8	53.1	35.4	-160.6	320.1	2514.0	-10.0	-102.4	
76.80	135.4	23.2	-11.0	2.0	-60.4	53.2	30.0	-159.2	325.8	2685.7	-372.7	-98.1	
76.85	136.5	22.9	-8.8	2.0	-63.5	53.3	16.7	-165.8	323.8	2840.0	-724.1	-93.5	
76.90	137.6	22.8	-4.3	2.0	-66.0	53.4	2.9	-169.8	322.0	2914.9	-1094.1	-80.9	
76.95	138.7	22.4	1.6	2.0	-67.5	53.5	-3.0	-165.9	327.0	2864.1	-1513.4	-62.0	
77.00	139.8	21.4	7.2	2.0	-69.5	53.6	-3.5	-158.7	336.5	2794.4	-1942.2	-44.7	
77.05	140.9	21.0	11.5	2.0	-72.5	53.7	-5.5	-155.6	341.3	2806.1	-2304.9	-33.1	
77.10	141.9	22.5	17.1	2.0	-74.6	53.8	-13.4	-154.6	340.0	2769.0	-2598.3	-15.9	
77.15	143.0	23.0	21.1	2.0	-76.4	53.9	-18.5	-156.0	339.5	2718.4	-2833.0	-3.8	
77.20	144.1	23.2	23.5	2.0	-77.8	54.0	-21.8	-149.1	342.0	2625.9	-3081.6	2.9	
77.25	145.2	23.0	25.7	2.0	-77.5	54.1	-23.7	-135.1	343.7	2442.8	-3250.3	10.6	
77.30	146.3	23.6	26.8	2.0	-75.9	54.2	-24.2	-129.1	342.0	2292.2	-3234.1	16.1	
77.35	147.4	23.8	25.6	2.0	-74.6	54.3	-26.1	-132.4	341.9	2224.5	-3146.3	13.2	
77.40	148.5	23.4	21.8	2.0	-72.6	54.4	-26.0	-131.4	345.8	2098.9	-3050.4	2.3	
77.45	149.7	23.1	17.0	2.0	-67.4	54.5	-17.8	-120.3	349.0	1783.4	-2823.6	-9.2	
77.50	150.8	22.6	15.2	2.0	-61.2	54.6	-7.0	-112.1	352.0	1475.5	-2490.1	-9.2	
77.55	151.9	22.0	10.4	2.0	-55.5	54.7	0.9	-109.4	355.4	1269.6	-2118.5	-19.8	
77.60	153.0	22.5	5.2	2.0	-49.8	54.8	7.9	-111.3	356.3	1074.2	-1725.4	-32.1	
77.65	154.0	22.6	0.8	2.0	-43.5	54.9	16.8	-108.2	357.6	819.2	-1329.5	-40.6	
77.70	155.1	22.6	-3.4	2.0	-39.2	55.0	22.5	-101.3	362.0	644.6	-1065.7	-50.8	
77.75	156.2	23.0	-8.6	2.0	-36.9	55.1	23.1	-97.3	366.9	575.1	-919.3	-66.3	
77.80	157.3	23.7	-11.9	2.0	-34.6	55.2	22.4	-95.7	369.2	514.5	-749.8	-75.4	
77.85	158.3	23.9	-10.5	2.0	-30.7	55.3	23.4	-87.8	371.7	339.7	-535.7	-66.7	
77.90	159.4	22.9	-9.6	2.0	-25.4	55.4	32.1	-78.7	377.1	123.5	-215.2	-58.4	
77.95	160.4	22.9	-11.2	2.0	-23.6	55.5	41.5	-71.1	381.2	50.3	103.8	-62.1	
78.00	161.5	23.7	-11.4	2.0	-27.7	55.6	50.0	-65.2	383.2	72.8	415.0	-66.7	
78.05	162.6	25.3	-8.3	2.0	-31.8	55.7	58.8	-64.4	385.9	4.4	716.9	-60.4	
78.10	163.6	26.1	-5.5	2.0	-33.1	55.8	60.2	-59.5	390.2	-94.9	811.2	-52.0	
78.15	164.7	26.0	-7.7	2.0	-31.0	55.9	52.6	-49.3	392.4	-165.1	675.9	-57.3	
78.20	165.8	25.4	-10.2	2.0	-29.3	56.0	46.0	-46.5	391.0	-215.6	549.6	-64.4	
78.25	166.8	25.3	-11.1	2.0	-27.8	56.1	40.1	-46.3	390.0	-220.9	434.1	-65.7	
78.30	167.9	25.4	-11.0	2.0	-25.8	56.2	33.6	-44.2	390.4	-200.9	290.9	-63.6	
78.35	169.0	25.6	-10.2	2.0	-25.4	56.3	33.9	-44.4	390.2	-202.5	251.4	-60.4	
78.40	170.1	25.1	-8.8	2.0	-25.2	56.4	34.3	-39.5	389.1	-246.6	199.7	-55.4	
78.45	171.2	25.1	-6.3	2.0	-25.3	56.5	34.4	-28.4	388.3	-323.0	127.3	-46.7	
78.50	172.2	25.3	-3.0	2.0	-25.3	56.6	35.7	-26.1	391.4	-345.9	43.2	-35.5	
78.55	173.3	25.5	-1.0	2.0	-24.9	56.7	35.4	-31.0	394.9	-287.6	-93.1	-28.4	
78.60	174.4	25.7	0.1	2.0	-25.3	56.8	30.6	-34.7	393.6	-133.9	-312.0	-25.0	
78.65	175.5	26.2	3.3	2.0	-29.1	56.9	22.1	-40.9	389.9	63.8	-626.2	-17.9	
78.70	176.6	26.8	5.3	2.0	-34.7	57.0	12.5	-48.1	386.6	267.8	-1012.4	-16.6	
78.75	177.6	27.2	7.1	2.0	-41.1	57.1	0.0	-47.2	384.0	435.4	-1481.9	-16.7	
78.80	178.7	27.2	11.0	2.0	-46.1	57.2	-9.5	-40.3	382.0	474.4	-1883.6	-8.2	
78.85	179.7	27.1	17.4	2.0	-48.8	57.3	-13.0	-33.7	382.7	303.8	-2133.4	11.1	
78.90	180.8	27.0	22.6	2.0	-50.1	57.4	-14.8	-24.1	384.4	-10.5	-2280.6	27.6	
78.95	181.9	27.1	23.7	2.0	-50.0	57.5	-12.8	-7.8	384.1	-344.8	-2282.4	31.2	
79.00	182.9	27.1	25.5	2.0	-48.8	57.6	-6.5	3.1	384.0	-599.7	-2163.4	38.8	
79.05	183.9	26.8	26.7	2.0	-47.6	57.7	0.7	5.9	385.9	-750.9	-2017.5	44.0	
79.10	185.0	27.2	24.0	2.0	-46.7	57.8	2.9	9.7	384.4	-799.0	-1912.5	35.6	
79.15	186.0	28.0	20.3	2.0	-47.1	57.9	-1.4	16.7	379.9	-961.3	-1853.8	22.5	
79.20	187.0	28.1	17.9	2.0	-48.6	58.0	-5.2	25.6	377.7	-1316.2	-1729.5	12.9	
79.25	188.1	28.3	16.3	2.0	-50.2	58.1	-4.7	38.3	379.2	-1707.1	-1479.4	5.9	
79.30	189.1	28.2	13.5	2.0	-50.0	58.2	5.8	46.2	379.4	-2010.1	-950.1	-3.7	
79.35	190.1	27.5	8.3	2.0	-50.5	58.3	25.3	48.4	376.2	-2232.3	-164.8	-22.1	
79.40	191.2	27.5	1.8	2.0	-53.8	58.4	45.9	52.0	373.3	-2365.6	629.4	-47.6	
79.45	192.2	27.9	-2.8	2.0	-58.5	58.5	65.0	51.3	374.0	-2441.2	1287.9	-68.1	
79.50	193.2	28.5	-2.9	2.0	-63.3	58.6	76.2	48.7	376.3	-2589.1	1703.4	-73.3	
79.55	194.3	28.4	-4.1	2.0	-66.4	58.7	75.3	53.4	373.2	-2763.0	1860.0	-80.4	
79.60	195.3	27.9	-4.6	2.0	-68.7	58.8	66.5	68.0	369.8	-3000.2	1805.0	-84.6	
79.65	196.3	26.9	-4.2	2.0	-71.0	58.9	64.3	73.6	370.5	-3205.7	1775.9	-85.4	
79.70	197.3	27.0	-4.2	2.0	-70.5	59.0	64.2	67.5	371.1	-3196.3	1743.7	-84.8	
79.75	198.3	27.2	-7.4	2.0	-67.0	59.1	62.5	57.9	365.7	-2969.0	1673.8	-92.5	
79.80	199.3	27.2	-7.3	2.0	-63.0	59.2	62.7	49.5	360.5	-2713.4	1537.8	-87.8	
79.85	200.3	26.7	-4.0	2.0	-58.5	59.3	62.7	47.4	360.1	-2498.4	1239.9	-72.3	
79.90	201.3	26.4	2.8	2.0	-54.9	59.4	52.9	59.3	362.3	-2415.8	670.3	-45.4	
79.95	202.2	26.2	11.8	2.0	-54.5	59.5	36.2	72.5	361.7	-2474.8	-12.8	-13.9	
80.00	203.2	26.5	21.1	2.0	-56.5	59.6	19.2	77.5	357.8	-2550.2	-663.0	15.8	
80.05	204.2	26.8	28.1	2.0	-58.3	59.7	6.3	80.0	355.9	-2482.5	-1233.2	38.2	
80.10	205.1	27.2	32.6	2.0	-58.6	59.8	2.9	80.3	354.1	-2297.0	-1586.4	53.4	
80.15	206.1	27.0	34.7	2.0	-56.8	59.9	4.7	74.2	347.9	-2029.2	-1745.2	62.3	
80.20	207.0	26.3	35.6	2.0	-56.1	60.0	0.0	69.3	339.0	-1775.0	-1962.0	66.1	
80.25	208.0	25.1	37.8	2.0	-58.9	60.1	-8.4	70.2	333.6	-1764.9	-2252.9	71.0	
80.30	208.9	24.4	41.7	2.0	-63.8	60.2	-14.0	78.0	334.0	-2040.1	-2473.6	79.5	
80.35	209.9	23.8	42.9	2.0	-66.8	60.3	-17.1	90.2	333.8	-2272.2	-2524.8	80.5	
80.40	210.8	23.6	40.9	2.0	-65.9	60.4	-15.0	99.4	327.7	-2356.0	-2317.4	74.4	
80.45	211.8	23.4	37.4	2.0	-62.2	60.5	-2.0	98.9	321.0	-2425.5	-1832.1	66.3	
80.50	212.7	23.6	32.5	2.0	-59.5	60.6	16.0	98.6	317.4	-2544.7	-1234.5	52.1	
80.55	213.6	24.1	27.3	2.0	-59.1	60.7	28.6	102.3	314.5	-2695.1	-703.2	34.7	
80.60	214.5	24.2	22.9	2.0	-60.9	60.8	33.7	103.7	308.3	-2904.1	-251.2	17.8	
80.65	215.4	24.7	19.5	2.0	-63.9	60.9	33.9	108.1	300.2	-3139.7	79.2	2.9	
80.70	216.3	25.3	18.0	2.0	-68.0	61.0	32.3	122.8	297.8	-3401.7	267.8	-6.3	
80.75	217.2	24.9	17.4	2.0	-72.5	61.1	39.2	135.6	300.2	-3667.2	541.1	-12.8	
80.80	218.1	25.1	15.9	2.0	-75.9	61.2	51.3	137.7	300.8	-3827.6	971.3	-21.4	
80.85	219.0	25.7	12.7	2.0	-78.4	61.3	62.2	135.1	295.6	-3861.7	1478.1	-34.7	
80.90	219.9	26.6	11.4	2.0	-82.2	61.4	77.3	134.4	288.4	-3909.3	2039.4	-43.0	
80.95	220.7	26.4	12.7	2.0	-86.0	61.5	91.0	139.1	287.0	-3979.8	2442.1	-42.4	
81.00	221.6	25.9	14.5	2.0	-87.8	61.6	94.1	148.7	289.0	-4052.2	2525.2	-37.9	
81.05	222.5	26.0	15.2	2.0	-87.5	61.7	87.0	154.1	285.2	-4108.1	2390.0	-35.2	
81.10	223.3	26.0	15.8	2.0	-85.2	61.8	72.7	154.5	277.6	-4101.4	2083.8	-30.9	
81.15	224.2	26.0	15.4	2.0	-81.8	61.9	60.5	151.4	273.1	-4017.2	1723.4	-28.8	
81.20	225.0	25.5	15.2	2.0	-79.3	62.0	56.4	149.4	273.5	-3931.9	1439.8	-27.2	
81.25	225.9	25.5	18.2	2.0	-78.6	62.1	58.2	150.2	270.8	-3924.1	1289.9	-16.0	
81.30	226.7	25.6	23.0	2.0	-80.1	62.2	62.3	155.4	262.4	-4043.8	1268.1	-1.3	
81.35	227.6	25.7	26.9	2.0	-82.5	62.3	64.8	161.2	256.4	-4220.5	1245.7	10.0	
81.40	228.4	25.1	28.9	2.0	-83.3	62.4	62.4	162.9	257.0	-4330.5	1068.5	15.8	
81.45	229.3	24.4	31.6	2.0	-83.1	62.5	53.5	166.7	254.9	-4387.9	715.9	25.5	
81.50	230.1	23.9	33.5	2.0	-81.1	62.6	44.8	165.6	245.5	-4299.7	360.0	34.0	
81.55	230.9	23.2	32.6	2.0	-76.4	62.7	35.6	153.5	238.9	-4003.7	-34.5	35.6	
81.60	231.8	22.9	29.2	2.0	-72.5	62.8	23.3	145.1	235.6	-3716.6	-452.4	27.7	
81.65	232.6	22.9	29.9	2.0	-72.1	62.9	15.2	145.9	225.4	-3662.5	-655.2	30.5	
81.70	233.4	22.1	34.5	2.0	-73.0	63.0	17.0	146.8	214.8	-3740.4	-639.0	45.4	
81.75	234.2	21.6	38.3	2.0	-72.9	63.1	23.9	147.4	212.9	-3737.7	-569.9	58.5	
81.80	235.0	21.5	42.4	2.0	-74.0	63.2	29.7	157.9	214.4	-3799.7	-476.3	71.7	
81.85	235.8	22.5	46.1	2.0	-76.4	63.3	38.3	169.6	209.6	-3968.5	-242.9	81.9	
81.90	236.6	23.1	47.8	2.0	-77.2	63.4	43.3	170.0	204.1	-4039.0	-93.7	86.7	
81.95	237.4	23.2	42.8	2.0	-74.7	63.5	39.1	158.1	205.0	-3882.0	-197.7	72.1	
82.00	238.2	22.4	36.9	2.0	-73.5	63.6	32.2	150.4	203.0	-3809.1	-302.3	53.4	
82.05	239.0	22.4	36.6	2.0	-76.2	63.7	26.9	159.9	193.6	-3998.4	-254.1	49.6	
82.10	239.8	22.3	38.3	2.0	-79.7	63.8	23.3	173.5	187.1	-4240.0	-164.4	51.9	
82.15	240.5	21.4	35.1	2.0	-80.9	63.9	23.4	175.6	187.7	-4321.7	-35.6	39.5	
82.20	241.3	20.7	31.9	2.0	-82.0	64.0	27.7	175.1	186.8	-4400.1	239.2	27.5	
82.25	242.1	20.0	33.2	2.0	-86.0	64.1	37.4	186.1	180.5	-4628.6	697.2	27.8	
82.30	242.8	19.5	35.4	2.0	-90.5	64.2	53.3	195.3	177.7	-4845.1	1187.0	31.1	
82.35	243.6	20.0	34.3	2.0	-92.8	64.3	65.7	197.1	180.2	-4914.7	1518.9	25.0	
82.40	244.4	20.2	30.8	2.0	-93.5	64.4	66.9	199.0	177.3	-4903.2	1711.7	12.3	
82.45	245.1	20.3	29.7	2.0	-94.7	64.5	63.9	199.7	167.0	-4947.0	1873.9	7.1	
82.50	245.9	20.4	29.4	2.0	-94.8	64.6	64.5	197.8	161.7	-4930.4	1965.3	6.1	
82.55	246.7	20.4	25.5	2.0	-92.8	64.7	65.0	194.9	164.1	-4776.9	1959.9	-5.1	
82.60	247.4	20.2	21.5	2.0	-91.0	64.8	65.2	188.6	160.7	-4601.5	2062.3	-17.0	
82.65	248.2	19.6	20.4	2.0	-90.4	64.9	65.6	179.7	148.4	-4502.4	2259.0	-20.3	
82.70	249.0	19.5	20.4	2.0	-90.0	65.0	68.2	173.6	140.9	-4448.8	2335.7	-20.1	
82.75	249.7	19.6	22.7	2.0	-88.7	65.1	71.7	174.2	144.7	-4407.0	2181.3	-10.8	
82.80	250.5	19.1	26.2	2.0	-88.7	65.2	73.3	180.4	145.1	-4463.4	2011.9	1.4	
82.85	251.2	19.3	30.3	2.0	-89.0	65.3	67.6	187.3	136.3	-4563.6	1827.8	15.1	
82.90	252.0	19.6	34.6	2.0	-88.1	65.4	57.6	189.7	130.1	-4613.0	1501.4	30.5	
82.95	252.7	19.5	37.0	2.0	-86.7	65.5	52.2	187.9	132.0	-4622.0	1121.5	40.4	
83.00	253.5	19.6	38.6	2.0	-85.6	65.6	47.0	187.2	131.1	-4610.1	778.3	46.9	
83.05	254.2	19.9	42.3	2.0	-84.7	65.7	36.8	187.7	123.2	-4603.4	447.3	60.4	
83.10	255.0	20.7	44.2	2.0	-82.3	65.8	24.7	182.8	115.5	-4466.8	100.8	69.4	
83.15	255.7	21.5	44.0	2.0	-78.9	65.9	14.1	176.6	112.6	-4225.8	-254.8	72.2	
83.20	256.5	22.0	44.5	2.0	-76.7	66.0	7.2	177.3	111.5	-4027.4	-537.2	76.1	
83.25	257.2	22.2	47.1	2.0	-75.6	66.1	4.1	178.5	107.9	-3923.1	-695.2	86.1	
83.30	257.9	21.7	50.0	2.0	-74.0	66.2	5.7	173.8	105.0	-3806.8	-729.2	97.5	
83.35	258.7	21.6	48.3	2.0	-71.4	66.3	9.2	168.9	102.7	-3627.8	-689.2	94.6	
83.40	259.4	22.0	48.9	2.0	-70.4	66.4	12.8	172.6	98.9	-3568.6	-561.3	97.5	
83.45	260.1	22.8	52.3	2.0	-71.8	66.5	18.8	177.5	93.4	-3689.7	-332.6	107.8	
83.50	260.8	23.0	51.9	2.0	-72.2	66.6	21.2	177.0	90.0	-3733.1	-202.2	106.0	
83.55	261.6	23.1	46.3	2.0	-70.2	66.7	18.1	168.6	89.2	-3606.4	-199.7	88.7	
83.60	262.3	23.6	40.7	2.0	-68.4	66.8	17.0	161.7	84.9	-3496.9	-62.4	71.3	
83.65	263.0	23.6	38.1	2.0	-68.5	66.9	18.1	167.8	76.9	-3485.6	220.5	62.5	
83.70	263.7	23.6	36.8	2.0	-69.9	67.0	20.3	178.8	72.4	-3536.8	494.9	56.4	
83.75	264.4	24.1	35.4	2.0	-72.1	67.1	27.4	183.3	71.5	-3634.7	817.9	49.5	
83.80	265.1	24.4	35.7	2.0	-75.4	67.2	37.4	185.7	69.1	-3767.1	1224.0	47.1	
83.85	265.8	24.4	35.6	2.0	-78.3	67.3	48.0	188.4	65.0	-3827.5	1668.9	43.8	
83.90	266.5	24.3	32.9	2.0	-79.2	67.4	59.7	181.5	62.5	-3707.8	2078.7	33.6	
83.95	267.2	24.1	29.5	2.0	-79.0	67.5	69.1	173.6	61.7	-3555.9	2333.3	22.4	
84.00	267.9	23.7	27.7	2.0	-79.3	67.6	73.9	174.0	58.4	-3488.6	2456.4	15.8	
84.05	268.6	23.2	27.4	2.0	-79.6	67.7	74.1	176.1	55.3	-3494.7	2489.1	14.5	
84.10	269.3	22.6	26.5	2.0	-79.4	67.8	71.3	173.9	51.8	-3474.5	2501.6	11.6	
84.15	270.0	22.5	24.6	2.0	-78.0	67.9	63.5	174.2	45.9	-3406.3	2444.3	6.6	
84.20	270.7	22.9	24.9	2.0	-77.0	68.0	58.1	176.7	40.6	-3374.4	2355.3	8.5	
84.25	271.4	23.1	26.8	2.0	-75.8	68.1	58.6	171.3	40.0	-3373.9	2231.0	16.1	
84.30	272.1	22.7	27.1	2.0	-73.6	68.2	57.3	165.1	40.2	-3331.9	2014.6	19.3	
84.35	272.8	22.1	27.9	2.0	-71.8	68.3	49.4	166.2	35.6	-3341.4	1737.4	24.0	
84.40	273.5	22.2	31.6	2.0	-71.8	68.4	42.5	168.9	29.5	-3465.5	1475.4	36.5	
84.45	274.1	22.1	35.6	2.0	-71.5	68.5	37.7	168.2	27.1	-3573.1	1140.2	50.7	
84.50	274.8	21.9	38.3	2.0	-69.9	68.6	31.4	168.0	27.1	-3565.6	712.5	61.7	
84.55	275.5	21.8	41.5	2.0	-69.1	68.7	25.8	170.4	24.0	-3551.8	376.3	73.4	
84.60	276.1	21.8	44.1	2.0	-68.2	68.8	23.1	166.6	17.1	-3517.7	197.9	83.3	
84.65	276.8	22.0	45.2	2.0	-65.6	68.9	18.2	158.5	11.9	-3357.5	-3.8	89.4	
84.70	277.4	22.2	44.1	2.0	-63.1	69.0	12.5	152.0	9.9	-3175.9	-259.4	88.2	
84.75	278.1	22.7	45.4	2.0	-63.3	69.1	12.1	153.3	6.2	-3177.7	-388.2	92.5	
84.80	278.7	23.2	47.6	2.0	-64.4	69.2	10.3	158.3	0.5	-3238.8	-469.4	99.0	
84.85	279.3	23.2	48.0	2.0	-64.7	69.3	2.8	161.0	-3.8	-3229.9	-614.5	100.2	
84.90	280.0	23.3	46.5	2.0	-64.4	69.4	-0.5	157.4	-7.5	-3199.7	-671.0	95.1	
84.95	280.6	23.4	46.5	2.0	-65.5	69.5	3.5	157.5	-10.7	-3297.2	-594.5	94.1	
85.00	281.2	22.9	47.2	2.0	-66.4	69.6	9.1	165.0	-13.5	-3370.2	-448.8	95.4	
85.05	281.8	23.4	45.8	2.0	-65.1	69.7	15.0	163.5	-15.7	-3293.0	-223.5	92.0	
85.10	282.5	23.6	42.7	2.0	-62.9	69.8	24.8	152.6	-17.8	-3159.9	143.6	83.5	
85.15	283.1	22.9	38.9	2.0	-61.6	69.9	31.5	148.9	-21.9	-3019.9	520.3	71.9	
85.20	283.7	23.0	36.4	2.0	-60.8	70.0	34.5	148.5	-27.4	-2877.6	844.6	64.2	
85.25	284.3	23.5	34.9	2.0	-60.4	70.1	39.4	144.5	-29.0	-2764.1	1105.3	59.4	
85.30	284.9	24.5	30.6	2.0	-60.2	70.2	41.3	143.4	-30.2	-2669.0	1274.9	44.7	
85.35	285.5	25.2	27.9	2.0	-61.2	70.3	38.4	148.4	-36.1	-2663.8	1422.3	34.5	
85.40	286.1	25.5	27.1	2.0	-62.8	70.4	40.5	147.8	-41.4	-2683.2	1629.0	30.2	
85.45	286.7	25.5	26.3	2.0	-63.9	70.5	46.8	142.3	-40.6	-2681.7	1804.9	26.5	
85.50	287.3	25.9	25.9	2.0	-65.5	70.6	55.0	140.3	-41.1	-2685.1	2006.4	23.4	
85.55	287.9	26.3	28.0	2.0	-68.6	70.7	64.2	143.1	-44.7	-2756.9	2254.3	27.7	
85.60	288.5	26.5	29.4	2.0	-71.2	70.8	70.5	144.6	-49.6	-2818.2	2462.6	29.7	
85.65	289.1	26.2	29.8	2.0	-71.3	70.9	69.3	146.4	-52.1	-2827.8	2459.2	31.1	
85.70	289.7	26.3	30.3	2.0	-70.5	71.0	63.9	152.9	-54.3	-2878.7	2284.3	33.6	
85.75	290.3	26.5	32.2	2.0	-69.9	71.1	57.6	158.6	-59.8	-2946.1	2090.2	40.6	
85.80	290.9	25.4	32.3	2.0	-67.2	71.2	50.4	156.5	-63.9	-2863.4	1866.6	43.6	
85.85	291.4	24.6	29.7	2.0	-62.2	71.3	47.0	143.7	-65.6	-2574.9	1689.2	39.8	
85.90	292.0	24.3	26.4	2.0	-57.4	71.4	48.8	127.2	-69.0	-2217.4	1644.0	33.2	
85.95	292.6	24.8	24.6	2.0	-54.3	71.5	53.2	114.1	-74.5	-1901.9	1693.0	30.1	
86.00	293.2	24.3	25.0	2.0	-52.0	71.6	56.4	106.1	-78.2	-1685.2	1689.2	33.8	
86.05	293.7	23.4	26.4	2.0	-50.7	71.7	59.2	103.6	-80.6	-1600.7	1642.0	40.0	
86.10	294.3	23.3	29.2	2.0	-50.1	71.8	59.5	104.1	-84.0	-1625.0	1540.1	50.3	
86.15	294.9	23.2	30.5	2.0	-48.4	71.9	52.5	105.0	-89.0	-1643.6	1331.1	56.1	
86.20	295.4	23.0	29.6	2.0	-45.9	72.0	41.4	105.5	-92.9	-1622.8	1048.2	55.8	
86.25	296.0	22.6	28.1	2.0	-43.3	72.1	34.5	100.5	-96.2	-1535.0	850.7	53.3	
86.30	296.6	22.4	27.0	2.0	-41.5	72.2	32.1	94.5	-100.8	-1454.6	752.8	51.0	
86.35	297.1	22.3	25.5	2.0	-40.3	72.3	30.5	92.0	-105.7	-1373.9	715.7	47.4	
86.40	297.7	22.4	24.3	2.0	-38.7	72.4	25.2	87.7	-108.5	-1298.7	630.1	44.6	
86.45	298.2	22.7	25.8	2.0	-39.2	72.5	19.7	84.3	-112.0	-1391.2	536.1	49.5	
86.50	298.7	22.9	29.3	2.0	-42.2	72.6	20.1	91.0	-117.1	-1618.0	510.5	58.5	
86.55	299.3	23.0	32.4	2.0	-43.9	72.7	19.7	101.9	-117.9	-1746.2	392.5	67.5	
86.60	299.8	23.0	32.8	2.0	-42.8	72.8	19.4	101.4	-117.0	-1688.5	277.1	69.9	
86.65	300.3	23.4	31.2	2.0	-40.9	72.9	19.8	92.9	-121.6	-1560.2	278.9	66.2	
86.70	300.8	24.4	30.5	2.0	-40.1	73.0	16.8	92.3	-127.8	-1501.9	261.2	64.8	
86.75	301.4	24.1	32.3	2.0	-40.7	73.1	17.3	97.4	-130.6	-1534.0	251.6	70.2	
86.80	301.9	23.6	33.5	2.0	-41.8	73.2	23.5	99.8	-129.6	-1601.8	298.7	73.3	
86.85	302.4	22.9	33.5	2.0	-42.6	73.3	22.4	103.1	-131.3	-1657.0	280.4	72.2	
86.90	302.9	23.7	33.9	2.0	-44.0	73.4	15.9	107.0	-138.7	-1750.1	267.5	72.3	
86.95	303.4	24.2	34.1	2.0	-45.5	73.5	16.7	102.1	-143.2	-1864.1	322.5	71.4	
87.00	304.0	24.4	32.6	2.0	-46.2	73.6	20.9	95.5	-140.1	-1943.2	318.5	65.8	
87.05	304.5	24.7	30.2	2.0	-46.7	73.7	22.2	97.8	-139.7	-1969.3	330.9	57.1	
87.10	305.0	24.5	29.4	2.0	-48.4	73.8	25.4	101.4	-147.5	-2032.1	554.8	52.4	
87.15	305.5	24.2	31.2	2.0	-52.0	73.9	31.6	103.1	-153.8	-2199.2	863.9	55.2	
87.20	306.0	24.2	31.7	2.0	-54.4	74.0	34.1	105.1	-153.2	-2332.5	1016.9	54.5	
87.25	306.5	24.2	29.5	2.0	-55.9	74.1	36.5	108.3	-151.5	-2403.6	1107.8	45.5	
87.30	307.0	24.2	28.8	2.0	-58.2	74.2	42.1	109.1	-155.6	-2474.7	1322.9	40.6	
87.35	307.5	24.1	26.8	2.0	-58.5	74.3	44.7	103.1	-160.5	-2381.8	1540.6	33.6	
87.40	308.0	24.0	21.5	2.0	-56.2	74.4	43.6	93.8	-160.1	-2148.7	1618.6	17.7	
87.45	308.5	24.0	17.3	2.0	-54.8	74.5	45.8	83.4	-160.1	-1981.7	1698.0	4.5	
87.50	309.1	24.0	15.8	2.0	-55.4	74.6	47.9	80.9	-163.9	-1967.5	1790.5	-1.1	
87.55	309.6	24.8	15.8	2.0	-55.6	74.7	45.7	85.1	-167.9	-1943.9	1815.7	-1.3	
87.60	310.1	25.2	16.3	2.0	-54.6	74.8	42.0	84.9	-167.9	-1899.4	1762.0	1.5	
87.65	310.6	25.2	18.2	2.0	-53.8	74.9	41.3	79.4	-168.7	-1872.4	1727.0	8.5	
87.70	311.0	25.5	20.8	2.0	-52.0	75.0	37.7	77.3	-173.2	-1821.9	1591.5	19.3	
87.75	311.5	25.4	20.9	2.0	-48.2	75.1	30.9	77.9	-175.0	-1694.5	1293.5	23.6	
87.80	312.0	25.1	19.8	2.0	-42.9	75.2	25.7	69.5	-172.7	-1486.4	940.3	25.3	
87.85	312.5	24.3	20.5	2.0	-38.8	75.3	21.5	62.2	-174.3	-1325.9	646.7	31.4	
87.90	313.0	23.6	24.7	2.0	-37.6	75.4	14.9	67.0	-180.6	-1314.8	379.7	47.3	
87.95	313.4	23.0	28.6	2.0	-37.6	75.5	6.8	70.9	-182.1	-1360.9	44.5	60.6	
88.00	313.9	22.6	31.6	2.0	-38.6	75.6	1.6	70.6	-179.5	-1408.9	-300.5	69.7	
88.05	314.4	21.7	34.6	2.0	-40.1	75.7	-2.5	75.5	-181.5	-1436.9	-557.5	78.5	
88.10	314.8	21.2	38.1	2.0	-41.3	75.8	-8.3	80.7	-187.7	-1425.1	-741.1	89.4	
88.15	315.3	21.3	39.2	2.0	-41.1	75.9	-14.1	73.1	-189.5	-1302.8	-951.5	93.6	
88.20	315.7	22.0	36.9	2.0	-41.2	76.0	-21.6	60.9	-188.7	-1086.0	-1241.0	85.6	
88.25	316.2	22.2	35.9	2.0	-43.1	76.1	-30.2	61.3	-193.3	-983.4	-1483.9	80.0	
88.30	316.6	21.8	38.2	2.0	-44.9	76.2	-33.1	68.5	-199.0	-1076.2	-1548.7	86.3	
88.35	317.1	21.7	41.3	2.0	-46.0	76.3	-30.3	73.7	-197.9	-1256.9	-1502.5	95.7	
88.40	317.6	21.4	41.5	2.0	-45.7	76.4	-28.3	77.4	-195.7	-1334.5	-1399.9	96.6	
88.45	318.0	21.1	39.7	2.0	-44.2	76.5	-24.8	81.3	-200.6	-1384.1	-1157.5	92.1	
88.50	318.5	22.0	37.1	2.0	-41.2	76.6	-13.5	77.8	-204.6	-1391.7	-773.6	86.1	
88.55	318.9	22.3	32.4	2.0	-36.6	76.7	-4.0	63.9	-200.5	-1204.5	-473.7	74.4	
88.60	319.4	22.1	25.7	2.0	-31.7	76.8	-0.5	53.0	-198.2	-929.5	-234.8	56.5	
88.65	319.8	21.1	22.4	2.0	-30.5	76.9	0.6	53.3	-205.8	-853.3	52.1	46.3	
88.70	320.3	21.6	21.1	2.0	-32.4	77.0	2.1	59.5	-213.0	-927.7	303.4	40.0	
88.75	320.7	22.7	18.5	2.0	-33.4	77.1	0.9	64.2	-208.9	-983.1	360.3	30.0	
88.80	321.2	23.9	16.7	2.0	-34.6	77.2	2.9	65.4	-204.6	-1027.3	471.3	22.9	
88.85	321.6	23.5	17.2	2.0	-37.8	77.3	7.9	65.2	-208.3	-1154.6	746.8	21.1	
88.90	322.1	22.9	17.4	2.0	-41.3	77.4	17.1	63.5	-212.5	-1201.7	1106.0	18.5	
88.95	322.5	22.5	17.6	2.0	-44.1	77.5	30.8	64.5	-209.9	-1133.5	1435.8	16.4	
89.00	322.9	22.7	17.9	2.0	-46.5	77.6	44.8	64.3	-205.5	-1040.7	1704.8	15.0	
89.05	323.4	22.9	19.4	2.0	-48.8	77.7	52.6	62.1	-207.4	-1047.0	1893.2	17.8	
89.10	323.8	23.0	19.1	2.0	-48.4	77.8	45.8	62.3	-211.6	-1129.4	1812.4	17.1	
89.15	324.2	22.7	17.4	2.0	-45.6	77.9	31.6	66.5	-213.3	-1188.0	1525.7	14.2	
89.20	324.6	22.1	17.8	2.0	-43.8	78.0	25.0	72.4	-214.2	-1238.6	1295.6	17.4	
89.25	325.0	21.3	17.3	2.0	-42.5	78.1	23.0	76.0	-215.8	-1258.2	1119.9	17.0	
89.30	325.5	22.0	15.5	2.0	-39.5	78.2	17.6	71.4	-218.3	-1136.7	932.7	13.5	
89.35	325.9	22.0	14.0	2.0	-36.6	78.3	12.4	62.7	-220.7	-1002.4	789.3	11.5	
89.40	326.3	21.4	16.8	2.0	-36.2	78.4	16.9	57.5	-222.5	-977.8	790.5	21.6	
89.45	326.7	21.8	20.0	2.0	-35.9	78.5	21.5	59.7	-222.0	-977.2	739.8	32.6	
89.50	327.1	22.3	23.2	2.0	-34.8	78.6	20.6	66.3	-221.8	-956.9	593.5	44.9	
89.55	327.5	22.6	26.3	2.0	-33.4	78.7	16.5	66.8	-223.8	-938.5	389.5	57.1	
89.60	327.9	22.7	26.7	2.0	-31.2	78.8	7.9	60.9	-226.8	-864.2	80.8	60.5	
89.65	328.3	22.5	25.5	2.0	-30.6	78.9	-7.5	56.3	-228.3	-746.3	-380.4	56.9	
89.70	328.7	22.1	26.1	2.0	-33.4	79.0	-21.0	54.7	-229.6	-666.8	-807.2	56.1	
89.75	329.1	21.9	28.1	2.0	-35.7	79.1	-25.3	55.4	-233.2	-640.5	-1027.9	60.8	
89.80	329.5	22.5	29.1	2.0	-37.0	79.2	-26.3	55.4	-235.2	-611.1	-1156.3	62.9	
89.85	329.9	23.3	28.5	2.0	-37.3	79.3	-26.7	49.7	-234.2	-517.6	-1238.7	60.6	
89.90	330.3	22.2	29.1	2.0	-36.4	79.4	-24.1	40.2	-232.6	-452.0	-1224.4	63.6	
89.95	330.7	22.1	30.4	2.0	-34.6	79.5	-17.2	37.0	-233.8	-441.8	-1101.9	69.6	
90.00	331.1	22.5	31.5	2.0	-33.7	79.6	-11.1	42.7	-234.4	-460.6	-1004.4	74.5	
90.05	331.4	23.1	32.0	2.0	-33.4	79.7	-5.9	51.4	-233.3	-507.8	-933.6	76.4	
90.10	331.8	22.9	30.7	2.0	-33.2	79.8	-5.2	50.6	-232.5	-545.8	-896.9	72.2	
90.15	332.2	22.4	27.1	2.0	-33.1	79.9	-10.3	46.1	-236.1	-582.6	-875.3	60.1	
90.20	332.6	22.1	24.7	2.0	-32.0	80.0	-10.4	48.9	-241.4	-645.7	-704.9	52.7	
90.25	332.9	21.4	21.5	2.0	-29.3	80.1	-2.1	50.7	-240.4	-633.4	-398.1	44.6	
90.30	333.3	20.8	17.8	2.0	-26.4	80.2	9.9	48.1	-238.2	-534.0	20.4	34.7	
90.35	333.6	20.7	15.8	2.0	-28.4	80.3	18.0	45.6	-240.7	-515.1	453.2	25.9	
90.40	334.0	20.4	15.2	2.0	-33.9	80.4	26.2	45.9	-244.9	-622.0	892.7	18.4	
90.45	334.4	20.1	15.6	2.0	-40.0	80.5	38.2	50.4	-243.9	-766.9	1308.8	13.5	
90.50	334.7	19.7	14.8	2.0	-45.1	80.6	49.5	57.1	-240.0	-878.0	1653.8	5.6	
90.55	335.1	19.6	13.7	2.0	-49.4	80.7	55.3	60.9	-241.8	-965.1	1951.7	-2.5	
90.60	335.4	19.5	12.8	2.0	-52.8	80.8	55.5	61.4	-247.9	-1065.2	2180.1	-8.9	
90.65	335.7	19.1	10.5	2.0	-54.0	80.9	52.4	60.1	-251.0	-1098.3	2270.9	-17.8	
90.70	336.1	19.3	8.7	2.0	-54.1	81.0	51.0	60.6	-249.7	-1103.1	2280.7	-24.4	
90.75	336.4	19.8	8.3	2.0	-54.6	81.1	52.9	60.5	-250.0	-1141.4	2302.3	-26.2	
90.80	336.8	20.5	8.8	2.0	-55.6	81.2	54.6	63.0	-254.0	-1255.0	2316.6	-25.3	
90.85	337.1	20.0	9.3	2.0	-54.3	81.3	49.2	65.3	-254.7	-1346.4	2152.9	-22.4	
90.90	337.5	19.7	9.6	2.0	-51.9	81.4	45.1	62.0	-252.8	-1367.4	1941.5	-18.8	
90.95	337.8	19.8	13.3	2.0	-51.1	81.5	48.2	59.5	-252.5	-1452.6	1804.5	-5.5	
91.00	338.2	19.3	15.6	2.0	-49.5	81.6	49.0	60.6	-254.3	-1488.5	1600.0	4.1	
91.05	338.5	19.3	15.0	2.0	-45.1	81.7	40.6	59.9	-254.4	-1437.7	1200.2	6.3	
91.10	338.8	19.9	15.5	2.0	-41.4	81.8	29.6	54.6	-254.6	-1435.4	746.6	11.7	
91.15	339.2	20.1	17.8	2.0	-40.7	81.9	19.8	56.7	-257.5	-1535.5	332.2	20.5	
91.20	339.5	20.8	20.3	2.0	-41.0	82.0	11.2	64.5	-260.3	-1571.6	-63.4	28.6	
91.25	339.9	21.7	20.3	2.0	-41.3	82.1	3.9	65.3	-258.4	-1536.6	-444.3	28.4	
91.30	340.2	21.7	21.3	2.0	-40.7	82.2	-0.1	55.7	-257.4	-1429.2	-683.6	32.6	
91.35	340.5	21.9	22.4	2.0	-39.4	82.3	-2.4	47.3	-261.5	-1279.1	-790.1	37.7	
91.40	340.8	22.2	23.5	2.0	-38.9	82.4	-4.3	46.2	-263.6	-1179.9	-873.5	41.9	
91.45	341.2	21.9	23.7	2.0	-38.6	82.5	-1.1	47.7	-261.2	-1144.0	-889.2	42.6	
91.50	341.5	22.0	24.9	2.0	-38.4	82.6	3.3	49.5	-259.7	-1160.6	-825.8	47.0	
91.55	341.8	22.2	24.5	2.0	-37.6	82.7	1.1	51.6	-262.9	-1121.4	-765.5	46.6	
91.60	342.1	22.6	21.5	2.0	-36.0	82.8	-2.1	51.5	-266.9	-1031.9	-671.4	37.7	
91.65	342.4	22.3	18.0	2.0	-33.4	82.9	1.5	46.9	-267.6	-932.3	-475.5	28.4	
91.70	342.7	21.8	13.5	2.0	-29.8	83.0	6.3	39.4	-265.0	-754.4	-256.9	16.4	
91.75	343.0	21.5	9.4	2.0	-26.5	83.1	6.4	34.9	-265.6	-559.5	-66.5	5.7	
91.80	343.2	20.5	6.3	2.0	-25.8	83.2	10.5	31.7	-271.5	-450.5	238.0	-4.3	
91.85	343.5	20.3	6.5	2.0	-29.0	83.3	18.2	32.9	-272.6	-480.3	558.2	-6.7	
91.90	343.8	21.1	8.3	2.0	-33.0	83.4	26.1	40.1	-266.6	-599.5	821.0	-4.4	
91.95	344.1	22.5	8.8	2.0	-36.8	83.5	34.1	41.7	-263.9	-636.4	1117.6	-6.4	
92.00	344.4	23.0	7.8	2.0	-40.6	83.6	41.3	37.9	-269.1	-563.2	1465.2	-13.9	
92.05	344.7	22.7	5.2	2.0	-43.0	83.7	44.4	33.3	-272.7	-409.3	1699.9	-25.3	
92.10	345.0	21.7	2.2	2.0	-43.3	83.8	45.6	26.3	-267.7	-241.0	1768.0	-35.7	
92.15	345.3	21.8	1.9	2.0	-44.0	83.9	48.4	22.8	-265.4	-199.1	1824.4	-37.3	
92.20	345.5	22.4	2.5	2.0	-44.3	84.0	46.5	27.3	-271.2	-284.7	1828.1	-35.7	
92.25	345.8	21.6	1.3	2.0	-42.3	84.1	37.4	33.8	-274.4	-387.3	1666.5	-37.8	
92.30	346.1	21.9	0.9	2.0	-40.4	84.2	33.5	35.3	-271.4	-434.9	1513.7	-37.5	
92.35	346.4	22.5	1.9	2.0	-40.5	84.3	39.4	33.4	-268.8	-427.3	1515.5	-33.9	
92.40	346.6	22.4	3.9	2.0	-40.4	84.4	43.3	29.7	-268.9	-356.5	1520.3	-27.0	
92.45	346.9	23.0	4.2	2.0	-38.9	84.5	41.4	22.7	-270.8	-227.6	1447.3	-24.6	
92.50	347.2	23.4	4.0	2.0	-36.9	84.6	38.4	19.2	-272.3	-187.4	1307.8	-23.0	
92.55	347.5	23.4	6.6	2.0	-34.1	84.7	32.7	26.2	-272.2	-368.1	1046.5	-11.5	
92.60	347.7	24.0	9.1	2.0	-32.0	84.8	25.0	36.0	-273.0	-610.5	722.9	-0.7	
92.65	348.0	24.3	11.1	2.0	-30.7	84.9	12.2	42.0	-275.5	-779.6	329.5	7.3	
92.70	348.2	24.0	9.6	2.0	-30.2	85.0	0.2	42.3	-279.9	-810.4	-33.8	2.8	
92.75	348.5	24.1	8.6	2.0	-30.0	85.1	-7.7	35.8	-281.1	-728.9	-350.7	-0.3	
92.80	348.7	24.2	8.0	2.0	-30.5	85.2	-10.9	27.1	-278.4	-637.8	-591.1	-3.0	
92.85	349.0	24.3	11.5	2.0	-31.7	85.3	-13.2	24.0	-277.4	-598.9	-762.1	7.8	
92.90	349.2	24.4	14.8	2.0	-32.5	85.4	-11.8	25.8	-279.8	-630.7	-808.9	18.2	
92.95	349.5	24.4	17.7	2.0	-33.7	85.5	-9.2	29.8	-280.7	-724.1	-837.6	27.1	
93.00	349.7	24.3	20.9	2.0	-35.5	85.6	-10.6	33.0	-278.1	-793.8	-950.4	36.4	
93.05	350.0	23.8	21.3	2.0	-36.8	85.7	-13.9	34.9	-278.3	-793.5	-1063.8	36.3	
93.10	350.2	23.5	20.0	2.0	-37.1	85.8	-18.3	33.1	-281.4	-703.3	-1148.2	31.4	
93.15	350.4	23.4	18.2	2.0	-37.1	85.9	-23.3	27.6	-282.4	-554.9	-1228.3	25.5	
93.20	350.7	23.5	15.9	2.0	-36.6	86.0	-26.0	23.2	-281.7	-381.8	-1256.7	18.1	
93.25	350.9	23.2	14.2	2.0	-34.9	86.1	-22.9	20.6	-280.9	-307.0	-1156.0	14.0	
93.30	351.1	22.8	12.8	2.0	-32.0	86.2	-15.7	17.5	-279.7	-349.1	-936.7	11.8	
93.35	351.4	22.1	11.4	2.0	-29.1	86.3	-9.9	16.8	-278.0	-408.9	-680.7	10.1	
93.40	351.6	21.5	10.3	2.0	-25.7	86.4	-1.7	21.6	-277.9	-434.4	-311.0	9.7	
93.45	351.8	21.4	11.6	2.0	-25.9	86.5	12.5	29.1	-280.0	-481.6	181.4	14.0	
93.50	352.1	21.7	12.1	2.0	-30.1	86.6	24.9	32.1	-278.9	-563.4	580.6	11.4	
93.55	352.3	21.8	8.9	2.0	-31.7	86.7	24.7	30.7	-275.9	-603.7	719.9	-1.0	
93.60	352.5	21.8	3.7	2.0	-31.6	86.8	18.0	27.4	-277.8	-557.5	766.6	-19.0	
93.65	352.7	21.6	2.2	2.0	-33.1	86.9	15.9	28.3	-282.1	-573.2	889.4	-25.6	
93.70	352.9	21.2	1.9	2.0	-36.0	87.0	21.3	32.4	-282.1	-641.7	1078.9	-29.3	
93.75	353.2	21.4	1.1	2.0	-38.1	87.1	26.1	34.9	-278.3	-699.3	1222.6	-34.4	
93.80	353.4	22.0	-0.4	2.0	-39.4	87.2	27.0	30.3	-278.9	-712.9	1338.4	-40.7	
93.85	353.6	22.3	-1.5	2.0	-40.7	87.3	27.3	23.6	-284.2	-686.8	1465.4	-45.7	
93.90	353.8	22.7	-1.4	2.0	-41.3	87.4	30.0	21.4	-285.1	-625.9	1541.0	-46.0	
93.95	354.0	22.9	1.0	2.0	-41.0	87.5	35.2	23.6	-280.5	-557.5	1532.1	-37.6	
94.00	354.2	21.9	1.9	2.0	-38.9	87.6	35.2	23.2	-279.3	-494.5	1384.5	-32.4	
94.05	354.4	22.2	0.8	2.0	-34.2	87.7	24.8	19.4	-282.8	-469.3	1040.9	-31.4	
94.10	354.6	22.8	-1.2	2.0	-27.9	87.8	9.6	13.2	-283.8	-433.6	565.8	-32.1	
94.15	354.8	22.7	-0.2	2.0	-25.2	87.9	0.7	16.6	-282.7	-472.8	175.3	-25.8	
94.20	354.9	22.3	4.6	2.0	-27.1	88.0	-0.5	27.5	-283.8	-614.9	-54.8	-11.5	
94.25	355.1	21.5	8.7	2.0	-29.7	88.1	-0.6	33.9	-286.3	-753.0	-243.9	0.2	
94.30	355.3	20.3	11.6	2.0	-32.4	88.2	-9.4	29.0	-284.9	-816.6	-596.5	7.4	
94.35	355.5	20.6	14.2	2.0	-34.8	88.3	-15.1	21.8	-284.0	-816.8	-879.9	14.0	
94.40	355.7	20.7	18.0	2.0	-36.4	88.4	-14.2	25.7	-285.0	-825.8	-1018.1	25.3	
94.45	355.8	20.0	21.8	2.0	-37.7	88.5	-10.5	34.5	-283.3	-859.3	-1102.4	37.1	
94.50	356.0	19.5	24.6	2.0	-39.5	88.6	-10.6	36.8	-279.7	-901.8	-1231.1	45.0	
94.55	356.2	19.5	24.6	2.0	-41.8	88.7	-18.9	33.2	-280.6	-951.7	-1408.6	42.8	
94.60	356.4	20.2	21.9	2.0	-42.1	88.8	-25.2	29.7	-286.3	-911.9	-1451.2	33.1	
94.65	356.5	20.5	20.3	2.0	-39.7	88.9	-23.3	27.9	-287.3	-767.3	-1336.1	29.9	
94.70	356.7	20.7	17.6	2.0	-35.5	89.0	-15.5	23.9	-283.3	-582.2	-1110.2	24.9	
94.75	356.9	20.6	12.8	2.0	-31.0	89.1	-9.2	19.0	-283.9	-418.5	-830.9	13.1	
94.80	357.0	20.8	9.0	2.0	-27.6	89.2	-10.3	13.7	-286.9	-286.9	-616.7	3.3	
94.85	357.2	21.0	6.1	2.0	-23.5	89.3	-5.8	8.7	-286.1	-211.7	-326.2	-2.7	
94.90	357.4	21.2	5.4	2.0	-22.0	89.4	9.2	9.5	-283.1	-238.6	126.5	-3.4	
94.95	357.5	21.6	6.4	2.0	-27.1	89.5	21.3	16.8	-281.7	-273.2	558.3	-5.3	
95.00	357.7	21.2	4.7	2.0	-30.7	89.6	24.0	18.7	-283.3	-225.0	853.0	-14.5	
95.05	357.8	20.1	1.5	2.0	-33.8	89.7	26.7	7.3	-284.8	-133.1	1113.6	-28.6	
95.10	358.0	19.1	-0.0	2.0	-37.0	89.8	31.0	-0.6	-285.5	-34.5	1356.8	-37.1	
95.15	358.2	18.2	-0.7	2.0	-39.5	89.9	34.5	4.7	-284.5	22.9	1533.3	-41.9	
95.20	358.3	17.6	-1.6	2.0	-41.7	90.0	39.5	5.9	-282.8	89.4	1686.4	-47.3	
95.25	358.4	18.1	-0.6	2.0	-43.2	90.1	42.5	0.6	-283.2	106.7	1786.5	-45.4	
95.30	358.6	18.8	-2.1	2.0	-42.8	90.2	39.0	0.7	-284.5	83.6	1768.1	-49.9	
95.35	358.7	19.4	-1.4	2.0	-42.7	90.3	38.4	6.2	-284.4	97.2	1757.7	-47.3	
95.40	358.8	18.7	-19.5	1.5	-44.5	90.4	48.4	5.3	-281.7	176.9	1865.0	-46.6	
95.45	359.0	18.4	-12.9	1.1	-45.1	90.5	54.0	-0.7	-280.0	320.1	1874.9	-40.9	
95.50	359.1	18.4	-11.3	0.8	-42.2	90.5	44.5	-5.4	-282.9	481.0	1639.4	-44.9	
95.55	359.2	19.1	-9.1	0.6	-38.4	90.5	34.6	-7.5	-286.0	530.7	1349.1	-42.7	
95.60	359.4	18.9	-4.5	0.5	-35.1	90.6	33.9	-6.3	-283.0	411.6	1131.6	-30.4	
95.65	359.5	18.7	-1.3	0.3	-31.5	90.6	31.9	0.7	-279.4	297.8	890.1	-21.1	
95.70	359.6	18.9	-1.3	0.3	-27.1	90.6	20.6	8.4	-282.7	261.9	576.8	-20.4	
95.75	359.7	19.2	-0.1	0.2	-23.8	90.6	11.3	5.1	-288.9	250.2	323.2	-16.0	
95.80	359.9	19.5	2.4	0.1	-22.2	90.6	10.5	-3.8	-288.0	251.3	147.1	-7.7	
95.85	360.0	19.6	4.1	0.1	-22.4	90.6	11.3	-4.4	-282.7	305.5	-9.3	-3.8	
95.90	0.1	19.8	5.7	0.1	-23.4	90.6	8.4	1.0	-283.4	357.1	-156.2	-0.4	
95.95	0.2	20.0	7.4	0.1	-23.7	90.6	4.2	1.5	-288.1	310.4	-287.2	4.1	
96.00	0.3	20.0	8.2	0.0	-25.1	90.6	-1.0	-2.5	-287.6	248.5	-477.5	4.8	
96.05	0.4	19.2	9.2	0.0	-26.9	90.6	-3.4	-2.8	-283.8	248.7	-622.9	6.2	
96.10	0.6	18.5	10.7	0.0	-27.0	90.6	-0.9	-2.7	-282.9	307.2	-612.3	10.6	
96.15	0.7	18.2	11.2	0.0	-27.4	90.6	1.1	-8.3	-286.1	456.5	-519.2	11.9	
96.20	0.8	17.7	8.6	0.0	-29.3	90.6	-1.5	-15.2	-289.0	666.5	-468.5	0.9	
96.25	0.9	17.6	6.2	0.0	-31.1	90.6	-4.6	-18.9	-289.1	821.3	-449.2	-9.3	
96.30	1.0	18.0	6.2	0.0	-29.9	90.6	2.5	-18.4	-287.4	801.1	-289.7	-8.3	
96.35	1.1	18.5	7.3	0.0	-27.7	90.6	10.7	-15.6	-283.8	679.8	-100.8	-2.4	
96.40	1.2	18.5	6.1	0.0	-26.4	90.6	11.6	-9.3	-282.5	603.1	39.4	-5.5	
96.45	1.4	18.3	2.5	0.0	-27.2	90.7	13.8	-5.4	-285.2	604.8	270.7	-18.4	
96.50	1.5	17.5	2.9	0.0	-30.5	90.7	24.1	-10.1	-284.9	626.1	611.0	-20.5	
96.55	1.6	17.0	3.4	0.0	-35.1	90.7	36.1	-17.5	-280.5	709.2	950.8	-23.2	
96.60	1.7	16.7	0.7	0.0	-38.9	90.7	40.4	-18.7	-280.3	814.3	1216.7	-36.3	
96.65	1.8	16.7	-1.1	0.0	-41.5	90.7	38.6	-19.0	-285.2	882.7	1406.7	-45.3	
96.70	1.9	17.7	-1.5	0.0	-43.0	90.7	38.9	-17.4	-288.0	842.1	1559.5	-48.1	
96.75	2.0	18.7	-2.4	0.0	-43.2	90.7	41.6	-10.7	-284.5	713.3	1640.9	-51.5	
96.80	2.1	18.5	-3.8	0.0	-43.0	90.7	42.4	-6.3	-279.4	645.1	1657.5	-56.2	
96.85	2.2	18.6	-3.4	0.0	-44.1	90.7	42.7	-9.9	-280.9	690.9	1728.6	-55.9	
96.90	2.3	18.9	-2.7	0.0	-46.8	90.7	45.0	-16.4	-286.4	822.5	1874.6	-56.2	
96.95	2.4	19.2	-3.5	0.0	-48.7	90.7	47.9	-20.6	-286.5	951.0	1959.5	-60.5	
97.00	2.5	18.5	-3.3	0.0	-48.5	90.7	50.4	-20.2	-282.9	938.4	1948.5	-60.0	
97.05	2.6	18.4	-2.4	0.0	-46.8	90.7	49.6	-20.4	-282.7	849.0	1846.3	-55.0	
97.10	2.7	18.7	-0.9	0.0	-42.4	90.7	40.4	-15.4	-286.7	705.9	1575.3	-45.4	
97.15	2.8	18.9	-1.4	0.0	-35.9	90.7	26.3	-7.4	-289.2	560.6	1152.3	-40.7	
97.20	2.8	19.2	-1.5	0.0	-29.4	90.7	16.6	-2.9	-286.2	406.2	710.9	-34.5	
97.25	2.9	19.8	-0.3	0.0	-25.0	90.7	14.1	-3.1	-282.9	309.9	388.8	-26.1	
97.30	3.0	20.6	0.1	0.0	-22.9	90.7	8.3	-3.6	-284.6	333.7	104.3	-22.4	
97.35	3.1	20.9	1.3	0.0	-24.1	90.7	0.4	-4.9	-288.5	425.3	-153.1	-19.5	
97.40	3.2	20.7	3.6	0.0	-25.1	90.7	-0.5	-6.6	-289.6	411.2	-322.8	-12.7	
97.45	3.3	20.1	8.3	0.0	-25.2	90.7	2.7	-3.6	-286.1	232.5	-488.6	3.3	
97.50	3.4	19.7	10.3	0.0	-28.1	90.7	-1.4	3.1	-281.7	48.7	-764.9	7.1	
97.55	3.5	19.6	10.9	0.0	-32.0	90.7	-10.4	7.7	-283.2	-11.5	-1031.5	5.5	
97.60	3.6	20.3	11.0	0.0	-33.8	90.7	-14.9	5.2	-287.6	78.0	-1155.1	3.9	
97.65	3.7	20.6	10.4	0.0	-35.1	90.7	-16.7	2.1	-287.2	202.1	-1237.7	0.5	
97.70	3.8	21.3	8.4	0.0	-36.2	90.7	-18.0	-4.2	-283.2	348.4	-1286.3	-7.5	
97.75	3.9	22.6	7.2	0.0	-35.6	90.7	-17.1	-11.3	-283.6	483.8	-1184.2	-11.0	
97.80	3.9	22.4	5.4	0.0	-32.7	90.7	-12.8	-11.1	-289.1	567.6	-904.9	-14.3	
97.85	4.0	22.7	4.8	0.0	-29.3	90.7	-7.1	-2.3	-290.3	586.0	-600.6	-13.0	
97.90	4.1	23.6	4.3	0.0	-26.3	90.7	1.6	2.4	-284.8	542.7	-320.2	-11.7	
97.95	4.2	24.0	4.6	0.0	-25.2	90.7	11.1	-2.6	-280.8	518.5	-26.1	-9.5	
98.00	4.3	24.3	3.7	0.0	-27.1	90.7	15.7	-7.5	-283.4	586.6	268.2	-14.4	
98.05	4.4	24.2	-1.4	0.0	-30.7	90.7	15.5	-8.3	-286.8	745.5	526.9	-35.6	
98.10	4.5	23.3	-4.2	0.0	-34.6	90.7	19.3	-9.7	-286.8	893.2	801.3	-49.1	
98.15	4.6	22.5	-4.3	0.0	-37.4	90.7	25.0	-13.1	-286.2	928.0	1037.8	-52.3	
98.20	4.6	21.9	-4.9	0.0	-37.4	90.7	24.8	-12.6	-286.7	814.3	1134.0	-54.3	
98.25	4.7	22.0	-6.9	0.0	-36.1	90.7	20.6	-6.9	-287.0	672.6	1129.6	-59.9	
98.30	4.8	21.8	-7.2	0.0	-36.1	90.7	20.8	-0.4	-286.9	604.7	1170.8	-60.7	
98.35	4.8	21.5	-5.3	0.0	-37.5	90.7	27.2	0.5	-285.7	600.6	1270.2	-55.8	
98.40	4.9	21.2	-4.2	0.0	-38.5	90.7	32.4	-5.0	-284.0	659.0	1307.3	-52.8	
98.45	5.0	21.1	-5.1	0.0	-38.3	90.7	31.0	-14.3	-283.4	772.8	1221.7	-55.9	
98.50	5.1	21.2	-4.2	0.0	-36.9	90.7	26.8	-18.3	-285.1	795.3	1078.6	-51.2	
98.55	5.1	21.3	-2.5	0.0	-34.8	90.7	25.7	-13.0	-288.2	709.8	955.8	-43.5	
98.60	5.2	21.0	-0.9	0.0	-30.6	90.7	22.2	-3.4	-287.4	558.4	698.6	-33.8	
98.65	5.2	20.7	-1.5	0.0	-24.9	90.7	11.2	0.4	-283.4	430.2	246.6	-29.9	
98.70	5.3	20.6	-1.4	0.0	-23.4	90.7	-2.4	-1.3	-283.6	346.3	-212.4	-28.0	
98.75	5.3	21.5	1.4	0.0	-25.7	90.7	-8.7	-1.7	-288.3	317.2	-466.9	-20.9	
98.80	5.4	22.0	3.5	0.0	-27.3	90.7	-7.8	-0.6	-288.1	349.3	-590.0	-15.2	
98.85	5.4	22.2	6.0	0.0	-28.1	90.7	-6.9	2.7	-284.0	271.8	-702.9	-7.6	
98.90	5.5	22.4	8.9	0.0	-28.5	90.7	-7.0	8.0	-285.3	12.4	-768.7	2.0	
98.95	5.5	22.2	11.8	0.0	-30.5	90.7	-9.2	15.7	-289.7	-307.3	-840.0	10.0	
99.00	5.6	21.9	13.0	0.0	-33.6	90.7	-14.9	21.6	-287.9	-463.0	-1011.5	11.1	
99.05	5.6	23.0	12.6	0.0	-35.2	90.7	-17.0	22.3	-284.1	-474.4	-1133.7	8.2	
99.10	5.7	23.3	11.8	0.0	-35.0	90.7	-15.7	21.0	-286.4	-463.1	-1125.8	5.5	
99.15	5.7	23.5	9.7	0.0	-34.7	90.7	-17.7	18.8	-289.2	-405.8	-1118.7	-1.5	
99.20	5.8	24.3	6.8	0.0	-34.6	90.7	-22.6	13.7	-287.2	-312.6	-1140.3	-11.4	
99.25	5.8	24.5	6.1	0.0	-32.5	90.7	-20.4	15.1	-288.1	-349.2	-968.4	-11.5	
99.30	5.9	24.7	8.0	0.0	-29.0	90.7	-8.7	22.5	-292.6	-493.9	-582.3	-1.7	
99.35	5.9	25.3	7.1	0.0	-26.8	90.7	0.9	24.1	-290.6	-522.5	-288.9	-2.3	
99.40	6.0	25.0	2.3	0.0	-23.6	90.7	2.8	14.8	-284.5	-352.2	-164.6	-15.8	
99.45	6.0	24.7	-2.0	0.0	-20.0	90.7	5.6	3.2	-286.1	-138.5	28.4	-26.9	
99.50	6.0	25.2	-1.8	0.0	-22.9	90.7	14.1	-2.7	-290.8	6.0	334.2	-29.3	
99.55	6.1	25.3	-1.9	0.0	-25.9	90.7	21.2	-3.4	-286.6	89.6	532.1	-32.3	
99.60	6.1	25.2	-4.5	0.0	-27.1	90.7	22.8	-0.5	-280.4	53.9	630.4	-42.5	
99.65	6.2	25.0	-5.3	0.0	-29.2	90.7	22.1	3.2	-285.1	-93.9	786.4	-47.6	
99.70	6.2	25.6	-3.6	0.0	-32.4	90.7	24.1	5.4	-292.4	-209.2	994.8	-44.7	
99.75	6.2	25.5	-3.6	0.0	-34.1	90.7	29.4	2.5	-288.2	-113.3	1131.2	-46.4	
99.80	6.3	23.9	-4.7	0.0	-35.4	90.7	34.7	-2.7	-280.0	115.7	1220.8	-51.6	
99.85	6.3	23.5	-4.8	0.0	-38.3	90.7	40.0	-10.8	-282.8	364.9	1379.9	-54.8	
99.90	6.3	23.5	-4.0	0.0	-40.4	90.7	41.4	-16.3	-288.9	526.5	1481.9	-54.2	
99.95	6.4	23.8	-5.3	0.0	-40.3	90.7	40.8	-18.9	-284.8	609.1	1440.2	-58.3	
100.00	6.4	23.8	-4.6	0.0	-39.3	90.7	41.2	-14.9	-278.9	574.4	1378.5	-55.1	
100.05	6.4	24.2	-2.2	0.0	-38.9	90.7	41.9	-5.4	-283.2	444.2	1397.0	-46.4	
100.10	6.5	25.1	-1.3	0.0	-37.5	90.7	37.0	0.5	-289.7	376.5	1318.3	-41.8	
100.15	6.5	24.5	-3.4	0.0	-34.5	90.7	29.2	-6.3	-286.8	475.4	1067.4	-46.3	
100.20	6.5	24.0	-5.3	0.0	-32.7	90.7	24.7	-14.7	-282.8	617.9	837.3	-51.0	
100.25	6.5	23.8	-4.4	0.0	-32.2	90.7	24.1	-14.9	-286.6	680.1	729.2	-47.3	
100.30	6.6	24.7	-2.3	0.0	-30.8	90.7	22.4	-12.1	-288.8	677.4	586.4	-38.8	
100.35	6.6	25.0	-1.7	0.0	-27.5	90.7	17.1	-10.2	-284.2	584.6	329.0	-33.5	
100.40	6.6	24.9	-0.4	0.0	-24.4	90.7	14.7	-6.3	-283.2	416.8	152.1	-25.6	
100.45	6.7	24.4	2.6	0.0	-22.1	90.7	14.6	0.3	-287.1	265.1	70.9	-13.3	
100.50	6.7	23.9	5.0	0.0	-22.2	90.7	13.4	2.4	-287.7	276.3	-50.1	-4.8	
100.55	6.7	23.4	5.3	0.0	-24.3	90.7	10.7	-2.4	-284.5	395.0	-222.7	-6.1	
100.60	6.7	22.6	4.7	0.0	-26.8	90.7	5.3	-8.1	-285.0	503.2	-401.6	-10.7	
100.65	6.8	22.0	4.5	0.0	-28.4	90.7	0.8	-11.2	-288.1	550.7	-520.4	-12.9	
100.70	6.8	21.5	4.4	0.0	-29.1	90.7	0.8	-11.6	-287.1	581.3	-568.9	-14.0	
100.75	6.8	21.1	4.7	0.0	-29.2	90.7	1.8	-9.9	-282.6	593.2	-577.6	-13.2	
100.80	6.9	21.5	5.0	0.0	-27.8	90.7	4.5	-7.4	-283.8	554.9	-461.2	-10.7	
100.85	6.9	21.9	4.0	0.0	-26.7	90.7	8.2	-8.4	-288.1	570.0	-265.4	-13.0	
100.90	6.9	21.5	2.8	0.0	-27.6	90.7	12.0	-13.6	-285.7	672.9	-101.1	-18.1	
100.95	7.0	21.0	1.1	0.0	-29.3	90.7	17.2	-18.9	-280.2	787.4	78.0	-25.4	
101.00	7.0	20.6	1.2	0.0	-31.1	90.7	25.0	-20.1	-282.0	828.6	373.7	-27.0	
101.05	7.0	19.9	1.4	0.0	-32.5	90.7	29.5	-17.8	-285.1	777.3	636.0	-27.8	
101.10	7.1	20.0	-1.4	0.0	-33.1	90.7	28.9	-16.8	-282.3	719.1	768.1	-37.8	
101.15	7.1	20.2	-3.8	0.0	-34.0	90.7	29.1	-15.1	-280.3	654.1	921.5	-47.2	
101.20	7.1	20.5	-3.4	0.0	-37.4	90.7	35.3	-13.2	-284.2	623.0	1219.5	-49.2	
101.25	7.2	20.9	-2.4	0.0	-41.5	90.7	42.1	-14.1	-286.7	708.8	1498.4	-49.7	
101.30	7.2	21.3	-4.9	0.0	-43.5	90.7	42.9	-17.7	-282.8	823.6	1603.1	-60.3	
101.35	7.2	21.4	-7.2	0.0	-44.7	90.7	43.6	-20.8	-281.5	865.5	1684.1	-69.6	
101.40	7.3	20.8	-6.5	0.0	-46.3	90.7	47.4	-21.2	-284.1	842.2	1811.5	-68.5	
101.45	7.3	20.5	-5.1	0.0	-46.6	90.7	50.1	-20.0	-282.3	791.9	1856.7	-64.3	
101.50	7.3	20.5	-5.1	0.0	-46.1	90.7	50.9	-17.4	-279.6	736.5	1835.5	-63.4	
101.55	7.4	20.1	-4.0	0.0	-44.5	90.7	48.8	-11.9	-281.9	598.7	1769.7	-58.2	
101.60	7.4	20.2	-2.5	0.0	-42.2	90.7	45.4	-10.1	-285.2	461.3	1641.5	-50.7	
101.65	7.5	20.5	-3.1	0.0	-39.2	90.7	40.9	-13.5	-283.4	441.2	1418.7	-49.9	
101.70	7.5	19.4	-5.0	0.0	-36.0	90.7	34.9	-14.5	-280.8	520.6	1150.9	-53.0	
101.75	7.5	19.4	-4.9	0.0	-33.7	90.7	29.8	-13.4	-283.3	617.8	915.2	-50.4	
101.80	7.6	20.0	-3.2	0.0	-30.9	90.7	25.8	-15.2	-284.7	594.4	668.7	-42.0	
101.85	7.6	20.3	-2.5	0.0	-27.2	90.7	22.1	-17.6	-281.3	477.8	399.5	-35.7	
101.90	7.6	20.5	-2.9	0.0	-22.6	90.7	16.1	-10.7	-278.4	265.2	147.5	-32.6	
101.95	7.7	20.6	-0.1	0.0	-20.5	90.7	14.7	-2.4	-281.8	137.8	65.8	-20.9	
102.00	7.7	20.9	2.4	0.0	-20.9	90.7	16.8	-4.5	-284.8	169.4	46.9	-12.6	
102.05	7.8	20.2	1.7	0.0	-22.7	90.7	12.8	-12.9	-282.8	291.0	-112.0	-17.0	
102.10	7.8	19.6	0.1	0.0	-26.3	90.7	4.6	-20.9	-282.1	470.0	-332.1	-25.9	
102.15	7.9	19.3	-0.1	0.0	-29.2	90.7	-1.3	-26.6	-284.6	609.7	-476.2	-29.5	
102.20	7.9	19.2	0.8	0.0	-29.9	90.7	-1.6	-27.6	-284.8	649.0	-510.7	-27.2	
102.25	8.0	18.8	1.0	0.0	-28.6	90.7	-1.9	-18.5	-282.8	554.1	-511.8	-25.1	
102.30	8.0	18.2	1.2	0.0	-26.9	90.7	-3.8	-9.2	-283.1	436.3	-481.6	-22.7	
102.35	8.1	18.1	1.9	0.0	-25.6	90.7	-0.3	-13.1	-284.5	426.2	-341.0	-19.1	
102.40	8.1	18.6	0.4	0.0	-26.5	90.7	6.4	-24.0	-282.8	562.9	-138.9	-25.2	
102.45	8.2	19.3	-2.1	0.0	-30.9	90.7	9.6	-34.3	-281.8	877.9	37.7	-38.1	
102.50	8.3	18.3	-3.4	0.0	-35.3	90.7	12.5	-40.4	-285.2	1171.2	233.4	-47.0	
102.55	8.3	18.8	-2.6	0.0	-36.7	90.7	14.9	-43.4	-286.6	1235.3	358.0	-45.7	
102.60	8.4	19.7	-1.9	0.0	-34.5	90.7	14.7	-38.8	-282.9	1071.6	372.1	-41.1	
102.65	8.4	19.9	-2.3	0.0	-31.4	90.7	12.1	-25.8	-280.6	865.6	377.1	-39.4	
102.70	8.5	19.6	-2.0	0.0	-31.5	90.7	13.0	-17.5	-282.6	823.9	501.7	-38.5	
102.75	8.6	19.2	-1.4	0.0	-34.8	90.7	18.0	-21.0	-284.5	978.7	693.0	-39.5	
102.80	8.6	19.0	-2.9	0.0	-39.5	90.7	23.2	-33.4	-283.0	1261.2	843.7	-49.4	
102.85	8.7	18.2	-5.2	0.0	-43.1	90.7	25.4	-45.3	-280.9	1501.8	915.6	-60.8	
102.90	8.8	18.0	-5.2	0.0	-44.9	90.7	28.6	-51.6	-280.9	1588.3	992.6	-62.6	
102.95	8.8	18.6	-2.9	0.0	-44.5	90.7	30.3	-48.5	-281.2	1526.3	1037.0	-54.5	
103.00	8.9	19.5	-1.9	0.0	-42.4	90.7	28.3	-36.9	-281.2	1391.3	1011.9	-48.8	
103.05	8.9	20.0	-1.0	0.0	-41.1	90.7	24.1	-34.0	-280.9	1362.5	910.8	-44.4	
103.10	9.0	20.2	-0.4	0.0	-41.0	90.7	20.8	-40.6	-280.8	1407.9	791.7	-42.3	
103.15	9.1	19.8	-1.2	0.0	-41.6	90.7	15.7	-45.8	-282.5	1512.5	661.8	-45.8	
103.20	9.1	19.6	-1.8	0.0	-42.4	90.7	13.3	-45.7	-284.1	1616.8	586.3	-48.6	
103.25	9.2	19.6	-0.5	0.0	-42.8	90.7	14.7	-44.1	-283.8	1664.8	547.4	-44.6	
103.30	9.3	19.9	0.8	0.0	-41.4	90.7	13.7	-44.2	-283.0	1586.1	436.3	-38.8	
103.35	9.4	19.2	0.2	0.0	-38.2	90.7	6.7	-43.8	-283.1	1394.9	215.3	-37.6	
103.40	9.4	18.6	-0.3	0.0	-34.2	90.7	0.4	-38.4	-283.6	1118.8	10.1	-35.3	
103.45	9.5	19.4	1.8	0.0	-31.9	90.7	-0.6	-32.6	-283.3	956.7	-108.9	-25.6	
103.50	9.6	18.4	3.6	0.0	-32.6	90.7	-0.1	-31.4	-283.8	1008.0	-186.8	-20.2	
103.55	9.7	17.3	2.3	0.0	-34.3	90.7	-5.6	-34.3	-285.4	1081.3	-365.5	-26.5	
103.60	9.8	16.8	1.9	0.0	-36.8	90.7	-14.8	-42.2	-286.9	1128.4	-636.0	-30.2	
103.65	9.8	16.8	3.4	0.0	-38.4	90.7	-19.4	-47.4	-286.4	1112.3	-845.9	-26.7	
103.70	9.9	16.9	5.9	0.0	-37.3	90.7	-18.3	-36.1	-285.4	987.7	-914.6	-17.0	
103.75	10.0	17.2	7.2	0.0	-35.1	90.7	-16.0	-20.7	-284.9	824.2	-909.5	-10.4	
103.80	10.1	17.5	8.0	0.0	-34.3	90.7	-16.5	-17.9	-284.5	691.1	-943.7	-6.9	
103.85	10.2	17.6	6.6	0.0	-35.1	90.7	-17.7	-29.1	-284.2	696.1	-978.8	-12.4	
103.90	10.2	17.7	4.8	0.0	-34.6	90.7	-14.3	-34.0	-284.2	741.3	-890.7	-18.0	
103.95	10.3	18.5	4.1	0.0	-33.4	90.7	-8.5	-30.8	-283.4	800.7	-722.7	-19.3	
104.00	10.4	19.2	3.9	0.0	-32.6	90.7	-3.1	-30.2	-283.3	872.1	-543.4	-19.4	
104.05	10.5	19.9	2.4	0.0	-31.0	90.7	-1.4	-30.7	-284.8	800.6	-413.7	-22.6	
104.10	10.5	20.9	-0.2	0.0	-29.3	90.7	-5.5	-28.2	-284.8	677.1	-377.8	-29.8	
104.15	10.6	21.0	-2.0	0.0	-28.4	90.7	-4.7	-26.5	-282.5	667.8	-256.5	-35.1	
104.20	10.7	20.5	-1.2	0.0	-28.7	90.7	5.7	-25.9	-281.5	739.2	68.2	-32.8	
104.25	10.8	19.7	-1.7	0.0	-31.6	90.7	16.5	-26.0	-282.6	838.4	448.1	-37.6	
104.30	10.8	19.1	-4.3	0.0	-34.3	90.7	19.8	-27.6	-282.2	904.0	695.9	-49.1	
104.35	10.9	18.9	-6.0	0.0	-36.1	90.7	20.5	-31.7	-281.0	927.1	864.6	-56.6	
104.40	11.0	18.5	-4.4	0.0	-38.5	90.7	27.9	-33.3	-281.9	897.0	1124.0	-53.5	
104.45	11.1	18.4	-2.8	0.0	-40.4	90.7	35.4	-27.6	-282.2	812.6	1350.8	-50.0	
104.50	11.2	18.3	-4.6	0.0	-40.4	90.7	34.9	-19.6	-281.4	747.4	1406.2	-56.3	
104.55	11.2	18.3	-7.3	0.0	-38.8	90.7	27.9	-20.5	-281.4	717.9	1300.5	-64.0	
104.60	11.3	18.6	-8.3	0.0	-37.6	90.7	23.9	-27.0	-282.9	688.2	1203.6	-66.3	
104.65	11.4	18.7	-8.3	0.0	-37.3	90.7	26.0	-29.3	-283.1	663.7	1180.6	-65.6	
104.70	11.5	18.2	-8.5	0.0	-36.6	90.7	28.3	-24.2	-280.1	646.9	1143.1	-65.7	
104.75	11.6	18.6	-7.6	0.0	-35.0	90.7	27.3	-17.8	-280.4	568.9	1057.7	-60.9	
104.80	11.7	18.9	-5.4	0.0	-32.1	90.7	24.9	-17.9	-283.4	335.9	928.7	-50.6	
104.85	11.8	18.7	-4.5	0.0	-28.9	90.7	22.6	-17.5	-283.7	88.2	743.5	-44.5	
104.90	11.9	18.1	-4.9	0.0	-25.3	90.7	19.2	-13.1	-280.2	20.1	494.1	-42.0	
104.95	11.9	18.2	-5.0	0.0	-21.9	90.7	15.2	-10.9	-278.4	47.0	246.1	-38.9	
105.00	12.0	19.8	-4.8	0.0	-19.9	90.7	12.0	-15.2	-282.2	80.9	52.3	-36.4	
105.05	12.1	21.3	-4.6	0.0	-21.6	90.7	3.8	-16.6	-284.2	36.5	-228.0	-37.5	
105.10	12.2	21.7	-2.9	0.0	-25.2	90.7	-3.5	-13.5	-280.5	-35.1	-516.3	-35.2	
105.15	12.3	20.5	-0.2	0.0	-26.0	90.7	-1.4	-10.1	-278.1	-95.3	-581.2	-26.7	
105.20	12.3	20.7	2.1	0.0	-24.9	90.7	3.3	-7.7	-281.7	-119.0	-490.1	-17.6	
105.25	12.4	20.8	1.1	0.0	-24.8	90.7	1.1	-8.3	-284.2	-93.7	-488.5	-21.0	
105.30	12.5	20.5	-0.9	0.0	-25.6	90.7	-1.9	-14.5	-281.4	-22.2	-543.1	-28.7	
105.35	12.5	19.6	-1.5	0.0	-24.6	90.7	2.7	-18.1	-279.1	-28.8	-460.0	-29.9	
105.40	12.6	19.1	-1.9	0.0	-22.6	90.7	9.3	-18.1	-280.0	-77.3	-291.4	-29.0	
105.45	12.7	18.9	-3.7	0.0	-21.7	90.7	7.6	-15.6	-280.4	-87.1	-224.9	-34.3	
105.50	12.7	19.5	-6.8	0.0	-21.0	90.7	4.2	-14.1	-280.1	-99.1	-167.8	-44.2	
105.55	12.8	20.2	-7.4	0.0	-21.0	90.7	9.5	-13.5	-280.4	-181.3	51.2	-46.3	
105.60	12.9	20.8	-6.4	0.0	-24.2	90.7	18.1	-11.4	-279.7	-254.4	331.0	-46.3	
105.65	12.9	20.3	-7.6	0.0	-26.7	90.7	22.8	-9.0	-278.4	-217.8	558.3	-52.7	
105.70	13.0	19.5	-9.1	0.0	-29.0	90.7	25.7	-10.0	-278.5	-101.6	760.1	-60.2	
105.75	13.1	18.8	-9.1	0.0	-31.9	90.7	29.7	-13.5	-279.4	-76.1	964.9	-63.0	
105.80	13.1	18.6	-9.2	0.0	-34.7	90.7	35.4	-16.5	-278.5	-101.4	1154.7	-66.3	
105.85	13.2	18.2	-9.9	0.0	-36.4	90.7	39.7	-18.5	-275.2	-51.9	1275.4	-70.4	
105.90	13.3	17.7	-11.0	0.0	-37.7	90.7	40.6	-20.1	-275.4	72.2	1369.3	-75.6	
105.95	13.3	18.2	-11.4	0.0	-39.3	90.7	41.5	-22.4	-279.6	171.3	1474.3	-78.3	
106.00	13.4	18.7	-11.2	0.0	-40.0	90.7	42.4	-28.0	-280.1	231.3	1509.8	-78.4	
106.05	13.5	18.9	-11.5	0.0	-39.6	90.7	42.5	-30.0	-276.1	272.0	1468.2	-79.0	
106.10	13.5	18.7	-11.2	0.0	-39.7	90.7	44.1	-28.8	-274.9	301.6	1475.1	-78.2	
106.15	13.6	18.8	-10.8	0.0	-39.6	90.7	43.7	-28.7	-277.1	289.4	1469.3	-76.7	
106.20	13.6	18.7	-10.7	0.0	-38.5	90.7	40.8	-29.9	-278.5	264.2	1390.1	-75.1	
106.25	13.7	17.8	-10.7	0.0	-36.8	90.7	38.4	-31.0	-277.0	233.9	1267.5	-73.7	
106.30	13.7	17.9	-9.8	0.0	-35.6	90.7	39.4	-30.9	-274.2	201.7	1185.2	-69.3	
106.35	13.8	18.1	-9.2	0.0	-34.8	90.7	38.6	-32.2	-274.9	268.9	1108.5	-66.4	
106.40	13.8	18.2	-10.1	0.0	-33.2	90.7	32.1	-35.3	-278.4	386.3	950.4	-67.9	
106.45	13.9	18.0	-10.7	0.0	-30.4	90.7	24.6	-38.0	-279.7	379.9	723.1	-67.3	
106.50	13.9	18.0	-10.8	0.0	-27.6	90.7	22.5	-36.4	-277.0	289.6	537.7	-64.8	
106.55	14.0	18.3	-9.8	0.0	-25.1	90.7	20.4	-32.7	-273.6	239.0	372.8	-58.7	
106.60	14.0	19.0	-8.5	0.0	-25.4	90.7	18.0	-34.5	-275.8	367.9	280.2	-54.7	
106.65	14.1	18.7	-8.2	0.0	-27.0	90.7	12.3	-39.5	-280.0	542.6	170.1	-55.1	
106.70	14.1	17.7	-7.5	0.0	-28.6	90.7	10.5	-43.1	-280.7	674.0	88.8	-54.4	
106.75	14.2	17.9	-5.5	0.0	-28.8	90.7	12.7	-42.1	-277.5	701.0	32.6	-47.8	
106.80	14.2	17.7	-4.7	0.0	-28.5	90.7	12.4	-39.7	-275.3	683.9	-44.4	-44.7	
106.85	14.3	17.4	-4.2	0.0	-27.6	90.7	7.1	-34.0	-277.2	625.9	-139.1	-42.1	
106.90	14.3	17.9	-4.8	0.0	-26.9	90.7	3.2	-27.7	-279.9	569.3	-197.6	-43.4	
106.95	14.4	17.7	-5.3	0.0	-26.6	90.7	5.0	-27.8	-277.6	541.2	-210.9	-44.6	
107.00	14.4	17.5	-4.9	0.0	-27.1	90.7	7.7	-33.8	-273.3	566.5	-214.7	-43.9	
107.05	14.5	17.8	-6.3	0.0	-27.7	90.7	7.8	-36.4	-274.1	613.4	-174.9	-49.4	
107.10	14.5	17.6	-7.2	0.0	-27.9	90.7	7.7	-36.5	-278.7	652.1	-67.6	-52.6	
107.15	14.6	17.3	-8.3	0.0	-27.4	90.7	9.8	-34.4	-278.7	615.4	48.6	-55.8	
107.20	14.6	16.9	-8.4	0.0	-26.0	90.7	12.3	-28.3	-275.1	516.7	130.2	-55.0	
107.25	14.7	17.5	-8.2	0.0	-26.1	90.7	15.2	-26.6	-273.3	491.9	228.1	-54.4	
107.30	14.7	17.7	-8.8	0.0	-28.7	90.7	18.4	-30.6	-274.7	608.9	378.8	-58.9	
107.35	14.7	17.4	-10.0	0.0	-32.0	90.7	17.2	-36.8	-275.7	828.1	480.4	-66.2	
107.40	14.8	17.2	-11.4	0.0	-34.6	90.7	18.0	-41.0	-275.5	967.0	608.8	-73.6	
107.45	14.8	17.1	-10.4	0.0	-36.3	90.7	24.9	-42.1	-275.3	965.6	810.0	-72.1	
107.50	14.9	17.2	-9.8	0.0	-37.3	90.7	27.9	-43.4	-274.2	946.8	925.5	-71.1	
107.55	14.9	17.6	-11.4	0.0	-37.2	90.7	24.8	-43.5	-274.8	923.4	946.8	-76.2	
107.60	15.0	18.3	-12.9	0.0	-36.5	90.7	21.1	-41.0	-278.0	848.3	953.7	-80.8	
107.65	15.0	19.2	-12.1	0.0	-36.0	90.7	22.1	-39.1	-279.1	774.4	974.7	-77.5	
107.70	15.1	19.3	-11.6	0.0	-35.0	90.7	24.6	-38.6	-274.4	704.8	930.5	-74.7	
107.75	15.1	18.8	-11.7	0.0	-32.9	90.7	21.3	-38.5	-270.9	626.0	802.0	-73.2	
107.80	15.1	18.4	-12.0	0.0	-31.8	90.7	17.1	-37.6	-276.6	573.0	741.8	-72.9	
107.85	15.2	18.5	-11.8	0.0	-30.2	90.7	14.3	-33.2	-280.7	484.1	675.1	-70.6	
107.90	15.2	19.0	-11.7	0.0	-27.2	90.7	12.0	-28.2	-275.7	349.1	509.4	-67.3	
107.95	15.2	19.3	-11.0	0.0	-23.9	90.7	9.5	-24.6	-273.4	208.9	327.3	-61.6	
108.00	15.3	19.0	-9.6	0.0	-21.4	90.7	4.5	-25.3	-278.2	146.6	129.4	-54.5	
108.05	15.3	19.1	-9.0	0.0	-22.2	90.7	-3.5	-30.8	-280.1	188.1	-150.1	-53.0	
108.10	15.3	19.0	-8.3	0.0	-25.4	90.7	-8.8	-32.5	-277.1	232.0	-412.4	-53.9	
108.15	15.4	18.7	-6.7	0.0	-26.6	90.7	-8.9	-28.0	-275.5	161.8	-552.3	-49.5	
108.20	15.4	18.8	-4.0	0.0	-27.4	90.7	-8.6	-24.0	-276.2	24.9	-648.8	-41.0	
108.25	15.4	18.7	-3.0	0.0	-29.0	90.7	-11.3	-27.4	-277.3	20.0	-760.5	-39.5	
108.30	15.4	18.4	-3.1	0.0	-30.4	90.7	-14.7	-29.7	-277.7	43.1	-851.2	-40.9	
108.35	15.5	18.5	-1.8	0.0	-30.4	90.7	-15.0	-26.3	-278.6	62.9	-861.5	-36.7	
108.40	15.5	18.5	-0.1	0.0	-29.1	90.7	-9.3	-24.9	-279.7	118.0	-762.6	-29.5	
108.45	15.5	18.3	-1.5	0.0	-29.7	90.7	-9.3	-29.8	-276.9	211.8	-778.9	-35.0	
108.50	15.5	17.7	-3.6	0.0	-31.4	90.7	-17.0	-33.5	-276.4	285.3	-873.9	-43.8	
108.55	15.5	16.7	-4.5	0.0	-30.1	90.7	-17.6	-31.2	-281.0	257.8	-777.7	-45.7	
108.60	15.5	16.1	-4.4	0.0	-26.7	90.7	-7.0	-31.3	-280.6	250.1	-517.6	-41.9	
108.65	15.6	16.8	-6.5	0.0	-25.7	90.7	-0.1	-35.9	-273.9	363.5	-331.1	-48.0	
108.70	15.6	17.0	-10.4	0.0	-26.5	90.7	-0.6	-39.9	-274.7	516.4	-170.7	-62.1	
108.75	15.6	17.1	-11.4	0.0	-26.9	90.7	0.5	-42.3	-283.0	557.6	62.0	-66.0	
108.80	15.6	17.3	-10.4	0.0	-27.5	90.7	7.7	-42.9	-283.0	528.0	284.2	-63.1	
108.85	15.6	17.7	-10.1	0.0	-27.5	90.7	12.9	-36.5	-273.3	490.8	383.8	-62.2	
108.90	15.6	18.0	-11.4	0.0	-28.8	90.7	15.3	-30.2	-272.3	520.7	515.7	-67.8	
108.95	15.6	17.9	-13.0	0.0	-31.0	90.7	14.1	-34.9	-280.5	615.2	638.7	-75.5	
109.00	15.6	17.9	-15.2	0.0	-32.2	90.7	9.2	-45.9	-281.8	730.2	600.9	-84.2	
109.05	15.6	18.3	-15.6	0.0	-33.2	90.7	11.2	-49.6	-276.4	815.2	600.3	-86.6	
109.10	15.6	19.1	-13.0	0.0	-33.9	90.7	19.4	-45.3	-274.4	796.2	726.6	-78.5	
109.15	15.6	19.1	-10.8	0.0	-34.1	90.7	22.9	-41.9	-278.2	719.8	821.1	-71.3	
109.20	15.6	18.9	-11.7	0.0	-32.4	90.7	17.0	-41.7	-280.6	642.2	726.1	-72.4	
109.25	15.6	18.5	-12.5	0.0	-30.4	90.7	13.9	-39.4	-278.5	566.6	601.6	-73.1	
109.30	15.6	18.1	-10.3	0.0	-30.0	90.7	19.2	-37.6	-275.5	551.2	579.9	-65.2	
109.35	15.6	18.0	-8.2	0.0	-29.4	90.7	21.5	-34.9	-274.7	535.2	535.8	-57.5	
109.40	15.6	18.2	-8.7	0.0	-28.9	90.7	17.0	-33.0	-278.0	594.5	424.1	-58.8	
109.45	15.5	17.5	-9.7	0.0	-28.3	90.7	9.4	-34.3	-279.7	643.5	246.4	-61.6	
109.50	15.5	17.5	-10.1	0.0	-27.6	90.7	5.1	-37.1	-278.3	626.8	81.9	-62.4	
109.55	15.5	17.8	-8.5	0.0	-26.8	90.7	7.0	-34.5	-278.1	576.5	34.5	-56.1	
109.60	15.5	17.5	-6.6	0.0	-26.9	90.7	7.8	-30.5	-279.6	589.1	7.0	-49.5	
109.65	15.5	17.5	-6.2	0.0	-28.1	90.7	4.2	-32.7	-279.1	672.9	-105.1	-49.3	
109.70	15.4	17.7	-6.5	0.0	-29.8	90.7	2.3	-41.6	-278.9	760.7	-183.1	-52.2	
109.75	15.4	18.3	-6.3	0.0	-30.7	90.7	4.8	-47.4	-279.8	815.4	-163.7	-52.3	
109.80	15.4	19.0	-5.4	0.0	-30.8	90.7	7.0	-43.4	-279.1	837.1	-141.7	-49.4	
109.85	15.3	19.5	-4.2	0.0	-30.3	90.7	6.8	-38.8	-277.2	815.1	-162.1	-44.8	
109.90	15.3	19.1	-4.5	0.0	-29.0	90.7	6.2	-37.2	-279.7	717.2	-156.1	-44.4	
109.95	15.3	18.8	-6.2	0.0	-27.2	90.7	1.8	-34.5	-281.2	561.1	-222.7	-48.5	
