Time[s]	Rotor azimuth angle[deg]	Hub wind speed magnitude[m/s]	ACTTORQUE1[Nm]	PITRAT1[deg/s]	PITFRIC1[kNm]	PITCH1[deg]	Blade root 1 Fx[KN]	Blade root 1 Fy[KN]	Blade root 1 Fz[KN]	Blade root 1 Mx[kNm]	Blade root 1 My[kNm]	Blade root 1 Mz[kNm]	
END_OF_HEADER
50.00	290.4	21.1	-51.2	-0.4	171.1	23.0	260.4	124.0	600.3	-1614.6	10389.9	-5.2	
50.05	293.1	21.1	-50.9	-0.4	164.1	23.0	249.8	129.9	585.6	-1188.5	9944.2	-13.3	
50.10	295.9	21.1	-45.3	-0.3	159.1	22.9	250.2	128.5	574.9	-1028.8	9585.3	-8.2	
50.15	298.6	20.6	-37.4	-0.2	156.1	22.9	251.8	127.5	562.4	-1136.0	9352.0	12.7	
50.20	301.3	20.8	-35.4	-0.0	153.0	22.9	248.8	123.0	545.2	-1038.1	9156.9	14.7	
50.25	304.1	21.2	47.5	0.1	-146.9	22.9	240.2	102.9	527.8	-857.6	8771.7	1.5	
50.30	306.8	21.7	37.2	0.1	-138.7	22.9	234.3	103.3	523.8	-758.9	8176.7	-7.9	
50.35	309.5	21.8	-44.9	-0.1	131.3	22.9	224.5	118.1	525.3	-833.2	7613.7	-2.2	
50.40	312.3	21.6	-40.8	-0.2	127.5	22.9	210.3	108.6	510.6	-968.0	7366.2	3.0	
50.45	315.0	21.0	-47.2	-0.3	127.3	22.9	207.4	85.6	486.4	-760.7	7434.3	-26.4	
50.50	317.7	21.6	-55.4	-0.3	127.7	22.9	216.5	68.6	474.5	-469.4	7490.0	-60.1	
50.55	320.4	22.1	-56.4	-0.3	127.1	22.9	224.4	59.2	471.4	-479.0	7426.9	-63.7	
50.60	323.1	22.5	-55.4	-0.4	126.6	22.9	222.6	64.3	456.5	-502.4	7400.5	-57.8	
50.65	325.8	22.7	-53.1	-0.3	124.3	22.8	210.2	56.8	431.1	-367.5	7292.9	-62.3	
50.70	328.5	22.6	-53.4	-0.2	121.2	22.8	204.8	36.8	414.9	-292.5	7102.8	-72.7	
50.75	331.2	22.5	-56.8	-0.2	117.2	22.8	210.8	32.9	418.6	-245.1	6782.6	-82.0	
50.80	333.9	22.1	-57.5	-0.3	111.2	22.8	209.8	32.5	422.8	-301.6	6326.7	-80.2	
50.85	336.6	22.6	-53.1	-0.3	101.7	22.8	186.1	21.3	407.4	-241.8	5694.6	-69.7	
50.90	339.3	23.4	-46.0	-0.4	90.3	22.8	153.6	16.5	387.4	-40.7	4949.7	-60.3	
50.95	341.9	23.7	-35.3	-0.4	79.9	22.8	131.0	17.1	383.8	-49.2	4232.6	-44.1	
51.00	344.6	23.5	-30.5	-0.4	72.8	22.7	118.5	18.4	389.7	-111.4	3723.7	-31.3	
51.05	347.2	23.1	-36.1	-0.5	70.3	22.7	109.4	12.7	382.3	118.8	3564.6	-34.7	
51.10	349.9	22.6	-44.8	-0.8	74.1	22.7	112.4	-11.8	363.7	587.1	3815.2	-43.8	
51.15	352.5	22.3	-53.9	-1.2	80.2	22.6	130.6	-31.7	363.4	1171.2	4097.1	-59.0	
51.20	355.2	22.3	-58.5	-1.5	84.5	22.6	151.4	-47.0	380.4	1717.7	4159.6	-75.9	
51.25	357.8	22.4	-55.3	-1.7	84.8	22.5	153.0	-69.3	384.6	2148.2	3949.0	-84.7	
51.30	0.5	22.0	-48.5	-1.7	82.2	22.4	136.5	-82.6	369.6	2442.0	3580.3	-80.6	
51.35	3.1	22.0	-39.7	-1.7	78.3	22.3	118.7	-96.3	356.8	2520.2	3194.6	-61.5	
51.40	5.7	22.9	-39.7	-1.6	78.3	22.2	113.6	-112.9	363.2	2823.2	2894.5	-62.3	
51.45	8.4	22.8	-46.2	-1.6	82.9	22.2	118.3	-123.3	373.4	3303.2	2829.4	-78.3	
51.50	11.0	22.4	-47.2	-1.6	86.3	22.1	119.2	-134.6	364.5	3511.2	2960.2	-76.0	
51.55	13.6	22.1	-46.9	-1.6	90.3	22.0	125.3	-144.0	352.0	3653.4	3216.0	-66.2	
51.60	16.2	22.0	-52.9	-1.7	97.5	21.9	140.7	-161.9	363.1	4122.1	3390.0	-74.1	
51.65	18.8	21.6	-60.8	-1.8	104.4	21.8	153.9	-182.1	383.7	4635.2	3448.0	-89.8	
51.70	21.4	20.8	-60.4	-2.0	105.0	21.7	149.2	-175.1	388.1	4748.6	3400.1	-86.4	
51.75	24.0	20.6	-49.7	-2.0	101.9	21.6	139.3	-161.4	378.9	4479.9	3466.2	-62.0	
51.80	26.7	20.8	-44.9	-2.0	103.7	21.5	142.8	-178.0	378.4	4367.7	3745.4	-53.0	
51.85	29.3	21.2	-56.0	-2.0	111.7	21.4	163.9	-201.2	393.7	4673.8	4161.2	-80.5	
51.90	31.9	21.5	-66.5	-2.0	116.7	21.3	177.4	-218.3	406.0	4875.9	4391.5	-105.1	
51.95	34.6	21.5	-66.5	-2.1	115.0	21.2	167.6	-231.1	405.4	4842.4	4220.3	-104.3	
52.00	37.2	21.5	-62.4	-2.1	111.9	21.1	149.5	-234.9	410.0	4918.9	3782.5	-101.7	
52.05	39.9	22.3	-57.8	-2.0	110.1	21.0	135.9	-247.0	429.0	5080.1	3267.5	-107.3	
52.10	42.5	22.3	-55.6	-1.7	107.6	20.9	128.1	-255.8	448.9	5085.3	2843.4	-112.0	
52.15	45.1	21.8	-52.7	-1.6	103.6	20.8	124.4	-240.5	458.6	4866.1	2691.0	-100.6	
52.20	47.8	21.6	-50.1	-1.4	101.5	20.8	126.0	-236.2	462.2	4630.9	2788.5	-86.8	
52.25	50.4	21.4	-50.4	-1.4	102.6	20.7	127.7	-246.5	476.7	4682.8	2780.8	-78.3	
52.30	53.1	21.3	-51.7	-1.3	104.4	20.6	128.5	-248.3	496.9	4901.3	2635.9	-75.7	
52.35	55.7	21.3	-47.3	-1.3	105.8	20.6	121.1	-249.4	512.7	5144.2	2380.8	-61.2	
52.40	58.4	21.0	-47.4	-1.3	110.5	20.5	110.3	-255.1	523.5	5598.4	2188.9	-56.7	
52.45	61.0	20.7	-53.3	-1.2	118.3	20.4	107.3	-267.9	537.2	6174.1	2208.2	-71.5	
52.50	63.7	20.8	-57.9	-1.1	125.6	20.4	118.4	-289.7	555.5	6593.9	2435.4	-87.7	
52.55	66.4	20.8	-63.1	-1.0	132.6	20.3	139.0	-309.6	575.0	6924.4	2786.6	-99.4	
52.60	69.1	20.8	-68.7	-0.9	138.8	20.3	159.7	-322.7	589.4	7181.5	3197.0	-105.7	
52.65	71.8	20.8	-71.2	-0.9	143.0	20.2	172.4	-330.2	601.9	7345.6	3491.5	-105.7	
52.70	74.5	20.7	-69.6	-0.8	144.8	20.2	170.2	-327.7	619.5	7533.1	3403.0	-102.0	
52.75	77.2	20.6	-62.3	-0.7	143.4	20.2	165.4	-320.1	628.4	7462.5	3356.2	-89.4	
52.80	79.9	20.5	-61.7	-0.5	144.8	20.1	165.9	-318.5	635.1	7543.7	3430.0	-88.9	
52.85	82.6	20.8	-72.0	-0.4	152.3	20.1	172.9	-338.8	648.3	8064.5	3472.4	-106.6	
52.90	85.3	21.1	-80.5	-0.4	158.4	20.1	175.2	-367.0	665.0	8540.5	3284.7	-117.0	
52.95	88.0	21.7	-79.4	-0.5	157.8	20.1	164.9	-364.7	681.1	8660.9	2828.6	-109.2	
53.00	90.7	21.8	-68.6	-0.4	151.4	20.0	142.4	-341.3	691.4	8392.0	2327.2	-86.5	
53.05	93.4	21.9	-56.2	-0.3	145.4	20.0	125.4	-330.3	697.5	8027.8	2099.9	-61.8	
53.10	96.1	22.0	-51.3	-0.2	142.4	20.0	127.5	-324.9	713.9	7788.6	2121.4	-53.2	
53.15	98.9	21.5	-52.4	-0.1	140.4	20.0	146.1	-320.6	735.7	7518.8	2397.1	-51.2	
53.20	101.6	21.1	-60.2	-0.1	139.4	20.0	165.1	-320.0	747.5	7240.3	2854.1	-63.1	
53.25	104.3	21.2	-75.7	-0.2	143.9	20.0	180.1	-318.3	754.3	7399.2	3310.9	-99.9	
53.30	107.0	21.0	-82.0	-0.3	147.9	20.0	183.3	-326.9	766.3	7612.4	3490.1	-121.6	
53.35	109.8	20.5	-76.0	-0.4	145.1	20.0	170.7	-333.0	786.2	7453.6	3285.8	-114.0	
53.40	112.5	19.7	-72.6	-0.3	140.2	19.9	158.3	-321.0	802.4	7159.4	3120.4	-113.6	
53.45	115.2	18.9	-74.1	-0.3	137.1	19.9	149.6	-314.0	806.4	6904.1	3184.6	-120.8	
53.50	118.0	18.4	-78.4	-0.3	136.5	19.9	156.7	-306.8	813.2	6679.1	3541.8	-125.3	
53.55	120.7	18.2	-78.5	-0.5	135.9	19.9	180.3	-282.6	832.0	6353.9	4036.6	-119.5	
53.60	123.4	18.4	-71.2	-0.5	134.7	19.9	196.6	-267.7	847.2	5987.5	4404.7	-102.8	
53.65	126.1	18.4	-66.4	-0.5	136.1	19.8	198.8	-261.3	847.7	5923.1	4682.4	-92.7	
53.70	128.8	18.3	-66.3	-0.5	139.5	19.8	195.6	-256.2	850.8	6180.9	4798.9	-89.1	
53.75	131.6	18.5	-65.1	-0.5	141.8	19.8	191.9	-255.8	870.7	6461.3	4700.9	-76.4	
53.80	134.3	18.2	-66.2	-0.6	143.7	19.8	189.8	-259.0	896.3	6659.1	4624.5	-70.2	
53.85	137.0	17.9	-69.6	-0.7	148.2	19.7	197.4	-262.8	905.5	6774.9	5006.2	-78.9	
53.90	139.8	18.9	-74.7	-0.8	152.2	19.7	208.5	-261.9	903.9	6667.3	5607.3	-93.9	
53.95	142.5	19.1	-78.0	-1.0	152.9	19.6	220.6	-249.8	909.8	6280.8	6112.0	-96.8	
54.00	145.3	18.9	-73.9	-1.1	151.2	19.6	229.4	-224.8	924.6	5766.3	6453.1	-84.3	
54.05	148.0	19.3	-68.1	-1.1	150.2	19.5	233.4	-205.6	930.4	5323.9	6766.7	-78.8	
54.10	150.8	19.3	-64.4	-1.1	148.7	19.5	222.1	-205.2	932.3	5113.5	6809.6	-82.2	
54.15	153.5	19.2	-61.4	-0.9	148.0	19.4	209.1	-203.6	942.3	5122.5	6771.1	-78.4	
54.20	156.3	18.8	-60.0	-0.9	149.5	19.4	208.6	-189.9	956.4	5034.1	6995.8	-65.9	
54.25	159.0	18.7	-67.2	-0.9	157.3	19.3	227.5	-180.3	961.2	5025.4	7681.8	-71.0	
54.30	161.7	18.3	-78.2	-0.9	169.7	19.3	257.0	-177.7	959.7	5206.8	8606.2	-92.6	
54.35	164.5	17.6	-85.0	-1.0	180.1	19.2	287.1	-170.9	963.4	5178.7	9452.2	-108.0	
54.40	167.2	17.7	-81.5	-1.0	182.1	19.2	298.7	-150.6	970.7	4718.8	9847.2	-88.8	
54.45	170.0	17.5	-72.2	-1.1	178.8	19.1	290.7	-124.3	974.9	4186.6	9869.5	-55.0	
54.50	172.7	17.1	-63.8	-1.2	176.0	19.1	280.0	-103.5	977.9	3899.4	9817.8	-36.0	
54.55	175.5	16.7	-59.8	-1.2	175.4	19.0	278.2	-86.6	986.7	3589.7	9896.4	-33.7	
54.60	178.3	16.5	-59.6	-1.1	178.2	19.0	288.3	-78.2	1001.2	3268.2	10195.8	-37.0	
54.65	181.1	16.6	-67.0	-1.0	186.9	18.9	311.7	-82.4	1005.7	3137.6	10848.1	-54.7	
54.70	183.9	16.5	-78.7	-1.0	194.9	18.9	329.3	-102.7	999.3	3120.4	11424.2	-77.8	
54.75	186.7	15.6	-85.8	-1.0	196.2	18.8	333.0	-106.1	999.6	3095.5	11517.0	-92.5	
54.80	189.5	14.9	-77.8	-1.0	188.8	18.8	316.9	-78.9	1003.3	2752.6	11090.1	-79.8	
54.85	192.4	15.3	-58.9	-0.9	179.1	18.7	291.9	-53.4	1000.2	2118.4	10570.8	-40.7	
54.90	195.2	16.0	-47.9	-0.7	175.8	18.7	283.1	-36.9	997.0	1661.0	10435.5	-17.1	
54.95	197.9	16.2	-51.0	-0.5	179.8	18.6	297.2	-26.9	999.8	1481.0	10731.4	-20.4	
55.00	200.7	15.7	-57.9	-0.4	185.1	18.6	313.9	-7.0	1003.5	1193.8	11125.4	-24.2	
55.05	203.5	15.4	-60.4	-0.4	189.6	18.6	321.9	28.4	998.7	737.0	11480.0	-12.2	
55.10	206.3	15.4	-56.2	-0.4	191.6	18.6	319.4	51.4	993.3	533.1	11648.8	2.7	
55.15	209.2	15.7	-51.1	-0.4	191.6	18.6	313.4	48.1	994.0	566.7	11663.0	14.5	
55.20	212.0	16.0	-50.3	-0.4	193.1	18.5	314.1	44.0	996.4	582.3	11776.0	22.4	
55.25	214.9	16.1	-52.8	-0.5	198.7	18.5	323.4	51.3	991.6	465.1	12176.0	22.0	
55.30	217.7	15.8	-56.4	-0.5	207.0	18.5	335.9	57.4	980.6	302.5	12777.0	16.4	
55.35	220.6	15.1	-61.7	-0.5	215.1	18.5	350.9	62.0	973.5	192.0	13356.7	4.0	
55.40	223.4	15.1	-63.4	-0.5	220.7	18.4	364.5	64.0	965.0	19.2	13748.6	-2.0	
55.45	226.3	15.5	-60.5	-0.4	221.0	18.4	366.6	60.6	952.7	-158.9	13773.5	5.8	
55.50	229.1	16.2	-58.3	-0.4	218.0	18.4	361.8	64.8	944.7	-89.1	13564.0	13.9	
55.55	232.0	16.2	-56.9	-0.4	213.8	18.4	352.8	72.8	941.1	118.2	13272.4	16.1	
55.60	234.8	16.2	-51.9	-0.3	209.9	18.4	339.5	78.6	929.4	185.6	13018.3	27.9	
55.65	237.6	16.7	-48.5	-0.3	208.9	18.4	334.1	91.7	913.8	142.6	12962.6	36.3	
55.70	240.4	16.8	-47.4	-0.2	208.0	18.3	330.9	102.4	898.9	61.9	12908.9	36.2	
55.75	243.3	16.6	-49.0	-0.2	205.2	18.3	323.5	113.7	886.2	-66.2	12711.5	37.9	
55.80	246.1	16.2	-44.8	-0.3	200.2	18.3	309.1	140.2	874.3	-325.8	12352.8	59.3	
55.85	248.9	16.4	-34.9	-0.4	195.9	18.3	292.7	161.0	859.4	-774.7	12032.7	91.5	
55.90	251.8	16.8	-33.5	-0.6	195.9	18.3	288.8	169.1	849.5	-1087.3	12010.0	95.2	
55.95	254.7	17.3	-42.6	-0.7	200.3	18.2	297.8	166.3	842.8	-1220.5	12322.9	69.5	
56.00	257.6	18.5	-50.3	-0.8	207.7	18.2	311.6	157.9	828.6	-1527.2	12840.7	52.3	
56.05	260.5	18.4	-58.3	-1.0	213.7	18.2	323.7	157.0	810.5	-1761.2	13247.9	32.9	
56.10	263.3	17.4	-58.3	-1.1	214.5	18.1	326.0	151.6	795.4	-1827.4	13313.1	26.4	
56.15	266.2	17.0	-52.6	-1.0	214.1	18.1	323.6	148.2	780.1	-1927.8	13291.6	26.9	
56.20	269.1	16.5	-47.8	-0.8	216.3	18.0	323.7	161.2	760.5	-2177.8	13423.9	31.1	
56.25	271.9	16.2	-46.2	-0.7	220.6	18.0	330.3	169.2	743.3	-2503.7	13678.6	42.9	
56.30	274.8	17.0	-52.7	-0.7	222.6	17.9	338.9	163.0	732.3	-2578.1	13817.5	43.9	
56.35	277.6	17.6	-63.3	-0.9	221.8	17.9	345.0	167.9	724.2	-2431.3	13763.7	28.0	
56.40	280.5	17.9	-62.6	-1.1	219.8	17.8	345.2	185.2	714.1	-2510.7	13577.3	26.6	
56.45	283.4	17.5	-51.2	-1.1	215.9	17.8	334.7	200.9	702.7	-2767.7	13236.7	45.0	
56.50	286.2	17.1	-42.6	-1.0	210.0	17.7	319.6	198.0	691.3	-2778.0	12831.8	53.3	
56.55	289.1	16.8	-39.2	-0.9	202.3	17.7	302.3	177.7	677.7	-2676.0	12347.4	54.4	
56.60	292.0	17.1	-43.9	-0.9	194.7	17.6	291.2	166.7	665.4	-2469.5	11853.9	43.9	
56.65	294.9	16.6	-48.1	-1.0	188.0	17.6	285.8	161.9	657.8	-2166.6	11428.8	34.6	
56.70	297.8	15.9	-48.6	-1.1	183.5	17.5	284.4	138.9	652.8	-1769.2	11190.2	26.4	
56.75	300.7	15.4	-51.2	-1.1	182.6	17.5	284.9	119.5	643.1	-1443.3	11197.1	9.7	
56.80	303.6	15.3	-49.8	-1.1	182.7	17.4	278.7	118.1	622.1	-1556.7	11228.2	8.9	
56.85	306.5	15.2	-48.4	-1.1	180.4	17.4	265.8	131.8	602.3	-1859.5	11032.5	13.5	
56.90	309.4	15.0	-48.3	-1.1	177.3	17.3	258.8	145.5	593.5	-1869.7	10797.5	18.7	
56.95	312.3	15.2	-44.1	-1.2	174.7	17.3	254.6	138.4	588.2	-1676.1	10662.8	27.0	
57.00	315.2	15.7	-37.3	-1.1	171.8	17.2	246.4	123.5	576.5	-1376.8	10533.1	31.9	
57.05	318.1	16.5	-35.0	-0.9	167.1	17.2	236.1	115.1	564.7	-1089.2	10258.1	24.6	
57.10	321.1	16.5	-37.0	-0.8	161.0	17.1	230.2	96.9	560.5	-838.4	9853.7	16.7	
57.15	324.0	16.4	-45.5	-0.7	156.2	17.1	231.5	82.5	564.0	-556.0	9522.2	-0.2	
57.20	326.9	16.3	-49.1	-0.8	154.8	17.1	231.4	76.5	555.7	-449.0	9432.6	-6.9	
57.25	329.9	15.7	-47.7	-0.8	155.7	17.0	232.0	76.8	536.2	-589.2	9507.5	-10.8	
57.30	332.8	15.3	-48.9	-0.7	154.8	17.0	237.9	76.0	529.7	-808.6	9413.6	-26.5	
57.35	335.8	15.0	-52.7	-0.6	150.2	16.9	239.7	76.0	539.5	-1135.8	9014.7	-46.0	
57.40	338.8	15.4	-55.7	-0.5	143.5	16.9	225.9	71.4	541.8	-1356.5	8509.4	-51.9	
57.45	341.8	15.6	-56.5	-0.6	136.1	16.9	202.5	57.2	528.8	-1352.4	8030.8	-46.0	
57.50	344.8	15.7	-54.3	-0.7	128.8	16.9	188.3	36.8	525.0	-1219.0	7548.5	-44.4	
57.55	347.8	15.9	-53.7	-0.7	122.9	16.8	192.1	23.3	541.8	-853.4	7131.7	-63.4	
57.60	350.8	16.2	-56.6	-0.5	118.9	16.8	196.6	-1.4	556.3	-217.3	6859.0	-98.4	
57.65	353.7	16.5	-59.1	-0.3	118.9	16.8	196.3	-23.8	546.9	197.7	6863.7	-113.4	
57.70	356.7	16.5	-53.0	-0.1	120.3	16.8	197.1	-19.6	535.8	222.7	6973.0	-90.6	
57.75	359.7	16.3	23.5	0.1	-121.4	16.8	204.1	-2.4	545.4	127.5	7038.2	-66.8	
57.80	2.7	15.9	18.1	0.3	-122.9	16.8	214.3	-5.9	559.1	225.1	7108.4	-77.0	
57.85	5.7	15.5	10.9	0.3	-122.3	16.8	214.0	-31.2	564.3	625.0	7027.3	-84.8	
57.90	8.7	15.8	7.1	0.2	-119.5	16.8	206.6	-52.9	567.8	1168.9	6747.3	-82.0	
57.95	11.7	16.3	-63.2	-0.0	114.5	16.8	195.0	-72.9	578.1	1746.9	6237.7	-81.8	
58.00	14.7	15.9	-65.3	-0.1	110.9	16.8	181.7	-95.6	588.6	2400.4	5721.1	-95.3	
58.05	17.8	15.7	-63.7	-0.1	108.4	16.8	161.6	-124.0	588.9	2936.3	5259.9	-109.7	
58.10	20.8	15.6	-58.1	-0.0	105.4	16.8	142.5	-143.2	586.9	3150.1	4865.8	-108.0	
58.15	23.9	15.5	4.5	0.0	-101.8	16.8	132.9	-149.6	594.6	3193.7	4509.7	-94.0	
58.20	26.9	15.8	3.5	0.0	-102.3	16.8	133.8	-156.9	606.2	3450.8	4329.1	-89.7	
58.25	29.9	16.0	1.5	0.0	-108.6	16.8	139.7	-170.5	616.7	4112.3	4320.7	-102.9	
58.30	33.0	15.6	5.8	0.1	-114.3	16.8	143.2	-188.5	624.8	4704.9	4256.4	-102.4	
58.35	36.0	15.7	14.0	0.2	-119.1	16.8	146.4	-207.0	633.4	5216.3	4120.0	-81.5	
58.40	39.0	15.8	13.9	0.2	-127.6	16.8	152.2	-225.8	642.1	5984.6	4061.9	-81.3	
58.45	42.1	15.8	6.8	0.1	-136.5	16.8	149.3	-251.0	649.2	6795.8	3911.5	-98.7	
58.50	45.1	15.5	-75.8	-0.1	137.7	16.8	134.9	-255.8	656.2	7081.0	3580.6	-99.5	
58.55	48.1	15.5	-64.6	-0.2	131.9	16.8	122.5	-239.3	663.3	6758.0	3372.4	-74.3	
58.60	51.2	16.0	-56.1	-0.3	128.3	16.8	125.7	-228.8	675.2	6361.3	3558.5	-58.2	
58.65	54.2	16.6	-66.6	-0.4	132.7	16.8	145.3	-236.2	692.3	6328.1	4139.7	-83.8	
58.70	57.3	17.1	-80.1	-0.6	138.3	16.7	167.3	-254.4	709.7	6281.2	4784.6	-116.2	
58.75	60.4	17.4	-83.0	-0.7	139.8	16.7	185.1	-248.9	729.9	5940.6	5324.0	-127.2	
58.80	63.5	18.0	-83.6	-0.8	142.1	16.7	195.1	-239.2	747.8	5613.3	5899.9	-136.8	
58.85	66.6	18.1	-90.6	-0.7	149.0	16.6	197.1	-256.8	757.2	5605.7	6533.5	-166.1	
58.90	69.7	17.9	-100.9	-0.6	157.6	16.6	205.2	-285.2	766.1	5805.1	7108.9	-198.5	
58.95	72.8	17.4	-103.8	-0.6	160.9	16.6	214.2	-295.4	783.0	5765.2	7385.2	-204.6	
59.00	75.9	17.2	-100.2	-0.5	159.1	16.5	216.9	-280.6	802.7	5509.7	7428.7	-191.0	
59.05	79.0	17.4	-98.3	-0.5	156.5	16.5	213.9	-263.6	814.7	5338.8	7352.0	-183.5	
59.10	82.0	18.2	-94.9	-0.5	152.2	16.5	208.9	-255.9	826.4	5246.4	7038.4	-179.4	
59.15	85.1	18.7	-88.1	-0.3	145.3	16.5	205.2	-255.9	854.7	5325.7	6292.0	-172.2	
59.20	88.2	18.9	-83.0	-0.3	137.5	16.5	198.5	-255.1	890.2	5476.2	5321.7	-158.7	
59.25	91.3	18.7	-74.8	-0.2	128.4	16.4	176.8	-245.4	909.0	5386.6	4464.4	-136.7	
59.30	94.4	18.0	-70.7	-0.2	121.4	16.4	141.3	-236.6	917.5	5422.9	3655.3	-117.2	
59.35	97.6	17.5	-66.0	-0.3	119.1	16.4	108.3	-249.5	934.8	5746.6	2731.8	-101.7	
59.40	100.7	17.8	-64.3	-0.3	120.4	16.4	87.2	-272.8	966.1	6138.0	1804.3	-94.8	
59.45	104.0	17.7	-38.3	-0.3	91.0	16.4	72.8	-220.3	1008.5	4126.2	1202.8	-35.7	
59.50	107.3	17.6	-52.7	-0.4	94.4	16.4	87.3	-241.1	1024.3	4155.8	1642.8	-82.5	
59.55	110.5	17.8	-70.5	-0.4	102.5	16.4	78.5	-209.8	1042.8	4605.8	2327.9	-135.0	
59.60	113.8	17.8	24.9	0.2	-99.1	16.4	98.7	-268.0	1045.3	3880.6	2691.6	-92.0	
59.65	117.0	17.9	8.6	0.7	-105.5	16.4	137.5	-194.5	1085.5	4292.8	3131.5	-134.2	
59.70	120.2	18.3	-3.8	1.0	-114.8	16.4	148.0	-193.9	1127.2	4599.5	3802.3	-171.5	
59.75	123.6	18.1	-7.4	1.3	-125.2	16.5	190.9	-288.5	1127.3	4179.4	4922.4	-183.1	
59.80	126.8	17.8	-17.2	1.4	-142.3	16.5	241.1	-246.6	1139.1	4815.7	6073.0	-225.6	
59.85	130.0	17.6	-4.8	1.6	-146.4	16.6	233.3	-238.7	1158.3	4914.9	6406.1	-180.9	
59.90	133.3	16.8	4.6	1.7	-143.8	16.7	242.8	-222.7	1168.6	4719.2	6311.2	-141.3	
59.95	136.5	16.5	1.3	1.8	-141.3	16.8	240.9	-142.4	1193.4	4925.8	6070.4	-146.9	
60.00	139.8	16.5	18.4	1.8	-129.5	16.9	187.6	-179.9	1194.5	4023.1	5709.4	-73.7	
60.05	143.2	16.1	21.9	1.9	-123.4	17.0	185.0	-173.7	1200.7	3325.5	5629.4	-53.9	
60.10	146.5	16.6	6.2	1.9	-122.8	17.1	210.5	-108.3	1241.7	3414.8	5541.2	-105.7	
60.15	149.8	17.5	7.0	1.9	-114.0	17.2	192.6	-123.4	1273.3	2748.8	5159.2	-93.1	
60.20	153.2	18.3	-2.0	1.9	-112.2	17.3	198.3	-90.6	1292.7	2237.6	5270.3	-121.3	
60.25	156.6	18.2	-12.1	2.0	-117.0	17.4	212.4	-68.9	1302.7	1627.7	5841.8	-160.2	
60.30	160.0	18.0	-8.4	2.0	-123.6	17.5	213.4	-121.6	1308.7	799.3	6444.1	-153.8	
60.35	163.4	18.4	-24.2	2.0	-134.2	17.5	250.7	-101.6	1328.3	1037.0	7130.3	-218.2	
60.40	166.8	18.3	-32.3	2.0	-141.0	17.6	274.9	-85.0	1345.3	1195.0	7565.0	-252.7	
60.45	170.2	18.4	-16.4	2.0	-139.0	17.7	254.1	-97.2	1344.8	789.7	7512.1	-195.8	
60.50	173.5	19.0	-15.0	2.0	-139.3	17.8	252.9	-54.5	1346.5	895.3	7564.0	-191.3	
60.55	177.0	19.3	-14.1	2.0	-140.8	17.9	258.1	-50.2	1348.6	527.0	7698.9	-189.6	
60.60	180.3	19.5	-6.1	2.0	-142.1	18.0	265.4	-27.0	1354.7	-48.0	7795.7	-163.3	
60.65	183.7	19.4	-2.8	2.0	-143.7	18.1	280.5	50.7	1366.2	-312.1	7848.9	-153.4	
60.70	187.2	19.5	6.1	2.0	-140.0	18.2	268.1	57.4	1368.7	-921.4	7551.9	-119.1	
60.75	190.6	19.9	12.0	2.0	-133.2	18.3	254.6	54.5	1373.1	-1011.8	7054.0	-92.0	
60.80	194.1	20.2	7.6	2.0	-124.3	18.4	241.4	69.1	1386.0	-905.4	6404.0	-98.4	
60.85	197.6	19.8	5.7	2.0	-114.9	18.5	208.6	57.5	1390.1	-1469.1	5669.2	-95.5	
60.90	201.1	19.4	3.5	2.0	-110.5	18.6	188.7	83.6	1381.5	-1774.0	5265.6	-98.3	
60.95	204.6	19.1	-5.1	2.0	-113.1	18.7	191.1	86.6	1370.0	-1907.9	5427.2	-130.6	
61.00	208.2	19.5	-10.3	2.0	-118.9	18.8	193.5	65.8	1365.5	-2309.9	5768.7	-154.4	
61.05	211.6	19.4	-9.6	2.0	-128.9	18.9	222.0	98.1	1366.7	-2603.1	6342.9	-161.8	
61.10	215.1	19.5	-3.6	2.0	-141.0	19.0	251.5	116.7	1361.5	-3027.0	7054.8	-153.4	
61.15	218.7	20.1	-5.1	2.0	-151.3	19.1	264.3	116.1	1357.1	-3303.1	7755.1	-169.0	
61.20	222.1	20.4	-9.2	2.0	-159.2	19.2	286.3	148.6	1354.4	-3244.2	8320.7	-190.9	
61.25	225.6	20.8	-3.8	2.0	-162.1	19.3	298.5	154.0	1345.1	-3384.1	8459.5	-175.1	
61.30	229.1	21.2	-0.3	2.0	-158.6	19.4	288.1	139.2	1331.8	-3327.3	8258.6	-159.4	
61.35	232.6	20.5	0.1	2.0	-155.3	19.5	282.9	158.5	1312.7	-3162.6	8063.0	-154.9	
61.40	236.1	20.1	3.6	2.0	-155.7	19.6	276.5	173.2	1285.5	-3545.9	7952.8	-143.2	
61.45	239.6	20.0	8.1	2.0	-153.9	19.7	248.6	200.0	1263.0	-4028.6	7605.1	-126.1	
61.50	243.1	20.4	10.6	2.0	-152.7	19.8	239.5	223.9	1252.1	-4404.0	7265.7	-116.3	
61.55	246.6	20.5	8.1	2.0	-151.8	19.9	244.8	217.8	1249.9	-4797.4	6938.0	-124.1	
61.60	250.1	20.5	0.2	2.0	-152.0	20.0	236.4	231.8	1241.8	-5114.0	6716.2	-151.3	
61.65	253.7	20.1	-2.4	2.0	-152.4	20.1	223.9	258.7	1219.2	-5441.4	6471.3	-160.5	
61.70	257.2	20.3	-0.8	2.0	-151.2	20.2	215.3	255.3	1192.6	-5842.2	6053.7	-154.0	
61.75	260.7	20.9	-5.5	2.0	-146.9	20.3	196.4	252.5	1173.2	-5970.4	5534.5	-165.7	
61.80	264.3	21.7	-13.4	2.0	-142.4	20.4	183.4	251.4	1155.8	-5948.4	5107.1	-188.2	
61.85	267.8	20.9	-16.3	2.0	-140.1	20.5	179.6	239.1	1132.1	-6085.5	4750.2	-195.9	
61.90	271.4	20.3	-14.9	2.0	-135.7	20.6	154.2	239.1	1112.9	-6203.7	4111.5	-186.8	
61.95	274.9	20.1	-12.8	2.0	-129.4	20.7	126.8	243.2	1103.5	-6209.2	3238.2	-173.1	
62.00	278.4	21.0	-12.0	2.0	-125.9	20.8	112.4	257.8	1089.3	-6285.4	2407.8	-167.0	
62.05	281.9	21.7	-7.4	2.0	-126.5	20.9	84.0	276.9	1069.1	-6571.4	1604.5	-151.8	
62.10	285.5	22.2	2.7	2.0	-128.9	21.0	53.8	285.1	1050.4	-6903.2	882.8	-119.5	
62.15	289.0	22.1	3.6	2.0	-127.4	21.1	59.1	280.2	1031.2	-6841.5	635.6	-115.0	
62.20	292.5	21.7	-3.4	2.0	-122.0	21.2	83.7	266.4	1020.6	-6448.5	795.0	-133.9	
62.25	296.0	21.2	-13.7	2.0	-114.5	21.3	105.6	246.2	1023.9	-5888.0	912.9	-161.4	
62.30	299.5	20.6	-16.4	2.0	-111.5	21.4	118.7	227.3	1015.1	-5655.0	1143.8	-167.7	
62.35	303.0	21.4	-14.5	2.0	-109.7	21.5	107.1	217.1	988.9	-5526.9	1384.5	-159.4	
62.40	306.5	21.5	-18.4	2.0	-105.2	21.6	89.1	199.9	961.4	-5215.8	1560.0	-168.3	
62.45	310.0	21.3	-27.6	2.0	-99.9	21.7	94.6	180.3	948.0	-4819.5	1671.8	-194.8	
62.50	313.5	21.2	-29.1	2.0	-99.3	21.8	103.2	188.3	940.0	-4685.4	1824.3	-199.4	
62.55	317.0	20.9	-22.4	2.0	-104.3	21.9	98.9	193.9	918.5	-4946.6	2192.7	-181.3	
62.60	320.5	20.9	-21.6	2.0	-106.7	22.0	100.4	165.4	881.8	-5007.0	2712.7	-180.7	
62.65	323.9	21.6	-30.0	2.0	-99.5	22.1	109.8	144.3	872.8	-4379.0	2787.4	-202.5	
62.70	327.4	21.1	-33.6	2.0	-90.1	22.2	126.9	120.6	891.9	-3708.2	2523.1	-205.3	
62.75	330.9	20.6	-33.3	2.0	-78.6	22.3	126.3	109.8	895.2	-3054.5	1963.0	-192.7	
62.80	334.3	20.0	-33.7	2.0	-63.8	22.4	102.9	95.7	864.6	-2252.2	1334.0	-179.7	
62.85	337.8	19.6	-32.2	2.0	-48.3	22.5	68.3	41.3	834.4	-1576.8	473.1	-159.0	
62.90	341.3	19.7	-26.6	2.0	-42.3	22.6	46.5	23.4	830.6	-1065.7	-699.9	-133.5	
62.95	344.7	20.0	-10.6	2.0	-55.8	22.7	15.1	34.0	838.8	-757.9	-2210.4	-92.2	
63.00	348.2	20.1	9.1	2.0	-72.9	22.8	-32.9	20.9	821.2	-526.8	-3595.0	-41.7	
63.05	351.6	20.1	23.1	2.0	-82.6	22.9	-56.9	27.2	793.6	-257.1	-4313.4	-3.1	
63.10	355.1	20.0	29.4	2.0	-84.6	23.0	-47.6	21.2	803.6	44.0	-4498.8	16.4	
63.15	358.5	19.9	24.7	2.0	-79.4	23.1	-11.8	-19.9	826.8	526.0	-4138.3	5.3	
63.20	2.0	19.7	11.7	2.0	-78.0	23.2	18.3	-57.2	822.1	1507.2	-3662.4	-37.8	
63.25	5.4	19.6	8.2	2.0	-83.7	23.3	15.5	-98.8	798.2	2217.5	-3680.2	-55.5	
63.30	8.8	19.7	19.0	2.0	-92.6	23.4	-12.7	-109.5	790.5	2339.9	-4353.6	-27.4	
63.35	12.2	19.7	25.4	2.0	-103.0	23.5	-44.3	-90.6	795.3	2447.6	-5204.7	-15.9	
63.40	15.6	19.9	25.5	2.0	-109.0	23.6	-72.7	-108.5	779.8	2418.9	-5637.5	-21.3	
63.45	19.0	20.4	14.9	2.0	-108.3	23.7	-77.2	-133.0	752.2	2486.2	-5496.4	-57.2	
63.50	22.4	20.5	14.3	2.0	-106.1	23.8	-60.5	-137.6	755.4	2628.0	-5252.5	-56.9	
63.55	25.8	20.4	19.1	2.0	-103.5	23.9	-40.3	-143.3	778.5	2408.8	-5123.5	-37.9	
63.60	29.1	20.1	27.1	2.0	-102.7	24.0	-36.1	-129.8	783.6	2200.5	-5194.0	-9.5	
63.65	32.5	20.8	30.1	2.0	-107.3	24.1	-50.4	-131.2	778.0	2277.1	-5523.0	-4.0	
63.70	35.8	20.8	31.9	2.0	-116.6	24.2	-67.8	-162.3	793.3	2480.9	-6080.1	-7.0	
63.75	39.1	20.5	34.3	2.0	-126.9	24.3	-72.7	-172.6	821.3	2928.6	-6673.9	-9.1	
63.80	42.4	20.0	35.4	2.0	-132.1	24.4	-74.3	-180.0	827.2	3327.7	-6896.1	-10.4	
63.85	45.7	20.0	33.7	2.0	-135.4	24.5	-87.2	-209.1	809.9	3662.2	-6916.5	-19.6	
63.90	49.1	20.2	31.0	2.0	-139.1	24.6	-91.8	-220.8	805.1	4039.6	-6992.4	-32.5	
63.95	52.4	20.5	36.9	2.0	-144.4	24.7	-80.8	-234.9	825.2	4306.9	-7253.1	-17.8	
64.00	55.7	20.7	45.9	2.0	-154.0	24.8	-76.6	-255.4	847.2	4703.3	-7779.7	3.4	
64.05	58.9	20.9	53.3	2.0	-165.1	24.9	-83.2	-266.1	854.7	5329.6	-8333.3	17.7	
64.10	62.2	21.0	65.0	2.0	-172.0	25.0	-100.6	-266.8	852.5	5565.2	-8777.1	51.0	
64.15	65.4	20.7	77.2	2.0	-173.7	25.1	-108.3	-257.6	854.8	5495.2	-8996.0	91.2	
64.20	68.7	20.4	84.3	2.0	-178.5	25.2	-105.3	-266.1	869.6	5758.3	-9221.2	110.9	
64.25	71.9	20.7	80.8	2.0	-187.0	25.3	-89.8	-309.4	883.0	6524.6	-9349.8	90.2	
64.30	75.2	20.7	82.0	2.0	-194.7	25.4	-94.3	-327.4	883.8	7134.3	-9557.7	87.0	
64.35	78.4	20.6	90.0	2.0	-196.1	25.5	-113.5	-318.8	875.5	7133.6	-9707.4	112.7	
64.40	81.6	20.2	95.4	2.0	-198.7	25.6	-136.3	-316.3	877.1	6970.0	-10044.9	128.7	
64.45	84.8	20.6	93.2	2.0	-204.6	25.7	-153.3	-317.3	891.6	7028.4	-10497.1	115.5	
64.50	88.0	21.0	91.5	2.0	-206.7	25.8	-159.5	-321.4	907.8	6914.2	-10730.2	107.4	
64.55	91.1	21.3	88.6	2.0	-203.2	25.9	-153.2	-314.8	915.5	6648.8	-10606.0	101.0	
64.60	94.3	21.4	85.0	2.0	-195.2	26.0	-143.0	-295.4	920.9	6297.0	-10185.7	96.5	
64.65	97.4	21.5	80.9	2.0	-184.8	26.1	-122.4	-281.7	928.2	6005.5	-9503.0	93.1	
64.70	100.5	21.7	74.9	2.0	-174.4	26.2	-94.2	-280.8	940.7	5828.1	-8706.1	82.5	
64.75	103.7	22.3	63.3	2.0	-165.5	26.3	-70.9	-286.4	950.6	5832.0	-7873.1	51.9	
64.80	106.8	22.9	54.2	2.0	-158.2	26.4	-54.8	-285.7	958.3	5840.1	-7178.6	27.8	
64.85	109.9	23.4	46.9	2.0	-152.9	26.5	-44.4	-283.2	969.7	5712.1	-6765.7	8.2	
64.90	112.9	23.6	40.5	2.0	-149.1	26.6	-41.8	-280.8	983.7	5515.4	-6554.0	-10.0	
64.95	116.0	23.6	32.0	2.0	-146.9	26.7	-39.8	-282.0	996.0	5410.0	-6405.4	-37.1	
65.00	119.1	23.5	25.5	2.0	-143.0	26.8	-34.9	-275.9	999.4	5157.7	-6251.1	-55.4	
65.05	122.1	24.2	23.4	2.0	-135.2	26.9	-31.2	-256.7	997.8	4646.4	-5977.4	-55.0	
65.10	125.2	24.6	22.8	2.0	-128.2	27.0	-22.6	-240.4	1000.8	4296.5	-5641.9	-49.8	
65.15	128.2	24.5	19.6	2.0	-126.8	27.1	-18.1	-235.7	1011.8	4230.8	-5568.7	-59.5	
65.20	131.2	24.6	18.2	2.0	-126.7	27.2	-22.2	-229.7	1021.5	4088.3	-5669.7	-64.1	
65.25	134.2	24.6	22.9	2.0	-125.9	27.3	-34.1	-211.0	1028.6	3769.6	-5874.5	-47.2	
65.30	137.1	24.4	28.5	2.0	-126.1	27.4	-45.7	-186.3	1031.2	3515.1	-6119.5	-28.4	
65.35	140.1	25.0	31.8	2.0	-126.7	27.5	-54.2	-170.7	1029.4	3332.8	-6309.0	-17.4	
65.40	143.1	25.0	34.7	2.0	-128.2	27.6	-59.4	-160.6	1029.8	3263.0	-6506.6	-9.3	
65.45	146.0	24.6	38.1	2.0	-130.9	27.7	-65.0	-152.4	1032.8	3165.2	-6789.6	-0.0	
65.50	149.0	24.1	42.1	2.0	-135.0	27.8	-73.8	-153.0	1037.7	3011.1	-7186.8	9.4	
65.55	152.0	23.8	45.0	2.0	-141.0	27.9	-86.4	-147.2	1042.1	2930.3	-7698.6	13.6	
65.60	154.9	23.7	51.5	2.0	-146.2	28.0	-95.7	-136.1	1044.8	2799.7	-8176.5	30.4	
65.65	157.8	24.6	56.2	2.0	-152.0	28.1	-104.8	-136.7	1045.2	2800.4	-8622.5	40.9	
65.70	160.7	24.9	62.1	2.0	-157.0	28.2	-117.9	-127.3	1034.5	2716.5	-9044.6	56.2	
65.75	163.6	24.9	70.9	2.0	-159.8	28.3	-131.3	-104.0	1017.4	2228.7	-9428.4	83.7	
65.80	166.5	24.8	80.2	2.0	-163.4	28.4	-144.4	-82.9	1007.3	1641.1	-9837.8	111.8	
65.85	169.4	25.0	84.8	2.0	-167.1	28.5	-150.7	-73.9	1008.1	1335.5	-10160.2	124.1	
65.90	172.2	25.2	86.8	2.0	-168.6	28.6	-151.6	-73.9	1009.9	1233.2	-10288.0	129.5	
65.95	175.0	24.5	83.3	2.0	-162.8	28.7	-133.3	-55.3	1004.9	949.6	-9946.6	123.2	
66.00	177.9	24.1	76.7	2.0	-153.5	28.8	-107.0	-31.6	1002.6	523.7	-9370.8	109.7	
66.05	180.6	23.8	66.3	2.0	-144.5	28.9	-85.9	-20.4	1001.5	98.6	-8778.7	83.1	
66.10	183.4	23.8	58.2	2.0	-138.6	29.0	-83.1	-5.5	985.5	-581.9	-8334.2	61.1	
66.15	186.2	23.7	56.3	2.0	-134.7	29.1	-84.6	28.3	960.6	-1593.8	-7903.7	58.5	
66.20	188.9	23.7	54.4	2.0	-133.7	29.2	-83.2	65.5	950.6	-2571.6	-7521.0	53.0	
66.25	191.7	23.9	44.7	2.0	-131.8	29.3	-75.3	83.5	953.9	-3152.6	-7113.9	21.6	
66.30	194.4	24.0	28.4	2.0	-128.1	29.4	-67.1	83.5	949.9	-3453.9	-6675.9	-30.6	
66.35	197.2	23.9	15.6	2.0	-123.0	29.5	-56.1	75.3	937.3	-3697.9	-6159.8	-69.4	
66.40	199.9	23.7	7.4	2.0	-118.8	29.6	-39.7	82.4	931.8	-3920.6	-5643.1	-93.2	
66.45	202.6	23.4	4.1	2.0	-115.3	29.7	-19.9	106.3	931.6	-4164.6	-5065.2	-101.3	
66.50	205.2	23.5	3.8	2.0	-110.6	29.8	-0.3	124.7	918.1	-4457.9	-4262.3	-97.7	
66.55	207.9	23.8	3.3	2.0	-106.2	29.9	17.3	140.3	897.3	-4702.0	-3389.2	-94.9	
66.60	210.5	23.6	5.0	2.0	-102.4	30.0	34.3	144.3	890.6	-4821.5	-2645.3	-85.4	
66.65	213.2	23.8	5.0	2.0	-97.9	30.1	49.9	147.2	893.0	-4689.6	-2093.1	-80.9	
66.70	215.8	24.2	2.1	2.0	-91.6	30.2	54.4	150.0	884.0	-4292.7	-1780.1	-84.2	
66.75	218.4	24.5	0.3	2.0	-85.0	30.3	47.0	137.8	865.6	-3829.9	-1728.5	-84.0	
66.80	221.1	24.7	-0.4	2.0	-80.8	30.4	40.0	131.1	854.3	-3469.3	-1824.1	-82.2	
66.85	223.7	25.0	-1.9	2.0	-79.4	30.5	43.9	132.3	852.9	-3361.8	-1797.2	-86.0	
66.90	226.3	25.4	1.7	2.0	-79.8	30.6	50.9	134.9	840.1	-3531.7	-1493.0	-74.0	
66.95	228.9	25.1	6.8	2.0	-83.3	30.7	49.3	150.9	810.7	-3920.7	-1126.7	-59.8	
67.00	231.5	25.0	12.4	2.0	-87.8	30.8	43.0	174.0	786.4	-4278.8	-924.7	-45.0	
67.05	234.0	25.2	16.0	2.0	-88.8	30.9	39.3	181.3	780.8	-4334.1	-985.2	-33.9	
67.10	236.6	25.8	15.3	2.0	-84.5	31.0	42.0	174.7	777.1	-3999.4	-1065.0	-32.2	
67.15	239.1	25.8	9.9	2.0	-79.0	31.1	45.9	167.2	756.5	-3639.6	-912.0	-45.1	
67.20	241.7	25.3	6.0	2.0	-76.6	31.2	49.9	162.9	728.2	-3551.5	-581.3	-56.0	
67.25	244.2	24.4	4.6	2.0	-77.8	31.3	59.0	169.8	705.8	-3670.1	-263.1	-62.0	
67.30	246.7	24.4	6.0	2.0	-81.2	31.4	65.4	179.5	690.7	-3912.8	-196.4	-60.6	
67.35	249.2	24.8	9.8	2.0	-86.8	31.5	60.0	184.1	670.3	-4336.8	-371.0	-53.3	
67.40	251.7	24.5	16.0	2.0	-95.1	31.6	43.2	202.8	641.3	-4914.6	-666.7	-40.3	
67.45	254.2	24.1	21.1	2.0	-103.1	31.7	28.0	231.2	621.8	-5413.9	-1006.4	-30.7	
67.50	256.7	23.6	22.5	2.0	-108.4	31.8	27.3	241.3	617.5	-5758.7	-1219.2	-31.3	
67.55	259.2	22.4	18.8	2.0	-109.1	31.9	41.4	232.0	612.6	-5854.6	-1124.0	-44.4	
67.60	261.7	21.9	11.3	2.0	-107.6	32.0	57.3	222.4	596.2	-5832.4	-753.7	-68.9	
67.65	264.2	21.7	5.4	2.0	-107.6	32.1	67.2	217.8	571.7	-5891.4	-374.5	-89.0	
67.70	266.7	21.6	2.8	2.0	-109.6	32.2	67.0	224.7	555.1	-6034.8	-374.9	-99.9	
67.75	269.2	22.8	8.1	2.0	-114.1	32.3	57.2	236.7	544.4	-6326.8	-715.9	-86.3	
67.80	271.7	23.6	14.9	2.0	-119.0	32.4	43.7	242.6	531.5	-6652.1	-1096.1	-68.0	
67.85	274.2	23.4	15.7	2.0	-121.3	32.5	33.0	244.2	515.9	-6797.0	-1344.3	-67.4	
67.90	276.6	22.9	11.9	2.0	-120.4	32.6	30.8	239.4	504.2	-6727.1	-1474.5	-79.7	
67.95	279.1	22.7	9.0	2.0	-117.5	32.7	36.6	222.0	497.3	-6523.3	-1612.2	-86.6	
68.00	281.5	22.7	10.4	2.0	-114.1	32.8	39.1	206.6	488.5	-6212.9	-1938.5	-78.5	
68.05	283.9	22.7	16.2	2.0	-112.1	32.9	28.0	201.5	471.3	-5912.6	-2436.2	-56.4	
68.10	286.3	22.8	26.4	2.0	-113.2	33.0	6.0	202.6	447.9	-5763.7	-3002.7	-22.7	
68.15	288.7	23.1	38.4	2.0	-115.9	33.1	-16.2	210.6	424.3	-5679.3	-3546.8	16.0	
68.20	291.0	23.8	49.0	2.0	-117.9	33.2	-28.1	212.7	409.8	-5588.2	-3954.2	50.2	
68.25	293.4	24.0	56.3	2.0	-117.5	33.3	-25.7	206.1	405.1	-5464.4	-4110.5	75.8	
68.30	295.7	23.9	56.2	2.0	-112.4	33.4	-16.8	199.3	394.8	-5105.4	-3996.2	80.4	
68.35	298.0	23.9	51.6	2.0	-105.3	33.5	-9.2	189.6	376.1	-4674.8	-3746.8	71.9	
68.40	300.3	23.9	49.8	2.0	-99.3	33.6	-2.4	176.4	354.6	-4355.7	-3507.9	71.8	
68.45	302.6	23.9	47.8	2.0	-94.2	33.7	5.5	164.0	342.8	-3974.1	-3427.3	69.8	
68.50	304.8	23.6	40.3	2.0	-88.8	33.8	11.3	142.0	338.0	-3505.4	-3432.6	49.6	
68.55	307.1	23.8	32.5	2.0	-85.1	33.9	6.4	127.5	321.5	-3261.7	-3366.6	26.4	
68.60	309.4	23.8	29.9	2.0	-84.8	34.0	-6.7	133.7	291.4	-3451.5	-3142.0	17.9	
68.65	311.6	23.0	31.4	2.0	-85.4	34.1	-14.5	141.9	267.8	-3780.7	-2802.1	22.6	
68.70	313.8	22.8	24.7	2.0	-82.0	34.2	-8.1	140.1	257.7	-3755.1	-2418.1	2.6	
68.75	316.0	22.4	13.9	2.0	-75.9	34.3	3.8	133.4	251.2	-3451.6	-2070.0	-28.1	
68.80	318.2	21.1	7.3	2.0	-70.2	34.4	15.0	120.7	236.8	-3258.4	-1629.0	-45.3	
68.85	320.4	20.4	3.8	2.0	-65.7	34.5	22.7	108.3	222.1	-3113.7	-1224.5	-52.5	
68.90	322.6	20.3	-0.4	2.0	-61.0	34.6	30.2	97.9	216.5	-2843.0	-1004.8	-62.4	
68.95	324.8	20.8	-1.4	2.0	-60.7	34.7	31.6	97.2	213.1	-2819.7	-1007.4	-65.6	
69.00	326.9	21.2	5.8	2.0	-66.7	34.8	23.8	122.2	197.1	-3235.9	-1029.1	-46.8	
69.05	329.1	21.6	14.7	2.0	-73.1	34.9	14.2	142.9	178.0	-3714.3	-980.5	-22.6	
69.10	331.3	22.0	11.2	2.0	-71.9	35.0	14.4	131.7	169.7	-3687.9	-875.8	-33.6	
69.15	333.5	21.7	3.1	2.0	-64.6	35.1	15.1	101.0	168.3	-3180.3	-976.2	-53.9	
69.20	335.6	21.9	-1.6	2.0	-60.6	35.2	11.2	80.2	162.7	-2801.3	-1304.5	-66.0	
69.25	337.8	22.6	3.3	2.0	-61.8	35.3	3.7	77.2	153.4	-2685.1	-1741.8	-50.5	
69.30	339.9	22.3	4.0	2.0	-63.1	35.4	-3.3	67.6	149.5	-2505.8	-2188.7	-49.5	
69.35	342.0	21.8	4.0	2.0	-63.2	35.5	-6.3	46.9	149.0	-2284.0	-2511.0	-49.3	
69.40	344.1	21.0	6.8	2.0	-64.7	35.6	-7.0	40.6	142.7	-2305.3	-2682.6	-41.3	
69.45	346.2	20.6	13.3	2.0	-66.6	35.7	-4.8	49.8	129.3	-2510.9	-2666.9	-21.1	
69.50	348.3	20.7	17.5	2.0	-65.4	35.8	-1.2	46.9	121.5	-2477.1	-2597.3	-5.5	
69.55	350.4	21.0	15.8	2.0	-60.9	35.9	-0.5	26.9	121.4	-1982.9	-2647.2	-6.7	
69.60	352.5	20.2	12.1	2.0	-56.6	36.0	0.5	2.2	120.7	-1360.6	-2731.6	-15.0	
69.65	354.5	19.9	11.8	2.0	-54.7	36.1	4.9	-18.2	117.9	-828.6	-2735.6	-14.3	
69.70	356.6	19.9	10.3	2.0	-53.0	36.2	11.2	-35.0	118.5	-276.5	-2667.1	-17.5	
69.75	358.6	19.7	9.3	2.0	-49.9	36.3	23.0	-53.7	120.5	188.1	-2370.0	-17.9	
69.80	0.6	19.9	8.2	2.0	-44.5	36.4	38.8	-67.6	116.6	487.4	-1852.1	-16.2	
69.85	2.7	20.3	7.3	2.0	-38.9	36.5	53.4	-72.6	108.1	644.2	-1315.5	-14.0	
69.90	4.8	21.0	7.4	2.0	-36.5	36.6	64.1	-83.1	102.1	786.7	-955.7	-11.2	
69.95	6.8	21.5	7.0	2.0	-41.5	36.7	57.5	-100.1	104.9	1092.1	-1145.3	-17.5	
70.00	8.9	21.9	7.9	2.0	-50.7	36.8	34.6	-116.5	107.4	1397.6	-1778.0	-23.7	
70.05	10.9	22.2	13.2	2.0	-59.8	36.9	8.8	-124.7	103.7	1562.4	-2494.2	-14.4	
70.10	12.9	21.9	18.2	2.0	-66.6	37.0	-5.2	-125.3	101.2	1774.0	-2974.3	-4.3	
70.15	14.9	21.5	19.5	2.0	-71.1	37.1	-5.5	-135.2	102.4	2069.7	-3157.3	-4.3	
70.20	16.9	21.6	21.1	2.0	-73.9	37.2	-2.7	-142.6	102.2	2323.2	-3213.5	-1.6	
70.25	18.9	21.2	27.7	2.0	-74.6	37.3	-4.8	-134.6	95.1	2376.5	-3274.9	20.3	
70.30	20.9	21.1	36.1	2.0	-74.1	37.4	-8.8	-126.4	88.9	2254.7	-3348.5	49.8	
70.35	22.8	22.2	39.6	2.0	-76.8	37.5	-13.1	-126.4	93.2	2348.2	-3528.9	59.0	
70.40	24.8	22.2	37.5	2.0	-82.5	37.6	-19.6	-133.0	100.7	2706.5	-3766.7	46.1	
70.45	26.7	21.8	35.6	2.0	-87.7	37.7	-22.3	-151.7	101.4	3158.9	-3842.3	34.7	
70.50	28.6	21.4	33.4	2.0	-91.3	37.8	-16.0	-172.6	100.7	3647.8	-3697.4	23.3	
70.55	30.6	21.5	27.4	2.0	-92.8	37.9	-0.9	-191.8	104.2	4056.5	-3326.1	1.4	
70.60	32.5	21.7	20.7	2.0	-93.7	38.0	9.4	-212.6	108.5	4328.7	-2974.0	-22.8	
70.65	34.4	22.0	18.9	2.0	-93.3	38.1	11.1	-223.6	105.0	4389.6	-2769.8	-28.3	
70.70	36.3	22.1	22.0	2.0	-90.6	38.2	5.3	-213.8	101.3	4191.8	-2762.8	-15.0	
70.75	38.2	22.2	25.1	2.0	-88.4	38.3	4.0	-204.9	106.6	4061.5	-2700.3	-2.4	
70.80	40.0	22.3	20.1	2.0	-89.6	38.4	7.6	-209.8	118.0	4229.7	-2554.8	-20.5	
70.85	41.9	21.6	13.4	2.0	-90.4	38.5	10.0	-222.6	124.8	4357.5	-2371.9	-44.3	
70.90	43.7	21.1	11.8	2.0	-89.9	38.6	11.0	-232.5	123.8	4357.5	-2219.5	-49.4	
70.95	45.6	20.9	10.9	2.0	-91.2	38.7	13.7	-238.5	128.8	4449.5	-2207.2	-53.8	
71.00	47.4	21.0	10.7	2.0	-94.1	38.8	13.5	-242.1	141.4	4591.7	-2377.2	-57.4	
71.05	49.3	21.1	14.3	2.0	-94.5	38.9	1.2	-237.6	145.6	4472.4	-2678.4	-45.6	
71.10	51.1	21.1	18.6	2.0	-92.8	39.0	-17.3	-229.1	139.4	4111.0	-3035.6	-28.8	
71.15	53.0	21.5	22.0	2.0	-94.3	39.1	-33.2	-227.1	139.8	3960.6	-3407.7	-19.0	
71.20	54.8	21.8	20.7	2.0	-99.2	39.2	-35.4	-236.5	148.6	4228.1	-3610.6	-28.0	
71.25	56.6	22.1	23.2	2.0	-104.3	39.3	-28.1	-246.2	156.8	4690.5	-3605.6	-24.7	
71.30	58.4	22.4	24.2	2.0	-107.7	39.4	-19.1	-251.3	157.7	5057.8	-3513.2	-24.7	
71.35	60.2	22.7	27.9	2.0	-110.9	39.5	-14.3	-259.2	160.2	5347.7	-3467.9	-15.1	
71.40	62.0	23.2	29.3	2.0	-114.7	39.6	-11.1	-272.3	166.9	5623.4	-3494.3	-14.2	
71.45	63.8	23.7	30.0	2.0	-116.0	39.7	-13.5	-272.4	172.7	5657.9	-3621.2	-13.1	
71.50	65.6	24.2	34.3	2.0	-114.6	39.8	-23.7	-262.2	173.2	5442.7	-3801.0	3.2	
71.55	67.3	24.5	36.7	2.0	-113.7	39.9	-33.8	-255.2	174.1	5252.7	-3965.5	12.3	
71.60	69.1	24.3	34.5	2.0	-114.8	40.0	-42.1	-255.7	181.3	5209.0	-4150.5	3.7	
71.65	70.9	23.9	29.1	2.0	-115.9	40.1	-51.2	-256.5	192.0	5113.7	-4370.5	-16.0	
71.70	72.6	23.6	25.6	2.0	-115.3	40.2	-55.5	-257.5	198.9	4964.7	-4450.1	-27.4	
71.75	74.3	23.2	25.1	2.0	-115.1	40.3	-58.0	-262.3	206.5	4871.2	-4495.4	-28.9	
71.80	76.1	23.1	22.9	2.0	-115.4	40.4	-58.8	-263.1	217.5	4862.7	-4522.9	-36.8	
71.85	77.8	22.8	22.5	2.0	-114.4	40.5	-56.7	-257.7	227.5	4820.2	-4472.6	-37.2	
71.90	79.5	22.3	23.7	2.0	-112.1	40.6	-55.0	-252.6	234.4	4691.1	-4368.5	-30.9	
71.95	81.2	22.1	25.8	2.0	-111.2	40.7	-54.5	-256.3	240.9	4686.8	-4253.8	-22.6	
72.00	82.9	21.6	25.1	2.0	-112.2	40.8	-48.2	-262.8	251.8	4878.9	-4115.9	-26.2	
72.05	84.6	20.9	22.9	2.0	-113.2	40.9	-33.1	-269.4	262.8	5124.7	-3892.0	-34.6	
72.10	86.4	20.6	22.6	2.0	-113.9	41.0	-23.1	-272.5	270.3	5306.7	-3718.4	-36.2	
72.15	88.1	20.2	21.7	2.0	-115.2	41.1	-25.2	-273.0	277.6	5399.2	-3746.2	-40.6	
72.20	89.8	19.8	21.8	2.0	-115.2	41.2	-30.1	-273.8	284.7	5317.9	-3845.1	-40.4	
72.25	91.5	19.4	21.2	2.0	-111.8	41.3	-37.1	-259.3	286.4	5046.5	-3842.1	-39.0	
72.30	93.2	19.7	21.7	2.0	-107.9	41.4	-46.7	-243.0	286.9	4717.0	-3843.2	-33.3	
72.35	94.9	20.2	22.6	2.0	-105.8	41.5	-50.6	-241.1	290.4	4524.7	-3833.6	-28.2	
72.40	96.6	20.6	19.8	2.0	-105.7	41.6	-48.6	-243.3	297.7	4500.1	-3829.9	-37.8	
72.45	98.3	20.7	17.5	2.0	-105.1	41.7	-44.5	-242.3	304.3	4465.7	-3796.8	-45.0	
72.50	100.0	21.0	16.5	2.0	-103.5	41.8	-40.1	-246.2	309.7	4356.0	-3720.4	-46.7	
72.55	101.7	21.5	15.5	2.0	-102.6	41.9	-41.4	-247.0	312.3	4337.1	-3627.5	-49.2	
72.60	103.4	22.3	15.1	2.0	-102.6	42.0	-44.4	-245.5	315.4	4395.0	-3565.6	-51.0	
72.65	105.0	22.6	15.7	2.0	-103.1	42.1	-43.8	-249.7	321.9	4429.9	-3552.8	-49.1	
72.70	106.7	22.2	15.7	2.0	-104.1	42.2	-42.5	-247.8	329.1	4545.4	-3528.3	-50.4	
72.75	108.4	21.9	15.3	2.0	-105.6	42.3	-37.0	-250.4	335.1	4793.5	-3374.0	-53.0	
72.80	110.0	21.7	14.4	2.0	-108.1	42.4	-21.6	-269.1	342.5	5164.4	-3036.6	-58.5	
72.85	111.6	21.5	15.1	2.0	-111.3	42.5	-8.3	-279.7	351.8	5532.4	-2790.7	-59.4	
72.90	113.3	21.2	16.9	2.0	-112.1	42.6	-1.2	-277.3	359.6	5649.7	-2705.7	-54.2	
72.95	114.9	21.0	19.7	2.0	-111.6	42.7	-3.0	-273.6	366.1	5560.6	-2807.9	-44.1	
73.00	116.5	20.9	21.5	2.0	-112.6	42.8	-18.5	-265.4	372.2	5497.3	-3129.4	-38.8	
73.05	118.1	20.8	23.2	2.0	-113.2	42.9	-36.5	-255.9	377.6	5345.9	-3491.6	-33.6	
73.10	119.7	21.4	25.2	2.0	-110.9	43.0	-43.6	-247.4	382.7	5031.3	-3675.4	-24.3	
73.15	121.3	21.8	26.1	2.0	-108.1	43.1	-44.7	-231.8	389.5	4768.4	-3729.7	-18.4	
73.20	122.9	21.4	22.5	2.0	-105.3	43.2	-39.9	-227.2	395.8	4618.2	-3604.2	-28.0	
73.25	124.5	21.8	18.6	2.0	-101.6	43.3	-31.3	-229.4	399.1	4448.7	-3348.7	-37.6	
73.30	126.1	22.3	16.4	2.0	-97.7	43.4	-26.5	-223.1	401.6	4248.0	-3159.2	-41.4	
73.35	127.7	22.7	15.0	2.0	-94.3	43.5	-24.2	-217.1	406.1	4002.1	-3078.8	-42.7	
73.40	129.3	23.3	13.5	2.0	-92.2	43.6	-25.0	-212.9	411.6	3802.9	-3091.9	-46.0	
73.45	130.9	23.3	12.0	2.0	-91.5	43.7	-28.1	-210.7	415.5	3753.4	-3064.1	-50.2	
73.50	132.5	22.6	10.3	2.0	-88.8	43.8	-19.8	-212.4	415.3	3773.8	-2704.5	-53.3	
73.55	134.1	22.4	7.9	2.0	-85.3	43.9	-1.2	-216.0	417.2	3783.2	-2188.5	-58.2	
73.60	135.7	22.5	4.5	2.0	-82.4	44.0	17.2	-214.4	421.8	3768.0	-1724.4	-66.9	
73.65	137.3	22.9	2.5	2.0	-79.8	44.1	27.0	-213.6	423.6	3687.2	-1418.2	-71.4	
73.70	138.9	22.8	2.4	2.0	-76.9	44.2	27.6	-208.7	422.3	3491.6	-1339.4	-68.8	
73.75	140.4	23.1	4.8	2.0	-74.7	44.3	16.7	-196.9	425.0	3238.1	-1596.5	-58.2	
73.80	142.0	23.7	7.8	2.0	-74.4	44.4	1.5	-183.0	431.7	2987.1	-2059.8	-47.5	
73.85	143.5	24.2	9.5	2.0	-75.5	44.5	-10.5	-175.1	435.4	2773.7	-2497.4	-42.9	
73.90	145.1	24.2	10.1	2.0	-76.1	44.6	-16.2	-168.9	438.7	2619.6	-2742.4	-41.4	
73.95	146.6	23.7	11.3	2.0	-75.5	44.7	-14.6	-167.1	444.8	2536.7	-2758.1	-36.7	
74.00	148.1	22.9	11.8	2.0	-73.7	44.8	-8.9	-164.5	450.7	2455.5	-2652.8	-33.1	
74.05	149.6	22.9	12.3	2.0	-71.7	44.9	-5.5	-156.1	453.6	2353.7	-2571.3	-29.5	
74.10	151.1	23.5	13.4	2.0	-70.9	45.0	-3.8	-148.1	456.1	2335.6	-2533.7	-25.0	
74.15	152.6	24.7	14.3	2.0	-71.9	45.1	-1.4	-150.5	464.2	2458.6	-2505.7	-22.7	
74.20	154.1	25.1	13.3	2.0	-73.3	45.2	3.9	-157.0	471.7	2722.4	-2341.5	-27.8	
74.25	155.6	25.2	12.1	2.0	-72.8	45.3	13.3	-157.4	471.7	2943.0	-1984.9	-31.4	
74.30	157.1	25.2	9.4	2.0	-70.0	45.4	30.9	-156.1	468.9	3024.4	-1408.8	-37.6	
74.35	158.6	25.7	6.5	2.0	-68.7	45.5	49.1	-155.7	471.8	3113.7	-830.3	-46.6	
74.40	160.0	26.2	4.0	2.0	-68.9	45.6	62.4	-160.2	477.2	3194.5	-326.3	-55.3	
74.45	161.5	26.4	3.3	2.0	-67.0	45.7	68.8	-158.3	476.1	3059.0	66.0	-55.7	
74.50	163.0	26.7	2.3	2.0	-62.5	45.8	67.4	-142.7	469.7	2755.8	264.7	-54.7	
74.55	164.5	27.0	1.3	2.0	-58.0	45.9	61.9	-128.4	469.6	2459.3	268.9	-53.6	
74.60	165.9	27.4	-1.5	2.0	-56.0	46.0	57.9	-126.6	474.5	2312.4	247.2	-61.0	
74.65	167.4	27.8	-3.9	2.0	-55.2	46.1	56.1	-125.0	474.2	2247.8	352.5	-68.6	
74.70	168.9	28.2	-3.8	2.0	-53.7	46.2	59.6	-118.6	468.5	2090.6	623.2	-66.8	
74.75	170.3	28.7	-3.1	2.0	-52.8	46.3	68.9	-109.8	468.8	1893.2	960.8	-63.4	
74.80	171.8	28.8	-4.1	2.0	-53.9	46.4	79.8	-103.5	475.2	1806.0	1251.9	-67.9	
74.85	173.2	28.9	-3.9	2.0	-54.6	46.5	85.0	-98.5	476.8	1721.7	1441.1	-68.0	
74.90	174.6	29.0	-2.8	2.0	-54.3	46.6	85.5	-93.6	472.6	1639.2	1528.6	-63.8	
74.95	176.1	28.7	-0.9	2.0	-53.8	46.7	84.2	-87.4	471.3	1654.8	1481.9	-57.0	
75.00	177.5	28.7	-1.2	2.0	-54.5	46.8	85.6	-87.9	474.1	1794.0	1382.7	-58.8	
75.05	178.9	29.1	-2.0	2.0	-53.3	46.9	82.5	-85.8	473.5	1836.8	1184.6	-60.3	
75.10	180.3	28.9	-1.8	2.0	-49.0	47.0	74.5	-77.2	469.0	1658.3	926.4	-55.2	
75.15	181.7	28.6	1.1	2.0	-43.1	47.1	66.1	-68.5	467.4	1343.1	645.7	-39.4	
75.20	183.2	28.1	2.8	2.0	-37.9	47.2	64.0	-57.8	468.3	1014.7	470.3	-28.4	
75.25	184.6	28.0	2.1	2.0	-32.0	47.3	62.1	-40.5	467.4	625.1	329.7	-24.8	
75.30	186.0	27.5	1.4	2.0	-27.1	47.4	62.8	-21.9	462.2	239.7	269.7	-22.1	
75.35	187.4	26.6	2.6	2.0	-24.9	47.5	64.2	-15.5	457.4	5.1	200.2	-16.1	
75.40	188.8	26.0	1.9	2.0	-23.9	47.6	61.4	-16.4	456.0	-132.6	18.1	-17.3	
75.45	190.2	25.8	1.4	2.0	-27.5	47.7	53.2	-12.4	453.7	-346.7	-258.6	-22.8	
75.50	191.6	25.8	3.1	2.0	-32.8	47.8	44.5	0.1	448.1	-712.2	-496.6	-22.2	
75.55	193.0	25.3	5.3	2.0	-37.5	47.9	40.8	12.7	444.2	-1061.5	-626.0	-19.2	
75.60	194.4	25.0	6.1	2.0	-39.6	48.0	43.2	15.3	442.4	-1232.4	-638.7	-18.7	
75.65	195.8	25.0	5.4	2.0	-40.1	48.1	51.4	10.6	438.6	-1311.1	-510.9	-21.7	
75.70	197.2	25.3	5.2	2.0	-41.0	48.2	57.6	13.7	432.8	-1402.2	-404.0	-23.2	
75.75	198.6	25.8	8.5	2.0	-43.4	48.3	58.0	26.1	429.2	-1569.2	-451.9	-14.2	
75.80	199.9	26.2	13.4	2.0	-46.8	48.4	55.8	35.4	427.7	-1798.7	-565.3	-0.8	
75.85	201.3	25.3	16.5	2.0	-50.0	48.5	48.3	42.5	426.5	-1999.4	-752.2	6.6	
75.90	202.7	25.6	19.2	2.0	-53.1	48.6	42.1	50.1	426.6	-2198.7	-871.2	12.7	
75.95	204.0	26.0	20.8	2.0	-54.9	48.7	44.9	55.0	425.7	-2366.4	-747.3	16.7	
76.00	205.4	25.9	20.6	2.0	-55.0	48.8	51.4	62.7	423.7	-2411.5	-497.9	15.6	
76.05	206.7	25.5	18.7	2.0	-53.6	48.9	58.7	63.2	420.9	-2336.5	-212.9	10.6	
76.10	208.1	25.1	16.0	2.0	-52.1	49.0	63.3	57.1	417.3	-2239.4	15.0	2.8	
76.15	209.4	24.7	13.5	2.0	-51.4	49.1	64.0	57.0	414.8	-2180.3	149.2	-5.2	
76.20	210.7	25.3	12.6	2.0	-52.0	49.2	64.4	62.7	414.9	-2199.5	297.1	-8.7	
76.25	212.1	25.8	11.3	2.0	-53.6	49.3	65.8	66.5	411.4	-2264.7	560.4	-14.7	
76.30	213.4	26.2	9.0	2.0	-54.8	49.4	67.8	73.0	403.3	-2247.0	869.5	-23.8	
76.35	214.7	26.2	8.8	2.0	-56.7	49.5	76.2	75.2	397.3	-2216.8	1226.0	-26.6	
76.40	216.0	26.4	10.0	2.0	-60.3	49.6	91.4	75.4	395.4	-2238.7	1647.4	-26.1	
76.45	217.2	26.5	9.2	2.0	-63.4	49.7	98.4	82.0	389.7	-2236.6	1976.2	-31.6	
76.50	218.5	26.0	9.0	2.0	-65.4	49.8	94.7	91.1	376.8	-2273.6	2166.9	-34.6	
76.55	219.8	26.2	11.3	2.0	-66.8	49.9	88.1	100.0	366.1	-2387.6	2202.2	-28.1	
76.60	221.1	26.6	14.6	2.0	-67.2	50.0	83.6	112.4	364.8	-2491.8	2097.2	-17.1	
76.65	222.4	26.2	16.8	2.0	-68.4	50.1	82.0	124.8	363.5	-2606.0	2062.8	-10.9	
76.70	223.7	25.8	18.0	2.0	-71.3	50.2	83.9	129.0	354.0	-2717.5	2266.2	-9.4	
76.75	225.0	25.6	16.6	2.0	-72.8	50.3	84.8	129.9	342.5	-2691.5	2479.4	-15.8	
76.80	226.3	25.6	15.6	2.0	-73.1	50.4	92.4	125.0	337.2	-2575.4	2635.7	-19.4	
76.85	227.6	25.2	16.5	2.0	-73.0	50.5	103.8	117.9	337.0	-2479.7	2710.7	-16.4	
76.90	228.9	24.7	15.5	2.0	-70.4	50.6	103.1	118.7	333.8	-2340.8	2573.2	-17.2	
76.95	230.2	24.6	14.5	2.0	-67.1	50.7	92.4	121.5	325.1	-2258.3	2333.9	-17.4	
77.00	231.5	25.2	14.9	2.0	-65.5	50.8	83.6	120.1	317.7	-2351.9	2092.3	-14.2	
77.05	232.8	25.4	17.4	2.0	-64.9	50.9	76.1	126.8	316.9	-2549.3	1756.5	-5.0	
77.10	234.1	25.0	19.7	2.0	-65.4	51.0	71.3	136.1	315.6	-2758.3	1465.5	2.3	
77.15	235.3	24.2	20.6	2.0	-66.4	51.1	68.8	138.0	307.5	-2919.0	1312.5	4.5	
77.20	236.6	24.2	20.2	2.0	-66.2	51.2	64.5	138.1	299.0	-2998.4	1111.6	3.3	
77.25	237.9	24.5	20.4	2.0	-66.2	51.3	58.9	139.8	294.3	-3100.4	801.8	3.8	
77.30	239.1	24.0	22.7	2.0	-68.1	51.4	52.8	143.7	290.8	-3317.3	420.4	9.7	
77.35	240.3	24.1	25.7	2.0	-71.0	51.5	41.2	153.0	282.6	-3557.2	-10.7	17.4	
77.40	241.6	24.3	28.8	2.0	-74.3	51.6	27.2	163.1	270.8	-3775.8	-384.0	24.5	
77.45	242.8	24.0	32.5	2.0	-78.2	51.7	21.3	175.4	260.7	-4025.9	-573.5	33.4	
77.50	244.0	23.9	36.6	2.0	-83.0	51.8	22.7	186.6	251.2	-4362.0	-581.5	42.7	
77.55	245.1	23.8	39.6	2.0	-86.9	51.9	26.8	193.7	240.5	-4657.9	-498.4	49.0	
77.60	246.3	23.3	37.7	2.0	-87.3	52.0	32.1	189.5	233.2	-4710.3	-426.4	42.3	
77.65	247.5	23.4	34.1	2.0	-86.6	52.1	36.2	182.5	226.6	-4685.8	-347.9	30.6	
77.70	248.7	23.4	32.9	2.0	-88.2	52.2	37.7	190.5	216.0	-4801.2	-247.9	24.7	
77.75	249.8	23.4	33.6	2.0	-92.3	52.3	36.6	204.2	206.8	-5079.1	-214.3	23.2	
77.80	251.0	23.9	33.2	2.0	-96.3	52.4	35.0	207.7	203.1	-5376.1	-220.7	17.7	
77.85	252.2	24.2	32.6	2.0	-100.3	52.5	33.0	208.1	199.1	-5686.3	-159.9	11.5	
77.90	253.3	24.4	32.8	2.0	-105.5	52.6	32.3	219.2	189.9	-6059.6	59.2	7.2	
77.95	254.5	24.6	33.2	2.0	-109.8	52.7	36.8	231.0	181.9	-6343.3	373.4	4.1	
78.00	255.6	24.6	29.3	2.0	-109.0	52.8	43.6	227.1	182.2	-6271.3	555.6	-8.5	
78.05	256.8	24.6	23.2	2.0	-104.9	52.9	47.9	214.7	186.0	-5986.7	589.8	-25.3	
78.10	257.9	24.3	22.1	2.0	-103.9	53.0	48.9	210.7	181.8	-5913.2	708.1	-27.9	
78.15	259.0	24.2	25.9	2.0	-106.9	53.1	46.3	224.5	172.2	-6088.3	875.7	-18.0	
78.20	260.1	24.2	29.4	2.0	-109.4	53.2	42.7	243.5	167.8	-6224.2	911.7	-8.4	
78.25	261.3	24.1	32.2	2.0	-109.6	53.3	42.1	248.6	166.9	-6226.7	900.0	1.1	
78.30	262.4	23.7	33.3	2.0	-108.6	53.4	43.8	241.9	163.1	-6166.0	959.0	5.7	
78.35	263.5	23.4	32.2	2.0	-105.6	53.5	43.6	234.2	157.1	-5964.8	966.6	5.0	
78.40	264.6	23.5	30.3	2.0	-101.4	53.6	44.1	226.9	153.4	-5677.3	907.0	2.6	
78.45	265.7	23.6	28.2	2.0	-97.5	53.7	44.8	221.5	149.0	-5409.8	816.5	-0.6	
78.50	266.7	23.8	29.5	2.0	-95.5	53.8	40.3	223.8	141.6	-5283.2	642.9	5.9	
78.55	267.8	24.1	33.1	2.0	-96.7	53.9	32.8	230.6	131.8	-5380.3	510.9	17.0	
78.60	268.9	24.3	37.4	2.0	-99.7	54.0	25.5	237.8	121.0	-5602.9	444.2	28.8	
78.65	270.0	24.7	40.6	2.0	-102.0	54.1	20.9	248.8	111.8	-5758.5	366.8	37.4	
78.70	271.1	25.2	42.2	2.0	-102.5	54.2	21.8	252.6	105.9	-5790.1	338.0	42.3	
78.75	272.1	25.1	42.2	2.0	-100.9	54.3	27.9	244.5	100.1	-5685.3	433.3	44.1	
78.80	273.2	25.0	38.6	2.0	-98.3	54.4	31.4	238.4	92.8	-5503.4	507.9	34.2	
78.85	274.3	24.9	35.1	2.0	-96.9	54.5	32.5	232.6	84.4	-5419.4	555.3	23.4	
78.90	275.4	24.2	31.8	2.0	-95.9	54.6	35.7	221.6	78.0	-5375.1	615.7	13.1	
78.95	276.5	23.2	28.9	2.0	-93.8	54.7	36.8	212.2	73.8	-5251.0	568.6	5.4	
79.00	277.6	22.2	30.4	2.0	-94.0	54.8	35.1	212.1	67.7	-5277.1	513.6	10.5	
79.05	278.6	22.9	32.4	2.0	-95.9	54.9	35.1	218.8	58.3	-5401.2	578.2	15.4	
79.10	279.7	22.8	31.1	2.0	-94.4	55.0	34.4	218.5	52.8	-5294.6	579.0	12.4	
79.15	280.7	22.3	27.9	2.0	-90.7	55.1	36.3	206.6	52.3	-5047.2	575.7	5.1	
79.20	281.8	22.2	26.6	2.0	-87.8	55.2	41.1	195.2	49.1	-4847.4	659.7	3.6	
79.25	282.8	22.1	26.5	2.0	-85.9	55.3	43.2	196.5	42.5	-4692.2	684.4	5.0	
79.30	283.8	22.0	27.9	2.0	-85.5	55.4	40.7	205.0	37.4	-4663.5	584.3	10.1	
79.35	284.9	21.5	32.0	2.0	-87.4	55.5	38.0	210.3	32.9	-4802.3	485.9	22.3	
79.40	285.9	21.2	35.0	2.0	-89.0	55.6	32.9	214.8	27.8	-4930.8	337.0	31.3	
79.45	286.9	21.0	35.0	2.0	-89.9	55.7	29.3	216.7	22.4	-5007.9	233.9	30.3	
79.50	287.9	20.5	34.9	2.0	-90.4	55.8	28.2	215.9	17.0	-5050.8	210.5	29.6	
79.55	288.8	20.0	33.9	2.0	-89.8	55.9	29.1	215.5	11.4	-5011.9	227.0	26.6	
79.60	289.8	19.7	32.1	2.0	-88.7	56.0	29.4	211.9	4.4	-4944.1	269.6	21.5	
79.65	290.8	20.3	31.3	2.0	-88.7	56.1	27.3	211.0	-3.3	-4945.6	313.3	18.7	
79.70	291.7	20.3	31.1	2.0	-89.5	56.2	26.5	215.1	-13.1	-4981.4	406.3	17.3	
79.75	292.7	20.2	31.1	2.0	-90.7	56.3	29.3	215.1	-22.0	-5048.3	553.0	16.1	
79.80	293.6	20.4	30.1	2.0	-92.0	56.4	34.3	211.8	-27.0	-5126.8	719.3	11.5	
79.85	294.6	20.7	26.9	2.0	-90.9	56.5	39.1	205.0	-30.9	-5033.9	890.4	1.4	
79.90	295.5	20.9	24.0	2.0	-90.0	56.6	43.6	197.0	-38.8	-4934.1	1111.6	-7.6	
79.95	296.5	20.7	24.1	2.0	-91.1	56.7	48.3	192.5	-48.4	-4970.9	1324.8	-8.3	
80.00	297.4	20.7	22.9	2.0	-91.3	56.8	51.6	193.1	-52.3	-4971.5	1353.7	-12.7	
80.05	298.4	20.6	20.4	2.0	-90.6	56.9	53.9	191.4	-54.2	-4923.9	1330.8	-20.6	
80.10	299.3	20.1	20.1	2.0	-90.8	57.0	53.8	186.4	-60.3	-4933.5	1398.3	-21.9	
80.15	300.3	20.1	21.1	2.0	-91.0	57.1	50.3	184.5	-70.2	-4927.3	1456.7	-18.5	
80.20	301.2	19.9	21.7	2.0	-89.6	57.2	48.6	182.7	-73.5	-4846.5	1385.9	-15.2	
80.25	302.2	19.2	21.2	2.0	-87.4	57.3	48.1	175.4	-69.9	-4749.8	1190.5	-14.7	
80.30	303.1	18.8	23.3	2.0	-86.4	57.4	45.4	176.4	-71.3	-4713.0	997.5	-6.5	
80.35	304.0	18.6	26.2	2.0	-85.9	57.5	40.1	180.5	-80.3	-4681.8	862.1	4.0	
80.40	304.9	18.6	28.2	2.0	-84.8	57.6	36.0	179.2	-84.3	-4630.5	694.2	12.1	
80.45	305.9	18.9	30.2	2.0	-83.8	57.7	35.1	178.8	-82.5	-4585.5	507.2	19.7	
80.50	306.8	19.5	33.7	2.0	-83.6	57.8	37.1	181.0	-85.7	-4566.6	459.9	32.0	
80.55	307.7	20.5	35.1	2.0	-82.2	57.9	40.7	178.3	-93.1	-4448.1	520.5	38.2	
80.60	308.6	20.1	30.9	2.0	-77.3	58.0	40.0	166.2	-96.0	-4115.5	453.8	28.7	
80.65	309.5	19.8	26.7	2.0	-72.1	58.1	35.9	153.7	-96.4	-3778.9	267.4	19.4	
80.70	310.4	19.6	28.2	2.0	-71.5	58.2	32.7	151.1	-100.9	-3742.2	117.7	25.3	
80.75	311.3	19.1	30.8	2.0	-73.3	58.3	29.6	157.6	-107.7	-3862.9	0.7	32.5	
80.80	312.2	18.2	30.4	2.0	-73.8	58.4	25.3	158.8	-113.2	-3891.7	-84.9	30.5	
80.85	313.1	17.3	28.6	2.0	-73.4	58.5	24.7	152.2	-118.4	-3874.7	-5.3	24.8	
80.90	314.0	17.5	29.2	2.0	-73.4	58.6	28.3	144.7	-126.4	-3887.6	223.8	26.8	
80.95	314.8	18.4	27.9	2.0	-72.6	58.7	33.4	140.9	-134.7	-3811.7	404.3	23.0	
81.00	315.7	19.4	23.9	2.0	-69.9	58.8	38.3	133.4	-137.3	-3620.0	429.9	12.0	
81.05	316.6	19.2	20.1	2.0	-67.1	58.9	37.4	120.9	-137.6	-3452.1	339.2	2.0	
81.10	317.4	19.2	19.6	2.0	-65.8	59.0	31.3	114.6	-142.7	-3380.3	244.6	1.6	
81.15	318.2	19.1	21.2	2.0	-66.7	59.1	28.2	117.3	-151.1	-3434.4	226.7	6.0	
81.20	319.1	18.9	22.4	2.0	-67.4	59.2	31.0	120.6	-156.0	-3471.9	272.9	9.4	
81.25	319.9	19.0	21.3	2.0	-66.5	59.3	38.9	119.8	-157.4	-3379.9	421.1	6.6	
81.30	320.8	19.2	19.9	2.0	-64.4	59.4	46.8	110.3	-159.4	-3196.0	659.5	4.0	
81.35	321.6	19.5	18.9	2.0	-62.0	59.5	50.1	97.2	-165.4	-2996.1	838.7	2.7	
81.40	322.4	19.3	18.7	2.0	-60.1	59.6	46.6	94.1	-170.6	-2870.9	775.5	4.2	
81.45	323.2	19.4	18.6	2.0	-57.8	59.7	40.6	95.6	-169.0	-2761.0	490.4	5.9	
81.50	324.1	19.6	19.4	2.0	-56.4	59.8	34.3	95.7	-165.3	-2706.2	187.5	10.3	
81.55	324.9	19.1	20.2	2.0	-56.1	59.9	25.6	95.6	-168.3	-2694.1	-8.1	13.2	
81.60	325.7	18.8	20.8	2.0	-56.1	60.0	18.0	96.1	-176.8	-2691.7	-37.6	15.2	
81.65	326.5	18.7	23.5	2.0	-57.4	60.1	19.2	98.2	-182.1	-2778.4	85.1	23.3	
81.70	327.3	18.6	25.5	2.0	-58.6	60.2	26.4	101.7	-182.1	-2842.7	235.4	29.0	
81.75	328.1	18.9	26.3	2.0	-59.0	60.3	30.5	103.3	-181.6	-2859.6	303.6	31.2	
81.80	329.0	19.2	26.1	2.0	-59.1	60.4	28.5	101.6	-185.0	-2873.0	280.2	30.6	
81.85	329.8	18.6	25.1	2.0	-59.1	60.5	21.9	98.6	-188.2	-2890.5	149.3	27.2	
81.90	330.6	17.9	23.8	2.0	-58.1	60.6	18.5	91.5	-187.0	-2843.5	13.7	23.6	
81.95	331.4	17.3	20.8	2.0	-56.3	60.7	20.2	83.7	-185.8	-2728.6	-8.2	15.1	
82.00	332.2	16.8	17.1	2.0	-54.0	60.8	22.0	77.4	-191.6	-2571.1	97.4	4.8	
82.05	333.0	16.6	14.5	2.0	-52.0	60.9	22.8	71.6	-200.9	-2415.2	252.5	-2.1	
82.10	333.8	17.0	12.8	2.0	-50.5	61.0	22.4	63.6	-205.0	-2312.3	312.4	-6.6	
82.15	334.6	18.3	13.3	2.0	-50.1	61.1	19.5	59.3	-204.6	-2305.5	203.0	-4.5	
82.20	335.4	18.5	15.0	2.0	-49.6	61.2	19.4	59.7	-205.8	-2278.0	93.1	1.7	
82.25	336.2	18.3	14.6	2.0	-47.4	61.3	21.3	55.6	-207.1	-2117.1	27.6	2.8	
82.30	337.0	17.9	12.2	2.0	-43.3	61.4	23.1	42.2	-204.7	-1843.5	-18.1	-1.5	
82.35	337.8	18.7	10.0	2.0	-39.0	61.5	25.1	29.1	-204.8	-1547.5	8.8	-4.6	
82.40	338.5	18.4	10.4	2.0	-37.4	61.6	27.5	25.8	-212.0	-1419.3	106.7	-1.6	
82.45	339.3	17.7	11.0	2.0	-37.2	61.7	27.9	26.3	-216.4	-1393.3	123.2	0.7	
82.50	340.1	18.1	10.8	2.0	-35.5	61.8	21.3	27.3	-213.2	-1283.7	-58.6	1.6	
82.55	340.9	18.2	10.7	2.0	-33.0	61.9	13.8	22.9	-213.6	-1096.7	-209.9	3.6	
82.60	341.6	18.2	11.4	2.0	-30.5	62.0	8.9	20.8	-219.9	-901.1	-262.8	8.5	
82.65	342.4	18.5	8.7	2.0	-27.0	62.1	7.6	19.4	-221.4	-603.4	-298.0	2.9	
82.70	343.1	17.9	4.5	2.0	-22.6	62.2	12.9	11.2	-214.6	-271.3	-240.6	-7.2	
82.75	343.9	17.6	2.0	2.0	-18.5	62.3	19.4	2.4	-213.6	-34.2	-31.0	-11.6	
82.80	344.6	18.0	5.6	2.0	-21.0	62.4	19.3	10.7	-223.9	-24.5	217.1	-1.8	
82.85	345.4	18.5	9.1	2.0	-24.0	62.5	18.8	21.4	-231.5	-115.8	402.4	7.1	
82.90	346.1	18.5	10.2	2.0	-24.8	62.6	20.4	24.5	-227.7	-176.7	438.4	10.1	
82.95	346.8	18.0	8.2	2.0	-22.9	62.7	16.5	23.0	-223.0	-149.1	311.8	5.3	
83.00	347.6	17.8	5.4	2.0	-20.5	62.8	7.5	17.3	-228.9	-9.9	186.7	-1.9	
83.05	348.3	17.2	3.4	2.0	-21.1	62.9	3.2	7.1	-235.9	197.5	166.8	-9.4	
83.10	349.0	16.5	2.1	2.0	-25.0	63.0	9.3	-5.6	-233.2	483.7	250.9	-17.8	
83.15	349.7	16.4	1.0	2.0	-27.8	63.1	15.5	-11.6	-227.9	649.6	343.8	-24.5	
83.20	350.4	16.9	0.8	2.0	-27.8	63.2	17.6	-7.3	-233.5	550.4	489.4	-25.1	
83.25	351.1	17.8	4.1	2.0	-27.7	63.3	18.1	-0.7	-243.5	322.4	647.0	-13.8	
83.30	351.9	17.9	6.2	2.0	-27.8	63.4	20.5	-0.9	-242.6	233.0	685.9	-6.5	
83.35	352.6	17.7	5.0	2.0	-27.5	63.5	23.5	-7.8	-234.8	336.0	607.8	-10.2	
83.40	353.3	17.4	2.9	2.0	-27.2	63.6	21.7	-13.5	-234.7	451.1	489.6	-17.3	
83.45	354.0	17.7	0.6	2.0	-27.8	63.7	15.6	-20.6	-241.8	606.8	357.6	-25.7	
83.50	354.7	17.9	-0.6	2.0	-28.7	63.8	12.4	-29.2	-243.8	718.5	241.3	-30.7	
83.55	355.4	17.9	-2.1	2.0	-28.0	63.9	11.5	-33.4	-238.8	683.6	120.5	-35.3	
83.60	356.1	17.5	-2.0	2.0	-25.4	64.0	9.7	-23.8	-239.1	522.5	55.1	-32.2	
83.65	356.8	17.6	0.3	2.0	-22.2	64.1	10.2	-10.9	-247.4	280.8	130.0	-21.2	
83.70	357.5	18.1	2.4	2.0	-21.6	64.2	13.1	-11.5	-249.8	175.2	187.7	-13.4	
83.75	358.2	19.3	0.4	2.0	-21.3	64.3	14.5	-16.0	-243.6	201.0	105.3	-20.0	
83.80	358.8	20.1	-1.1	2.0	-20.8	64.4	11.8	-16.0	-240.7	193.9	-42.3	-24.6	
83.85	359.5	20.7	0.5	2.0	-20.6	64.5	6.4	-13.2	-245.2	67.4	-178.0	-19.0	
83.90	0.2	20.9	1.1	2.0	-22.2	64.6	0.7	-7.3	-248.4	-94.9	-316.5	-18.4	
83.95	0.9	20.2	1.5	2.0	-24.5	64.7	-5.3	-2.4	-246.3	-190.6	-472.7	-19.3	
84.00	1.5	19.5	2.6	2.0	-25.4	64.8	-9.2	-1.2	-245.5	-232.8	-519.7	-16.5	
84.05	2.2	18.9	1.8	2.0	-23.3	64.9	-6.7	-3.5	-251.0	-206.6	-354.4	-17.0	
84.10	2.9	18.8	-0.2	2.0	-20.3	65.0	-1.4	-10.4	-252.7	-18.1	-170.8	-21.0	
84.15	3.5	19.1	-2.8	2.0	-22.0	65.1	6.6	-20.5	-248.0	275.4	-20.4	-31.7	
84.20	4.2	19.9	-4.7	2.0	-24.9	65.2	9.9	-28.1	-244.5	468.6	31.6	-40.9	
84.25	4.8	20.0	-4.7	2.0	-26.0	65.3	9.0	-29.6	-247.3	550.1	45.9	-42.0	
84.30	5.4	20.2	-3.3	2.0	-27.4	65.4	10.3	-32.6	-249.4	643.7	86.6	-38.7	
84.35	6.1	20.5	-2.8	2.0	-30.0	65.5	11.9	-41.9	-245.2	813.0	100.2	-39.6	
84.40	6.7	20.1	-3.9	2.0	-32.8	65.6	11.8	-49.7	-242.6	1000.6	134.3	-46.2	
84.45	7.3	19.9	-3.8	2.0	-34.5	65.7	13.7	-53.7	-248.5	1093.0	266.9	-47.5	
84.50	7.9	20.0	-2.6	2.0	-36.2	65.8	18.5	-56.6	-252.2	1172.0	401.5	-45.3	
84.55	8.6	20.6	-3.8	2.0	-38.8	65.9	18.9	-63.8	-244.8	1373.0	341.0	-51.7	
84.60	9.2	20.6	-5.3	2.0	-41.0	66.0	16.8	-71.1	-239.0	1553.0	247.7	-59.3	
84.65	9.8	20.1	-3.8	2.0	-41.3	66.1	17.1	-70.2	-243.3	1563.5	298.4	-54.4	
84.70	10.4	20.3	-1.6	2.0	-41.6	66.2	21.7	-67.6	-246.7	1558.9	436.4	-47.2	
84.75	11.0	19.9	-1.5	2.0	-44.0	66.3	27.9	-72.6	-241.8	1696.3	545.3	-49.1	
84.80	11.6	19.4	-3.6	2.0	-45.5	66.4	27.5	-77.2	-238.8	1794.4	566.4	-57.9	
84.85	12.2	19.7	-3.5	2.0	-44.1	66.5	22.5	-72.1	-247.2	1698.1	576.3	-56.2	
84.90	12.9	20.0	-2.5	2.0	-41.9	66.6	19.6	-66.4	-252.6	1548.7	540.1	-50.5	
84.95	13.5	20.3	-4.1	2.0	-41.7	66.7	18.4	-69.1	-244.3	1578.1	373.2	-55.8	
85.00	14.1	20.8	-6.4	2.0	-42.7	66.8	15.6	-72.9	-238.2	1681.8	208.0	-64.8	
85.05	14.7	20.6	-6.0	2.0	-42.1	66.9	12.7	-72.4	-247.2	1634.4	202.2	-62.8	
85.10	15.3	20.3	-5.3	2.0	-40.4	67.0	13.9	-71.7	-252.8	1489.7	246.0	-58.6	
85.15	15.9	20.8	-6.5	2.0	-39.9	67.1	15.6	-75.9	-244.0	1458.0	180.5	-62.1	
85.20	16.5	20.7	-7.5	2.0	-39.6	67.2	13.7	-75.2	-240.2	1448.4	106.6	-65.2	
85.25	17.1	20.4	-5.7	2.0	-39.4	67.3	13.7	-71.0	-250.9	1429.8	171.4	-59.1	
85.30	17.7	20.1	-4.4	2.0	-39.3	67.4	13.2	-71.4	-253.6	1424.6	94.7	-54.5	
85.35	18.3	19.6	-6.0	2.0	-39.6	67.5	9.5	-76.3	-240.4	1436.3	-215.8	-60.3	
85.40	18.8	19.3	-7.0	2.0	-38.7	67.6	5.6	-76.3	-234.6	1316.6	-438.8	-62.8	
85.45	19.4	19.4	-6.3	2.0	-36.0	67.7	3.3	-70.6	-242.6	1103.6	-453.4	-57.5	
85.50	20.0	20.1	-6.3	2.0	-35.1	67.8	2.2	-68.1	-244.7	1030.3	-469.2	-56.8	
85.55	20.5	20.8	-8.7	2.0	-36.2	67.9	4.3	-72.0	-236.1	1095.7	-520.5	-66.1	
85.60	21.1	21.5	-9.2	2.0	-35.6	68.0	6.8	-72.6	-232.9	1051.8	-509.6	-67.3	
85.65	21.6	21.0	-8.2	2.0	-34.1	68.1	8.4	-74.3	-238.5	941.7	-446.1	-62.3	
85.70	22.2	20.6	-9.3	2.0	-34.4	68.2	5.7	-77.4	-236.4	914.4	-527.5	-66.2	
85.75	22.7	20.5	-10.6	2.0	-35.4	68.3	2.9	-77.3	-228.2	938.1	-650.0	-72.0	
85.80	23.3	20.1	-11.1	2.0	-33.2	68.4	5.6	-71.2	-228.3	807.4	-574.5	-71.2	
85.85	23.8	19.6	-11.2	2.0	-30.6	68.5	8.8	-68.1	-232.9	665.3	-443.6	-69.0	
85.90	24.4	19.1	-13.4	2.0	-31.4	68.6	8.5	-78.8	-230.0	705.5	-432.4	-77.5	
85.95	25.0	19.5	-17.1	2.0	-32.8	68.7	7.1	-91.7	-227.0	798.7	-425.6	-91.5	
86.00	25.5	19.7	-18.6	2.0	-31.2	68.8	5.2	-88.7	-233.0	693.1	-374.7	-95.1	
86.05	26.1	19.8	-14.8	2.0	-28.2	68.9	0.7	-73.0	-236.7	355.2	-483.7	-79.1	
86.10	26.6	19.6	-13.0	2.0	-29.5	69.0	-2.6	-63.2	-229.8	69.7	-731.0	-74.0	
86.15	27.2	19.1	-12.1	2.0	-32.9	69.1	-10.7	-60.9	-225.0	-109.7	-996.9	-74.5	
86.20	27.7	18.8	-11.3	2.0	-35.0	69.2	-19.9	-54.8	-230.5	-290.9	-1127.0	-73.6	
86.25	28.2	19.8	-9.4	2.0	-34.5	69.3	-17.0	-49.6	-234.6	-405.3	-1067.6	-66.6	
86.30	28.8	19.9	-7.2	2.0	-34.2	69.4	-8.3	-51.5	-227.0	-391.7	-1055.8	-58.9	
86.35	29.3	20.1	-6.8	2.0	-35.4	69.5	-8.7	-54.2	-221.0	-320.8	-1170.9	-58.6	
86.40	29.8	20.8	-5.3	2.0	-37.4	69.6	-17.8	-54.1	-227.6	-299.0	-1319.5	-55.6	
86.45	30.4	21.3	-3.3	2.0	-40.1	69.7	-24.1	-56.4	-231.7	-320.1	-1509.1	-51.3	
86.50	30.9	21.2	-2.0	2.0	-44.2	69.8	-26.4	-64.6	-221.9	-245.4	-1814.8	-51.0	
86.55	31.4	20.5	-3.9	2.0	-48.2	69.9	-31.5	-68.3	-211.6	-87.8	-2125.7	-61.6	
86.60	31.9	20.5	-3.1	2.0	-49.2	70.0	-36.2	-67.4	-216.0	25.5	-2195.4	-59.8	
86.65	32.5	20.5	-1.8	2.0	-47.4	70.1	-32.7	-72.3	-221.1	110.8	-2046.3	-53.4	
86.70	33.0	20.4	-1.7	2.0	-45.4	70.2	-23.8	-80.4	-213.3	246.3	-1874.4	-51.2	
86.75	33.5	20.9	-3.3	2.0	-43.7	70.3	-17.7	-84.3	-204.0	365.3	-1725.0	-55.0	
86.80	34.0	21.3	-3.5	2.0	-41.6	70.4	-16.0	-84.5	-207.2	411.6	-1544.1	-53.5	
86.85	34.5	21.8	-2.9	2.0	-40.9	70.5	-16.6	-87.0	-211.4	481.9	-1460.5	-50.8	
86.90	35.0	22.5	-4.1	2.0	-42.7	70.6	-17.4	-92.7	-203.5	627.7	-1538.6	-56.9	
86.95	35.6	22.9	-7.7	2.0	-43.6	70.7	-19.7	-93.1	-196.0	701.7	-1589.0	-70.2	
87.00	36.1	23.2	-10.4	2.0	-42.6	70.8	-23.3	-93.4	-200.3	709.8	-1489.4	-78.3	
87.05	36.6	23.8	-12.0	2.0	-42.4	70.9	-24.9	-103.8	-206.0	859.7	-1353.5	-83.6	
87.10	37.1	23.9	-13.5	2.0	-43.0	71.0	-20.7	-113.8	-202.3	1066.4	-1221.3	-89.5	
87.15	37.6	24.1	-14.6	2.0	-41.7	71.1	-13.6	-111.0	-197.5	1166.9	-1010.2	-91.7	
87.20	38.1	24.7	-13.6	2.0	-38.8	71.2	-8.8	-100.5	-200.6	1118.4	-759.0	-85.5	
87.25	38.6	24.6	-12.9	2.0	-37.9	71.3	-9.2	-98.0	-204.6	1105.5	-658.7	-82.1	
87.30	39.2	24.1	-13.6	2.0	-40.9	71.4	-14.8	-106.8	-201.9	1252.5	-803.8	-87.7	
87.35	39.7	23.2	-14.5	2.0	-44.6	71.5	-20.4	-111.3	-198.4	1447.8	-993.6	-94.4	
87.40	40.2	23.5	-12.6	2.0	-45.8	71.6	-19.7	-106.4	-200.4	1556.7	-1022.0	-88.9	
87.45	40.6	23.5	-10.8	2.0	-47.4	71.7	-16.3	-108.4	-201.9	1705.9	-990.9	-84.4	
87.50	41.1	23.2	-12.5	2.0	-51.9	71.8	-19.8	-120.8	-199.4	2008.3	-1080.8	-94.8	
87.55	41.6	23.0	-12.3	2.0	-55.4	71.9	-26.5	-130.1	-198.7	2205.1	-1214.5	-97.5	
87.60	42.1	22.6	-8.8	2.0	-54.3	72.0	-22.0	-128.7	-200.2	2132.2	-1187.2	-84.4	
87.65	42.6	22.1	-4.6	2.0	-53.5	72.1	-15.8	-126.0	-195.3	2051.0	-1228.8	-69.4	
87.70	43.1	21.8	-4.2	2.0	-56.1	72.2	-20.4	-127.8	-186.5	2132.4	-1469.4	-70.6	
87.75	43.6	21.3	-5.0	2.0	-59.8	72.3	-28.4	-134.4	-187.4	2321.7	-1638.7	-76.8	
87.80	44.0	20.8	-3.7	2.0	-61.9	72.4	-32.4	-140.0	-192.8	2433.3	-1723.2	-74.7	
87.85	44.5	20.5	-1.8	2.0	-64.0	72.5	-30.3	-145.6	-186.8	2523.9	-1855.6	-70.2	
87.90	45.0	20.3	-1.0	2.0	-65.7	72.6	-26.8	-151.7	-175.3	2595.1	-1954.4	-69.2	
87.95	45.5	20.3	-1.7	2.0	-64.5	72.7	-29.0	-151.7	-175.2	2509.5	-1924.9	-70.4	
88.00	45.9	20.2	-1.3	2.0	-62.3	72.8	-35.5	-147.3	-182.6	2338.2	-1876.0	-66.7	
88.05	46.4	21.4	-1.0	2.0	-61.6	72.9	-35.7	-149.5	-179.7	2257.4	-1885.7	-65.2	
88.10	46.9	21.9	-1.1	2.0	-61.6	73.0	-29.6	-152.1	-169.1	2254.2	-1893.2	-65.5	
88.15	47.4	21.6	-1.5	2.0	-60.8	73.1	-25.2	-150.2	-166.5	2258.0	-1812.8	-65.9	
88.20	47.8	21.0	-3.2	2.0	-60.3	73.2	-25.1	-151.9	-172.3	2304.2	-1671.2	-71.2	
88.25	48.3	20.6	-5.3	2.0	-61.0	73.3	-27.0	-159.6	-174.2	2397.8	-1583.1	-79.3	
88.30	48.8	20.5	-7.1	2.0	-60.2	73.4	-25.6	-159.9	-169.5	2377.5	-1509.7	-84.4	
88.35	49.2	20.5	-6.5	2.0	-56.1	73.5	-22.0	-144.8	-167.0	2142.9	-1381.0	-78.2	
88.40	49.7	20.2	-5.4	2.0	-52.1	73.6	-19.4	-134.3	-168.4	1909.0	-1245.0	-70.6	
88.45	50.2	19.8	-6.4	2.0	-51.6	73.7	-20.5	-138.5	-169.4	1881.0	-1193.7	-73.4	
88.50	50.6	20.1	-9.2	2.0	-53.3	73.8	-24.3	-143.9	-169.4	2018.9	-1186.5	-85.0	
88.55	51.1	20.4	-10.8	2.0	-54.2	73.9	-22.1	-143.9	-169.8	2151.3	-1089.5	-91.4	
88.60	51.5	20.6	-9.3	2.0	-54.4	74.0	-12.3	-145.4	-168.7	2241.0	-922.1	-86.3	
88.65	52.0	20.1	-8.0	2.0	-55.1	74.1	-8.1	-149.2	-165.3	2306.7	-876.5	-82.6	
88.70	52.4	19.8	-9.3	2.0	-55.2	74.2	-12.2	-149.3	-163.6	2298.8	-919.9	-87.1	
88.75	52.8	19.7	-9.0	2.0	-53.5	74.3	-14.2	-146.1	-162.8	2174.2	-912.9	-84.3	
88.80	53.3	19.8	-8.2	2.0	-52.1	74.4	-12.0	-142.7	-158.1	2078.5	-909.2	-80.2	
88.85	53.7	20.0	-8.7	2.0	-53.2	74.5	-10.9	-141.9	-151.4	2143.3	-974.6	-83.1	
88.90	54.2	20.3	-9.8	2.0	-55.6	74.6	-10.8	-147.7	-148.8	2314.2	-1003.2	-89.3	
88.95	54.6	20.2	-10.3	2.0	-57.3	74.7	-10.9	-155.4	-149.6	2441.1	-972.3	-92.5	
89.00	55.0	19.8	-11.3	2.0	-58.9	74.8	-12.4	-161.1	-146.1	2550.4	-996.9	-97.7	
89.05	55.5	19.7	-11.4	2.0	-59.9	74.9	-13.4	-162.5	-140.4	2609.9	-1042.8	-99.1	
89.10	55.9	20.5	-10.5	2.0	-60.2	75.0	-11.0	-164.9	-137.5	2644.7	-1003.6	-96.4	
89.15	56.3	21.0	-9.4	2.0	-60.9	75.1	-9.4	-166.0	-135.9	2718.4	-964.9	-93.3	
89.20	56.8	21.3	-9.7	2.0	-62.6	75.2	-7.3	-168.7	-131.7	2849.1	-952.7	-95.7	
89.25	57.2	21.5	-10.2	2.0	-64.2	75.3	-2.3	-175.8	-127.3	2976.6	-892.3	-99.3	
89.30	57.7	21.3	-11.0	2.0	-64.5	75.4	0.7	-177.0	-128.4	3029.9	-777.2	-102.4	
89.35	58.1	21.0	-12.0	2.0	-64.6	75.5	0.4	-173.5	-132.9	3068.1	-672.9	-105.7	
89.40	58.5	20.7	-13.3	2.0	-64.8	75.6	1.2	-176.2	-131.2	3081.2	-659.5	-110.6	
89.45	59.0	21.1	-14.0	2.0	-63.7	75.7	-1.6	-174.7	-127.9	2985.2	-727.1	-111.6	
89.50	59.4	21.7	-14.3	2.0	-61.2	75.8	-9.6	-164.0	-130.3	2804.9	-804.4	-110.2	
89.55	59.8	22.8	-13.2	2.0	-58.7	75.9	-13.0	-154.9	-131.7	2621.4	-839.6	-104.1	
89.60	60.3	23.0	-12.1	2.0	-58.2	76.0	-10.2	-155.4	-127.1	2576.0	-858.1	-99.6	
89.65	60.7	22.9	-14.3	2.0	-59.7	76.1	-7.4	-157.3	-123.9	2706.5	-821.1	-108.9	
89.70	61.1	22.3	-15.1	2.0	-61.2	76.2	-3.7	-158.1	-126.6	2863.0	-664.2	-113.2	
89.75	61.5	22.5	-14.4	2.0	-63.6	76.3	3.0	-167.4	-128.6	3049.8	-467.3	-112.8	
89.80	61.9	22.2	-12.3	2.0	-65.9	76.4	9.0	-176.0	-123.8	3215.3	-401.7	-108.1	
89.85	62.3	21.4	-11.6	2.0	-67.0	76.5	10.1	-175.4	-118.8	3298.1	-432.1	-106.9	
89.90	62.7	21.1	-10.9	2.0	-66.3	76.6	5.7	-168.1	-119.0	3264.6	-472.7	-103.7	
89.95	63.1	21.1	-10.7	2.0	-66.9	76.7	2.5	-170.7	-118.4	3293.1	-541.4	-103.5	
90.00	63.5	21.5	-12.0	2.0	-68.8	76.8	-0.9	-181.3	-111.7	3376.4	-720.6	-109.8	
90.05	63.9	21.7	-13.2	2.0	-69.3	76.9	-4.4	-184.4	-107.5	3386.3	-827.4	-114.7	
90.10	64.3	21.8	-13.9	2.0	-67.9	77.0	-1.9	-179.2	-107.5	3315.5	-726.5	-115.5	
90.15	64.8	21.7	-13.2	2.0	-67.3	77.1	4.2	-180.8	-104.7	3293.2	-596.7	-112.5	
90.20	65.1	21.9	-13.2	2.0	-67.2	77.2	7.2	-185.6	-98.9	3285.0	-549.6	-112.5	
90.25	65.5	22.5	-13.3	2.0	-65.7	77.3	6.8	-184.3	-96.0	3183.9	-514.0	-111.4	
90.30	66.0	23.2	-13.2	2.0	-64.1	77.4	8.1	-182.0	-94.2	3074.8	-459.4	-109.3	
90.35	66.3	23.0	-12.7	2.0	-65.2	77.5	11.2	-187.6	-89.8	3151.3	-437.2	-109.0	
90.40	66.7	22.8	-12.7	2.0	-67.5	77.6	10.5	-192.7	-84.9	3307.9	-495.8	-111.2	
90.45	67.1	22.7	-13.6	2.0	-68.4	77.7	9.6	-191.5	-85.9	3385.3	-459.9	-115.1	
90.50	67.5	22.9	-12.7	2.0	-69.2	77.8	10.7	-192.4	-88.5	3452.1	-332.1	-112.8	
90.55	67.9	23.0	-14.5	2.0	-71.6	77.9	15.0	-202.1	-86.5	3615.2	-199.8	-121.2	
90.60	68.3	22.9	-14.7	2.0	-74.0	78.0	17.7	-208.6	-84.8	3787.6	-76.4	-124.6	
90.65	68.7	22.6	-14.9	2.0	-74.7	78.1	20.1	-205.9	-89.2	3841.4	120.4	-126.0	
90.70	69.1	22.2	-15.8	2.0	-74.2	78.2	21.9	-201.2	-90.9	3808.5	223.1	-128.2	
90.75	69.5	22.1	-16.2	2.0	-72.9	78.3	21.1	-199.0	-85.9	3729.5	123.5	-128.5	
90.80	69.9	22.4	-15.5	2.0	-70.6	78.4	16.7	-192.9	-84.6	3579.2	3.9	-123.8	
90.85	70.2	22.8	-15.0	2.0	-67.2	78.5	13.3	-182.4	-88.3	3348.3	-14.6	-118.8	
90.90	70.6	23.0	-14.2	2.0	-65.3	78.6	13.3	-177.0	-88.7	3221.6	-17.5	-114.2	
90.95	71.0	22.7	-13.9	2.0	-65.8	78.7	14.3	-177.8	-83.0	3257.8	-79.1	-113.5	
91.00	71.3	22.3	-14.2	2.0	-66.2	78.8	16.7	-177.6	-79.8	3287.9	-63.3	-114.9	
91.05	71.7	22.2	-13.7	2.0	-66.8	78.9	17.8	-180.1	-79.6	3333.1	-22.4	-114.0	
91.10	72.0	22.4	-13.9	2.0	-68.7	79.0	13.0	-185.4	-76.5	3455.6	-142.2	-116.4	
91.15	72.4	22.0	-13.9	2.0	-70.7	79.1	7.7	-191.4	-72.3	3585.2	-326.4	-118.3	
91.20	72.7	22.0	-13.5	2.0	-71.6	79.2	3.7	-193.2	-69.9	3626.4	-504.1	-117.9	
91.25	73.1	22.3	-12.2	2.0	-72.1	79.3	-1.0	-191.0	-67.6	3641.5	-695.6	-114.1	
91.30	73.4	23.8	-11.2	2.0	-73.7	79.4	-6.6	-191.9	-65.5	3728.9	-882.8	-112.3	
91.35	73.7	24.0	-10.2	2.0	-75.3	79.5	-7.3	-198.2	-64.2	3812.4	-968.3	-110.3	
91.40	74.1	23.9	-8.9	2.0	-76.0	79.6	-6.5	-204.2	-64.3	3843.6	-984.2	-106.5	
91.45	74.4	24.5	-8.4	2.0	-75.8	79.7	-5.7	-204.4	-61.1	3823.2	-1021.1	-104.8	
91.50	74.8	23.7	-8.3	2.0	-75.3	79.8	-2.8	-201.8	-57.6	3790.4	-1026.0	-103.9	
91.55	75.1	22.8	-6.5	2.0	-73.5	79.9	-0.8	-198.2	-56.6	3674.3	-998.2	-96.0	
91.60	75.5	22.2	-6.4	2.0	-71.1	80.0	-3.2	-190.7	-58.3	3510.6	-982.1	-93.0	
91.65	75.8	22.7	-6.8	2.0	-69.3	80.1	-9.8	-183.0	-60.3	3363.3	-1061.4	-92.6	
91.70	76.2	23.1	-7.6	2.0	-68.9	80.2	-14.2	-184.9	-59.8	3295.2	-1153.3	-95.1	
91.75	76.5	23.4	-7.2	2.0	-69.2	80.3	-14.3	-190.2	-59.7	3303.8	-1160.1	-93.9	
91.80	76.8	23.4	-7.9	2.0	-70.0	80.4	-13.9	-188.7	-61.1	3398.9	-1072.0	-97.0	
91.85	77.2	23.6	-11.1	2.0	-71.9	80.5	-13.2	-189.2	-62.1	3576.9	-947.5	-110.1	
91.90	77.5	23.8	-12.0	2.0	-73.4	80.6	-9.9	-197.6	-60.3	3702.9	-823.0	-114.7	
91.95	77.8	24.9	-11.3	2.0	-73.1	80.7	-4.2	-200.5	-58.9	3707.8	-666.6	-112.0	
92.00	78.1	25.6	-7.4	2.0	-72.2	80.8	2.3	-192.6	-59.9	3690.9	-457.2	-97.7	
92.05	78.4	25.9	-8.2	2.0	-71.7	80.9	9.5	-184.8	-58.9	3696.5	-256.5	-99.9	
92.10	78.7	25.6	-8.9	2.0	-72.5	81.0	13.0	-187.8	-56.7	3752.5	-161.2	-102.9	
92.15	79.0	25.1	-10.2	2.0	-73.2	81.1	8.2	-193.8	-56.3	3784.9	-208.0	-108.1	
92.20	79.3	24.6	-11.4	2.0	-72.7	81.2	1.1	-195.0	-56.1	3741.1	-309.1	-111.8	
92.25	79.6	23.9	-12.5	2.0	-71.4	81.3	-0.2	-193.4	-52.2	3643.0	-370.8	-114.2	
92.30	79.9	23.3	-12.0	2.0	-69.8	81.4	1.4	-188.0	-46.6	3541.0	-379.4	-110.9	
92.35	80.2	22.8	-11.9	2.0	-69.0	81.5	-0.6	-184.0	-44.0	3493.7	-363.3	-109.8	
92.40	80.5	22.7	-12.5	2.0	-69.4	81.6	-2.7	-188.3	-42.0	3513.2	-359.3	-112.4	
92.45	80.8	22.2	-11.6	2.0	-70.5	81.7	0.9	-196.5	-38.1	3583.1	-316.1	-110.4	
92.50	81.0	21.8	-9.6	2.0	-72.0	81.8	6.5	-198.9	-34.4	3696.9	-254.7	-104.9	
92.55	81.3	21.4	-9.0	2.0	-73.9	81.9	7.5	-198.4	-30.3	3844.3	-304.1	-104.8	
92.60	81.6	21.6	-8.9	2.0	-75.9	82.0	6.0	-204.7	-27.9	3968.4	-390.2	-106.5	
92.65	81.9	21.3	-9.3	2.0	-77.6	82.1	-0.1	-214.2	-28.1	4050.7	-540.3	-109.6	
92.70	82.2	20.7	-9.8	2.0	-78.5	82.2	-9.4	-216.9	-27.9	4074.7	-777.2	-112.1	
92.75	82.5	19.9	-9.8	2.0	-78.5	82.3	-12.4	-214.0	-26.4	4050.3	-931.6	-112.0	
92.80	82.7	20.3	-8.0	2.0	-78.6	82.4	-10.4	-211.9	-24.9	4055.6	-972.4	-106.1	
92.85	83.0	21.1	-6.1	2.0	-78.9	82.5	-10.8	-209.9	-26.9	4090.9	-968.8	-100.0	
92.90	83.3	21.0	-5.0	2.0	-78.9	82.7	-16.0	-209.6	-31.4	4077.5	-1010.8	-96.0	
92.95	83.5	20.8	-4.5	2.0	-78.6	82.8	-16.9	-213.8	-31.8	4018.6	-1082.3	-94.2	
93.00	83.8	20.6	-3.5	2.0	-77.3	82.9	-13.7	-211.2	-29.2	3911.8	-1145.6	-89.4	
93.05	84.1	20.6	-1.6	2.0	-75.6	83.0	-13.0	-200.1	-28.7	3793.5	-1206.2	-81.3	
93.10	84.3	20.5	-0.3	2.0	-75.6	83.1	-14.3	-196.5	-30.1	3788.4	-1243.9	-76.6	
93.15	84.6	20.5	-0.8	2.0	-78.0	83.2	-16.8	-205.5	-29.6	3929.5	-1314.8	-80.7	
93.20	84.8	20.6	-2.4	2.0	-80.9	83.3	-19.0	-215.2	-27.7	4111.5	-1376.5	-89.1	
93.25	85.1	20.3	-2.9	2.0	-82.6	83.4	-18.2	-217.5	-26.8	4251.3	-1334.4	-92.4	
93.30	85.3	20.0	-2.1	2.0	-83.6	83.5	-13.3	-219.8	-25.8	4370.0	-1197.4	-90.7	
93.35	85.6	19.9	-1.2	2.0	-85.1	83.6	-9.8	-224.2	-23.2	4509.0	-1063.7	-89.4	
93.40	85.8	20.2	-2.1	2.0	-86.0	83.7	-11.7	-226.5	-21.0	4586.6	-991.3	-93.3	
93.45	86.0	20.3	-2.8	2.0	-85.5	83.8	-11.8	-227.1	-19.0	4569.9	-907.9	-95.2	
93.50	86.3	20.3	-3.3	2.0	-84.4	83.9	-7.7	-225.2	-14.4	4507.5	-811.8	-95.7	
93.55	86.5	20.3	-3.8	2.0	-84.2	84.0	-2.9	-225.6	-8.0	4511.9	-737.9	-97.1	
93.60	86.7	19.9	-4.4	2.0	-84.8	84.1	1.7	-228.5	-4.0	4573.8	-610.8	-100.0	
93.65	86.9	19.1	-5.9	2.0	-84.9	84.2	6.9	-229.7	-3.6	4599.7	-375.3	-105.2	
93.70	87.2	18.8	-6.1	2.0	-85.0	84.3	12.4	-232.0	-3.0	4613.1	-114.5	-106.0	
93.75	87.4	18.9	-6.8	2.0	-85.0	84.4	17.3	-231.9	0.2	4614.1	78.1	-108.5	
93.80	87.6	19.2	-6.6	2.0	-84.4	84.5	21.2	-228.1	2.6	4577.6	241.7	-107.0	
93.85	87.8	19.0	-6.1	2.0	-83.4	84.6	22.5	-221.9	1.0	4510.7	389.4	-104.3	
93.90	88.1	18.8	-6.8	2.0	-82.7	84.7	18.5	-217.4	-0.9	4468.9	411.3	-106.1	
93.95	88.3	18.9	-9.4	2.0	-82.5	84.8	13.6	-218.1	-0.9	4452.7	351.9	-114.9	
94.00	88.5	19.9	-11.0	2.0	-82.1	84.9	14.1	-219.6	-0.1	4424.9	338.0	-119.9	
94.05	88.8	20.2	-10.9	2.0	-82.1	85.0	18.5	-219.3	-1.2	4412.0	415.5	-119.4	
94.10	89.0	20.3	-10.1	2.0	-83.1	85.1	23.1	-220.9	-3.2	4470.8	530.5	-117.6	
94.15	89.2	20.3	-9.2	2.0	-84.5	85.2	27.6	-225.6	-3.9	4551.4	629.0	-116.2	
94.20	89.5	20.1	-7.4	2.0	-84.7	85.3	31.8	-227.7	-4.2	4549.6	680.9	-110.1	
94.25	89.7	19.9	-5.1	2.0	-83.5	85.4	32.3	-224.2	-4.8	4469.2	642.3	-101.0	
94.30	89.9	19.7	-5.6	2.0	-81.3	85.5	27.5	-214.2	-4.2	4356.3	466.8	-100.4	
94.35	90.1	19.7	-5.1	2.0	-79.7	85.6	20.6	-209.6	-2.0	4277.2	212.9	-97.2	
94.40	90.3	19.7	-5.3	2.0	-79.3	85.7	13.2	-213.2	-1.7	4238.0	-29.8	-97.4	
94.45	90.5	19.8	-6.7	2.0	-79.4	85.8	5.0	-216.0	-2.3	4229.8	-268.1	-102.5	
94.50	90.8	19.5	-6.9	2.0	-80.3	85.9	-1.7	-219.4	-0.1	4271.8	-486.4	-104.1	
94.55	91.0	19.1	-5.9	2.0	-80.8	86.0	1.2	-224.3	3.8	4288.3	-551.7	-101.1	
94.60	91.2	19.0	-4.2	2.0	-80.2	86.1	6.0	-224.7	7.3	4235.7	-541.3	-94.6	
94.65	91.4	18.5	-2.4	2.0	-78.9	86.2	5.5	-218.2	10.3	4149.6	-577.9	-87.0	
94.70	91.6	18.1	-0.1	2.0	-76.7	86.3	3.4	-208.6	12.0	3999.7	-630.4	-77.2	
94.75	91.8	18.0	5.6	2.0	-75.2	86.4	5.6	-207.0	14.7	3884.2	-652.8	-56.0	
94.80	92.0	18.2	3.5	2.0	-75.3	86.5	10.0	-207.3	19.8	3873.5	-709.8	-63.2	
94.85	92.2	18.4	3.8	2.0	-78.3	86.6	6.1	-211.9	23.2	4073.1	-791.1	-65.1	
94.90	92.4	18.5	1.7	2.0	-80.5	86.7	4.5	-217.8	21.1	4241.4	-725.9	-74.5	
94.95	92.6	18.4	-1.0	2.0	-82.0	86.8	4.5	-226.8	20.2	4345.2	-647.4	-85.4	
95.00	92.8	18.2	-1.2	2.0	-82.7	86.9	1.6	-230.7	21.7	4385.6	-624.5	-86.9	
95.05	93.0	18.2	-1.7	2.0	-81.3	87.0	2.9	-223.8	20.9	4318.1	-500.1	-87.2	
95.10	93.2	17.8	-1.4	2.0	-79.9	87.1	10.3	-215.9	19.9	4251.3	-283.8	-84.7	
95.15	93.4	17.4	-1.0	2.0	-80.0	87.2	16.2	-213.9	20.1	4272.0	-91.0	-83.4	
95.20	93.6	17.0	-1.1	2.0	-81.3	87.3	17.5	-217.1	19.7	4367.3	41.9	-85.2	
95.25	93.8	17.1	-2.5	2.0	-83.9	87.4	21.9	-225.9	18.6	4533.8	200.5	-92.5	
95.30	94.0	17.4	-2.8	2.0	-87.4	87.5	29.2	-234.5	19.5	4755.0	384.8	-96.9	
95.35	94.1	17.9	-2.6	2.0	-90.1	87.6	34.4	-235.2	19.8	4944.6	552.9	-99.1	
95.40	94.3	18.2	-1.3	2.0	-91.5	87.7	37.3	-233.4	18.9	5038.1	697.5	-96.0	
95.45	94.5	17.9	-0.4	2.0	-92.0	87.8	39.2	-235.2	19.0	5050.8	809.4	-93.4	
95.50	94.7	17.3	-1.2	2.0	-91.9	87.9	37.7	-234.0	20.2	5041.8	845.2	-96.2	
95.55	94.8	17.1	-2.9	2.0	-92.4	88.0	35.0	-230.2	20.5	5094.3	840.0	-102.4	
95.60	95.0	17.8	-2.6	2.0	-93.8	88.1	34.9	-230.8	22.2	5195.5	839.5	-102.9	
95.65	95.2	18.7	-1.1	2.0	-96.0	88.2	35.7	-239.2	26.0	5339.2	810.5	-99.6	
95.70	95.3	18.7	-2.7	2.0	-97.4	88.3	34.4	-244.5	29.0	5444.2	737.8	-106.7	
95.75	95.5	18.9	-2.8	2.0	-97.7	88.4	30.8	-245.8	28.9	5475.1	670.3	-107.5	
95.80	95.6	19.1	-1.1	2.0	-97.7	88.5	31.1	-247.4	30.5	5469.8	647.4	-101.6	
95.85	95.8	19.3	1.4	2.0	-97.8	88.6	37.1	-246.8	36.6	5473.3	640.4	-93.0	
95.90	95.9	19.7	2.7	2.0	-97.5	88.7	41.6	-240.5	40.8	5458.1	646.9	-88.3	
95.95	96.1	19.6	3.2	2.0	-97.2	88.8	40.6	-236.6	40.7	5447.1	643.7	-86.1	
96.00	96.2	18.9	1.7	2.0	-97.5	88.9	36.6	-242.5	41.6	5463.6	560.1	-91.6	
96.05	96.4	19.6	0.3	2.0	-98.3	89.0	30.3	-249.2	42.7	5519.8	406.3	-97.3	
96.10	96.5	20.3	-1.0	2.0	-98.2	89.1	24.0	-248.0	41.2	5534.0	268.0	-101.6	
96.15	96.7	20.8	-1.2	2.0	-97.7	89.2	22.1	-245.8	40.0	5505.4	187.9	-101.8	
96.20	96.8	20.9	-1.2	2.0	-97.2	89.3	20.5	-247.2	40.2	5465.2	108.7	-101.5	
96.25	97.0	20.7	-1.4	2.0	-96.8	89.4	16.8	-247.2	39.2	5434.3	60.9	-101.5	
96.30	97.1	20.5	-1.3	2.0	-95.7	89.5	16.6	-242.0	35.7	5374.0	97.8	-100.3	
96.35	97.3	21.0	0.2	2.0	-95.2	89.6	23.5	-240.7	35.9	5331.1	192.7	-94.3	
96.40	97.4	21.4	1.5	2.0	-95.4	89.7	30.4	-243.4	38.4	5329.8	269.6	-90.2	
96.45	97.5	21.5	1.7	2.0	-96.1	89.8	29.4	-245.9	37.1	5374.8	279.9	-90.3	
96.50	97.7	20.5	-0.2	2.0	-96.4	89.9	24.6	-246.7	32.8	5403.8	258.6	-97.2	
96.55	97.8	20.6	-0.9	2.0	-96.4	90.0	20.5	-249.1	31.2	5404.7	209.2	-99.5	
96.60	97.9	20.9	-1.5	2.0	-95.5	90.1	18.6	-246.9	33.4	5337.9	123.7	-100.6	
96.65	98.0	20.7	-1.6	2.0	-93.3	90.2	15.6	-238.4	34.0	5205.0	41.4	-98.9	
96.70	98.1	21.1	-1.7	2.0	-91.3	90.3	12.3	-231.4	33.6	5068.2	9.1	-97.0	
96.75	98.3	20.9	-1.6	2.0	-90.6	90.4	11.9	-232.3	36.2	5012.9	-2.5	-95.9	
96.80	98.4	19.8	-23.3	1.5	-91.3	90.4	14.3	-235.9	39.8	5055.3	41.7	-106.3	
96.85	98.5	19.7	-16.8	1.1	-92.4	90.5	17.8	-236.6	40.9	5133.6	152.5	-101.9	
96.90	98.6	19.5	-12.0	0.8	-93.6	90.5	23.8	-239.4	43.1	5202.5	258.6	-98.8	
96.95	98.6	19.0	-9.0	0.6	-94.2	90.6	27.4	-243.0	47.9	5232.1	277.4	-98.3	
97.00	98.7	18.4	-6.7	0.5	-93.9	90.6	26.0	-242.2	50.1	5215.1	269.8	-96.8	
97.05	98.8	18.1	-5.3	0.3	-93.6	90.6	24.2	-238.1	49.3	5200.4	294.7	-96.7	
97.10	98.9	18.1	-4.6	0.3	-93.9	90.6	23.9	-236.0	50.1	5227.3	316.2	-98.7	
97.15	99.0	18.3	-5.0	0.2	-95.1	90.7	24.6	-240.2	53.5	5307.1	330.2	-103.9	
97.20	99.1	18.1	-5.2	0.1	-96.5	90.7	23.1	-243.3	54.0	5399.5	363.7	-108.1	
97.25	99.2	18.0	-5.4	0.1	-97.0	90.7	21.1	-242.8	50.4	5433.5	442.7	-110.7	
97.30	99.3	18.2	-5.0	0.1	-97.1	90.7	22.1	-246.1	49.4	5424.6	534.7	-111.0	
97.35	99.4	18.3	-5.0	0.1	-96.8	90.7	26.4	-247.9	51.3	5386.4	615.0	-111.6	
97.40	99.5	18.4	-4.3	0.0	-95.9	90.7	29.2	-241.6	50.5	5323.0	705.8	-108.7	
97.45	99.6	18.6	-3.4	0.0	-94.7	90.7	30.9	-234.5	47.0	5244.1	798.9	-105.1	
97.50	99.7	20.0	-3.4	0.0	-93.7	90.7	32.8	-234.2	46.7	5163.9	803.0	-104.3	
97.55	99.8	20.5	-4.2	0.0	-93.0	90.7	31.9	-236.3	47.6	5119.8	729.9	-106.5	
97.60	99.9	19.7	-3.4	0.0	-92.7	90.7	28.9	-234.2	44.7	5107.1	696.2	-103.9	
97.65	100.0	19.2	-3.2	0.0	-92.9	90.7	28.0	-232.9	42.0	5127.9	691.7	-103.4	
97.70	100.1	19.1	-3.4	0.0	-93.5	90.7	26.6	-236.2	42.4	5176.2	627.2	-104.8	
97.75	100.2	19.3	-4.2	0.0	-93.6	90.7	21.0	-239.6	41.7	5192.3	494.4	-107.9	
97.80	100.3	18.9	-4.0	0.0	-93.8	90.7	15.8	-241.5	40.6	5215.9	353.1	-107.2	
97.85	100.3	18.6	-3.2	0.0	-94.3	90.7	14.2	-241.3	41.8	5257.5	232.8	-105.0	
97.90	100.4	18.3	-2.8	0.0	-95.1	90.7	13.7	-241.5	45.5	5319.2	107.1	-104.7	
97.95	100.5	17.8	-2.6	0.0	-95.4	90.7	10.1	-241.0	46.7	5343.6	-36.8	-104.3	
98.00	100.5	17.8	-1.6	0.0	-94.7	90.7	5.3	-239.8	47.4	5292.6	-193.8	-100.1	
98.05	100.6	17.8	-0.9	0.0	-93.6	90.7	4.5	-238.6	50.8	5198.7	-333.8	-96.7	
98.10	100.6	17.7	0.5	0.0	-92.6	90.7	6.1	-236.4	53.7	5122.3	-403.8	-90.8	
98.15	100.7	17.4	1.8	0.0	-92.0	90.7	8.0	-232.6	55.2	5088.8	-417.7	-85.8	
98.20	100.7	17.2	1.6	0.0	-92.0	90.7	7.2	-232.5	56.9	5083.9	-458.1	-86.6	
98.25	100.8	17.5	0.7	0.0	-91.9	90.7	5.0	-234.9	56.9	5063.5	-509.3	-89.6	
98.30	100.9	17.3	0.9	0.0	-91.4	90.7	3.5	-233.8	56.2	5024.8	-531.1	-88.3	
98.35	100.9	17.0	1.6	0.0	-91.3	90.7	1.9	-230.7	57.0	5028.1	-547.3	-85.7	
98.40	101.0	17.1	1.4	0.0	-92.3	90.7	1.9	-230.6	58.7	5105.6	-537.4	-87.7	
98.45	101.0	17.5	-0.3	0.0	-93.7	90.7	2.7	-232.3	56.7	5212.8	-443.0	-94.8	
98.50	101.1	17.9	-1.1	0.0	-95.3	90.7	2.7	-236.7	52.7	5338.5	-307.5	-99.1	
98.55	101.1	18.5	-1.3	0.0	-97.6	90.7	6.0	-243.5	52.3	5494.7	-159.3	-102.0	
98.60	101.2	18.0	-1.1	0.0	-99.3	90.7	15.1	-245.4	53.4	5620.0	54.9	-103.1	
98.65	101.2	17.9	-0.9	0.0	-100.0	90.7	24.6	-241.3	51.2	5674.7	329.4	-102.9	
98.70	101.3	18.3	-0.5	0.0	-100.8	90.7	29.5	-241.6	48.4	5720.9	556.2	-102.7	
98.75	101.3	17.7	-0.9	0.0	-102.2	90.7	31.0	-248.4	49.5	5792.2	686.5	-105.3	
98.80	101.3	17.4	-1.0	0.0	-103.3	90.7	33.2	-250.6	49.5	5846.3	820.4	-106.6	
98.85	101.4	17.6	-1.7	0.0	-103.4	90.7	34.2	-245.3	46.4	5852.4	952.0	-109.3	
98.90	101.4	17.4	-2.4	0.0	-103.6	90.7	34.6	-244.3	47.1	5867.0	991.5	-111.8	
98.95	101.4	17.3	-3.6	0.0	-103.7	90.7	33.9	-247.9	50.6	5867.5	957.5	-116.3	
99.00	101.4	17.3	-3.9	0.0	-102.6	90.7	32.6	-244.7	50.2	5792.6	971.7	-116.2	
99.05	101.5	17.3	-3.4	0.0	-101.2	90.7	33.2	-237.9	49.0	5692.9	1028.0	-113.0	
99.10	101.5	17.3	-2.7	0.0	-100.2	90.7	35.4	-235.6	52.6	5622.5	1026.7	-109.6	
99.15	101.5	17.2	-1.8	0.0	-99.5	90.7	37.1	-236.9	57.9	5568.3	962.1	-105.7	
99.20	101.5	15.9	-1.7	0.0	-99.3	90.7	38.1	-240.8	58.9	5547.0	913.0	-105.2	
99.25	101.5	15.3	-2.5	0.0	-99.8	90.7	36.7	-244.8	60.0	5589.4	829.9	-108.3	
99.30	101.5	15.2	-2.3	0.0	-100.7	90.7	34.5	-247.8	62.1	5658.1	736.9	-108.6	
99.35	101.6	15.6	-1.7	0.0	-100.6	90.7	33.3	-248.7	62.0	5662.0	661.9	-106.3	
99.40	101.6	15.8	-1.4	0.0	-99.4	90.7	30.7	-246.9	61.4	5587.8	528.5	-104.3	
99.45	101.6	16.0	-2.0	0.0	-97.8	90.7	25.7	-243.6	63.1	5490.7	329.4	-104.7	
99.50	101.6	16.3	-1.5	0.0	-96.3	90.7	21.0	-240.0	63.1	5395.7	193.1	-101.3	
99.55	101.6	16.4	-1.1	0.0	-95.1	90.7	18.8	-237.8	58.8	5318.1	160.3	-99.0	
99.60	101.6	16.4	-1.7	0.0	-95.6	90.7	18.1	-241.9	57.6	5348.7	106.9	-101.6	
99.65	101.6	16.3	-2.2	0.0	-97.2	90.7	17.4	-247.3	60.3	5447.1	24.4	-104.8	
99.70	101.6	16.5	-0.9	0.0	-97.6	90.7	21.0	-247.7	58.8	5475.8	85.3	-100.6	
99.75	101.6	16.6	1.1	0.0	-96.9	90.7	26.5	-245.9	54.6	5425.3	221.0	-93.1	
99.80	101.7	16.5	0.5	0.0	-95.5	90.7	26.0	-241.2	53.4	5336.0	223.2	-93.6	
99.85	101.7	16.3	0.1	0.0	-94.0	90.7	22.8	-236.0	52.7	5240.1	173.6	-93.5	
99.90	101.7	16.4	0.7	0.0	-92.9	90.7	24.1	-233.3	49.8	5164.1	227.9	-90.4	
99.95	101.6	17.2	0.2	0.0	-93.4	90.7	25.3	-233.9	48.3	5202.1	274.9	-92.6	
100.00	101.6	17.3	-1.9	0.0	-95.1	90.7	22.2	-236.3	49.6	5327.8	244.1	-101.6	
100.05	101.6	17.6	-2.7	0.0	-97.0	90.7	20.2	-241.1	49.3	5454.1	270.4	-106.4	
100.10	101.6	18.3	-2.5	0.0	-97.4	90.7	23.1	-242.5	48.4	5473.6	373.7	-106.0	
100.15	101.6	17.3	-1.7	0.0	-96.3	90.7	26.8	-237.4	50.3	5400.0	445.6	-102.1	
100.20	101.6	16.3	-1.0	0.0	-94.9	90.7	29.5	-231.7	53.0	5301.1	496.4	-98.5	
100.25	101.6	15.6	0.4	0.0	-93.8	90.7	32.5	-228.0	53.7	5212.5	600.2	-92.4	
100.30	101.6	15.7	1.1	0.0	-94.3	90.7	35.2	-230.4	54.1	5234.4	702.0	-90.7	
100.35	101.5	16.3	-0.3	0.0	-96.2	90.7	38.1	-236.8	57.9	5347.0	744.8	-97.1	
100.40	101.5	17.2	-0.7	0.0	-98.4	90.7	41.2	-243.2	62.2	5483.9	797.1	-100.7	
100.45	101.5	17.4	-1.1	0.0	-99.4	90.7	42.3	-244.6	62.6	5544.9	861.9	-103.3	
100.50	101.5	17.3	-2.0	0.0	-97.8	90.7	38.7	-237.7	61.0	5451.6	837.1	-104.7	
100.55	101.5	17.0	-2.8	0.0	-94.9	90.7	34.3	-230.1	61.2	5264.2	752.6	-104.3	
100.60	101.5	17.3	-2.5	0.0	-92.6	90.7	33.4	-229.5	61.7	5100.4	717.5	-101.3	
100.65	101.5	18.0	-2.9	0.0	-91.9	90.7	34.0	-230.6	60.2	5035.4	751.1	-101.7	
100.70	101.5	18.7	-3.8	0.0	-92.6	90.7	34.4	-230.2	58.3	5080.0	811.8	-105.5	
100.75	101.5	19.3	-3.9	0.0	-94.2	90.7	37.7	-235.7	58.1	5172.2	901.6	-107.4	
100.80	101.5	19.7	-2.8	0.0	-95.4	90.7	43.3	-243.3	58.1	5219.2	1010.8	-105.1	
100.85	101.5	19.8	-1.9	0.0	-94.8	90.7	46.5	-241.6	57.8	5169.2	1069.2	-101.3	
100.90	101.5	19.1	-2.1	0.0	-92.0	90.7	44.4	-228.0	55.7	5000.7	1042.0	-99.4	
100.95	101.5	18.7	-1.7	0.0	-88.5	90.7	40.3	-217.3	52.0	4777.0	968.4	-94.4	
101.00	101.5	18.4	-1.4	0.0	-86.5	90.7	36.4	-219.0	49.1	4644.4	850.0	-91.4	
101.05	101.5	18.3	-3.1	0.0	-87.3	90.7	31.3	-226.9	49.0	4714.0	686.3	-97.8	
101.10	101.5	18.6	-4.2	0.0	-90.0	90.7	26.8	-230.7	48.5	4921.9	582.4	-104.4	
101.15	101.5	18.8	-3.8	0.0	-92.3	90.7	27.6	-235.7	48.5	5087.7	589.2	-105.5	
101.20	101.5	18.9	-3.0	0.0	-92.4	90.7	30.0	-240.4	50.6	5079.0	599.9	-102.8	
101.25	101.5	19.1	-1.8	0.0	-90.1	90.7	27.5	-236.1	52.1	4921.9	509.7	-96.2	
101.30	101.5	19.3	0.2	0.0	-86.9	90.7	24.4	-225.5	51.8	4721.6	404.8	-86.1	
101.35	101.5	19.4	0.8	0.0	-84.2	90.7	26.6	-216.1	52.5	4549.3	337.0	-81.4	
101.40	101.5	19.3	2.0	0.0	-84.4	90.7	25.4	-216.3	55.2	4567.4	199.9	-77.4	
101.45	101.5	19.8	0.4	0.0	-85.4	90.7	19.7	-216.2	56.5	4651.5	4.2	-84.0	
101.50	101.5	20.6	-0.4	0.0	-85.5	90.7	12.8	-215.9	56.9	4657.0	-166.5	-86.9	
101.55	101.5	20.4	0.4	0.0	-84.6	90.7	11.5	-220.6	60.0	4568.6	-256.2	-83.2	
101.60	101.5	20.5	1.1	0.0	-83.0	90.7	12.2	-220.5	65.0	4438.6	-326.3	-79.2	
101.65	101.6	20.7	1.5	0.0	-80.5	90.7	8.8	-207.9	64.0	4285.2	-355.1	-75.3	
101.70	101.6	20.9	2.9	0.0	-78.7	90.7	9.0	-201.3	58.7	4175.9	-270.1	-68.6	
101.75	101.6	20.8	2.3	0.0	-79.6	90.7	13.8	-212.0	59.3	4216.5	-228.4	-71.7	
101.80	101.7	20.7	0.8	0.0	-83.1	90.7	16.1	-224.3	63.2	4437.2	-244.9	-80.5	
101.85	101.7	20.8	-0.2	0.0	-86.5	90.7	16.3	-225.2	61.9	4697.5	-149.2	-87.1	
101.90	101.7	21.3	0.3	0.0	-87.8	90.7	18.1	-221.8	59.9	4809.6	-7.0	-86.8	
101.95	101.8	21.6	1.0	0.0	-86.4	90.7	17.9	-220.6	61.2	4706.0	29.0	-83.0	
102.00	101.8	21.6	0.7	0.0	-84.1	90.7	15.3	-222.1	61.2	4535.1	17.2	-81.7	
102.05	101.9	21.3	-0.9	0.0	-82.9	90.7	14.4	-219.1	58.5	4447.4	76.0	-85.8	
102.10	101.9	21.2	-1.3	0.0	-83.7	90.7	19.5	-217.6	55.4	4507.9	291.6	-88.1	
102.15	101.9	20.9	-1.6	0.0	-85.6	90.7	27.7	-220.2	52.5	4621.0	554.8	-91.0	
102.20	102.0	20.6	-5.6	0.0	-87.2	90.7	29.7	-226.2	52.5	4717.2	641.9	-106.5	
102.25	102.0	20.1	-4.0	0.0	-86.6	90.7	25.9	-226.4	54.5	4675.2	604.7	-100.5	
102.30	102.0	19.5	-3.8	0.0	-84.6	90.7	24.7	-222.6	55.5	4529.0	602.2	-97.6	
102.35	102.1	19.1	-2.7	0.0	-82.4	90.7	24.5	-211.8	55.9	4395.3	579.6	-91.7	
102.40	102.1	18.6	-1.6	0.0	-81.3	90.7	21.5	-202.6	56.5	4350.2	500.3	-87.0	
102.45	102.1	18.1	-0.8	0.0	-81.9	90.7	18.7	-207.0	57.8	4394.9	393.7	-84.8	
102.50	102.1	17.5	-2.0	0.0	-83.2	90.7	19.4	-216.8	59.1	4467.7	315.3	-89.9	
102.55	102.2	17.6	-1.6	0.0	-83.9	90.7	19.6	-217.1	59.1	4523.6	276.8	-89.2	
102.60	102.2	17.8	-1.4	0.0	-83.9	90.7	19.3	-212.9	60.7	4532.7	246.3	-88.8	
102.65	102.3	18.1	1.5	0.0	-82.7	90.7	21.2	-211.9	66.1	4448.8	188.0	-77.4	
102.70	102.3	18.5	2.8	0.0	-80.5	90.7	20.1	-211.7	69.0	4280.5	81.2	-70.9	
102.75	102.3	18.5	1.9	0.0	-78.2	90.7	11.5	-207.0	68.0	4121.3	-122.0	-71.5	
102.80	102.4	18.0	1.5	0.0	-78.0	90.7	3.9	-205.4	67.6	4103.6	-348.3	-73.1	
102.85	102.4	18.5	1.3	0.0	-79.2	90.7	3.9	-208.1	68.4	4168.6	-466.9	-74.5	
102.90	102.5	18.7	2.7	0.0	-80.4	90.7	6.1	-211.5	67.6	4248.8	-497.8	-71.1	
102.95	102.5	18.8	4.4	0.0	-80.5	90.7	3.6	-210.1	65.8	4252.8	-555.3	-65.2	
103.00	102.6	19.1	1.3	0.0	-79.2	90.7	0.8	-209.3	64.8	4159.8	-581.6	-74.7	
103.05	102.7	19.2	1.8	0.0	-77.3	90.7	3.1	-207.3	65.2	4027.4	-516.6	-71.3	
103.10	102.7	19.3	3.7	0.0	-75.8	90.7	9.2	-202.1	64.9	3945.5	-377.1	-63.2	
103.15	102.8	19.6	4.9	0.0	-75.6	90.7	13.1	-198.8	62.8	3948.7	-240.1	-58.8	
103.20	102.9	19.6	4.9	0.0	-77.3	90.7	13.5	-206.8	61.1	4059.6	-169.7	-60.6	
103.25	102.9	19.4	1.5	0.0	-80.4	90.7	12.7	-220.2	59.4	4256.8	-138.8	-75.3	
103.30	103.0	19.5	-2.2	0.0	-83.0	90.7	12.9	-223.1	56.8	4445.9	-56.6	-90.5	
103.35	103.0	19.3	-0.7	0.0	-84.0	90.7	16.1	-217.5	55.3	4538.1	104.8	-86.4	
103.40	103.1	19.2	0.3	0.0	-83.7	90.7	21.4	-215.8	58.3	4512.3	242.6	-82.5	
103.45	103.1	20.1	1.4	0.0	-82.5	90.7	21.2	-214.2	60.7	4423.6	282.4	-77.6	
103.50	103.2	20.4	-1.7	0.0	-80.9	90.7	16.2	-207.2	57.3	4323.0	331.7	-86.8	
103.55	103.2	20.3	-0.9	0.0	-81.1	90.7	18.1	-205.7	56.2	4334.0	450.7	-84.1	
103.60	103.2	19.4	0.7	0.0	-83.3	90.7	28.4	-213.9	61.1	4451.0	605.9	-80.8	
103.65	103.3	18.9	0.9	0.0	-85.3	90.7	35.5	-219.0	64.9	4565.3	718.7	-82.3	
103.70	103.3	18.3	-1.4	0.0	-85.6	90.7	34.1	-216.0	63.1	4594.9	747.4	-90.5	
103.75	103.4	17.6	-1.8	0.0	-84.8	90.7	31.3	-213.1	63.1	4550.6	716.8	-90.9	
103.80	103.4	17.8	0.3	0.0	-84.2	90.7	33.3	-213.5	69.1	4496.0	690.4	-83.1	
103.85	103.4	18.1	2.3	0.0	-83.6	90.7	35.0	-208.7	72.9	4465.7	670.3	-75.7	
103.90	103.5	18.1	2.0	0.0	-83.6	90.7	31.4	-203.1	70.3	4496.8	622.7	-76.7	
103.95	103.5	18.7	-0.3	0.0	-84.9	90.7	25.4	-208.6	68.4	4591.5	516.9	-85.9	
104.00	103.6	18.8	-1.9	0.0	-86.7	90.7	23.8	-220.8	71.0	4705.1	410.5	-93.3	
104.05	103.6	18.1	-1.2	0.0	-87.4	90.7	27.1	-224.3	72.0	4749.6	408.3	-91.7	
104.10	103.7	17.9	0.5	0.0	-86.7	90.7	29.8	-219.0	69.3	4701.1	468.2	-84.8	
104.15	103.8	18.2	0.5	0.0	-85.3	90.7	28.9	-216.0	68.8	4606.8	428.2	-83.5	
104.20	103.8	19.2	0.1	0.0	-83.8	90.7	26.0	-216.2	69.4	4506.7	316.4	-83.4	
104.25	103.9	18.8	0.9	0.0	-82.2	90.7	25.0	-211.4	66.8	4403.6	274.8	-79.2	
104.30	103.9	18.4	3.0	0.0	-81.9	90.7	28.1	-208.1	64.8	4387.7	300.5	-71.7	
104.35	104.0	18.2	3.0	0.0	-83.1	90.7	30.6	-211.6	65.0	4464.9	305.1	-72.6	
104.40	104.0	18.8	1.4	0.0	-83.6	90.7	27.5	-212.7	63.4	4511.2	270.7	-79.0	
104.45	104.0	19.3	0.8	0.0	-82.8	90.7	23.7	-209.2	58.6	4460.0	270.1	-80.0	
104.50	104.1	19.6	1.1	0.0	-80.7	90.7	23.9	-204.6	57.7	4315.8	275.8	-76.9	
104.55	104.1	19.6	2.4	0.0	-78.9	90.7	25.2	-202.8	61.9	4182.7	246.6	-70.8	
104.60	104.2	19.5	1.2	0.0	-77.7	90.7	24.6	-199.8	62.6	4100.8	228.3	-73.7	
104.65	104.2	19.6	-0.0	0.0	-78.0	90.7	22.7	-200.0	59.8	4123.9	238.6	-78.0	
104.70	104.3	20.0	-0.2	0.0	-79.8	90.7	23.4	-207.1	61.1	4239.7	270.9	-80.4	
104.75	104.3	19.8	0.5	0.0	-81.7	90.7	28.3	-214.0	66.4	4353.2	340.8	-79.9	
104.80	104.3	19.4	1.0	0.0	-81.5	90.7	33.9	-209.1	67.6	4336.7	458.2	-77.9	
104.85	104.4	19.1	1.2	0.0	-79.1	90.7	34.9	-196.7	66.0	4184.7	538.8	-75.1	
104.90	104.4	19.2	0.8	0.0	-76.6	90.7	33.2	-189.8	69.2	4008.8	521.9	-73.7	
104.95	104.5	19.8	0.7	0.0	-75.4	90.7	33.2	-191.2	73.9	3911.0	509.1	-72.9	
105.00	104.5	20.8	0.3	0.0	-75.3	90.7	34.0	-191.8	73.0	3897.1	572.7	-74.2	
105.05	104.6	20.7	-1.4	0.0	-76.6	90.7	34.2	-194.3	71.4	3980.5	619.2	-81.2	
105.10	104.6	20.6	-3.7	0.0	-78.6	90.7	35.6	-203.1	75.5	4106.8	606.9	-91.4	
105.15	104.7	21.4	-2.1	0.0	-79.1	90.7	39.0	-207.9	78.9	4120.1	674.3	-86.4	
105.20	104.7	20.9	-1.4	0.0	-77.6	90.7	43.0	-202.0	76.0	3985.5	856.6	-82.3	
105.25	104.8	20.4	-1.4	0.0	-76.0	90.7	44.8	-193.8	73.0	3858.5	981.7	-81.0	
105.30	104.9	20.3	-2.1	0.0	-76.0	90.7	43.8	-194.3	74.8	3850.6	988.8	-83.4	
105.35	104.9	20.5	-2.6	0.0	-77.4	90.7	44.9	-199.0	75.1	3940.1	1007.7	-86.4	
105.40	105.0	21.1	-3.0	0.0	-79.5	90.7	47.4	-201.8	71.8	4081.9	1069.2	-89.9	
105.45	105.1	22.2	-3.3	0.0	-81.0	90.7	46.7	-202.5	70.2	4194.6	1091.1	-92.5	
105.50	105.1	21.9	-4.1	0.0	-81.3	90.7	43.4	-206.8	70.6	4217.7	1043.1	-95.5	
105.55	105.2	21.6	-5.0	0.0	-79.4	90.7	41.2	-206.7	69.2	4086.6	985.2	-96.5	
105.60	105.3	21.2	-4.1	0.0	-76.3	90.7	40.5	-197.5	66.3	3880.2	952.9	-90.4	
105.65	105.3	21.8	-2.6	0.0	-74.2	90.7	42.2	-189.1	67.1	3745.6	929.2	-83.0	
105.70	105.4	21.8	-1.0	0.0	-74.4	90.7	44.4	-192.5	69.4	3757.4	912.6	-77.9	
105.75	105.5	21.3	-1.8	0.0	-75.3	90.7	42.2	-197.0	68.4	3822.5	862.0	-81.5	
105.80	105.5	22.4	-4.0	0.0	-75.4	90.7	36.5	-196.4	67.1	3869.6	732.2	-89.1	
105.85	105.6	23.0	-2.8	0.0	-75.5	90.7	35.0	-196.9	71.2	3894.0	585.0	-85.0	
105.90	105.6	23.3	-0.5	0.0	-75.1	90.7	37.0	-197.4	76.9	3871.1	482.7	-76.8	
105.95	105.7	22.8	0.3	0.0	-74.4	90.7	34.0	-194.1	78.0	3839.2	360.8	-73.4	
106.00	105.7	23.4	-0.7	0.0	-73.3	90.7	26.3	-187.9	76.4	3791.2	197.9	-75.7	
106.05	105.8	24.2	0.1	0.0	-72.7	90.7	21.9	-187.7	77.5	3756.4	78.9	-72.2	
106.10	105.9	24.7	1.7	0.0	-73.6	90.7	23.9	-194.6	81.1	3798.3	13.4	-67.9	
106.15	105.9	24.7	0.7	0.0	-75.1	90.7	26.2	-198.2	84.8	3901.7	-44.0	-72.6	
106.20	106.0	24.6	0.2	0.0	-77.0	90.7	24.7	-201.2	84.2	4035.7	-61.7	-76.2	
106.25	106.0	24.8	0.9	0.0	-77.9	90.7	22.9	-204.7	82.7	4096.1	-37.9	-74.8	
106.30	106.1	24.4	1.3	0.0	-76.8	90.7	21.9	-202.2	83.9	4017.5	-57.7	-72.2	
106.35	106.2	23.8	1.8	0.0	-74.5	90.7	22.5	-193.9	85.8	3864.1	-94.1	-68.3	
106.40	106.2	23.1	1.9	0.0	-72.9	90.7	24.4	-188.1	85.2	3758.7	-70.6	-66.3	
106.45	106.3	23.5	2.1	0.0	-73.4	90.7	24.1	-190.1	82.9	3794.4	-0.6	-66.3	
106.50	106.4	23.7	0.2	0.0	-75.7	90.7	21.4	-197.1	80.9	3951.3	76.7	-74.9	
106.55	106.5	23.7	-1.3	0.0	-77.6	90.7	21.4	-201.5	80.2	4080.0	170.8	-82.1	
106.60	106.5	23.5	-1.8	0.0	-78.5	90.7	27.5	-205.3	80.1	4125.0	317.0	-84.7	
106.65	106.6	23.0	-1.2	0.0	-78.7	90.7	32.7	-207.2	81.4	4116.9	454.7	-82.6	
106.70	106.7	22.2	-1.2	0.0	-78.9	90.7	32.3	-205.2	81.1	4127.4	554.0	-83.1	
106.75	106.7	21.5	-2.1	0.0	-79.3	90.7	31.3	-201.3	78.5	4154.0	671.8	-86.4	
106.80	106.8	21.3	-2.0	0.0	-79.5	90.7	32.0	-200.4	74.9	4157.8	774.8	-86.5	
106.85	106.9	21.5	-3.0	0.0	-79.8	90.7	33.7	-203.1	76.8	4175.8	766.4	-90.2	
106.90	106.9	22.1	-3.9	0.0	-81.5	90.7	35.6	-208.6	82.7	4287.2	719.7	-94.8	
106.95	107.0	22.4	-3.5	0.0	-82.9	90.7	36.5	-209.6	83.1	4383.4	789.1	-94.9	
107.00	107.1	22.4	-2.7	0.0	-82.8	90.7	35.5	-207.0	78.8	4371.0	887.1	-92.2	
107.05	107.1	22.2	-4.4	0.0	-81.6	90.7	34.3	-207.0	80.7	4281.8	837.0	-96.8	
107.10	107.2	21.8	-3.3	0.0	-80.2	90.7	34.4	-208.3	87.8	4192.3	715.8	-91.6	
107.15	107.2	21.6	-1.9	0.0	-80.2	90.7	37.6	-208.6	89.0	4180.2	725.3	-86.6	
107.20	107.3	22.0	-1.7	0.0	-81.5	90.7	37.3	-207.5	86.8	4287.6	742.8	-87.3	
107.25	107.3	22.3	-3.0	0.0	-83.7	90.7	31.6	-212.1	88.6	4463.8	627.2	-94.1	
107.30	107.4	21.9	-3.1	0.0	-84.4	90.7	25.9	-216.6	91.9	4519.7	464.4	-95.0	
107.35	107.4	21.2	-1.5	0.0	-82.6	90.7	23.5	-213.3	91.2	4405.4	354.1	-87.7	
107.40	107.5	21.2	-0.6	0.0	-80.2	90.7	21.8	-204.5	92.1	4254.7	234.3	-82.1	
107.45	107.5	21.6	0.2	0.0	-79.2	90.7	19.5	-200.7	95.1	4194.8	127.2	-78.6	
107.50	107.6	22.1	-0.7	0.0	-79.7	90.7	19.4	-204.2	92.0	4224.5	144.5	-82.0	
107.55	107.6	22.6	-1.6	0.0	-80.8	90.7	19.8	-209.0	86.1	4299.3	180.9	-86.2	
107.60	107.7	22.3	-1.7	0.0	-82.6	90.7	20.6	-215.4	86.6	4412.3	127.4	-88.5	
107.65	107.7	21.7	-1.2	0.0	-83.5	90.7	23.4	-218.6	90.5	4473.1	73.3	-87.7	
107.70	107.8	20.6	0.6	0.0	-82.4	90.7	23.6	-212.4	87.8	4407.1	112.9	-80.4	
107.75	107.8	20.7	0.5	0.0	-80.0	90.7	17.5	-202.7	81.2	4263.4	106.9	-78.2	
107.80	107.9	21.0	-0.6	0.0	-79.2	90.7	9.8	-202.7	80.8	4204.3	-58.0	-81.3	
107.85	107.9	21.5	-1.3	0.0	-80.6	90.7	8.9	-210.5	84.3	4277.7	-170.8	-85.2	
107.90	108.0	21.9	-0.6	0.0	-82.9	90.7	12.4	-214.8	81.6	4442.0	-99.4	-85.0	
107.95	108.0	22.1	-1.2	0.0	-86.1	90.7	14.4	-218.6	77.2	4684.4	-9.3	-90.1	
108.00	108.0	22.3	-2.7	0.0	-88.9	90.7	15.0	-225.1	79.5	4872.9	-2.3	-98.3	
108.05	108.1	22.2	-1.7	0.0	-89.2	90.7	17.2	-229.2	82.7	4877.1	49.2	-94.9	
108.10	108.1	22.7	1.0	0.0	-86.7	90.7	20.9	-220.8	81.9	4711.5	147.1	-83.3	
108.15	108.1	23.9	1.9	0.0	-84.3	90.7	20.8	-208.8	83.1	4564.7	123.7	-77.6	
108.20	108.1	24.1	0.7	0.0	-84.4	90.7	18.7	-209.5	88.3	4567.3	14.4	-82.0	
108.25	108.1	23.9	-0.2	0.0	-85.6	90.7	17.7	-215.9	89.0	4639.7	-9.9	-86.3	
108.30	108.1	23.2	-0.7	0.0	-86.0	90.7	16.8	-216.4	85.3	4674.9	18.7	-88.3	
108.35	108.2	22.4	-1.9	0.0	-85.6	90.7	16.4	-214.1	86.5	4645.1	15.9	-92.0	
108.40	108.2	21.6	-2.5	0.0	-84.4	90.7	18.9	-215.0	91.1	4550.3	33.6	-93.1	
108.45	108.2	20.9	-1.7	0.0	-81.8	90.7	22.4	-208.6	92.2	4372.9	134.0	-87.8	
108.50	108.2	21.5	-0.5	0.0	-79.8	90.7	23.5	-200.8	89.4	4238.3	260.7	-81.6	
108.55	108.2	21.7	-0.9	0.0	-80.1	90.7	25.5	-203.5	90.3	4248.6	330.0	-83.2	
108.60	108.3	21.8	-1.5	0.0	-82.3	90.7	28.2	-212.8	93.2	4377.1	358.6	-87.6	
108.65	108.3	22.1	-2.8	0.0	-83.7	90.7	29.7	-214.6	90.5	4475.4	427.1	-93.3	
108.70	108.3	22.0	-4.2	0.0	-84.2	90.7	31.0	-212.3	87.4	4515.1	485.6	-98.5	
108.75	108.3	22.1	-4.7	0.0	-83.9	90.7	31.9	-214.0	89.4	4481.7	508.8	-99.9	
108.80	108.4	22.6	-5.0	0.0	-82.5	90.7	32.6	-214.9	89.6	4363.2	598.8	-99.8	
108.85	108.4	22.4	-4.9	0.0	-80.6	90.7	31.3	-207.9	85.0	4223.9	719.5	-97.6	
108.90	108.4	21.9	-5.5	0.0	-78.8	90.7	31.0	-199.3	82.5	4104.4	782.4	-97.6	
108.95	108.4	21.3	-6.1	0.0	-78.0	90.7	34.0	-200.6	84.9	4032.8	799.2	-98.8	
109.00	108.5	21.3	-6.7	0.0	-78.1	90.7	37.2	-206.6	85.0	4013.0	822.4	-101.1	
109.05	108.5	21.5	-7.6	0.0	-78.0	90.7	35.4	-205.6	80.8	4018.1	811.4	-104.3	
109.10	108.5	21.6	-8.1	0.0	-77.8	90.7	32.5	-203.7	79.2	4013.0	770.0	-105.7	
109.15	108.5	21.2	-6.8	0.0	-77.2	90.7	34.2	-205.3	81.4	3962.8	744.0	-100.4	
109.20	108.5	20.9	-5.7	0.0	-75.8	90.7	36.4	-201.5	83.8	3876.8	690.5	-95.4	
109.25	108.5	20.8	-4.4	0.0	-74.1	90.7	34.3	-191.6	84.9	3792.8	599.1	-89.3	
109.30	108.5	21.3	-3.2	0.0	-73.7	90.7	33.3	-192.0	85.9	3768.8	534.7	-84.7	
109.35	108.5	22.0	-2.6	0.0	-74.2	90.7	32.6	-199.7	86.7	3793.7	469.6	-83.1	
109.40	108.5	22.9	-4.0	0.0	-73.5	90.7	26.2	-196.4	86.5	3764.7	312.3	-87.3	
109.45	108.6	23.2	-5.2	0.0	-71.6	90.7	21.2	-189.7	88.2	3654.7	115.4	-89.3	
109.50	108.6	23.6	-4.4	0.0	-69.5	90.7	22.6	-190.6	91.6	3489.0	-13.5	-84.6	
109.55	108.6	24.2	-3.1	0.0	-67.5	90.7	21.9	-189.6	93.7	3341.6	-115.0	-78.0	
109.60	108.6	23.9	-3.0	0.0	-66.6	90.7	15.8	-183.1	93.6	3288.9	-233.2	-76.9	
109.65	108.6	24.0	-3.0	0.0	-66.7	90.7	16.3	-182.6	94.3	3292.4	-258.7	-76.8	
109.70	108.6	24.5	-1.3	0.0	-67.3	90.7	25.0	-189.1	97.0	3322.3	-161.2	-71.9	
109.75	108.6	23.8	0.1	0.0	-68.3	90.7	30.6	-190.6	98.4	3392.7	-61.5	-67.8	
109.80	108.7	23.1	-0.4	0.0	-68.8	90.7	29.3	-185.5	96.1	3446.3	-9.4	-70.1	
109.85	108.7	22.6	-2.2	0.0	-68.7	90.7	28.0	-185.8	92.3	3440.3	54.2	-76.1	
109.90	108.7	22.6	-3.9	0.0	-68.8	90.7	27.9	-191.0	90.9	3432.9	97.6	-82.2	
109.95	108.8	22.8	-5.7	0.0	-69.6	90.7	26.0	-193.9	90.6	3484.8	104.0	-89.3	
