Time[s]	Rotor azimuth angle[deg]	Hub wind speed magnitude[m/s]	ACTTORQUE1[Nm]	PITRAT1[deg/s]	PITFRIC1[kNm]	PITCH1[deg]	Blade root 1 Fx[KN]	Blade root 1 Fy[KN]	Blade root 1 Fz[KN]	Blade root 1 Mx[kNm]	Blade root 1 My[kNm]	Blade root 1 Mz[kNm]	
END_OF_HEADER
50.00	320.6	25.6	-46.9	-0.6	144.4	24.0	254.5	37.0	433.1	-426.0	8699.3	-41.4	
50.05	323.3	25.7	-50.2	-0.5	141.2	23.9	249.1	28.1	422.1	19.5	8498.3	-45.6	
50.10	325.9	25.8	-53.0	-0.4	139.1	23.9	244.1	23.7	413.1	584.2	8342.2	-46.5	
50.15	328.5	24.8	-51.8	-0.4	138.6	23.9	241.6	-0.3	409.8	1236.5	8244.0	-43.9	
50.20	331.2	24.5	-47.5	-0.3	140.1	23.9	245.7	-19.7	405.1	1692.2	8266.5	-35.6	
50.25	333.8	25.0	-44.4	-0.1	141.2	23.9	252.0	-9.6	399.2	1809.5	8317.5	-29.3	
50.30	336.4	25.0	-44.4	-0.1	139.6	23.9	247.8	1.5	389.9	1651.0	8241.6	-17.5	
50.35	339.1	24.8	-41.4	-0.2	134.6	23.8	229.0	2.5	379.9	1548.9	7943.8	1.6	
50.40	341.7	24.2	-33.8	-0.3	127.2	23.8	203.2	-2.7	373.8	1603.2	7438.4	24.4	
50.45	344.4	23.7	-28.3	-0.3	120.1	23.8	183.4	-12.4	373.8	1693.5	6923.8	30.8	
50.50	347.0	23.4	-32.6	-0.4	117.5	23.8	178.2	-23.7	377.9	1955.7	6660.2	8.9	
50.55	349.7	23.3	-41.4	-0.4	120.9	23.8	185.1	-38.1	375.9	2219.7	6822.3	-24.0	
50.60	352.4	23.9	-48.7	-0.3	129.3	23.8	205.3	-62.7	372.2	2415.3	7350.1	-49.4	
50.65	355.0	24.7	-56.8	-0.2	137.6	23.8	229.0	-89.1	374.6	2521.0	7881.7	-70.2	
50.70	357.7	25.5	-64.0	-0.0	141.7	23.8	244.2	-99.4	376.1	2476.8	8167.0	-92.4	
50.75	0.4	25.4	14.3	0.1	-139.3	23.8	241.3	-91.6	374.5	2235.1	8065.7	-104.3	
50.80	3.0	26.1	14.4	0.1	-134.7	23.8	228.9	-84.4	371.3	2062.2	7792.8	-95.1	
50.85	5.7	26.8	15.8	0.2	-134.2	23.8	224.5	-102.4	374.1	2453.6	7631.8	-87.5	
50.90	8.3	27.0	12.7	0.2	-137.5	23.8	226.8	-134.3	381.4	3180.0	7564.0	-99.0	
50.95	11.0	26.4	11.4	0.2	-140.4	23.8	227.8	-149.6	381.0	3669.1	7559.8	-100.0	
51.00	13.7	25.7	12.5	0.2	-142.4	23.8	227.9	-152.1	377.4	4028.7	7543.1	-92.1	
51.05	16.3	25.3	15.2	0.1	-143.2	23.8	224.9	-164.2	383.9	4479.3	7333.3	-81.7	
51.10	19.0	24.6	16.9	0.0	-142.8	23.8	220.3	-173.0	399.0	4802.8	7068.9	-74.5	
51.15	21.6	24.3	-63.1	-0.1	141.6	23.8	216.2	-162.3	403.6	4757.3	7020.0	-64.1	
51.20	24.3	24.6	-60.8	-0.2	140.1	23.8	211.0	-151.5	402.3	4501.8	7093.6	-53.8	
51.25	27.0	24.2	-63.4	-0.4	138.8	23.8	201.7	-153.8	405.7	4443.5	7032.8	-55.0	
51.30	29.7	23.9	-70.2	-0.6	139.9	23.8	192.4	-179.0	412.7	4853.9	6818.6	-70.5	
51.35	32.3	23.7	-75.3	-0.8	143.1	23.7	182.3	-212.0	418.8	5562.1	6503.1	-89.1	
51.40	35.0	23.6	-75.7	-0.9	146.9	23.7	173.0	-235.2	420.8	6216.8	6233.7	-102.7	
51.45	37.7	23.5	-71.9	-0.8	149.6	23.6	165.0	-255.7	424.9	6722.7	5944.2	-105.8	
51.50	40.3	23.4	-76.2	-0.7	154.8	23.6	165.8	-285.1	431.6	7260.6	5782.1	-126.0	
51.55	43.0	23.0	-81.0	-0.6	158.2	23.6	164.8	-307.6	438.1	7737.4	5482.1	-135.2	
51.60	45.6	22.8	-79.4	-0.5	155.6	23.5	157.3	-306.0	445.3	7866.5	4945.7	-119.0	
51.65	48.2	22.6	-68.8	-0.6	148.9	23.5	145.5	-285.9	452.2	7707.3	4345.2	-77.3	
51.70	50.9	22.1	-60.6	-0.7	146.0	23.5	132.9	-276.4	460.1	7773.6	3833.2	-50.5	
51.75	53.5	22.9	-58.0	-0.8	147.9	23.4	121.8	-291.3	469.2	8096.8	3385.0	-45.3	
51.80	56.1	23.4	-57.4	-0.8	148.9	23.4	117.9	-300.0	479.9	8269.0	3068.9	-43.0	
51.85	58.7	22.6	-61.4	-0.9	150.9	23.4	116.9	-300.6	495.8	8527.7	2744.7	-48.2	
51.90	61.4	22.4	-70.5	-1.0	155.2	23.3	115.2	-321.5	511.1	8898.0	2422.9	-68.5	
51.95	64.0	22.5	-76.5	-1.2	156.0	23.3	108.0	-336.5	522.2	8994.7	2109.5	-88.7	
52.00	66.7	23.0	-70.7	-1.3	144.7	23.2	95.4	-317.0	527.2	8242.1	1846.6	-88.4	
52.05	69.4	23.2	-62.0	-1.3	128.3	23.1	76.2	-285.0	535.1	7152.6	1480.5	-77.9	
52.10	72.0	23.0	-59.7	-1.4	117.8	23.1	53.9	-278.3	546.6	6445.1	1035.8	-73.3	
52.15	74.7	22.4	-59.3	-1.5	111.2	23.0	46.2	-281.5	555.7	5949.8	920.7	-79.9	
52.20	77.4	22.8	-56.5	-1.5	102.8	22.9	49.4	-255.1	568.8	5337.4	1095.7	-95.4	
52.25	80.0	22.8	-55.4	-1.3	101.4	22.8	64.9	-245.3	586.9	5122.8	1513.6	-109.1	
52.30	82.7	22.5	-68.0	-1.1	111.1	22.8	89.9	-280.8	604.1	5543.3	2139.3	-147.1	
52.35	85.3	21.8	-83.8	-1.0	122.8	22.7	115.3	-310.3	620.1	6141.7	2703.8	-181.5	
52.40	88.0	22.5	-86.4	-1.0	123.8	22.7	127.7	-304.2	635.5	6090.0	2981.0	-174.8	
52.45	90.6	23.7	-77.6	-1.1	116.8	22.6	121.4	-274.1	649.8	5573.9	2986.0	-139.4	
52.50	93.2	25.0	-70.7	-1.1	112.0	22.6	105.2	-252.5	661.9	5297.2	2889.3	-119.9	
52.55	95.9	24.6	-58.8	-1.2	108.3	22.5	89.6	-258.1	671.6	5016.5	2799.5	-90.9	
52.60	98.6	24.0	-52.4	-1.2	106.8	22.5	93.4	-249.6	691.3	4855.8	2866.5	-72.9	
52.65	101.2	23.7	-61.2	-1.2	113.4	22.4	116.9	-249.0	723.2	5290.2	3012.4	-94.7	
52.70	103.9	23.6	-76.6	-1.2	126.3	22.3	141.4	-282.4	748.1	6143.9	3190.6	-136.1	
52.75	106.5	23.5	-86.1	-1.2	133.2	22.3	143.3	-298.5	767.4	6730.6	3049.0	-163.4	
52.80	109.2	23.5	-77.3	-1.1	129.7	22.2	119.6	-294.2	780.3	6689.0	2521.6	-141.1	
52.85	111.9	23.7	-68.8	-1.1	123.2	22.2	86.0	-286.5	785.1	6457.0	1829.1	-115.9	
52.90	114.5	23.5	-64.1	-1.2	120.4	22.1	60.4	-270.3	791.5	6452.4	1175.0	-93.7	
52.95	117.2	23.1	-59.1	-1.2	121.3	22.1	56.0	-268.5	805.8	6582.3	716.8	-76.0	
53.00	119.9	22.8	-50.5	-1.2	121.6	22.0	59.5	-272.7	823.8	6608.8	332.2	-53.0	
53.05	122.6	23.0	-46.1	-1.1	121.5	21.9	62.3	-263.1	836.6	6621.1	28.2	-47.0	
53.10	125.3	23.6	-44.0	-0.9	121.5	21.9	54.8	-260.2	835.5	6632.5	-288.1	-50.7	
53.15	128.0	23.8	-42.3	-0.8	120.6	21.8	42.2	-249.5	839.1	6568.4	-697.4	-46.0	
53.20	130.7	23.6	-41.0	-0.7	118.1	21.8	38.5	-230.2	856.5	6377.0	-1033.0	-37.7	
53.25	133.4	23.2	-39.2	-0.6	113.7	21.8	43.9	-228.2	870.3	6021.6	-1073.4	-32.4	
53.30	136.1	22.8	-44.0	-0.5	108.2	21.8	53.6	-223.0	870.8	5667.4	-698.0	-46.8	
53.35	138.8	21.9	-50.1	-0.6	101.2	21.7	65.9	-209.6	871.6	5211.7	-115.5	-65.1	
53.40	141.5	20.8	-51.1	-0.7	91.6	21.7	87.8	-200.5	880.3	4430.1	661.6	-71.1	
53.45	144.2	20.7	-54.3	-0.8	86.3	21.7	113.2	-179.5	896.6	3810.8	1460.6	-87.8	
53.50	146.9	20.7	-60.9	-0.8	86.8	21.6	130.4	-170.9	902.7	3482.7	2181.5	-123.1	
53.55	149.6	20.6	-63.4	-0.7	85.6	21.6	127.3	-174.2	900.2	3091.1	2569.7	-141.8	
53.60	152.3	20.1	-59.9	-0.7	79.1	21.5	117.4	-146.7	903.5	2391.3	2697.8	-131.9	
53.65	155.0	20.8	-57.4	-0.7	75.4	21.5	120.0	-119.0	920.2	1743.6	2877.0	-121.6	
53.70	157.8	21.9	-65.1	-0.7	79.5	21.5	137.0	-114.1	937.7	1493.4	3317.9	-134.6	
53.75	160.5	23.0	-77.6	-0.8	89.4	21.4	166.4	-104.7	947.6	1346.3	4112.5	-162.5	
53.80	163.2	23.6	-75.7	-0.9	99.2	21.4	195.8	-79.3	952.6	781.7	4959.9	-157.7	
53.85	165.9	23.7	-69.9	-0.8	106.7	21.4	218.0	-62.3	963.4	250.1	5531.2	-141.8	
53.90	168.6	23.2	-70.5	-0.7	107.5	21.3	224.7	-54.5	978.7	390.0	5553.5	-145.3	
53.95	171.3	22.9	-72.3	-0.6	100.4	21.3	207.1	-57.4	984.1	682.9	5030.2	-156.6	
54.00	174.0	22.5	-64.9	-0.6	87.8	21.3	171.8	-46.0	977.7	639.8	4190.7	-134.8	
54.05	176.7	21.7	-54.3	-0.7	76.7	21.2	144.0	-27.0	978.3	534.6	3441.6	-101.7	
54.10	179.5	21.7	-52.5	-0.8	71.9	21.2	138.4	-37.8	985.7	609.4	3063.3	-97.1	
54.15	182.2	21.9	-57.4	-0.9	71.9	21.1	144.9	-47.7	985.9	812.2	2988.9	-107.9	
54.20	185.0	22.0	-50.8	-1.0	71.9	21.1	150.6	-22.1	973.8	679.0	3037.9	-88.0	
54.25	187.7	21.6	-31.9	-1.0	70.5	21.0	151.0	4.7	963.1	231.9	3004.4	-41.3	
54.30	190.5	21.5	-21.9	-0.9	69.4	21.0	153.3	11.8	968.1	236.4	2910.3	-21.9	
54.35	193.2	22.0	-23.3	-0.7	68.4	20.9	152.0	6.1	977.1	540.0	2793.0	-35.0	
54.40	196.0	21.3	-22.4	-0.6	68.2	20.9	143.7	5.8	969.3	362.2	2836.6	-25.4	
54.45	198.8	20.6	-28.8	-0.6	73.7	20.9	146.3	33.0	954.6	25.6	3265.0	-19.6	
54.50	201.6	19.9	-42.8	-0.8	86.2	20.8	173.0	48.9	953.8	-78.8	4123.9	-45.1	
54.55	204.4	19.4	-58.3	-0.8	101.8	20.8	214.9	26.0	959.5	10.0	5196.4	-90.1	
54.60	207.1	19.2	-68.9	-0.8	113.9	20.8	250.1	12.6	955.5	99.2	6016.4	-125.5	
54.65	209.9	19.4	-64.9	-0.7	116.7	20.7	256.7	24.5	940.1	-305.7	6212.2	-121.9	
54.70	212.7	20.1	-58.3	-0.5	113.5	20.7	240.4	53.4	926.3	-971.0	5938.6	-104.8	
54.75	215.4	20.6	-61.4	-0.5	107.4	20.7	215.9	85.0	922.8	-1324.5	5445.3	-113.5	
54.80	218.2	20.9	-58.7	-0.4	101.3	20.7	191.3	92.4	915.6	-1725.8	4909.7	-105.7	
54.85	221.0	20.4	-53.8	-0.4	99.4	20.6	180.5	98.0	901.1	-2226.0	4583.4	-80.8	
54.90	223.7	20.4	-58.6	-0.6	102.6	20.6	190.0	119.6	893.1	-2540.5	4635.1	-79.9	
54.95	226.5	20.7	-66.6	-0.7	109.8	20.6	208.5	135.4	892.0	-2832.7	5014.9	-99.9	
55.00	229.2	21.2	-70.9	-0.8	116.4	20.5	216.4	154.6	884.0	-3197.8	5329.2	-117.6	
55.05	232.0	21.2	-63.7	-0.8	119.1	20.5	201.9	169.6	869.3	-3796.6	5200.7	-100.9	
55.10	234.7	21.4	-53.0	-0.8	120.3	20.5	179.0	169.4	859.1	-4466.9	4837.0	-67.2	
55.15	237.5	22.0	-55.0	-0.8	123.0	20.4	171.5	192.8	854.5	-4727.9	4833.7	-63.4	
55.20	240.3	21.5	-65.3	-0.8	130.5	20.4	180.8	219.2	842.4	-4821.8	5432.6	-86.9	
55.25	243.1	20.7	-73.3	-0.9	142.5	20.3	203.6	212.1	826.1	-5087.0	6377.0	-105.7	
55.30	245.8	20.2	-82.1	-0.9	154.1	20.3	240.6	192.9	820.6	-5166.0	7366.8	-128.0	
55.35	248.7	19.8	-94.9	-0.9	164.2	20.2	276.9	182.5	825.1	-5087.9	8246.9	-160.2	
55.40	251.4	19.6	-103.2	-1.0	172.7	20.2	289.6	190.4	819.5	-5206.2	8879.3	-164.5	
55.45	254.2	19.8	-97.4	-1.2	178.6	20.1	279.4	226.7	800.2	-5425.0	9237.2	-130.3	
55.50	257.0	19.8	-79.1	-1.2	180.0	20.1	267.8	236.8	787.2	-5410.7	9387.3	-89.1	
55.55	259.8	19.6	-67.7	-1.1	178.3	20.0	272.3	209.9	789.3	-5022.5	9502.5	-75.7	
55.60	262.7	19.1	-69.3	-0.9	179.4	20.0	288.0	199.6	789.8	-4516.5	9824.6	-76.2	
55.65	265.5	19.6	-73.9	-0.9	184.1	19.9	296.2	202.8	776.9	-4241.6	10310.1	-66.2	
55.70	268.3	19.8	-75.4	-1.1	187.0	19.9	301.6	191.0	763.7	-3845.3	10722.0	-48.5	
55.75	271.1	19.6	-75.3	-1.3	187.7	19.8	314.3	180.4	761.4	-3195.5	10973.9	-52.3	
55.80	274.0	19.5	-68.6	-1.2	188.5	19.8	331.4	174.3	764.2	-2750.8	11112.5	-55.6	
55.85	276.8	19.7	-61.8	-1.0	188.8	19.7	336.8	172.1	757.9	-2668.9	11147.9	-46.2	
55.90	279.7	20.2	-59.5	-0.9	189.5	19.7	328.2	171.9	736.8	-2723.5	11236.5	-31.5	
55.95	282.6	20.4	-58.7	-0.8	188.9	19.6	314.9	163.4	711.4	-2635.4	11278.7	-21.3	
56.00	285.4	20.4	-59.6	-0.8	184.9	19.6	304.2	163.6	694.6	-2357.9	11064.9	-23.7	
56.05	288.3	20.3	-55.4	-0.7	177.7	19.5	289.5	167.8	682.2	-2241.5	10577.3	-19.8	
56.10	291.1	19.2	-47.0	-0.6	169.6	19.5	271.5	147.6	669.2	-2224.8	10042.8	-8.2	
56.15	294.0	18.2	-44.5	-0.5	164.3	19.5	263.0	123.8	657.8	-1894.1	9762.8	-8.3	
56.20	296.8	17.3	-46.2	-0.4	162.4	19.4	258.1	119.1	643.2	-1605.8	9696.2	-6.2	
56.25	299.7	16.8	-38.5	-0.4	163.9	19.4	252.4	137.4	625.1	-1876.1	9768.4	30.4	
56.30	302.5	16.8	-30.7	-0.3	168.6	19.4	256.3	165.1	611.9	-2106.7	10048.0	55.9	
56.35	305.4	17.0	-28.7	-0.1	173.8	19.4	268.7	152.7	603.9	-1867.3	10484.2	49.4	
56.40	308.3	17.0	67.3	0.1	-181.4	19.4	290.4	117.9	597.9	-1526.5	11117.7	27.5	
56.45	311.2	16.9	56.2	0.0	-190.8	19.4	315.5	116.2	595.6	-1349.4	11792.5	10.3	
56.50	314.1	16.9	-64.5	-0.2	198.8	19.4	333.1	120.9	595.6	-1233.4	12354.9	7.2	
56.55	317.0	17.0	-70.8	-0.5	205.4	19.4	346.1	103.1	591.4	-909.4	12871.3	-9.2	
56.60	320.0	16.9	-70.6	-0.5	210.8	19.4	356.9	79.3	589.2	-528.8	13291.1	-25.5	
56.65	322.9	16.7	-62.4	-0.3	213.6	19.3	358.0	56.8	585.2	-451.3	13514.9	-21.2	
56.70	325.9	16.2	-56.1	-0.2	213.1	19.3	345.1	56.6	576.9	-535.3	13521.5	-1.9	
56.75	328.8	15.9	-57.2	-0.1	212.2	19.3	333.1	49.8	563.6	-354.5	13509.7	6.4	
56.80	331.7	15.7	-60.3	-0.0	212.5	19.3	333.2	26.3	555.9	112.6	13543.8	-2.5	
56.85	334.7	15.5	61.6	0.1	-212.6	19.3	340.6	19.3	563.4	610.0	13517.3	-12.7	
56.90	337.6	16.1	63.3	0.1	-211.7	19.3	340.6	13.8	566.5	924.6	13430.3	-1.4	
56.95	340.6	16.0	62.5	0.1	-212.0	19.3	336.4	1.7	553.0	1246.1	13449.1	9.8	
57.00	343.5	15.5	-66.7	-0.1	212.6	19.3	336.3	-1.8	545.0	1791.6	13441.5	3.0	
57.05	346.4	15.4	-65.6	-0.2	212.3	19.3	340.2	-9.8	551.5	2262.8	13328.8	2.6	
57.10	349.3	15.4	-60.0	-0.2	211.2	19.3	339.8	-19.6	557.1	2621.2	13174.2	9.4	
57.15	352.3	15.5	-53.6	-0.2	210.4	19.3	329.5	-38.3	546.8	3134.1	13029.2	18.4	
57.20	355.2	15.8	-51.8	-0.1	208.5	19.3	313.0	-78.0	538.5	3775.9	12744.8	24.9	
57.25	358.2	16.1	-57.2	-0.2	205.9	19.3	301.6	-119.7	547.0	4542.2	12271.4	19.5	
57.30	1.1	16.1	-63.3	-0.4	201.7	19.3	286.6	-135.4	561.4	5209.2	11668.3	6.4	
57.35	4.1	15.4	-62.2	-0.5	199.6	19.2	268.7	-147.3	559.8	5624.1	11327.1	3.7	
57.40	7.0	14.7	-60.8	-0.6	204.9	19.2	268.5	-167.2	547.5	5995.3	11571.2	1.1	
57.45	10.0	14.4	-65.1	-0.5	215.7	19.2	292.8	-188.2	547.9	6300.6	12224.8	-16.4	
57.50	13.0	14.5	-71.7	-0.4	225.7	19.2	321.9	-203.8	561.6	6582.0	12813.8	-31.8	
57.55	15.9	14.9	-81.3	-0.4	230.6	19.1	329.7	-209.8	572.1	6955.5	12998.1	-48.8	
57.60	18.9	15.6	-83.0	-0.4	228.5	19.1	311.3	-209.1	571.4	7191.6	12739.7	-51.3	
57.65	21.9	16.4	-76.0	-0.4	223.6	19.1	290.7	-214.8	573.1	7322.2	12273.2	-37.4	
57.70	24.9	16.1	-73.2	-0.4	221.5	19.1	285.2	-231.5	587.1	7550.9	11915.2	-33.9	
57.75	27.9	16.3	-83.9	-0.4	226.1	19.1	298.2	-247.1	600.1	7895.2	12026.0	-63.1	
57.80	30.9	16.7	-93.2	-0.4	229.4	19.0	303.6	-252.4	598.1	7926.9	12277.7	-84.4	
57.85	34.0	16.6	-89.8	-0.5	226.3	19.0	297.2	-242.0	596.3	7574.4	12270.6	-76.8	
57.90	37.0	16.5	-76.3	-0.4	219.1	19.0	287.2	-234.6	613.3	7226.9	11867.1	-52.8	
57.95	40.1	16.4	-66.3	-0.2	214.0	19.0	284.1	-241.7	634.3	6982.9	11535.7	-34.7	
58.00	43.1	16.5	-75.2	-0.1	217.4	19.0	295.4	-251.7	649.1	7077.5	11715.1	-53.7	
58.05	46.2	17.1	-91.1	-0.2	223.5	19.0	308.8	-271.0	660.3	7319.8	12022.3	-86.4	
58.10	49.3	17.6	-98.6	-0.3	227.4	18.9	326.9	-288.0	674.8	7369.1	12241.6	-98.1	
58.15	52.4	17.6	-100.5	-0.4	227.4	18.9	339.9	-285.5	697.3	7370.6	12191.6	-106.9	
58.20	55.5	18.4	-97.1	-0.3	223.4	18.9	327.6	-295.9	710.7	7316.4	11861.3	-115.6	
58.25	58.5	19.4	-95.7	-0.1	218.5	18.9	305.7	-313.3	719.4	7337.5	11417.4	-132.8	
58.30	61.6	20.2	31.0	0.1	-210.9	18.9	290.5	-299.1	739.6	7294.7	10808.2	-137.0	
58.35	64.7	20.5	37.6	0.4	-200.2	18.9	280.2	-289.5	772.0	7026.2	10032.3	-106.6	
58.40	67.8	20.7	35.6	0.6	-195.8	18.9	279.6	-298.0	802.3	7042.2	9554.5	-98.3	
58.45	70.9	20.6	27.3	0.7	-193.8	19.0	270.0	-305.2	821.6	7160.4	9261.1	-112.0	
58.50	74.0	21.2	22.5	0.7	-187.3	19.0	246.0	-302.1	833.0	7031.6	8800.9	-110.5	
58.55	77.1	21.7	16.5	0.6	-178.7	19.0	225.8	-293.1	854.7	6990.1	8037.1	-106.1	
58.60	80.2	21.7	11.8	0.4	-174.4	19.1	219.5	-299.6	884.9	7327.2	7230.6	-115.3	
58.65	83.4	21.3	11.7	0.5	-175.4	19.1	215.0	-334.0	911.5	8010.8	6437.1	-139.8	
58.70	86.7	21.2	21.6	0.6	-149.2	19.1	196.7	-310.6	947.3	6308.8	5476.1	-92.7	
58.75	89.9	21.5	10.4	0.7	-145.8	19.1	199.4	-318.3	971.0	6254.4	5075.0	-129.1	
58.80	93.1	20.4	-3.9	0.9	-141.2	19.2	161.5	-265.2	1003.7	6477.7	4474.6	-168.7	
58.85	96.4	19.8	17.6	1.2	-130.4	19.2	153.6	-323.0	990.6	5732.0	3888.0	-107.0	
58.90	99.6	19.7	10.7	1.4	-130.8	19.3	148.3	-246.7	1006.6	6310.6	3346.2	-121.6	
58.95	102.8	19.7	5.5	1.5	-128.9	19.4	114.4	-245.8	1037.4	6447.9	2795.1	-130.7	
59.00	106.2	20.0	8.0	1.6	-122.6	19.5	133.6	-324.4	1038.9	5700.5	2708.6	-110.4	
59.05	109.4	20.6	-7.0	1.7	-127.4	19.5	160.8	-258.0	1049.7	6197.6	2809.2	-162.8	
59.10	112.6	21.7	-3.9	1.8	-121.9	19.6	118.0	-256.1	1057.5	6074.0	2175.0	-143.9	
59.15	115.9	22.0	7.4	1.9	-112.6	19.7	101.1	-260.3	1066.7	5654.0	1017.7	-93.6	
59.20	119.2	21.7	3.5	1.9	-106.8	19.8	86.4	-175.0	1097.4	5522.2	-247.8	-99.4	
59.25	122.4	21.4	12.0	1.9	-94.3	19.9	17.4	-202.3	1112.7	4317.2	-1443.2	-56.6	
59.30	125.8	21.5	9.5	1.9	-83.3	20.0	4.1	-191.8	1114.2	3301.8	-1776.8	-53.5	
59.35	129.1	21.9	-3.5	2.0	-72.6	20.1	21.9	-114.8	1133.8	2716.0	-1587.9	-86.5	
59.40	132.3	22.4	-7.3	2.0	-64.4	20.2	12.5	-134.3	1166.1	1977.5	-1435.5	-90.8	
59.45	135.6	22.7	-25.5	2.0	-61.3	20.3	44.7	-125.7	1196.1	1978.1	-940.6	-150.0	
59.50	139.0	23.0	-45.2	2.0	-55.6	20.4	71.6	-109.4	1215.6	1707.5	-394.3	-211.7	
59.55	142.3	23.2	-45.2	2.0	-43.2	20.5	49.9	-137.9	1227.0	741.1	-149.3	-198.8	
59.60	145.6	23.2	-53.0	2.0	-36.7	20.6	57.5	-89.9	1245.9	318.5	188.2	-219.2	
59.65	148.9	23.3	-57.6	2.0	-42.0	20.7	82.9	-62.0	1268.1	-94.1	757.6	-240.0	
59.70	152.2	23.2	-45.3	2.0	-55.0	20.8	92.5	-55.0	1273.7	-850.7	1508.7	-210.8	
59.75	155.5	23.1	-44.2	2.0	-69.3	20.9	130.8	-4.5	1277.9	-1137.3	2492.8	-221.3	
59.80	158.9	23.1	-47.9	2.0	-78.3	21.0	163.8	-17.4	1293.6	-1292.4	3049.2	-243.0	
59.85	162.2	23.0	-45.0	2.0	-74.1	21.1	151.9	-38.6	1307.8	-1286.2	2716.6	-228.6	
59.90	165.6	23.6	-43.8	2.0	-60.4	21.2	123.6	6.3	1315.0	-1054.6	1770.6	-210.8	
59.95	169.0	23.8	-36.7	2.0	-50.9	21.3	83.0	27.9	1319.7	-1345.9	515.9	-177.0	
60.00	172.4	23.8	-24.2	2.0	-55.8	21.4	48.0	39.9	1330.1	-1825.4	-447.3	-138.8	
60.05	175.8	24.0	-18.8	2.0	-62.3	21.5	35.3	62.9	1340.4	-2142.6	-937.4	-127.1	
60.10	179.3	24.3	-18.7	2.0	-67.2	21.6	42.8	48.7	1339.1	-2599.5	-841.7	-131.6	
60.15	182.7	24.6	-18.4	2.0	-67.8	21.7	58.9	65.7	1332.7	-2641.6	-590.0	-130.8	
60.20	186.1	24.9	-17.1	2.0	-65.6	21.8	74.0	98.0	1340.3	-2376.6	-541.3	-124.2	
60.25	189.6	24.8	-19.6	2.0	-64.1	21.9	78.7	82.6	1354.0	-2246.4	-636.5	-131.3	
60.30	193.1	24.6	-25.8	2.0	-60.1	22.0	79.3	60.1	1360.0	-1915.0	-789.9	-148.8	
60.35	196.6	24.3	-33.2	2.0	-59.1	22.1	78.1	42.6	1361.2	-1784.9	-961.3	-173.2	
60.40	200.1	24.3	-35.8	2.0	-64.0	22.2	64.1	39.3	1365.3	-2081.7	-1262.4	-186.8	
60.45	203.5	24.3	-28.5	2.0	-72.5	22.3	60.9	85.0	1357.3	-2684.0	-1339.5	-170.3	
60.50	206.9	24.2	-17.3	2.0	-84.7	22.4	65.6	132.4	1331.0	-3645.0	-1140.3	-144.3	
60.55	210.4	23.6	-14.5	2.0	-95.8	22.5	52.3	152.5	1315.2	-4478.4	-1166.9	-145.5	
60.60	213.9	23.6	-14.1	2.0	-103.5	22.6	40.6	171.0	1320.1	-4967.9	-1414.2	-151.9	
60.65	217.3	23.9	-6.4	2.0	-111.7	22.7	46.2	187.9	1320.8	-5558.7	-1410.5	-133.8	
60.70	220.7	24.0	-3.9	2.0	-116.7	22.8	42.1	212.5	1308.5	-5914.3	-1307.8	-130.0	
60.75	224.1	23.8	-10.9	2.0	-115.0	22.9	58.6	218.8	1299.0	-5840.6	-878.9	-152.4	
60.80	227.5	23.8	-23.1	2.0	-114.6	23.0	102.8	217.3	1288.8	-5839.4	-14.6	-194.0	
60.85	231.0	24.2	-30.5	2.0	-122.8	23.1	124.1	236.3	1274.6	-6359.5	694.9	-227.7	
60.90	234.5	24.7	-28.0	2.0	-134.7	23.2	128.5	244.1	1258.5	-7200.6	1077.6	-230.9	
60.95	237.9	25.0	-26.3	2.0	-141.9	23.3	139.5	249.8	1241.2	-7702.6	1295.7	-232.2	
61.00	241.4	24.8	-30.0	2.0	-145.7	23.4	130.2	271.8	1233.0	-7952.8	1312.3	-248.5	
61.05	244.9	25.0	-30.4	2.0	-150.7	23.5	121.0	281.4	1227.9	-8300.1	1465.7	-255.1	
61.10	248.4	25.4	-32.4	2.0	-153.5	23.6	135.0	291.7	1214.7	-8390.9	1926.0	-264.7	
61.15	251.9	25.8	-35.7	2.0	-153.8	23.7	138.0	285.4	1202.6	-8309.9	2399.6	-276.5	
61.20	255.4	25.7	-34.4	2.0	-152.9	23.8	142.2	257.0	1198.6	-8184.5	2809.8	-271.0	
61.25	258.8	25.2	-35.7	2.0	-148.8	23.9	165.6	256.4	1194.2	-7657.0	3248.1	-271.3	
61.30	262.3	24.6	-27.9	2.0	-146.5	24.0	167.1	268.8	1181.3	-7241.2	3673.2	-242.4	
61.35	265.8	24.3	-16.9	2.0	-146.2	24.1	170.2	251.8	1164.6	-6915.1	4297.1	-204.1	
61.40	269.2	24.6	-19.3	2.0	-141.6	24.2	201.2	234.8	1155.8	-6030.3	4929.5	-207.7	
61.45	272.7	25.1	-21.9	2.0	-138.2	24.3	229.7	217.2	1151.0	-5098.9	5513.6	-213.4	
61.50	276.1	25.8	-13.0	2.0	-139.1	24.4	235.9	208.7	1131.2	-4715.7	5959.5	-183.7	
61.55	279.6	25.6	-4.4	2.0	-138.5	24.5	242.7	216.3	1099.9	-4195.9	6274.8	-153.6	
61.60	283.0	25.4	-0.4	2.0	-134.7	24.6	251.7	185.5	1082.1	-3418.6	6461.5	-135.9	
61.65	286.5	25.4	-0.4	2.0	-129.4	24.7	267.1	149.0	1076.1	-2624.0	6416.9	-130.8	
61.70	289.9	25.6	-4.6	2.0	-122.3	24.8	277.6	141.4	1070.9	-2012.3	6056.8	-138.2	
61.75	293.4	25.0	-0.7	2.0	-117.6	24.9	253.0	114.5	1035.3	-2001.0	5822.6	-120.1	
61.80	296.8	24.4	4.5	2.0	-114.3	25.0	214.1	103.5	985.6	-2024.3	5710.2	-99.0	
61.85	300.2	24.6	3.5	2.0	-108.8	25.1	199.6	109.4	954.8	-1764.2	5421.3	-97.0	
61.90	303.7	25.0	2.3	2.0	-102.4	25.2	194.7	94.9	943.3	-1606.3	4999.4	-94.5	
61.95	307.1	25.2	-2.5	2.0	-98.9	25.3	198.9	80.5	934.8	-1259.7	4842.6	-107.4	
62.00	310.5	25.0	-8.5	2.0	-105.1	25.4	230.7	53.5	917.9	-718.4	5373.5	-134.5	
62.05	313.9	25.2	-7.0	2.0	-113.1	25.5	255.0	26.2	897.5	-516.3	5958.6	-137.0	
62.10	317.4	25.0	-4.4	2.0	-116.1	25.6	264.6	32.3	882.2	-503.9	6168.9	-131.3	
62.15	320.8	24.5	-3.1	2.0	-112.2	25.7	261.5	36.0	871.2	-578.7	5886.2	-123.0	
62.20	324.2	24.5	0.5	2.0	-103.4	25.8	236.3	31.4	857.9	-685.8	5288.2	-101.8	
62.25	327.6	24.4	-0.8	2.0	-91.9	25.9	194.5	28.4	843.6	-536.2	4561.5	-94.7	
62.30	331.1	24.3	0.4	2.0	-83.1	26.0	165.7	8.4	824.8	-425.9	4007.4	-81.7	
62.35	334.5	24.8	-7.2	2.0	-78.3	26.1	159.9	2.0	816.1	-217.8	3685.7	-103.0	
62.40	337.9	25.6	-17.5	2.0	-76.1	26.2	165.3	-2.1	823.0	262.5	3493.6	-136.0	
62.45	341.3	26.3	-21.7	2.0	-77.5	26.3	172.9	-28.0	817.3	499.3	3550.4	-151.9	
62.50	344.7	25.6	-18.7	2.0	-74.7	26.4	162.1	-22.3	797.0	394.2	3399.9	-138.8	
62.55	348.2	25.5	-11.3	2.0	-66.0	26.5	137.7	2.8	781.4	-60.3	2854.0	-104.8	
62.60	351.6	25.5	-8.8	2.0	-57.6	26.6	125.1	6.1	776.8	-280.5	2237.9	-87.8	
62.65	354.9	25.2	-19.1	2.0	-47.3	26.7	111.7	-9.8	781.9	382.4	1461.1	-113.0	
62.70	358.3	25.2	-21.4	2.0	-47.3	26.8	99.2	-50.9	775.8	1279.6	816.3	-120.6	
62.75	1.6	25.6	-15.1	2.0	-53.3	26.9	77.5	-93.8	761.6	1954.2	-2.9	-105.1	
62.80	5.0	26.5	-12.0	2.0	-64.5	27.0	50.4	-113.0	760.8	2588.7	-1056.4	-105.6	
62.85	8.3	25.8	-7.1	2.0	-73.4	27.1	34.2	-125.8	757.5	2957.3	-1789.0	-97.9	
62.90	11.6	25.0	-0.3	2.0	-76.2	27.2	28.8	-126.8	740.7	3062.9	-2034.6	-77.1	
62.95	14.9	24.4	6.1	2.0	-79.8	27.3	23.3	-130.4	733.6	3216.2	-2292.0	-58.9	
63.00	18.2	25.4	15.2	2.0	-82.8	27.4	20.0	-146.5	739.7	3162.6	-2658.8	-30.6	
63.05	21.4	26.3	21.4	2.0	-87.8	27.5	16.5	-150.0	746.5	3155.2	-3203.3	-14.4	
63.10	24.7	26.9	22.5	2.0	-99.1	27.6	-15.1	-142.3	752.7	3333.2	-4210.8	-21.9	
63.15	27.9	26.9	28.8	2.0	-115.1	27.7	-52.1	-168.1	754.1	3668.1	-5341.4	-16.2	
63.20	31.2	26.8	31.9	2.0	-129.7	27.8	-78.2	-193.8	760.5	4007.0	-6320.0	-20.1	
63.25	34.5	26.6	29.1	2.0	-136.1	27.9	-92.8	-197.3	768.8	4008.6	-6853.3	-36.4	
63.30	37.7	25.9	28.1	2.0	-134.1	28.0	-97.0	-201.6	764.1	3815.3	-6768.4	-37.6	
63.35	41.0	25.7	25.0	2.0	-132.1	28.1	-97.5	-206.0	755.4	3867.8	-6558.3	-46.2	
63.40	44.2	25.8	26.6	2.0	-131.9	28.2	-96.3	-205.7	758.1	3800.7	-6585.4	-40.5	
63.45	47.5	26.3	33.9	2.0	-134.6	28.3	-89.7	-208.0	777.4	3647.6	-6883.3	-18.2	
63.50	50.7	26.4	34.4	2.0	-141.4	28.4	-81.1	-214.8	793.7	3917.8	-7299.2	-23.2	
63.55	54.0	26.3	34.7	2.0	-152.0	28.5	-90.1	-239.0	792.7	4378.9	-7880.1	-32.7	
63.60	57.2	26.3	41.8	2.0	-161.7	28.6	-98.5	-260.3	787.9	4697.9	-8468.1	-18.2	
63.65	60.4	26.4	52.7	2.0	-168.4	28.7	-97.0	-255.4	794.0	4797.2	-9001.6	12.6	
63.70	63.6	26.5	63.2	2.0	-173.2	28.8	-107.2	-243.6	802.9	4557.6	-9549.9	43.6	
63.75	66.8	26.8	74.1	2.0	-177.2	28.9	-137.5	-227.6	799.6	3976.9	-10132.3	77.1	
63.80	70.0	26.2	85.4	2.0	-181.9	29.0	-169.4	-214.8	793.9	3311.3	-10722.4	111.3	
63.85	73.2	25.6	95.4	2.0	-187.0	29.1	-188.4	-202.3	807.9	2827.4	-11241.2	140.5	
63.90	76.4	26.0	100.5	2.0	-191.6	29.2	-187.7	-190.1	838.1	2765.2	-11619.0	153.5	
63.95	79.5	25.6	91.5	2.0	-190.5	29.3	-170.6	-191.2	856.1	2891.3	-11523.6	123.6	
64.00	82.7	25.1	81.5	2.0	-189.8	29.4	-164.4	-219.1	863.8	3086.0	-11352.9	89.9	
64.05	85.8	25.0	74.2	2.0	-190.2	29.5	-160.4	-250.9	881.0	3231.8	-11261.6	64.6	
64.10	89.0	25.2	70.2	2.0	-190.9	29.6	-150.5	-263.4	906.0	3433.8	-11214.6	50.0	
64.15	92.1	25.7	71.5	2.0	-190.6	29.7	-143.9	-262.1	923.9	3614.8	-11133.8	55.0	
64.20	95.1	26.7	76.2	2.0	-189.3	29.8	-139.3	-257.8	931.6	3700.6	-11013.0	72.2	
64.25	98.2	26.9	80.9	2.0	-189.1	29.9	-136.0	-255.2	944.0	3611.4	-11029.5	88.6	
64.30	101.3	26.7	86.3	2.0	-190.8	30.0	-143.2	-247.1	954.6	3385.0	-11240.9	105.6	
64.35	104.3	26.2	98.5	2.0	-194.1	30.1	-163.6	-218.3	950.0	3138.3	-11611.3	144.1	
64.40	107.3	25.1	112.5	2.0	-201.8	30.2	-193.3	-188.7	947.4	3019.5	-12253.9	184.5	
64.45	110.4	24.5	120.4	2.0	-211.9	30.3	-219.4	-180.6	957.0	3133.0	-12969.5	201.2	
64.50	113.4	24.4	122.7	2.0	-223.0	30.4	-236.1	-192.1	975.5	3487.0	-13667.2	198.1	
64.55	116.4	24.5	121.8	2.0	-228.1	30.5	-236.7	-203.7	988.9	3513.3	-14023.0	190.1	
64.60	119.5	24.1	122.9	2.0	-225.9	30.6	-229.9	-195.6	994.1	3202.6	-13954.6	196.2	
64.65	122.5	23.4	120.2	2.0	-217.4	30.7	-216.7	-173.9	990.5	2859.2	-13446.1	195.1	
64.70	125.5	22.9	111.3	2.0	-205.7	30.8	-197.7	-165.9	980.1	2497.6	-12681.7	176.3	
64.75	128.5	22.9	100.4	2.0	-195.4	30.9	-179.1	-166.2	974.8	2386.0	-11954.6	149.1	
64.80	131.5	23.2	87.3	2.0	-188.6	31.0	-165.8	-169.5	982.6	2580.9	-11404.4	111.0	
64.85	134.5	24.0	73.7	2.0	-181.8	31.1	-148.5	-195.2	991.1	2885.6	-10770.8	71.1	
64.90	137.5	24.3	61.9	2.0	-178.0	31.2	-142.3	-219.3	995.7	3190.8	-10323.7	34.4	
64.95	140.5	24.2	53.0	2.0	-173.7	31.3	-137.0	-212.6	994.6	3298.4	-9977.4	8.3	
65.00	143.4	23.1	50.2	2.0	-165.9	31.4	-121.9	-199.0	996.0	2926.1	-9533.4	6.4	
65.05	146.3	23.6	51.9	2.0	-155.1	31.5	-101.0	-179.2	1000.1	2456.4	-8899.5	23.1	
65.10	149.2	24.5	51.3	2.0	-142.7	31.6	-81.7	-150.4	998.2	2045.4	-8146.0	33.4	
65.15	152.0	25.1	49.9	2.0	-129.3	31.7	-59.2	-132.6	989.9	1561.8	-7299.6	42.1	
65.20	154.9	26.3	46.3	2.0	-119.3	31.8	-37.6	-116.8	991.0	1288.6	-6653.0	39.7	
65.25	157.7	27.4	40.1	2.0	-117.7	31.9	-33.2	-111.6	1009.4	1341.0	-6523.4	19.9	
65.30	160.5	28.0	37.0	2.0	-120.1	32.0	-44.7	-120.5	1021.1	1263.4	-6674.6	6.9	
65.35	163.4	27.6	37.0	2.0	-121.8	32.1	-67.1	-98.6	1012.0	968.5	-6886.7	5.4	
65.40	166.2	27.4	36.3	2.0	-119.2	32.2	-77.2	-67.5	996.2	458.7	-6809.9	5.3	
65.45	169.0	27.6	32.7	2.0	-110.8	32.3	-58.9	-47.9	995.9	-282.3	-6257.6	1.6	
65.50	171.8	28.3	23.7	2.0	-100.5	32.4	-31.4	-22.4	1004.6	-824.1	-5526.2	-19.3	
65.55	174.6	28.3	13.5	2.0	-89.4	32.5	-5.4	-21.3	999.0	-1280.6	-4622.3	-43.1	
65.60	177.5	27.7	6.9	2.0	-82.4	32.6	8.6	-18.5	985.3	-1645.1	-3958.6	-58.8	
65.65	180.2	27.8	2.9	2.0	-81.6	32.7	9.2	4.8	987.4	-1721.6	-3888.0	-71.8	
65.70	183.0	27.6	2.9	2.0	-85.2	32.8	0.7	9.5	1001.6	-1682.7	-4190.0	-75.1	
65.75	185.8	27.1	3.2	2.0	-87.6	32.9	-11.8	5.9	996.6	-1582.1	-4413.1	-76.7	
65.80	188.6	27.1	-0.9	2.0	-87.9	33.0	-23.4	12.9	973.7	-1668.5	-4387.5	-91.1	
65.85	191.3	27.3	3.0	2.0	-86.9	33.1	-19.2	22.1	963.3	-2248.4	-4030.3	-76.7	
65.90	194.1	27.6	9.5	2.0	-87.4	33.2	1.2	51.5	968.0	-2949.7	-3513.2	-54.8	
65.95	196.9	28.0	11.6	2.0	-88.1	33.3	15.7	79.7	967.1	-3300.5	-3134.9	-48.2	
66.00	199.6	27.6	9.1	2.0	-88.2	33.4	10.8	73.6	957.8	-3304.2	-3177.0	-57.0	
66.05	202.3	27.4	9.4	2.0	-90.3	33.5	-0.7	70.4	954.8	-3127.6	-3588.0	-58.2	
66.10	205.1	27.8	10.6	2.0	-92.2	33.6	-1.9	68.8	963.1	-2897.3	-3949.1	-55.9	
66.15	207.8	26.9	9.4	2.0	-89.1	33.7	4.7	49.7	960.4	-2550.5	-3978.9	-56.8	
66.20	210.4	26.4	4.7	2.0	-82.9	33.8	8.8	40.3	933.3	-2029.6	-3794.9	-66.7	
66.25	213.1	26.7	9.0	2.0	-78.1	33.9	16.7	46.1	902.3	-1850.6	-3479.0	-47.1	
66.30	215.7	26.5	19.5	2.0	-75.8	34.0	33.0	58.7	888.8	-2004.8	-3133.0	-8.9	
66.35	218.3	26.1	26.1	2.0	-74.2	34.1	38.9	70.4	879.8	-1942.0	-2995.3	15.3	
66.40	220.9	25.5	27.6	2.0	-73.1	34.2	30.0	76.9	859.9	-1802.6	-2994.4	21.8	
66.45	223.5	25.1	33.5	2.0	-71.9	34.3	27.1	77.6	834.5	-1821.8	-2898.8	43.0	
66.50	226.1	24.9	39.6	2.0	-71.5	34.4	38.8	97.0	823.3	-1933.2	-2714.4	64.4	
66.55	228.7	25.0	37.4	2.0	-69.3	34.5	56.2	112.4	819.4	-2055.8	-2332.7	59.0	
66.60	231.3	25.5	29.4	2.0	-66.4	34.6	69.0	108.5	798.7	-2336.4	-1709.6	34.4	
66.65	233.9	25.7	22.9	2.0	-66.1	34.7	74.6	110.1	766.4	-2675.7	-1089.7	12.6	
66.70	236.5	25.8	17.8	2.0	-68.0	34.8	79.7	109.5	747.5	-2961.8	-664.8	-6.8	
66.75	239.0	26.1	9.9	2.0	-67.5	34.9	87.3	106.3	741.9	-2969.7	-416.5	-33.6	
66.80	241.5	26.5	-1.3	2.0	-64.3	35.0	90.0	110.3	729.6	-2744.9	-211.4	-68.7	
66.85	244.1	26.7	-5.3	2.0	-63.4	35.1	87.1	103.2	706.3	-2720.0	124.1	-81.7	
66.90	246.6	26.1	-4.4	2.0	-66.7	35.2	87.5	105.3	681.6	-2937.9	536.5	-81.8	
66.95	249.1	25.5	-1.7	2.0	-72.2	35.3	93.8	130.4	671.0	-3233.5	841.8	-78.1	
67.00	251.5	25.2	5.5	2.0	-78.1	35.4	102.9	146.7	663.3	-3557.1	1154.0	-59.2	
67.05	254.0	25.0	15.2	2.0	-82.4	35.5	109.8	161.6	649.3	-3748.4	1466.0	-30.0	
67.10	256.4	24.8	21.1	2.0	-86.2	35.6	120.9	178.1	635.9	-3844.1	1855.1	-13.9	
67.15	258.8	24.9	24.4	2.0	-90.6	35.7	132.9	175.9	628.7	-3989.5	2273.5	-7.0	
67.20	261.3	25.6	19.0	2.0	-90.8	35.8	135.4	175.5	618.6	-3881.4	2494.0	-25.6	
67.25	263.7	25.3	10.6	2.0	-87.4	35.9	131.1	170.2	600.4	-3522.2	2623.0	-51.1	
67.30	266.1	24.7	9.2	2.0	-86.6	36.0	123.4	154.2	575.4	-3386.0	2807.4	-54.9	
67.35	268.5	24.0	7.3	2.0	-86.6	36.1	118.2	161.8	553.2	-3294.6	2925.5	-61.4	
67.40	270.9	24.5	4.9	2.0	-87.3	36.2	122.9	165.0	537.2	-3210.5	3086.1	-70.5	
67.45	273.3	25.2	0.4	2.0	-87.9	36.3	134.5	138.3	523.3	-3074.5	3350.0	-86.6	
67.50	275.6	26.0	-1.6	2.0	-88.2	36.4	147.6	125.5	505.4	-2794.8	3636.7	-93.8	
67.55	278.0	26.6	3.1	2.0	-91.8	36.5	163.6	124.4	485.1	-2753.4	3981.6	-81.3	
67.60	280.3	26.3	9.0	2.0	-94.7	36.6	173.5	128.2	462.4	-2770.7	4217.1	-63.9	
67.65	282.6	25.6	6.9	2.0	-89.1	36.7	165.5	130.4	442.7	-2331.0	4020.9	-65.3	
67.70	285.0	24.9	5.1	2.0	-80.7	36.8	149.6	105.0	426.1	-1915.6	3634.4	-63.3	
67.75	287.3	25.2	8.3	2.0	-74.6	36.9	131.9	93.3	408.5	-1842.9	3239.3	-46.1	
67.80	289.6	25.5	10.9	2.0	-69.2	37.0	115.7	110.8	390.1	-1753.5	2837.6	-31.7	
67.85	292.0	25.5	9.5	2.0	-63.4	37.1	108.9	98.7	376.7	-1474.4	2546.8	-30.8	
67.90	294.3	25.4	7.3	2.0	-57.2	37.2	107.7	71.8	369.5	-1063.8	2295.3	-32.3	
67.95	296.6	25.0	11.0	2.0	-54.2	37.3	106.7	71.8	360.1	-1043.0	2062.0	-16.3	
68.00	298.9	24.3	19.4	2.0	-56.1	37.4	108.6	85.8	343.7	-1455.4	1960.6	10.6	
68.05	301.2	24.5	21.3	2.0	-55.2	37.5	104.5	95.7	329.5	-1583.2	1766.0	17.8	
68.10	303.5	24.8	18.7	2.0	-50.6	37.6	98.1	89.8	324.0	-1358.8	1545.1	13.6	
68.15	305.8	25.3	18.8	2.0	-48.9	37.7	95.7	78.5	319.8	-1279.9	1484.4	15.4	
68.20	308.1	25.9	18.6	2.0	-49.5	37.8	93.1	84.7	308.0	-1254.7	1558.7	14.3	
68.25	310.4	26.5	12.0	2.0	-49.6	37.9	92.9	81.3	292.1	-1032.4	1748.3	-8.5	
68.30	312.7	27.1	5.1	2.0	-51.2	38.0	99.7	61.1	282.0	-820.9	2017.4	-33.6	
68.35	314.9	27.0	3.1	2.0	-54.1	38.1	111.0	47.7	275.2	-697.1	2292.2	-43.5	
68.40	317.2	26.9	1.7	2.0	-55.8	38.2	114.6	45.1	260.7	-697.8	2427.4	-49.9	
68.45	319.4	26.7	-1.4	2.0	-55.2	38.3	111.2	42.8	239.3	-755.8	2395.6	-60.0	
68.50	321.6	26.4	-3.3	2.0	-53.0	38.4	105.5	46.5	223.0	-868.4	2197.5	-64.4	
68.55	323.8	26.2	-1.2	2.0	-51.1	38.5	102.5	50.3	216.9	-1067.8	1959.8	-55.3	
68.60	326.0	26.2	1.1	2.0	-48.9	38.6	99.1	43.2	208.1	-1173.4	1727.4	-45.2	
68.65	328.2	26.6	-2.2	2.0	-43.4	38.7	90.8	29.0	190.6	-955.9	1432.5	-50.9	
68.70	330.3	26.0	-7.9	2.0	-35.4	38.8	82.8	9.1	175.1	-468.6	1064.1	-62.3	
68.75	332.5	24.8	-7.7	2.0	-28.6	38.9	81.2	2.0	172.1	-164.5	639.6	-55.1	
68.80	334.6	23.6	-2.6	2.0	-23.2	39.0	76.2	3.9	170.0	-171.4	200.0	-32.0	
68.85	336.8	23.8	1.8	2.0	-21.9	39.1	64.2	-9.2	153.7	-158.1	-144.3	-15.9	
68.90	338.9	24.8	2.6	2.0	-25.8	39.2	51.2	-24.4	137.1	12.4	-547.4	-17.0	
68.95	341.0	25.6	7.8	2.0	-32.4	39.3	43.0	-24.0	134.8	-0.7	-1071.1	-5.8	
69.00	343.2	25.8	18.8	2.0	-39.5	39.4	39.1	-11.4	139.7	-286.6	-1600.1	25.2	
69.05	345.3	25.6	23.8	2.0	-45.7	39.5	28.7	-7.6	135.2	-381.4	-2097.0	36.1	
69.10	347.4	25.3	21.3	2.0	-50.7	39.6	13.3	-29.3	122.8	-178.4	-2507.8	22.5	
69.15	349.6	25.1	19.0	2.0	-54.3	39.7	9.5	-49.5	115.2	-30.6	-2739.7	11.0	
69.20	351.6	25.0	20.4	2.0	-57.9	39.8	10.7	-42.3	117.5	-111.5	-3025.7	12.0	
69.25	353.7	25.2	22.9	2.0	-62.1	39.9	4.3	-36.8	115.6	-237.7	-3363.9	16.5	
69.30	355.8	25.8	21.7	2.0	-67.5	40.0	-14.8	-46.8	100.9	-89.3	-3754.7	6.9	
69.35	357.9	26.0	22.8	2.0	-70.2	40.1	-24.8	-49.7	88.0	-52.2	-3952.3	7.9	
69.40	359.9	24.6	29.9	2.0	-70.1	40.2	-20.0	-43.8	92.1	-432.2	-3934.3	32.5	
69.45	1.9	24.3	32.2	2.0	-69.0	40.3	-14.1	-31.8	99.2	-707.0	-3849.4	41.5	
69.50	4.0	24.4	27.4	2.0	-67.6	40.4	-17.4	-29.6	93.0	-679.1	-3748.7	26.5	
69.55	6.0	24.8	21.4	2.0	-63.9	40.5	-12.6	-48.5	79.0	-542.9	-3452.6	9.6	
69.60	8.0	25.0	19.4	2.0	-62.9	40.6	-7.6	-61.1	81.6	-401.5	-3359.2	3.9	
69.65	10.0	25.1	16.8	2.0	-63.9	40.7	-5.3	-70.3	93.0	-220.1	-3421.5	-6.3	
69.70	12.0	25.2	9.9	2.0	-65.3	40.8	-12.0	-83.8	91.7	-68.6	-3487.5	-31.2	
69.75	14.0	25.5	7.3	2.0	-65.7	40.9	-21.0	-92.3	78.6	27.2	-3500.5	-40.6	
69.80	16.0	26.2	8.6	2.0	-65.4	41.0	-20.1	-95.7	78.2	96.2	-3471.3	-35.9	
69.85	17.9	27.3	9.4	2.0	-64.2	41.1	-8.1	-106.0	90.4	165.4	-3339.5	-31.8	
69.90	19.9	26.9	8.2	2.0	-63.2	41.2	-2.1	-111.1	97.2	275.2	-3238.4	-35.1	
69.95	21.8	26.5	6.8	2.0	-63.0	41.3	-4.9	-110.5	94.0	389.1	-3215.6	-39.7	
70.00	23.8	26.2	6.5	2.0	-63.5	41.4	-5.1	-112.3	92.6	403.0	-3247.5	-41.2	
70.05	25.7	26.2	10.0	2.0	-67.9	41.5	-11.7	-110.3	103.2	404.5	-3575.2	-33.5	
70.10	27.7	26.6	10.4	2.0	-73.6	41.6	-22.2	-111.9	115.0	432.3	-3994.6	-37.9	
70.15	29.7	27.2	8.4	2.0	-78.0	41.7	-34.6	-118.0	115.4	506.0	-4288.5	-49.1	
70.20	31.6	26.7	6.1	2.0	-80.8	41.8	-44.5	-127.6	108.6	771.5	-4435.8	-59.7	
70.25	33.6	26.8	5.2	2.0	-83.7	41.9	-46.1	-142.5	107.8	1163.3	-4531.1	-65.7	
70.30	35.5	27.2	7.7	2.0	-87.5	42.0	-45.1	-150.9	112.5	1529.4	-4701.5	-61.2	
70.35	37.4	26.6	13.5	2.0	-91.5	42.1	-44.9	-154.3	116.8	1752.2	-4928.6	-45.2	
70.40	39.3	26.1	20.0	2.0	-96.2	42.2	-51.4	-159.9	117.6	1930.8	-5220.2	-27.5	
70.45	41.2	25.6	28.7	2.0	-99.2	42.3	-58.6	-163.1	114.1	2039.5	-5406.8	-0.8	
70.50	43.1	26.0	34.9	2.0	-99.1	42.4	-59.2	-154.9	113.9	2004.7	-5438.9	20.6	
70.55	45.0	26.5	39.4	2.0	-98.6	42.5	-55.3	-145.9	119.7	1982.9	-5432.7	36.7	
70.60	46.9	26.7	40.6	2.0	-98.6	42.6	-51.9	-152.5	124.9	2031.8	-5393.6	40.8	
70.65	48.8	25.9	35.9	2.0	-100.6	42.7	-56.6	-168.5	122.0	2296.8	-5398.9	22.5	
70.70	50.7	24.8	31.2	2.0	-105.9	42.8	-67.5	-189.2	118.9	2686.8	-5594.0	1.2	
70.75	52.6	24.0	30.5	2.0	-112.3	42.9	-80.1	-200.3	127.0	2833.8	-5999.7	-7.6	
70.80	54.4	24.0	33.1	2.0	-117.7	43.0	-91.7	-199.5	138.5	2750.6	-6463.0	-4.2	
70.85	56.3	24.0	34.3	2.0	-119.9	43.1	-98.8	-196.8	142.4	2566.7	-6712.8	-2.0	
70.90	58.1	24.0	30.8	2.0	-119.1	43.2	-102.4	-199.7	142.3	2357.6	-6715.1	-13.3	
70.95	60.0	24.0	31.1	2.0	-118.3	43.3	-106.7	-195.8	147.8	2110.5	-6731.7	-11.7	
71.00	61.8	23.5	36.1	2.0	-116.0	43.4	-102.2	-176.6	158.8	1764.5	-6702.4	7.9	
71.05	63.6	23.3	42.6	2.0	-114.0	43.5	-92.5	-164.2	170.0	1437.4	-6659.2	32.3	
71.10	65.4	23.3	41.9	2.0	-116.3	43.6	-94.3	-163.8	180.3	1441.4	-6829.0	27.5	
71.15	67.2	24.1	39.7	2.0	-121.9	43.7	-111.3	-165.3	189.3	1537.1	-7199.4	14.5	
71.20	69.0	24.8	42.9	2.0	-125.3	43.8	-127.7	-164.6	192.9	1345.5	-7471.5	22.1	
71.25	70.8	25.2	45.4	2.0	-127.1	43.9	-133.2	-162.1	199.0	1174.6	-7630.9	28.6	
71.30	72.6	25.4	42.7	2.0	-130.1	44.0	-132.4	-168.6	212.0	1355.7	-7807.8	16.5	
71.35	74.4	25.8	39.2	2.0	-131.4	44.1	-130.9	-180.3	220.3	1584.0	-7835.1	3.1	
71.40	76.2	26.0	39.5	2.0	-129.7	44.2	-133.3	-175.4	217.9	1489.7	-7728.2	6.0	
71.45	78.0	25.0	41.6	2.0	-127.6	44.3	-135.9	-161.0	217.0	1303.5	-7629.5	15.2	
71.50	79.8	24.1	43.3	2.0	-126.0	44.4	-129.8	-163.5	226.3	1332.7	-7505.2	22.4	
71.55	81.6	23.6	41.3	2.0	-126.2	44.5	-121.6	-175.5	239.7	1671.6	-7425.8	15.5	
71.60	83.4	23.9	40.7	2.0	-125.2	44.6	-118.4	-179.4	245.7	1959.7	-7266.9	14.3	
71.65	85.1	24.1	40.2	2.0	-121.3	44.7	-115.0	-179.1	244.9	2163.7	-6909.4	16.8	
71.70	86.8	24.3	37.2	2.0	-120.4	44.8	-112.1	-193.1	249.5	2594.5	-6643.0	7.4	
71.75	88.6	24.4	32.3	2.0	-123.1	44.9	-110.2	-216.6	260.0	3114.5	-6572.6	-12.3	
71.80	90.3	24.2	32.7	2.0	-123.9	45.0	-108.8	-223.4	268.5	3264.7	-6542.1	-11.8	
71.85	92.0	24.6	36.4	2.0	-121.3	45.1	-109.7	-209.8	272.0	3136.6	-6419.0	3.8	
71.90	93.7	25.4	36.6	2.0	-119.7	45.2	-111.7	-203.8	279.0	3172.8	-6278.4	5.9	
71.95	95.4	26.3	33.4	2.0	-120.3	45.3	-108.2	-218.0	292.8	3452.3	-6130.8	-5.7	
72.00	97.1	26.6	31.6	2.0	-119.4	45.4	-96.1	-228.3	306.6	3686.5	-5879.0	-11.0	
72.05	98.8	26.6	32.2	2.0	-117.0	45.5	-79.6	-232.6	319.2	3845.9	-5556.6	-6.4	
72.10	100.5	26.7	29.7	2.0	-116.3	45.6	-68.8	-238.4	329.7	4118.5	-5270.5	-14.4	
72.15	102.1	26.0	24.7	2.0	-118.2	45.7	-68.6	-244.9	336.4	4527.9	-5081.5	-33.3	
72.20	103.8	25.3	25.2	2.0	-118.1	45.8	-69.4	-247.0	340.3	4698.9	-4906.1	-31.8	
72.25	105.4	25.1	28.4	2.0	-115.4	45.9	-66.0	-240.5	345.9	4636.3	-4698.8	-17.9	
72.30	107.1	25.4	27.3	2.0	-113.7	46.0	-61.9	-236.9	353.0	4683.7	-4486.9	-20.0	
72.35	108.7	25.6	21.4	2.0	-114.0	46.1	-55.9	-245.0	357.6	4936.9	-4204.4	-40.7	
72.40	110.4	25.7	16.2	2.0	-112.7	46.2	-46.7	-252.8	359.2	5091.8	-3820.7	-57.1	
72.45	112.0	26.0	14.2	2.0	-109.0	46.3	-34.3	-251.9	363.5	5027.8	-3441.2	-60.2	
72.50	113.7	26.4	12.7	2.0	-106.0	46.4	-22.8	-247.3	370.5	4931.2	-3190.8	-62.4	
72.55	115.3	26.7	8.2	2.0	-103.3	46.5	-13.8	-243.3	375.0	4866.2	-2926.3	-75.0	
72.60	116.9	26.2	6.5	2.0	-97.8	46.6	-9.2	-233.5	375.9	4635.7	-2556.9	-75.7	
72.65	118.5	25.8	4.8	2.0	-91.1	46.7	-2.3	-224.1	376.7	4333.4	-2104.7	-74.8	
72.70	120.2	25.7	1.9	2.0	-86.4	46.8	1.2	-220.0	382.0	4074.5	-1825.2	-80.0	
72.75	121.8	25.0	-1.7	2.0	-84.4	46.9	-1.5	-218.4	387.6	3947.6	-1745.6	-90.2	
72.80	123.4	25.1	-4.3	2.0	-82.5	47.0	-8.1	-214.6	390.3	3800.1	-1738.6	-97.4	
72.85	125.0	25.7	-5.1	2.0	-80.6	47.1	-13.6	-210.7	392.7	3647.3	-1752.4	-98.0	
72.90	126.6	26.4	-5.7	2.0	-81.1	47.2	-12.6	-212.9	397.7	3672.7	-1761.9	-100.7	
72.95	128.1	27.0	-7.4	2.0	-82.0	47.3	-5.0	-213.7	405.2	3754.8	-1730.8	-107.5	
73.00	129.7	27.4	-6.2	2.0	-80.9	47.4	4.8	-213.5	411.0	3706.8	-1622.9	-102.2	
73.05	131.3	27.6	-0.6	2.0	-78.4	47.5	7.9	-203.1	415.5	3540.0	-1590.2	-80.6	
73.10	132.8	27.1	5.6	2.0	-76.7	47.6	11.7	-196.1	421.4	3408.5	-1619.2	-57.4	
73.15	134.4	26.3	9.6	2.0	-78.8	47.7	14.2	-198.6	430.7	3472.2	-1803.6	-45.8	
73.20	135.9	25.4	12.4	2.0	-83.5	47.8	10.8	-198.8	440.8	3686.2	-2136.2	-40.8	
73.25	137.4	24.9	16.0	2.0	-85.6	47.9	5.9	-190.9	443.7	3732.0	-2407.8	-30.8	
73.30	138.9	24.3	17.9	2.0	-86.3	48.0	2.6	-189.8	442.0	3688.3	-2575.4	-24.7	
73.35	140.5	23.1	18.0	2.0	-88.8	48.1	-5.4	-195.7	445.7	3690.5	-2863.0	-27.0	
73.40	142.0	23.2	19.1	2.0	-88.9	48.2	-14.1	-192.9	451.3	3450.9	-3165.1	-23.3	
73.45	143.6	23.4	24.6	2.0	-84.5	48.3	-18.4	-177.9	453.1	2897.5	-3298.1	-0.1	
73.50	145.1	23.4	27.1	2.0	-80.7	48.4	-22.1	-161.1	453.2	2427.4	-3362.5	12.4	
73.55	146.7	23.0	24.0	2.0	-78.5	48.5	-20.8	-154.7	458.1	2190.3	-3343.9	4.0	
73.60	148.2	22.9	19.1	2.0	-75.3	48.6	-10.6	-161.1	466.1	2036.9	-3126.8	-9.7	
73.65	149.7	23.2	16.1	2.0	-70.1	48.7	-1.1	-154.9	467.4	1860.3	-2790.2	-14.8	
73.70	151.3	23.3	12.4	2.0	-64.2	48.8	7.2	-146.8	461.0	1759.8	-2356.5	-21.8	
73.75	152.8	23.3	8.3	2.0	-60.3	48.9	15.6	-150.0	459.3	1771.9	-1946.1	-31.9	
73.80	154.3	23.3	4.7	2.0	-58.8	49.0	20.2	-150.5	465.5	1869.0	-1682.2	-42.9	
73.85	155.8	22.4	3.1	2.0	-56.2	49.1	23.0	-144.4	468.6	1840.1	-1430.9	-45.5	
73.90	157.3	22.3	1.8	2.0	-51.9	49.2	27.5	-137.2	464.9	1702.4	-1096.7	-45.7	
73.95	158.8	22.7	-1.9	2.0	-49.4	49.3	35.9	-132.8	463.4	1682.4	-747.2	-55.9	
74.00	160.2	23.3	-4.9	2.0	-48.8	49.4	48.5	-135.3	469.8	1719.4	-431.0	-65.6	
74.05	161.7	23.9	-5.1	2.0	-47.0	49.5	59.6	-133.0	474.1	1619.3	-168.7	-64.6	
74.10	163.2	24.6	-4.3	2.0	-44.4	49.6	58.6	-119.9	470.9	1468.3	-97.3	-59.1	
74.15	164.6	25.2	-2.9	2.0	-42.5	49.7	51.3	-111.1	467.8	1351.6	-169.1	-52.6	
74.20	166.1	25.4	-3.4	2.0	-42.4	49.8	48.1	-110.1	472.7	1332.1	-264.2	-54.1	
74.25	167.5	25.5	-3.2	2.0	-44.1	49.9	43.4	-106.5	481.0	1434.1	-405.9	-55.1	
74.30	169.0	25.7	-1.0	2.0	-44.7	50.0	40.7	-99.8	479.8	1514.6	-379.0	-48.1	
74.35	170.4	25.7	0.3	2.0	-43.7	50.1	44.3	-91.8	472.2	1500.9	-170.8	-42.8	
74.40	171.8	25.6	1.0	2.0	-43.2	50.2	48.1	-83.2	471.2	1491.7	-44.9	-39.7	
74.45	173.2	26.0	1.1	2.0	-43.1	50.3	52.3	-77.7	474.7	1489.3	3.5	-39.2	
74.50	174.7	25.9	4.4	2.0	-42.0	50.4	54.1	-76.0	471.8	1404.2	22.7	-26.8	
74.55	176.1	25.7	5.0	2.0	-40.1	50.5	48.0	-68.3	466.2	1292.1	-127.2	-23.0	
74.60	177.5	25.5	4.3	2.0	-39.8	50.6	42.2	-61.9	466.3	1247.9	-349.5	-25.0	
74.65	178.9	26.0	3.1	2.0	-40.4	50.7	40.4	-64.3	470.0	1232.3	-511.9	-29.9	
74.70	180.4	26.5	1.4	2.0	-41.5	50.8	40.9	-70.0	467.3	1300.8	-535.5	-36.6	
74.75	181.8	26.8	-0.2	2.0	-43.3	50.9	40.3	-75.3	458.7	1459.1	-493.8	-43.9	
74.80	183.1	27.4	1.4	2.0	-44.7	51.0	42.9	-80.5	450.8	1581.2	-397.3	-39.9	
74.85	184.5	27.9	3.1	2.0	-44.2	51.1	46.3	-73.9	447.9	1569.2	-345.6	-33.6	
74.90	185.9	27.8	6.6	2.0	-41.3	51.2	43.3	-55.8	446.7	1379.2	-419.7	-18.7	
74.95	187.3	27.4	9.9	2.0	-36.8	51.3	41.5	-45.0	443.0	1044.2	-423.8	-2.9	
75.00	188.6	26.8	11.3	2.0	-33.0	51.4	41.0	-38.3	441.2	766.7	-386.5	5.9	
75.05	190.0	26.3	9.9	2.0	-30.5	51.5	46.5	-32.7	443.9	611.1	-263.6	3.4	
75.10	191.3	26.1	7.9	2.0	-28.3	51.6	58.9	-34.0	446.5	458.6	11.4	-1.1	
75.15	192.7	25.8	6.1	2.0	-28.2	51.7	67.2	-31.5	442.5	343.5	279.3	-7.3	
75.20	194.0	25.3	2.3	2.0	-28.7	51.8	66.1	-28.9	435.5	265.2	407.9	-20.9	
75.25	195.3	24.7	-1.3	2.0	-28.3	51.9	62.3	-30.9	431.1	103.5	457.1	-32.8	
75.30	196.6	24.6	-3.0	2.0	-27.4	52.0	54.5	-22.8	428.7	-118.0	417.9	-37.7	
75.35	197.9	24.9	-3.0	2.0	-29.2	52.1	51.2	-5.4	425.9	-320.6	498.6	-39.4	
75.40	199.2	24.7	0.7	2.0	-33.9	52.2	56.1	5.9	422.6	-498.3	796.0	-31.4	
75.45	200.5	24.4	2.2	2.0	-40.3	52.3	68.9	11.7	419.8	-575.0	1264.5	-32.8	
75.50	201.7	24.0	4.1	2.0	-47.8	52.4	86.1	19.7	418.9	-628.2	1793.5	-33.8	
75.55	203.0	23.2	7.7	2.0	-56.0	52.5	105.0	26.1	417.8	-804.3	2331.1	-29.4	
75.60	204.3	23.6	9.8	2.0	-61.8	52.6	115.6	33.2	413.8	-985.1	2700.1	-28.1	
75.65	205.5	24.1	8.9	2.0	-62.4	52.7	110.5	42.5	407.1	-1038.9	2733.8	-31.9	
75.70	206.8	23.6	7.6	2.0	-60.3	52.8	101.9	41.3	401.4	-1020.7	2600.8	-34.3	
75.75	208.1	23.8	5.1	2.0	-56.3	52.9	92.6	34.8	398.4	-919.9	2360.1	-38.8	
75.80	209.3	24.1	2.2	2.0	-51.7	53.0	81.8	33.9	395.4	-775.2	2070.8	-44.1	
75.85	210.6	24.3	2.2	2.0	-49.5	53.1	76.5	35.0	390.4	-712.4	1933.5	-42.0	
75.90	211.9	25.0	3.3	2.0	-49.2	53.2	75.0	36.9	384.7	-732.9	1908.9	-37.8	
75.95	213.1	25.6	7.1	2.0	-49.4	53.3	75.5	45.6	382.9	-845.9	1864.7	-25.1	
76.00	214.4	25.9	14.3	2.0	-51.0	53.4	81.9	55.8	382.8	-1055.1	1859.5	-1.7	
76.05	215.6	25.2	20.5	2.0	-52.0	53.5	88.4	63.3	382.5	-1196.2	1832.5	18.3	
76.10	216.9	24.8	21.8	2.0	-50.0	53.6	87.6	65.8	378.9	-1141.5	1689.0	24.9	
76.15	218.1	24.7	20.3	2.0	-46.1	53.7	81.6	59.3	374.6	-1022.3	1446.9	23.7	
76.20	219.4	25.7	17.9	2.0	-40.7	53.8	72.0	51.3	371.0	-901.8	1071.6	20.6	
76.25	220.6	26.2	14.5	2.0	-34.5	53.9	58.6	46.7	367.6	-762.1	599.7	15.3	
76.30	221.9	26.3	11.7	2.0	-31.7	54.0	45.2	46.3	362.1	-764.5	203.7	8.6	
76.35	223.1	25.3	12.5	2.0	-33.7	54.1	34.0	50.0	353.0	-966.1	-49.5	9.2	
76.40	224.3	24.2	15.3	2.0	-38.0	54.2	26.9	61.1	344.4	-1266.0	-191.6	14.5	
76.45	225.5	23.3	19.6	2.0	-42.2	54.3	30.5	73.7	339.2	-1546.7	-208.8	25.0	
76.50	226.6	23.5	24.1	2.0	-45.6	54.4	40.9	85.0	333.6	-1780.7	-124.4	37.1	
76.55	227.8	23.3	29.2	2.0	-49.5	54.5	48.8	99.1	325.7	-2033.9	-33.1	50.9	
76.60	229.0	22.9	31.1	2.0	-53.9	54.6	50.3	110.3	319.1	-2341.1	19.6	53.0	
76.65	230.1	22.1	35.2	2.0	-57.5	54.7	48.5	117.8	312.1	-2597.8	93.0	63.3	
76.70	231.3	21.2	32.9	2.0	-59.6	54.8	44.3	125.9	303.1	-2747.2	139.9	53.3	
76.75	232.4	20.9	31.5	2.0	-59.7	54.9	46.1	127.1	294.9	-2744.1	272.1	48.6	
76.80	233.5	21.4	26.0	2.0	-59.2	55.0	52.9	122.1	288.1	-2683.3	526.1	30.1	
76.85	234.7	21.9	19.2	2.0	-59.7	55.1	55.4	119.7	278.7	-2656.5	829.3	6.3	
76.90	235.8	22.1	14.5	2.0	-62.3	55.2	57.0	118.6	268.1	-2744.2	1178.7	-12.4	
76.95	236.9	22.0	15.1	2.0	-66.6	55.3	63.8	123.4	261.4	-2931.7	1504.3	-14.7	
77.00	238.1	21.2	16.5	2.0	-71.6	55.4	73.4	133.5	259.7	-3165.0	1791.4	-15.0	
77.05	239.2	20.7	19.0	2.0	-77.0	55.5	85.3	145.0	259.7	-3384.2	2128.1	-11.8	
77.10	240.3	20.5	19.2	2.0	-81.3	55.6	94.3	150.1	256.4	-3516.6	2479.4	-15.5	
77.15	241.4	21.4	18.4	2.0	-83.7	55.7	98.0	149.0	249.9	-3547.1	2742.8	-20.5	
77.20	242.5	21.9	18.4	2.0	-84.6	55.8	101.3	146.0	245.6	-3535.2	2884.2	-21.3	
77.25	243.6	22.2	20.3	2.0	-84.9	55.9	103.3	148.7	243.8	-3529.1	2908.2	-15.3	
77.30	244.7	22.2	21.1	2.0	-84.6	56.0	96.6	155.7	238.5	-3547.5	2841.1	-12.0	
77.35	245.8	22.0	19.0	2.0	-82.3	56.1	83.8	156.6	230.4	-3478.6	2684.6	-17.2	
77.40	246.8	21.7	15.1	2.0	-77.4	56.2	72.5	147.9	223.9	-3265.6	2431.2	-25.5	
77.45	247.9	21.0	15.7	2.0	-73.0	56.3	64.7	142.7	219.7	-3099.8	2134.8	-19.3	
77.50	249.0	21.1	19.6	2.0	-71.0	56.4	63.1	147.8	214.1	-3036.4	1933.3	-3.8	
77.55	250.0	21.6	23.7	2.0	-68.7	56.5	65.1	152.8	206.8	-2897.9	1808.9	12.6	
77.60	251.1	22.1	26.3	2.0	-64.8	56.6	65.8	148.7	198.2	-2653.3	1686.3	25.4	
77.65	252.1	23.0	29.6	2.0	-60.8	56.7	64.4	142.0	188.7	-2433.8	1513.9	40.7	
77.70	253.1	23.7	34.3	2.0	-58.5	56.8	62.0	148.6	179.9	-2350.0	1285.6	59.2	
77.75	254.1	24.2	40.0	2.0	-58.0	56.9	59.1	157.6	172.4	-2395.6	1079.9	79.3	
77.80	255.2	23.9	41.4	2.0	-56.6	57.0	51.8	157.8	165.1	-2379.7	872.1	85.4	
77.85	256.2	23.4	37.4	2.0	-53.0	57.1	37.3	154.3	154.2	-2214.5	598.6	75.5	
77.90	257.2	22.9	34.1	2.0	-51.2	57.2	25.5	147.3	143.4	-2156.2	367.5	66.0	
77.95	258.3	23.2	35.1	2.0	-53.0	57.3	23.6	145.5	136.7	-2328.8	240.7	67.3	
78.00	259.3	22.9	34.4	2.0	-55.4	57.4	23.2	154.6	133.4	-2496.1	96.9	62.6	
78.05	260.3	22.4	34.6	2.0	-59.1	57.5	22.4	165.9	127.9	-2751.2	80.4	59.7	
78.10	261.4	22.1	38.3	2.0	-64.7	57.6	26.6	167.7	117.0	-3153.9	341.7	66.9	
78.15	262.4	21.9	41.9	2.0	-69.7	57.7	34.6	173.8	110.9	-3483.8	621.7	74.1	
78.20	263.5	21.6	41.0	2.0	-72.7	57.8	45.1	181.6	113.3	-3637.0	825.0	68.0	
78.25	264.5	20.7	37.7	2.0	-74.2	57.9	56.7	179.2	113.5	-3686.6	1088.8	55.1	
78.30	265.6	20.1	33.3	2.0	-74.0	58.0	60.7	172.3	106.9	-3624.7	1304.1	40.3	
78.35	266.6	20.0	28.1	2.0	-73.1	58.1	57.9	169.0	99.9	-3529.4	1406.6	23.3	
78.40	267.6	20.3	24.5	2.0	-74.1	58.2	56.6	167.7	96.6	-3591.7	1477.4	10.0	
78.45	268.6	20.7	23.8	2.0	-77.9	58.3	56.1	177.2	93.5	-3863.4	1496.8	3.9	
78.50	269.6	21.1	26.2	2.0	-83.1	58.4	55.0	191.2	87.8	-4228.8	1542.3	7.0	
78.55	270.6	21.5	29.8	2.0	-88.2	58.5	58.6	196.2	81.7	-4564.7	1731.9	14.2	
78.60	271.6	21.9	29.6	2.0	-91.9	58.6	64.4	198.3	77.6	-4788.8	1889.2	9.8	
78.65	272.6	22.2	29.6	2.0	-95.3	58.7	67.2	209.8	73.0	-5029.2	1908.3	6.2	
78.70	273.6	22.0	32.9	2.0	-99.3	58.8	70.9	219.4	68.7	-5330.4	1892.9	13.7	
78.75	274.6	22.0	35.5	2.0	-101.8	58.9	72.2	219.9	65.8	-5558.4	1803.8	20.0	
78.80	275.6	22.3	35.9	2.0	-103.5	59.0	64.1	227.6	59.4	-5735.5	1625.2	19.7	
78.85	276.6	23.2	35.1	2.0	-105.7	59.1	53.7	238.1	47.8	-5922.8	1526.0	14.6	
78.90	277.6	24.0	35.8	2.0	-107.0	59.2	48.5	238.3	38.0	-6050.7	1465.6	15.8	
78.95	278.5	24.1	35.2	2.0	-105.8	59.3	45.8	230.7	33.1	-6016.6	1323.7	15.2	
79.00	279.5	23.3	30.8	2.0	-102.2	59.4	43.2	219.0	31.2	-5814.1	1129.5	3.5	
79.05	280.5	23.1	27.0	2.0	-97.6	59.5	42.1	205.0	23.7	-5525.1	1033.1	-5.0	
79.10	281.5	22.9	27.2	2.0	-94.7	59.6	41.8	202.0	14.3	-5339.3	942.3	-1.5	
79.15	282.5	22.5	30.7	2.0	-93.5	59.7	42.3	201.9	13.3	-5281.0	732.5	11.7	
79.20	283.5	22.7	35.5	2.0	-93.6	59.8	44.4	197.6	15.7	-5321.1	520.3	28.1	
79.25	284.5	22.7	39.6	2.0	-94.9	59.9	42.4	202.4	11.2	-5421.4	362.6	41.1	
79.30	285.5	22.6	41.7	2.0	-95.7	60.0	34.6	211.3	1.7	-5478.6	207.7	47.4	
79.35	286.5	22.8	43.9	2.0	-95.2	60.1	29.7	211.4	-2.9	-5444.3	41.9	55.5	
79.40	287.5	22.6	43.8	2.0	-92.9	60.2	27.2	207.7	-0.4	-5282.7	-216.0	57.5	
79.45	288.5	22.1	44.0	2.0	-91.9	60.3	18.8	205.8	1.1	-5187.8	-545.0	59.2	
79.50	289.5	21.8	44.9	2.0	-92.9	60.4	8.7	206.4	-4.6	-5235.9	-732.9	61.3	
79.55	290.4	21.8	46.5	2.0	-93.8	60.5	0.6	208.6	-9.9	-5281.8	-843.9	65.7	
79.60	291.4	22.0	47.6	2.0	-93.9	60.6	0.1	211.5	-9.9	-5276.5	-870.5	69.5	
79.65	292.4	22.7	48.9	2.0	-94.2	60.7	9.2	215.3	-11.3	-5314.7	-668.6	73.6	
79.70	293.3	23.0	47.3	2.0	-93.5	60.8	21.8	217.0	-17.4	-5280.4	-285.3	68.8	
79.75	294.3	23.1	42.3	2.0	-90.3	60.9	33.0	208.2	-23.8	-5059.1	152.2	55.1	
79.80	295.3	22.9	35.2	2.0	-85.4	61.0	45.2	190.3	-26.1	-4702.3	572.6	35.3	
79.85	296.2	23.2	30.7	2.0	-82.8	61.1	56.7	180.4	-26.8	-4466.0	921.3	22.4	
79.90	297.2	23.7	29.3	2.0	-84.0	61.2	61.6	183.4	-33.8	-4469.3	1209.9	16.8	
79.95	298.1	24.1	28.0	2.0	-86.3	61.3	59.4	187.2	-44.5	-4575.2	1414.2	9.7	
80.00	299.1	24.3	22.3	2.0	-86.6	61.4	57.9	180.2	-50.8	-4566.5	1569.6	-10.2	
80.05	300.0	24.4	17.2	2.0	-85.8	61.5	57.4	167.5	-54.3	-4487.1	1703.8	-26.8	
80.10	300.9	24.5	15.8	2.0	-87.9	61.6	61.0	165.3	-63.2	-4565.4	1928.2	-33.8	
80.15	301.9	24.6	16.8	2.0	-91.5	61.7	66.5	173.2	-74.4	-4749.0	2090.3	-33.8	
80.20	302.8	24.6	15.0	2.0	-92.2	61.8	69.3	175.4	-76.8	-4824.8	2019.5	-40.7	
80.25	303.7	24.6	14.4	2.0	-91.8	61.9	67.7	172.5	-74.3	-4893.6	1806.1	-42.4	
80.30	304.7	24.8	20.8	2.0	-94.6	62.0	63.3	178.9	-78.9	-5159.3	1619.5	-23.1	
80.35	305.6	25.1	28.7	2.0	-98.4	62.1	59.0	193.3	-87.3	-5469.7	1444.9	0.0	
80.40	306.5	25.8	31.3	2.0	-97.5	62.2	54.2	196.9	-89.1	-5458.4	1143.5	10.0	
80.45	307.4	26.2	28.2	2.0	-91.6	62.3	50.3	185.4	-87.6	-5104.6	816.4	5.2	
80.50	308.3	26.1	28.4	2.0	-87.3	62.4	46.8	178.0	-93.2	-4823.7	589.6	10.1	
80.55	309.2	25.4	31.7	2.0	-85.9	62.5	42.1	176.3	-101.3	-4744.6	377.3	22.9	
80.60	310.1	25.5	33.1	2.0	-85.9	62.6	31.9	176.4	-101.6	-4761.5	-55.5	27.9	
80.65	311.0	25.3	34.3	2.0	-87.4	62.7	20.3	179.1	-101.3	-4846.0	-526.1	30.2	
80.70	311.9	24.8	38.9	2.0	-90.5	62.8	10.5	183.9	-106.2	-5026.0	-844.3	42.9	
80.75	312.8	25.0	43.6	2.0	-93.4	62.9	4.6	191.2	-112.7	-5189.9	-1026.5	56.2	
80.80	313.7	24.9	45.3	2.0	-95.2	63.0	1.4	196.5	-117.0	-5271.9	-1185.6	60.4	
80.85	314.6	24.8	45.2	2.0	-96.4	63.1	2.4	196.5	-120.3	-5347.3	-1259.4	58.7	
80.90	315.4	25.1	44.7	2.0	-97.8	63.2	4.4	198.8	-124.5	-5453.6	-1238.3	55.8	
80.95	316.3	25.0	45.1	2.0	-99.0	63.3	2.8	200.3	-131.1	-5555.0	-1161.4	55.7	
81.00	317.1	24.5	44.1	2.0	-99.8	63.4	0.3	198.0	-135.9	-5633.7	-1072.2	51.5	
81.05	318.0	23.6	41.5	2.0	-100.1	63.5	0.1	195.5	-139.2	-5678.6	-988.1	42.3	
81.10	318.8	23.6	38.3	2.0	-100.2	63.6	-1.0	195.2	-142.9	-5692.2	-942.5	31.2	
81.15	319.7	23.8	32.9	2.0	-98.3	63.7	-2.1	186.2	-147.2	-5581.4	-860.5	14.7	
81.20	320.5	23.8	26.5	2.0	-94.7	63.8	-2.4	173.4	-153.1	-5361.6	-734.3	-3.7	
81.25	321.3	23.8	20.4	2.0	-91.1	63.9	2.4	165.8	-160.7	-5127.4	-516.8	-21.1	
81.30	322.1	23.9	19.6	2.0	-88.2	64.0	10.9	164.5	-165.2	-4920.7	-299.3	-20.8	
81.35	322.9	24.0	20.3	2.0	-86.6	64.1	20.1	162.5	-166.5	-4811.0	-96.4	-16.9	
81.40	323.7	24.0	22.4	2.0	-85.9	64.2	28.9	157.9	-167.5	-4763.7	116.7	-8.9	
81.45	324.5	24.1	23.9	2.0	-84.3	64.3	34.0	151.1	-168.0	-4654.1	275.0	-2.4	
81.50	325.3	24.2	24.3	2.0	-81.9	64.4	35.0	144.1	-169.5	-4490.3	326.0	1.5	
81.55	326.1	24.6	23.1	2.0	-79.8	64.5	35.7	143.4	-174.3	-4327.1	323.7	-0.5	
81.60	326.9	23.7	21.7	2.0	-78.3	64.6	30.8	143.1	-176.6	-4224.0	164.8	-3.7	
81.65	327.7	22.7	21.0	2.0	-77.8	64.7	22.6	138.9	-177.0	-4206.8	-41.3	-5.7	
81.70	328.5	23.5	21.4	2.0	-77.6	64.8	14.2	134.3	-182.0	-4199.2	-161.5	-4.3	
81.75	329.3	23.9	20.1	2.0	-76.6	64.9	8.0	131.5	-188.2	-4126.4	-229.8	-7.8	
81.80	330.0	24.0	18.6	2.0	-75.0	65.0	8.8	129.8	-189.2	-4008.4	-257.6	-11.0	
81.85	330.8	23.9	17.8	2.0	-74.0	65.1	15.2	130.3	-186.1	-3929.9	-255.5	-13.0	
81.90	331.6	23.5	19.1	2.0	-73.9	65.2	16.4	131.0	-187.3	-3915.1	-290.1	-8.3	
81.95	332.4	23.4	21.1	2.0	-74.2	65.3	9.7	130.1	-195.5	-3931.9	-386.5	-1.7	
82.00	333.1	23.6	20.8	2.0	-73.5	65.4	4.1	125.4	-202.7	-3866.8	-525.7	-2.2	
82.05	333.9	24.0	20.1	2.0	-72.5	65.5	-1.8	122.1	-202.9	-3754.9	-797.9	-3.4	
82.10	334.6	24.5	20.6	2.0	-72.2	65.6	-11.6	121.8	-204.3	-3636.6	-1151.6	-1.4	
82.15	335.3	25.3	21.9	2.0	-72.2	65.7	-23.0	115.7	-212.8	-3530.3	-1472.1	2.8	
82.20	336.0	25.8	21.2	2.0	-72.2	65.8	-30.6	104.3	-219.7	-3427.3	-1740.6	0.6	
82.25	336.7	25.8	21.3	2.0	-72.4	65.9	-38.9	97.6	-217.9	-3257.1	-2087.5	0.8	
82.30	337.4	25.4	24.3	2.0	-72.4	66.0	-39.0	96.2	-218.1	-3162.0	-2233.7	11.0	
82.35	338.1	25.2	28.7	2.0	-70.9	66.1	-31.5	92.4	-224.7	-3103.9	-2152.1	27.7	
82.40	338.7	25.1	30.5	2.0	-68.8	66.2	-29.1	90.5	-230.0	-2921.9	-2133.5	35.8	
82.45	339.4	24.8	30.3	2.0	-66.8	66.3	-27.6	84.4	-228.9	-2732.4	-2168.2	37.3	
82.50	340.1	24.0	32.6	2.0	-66.5	66.4	-20.0	79.1	-226.8	-2785.8	-2092.5	45.6	
82.55	340.8	23.5	33.9	2.0	-66.9	66.5	-19.1	76.9	-229.5	-2846.4	-2070.5	49.5	
82.60	341.4	23.5	29.6	2.0	-66.1	66.6	-26.7	72.5	-233.6	-2718.8	-2140.8	35.5	
82.65	342.1	24.5	24.3	2.0	-64.3	66.7	-29.3	61.8	-233.5	-2617.8	-2094.3	19.1	
82.70	342.8	24.7	22.0	2.0	-61.9	66.8	-23.2	53.9	-233.3	-2627.6	-1820.9	13.6	
82.75	343.5	24.3	20.4	2.0	-59.7	66.9	-17.6	55.3	-235.6	-2650.0	-1471.8	10.3	
82.80	344.2	23.4	14.4	2.0	-56.2	67.0	-10.7	50.5	-239.2	-2572.4	-1062.9	-6.8	
82.85	344.8	23.8	9.6	2.0	-54.3	67.1	-2.7	46.2	-239.4	-2565.5	-672.6	-21.2	
82.90	345.5	24.4	8.6	2.0	-55.4	67.2	4.5	52.6	-237.9	-2699.7	-336.1	-25.7	
82.95	346.2	24.8	9.7	2.0	-57.5	67.3	13.8	59.7	-238.2	-2853.3	27.6	-24.3	
83.00	346.8	24.5	7.6	2.0	-58.1	67.4	23.1	57.7	-237.3	-2876.5	355.1	-32.1	
83.05	347.5	24.6	1.0	2.0	-55.7	67.5	26.1	48.3	-237.1	-2678.0	556.4	-52.3	
83.10	348.1	25.1	-3.8	2.0	-51.7	67.6	23.2	35.3	-241.1	-2384.3	645.7	-64.8	
83.15	348.8	26.4	-6.4	2.0	-49.1	67.7	20.8	27.1	-245.5	-2199.3	659.5	-71.0	
83.20	349.4	26.9	-6.0	2.0	-47.4	67.8	15.3	28.3	-245.0	-2112.3	488.7	-67.9	
83.25	350.0	27.0	-3.3	2.0	-45.9	67.9	7.5	33.0	-245.5	-2035.3	234.4	-57.2	
83.30	350.6	26.6	0.1	2.0	-45.5	68.0	2.4	37.2	-249.1	-2010.5	34.9	-45.2	
83.35	351.2	27.0	2.7	2.0	-44.5	68.1	0.4	36.0	-250.4	-1927.3	-144.3	-35.3	
83.40	351.9	27.6	3.1	2.0	-41.9	68.2	1.8	34.0	-246.8	-1717.8	-318.7	-31.4	
83.45	352.5	27.0	4.8	2.0	-38.4	68.3	6.1	27.7	-243.4	-1433.0	-447.4	-21.8	
83.50	353.1	26.5	8.1	2.0	-35.7	68.4	8.4	18.2	-246.9	-1192.7	-557.1	-8.0	
83.55	353.7	26.0	10.0	2.0	-35.4	68.5	1.2	15.6	-249.9	-994.3	-848.1	-1.1	
83.60	354.3	25.6	9.8	2.0	-38.4	68.6	-11.3	15.2	-249.3	-833.8	-1280.0	-4.9	
83.65	354.9	25.5	12.1	2.0	-42.2	68.7	-19.1	13.8	-248.7	-787.7	-1616.6	-0.8	
83.70	355.5	25.7	13.2	2.0	-44.5	68.8	-25.0	7.5	-251.0	-664.6	-1846.3	0.8	
83.75	356.1	26.1	11.6	2.0	-45.4	68.9	-29.6	0.5	-252.7	-403.3	-1976.8	-5.5	
83.80	356.7	26.3	8.7	2.0	-44.2	69.0	-27.2	-9.8	-251.9	-161.4	-1925.1	-14.3	
83.85	357.4	26.5	7.8	2.0	-40.9	69.1	-19.1	-9.8	-251.8	-127.4	-1702.1	-14.1	
83.90	358.0	26.8	7.5	2.0	-36.8	69.2	-9.7	-3.4	-253.5	-203.0	-1410.3	-10.9	
83.95	358.6	27.1	8.1	2.0	-33.3	69.3	-1.4	-2.8	-253.6	-326.1	-1133.3	-5.3	
84.00	359.2	27.3	7.8	2.0	-32.3	69.4	-0.3	-3.6	-253.0	-487.1	-988.6	-5.5	
84.05	359.8	27.2	5.4	2.0	-32.5	69.5	-2.7	1.2	-256.3	-671.1	-899.2	-13.9	
84.10	0.4	26.8	2.5	2.0	-33.0	69.6	-3.0	2.9	-258.8	-826.8	-797.8	-24.4	
84.15	1.0	26.8	-2.6	2.0	-32.3	69.7	-2.5	-3.0	-256.7	-834.2	-718.3	-41.1	
84.20	1.6	27.7	-6.9	2.0	-31.7	69.8	-4.1	-7.7	-255.2	-823.9	-640.0	-55.5	
84.25	2.2	27.8	-8.7	2.0	-31.4	69.9	-1.9	-6.8	-259.2	-933.7	-422.2	-61.2	
84.30	2.8	27.9	-7.6	2.0	-33.2	70.0	7.0	-0.5	-261.7	-1154.6	-90.1	-59.4	
84.35	3.4	28.0	-5.7	2.0	-36.8	70.1	16.5	7.7	-256.9	-1387.8	194.5	-56.4	
84.40	4.0	27.0	-3.9	2.0	-40.2	70.2	24.6	15.3	-252.9	-1564.8	441.2	-53.4	
84.45	4.5	26.7	-1.3	2.0	-42.7	70.3	30.6	19.5	-254.9	-1669.6	662.9	-47.2	
84.50	5.1	27.7	-1.5	2.0	-43.4	70.4	36.0	14.2	-256.6	-1649.4	806.2	-48.5	
84.55	5.7	27.5	-6.2	2.0	-40.6	70.5	37.0	1.2	-252.3	-1453.5	756.8	-61.9	
84.60	6.3	26.8	-11.7	2.0	-36.9	70.6	31.3	-9.0	-247.0	-1259.0	541.4	-77.1	
84.65	6.9	25.7	-12.1	2.0	-35.7	70.7	25.0	-11.3	-249.7	-1243.4	361.0	-77.4	
84.70	7.5	25.7	-9.1	2.0	-37.3	70.8	23.5	-11.5	-254.9	-1383.0	282.4	-68.6	
84.75	8.1	26.0	-7.8	2.0	-37.5	70.9	23.8	-14.9	-251.4	-1413.8	181.3	-64.4	
84.80	8.7	26.4	-9.1	2.0	-35.9	71.0	22.9	-20.7	-244.9	-1302.1	53.7	-67.2	
84.85	9.3	26.9	-6.4	2.0	-35.5	71.1	27.3	-25.8	-246.7	-1251.8	93.1	-57.5	
84.90	9.9	27.6	-1.7	2.0	-36.0	71.2	32.4	-27.8	-252.0	-1264.7	143.4	-41.9	
84.95	10.5	28.7	-1.2	2.0	-35.2	71.3	30.0	-24.3	-248.2	-1221.3	-66.3	-39.3	
85.00	11.1	28.4	-0.4	2.0	-35.9	71.4	22.2	-21.4	-240.5	-1227.9	-440.7	-37.2	
85.05	11.7	28.3	1.6	2.0	-38.3	71.5	16.1	-22.2	-243.5	-1331.8	-683.8	-32.7	
85.10	12.3	28.3	4.6	2.0	-41.1	71.6	5.6	-20.5	-250.2	-1445.3	-939.5	-25.4	
85.15	13.0	27.7	3.1	2.0	-42.4	71.7	-3.8	-23.0	-250.0	-1360.3	-1200.6	-31.6	
85.20	13.6	27.0	1.9	2.0	-42.5	71.8	-6.1	-31.2	-246.7	-1197.0	-1338.8	-35.9	
85.25	14.2	26.3	4.4	2.0	-42.2	71.9	-6.4	-35.8	-249.8	-1098.6	-1374.0	-27.0	
85.30	14.7	25.8	5.9	2.0	-42.1	72.0	-9.3	-37.0	-254.8	-999.4	-1432.3	-21.9	
85.35	15.3	25.7	7.4	2.0	-42.9	72.1	-10.5	-33.1	-251.0	-951.7	-1546.7	-17.5	
85.40	15.9	25.6	7.9	2.0	-42.8	72.2	-5.9	-28.9	-244.7	-921.0	-1585.3	-15.9	
85.45	16.5	25.1	9.4	2.0	-42.5	72.3	-5.3	-29.1	-244.4	-859.6	-1585.7	-10.1	
85.50	17.0	25.5	8.3	2.0	-41.3	72.4	-7.5	-32.0	-249.3	-745.3	-1535.1	-12.8	
85.55	17.6	25.7	7.2	2.0	-40.6	72.5	-9.1	-35.0	-248.6	-668.2	-1502.3	-16.0	
85.60	18.2	25.0	5.1	2.0	-39.1	72.6	-5.2	-35.1	-245.3	-630.4	-1393.9	-21.6	
85.65	18.7	24.2	2.4	2.0	-37.8	72.7	-4.3	-34.2	-244.7	-599.2	-1302.8	-29.7	
85.70	19.3	23.7	-1.3	2.0	-38.2	72.8	-11.5	-39.2	-245.6	-546.2	-1337.9	-42.5	
85.75	19.8	23.5	-3.4	2.0	-38.6	72.9	-16.4	-40.3	-244.4	-563.7	-1356.6	-50.2	
85.80	20.3	22.8	-3.5	2.0	-37.0	73.0	-11.6	-30.7	-239.5	-674.1	-1211.8	-48.9	
85.85	20.9	22.3	-3.5	2.0	-33.6	73.1	0.1	-18.9	-234.1	-780.0	-880.2	-45.8	
85.90	21.4	22.3	-7.1	2.0	-29.4	73.2	11.7	-21.6	-232.4	-703.7	-459.6	-53.8	
85.95	22.0	23.4	-11.8	2.0	-26.2	73.3	18.1	-33.6	-234.9	-549.6	-93.1	-66.6	
86.00	22.6	24.8	-14.9	2.0	-25.6	73.4	21.6	-40.5	-235.4	-461.0	161.6	-76.6	
86.05	23.1	26.2	-16.6	2.0	-26.7	73.5	29.1	-40.6	-232.7	-386.3	403.7	-83.6	
86.10	23.7	25.6	-18.7	2.0	-26.6	73.6	31.3	-43.3	-227.8	-241.2	487.2	-90.7	
86.15	24.2	25.1	-23.3	2.0	-25.2	73.7	25.1	-51.6	-228.5	-82.0	417.4	-105.0	
86.20	24.8	24.7	-26.5	2.0	-24.8	73.8	18.5	-59.1	-234.9	-52.9	376.6	-115.8	
86.25	25.4	24.4	-26.6	2.0	-24.7	73.9	14.6	-55.1	-235.0	-191.8	330.1	-115.9	
86.30	26.0	24.6	-26.0	2.0	-24.9	74.0	15.4	-48.8	-230.3	-293.5	300.1	-114.2	
86.35	26.5	24.8	-23.3	2.0	-25.7	74.1	20.3	-47.4	-231.2	-322.3	357.5	-105.6	
86.40	27.1	25.1	-20.1	2.0	-25.5	74.2	18.9	-51.4	-236.3	-337.5	299.0	-94.6	
86.45	27.6	24.2	-20.5	2.0	-24.2	74.3	13.5	-55.8	-235.9	-345.5	36.0	-94.7	
86.50	28.2	24.0	-18.3	2.0	-26.6	74.4	7.7	-59.3	-228.8	-354.8	-388.1	-89.4	
86.55	28.7	24.8	-14.2	2.0	-30.7	74.5	3.3	-65.1	-226.1	-276.1	-771.3	-79.5	
86.60	29.2	25.5	-9.9	2.0	-35.5	74.6	-8.3	-65.7	-230.7	-163.8	-1165.7	-69.5	
86.65	29.8	26.0	-6.6	2.0	-41.0	74.7	-22.3	-66.4	-235.1	-96.2	-1580.1	-63.5	
86.70	30.3	26.4	-4.1	2.0	-46.3	74.8	-30.4	-71.3	-232.1	2.9	-1963.3	-60.4	
86.75	30.8	25.9	0.4	2.0	-51.4	74.9	-35.8	-79.5	-226.6	133.0	-2321.6	-50.1	
86.80	31.3	24.8	5.1	2.0	-54.8	75.0	-39.5	-85.5	-226.9	236.7	-2550.7	-37.4	
86.85	31.7	23.8	7.9	2.0	-57.9	75.1	-45.8	-86.6	-227.9	313.9	-2766.6	-30.7	
86.90	32.2	24.2	10.4	2.0	-60.5	75.2	-47.9	-85.6	-223.2	376.6	-2963.3	-24.9	
86.95	32.7	23.5	14.6	2.0	-62.1	75.3	-45.4	-86.1	-215.5	367.7	-3095.5	-12.1	
87.00	33.2	22.7	17.6	2.0	-62.8	75.4	-45.4	-87.5	-213.4	300.7	-3152.9	-2.4	
87.05	33.6	22.2	16.3	2.0	-62.7	75.5	-49.5	-85.6	-217.0	282.5	-3143.1	-6.6	
87.10	34.1	22.7	14.3	2.0	-62.9	75.6	-54.0	-85.4	-216.5	362.0	-3140.9	-13.6	
87.15	34.6	22.9	11.8	2.0	-61.9	75.7	-52.9	-89.3	-213.4	440.9	-3049.6	-21.4	
87.20	35.0	22.7	9.3	2.0	-59.6	75.8	-50.7	-85.9	-212.9	450.1	-2888.3	-27.6	
87.25	35.5	21.2	6.8	2.0	-57.5	75.9	-51.3	-81.7	-211.6	435.4	-2740.4	-34.2	
87.30	36.0	20.1	1.9	2.0	-54.3	76.0	-47.9	-86.1	-207.9	493.8	-2477.8	-47.7	
87.35	36.4	19.4	-1.7	2.0	-48.6	76.1	-37.4	-91.5	-206.8	583.5	-2013.9	-54.4	
87.40	36.9	19.4	-4.4	2.0	-42.3	76.2	-25.5	-89.1	-208.7	657.7	-1494.0	-57.5	
87.45	37.4	18.6	-7.8	2.0	-37.7	76.3	-16.1	-88.4	-208.7	719.8	-1075.3	-64.7	
87.50	37.8	17.8	-11.5	2.0	-36.6	76.4	-10.0	-99.1	-204.9	857.3	-819.2	-76.0	
87.55	38.3	18.3	-15.3	2.0	-37.1	76.5	-8.5	-107.7	-204.3	1012.2	-637.5	-89.4	
87.60	38.8	19.5	-17.0	2.0	-36.9	76.6	-7.9	-106.2	-207.3	1101.3	-442.1	-95.3	
87.65	39.2	20.7	-16.9	2.0	-36.4	76.7	-3.3	-104.5	-204.7	1121.3	-282.2	-94.5	
87.70	39.7	21.5	-16.5	2.0	-36.1	76.8	0.9	-108.1	-198.3	1109.2	-213.2	-92.9	
87.75	40.1	21.4	-16.5	2.0	-35.7	76.9	-1.9	-107.2	-197.9	1081.0	-207.8	-92.5	
87.80	40.6	21.3	-17.0	2.0	-35.8	77.0	-3.8	-106.6	-201.0	1097.7	-150.9	-94.2	
87.85	41.0	21.5	-17.9	2.0	-37.3	77.1	0.0	-112.2	-197.9	1199.5	-116.0	-98.8	
87.90	41.4	21.1	-17.2	2.0	-38.9	77.2	0.6	-116.4	-191.4	1297.2	-233.2	-98.0	
87.95	41.9	21.0	-15.4	2.0	-40.3	77.3	-6.1	-117.1	-190.2	1338.7	-492.9	-93.2	
88.00	42.3	21.6	-12.2	2.0	-43.2	77.4	-14.7	-123.3	-190.6	1388.8	-834.2	-85.1	
88.05	42.7	21.3	-9.7	2.0	-47.0	77.5	-21.3	-129.6	-185.0	1468.7	-1192.0	-80.3	
88.10	43.1	20.9	-7.2	2.0	-50.3	77.6	-25.7	-128.3	-180.6	1599.0	-1441.5	-75.1	
88.15	43.5	20.5	-4.2	2.0	-52.7	77.7	-26.6	-127.3	-183.2	1769.9	-1514.1	-66.9	
88.20	43.9	20.6	-2.2	2.0	-55.9	77.8	-25.4	-139.8	-184.9	1995.6	-1571.3	-63.6	
88.25	44.4	20.0	-1.4	2.0	-60.8	77.9	-26.3	-156.9	-180.0	2263.8	-1754.6	-65.7	
88.30	44.8	18.9	-0.1	2.0	-63.5	78.0	-27.3	-161.1	-176.0	2399.9	-1894.0	-64.0	
88.35	45.2	18.7	0.4	2.0	-63.2	78.1	-26.4	-153.6	-178.6	2414.7	-1870.4	-61.9	
88.40	45.6	18.7	1.5	2.0	-65.1	78.2	-32.7	-151.6	-178.2	2492.9	-2006.3	-59.9	
88.45	46.0	18.8	1.7	2.0	-68.6	78.3	-42.3	-156.6	-175.1	2605.4	-2260.5	-62.7	
88.50	46.4	18.3	2.3	2.0	-68.8	78.4	-46.4	-154.9	-178.0	2566.1	-2328.6	-61.0	
88.55	46.7	18.8	1.5	2.0	-67.3	78.5	-43.0	-151.2	-181.4	2534.8	-2206.8	-62.1	
88.60	47.1	19.7	-0.4	2.0	-69.0	78.6	-40.5	-156.5	-178.0	2744.0	-2131.6	-70.3	
88.65	47.5	20.0	-2.5	2.0	-71.3	78.7	-39.2	-165.2	-178.0	3002.8	-2034.9	-80.0	
88.70	47.8	20.6	-0.9	2.0	-69.1	78.8	-34.7	-161.9	-183.9	2951.0	-1820.3	-72.3	
88.75	48.2	21.2	0.5	2.0	-65.2	78.9	-28.7	-152.0	-181.8	2734.0	-1674.8	-63.4	
88.80	48.6	21.6	-0.6	2.0	-63.1	79.0	-24.4	-145.8	-170.6	2607.1	-1640.3	-65.3	
88.85	48.9	21.8	-1.7	2.0	-62.4	79.1	-22.1	-145.3	-167.1	2623.7	-1506.0	-68.3	
88.90	49.2	21.8	-1.8	2.0	-61.7	79.2	-19.3	-146.7	-176.8	2720.1	-1171.4	-67.8	
88.95	49.6	21.1	-4.4	2.0	-62.9	79.3	-16.9	-149.5	-179.7	2896.2	-937.6	-77.9	
89.00	49.9	20.8	-6.5	2.0	-65.8	79.4	-13.8	-158.0	-168.6	3117.4	-917.8	-88.0	
89.05	50.3	20.5	-8.1	2.0	-66.1	79.5	-9.0	-163.3	-163.7	3159.9	-813.9	-93.8	
89.10	50.6	19.7	-7.4	2.0	-63.8	79.6	-8.7	-158.6	-170.3	3039.2	-614.9	-89.2	
89.15	50.9	20.2	-9.6	2.0	-62.7	79.7	-10.7	-154.5	-170.9	2982.8	-518.4	-95.8	
89.20	51.3	20.6	-10.4	2.0	-62.8	79.8	-5.2	-158.8	-161.3	2994.1	-467.4	-98.5	
89.25	51.6	19.9	-8.9	2.0	-61.5	79.9	6.6	-161.7	-156.1	2913.8	-285.3	-91.9	
89.30	52.0	19.5	-7.5	2.0	-60.3	80.0	18.5	-162.2	-158.5	2825.3	14.0	-86.1	
89.35	52.3	19.4	-9.0	2.0	-61.2	80.1	23.9	-168.2	-156.5	2874.1	185.8	-92.0	
89.40	52.6	19.4	-10.8	2.0	-61.7	80.2	25.1	-174.0	-152.4	2892.1	274.6	-98.7	
89.45	53.0	18.6	-11.4	2.0	-59.3	80.3	26.4	-167.9	-154.8	2708.4	403.6	-98.5	
89.50	53.3	18.2	-10.6	2.0	-56.7	80.4	23.8	-159.3	-156.8	2530.3	403.4	-93.1	
89.55	53.7	18.7	-13.9	2.0	-56.9	80.5	20.3	-163.2	-152.9	2558.1	274.9	-104.8	
89.60	54.0	19.1	-16.5	2.0	-59.0	80.6	13.9	-172.5	-153.3	2697.7	163.2	-115.5	
89.65	54.3	19.1	-16.8	2.0	-60.2	80.7	11.4	-173.9	-161.7	2773.5	223.6	-117.9	
89.70	54.7	18.6	-15.4	2.0	-60.8	80.8	17.2	-175.9	-163.3	2805.9	325.0	-113.8	
89.75	55.0	20.1	-15.4	2.0	-61.3	80.9	26.3	-179.8	-155.2	2834.4	346.6	-114.3	
89.80	55.3	21.0	-13.8	2.0	-61.0	81.0	29.8	-177.4	-152.9	2809.6	368.8	-108.4	
89.85	55.6	20.9	-11.2	2.0	-59.7	81.1	31.6	-169.6	-160.1	2711.2	505.9	-98.0	
89.90	55.9	21.8	-10.1	2.0	-59.6	81.2	33.5	-167.9	-160.8	2694.3	543.1	-94.4	
89.95	56.2	22.2	-10.8	2.0	-60.3	81.3	31.4	-169.9	-153.7	2783.5	365.4	-97.4	
90.00	56.5	22.1	-11.5	2.0	-60.7	81.4	23.2	-167.3	-153.6	2845.4	141.8	-100.3	
90.05	56.8	21.9	-10.3	2.0	-60.2	81.5	13.3	-162.7	-159.8	2817.3	-35.6	-95.7	
90.10	57.1	21.9	-9.8	2.0	-60.2	81.6	3.8	-162.7	-159.2	2808.2	-291.9	-94.0	
90.15	57.3	22.0	-10.4	2.0	-59.6	81.7	-4.7	-158.0	-154.1	2733.1	-571.0	-95.2	
90.20	57.6	21.9	-9.6	2.0	-58.0	81.8	-7.7	-150.8	-152.6	2594.5	-715.0	-91.1	
90.25	57.9	21.8	-7.0	2.0	-57.3	81.9	-5.4	-149.8	-152.1	2529.9	-772.1	-81.2	
90.30	58.2	21.6	-5.5	2.0	-60.0	82.0	-2.4	-159.5	-147.9	2700.0	-838.7	-78.8	
90.35	58.4	20.4	-5.5	2.0	-64.1	82.1	0.8	-168.7	-143.3	2987.4	-872.4	-83.1	
90.40	58.7	20.0	-3.6	2.0	-66.3	82.2	5.5	-170.2	-142.9	3169.4	-825.6	-78.8	
90.45	59.0	19.9	-2.3	2.0	-67.3	82.3	7.7	-172.3	-142.4	3236.1	-830.0	-75.2	
90.50	59.2	20.2	-1.6	2.0	-68.1	82.4	1.7	-172.7	-138.6	3254.4	-1015.1	-73.8	
90.55	59.5	20.4	-2.8	2.0	-68.4	82.5	-8.1	-169.7	-137.3	3222.6	-1205.0	-78.0	
90.60	59.8	20.3	-2.9	2.0	-68.2	82.6	-12.0	-170.0	-141.8	3203.4	-1194.9	-78.2	
90.65	60.0	19.6	-4.4	2.0	-69.4	82.7	-11.0	-177.8	-143.1	3287.0	-1151.8	-84.5	
90.70	60.3	19.1	-7.7	2.0	-71.7	82.8	-12.3	-186.6	-139.5	3433.2	-1198.1	-98.1	
90.75	60.6	18.7	-9.3	2.0	-71.4	82.9	-10.8	-188.8	-140.1	3434.0	-1109.0	-103.5	
90.80	60.8	18.5	-7.7	2.0	-67.9	83.0	-0.6	-184.7	-142.9	3253.8	-812.8	-94.5	
90.85	61.1	18.3	-6.5	2.0	-64.1	83.1	10.2	-176.0	-140.1	3046.7	-529.4	-86.4	
90.90	61.4	18.1	-6.6	2.0	-60.9	83.2	15.4	-165.3	-135.6	2867.6	-332.1	-83.5	
90.95	61.6	17.9	-6.0	2.0	-58.5	83.3	20.4	-158.9	-138.0	2719.4	-70.7	-79.2	
91.00	61.9	18.3	-5.7	2.0	-58.8	83.4	27.3	-163.4	-140.3	2714.9	193.0	-78.4	
91.05	62.1	18.7	-9.2	2.0	-61.4	83.5	28.8	-169.9	-137.1	2884.2	312.4	-92.8	
91.10	62.3	19.1	-13.7	2.0	-63.7	83.6	24.6	-171.6	-137.5	3049.4	401.0	-110.8	
91.15	62.6	19.1	-15.4	2.0	-63.9	83.7	21.1	-172.1	-142.1	3040.9	518.3	-116.6	
91.20	62.8	19.5	-16.6	2.0	-63.3	83.8	19.2	-176.7	-140.7	2982.0	529.7	-120.2	
91.25	63.0	20.1	-17.7	2.0	-62.3	83.9	19.1	-173.8	-133.2	2916.3	515.9	-123.1	
91.30	63.2	20.6	-16.4	2.0	-61.1	84.0	23.5	-162.7	-131.9	2823.1	695.9	-117.6	
91.35	63.4	20.7	-15.4	2.0	-61.2	84.1	29.3	-159.7	-133.2	2781.0	896.9	-114.0	
91.40	63.7	20.6	-15.1	2.0	-62.4	84.2	31.0	-168.7	-129.0	2856.7	878.2	-114.2	
91.45	63.9	19.8	-14.4	2.0	-63.5	84.3	31.3	-176.9	-124.5	2943.8	781.6	-112.8	
91.50	64.1	19.8	-13.1	2.0	-63.0	84.4	32.7	-174.0	-124.6	2920.3	763.3	-107.9	
91.55	64.3	20.0	-11.6	2.0	-61.3	84.5	29.9	-167.2	-123.2	2839.5	639.3	-101.0	
91.60	64.5	20.5	-11.6	2.0	-59.7	84.6	21.0	-165.3	-118.5	2785.7	321.4	-99.6	
91.65	64.7	20.2	-10.8	2.0	-58.0	84.7	8.3	-161.8	-117.6	2688.4	-53.5	-94.9	
91.70	64.9	20.3	-8.5	2.0	-56.5	84.8	-4.0	-157.0	-120.1	2559.4	-389.2	-85.6	
91.75	65.1	20.6	-6.8	2.0	-57.0	84.9	-10.4	-155.7	-118.9	2536.3	-682.8	-80.1	
91.80	65.3	21.6	-5.2	2.0	-59.5	85.0	-14.0	-159.2	-114.7	2638.7	-961.8	-77.3	
91.85	65.5	21.8	-4.4	2.0	-61.4	85.1	-18.6	-160.9	-116.2	2701.9	-1178.1	-76.5	
91.90	65.7	21.6	-2.7	2.0	-62.8	85.2	-25.0	-163.5	-119.7	2693.0	-1406.5	-72.0	
91.95	65.9	21.8	3.5	2.0	-64.8	85.3	-28.3	-168.3	-118.7	2707.6	-1659.1	-52.8	
92.00	66.1	21.9	2.9	2.0	-66.4	85.4	-28.3	-167.6	-114.2	2713.1	-1891.3	-56.5	
92.05	66.3	21.9	5.1	2.0	-67.4	85.5	-28.4	-163.3	-113.4	2718.6	-2026.5	-50.0	
92.10	66.5	21.6	7.3	2.0	-67.8	85.6	-30.9	-161.7	-117.6	2717.8	-2086.5	-42.9	
92.15	66.7	21.0	6.6	2.0	-69.0	85.7	-36.1	-165.6	-118.9	2730.0	-2195.1	-46.3	
92.20	66.9	20.9	6.1	2.0	-70.5	85.8	-38.8	-169.0	-115.5	2759.7	-2320.2	-49.7	
92.25	67.0	21.7	5.7	2.0	-70.4	85.9	-39.9	-168.1	-113.9	2737.2	-2335.0	-50.8	
92.30	67.2	22.6	7.0	2.0	-69.9	86.0	-41.5	-168.5	-115.5	2750.4	-2261.5	-46.0	
92.35	67.4	22.6	5.0	2.0	-70.5	86.1	-43.8	-172.6	-113.9	2817.7	-2229.1	-53.5	
92.40	67.6	21.4	3.7	2.0	-70.2	86.2	-43.2	-176.1	-110.2	2877.1	-2106.6	-57.7	
92.45	67.7	21.8	2.1	2.0	-68.4	86.3	-36.1	-178.4	-107.1	2909.0	-1812.9	-61.1	
92.50	67.9	21.9	1.2	2.0	-66.9	86.4	-24.4	-179.1	-104.9	2992.2	-1440.4	-62.7	
92.55	68.1	21.6	0.4	2.0	-67.4	86.5	-12.9	-183.8	-100.2	3168.0	-1085.9	-66.2	
92.60	68.2	21.5	0.2	2.0	-68.0	86.6	-2.1	-188.3	-96.5	3310.7	-692.8	-67.4	
92.65	68.4	20.9	-0.0	2.0	-67.9	86.7	7.2	-189.0	-96.3	3363.2	-262.8	-67.9	
92.70	68.6	20.5	-3.4	2.0	-68.6	86.8	12.0	-191.1	-93.5	3422.0	24.3	-80.2	
92.75	68.8	21.3	-6.8	2.0	-70.2	86.9	13.6	-196.3	-87.4	3528.6	164.2	-93.4	
92.80	68.9	21.8	-8.0	2.0	-71.2	87.0	16.5	-197.8	-86.6	3584.7	391.4	-98.7	
92.85	69.1	22.2	-10.8	2.0	-71.2	87.1	18.0	-192.0	-89.7	3556.8	659.7	-108.3	
92.90	69.3	22.3	-12.6	2.0	-72.0	87.2	15.5	-190.6	-89.1	3601.4	777.1	-115.3	
92.95	69.4	22.8	-12.4	2.0	-73.4	87.3	15.1	-195.3	-87.3	3686.8	843.0	-115.9	
93.00	69.6	23.1	-9.3	2.0	-74.5	87.4	20.8	-195.6	-89.5	3727.1	1011.6	-106.5	
93.05	69.8	22.9	-5.8	2.0	-74.8	87.5	28.7	-189.4	-89.8	3718.5	1169.8	-94.6	
93.10	70.0	23.0	-5.1	2.0	-75.8	87.6	34.0	-190.4	-85.8	3788.5	1188.0	-93.2	
93.15	70.1	23.1	-4.8	2.0	-77.5	87.7	34.8	-197.6	-84.4	3913.3	1136.7	-93.9	
93.20	70.3	23.2	-5.4	2.0	-79.0	87.8	35.1	-201.8	-89.0	4027.2	1108.1	-97.6	
93.25	70.5	22.8	-5.7	2.0	-80.0	87.9	32.6	-203.0	-89.8	4146.5	922.9	-99.6	
93.30	70.6	22.6	-5.8	2.0	-80.9	88.0	27.6	-206.6	-85.2	4275.8	581.6	-100.8	
93.35	70.8	22.5	-4.1	2.0	-81.1	88.1	17.8	-207.8	-86.0	4321.2	245.5	-95.3	
93.40	71.0	22.4	-3.2	2.0	-80.4	88.2	5.0	-205.2	-91.1	4278.7	-54.2	-91.5	
93.45	71.1	22.4	-4.7	2.0	-80.8	88.3	-9.8	-203.5	-90.2	4286.7	-483.2	-97.0	
93.50	71.2	22.3	-3.5	2.0	-82.3	88.4	-18.7	-204.6	-86.3	4336.8	-886.2	-94.5	
93.55	71.4	21.9	0.0	2.0	-83.2	88.5	-17.7	-206.1	-86.4	4354.7	-1080.3	-83.1	
93.60	71.5	21.5	2.3	2.0	-84.4	88.6	-16.6	-207.0	-84.2	4404.4	-1260.9	-76.4	
93.65	71.6	21.2	3.1	2.0	-86.4	88.7	-18.7	-211.1	-78.6	4489.9	-1476.4	-75.6	
93.70	71.8	22.0	5.5	2.0	-87.0	88.8	-16.8	-214.5	-77.5	4506.0	-1524.7	-68.1	
93.75	71.9	22.4	8.8	2.0	-85.6	88.9	-11.7	-210.1	-78.2	4431.0	-1473.2	-55.4	
93.80	72.0	22.4	9.9	2.0	-85.1	89.0	-9.8	-203.1	-74.3	4403.7	-1501.4	-51.0	
93.85	72.1	21.4	8.5	2.0	-86.1	89.1	-12.2	-204.0	-70.4	4453.6	-1585.8	-57.1	
93.90	72.2	21.0	6.9	2.0	-88.0	89.2	-17.5	-211.0	-72.3	4572.1	-1615.8	-64.1	
93.95	72.4	20.8	6.3	2.0	-89.8	89.3	-24.4	-215.2	-78.5	4722.8	-1546.7	-68.2	
94.00	72.5	20.4	2.9	2.0	-91.4	89.4	-27.0	-216.7	-77.5	4865.2	-1482.2	-81.3	
94.05	72.6	20.4	2.2	2.0	-92.0	89.5	-22.0	-217.8	-72.6	4956.1	-1333.8	-84.5	
94.10	72.7	20.4	2.5	2.0	-90.2	89.6	-12.7	-216.3	-74.0	4902.8	-987.3	-81.7	
94.15	72.8	19.9	1.9	2.0	-88.7	89.7	-4.1	-215.4	-77.8	4857.5	-570.7	-82.3	
94.20	72.9	20.3	-0.5	2.0	-90.1	89.8	6.5	-220.1	-77.3	4978.5	-192.2	-91.7	
94.25	73.0	20.9	-2.3	2.0	-92.3	89.9	24.1	-223.5	-76.7	5127.3	267.9	-100.3	
94.30	73.2	20.7	2.3	2.0	-93.8	90.0	38.6	-221.8	-79.0	5188.2	745.5	-85.7	
94.35	73.3	20.9	1.8	2.0	-93.8	90.1	47.8	-218.3	-80.0	5141.6	1053.7	-87.7	
94.40	73.4	21.5	-2.5	2.0	-93.0	90.2	45.4	-217.8	-77.5	5076.0	1110.9	-101.5	
94.45	73.5	22.4	-4.4	2.0	-92.3	90.3	40.8	-217.6	-80.0	4999.8	1207.5	-107.5	
94.50	73.5	22.1	-3.9	2.0	-92.2	90.4	40.0	-213.5	-87.4	4948.4	1405.6	-105.5	
94.55	73.6	21.7	-27.7	1.5	-92.8	90.5	39.1	-211.4	-86.9	4990.3	1440.1	-123.1	
94.60	73.7	22.2	-25.0	1.1	-94.4	90.5	40.2	-219.6	-82.2	5102.1	1401.9	-131.8	
94.65	73.8	22.4	-20.7	0.8	-95.7	90.6	46.3	-226.5	-83.6	5140.8	1537.4	-130.6	
94.70	73.8	22.1	-16.1	0.6	-96.2	90.6	49.4	-224.4	-87.7	5135.8	1689.3	-124.6	
94.75	73.9	21.0	-12.6	0.5	-95.6	90.7	51.4	-218.3	-84.6	5108.4	1689.1	-118.8	
94.80	73.9	21.2	-8.0	0.3	-94.4	90.7	58.5	-216.9	-78.7	5027.7	1653.9	-106.9	
94.85	74.0	21.7	-4.4	0.3	-92.1	90.7	62.3	-214.0	-78.0	4864.4	1598.8	-95.9	
94.90	74.0	22.1	-4.2	0.2	-90.0	90.7	56.5	-210.6	-79.7	4769.6	1415.7	-96.0	
94.95	74.0	22.3	-6.1	0.1	-89.2	90.7	46.4	-214.0	-78.2	4788.0	1100.5	-104.0	
95.00	74.1	22.4	-7.1	0.1	-87.5	90.7	37.2	-215.0	-79.4	4718.5	813.1	-107.2	
95.05	74.1	22.8	-5.5	0.1	-84.0	90.7	29.2	-208.3	-83.7	4504.3	583.3	-99.5	
95.10	74.1	23.1	-4.6	0.1	-79.7	90.7	21.5	-198.3	-82.3	4241.7	272.0	-92.8	
95.15	74.2	23.0	-4.5	0.0	-76.8	90.7	14.6	-193.7	-78.5	4048.6	-32.3	-90.4	
95.20	74.2	22.3	-2.5	0.0	-75.7	90.7	10.9	-194.6	-80.9	3960.1	-165.3	-82.7	
95.25	74.2	22.4	-0.7	0.0	-75.9	90.7	11.9	-196.0	-86.9	3960.0	-178.7	-77.3	
95.30	74.3	22.7	0.3	0.0	-76.7	90.7	14.3	-197.1	-86.2	4017.4	-272.1	-74.8	
95.35	74.3	23.0	-0.2	0.0	-77.0	90.7	17.8	-199.3	-82.5	4018.3	-417.3	-77.1	
95.40	74.3	22.7	2.5	0.0	-76.1	90.7	18.2	-201.4	-85.7	3932.3	-493.7	-67.0	
95.45	74.4	22.4	4.1	0.0	-74.6	90.7	13.8	-199.0	-92.5	3817.0	-561.8	-60.3	
95.50	74.4	22.1	0.7	0.0	-74.0	90.7	6.2	-194.9	-93.6	3759.6	-709.1	-71.6	
95.55	74.4	22.2	-0.4	0.0	-73.8	90.7	0.3	-193.1	-92.9	3720.8	-828.6	-74.9	
95.60	74.5	22.7	-0.6	0.0	-73.9	90.7	-0.2	-196.2	-95.1	3719.8	-818.2	-75.6	
95.65	74.5	23.4	-1.4	0.0	-75.0	90.7	-1.9	-200.9	-97.7	3801.5	-765.2	-79.9	
95.70	74.5	23.2	-3.9	0.0	-76.8	90.7	-2.2	-206.0	-96.8	3940.7	-672.6	-90.2	
95.75	74.5	23.2	-4.1	0.0	-76.6	90.7	4.9	-204.9	-96.1	3965.9	-420.5	-90.5	
95.80	74.5	23.5	-0.9	0.0	-74.7	90.7	16.0	-199.2	-96.5	3855.9	-85.8	-77.6	
95.85	74.5	24.1	-0.1	0.0	-72.8	90.7	24.1	-193.3	-93.1	3731.2	114.6	-73.1	
95.90	74.5	23.6	-0.3	0.0	-72.8	90.7	29.9	-193.1	-87.7	3725.0	238.6	-73.6	
95.95	74.5	22.9	-1.2	0.0	-75.1	90.7	37.3	-200.0	-85.7	3861.2	465.9	-79.3	
96.00	74.4	22.3	-1.6	0.0	-78.7	90.7	42.0	-206.0	-86.1	4073.3	725.9	-84.2	
96.05	74.4	22.7	-3.2	0.0	-80.4	90.7	39.7	-204.2	-85.6	4183.5	866.0	-91.2	
96.10	74.4	23.2	-6.1	0.0	-79.6	90.7	36.6	-201.5	-83.5	4119.3	930.6	-100.3	
96.15	74.4	23.8	-7.4	0.0	-77.9	90.7	36.9	-201.0	-83.4	3961.2	1043.3	-103.1	
96.20	74.4	24.3	-8.2	0.0	-77.2	90.7	37.6	-195.2	-84.5	3882.9	1178.8	-105.2	
96.25	74.4	25.2	-8.8	0.0	-78.4	90.7	36.4	-188.7	-84.0	3967.7	1282.4	-108.6	
96.30	74.3	26.3	-8.8	0.0	-80.1	90.7	39.4	-188.6	-83.6	4062.4	1408.2	-110.4	
96.35	74.3	26.0	-8.4	0.0	-81.3	90.7	47.5	-196.6	-83.8	4083.4	1541.1	-110.3	
96.40	74.3	25.8	-7.1	0.0	-82.2	90.7	53.7	-202.5	-80.8	4118.1	1572.2	-106.4	
96.45	74.3	25.9	-6.6	0.0	-82.6	90.7	55.7	-200.0	-78.2	4156.5	1577.5	-105.2	
96.50	74.3	26.5	-4.8	0.0	-82.6	90.7	57.4	-193.7	-82.5	4139.1	1665.7	-98.9	
96.55	74.3	26.1	-4.5	0.0	-82.1	90.7	56.0	-194.4	-87.1	4115.5	1621.0	-97.6	
96.60	74.3	25.5	-5.8	0.0	-81.1	90.7	46.3	-199.4	-86.6	4141.0	1291.0	-101.0	
96.65	74.3	24.9	-7.5	0.0	-80.0	90.7	34.7	-200.0	-85.3	4160.5	903.2	-105.6	
96.70	74.3	25.5	-8.1	0.0	-79.8	90.7	27.1	-200.9	-87.2	4194.3	660.4	-107.8	
96.75	74.3	26.3	-8.5	0.0	-79.9	90.7	17.1	-201.6	-90.4	4233.2	424.0	-109.1	
96.80	74.3	26.9	-8.4	0.0	-79.6	90.7	3.5	-201.5	-91.1	4233.0	46.1	-108.6	
96.85	74.3	27.4	-6.7	0.0	-78.4	90.7	-2.2	-203.3	-88.8	4125.5	-308.7	-101.5	
96.90	74.2	28.3	-3.1	0.0	-76.1	90.7	2.7	-202.0	-86.0	3941.5	-477.7	-86.8	
96.95	74.2	29.6	-0.5	0.0	-74.9	90.7	5.1	-195.3	-82.8	3846.3	-621.8	-76.6	
97.00	74.2	29.1	1.6	0.0	-75.7	90.7	1.4	-193.0	-80.4	3887.0	-810.8	-70.3	
97.05	74.2	28.6	3.7	0.0	-76.8	90.7	-0.9	-199.2	-80.5	3921.2	-949.0	-64.2	
97.10	74.1	28.0	5.1	0.0	-77.7	90.7	-1.4	-206.3	-78.1	3927.9	-1103.8	-60.2	
97.15	74.1	27.3	5.1	0.0	-78.8	90.7	-6.6	-203.4	-72.0	3956.6	-1341.7	-61.5	
97.20	74.1	27.7	4.0	0.0	-79.4	90.7	-15.2	-195.3	-69.6	3969.5	-1505.0	-65.6	
97.25	74.0	28.1	3.5	0.0	-79.1	90.7	-20.7	-194.5	-73.3	3944.7	-1506.8	-67.0	
97.30	74.0	27.9	1.8	0.0	-79.7	90.7	-25.6	-201.1	-74.4	3961.8	-1522.0	-73.4	
97.35	74.0	27.1	-0.3	0.0	-80.8	90.7	-29.9	-202.9	-70.7	4033.1	-1559.6	-81.7	
97.40	74.0	26.7	-0.4	0.0	-80.3	90.7	-22.7	-200.5	-68.3	4082.4	-1356.0	-81.6	
97.45	74.0	27.1	0.8	0.0	-79.4	90.7	-6.6	-201.7	-68.4	4123.1	-949.8	-76.7	
97.50	74.0	27.7	0.5	0.0	-80.0	90.7	4.0	-206.4	-67.4	4220.6	-607.5	-78.2	
97.55	74.0	27.8	-0.6	0.0	-80.6	90.7	10.2	-208.6	-66.5	4289.2	-307.9	-82.7	
97.60	74.0	27.2	-0.0	0.0	-79.4	90.7	22.3	-204.3	-66.9	4220.6	117.3	-79.6	
97.65	74.0	27.2	0.6	0.0	-77.6	90.7	33.9	-195.0	-67.3	4069.6	543.0	-75.6	
97.70	74.0	26.9	-0.8	0.0	-76.7	90.7	35.1	-187.0	-67.2	3988.3	762.7	-79.6	
97.75	74.0	26.5	-4.0	0.0	-77.0	90.7	29.4	-187.4	-68.6	3999.4	844.2	-90.9	
97.80	74.0	26.9	-7.3	0.0	-78.4	90.7	26.0	-192.8	-73.2	4052.3	998.0	-103.4	
97.85	74.0	27.5	-9.6	0.0	-80.7	90.7	25.1	-196.9	-75.9	4178.5	1149.5	-113.7	
97.90	74.0	28.3	-11.4	0.0	-83.0	90.7	25.3	-199.2	-73.2	4341.9	1198.1	-122.2	
97.95	74.0	27.9	-13.1	0.0	-84.4	90.7	29.7	-203.2	-72.4	4411.1	1293.1	-129.4	
98.00	74.0	27.4	-8.8	0.0	-84.4	90.7	34.3	-205.1	-73.3	4364.2	1428.0	-114.5	
98.05	74.0	26.9	-6.9	0.0	-83.5	90.7	39.1	-202.6	-72.6	4272.2	1490.3	-107.3	
98.10	74.0	27.1	-5.0	0.0	-82.5	90.7	40.4	-198.1	-69.6	4224.5	1437.0	-99.6	
98.15	74.0	27.5	-3.5	0.0	-82.4	90.7	45.2	-199.5	-67.7	4234.4	1380.8	-94.5	
98.20	74.0	27.9	-2.6	0.0	-83.3	90.7	47.4	-207.5	-65.3	4330.0	1211.3	-92.1	
98.25	74.0	27.9	-2.7	0.0	-84.4	90.7	37.7	-213.7	-64.7	4480.3	898.7	-93.7	
98.30	74.0	28.1	-3.6	0.0	-83.9	90.7	23.2	-211.3	-66.9	4512.8	536.9	-96.4	
98.35	74.1	27.8	-4.1	0.0	-81.7	90.7	11.3	-208.1	-67.7	4387.5	156.8	-95.7	
98.40	74.1	26.3	-2.9	0.0	-79.5	90.7	0.8	-205.3	-66.6	4224.9	-244.2	-89.4	
98.45	74.1	25.9	-2.8	0.0	-79.2	90.7	-9.3	-202.7	-65.0	4167.2	-638.9	-88.7	
98.50	74.1	25.9	-1.6	0.0	-81.1	90.7	-13.4	-206.1	-65.5	4255.0	-883.6	-86.6	
98.55	74.1	26.5	-0.5	0.0	-83.5	90.7	-11.2	-214.5	-67.2	4398.2	-970.7	-85.3	
98.60	74.1	26.3	0.6	0.0	-85.3	90.7	-8.8	-217.1	-66.6	4511.3	-1059.0	-83.2	
98.65	74.2	25.8	3.4	0.0	-85.6	90.7	-3.7	-214.2	-66.8	4527.6	-1112.5	-73.8	
98.70	74.2	25.3	6.5	0.0	-84.2	90.7	2.7	-210.7	-67.7	4431.3	-1101.1	-61.7	
98.75	74.2	25.1	7.8	0.0	-82.6	90.7	4.6	-205.3	-67.5	4324.3	-1109.2	-55.7	
98.80	74.2	25.1	6.5	0.0	-82.0	90.7	-1.6	-201.4	-71.8	4274.5	-1146.8	-59.5	
98.85	74.3	25.2	4.5	0.0	-82.9	90.7	-9.1	-203.9	-77.7	4321.3	-1185.0	-67.5	
98.90	74.3	24.9	2.5	0.0	-84.4	90.7	-11.6	-209.0	-79.1	4416.5	-1210.0	-75.9	
98.95	74.4	24.8	0.4	0.0	-85.0	90.7	-9.9	-210.9	-79.1	4478.4	-1134.3	-83.8	
99.00	74.4	24.8	-0.6	0.0	-83.5	90.7	-7.9	-204.3	-82.2	4429.7	-932.3	-85.7	
99.05	74.4	25.3	-1.3	0.0	-81.1	90.7	-4.6	-198.3	-84.8	4308.5	-666.8	-85.8	
99.10	74.5	25.5	-0.6	0.0	-79.7	90.7	4.9	-199.3	-83.2	4236.9	-334.8	-81.7	
99.15	74.5	25.3	0.1	0.0	-79.5	90.7	19.6	-198.7	-81.0	4233.0	102.4	-79.0	
99.20	74.6	24.2	-0.1	0.0	-80.2	90.7	33.2	-193.0	-80.1	4265.8	541.2	-80.4	
99.25	74.6	23.7	-1.0	0.0	-82.3	90.7	43.4	-196.9	-77.8	4360.7	863.7	-85.6	
99.30	74.7	23.9	-2.7	0.0	-84.8	90.7	50.0	-209.5	-75.5	4460.8	1097.1	-94.1	
99.35	74.7	24.5	-5.0	0.0	-86.2	90.7	52.0	-214.5	-76.2	4497.4	1308.4	-103.3	
99.40	74.7	24.6	-7.3	0.0	-85.5	90.7	50.3	-204.8	-77.5	4421.9	1480.0	-110.7	
99.45	74.8	24.3	-8.7	0.0	-84.1	90.7	50.4	-196.7	-76.3	4280.1	1620.1	-114.1	
99.50	74.8	23.2	-9.4	0.0	-82.7	90.7	51.5	-196.7	-74.7	4124.7	1723.8	-115.1	
99.55	74.9	22.3	-10.9	0.0	-82.5	90.7	49.1	-197.4	-74.9	4082.7	1779.2	-119.9	
99.60	75.0	21.5	-12.6	0.0	-84.2	90.7	47.2	-198.9	-77.1	4191.8	1843.2	-127.6	
99.65	75.0	21.5	-12.7	0.0	-87.6	90.7	55.0	-208.5	-76.7	4381.6	1965.9	-131.3	
99.70	75.1	21.6	-11.6	0.0	-89.0	90.7	65.6	-211.4	-74.0	4447.3	2047.1	-128.7	
99.75	75.1	22.0	-10.1	0.0	-87.0	90.7	68.8	-202.2	-72.9	4318.5	2015.8	-121.6	
99.80	75.2	22.8	-9.2	0.0	-83.7	90.7	67.8	-196.3	-74.2	4102.4	1930.9	-115.4	
99.85	75.3	24.0	-7.4	0.0	-80.4	90.7	63.7	-193.7	-75.8	3913.9	1770.8	-105.8	
99.90	75.3	25.1	-6.4	0.0	-78.3	90.7	56.8	-189.3	-78.0	3858.7	1542.7	-100.3	
99.95	75.4	25.5	-5.9	0.0	-78.1	90.7	47.5	-190.7	-80.4	3952.1	1229.9	-98.5	
100.00	75.4	25.9	-6.4	0.0	-79.1	90.7	37.4	-199.2	-82.8	4106.5	850.8	-101.1	
100.05	75.5	26.1	-8.1	0.0	-80.0	90.7	25.6	-205.8	-85.6	4224.8	459.3	-107.9	
100.10	75.5	25.9	-7.9	0.0	-79.6	90.7	15.2	-202.1	-88.3	4225.7	119.6	-106.7	
100.15	75.6	26.1	-5.7	0.0	-77.8	90.7	9.1	-191.9	-89.0	4116.9	-168.7	-97.2	
100.20	75.6	26.5	-1.9	0.0	-75.7	90.7	8.1	-184.1	-88.9	3967.6	-391.3	-82.2	
100.25	75.7	27.0	1.2	0.0	-75.5	90.7	10.5	-186.0	-86.9	3919.9	-589.6	-71.5	
100.30	75.7	27.4	3.2	0.0	-76.9	90.7	11.1	-190.2	-84.1	3988.0	-768.7	-66.0	
100.35	75.8	27.8	4.6	0.0	-79.0	90.7	11.5	-194.5	-84.8	4129.7	-825.2	-63.2	
100.40	75.8	28.3	3.9	0.0	-81.3	90.7	11.3	-200.8	-85.0	4276.0	-881.8	-67.8	
100.45	75.8	28.2	4.2	0.0	-83.1	90.7	8.5	-206.5	-82.6	4369.0	-1007.4	-68.8	
100.50	75.9	27.8	3.5	0.0	-82.8	90.7	3.1	-204.7	-79.7	4328.1	-1127.0	-70.6	
100.55	75.9	27.2	2.7	0.0	-81.2	90.7	-1.7	-196.0	-78.9	4225.3	-1141.2	-72.0	
100.60	75.9	27.1	2.0	0.0	-80.7	90.7	-3.9	-191.8	-79.0	4227.0	-1037.6	-74.0	
100.65	76.0	27.1	0.9	0.0	-82.0	90.7	-5.8	-193.6	-77.9	4353.6	-913.4	-78.8	
100.70	76.0	27.0	-0.9	0.0	-83.8	90.7	-0.7	-201.0	-76.0	4504.6	-706.7	-87.0	
100.75	76.1	27.7	-0.3	0.0	-84.4	90.7	10.3	-205.0	-74.9	4576.8	-364.1	-85.5	
100.80	76.1	28.0	-3.0	0.0	-84.3	90.7	25.1	-205.2	-73.8	4586.1	47.2	-94.8	
100.85	76.2	27.9	-3.7	0.0	-84.6	90.7	32.9	-203.9	-71.4	4589.5	396.4	-97.2	
100.90	76.2	26.9	-2.8	0.0	-84.5	90.7	42.4	-201.0	-72.1	4535.9	807.9	-94.0	
100.95	76.3	26.8	-3.0	0.0	-84.2	90.7	51.0	-197.0	-74.0	4426.4	1185.7	-94.5	
101.00	76.3	27.0	-4.6	0.0	-84.3	90.7	56.4	-195.4	-72.6	4364.9	1430.3	-100.2	
101.05	76.4	27.0	-7.2	0.0	-85.2	90.7	57.2	-195.4	-71.6	4375.8	1601.2	-109.8	
101.10	76.4	27.1	-9.6	0.0	-86.7	90.7	54.1	-197.2	-75.5	4433.3	1768.4	-119.6	
101.15	76.5	27.0	-10.6	0.0	-88.4	90.7	50.7	-201.2	-80.9	4497.6	1905.7	-124.7	
101.20	76.5	26.7	-12.4	0.0	-88.5	90.7	48.9	-201.3	-80.5	4503.2	1922.2	-131.1	
101.25	76.6	26.4	-13.2	0.0	-87.6	90.7	49.9	-200.2	-76.9	4449.5	1881.6	-132.9	
101.30	76.6	27.0	-12.3	0.0	-86.1	90.7	53.6	-198.6	-75.8	4336.8	1874.3	-128.2	
101.35	76.7	28.4	-10.2	0.0	-84.5	90.7	54.1	-196.2	-77.9	4220.2	1846.9	-119.4	
101.40	76.7	27.7	-9.6	0.0	-82.2	90.7	52.0	-193.6	-77.3	4095.4	1714.8	-115.2	
101.45	76.8	26.8	-9.1	0.0	-78.9	90.7	50.7	-192.0	-73.2	3921.2	1496.6	-110.1	
101.50	76.8	26.1	-7.7	0.0	-75.0	90.7	49.3	-188.2	-71.3	3704.0	1262.3	-101.5	
101.55	76.9	27.1	-5.7	0.0	-71.1	90.7	40.9	-182.0	-70.4	3525.5	934.2	-90.7	
101.60	76.9	27.1	-6.0	0.0	-68.0	90.7	30.1	-177.9	-69.1	3387.4	534.5	-88.8	
101.65	77.0	26.7	-7.4	0.0	-65.7	90.7	18.1	-179.8	-66.9	3255.6	103.0	-91.2	
101.70	77.0	25.8	-7.4	0.0	-64.7	90.7	6.2	-182.1	-65.9	3162.0	-305.4	-90.0	
101.75	77.0	26.3	-6.5	0.0	-65.1	90.7	-3.9	-180.5	-64.4	3143.9	-677.0	-87.6	
101.80	77.1	26.7	-5.1	0.0	-66.3	90.7	-9.1	-179.8	-62.0	3160.7	-967.3	-83.8	
101.85	77.1	26.4	-2.9	0.0	-67.1	90.7	-11.4	-180.4	-60.8	3158.8	-1168.2	-77.0	
101.90	77.2	26.3	0.5	0.0	-67.3	90.7	-13.4	-179.1	-61.6	3129.1	-1284.6	-65.5	
101.95	77.2	26.2	4.3	0.0	-67.1	90.7	-13.8	-176.4	-60.6	3093.0	-1366.9	-52.5	
102.00	77.3	26.2	2.3	0.0	-68.0	90.7	-10.5	-177.6	-56.8	3149.5	-1404.7	-60.1	
102.05	77.3	26.0	2.9	0.0	-70.3	90.7	-6.0	-183.8	-55.6	3341.7	-1344.3	-60.2	
102.10	77.4	25.4	3.4	0.0	-72.1	90.7	-3.8	-188.0	-58.3	3521.0	-1219.0	-60.4	
102.15	77.5	24.7	1.0	0.0	-72.7	90.7	-4.5	-189.1	-58.1	3584.7	-1151.9	-69.3	
102.20	77.6	24.4	-1.3	0.0	-71.3	90.7	-8.2	-185.1	-57.4	3499.2	-1113.2	-75.9	
102.25	77.6	24.3	-2.9	0.0	-69.2	90.7	-10.1	-182.8	-61.1	3382.6	-976.1	-79.0	
102.30	77.7	24.2	-3.7	0.0	-68.1	90.7	-9.6	-180.7	-63.5	3344.5	-809.3	-80.8	
102.35	77.8	24.3	-4.9	0.0	-68.7	90.7	-6.6	-180.7	-60.5	3431.1	-646.4	-85.6	
102.40	77.9	24.6	-5.5	0.0	-70.2	90.7	2.2	-182.9	-58.5	3581.9	-336.5	-89.2	
102.45	77.9	25.1	-6.3	0.0	-72.5	90.7	11.5	-186.5	-59.2	3757.7	17.0	-94.2	
102.50	78.0	26.1	-6.3	0.0	-75.2	90.7	17.5	-193.5	-57.3	3932.1	262.6	-96.9	
102.55	78.1	25.7	-5.8	0.0	-77.0	90.7	27.1	-199.9	-52.7	4027.6	512.1	-96.7	
102.60	78.2	25.3	-4.9	0.0	-77.0	90.7	36.6	-196.2	-51.2	3992.9	796.7	-93.9	
102.65	78.3	25.3	-5.0	0.0	-76.4	90.7	39.2	-186.6	-51.8	3927.2	992.7	-93.7	
102.70	78.3	25.1	-6.8	0.0	-77.0	90.7	37.0	-188.7	-48.9	3968.2	1007.3	-100.3	
102.75	78.4	25.7	-8.3	0.0	-79.3	90.7	33.7	-201.6	-45.8	4123.8	954.5	-107.6	
102.80	78.5	27.1	-8.9	0.0	-80.9	90.7	29.1	-204.9	-45.9	4244.9	922.1	-111.3	
102.85	78.6	26.9	-10.9	0.0	-81.5	90.7	24.0	-201.2	-46.3	4317.3	880.9	-119.1	
102.90	78.7	26.4	-11.7	0.0	-82.0	90.7	23.5	-203.9	-43.1	4359.8	822.6	-122.1	
102.95	78.8	26.0	-9.8	0.0	-82.2	90.7	25.9	-210.3	-40.1	4366.0	776.0	-115.7	
103.00	78.9	26.0	-6.5	0.0	-81.9	90.7	27.9	-209.8	-40.4	4341.2	774.6	-104.3	
103.05	78.9	26.6	-5.3	0.0	-81.5	90.7	32.4	-205.4	-39.4	4319.6	789.1	-99.6	
103.10	79.1	27.6	-4.3	0.0	-81.4	90.7	37.6	-206.3	-35.6	4321.8	753.7	-96.3	
103.15	79.2	27.2	-3.9	0.0	-80.8	90.7	36.4	-207.6	-33.9	4292.8	604.0	-94.0	
103.20	79.3	27.1	-4.4	0.0	-79.7	90.7	27.5	-208.6	-36.6	4239.0	338.2	-94.8	
103.25	79.4	27.2	-4.2	0.0	-77.7	90.7	16.7	-206.6	-38.3	4111.5	13.8	-92.1	
103.30	79.5	27.6	-3.8	0.0	-76.2	90.7	9.7	-204.2	-39.0	3996.9	-231.0	-89.1	
103.35	79.6	27.3	-4.5	0.0	-75.4	90.7	3.2	-200.2	-42.1	3931.4	-413.1	-90.8	
103.40	79.8	27.0	-4.3	0.0	-75.2	90.7	-5.0	-196.5	-44.4	3897.3	-620.5	-90.0	
103.45	79.9	27.4	-4.2	0.0	-75.1	90.7	-10.1	-199.5	-45.5	3845.0	-810.5	-89.5	
103.50	80.0	27.9	-3.5	0.0	-75.2	90.7	-8.3	-206.8	-45.1	3814.1	-895.0	-87.2	
103.55	80.2	28.4	-2.5	0.0	-75.3	90.7	-4.3	-206.5	-44.5	3819.0	-906.1	-83.9	
103.60	80.3	28.6	-1.2	0.0	-74.4	90.7	-1.4	-198.1	-45.1	3776.1	-893.1	-78.4	
103.65	80.4	29.4	-0.3	0.0	-72.6	90.7	2.6	-197.8	-45.0	3643.4	-875.7	-73.5	
103.70	80.6	30.2	0.8	0.0	-70.8	90.7	4.0	-202.3	-44.0	3484.1	-898.8	-68.0	
103.75	80.7	30.4	0.5	0.0	-69.6	90.7	2.3	-200.8	-43.2	3392.2	-895.3	-67.8	
103.80	80.8	30.3	-1.2	0.0	-69.3	90.7	3.0	-196.4	-41.0	3407.6	-813.6	-73.4	
103.85	81.0	30.1	-2.5	0.0	-70.0	90.7	5.7	-197.7	-38.9	3485.4	-685.1	-78.4	
103.90	81.1	30.1	-4.5	0.0	-70.8	90.7	4.1	-202.9	-40.5	3552.1	-583.1	-86.4	
103.95	81.2	29.9	-7.3	0.0	-71.5	90.7	0.2	-207.4	-39.4	3592.4	-557.1	-96.5	
104.00	81.4	29.8	-9.1	0.0	-71.0	90.7	2.6	-206.2	-35.6	3579.6	-441.2	-102.1	
104.05	81.5	29.8	-9.0	0.0	-69.9	90.7	11.1	-199.3	-34.8	3538.6	-142.9	-100.9	
104.10	81.6	29.4	-7.6	0.0	-70.4	90.7	22.1	-197.3	-33.8	3582.1	200.6	-96.6	
104.15	81.8	28.8	-7.5	0.0	-72.4	90.7	30.8	-202.6	-30.5	3692.7	466.2	-98.2	
104.20	81.9	28.1	-7.5	0.0	-74.5	90.7	38.3	-209.0	-28.7	3792.9	730.2	-100.4	
104.25	82.1	28.5	-6.5	0.0	-76.7	90.7	48.6	-209.7	-28.8	3876.0	1045.4	-98.9	
104.30	82.2	28.7	-5.2	0.0	-78.8	90.7	57.0	-207.0	-28.7	3968.7	1305.3	-96.7	
104.35	82.4	28.4	-6.3	0.0	-79.6	90.7	56.6	-204.2	-29.5	4005.7	1417.8	-101.3	
104.40	82.5	28.9	-8.2	0.0	-77.8	90.7	49.9	-197.1	-33.9	3884.1	1406.3	-105.9	
104.45	82.7	28.9	-10.1	0.0	-74.4	90.7	43.7	-189.3	-37.3	3662.4	1336.0	-109.2	
104.50	82.9	28.4	-11.1	0.0	-72.3	90.7	40.7	-186.1	-37.0	3539.0	1248.3	-110.6	
104.55	83.1	28.3	-11.8	0.0	-73.0	90.7	39.6	-187.8	-35.7	3617.3	1176.1	-113.6	
104.60	83.2	28.0	-11.3	0.0	-75.4	90.7	41.6	-192.2	-38.9	3776.0	1214.2	-114.3	
104.65	83.4	27.7	-9.5	0.0	-77.4	90.7	47.2	-198.0	-40.5	3890.0	1275.7	-109.9	
104.70	83.6	27.8	-8.1	0.0	-78.0	90.7	52.2	-202.3	-38.0	3934.0	1241.8	-105.8	
104.75	83.7	27.8	-6.7	0.0	-76.7	90.7	52.5	-197.5	-37.3	3880.0	1124.0	-99.8	
104.80	83.9	27.6	-4.8	0.0	-74.0	90.7	47.2	-188.1	-38.1	3760.5	910.0	-90.5	
104.85	84.1	26.9	-2.9	0.0	-72.3	90.7	41.4	-188.1	-37.7	3691.1	641.6	-82.2	
104.90	84.2	26.1	-3.0	0.0	-71.9	90.7	32.1	-191.6	-38.1	3691.8	324.1	-82.3	
104.95	84.4	25.7	-5.5	0.0	-72.3	90.7	17.7	-192.5	-37.8	3739.8	-77.4	-91.0	
105.00	84.5	26.8	-8.1	0.0	-73.0	90.7	7.5	-196.4	-35.9	3762.5	-424.7	-100.9	
105.05	84.7	27.3	-5.2	0.0	-72.5	90.7	4.4	-200.3	-36.0	3695.1	-588.1	-90.4	
105.10	84.9	27.2	-3.5	0.0	-70.6	90.7	5.7	-195.6	-37.5	3554.2	-625.0	-82.6	
105.15	85.0	26.3	-1.6	0.0	-68.8	90.7	6.1	-187.0	-34.1	3425.4	-691.3	-74.4	
105.20	85.2	26.0	-0.1	0.0	-66.9	90.7	7.2	-181.6	-29.3	3288.0	-761.5	-67.2	
105.25	85.4	26.1	1.9	0.0	-66.2	90.7	12.8	-185.9	-27.7	3224.4	-733.0	-59.6	
105.30	85.5	26.2	3.4	0.0	-67.6	90.7	16.6	-192.1	-26.8	3321.6	-696.1	-55.9	
105.35	85.7	25.7	2.0	0.0	-69.9	90.7	14.6	-193.4	-25.7	3491.0	-719.2	-63.1	
105.40	85.9	25.4	0.6	0.0	-70.8	90.7	13.4	-194.6	-24.6	3565.0	-717.0	-68.9	
105.45	86.0	25.9	0.6	0.0	-69.7	90.7	15.2	-195.8	-26.9	3495.9	-596.0	-67.8	
105.50	86.2	27.2	-0.0	0.0	-68.3	90.7	13.2	-191.4	-28.2	3413.9	-500.9	-68.4	
105.55	86.4	28.2	-2.1	0.0	-68.3	90.7	9.9	-186.2	-26.9	3439.5	-425.1	-75.3	
105.60	86.5	28.5	-3.9	0.0	-69.1	90.7	13.0	-186.2	-29.2	3517.9	-171.5	-82.4	
105.65	86.7	28.2	-4.5	0.0	-70.4	90.7	19.0	-190.6	-33.5	3603.8	118.8	-85.9	
105.70	86.9	28.2	-6.1	0.0	-72.2	90.7	22.3	-195.2	-30.5	3721.7	205.8	-93.2	
105.75	87.0	28.6	-6.6	0.0	-73.5	90.7	29.4	-198.9	-25.5	3801.3	338.6	-96.0	
105.80	87.2	28.2	-4.9	0.0	-73.4	90.7	42.5	-195.8	-27.1	3745.7	709.0	-90.1	
105.85	87.3	27.5	-2.5	0.0	-74.3	90.7	52.3	-191.8	-29.5	3738.2	1051.8	-82.7	
105.90	87.5	26.8	-3.6	0.0	-75.9	90.7	53.3	-191.4	-26.2	3836.5	1152.7	-88.2	
105.95	87.6	27.1	-4.7	0.0	-77.9	90.7	54.9	-197.3	-22.9	3960.1	1215.8	-94.1	
106.00	87.8	27.2	-4.0	0.0	-79.7	90.7	58.9	-202.0	-24.1	4045.3	1351.1	-93.6	
106.05	87.9	27.3	-5.1	0.0	-80.6	90.7	54.5	-199.9	-22.4	4132.3	1333.5	-98.1	
106.10	88.0	27.9	-7.0	0.0	-80.2	90.7	43.8	-196.0	-17.8	4178.4	1157.2	-104.3	
106.15	88.2	27.7	-6.8	0.0	-78.7	90.7	37.4	-195.7	-17.0	4094.4	1041.1	-102.1	
106.20	88.3	27.4	-5.1	0.0	-76.0	90.7	35.2	-192.5	-17.9	3912.4	963.6	-93.6	
106.25	88.5	27.2	-5.1	0.0	-74.4	90.7	34.6	-190.7	-12.5	3834.6	813.4	-92.0	
106.30	88.6	26.4	-7.0	0.0	-74.8	90.7	38.5	-193.4	-4.6	3875.7	725.6	-98.7	
106.35	88.8	26.5	-4.6	0.0	-75.8	90.7	45.1	-196.4	-3.8	3927.4	821.9	-91.5	
106.40	88.9	27.7	-1.8	0.0	-76.5	90.7	46.9	-198.3	-6.3	3956.3	874.3	-82.6	
106.45	89.1	28.0	-1.3	0.0	-75.5	90.7	43.6	-196.9	-1.5	3932.2	678.0	-79.9	
106.50	89.2	27.9	-1.4	0.0	-72.6	90.7	40.4	-190.5	4.6	3758.7	428.0	-77.3	
106.55	89.4	27.5	-0.6	0.0	-69.0	90.7	35.1	-182.6	2.5	3532.7	264.3	-71.1	
106.60	89.5	26.8	-2.0	0.0	-68.1	90.7	23.0	-180.8	-1.3	3486.8	23.5	-75.1	
106.65	89.7	26.8	-5.8	0.0	-70.7	90.7	7.3	-188.8	-1.9	3646.8	-325.4	-90.7	
106.70	89.9	27.3	-6.3	0.0	-74.1	90.7	-0.3	-202.1	-3.8	3840.7	-523.9	-95.7	
106.75	90.0	28.2	-6.4	0.0	-76.3	90.7	4.3	-212.5	-5.2	3979.6	-518.1	-98.2	
106.80	90.2	28.4	-5.4	0.0	-77.7	90.7	8.6	-212.4	-1.3	4089.0	-510.8	-96.0	
106.85	90.3	28.3	-3.5	0.0	-77.5	90.7	12.0	-205.6	2.1	4106.1	-441.1	-89.4	
106.90	90.4	28.1	-0.0	0.0	-75.6	90.7	18.8	-201.1	1.7	3984.4	-272.4	-75.6	
106.95	90.6	28.2	2.3	0.0	-74.0	90.7	22.3	-200.2	2.3	3867.4	-207.9	-66.1	
107.00	90.7	28.4	0.7	0.0	-74.4	90.7	19.0	-199.4	6.1	3894.1	-324.0	-72.0	
107.05	90.9	28.4	-1.1	0.0	-75.7	90.7	14.8	-196.7	9.1	3981.8	-456.7	-79.6	
107.10	91.0	28.5	-1.0	0.0	-76.1	90.7	12.3	-197.9	7.0	4014.8	-468.1	-79.7	
107.15	91.1	28.2	-2.1	0.0	-76.1	90.7	4.9	-203.0	6.8	3993.1	-535.7	-83.5	
107.20	91.2	27.4	-5.6	0.0	-76.0	90.7	-4.5	-204.0	11.4	3951.5	-670.8	-95.3	
107.25	91.4	27.2	-4.7	0.0	-73.5	90.7	-5.9	-194.9	14.8	3789.1	-645.3	-89.7	
107.30	91.5	26.9	-2.5	0.0	-70.3	90.7	4.0	-183.8	15.8	3613.7	-409.2	-78.9	
107.35	91.6	26.8	-0.7	0.0	-70.6	90.7	11.4	-182.6	20.9	3644.6	-281.2	-72.9	
107.40	91.7	27.5	-1.3	0.0	-73.3	90.7	13.3	-189.7	25.8	3831.0	-242.2	-77.7	
107.45	91.8	27.4	-1.3	0.0	-75.6	90.7	16.7	-196.0	24.7	3991.2	-93.5	-80.2	
107.50	92.0	27.0	-1.1	0.0	-76.8	90.7	25.2	-199.5	24.9	4068.8	88.9	-80.6	
107.55	92.1	27.0	-1.1	0.0	-78.1	90.7	30.2	-202.8	33.1	4150.4	118.1	-82.0	
107.60	92.2	27.4	-2.0	0.0	-78.2	90.7	28.7	-201.5	37.7	4157.7	141.6	-85.1	
107.65	92.4	27.8	-0.9	0.0	-77.3	90.7	27.6	-198.3	33.6	4091.8	313.6	-80.2	
107.70	92.5	27.6	-3.2	0.0	-77.4	90.7	28.0	-199.9	30.6	4078.8	484.1	-88.3	
107.75	92.6	26.7	-5.8	0.0	-79.1	90.7	24.3	-203.9	33.6	4199.7	475.7	-98.9	
107.80	92.8	26.2	-7.1	0.0	-80.8	90.7	23.2	-205.5	33.4	4321.9	501.0	-105.3	
107.85	92.9	26.6	-6.5	0.0	-81.9	90.7	27.6	-208.2	28.7	4379.5	659.6	-104.3	
107.90	93.0	27.5	-6.3	0.0	-82.7	90.7	29.5	-212.6	28.3	4414.5	738.1	-104.3	
107.95	93.2	27.7	-7.1	0.0	-82.4	90.7	28.8	-210.6	32.6	4397.1	710.1	-106.7	
108.00	93.3	27.2	-6.3	0.0	-79.7	90.7	33.3	-198.5	33.0	4209.8	782.3	-101.5	
108.05	93.5	27.3	-2.5	0.0	-77.0	90.7	41.6	-190.8	29.8	3992.1	935.7	-85.6	
108.10	93.6	26.9	-1.0	0.0	-76.5	90.7	44.8	-193.8	31.4	3944.0	926.1	-80.0	
108.15	93.7	26.0	-2.2	0.0	-77.9	90.7	40.4	-201.4	33.6	4060.0	781.6	-85.6	
108.20	93.9	26.9	-4.2	0.0	-79.3	90.7	35.1	-205.1	29.0	4176.2	723.0	-93.9	
108.25	94.0	27.7	-4.7	0.0	-80.4	90.7	32.2	-208.9	25.6	4259.7	652.5	-96.6	
108.30	94.2	28.2	-4.8	0.0	-81.4	90.7	25.8	-214.4	30.2	4357.0	383.5	-97.8	
108.35	94.3	27.0	-4.8	0.0	-81.2	90.7	15.7	-213.0	34.1	4356.0	67.3	-97.5	
108.40	94.4	26.4	-4.3	0.0	-79.7	90.7	7.9	-206.3	32.2	4267.4	-158.7	-94.6	
108.45	94.5	26.1	-0.4	0.0	-79.0	90.7	3.4	-202.1	31.3	4215.1	-345.2	-80.5	
108.50	94.7	25.3	-1.2	0.0	-80.0	90.7	4.7	-206.5	34.1	4262.9	-473.3	-84.1	
108.55	94.8	25.4	0.9	0.0	-81.6	90.7	9.6	-211.1	37.9	4359.0	-528.1	-78.4	
108.60	94.9	25.9	2.3	0.0	-81.8	90.7	17.1	-210.4	38.4	4383.0	-461.1	-73.9	
108.65	95.0	26.3	2.3	0.0	-81.5	90.7	21.3	-211.7	37.5	4368.0	-390.4	-73.6	
108.70	95.2	26.7	2.4	0.0	-81.2	90.7	19.9	-211.8	39.6	4331.3	-448.0	-72.9	
108.75	95.3	27.1	3.2	0.0	-80.2	90.7	16.8	-206.8	40.8	4263.1	-524.6	-69.3	
108.80	95.4	27.0	3.7	0.0	-78.9	90.7	14.4	-200.5	38.0	4185.1	-531.5	-66.2	
108.85	95.5	26.2	2.0	0.0	-79.6	90.7	10.9	-200.1	36.1	4240.9	-560.1	-72.9	
108.90	95.7	25.5	-1.4	0.0	-82.4	90.7	5.9	-204.1	36.4	4432.2	-601.1	-87.2	
108.95	95.8	26.0	-2.3	0.0	-85.2	90.7	6.9	-210.0	33.8	4648.0	-444.0	-92.9	
109.00	95.9	25.4	-1.5	0.0	-87.3	90.7	17.5	-215.8	31.2	4810.3	-97.7	-92.5	
109.05	96.0	24.9	-0.9	0.0	-88.6	90.7	29.1	-216.2	33.3	4898.3	230.3	-91.8	
109.10	96.2	25.2	-1.7	0.0	-88.7	90.7	36.7	-213.0	34.6	4896.0	510.4	-94.7	
109.15	96.3	25.5	-0.8	0.0	-88.2	90.7	44.3	-210.6	32.8	4820.2	799.2	-91.1	
109.20	96.4	25.5	-0.1	0.0	-88.1	90.7	51.4	-211.1	30.6	4759.7	1048.3	-88.4	
109.25	96.6	25.1	-1.6	0.0	-88.8	90.7	51.9	-212.5	29.3	4784.9	1158.9	-94.4	
109.30	96.7	24.7	-4.0	0.0	-90.0	90.7	48.8	-216.3	27.8	4868.8	1178.9	-103.7	
109.35	96.9	24.4	-5.9	0.0	-91.1	90.7	48.3	-220.3	26.9	4929.5	1223.2	-111.3	
109.40	97.0	24.1	-6.4	0.0	-91.6	90.7	50.4	-220.4	28.0	4938.0	1322.6	-113.7	
109.45	97.1	23.0	-6.2	0.0	-90.8	90.7	49.8	-215.9	28.2	4869.6	1407.7	-112.2	
109.50	97.2	22.5	-5.9	0.0	-89.0	90.7	47.4	-211.3	26.7	4731.4	1443.6	-109.2	
109.55	97.4	23.3	-7.0	0.0	-87.4	90.7	47.6	-211.3	26.5	4609.9	1423.9	-111.5	
109.60	97.5	23.6	-7.7	0.0	-87.3	90.7	50.9	-214.0	30.1	4609.5	1354.1	-113.8	
109.65	97.6	23.8	-6.2	0.0	-88.2	90.7	53.4	-216.5	32.2	4687.4	1306.7	-109.5	
109.70	97.7	24.1	-4.9	0.0	-89.0	90.7	55.1	-220.9	31.6	4739.0	1291.4	-106.0	
109.75	97.9	24.2	-6.1	0.0	-88.4	90.7	53.1	-223.0	32.8	4723.8	1156.5	-109.5	
109.80	98.0	24.2	-7.0	0.0	-86.6	90.7	47.8	-220.3	34.5	4640.0	936.7	-110.5	
109.85	98.1	24.0	-4.6	0.0	-84.1	90.7	43.5	-212.2	34.9	4499.8	774.1	-100.0	
109.90	98.2	23.7	-1.9	0.0	-81.7	90.7	42.5	-204.0	35.7	4365.0	656.6	-88.1	
109.95	98.3	23.4	-1.9	0.0	-80.0	90.7	38.7	-198.8	33.9	4274.8	508.4	-86.5	
