Time[s]	Rotor azimuth angle[deg]	Hub wind speed magnitude[m/s]	ACTTORQUE1[Nm]	PITRAT1[deg/s]	PITFRIC1[kNm]	PITCH1[deg]	Blade root 1 Fx[KN]	Blade root 1 Fy[KN]	Blade root 1 Fz[KN]	Blade root 1 Mx[kNm]	Blade root 1 My[kNm]	Blade root 1 Mz[kNm]	
END_OF_HEADER
50.00	314.6	23.4	-61.5	-0.0	175.0	21.6	292.9	87.3	499.1	-861.4	10799.7	-37.1	
50.05	317.4	23.4	-59.9	-0.0	170.4	21.6	278.7	70.4	484.9	-453.1	10541.0	-36.1	
50.10	320.1	23.4	-62.8	-0.0	164.6	21.6	265.0	58.5	473.0	17.3	10169.4	-51.6	
50.15	322.8	23.3	33.0	0.0	-158.5	21.6	255.5	48.8	466.0	503.3	9735.1	-49.5	
50.20	325.5	22.8	37.7	0.1	-152.1	21.6	244.4	34.7	456.3	694.4	9279.4	-35.4	
50.25	328.2	23.0	44.8	0.3	-145.0	21.6	231.2	33.5	447.4	881.4	8767.8	-9.1	
50.30	330.9	23.2	48.0	0.4	-137.2	21.6	216.6	28.8	438.7	1105.9	8199.3	5.8	
50.35	333.6	23.2	45.8	0.6	-129.9	21.6	202.3	30.8	429.8	1296.2	7663.6	6.9	
50.40	336.3	22.8	43.4	0.7	-124.3	21.7	186.6	26.7	421.2	1581.0	7230.9	17.0	
50.45	339.0	22.4	38.9	0.6	-120.3	21.7	169.9	7.6	413.2	1966.0	6879.0	21.8	
50.50	341.7	22.1	33.4	0.4	-118.3	21.7	157.4	-14.0	408.2	2415.9	6618.7	21.8	
50.55	344.4	21.6	29.2	0.1	-119.1	21.7	153.4	-20.0	403.1	2759.0	6561.7	17.5	
50.60	347.0	21.7	-39.6	-0.2	122.2	21.7	155.1	-18.9	394.4	2820.0	6791.4	18.4	
50.65	349.7	22.1	-38.9	-0.3	129.9	21.7	169.8	-30.9	388.2	2837.2	7364.6	12.6	
50.70	352.4	23.0	-42.7	-0.3	141.0	21.7	197.2	-54.3	391.8	2979.7	8109.9	-9.0	
50.75	355.2	23.2	-49.1	-0.1	150.5	21.7	221.7	-71.6	397.7	3066.7	8749.5	-33.1	
50.80	357.9	23.1	-53.0	-0.0	155.5	21.7	230.8	-79.5	395.1	3001.7	9135.9	-38.7	
50.85	0.5	23.5	36.2	0.0	-157.9	21.7	229.4	-93.1	389.6	3143.9	9277.9	-40.7	
50.90	3.2	23.6	36.0	0.1	-161.5	21.7	230.8	-118.2	393.7	3697.8	9321.5	-45.0	
50.95	5.9	23.5	32.9	0.1	-165.7	21.7	233.1	-149.0	402.7	4344.7	9329.3	-59.5	
51.00	8.6	23.1	32.4	0.1	-169.2	21.7	231.8	-159.2	401.4	4750.6	9410.8	-60.8	
51.05	11.3	22.7	37.5	0.1	-172.8	21.7	231.2	-158.1	391.8	4969.9	9619.8	-39.3	
51.10	13.9	22.4	44.4	0.1	-179.3	21.7	242.0	-167.0	391.4	5271.3	9971.6	-23.2	
51.15	16.6	22.3	42.3	0.0	-188.0	21.7	263.9	-169.0	408.1	5755.6	10380.7	-32.6	
51.20	19.3	22.5	-69.5	-0.1	193.8	21.7	277.3	-167.4	423.4	6069.0	10652.9	-35.0	
51.25	22.0	22.4	-65.7	-0.2	195.9	21.7	276.4	-176.6	424.3	6196.1	10749.2	-18.4	
51.30	24.7	22.1	-64.7	-0.3	197.7	21.7	268.3	-190.8	427.9	6629.4	10646.2	-6.5	
51.35	27.4	21.9	-68.4	-0.5	201.8	21.7	260.4	-222.1	436.6	7342.4	10490.3	-11.9	
51.40	30.1	21.8	-71.8	-0.6	207.1	21.7	251.8	-251.8	442.9	8041.6	10419.4	-22.9	
51.45	32.7	21.7	-73.1	-0.6	212.9	21.6	242.1	-269.0	441.6	8636.2	10483.1	-34.1	
51.50	35.4	21.7	-69.9	-0.5	218.9	21.6	235.0	-293.5	434.9	9132.8	10613.0	-33.8	
51.55	38.1	21.5	-75.6	-0.4	223.6	21.6	232.4	-316.9	441.3	9622.7	10587.5	-53.1	
51.60	40.8	21.3	-80.0	-0.3	225.9	21.6	233.4	-327.1	458.2	10011.4	10404.2	-61.7	
51.65	43.4	21.2	-81.3	-0.3	225.2	21.5	228.2	-333.1	462.1	10198.3	10137.5	-55.6	
51.70	46.1	20.9	-81.5	-0.3	223.6	21.5	218.3	-331.1	463.0	10385.7	9800.1	-50.7	
51.75	48.7	20.9	-81.9	-0.3	223.9	21.5	215.1	-339.4	470.9	10701.4	9450.9	-53.9	
51.80	51.4	21.9	-81.2	-0.3	224.5	21.5	218.2	-350.2	486.6	11047.1	9046.8	-58.8	
51.85	54.0	21.8	-78.2	-0.2	221.6	21.5	210.8	-353.5	500.5	11196.0	8487.4	-56.9	
51.90	56.7	21.6	-74.7	-0.2	215.8	21.5	186.7	-363.4	505.4	11142.8	7824.5	-48.2	
51.95	59.4	21.4	-77.0	-0.2	211.3	21.5	163.2	-365.2	510.7	11144.9	7252.5	-51.9	
52.00	62.0	21.8	-79.4	-0.2	208.0	21.4	156.9	-352.0	524.4	11087.5	6933.0	-60.5	
52.05	64.7	22.3	-78.4	-0.2	204.1	21.4	167.7	-349.8	537.7	10736.7	6904.3	-60.7	
52.10	67.4	22.6	-82.5	-0.3	202.2	21.4	188.1	-350.6	549.2	10402.6	7085.5	-75.7	
52.15	70.2	21.8	-88.5	-0.3	199.1	21.4	201.8	-354.1	555.7	9984.1	7212.9	-101.2	
52.20	72.9	21.5	-87.6	-0.3	188.6	21.4	198.8	-346.2	564.3	9224.8	6926.0	-109.2	
52.25	75.6	21.8	-78.4	-0.4	171.0	21.4	179.7	-315.9	579.1	8234.4	6188.9	-95.1	
52.30	78.3	21.8	-64.1	-0.3	153.7	21.4	147.4	-300.9	590.3	7377.3	5266.4	-78.3	
52.35	81.0	21.7	-55.7	-0.1	142.3	21.3	114.6	-302.0	598.8	6907.0	4473.5	-72.0	
52.40	83.7	21.8	21.4	0.1	-136.3	21.3	100.7	-297.4	608.9	6652.0	4056.1	-87.8	
52.45	86.3	22.4	14.4	0.2	-132.7	21.4	102.6	-293.0	624.3	6442.2	3872.4	-100.4	
52.50	89.0	22.9	6.9	0.3	-132.3	21.4	113.1	-292.0	643.9	6405.2	3842.9	-112.3	
52.55	91.7	23.1	1.3	0.2	-133.6	21.4	119.7	-293.0	658.2	6466.5	3888.7	-120.6	
52.60	94.3	22.6	3.1	0.1	-132.5	21.4	121.1	-286.2	669.6	6379.0	3879.1	-115.4	
52.65	97.0	22.5	6.1	0.1	-129.3	21.4	123.7	-267.4	690.5	6216.7	3749.5	-103.5	
52.70	99.6	22.6	10.4	0.1	-128.3	21.4	128.7	-261.4	716.6	6200.4	3595.9	-89.1	
52.75	102.3	22.8	7.0	0.0	-130.5	21.4	131.1	-277.2	736.3	6377.2	3513.8	-98.1	
52.80	105.0	22.8	-77.3	-0.1	133.3	21.4	119.4	-292.9	751.8	6737.3	3175.8	-114.4	
52.85	107.6	22.7	-80.3	-0.3	134.1	21.4	97.0	-298.0	763.9	7052.6	2582.2	-121.5	
52.90	110.3	22.8	-76.2	-0.4	135.1	21.4	74.2	-301.1	773.3	7330.3	1959.5	-110.0	
52.95	112.9	22.4	-74.2	-0.5	140.0	21.3	59.2	-306.4	783.0	7810.8	1448.7	-107.7	
53.00	115.6	22.2	-74.8	-0.4	145.7	21.3	57.9	-317.4	791.7	8258.1	1160.9	-118.0	
53.05	118.2	22.2	-75.8	-0.3	146.5	21.3	61.5	-310.3	800.3	8362.6	908.1	-127.1	
53.10	120.8	22.7	-71.5	-0.2	141.7	21.3	63.0	-287.6	808.0	8081.7	602.7	-113.8	
53.15	123.5	23.3	-68.6	-0.2	136.4	21.3	54.4	-273.4	813.7	7747.7	77.6	-98.0	
53.20	126.1	23.8	-66.4	-0.3	134.2	21.3	38.1	-261.9	817.4	7588.9	-651.3	-82.3	
53.25	128.7	23.7	-59.6	-0.4	130.5	21.3	18.6	-241.6	816.4	7257.6	-1479.6	-61.0	
53.30	131.4	23.3	-50.7	-0.5	128.1	21.2	-2.7	-222.5	817.9	6899.6	-2329.4	-39.0	
53.35	134.0	22.5	-47.2	-0.5	126.7	21.2	-15.2	-219.7	815.8	6622.9	-2779.6	-32.9	
53.40	136.7	21.6	-50.1	-0.5	124.5	21.2	-19.9	-229.2	811.8	6355.9	-2900.2	-44.2	
53.45	139.3	21.3	-58.3	-0.6	119.9	21.1	-18.6	-223.0	814.0	5946.6	-2989.8	-71.5	
53.50	141.9	21.6	-58.8	-0.7	109.1	21.1	-15.3	-194.8	817.7	5090.4	-3030.4	-80.0	
53.55	144.6	21.9	-52.3	-0.8	94.9	21.1	-11.7	-157.1	822.0	4001.4	-2914.5	-75.3	
53.60	147.2	21.8	-52.6	-0.8	83.5	21.0	-3.3	-140.4	830.3	3198.0	-2620.8	-93.2	
53.65	149.8	21.5	-55.8	-0.8	71.0	21.0	13.9	-138.3	837.1	2403.2	-2089.1	-116.0	
53.70	152.4	22.0	-57.5	-0.9	56.1	21.0	37.4	-115.1	842.1	1572.0	-1405.5	-129.2	
53.75	155.0	22.6	-60.7	-1.1	45.2	20.9	56.5	-86.8	851.5	1038.2	-828.3	-145.3	
53.80	157.5	23.2	-65.5	-1.2	41.0	20.8	64.1	-86.8	860.1	896.6	-408.4	-170.6	
53.85	160.1	23.7	-63.0	-1.2	38.0	20.8	63.6	-87.0	867.1	730.6	-196.3	-180.3	
53.90	162.7	23.5	-49.6	-1.0	30.9	20.7	53.5	-63.1	875.0	203.2	-200.6	-157.2	
53.95	165.2	23.3	-46.5	-0.9	32.2	20.7	52.7	-39.1	882.0	-425.6	-61.4	-144.1	
54.00	167.8	23.2	-55.1	-0.9	39.9	20.6	72.4	-21.6	888.8	-849.5	487.0	-148.1	
54.05	170.4	22.7	-66.0	-1.0	50.8	20.6	112.4	-8.8	899.8	-984.7	1367.8	-161.0	
54.10	173.0	22.2	-71.7	-1.1	60.5	20.5	144.5	-5.5	914.2	-1101.7	2032.5	-170.5	
54.15	175.6	22.2	-73.0	-1.2	61.8	20.5	152.6	-9.2	920.0	-1005.4	2160.0	-182.5	
54.20	178.1	22.5	-66.1	-1.1	55.4	20.4	136.0	-12.4	914.1	-754.9	1799.2	-176.5	
54.25	180.7	22.4	-57.9	-1.1	44.3	20.4	107.7	-20.1	911.0	-377.8	1130.1	-161.3	
54.30	183.3	21.9	-52.0	-1.1	35.3	20.3	90.1	-20.4	911.0	101.7	554.2	-143.3	
54.35	185.8	21.6	-45.0	-1.1	33.2	20.3	81.8	-9.6	902.0	359.4	251.1	-120.1	
54.40	188.4	21.4	-36.8	-1.1	31.0	20.2	78.6	5.8	884.6	197.1	217.0	-98.5	
54.45	191.0	21.3	-31.9	-1.1	32.8	20.2	86.9	29.2	872.3	-179.3	358.8	-79.1	
54.50	193.6	21.2	-24.8	-1.1	34.6	20.1	88.6	39.7	874.6	-477.5	204.5	-45.7	
54.55	196.2	20.8	-19.4	-1.2	36.4	20.0	81.1	43.5	883.1	-628.3	-219.1	-18.3	
54.60	198.8	20.2	-15.3	-1.2	40.8	20.0	63.0	55.4	885.3	-727.2	-714.6	-7.0	
54.65	201.4	19.7	-10.1	-1.1	42.9	19.9	50.9	68.4	877.3	-896.9	-774.4	-9.4	
54.70	204.0	19.6	-13.6	-0.8	39.5	19.9	54.8	64.5	869.2	-898.5	-266.5	-42.7	
54.75	206.6	19.7	-30.3	-0.6	43.7	19.8	80.7	58.0	861.6	-943.1	764.2	-86.7	
54.80	209.2	20.0	-50.3	-0.6	60.0	19.8	118.1	65.4	850.3	-1194.8	2032.6	-118.5	
54.85	211.7	20.0	-65.4	-0.6	75.4	19.8	149.0	79.6	838.1	-1496.4	3083.2	-139.4	
54.90	214.3	19.9	-72.8	-0.7	85.3	19.7	166.4	92.4	829.0	-1799.7	3713.5	-157.0	
54.95	216.9	19.9	-68.2	-0.7	91.9	19.7	177.9	108.8	824.0	-2229.8	3992.6	-147.3	
55.00	219.4	20.2	-63.4	-0.6	96.5	19.7	185.1	133.7	825.0	-2772.2	3993.6	-128.6	
55.05	222.0	20.4	-67.1	-0.6	98.6	19.6	183.4	151.8	821.5	-3257.8	3790.4	-128.7	
55.10	224.5	20.3	-72.3	-0.7	99.2	19.6	164.8	163.7	806.9	-3772.6	3391.7	-136.4	
55.15	227.1	20.7	-69.9	-0.8	100.9	19.6	131.8	181.3	786.0	-4441.8	2785.0	-131.4	
55.20	229.6	20.8	-63.0	-0.7	105.2	19.5	100.7	207.2	770.9	-5114.9	2170.2	-118.8	
55.25	232.2	20.3	-59.8	-0.6	110.5	19.5	79.5	233.2	760.7	-5664.2	1732.2	-111.4	
55.30	234.7	19.9	-62.4	-0.5	116.1	19.5	71.3	245.1	752.1	-6116.0	1624.8	-112.9	
55.35	237.3	19.6	-70.8	-0.4	122.5	19.5	76.7	253.1	746.0	-6541.1	1818.3	-130.1	
55.40	239.9	19.4	-82.5	-0.4	129.1	19.4	91.2	263.3	743.7	-6915.2	2178.1	-153.8	
55.45	242.4	19.6	-92.7	-0.5	136.2	19.4	111.3	276.5	740.1	-7266.0	2648.2	-166.2	
55.50	245.0	19.7	-98.9	-0.7	140.6	19.4	132.3	280.8	730.9	-7380.7	3186.8	-174.4	
55.55	247.6	19.6	-100.3	-0.8	141.5	19.3	155.0	268.8	722.5	-7213.8	3710.4	-187.6	
55.60	250.2	19.4	-97.6	-0.8	141.2	19.3	173.4	249.6	719.6	-6992.3	4109.8	-197.9	
55.65	252.8	19.4	-94.6	-0.7	141.2	19.3	180.1	242.7	713.2	-6817.1	4407.4	-198.5	
55.70	255.4	19.4	-90.9	-0.6	141.0	19.2	173.8	238.7	700.2	-6668.1	4662.3	-183.5	
55.75	257.9	19.0	-86.3	-0.6	139.0	19.2	161.6	235.9	686.9	-6393.5	4844.8	-160.5	
55.80	260.5	18.9	-78.7	-0.6	134.5	19.2	154.1	234.1	682.1	-5903.1	4942.6	-135.3	
55.85	263.1	19.0	-68.0	-0.5	130.7	19.2	155.5	225.8	680.6	-5390.6	5115.4	-106.9	
55.90	265.6	19.5	-58.1	-0.5	131.6	19.1	164.9	225.5	670.8	-5017.1	5561.1	-75.2	
55.95	268.2	20.0	-54.0	-0.4	135.7	19.1	185.8	224.8	657.7	-4541.2	6313.2	-52.8	
56.00	270.7	20.3	-55.1	-0.5	141.5	19.1	215.8	209.5	647.5	-3863.1	7227.9	-40.7	
56.05	273.3	20.3	-59.2	-0.6	148.9	19.1	248.3	192.7	640.9	-3116.2	8149.7	-37.0	
56.10	275.9	19.8	-60.4	-0.8	157.4	19.0	274.2	177.8	631.9	-2499.7	8998.4	-33.9	
56.15	278.4	19.1	-56.7	-0.8	165.2	19.0	283.2	165.4	615.5	-2076.6	9720.6	-24.0	
56.20	281.0	18.4	-55.5	-0.8	171.9	18.9	281.5	161.3	595.0	-1700.6	10331.4	-18.8	
56.25	283.6	18.2	-53.4	-0.8	176.0	18.9	275.3	151.6	575.4	-1411.5	10737.3	-9.9	
56.30	286.1	18.1	-48.9	-0.7	178.6	18.9	269.8	147.6	556.2	-1339.0	10976.9	1.2	
56.35	288.7	18.1	-44.7	-0.6	182.0	18.8	273.0	146.3	539.3	-1361.1	11238.8	9.7	
56.40	291.3	17.8	-45.8	-0.4	186.5	18.8	282.1	140.6	522.4	-1388.5	11573.3	5.9	
56.45	293.9	17.4	-49.1	-0.2	190.0	18.8	290.7	128.3	507.3	-1409.7	11847.6	4.4	
56.50	296.5	16.8	-49.5	-0.2	190.8	18.8	292.4	128.3	498.2	-1449.4	11904.4	13.0	
56.55	299.1	17.0	-43.0	-0.2	189.4	18.8	283.1	142.3	488.2	-1585.4	11794.1	39.6	
56.60	301.6	17.0	-33.0	-0.1	186.9	18.8	264.1	155.7	473.0	-1776.0	11616.3	68.4	
56.65	304.2	16.7	-27.6	-0.1	184.5	18.8	249.3	154.1	460.3	-1734.7	11489.2	85.8	
56.70	306.8	16.4	-29.7	-0.1	183.0	18.8	250.2	136.1	459.4	-1381.9	11449.3	78.1	
56.75	309.5	16.0	-36.2	-0.1	185.2	18.8	265.3	121.4	461.5	-984.5	11634.4	65.6	
56.80	312.1	15.6	-40.9	-0.2	190.5	18.7	279.3	127.2	455.3	-786.5	12012.3	59.3	
56.85	314.7	15.3	-41.1	-0.2	196.9	18.7	290.0	120.0	443.6	-681.7	12494.8	59.0	
56.90	317.3	15.5	-42.1	-0.2	202.9	18.7	304.8	102.1	439.4	-345.9	12945.8	51.7	
56.95	320.0	16.3	-47.9	-0.1	207.6	18.7	319.7	87.4	444.1	28.1	13273.9	38.3	
57.00	322.6	15.8	-48.8	-0.1	210.6	18.7	324.5	77.0	440.1	266.8	13491.4	39.4	
57.05	325.2	15.7	-48.6	-0.1	212.0	18.7	317.6	63.0	425.6	631.2	13629.2	46.9	
57.10	327.9	16.0	-45.8	-0.0	210.8	18.7	307.1	34.1	413.7	1256.4	13543.7	45.3	
57.15	330.5	16.2	79.8	0.1	-206.9	18.7	299.3	2.5	411.9	1889.2	13204.5	49.1	
57.20	333.1	16.4	75.2	0.2	-201.1	18.7	288.5	-2.4	410.9	2341.9	12713.2	39.8	
57.25	335.8	16.5	73.5	0.4	-196.0	18.7	273.2	-2.7	395.1	2554.3	12342.7	41.5	
57.30	338.4	16.8	73.0	0.5	-192.3	18.8	259.8	-16.1	378.4	2796.2	12048.5	46.0	
57.35	341.0	16.4	71.4	0.5	-189.7	18.8	258.2	-27.7	380.1	3174.1	11757.2	46.6	
57.40	343.6	16.0	69.6	0.6	-187.4	18.8	260.0	-40.7	386.4	3588.2	11435.3	46.6	
57.45	346.2	16.2	66.6	0.5	-185.3	18.8	253.6	-53.1	378.8	4098.8	11117.3	46.1	
57.50	348.8	16.3	64.3	0.5	-185.5	18.9	243.8	-67.0	370.6	4848.7	10847.7	41.7	
57.55	351.4	16.5	65.1	0.5	-188.3	18.9	240.4	-94.9	369.9	5601.2	10704.5	38.9	
57.60	354.0	16.6	63.7	0.4	-192.5	18.9	242.4	-121.0	369.5	6130.7	10732.1	35.2	
57.65	356.6	17.1	59.2	0.2	-196.8	18.9	245.2	-131.5	363.5	6456.1	10902.2	26.9	
57.70	359.3	17.6	58.8	0.0	-198.9	18.9	244.7	-138.6	354.2	6486.2	11068.8	30.6	
57.75	1.9	17.8	-56.8	-0.2	198.9	18.9	244.1	-143.3	356.4	6434.7	11095.1	31.5	
57.80	4.5	18.1	-50.8	-0.3	199.0	18.9	244.9	-153.7	368.3	6502.2	11028.8	37.0	
57.85	7.2	18.2	-45.6	-0.2	199.4	18.9	243.2	-171.3	376.5	6608.0	10962.9	33.3	
57.90	9.9	18.2	-44.8	-0.1	203.1	18.9	243.8	-191.7	376.5	6882.6	11083.7	29.4	
57.95	12.5	18.2	72.9	0.1	-210.3	18.9	251.5	-200.6	378.4	7340.4	11394.8	21.9	
58.00	15.1	18.1	71.2	0.2	-218.8	18.9	262.1	-220.1	381.3	7775.0	11810.0	14.6	
58.05	17.8	18.0	69.8	0.2	-228.1	18.9	271.6	-247.1	379.7	8212.8	12271.8	8.4	
58.10	20.4	18.4	67.1	0.2	-236.5	18.9	283.9	-251.1	378.6	8548.2	12779.1	-3.6	
58.15	23.1	18.4	66.9	0.1	-241.4	18.9	294.3	-245.8	380.7	8553.3	13200.3	-2.2	
58.20	25.7	18.1	-74.9	-0.0	243.2	18.9	301.1	-233.5	391.6	8439.9	13426.5	3.1	
58.25	28.3	18.6	-73.9	-0.1	244.7	18.9	309.4	-225.1	407.6	8371.8	13587.8	1.5	
58.30	31.0	19.2	-69.2	-0.1	246.1	18.9	314.7	-236.4	418.1	8265.0	13729.4	4.6	
58.35	33.7	19.8	-69.1	-0.1	246.4	18.9	315.0	-243.6	429.5	8186.7	13779.7	6.2	
58.40	36.4	20.3	-70.7	-0.1	246.5	18.9	312.5	-249.9	441.0	8151.7	13791.4	9.2	
58.45	39.1	20.3	-70.8	-0.1	248.4	18.9	310.1	-268.6	447.5	8241.7	13860.5	10.0	
58.50	41.7	20.5	-72.3	-0.1	253.2	18.9	312.0	-294.8	456.4	8657.5	13958.3	0.0	
58.55	44.5	21.2	75.9	0.0	-258.6	18.9	318.7	-327.9	470.0	9243.1	13963.0	-14.9	
58.60	47.2	21.4	74.4	0.2	-261.0	18.9	324.0	-352.3	483.5	9659.1	13813.5	-29.1	
58.65	49.8	21.3	69.9	0.4	-259.2	18.9	323.2	-359.3	497.4	9865.3	13462.9	-40.8	
58.70	52.5	21.2	68.1	0.6	-253.2	18.9	316.1	-351.7	514.0	9884.9	12902.9	-41.5	
58.75	55.2	21.2	68.5	0.7	-244.3	19.0	301.4	-345.2	529.3	9734.0	12206.7	-31.6	
58.80	57.9	20.9	66.2	0.9	-237.6	19.0	289.9	-340.3	544.7	9700.6	11600.7	-29.7	
58.85	60.6	20.1	62.1	1.0	-234.4	19.1	283.9	-341.9	558.1	9907.0	11104.0	-36.2	
58.90	63.4	20.2	57.8	1.0	-233.3	19.1	277.9	-354.6	572.2	10305.2	10573.2	-41.2	
58.95	66.1	20.4	53.1	1.0	-233.0	19.2	268.0	-366.5	590.0	10821.8	9983.4	-50.1	
59.00	68.9	20.7	51.4	1.1	-232.9	19.2	255.2	-386.6	600.5	11186.3	9508.3	-58.4	
59.05	71.6	20.9	49.9	1.1	-230.1	19.3	239.6	-393.4	604.4	11241.7	9111.4	-64.8	
59.10	74.4	21.2	44.3	1.1	-224.4	19.3	230.6	-381.7	616.4	11070.8	8686.0	-77.5	
59.15	77.2	21.5	41.7	1.2	-217.4	19.4	230.8	-379.5	628.7	10658.1	8347.6	-77.8	
59.20	80.0	21.7	37.5	1.2	-211.5	19.4	234.8	-383.7	641.1	10260.2	8091.3	-85.3	
59.25	82.8	21.7	31.8	1.2	-206.8	19.5	239.7	-383.6	654.1	9967.8	7856.9	-102.8	
59.30	85.6	21.6	28.4	1.3	-199.3	19.6	238.2	-382.1	664.4	9511.0	7512.3	-108.2	
59.35	88.4	21.5	26.4	1.3	-190.0	19.6	225.7	-365.2	679.4	9122.3	6954.0	-103.1	
59.40	91.1	21.9	27.4	1.4	-184.3	19.7	206.9	-362.2	688.6	9055.3	6363.7	-99.3	
59.45	93.9	22.2	28.1	1.5	-179.7	19.8	183.2	-369.5	693.2	9062.1	5732.0	-102.4	
59.50	96.7	22.3	25.2	1.7	-171.7	19.8	159.7	-354.8	705.9	8932.8	4885.3	-103.3	
59.55	99.4	22.5	24.9	1.8	-159.5	19.9	143.0	-328.4	717.7	8371.4	4138.4	-84.4	
59.60	102.2	22.6	21.3	1.7	-149.8	20.0	132.0	-312.4	727.1	7915.8	3496.3	-73.7	
59.65	104.9	22.6	13.4	1.6	-145.3	20.1	132.2	-298.3	744.3	7785.8	2968.7	-81.8	
59.70	107.7	22.8	14.3	1.4	-135.8	20.2	138.5	-285.2	767.5	7171.4	2585.8	-66.0	
59.75	110.4	22.7	15.6	1.3	-121.6	20.2	139.9	-247.8	791.6	6221.0	2281.4	-50.4	
59.80	113.2	22.5	9.9	1.2	-112.8	20.3	119.7	-234.4	805.8	5725.9	1827.5	-64.5	
59.85	116.0	22.5	3.7	1.1	-109.6	20.4	79.9	-256.1	807.7	5635.8	1167.4	-81.5	
59.90	118.7	22.6	-2.1	0.9	-107.5	20.4	42.6	-250.0	819.4	5622.3	284.9	-90.9	
59.95	121.5	22.8	-0.7	0.7	-103.6	20.5	16.8	-233.3	836.6	5350.8	-497.6	-83.9	
60.00	124.2	22.7	-3.7	0.6	-102.4	20.5	1.1	-235.1	844.0	5194.7	-918.2	-103.0	
60.05	127.0	22.6	-15.6	0.5	-102.8	20.5	1.6	-241.3	847.5	5202.7	-920.7	-148.5	
60.10	129.7	22.5	-14.0	0.5	-95.8	20.5	20.7	-233.0	859.1	4727.0	-652.0	-136.6	
60.15	132.5	22.6	-12.6	0.4	-83.7	20.6	40.3	-192.6	879.6	3912.8	-501.8	-117.5	
60.20	135.2	23.1	-10.0	0.4	-75.9	20.6	52.9	-153.7	893.7	3423.2	-384.5	-102.9	
60.25	138.0	23.6	-5.6	0.4	-74.6	20.6	52.8	-152.3	899.6	3328.6	-322.7	-94.8	
60.30	140.7	23.6	-7.8	0.4	-76.6	20.6	47.8	-156.4	911.8	3461.3	-362.3	-103.1	
60.35	143.4	23.5	-12.0	0.3	-78.1	20.6	44.2	-150.9	924.7	3582.3	-395.1	-107.4	
60.40	146.2	23.3	-18.3	0.1	-80.0	20.6	38.1	-148.2	925.6	3743.0	-341.3	-121.9	
60.45	148.9	23.1	-74.0	-0.1	82.2	20.6	37.5	-148.5	924.4	3923.0	-107.6	-145.7	
60.50	151.7	23.1	-71.0	-0.2	78.5	20.6	51.6	-149.1	929.8	3610.0	362.9	-147.0	
60.55	154.5	23.2	-62.9	-0.3	69.8	20.6	76.3	-131.5	943.2	2815.4	964.6	-138.1	
60.60	157.2	23.3	-61.0	-0.3	65.8	20.6	99.0	-106.3	953.2	2229.3	1499.8	-137.8	
60.65	160.0	23.6	-60.8	-0.4	63.9	20.6	113.9	-92.7	956.3	1653.8	1916.9	-140.8	
60.70	162.8	23.7	-58.8	-0.4	62.3	20.6	122.2	-71.7	967.0	1071.9	2172.1	-140.0	
60.75	165.5	23.6	-55.6	-0.3	61.5	20.6	122.5	-51.1	981.9	719.8	2258.4	-141.6	
60.80	168.3	23.4	-58.9	-0.1	59.8	20.5	114.6	-61.4	983.4	627.2	2163.1	-160.2	
60.85	171.1	23.5	-61.6	-0.0	53.9	20.5	93.9	-57.1	972.2	471.8	1808.1	-171.0	
60.90	173.8	24.0	-31.3	0.1	-45.9	20.5	75.7	-30.5	970.4	261.0	1324.9	-165.1	
60.95	176.6	24.5	-26.3	0.2	-40.7	20.5	69.7	-16.3	978.2	-175.0	962.1	-146.6	
61.00	179.3	24.8	-19.4	0.3	-42.7	20.6	71.1	13.4	983.7	-789.4	798.5	-126.9	
61.05	182.1	24.9	-11.5	0.5	-50.5	20.6	75.5	52.3	983.3	-1461.2	789.7	-112.5	
61.10	184.9	24.8	-5.1	0.6	-61.9	20.6	81.8	78.7	983.4	-2294.6	873.2	-97.4	
61.15	187.7	24.8	-12.2	0.6	-67.7	20.6	90.7	99.2	997.7	-2698.7	838.7	-107.8	
61.20	190.5	24.8	-21.8	0.5	-68.6	20.7	96.9	104.6	1007.2	-2759.3	764.3	-131.9	
61.25	193.3	24.8	-25.8	0.5	-67.3	20.7	87.1	93.5	999.8	-2763.0	509.5	-148.1	
61.30	196.1	24.3	-28.5	0.5	-66.5	20.7	68.4	92.5	990.7	-2794.3	98.1	-163.1	
61.35	199.0	23.8	-27.3	0.6	-70.6	20.7	53.8	98.6	988.7	-3107.1	-245.5	-178.2	
61.40	201.8	23.7	-24.7	0.8	-79.4	20.8	41.4	116.5	986.2	-3719.9	-473.7	-186.9	
61.45	204.7	23.9	-23.4	0.9	-91.6	20.8	30.4	145.4	978.2	-4573.8	-565.9	-189.4	
61.50	207.5	24.3	-17.9	1.0	-105.5	20.9	30.1	183.5	970.7	-5542.5	-451.3	-180.7	
61.55	210.3	24.8	-13.8	1.1	-115.0	20.9	36.2	212.4	975.6	-6178.6	-369.4	-175.8	
61.60	213.2	24.5	-14.6	1.2	-116.9	21.0	45.6	212.7	982.9	-6309.1	-335.8	-181.2	
61.65	216.0	24.2	-14.7	1.3	-114.1	21.0	54.0	208.2	977.4	-6111.0	-294.3	-179.1	
61.70	218.8	24.2	-16.6	1.4	-109.6	21.1	60.2	206.9	965.7	-5783.9	-222.3	-176.8	
61.75	221.6	24.0	-20.4	1.4	-103.9	21.2	67.9	199.8	956.0	-5372.1	-33.7	-175.2	
61.80	224.4	23.9	-24.2	1.4	-100.1	21.2	71.5	199.5	945.4	-5085.4	217.3	-175.2	
61.85	227.2	23.6	-19.5	1.3	-103.0	21.3	77.9	213.2	925.9	-5245.8	642.6	-157.2	
61.90	230.0	23.8	-12.2	1.1	-109.0	21.4	83.1	231.4	912.0	-5597.8	1015.7	-134.8	
61.95	232.8	24.0	-10.3	1.0	-113.6	21.4	101.7	243.6	909.5	-5796.1	1520.0	-129.5	
62.00	235.7	24.2	-13.0	0.9	-117.1	21.5	127.5	250.5	903.9	-5832.8	2129.2	-146.7	
62.05	238.5	23.9	-16.2	0.8	-119.1	21.5	144.1	240.2	894.4	-5852.9	2513.6	-168.3	
62.10	241.3	23.9	-19.8	0.8	-118.0	21.5	147.1	224.4	885.8	-5769.4	2590.9	-184.1	
62.15	244.2	24.0	-23.8	0.8	-113.8	21.6	139.5	209.7	876.0	-5501.9	2557.9	-194.8	
62.20	247.0	23.4	-23.4	0.8	-110.7	21.6	127.2	193.0	855.6	-5267.7	2679.3	-190.3	
62.25	249.8	23.3	-15.5	0.8	-112.1	21.7	113.4	200.0	823.7	-5238.2	3015.9	-167.3	
62.30	252.6	23.6	-4.8	0.9	-116.4	21.7	114.4	217.4	798.2	-5257.5	3545.3	-142.8	
62.35	255.4	23.6	0.7	1.0	-120.0	21.8	136.8	221.2	788.0	-5079.3	4176.7	-130.4	
62.40	258.1	23.5	0.2	1.0	-122.9	21.8	166.6	212.6	784.7	-4723.8	4850.5	-120.6	
62.45	260.9	23.8	3.0	0.8	-128.6	21.8	188.0	217.0	772.7	-4525.9	5547.4	-96.4	
62.50	263.7	25.4	11.9	0.5	-137.4	21.9	202.6	235.7	755.2	-4614.4	6259.9	-62.8	
62.55	266.5	25.4	18.6	0.2	-144.6	21.9	224.6	238.0	749.9	-4398.3	7008.1	-44.7	
62.60	269.3	25.1	20.7	0.0	-149.7	21.9	250.7	215.0	751.2	-3793.1	7777.9	-50.1	
62.65	272.1	24.9	-65.2	-0.1	157.3	21.9	268.8	185.6	741.1	-3309.1	8634.8	-51.3	
62.70	274.9	24.6	-63.1	-0.1	168.5	21.9	277.0	170.7	717.7	-3117.0	9625.3	-42.8	
62.75	277.7	24.4	-66.5	-0.1	180.3	21.9	285.7	162.1	697.0	-2831.4	10644.7	-48.0	
62.80	280.6	24.4	-75.1	-0.1	192.7	21.9	314.1	142.5	689.7	-2188.7	11713.4	-69.7	
62.85	283.4	25.0	-85.4	-0.1	205.0	21.9	346.0	112.4	684.9	-1737.9	12673.7	-86.2	
62.90	286.2	25.2	-87.1	-0.1	215.6	21.9	365.6	111.5	671.4	-1795.9	13430.4	-81.2	
62.95	289.1	24.9	-81.7	-0.1	223.8	21.9	375.8	125.4	652.9	-2031.7	13997.3	-61.2	
63.00	291.9	24.7	-72.5	-0.0	225.7	21.9	375.5	126.6	641.4	-1973.1	14158.9	-35.6	
63.05	294.8	25.1	66.4	0.1	-219.5	21.9	363.1	109.7	639.4	-1580.6	13788.5	-6.4	
63.10	297.6	25.9	76.3	0.3	-210.1	21.9	346.8	96.3	636.4	-1073.6	13182.7	25.4	
63.15	300.4	26.3	85.0	0.6	-201.3	21.9	325.0	96.0	622.0	-478.4	12627.7	48.6	
63.20	303.3	26.6	83.9	0.9	-195.5	21.9	306.5	78.7	603.4	254.3	12271.9	54.1	
63.25	306.1	26.7	75.6	1.1	-192.2	22.0	299.3	51.9	595.5	1126.8	12014.8	49.9	
63.30	309.0	26.4	67.7	1.1	-190.5	22.0	301.5	41.4	595.9	1672.5	11821.6	46.2	
63.35	311.8	25.9	64.5	0.9	-189.8	22.1	305.2	45.6	586.3	1772.4	11750.3	49.2	
63.40	314.7	25.3	63.9	0.8	-190.4	22.1	309.0	61.3	570.8	1848.8	11774.7	46.0	
63.45	317.6	25.4	66.8	0.8	-191.9	22.2	315.0	51.2	564.5	2054.4	11846.0	39.8	
63.50	320.4	25.7	70.6	0.8	-195.0	22.2	324.7	14.7	567.6	2425.8	11995.5	38.3	
63.55	323.3	25.8	69.4	0.9	-198.8	22.3	328.0	-3.1	561.8	2884.4	12185.6	28.9	
63.60	326.2	25.7	69.8	1.0	-200.8	22.3	315.9	-26.2	533.2	3208.1	12319.0	27.5	
63.65	329.1	25.8	67.2	1.1	-200.1	22.4	295.7	-51.6	509.2	3701.1	12196.5	22.0	
63.70	332.0	25.8	63.7	1.1	-198.0	22.4	281.9	-73.4	507.4	4316.0	11853.9	13.7	
63.75	334.8	25.6	65.0	1.2	-193.9	22.5	269.3	-96.0	504.1	4536.0	11458.2	16.8	
63.80	337.7	25.4	65.0	1.3	-189.9	22.5	258.3	-85.4	486.6	4428.5	11230.2	19.0	
63.85	340.6	25.2	65.0	1.4	-188.3	22.6	257.6	-67.9	466.1	4201.3	11223.1	20.5	
63.90	343.4	24.8	64.9	1.5	-187.1	22.7	267.5	-64.3	464.8	3968.9	11186.1	22.9	
63.95	346.2	25.3	59.7	1.6	-185.2	22.8	280.2	-56.3	479.1	3882.5	11020.2	18.5	
64.00	349.1	25.5	54.3	1.5	-181.4	22.8	277.1	-65.0	477.6	3991.5	10680.5	15.0	
64.05	351.9	25.4	48.5	1.3	-174.8	22.9	251.8	-81.9	459.3	4332.9	10082.9	12.4	
64.10	354.8	25.2	42.4	1.0	-166.3	23.0	222.5	-91.1	452.8	4699.5	9281.8	12.8	
64.15	357.7	25.2	40.1	0.8	-158.5	23.0	203.5	-109.3	464.0	4913.7	8515.4	13.2	
64.20	0.6	25.2	37.5	0.6	-155.6	23.0	197.8	-124.3	474.3	5108.1	8120.2	-1.5	
64.25	3.5	25.5	36.9	0.5	-157.4	23.1	199.0	-145.6	463.6	5213.2	8181.8	-19.9	
64.30	6.4	25.7	41.2	0.5	-160.2	23.1	208.5	-163.6	451.7	5098.8	8448.8	-21.4	
64.35	9.2	25.7	43.1	0.6	-163.1	23.1	231.5	-157.5	468.2	4981.5	8711.8	-24.7	
64.40	12.1	25.4	42.6	0.7	-167.0	23.2	253.6	-156.9	488.9	4978.7	8966.3	-35.5	
64.45	14.9	25.0	38.7	0.8	-171.1	23.2	254.6	-175.7	483.0	5316.6	9097.5	-50.7	
64.50	17.8	24.5	35.2	0.8	-173.2	23.2	238.9	-200.6	467.1	5952.1	8895.1	-54.2	
64.55	20.6	24.0	35.9	0.7	-172.3	23.3	225.6	-220.9	468.7	6505.7	8398.8	-39.8	
64.60	23.4	24.0	33.9	0.6	-170.6	23.3	219.1	-227.0	485.0	6899.0	7891.9	-35.9	
64.65	26.3	23.8	29.0	0.5	-171.3	23.3	211.7	-233.2	488.2	7270.3	7627.0	-52.2	
64.70	29.1	23.3	31.8	0.4	-171.6	23.4	201.8	-243.9	478.2	7458.3	7472.6	-58.8	
64.75	31.9	23.5	36.2	0.4	-166.8	23.4	198.5	-245.0	485.4	7227.9	7192.7	-43.3	
64.80	34.7	23.7	37.6	0.4	-160.1	23.4	201.3	-240.1	514.0	6862.2	6812.6	-27.4	
64.85	37.5	23.9	31.4	0.3	-157.1	23.4	197.9	-238.4	532.8	6800.3	6547.7	-36.4	
64.90	40.4	24.3	24.1	0.1	-158.1	23.4	180.8	-252.3	523.9	7043.4	6412.0	-54.3	
64.95	43.2	24.5	-72.5	-0.1	160.2	23.4	164.8	-271.2	516.7	7424.6	6189.7	-64.3	
65.00	46.0	24.6	-74.3	-0.2	163.9	23.4	165.2	-293.6	530.8	7926.2	5898.2	-74.0	
65.05	48.9	23.5	-78.9	-0.2	169.8	23.4	175.3	-318.9	547.6	8474.4	5740.2	-96.4	
65.10	51.7	23.7	-84.4	-0.2	173.6	23.4	171.4	-343.5	544.7	8875.6	5538.6	-117.4	
65.15	54.5	24.5	-83.4	-0.2	170.6	23.4	153.8	-355.9	539.1	8926.1	4996.4	-117.0	
65.20	57.3	24.7	-72.5	-0.2	160.2	23.4	138.1	-338.2	553.0	8563.4	4103.0	-95.2	
65.25	60.2	25.5	-57.9	-0.0	147.8	23.4	134.3	-302.3	581.9	8008.2	3227.6	-64.6	
65.30	63.0	26.5	31.8	0.1	-139.1	23.4	128.5	-289.5	593.5	7565.9	2635.7	-45.2	
65.35	65.8	27.3	31.1	0.1	-135.0	23.4	112.5	-300.0	588.4	7381.5	2176.2	-37.2	
65.40	68.7	27.0	30.0	0.2	-134.0	23.4	96.8	-314.6	594.9	7407.2	1625.6	-32.2	
65.45	71.5	26.6	32.2	0.1	-132.9	23.4	91.1	-313.0	615.9	7406.8	1159.2	-17.6	
65.50	74.3	26.4	33.0	0.1	-134.0	23.4	89.2	-303.8	632.8	7526.8	988.6	-20.5	
65.55	77.2	26.9	28.1	0.2	-138.3	23.4	82.3	-323.5	637.1	7810.5	941.0	-51.6	
65.60	80.0	26.9	20.2	0.3	-141.6	23.4	81.9	-360.2	644.3	7959.3	863.3	-86.3	
65.65	82.8	26.2	10.7	0.3	-138.3	23.4	97.2	-352.6	670.5	7711.7	734.1	-104.8	
65.70	85.7	26.6	3.4	0.2	-128.2	23.4	111.0	-320.9	695.4	7012.5	624.7	-101.3	
65.75	88.5	26.6	-68.3	-0.0	118.0	23.4	113.8	-301.8	701.0	6270.7	691.9	-90.5	
65.80	91.3	26.3	-65.1	-0.1	113.2	23.4	112.2	-294.6	707.3	5920.3	740.9	-98.2	
65.85	94.1	26.0	7.8	0.0	-109.6	23.4	108.0	-295.2	728.3	5661.4	454.9	-98.7	
65.90	96.9	26.0	12.1	0.2	-106.4	23.5	88.2	-288.3	757.5	5442.4	-328.0	-89.5	
65.95	99.7	26.1	11.7	0.3	-110.1	23.5	48.9	-282.9	774.1	5614.9	-1294.5	-84.6	
66.00	102.4	26.4	10.2	0.4	-117.1	23.5	12.7	-289.5	777.3	5952.9	-1989.0	-88.0	
66.05	105.2	26.1	10.5	0.4	-120.5	23.5	-1.2	-280.8	791.4	6073.0	-2459.3	-84.4	
66.10	108.0	25.6	12.5	0.3	-118.5	23.5	2.2	-264.9	817.0	5767.4	-2845.3	-71.4	
66.15	110.8	26.1	13.2	0.3	-114.0	23.5	3.2	-258.3	833.5	5221.4	-3141.9	-57.5	
66.20	113.6	25.8	15.2	0.1	-109.6	23.5	-7.1	-237.9	834.3	4758.4	-3351.4	-36.8	
66.25	116.4	25.3	-49.6	-0.1	108.3	23.5	-21.2	-219.9	838.7	4456.6	-3661.7	-38.1	
66.30	119.2	25.1	-44.3	-0.1	112.6	23.5	-31.2	-210.8	858.8	4462.3	-4165.9	-33.4	
66.35	122.0	24.9	28.2	0.0	-119.0	23.5	-31.2	-212.7	883.0	4802.3	-4469.0	-40.8	
66.40	124.8	24.6	25.2	0.2	-123.5	23.5	-27.1	-239.1	894.2	5262.6	-4333.3	-63.2	
66.45	127.6	24.1	9.3	0.2	-124.2	23.6	-15.6	-263.2	890.3	5674.3	-3757.9	-95.6	
66.50	130.4	23.9	-6.0	0.0	-123.5	23.6	1.1	-260.7	889.2	5936.4	-3235.9	-118.5	
66.55	133.1	23.7	-82.1	-0.2	122.7	23.6	16.5	-247.9	893.4	5989.8	-3081.3	-128.3	
66.60	135.9	23.5	-71.8	-0.3	119.7	23.5	11.3	-232.3	899.2	5633.2	-3343.2	-111.5	
66.65	138.6	23.8	-52.8	-0.3	112.8	23.5	-3.4	-205.1	902.1	4881.6	-3667.6	-73.6	
66.70	141.4	23.9	-38.1	-0.2	102.3	23.5	-12.3	-170.9	901.6	3908.5	-3745.3	-37.7	
66.75	144.1	23.8	-33.6	-0.2	94.0	23.5	-7.2	-147.1	904.7	3300.8	-3555.7	-19.2	
66.80	146.9	23.9	-40.1	-0.3	88.2	23.5	11.0	-135.5	917.5	3103.7	-3166.1	-35.1	
66.85	149.6	24.1	-43.8	-0.4	86.3	23.5	16.5	-135.2	938.3	3020.2	-3029.7	-54.1	
66.90	152.4	24.5	-54.0	-0.4	82.3	23.4	25.3	-138.8	947.1	2852.2	-2736.2	-100.5	
66.95	155.1	24.6	-60.8	-0.5	74.6	23.4	22.8	-128.5	944.1	2329.1	-2477.4	-128.9	
67.00	157.9	24.4	-64.0	-0.6	65.5	23.4	16.2	-109.1	944.7	1610.2	-2255.5	-140.4	
67.05	160.6	24.1	-64.3	-0.7	54.7	23.4	22.1	-82.9	952.7	726.8	-1883.2	-151.5	
67.10	163.4	23.9	-60.8	-0.7	43.7	23.3	43.9	-44.6	960.7	-179.2	-1234.7	-165.0	
67.15	166.1	23.9	-59.2	-0.6	42.4	23.3	66.8	-10.1	964.4	-1011.5	-504.1	-178.9	
67.20	168.9	24.1	-65.7	-0.4	50.6	23.3	85.5	3.4	970.6	-1692.8	90.8	-196.7	
67.25	171.6	24.9	-69.9	-0.3	56.4	23.3	94.2	10.2	984.2	-2067.6	328.8	-196.1	
67.30	174.4	25.2	-73.9	-0.3	57.5	23.2	94.4	18.5	991.8	-2156.2	245.6	-194.6	
67.35	177.1	25.1	-77.5	-0.3	56.8	23.2	86.8	27.0	990.4	-2132.5	-27.2	-204.4	
67.40	179.9	24.7	-73.2	-0.3	57.8	23.2	69.7	36.6	986.6	-2201.0	-463.3	-197.9	
67.45	182.7	24.9	-66.5	-0.1	60.8	23.2	56.8	44.2	990.1	-2340.0	-859.6	-189.3	
67.50	185.5	25.4	-24.2	0.1	-66.9	23.2	51.1	47.9	992.1	-2755.4	-1069.2	-178.4	
67.55	188.3	25.8	-19.5	0.2	-74.9	23.2	52.3	70.6	986.0	-3353.1	-1052.8	-158.7	
67.60	191.0	26.1	-20.5	0.2	-80.3	23.2	52.5	102.3	986.8	-3688.9	-1099.8	-152.9	
67.65	193.8	26.3	-15.4	0.2	-85.5	23.2	56.0	127.8	995.8	-4008.7	-1098.5	-130.5	
67.70	196.6	26.1	-8.5	0.2	-88.0	23.2	72.9	143.1	999.9	-4218.3	-764.7	-114.7	
67.75	199.5	25.7	-12.6	0.2	-85.9	23.3	85.7	134.0	999.2	-4104.3	-453.7	-134.4	
67.80	202.3	25.6	-21.3	0.3	-81.6	23.3	84.0	109.2	995.2	-3845.4	-410.8	-163.0	
67.85	205.1	26.2	-25.9	0.3	-79.5	23.3	79.5	107.5	985.2	-3700.7	-479.8	-172.3	
67.90	207.9	25.9	-19.5	0.4	-81.6	23.3	74.3	127.6	973.6	-3814.2	-580.0	-156.6	
67.95	210.7	25.6	-15.0	0.6	-81.7	23.3	72.5	125.4	964.4	-3828.8	-628.3	-157.7	
68.00	213.6	25.3	-16.8	0.8	-80.1	23.4	73.7	107.4	959.5	-3743.8	-685.5	-175.0	
68.05	216.4	24.8	-14.6	1.1	-82.7	23.4	72.7	112.4	951.7	-3926.7	-761.9	-167.3	
68.10	219.2	24.5	-9.2	1.2	-88.9	23.5	78.5	140.3	937.8	-4350.4	-642.0	-133.6	
68.15	221.9	24.6	-9.3	1.1	-88.5	23.5	95.1	163.7	926.5	-4276.2	-363.2	-109.9	
68.20	224.7	24.7	-13.0	1.0	-81.2	23.6	117.7	153.5	920.6	-3732.5	-35.7	-113.0	
68.25	227.5	24.9	-10.3	1.0	-77.5	23.6	124.7	143.9	908.5	-3468.2	89.8	-112.9	
68.30	230.3	25.2	-0.6	1.1	-81.5	23.7	112.4	163.7	887.4	-3769.6	9.0	-86.5	
68.35	233.1	25.6	1.8	1.0	-84.5	23.7	91.9	179.6	868.6	-3990.7	-222.7	-67.3	
68.40	235.8	25.6	-2.6	0.8	-81.8	23.8	85.4	178.4	853.3	-3810.9	-232.6	-63.7	
68.45	238.6	25.2	-7.8	0.6	-78.3	23.8	92.1	175.5	841.8	-3564.6	-5.2	-80.4	
68.50	241.4	24.9	-2.0	0.5	-82.6	23.8	112.5	174.2	838.5	-3826.4	539.9	-84.8	
68.55	244.3	24.4	3.1	0.6	-93.6	23.9	135.9	180.7	834.0	-4435.3	1368.1	-91.8	
68.60	247.1	23.9	-5.1	0.6	-102.5	23.9	153.3	185.7	819.9	-4726.3	2367.9	-122.6	
68.65	249.9	24.2	-14.8	0.5	-110.2	23.9	166.8	185.9	798.8	-4821.3	3329.3	-148.1	
68.70	252.6	24.5	-15.3	0.4	-118.4	23.9	182.0	197.9	785.1	-4969.2	4089.2	-154.1	
68.75	255.4	24.6	-11.2	0.4	-125.6	24.0	201.8	208.3	781.2	-5016.9	4761.9	-163.1	
68.80	258.2	24.0	-12.9	0.5	-130.4	24.0	218.1	184.1	773.5	-4821.2	5489.3	-189.1	
68.85	261.0	23.4	-22.7	0.5	-133.9	24.0	221.7	160.1	751.1	-4511.7	6144.5	-212.4	
68.90	263.7	23.1	-22.5	0.3	-137.5	24.0	212.4	168.3	727.7	-4638.8	6417.0	-188.4	
68.95	266.5	24.0	-7.8	0.0	-139.2	24.0	207.3	191.0	723.4	-4943.4	6317.6	-130.4	
69.00	269.2	24.7	-75.5	-0.2	137.3	24.0	206.8	213.2	726.7	-4799.7	6185.3	-100.2	
69.05	271.9	25.1	-60.9	-0.1	138.5	24.0	207.1	204.4	713.9	-4612.8	6471.4	-72.4	
69.10	274.7	25.1	-53.7	-0.1	144.8	24.0	213.4	195.8	688.8	-4553.0	7111.1	-49.5	
69.15	277.4	25.0	-57.3	-0.1	152.1	24.0	235.2	208.0	675.1	-4272.8	7851.0	-41.5	
69.20	280.2	24.9	-64.1	-0.3	157.0	24.0	265.1	195.9	674.3	-3619.4	8530.4	-41.3	
69.25	282.9	25.0	-70.7	-0.5	159.7	24.0	286.0	163.1	674.8	-2599.6	9107.6	-51.0	
69.30	285.6	25.0	-67.4	-0.7	164.5	24.0	285.5	143.7	657.6	-1813.2	9710.4	-45.6	
69.35	288.4	25.4	-57.1	-0.7	171.7	23.9	282.4	126.7	635.3	-1572.7	10352.0	-21.6	
69.40	291.2	25.7	-57.7	-0.7	178.1	23.9	291.8	124.9	625.4	-1225.2	10869.8	-22.6	
69.45	294.0	25.0	-63.2	-0.6	184.7	23.8	309.8	108.0	625.3	-609.4	11391.3	-36.5	
69.50	296.8	24.6	-59.7	-0.6	193.1	23.8	318.9	81.0	607.9	-294.0	12046.3	-24.1	
69.55	299.5	24.4	-51.1	-0.4	198.7	23.8	314.4	85.6	582.8	-135.6	12509.1	-2.6	
69.60	302.3	24.7	-41.7	-0.0	197.6	23.8	301.0	88.2	564.2	-17.5	12474.7	13.0	
69.65	305.1	24.5	76.4	0.3	-191.1	23.8	288.0	76.4	557.4	277.5	12027.2	34.6	
69.70	307.9	24.4	65.2	0.4	-184.0	23.8	278.4	66.4	559.8	832.6	11494.6	25.6	
69.75	310.6	24.8	63.7	0.4	-181.2	23.8	270.3	55.0	551.6	1294.6	11279.1	37.7	
69.80	313.4	25.5	65.7	0.3	-183.5	23.8	270.8	54.0	531.1	1628.3	11424.9	49.8	
69.85	316.2	26.3	63.2	0.2	-187.2	23.9	283.8	54.7	516.5	2024.2	11622.9	39.9	
69.90	318.9	27.2	64.4	0.2	-187.8	23.9	294.7	32.5	514.3	2402.9	11576.5	31.8	
69.95	321.7	27.3	62.8	0.2	-185.6	23.9	293.8	12.2	513.2	2698.1	11341.3	32.2	
70.00	324.5	27.1	64.6	0.2	-180.2	23.9	275.1	22.7	497.4	2726.3	10984.4	48.9	
70.05	327.3	26.6	69.6	0.1	-175.1	23.9	256.5	26.8	473.5	2550.9	10704.7	69.3	
70.10	330.1	26.3	63.7	0.1	-174.2	23.9	259.6	1.5	469.6	2809.3	10567.1	42.8	
70.15	332.9	26.4	52.3	0.2	-179.7	23.9	284.8	-36.4	482.1	3482.0	10705.8	-9.6	
70.20	335.7	26.7	47.0	0.3	-184.9	23.9	299.9	-72.8	475.7	3811.7	10950.0	-34.6	
70.25	338.5	26.2	48.3	0.3	-185.6	23.9	294.7	-73.8	445.8	3691.2	11083.8	-24.6	
70.30	341.2	26.0	49.6	0.4	-182.5	24.0	281.2	-66.7	424.1	3714.1	10896.7	-21.4	
70.35	343.9	26.0	49.1	0.6	-177.2	24.0	269.6	-82.4	426.7	3948.6	10402.2	-27.8	
70.40	346.7	26.0	46.6	0.7	-171.0	24.0	258.4	-87.1	432.2	3988.3	9904.5	-26.4	
70.45	349.4	25.7	48.9	0.7	-165.6	24.1	242.9	-70.9	421.0	3737.9	9638.5	-1.6	
70.50	352.2	25.4	51.3	0.6	-163.8	24.1	231.5	-72.5	402.7	3553.1	9611.9	22.4	
70.55	354.9	25.6	43.1	0.4	-166.0	24.1	232.7	-92.5	408.3	4032.7	9574.1	7.6	
70.60	357.6	26.2	38.6	0.2	-169.3	24.1	239.6	-112.6	425.7	4710.3	9478.0	-10.5	
70.65	0.3	26.5	45.9	0.1	-169.5	24.1	235.0	-127.0	426.7	5002.5	9334.4	0.9	
70.70	3.1	26.1	50.9	0.1	-170.6	24.1	222.9	-136.0	415.2	5398.4	9232.1	8.3	
70.75	5.8	25.6	53.4	0.1	-175.0	24.1	214.9	-161.3	411.3	6064.7	9189.0	7.2	
70.80	8.5	25.2	49.7	0.0	-180.8	24.2	220.2	-191.9	418.6	6576.6	9287.2	-2.9	
70.85	11.3	24.8	-64.1	-0.1	186.5	24.2	232.7	-200.4	426.6	6905.8	9517.8	-11.8	
70.90	14.0	24.5	-68.2	-0.3	192.2	24.1	242.9	-204.3	422.2	7153.9	9836.8	-16.8	
70.95	16.8	24.2	-69.9	-0.5	198.2	24.1	246.2	-230.0	414.3	7580.2	10017.4	-21.2	
71.00	19.5	24.0	-72.5	-0.6	203.3	24.1	246.8	-253.5	423.1	8314.9	9859.0	-32.9	
71.05	22.2	23.8	-68.1	-0.6	205.3	24.1	246.0	-270.1	437.7	8844.7	9535.2	-30.3	
71.10	24.9	23.7	-63.7	-0.5	206.4	24.0	240.2	-281.6	439.7	9168.1	9311.9	-22.7	
71.15	27.6	23.7	-69.2	-0.4	211.6	24.0	238.6	-290.8	431.9	9638.7	9378.1	-36.1	
71.20	30.3	24.1	-77.3	-0.4	218.6	24.0	246.8	-308.4	431.0	10101.6	9585.7	-53.5	
71.25	32.9	24.8	-83.1	-0.4	222.6	24.0	261.9	-319.4	444.7	10334.2	9691.7	-59.8	
71.30	35.6	25.4	-84.3	-0.5	221.2	24.0	269.2	-312.6	456.6	10227.6	9642.4	-55.1	
71.35	38.4	25.3	-82.2	-0.6	217.4	23.9	257.6	-318.1	454.6	10005.1	9468.8	-50.0	
71.40	41.1	25.3	-83.1	-0.7	215.1	23.9	242.5	-333.2	458.1	10012.5	9190.5	-56.5	
71.45	43.8	25.3	-80.7	-0.8	213.1	23.9	241.9	-332.1	475.5	9980.2	8990.0	-55.6	
71.50	46.5	24.6	-73.1	-0.7	210.9	23.8	251.8	-322.1	494.9	9674.9	9060.6	-42.6	
71.55	49.2	23.9	-71.8	-0.7	212.1	23.8	261.0	-330.5	503.1	9334.5	9481.8	-44.6	
71.60	52.0	23.6	-79.0	-0.6	216.0	23.8	263.7	-354.3	502.3	9115.7	10010.9	-69.3	
71.65	54.7	24.0	-85.2	-0.5	215.9	23.7	262.8	-357.1	510.8	8841.8	10227.4	-86.1	
71.70	57.4	24.1	-84.6	-0.5	208.8	23.7	257.9	-343.0	531.3	8472.0	9867.2	-79.8	
71.75	60.2	24.1	-80.9	-0.5	200.1	23.7	245.1	-335.8	551.5	8357.0	9121.1	-77.2	
71.80	62.9	24.1	-77.7	-0.3	194.2	23.7	226.9	-347.8	564.3	8492.3	8353.5	-94.3	
71.85	65.7	24.2	-74.8	-0.0	188.5	23.7	208.5	-365.0	572.0	8508.8	7677.6	-109.6	
71.90	68.4	24.5	33.8	0.3	-181.1	23.7	202.1	-350.7	584.7	8303.3	7125.8	-103.0	
71.95	71.1	25.0	31.8	0.4	-175.8	23.7	207.3	-333.5	602.9	8174.9	6680.8	-86.3	
72.00	73.9	25.6	26.6	0.5	-177.1	23.7	214.0	-341.9	616.6	8552.9	6288.8	-89.2	
72.05	76.6	25.8	19.7	0.5	-178.9	23.7	208.3	-353.2	627.5	9104.2	5661.4	-109.4	
72.10	79.3	25.4	19.3	0.5	-173.8	23.7	189.6	-362.1	636.6	9220.9	4663.2	-106.2	
72.15	82.1	25.6	19.1	0.4	-165.0	23.8	160.1	-350.2	652.8	9131.3	3338.8	-90.8	
72.20	84.8	25.5	18.3	0.2	-159.7	23.8	128.1	-340.4	667.8	9130.0	2141.7	-78.7	
72.25	87.5	25.1	20.9	0.1	-156.5	23.8	101.7	-350.2	673.0	9013.5	1418.8	-68.4	
72.30	90.3	25.0	26.2	0.1	-153.1	23.8	84.7	-346.9	683.9	8831.5	931.6	-59.7	
72.35	93.0	25.1	32.5	0.2	-148.1	23.8	82.4	-339.2	699.9	8485.4	654.8	-49.5	
72.40	95.7	25.2	31.5	0.3	-146.0	23.8	80.5	-350.9	718.7	8305.3	320.7	-52.7	
72.45	98.5	24.9	23.8	0.3	-147.4	23.8	74.0	-355.0	731.4	8398.8	10.9	-69.1	
72.50	101.2	24.8	21.8	0.3	-145.9	23.8	68.5	-345.0	737.0	8306.2	-143.1	-69.4	
72.55	103.9	24.8	25.2	0.3	-141.0	23.9	72.9	-328.5	747.2	7976.7	-137.6	-55.0	
72.60	106.6	24.8	23.4	0.4	-138.1	23.9	88.8	-316.6	766.1	7766.5	-2.6	-61.8	
72.65	109.4	24.7	18.9	0.4	-136.6	23.9	106.0	-319.5	782.5	7609.9	229.0	-80.5	
72.70	112.1	24.5	14.2	0.4	-131.8	23.9	110.6	-315.2	791.8	7242.3	364.9	-83.5	
72.75	114.8	24.8	12.3	0.3	-123.6	23.9	101.6	-289.7	797.7	6702.5	243.0	-67.5	
72.80	117.5	24.8	15.5	0.2	-114.6	24.0	84.8	-259.2	806.0	6120.0	-150.2	-51.0	
72.85	120.2	24.7	12.7	0.2	-109.2	24.0	69.7	-247.8	816.5	5709.3	-670.8	-57.9	
72.90	122.9	24.9	4.7	0.1	-102.8	24.0	65.5	-242.3	824.3	5186.4	-944.5	-81.0	
72.95	125.7	25.4	-5.8	0.0	-94.5	24.0	64.8	-228.1	831.7	4569.1	-1007.9	-103.3	
73.00	128.4	25.9	-65.3	-0.1	86.2	24.0	59.3	-213.7	838.2	3951.8	-1074.7	-116.0	
73.05	131.1	26.4	-68.5	-0.3	78.9	24.0	59.2	-199.3	843.1	3391.2	-1148.2	-135.0	
73.10	133.8	26.7	-65.8	-0.3	75.0	23.9	53.7	-177.6	859.9	2950.5	-1545.0	-146.9	
73.15	136.6	26.7	-58.6	-0.2	71.7	23.9	41.2	-164.2	880.3	2356.9	-2034.8	-140.1	
73.20	139.3	26.0	-51.4	-0.1	67.4	23.9	26.9	-148.1	886.0	1743.7	-2241.6	-122.5	
73.25	142.0	25.5	-53.1	-0.1	65.0	23.9	23.3	-136.3	881.7	1602.9	-2175.2	-121.6	
73.30	144.7	25.1	-56.9	-0.1	63.4	23.9	35.6	-137.6	885.4	1682.2	-1938.3	-127.5	
73.35	147.4	24.8	-59.3	-0.2	64.9	23.9	54.1	-132.2	906.8	1923.8	-1839.8	-132.2	
73.40	150.1	24.1	-55.0	-0.2	65.4	23.9	67.8	-128.9	923.2	2053.8	-1714.7	-124.8	
73.45	152.9	23.9	-48.8	-0.1	63.8	23.9	67.2	-136.6	922.9	1945.5	-1620.1	-113.4	
73.50	155.6	24.2	-48.0	-0.1	64.0	23.9	63.2	-126.4	926.6	1883.4	-1762.8	-104.1	
73.55	158.3	24.2	-44.6	-0.1	64.5	23.9	65.5	-108.0	945.0	1693.6	-2039.0	-90.8	
73.60	161.0	24.2	-37.9	-0.0	64.0	23.9	63.6	-87.7	963.2	1314.5	-2299.7	-67.8	
73.65	163.8	24.0	-35.8	-0.0	61.5	23.9	58.3	-71.4	965.0	1054.0	-2275.0	-62.6	
73.70	166.5	24.2	0.1	0.0	-55.2	23.9	62.5	-74.2	954.7	775.4	-1866.1	-65.2	
73.75	169.3	24.1	-7.1	0.1	-50.2	23.9	74.7	-75.7	957.8	666.9	-1468.3	-79.1	
73.80	172.0	23.8	-14.4	0.1	-49.0	23.9	82.6	-63.7	972.7	759.4	-1308.9	-95.6	
73.85	174.8	23.9	-22.5	0.0	-49.4	23.9	87.3	-66.6	974.1	1018.4	-1144.8	-124.6	
73.90	177.5	23.6	-19.5	0.1	-48.5	23.9	78.9	-63.9	965.3	1005.3	-1105.1	-127.3	
73.95	180.2	23.5	-14.4	0.3	-42.5	23.9	74.4	-38.8	962.3	376.8	-1027.1	-113.5	
74.00	183.0	24.1	-11.5	0.4	-42.5	23.9	77.6	-1.9	965.7	-722.7	-843.4	-98.5	
74.05	185.7	24.1	-17.9	0.4	-49.2	23.9	87.8	32.7	964.5	-1488.8	-501.8	-107.9	
74.10	188.5	24.2	-25.3	0.3	-53.5	24.0	90.6	46.2	957.7	-1854.1	-275.9	-126.7	
74.15	191.2	24.6	-21.0	0.2	-59.9	24.0	87.3	60.3	954.3	-2335.2	-244.8	-121.9	
74.20	193.9	25.1	-10.5	0.3	-65.0	24.0	82.1	78.4	958.8	-2690.6	-336.1	-110.2	
74.25	196.7	25.4	-11.7	0.5	-65.7	24.0	74.6	75.9	959.5	-2762.3	-356.2	-127.0	
74.30	199.4	25.4	-26.4	0.6	-62.4	24.0	74.4	59.9	952.7	-2568.3	-84.0	-167.1	
74.35	202.1	25.5	-36.9	0.5	-63.3	24.1	91.6	64.0	942.9	-2550.3	511.3	-184.5	
74.40	204.8	25.6	-36.5	0.4	-70.5	24.1	110.0	82.4	942.1	-2872.5	1094.5	-178.2	
74.45	207.6	25.5	-36.1	0.2	-79.3	24.1	131.8	98.2	936.5	-3204.4	1776.4	-180.0	
74.50	210.3	25.5	-32.0	0.1	-85.7	24.1	142.3	106.3	928.6	-3414.4	2301.3	-178.8	
74.55	213.0	25.4	-21.2	0.0	-89.8	24.1	146.1	112.8	923.8	-3564.4	2597.5	-155.1	
74.60	215.7	25.3	-65.3	-0.0	93.3	24.1	153.3	129.2	920.5	-3659.9	2834.3	-124.6	
74.65	218.4	25.1	-62.8	-0.1	94.3	24.1	166.3	136.5	914.5	-3415.2	3182.8	-116.9	
74.70	221.1	25.4	-67.7	-0.0	92.2	24.1	176.0	123.4	903.9	-2779.9	3563.8	-141.9	
74.75	223.8	25.9	-14.3	0.0	-91.7	24.1	177.8	112.3	888.0	-2377.1	3830.7	-149.4	
74.80	226.5	26.1	-9.6	0.0	-91.9	24.1	175.4	114.0	873.2	-2353.0	3879.4	-124.1	
74.85	229.2	26.6	-60.0	-0.1	92.0	24.1	175.8	123.3	864.1	-2448.9	3814.2	-101.3	
74.90	231.9	27.0	-60.0	-0.2	92.2	24.1	179.6	128.5	856.5	-2444.5	3818.5	-97.1	
74.95	234.7	27.1	-58.5	-0.3	91.2	24.1	172.8	132.8	845.6	-2466.9	3733.2	-101.1	
75.00	237.4	26.9	-49.5	-0.2	93.5	24.1	162.5	144.4	830.0	-2906.8	3648.1	-80.7	
75.05	240.1	26.6	-42.5	-0.2	98.4	24.1	164.3	159.9	816.9	-3321.8	3754.4	-55.5	
75.10	242.8	26.4	-50.4	-0.2	100.7	24.1	174.9	166.7	809.0	-3154.7	4077.3	-73.0	
75.15	245.5	26.4	-63.2	-0.2	103.1	24.0	183.7	151.9	796.8	-2894.9	4510.7	-107.2	
75.20	248.2	26.2	-64.5	-0.3	107.6	24.0	182.8	156.7	780.6	-3098.2	4788.1	-106.9	
75.25	250.9	25.7	-56.8	-0.3	113.5	24.0	173.4	178.7	768.0	-3683.3	4910.3	-78.7	
75.30	253.5	25.6	-56.4	-0.3	121.9	24.0	179.4	192.9	759.0	-4130.4	5324.8	-66.8	
75.35	256.2	25.5	-68.8	-0.4	129.8	24.0	194.5	205.3	746.4	-4188.3	5959.6	-94.7	
75.40	258.9	25.5	-75.8	-0.5	138.9	24.0	211.7	214.1	733.6	-4465.6	6555.4	-113.5	
75.45	261.6	25.4	-73.1	-0.5	147.9	23.9	225.0	216.2	724.3	-5102.1	6911.4	-108.0	
75.50	264.3	25.1	-75.6	-0.4	152.3	23.9	224.9	222.4	713.4	-5486.7	7027.1	-117.2	
75.55	267.0	24.6	-82.4	-0.4	152.4	23.9	212.6	219.1	694.9	-5537.6	7056.6	-133.7	
75.60	269.6	23.9	-84.6	-0.4	151.7	23.9	201.7	223.8	676.9	-5511.4	7047.4	-130.5	
75.65	272.3	24.5	-78.0	-0.5	150.9	23.9	195.0	232.4	666.8	-5486.9	6987.6	-110.3	
75.70	275.0	24.9	-71.5	-0.4	149.7	23.8	194.1	220.1	655.4	-5325.1	7052.1	-103.5	
75.75	277.7	24.6	-73.9	-0.3	148.9	23.8	200.3	205.9	634.8	-4928.7	7299.9	-118.1	
75.80	280.3	24.5	-78.3	-0.3	147.8	23.8	207.3	200.9	615.6	-4538.0	7463.4	-120.3	
75.85	283.0	24.6	-71.8	-0.4	146.1	23.8	213.6	201.2	605.8	-4331.3	7427.6	-86.7	
75.90	285.7	25.0	-60.9	-0.5	143.2	23.8	217.0	212.9	597.7	-4132.1	7264.3	-53.6	
75.95	288.3	25.8	-51.4	-0.5	137.9	23.7	211.5	206.5	584.0	-3763.1	7045.5	-43.8	
76.00	291.1	26.2	-47.2	-0.4	129.7	23.7	194.8	185.9	571.1	-3386.5	6642.0	-47.7	
76.05	293.8	26.2	-45.9	-0.3	122.4	23.7	185.5	161.1	567.8	-3040.1	6272.4	-42.4	
76.10	296.5	26.0	-46.2	-0.3	115.6	23.7	181.5	147.6	565.0	-2512.4	5985.8	-42.7	
76.15	299.2	25.9	-45.0	-0.3	109.4	23.7	172.0	137.6	545.0	-1957.0	5760.2	-46.0	
76.20	301.9	25.8	-42.1	-0.2	102.8	23.7	156.8	126.0	524.0	-1634.6	5408.7	-51.3	
76.25	304.6	26.0	-31.1	-0.0	97.3	23.6	147.2	117.6	516.2	-1576.4	5043.5	-35.4	
76.30	307.3	25.9	28.4	0.1	-93.0	23.6	137.3	104.6	509.8	-1626.9	4736.8	-15.1	
76.35	310.0	25.6	22.0	0.1	-89.9	23.7	125.8	104.7	489.1	-1551.8	4558.5	-9.7	
76.40	312.6	25.5	-31.8	-0.1	88.8	23.7	120.7	118.2	466.4	-1392.1	4519.5	-0.1	
76.45	315.3	24.6	-25.6	-0.1	90.7	23.7	134.4	118.2	460.2	-1246.6	4689.0	13.4	
76.50	317.9	23.6	-26.4	-0.1	94.7	23.6	161.8	93.3	465.5	-767.0	5067.0	-0.3	
76.55	320.6	23.8	-36.2	-0.0	100.6	23.6	182.8	63.8	456.8	-152.5	5559.0	-31.7	
76.60	323.2	23.4	-44.5	-0.1	105.3	23.6	185.2	44.3	432.4	108.7	5943.3	-44.8	
76.65	325.9	22.8	-44.8	-0.2	106.7	23.6	176.3	55.6	417.2	46.1	6081.5	-30.7	
76.70	328.5	21.9	-37.9	-0.3	108.2	23.6	170.0	61.6	413.2	-59.4	6207.9	-9.1	
76.75	331.1	21.6	-37.8	-0.3	113.1	23.6	171.8	41.2	403.5	37.0	6597.0	-15.3	
76.80	333.8	21.5	-47.8	-0.3	123.4	23.6	188.7	22.1	392.4	390.2	7342.4	-40.6	
76.85	336.4	21.7	-57.2	-0.4	136.7	23.6	214.7	7.3	387.3	612.4	8262.4	-52.9	
76.90	339.1	22.0	-62.3	-0.5	147.3	23.6	234.8	-2.0	385.8	716.0	9004.8	-49.7	
76.95	341.7	22.0	-67.2	-0.6	151.5	23.5	236.6	-12.5	380.4	1032.6	9288.7	-60.2	
77.00	344.3	21.5	-63.8	-0.7	149.4	23.5	223.3	-29.8	372.5	1335.8	9136.6	-63.7	
77.05	347.0	21.0	-55.5	-0.7	144.2	23.5	206.4	-40.7	372.2	1516.9	8746.5	-50.4	
77.10	349.6	20.9	-50.2	-0.6	140.2	23.4	195.0	-39.4	374.6	1769.8	8427.3	-36.1	
77.15	352.3	21.0	-46.9	-0.6	140.1	23.4	191.3	-48.7	369.1	2198.1	8328.5	-24.1	
77.20	354.9	21.4	-48.7	-0.6	142.1	23.4	194.3	-68.0	365.3	2758.8	8291.9	-28.8	
77.25	357.6	21.5	-51.1	-0.5	143.2	23.3	198.6	-88.3	370.9	3370.1	8112.3	-39.0	
77.30	0.2	21.3	-47.0	-0.5	141.6	23.3	194.6	-106.4	377.6	3959.6	7688.2	-25.8	
77.35	2.8	21.3	-43.8	-0.5	139.5	23.3	181.1	-125.1	374.9	4583.0	7152.5	-6.5	
77.40	5.5	21.5	-45.5	-0.6	140.8	23.3	172.8	-137.6	372.6	5298.2	6767.8	-4.0	
77.45	8.1	21.9	-48.9	-0.6	145.5	23.2	178.3	-147.2	378.0	5876.9	6702.5	-17.0	
77.50	10.8	21.6	-51.4	-0.6	150.9	23.2	190.4	-159.7	380.0	6185.6	6903.3	-27.3	
77.55	13.4	21.7	-54.2	-0.6	156.4	23.2	198.8	-185.4	370.6	6449.0	7143.3	-29.3	
77.60	16.1	21.9	-58.8	-0.7	160.9	23.1	201.3	-214.6	363.8	6842.1	7162.9	-32.7	
77.65	18.7	21.9	-62.4	-0.8	161.9	23.1	198.0	-227.3	372.0	7200.5	6870.8	-40.7	
77.70	21.3	22.2	-58.4	-0.8	158.8	23.1	188.3	-228.4	382.5	7285.4	6445.0	-40.8	
77.75	24.0	22.6	-51.6	-0.6	155.6	23.0	174.3	-238.5	381.4	7276.9	6082.9	-40.0	
77.80	26.6	22.8	-49.2	-0.4	154.8	23.0	167.4	-256.0	380.1	7319.8	5889.9	-43.7	
77.85	29.2	22.7	-52.2	-0.2	153.5	23.0	170.8	-263.8	389.2	7175.2	5866.4	-46.6	
77.90	31.8	22.5	-56.0	-0.2	150.2	23.0	173.5	-250.8	399.9	6772.9	5977.1	-43.0	
77.95	34.4	22.0	-55.5	-0.3	146.6	23.0	166.4	-230.2	400.9	6368.9	6103.5	-35.7	
78.00	37.0	22.2	-50.5	-0.3	144.6	23.0	160.2	-224.5	404.8	6121.4	6175.1	-27.3	
78.05	39.7	22.1	-51.1	-0.3	146.0	22.9	162.8	-245.2	424.1	6175.4	6170.8	-34.3	
78.10	42.3	21.5	-58.1	-0.2	149.3	22.9	168.1	-260.4	448.8	6464.4	6141.7	-54.8	
78.15	45.0	21.0	-64.7	-0.2	150.4	22.9	167.2	-262.0	458.9	6521.4	6181.5	-72.7	
78.20	47.7	20.7	-66.3	-0.2	150.3	22.9	159.0	-265.5	460.8	6476.1	6220.5	-74.8	
78.25	50.3	20.9	-70.2	-0.2	154.0	22.9	161.6	-280.7	470.5	6706.5	6314.5	-89.4	
78.30	53.0	20.2	-72.9	-0.1	160.3	22.9	179.8	-297.3	486.9	7038.7	6543.5	-102.8	
78.35	55.7	19.6	-73.2	-0.0	164.8	22.9	199.1	-298.0	497.5	7123.9	6887.7	-98.4	
78.40	58.3	19.4	-74.9	-0.0	169.5	22.9	211.0	-297.0	497.6	7210.0	7280.8	-88.5	
78.45	61.0	19.7	-78.9	-0.0	176.5	22.9	216.0	-312.2	498.1	7675.3	7503.6	-94.8	
78.50	63.6	20.0	-85.4	-0.0	182.6	22.9	216.1	-332.2	510.0	8425.0	7285.1	-111.1	
78.55	66.3	20.3	-83.4	-0.0	182.9	22.9	209.0	-332.0	529.9	8951.8	6659.2	-103.6	
78.60	68.9	20.7	-76.4	-0.0	179.6	22.9	191.5	-334.9	542.5	9138.3	5968.6	-78.9	
78.65	71.5	21.2	-72.6	-0.1	178.2	22.9	173.6	-343.4	545.6	9252.4	5582.8	-67.2	
78.70	74.2	21.8	-74.0	-0.1	179.4	22.9	167.1	-349.3	552.2	9443.2	5422.7	-71.3	
78.75	76.8	21.8	-73.3	-0.1	179.2	22.9	173.1	-349.2	569.6	9502.5	5242.3	-66.7	
78.80	79.5	21.7	-69.8	-0.2	177.9	22.9	181.4	-347.3	592.4	9478.6	5025.7	-54.3	
78.85	82.1	21.7	-70.7	-0.2	180.2	22.8	187.3	-355.4	609.2	9629.9	5024.2	-62.4	
78.90	84.8	22.3	-74.8	-0.1	182.4	22.8	192.5	-363.4	618.1	9652.7	5263.3	-80.6	
78.95	87.4	23.0	-78.5	-0.1	180.0	22.8	195.5	-357.3	634.4	9398.6	5340.9	-94.2	
79.00	90.1	23.6	-79.3	-0.1	174.5	22.8	192.2	-351.8	653.9	9018.0	5167.5	-96.8	
79.05	92.7	22.8	-80.3	-0.2	169.1	22.8	174.2	-358.1	664.9	8768.3	4786.1	-99.3	
79.10	95.4	22.6	-81.6	-0.2	165.1	22.8	154.7	-353.4	670.9	8646.2	4428.1	-110.9	
79.15	98.1	22.4	-77.3	-0.2	157.6	22.8	142.7	-344.5	677.5	8214.5	4095.8	-114.4	
79.20	100.8	22.0	-69.1	-0.0	149.4	22.8	143.2	-337.4	694.8	7716.6	3724.9	-105.2	
79.25	103.5	22.3	12.2	0.1	-145.7	22.8	151.1	-332.4	715.1	7524.3	3432.7	-123.1	
79.30	106.1	22.6	6.2	0.3	-143.7	22.8	155.9	-334.2	723.0	7380.1	3353.2	-138.5	
79.35	108.8	22.6	4.7	0.3	-137.7	22.8	156.5	-312.4	725.7	6943.3	3346.3	-131.2	
79.40	111.5	22.7	7.0	0.4	-129.2	22.8	151.5	-281.4	740.0	6436.3	3081.5	-113.1	
79.45	114.2	22.7	7.4	0.5	-123.3	22.9	146.7	-278.3	752.9	6110.2	2730.2	-106.7	
79.50	116.9	22.6	1.3	0.5	-120.8	22.9	141.3	-276.0	761.1	6049.3	2421.4	-114.8	
79.55	119.5	22.2	-7.5	0.3	-119.5	22.9	140.5	-269.6	771.4	6023.7	2231.0	-130.4	
79.60	122.3	22.1	-9.4	0.2	-113.9	22.9	140.3	-269.5	782.8	5601.4	2126.2	-126.6	
79.65	124.9	22.3	-10.8	0.1	-108.7	22.9	134.2	-258.0	794.3	5301.3	1891.3	-131.5	
79.70	127.6	22.6	-13.8	0.1	-106.3	22.9	125.5	-259.1	801.3	5204.1	1610.1	-151.2	
79.75	130.3	22.7	-10.4	0.1	-100.4	22.9	113.6	-260.3	812.0	4847.6	1262.0	-145.6	
79.80	133.0	22.6	-11.6	0.2	-93.1	22.9	106.7	-228.3	828.8	4430.2	965.5	-140.7	
79.85	135.7	22.3	-9.3	0.3	-90.6	23.0	103.7	-218.0	842.6	4290.4	819.8	-131.3	
79.90	138.4	23.0	-10.2	0.3	-94.1	23.0	103.1	-236.0	851.0	4500.8	808.5	-134.6	
79.95	141.0	24.1	-12.1	0.3	-96.1	23.0	113.6	-228.8	864.9	4640.6	891.2	-136.0	
80.00	143.7	24.5	-9.7	0.3	-95.0	23.0	122.0	-213.1	886.3	4578.9	824.9	-125.5	
80.05	146.3	24.7	-4.7	0.2	-94.7	23.0	123.5	-205.4	896.4	4571.2	810.7	-102.2	
80.10	149.0	24.7	1.8	0.1	-96.6	23.0	127.8	-197.9	896.2	4690.1	1008.1	-84.1	
80.15	151.6	24.7	5.9	0.2	-96.4	23.0	131.6	-193.9	908.5	4643.8	1114.8	-77.0	
80.20	154.3	24.8	7.8	0.1	-96.7	23.0	158.7	-186.0	924.2	4496.8	1548.5	-69.1	
80.25	157.0	24.9	5.3	0.1	-96.3	23.0	170.8	-176.3	936.2	4363.5	1781.2	-69.0	
80.30	159.7	24.7	-52.1	-0.0	93.7	23.0	169.0	-173.3	936.0	4076.5	1967.9	-72.4	
80.35	162.4	24.9	-56.2	-0.1	90.3	23.0	166.1	-160.4	937.4	3738.3	2116.3	-91.2	
80.40	165.1	25.1	-54.7	-0.1	82.6	23.0	158.9	-143.3	947.5	3116.1	2105.1	-105.1	
80.45	167.8	25.2	-52.1	-0.0	73.8	23.0	152.5	-122.4	950.7	2242.0	2204.2	-117.3	
80.50	170.6	25.0	-14.8	0.1	-71.9	23.0	157.6	-96.3	943.9	1479.8	2656.0	-136.3	
80.55	173.3	24.7	-19.9	0.2	-76.5	23.0	169.8	-87.2	946.4	986.1	3219.7	-153.1	
80.60	176.0	24.1	-21.8	0.2	-83.4	23.0	189.6	-70.6	956.9	411.4	3823.0	-158.2	
80.65	178.7	24.3	-21.7	0.1	-86.9	23.0	195.6	-35.9	961.7	-256.4	4108.5	-156.4	
80.70	181.4	24.1	-19.4	0.2	-86.8	23.1	184.2	-9.9	958.0	-861.3	4063.5	-158.8	
80.75	184.1	23.8	-19.3	0.2	-87.7	23.1	177.1	6.3	957.1	-1333.2	4033.2	-159.7	
80.80	186.8	23.9	-21.7	0.2	-88.5	23.1	179.1	19.8	967.1	-1541.5	3999.2	-163.1	
80.85	189.6	23.9	-22.5	0.2	-88.5	23.1	182.1	24.3	969.9	-1697.8	3924.9	-167.2	
80.90	192.3	23.8	-21.3	0.3	-87.2	23.1	175.5	37.4	958.7	-1852.9	3767.4	-165.5	
80.95	195.0	24.4	-21.0	0.3	-84.5	23.1	168.3	50.5	952.1	-1830.1	3567.0	-166.2	
81.00	197.7	24.4	-14.3	0.4	-81.1	23.1	157.2	57.1	958.5	-1968.8	3219.6	-141.9	
81.05	200.4	24.1	-13.0	0.4	-79.4	23.2	152.6	75.3	963.5	-2108.1	2956.6	-127.2	
81.10	203.2	23.9	-15.9	0.4	-78.6	23.2	153.2	82.8	957.7	-2117.8	2863.8	-126.3	
81.15	205.9	23.6	-14.2	0.3	-78.1	23.2	143.7	83.1	950.0	-2334.4	2681.6	-120.0	
81.20	208.7	23.3	-8.9	0.3	-81.6	23.2	141.8	114.9	942.2	-2720.5	2622.6	-111.5	
81.25	211.4	23.4	-2.8	0.4	-85.5	23.2	148.0	135.2	935.2	-3013.5	2675.5	-102.9	
81.30	214.1	23.4	-5.7	0.5	-84.3	23.2	156.4	119.2	928.1	-2854.8	2730.1	-114.8	
81.35	216.9	23.3	-13.5	0.6	-81.5	23.3	161.7	107.0	917.5	-2619.7	2696.7	-140.9	
81.40	219.7	23.1	-12.6	0.7	-81.8	23.3	154.9	120.5	907.5	-2873.6	2460.7	-145.7	
81.45	222.5	23.2	-8.1	0.9	-84.1	23.3	136.4	140.7	896.3	-3424.9	1997.8	-132.5	
81.50	225.2	23.5	-7.7	1.0	-84.7	23.4	115.7	155.5	886.5	-3769.2	1416.6	-121.6	
81.55	228.0	24.1	-7.7	1.0	-87.5	23.4	108.2	168.6	873.9	-4083.7	1080.8	-118.2	
81.60	230.8	24.5	-2.5	1.0	-97.5	23.5	114.2	191.7	862.3	-4806.5	1076.5	-108.2	
81.65	233.6	24.3	1.5	1.1	-110.2	23.6	118.2	225.1	856.8	-5687.8	1121.5	-106.8	
81.70	236.4	23.4	0.7	1.1	-118.4	23.6	120.5	232.2	852.4	-6303.0	1150.9	-116.2	
81.75	239.2	23.4	-7.1	1.0	-121.1	23.7	121.7	225.1	845.3	-6531.7	1146.7	-136.0	
81.80	242.0	23.5	-13.5	0.8	-125.3	23.7	122.2	239.0	839.4	-6817.8	1143.6	-154.5	
81.85	244.9	23.6	-12.7	0.8	-133.4	23.7	121.5	260.1	838.2	-7377.5	1225.8	-169.2	
81.90	247.7	23.9	-13.3	0.9	-140.1	23.8	118.0	269.9	832.5	-7841.3	1394.5	-195.7	
81.95	250.5	24.0	-18.6	1.0	-144.2	23.8	112.5	265.9	815.8	-8144.5	1617.3	-225.8	
82.00	253.3	23.8	-22.5	1.1	-149.0	23.9	109.6	261.3	800.5	-8516.6	1772.9	-235.6	
82.05	256.1	23.9	-23.0	1.1	-154.5	23.9	116.2	282.2	796.8	-8857.5	1859.4	-233.7	
82.10	258.9	24.2	-17.7	1.1	-158.8	24.0	128.4	309.2	791.7	-9060.5	2068.3	-225.5	
82.15	261.7	24.6	-12.9	1.2	-160.2	24.1	126.8	313.0	772.4	-9117.8	2303.3	-219.4	
82.20	264.5	25.1	-13.9	1.3	-157.0	24.1	121.9	299.7	751.4	-8901.0	2406.7	-215.7	
82.25	267.3	25.4	-16.0	1.3	-151.3	24.2	123.3	288.4	746.3	-8519.0	2308.2	-204.1	
82.30	270.1	25.6	-15.5	1.2	-146.1	24.2	121.1	298.5	741.7	-8154.8	2062.7	-181.6	
82.35	272.9	25.6	-11.9	1.0	-139.3	24.3	106.7	296.3	726.0	-7718.8	1816.7	-156.1	
82.40	275.8	25.4	-4.8	0.9	-129.7	24.3	90.1	270.9	702.4	-7103.9	1705.9	-136.2	
82.45	278.6	25.3	0.9	1.0	-119.9	24.4	87.1	245.3	690.5	-6442.2	1642.0	-124.9	
82.50	281.4	25.0	1.6	1.0	-111.7	24.4	99.8	226.6	688.3	-5829.6	1669.6	-115.2	
82.55	284.3	25.0	0.3	1.0	-104.6	24.5	117.9	213.3	677.9	-5183.1	1974.8	-102.0	
82.60	287.1	24.8	-1.7	1.0	-97.4	24.5	129.2	195.0	661.2	-4418.2	2434.6	-95.7	
82.65	290.0	24.3	2.3	0.9	-92.2	24.6	133.1	170.6	644.9	-3759.7	2844.6	-80.9	
82.70	292.8	24.2	8.2	0.9	-89.0	24.6	134.1	161.1	631.6	-3300.1	3060.0	-62.1	
82.75	295.7	24.5	10.4	0.9	-85.2	24.7	137.6	152.5	622.6	-2797.1	3177.3	-49.5	
82.80	298.5	24.8	7.1	0.9	-81.9	24.7	147.5	126.6	616.2	-2085.2	3438.0	-52.3	
82.85	301.3	24.2	5.7	0.8	-84.9	24.8	164.2	108.3	603.6	-1437.1	4000.6	-57.2	
82.90	304.2	24.1	8.8	0.8	-92.8	24.8	184.2	99.3	587.1	-1107.2	4697.1	-60.1	
82.95	307.0	24.5	11.6	0.9	-100.8	24.9	203.1	95.0	575.5	-1065.2	5290.9	-65.2	
83.00	309.9	24.8	12.1	0.9	-106.9	24.9	213.3	92.3	569.2	-1139.6	5726.4	-66.8	
83.05	312.7	24.4	13.4	0.8	-112.1	24.9	211.7	94.3	558.5	-1250.3	6116.6	-56.8	
83.10	315.5	24.0	16.2	0.7	-116.9	25.0	205.7	92.9	541.0	-1312.5	6508.2	-44.2	
83.15	318.3	24.6	19.8	0.6	-121.5	25.0	204.9	85.8	527.3	-1175.8	6904.6	-41.3	
83.20	321.1	25.2	22.4	0.6	-127.7	25.0	214.3	73.5	523.2	-888.7	7413.1	-49.5	
83.25	323.9	25.6	21.1	0.6	-137.3	25.1	232.9	41.8	517.9	-443.1	8154.8	-65.2	
83.30	326.7	25.8	15.8	0.5	-148.5	25.1	250.9	16.8	504.4	88.0	8984.4	-84.8	
83.35	329.5	25.5	15.2	0.4	-157.7	25.1	263.8	7.5	490.1	416.8	9648.3	-89.9	
83.40	332.3	25.4	20.2	0.2	-162.6	25.1	271.3	6.2	481.9	491.6	9995.8	-76.1	
83.45	335.1	26.0	26.9	0.1	-163.4	25.1	270.1	4.0	479.1	638.4	10052.7	-60.1	
83.50	337.9	25.9	34.1	0.1	-162.7	25.1	263.3	-12.4	475.6	1054.5	9991.5	-41.3	
83.55	340.6	25.7	38.3	0.1	-162.9	25.1	258.2	-38.9	466.7	1662.1	9934.8	-27.9	
83.60	343.4	25.5	38.8	0.1	-163.5	25.1	256.6	-47.0	460.9	2459.2	9822.5	-27.9	
83.65	346.2	25.3	40.4	0.1	-164.6	25.2	255.5	-60.3	460.2	3304.5	9652.8	-28.9	
83.70	348.9	25.2	40.9	0.1	-165.2	25.2	246.0	-98.2	459.5	4183.3	9348.9	-27.7	
83.75	351.7	25.2	40.7	0.1	-166.0	25.2	232.8	-125.7	458.4	5044.8	8982.7	-22.8	
83.80	354.5	25.3	-53.4	-0.0	164.4	25.2	216.0	-138.2	452.8	5537.9	8583.7	-5.8	
83.85	357.3	25.5	-50.1	-0.2	163.8	25.2	207.3	-135.5	443.5	5814.7	8379.5	14.2	
83.90	0.1	25.7	-52.2	-0.3	167.5	25.1	210.7	-129.0	445.2	6256.9	8408.2	6.5	
83.95	2.9	26.1	-52.4	-0.4	174.4	25.1	220.7	-151.9	448.1	6719.9	8636.8	-4.6	
84.00	5.7	25.9	-50.4	-0.3	179.9	25.1	220.5	-186.5	444.3	7138.4	8756.4	-0.7	
84.05	8.5	25.6	-51.2	-0.3	184.1	25.1	214.0	-204.0	437.2	7587.6	8779.5	4.3	
84.10	11.2	25.6	-57.5	-0.3	188.8	25.1	210.3	-214.3	430.7	8016.3	8857.2	-5.4	
84.15	14.0	25.5	-64.7	-0.3	194.0	25.1	212.0	-218.0	435.8	8444.4	8980.5	-20.2	
84.20	16.8	25.7	-67.3	-0.3	200.3	25.1	218.5	-240.3	438.5	8759.1	9257.5	-33.3	
84.25	19.6	26.3	-66.3	-0.2	207.3	25.0	231.7	-263.3	430.1	8882.9	9770.8	-36.7	
84.30	22.3	26.3	-73.2	-0.1	213.9	25.0	248.1	-272.6	423.3	8947.8	10309.5	-43.8	
84.35	25.0	26.2	-81.5	-0.2	219.0	25.0	265.6	-276.1	427.5	8969.0	10739.5	-54.8	
84.40	27.8	26.3	-84.7	-0.3	220.4	25.0	277.8	-259.6	443.7	8916.1	10920.4	-61.9	
84.45	30.5	25.5	-76.5	-0.2	217.6	25.0	275.2	-262.4	448.1	8673.5	10839.6	-48.3	
84.50	33.3	25.5	-69.8	-0.1	213.9	25.0	263.7	-286.4	445.3	8482.4	10596.6	-37.4	
84.55	36.0	25.9	-75.9	-0.1	211.6	25.0	252.4	-300.4	457.0	8633.6	10226.8	-53.6	
84.60	38.7	25.8	-83.0	-0.2	208.8	25.0	243.7	-305.1	471.2	8739.6	9846.8	-64.2	
84.65	41.5	25.4	-79.3	-0.3	203.7	25.0	234.9	-290.8	479.0	8582.7	9530.2	-50.8	
84.70	44.2	24.9	-69.5	-0.4	200.7	24.9	230.7	-288.6	483.4	8483.5	9323.1	-36.0	
84.75	47.0	25.1	-66.6	-0.2	202.6	24.9	236.7	-321.6	494.6	8650.5	9231.5	-43.8	
84.80	49.7	25.3	-76.5	-0.1	205.7	24.9	246.4	-348.2	514.0	8964.6	9129.4	-72.1	
84.85	52.5	25.6	-82.8	-0.1	205.4	24.9	252.3	-343.9	531.2	9085.3	8950.4	-78.3	
84.90	55.2	26.2	-81.2	-0.2	203.8	24.9	249.4	-340.9	536.9	9188.7	8683.4	-67.5	
84.95	58.0	26.8	-82.1	-0.2	205.7	24.9	240.7	-356.4	539.5	9680.4	8321.8	-76.4	
85.00	60.7	27.2	-85.0	-0.0	208.4	24.9	234.1	-374.0	551.1	10230.2	7903.8	-99.8	
85.05	63.5	27.0	34.8	0.1	-208.2	24.9	228.8	-391.8	561.0	10470.1	7478.8	-105.7	
85.10	66.2	26.8	30.9	0.1	-207.5	24.9	218.3	-398.6	563.7	10698.6	7037.6	-98.0	
85.15	69.0	26.5	-94.5	-0.1	208.5	24.9	208.3	-403.6	566.3	11036.0	6642.6	-94.2	
85.20	71.7	26.3	-94.4	-0.2	208.4	24.9	202.5	-408.3	578.6	11246.0	6239.4	-98.2	
85.25	74.4	25.7	-87.8	-0.2	204.7	24.9	198.6	-396.2	596.1	11160.5	5855.0	-97.0	
85.30	77.1	25.2	-78.9	-0.1	201.1	24.9	195.0	-397.1	604.9	10967.7	5628.9	-82.8	
85.35	79.9	24.8	-82.1	-0.1	202.6	24.9	195.9	-417.4	610.7	11075.6	5527.7	-83.4	
85.40	82.6	24.5	-94.9	-0.3	205.7	24.9	200.1	-425.5	624.9	11363.5	5388.5	-98.6	
85.45	85.3	24.5	-94.2	-0.4	204.7	24.8	202.0	-424.4	637.6	11341.6	5234.8	-94.9	
85.50	88.0	24.8	-86.5	-0.5	201.3	24.8	194.8	-418.4	651.0	11216.5	4922.8	-86.9	
85.55	90.7	25.2	-81.2	-0.5	199.4	24.8	186.8	-430.1	663.1	11147.6	4645.0	-84.7	
85.60	93.4	25.3	-80.6	-0.4	197.8	24.8	179.4	-443.4	672.7	11076.5	4407.1	-88.1	
85.65	96.0	25.0	-82.9	-0.4	193.4	24.8	176.4	-429.2	687.9	10855.1	4143.4	-92.7	
85.70	98.7	24.6	-78.7	-0.4	185.2	24.7	175.4	-406.2	704.7	10328.4	3906.1	-82.8	
85.75	101.4	24.2	-72.8	-0.4	177.0	24.7	173.2	-391.5	718.6	9771.5	3715.5	-74.2	
85.80	104.1	23.9	-73.9	-0.4	170.5	24.7	171.2	-381.6	729.2	9340.2	3536.1	-85.7	
85.85	106.7	23.4	-73.6	-0.4	162.2	24.7	171.0	-366.4	738.5	8750.7	3408.0	-88.6	
85.90	109.4	23.3	-68.3	-0.5	152.5	24.7	175.8	-333.8	753.0	8010.5	3449.9	-72.7	
85.95	112.1	23.5	-66.8	-0.5	148.4	24.6	182.5	-314.2	772.0	7597.9	3665.1	-72.0	
86.00	114.8	24.4	-71.6	-0.5	151.2	24.6	187.2	-334.9	785.0	7575.8	4028.4	-94.4	
86.05	117.5	25.4	-79.2	-0.5	152.8	24.6	192.9	-337.0	795.2	7493.2	4375.1	-125.2	
86.10	120.2	26.1	-82.3	-0.5	148.9	24.6	204.6	-308.2	808.8	7005.5	4692.9	-137.7	
86.15	122.9	25.4	-86.0	-0.5	145.1	24.5	213.0	-293.4	825.9	6466.6	4958.5	-144.3	
86.20	125.6	25.1	-96.0	-0.6	143.9	24.5	213.6	-285.1	833.4	6147.9	5233.6	-172.6	
86.25	128.3	24.8	-94.3	-0.7	136.6	24.5	198.3	-267.1	832.0	5501.9	5224.4	-180.3	
86.30	130.9	24.5	-78.1	-0.6	123.0	24.4	178.2	-227.7	838.2	4497.4	4946.4	-147.1	
86.35	133.6	24.4	-69.4	-0.6	114.0	24.4	166.5	-192.5	854.5	3997.6	4589.3	-128.6	
86.40	136.3	24.5	-72.4	-0.6	113.3	24.4	164.7	-203.3	869.2	4209.0	4280.5	-141.7	
86.45	139.0	24.6	-79.6	-0.5	117.1	24.3	167.2	-231.0	884.8	4797.1	3943.4	-160.8	
86.50	141.6	24.2	-82.3	-0.5	115.8	24.3	161.9	-226.4	904.0	5091.5	3387.6	-167.4	
86.55	144.3	24.0	-73.8	-0.5	108.8	24.3	146.8	-208.6	911.3	4961.1	2705.7	-146.3	
86.60	147.0	24.5	-64.9	-0.5	99.5	24.3	122.0	-187.4	904.8	4656.2	1937.1	-125.8	
86.65	149.6	24.7	-55.5	-0.4	91.5	24.2	92.3	-166.4	905.8	4429.9	967.6	-105.1	
86.70	152.3	24.9	-38.6	-0.4	81.0	24.2	65.6	-145.1	913.5	3823.1	-25.8	-60.1	
86.75	155.0	25.3	-28.6	-0.3	73.0	24.2	43.6	-114.3	919.4	3192.7	-908.3	-28.0	
86.80	157.7	25.1	-31.6	-0.3	72.9	24.2	22.1	-96.3	919.2	2940.6	-1679.8	-36.3	
86.85	160.3	24.6	-36.0	-0.3	74.7	24.2	16.2	-99.8	917.2	2821.1	-2103.3	-53.1	
86.90	163.0	23.9	-37.9	-0.3	78.4	24.2	0.8	-92.9	929.9	2659.7	-2724.6	-56.1	
86.95	165.7	23.9	-36.7	-0.2	77.2	24.1	-3.3	-75.1	930.9	2190.5	-3068.9	-57.7	
87.00	168.4	23.6	-35.8	-0.1	70.2	24.1	-3.9	-47.0	913.4	1342.3	-3053.0	-65.1	
87.05	171.1	23.0	-39.5	-0.0	64.0	24.1	-1.7	-20.3	903.7	638.5	-2882.4	-81.2	
87.10	173.8	22.9	-11.2	0.0	-58.4	24.1	12.2	-8.5	909.7	-132.5	-2540.9	-102.7	
87.15	176.5	23.3	-14.6	0.0	-58.3	24.1	22.3	9.2	916.6	-983.7	-2301.5	-112.2	
87.20	179.2	24.3	-19.8	0.1	-64.8	24.1	22.4	42.0	909.7	-1859.5	-2261.1	-135.6	
87.25	181.9	24.1	-22.1	0.1	-74.2	24.1	2.6	62.1	904.6	-2402.8	-2686.2	-156.0	
87.30	184.5	23.4	-26.6	0.2	-81.8	24.2	-13.0	69.0	907.5	-2667.9	-3183.0	-179.0	
87.35	187.2	22.5	-25.7	0.2	-90.2	24.2	-20.7	79.9	914.0	-3058.8	-3631.6	-182.2	
87.40	189.9	21.9	-20.2	0.2	-98.8	24.2	-22.5	102.9	906.5	-3697.3	-3847.8	-168.2	
87.45	192.5	21.4	-21.2	0.1	-104.6	24.2	-21.2	119.9	890.4	-4167.5	-3950.7	-171.0	
87.50	195.2	21.1	-91.7	-0.0	108.9	24.2	-18.7	121.4	889.0	-4299.4	-4273.1	-185.7	
87.55	197.8	20.9	-88.6	-0.2	119.8	24.2	-32.7	132.2	900.2	-4513.6	-5138.2	-160.5	
87.60	200.4	21.2	-74.1	-0.4	137.0	24.2	-62.8	160.5	901.6	-5021.4	-6280.4	-97.9	
87.65	203.1	21.7	-61.0	-0.4	148.5	24.1	-82.6	182.2	886.8	-5430.6	-6971.1	-51.8	
87.70	205.7	22.2	-61.1	-0.4	152.5	24.1	-94.9	181.4	880.3	-5378.3	-7381.8	-56.7	
87.75	208.3	22.8	-64.6	-0.4	153.7	24.1	-94.3	178.3	882.6	-5356.3	-7515.0	-68.5	
87.80	211.0	22.9	-62.4	-0.5	155.4	24.1	-87.7	190.3	874.3	-5662.5	-7432.9	-51.8	
87.85	213.6	22.1	-60.5	-0.6	154.2	24.1	-80.7	197.9	857.0	-5844.2	-7177.6	-41.0	
87.90	216.2	22.1	-66.5	-0.6	147.6	24.0	-67.5	191.6	844.8	-5671.5	-6722.2	-73.0	
87.95	218.8	21.9	-74.1	-0.6	145.0	24.0	-64.3	196.5	841.8	-5690.4	-6436.5	-111.3	
88.00	221.5	21.6	-71.3	-0.6	147.6	24.0	-59.1	214.5	833.6	-6262.1	-6100.8	-103.5	
88.05	224.1	21.6	-69.4	-0.6	148.2	23.9	-51.0	229.1	818.7	-6686.8	-5669.3	-90.6	
88.10	226.7	21.3	-76.6	-0.6	141.1	23.9	-33.0	226.4	804.9	-6547.5	-5025.6	-112.9	
88.15	229.3	20.8	-80.3	-0.7	132.7	23.9	-3.4	225.1	793.5	-6396.4	-4182.7	-131.3	
88.20	231.9	20.6	-74.6	-0.8	130.6	23.8	19.6	243.9	783.6	-6526.6	-3549.4	-121.9	
88.25	234.5	20.9	-68.0	-0.7	130.3	23.8	26.6	243.9	776.2	-6678.2	-3211.2	-106.7	
88.30	237.1	21.0	-69.7	-0.8	126.3	23.8	25.0	223.3	766.9	-6541.1	-2944.5	-108.5	
88.35	239.7	20.5	-75.8	-0.9	121.5	23.7	24.1	225.0	753.9	-6294.6	-2623.6	-118.5	
88.40	242.3	20.6	-73.8	-1.1	121.5	23.7	24.4	241.7	745.4	-6369.1	-2315.5	-108.3	
88.45	244.9	20.8	-68.1	-1.2	121.7	23.6	37.2	257.0	740.8	-6491.6	-1847.3	-100.4	
88.50	247.4	21.1	-68.1	-1.2	116.3	23.5	61.9	246.9	735.8	-6248.7	-1146.3	-124.3	
88.55	250.0	20.5	-72.6	-1.0	111.0	23.5	83.2	218.4	724.3	-6007.4	-427.4	-152.6	
88.60	252.6	20.5	-77.4	-1.0	110.7	23.4	90.9	222.2	708.2	-5991.4	-34.9	-156.3	
88.65	255.2	21.0	-75.5	-1.1	113.5	23.4	84.6	241.7	695.3	-6170.3	23.4	-133.5	
88.70	257.7	21.2	-69.7	-1.2	114.1	23.3	68.9	248.1	682.2	-6224.4	-24.1	-115.6	
88.75	260.3	21.7	-64.5	-1.2	112.1	23.3	50.1	253.4	659.8	-6081.3	50.6	-110.8	
88.80	262.8	22.2	-58.9	-1.1	111.5	23.2	39.4	250.2	637.1	-6063.2	313.1	-101.2	
88.85	265.3	22.4	-57.2	-1.1	111.1	23.1	46.8	248.6	624.0	-6012.3	709.9	-91.9	
88.90	267.8	22.4	-60.4	-1.1	109.5	23.1	65.3	259.3	616.6	-5781.6	1157.2	-93.8	
88.95	270.4	22.1	-60.8	-1.1	110.9	23.0	79.5	262.0	601.5	-5746.7	1711.0	-90.9	
89.00	272.9	21.1	-59.8	-1.2	113.5	23.0	91.0	262.8	582.0	-5728.2	2344.0	-87.2	
89.05	275.4	21.1	-57.9	-1.2	116.1	22.9	107.8	262.0	569.1	-5632.9	2999.1	-81.9	
89.10	277.9	20.9	-58.0	-1.2	118.9	22.9	128.4	249.2	566.2	-5564.6	3566.2	-76.7	
89.15	280.5	20.4	-64.9	-1.3	120.5	22.8	147.1	238.3	559.5	-5315.5	4134.8	-87.8	
89.20	283.0	21.2	-68.9	-1.4	121.8	22.7	154.8	228.7	542.3	-4956.6	4743.8	-101.6	
89.25	285.6	21.2	-65.8	-1.4	124.0	22.7	155.5	209.0	522.3	-4683.2	5314.0	-102.8	
89.30	288.1	20.5	-65.1	-1.3	124.7	22.6	159.7	192.2	510.2	-4333.0	5723.2	-108.9	
89.35	290.6	20.3	-65.1	-1.2	123.9	22.5	165.8	178.2	502.1	-3958.6	5943.7	-112.7	
89.40	293.2	20.1	-66.6	-1.2	122.9	22.5	170.1	164.0	492.6	-3712.6	6048.2	-113.7	
89.45	295.7	19.8	-65.3	-1.2	123.1	22.4	173.5	169.0	481.5	-3564.8	6142.3	-99.1	
89.50	298.2	19.0	-58.6	-1.2	123.9	22.3	173.8	175.8	470.8	-3511.9	6239.6	-74.2	
89.55	300.7	19.2	-51.2	-1.2	124.4	22.3	175.6	174.0	460.3	-3371.6	6365.3	-51.6	
89.60	303.2	19.8	-47.4	-1.2	123.8	22.2	180.6	171.9	450.2	-2955.7	6517.7	-40.5	
89.65	305.7	20.4	-42.9	-1.2	122.4	22.2	182.8	159.5	439.2	-2401.3	6660.2	-27.5	
89.70	308.1	20.3	-40.7	-1.2	120.6	22.1	180.0	139.4	427.8	-1701.4	6785.2	-16.3	
89.75	310.6	20.4	-40.3	-1.3	120.2	22.0	176.4	125.3	415.0	-958.9	6941.8	-8.9	
89.80	313.0	21.7	-38.0	-1.4	121.2	22.0	171.3	112.4	397.4	-494.0	7114.6	0.5	
89.85	315.5	21.7	-38.4	-1.5	122.7	21.9	170.1	104.0	382.8	-251.3	7267.7	3.1	
89.90	318.0	21.7	-40.4	-1.6	124.9	21.8	175.9	89.5	375.4	-41.5	7450.3	0.7	
89.95	320.5	22.3	-40.7	-1.7	127.3	21.7	181.4	72.9	365.9	106.0	7646.6	-0.4	
90.00	322.9	22.1	-38.0	-1.7	128.9	21.7	180.4	73.5	349.8	188.0	7780.9	5.4	
90.05	325.4	21.8	-31.4	-1.7	128.0	21.6	173.4	71.7	331.7	231.8	7750.2	16.0	
90.10	327.8	21.5	-26.1	-1.5	124.8	21.5	166.3	53.3	320.9	496.7	7537.8	17.5	
90.15	330.3	21.5	-28.9	-1.4	121.9	21.4	163.4	27.8	317.0	1080.1	7281.9	3.4	
90.20	332.7	21.5	-34.1	-1.3	120.7	21.4	161.3	3.7	308.9	1659.6	7098.3	-3.8	
90.25	335.1	21.4	-37.0	-1.4	120.4	21.3	159.6	1.4	295.1	1991.0	7008.5	2.2	
90.30	337.6	21.5	-38.0	-1.5	120.1	21.2	160.9	-0.1	282.0	2189.4	6933.3	3.5	
90.35	340.0	21.3	-36.7	-1.6	119.1	21.1	165.6	-12.1	277.6	2377.1	6781.7	-1.2	
90.40	342.4	20.5	-35.5	-1.6	115.7	21.1	167.3	-16.4	278.7	2399.8	6486.3	-6.3	
90.45	344.9	20.3	-31.1	-1.6	110.1	21.0	161.2	-15.6	274.1	2203.2	6134.7	6.4	
90.50	347.3	20.4	-28.6	-1.7	106.4	20.9	154.5	-14.1	266.5	2178.6	5870.1	16.3	
90.55	349.7	20.7	-31.5	-1.7	106.5	20.8	153.9	-24.3	264.6	2483.3	5758.6	6.6	
90.60	352.1	20.9	-36.1	-1.8	109.7	20.7	157.8	-53.7	265.3	2841.0	5817.7	-9.5	
90.65	354.6	20.8	-42.1	-1.8	114.3	20.6	163.0	-73.9	261.8	3129.5	6027.6	-24.1	
90.70	357.0	20.5	-48.8	-1.9	118.9	20.5	166.0	-85.1	249.9	3272.5	6334.5	-37.7	
90.75	359.4	20.5	-54.1	-2.0	123.4	20.4	169.6	-98.3	239.5	3358.4	6650.4	-46.6	
90.80	1.7	20.4	-58.8	-2.1	128.6	20.3	179.0	-105.2	240.4	3599.0	6932.3	-58.7	
90.85	4.1	20.2	-55.0	-2.1	131.3	20.2	185.7	-106.2	244.3	3647.9	7107.4	-56.4	
90.90	6.4	20.2	-46.0	-2.1	130.8	20.1	184.0	-106.3	241.0	3415.2	7193.7	-37.8	
90.95	8.8	20.2	-46.4	-2.0	130.3	20.0	178.6	-105.5	238.3	3361.2	7196.8	-36.4	
91.00	11.1	20.2	-49.5	-2.0	130.0	19.9	169.8	-117.2	239.0	3565.5	7073.0	-37.4	
91.05	13.5	20.7	-50.0	-2.1	129.5	19.8	158.3	-134.6	242.3	3941.0	6815.4	-29.3	
91.10	15.8	21.0	-47.8	-2.2	130.2	19.7	148.2	-146.6	246.1	4472.1	6543.3	-18.8	
91.15	18.1	21.1	-43.5	-2.3	134.2	19.6	144.5	-167.1	246.9	5014.8	6471.5	-11.6	
91.20	20.5	20.9	-45.9	-2.2	142.4	19.5	150.1	-193.9	248.7	5675.6	6637.9	-20.8	
91.25	22.8	21.0	-54.2	-2.2	151.9	19.4	165.1	-213.7	257.2	6344.0	6908.9	-35.7	
91.30	25.1	21.3	-57.0	-2.3	158.8	19.3	180.9	-230.8	269.3	6754.8	7131.1	-28.7	
91.35	27.4	21.3	-57.8	-2.4	163.5	19.2	188.5	-236.2	280.2	7094.9	7248.3	-18.0	
91.40	29.8	21.3	-58.0	-2.5	168.7	19.0	189.0	-237.4	285.3	7520.5	7373.5	-13.8	
91.45	32.1	21.1	-56.3	-2.6	176.1	18.9	188.2	-259.4	285.4	8008.8	7603.6	-7.0	
91.50	34.4	20.7	-58.5	-2.7	186.4	18.8	198.4	-276.4	294.4	8637.5	7975.8	-8.1	
91.55	36.8	20.6	-61.4	-2.7	198.8	18.6	216.5	-298.5	307.0	9321.3	8484.1	-10.0	
91.60	39.1	20.6	-66.9	-2.7	212.2	18.5	230.1	-329.1	311.0	9978.5	9114.6	-20.1	
91.65	41.5	20.5	-74.5	-2.6	225.1	18.4	243.5	-338.7	313.2	10556.9	9860.1	-39.2	
91.70	43.8	20.5	-76.0	-2.4	233.9	18.3	261.1	-341.7	320.5	10726.8	10583.1	-46.1	
91.75	46.2	20.6	-75.0	-2.3	240.2	18.1	282.3	-350.5	331.9	10644.3	11235.5	-40.6	
91.80	48.6	20.7	-78.6	-2.1	247.3	18.0	304.7	-349.7	343.7	10613.9	11928.2	-41.5	
91.85	50.9	21.1	-81.0	-2.0	252.2	17.9	315.6	-347.4	344.8	10388.1	12585.9	-38.0	
91.90	53.3	21.5	-82.3	-2.0	254.2	17.8	316.0	-343.0	345.1	10077.2	13044.5	-30.2	
91.95	55.7	21.5	-81.8	-2.0	256.0	17.7	317.7	-333.3	360.3	10027.3	13253.8	-28.7	
92.00	58.1	21.8	-78.3	-1.8	257.5	17.6	315.9	-350.7	377.0	10166.0	13234.6	-28.2	
92.05	60.4	21.9	-78.3	-1.7	257.8	17.5	305.5	-374.3	388.2	10336.0	13076.4	-28.3	
92.10	62.8	21.8	-78.3	-1.6	255.6	17.5	291.2	-369.5	399.5	10279.3	12944.2	-26.3	
92.15	65.2	21.6	-74.0	-1.5	252.8	17.4	282.9	-358.4	409.6	9978.8	12955.8	-15.5	
92.20	67.6	21.4	-75.4	-1.4	254.2	17.3	291.7	-347.7	425.5	9861.6	13172.5	-17.6	
92.25	69.9	20.9	-77.1	-1.2	258.8	17.2	311.9	-343.0	445.9	9903.4	13515.9	-25.5	
92.30	72.3	21.2	-76.2	-1.0	263.2	17.2	329.9	-356.2	460.1	9832.3	13892.6	-26.6	
92.35	74.8	21.6	-83.7	-0.8	268.4	17.1	347.3	-357.0	475.7	9794.1	14333.7	-41.0	
92.40	77.2	22.1	-93.6	-0.7	273.3	17.1	357.3	-357.2	492.5	9992.9	14605.1	-62.6	
92.45	79.6	21.6	-98.1	-0.6	276.5	17.1	359.2	-371.9	508.6	10454.0	14524.3	-71.7	
92.50	82.0	21.5	-99.8	-0.5	278.2	17.0	356.9	-390.5	527.5	11037.1	14181.2	-75.6	
92.55	84.5	21.8	-96.9	-0.4	278.6	17.0	350.9	-411.6	541.4	11431.6	13844.6	-76.0	
92.60	86.9	21.8	-95.6	-0.1	278.1	17.0	343.8	-423.3	547.9	11581.2	13647.1	-77.3	
92.65	89.4	21.5	-100.2	-0.0	277.2	17.0	342.3	-421.5	555.0	11659.4	13499.0	-80.2	
92.70	91.8	21.0	-102.7	-0.0	274.4	17.0	344.2	-421.6	569.1	11665.6	13184.3	-79.7	
92.75	94.3	20.6	-99.7	-0.0	269.4	17.0	347.5	-418.3	587.1	11570.3	12745.1	-73.8	
92.80	96.7	20.7	60.8	0.1	-264.9	17.0	346.1	-405.5	598.4	11482.6	12398.9	-69.5	
92.85	99.2	21.2	63.1	0.2	-261.0	17.0	336.6	-394.6	602.0	11404.7	12124.0	-65.7	
92.90	101.6	21.5	60.9	0.3	-256.9	17.0	324.5	-393.8	608.7	11375.6	11744.7	-58.6	
92.95	104.1	21.7	54.4	0.3	-254.8	17.0	318.8	-400.1	624.8	11565.6	11304.5	-61.1	
93.00	106.6	21.8	49.3	0.2	-252.9	17.1	313.1	-404.7	640.6	11778.5	10858.4	-70.4	
93.05	109.1	22.1	48.7	0.1	-249.1	17.1	303.8	-398.9	647.3	11691.9	10557.7	-70.1	
93.10	111.5	22.2	49.8	0.0	-243.9	17.1	297.5	-386.0	650.8	11261.6	10508.0	-65.9	
93.15	114.0	22.1	53.9	0.0	-239.2	17.1	300.5	-375.7	659.8	10664.2	10632.7	-56.8	
93.20	116.5	22.2	52.9	0.1	-235.9	17.1	310.3	-366.0	675.4	10183.0	10740.4	-63.8	
93.25	119.0	22.3	47.1	0.2	-230.3	17.1	314.4	-347.4	687.5	9606.9	10724.9	-77.7	
93.30	121.5	22.4	41.3	0.2	-222.0	17.1	303.8	-324.2	697.6	9008.3	10497.5	-84.7	
93.35	123.9	22.3	37.2	0.2	-214.3	17.1	287.7	-314.5	706.4	8571.1	10168.6	-86.1	
93.40	126.4	22.3	32.1	0.2	-209.5	17.1	276.4	-317.8	718.4	8446.2	9803.1	-92.1	
93.45	128.8	22.0	26.0	0.1	-205.9	17.1	270.9	-316.5	733.2	8431.6	9453.0	-107.5	
93.50	131.3	21.6	23.3	0.0	-202.2	17.1	271.3	-303.4	742.7	8152.1	9352.2	-110.6	
93.55	133.7	21.5	-89.2	-0.1	197.7	17.1	273.1	-273.7	747.1	7577.8	9467.7	-98.0	
93.60	136.2	21.4	-83.4	-0.1	192.9	17.1	275.6	-243.8	750.8	6858.8	9620.1	-87.6	
93.65	138.6	21.4	-78.9	-0.2	187.3	17.1	273.3	-225.7	760.1	6218.7	9576.3	-79.0	
93.70	141.1	20.9	-77.2	-0.3	179.2	17.1	264.1	-204.0	778.2	5768.8	9191.8	-73.9	
93.75	143.6	21.2	-74.7	-0.4	169.8	17.1	253.9	-175.1	788.7	5053.0	8870.2	-64.6	
93.80	146.1	21.8	-75.0	-0.6	165.0	17.1	246.6	-158.4	796.2	4572.5	8760.9	-65.4	
93.85	148.6	22.0	-82.1	-0.8	164.0	17.0	243.0	-166.4	805.8	4519.1	8692.5	-96.5	
93.90	151.1	21.7	-85.3	-0.9	162.0	17.0	243.4	-183.4	814.9	4454.4	8515.3	-121.9	
93.95	153.6	21.3	-81.6	-0.9	155.6	16.9	234.8	-177.6	820.8	4172.8	8141.7	-123.5	
94.00	156.2	21.6	-76.7	-0.8	149.5	16.9	227.0	-156.4	822.8	3807.0	7865.1	-120.3	
94.05	158.7	21.3	-71.5	-0.7	143.8	16.8	220.4	-141.2	829.0	3394.6	7627.5	-118.5	
94.10	161.2	21.2	-67.0	-0.5	140.7	16.8	224.3	-128.4	839.5	2976.4	7549.7	-111.9	
94.15	163.7	21.4	-62.7	-0.3	137.7	16.8	229.2	-102.6	846.4	2323.5	7555.7	-99.4	
94.20	166.3	21.1	-60.9	-0.3	133.1	16.8	224.8	-82.8	851.7	1836.2	7355.6	-87.3	
94.25	168.8	21.3	-66.4	-0.3	128.9	16.8	222.2	-71.0	858.5	1743.4	7067.3	-96.5	
94.30	171.4	22.1	-63.7	-0.3	119.8	16.8	203.7	-61.4	870.0	1711.9	6414.8	-97.5	
94.35	173.9	22.1	-57.0	-0.2	110.0	16.7	185.2	-55.7	874.6	1519.6	5757.6	-95.2	
94.40	176.5	22.2	-46.5	-0.0	99.4	16.7	160.7	-47.2	875.8	1308.4	5058.2	-81.4	
94.45	179.0	22.4	6.0	0.1	-91.7	16.7	147.6	-28.2	876.2	913.5	4597.3	-92.9	
94.50	181.6	23.1	1.1	0.2	-85.3	16.7	138.3	-7.6	880.5	276.1	4224.8	-96.7	
94.55	184.2	23.0	-2.1	0.3	-83.4	16.8	137.3	15.1	885.0	-441.2	4068.2	-99.5	
94.60	186.8	22.5	-2.0	0.4	-83.6	16.8	135.7	41.6	889.3	-1124.6	3937.1	-100.7	
94.65	189.4	22.9	-1.9	0.5	-85.9	16.8	132.7	65.5	889.8	-1797.6	3846.7	-103.9	
94.70	192.0	23.1	-5.1	0.6	-88.5	16.8	129.4	89.4	887.6	-2304.3	3772.3	-115.7	
94.75	194.6	23.1	-9.3	0.7	-89.9	16.9	128.7	97.4	887.7	-2599.4	3690.2	-135.1	
94.80	197.2	22.3	-12.6	0.8	-88.1	16.9	130.0	81.8	888.5	-2605.7	3547.6	-148.6	
94.85	199.8	22.3	-15.7	0.9	-84.2	16.9	127.2	78.5	887.3	-2476.0	3292.0	-153.1	
94.90	202.4	22.4	-11.4	1.0	-85.3	17.0	122.4	96.1	877.7	-2759.7	3153.5	-138.3	
94.95	205.0	22.4	-4.8	1.1	-91.0	17.0	122.8	125.6	868.7	-3254.4	3208.7	-122.6	
95.00	207.6	22.1	-6.4	1.3	-98.3	17.1	138.4	148.0	870.0	-3593.8	3532.6	-134.6	
95.05	210.2	21.9	-8.0	1.3	-106.3	17.2	156.8	149.9	876.3	-4024.4	3895.7	-140.8	
95.10	212.9	21.7	-9.1	1.2	-114.1	17.2	170.3	165.6	876.5	-4470.1	4200.6	-136.6	
95.15	215.5	21.8	-10.6	1.1	-118.8	17.3	173.6	186.6	871.6	-4739.0	4358.7	-137.9	
95.20	218.2	21.6	-13.7	1.0	-119.3	17.3	172.7	183.8	869.4	-4739.1	4424.9	-155.3	
95.25	220.8	21.0	-14.3	1.0	-116.7	17.4	168.2	177.0	870.4	-4582.2	4338.4	-165.0	
95.30	223.5	21.0	-11.4	1.1	-115.8	17.4	162.9	176.7	863.5	-4564.5	4286.7	-160.6	
95.35	226.2	21.3	-13.2	1.0	-116.6	17.5	162.8	163.3	847.2	-4563.8	4437.9	-159.9	
95.40	228.8	21.7	-20.3	0.9	-117.3	17.5	173.2	156.5	836.9	-4372.4	4696.2	-172.3	
95.45	231.5	22.0	-16.8	0.9	-119.2	17.6	185.6	171.3	835.6	-4328.1	4849.8	-167.7	
95.50	234.2	22.1	-2.8	0.9	-123.0	17.6	193.4	185.5	831.6	-4632.9	4903.7	-137.2	
95.55	236.8	22.1	5.4	1.0	-124.4	17.7	196.6	193.0	820.8	-4768.6	4905.4	-116.2	
95.60	239.4	22.1	7.1	1.1	-122.0	17.7	189.8	192.8	811.7	-4728.2	4720.0	-109.3	
95.65	242.1	22.3	9.6	1.1	-120.1	17.8	171.5	201.9	801.6	-4862.0	4402.5	-89.2	
95.70	244.7	22.5	14.3	1.0	-120.7	17.8	152.4	229.0	786.4	-5044.4	4236.9	-58.3	
95.75	247.4	22.3	22.5	0.9	-122.0	17.9	140.1	241.9	766.2	-5035.6	4401.9	-29.0	
95.80	250.0	22.5	23.7	0.8	-123.3	17.9	150.4	225.2	754.7	-4697.6	4945.8	-30.9	
95.85	252.7	22.8	16.5	0.7	-128.9	18.0	186.8	205.4	752.0	-4225.5	5865.9	-63.6	
95.90	255.3	23.4	10.1	0.6	-139.6	18.0	229.0	199.5	745.6	-3982.9	6901.5	-97.2	
95.95	258.0	23.4	8.4	0.5	-152.1	18.0	258.7	203.0	731.8	-4106.2	7844.5	-110.8	
96.00	260.7	23.1	9.3	0.4	-163.9	18.0	273.5	213.4	712.3	-4386.9	8662.6	-114.6	
96.05	263.4	22.6	16.2	0.3	-170.9	18.1	273.1	218.6	698.3	-4672.4	9113.1	-107.5	
96.10	266.1	22.5	26.2	0.4	-175.3	18.1	268.4	213.5	688.3	-4938.6	9377.3	-87.1	
96.15	268.8	22.7	34.6	0.4	-178.7	18.1	261.8	219.4	674.9	-4978.9	9668.8	-64.7	
96.20	271.5	23.2	38.5	0.4	-179.4	18.1	259.4	206.3	663.2	-4448.4	10021.9	-53.5	
96.25	274.2	23.5	39.4	0.5	-180.1	18.1	265.2	175.6	654.7	-3736.3	10411.0	-53.8	
96.30	276.9	23.9	40.8	0.6	-183.1	18.2	280.8	167.8	649.8	-3196.4	10807.4	-58.6	
96.35	279.6	24.4	48.3	0.8	-188.5	18.2	297.8	169.6	643.1	-2952.6	11255.9	-42.6	
96.40	282.3	24.1	49.4	0.8	-194.3	18.2	308.1	176.2	629.5	-2945.6	11681.7	-31.2	
96.45	285.0	23.9	49.9	0.7	-198.6	18.3	317.3	185.0	620.2	-2934.2	11990.2	-12.8	
96.50	287.7	23.8	54.4	0.6	-200.4	18.3	325.6	196.1	616.5	-2906.1	12104.5	3.3	
96.55	290.5	24.7	61.9	0.5	-199.6	18.3	323.4	207.5	608.5	-2998.6	12015.1	19.7	
96.60	293.2	25.0	61.4	0.5	-194.4	18.4	308.5	193.4	594.8	-2814.3	11727.2	15.0	
96.65	295.9	25.1	53.9	0.6	-184.9	18.4	290.1	154.3	583.2	-2125.6	11255.8	-5.0	
96.70	298.7	24.8	44.3	0.6	-172.3	18.4	264.2	126.3	571.4	-1465.5	10513.7	-21.2	
96.75	301.4	24.9	44.7	0.6	-159.6	18.5	230.5	125.0	555.0	-1357.4	9654.2	-2.4	
96.80	304.1	25.1	50.4	0.6	-151.4	18.5	203.4	134.8	531.6	-1564.8	9070.0	17.8	
96.85	306.9	25.1	52.9	0.7	-150.5	18.5	201.5	130.6	510.8	-1663.1	9013.6	14.6	
96.90	309.6	25.2	47.5	0.9	-154.2	18.6	223.4	113.4	504.5	-1595.6	9280.9	-8.1	
96.95	312.3	25.7	42.7	0.9	-158.8	18.6	247.3	119.8	498.9	-1662.2	9555.1	-17.8	
97.00	315.0	27.2	44.7	0.9	-158.7	18.7	248.9	134.1	481.5	-1767.3	9518.4	-5.5	
97.05	317.8	27.4	47.1	1.0	-152.8	18.7	236.2	119.7	465.5	-1485.5	9182.5	3.6	
97.10	320.5	27.1	40.6	1.0	-144.5	18.7	226.6	89.1	466.8	-719.4	8702.1	-12.8	
97.15	323.2	26.6	34.3	1.0	-136.3	18.8	213.3	58.2	469.1	-48.2	8176.6	-19.7	
97.20	326.0	26.7	32.0	1.0	-129.3	18.8	191.5	40.2	454.5	279.7	7724.3	-10.5	
97.25	328.7	27.0	31.5	0.9	-125.0	18.9	174.6	42.8	432.6	442.3	7456.1	-7.4	
97.30	331.5	27.5	33.4	0.9	-123.5	18.9	173.0	40.6	425.0	412.5	7355.7	-8.3	
97.35	334.2	27.2	33.0	0.9	-124.2	19.0	183.8	37.0	430.6	264.7	7383.8	-12.6	
97.40	337.0	26.8	29.6	0.9	-125.4	19.0	192.8	38.7	430.8	169.9	7447.7	-20.0	
97.45	339.7	26.4	26.0	0.8	-124.6	19.1	192.2	36.1	420.6	107.4	7401.1	-25.3	
97.50	342.5	26.8	21.9	0.6	-120.8	19.1	186.3	24.7	418.1	270.1	7132.0	-27.9	
97.55	345.3	27.2	18.9	0.5	-115.6	19.1	179.3	4.4	426.5	801.9	6713.8	-33.6	
97.60	348.0	27.6	19.9	0.4	-112.4	19.2	169.5	-34.1	427.1	1543.5	6354.3	-36.8	
97.65	350.8	27.2	20.8	0.5	-113.8	19.2	164.4	-59.0	413.0	2239.6	6259.5	-43.4	
97.70	353.5	26.9	22.0	0.5	-117.6	19.2	169.0	-62.8	399.3	2670.2	6396.7	-50.9	
97.75	356.2	26.6	26.2	0.6	-120.9	19.2	177.6	-67.6	395.7	2822.7	6578.0	-45.4	
97.80	358.9	26.2	28.2	0.7	-124.0	19.3	189.3	-73.5	400.8	2879.3	6761.0	-34.9	
97.85	1.6	26.6	27.6	0.7	-125.6	19.3	196.1	-76.8	402.7	2904.8	6854.5	-24.3	
97.90	4.3	27.1	26.2	0.5	-125.2	19.3	194.5	-82.7	400.0	2933.4	6810.6	-14.3	
97.95	7.1	27.2	21.2	0.2	-124.9	19.3	191.8	-84.9	408.2	3188.6	6669.2	-20.1	
98.00	9.8	26.8	20.9	0.0	-127.8	19.3	190.9	-111.2	419.0	3741.2	6584.8	-31.7	
98.05	12.5	26.4	-55.7	-0.0	133.8	19.3	189.9	-147.0	418.8	4395.5	6646.7	-46.4	
98.10	15.2	26.1	-60.1	-0.1	140.0	19.3	186.4	-174.7	412.0	4977.6	6769.0	-60.6	
98.15	17.9	26.3	-60.8	-0.1	144.2	19.3	179.9	-202.1	406.3	5368.9	6814.9	-59.1	
98.20	20.6	26.5	-60.9	-0.2	147.5	19.3	177.6	-217.4	411.5	5720.1	6809.5	-52.9	
98.25	23.3	26.8	-61.7	-0.3	151.6	19.3	184.1	-221.4	422.4	6012.6	6924.9	-50.3	
98.30	26.0	27.0	-61.4	-0.3	156.2	19.3	194.2	-225.4	428.0	6160.6	7214.3	-48.3	
98.35	28.6	27.1	-61.7	-0.4	161.7	19.3	206.6	-222.5	431.8	6366.9	7559.1	-45.8	
98.40	31.3	27.1	-62.5	-0.4	167.5	19.3	215.8	-236.3	438.8	6730.2	7761.8	-43.3	
98.45	34.0	26.4	-66.8	-0.4	173.2	19.2	217.5	-261.9	445.4	7314.4	7726.2	-49.8	
98.50	36.7	25.8	-74.1	-0.5	177.6	19.2	209.1	-272.2	452.8	8033.9	7448.9	-66.5	
98.55	39.4	25.7	-71.4	-0.6	177.2	19.2	185.5	-281.9	453.0	8467.6	6938.1	-62.1	
98.60	42.1	26.6	-63.9	-0.6	174.4	19.2	160.3	-295.3	450.1	8635.9	6381.4	-45.9	
98.65	44.8	26.6	-62.6	-0.5	173.2	19.1	149.0	-299.1	456.3	8794.0	6007.3	-43.5	
98.70	47.5	26.3	-67.9	-0.6	174.3	19.1	154.6	-306.6	465.6	8823.2	6047.3	-55.3	
98.75	50.2	26.1	-73.2	-0.7	175.4	19.1	167.9	-299.6	469.1	8632.7	6445.5	-60.8	
98.80	52.8	25.8	-76.0	-0.8	178.1	19.0	183.7	-292.8	471.9	8487.6	6952.8	-66.0	
98.85	55.5	25.7	-76.8	-0.9	184.2	19.0	203.2	-304.8	480.9	8596.0	7435.5	-75.2	
98.90	58.2	25.8	-81.7	-0.8	191.6	19.0	221.0	-319.1	496.9	8918.7	7799.4	-91.8	
98.95	60.9	25.9	-85.1	-0.8	196.2	18.9	227.4	-330.7	507.5	9109.6	8040.4	-99.3	
99.00	63.5	25.9	-84.9	-0.8	197.5	18.9	219.7	-341.5	507.9	9118.9	8160.0	-96.0	
99.05	66.2	25.9	-88.7	-0.8	199.4	18.8	210.6	-357.9	512.1	9332.4	8088.3	-105.1	
99.10	68.8	25.8	-91.0	-0.8	200.1	18.8	211.2	-371.1	526.1	9529.7	7865.6	-113.1	
99.15	71.5	25.5	-89.0	-0.8	196.1	18.8	217.1	-368.3	545.0	9363.7	7564.0	-112.7	
99.20	74.1	25.0	-82.5	-0.7	188.7	18.7	216.7	-351.0	560.5	8928.1	7262.3	-101.9	
99.25	76.8	24.4	-77.6	-0.6	182.5	18.7	209.1	-346.7	573.4	8594.6	6949.0	-95.0	
99.30	79.4	24.2	-74.7	-0.6	176.8	18.7	198.2	-345.1	589.2	8377.7	6537.4	-87.5	
99.35	82.0	24.3	-67.9	-0.5	170.0	18.6	186.7	-333.6	612.1	8193.0	5981.7	-64.7	
99.40	84.7	24.6	-63.6	-0.6	166.8	18.6	174.5	-329.9	634.9	8248.7	5494.2	-49.9	
99.45	87.3	24.5	-67.6	-0.6	169.6	18.6	167.7	-332.2	649.6	8532.2	5433.7	-57.5	
99.50	90.0	24.2	-73.1	-0.6	174.9	18.5	170.6	-343.5	657.6	8734.8	5776.3	-70.5	
99.55	92.7	23.5	-79.5	-0.7	180.4	18.5	188.0	-357.8	669.2	8857.7	6219.3	-88.5	
99.60	95.4	23.2	-86.2	-0.7	183.7	18.5	207.9	-360.8	687.3	8932.3	6458.1	-108.0	
99.65	98.0	23.1	-88.5	-0.7	183.3	18.4	218.7	-353.2	699.6	8802.7	6570.0	-116.3	
99.70	100.7	23.4	-84.7	-0.7	179.6	18.4	216.1	-335.4	706.1	8510.1	6571.1	-113.6	
99.75	103.4	23.5	-75.6	-0.6	173.0	18.4	203.4	-318.7	712.1	8113.8	6351.5	-104.9	
99.80	106.1	23.8	-67.4	-0.3	165.2	18.4	189.8	-317.4	723.9	7749.1	5882.0	-98.6	
99.85	108.8	24.0	-71.6	-0.1	159.3	18.3	178.5	-317.1	744.8	7692.8	5203.0	-112.2	
99.90	111.4	25.0	-79.1	-0.1	154.8	18.3	161.7	-316.8	757.1	7707.7	4567.1	-120.5	
99.95	114.1	25.6	-78.5	-0.1	150.5	18.3	138.2	-313.2	757.7	7654.2	4075.7	-111.1	
100.00	116.8	25.6	-74.6	-0.2	148.0	18.3	119.3	-306.2	761.6	7720.0	3596.7	-104.6	
100.05	119.4	25.8	-68.7	-0.1	143.5	18.3	111.7	-300.7	773.4	7598.1	3061.5	-98.2	
100.10	122.1	25.7	-63.4	-0.1	136.7	18.3	113.8	-279.1	789.6	7270.5	2607.6	-89.1	
100.15	124.7	25.5	-62.3	-0.1	128.9	18.3	111.2	-249.4	802.1	6834.2	2289.6	-77.6	
100.20	127.4	25.7	-64.3	-0.3	123.1	18.3	100.7	-248.5	810.1	6495.3	1923.5	-80.1	
100.25	130.1	26.1	-58.5	-0.4	114.2	18.3	88.6	-239.9	822.2	5966.4	1378.8	-72.9	
100.30	132.7	26.7	-47.7	-0.4	103.3	18.3	78.0	-206.1	845.1	5338.0	734.7	-62.6	
100.35	135.4	27.1	-44.3	-0.3	97.2	18.2	66.1	-197.3	863.3	4937.0	296.7	-66.4	
100.40	138.1	27.4	-51.5	-0.2	96.7	18.2	69.1	-209.3	862.8	4839.3	567.1	-92.5	
100.45	140.8	27.5	-58.2	-0.0	96.0	18.2	82.4	-209.5	865.8	4682.1	1063.9	-120.0	
100.50	143.4	27.3	-5.8	0.1	-91.7	18.2	96.5	-197.9	879.6	4259.4	1392.4	-131.4	
100.55	146.1	26.9	-13.2	0.2	-85.9	18.2	100.5	-175.0	889.9	3781.8	1555.1	-142.9	
100.60	148.7	26.4	-17.4	0.2	-82.2	18.3	99.0	-156.4	888.2	3434.8	1752.3	-145.7	
100.65	151.4	26.5	-14.0	0.2	-77.3	18.3	98.7	-138.5	884.5	2862.8	2079.7	-122.9	
100.70	154.0	26.4	-12.6	0.2	-77.1	18.3	118.2	-107.8	902.1	2366.2	2623.7	-113.4	
100.75	156.7	26.3	-17.9	0.1	-84.5	18.3	157.1	-89.9	919.1	2044.7	3462.7	-135.1	
100.80	159.4	26.9	-20.6	0.0	-95.1	18.3	186.9	-88.1	921.6	1873.2	4357.6	-157.7	
100.85	162.0	27.1	-78.8	-0.0	101.7	18.3	194.2	-89.2	920.8	1863.8	4883.2	-161.4	
100.90	164.7	27.0	-74.3	-0.1	101.2	18.3	181.4	-93.4	929.1	1825.4	4883.2	-148.7	
100.95	167.4	26.4	-68.1	-0.1	98.4	18.3	165.1	-81.1	936.1	1744.3	4741.3	-129.2	
101.00	170.0	26.2	-67.2	-0.2	101.2	18.3	165.2	-68.1	934.5	1789.1	4969.6	-124.1	
101.05	172.7	26.0	-70.3	-0.2	109.1	18.3	177.8	-72.2	932.3	1820.5	5549.3	-130.6	
101.10	175.4	25.7	-81.5	-0.2	121.8	18.2	212.7	-75.7	940.9	1852.0	6434.1	-150.8	
101.15	178.0	25.5	-88.0	-0.4	133.2	18.2	246.3	-62.6	949.8	1707.7	7271.6	-152.6	
101.20	180.7	25.4	-92.2	-0.5	142.7	18.2	272.4	-51.6	944.3	1660.5	7952.7	-155.4	
101.25	183.3	25.2	-86.9	-0.6	142.7	18.2	268.6	-41.6	940.0	1766.1	7951.8	-144.6	
101.30	186.0	25.3	-74.9	-0.5	136.6	18.1	251.3	-34.9	944.2	1898.8	7495.2	-127.7	
101.35	188.6	25.7	-61.9	-0.4	126.9	18.1	226.0	-34.5	945.8	1909.0	6814.0	-103.2	
101.40	191.2	26.7	-54.2	-0.3	119.2	18.1	202.5	-22.5	931.3	1711.7	6350.8	-80.2	
101.45	193.9	26.3	-58.3	-0.3	117.7	18.1	196.6	-13.4	912.1	1636.8	6288.8	-80.9	
101.50	196.5	25.5	-64.1	-0.4	119.7	18.1	208.8	-5.0	902.8	1503.4	6444.6	-92.9	
101.55	199.2	24.5	-64.5	-0.4	120.1	18.1	221.5	23.1	905.1	1087.6	6517.8	-96.4	
101.60	201.8	25.1	-56.4	-0.4	117.7	18.0	219.8	49.1	899.6	336.2	6411.9	-80.9	
101.65	204.5	25.4	-50.1	-0.3	116.2	18.0	209.1	70.8	881.9	-379.6	6324.2	-64.1	
101.70	207.1	25.1	-53.4	-0.3	116.2	18.0	197.9	88.3	874.8	-897.3	6288.3	-66.9	
101.75	209.8	24.4	-55.2	-0.4	120.1	18.0	201.4	102.1	878.9	-1500.9	6447.9	-58.9	
101.80	212.4	24.4	-57.7	-0.5	129.4	18.0	215.3	125.7	877.8	-2104.5	6944.8	-57.4	
101.85	215.1	25.1	-65.2	-0.5	144.3	17.9	232.3	139.7	857.3	-2623.6	7910.5	-76.7	
101.90	217.8	25.2	-76.1	-0.5	159.1	17.9	256.0	125.6	837.6	-2815.3	8999.5	-106.6	
101.95	220.5	25.1	-87.8	-0.4	170.1	17.9	290.8	116.4	841.9	-2741.0	9796.7	-136.9	
102.00	223.1	24.9	-90.1	-0.4	176.1	17.9	319.9	118.8	858.2	-2878.2	10135.6	-141.6	
102.05	225.8	25.1	-86.3	-0.2	181.5	17.9	333.0	125.9	857.4	-3230.9	10414.4	-129.7	
102.10	228.5	25.2	-84.8	-0.1	187.7	17.8	331.2	146.3	840.3	-3583.8	10785.3	-127.1	
102.15	231.2	25.3	28.0	0.1	-191.6	17.9	323.6	164.8	831.1	-4015.7	10951.7	-121.0	
102.20	233.9	25.0	28.2	0.2	-191.2	17.9	321.4	175.0	833.3	-4314.0	10795.2	-104.0	
102.25	236.5	24.8	27.9	0.2	-187.5	17.9	318.6	179.7	831.7	-4274.9	10508.2	-84.7	
102.30	239.2	24.6	32.0	0.1	-182.3	17.9	302.7	177.4	817.5	-3972.2	10266.2	-67.3	
102.35	241.9	24.1	34.2	0.1	-176.8	17.9	280.9	172.2	800.8	-3534.4	10068.7	-59.0	
102.40	244.6	24.4	39.7	0.2	-173.3	17.9	275.5	165.9	796.6	-3059.7	9968.1	-44.5	
102.45	247.3	24.7	44.2	0.2	-173.7	17.9	291.3	147.7	799.8	-2577.0	10117.5	-29.8	
102.50	250.0	25.1	42.7	0.2	-179.7	17.9	312.9	141.7	792.1	-2168.1	10631.1	-31.2	
102.55	252.7	25.7	44.8	0.2	-188.7	17.9	325.0	149.5	770.9	-2059.7	11322.7	-27.7	
102.60	255.4	25.7	55.2	0.2	-196.8	17.9	334.8	156.3	751.4	-2111.2	11914.0	-13.2	
102.65	258.1	25.2	61.6	0.4	-200.5	17.9	347.3	158.9	745.7	-2023.0	12181.6	-7.0	
102.70	260.8	25.2	63.7	0.5	-199.9	18.0	352.8	141.7	740.8	-1707.8	12193.9	-2.7	
102.75	263.5	25.2	57.9	0.6	-199.0	18.0	346.5	117.8	720.0	-1256.3	12240.1	-15.4	
102.80	266.2	25.3	52.5	0.7	-197.9	18.0	333.0	115.3	691.5	-932.3	12249.1	-26.8	
102.85	269.0	26.2	52.1	0.8	-191.9	18.1	313.3	125.5	672.2	-803.8	11857.5	-22.1	
102.90	271.7	26.4	53.7	0.8	-182.2	18.1	295.3	125.7	661.4	-785.7	11180.9	-4.3	
102.95	274.4	26.2	53.1	0.9	-173.3	18.2	278.8	126.9	649.7	-891.9	10549.8	5.8	
103.00	277.1	26.0	54.3	0.9	-167.1	18.2	258.6	149.2	633.8	-1432.4	10055.3	16.1	
103.05	279.8	25.6	58.9	0.9	-164.3	18.2	238.7	184.1	616.5	-2325.6	9671.0	41.8	
103.10	282.5	25.8	59.0	0.7	-162.5	18.3	226.2	209.6	604.2	-2911.3	9354.0	53.9	
103.15	285.3	26.7	56.6	0.6	-161.6	18.3	228.5	209.7	597.7	-3008.4	9254.1	45.7	
103.20	288.0	26.4	53.3	0.6	-162.2	18.3	236.5	197.5	590.5	-2912.7	9347.7	26.6	
103.25	290.7	26.3	50.5	0.6	-164.7	18.4	244.8	186.1	579.9	-2780.8	9592.7	10.8	
103.30	293.5	26.4	44.2	0.6	-167.1	18.4	246.8	176.8	565.9	-2710.3	9825.6	-13.5	
103.35	296.2	26.6	37.8	0.5	-168.1	18.4	243.8	164.3	552.6	-2735.4	9935.7	-32.8	
103.40	299.0	26.7	34.0	0.5	-167.9	18.5	239.2	163.4	539.8	-2955.7	9880.7	-43.7	
103.45	301.7	26.7	36.1	0.5	-169.8	18.5	240.7	180.3	527.4	-3469.1	9841.1	-46.1	
103.50	304.4	26.8	40.7	0.5	-172.6	18.5	244.5	194.0	517.7	-4048.0	9819.2	-41.5	
103.55	307.2	26.9	40.3	0.6	-173.0	18.5	244.5	196.4	510.4	-4374.2	9710.8	-43.4	
103.60	309.9	26.9	38.0	0.6	-167.6	18.6	232.2	191.9	500.8	-4407.5	9290.6	-41.4	
103.65	312.6	27.0	34.3	0.6	-155.4	18.6	206.5	180.3	491.5	-4218.4	8453.4	-37.8	
103.70	315.4	27.6	33.3	0.6	-140.1	18.6	176.7	174.8	488.4	-3866.6	7416.5	-24.5	
103.75	318.1	28.1	34.6	0.6	-126.6	18.7	151.9	161.9	484.9	-3469.1	6566.3	-8.5	
103.80	320.8	28.4	31.5	0.6	-116.2	18.7	139.3	132.8	479.4	-2901.6	6074.0	-8.6	
103.85	323.5	28.5	25.2	0.6	-110.3	18.7	143.7	108.0	473.8	-2219.3	5922.8	-21.2	
103.90	326.3	28.7	23.7	0.6	-109.7	18.7	159.2	102.9	468.6	-1832.5	5978.2	-22.6	
103.95	329.0	28.9	25.6	0.5	-111.8	18.8	178.2	101.1	466.3	-1558.0	6176.8	-14.7	
104.00	331.7	29.0	24.5	0.4	-114.9	18.8	195.5	90.9	464.1	-960.1	6507.4	-20.9	
104.05	334.5	29.2	24.2	0.4	-118.9	18.8	207.1	62.2	457.4	-218.2	6877.8	-28.3	
104.10	337.2	29.4	22.0	0.3	-120.8	18.8	208.0	31.4	450.0	411.5	7038.2	-33.6	
104.15	339.9	28.8	19.9	0.2	-119.6	18.8	200.4	14.6	445.9	1070.2	6905.8	-38.3	
104.20	342.7	28.4	18.2	0.1	-116.4	18.9	185.2	-13.5	437.4	1688.7	6584.9	-44.9	
104.25	345.4	28.1	17.3	0.1	-113.8	18.9	170.8	-44.1	423.8	2213.2	6254.4	-51.3	
104.30	348.2	28.5	19.5	0.2	-111.5	18.9	163.2	-53.7	413.1	2526.4	5973.9	-54.9	
104.35	350.9	28.2	23.1	0.3	-106.7	18.9	156.1	-56.7	407.2	2450.1	5632.8	-45.9	
104.40	353.7	27.8	21.6	0.4	-101.3	18.9	149.8	-57.4	401.6	2248.5	5296.1	-39.4	
104.45	356.4	28.3	19.3	0.4	-96.4	18.9	141.0	-44.9	395.3	2214.7	4951.6	-30.9	
104.50	359.1	28.4	22.3	0.4	-90.5	18.9	127.1	-39.6	392.2	2110.3	4562.3	-7.4	
104.55	1.8	28.4	25.7	0.3	-85.8	18.9	115.5	-45.4	396.1	2038.4	4224.4	13.7	
104.60	4.5	28.3	23.7	0.2	-85.6	19.0	109.9	-55.6	398.8	2279.3	4087.7	4.2	
104.65	7.2	27.9	19.1	0.1	-88.6	19.0	109.1	-67.2	398.0	2515.2	4190.2	-16.8	
104.70	9.9	27.3	15.3	0.0	-92.2	19.0	113.1	-76.8	399.5	2579.3	4445.2	-26.8	
104.75	12.7	26.7	-42.6	-0.1	96.8	19.0	124.6	-83.0	403.6	2519.3	4827.1	-34.8	
104.80	15.4	26.8	-45.1	-0.1	101.5	19.0	139.0	-91.3	410.2	2370.9	5234.2	-47.5	
104.85	18.2	26.8	-50.1	-0.1	104.5	19.0	148.7	-102.5	418.7	2191.7	5501.6	-65.9	
104.90	21.0	26.4	-53.7	-0.1	103.7	19.0	148.6	-111.5	428.5	2011.2	5486.6	-80.5	
104.95	23.7	26.2	-51.1	-0.1	101.3	18.9	143.6	-125.5	438.0	1939.1	5290.1	-78.4	
105.00	26.5	26.4	11.1	0.0	-101.5	18.9	141.4	-147.2	448.3	2330.6	5097.5	-80.9	
105.05	29.2	27.1	9.8	0.3	-105.3	19.0	144.2	-160.8	460.3	3046.8	4990.0	-98.5	
105.10	31.9	27.0	9.4	0.5	-109.0	19.0	146.1	-177.3	470.2	3570.2	4920.4	-106.7	
105.15	34.7	26.7	8.8	0.6	-112.9	19.0	144.3	-202.0	475.4	4117.5	4792.1	-102.2	
105.20	37.4	26.3	6.6	0.6	-118.3	19.0	146.9	-212.8	484.4	4837.2	4624.1	-95.1	
105.25	40.1	26.0	9.1	0.5	-121.7	19.1	151.0	-214.8	497.3	5315.0	4435.2	-69.6	
105.30	42.8	25.8	14.0	0.2	-123.3	19.1	152.6	-206.8	509.4	5584.0	4308.0	-40.5	
105.35	45.6	26.0	24.2	0.1	-126.8	19.1	153.0	-205.7	519.0	5913.9	4302.0	-25.7	
105.40	48.3	25.8	34.1	0.1	-131.4	19.1	149.2	-229.5	526.8	6308.1	4249.2	-22.0	
105.45	51.1	26.1	34.8	0.2	-137.1	19.1	148.9	-253.2	544.1	6808.6	4128.6	-26.8	
105.50	53.9	26.7	31.7	0.2	-142.3	19.1	145.7	-271.9	560.9	7268.0	4011.6	-33.5	
105.55	56.7	27.8	30.4	0.2	-146.2	19.1	138.5	-285.2	567.5	7539.6	4063.0	-39.7	
105.60	59.5	28.3	26.9	0.2	-152.8	19.1	132.5	-314.9	567.7	7919.9	4258.7	-61.6	
105.65	62.2	28.4	21.9	0.3	-161.1	19.1	137.3	-346.6	574.6	8388.1	4508.6	-95.0	
105.70	65.0	28.0	19.3	0.3	-166.0	19.1	149.1	-362.9	588.5	8638.6	4691.8	-111.6	
105.75	67.8	28.0	20.3	0.4	-167.0	19.2	153.7	-356.8	600.1	8723.1	4701.5	-104.3	
105.80	70.5	28.3	25.9	0.5	-166.4	19.2	149.8	-348.2	605.9	8743.7	4611.9	-87.5	
105.85	73.3	28.2	35.9	0.6	-166.3	19.2	146.1	-350.3	613.2	8820.7	4435.3	-63.5	
105.90	76.0	27.9	39.9	0.8	-167.8	19.3	154.1	-345.7	631.0	9016.9	4253.9	-52.6	
105.95	78.7	27.5	38.9	0.9	-169.2	19.3	170.1	-335.2	652.1	9152.1	4203.5	-44.0	
106.00	81.5	27.8	33.8	0.8	-172.8	19.3	182.7	-341.3	665.9	9359.1	4296.5	-44.3	
106.05	84.2	27.9	26.1	0.6	-177.6	19.4	186.5	-358.0	672.1	9673.3	4363.6	-62.7	
106.10	87.0	28.0	24.2	0.4	-176.9	19.4	176.0	-365.2	682.6	9727.6	4068.6	-75.0	
106.15	89.7	28.1	24.6	0.3	-168.4	19.4	162.0	-349.2	701.5	9254.9	3636.1	-69.9	
106.20	92.5	27.8	25.4	0.2	-158.8	19.4	147.8	-326.0	717.9	8631.1	3416.5	-61.1	
106.25	95.2	27.6	21.3	0.2	-156.2	19.4	142.9	-327.0	722.1	8307.0	3692.6	-75.2	
106.30	98.0	27.8	14.1	0.2	-156.9	19.4	151.9	-336.1	724.3	8074.5	4198.9	-108.0	
106.35	100.7	27.5	6.4	0.2	-156.3	19.5	175.6	-328.7	742.0	7785.5	4575.5	-132.5	
106.40	103.5	27.4	-0.7	0.1	-155.9	19.5	195.1	-326.5	765.1	7600.0	4747.5	-153.2	
106.45	106.2	28.0	-7.9	0.0	-159.0	19.5	197.2	-342.3	775.1	7798.2	4776.6	-172.9	
106.50	108.9	28.2	-101.4	-0.1	159.4	19.5	188.1	-341.5	774.9	7892.3	4710.1	-179.6	
106.55	111.6	28.3	-88.1	-0.0	151.7	19.5	178.4	-310.1	783.9	7447.3	4487.5	-152.4	
106.60	114.3	28.2	8.6	0.1	-144.5	19.5	171.3	-283.1	805.6	7059.0	4192.7	-127.1	
106.65	116.9	27.8	10.8	0.1	-142.6	19.5	159.2	-284.1	816.9	7017.3	3996.5	-112.7	
106.70	119.6	27.7	10.0	0.0	-141.8	19.5	136.4	-287.8	818.3	7138.2	3682.9	-99.5	
106.75	122.3	28.0	-66.8	-0.1	135.3	19.5	112.3	-263.5	825.1	6980.8	3081.7	-70.0	
106.80	125.0	28.2	-65.0	-0.4	127.1	19.5	92.1	-232.3	844.3	6715.9	2308.7	-67.4	
106.85	127.7	28.2	-69.0	-0.5	126.7	19.4	85.9	-229.5	860.1	6780.2	2010.1	-87.4	
106.90	130.4	28.2	-72.6	-0.7	132.1	19.4	91.1	-256.0	863.6	7026.8	2323.6	-98.9	
106.95	133.1	28.5	-77.7	-0.8	135.6	19.4	112.9	-269.5	865.3	6938.3	3126.5	-111.5	
107.00	135.8	28.8	-77.6	-1.0	134.2	19.3	141.0	-238.5	878.4	6459.4	3881.7	-110.9	
107.05	138.5	29.0	-81.5	-1.1	137.3	19.3	165.4	-211.2	893.4	6312.4	4549.4	-127.5	
107.10	141.2	28.7	-87.5	-1.1	143.7	19.2	171.4	-227.0	896.9	6487.8	5040.0	-154.7	
107.15	143.8	28.4	-81.9	-1.1	144.3	19.2	168.9	-240.7	895.0	6240.5	5372.9	-147.3	
107.20	146.5	28.2	-73.5	-0.9	139.1	19.1	169.0	-209.3	897.5	5609.8	5579.8	-128.9	
107.25	149.2	28.0	-77.9	-0.9	140.5	19.1	188.3	-181.7	902.9	5365.4	5990.2	-135.4	
107.30	151.9	27.8	-88.2	-0.9	146.2	19.0	201.9	-194.6	904.0	5472.2	6389.6	-157.7	
107.35	154.5	27.6	-82.1	-0.8	147.6	19.0	213.3	-187.4	903.2	5075.5	6832.3	-145.5	
107.40	157.2	27.5	-66.7	-0.6	143.6	18.9	218.5	-146.0	907.9	4255.8	7086.7	-110.6	
107.45	159.8	28.0	-62.2	-0.4	140.8	18.9	221.8	-119.8	908.8	3636.5	7224.8	-91.5	
107.50	162.5	27.9	-78.0	-0.5	141.0	18.9	225.3	-113.6	914.9	3664.4	7216.6	-116.5	
107.55	165.2	27.4	-81.2	-0.7	140.9	18.9	234.1	-104.8	926.8	3479.1	7276.6	-120.1	
107.60	167.9	27.4	-73.6	-0.7	138.4	18.8	237.9	-85.3	941.0	2756.7	7379.1	-103.7	
107.65	170.6	27.7	-71.0	-0.8	135.0	18.8	227.7	-64.6	945.9	2147.6	7354.1	-102.2	
107.70	173.3	28.1	-72.7	-0.8	134.2	18.7	219.1	-60.6	934.1	1724.3	7443.1	-114.7	
107.75	176.0	28.2	-70.1	-0.7	131.5	18.7	209.4	-46.0	938.0	1260.4	7365.9	-115.1	
107.80	178.7	27.8	-63.0	-0.6	128.0	18.7	204.5	-19.2	960.5	719.6	7173.5	-101.3	
107.85	181.5	27.4	-55.5	-0.4	127.6	18.6	200.6	-9.0	968.0	153.4	7187.5	-89.5	
107.90	184.2	27.5	-58.4	-0.2	131.6	18.6	200.9	-10.1	954.3	-7.9	7499.7	-104.1	
107.95	186.9	28.2	13.1	0.1	-136.8	18.6	211.1	-0.3	950.8	-7.9	7870.5	-122.0	
108.00	189.6	28.6	13.6	0.2	-141.3	18.6	226.8	16.7	969.5	-138.8	8147.0	-112.8	
108.05	192.3	28.4	16.0	0.3	-150.8	18.7	254.7	34.0	976.6	-171.9	8771.6	-107.4	
108.10	195.0	28.4	18.8	0.4	-159.8	18.7	272.2	37.2	960.0	-55.9	9420.8	-113.2	
108.15	197.7	28.0	19.8	0.6	-163.6	18.7	277.3	29.9	947.8	54.5	9702.8	-115.4	
108.20	200.4	27.3	15.7	0.6	-162.6	18.7	282.0	39.6	953.5	6.3	9605.5	-113.5	
108.25	203.2	27.9	14.2	0.6	-153.8	18.8	264.7	65.3	960.3	-271.4	8962.7	-95.2	
108.30	205.9	28.4	14.3	0.5	-144.1	18.8	236.8	76.1	943.5	-433.9	8310.2	-81.5	
108.35	208.6	28.6	15.2	0.4	-137.3	18.8	217.4	69.4	922.3	-503.3	7865.1	-77.4	
108.40	211.4	27.5	16.7	0.4	-137.2	18.8	226.1	73.8	921.9	-772.1	7802.6	-83.1	
108.45	214.1	27.1	15.0	0.5	-137.6	18.8	238.1	89.8	930.2	-1158.7	7731.2	-93.0	
108.50	216.8	26.9	10.2	0.5	-138.0	18.9	237.5	95.2	914.5	-1476.1	7719.9	-104.4	
108.55	219.6	26.4	6.4	0.5	-134.8	18.9	222.1	100.6	886.2	-1585.6	7503.8	-111.4	
108.60	222.3	26.5	9.1	0.5	-127.3	18.9	205.5	107.4	874.9	-1643.0	6954.3	-101.3	
108.65	225.0	27.0	15.9	0.6	-119.5	19.0	192.6	118.6	874.5	-1869.1	6300.1	-78.7	
108.70	227.7	27.3	17.3	0.7	-114.7	19.0	184.0	129.1	863.4	-2061.8	5868.4	-69.5	
108.75	230.5	27.6	10.7	0.8	-111.8	19.0	180.3	124.9	839.6	-2078.3	5670.0	-81.5	
108.80	233.2	27.8	3.6	0.7	-108.4	19.1	181.1	121.5	824.4	-2095.9	5400.0	-89.9	
108.85	235.9	27.5	3.5	0.6	-105.3	19.1	185.4	141.6	823.2	-2367.2	4983.2	-80.7	
108.90	238.6	26.8	8.5	0.6	-103.3	19.1	181.5	163.7	818.1	-2764.4	4562.5	-69.3	
108.95	241.3	26.4	11.3	0.6	-102.8	19.2	167.6	177.2	799.8	-3126.6	4297.2	-65.8	
109.00	244.0	26.8	11.1	0.6	-104.5	19.2	148.6	192.9	780.8	-3621.3	4080.7	-60.4	
109.05	246.7	26.3	11.4	0.4	-108.9	19.2	140.3	207.1	773.1	-4222.9	3949.0	-51.5	
109.10	249.4	25.8	6.1	0.2	-114.1	19.2	144.9	224.0	767.8	-4607.5	4037.3	-60.2	
109.15	252.1	26.1	-68.9	-0.1	117.0	19.2	150.9	222.6	758.1	-4652.3	4317.5	-87.9	
109.20	254.8	26.3	-71.9	-0.3	121.2	19.2	149.8	213.6	742.4	-4825.1	4653.1	-104.0	
109.25	257.5	26.0	-68.7	-0.3	129.6	19.2	145.3	234.2	726.3	-5379.7	4946.4	-96.7	
109.30	260.2	25.2	-66.6	-0.3	138.8	19.2	144.5	257.6	716.4	-6017.5	5205.8	-89.9	
109.35	262.9	24.8	-71.2	-0.3	143.5	19.2	151.8	247.0	706.6	-6178.9	5590.9	-103.1	
109.40	265.6	24.4	-80.2	-0.3	145.9	19.2	170.6	234.5	697.4	-5940.8	6115.1	-130.6	
109.45	268.2	24.2	-76.2	-0.3	151.3	19.1	189.0	237.7	684.6	-5915.5	6652.5	-114.3	
109.50	270.9	23.4	-71.1	-0.2	156.5	19.1	206.2	246.2	671.6	-5841.4	7180.0	-90.6	
109.55	273.5	23.2	-75.7	-0.3	159.8	19.1	225.7	247.3	658.7	-5408.1	7778.5	-98.4	
109.60	276.2	23.6	-79.7	-0.3	160.7	19.1	240.1	223.7	651.7	-4940.6	8193.1	-105.3	
109.65	278.8	24.0	-79.4	-0.5	159.6	19.1	238.2	207.1	646.2	-4725.9	8266.4	-91.0	
109.70	281.5	24.3	-72.1	-0.8	157.8	19.1	219.1	225.9	629.4	-4730.7	8130.6	-55.3	
109.75	284.1	24.5	-61.1	-1.0	156.5	19.0	203.3	240.6	605.5	-4655.0	8077.4	-24.2	
109.80	286.8	24.9	-53.5	-1.1	152.7	19.0	201.5	232.4	595.2	-4194.0	8033.1	-17.8	
109.85	289.4	25.0	-48.5	-1.0	150.1	18.9	212.4	205.6	598.4	-3730.2	8085.3	-22.6	
109.90	292.1	24.9	-44.9	-0.9	150.8	18.9	218.2	174.0	588.4	-3516.4	8297.4	-16.8	
109.95	294.8	24.9	-50.5	-0.9	153.0	18.8	215.4	171.7	558.6	-3215.5	8632.5	-20.3	
