Time[s]	Rotor azimuth angle[deg]	Hub wind speed magnitude[m/s]	ACTTORQUE1[Nm]	PITRAT1[deg/s]	PITFRIC1[kNm]	PITCH1[deg]	Blade root 1 Fx[KN]	Blade root 1 Fy[KN]	Blade root 1 Fz[KN]	Blade root 1 Mx[kNm]	Blade root 1 My[kNm]	Blade root 1 Mz[kNm]	
END_OF_HEADER
50.00	292.7	21.0	-61.0	-0.5	168.3	19.7	249.5	156.6	566.2	-2869.4	9902.2	-51.2	
50.05	295.5	21.0	-56.3	-0.5	161.9	19.7	241.8	177.1	556.1	-3141.1	9296.3	-39.9	
50.10	298.2	21.2	-50.0	-0.4	154.8	19.7	233.9	189.1	553.9	-3406.2	8632.1	-26.1	
50.15	300.9	21.1	-47.1	-0.3	149.3	19.7	222.8	189.1	545.1	-3683.1	8090.7	-18.7	
50.20	303.6	21.1	-50.0	-0.4	143.8	19.7	209.8	193.1	530.7	-3795.9	7614.3	-24.8	
50.25	306.4	21.3	-54.8	-0.5	136.5	19.6	195.2	185.8	522.4	-3809.8	7038.7	-37.4	
50.30	309.1	21.9	-58.5	-0.7	126.9	19.6	179.5	170.5	519.6	-3651.1	6372.8	-48.7	
50.35	311.8	22.1	-57.3	-0.8	117.3	19.6	162.3	164.6	511.2	-3239.0	5832.4	-58.6	
50.40	314.5	21.7	-49.7	-0.8	111.2	19.5	147.5	145.1	491.5	-2896.9	5591.5	-58.8	
50.45	317.3	21.2	-49.1	-0.8	109.8	19.5	151.7	120.6	474.9	-2557.0	5694.5	-69.2	
50.50	320.0	21.7	-61.9	-0.7	112.9	19.5	182.5	107.0	472.3	-1999.8	6106.3	-106.3	
50.55	322.7	22.7	-73.9	-0.7	117.8	19.4	214.2	92.9	469.8	-1565.2	6551.6	-132.7	
50.60	325.4	23.3	-77.7	-0.9	118.0	19.4	217.5	87.2	451.9	-1451.4	6605.9	-132.7	
50.65	328.0	23.4	-68.8	-0.9	110.9	19.3	196.7	92.5	428.4	-1421.8	6129.4	-114.3	
50.70	330.7	23.4	-51.8	-0.9	93.1	19.3	156.9	82.6	417.7	-1264.6	4912.0	-92.3	
50.75	333.4	23.6	-37.3	-0.8	71.8	19.2	113.1	73.5	413.7	-1090.8	3417.4	-69.3	
50.80	336.1	23.6	-27.6	-0.7	53.0	19.2	77.2	64.8	404.6	-696.1	2159.1	-53.6	
50.85	338.7	23.6	-21.4	-0.6	40.6	19.2	56.3	42.3	387.0	-279.9	1402.6	-48.2	
50.90	341.4	24.0	-21.3	-0.5	34.7	19.2	51.9	19.5	377.7	92.3	1034.9	-49.0	
50.95	344.0	23.8	-26.1	-0.5	32.7	19.1	53.6	14.7	383.4	394.8	785.4	-53.8	
51.00	346.6	23.5	-27.2	-0.7	33.3	19.1	59.0	15.9	376.7	346.6	843.9	-40.8	
51.05	349.3	23.2	-26.8	-0.9	34.7	19.1	58.6	30.2	360.9	180.0	1003.4	-22.2	
51.10	351.9	22.9	-34.3	-1.2	38.3	19.0	63.5	30.0	355.6	353.5	1235.1	-42.3	
51.15	354.5	22.7	-41.4	-1.4	44.3	18.9	77.1	3.5	359.0	662.2	1580.2	-72.0	
51.20	357.2	22.8	-49.4	-1.6	49.9	18.9	89.2	-19.8	357.6	991.1	1845.9	-103.5	
51.25	359.8	22.7	-50.5	-1.6	49.0	18.8	83.1	-33.2	350.8	1125.6	1698.2	-117.1	
51.30	2.4	22.5	-47.1	-1.6	41.8	18.7	56.8	-49.7	345.2	1098.1	1078.3	-119.1	
51.35	5.1	22.1	-44.3	-1.6	35.9	18.6	35.8	-54.0	346.5	1027.0	466.2	-120.0	
51.40	7.7	22.5	-43.0	-1.5	34.3	18.5	28.9	-61.2	351.4	986.4	118.0	-127.2	
51.45	10.3	22.5	-42.3	-1.3	33.6	18.5	35.9	-75.1	352.0	881.0	149.6	-130.7	
51.50	12.9	22.2	-43.5	-1.2	34.7	18.4	53.5	-67.9	350.5	809.2	530.1	-128.3	
51.55	15.5	22.2	-48.9	-1.2	42.1	18.3	77.0	-66.6	352.9	1072.7	1020.1	-133.5	
51.60	18.1	22.0	-54.5	-1.2	50.4	18.3	86.3	-92.3	361.7	1634.3	1200.1	-136.4	
51.65	20.6	21.8	-59.5	-1.2	57.7	18.2	85.1	-112.1	371.0	2294.4	1068.8	-138.5	
51.70	23.2	21.5	-54.5	-1.3	61.4	18.2	75.9	-117.1	377.2	2680.8	851.8	-114.2	
51.75	25.8	21.4	-54.0	-1.5	64.5	18.1	70.9	-125.0	378.1	2924.2	811.1	-100.3	
51.80	28.4	21.4	-59.8	-1.7	70.8	18.0	73.6	-137.3	382.3	3345.5	923.8	-107.4	
51.85	31.0	21.8	-60.9	-1.8	75.4	17.9	80.2	-155.3	393.3	3593.1	1103.7	-119.3	
51.90	33.6	22.0	-52.1	-1.8	74.9	17.8	91.7	-158.9	400.3	3410.7	1394.1	-107.4	
51.95	36.2	22.3	-49.5	-1.7	75.6	17.8	101.1	-155.0	407.2	3367.2	1601.5	-108.1	
52.00	38.8	22.1	-53.5	-1.5	80.7	17.7	96.8	-183.2	419.0	3773.0	1442.6	-123.3	
52.05	41.4	22.3	-57.3	-1.3	86.2	17.6	83.9	-216.9	433.5	4253.2	1005.8	-131.3	
52.10	44.1	22.7	-55.4	-1.2	88.7	17.5	70.2	-220.7	447.9	4528.5	519.9	-120.9	
52.15	46.7	22.2	-53.3	-1.0	92.5	17.5	56.9	-229.6	459.2	4815.7	156.9	-108.9	
52.20	49.3	22.0	-58.3	-1.0	100.1	17.4	48.2	-255.8	462.5	5319.2	57.7	-110.4	
52.25	51.9	22.0	-57.8	-0.9	104.1	17.4	49.3	-261.2	462.9	5606.5	214.5	-101.4	
52.30	54.5	21.9	-45.1	-0.8	101.4	17.3	54.9	-244.3	473.0	5432.6	335.8	-67.1	
52.35	57.1	21.8	-41.2	-0.7	103.6	17.3	63.6	-234.1	496.8	5601.4	314.2	-53.5	
52.40	59.7	21.6	-43.0	-0.6	110.1	17.3	72.3	-249.6	516.1	6031.1	340.6	-52.4	
52.45	62.3	21.4	-43.6	-0.4	114.2	17.3	78.1	-262.3	523.6	6286.0	514.9	-53.6	
52.50	65.0	21.4	-50.7	-0.3	117.3	17.2	85.6	-255.3	534.4	6503.9	732.1	-70.3	
52.55	67.6	21.5	-56.8	-0.2	119.9	17.2	92.8	-262.6	551.6	6649.4	848.7	-85.0	
52.60	70.3	21.4	-65.1	-0.2	123.8	17.2	97.5	-280.9	566.3	6868.2	927.3	-100.1	
52.65	72.9	21.2	-67.3	-0.2	125.1	17.2	94.4	-292.3	570.6	6914.7	1073.0	-104.5	
52.70	75.6	20.9	-63.6	-0.2	122.2	17.2	90.2	-301.7	570.4	6620.0	1318.0	-100.3	
52.75	78.2	20.6	-65.5	-0.2	122.4	17.2	97.1	-302.0	586.4	6564.8	1553.1	-109.1	
52.80	80.9	20.6	-67.3	-0.0	126.0	17.2	112.3	-304.2	607.8	6728.3	1869.6	-119.6	
52.85	83.5	20.7	8.2	0.1	-129.8	17.2	131.5	-314.3	620.6	6804.0	2404.5	-121.5	
52.90	86.2	20.8	7.3	0.3	-135.3	17.2	154.9	-316.9	630.7	6930.2	3095.6	-129.2	
52.95	88.8	21.2	5.7	0.4	-141.0	17.2	175.1	-316.8	644.8	7097.0	3645.7	-142.7	
53.00	91.4	21.5	5.6	0.6	-143.7	17.2	181.9	-321.5	659.5	7196.5	3835.4	-140.4	
53.05	94.0	21.6	7.3	0.5	-144.5	17.3	176.0	-320.7	673.4	7308.1	3750.2	-118.3	
53.10	96.7	21.7	14.2	0.5	-144.1	17.3	162.3	-317.7	686.7	7370.6	3595.3	-87.4	
53.15	99.3	21.6	20.3	0.4	-144.9	17.3	151.5	-317.5	697.4	7459.1	3554.6	-69.5	
53.20	101.9	21.4	19.8	0.4	-148.4	17.3	155.0	-308.2	707.2	7686.6	3735.0	-76.7	
53.25	104.6	21.2	19.9	0.4	-152.6	17.3	169.3	-312.8	723.0	7844.4	4022.2	-82.1	
53.30	107.2	21.0	16.5	0.3	-157.9	17.4	186.4	-329.4	744.4	8045.0	4330.4	-88.3	
53.35	109.8	20.5	10.7	0.1	-161.4	17.4	191.7	-327.9	758.2	8209.3	4548.0	-102.0	
53.40	112.5	20.0	-81.3	-0.0	158.7	17.4	179.2	-314.5	759.4	7998.4	4615.3	-99.5	
53.45	115.1	19.5	-70.8	-0.1	151.4	17.4	159.3	-290.1	764.1	7538.5	4478.2	-80.4	
53.50	117.8	19.1	-63.1	-0.2	148.8	17.4	151.6	-291.3	780.1	7324.7	4439.3	-64.7	
53.55	120.4	19.0	-66.4	-0.2	153.8	17.4	161.2	-307.7	795.1	7521.3	4713.0	-74.2	
53.60	123.1	19.1	-75.5	-0.2	160.2	17.3	177.4	-302.9	800.0	7762.0	5204.9	-94.0	
53.65	125.7	19.3	-77.0	-0.2	164.9	17.3	189.7	-297.6	800.5	7813.2	5740.8	-94.0	
53.70	128.3	18.8	-71.8	-0.2	169.6	17.3	202.0	-295.7	810.1	7860.7	6234.2	-81.1	
53.75	130.9	18.7	-69.8	-0.1	175.4	17.3	215.2	-298.4	825.2	8021.5	6660.4	-76.1	
53.80	133.6	18.8	-70.7	-0.1	178.1	17.3	220.0	-289.6	829.3	8027.8	6991.7	-71.9	
53.85	136.2	18.6	-70.1	-0.1	177.1	17.3	220.9	-266.9	829.4	7699.7	7313.0	-57.0	
53.90	138.8	19.1	-67.4	-0.2	177.3	17.3	229.3	-246.8	843.4	7306.8	7749.7	-39.3	
53.95	141.5	19.8	-68.7	-0.3	182.0	17.3	245.1	-245.5	861.3	7134.6	8321.3	-38.9	
54.00	144.1	19.7	-75.4	-0.5	187.8	17.3	258.2	-255.4	864.9	7067.6	8887.9	-56.0	
54.05	146.7	19.4	-78.0	-0.6	189.7	17.2	261.3	-246.3	865.2	6917.1	9194.6	-66.1	
54.10	149.4	19.2	-72.1	-0.6	187.2	17.2	256.1	-228.8	877.2	6639.9	9207.8	-55.5	
54.15	152.0	19.1	-66.5	-0.6	185.9	17.2	251.5	-222.7	891.2	6437.0	9252.6	-43.2	
54.20	154.6	19.0	-65.2	-0.5	188.5	17.2	251.8	-221.2	894.5	6357.2	9541.9	-42.4	
54.25	157.3	18.9	-62.4	-0.4	191.4	17.1	258.5	-212.3	891.7	6081.5	9980.7	-39.8	
54.30	159.9	18.6	-62.6	-0.3	193.4	17.1	270.0	-196.2	903.0	5738.1	10349.6	-30.9	
54.35	162.5	18.2	-65.1	-0.3	196.5	17.1	283.2	-176.0	920.8	5575.9	10688.0	-23.6	
54.40	165.2	18.0	-64.7	-0.4	200.8	17.1	290.4	-167.9	924.6	5529.5	11066.1	-14.6	
54.45	167.8	18.1	-62.8	-0.4	205.2	17.1	296.9	-153.9	921.9	5483.2	11469.3	-12.3	
54.50	170.4	17.7	-60.2	-0.3	207.7	17.0	306.6	-127.2	929.0	5282.6	11770.7	-11.4	
54.55	173.1	17.5	-55.7	-0.2	208.4	17.0	313.2	-125.3	938.9	4927.0	11956.1	0.2	
54.60	175.8	17.3	-61.2	-0.1	209.4	17.0	316.0	-125.7	942.4	4862.7	12049.9	-5.9	
54.65	178.5	17.4	-62.7	-0.2	207.0	17.0	309.3	-118.7	941.1	4784.8	11913.1	-3.5	
54.70	181.2	17.3	-57.8	-0.2	199.1	17.0	290.6	-109.2	942.5	4333.5	11512.1	5.2	
54.75	183.9	17.0	-47.6	-0.1	191.9	17.0	277.3	-89.4	953.5	3951.4	11121.4	22.4	
54.80	186.6	16.1	67.2	0.1	-188.4	17.0	269.9	-86.5	958.1	3703.3	10951.9	18.0	
54.85	189.3	16.1	65.7	0.3	-189.8	17.0	271.5	-86.7	950.5	3439.5	11147.3	8.9	
54.90	192.0	16.4	62.0	0.4	-193.8	17.0	281.8	-70.4	947.1	3266.6	11499.6	3.5	
54.95	194.7	16.8	64.2	0.5	-198.0	17.0	295.3	-62.4	949.9	3160.0	11822.6	8.9	
55.00	197.3	16.3	65.0	0.6	-200.9	17.1	303.5	-57.4	949.5	3232.9	12009.3	7.1	
55.05	200.0	15.8	64.4	0.7	-202.2	17.1	305.6	-40.6	945.1	3208.0	12127.5	3.9	
55.10	202.7	15.4	64.2	0.8	-199.6	17.1	296.7	-21.5	938.9	2798.4	12060.8	9.6	
55.15	205.4	15.4	61.9	0.8	-196.5	17.2	289.0	2.9	936.4	2400.3	11938.2	20.2	
55.20	208.1	15.6	60.0	0.7	-194.2	17.2	284.5	20.3	931.6	2120.9	11827.4	24.8	
55.25	210.8	15.7	65.1	0.6	-192.1	17.3	279.5	37.1	922.7	1677.7	11753.6	37.1	
55.30	213.5	15.1	69.6	0.7	-190.3	17.3	274.8	62.9	915.1	1096.9	11693.5	42.1	
55.35	216.2	14.8	74.7	0.8	-188.1	17.3	269.2	75.0	906.9	582.8	11576.7	50.7	
55.40	218.9	14.7	68.7	0.9	-185.2	17.4	262.3	67.8	896.9	409.8	11397.2	39.4	
55.45	221.6	15.0	60.1	0.8	-183.5	17.4	262.3	66.7	887.7	418.7	11277.7	33.8	
55.50	224.3	15.4	57.2	0.7	-182.4	17.5	264.6	73.8	881.5	231.1	11186.1	33.7	
55.55	227.0	15.6	60.2	0.6	-181.6	17.5	263.2	86.3	873.0	-37.4	11132.4	35.6	
55.60	229.7	15.5	63.4	0.6	-181.9	17.5	260.0	95.0	856.3	-221.0	11164.4	33.8	
55.65	232.4	15.6	65.8	0.7	-181.7	17.5	259.8	102.9	841.8	-388.7	11150.5	35.6	
55.70	235.1	15.6	68.1	0.7	-180.9	17.6	261.3	128.2	835.4	-597.8	11048.0	48.7	
55.75	237.7	15.5	70.7	0.7	-180.0	17.6	258.2	151.1	826.5	-858.5	10946.3	64.3	
55.80	240.4	15.2	72.3	0.7	-179.8	17.6	251.9	152.0	809.6	-935.5	10951.4	71.4	
55.85	243.1	15.4	68.1	0.6	-180.3	17.7	248.9	150.3	795.7	-839.5	11018.7	61.7	
55.90	245.8	16.0	65.8	0.4	-181.0	17.7	252.8	159.3	791.6	-909.3	11048.3	64.2	
55.95	248.5	15.7	63.6	0.2	-183.0	17.7	263.3	165.1	788.5	-1019.1	11157.9	67.4	
56.00	251.2	15.8	-44.1	-0.0	186.8	17.7	272.5	157.6	774.3	-935.3	11449.3	60.6	
56.05	253.9	16.1	-43.7	-0.1	191.4	17.7	278.2	152.5	756.3	-988.4	11802.2	47.5	
56.10	256.6	16.0	-42.4	-0.0	196.1	17.7	284.7	156.3	741.0	-1428.0	12106.6	48.9	
56.15	259.3	15.7	-42.7	-0.0	200.4	17.7	291.4	165.4	725.8	-1726.7	12376.4	52.6	
56.20	262.0	15.3	-48.4	-0.1	203.2	17.7	295.0	164.3	706.9	-1685.9	12606.8	48.3	
56.25	264.7	15.1	-51.0	-0.3	203.6	17.7	296.6	150.7	689.4	-1537.6	12682.1	47.5	
56.30	267.3	15.5	-49.2	-0.4	202.2	17.7	297.6	155.5	681.2	-1503.2	12578.3	47.1	
56.35	270.0	16.0	-44.5	-0.4	201.9	17.7	296.1	166.2	670.0	-1676.3	12533.0	50.7	
56.40	272.6	16.2	-42.4	-0.4	203.8	17.7	292.7	166.1	646.9	-1869.8	12675.6	57.9	
56.45	275.3	16.1	-45.5	-0.4	204.4	17.6	290.9	166.8	623.3	-1812.4	12752.6	54.4	
56.50	277.9	15.9	-43.5	-0.5	201.5	17.6	291.4	171.5	607.8	-1778.5	12537.8	55.2	
56.55	280.5	15.6	-37.1	-0.4	196.2	17.6	292.4	179.5	599.0	-1861.8	12110.5	62.3	
56.60	283.2	15.8	-35.3	-0.3	192.6	17.6	291.1	177.4	587.1	-1821.1	11855.1	62.1	
56.65	285.9	15.9	-38.5	-0.3	190.7	17.6	283.0	159.5	568.3	-1712.7	11793.0	59.3	
56.70	288.5	15.6	-47.3	-0.5	190.2	17.5	280.5	148.5	553.8	-1635.7	11795.1	48.6	
56.75	291.2	15.7	-53.3	-0.7	189.0	17.5	282.6	156.3	547.4	-1643.5	11694.3	37.0	
56.80	293.9	15.6	-51.0	-0.9	187.0	17.5	278.2	153.3	535.5	-1731.2	11550.6	31.3	
56.85	296.6	15.4	-46.9	-0.9	185.6	17.4	273.8	139.5	515.1	-1664.8	11501.6	22.8	
56.90	299.3	15.3	-45.3	-0.7	183.3	17.4	273.2	128.5	499.7	-1515.0	11373.6	8.1	
56.95	302.0	15.5	-45.3	-0.5	179.0	17.3	273.9	124.8	493.2	-1582.4	11044.0	-0.0	
57.00	304.6	15.9	-47.9	-0.4	173.2	17.3	269.9	130.4	487.5	-1760.1	10580.4	-4.2	
57.05	307.3	16.6	-47.1	-0.4	167.4	17.3	258.9	134.1	476.9	-1864.5	10147.4	-4.9	
57.10	310.0	16.8	-44.8	-0.3	162.0	17.3	246.5	131.7	465.8	-1950.8	9757.1	-3.6	
57.15	312.7	16.8	-46.1	-0.2	157.2	17.3	243.1	131.2	462.4	-1991.2	9389.9	-9.6	
57.20	315.4	16.4	-45.7	-0.1	151.6	17.3	239.6	134.9	460.1	-2018.1	8957.3	-17.3	
57.25	318.1	16.1	41.0	0.0	-143.6	17.3	222.5	128.1	450.9	-2064.5	8386.7	-20.2	
57.30	320.8	15.9	38.3	0.1	-133.8	17.3	196.5	118.7	438.4	-2161.5	7685.1	-17.0	
57.35	323.5	15.7	34.8	0.2	-125.3	17.3	176.9	122.5	430.8	-2263.6	7034.2	-16.8	
57.40	326.3	15.9	30.3	0.3	-119.8	17.3	167.0	124.5	429.6	-2365.8	6582.3	-20.6	
57.45	329.0	16.2	21.4	0.2	-119.7	17.3	172.6	117.9	424.6	-2482.3	6535.0	-42.5	
57.50	331.7	16.3	14.4	0.2	-122.0	17.3	185.7	108.9	417.9	-2545.1	6681.3	-69.8	
57.55	334.4	16.4	7.3	0.2	-120.7	17.3	194.5	90.0	416.8	-2334.9	6658.3	-98.9	
57.60	337.1	16.6	-0.7	0.3	-113.0	17.3	189.8	68.1	416.3	-1996.8	6193.7	-120.4	
57.65	339.8	16.8	-0.6	0.4	-102.4	17.4	170.2	69.1	411.5	-1808.5	5468.9	-116.8	
57.70	342.5	16.9	4.3	0.6	-91.1	17.4	143.4	61.7	404.3	-1560.4	4739.9	-102.1	
57.75	345.2	16.9	1.3	0.8	-82.7	17.4	133.4	36.5	398.9	-1087.4	4280.1	-106.6	
57.80	347.9	16.5	-9.0	0.9	-78.0	17.5	136.6	15.5	399.3	-548.0	4018.7	-123.5	
57.85	350.6	16.3	-13.5	0.9	-70.8	17.5	126.1	2.2	399.9	-206.1	3541.6	-112.7	
57.90	353.4	16.4	-12.4	0.7	-61.5	17.5	105.7	6.9	395.5	-45.7	2905.4	-85.8	
57.95	356.1	16.7	-6.2	0.6	-52.6	17.6	86.8	10.8	394.4	238.7	2270.9	-59.8	
58.00	358.8	16.4	0.4	0.7	-49.0	17.6	81.2	-6.2	399.2	651.8	1919.0	-50.3	
58.05	1.5	16.2	-3.0	0.7	-50.1	17.6	83.4	-23.1	407.7	1083.7	1788.6	-70.1	
58.10	4.2	16.2	-5.3	0.7	-52.0	17.7	84.3	-35.9	406.7	1343.5	1769.6	-72.5	
58.15	6.9	16.3	-8.1	0.6	-53.4	17.7	80.6	-51.7	395.7	1547.1	1729.5	-68.4	
58.20	9.7	16.5	-13.2	0.5	-57.6	17.7	72.5	-69.0	393.9	2169.0	1487.6	-78.4	
58.25	12.4	17.0	-16.0	0.3	-62.9	17.8	66.9	-97.8	398.7	2736.1	1152.1	-97.9	
58.30	15.1	16.7	-13.3	0.2	-63.5	17.8	51.9	-115.8	403.4	2919.1	623.7	-99.6	
58.35	17.8	16.6	-11.5	0.2	-63.6	17.8	41.9	-113.3	399.2	3001.3	293.2	-105.9	
58.40	20.5	16.7	-11.2	0.3	-65.6	17.8	34.7	-120.1	396.2	3158.7	112.3	-108.5	
58.45	23.2	16.5	-11.5	0.3	-65.9	17.8	35.7	-119.8	397.0	3178.4	122.3	-103.6	
58.50	25.9	16.2	-9.7	0.2	-65.7	17.8	38.7	-110.8	403.5	3182.0	116.4	-95.6	
58.55	28.5	15.9	-3.0	0.2	-65.2	17.8	33.8	-118.2	407.5	3123.2	1.6	-75.1	
58.60	31.2	16.2	-6.1	0.1	-68.4	17.8	28.7	-127.9	410.2	3339.8	-105.5	-77.4	
58.65	33.9	16.8	-57.0	-0.1	73.8	17.8	23.9	-138.0	418.8	3713.0	-215.1	-93.9	
58.70	36.5	17.5	-62.0	-0.3	76.3	17.8	17.5	-155.1	428.8	3838.7	-297.2	-105.2	
58.75	39.2	17.5	-58.7	-0.5	76.7	17.8	22.5	-158.4	439.1	3863.1	-57.3	-101.5	
58.80	41.9	17.6	-58.0	-0.6	76.9	17.8	32.0	-165.2	448.3	3820.3	440.4	-115.1	
58.85	44.6	17.6	-60.5	-0.6	77.4	17.8	47.7	-173.2	458.0	3663.0	1156.3	-131.3	
58.90	47.2	17.4	-64.7	-0.6	80.0	17.7	69.1	-169.0	470.7	3540.7	1910.8	-138.7	
58.95	49.9	17.4	-66.2	-0.6	84.1	17.7	89.2	-174.2	487.4	3436.3	2555.7	-140.4	
59.00	52.6	17.5	-70.3	-0.6	89.5	17.7	99.7	-194.7	504.1	3510.6	2991.4	-150.1	
59.05	55.3	17.6	-76.9	-0.6	95.9	17.6	103.4	-206.0	516.5	3811.1	3312.9	-164.4	
59.10	58.0	17.9	-82.3	-0.7	104.5	17.6	111.6	-219.6	523.7	4279.9	3685.6	-177.0	
59.15	60.7	18.3	-85.6	-0.6	113.6	17.6	119.7	-241.4	534.0	4921.6	3869.9	-183.4	
59.20	63.4	18.6	-83.5	-0.5	120.4	17.5	123.3	-258.3	549.6	5558.0	3774.6	-179.6	
59.25	66.1	18.5	-75.8	-0.3	123.2	17.5	115.4	-274.7	562.0	5968.1	3434.8	-162.7	
59.30	68.8	18.2	-69.9	-0.2	122.7	17.5	97.1	-273.0	566.2	6177.8	3004.0	-136.2	
59.35	71.4	17.8	-67.0	-0.2	121.9	17.5	79.2	-259.0	571.7	6367.5	2545.7	-109.6	
59.40	74.1	18.2	-63.1	-0.2	121.4	17.5	68.3	-246.7	584.6	6534.3	2060.6	-88.5	
59.45	76.8	18.3	-60.7	-0.3	123.4	17.5	67.4	-251.1	601.8	6780.2	1661.8	-78.3	
59.50	79.5	18.1	-62.5	-0.3	130.5	17.5	69.2	-273.4	619.7	7307.1	1399.5	-79.4	
59.55	82.2	18.2	-67.2	-0.4	137.4	17.5	63.1	-294.6	627.8	7793.4	1300.3	-86.0	
59.60	84.9	18.3	-70.6	-0.5	140.8	17.4	56.8	-297.3	631.4	8043.4	1340.1	-89.2	
59.65	87.6	18.4	-69.6	-0.5	143.4	17.4	57.0	-300.7	645.3	8227.2	1300.7	-92.9	
59.70	90.3	17.9	-66.8	-0.4	145.5	17.4	60.1	-316.0	664.8	8339.1	1178.7	-99.3	
59.75	93.1	17.6	-63.7	-0.2	145.2	17.4	58.4	-338.6	679.5	8261.7	1057.6	-98.9	
59.80	95.8	17.3	-63.5	-0.0	139.6	17.4	58.2	-324.1	684.2	7843.5	1250.5	-96.1	
59.85	98.5	17.2	16.3	0.1	-132.6	17.4	63.2	-297.8	694.6	7310.2	1562.3	-87.8	
59.90	101.2	16.9	17.1	0.2	-129.5	17.4	75.1	-291.3	714.4	6994.1	1843.5	-86.4	
59.95	103.9	16.7	19.0	0.4	-130.5	17.4	93.1	-295.7	739.5	6941.4	2150.4	-94.0	
60.00	106.6	16.9	20.3	0.7	-130.3	17.4	99.6	-298.2	754.3	6803.3	2423.4	-94.8	
60.05	109.3	16.7	15.0	0.8	-129.0	17.5	97.9	-295.2	762.6	6621.8	2637.4	-93.2	
60.10	112.0	16.8	7.2	0.7	-128.5	17.5	95.2	-274.8	771.9	6598.9	2737.2	-93.9	
60.15	114.7	17.3	7.2	0.6	-128.2	17.5	99.7	-268.6	784.1	6521.5	2869.1	-87.0	
60.20	117.4	18.0	9.6	0.5	-129.6	17.6	121.7	-267.5	797.1	6412.8	3280.8	-87.0	
60.25	120.1	18.2	7.0	0.5	-134.4	17.6	158.8	-260.3	816.1	6389.1	3962.8	-106.0	
60.30	122.8	17.9	3.5	0.4	-138.3	17.6	188.4	-264.3	830.6	6201.7	4639.0	-118.5	
60.35	125.5	18.1	1.3	0.3	-139.7	17.6	200.0	-263.5	840.0	5979.1	5049.5	-117.0	
60.40	128.3	18.1	4.5	0.2	-140.6	17.6	201.0	-258.8	854.6	5979.9	5150.4	-110.9	
60.45	131.0	17.9	11.1	0.2	-140.4	17.7	193.5	-255.2	868.8	6066.0	5032.0	-105.7	
60.50	133.7	18.3	13.5	0.3	-141.2	17.7	181.6	-261.3	877.0	6224.8	4942.7	-104.2	
60.55	136.4	18.4	15.3	0.3	-143.0	17.7	168.3	-263.8	878.2	6359.7	5004.3	-95.6	
60.60	139.1	18.3	18.1	0.3	-143.9	17.7	158.7	-267.1	878.6	6358.0	5136.5	-77.7	
60.65	141.8	18.1	16.2	0.1	-146.4	17.7	159.2	-270.2	888.4	6517.4	5205.9	-71.3	
60.70	144.5	18.1	-70.7	-0.0	148.7	17.7	169.2	-255.6	906.1	6713.9	5250.7	-70.8	
60.75	147.2	18.3	-62.0	-0.1	148.3	17.7	178.3	-239.0	920.6	6608.1	5360.6	-55.4	
60.80	149.8	19.0	-53.6	-0.1	150.0	17.7	188.6	-231.2	929.7	6494.3	5683.1	-38.0	
60.85	152.5	19.1	39.2	0.0	-156.3	17.7	205.2	-223.8	938.7	6608.4	6235.1	-35.9	
60.90	155.2	18.9	39.8	0.1	-163.7	17.7	223.8	-219.5	944.9	6703.6	6889.2	-36.3	
60.95	157.9	18.6	36.0	0.0	-171.0	17.7	237.5	-213.0	949.4	6859.1	7471.1	-40.7	
61.00	160.6	18.6	-70.3	-0.1	178.6	17.7	244.5	-217.0	952.2	7144.5	7955.4	-47.8	
61.05	163.3	18.5	-73.9	-0.2	184.7	17.7	246.3	-233.2	951.7	7347.3	8351.6	-54.9	
61.10	165.9	18.4	-77.5	-0.3	188.3	17.7	252.3	-223.8	950.0	7248.0	8800.9	-59.9	
61.15	168.6	19.0	-75.1	-0.5	189.3	17.7	264.2	-194.1	946.6	6720.6	9342.8	-50.2	
61.20	171.3	19.6	-70.9	-0.5	189.6	17.6	278.3	-166.7	943.6	5973.9	9878.3	-43.7	
61.25	173.9	20.0	-68.6	-0.5	190.4	17.6	293.9	-140.2	944.1	5193.4	10369.7	-46.1	
61.30	176.6	20.3	-64.4	-0.5	188.4	17.6	297.7	-117.0	944.8	4351.2	10602.7	-41.2	
61.35	179.3	20.2	-58.6	-0.4	183.7	17.6	288.2	-85.7	942.1	3562.6	10584.6	-21.1	
61.40	182.0	20.0	-54.0	-0.5	179.2	17.5	273.7	-60.5	940.4	3042.9	10453.0	-1.6	
61.45	184.7	20.0	-51.2	-0.5	177.7	17.5	266.8	-53.2	940.5	2788.3	10429.7	1.1	
61.50	187.3	20.1	-51.7	-0.4	179.1	17.5	269.7	-49.8	943.4	2592.5	10579.5	-9.6	
61.55	190.0	20.2	-52.4	-0.3	181.1	17.5	274.7	-44.5	939.7	2148.7	10824.8	-11.4	
61.60	192.7	20.1	-55.6	-0.3	183.2	17.5	279.9	-26.0	931.5	1543.8	11084.5	-8.1	
61.65	195.4	19.7	-59.6	-0.4	185.1	17.4	286.3	-2.5	928.1	1099.4	11268.7	-9.4	
61.70	198.1	19.6	-58.4	-0.4	185.2	17.4	290.1	15.4	933.0	719.3	11290.3	-7.1	
61.75	200.8	20.0	-51.1	-0.4	184.8	17.4	290.0	38.2	937.0	272.1	11273.7	8.1	
61.80	203.5	20.7	-44.3	-0.3	184.4	17.4	284.9	51.2	932.1	-59.1	11263.5	24.0	
61.85	206.2	21.0	-45.5	-0.3	184.9	17.4	283.6	45.3	928.3	59.6	11310.8	21.6	
61.90	208.9	20.5	-52.1	-0.3	186.0	17.4	288.7	36.6	928.4	583.1	11365.0	7.3	
61.95	211.6	19.9	-49.5	-0.3	185.9	17.3	289.8	34.9	922.3	1031.3	11325.4	15.0	
62.00	214.2	19.9	-42.4	-0.2	184.7	17.3	285.6	32.8	904.9	1289.4	11238.7	29.8	
62.05	216.9	20.6	-39.3	-0.0	184.3	17.3	283.7	37.7	891.4	1466.3	11200.8	27.5	
62.10	219.6	21.0	64.3	0.1	-183.4	17.3	282.7	49.0	884.4	1387.8	11142.2	19.2	
62.15	222.3	21.3	61.9	0.1	-181.8	17.3	280.6	74.4	876.4	942.9	11066.9	33.9	
62.20	225.0	21.4	-42.8	-0.1	180.3	17.3	276.9	104.3	867.3	475.6	10973.7	49.7	
62.25	227.7	21.3	-39.1	-0.1	179.5	17.3	272.7	114.7	857.7	204.5	10928.6	56.1	
62.30	230.4	21.0	-36.1	-0.1	179.2	17.3	266.9	120.3	848.0	69.4	10922.0	50.7	
62.35	233.1	20.7	70.8	0.0	-178.8	17.3	259.2	127.2	833.1	-53.1	10917.8	47.3	
62.40	235.8	21.3	72.5	0.2	-178.5	17.3	253.2	117.6	810.0	-132.3	10938.9	53.5	
62.45	238.5	21.5	66.9	0.2	-179.5	17.3	255.8	106.3	790.0	-27.4	11034.1	41.8	
62.50	241.1	21.4	61.0	0.2	-182.6	17.3	266.8	108.2	775.4	-85.5	11252.5	24.6	
62.55	243.8	21.5	59.5	0.3	-187.2	17.4	281.8	129.0	763.3	-633.7	11527.3	16.0	
62.60	246.5	21.4	60.9	0.2	-192.7	17.4	297.1	153.5	749.9	-1489.5	11804.3	17.6	
62.65	249.2	21.3	59.3	0.2	-198.2	17.4	309.4	169.2	736.1	-2318.5	12047.1	8.9	
62.70	251.9	21.6	53.9	0.2	-200.2	17.4	313.3	191.3	724.7	-2956.2	12027.6	-8.0	
62.75	254.6	21.3	52.8	0.1	-197.0	17.4	302.7	218.8	715.7	-3621.3	11578.8	-5.0	
62.80	257.3	20.8	58.4	0.1	-189.1	17.4	275.6	231.7	703.9	-4189.4	10797.6	13.9	
62.85	260.0	20.5	59.6	0.1	-179.6	17.4	246.4	231.0	689.4	-4346.8	10042.6	16.2	
62.90	262.7	20.1	54.1	0.2	-171.0	17.4	222.0	219.8	674.7	-4374.1	9410.2	3.3	
62.95	265.4	19.9	45.4	0.2	-164.8	17.4	205.0	214.3	661.3	-4589.4	8847.4	-8.1	
63.00	268.1	20.2	38.6	0.1	-161.0	17.4	199.1	225.9	653.0	-4895.9	8339.8	-13.3	
63.05	270.8	20.5	-56.1	-0.0	157.6	17.4	199.5	228.9	646.2	-5073.1	7920.3	-20.4	
63.10	273.5	20.6	-55.5	-0.1	156.5	17.4	204.4	235.5	640.2	-5230.8	7697.3	-27.4	
63.15	276.2	20.5	-53.9	-0.1	159.4	17.4	212.4	254.2	630.7	-5511.9	7708.8	-28.3	
63.20	278.9	20.4	42.9	0.0	-163.7	17.4	221.9	265.2	620.6	-5780.4	7876.7	-28.6	
63.25	281.6	20.4	38.9	0.1	-163.8	17.4	224.1	255.7	608.3	-5631.8	8016.9	-36.2	
63.30	284.2	20.4	28.7	0.0	-155.9	17.4	216.3	221.2	595.4	-4884.4	7915.3	-49.0	
63.35	286.9	20.1	-61.0	-0.1	145.0	17.4	204.1	194.8	584.4	-4007.7	7568.1	-53.0	
63.40	289.6	19.9	-54.2	-0.1	137.1	17.4	194.8	185.9	573.9	-3449.3	7232.5	-44.7	
63.45	292.3	19.9	-51.3	-0.1	132.7	17.4	192.1	169.8	561.5	-3067.9	7094.6	-46.8	
63.50	295.0	20.5	23.9	0.0	-132.4	17.4	201.8	145.7	547.3	-2718.3	7244.4	-63.5	
63.55	297.7	20.8	21.3	0.1	-134.8	17.4	214.2	142.4	533.7	-2681.1	7436.4	-67.2	
63.60	300.4	20.8	24.7	0.0	-137.3	17.4	219.8	166.0	521.8	-3050.7	7453.4	-44.5	
63.65	303.1	20.7	-51.4	-0.1	138.1	17.4	218.8	189.0	510.6	-3319.9	7367.9	-29.8	
63.70	305.7	21.0	-44.9	-0.0	135.8	17.4	216.2	181.5	502.8	-3074.9	7308.0	-20.6	
63.75	308.4	21.5	33.3	0.0	-134.3	17.4	214.9	159.5	496.4	-2742.3	7369.8	-27.8	
63.80	311.1	21.6	28.1	0.0	-132.3	17.4	207.6	139.6	490.8	-2497.0	7357.2	-35.5	
63.85	313.8	21.3	-56.6	-0.1	129.0	17.4	195.1	117.6	478.2	-2195.9	7273.9	-47.9	
63.90	316.5	20.9	-60.6	-0.3	127.8	17.4	192.0	107.4	460.3	-1862.7	7306.3	-61.1	
63.95	319.2	21.1	-58.0	-0.3	128.6	17.4	199.3	111.3	453.9	-1761.2	7372.7	-65.4	
64.00	321.9	21.3	-53.5	-0.2	132.0	17.4	212.5	109.6	451.3	-2023.1	7546.2	-68.5	
64.05	324.7	21.6	26.5	0.0	-137.6	17.4	224.4	116.2	438.3	-2488.8	7816.7	-75.5	
64.10	327.4	22.0	24.4	0.2	-143.2	17.4	234.7	132.4	421.0	-3004.7	8051.6	-80.3	
64.15	330.1	22.2	12.6	0.2	-143.1	17.4	241.6	130.1	418.3	-3156.1	7973.8	-96.8	
64.20	332.8	22.2	0.9	0.0	-134.6	17.4	236.9	114.2	428.9	-2790.2	7447.7	-111.7	
64.25	335.5	21.6	-74.0	-0.0	122.2	17.4	218.4	92.7	430.9	-2283.3	6712.8	-123.9	
64.30	338.2	21.5	3.0	0.1	-110.2	17.4	186.4	72.9	415.5	-2035.7	5962.0	-112.3	
64.35	340.9	21.4	3.4	0.2	-101.2	17.4	163.4	61.2	399.8	-1913.4	5374.9	-104.3	
64.40	343.6	21.2	-2.3	0.2	-93.1	17.4	150.6	50.4	402.4	-1708.2	4845.7	-107.0	
64.45	346.3	21.0	-8.9	0.2	-89.0	17.4	149.7	34.9	404.6	-1419.0	4626.0	-116.6	
64.50	349.0	20.9	-9.7	0.1	-89.0	17.4	153.6	32.6	396.3	-1297.5	4657.1	-115.8	
64.55	351.7	21.0	-3.0	0.2	-91.8	17.4	163.1	48.2	392.6	-1333.2	4831.2	-106.8	
64.60	354.4	20.8	-0.3	0.3	-94.8	17.4	180.8	44.3	398.6	-1137.1	5065.1	-104.8	
64.65	357.1	20.8	-10.4	0.2	-90.1	17.5	180.9	3.9	411.4	-307.2	4825.6	-123.6	
64.70	359.8	21.2	-15.8	0.1	-83.6	17.5	164.5	-36.6	410.0	534.5	4351.8	-124.8	
64.75	2.4	21.3	-10.1	0.0	-74.2	17.5	129.6	-48.3	402.8	1025.2	3625.4	-97.6	
64.80	5.1	21.6	-4.0	0.0	-71.7	17.5	110.0	-56.8	400.4	1620.0	3239.5	-83.9	
64.85	7.8	21.9	-3.7	0.1	-77.3	17.5	111.9	-83.9	398.9	2174.1	3356.4	-96.7	
64.90	10.5	22.3	-3.3	0.2	-85.0	17.5	126.4	-99.2	397.9	2548.3	3736.2	-109.1	
64.95	13.2	22.7	-5.4	0.2	-91.6	17.5	142.8	-104.8	399.7	2835.6	4084.6	-115.4	
65.00	15.9	23.0	-7.7	0.1	-94.1	17.5	151.9	-111.9	400.0	2920.9	4211.7	-107.8	
65.05	18.6	22.6	-61.0	-0.0	93.4	17.5	150.7	-108.1	407.5	3176.4	3964.0	-94.3	
65.10	21.3	23.0	-58.0	-0.1	94.9	17.5	145.4	-122.8	418.1	3762.0	3544.5	-92.9	
65.15	24.0	23.6	-51.4	-0.1	97.5	17.5	131.4	-160.8	422.2	4348.1	3054.4	-83.1	
65.20	26.7	23.6	-51.8	-0.1	100.2	17.5	113.6	-179.2	423.7	4820.9	2648.7	-80.8	
65.25	29.4	23.6	-49.6	-0.0	101.7	17.5	105.0	-185.4	420.2	4998.4	2552.5	-74.5	
65.30	32.1	23.5	-53.3	-0.1	104.4	17.5	105.9	-194.6	420.5	5152.5	2657.3	-75.1	
65.35	34.8	23.2	-65.4	-0.2	112.0	17.5	121.1	-210.1	430.6	5566.7	2947.2	-99.5	
65.40	37.5	23.7	-65.7	-0.2	115.1	17.5	140.7	-221.9	440.4	5506.7	3391.1	-104.3	
65.45	40.2	24.2	-66.7	-0.2	116.0	17.5	160.8	-211.7	452.8	5205.6	3925.4	-112.0	
65.50	42.8	24.2	-71.0	-0.2	117.8	17.5	173.1	-201.4	465.0	5025.3	4349.4	-122.0	
65.55	45.5	23.9	-72.8	-0.3	120.5	17.4	176.3	-213.3	473.2	4986.8	4634.3	-125.2	
65.60	48.2	23.6	-77.1	-0.3	127.1	17.4	183.2	-228.1	485.9	5336.3	4909.9	-136.4	
65.65	50.9	23.3	-80.9	-0.2	136.4	17.4	196.6	-257.2	498.0	5828.2	5275.0	-150.5	
65.70	53.6	23.7	-86.0	-0.2	144.3	17.4	204.8	-292.9	503.9	6258.2	5527.2	-157.7	
65.75	56.3	24.0	-91.0	-0.2	149.1	17.4	203.6	-310.8	513.6	6767.5	5419.2	-160.0	
65.80	59.0	24.0	-89.3	-0.3	150.5	17.4	193.9	-321.9	524.4	7131.6	5068.3	-147.3	
65.85	61.6	23.8	-83.7	-0.3	150.3	17.4	190.0	-321.5	536.6	7294.2	4803.9	-131.8	
65.90	64.3	23.9	-74.9	-0.2	148.9	17.4	192.2	-304.0	553.4	7289.0	4667.3	-117.7	
65.95	67.0	24.1	-66.9	-0.1	147.1	17.4	193.7	-302.6	568.2	7191.5	4549.4	-100.6	
66.00	69.6	23.5	-66.8	-0.0	147.6	17.3	190.8	-315.2	583.2	7354.6	4284.6	-90.4	
66.05	72.3	23.3	-70.5	-0.1	149.4	17.3	178.0	-324.5	601.7	7779.8	3723.2	-80.4	
66.10	75.0	23.2	-70.5	-0.3	151.5	17.3	156.3	-334.9	615.7	8217.2	3078.3	-69.0	
66.15	77.6	23.4	-73.1	-0.4	158.3	17.3	137.9	-348.4	626.1	8893.9	2612.3	-75.7	
66.20	80.3	23.5	-73.8	-0.4	166.9	17.3	126.8	-377.2	633.6	9557.7	2356.3	-84.6	
66.25	83.0	23.6	-67.2	-0.3	170.0	17.3	119.3	-400.9	642.4	9751.0	2286.1	-69.8	
66.30	85.7	23.8	-65.4	-0.3	169.1	17.3	121.4	-387.1	652.7	9640.2	2564.8	-60.3	
66.35	88.4	23.9	-65.8	-0.3	169.4	17.2	131.5	-370.3	661.2	9511.8	3164.2	-54.6	
66.40	91.1	24.0	-66.1	-0.3	173.3	17.2	154.2	-366.7	673.8	9504.2	3967.6	-51.3	
66.45	93.7	23.9	-68.2	-0.3	180.5	17.2	194.2	-361.0	698.2	9606.7	4908.0	-60.2	
66.50	96.4	23.6	-71.6	-0.2	187.7	17.2	232.2	-376.0	719.9	9609.8	5805.7	-73.8	
66.55	99.1	23.6	-83.9	-0.1	195.8	17.2	255.4	-390.3	730.6	9735.8	6592.1	-97.7	
66.60	101.8	23.8	-96.4	-0.2	202.6	17.2	262.2	-389.7	737.0	9926.7	7192.7	-113.4	
66.65	104.5	23.5	-93.2	-0.4	205.2	17.2	258.9	-390.7	744.1	9874.2	7584.9	-99.7	
66.70	107.1	23.6	-86.0	-0.4	206.5	17.2	257.7	-383.2	757.1	9746.7	7921.9	-88.7	
66.75	109.8	23.9	-81.3	-0.2	209.4	17.1	266.0	-380.1	770.6	9606.9	8404.8	-92.5	
66.80	112.5	24.4	39.8	0.0	-211.5	17.1	279.1	-379.2	780.6	9283.1	8947.4	-101.9	
66.85	115.2	24.5	31.5	0.0	-211.1	17.1	293.4	-354.7	795.7	8806.8	9404.0	-102.1	
66.90	117.9	24.5	-92.8	-0.1	207.2	17.1	295.9	-323.8	813.2	8249.3	9576.3	-92.0	
66.95	120.5	24.5	-85.4	-0.2	202.5	17.1	287.7	-309.4	826.7	7776.8	9557.7	-77.7	
67.00	123.2	24.1	-76.4	-0.2	198.4	17.1	274.7	-291.2	838.4	7463.6	9480.9	-67.3	
67.05	125.9	23.8	-68.1	-0.1	196.0	17.1	264.8	-280.8	848.6	7213.5	9487.3	-50.7	
67.10	128.6	24.1	-71.9	-0.1	198.5	17.1	265.7	-287.5	860.2	7341.9	9593.7	-51.6	
67.15	131.3	24.6	-86.3	-0.1	205.3	17.1	279.0	-291.1	875.0	7893.4	9764.7	-83.1	
67.20	134.0	24.9	-91.1	-0.1	209.8	17.1	290.4	-302.8	886.5	8186.3	9883.9	-102.4	
67.25	136.7	24.6	-86.3	-0.1	207.4	17.1	288.3	-298.5	896.1	8067.1	9759.2	-98.5	
67.30	139.4	24.0	36.9	0.0	-200.3	17.1	273.4	-277.8	903.6	7787.7	9375.6	-85.4	
67.35	142.1	23.7	40.4	0.1	-189.1	17.1	248.2	-258.6	903.6	7308.5	8795.2	-60.6	
67.40	144.8	23.8	41.8	0.1	-176.5	17.1	224.9	-225.4	906.9	6769.8	8155.0	-37.8	
67.45	147.5	23.8	44.6	0.2	-166.5	17.1	212.7	-196.9	918.3	6267.7	7678.0	-20.0	
67.50	150.2	23.8	46.9	0.3	-161.9	17.1	207.0	-192.8	927.0	5977.6	7487.1	-12.5	
67.55	153.0	23.6	41.7	0.3	-163.7	17.1	208.0	-201.7	929.2	6077.3	7549.1	-26.2	
67.60	155.7	22.9	36.7	0.3	-166.9	17.1	214.0	-206.9	930.7	6268.3	7678.4	-42.3	
67.65	158.4	22.5	36.4	0.4	-166.8	17.2	221.1	-200.0	939.3	6211.0	7704.0	-46.7	
67.70	161.1	22.3	34.9	0.5	-165.5	17.2	229.4	-186.5	950.3	6011.0	7738.6	-55.5	
67.75	163.8	22.4	33.2	0.6	-163.7	17.2	233.4	-180.0	949.3	5631.2	7848.7	-63.3	
67.80	166.6	22.9	30.4	0.6	-159.2	17.2	232.5	-167.6	937.7	4971.7	7920.5	-61.8	
67.85	169.3	23.7	27.8	0.6	-152.2	17.3	232.9	-128.9	934.6	4165.7	7850.1	-51.3	
67.90	172.0	23.6	30.0	0.5	-144.1	17.3	228.0	-94.8	941.8	3457.5	7573.1	-32.4	
67.95	174.7	23.6	31.8	0.5	-136.8	17.3	214.5	-84.6	944.8	3077.3	7190.7	-25.0	
68.00	177.4	23.6	33.0	0.5	-130.3	17.3	197.6	-77.6	940.1	2815.5	6820.7	-24.3	
68.05	180.1	24.0	32.8	0.6	-125.0	17.4	189.8	-68.4	939.0	2432.4	6579.9	-21.9	
68.10	182.8	24.2	25.3	0.6	-123.7	17.4	197.3	-52.7	948.2	2162.4	6554.0	-34.0	
68.15	185.5	24.3	18.0	0.5	-124.9	17.4	207.9	-38.7	953.1	1959.5	6687.4	-49.7	
68.20	188.2	24.4	20.4	0.4	-126.2	17.5	211.8	-28.8	942.7	1464.6	6909.5	-45.8	
68.25	191.0	24.6	26.8	0.4	-126.0	17.5	208.9	-0.9	932.6	676.8	7041.5	-30.2	
68.30	193.7	24.7	31.1	0.4	-125.2	17.5	201.7	24.6	936.5	-35.8	7022.8	-18.9	
68.35	196.4	24.5	30.2	0.3	-125.7	17.5	196.9	36.0	943.1	-320.1	7061.2	-18.1	
68.40	199.1	24.4	27.4	0.3	-130.3	17.5	203.1	47.2	940.8	-221.4	7390.8	-25.0	
68.45	201.8	24.4	29.9	0.2	-138.9	17.5	221.9	41.6	938.0	-68.0	7998.9	-31.4	
68.50	204.5	24.4	31.2	0.3	-150.2	17.6	250.2	30.3	941.4	121.5	8768.9	-51.4	
68.55	207.2	24.4	25.8	0.4	-160.9	17.6	275.5	28.1	939.5	337.1	9504.2	-81.0	
68.60	209.9	24.3	24.9	0.3	-166.5	17.6	282.2	30.0	923.4	314.2	9923.0	-74.6	
68.65	212.7	24.3	27.2	0.1	-167.6	17.6	278.7	53.3	908.7	28.3	10024.5	-49.3	
68.70	215.4	23.7	-63.7	-0.1	165.6	17.6	271.6	83.7	907.2	-251.5	9870.9	-32.6	
68.75	218.1	23.2	-51.9	-0.0	161.8	17.6	260.7	88.4	906.1	-435.1	9602.0	-17.9	
68.80	220.8	22.8	46.2	0.0	-158.0	17.6	248.9	89.1	897.0	-566.6	9341.7	-10.3	
68.85	223.5	21.9	43.4	0.0	-154.9	17.6	239.1	101.1	887.1	-764.9	9115.6	-4.5	
68.90	226.2	21.2	-49.5	-0.1	152.4	17.6	231.8	116.9	881.1	-1009.2	8903.5	-3.4	
68.95	228.9	20.8	-51.4	-0.2	149.9	17.6	226.2	123.6	871.3	-1075.1	8720.9	-8.6	
69.00	231.6	21.1	-47.1	-0.3	147.4	17.6	220.5	125.5	855.0	-1140.5	8549.3	-9.7	
69.05	234.3	21.3	-40.7	-0.2	146.9	17.6	217.6	139.5	840.2	-1584.0	8431.8	-1.0	
69.10	237.0	21.5	-38.4	-0.1	148.1	17.6	216.5	158.5	831.9	-2136.5	8378.3	6.3	
69.15	239.7	22.0	-40.8	-0.1	149.8	17.6	214.7	174.9	822.2	-2529.7	8390.1	6.0	
69.20	242.5	22.3	-46.1	-0.1	152.1	17.5	213.1	176.8	804.6	-2908.4	8462.5	-1.1	
69.25	245.2	22.3	-48.2	-0.2	155.0	17.5	218.6	185.6	790.8	-3228.9	8561.4	-6.5	
69.30	247.9	22.7	-50.3	-0.1	156.5	17.5	226.7	192.9	784.6	-3389.0	8595.7	-21.2	
69.35	250.6	22.6	-52.2	-0.0	157.1	17.5	230.3	190.5	775.0	-3547.4	8582.0	-31.4	
69.40	253.3	22.2	38.5	0.0	-158.3	17.5	228.1	196.2	757.1	-3812.8	8578.5	-32.9	
69.45	256.0	21.8	38.8	0.0	-159.6	17.5	222.9	202.5	740.2	-4148.2	8542.8	-30.2	
69.50	258.7	21.5	35.9	0.0	-161.1	17.5	220.5	214.2	729.1	-4490.2	8479.7	-36.5	
69.55	261.4	21.4	36.6	0.0	-163.3	17.5	220.6	238.9	718.9	-4864.8	8413.7	-36.6	
69.60	264.1	21.8	40.0	0.0	-164.4	17.5	214.7	248.4	705.9	-5220.4	8295.5	-26.1	
69.65	266.8	21.4	40.5	0.0	-163.7	17.5	210.0	242.0	691.8	-5280.0	8241.9	-24.3	
69.70	269.5	20.9	-58.9	-0.0	163.2	17.5	211.7	242.7	681.6	-5209.9	8241.5	-31.9	
69.75	272.2	20.5	-59.7	-0.1	162.6	17.5	216.0	244.9	675.2	-5133.3	8224.3	-35.1	
69.80	274.9	20.2	-61.3	-0.2	160.9	17.5	221.2	235.7	668.6	-4898.9	8234.4	-41.7	
69.85	277.6	20.3	-63.1	-0.2	159.4	17.5	227.8	216.8	655.8	-4496.3	8374.5	-54.0	
69.90	280.3	20.8	-63.4	-0.1	159.3	17.5	234.6	206.7	641.0	-4168.0	8552.1	-64.4	
69.95	283.0	21.3	-60.2	-0.1	160.0	17.5	235.7	213.9	626.2	-4174.7	8602.9	-57.0	
70.00	285.7	21.6	38.5	0.0	-159.7	17.5	228.3	222.8	611.1	-4330.6	8509.9	-36.8	
70.05	288.4	21.6	39.7	0.1	-155.5	17.5	217.6	209.3	597.1	-4165.9	8308.6	-23.7	
70.10	291.1	21.8	34.1	0.0	-147.0	17.5	209.2	185.2	587.7	-3572.3	7957.7	-28.4	
70.15	293.8	21.8	-53.7	-0.0	140.6	17.5	210.9	177.2	580.6	-3024.9	7676.8	-35.2	
70.20	296.5	21.6	-51.8	-0.1	139.6	17.5	218.7	186.5	571.2	-2792.3	7657.1	-35.4	
70.25	299.2	21.3	-49.2	-0.0	141.7	17.5	222.3	175.4	553.0	-2647.7	7908.2	-32.4	
70.30	301.9	21.3	30.8	0.0	-143.8	17.5	223.8	150.3	530.5	-2426.2	8199.4	-43.0	
70.35	304.6	21.4	-56.5	-0.0	143.0	17.5	224.8	150.3	517.0	-2383.4	8159.1	-46.5	
70.40	307.3	22.0	-52.6	-0.1	138.3	17.5	213.8	164.4	512.3	-2667.7	7699.5	-28.4	
70.45	310.0	21.8	-44.8	-0.2	133.3	17.5	192.9	171.0	502.0	-2878.5	7261.1	-8.8	
70.50	312.7	21.4	-39.5	-0.2	131.8	17.5	179.3	160.2	484.1	-2794.4	7247.9	-6.2	
70.55	315.4	21.1	-43.6	-0.1	135.7	17.5	188.3	137.7	471.6	-2626.0	7653.3	-23.9	
70.60	318.1	20.9	-59.2	-0.1	144.5	17.5	220.2	128.3	467.8	-2449.5	8346.6	-57.8	
70.65	320.8	20.9	-72.2	-0.2	151.8	17.5	245.2	124.6	460.9	-2215.9	8922.9	-86.3	
70.70	323.4	21.2	-72.2	-0.2	152.1	17.4	243.7	98.1	444.3	-1909.6	9067.7	-90.8	
70.75	326.1	21.4	-69.4	-0.2	149.2	17.4	235.9	79.1	432.2	-1552.2	8966.0	-93.0	
70.80	328.8	21.4	-63.4	-0.1	146.6	17.4	238.1	80.1	432.8	-1400.1	8783.6	-83.1	
70.85	331.5	21.3	-62.0	-0.0	145.6	17.4	243.3	80.4	434.6	-1410.6	8690.9	-76.9	
70.90	334.2	20.6	-69.7	-0.1	147.6	17.4	250.3	73.1	425.1	-1252.5	8863.4	-87.5	
70.95	336.9	20.4	-74.6	-0.2	150.3	17.4	253.0	55.9	414.2	-1011.2	9107.0	-93.6	
71.00	339.6	20.7	-73.9	-0.3	148.2	17.4	247.2	41.0	410.8	-772.7	9003.0	-91.4	
71.05	342.3	21.0	-66.9	-0.4	141.1	17.4	230.5	42.4	409.5	-533.1	8529.8	-77.2	
71.10	345.0	21.1	-55.9	-0.4	130.8	17.4	202.6	34.7	405.2	-207.4	7852.2	-62.2	
71.15	347.7	21.1	-53.4	-0.3	124.1	17.4	188.6	6.6	406.6	353.0	7384.0	-70.8	
71.20	350.4	21.2	-58.4	-0.1	126.6	17.3	203.1	-18.4	410.1	897.7	7485.6	-90.5	
71.25	353.1	21.2	-64.8	-0.0	133.0	17.3	224.9	-34.4	412.1	1263.0	7851.9	-100.1	
71.30	355.8	21.2	-68.6	-0.0	137.4	17.3	233.7	-52.5	406.3	1599.5	8100.2	-99.5	
71.35	358.5	21.4	-71.7	-0.1	138.2	17.3	229.6	-65.3	401.0	1894.6	8105.1	-101.6	
71.40	1.2	21.6	-65.7	-0.1	135.7	17.3	218.4	-74.3	402.3	2302.3	7820.8	-88.9	
71.45	3.9	21.9	-60.4	-0.0	133.6	17.3	207.6	-85.5	404.6	2734.6	7527.0	-80.2	
71.50	6.6	22.3	17.1	0.0	-134.5	17.3	201.5	-102.5	402.8	3361.9	7341.7	-86.1	
71.55	9.3	22.6	11.7	0.1	-139.1	17.3	205.3	-126.7	404.1	4110.2	7297.3	-110.0	
71.60	12.0	22.7	6.7	0.2	-142.7	17.3	212.4	-153.0	411.3	4676.7	7203.2	-128.4	
71.65	14.7	22.8	6.0	0.2	-142.6	17.4	215.7	-162.6	418.3	4903.7	6998.0	-124.2	
71.70	17.4	22.7	10.6	0.2	-139.4	17.4	207.8	-165.7	420.1	4971.9	6662.1	-100.0	
71.75	20.1	22.4	13.8	0.2	-137.8	17.4	201.2	-171.7	421.1	5062.1	6450.3	-87.6	
71.80	22.9	21.9	17.6	0.2	-135.6	17.4	193.7	-173.6	430.1	5078.2	6231.1	-77.8	
71.85	25.6	22.0	18.3	0.3	-138.0	17.4	202.4	-178.3	438.2	5131.2	6376.8	-85.8	
71.90	28.3	22.0	17.3	0.4	-142.0	17.4	206.2	-197.2	443.1	5375.4	6502.0	-95.2	
71.95	31.1	21.9	11.5	0.4	-145.3	17.4	203.2	-226.3	447.4	5755.5	6431.3	-110.8	
72.00	33.8	22.0	4.4	0.4	-145.0	17.5	197.3	-236.0	457.2	5966.0	6177.4	-126.9	
72.05	36.5	21.7	3.1	0.4	-142.3	17.5	188.4	-229.5	471.4	6019.8	5863.2	-128.3	
72.10	39.3	21.2	2.9	0.4	-140.6	17.5	183.7	-231.8	475.2	5944.9	5758.0	-132.7	
72.15	42.0	21.0	4.4	0.4	-138.4	17.5	181.6	-232.3	475.3	5708.2	5764.5	-131.4	
72.20	44.7	20.8	5.6	0.5	-134.9	17.5	177.3	-233.6	485.7	5534.5	5558.3	-127.4	
72.25	47.5	20.6	6.4	0.6	-129.2	17.6	167.7	-234.1	501.1	5376.9	5112.1	-114.9	
72.30	50.2	20.2	5.7	0.6	-125.4	17.6	152.0	-227.9	511.1	5508.7	4571.5	-105.5	
72.35	52.9	20.4	5.7	0.6	-126.3	17.6	134.9	-240.0	515.8	5934.5	4110.8	-107.8	
72.40	55.7	20.7	6.7	0.7	-130.1	17.7	120.9	-272.0	529.6	6487.2	3629.0	-115.2	
72.45	58.4	21.2	5.4	0.7	-134.7	17.7	121.5	-285.8	548.7	6941.8	3396.1	-121.8	
72.50	61.1	21.3	5.9	0.6	-136.8	17.7	121.1	-290.0	558.9	7113.6	3371.2	-108.2	
72.55	63.8	21.4	4.6	0.4	-138.8	17.8	120.4	-290.4	560.9	7182.4	3571.9	-96.8	
72.60	66.5	21.7	5.4	0.2	-143.8	17.8	130.0	-288.2	572.0	7437.1	3876.9	-100.0	
72.65	69.3	22.2	14.1	0.2	-148.1	17.8	145.0	-296.7	596.4	7634.0	4066.8	-96.3	
72.70	72.0	22.4	20.9	0.3	-151.7	17.8	160.3	-305.7	617.7	7718.7	4357.6	-88.4	
72.75	74.7	22.3	18.6	0.3	-159.8	17.8	172.7	-316.2	626.5	8043.5	4907.1	-99.6	
72.80	77.4	22.0	12.0	0.3	-171.5	17.8	183.7	-342.9	630.0	8614.3	5506.2	-126.5	
72.85	80.2	21.9	6.3	0.2	-181.5	17.8	196.9	-355.0	643.7	9220.9	5848.3	-150.8	
72.90	82.9	22.0	9.9	0.2	-186.1	17.8	207.6	-364.5	665.0	9544.6	5877.8	-150.5	
72.95	85.6	21.8	16.4	0.3	-187.9	17.9	206.2	-385.7	675.1	9676.8	5810.8	-138.5	
73.00	88.3	21.8	17.0	0.3	-188.9	17.9	196.6	-386.1	674.1	9780.3	5811.4	-133.0	
73.05	91.1	22.0	20.1	0.2	-186.3	17.9	190.0	-371.1	676.3	9623.6	5778.1	-113.5	
73.10	93.8	21.6	26.4	0.2	-182.7	17.9	195.6	-357.2	693.0	9394.8	5665.7	-84.3	
73.15	96.5	21.6	30.7	0.2	-184.2	17.9	213.0	-355.7	717.5	9469.1	5683.6	-78.2	
73.20	99.2	21.9	29.3	0.2	-187.6	17.9	224.4	-369.2	728.9	9600.7	5841.5	-90.1	
73.25	101.9	22.0	24.4	0.1	-187.6	17.9	219.6	-371.6	730.3	9566.8	5896.1	-97.5	
73.30	104.7	22.1	-86.2	-0.0	182.6	17.9	205.5	-356.0	737.5	9314.6	5696.1	-90.5	
73.35	107.4	22.3	-80.9	-0.2	178.1	17.9	196.1	-346.9	753.7	9104.2	5434.6	-78.1	
73.40	110.1	22.6	-79.2	-0.3	176.9	17.9	191.9	-345.8	767.9	9054.9	5330.9	-85.8	
73.45	112.9	22.9	-75.5	-0.2	175.2	17.9	192.2	-347.3	774.7	8781.8	5508.3	-92.8	
73.50	115.6	23.1	-70.9	-0.1	171.1	17.9	199.4	-340.8	784.3	8184.2	5845.6	-88.5	
73.55	118.3	22.8	-73.0	-0.0	168.5	17.9	211.6	-323.8	799.9	7701.4	6169.6	-90.8	
73.60	121.1	22.6	-78.6	-0.0	169.2	17.9	220.8	-325.1	815.9	7573.2	6366.9	-101.0	
73.65	123.8	22.7	-82.3	-0.0	168.8	17.9	221.6	-319.3	827.6	7531.0	6380.3	-113.8	
73.70	126.5	23.0	21.1	0.1	-164.4	17.9	216.3	-295.9	838.2	7207.5	6321.8	-100.7	
73.75	129.2	23.0	26.1	0.2	-159.0	17.9	206.5	-285.1	848.5	6792.0	6232.8	-84.6	
73.80	131.9	23.0	22.1	0.2	-158.1	17.9	199.7	-293.1	861.2	6754.3	6139.2	-86.2	
73.85	134.6	23.3	16.4	0.1	-157.2	17.9	195.5	-292.3	870.8	6791.4	6003.0	-90.2	
73.90	137.4	23.8	20.6	0.0	-152.0	17.9	189.3	-270.3	881.7	6528.3	5783.9	-69.2	
73.95	140.1	24.2	28.6	0.0	-147.5	17.9	186.8	-239.3	893.6	6271.0	5667.1	-48.0	
74.00	142.8	24.3	33.9	0.1	-149.2	17.9	193.2	-232.2	903.5	6285.6	5841.9	-45.5	
74.05	145.5	24.0	34.6	0.2	-154.7	17.9	207.6	-244.1	912.8	6348.1	6284.0	-50.7	
74.10	148.2	23.9	29.7	0.2	-158.1	17.9	222.8	-233.6	924.0	6226.2	6741.3	-54.3	
74.15	150.9	24.1	26.8	0.1	-159.4	17.9	230.6	-217.1	933.4	6039.1	7051.2	-47.7	
74.20	153.7	25.0	-69.5	-0.1	161.5	17.9	232.6	-208.9	938.0	6078.8	7242.7	-52.2	
74.25	156.4	25.6	-68.5	-0.2	163.3	17.9	231.0	-206.5	946.3	6172.0	7341.9	-58.6	
74.30	159.1	25.8	-58.6	-0.2	161.9	17.9	226.4	-206.9	955.8	5931.6	7405.5	-46.5	
74.35	161.9	25.9	-50.4	-0.0	158.8	17.9	220.3	-188.4	959.1	5503.0	7496.4	-34.2	
74.40	164.6	26.1	40.6	0.1	-157.4	17.9	218.7	-168.0	954.8	5094.9	7708.6	-34.9	
74.45	167.4	26.2	35.9	0.2	-158.2	17.9	226.2	-159.0	956.7	4773.4	7971.8	-43.3	
74.50	170.1	25.9	30.9	0.2	-159.3	17.9	240.2	-142.8	972.1	4584.1	8159.3	-56.7	
74.55	172.8	25.9	31.0	0.3	-158.4	18.0	246.1	-136.9	978.9	4340.1	8197.3	-57.2	
74.60	175.6	26.1	30.0	0.3	-154.0	18.0	235.0	-134.0	973.1	4150.8	7965.2	-56.1	
74.65	178.3	26.7	29.2	0.3	-148.4	18.0	221.3	-116.4	969.8	3950.9	7660.9	-49.2	
74.70	181.0	27.0	31.4	0.3	-143.7	18.0	216.1	-97.7	972.2	3570.0	7488.6	-36.1	
74.75	183.8	27.4	29.5	0.3	-144.0	18.0	223.8	-84.0	976.9	3324.5	7620.2	-41.8	
74.80	186.5	27.9	26.5	0.3	-147.5	18.0	234.0	-75.6	975.2	3185.2	7944.2	-57.7	
74.85	189.2	28.2	26.8	0.3	-148.7	18.0	237.8	-57.5	965.1	2551.7	8278.4	-59.3	
74.90	192.0	28.3	30.4	0.3	-150.6	18.1	246.9	-27.7	963.3	1778.1	8616.7	-40.6	
74.95	194.7	28.1	28.8	0.2	-153.1	18.1	256.9	-1.8	969.2	1321.1	8860.0	-44.9	
75.00	197.4	27.9	26.2	0.2	-154.7	18.1	260.3	-0.4	966.9	1068.0	9009.7	-58.1	
75.05	200.2	27.8	27.5	0.1	-154.9	18.1	258.7	9.5	956.5	657.2	9071.3	-55.5	
75.10	202.9	28.0	32.2	0.2	-153.9	18.1	255.4	30.9	951.1	93.7	9028.5	-51.0	
75.15	205.7	27.9	33.1	0.3	-152.9	18.1	252.1	36.3	945.4	-322.6	8956.6	-50.4	
75.20	208.4	27.6	24.2	0.3	-151.2	18.1	250.0	43.4	936.0	-452.7	8836.2	-72.1	
75.25	211.1	27.3	23.0	0.3	-147.5	18.1	243.9	51.1	924.3	-653.8	8562.5	-71.2	
75.30	213.9	27.3	28.2	0.4	-142.6	18.2	236.4	77.3	916.9	-1034.5	8156.3	-55.8	
75.35	216.6	27.1	31.6	0.5	-137.3	18.2	225.8	103.9	911.8	-1411.5	7702.2	-43.0	
75.40	219.3	26.6	31.0	0.6	-131.8	18.2	213.0	105.9	904.3	-1618.3	7272.3	-35.2	
75.45	222.1	26.3	29.2	0.5	-127.5	18.2	205.6	117.6	893.7	-1722.1	6925.3	-22.4	
75.50	224.8	26.1	29.4	0.4	-124.6	18.3	200.3	133.5	885.2	-1925.4	6639.5	-6.0	
75.55	227.5	26.0	27.1	0.2	-122.2	18.3	195.6	147.3	880.0	-1994.5	6415.4	-6.5	
75.60	230.3	25.7	26.0	0.1	-119.0	18.3	187.7	150.9	870.0	-1902.0	6211.4	-18.8	
75.65	233.0	25.8	29.5	0.2	-115.5	18.3	176.0	138.4	856.6	-1996.1	5963.2	-18.2	
75.70	235.8	25.9	31.5	0.2	-114.3	18.3	171.6	143.7	848.8	-2223.1	5797.1	-10.1	
75.75	238.5	26.2	27.5	0.2	-116.3	18.3	173.3	165.5	843.9	-2437.2	5827.8	-15.1	
75.80	241.3	26.8	28.1	0.1	-122.3	18.3	177.3	176.3	831.1	-2798.6	6145.6	-17.4	
75.85	244.0	26.9	32.5	0.1	-130.8	18.3	186.6	184.2	816.1	-3169.9	6651.9	-16.2	
75.90	246.7	25.9	40.2	0.1	-140.0	18.3	199.5	197.1	808.4	-3539.4	7191.9	-8.6	
75.95	249.5	26.1	46.0	0.2	-149.9	18.3	209.1	199.7	800.2	-3939.5	7812.8	0.6	
76.00	252.2	26.2	43.1	0.1	-160.8	18.3	218.5	208.5	779.2	-4077.0	8642.1	-7.3	
76.05	254.9	26.1	41.2	0.1	-171.2	18.3	234.0	218.8	756.7	-3955.9	9512.4	-21.6	
76.10	257.6	25.7	43.2	0.1	-179.6	18.3	260.4	209.3	747.6	-3813.2	10221.3	-33.3	
76.15	260.4	25.3	40.3	0.1	-187.6	18.4	294.7	199.2	744.0	-3623.5	10863.9	-56.3	
76.20	263.1	24.9	37.8	0.2	-196.2	18.4	318.5	197.6	728.9	-3673.8	11486.2	-75.0	
76.25	265.8	25.1	38.3	0.2	-203.3	18.4	322.7	202.3	702.8	-4126.5	11908.5	-70.6	
76.30	268.6	25.3	38.7	0.1	-205.8	18.4	318.6	220.9	682.8	-4523.0	11953.6	-55.8	
76.35	271.3	25.3	-76.3	-0.0	200.4	18.4	314.2	226.8	677.1	-4503.5	11531.1	-49.1	
76.40	274.0	25.2	44.8	0.0	-191.7	18.4	305.7	210.4	671.7	-4314.2	10956.3	-42.9	
76.45	276.8	25.2	47.9	0.1	-184.6	18.4	288.3	198.9	655.9	-4129.0	10531.3	-32.5	
76.50	279.5	25.1	46.4	0.2	-178.9	18.4	263.8	192.0	633.2	-3966.2	10222.5	-29.6	
76.55	282.3	24.7	42.2	0.1	-172.3	18.4	241.4	188.0	614.6	-3763.0	9843.6	-21.6	
76.60	285.0	24.8	38.3	0.0	-164.5	18.4	231.5	184.8	606.5	-3371.8	9395.9	-18.7	
76.65	287.8	25.0	-51.8	-0.0	159.0	18.4	232.0	183.9	601.2	-3044.7	9073.0	-13.1	
76.70	290.5	25.0	48.6	0.1	-158.2	18.4	237.7	179.4	591.7	-2970.4	9039.5	-3.6	
76.75	293.3	24.8	49.6	0.2	-160.3	18.4	247.8	173.8	579.0	-2887.7	9230.6	-8.3	
76.80	296.0	24.7	42.8	0.3	-162.3	18.4	267.0	161.4	568.5	-2504.7	9474.1	-27.3	
76.85	298.8	24.7	34.2	0.3	-162.6	18.4	285.8	147.3	564.1	-2044.4	9581.3	-46.5	
76.90	301.6	24.4	31.6	0.3	-159.5	18.5	286.3	137.0	562.3	-1728.4	9418.0	-47.8	
76.95	304.3	24.1	34.3	0.3	-152.6	18.5	257.0	124.7	546.1	-1566.7	9027.3	-39.8	
77.00	307.1	23.8	38.4	0.4	-144.1	18.5	215.5	108.9	514.2	-1423.5	8556.8	-22.9	
77.05	309.8	24.2	36.9	0.4	-134.6	18.5	185.0	103.1	496.1	-1327.5	7939.6	-10.9	
77.10	312.6	24.3	32.9	0.4	-126.5	18.5	178.7	100.8	501.2	-1218.8	7354.3	-7.0	
77.15	315.3	24.1	30.7	0.4	-127.5	18.5	196.0	96.0	495.9	-1131.0	7412.0	-19.2	
77.20	318.1	23.5	31.0	0.4	-136.8	18.6	224.1	97.4	472.6	-1138.3	8060.6	-39.9	
77.25	320.8	23.7	29.1	0.5	-146.6	18.6	254.0	89.3	458.5	-1207.7	8742.4	-59.7	
77.30	323.6	23.9	22.6	0.5	-151.0	18.6	277.6	79.3	464.9	-1254.8	9005.0	-72.8	
77.35	326.3	23.6	14.1	0.4	-148.9	18.6	282.3	79.9	469.3	-1137.7	8844.2	-83.2	
77.40	329.1	23.8	14.2	0.3	-142.3	18.7	261.2	77.4	452.7	-1019.0	8426.6	-80.6	
77.45	331.8	24.0	15.7	0.3	-133.5	18.7	231.3	65.1	437.8	-935.2	7876.3	-76.7	
77.50	334.6	23.8	14.0	0.4	-125.4	18.7	213.1	46.1	440.7	-656.3	7351.3	-89.1	
77.55	337.4	23.8	11.8	0.5	-122.1	18.7	209.3	20.9	440.4	-395.4	7139.2	-100.6	
77.60	340.2	23.8	7.0	0.6	-120.5	18.7	201.4	15.2	425.3	-463.5	7053.1	-105.1	
77.65	342.9	23.3	5.1	0.6	-121.5	18.8	203.0	33.7	411.6	-614.8	7116.4	-101.0	
77.70	345.7	23.1	5.8	0.5	-119.9	18.8	205.9	35.4	419.5	-644.9	6978.5	-97.5	
77.75	348.4	22.9	5.0	0.5	-115.7	18.8	204.0	27.4	429.7	-514.6	6669.1	-97.3	
77.80	351.2	22.8	4.5	0.5	-107.1	18.9	183.2	20.5	425.3	-328.1	6099.6	-89.0	
77.85	353.9	23.2	2.2	0.5	-97.7	18.9	156.1	11.1	414.2	-206.9	5478.8	-84.0	
77.90	356.7	23.4	-2.2	0.3	-88.2	18.9	132.7	2.7	416.6	267.1	4828.3	-80.6	
77.95	359.4	23.4	-5.6	0.2	-84.6	18.9	125.5	-17.5	421.4	990.5	4466.5	-89.0	
78.00	2.1	23.1	-3.9	0.2	-84.4	18.9	118.4	-46.2	413.1	1636.3	4256.8	-95.0	
78.05	4.9	23.2	-2.4	0.2	-87.2	18.9	119.2	-60.6	404.2	2177.4	4234.2	-100.4	
78.10	7.6	23.5	-3.7	0.3	-90.2	18.9	129.1	-74.0	407.5	2546.8	4236.8	-105.1	
78.15	10.4	23.5	-7.1	0.2	-89.1	19.0	131.9	-85.8	417.7	2724.9	3986.1	-104.8	
78.20	13.1	23.7	-12.0	0.0	-87.0	19.0	127.1	-89.7	419.5	2982.8	3595.8	-108.8	
78.25	15.8	23.9	-58.1	-0.1	82.9	19.0	106.3	-103.2	414.2	3232.1	2964.8	-103.0	
78.30	18.6	23.6	-56.0	-0.1	81.0	19.0	90.0	-113.6	413.4	3490.2	2434.6	-108.0	
78.35	21.3	23.4	-60.1	-0.1	82.7	19.0	76.1	-124.0	421.0	3938.3	1897.6	-126.5	
78.40	24.0	23.3	-58.5	-0.0	83.0	19.0	58.6	-150.2	416.3	4140.7	1345.2	-119.9	
78.45	26.7	23.6	-57.0	-0.1	85.0	18.9	38.4	-171.6	411.9	4411.8	675.9	-103.3	
78.50	29.4	23.6	-58.9	-0.2	88.5	18.9	21.2	-179.2	420.2	4710.6	15.8	-97.1	
78.55	32.1	23.5	-57.0	-0.3	88.8	18.9	22.8	-178.6	431.2	4728.6	-140.4	-93.4	
78.60	34.8	23.6	-50.2	-0.4	85.3	18.9	34.9	-158.5	441.0	4508.3	103.3	-82.6	
78.65	37.6	23.8	-42.9	-0.3	82.3	18.9	56.8	-155.8	447.6	4202.9	702.5	-77.3	
78.70	40.3	23.9	-46.5	-0.2	82.0	18.9	79.1	-171.9	456.7	3923.8	1393.2	-86.6	
78.75	43.0	24.0	-57.6	-0.2	84.7	18.9	94.6	-167.1	470.8	3878.6	1977.2	-111.3	
78.80	45.7	24.1	-65.1	-0.3	86.1	18.9	93.1	-169.3	481.5	3842.4	2231.6	-125.4	
78.85	48.5	24.1	-68.4	-0.4	87.9	18.8	79.0	-191.2	486.7	3983.3	2174.5	-133.3	
78.90	51.2	24.0	-74.2	-0.5	93.8	18.8	70.1	-217.9	496.0	4467.5	2044.8	-156.8	
78.95	54.0	23.7	-77.7	-0.4	98.0	18.8	69.3	-243.0	506.1	4734.5	2028.6	-179.1	
79.00	56.7	23.2	-78.5	-0.3	97.6	18.8	73.5	-239.2	514.7	4664.3	2118.3	-180.4	
79.05	59.4	22.6	-74.6	-0.3	96.6	18.8	80.8	-220.9	521.9	4527.2	2321.8	-162.8	
79.10	62.1	22.8	-70.9	-0.2	100.1	18.8	93.6	-229.8	532.3	4652.2	2544.8	-152.4	
79.15	64.9	22.7	-69.7	-0.1	104.6	18.7	105.4	-243.2	551.1	4944.8	2582.8	-150.1	
79.20	67.5	22.4	-4.5	0.0	-106.8	18.7	107.6	-243.2	570.8	5207.0	2397.9	-134.3	
79.25	70.2	22.3	0.7	0.0	-111.4	18.7	97.3	-250.6	584.5	5684.9	2102.8	-108.6	
79.30	72.9	22.3	-71.0	-0.2	122.6	18.7	85.5	-269.8	591.4	6583.9	1931.1	-100.7	
79.35	75.6	22.3	-76.7	-0.3	137.1	18.7	85.6	-295.5	601.5	7616.7	2004.1	-103.9	
79.40	78.3	21.8	-76.8	-0.4	149.8	18.7	103.8	-323.2	619.2	8409.0	2352.6	-106.9	
79.45	81.0	21.6	-78.0	-0.4	160.2	18.7	134.6	-345.1	636.7	8936.5	2962.6	-110.6	
79.50	83.7	21.5	-83.1	-0.3	169.1	18.7	159.4	-363.9	647.2	9308.5	3653.7	-118.5	
79.55	86.4	21.3	-85.9	-0.4	174.6	18.7	171.1	-372.5	654.3	9516.4	4129.1	-116.6	
79.60	89.1	21.0	-82.9	-0.4	176.0	18.6	174.4	-371.8	670.7	9579.6	4215.6	-104.4	
79.65	91.8	20.9	-76.7	-0.4	176.5	18.6	170.0	-376.4	693.6	9695.9	3985.3	-92.2	
79.70	94.5	21.3	-73.2	-0.3	178.0	18.6	158.4	-387.2	704.7	9845.8	3855.8	-84.9	
79.75	97.2	21.1	-77.5	-0.3	181.1	18.6	147.9	-393.5	702.1	10008.0	4071.4	-87.0	
79.80	99.8	21.0	-85.3	-0.3	186.8	18.6	150.6	-395.9	704.0	10284.5	4496.5	-96.4	
79.85	102.5	21.2	-90.5	-0.4	193.2	18.6	165.6	-404.8	719.9	10604.1	4838.2	-107.2	
79.90	105.1	21.4	-88.7	-0.4	195.3	18.5	179.6	-398.3	737.9	10667.3	5044.5	-107.4	
79.95	107.8	21.5	-79.2	-0.4	190.3	18.5	180.5	-373.8	745.1	10229.8	5207.8	-87.4	
80.00	110.5	21.2	-69.9	-0.4	181.4	18.5	175.4	-339.2	744.9	9450.3	5444.7	-61.0	
80.05	113.1	21.0	-69.5	-0.4	176.0	18.5	185.0	-307.6	756.2	8804.0	5823.7	-53.4	
80.10	115.8	20.8	-73.7	-0.6	176.6	18.5	210.6	-304.4	776.5	8394.9	6389.5	-59.5	
80.15	118.5	20.5	-80.2	-0.7	180.7	18.4	235.2	-306.9	791.3	8168.3	7064.5	-77.4	
80.20	121.2	20.5	-84.1	-0.8	184.1	18.4	243.5	-305.9	796.3	7975.3	7642.1	-92.7	
80.25	123.9	20.1	-82.6	-0.8	186.9	18.3	238.4	-320.7	803.2	7845.0	8032.2	-92.5	
80.30	126.5	19.5	-83.6	-0.8	190.8	18.3	235.1	-322.5	817.6	7942.5	8334.7	-97.7	
80.35	129.2	19.5	-84.0	-0.7	194.0	18.3	238.9	-320.4	830.5	7917.8	8672.6	-102.9	
80.40	131.9	19.5	-85.4	-0.6	197.2	18.2	255.9	-323.0	841.1	7647.5	9168.3	-108.5	
80.45	134.5	19.6	-92.0	-0.6	201.5	18.2	284.1	-295.8	854.8	7340.3	9815.4	-122.0	
80.50	137.1	19.5	-90.0	-0.6	202.2	18.2	298.3	-269.7	864.0	6792.6	10285.8	-104.3	
80.55	139.7	20.1	-83.2	-0.7	199.3	18.1	290.0	-260.3	871.7	6456.9	10282.1	-70.1	
80.60	142.4	20.7	-77.7	-0.8	195.5	18.1	273.1	-238.9	887.9	6714.1	9843.8	-56.9	
80.65	145.0	20.6	-64.9	-0.8	191.3	18.1	254.7	-232.4	905.3	7014.5	9287.1	-39.5	
80.70	147.6	20.4	-58.8	-0.7	190.4	18.0	241.6	-233.2	918.2	7369.2	8943.7	-27.5	
80.75	150.2	20.0	-64.1	-0.6	194.6	18.0	238.1	-234.6	923.7	7858.2	8948.0	-33.4	
80.80	152.9	19.6	-69.6	-0.6	199.2	18.0	240.6	-256.9	921.0	8123.4	9104.9	-37.3	
80.85	155.5	18.6	-76.7	-0.8	199.7	17.9	248.3	-244.3	927.5	8097.7	9192.1	-45.2	
80.90	158.2	18.1	-72.4	-0.9	194.4	17.9	249.5	-202.7	932.5	7576.7	9209.1	-34.7	
80.95	160.8	18.1	-56.9	-0.9	186.7	17.8	238.2	-184.2	924.7	6769.8	9182.8	-5.4	
81.00	163.5	18.9	-53.5	-0.9	184.2	17.8	235.6	-174.4	927.2	6390.5	9246.9	-5.7	
81.05	166.2	19.2	-56.1	-0.8	184.8	17.7	242.8	-168.9	938.1	6187.1	9413.2	-20.5	
81.10	168.9	19.1	-55.4	-0.7	185.3	17.7	247.2	-166.9	937.3	5840.3	9671.4	-18.1	
81.15	171.5	19.3	-59.6	-0.6	188.3	17.7	252.6	-147.1	926.7	5685.7	10056.3	-25.3	
81.20	174.2	19.2	-60.1	-0.5	192.4	17.7	261.6	-140.3	915.9	5539.0	10485.5	-33.8	
81.25	176.8	19.0	-60.6	-0.3	195.4	17.6	277.3	-138.2	912.6	5172.6	10882.5	-38.1	
81.30	179.5	19.1	-64.5	-0.1	194.8	17.6	289.5	-107.6	915.0	4533.3	11114.5	-44.5	
81.35	182.1	19.6	-56.2	-0.0	189.2	17.6	284.0	-76.9	907.7	3520.4	11079.6	-13.2	
81.40	184.8	20.0	-52.6	-0.1	182.0	17.6	273.1	-49.9	902.8	2541.2	10841.1	6.5	
81.45	187.5	19.6	-55.1	-0.2	175.8	17.6	269.3	-19.1	917.4	1911.9	10507.4	0.2	
81.50	190.1	19.8	-48.5	-0.2	170.6	17.6	265.6	-7.9	930.9	1332.4	10197.0	7.6	
81.55	192.8	19.9	-43.8	-0.2	166.4	17.6	255.8	5.4	926.1	823.6	9967.1	12.4	
81.60	195.5	19.7	-41.6	-0.1	162.5	17.6	240.9	18.8	913.2	455.0	9748.4	13.7	
81.65	198.1	19.7	-43.4	-0.1	159.3	17.6	231.7	15.1	908.8	220.0	9539.3	5.6	
81.70	200.8	19.7	-49.3	-0.1	157.9	17.6	234.0	26.1	912.5	144.4	9424.0	-10.3	
81.75	203.5	19.7	-52.7	-0.1	158.1	17.6	237.9	47.7	908.3	-75.2	9423.6	-18.5	
81.80	206.1	19.9	-49.5	-0.1	158.6	17.6	238.9	63.9	898.0	-526.7	9438.3	-16.0	
81.85	208.8	19.8	-51.3	-0.0	158.3	17.6	244.3	86.7	900.2	-836.0	9360.4	-26.0	
81.90	211.4	19.3	42.6	0.1	-155.8	17.6	247.3	102.3	906.0	-1069.5	9118.0	-24.8	
81.95	214.1	18.6	45.0	0.2	-150.9	17.6	237.6	111.6	898.2	-1328.6	8727.6	-9.7	
82.00	216.8	18.4	45.9	0.2	-145.9	17.6	221.1	127.6	879.3	-1441.2	8361.9	3.5	
82.05	219.5	18.5	47.6	0.4	-141.4	17.6	205.7	131.1	864.7	-1464.9	8055.5	8.2	
82.10	222.2	18.2	45.7	0.5	-136.6	17.6	194.8	123.5	857.8	-1323.2	7759.2	4.8	
82.15	224.9	18.3	41.4	0.5	-133.7	17.6	191.0	124.3	851.9	-1207.4	7567.8	2.1	
82.20	227.6	18.9	41.8	0.5	-134.6	17.7	191.8	128.2	842.1	-1454.9	7591.1	10.6	
82.25	230.3	18.9	40.2	0.4	-139.6	17.7	197.7	143.9	834.7	-1911.5	7842.5	6.2	
82.30	233.0	18.8	38.8	0.4	-146.8	17.7	207.2	170.9	829.9	-2456.0	8189.9	-5.3	
82.35	235.7	18.7	43.7	0.3	-153.7	17.7	215.0	192.0	822.0	-3186.9	8439.8	3.0	
82.40	238.4	19.3	46.6	0.2	-157.8	17.7	221.6	194.1	810.4	-3670.7	8569.8	12.8	
82.45	241.1	19.3	42.3	0.2	-158.3	17.7	227.2	192.5	802.0	-3597.3	8639.2	-1.8	
82.50	243.8	18.7	39.1	0.1	-157.1	17.8	225.6	185.0	790.8	-3380.8	8653.8	-17.6	
82.55	246.5	18.8	39.9	0.1	-154.8	17.8	219.6	178.2	776.3	-3219.6	8571.9	-21.9	
82.60	249.1	18.9	40.6	0.2	-152.4	17.8	215.3	178.9	766.0	-3145.5	8423.4	-23.5	
82.65	251.8	18.9	41.2	0.3	-152.6	17.8	213.0	178.6	752.3	-3324.3	8389.5	-25.4	
82.70	254.5	18.9	39.5	0.4	-156.5	17.8	214.2	201.5	734.3	-3732.2	8500.4	-26.6	
82.75	257.2	18.6	42.3	0.4	-161.3	17.8	218.9	233.7	719.7	-4266.2	8582.9	-14.0	
82.80	259.8	18.1	49.4	0.3	-165.2	17.8	225.7	248.8	710.9	-4776.8	8599.3	7.5	
82.85	262.5	18.4	49.0	0.3	-169.6	17.9	239.9	254.4	704.4	-4978.7	8828.4	3.1	
82.90	265.2	18.9	43.1	0.3	-173.3	17.9	249.9	250.6	692.7	-4867.6	9205.5	-19.6	
82.95	267.9	19.2	41.1	0.2	-174.9	17.9	246.6	236.4	675.2	-4722.5	9472.4	-25.2	
83.00	270.6	18.9	37.8	0.1	-172.1	17.9	238.3	215.3	659.9	-4367.5	9487.6	-24.4	
83.05	273.3	18.6	-62.0	-0.0	167.2	17.9	234.5	202.9	650.7	-3825.7	9362.6	-36.2	
83.10	276.0	18.2	39.5	0.0	-166.2	17.9	232.6	200.0	638.5	-3764.1	9326.7	-37.6	
83.15	278.8	17.7	47.6	0.2	-170.5	17.9	232.4	208.1	620.3	-4216.1	9484.2	-25.1	
83.20	281.5	17.8	50.4	0.4	-176.1	17.9	241.2	216.1	607.6	-4636.4	9729.4	-24.8	
83.25	284.2	18.1	46.5	0.4	-178.8	17.9	255.1	217.7	605.3	-4813.5	9842.5	-29.2	
83.30	286.9	18.8	39.8	0.4	-178.0	17.9	262.4	220.1	605.0	-4777.3	9766.6	-31.9	
83.35	289.6	18.7	41.3	0.3	-174.1	18.0	254.6	226.5	597.4	-4553.5	9562.0	-21.0	
83.40	292.3	18.4	51.3	0.3	-168.1	18.0	238.2	217.4	583.6	-4090.9	9342.8	-1.6	
83.45	295.1	18.2	48.6	0.5	-161.0	18.0	227.9	186.3	572.6	-3343.4	9157.7	-8.9	
83.50	297.8	18.4	40.4	0.5	-157.7	18.0	236.5	158.5	566.4	-2533.1	9192.2	-23.2	
83.55	300.5	18.7	35.8	0.4	-160.0	18.0	252.7	147.1	559.6	-2103.5	9458.2	-26.9	
83.60	303.2	18.9	35.8	0.3	-165.8	18.1	267.5	142.8	545.9	-2025.4	9902.6	-24.4	
83.65	305.9	18.4	38.8	0.2	-173.3	18.1	285.4	147.9	529.6	-2050.0	10433.3	-28.3	
83.70	308.7	18.4	40.7	0.2	-180.6	18.1	310.1	148.2	521.7	-2028.0	10943.0	-42.9	
83.75	311.4	18.9	37.8	0.2	-186.7	18.1	335.0	135.8	520.4	-1972.4	11369.5	-61.1	
83.80	314.1	19.7	35.2	0.2	-189.7	18.1	343.8	125.5	511.5	-1895.4	11610.2	-69.5	
83.85	316.9	20.2	35.9	0.2	-187.1	18.1	327.4	107.4	493.2	-1640.8	11525.1	-67.4	
83.90	319.6	20.5	38.0	0.3	-181.1	18.1	301.6	80.2	476.1	-1197.6	11233.8	-57.3	
83.95	322.3	20.5	36.0	0.4	-174.5	18.1	283.7	57.0	467.7	-683.5	10848.4	-61.0	
84.00	325.0	20.1	36.3	0.5	-171.3	18.2	279.0	45.3	461.3	-350.7	10644.4	-64.5	
84.05	327.8	19.6	36.1	0.7	-171.5	18.2	279.8	44.3	450.0	-235.7	10670.0	-66.5	
84.10	330.5	19.5	35.4	0.7	-175.6	18.2	290.0	54.6	438.1	-352.2	10949.2	-63.4	
84.15	333.2	19.5	36.3	0.7	-179.2	18.3	302.7	62.5	432.2	-572.7	11182.1	-53.3	
84.20	335.9	19.7	36.0	0.6	-178.2	18.3	307.6	64.0	434.8	-649.1	11084.0	-44.2	
84.25	338.7	20.0	32.1	0.5	-171.4	18.3	299.0	58.5	439.6	-371.7	10604.5	-47.2	
84.30	341.4	20.2	31.3	0.5	-160.1	18.4	273.7	41.3	439.5	98.1	9839.1	-43.5	
84.35	344.1	20.3	32.2	0.4	-150.4	18.4	247.6	17.5	433.7	638.8	9167.6	-38.3	
84.40	346.9	20.4	28.5	0.5	-143.8	18.4	228.0	-10.5	430.4	1342.7	8648.0	-49.6	
84.45	349.6	20.3	20.4	0.5	-141.8	18.4	219.3	-40.9	428.6	1988.4	8382.7	-73.8	
84.50	352.4	20.1	13.3	0.4	-144.8	18.4	226.8	-54.1	419.9	2217.4	8540.4	-92.8	
84.55	355.2	20.0	10.6	0.4	-147.5	18.5	235.5	-48.3	416.2	2218.3	8729.1	-100.5	
84.60	357.9	20.6	11.2	0.3	-149.4	18.5	245.8	-50.6	414.7	2178.1	8861.2	-103.8	
84.65	0.6	20.9	11.8	0.3	-147.3	18.5	244.7	-56.7	419.2	2224.0	8679.5	-103.5	
84.70	3.4	20.8	13.8	0.3	-142.4	18.5	235.4	-62.5	426.2	2426.2	8259.1	-97.9	
84.75	6.1	20.6	16.9	0.4	-135.8	18.5	211.7	-73.8	427.1	2701.4	7702.7	-87.8	
84.80	8.8	20.2	15.7	0.4	-134.4	18.5	193.7	-90.9	421.8	3217.2	7420.9	-89.1	
84.85	11.5	19.8	12.9	0.5	-135.8	18.6	178.6	-115.2	420.6	3916.1	7204.8	-95.2	
84.90	14.2	20.0	9.5	0.5	-142.2	18.6	183.9	-135.2	417.3	4444.6	7414.9	-109.3	
84.95	17.0	20.0	5.0	0.4	-151.5	18.6	201.8	-149.8	415.3	4939.7	7856.1	-126.2	
85.00	19.7	20.0	1.5	0.3	-157.0	18.6	214.2	-163.3	420.1	5168.0	8139.3	-138.5	
85.05	22.4	20.6	1.4	0.2	-158.8	18.6	222.6	-166.2	428.8	5159.0	8263.7	-137.3	
85.10	25.1	20.6	3.5	0.0	-157.8	18.7	227.2	-159.7	438.8	5010.1	8263.0	-129.5	
85.15	27.8	20.6	-84.2	-0.1	155.3	18.7	221.3	-163.1	447.8	4924.1	8094.0	-120.8	
85.20	30.5	21.2	-82.7	-0.1	152.9	18.6	207.0	-175.8	453.1	5027.2	7821.0	-124.1	
85.25	33.3	21.3	-85.5	-0.1	151.6	18.6	190.0	-200.2	456.4	5364.8	7452.1	-139.8	
85.30	36.0	21.2	-92.8	-0.1	155.5	18.6	188.2	-232.0	459.0	5977.0	7271.1	-160.9	
85.35	38.7	20.8	-99.0	-0.2	160.9	18.6	193.2	-262.1	462.4	6705.3	7060.1	-174.5	
85.40	41.4	20.2	-97.5	-0.2	161.3	18.6	187.9	-282.9	470.9	7234.8	6486.0	-171.4	
85.45	44.1	20.0	-88.9	-0.1	157.5	18.6	175.4	-289.9	478.9	7400.1	5834.9	-154.1	
85.50	46.8	20.2	-78.8	-0.1	149.6	18.6	159.0	-276.7	485.1	7133.1	5294.9	-132.2	
85.55	49.5	20.6	12.3	0.0	-141.0	18.6	145.3	-249.0	493.8	6720.5	4898.1	-109.6	
85.60	52.2	21.1	13.6	0.0	-135.0	18.6	136.8	-235.3	506.7	6458.6	4548.7	-87.6	
85.65	54.9	21.4	-66.0	-0.0	135.4	18.6	135.5	-238.6	522.3	6612.0	4336.6	-82.9	
85.70	57.6	21.1	-71.6	-0.1	141.5	18.6	140.5	-258.5	537.8	7117.7	4264.5	-91.5	
85.75	60.4	20.9	-80.1	-0.3	148.3	18.6	140.7	-289.3	548.1	7642.9	4215.9	-109.0	
85.80	63.1	20.7	-84.7	-0.4	151.7	18.6	129.6	-309.3	557.2	7972.2	4045.2	-119.5	
85.85	65.8	20.6	-84.5	-0.5	151.5	18.5	117.1	-310.4	568.4	8058.2	3843.2	-126.0	
85.90	68.6	20.2	-79.6	-0.5	149.1	18.5	108.7	-310.8	582.5	7906.0	3725.8	-124.0	
85.95	71.3	20.1	-73.1	-0.4	144.6	18.5	109.2	-304.8	595.3	7474.6	3847.0	-118.8	
86.00	74.1	20.3	-68.7	-0.3	139.0	18.5	118.8	-286.2	607.1	6838.5	4169.6	-119.8	
86.05	76.8	20.4	-70.1	-0.1	135.7	18.5	129.4	-279.6	622.9	6410.1	4360.3	-126.1	
86.10	79.5	20.2	-75.2	-0.0	136.2	18.5	136.5	-291.6	645.1	6452.1	4269.3	-130.5	
86.15	82.3	19.9	-75.6	-0.0	138.3	18.5	134.7	-301.2	663.8	6749.2	4014.5	-122.1	
86.20	85.0	19.6	12.5	0.1	-139.7	18.5	119.7	-301.8	672.9	7058.0	3710.4	-105.7	
86.25	87.7	19.9	18.1	0.2	-142.7	18.5	102.8	-313.4	681.0	7432.1	3411.2	-100.5	
86.30	90.4	20.8	21.1	0.4	-148.1	18.5	99.2	-328.4	698.6	7917.7	3182.5	-101.7	
86.35	93.1	20.8	21.1	0.5	-151.5	18.5	111.7	-334.8	719.2	8157.2	3154.3	-96.5	
86.40	95.8	21.2	19.2	0.5	-150.2	18.5	124.2	-325.2	737.0	8016.9	3240.3	-81.0	
86.45	98.6	21.8	16.6	0.4	-148.0	18.6	134.9	-300.3	749.7	7764.6	3531.2	-74.1	
86.50	101.3	22.1	20.0	0.3	-146.7	18.6	144.6	-281.9	760.0	7479.1	3944.9	-70.8	
86.55	104.0	22.0	24.0	0.3	-147.8	18.6	155.5	-284.3	773.8	7302.6	4369.1	-66.1	
86.60	106.8	21.8	21.8	0.3	-153.2	18.6	167.0	-288.6	790.6	7495.2	4748.8	-77.6	
86.65	109.5	22.0	16.0	0.3	-160.9	18.6	172.6	-310.1	804.6	7937.3	5010.4	-99.7	
86.70	112.2	22.0	10.0	0.2	-167.4	18.6	169.7	-329.5	811.8	8380.2	5125.5	-123.9	
86.75	115.0	22.0	9.9	0.2	-170.5	18.6	163.9	-341.8	822.6	8624.3	5118.8	-129.9	
86.80	117.7	22.0	14.8	0.2	-168.7	18.7	155.6	-346.5	833.7	8533.1	4982.4	-121.9	
86.85	120.5	21.8	15.2	0.2	-161.4	18.7	143.9	-328.1	836.9	8094.5	4751.2	-114.5	
86.90	123.2	21.9	17.3	0.3	-149.1	18.7	130.9	-291.2	838.1	7291.4	4501.6	-94.8	
86.95	125.9	22.3	23.0	0.3	-138.5	18.7	125.9	-257.1	848.2	6503.7	4405.4	-67.1	
87.00	128.6	22.8	25.5	0.4	-134.6	18.7	127.3	-235.9	862.7	6172.0	4439.0	-52.8	
87.05	131.4	23.3	25.8	0.4	-135.9	18.7	130.2	-237.9	873.1	6215.7	4519.5	-50.1	
87.10	134.1	23.7	23.9	0.4	-140.8	18.8	138.7	-240.5	886.8	6522.6	4674.4	-59.9	
87.15	136.8	23.5	21.4	0.4	-146.8	18.8	155.2	-230.9	903.2	6782.0	5072.5	-70.2	
87.20	139.5	23.5	19.1	0.3	-154.0	18.8	175.0	-236.2	909.6	6868.2	5760.2	-76.0	
87.25	142.3	23.8	14.4	0.1	-162.8	18.8	200.7	-243.7	913.5	6898.2	6619.7	-93.4	
87.30	145.0	23.5	-84.7	-0.0	167.0	18.8	226.2	-230.6	918.2	6513.7	7398.5	-106.1	
87.35	147.8	23.0	-77.2	-0.1	164.1	18.8	236.8	-205.1	922.7	5600.7	7870.7	-90.0	
87.40	150.5	22.4	-69.0	-0.1	159.8	18.8	233.1	-176.2	927.6	4780.5	8084.7	-69.9	
87.45	153.3	22.5	-62.0	-0.1	157.8	18.8	225.9	-163.8	934.2	4353.1	8192.8	-59.9	
87.50	156.0	22.4	33.2	0.0	-158.1	18.8	225.4	-164.6	947.2	4157.6	8306.4	-60.5	
87.55	158.8	22.2	33.5	0.2	-160.0	18.8	231.2	-158.0	963.0	4079.3	8483.7	-67.9	
87.60	161.5	22.2	32.2	0.4	-164.0	18.8	236.5	-163.1	967.3	4177.6	8748.3	-77.2	
87.65	164.2	22.0	27.8	0.5	-168.6	18.8	241.7	-167.4	963.3	4413.2	9004.6	-86.4	
87.70	166.9	21.9	25.2	0.5	-170.7	18.9	249.9	-156.3	967.2	4464.5	9147.6	-81.4	
87.75	169.7	21.5	28.3	0.4	-168.5	18.9	255.6	-128.6	974.9	4121.2	9149.8	-63.7	
87.80	172.4	21.2	34.0	0.4	-164.3	18.9	252.0	-92.1	973.3	3663.9	9056.6	-42.1	
87.85	175.1	20.9	38.8	0.3	-159.3	18.9	242.3	-73.1	969.4	3261.9	8857.6	-21.6	
87.90	177.9	20.6	38.7	0.2	-155.4	18.9	239.3	-70.3	979.8	3016.3	8630.4	-12.0	
87.95	180.6	20.6	38.0	0.2	-153.3	18.9	241.5	-52.5	995.6	3006.4	8464.2	-15.2	
88.00	183.4	20.7	38.6	0.1	-152.0	18.9	234.4	-51.3	994.1	3018.9	8377.1	-13.5	
88.05	186.2	20.6	40.5	0.1	-153.2	18.9	229.2	-61.6	983.7	3047.9	8479.6	-14.8	
88.10	189.0	21.3	41.6	0.2	-157.7	19.0	238.8	-61.7	985.1	3046.2	8807.7	-24.4	
88.15	191.8	22.0	42.4	0.3	-163.6	19.0	257.4	-58.1	987.0	2695.2	9338.4	-32.7	
88.20	194.6	21.8	39.0	0.4	-169.4	19.0	271.6	-47.0	977.5	2224.5	9879.6	-42.3	
88.25	197.4	21.4	39.1	0.4	-173.2	19.0	281.3	-28.3	964.1	1773.7	10253.7	-41.9	
88.30	200.1	21.2	43.3	0.5	-173.0	19.0	286.8	-13.0	962.6	1303.4	10295.5	-37.6	
88.35	202.9	21.2	43.8	0.7	-169.5	19.1	287.0	10.4	968.9	908.8	10068.2	-40.0	
88.40	205.7	21.1	42.1	0.8	-163.1	19.1	273.9	29.5	964.5	602.6	9641.6	-40.8	
88.45	208.4	21.0	42.4	1.0	-154.7	19.1	252.0	36.4	947.1	274.0	9099.8	-26.3	
88.50	211.2	20.7	38.8	1.0	-146.0	19.2	231.8	51.6	939.6	47.1	8497.3	-16.4	
88.55	214.0	20.6	38.3	1.0	-139.4	19.2	216.8	74.0	938.7	-304.4	8019.4	-2.8	
88.60	216.7	20.7	42.1	0.9	-136.4	19.3	201.4	98.7	926.3	-849.2	7773.4	15.2	
88.65	219.5	20.8	45.4	0.9	-137.6	19.3	193.4	121.3	909.9	-1316.7	7800.9	26.2	
88.70	222.3	20.8	47.5	0.8	-141.5	19.4	200.6	136.5	906.2	-1658.9	7994.7	29.2	
88.75	225.0	20.6	47.1	0.7	-147.3	19.4	219.1	147.8	915.5	-1958.2	8310.0	24.2	
88.80	227.8	20.2	44.3	0.6	-154.1	19.4	234.5	154.3	915.6	-2127.4	8750.0	11.4	
88.85	230.6	20.2	43.5	0.5	-161.2	19.5	242.9	153.2	900.7	-2193.0	9280.8	0.6	
88.90	233.4	20.4	41.9	0.4	-167.5	19.5	249.6	148.2	886.6	-2182.2	9767.8	-11.8	
88.95	236.2	20.7	42.3	0.4	-172.3	19.5	259.7	149.9	880.2	-2138.0	10133.3	-18.5	
89.00	239.0	20.4	46.4	0.4	-175.5	19.5	265.3	146.6	869.7	-2110.5	10383.1	-20.5	
89.05	241.8	20.0	51.1	0.5	-177.1	19.6	264.2	143.5	850.3	-2061.9	10539.9	-18.8	
89.10	244.5	19.7	53.1	0.7	-177.9	19.6	262.9	152.0	833.4	-2093.3	10599.1	-16.2	
89.15	247.3	20.4	54.8	0.8	-178.8	19.6	265.5	170.3	825.0	-2374.1	10581.5	-5.4	
89.20	250.1	20.9	55.5	0.8	-179.9	19.7	271.5	188.1	818.9	-2650.4	10556.1	6.6	
89.25	252.9	21.2	54.2	0.8	-180.9	19.7	276.9	195.1	807.1	-2735.2	10602.6	10.5	
89.30	255.6	21.3	52.0	0.7	-181.2	19.7	279.5	193.3	793.9	-2772.3	10618.5	11.6	
89.35	258.4	21.5	49.8	0.5	-179.2	19.8	278.1	192.4	787.2	-2851.8	10452.6	13.7	
89.40	261.2	21.6	52.0	0.4	-174.4	19.8	265.0	198.6	779.4	-2898.2	10090.2	20.5	
89.45	264.0	21.5	57.5	0.3	-170.1	19.8	242.8	198.5	759.0	-3024.1	9779.8	33.3	
89.50	266.8	21.8	60.9	0.3	-170.0	19.8	233.2	196.1	737.3	-3104.6	9796.9	38.3	
89.55	269.6	22.4	57.5	0.4	-173.5	19.8	245.6	193.3	726.5	-2991.1	10093.0	21.2	
89.60	272.4	23.3	54.1	0.4	-179.5	19.9	269.6	183.3	717.3	-2962.1	10536.7	4.8	
89.65	275.2	23.3	49.4	0.3	-185.9	19.9	294.6	180.8	705.3	-3012.4	10980.3	-13.0	
89.70	278.0	23.2	45.4	0.3	-191.4	19.9	314.4	183.4	693.1	-3059.5	11348.3	-31.4	
89.75	280.8	22.9	45.5	0.3	-192.3	19.9	320.0	179.0	682.9	-3128.9	11402.8	-36.1	
89.80	283.6	23.3	48.1	0.3	-189.4	19.9	313.7	180.2	673.9	-3106.0	11204.3	-29.2	
89.85	286.4	23.2	54.3	0.5	-186.6	20.0	297.7	182.3	653.1	-3074.0	11044.0	-14.4	
89.90	289.2	22.6	58.4	0.6	-184.3	20.0	282.3	173.3	623.5	-2884.8	10993.7	-4.0	
89.95	291.9	22.3	52.7	0.7	-180.6	20.0	280.1	161.3	607.5	-2359.1	10873.0	-15.7	
90.00	294.7	22.3	43.6	0.8	-176.4	20.0	286.8	136.2	602.7	-1851.3	10666.2	-33.3	
90.05	297.5	22.3	35.7	0.7	-173.0	20.1	290.4	123.8	595.6	-1580.6	10458.2	-44.0	
90.10	300.3	21.9	32.0	0.6	-170.3	20.1	284.2	127.1	583.1	-1645.9	10265.2	-43.8	
90.15	303.1	21.8	37.3	0.5	-169.0	20.1	272.6	138.5	567.9	-2161.9	10101.7	-21.0	
90.20	305.9	21.9	44.2	0.3	-168.9	20.2	267.6	156.7	558.3	-2580.2	9986.3	-2.5	
90.25	308.7	22.3	43.3	0.3	-170.1	20.2	275.3	149.5	552.1	-2445.3	10107.2	-15.4	
90.30	311.6	22.8	38.9	0.3	-172.8	20.2	290.3	120.5	544.9	-1953.9	10425.0	-45.0	
90.35	314.4	22.9	33.0	0.4	-174.4	20.2	300.1	97.2	538.9	-1414.9	10633.6	-72.5	
90.40	317.2	22.4	28.0	0.5	-171.6	20.2	294.1	72.7	527.8	-1014.0	10515.4	-89.1	
90.45	320.0	22.5	22.7	0.6	-165.2	20.3	278.5	55.1	512.4	-684.4	10123.1	-95.9	
90.50	322.9	22.7	14.2	0.6	-155.7	20.3	263.3	50.5	506.7	-412.4	9469.4	-104.7	
90.55	325.7	23.0	11.1	0.6	-145.3	20.3	252.4	45.6	508.5	-369.0	8715.9	-104.5	
90.60	328.5	22.9	14.6	0.6	-137.2	20.4	242.4	58.1	498.9	-640.0	8115.9	-96.1	
90.65	331.3	22.6	22.9	0.8	-132.5	20.4	232.2	81.4	475.0	-1093.3	7736.2	-75.8	
90.70	334.1	22.3	21.1	1.0	-124.7	20.4	218.2	82.1	464.7	-1242.7	7160.3	-72.9	
90.75	336.9	22.1	9.7	1.0	-112.7	20.5	203.2	63.9	471.9	-909.2	6343.1	-81.7	
90.80	339.7	22.2	1.0	0.9	-98.2	20.5	178.1	44.2	474.0	-442.7	5378.8	-81.7	
90.85	342.5	22.4	-0.5	0.7	-84.5	20.6	145.0	32.9	460.8	-237.9	4467.7	-68.9	
90.90	345.4	22.5	-3.2	0.6	-74.8	20.6	122.3	24.3	454.9	24.0	3812.5	-67.4	
90.95	348.2	22.3	-13.2	0.4	-73.3	20.6	124.0	-0.0	463.0	475.5	3665.1	-99.2	
91.00	351.0	21.9	-16.3	0.4	-83.3	20.7	152.0	-22.1	459.0	608.1	4322.5	-130.8	
91.05	353.8	21.5	-12.2	0.4	-94.0	20.7	171.7	-20.9	449.3	432.0	5112.3	-137.2	
91.10	356.6	21.7	-7.0	0.5	-101.6	20.7	181.1	-25.9	444.7	352.7	5664.2	-134.8	
91.15	359.4	21.8	-4.5	0.5	-106.4	20.7	184.7	-50.9	449.0	581.4	5983.2	-131.6	
91.20	2.2	21.8	-6.8	0.6	-110.7	20.8	189.1	-69.7	459.3	1263.8	6173.8	-138.9	
91.25	5.0	22.1	-8.3	0.6	-116.2	20.8	194.4	-94.9	464.9	2008.7	6362.4	-146.1	
91.30	7.8	22.9	-10.2	0.6	-121.0	20.8	194.0	-131.3	462.0	2750.0	6417.7	-154.3	
91.35	10.7	23.9	-13.3	0.6	-126.6	20.8	199.3	-153.5	460.1	3482.2	6478.8	-169.9	
91.40	13.5	23.5	-14.2	0.6	-126.8	20.9	195.5	-173.8	462.5	4037.9	6133.6	-176.7	
91.45	16.3	23.7	-9.4	0.6	-118.5	20.9	174.7	-175.8	465.5	4186.2	5292.9	-151.5	
91.50	19.1	24.0	-0.4	0.6	-106.4	20.9	149.6	-151.9	466.0	4072.4	4317.8	-110.5	
91.55	21.9	23.3	10.1	0.7	-97.6	21.0	125.1	-149.6	473.6	4221.0	3239.2	-72.5	
91.60	24.7	22.9	10.0	0.7	-97.5	21.0	113.4	-168.5	486.2	4701.8	2385.8	-67.7	
91.65	27.5	22.9	7.0	0.6	-102.7	21.0	115.6	-180.2	494.7	5283.3	1945.6	-69.2	
91.70	30.4	23.5	4.5	0.5	-108.0	21.1	105.4	-200.6	499.0	5820.6	1429.0	-72.0	
91.75	33.2	23.6	2.4	0.3	-109.8	21.1	88.0	-218.7	493.6	6037.2	911.4	-77.7	
91.80	36.0	23.7	3.7	0.2	-112.0	21.1	68.8	-222.8	496.2	6268.2	351.0	-82.8	
91.85	38.8	24.2	6.4	0.1	-114.9	21.1	59.1	-234.1	503.5	6470.7	-8.6	-88.1	
91.90	41.6	24.4	11.0	0.2	-111.7	21.1	61.6	-238.9	505.6	6205.1	22.4	-79.1	
91.95	44.4	24.8	7.7	0.2	-106.9	21.1	69.9	-233.2	513.2	5840.1	239.9	-90.1	
92.00	47.2	25.6	-1.4	0.3	-102.8	21.1	80.3	-239.3	524.2	5480.5	487.9	-119.7	
92.05	50.0	25.8	-10.1	0.3	-100.6	21.1	81.8	-248.6	536.4	5277.8	498.4	-136.5	
92.10	52.8	25.8	-15.4	0.3	-98.1	21.1	64.9	-242.1	544.3	5130.4	171.5	-140.1	
92.15	55.6	25.7	-10.3	0.2	-92.6	21.2	33.8	-234.0	547.9	4745.2	-336.5	-127.6	
92.20	58.4	25.1	-7.4	0.3	-89.5	21.2	6.5	-226.5	558.1	4463.6	-837.6	-124.4	
92.25	61.2	24.5	-10.0	0.4	-91.7	21.2	-2.7	-232.8	575.2	4528.4	-1184.2	-136.5	
92.30	64.0	24.0	-12.6	0.4	-95.3	21.2	-0.3	-257.3	590.0	4668.0	-1375.4	-137.0	
92.35	66.7	23.6	-14.7	0.3	-97.3	21.2	9.3	-261.5	605.2	4776.8	-1455.6	-129.8	
92.40	69.5	23.3	-11.1	0.1	-96.9	21.2	13.2	-246.7	624.7	4718.4	-1641.5	-118.8	
92.45	72.3	23.1	-2.1	0.1	-95.4	21.2	8.7	-238.2	639.9	4509.8	-1909.9	-98.6	
92.50	75.1	22.5	1.8	0.1	-98.5	21.2	6.3	-239.2	652.1	4646.4	-2135.3	-89.2	
92.55	77.9	22.0	6.6	0.1	-105.5	21.3	8.1	-257.2	667.2	5058.5	-2354.5	-84.5	
92.60	80.7	21.6	8.6	0.1	-112.6	21.3	12.0	-273.1	681.6	5546.0	-2452.7	-80.3	
92.65	83.5	21.5	10.0	0.0	-118.8	21.3	17.2	-274.2	691.0	6097.5	-2304.0	-78.8	
92.70	86.3	21.1	13.8	0.0	-126.5	21.3	25.0	-302.8	696.9	6732.7	-1969.9	-78.6	
92.75	89.1	20.6	16.7	0.1	-136.3	21.3	35.9	-338.7	707.8	7450.5	-1682.2	-83.7	
92.80	91.8	20.3	17.7	0.0	-142.0	21.3	49.2	-340.1	723.0	7917.3	-1445.6	-79.7	
92.85	94.6	20.6	23.2	0.0	-140.3	21.3	53.1	-325.7	730.5	7853.7	-1278.7	-59.6	
92.90	97.4	21.2	-55.6	-0.0	137.3	21.3	52.0	-307.6	732.8	7702.2	-1117.2	-48.6	
92.95	100.1	21.1	-54.9	-0.0	137.4	21.3	55.1	-303.0	742.0	7735.8	-952.0	-51.4	
93.00	102.9	21.1	-54.0	-0.0	137.7	21.3	57.5	-311.9	759.0	7717.6	-934.2	-47.9	
93.05	105.6	21.0	-54.5	-0.1	135.8	21.3	56.4	-302.1	774.9	7577.8	-999.4	-44.3	
93.10	108.4	21.3	-54.9	-0.1	133.8	21.3	48.4	-286.4	781.8	7464.4	-1063.9	-46.3	
93.15	111.1	21.2	-56.1	-0.2	134.8	21.2	40.1	-290.8	789.5	7519.5	-1088.9	-53.2	
93.20	113.8	21.1	-59.7	-0.2	136.7	21.2	36.9	-301.1	804.4	7622.7	-1126.2	-62.4	
93.25	116.6	21.2	-60.4	-0.3	135.4	21.2	34.0	-306.4	815.9	7482.2	-1227.7	-65.3	
93.30	119.3	21.0	-57.9	-0.3	129.9	21.2	26.0	-293.8	818.1	7066.4	-1384.4	-59.9	
93.35	122.1	20.7	-54.8	-0.4	122.2	21.2	20.4	-268.0	822.8	6532.2	-1468.6	-51.9	
93.40	124.8	20.5	-50.0	-0.5	114.2	21.2	21.3	-253.7	834.1	5953.0	-1420.8	-45.3	
93.45	127.6	20.7	-44.8	-0.5	107.2	21.1	27.7	-251.1	850.1	5447.7	-1239.6	-45.1	
93.50	130.3	20.7	-42.0	-0.5	100.4	21.1	36.2	-235.8	860.2	5013.2	-941.5	-55.0	
93.55	133.0	20.4	-41.4	-0.3	93.1	21.1	44.7	-217.1	868.6	4561.0	-507.9	-64.0	
93.60	135.7	20.5	-44.3	-0.3	88.2	21.1	59.2	-203.0	879.1	4236.9	147.0	-75.3	
93.65	138.5	20.2	-53.8	-0.2	89.3	21.1	82.0	-205.4	888.5	4167.2	1006.9	-96.4	
93.70	141.2	19.2	-62.0	-0.2	94.0	21.1	106.0	-208.0	889.7	4207.8	1876.9	-119.0	
93.75	143.9	19.2	-67.8	-0.3	98.3	21.0	124.7	-205.7	889.3	4189.9	2563.7	-130.1	
93.80	146.6	19.4	-70.2	-0.4	101.6	21.0	140.2	-198.7	899.1	4146.5	3057.7	-127.1	
93.85	149.3	19.9	-68.3	-0.5	104.8	21.0	152.9	-187.6	913.6	4114.0	3473.7	-114.3	
93.90	152.0	19.7	-63.7	-0.6	108.1	21.0	161.8	-177.7	918.9	4026.9	3937.1	-100.4	
93.95	154.7	19.5	-58.6	-0.6	111.6	20.9	168.6	-168.8	923.8	3925.7	4404.2	-88.2	
94.00	157.4	19.4	-56.1	-0.6	115.5	20.9	176.3	-161.2	936.0	3906.6	4800.0	-79.5	
94.05	160.1	19.7	-56.3	-0.6	119.6	20.9	181.9	-154.9	945.7	3965.2	5135.8	-69.7	
94.10	162.8	19.9	-58.8	-0.7	125.4	20.9	185.4	-152.1	948.6	4222.3	5483.7	-61.9	
94.15	165.5	20.1	-60.2	-0.8	132.5	20.8	190.7	-151.6	951.2	4611.8	5852.7	-58.3	
94.20	168.1	20.3	-58.0	-0.9	137.9	20.8	195.7	-153.5	957.9	4880.0	6136.2	-55.1	
94.25	170.8	20.1	-56.2	-0.9	141.7	20.7	200.4	-153.1	965.1	5030.4	6364.9	-54.6	
94.30	173.5	20.0	-56.2	-0.8	145.2	20.7	205.7	-147.0	965.9	5138.3	6610.9	-54.2	
94.35	176.2	19.9	-53.9	-0.8	146.7	20.7	208.8	-140.3	962.9	5083.8	6800.5	-43.4	
94.40	178.9	19.9	-50.9	-0.7	147.1	20.6	213.0	-134.9	960.8	4963.1	6925.1	-32.2	
94.45	181.5	19.9	-51.5	-0.7	149.0	20.6	223.2	-124.4	960.9	4945.8	7101.9	-38.1	
94.50	184.2	19.8	-53.5	-0.6	151.0	20.5	228.8	-118.3	955.4	4969.9	7267.0	-44.7	
94.55	186.9	19.3	-53.7	-0.5	150.4	20.5	224.8	-110.5	942.4	4856.6	7331.9	-37.4	
94.60	189.5	19.1	-49.0	-0.6	148.1	20.5	220.7	-96.3	932.0	4564.4	7352.0	-16.9	
94.65	192.2	19.2	-44.1	-0.6	145.6	20.5	220.0	-81.4	927.0	4138.9	7406.1	-5.2	
94.70	194.8	18.8	-44.6	-0.6	144.7	20.4	222.0	-60.7	919.5	3665.9	7603.1	-8.2	
94.75	197.5	18.6	-48.2	-0.6	144.7	20.4	225.0	-32.9	909.0	3019.3	7894.4	-14.7	
94.80	200.1	18.5	-47.4	-0.7	143.6	20.4	226.2	-5.8	901.1	2105.1	8113.6	-5.7	
94.85	202.8	18.6	-46.0	-0.8	143.0	20.3	226.9	19.2	899.9	1158.8	8248.5	1.2	
94.90	205.4	18.7	-46.5	-0.9	143.9	20.3	226.8	36.6	898.1	434.9	8383.1	-5.4	
94.95	208.1	18.7	-47.0	-0.9	146.0	20.2	224.3	48.9	890.8	-132.3	8561.3	-13.9	
95.00	210.7	18.4	-46.8	-0.9	149.0	20.2	222.1	61.4	881.5	-610.9	8772.7	-16.0	
95.05	213.4	18.2	-46.5	-0.8	153.2	20.2	226.7	72.8	874.7	-917.1	9043.7	-16.5	
95.10	216.0	18.1	-50.3	-0.7	158.9	20.1	238.7	75.4	867.8	-1029.0	9436.2	-26.3	
95.15	218.6	17.6	-57.5	-0.7	163.9	20.1	249.5	72.8	856.2	-1018.3	9801.5	-39.0	
95.20	221.2	17.5	-60.8	-0.7	166.2	20.0	255.4	84.0	845.1	-1082.2	9952.2	-37.0	
95.25	223.8	17.4	-57.2	-0.8	165.5	20.0	253.5	108.9	839.0	-1396.3	9845.0	-17.6	
95.30	226.4	17.2	-50.5	-1.0	165.2	20.0	251.8	127.8	833.0	-1660.2	9760.6	7.6	
95.35	229.0	17.3	-48.8	-1.0	166.0	19.9	254.7	137.3	824.4	-1579.0	9826.3	10.0	
95.40	231.6	17.5	-46.9	-1.1	167.2	19.9	258.0	137.3	813.4	-1381.1	9947.3	10.1	
95.45	234.2	17.9	-43.5	-1.1	167.6	19.8	259.8	143.1	804.5	-1268.6	9983.8	19.1	
95.50	236.8	17.3	-39.9	-1.1	166.5	19.8	257.7	141.4	795.5	-1083.7	9940.2	28.2	
95.55	239.4	17.2	-37.9	-1.0	164.7	19.7	248.2	124.3	779.7	-778.9	9892.7	29.0	
95.60	242.1	17.4	-38.8	-1.0	164.2	19.7	239.0	121.2	758.1	-551.7	9913.9	28.8	
95.65	244.7	17.9	-39.9	-1.0	165.6	19.6	239.9	133.2	742.5	-642.7	10003.6	32.4	
95.70	247.3	18.2	-41.3	-1.1	168.9	19.5	253.0	146.5	737.0	-921.8	10187.0	31.3	
95.75	249.9	18.4	-45.1	-1.1	172.4	19.5	266.3	147.0	729.9	-1081.6	10407.3	16.8	
95.80	252.5	18.4	-46.9	-1.0	172.8	19.4	266.3	132.3	709.6	-1147.4	10464.5	5.0	
95.85	255.1	18.5	-42.7	-0.9	169.9	19.4	256.5	139.0	687.1	-1324.8	10255.4	15.1	
95.90	257.7	18.8	-35.7	-0.9	165.0	19.3	245.9	169.1	675.9	-1546.2	9839.3	35.6	
95.95	260.3	19.2	-29.1	-0.8	160.0	19.3	236.2	170.2	664.4	-1557.5	9483.7	48.6	
96.00	262.9	18.7	-28.7	-0.7	157.5	19.3	231.7	146.6	645.9	-1312.6	9400.8	42.6	
96.05	265.5	18.5	-32.8	-0.6	158.1	19.2	234.3	135.0	628.6	-1208.8	9482.0	35.4	
96.10	268.1	19.1	-36.7	-0.7	160.2	19.2	241.4	148.7	616.8	-1430.9	9582.1	43.3	
96.15	270.6	19.5	-40.8	-0.9	164.5	19.2	251.9	177.8	608.7	-1712.2	9799.0	49.7	
96.20	273.2	19.8	-39.7	-1.0	170.4	19.1	257.6	194.3	595.5	-1996.5	10164.7	52.2	
96.25	275.8	20.0	-34.4	-1.0	175.8	19.1	257.1	188.4	577.0	-2423.9	10519.9	55.7	
96.30	278.4	19.7	-34.5	-0.9	179.2	19.0	259.9	185.4	564.5	-2736.8	10715.2	51.2	
96.35	281.0	19.8	-41.8	-0.9	179.8	19.0	265.4	186.6	557.4	-2763.9	10748.6	35.9	
96.40	283.6	20.1	-47.9	-1.0	179.3	18.9	264.5	176.7	547.6	-2572.1	10780.6	26.2	
96.45	286.2	20.5	-49.2	-1.0	180.7	18.9	260.9	159.6	530.6	-2274.3	11011.1	18.1	
96.50	288.8	20.3	-45.8	-0.9	185.8	18.8	264.8	148.2	509.6	-2174.6	11444.0	11.5	
96.55	291.4	19.7	-46.6	-0.7	191.1	18.8	277.3	146.7	493.3	-2208.8	11829.7	1.4	
96.60	294.0	19.9	-53.3	-0.6	193.2	18.8	287.2	152.3	484.2	-2260.9	11952.9	-6.3	
96.65	296.5	19.8	-54.1	-0.5	191.6	18.7	284.5	155.2	475.4	-2384.3	11817.4	4.5	
96.70	299.1	19.7	-49.5	-0.6	188.3	18.7	276.1	163.7	464.9	-2475.3	11560.3	19.5	
96.75	301.7	20.3	-42.6	-0.5	184.3	18.7	268.9	179.1	457.3	-2594.5	11224.1	30.9	
96.80	304.3	19.9	-40.1	-0.4	179.4	18.7	264.5	174.6	455.8	-2554.7	10873.8	31.7	
96.85	306.9	19.3	-46.7	-0.4	175.1	18.6	259.9	154.3	453.3	-2252.3	10653.6	16.1	
96.90	309.5	18.9	-50.6	-0.5	171.5	18.6	248.4	139.0	442.4	-1950.9	10496.3	12.0	
96.95	312.1	18.5	-48.0	-0.7	166.6	18.6	230.9	132.5	426.5	-1701.0	10232.3	16.8	
97.00	314.7	18.3	-44.5	-0.7	161.7	18.5	221.4	128.1	415.8	-1355.7	9946.6	11.3	
97.05	317.3	18.2	-40.7	-0.5	158.6	18.5	224.5	106.3	413.6	-1033.6	9773.8	3.2	
97.10	319.9	18.2	-43.3	-0.4	158.5	18.5	237.0	78.2	413.6	-774.4	9785.3	-11.9	
97.15	322.6	18.2	-53.9	-0.3	161.0	18.5	254.2	62.8	407.1	-542.8	9958.7	-32.7	
97.20	325.2	18.5	-66.1	-0.4	163.1	18.5	266.7	65.4	396.0	-316.0	10102.6	-54.8	
97.25	327.7	18.4	-69.0	-0.5	162.5	18.4	268.5	71.7	386.6	-114.3	10054.0	-60.7	
97.30	330.3	18.4	-60.7	-0.5	159.6	18.4	261.1	64.1	377.2	-6.6	9872.4	-49.3	
97.35	333.0	18.3	-52.3	-0.4	152.0	18.4	241.4	44.7	366.7	181.4	9370.5	-43.4	
97.40	335.6	18.6	-47.8	-0.2	141.0	18.4	215.7	34.4	354.4	398.6	8617.0	-40.9	
97.45	338.2	18.9	-44.5	-0.2	125.7	18.4	183.5	35.2	347.1	484.2	7551.7	-34.2	
97.50	340.8	19.1	-40.8	-0.2	110.8	18.4	156.6	41.0	347.4	351.0	6505.5	-27.9	
97.55	343.4	20.0	-34.7	-0.1	100.8	18.4	143.2	39.9	349.4	242.3	5789.4	-29.3	
97.60	346.0	20.4	19.7	0.1	-95.2	18.4	138.8	23.6	344.1	114.1	5394.6	-48.5	
97.65	348.6	20.1	9.3	0.1	-88.8	18.4	130.7	15.3	335.8	-118.1	4941.2	-66.1	
97.70	351.3	20.1	-0.9	0.1	-78.4	18.4	113.1	27.4	333.2	-318.3	4188.7	-70.3	
97.75	353.9	20.0	-45.8	-0.1	66.4	18.4	91.7	31.0	334.6	-274.8	3336.8	-74.5	
97.80	356.5	19.9	-46.1	-0.1	56.2	18.4	76.5	7.5	333.4	276.0	2625.3	-96.8	
97.85	359.1	19.6	-39.9	-0.0	50.1	18.4	65.3	-20.8	326.4	665.6	2105.5	-97.0	
97.90	1.6	19.4	-11.4	0.0	-45.3	18.4	58.2	-23.7	325.6	772.3	1694.2	-94.5	
97.95	4.2	19.2	-46.8	-0.0	43.2	18.4	58.6	-17.9	327.6	809.4	1493.9	-108.1	
98.00	6.8	19.1	-55.6	-0.2	44.1	18.3	63.4	-31.0	325.0	998.6	1430.3	-121.4	
98.05	9.4	19.0	-52.2	-0.4	43.9	18.3	66.4	-39.1	322.7	1089.7	1319.3	-117.3	
98.10	12.0	19.0	-39.6	-0.4	38.1	18.3	56.9	-39.2	327.1	889.9	937.3	-98.5	
98.15	14.6	18.8	-30.2	-0.3	33.8	18.3	40.7	-48.0	332.8	855.0	482.5	-76.3	
98.20	17.2	18.6	-39.7	-0.3	40.8	18.3	36.4	-70.3	334.2	1420.4	360.8	-92.8	
98.25	19.7	18.5	-47.9	-0.4	48.3	18.3	37.5	-95.4	336.8	1902.4	485.3	-107.6	
98.30	22.3	18.6	-51.0	-0.5	54.1	18.2	48.3	-107.2	345.1	2197.0	830.1	-112.7	
98.35	24.9	18.6	-57.0	-0.5	62.5	18.2	63.2	-119.6	354.3	2595.7	1349.3	-124.5	
98.40	27.4	18.5	-65.7	-0.7	74.2	18.2	77.7	-146.8	355.9	3129.5	2005.3	-136.1	
98.45	30.0	18.7	-74.8	-0.9	83.1	18.2	94.4	-152.6	355.8	3413.4	2709.6	-146.5	
98.50	32.5	18.7	-69.3	-1.1	85.6	18.1	101.9	-139.3	364.5	3388.5	3047.8	-123.5	
98.55	35.0	18.8	-60.1	-1.2	86.9	18.0	101.9	-137.3	375.4	3405.1	3171.6	-101.4	
98.60	37.6	19.0	-65.4	-1.3	94.6	18.0	104.3	-157.0	386.6	4030.9	3251.7	-123.2	
98.65	40.1	18.6	-68.1	-1.3	100.4	17.9	100.1	-186.2	394.6	4547.3	3171.6	-135.1	
98.70	42.7	18.2	-61.7	-1.2	99.8	17.9	88.7	-188.7	399.4	4676.1	2897.0	-116.6	
98.75	45.3	18.3	-61.5	-1.2	101.5	17.8	79.0	-186.5	411.2	5026.3	2548.4	-111.5	
98.80	47.8	18.1	-68.7	-1.2	108.6	17.7	76.9	-218.4	418.1	5583.6	2415.1	-129.3	
98.85	50.4	17.9	-75.3	-1.2	115.5	17.7	82.8	-235.6	421.8	6054.9	2508.1	-144.0	
98.90	52.9	18.2	-74.8	-1.2	118.1	17.6	94.4	-231.7	425.6	6180.2	2694.8	-138.5	
98.95	55.5	18.2	-71.8	-1.2	118.8	17.6	99.8	-241.5	435.6	6184.0	2728.9	-124.4	
99.00	58.0	18.4	-73.8	-1.3	121.3	17.5	101.2	-248.0	445.8	6361.7	2729.2	-123.1	
99.05	60.6	18.8	-72.5	-1.3	123.7	17.4	99.5	-247.4	453.5	6561.7	2705.7	-120.2	
99.10	63.1	18.5	-63.4	-1.3	122.7	17.4	88.8	-253.4	461.8	6543.2	2508.2	-96.3	
99.15	65.7	18.4	-57.7	-1.3	122.3	17.3	80.7	-255.7	473.0	6544.0	2413.8	-78.3	
99.20	68.2	18.3	-57.8	-1.2	126.6	17.2	83.9	-264.6	482.4	6768.9	2632.7	-81.5	
99.25	70.8	17.3	-62.2	-1.1	132.0	17.2	93.7	-286.2	489.6	6980.6	2991.0	-92.2	
99.30	73.4	16.9	-67.1	-1.1	135.2	17.1	105.4	-297.6	503.8	7096.4	3208.0	-97.9	
99.35	75.9	16.9	-66.8	-1.1	134.9	17.1	109.6	-300.3	523.1	7069.6	3138.3	-101.3	
99.40	78.5	16.8	-65.8	-0.9	132.8	17.0	102.8	-305.2	538.0	6987.7	2883.6	-107.5	
99.45	81.0	16.9	-63.8	-0.8	129.9	17.0	89.4	-300.6	550.0	6898.7	2553.1	-103.2	
99.50	83.6	17.1	-58.5	-0.7	127.3	16.9	78.9	-291.9	564.3	6810.9	2266.7	-86.8	
99.55	86.1	17.5	-54.7	-0.7	126.0	16.9	74.8	-291.2	579.8	6755.0	2096.0	-70.5	
99.60	88.7	17.6	-55.9	-0.7	127.6	16.9	75.6	-291.9	595.3	6874.4	2065.2	-66.1	
99.65	91.2	17.6	-59.1	-0.7	131.7	16.8	81.8	-295.3	609.0	7137.9	2204.2	-70.6	
99.70	93.7	17.2	-64.2	-0.7	137.4	16.8	91.3	-304.4	622.6	7480.9	2395.3	-76.9	
99.75	96.3	17.3	-68.6	-0.8	142.7	16.8	101.0	-307.4	638.0	7828.3	2533.7	-83.2	
99.80	98.8	17.4	-67.1	-0.8	145.8	16.7	111.8	-308.5	651.9	7999.3	2692.6	-86.8	
99.85	101.4	17.8	-63.3	-0.6	146.2	16.7	120.3	-304.8	663.6	7958.8	2878.6	-85.6	
99.90	103.9	17.7	-61.4	-0.6	144.9	16.7	122.1	-300.2	671.1	7792.6	3042.6	-77.9	
99.95	106.5	18.0	-61.6	-0.5	143.2	16.6	117.5	-296.7	677.2	7652.4	3085.5	-70.2	
100.00	109.0	18.6	-65.7	-0.6	143.8	16.6	115.2	-302.0	689.8	7707.3	3014.2	-75.8	
100.05	111.6	18.6	-67.8	-0.6	145.3	16.6	114.6	-304.5	705.4	7829.1	2950.0	-83.5	
100.10	114.1	18.8	-65.4	-0.6	145.7	16.5	109.5	-306.4	712.9	7834.3	3002.2	-81.7	
100.15	116.6	18.8	-64.2	-0.6	146.3	16.5	104.2	-309.2	715.7	7802.9	3193.8	-75.4	
100.20	119.1	18.0	-67.5	-0.6	149.3	16.5	105.8	-309.3	724.0	7929.8	3462.9	-76.1	
100.25	121.6	17.5	-69.7	-0.7	151.7	16.4	114.2	-303.4	737.3	7994.1	3753.2	-76.0	
100.30	124.2	17.2	-67.7	-0.8	150.9	16.4	127.1	-286.3	750.1	7756.4	4135.7	-66.3	
100.35	126.7	17.1	-64.7	-1.0	150.7	16.4	142.0	-266.8	761.5	7450.0	4690.8	-55.5	
100.40	129.2	17.6	-64.7	-1.1	153.8	16.3	157.4	-261.2	770.8	7262.6	5354.5	-53.1	
100.45	131.7	18.0	-68.6	-1.2	158.3	16.2	176.3	-260.6	783.7	7142.6	5991.3	-58.2	
100.50	134.2	18.0	-71.8	-1.4	161.7	16.2	194.4	-250.8	800.0	7016.3	6499.5	-65.8	
100.55	136.7	17.8	-70.7	-1.4	164.8	16.1	206.5	-248.6	812.6	6883.1	6927.0	-71.2	
100.60	139.2	17.8	-71.7	-1.4	168.2	16.0	213.9	-249.5	818.4	6797.8	7340.4	-81.4	
100.65	141.8	18.0	-73.9	-1.4	171.2	16.0	218.6	-249.8	823.6	6671.9	7735.8	-89.9	
100.70	144.3	18.5	-71.8	-1.3	170.4	15.9	219.1	-239.1	829.7	6258.1	8028.1	-84.7	
100.75	146.8	19.0	-68.0	-1.2	167.1	15.8	217.0	-212.8	836.2	5647.0	8232.7	-71.2	
100.80	149.3	19.3	-65.3	-1.2	164.9	15.8	214.4	-196.0	840.6	5097.6	8425.0	-60.0	
100.85	151.8	19.6	-63.1	-1.3	163.7	15.7	213.0	-177.5	845.5	4664.8	8613.4	-51.2	
100.90	154.3	19.5	-60.2	-1.3	163.2	15.7	214.7	-155.1	851.4	4308.9	8793.4	-39.0	
100.95	156.8	19.2	-57.3	-1.3	164.1	15.6	220.5	-132.9	857.8	4018.0	9019.0	-27.9	
101.00	159.3	19.1	-56.5	-1.3	167.0	15.5	230.3	-110.6	864.1	3840.0	9336.5	-28.8	
101.05	161.9	19.1	-55.6	-1.2	170.9	15.5	239.1	-103.2	868.2	3646.6	9710.8	-30.6	
101.10	164.4	19.0	-54.7	-1.1	174.1	15.4	244.5	-100.5	872.4	3385.3	10046.7	-26.2	
101.15	167.0	19.2	-54.9	-1.1	176.0	15.3	248.1	-86.7	877.8	3135.1	10278.4	-20.1	
101.20	169.5	19.4	-54.8	-1.0	177.5	15.3	252.3	-75.9	881.6	2935.7	10448.9	-15.3	
101.25	172.1	19.5	-55.9	-1.0	179.6	15.2	259.5	-77.0	888.3	2899.7	10593.0	-20.3	
101.30	174.7	19.4	-54.4	-0.8	180.5	15.2	263.8	-81.1	894.8	2938.8	10637.8	-25.3	
101.35	177.2	19.7	-50.2	-0.6	179.3	15.2	260.6	-82.0	894.5	2844.0	10576.5	-19.8	
101.40	179.8	19.9	-50.8	-0.5	176.9	15.1	253.4	-70.5	889.9	2660.9	10468.8	-12.5	
101.45	182.4	19.6	-52.6	-0.5	175.0	15.1	249.2	-47.6	889.8	2552.2	10373.5	-10.2	
101.50	184.9	20.4	-49.0	-0.4	173.8	15.1	249.4	-34.1	892.3	2435.2	10311.8	-1.6	
101.55	187.5	21.0	-41.0	-0.3	171.8	15.1	247.8	-29.7	890.2	2265.2	10206.7	18.0	
101.60	190.0	21.0	-35.9	-0.2	170.2	15.1	248.3	-15.9	885.9	2158.4	10113.9	27.9	
101.65	192.6	21.1	-38.8	-0.0	169.3	15.1	252.3	-6.7	883.6	2081.8	10046.2	19.7	
101.70	195.2	21.2	53.5	0.0	-168.5	15.1	259.2	0.9	887.0	2004.0	9976.5	8.5	
101.75	197.8	21.1	51.8	0.1	-167.5	15.1	265.0	10.6	888.6	1910.2	9900.6	1.8	
101.80	200.4	21.1	55.9	0.3	-165.6	15.1	262.8	12.3	879.9	1708.2	9804.5	4.1	
101.85	203.0	21.0	56.4	0.5	-163.9	15.1	256.7	20.3	867.6	1399.0	9753.9	4.6	
101.90	205.6	21.0	53.3	0.6	-163.9	15.1	253.7	37.3	858.3	1033.0	9809.8	2.1	
101.95	208.2	21.1	50.6	0.6	-165.7	15.1	255.0	58.6	849.4	538.3	9977.6	3.1	
102.00	210.8	21.3	47.2	0.6	-169.7	15.2	263.0	69.7	839.7	65.9	10266.9	3.5	
102.05	213.4	21.3	43.5	0.4	-175.9	15.2	278.5	74.2	833.7	-323.0	10689.9	-8.8	
102.10	216.0	21.2	42.2	0.3	-181.1	15.2	291.1	83.3	832.7	-667.6	11028.3	-22.9	
102.15	218.6	21.0	45.5	0.3	-183.7	15.2	294.5	100.5	828.3	-1135.9	11167.6	-22.1	
102.20	221.2	20.7	51.3	0.3	-184.1	15.2	291.7	113.4	816.9	-1539.9	11149.9	-10.3	
102.25	223.8	20.6	55.0	0.4	-184.1	15.3	290.2	124.1	805.5	-1843.1	11102.9	-8.9	
102.30	226.4	20.5	53.9	0.5	-183.3	15.3	286.6	134.2	797.9	-2106.9	11000.4	-18.8	
102.35	229.0	20.1	49.7	0.7	-181.5	15.3	280.8	144.3	787.5	-2384.1	10813.7	-25.6	
102.40	231.6	19.7	45.6	0.7	-177.2	15.3	270.6	149.7	774.8	-2567.1	10465.3	-19.7	
102.45	234.2	19.4	41.0	0.5	-170.6	15.4	259.5	157.6	769.1	-2646.3	9950.5	-13.2	
102.50	236.8	19.2	36.5	0.3	-163.5	15.4	247.5	170.2	770.4	-2729.0	9376.9	-13.6	
102.55	239.4	18.7	38.0	0.2	-156.9	15.4	231.3	179.2	765.1	-2886.2	8840.7	-4.8	
102.60	242.0	18.6	42.7	0.0	-151.3	15.4	212.2	185.7	750.5	-3093.5	8361.7	10.6	
102.65	244.6	18.8	-42.0	-0.1	147.9	15.4	201.4	194.0	736.3	-3232.9	8048.1	16.8	
102.70	247.2	19.1	-41.8	-0.2	147.1	15.4	200.9	204.4	728.0	-3336.6	7927.5	18.4	
102.75	249.8	19.3	-42.3	-0.3	148.0	15.4	205.1	214.8	720.4	-3370.0	7962.8	15.0	
102.80	252.4	19.5	-41.6	-0.3	148.5	15.4	204.5	209.2	707.9	-3346.2	8038.2	9.0	
102.85	255.0	19.3	-39.0	-0.3	148.6	15.4	200.7	200.9	695.2	-3310.6	8100.4	12.3	
102.90	257.6	19.4	-39.7	-0.3	149.5	15.4	199.3	205.6	687.8	-3374.3	8146.4	13.9	
102.95	260.2	19.6	-39.0	-0.3	152.0	15.3	200.1	211.1	680.3	-3542.7	8271.7	21.3	
103.00	262.8	19.1	-38.2	-0.3	156.3	15.3	203.8	213.3	666.1	-3654.0	8571.0	24.1	
103.05	265.4	19.2	-37.6	-0.2	162.7	15.3	214.1	215.4	649.5	-3775.5	9038.1	24.0	
103.10	268.0	19.5	-38.9	-0.1	169.9	15.3	231.3	216.6	638.2	-3878.1	9551.9	20.2	
103.15	270.6	19.5	-46.6	-0.0	178.5	15.3	254.6	221.5	630.2	-3963.0	10157.4	9.7	
103.20	273.3	19.6	-56.6	-0.1	188.2	15.3	277.4	225.3	620.5	-4103.8	10838.6	-1.5	
103.25	275.9	19.7	-64.1	-0.2	196.4	15.3	293.1	226.6	610.4	-4210.8	11426.8	-9.0	
103.30	278.5	19.5	-66.8	-0.3	200.6	15.3	298.2	224.3	601.0	-4277.3	11738.2	-12.3	
103.35	281.1	19.5	-61.2	-0.4	201.9	15.3	295.8	232.5	592.8	-4475.9	11771.6	-1.1	
103.40	283.8	19.6	-51.3	-0.3	202.5	15.2	288.1	247.2	585.8	-4798.3	11685.3	20.1	
103.45	286.4	19.5	-42.8	-0.2	201.4	15.2	273.9	238.1	573.5	-4925.9	11604.7	39.4	
103.50	289.1	20.0	-42.9	-0.1	200.4	15.2	266.8	224.1	560.5	-4769.1	11644.7	36.3	
103.55	291.7	20.4	72.8	0.0	-201.7	15.2	269.7	224.2	552.8	-4723.2	11768.9	34.2	
103.60	294.4	20.6	72.4	0.1	-203.2	15.2	274.7	222.1	546.9	-4699.6	11902.3	37.9	
103.65	297.0	19.9	69.4	0.1	-203.4	15.2	280.1	213.1	539.3	-4409.3	12038.0	32.1	
103.70	299.7	19.4	67.5	0.2	-202.7	15.2	286.2	195.9	530.5	-3979.0	12154.3	23.5	
103.75	302.3	19.4	66.2	0.2	-203.6	15.3	296.8	188.1	523.1	-3703.9	12300.7	16.6	
103.80	305.0	19.1	67.0	0.3	-206.7	15.3	314.2	190.7	517.4	-3464.6	12571.7	15.0	
103.85	307.6	19.0	67.1	0.4	-209.1	15.3	326.0	176.6	507.1	-3064.1	12858.9	7.9	
103.90	310.3	19.1	63.7	0.5	-210.1	15.3	333.3	149.9	493.6	-2482.9	13090.7	-5.3	
103.95	313.0	19.1	57.9	0.6	-209.5	15.3	339.1	139.4	485.1	-1980.3	13134.6	-19.1	
104.00	315.6	19.4	55.9	0.6	-201.4	15.4	324.6	130.7	481.5	-1653.4	12606.4	-13.4	
104.05	318.3	19.8	56.1	0.6	-188.1	15.4	290.4	112.7	471.5	-1389.7	11752.0	4.8	
104.10	321.0	19.5	57.4	0.6	-176.1	15.4	256.5	95.1	457.3	-1101.3	10988.7	21.0	
104.15	323.7	19.2	59.2	0.6	-168.3	15.5	243.4	77.4	450.8	-789.3	10483.0	30.8	
104.20	326.4	19.1	57.8	0.7	-165.9	15.5	249.8	69.5	446.8	-527.5	10307.6	27.0	
104.25	329.1	19.5	53.2	0.8	-167.3	15.5	263.1	63.7	438.6	-189.1	10398.3	4.0	
104.30	331.8	19.5	54.1	0.9	-169.7	15.6	272.5	47.7	424.7	56.2	10579.1	-3.2	
104.35	334.5	19.3	51.0	1.0	-171.3	15.6	280.2	32.6	421.7	355.7	10678.4	-7.3	
104.40	337.1	19.0	44.3	0.9	-170.1	15.7	278.9	23.4	426.0	697.3	10572.0	-9.0	
104.45	339.8	19.9	44.0	0.7	-169.8	15.7	271.3	20.6	420.3	884.3	10561.8	5.4	
104.50	342.5	20.3	43.3	0.6	-175.7	15.7	278.6	16.0	413.6	1292.7	10959.4	-3.1	
104.55	345.2	20.4	44.3	0.5	-187.7	15.8	306.8	-6.9	410.8	1739.0	11730.1	-29.2	
104.60	347.9	20.2	45.0	0.6	-194.9	15.8	322.8	-30.0	414.0	2033.0	12187.6	-53.9	
104.65	350.6	20.1	40.5	0.7	-199.8	15.8	330.9	-40.6	405.4	2180.4	12513.0	-76.9	
104.70	353.3	20.2	37.0	0.8	-196.2	15.9	314.8	-51.0	393.8	2231.9	12278.8	-73.9	
104.75	356.0	20.6	33.8	0.7	-189.8	15.9	299.6	-63.4	395.3	2403.6	11792.1	-66.5	
104.80	358.7	20.3	34.1	0.7	-183.4	15.9	286.1	-73.6	405.6	2641.7	11267.7	-58.5	
104.85	1.4	19.9	35.0	0.6	-182.3	16.0	282.5	-85.9	402.1	2887.6	11122.1	-59.8	
104.90	4.1	19.7	35.8	0.6	-183.9	16.0	280.7	-96.4	391.8	3066.6	11208.8	-57.0	
104.95	6.8	20.1	29.0	0.5	-188.8	16.0	290.8	-106.2	394.7	3505.6	11426.0	-81.2	
105.00	9.4	20.7	23.4	0.5	-193.0	16.0	301.5	-118.3	402.2	4028.9	11536.3	-103.0	
105.05	12.1	21.5	24.7	0.4	-191.3	16.1	295.6	-132.0	403.8	4412.2	11258.7	-95.8	
105.10	14.8	21.2	31.3	0.3	-184.7	16.1	276.9	-138.7	404.2	4621.0	10676.5	-68.6	
105.15	17.5	21.3	29.9	0.2	-179.1	16.1	263.0	-151.2	411.3	4863.7	10113.7	-66.2	
105.20	20.2	22.1	23.5	0.1	-176.8	16.1	255.5	-174.2	422.4	5330.8	9645.0	-82.1	
105.25	22.9	21.5	-83.8	-0.0	175.0	16.1	246.7	-188.0	426.3	5689.7	9271.4	-96.0	
105.30	25.6	21.3	-78.7	-0.1	172.0	16.1	234.7	-199.8	425.7	5917.9	8866.5	-91.9	
105.35	28.3	21.3	26.5	0.0	-168.8	16.1	218.7	-215.4	429.4	6157.8	8395.2	-87.4	
105.40	30.9	21.6	27.2	0.2	-167.9	16.1	205.2	-231.9	439.4	6582.7	7959.4	-92.0	
105.45	33.6	22.1	24.6	0.2	-169.2	16.1	196.5	-250.1	446.2	7030.6	7658.2	-95.2	
105.50	36.3	22.5	21.6	0.2	-168.7	16.1	188.9	-254.5	452.8	7252.5	7397.2	-87.1	
105.55	39.0	22.1	18.2	0.0	-171.5	16.1	197.1	-254.7	465.0	7486.0	7425.6	-87.5	
105.60	41.7	22.0	-90.7	-0.2	177.5	16.1	209.5	-269.7	475.9	7829.6	7631.2	-112.0	
105.65	44.4	22.1	-92.0	-0.3	179.9	16.1	210.4	-278.7	482.7	7954.9	7726.7	-119.9	
105.70	47.1	22.4	-85.2	-0.4	178.4	16.1	210.8	-270.4	489.3	7786.4	7754.5	-105.8	
105.75	49.8	22.1	-78.2	-0.4	177.1	16.1	210.8	-263.5	501.9	7663.6	7747.0	-92.4	
105.80	52.5	22.2	-81.3	-0.3	180.6	16.1	216.9	-272.5	515.5	7800.8	7930.5	-109.8	
105.85	55.2	22.8	-85.1	-0.1	182.9	16.1	214.8	-291.2	527.8	7923.9	7983.7	-131.3	
105.90	57.9	23.2	24.3	0.1	-180.3	16.1	206.5	-299.2	538.7	7731.6	7878.9	-122.7	
105.95	60.6	23.2	21.5	0.2	-178.2	16.1	205.1	-299.4	553.1	7513.8	7855.5	-115.6	
106.00	63.4	22.8	15.5	0.2	-179.5	16.1	208.0	-301.1	567.2	7461.5	8011.3	-119.7	
106.05	66.1	23.4	9.2	0.1	-182.9	16.1	215.7	-300.1	576.1	7417.2	8371.7	-143.1	
106.10	68.8	23.9	11.9	0.1	-184.3	16.1	224.0	-298.5	587.3	7238.2	8640.9	-148.3	
106.15	71.5	24.3	18.4	0.2	-182.5	16.1	233.1	-296.3	605.3	6901.2	8708.8	-134.1	
106.20	74.3	24.2	16.8	0.3	-181.9	16.1	239.3	-302.6	627.0	6881.0	8606.2	-135.5	
106.25	77.0	24.5	9.6	0.4	-182.0	16.1	235.2	-311.8	643.5	7212.0	8305.2	-152.3	
106.30	79.7	24.9	8.8	0.4	-178.1	16.1	219.3	-311.4	656.5	7444.9	7718.3	-151.6	
106.35	82.5	24.5	18.4	0.5	-169.6	16.2	198.0	-305.2	676.3	7411.0	6882.6	-122.0	
106.40	85.2	23.9	25.6	0.7	-166.5	16.2	186.9	-311.3	697.2	7570.4	6327.1	-105.4	
106.45	88.0	23.5	22.7	0.9	-169.1	16.2	183.8	-326.2	707.7	7877.8	6203.1	-111.6	
106.50	90.7	23.5	17.9	0.9	-171.3	16.3	183.8	-330.9	716.6	8030.0	6247.0	-110.7	
106.55	93.5	23.4	19.3	0.8	-171.0	16.3	190.5	-311.9	735.5	7960.3	6336.0	-97.5	
106.60	96.2	23.2	25.1	0.8	-172.7	16.4	201.6	-302.6	760.0	7941.3	6535.7	-89.2	
106.65	99.0	23.0	27.2	0.9	-178.8	16.4	211.4	-317.7	777.0	8177.0	6880.7	-98.5	
106.70	101.8	22.4	23.4	1.0	-183.6	16.5	214.2	-330.2	786.7	8395.7	7116.0	-116.0	
106.75	104.6	21.9	20.2	1.1	-180.5	16.5	206.4	-326.1	796.5	8235.0	6966.2	-115.5	
106.80	107.4	21.5	17.7	1.1	-173.6	16.6	192.7	-303.5	811.2	7983.9	6550.7	-109.2	
106.85	110.2	21.6	17.3	1.1	-168.7	16.6	173.8	-300.6	821.1	7903.0	6108.5	-110.1	
106.90	113.0	21.9	21.2	1.2	-165.8	16.7	155.9	-318.0	824.0	7835.5	5794.6	-108.9	
106.95	115.8	22.6	23.9	1.4	-162.2	16.7	152.1	-306.3	832.4	7638.8	5650.2	-107.4	
107.00	118.6	22.9	23.7	1.6	-157.5	16.8	160.4	-284.1	847.2	7272.8	5599.2	-102.1	
107.05	121.4	22.9	18.2	1.7	-156.2	16.9	171.7	-280.9	863.0	7126.6	5599.1	-106.0	
107.10	124.2	22.6	10.7	1.7	-159.3	17.0	181.0	-281.3	878.6	7338.8	5655.6	-122.5	
107.15	127.0	22.1	13.2	1.7	-158.3	17.1	182.5	-273.9	887.0	7205.3	5717.9	-109.6	
107.20	129.8	21.8	19.7	1.6	-153.5	17.2	181.1	-251.6	891.6	6712.2	5830.7	-76.0	
107.25	132.6	22.1	19.1	1.5	-153.9	17.2	192.6	-223.2	900.3	6479.7	6181.1	-71.4	
107.30	135.4	22.4	16.2	1.3	-158.3	17.3	209.7	-224.8	910.0	6410.6	6667.7	-85.6	
107.35	138.2	22.4	12.9	1.2	-161.5	17.4	225.2	-233.3	921.7	6177.9	7121.7	-97.0	
107.40	141.0	21.9	12.7	1.0	-160.5	17.4	232.6	-224.6	935.8	5827.7	7309.1	-101.4	
107.45	143.8	22.0	14.9	1.0	-154.7	17.5	223.0	-215.2	941.4	5451.8	7088.6	-103.1	
107.50	146.7	22.1	11.3	1.1	-146.7	17.5	206.0	-209.5	945.9	5196.4	6576.0	-113.7	
107.55	149.5	22.3	9.9	1.2	-138.7	17.6	194.6	-202.3	961.8	4901.0	6071.6	-115.7	
107.60	152.3	22.7	15.0	1.3	-130.7	17.6	183.7	-189.3	976.7	4390.9	5747.1	-97.3	
107.65	155.1	22.9	16.9	1.4	-125.6	17.7	172.8	-167.9	973.9	3869.2	5731.7	-78.7	
107.70	157.9	22.6	15.7	1.4	-125.0	17.8	170.3	-150.4	964.2	3503.8	5964.4	-69.0	
107.75	160.7	21.7	15.8	1.3	-127.5	17.8	182.2	-130.9	974.5	3335.8	6275.2	-63.2	
107.80	163.5	21.1	16.1	1.2	-132.4	17.9	201.9	-116.6	997.2	3370.2	6624.6	-60.9	
107.85	166.3	21.1	18.0	1.0	-138.1	18.0	213.0	-109.6	1001.5	3459.8	7038.9	-56.9	
107.90	169.0	21.5	21.9	0.9	-144.0	18.0	217.9	-106.5	993.3	3518.3	7504.0	-49.0	
107.95	171.8	21.8	24.9	0.7	-149.9	18.0	231.3	-101.4	1001.3	3514.3	7959.1	-46.8	
108.00	174.7	21.9	23.9	0.6	-155.4	18.1	251.7	-85.5	1020.5	3391.1	8406.3	-57.1	
108.05	177.5	22.0	23.2	0.5	-159.8	18.1	261.6	-73.4	1022.7	3124.4	8842.8	-64.1	
108.10	180.3	21.8	26.5	0.4	-163.4	18.1	260.5	-79.5	1005.7	2895.3	9220.8	-61.3	
108.15	183.1	21.6	29.9	0.4	-165.6	18.2	261.1	-84.0	1000.1	2857.5	9400.9	-60.6	
108.20	186.0	22.5	32.4	0.4	-166.0	18.2	266.3	-76.2	1009.7	2783.2	9444.6	-58.0	
108.25	188.8	23.0	34.2	0.4	-167.5	18.2	271.2	-68.3	1008.5	2705.5	9575.0	-54.5	
108.30	191.6	23.2	33.2	0.5	-170.5	18.2	273.8	-59.2	995.8	2805.3	9794.1	-62.7	
108.35	194.4	22.7	33.8	0.5	-171.7	18.2	276.2	-61.6	987.9	2786.4	9888.0	-63.2	
108.40	197.2	22.1	34.4	0.5	-168.3	18.3	278.2	-50.4	996.3	2456.1	9704.9	-50.7	
108.45	200.0	21.5	34.5	0.5	-162.5	18.3	273.2	-22.3	1001.5	2108.6	9354.6	-36.5	
108.50	202.8	21.2	38.9	0.5	-156.2	18.3	256.8	0.3	984.7	1725.4	9013.2	-18.0	
108.55	205.6	21.3	45.0	0.5	-151.7	18.3	244.0	20.8	970.1	1302.6	8792.3	0.5	
108.60	208.4	21.4	47.7	0.5	-150.4	18.4	243.7	42.0	974.0	943.3	8723.1	4.8	
108.65	211.2	21.6	49.7	0.6	-152.2	18.4	250.5	51.0	973.2	686.5	8863.1	11.1	
108.70	214.0	21.9	43.8	0.5	-156.5	18.4	257.6	46.5	957.7	611.4	9187.5	0.4	
108.75	216.8	22.0	35.1	0.4	-162.2	18.4	269.8	44.3	945.0	662.9	9590.7	-23.8	
108.80	219.6	21.9	35.0	0.3	-167.0	18.5	285.5	56.8	943.3	427.9	9922.4	-37.5	
108.85	222.4	22.0	37.0	0.3	-169.8	18.5	292.0	73.6	939.3	-218.5	10114.1	-40.1	
108.90	225.3	21.8	37.1	0.3	-172.9	18.5	291.4	89.5	923.6	-940.7	10303.7	-42.4	
108.95	228.1	21.3	36.1	0.2	-177.1	18.5	293.4	97.6	906.1	-1513.7	10563.2	-43.9	
109.00	230.9	21.1	36.5	0.2	-181.1	18.5	302.0	113.7	899.7	-1929.3	10764.9	-48.7	
109.05	233.7	21.0	40.5	0.2	-182.0	18.5	304.8	143.2	899.2	-2241.2	10731.0	-42.0	
109.10	236.5	20.9	51.3	0.3	-179.5	18.5	292.3	149.2	885.7	-2496.3	10520.7	-21.5	
109.15	239.3	20.9	52.5	0.5	-175.6	18.6	275.5	145.3	870.2	-2476.5	10280.5	-24.2	
109.20	242.1	20.7	44.5	0.7	-171.7	18.6	264.7	143.9	859.6	-2372.6	10044.6	-38.7	
109.25	244.9	20.6	41.3	0.7	-170.2	18.6	262.0	157.6	852.4	-2638.3	9848.5	-26.7	
109.30	247.7	20.6	40.0	0.5	-169.7	18.7	262.1	191.7	845.6	-2977.6	9663.7	-14.9	
109.35	250.5	20.8	42.0	0.4	-168.3	18.7	255.6	198.9	830.9	-3185.8	9493.3	-10.6	
109.40	253.3	21.1	44.4	0.4	-165.3	18.7	245.3	193.7	818.8	-3391.3	9233.2	-10.9	
109.45	256.1	21.6	45.6	0.4	-161.2	18.7	234.6	205.8	812.8	-3652.6	8797.0	-5.8	
109.50	258.9	21.8	46.1	0.4	-156.2	18.7	222.0	208.8	803.2	-3850.6	8334.3	4.0	
109.55	261.7	22.1	38.0	0.3	-150.5	18.8	211.4	197.0	783.7	-3573.6	8049.1	-10.4	
109.60	264.5	22.3	31.7	0.3	-146.4	18.8	208.9	191.1	763.6	-3032.9	7974.9	-31.4	
109.65	267.4	21.9	34.9	0.3	-146.3	18.8	213.1	181.4	748.7	-2941.8	8019.3	-34.1	
109.70	270.2	22.1	37.6	0.4	-149.0	18.8	223.5	183.7	737.2	-3094.0	8160.6	-27.0	
109.75	272.9	22.3	33.3	0.4	-150.9	18.8	227.6	188.8	721.7	-3083.2	8315.1	-32.3	
109.80	275.7	22.1	34.4	0.3	-154.1	18.8	226.5	192.1	700.8	-3190.9	8547.0	-24.4	
109.85	278.5	21.6	41.7	0.2	-158.9	18.8	226.0	218.8	681.6	-3565.2	8745.5	-3.2	
109.90	281.3	21.5	55.7	0.2	-161.5	18.9	224.2	238.6	669.8	-3947.3	8769.6	20.8	
109.95	284.1	21.8	60.8	0.4	-160.0	18.9	219.8	215.2	659.1	-3928.6	8728.8	24.8	
